data/unet/pred3090.15i
     1.0            IONOSPHERE MAPS     GNSS                IONEX VERSION / TYPE
pyspatialgeodesy        IME             05-JAN-18 20:20     PGM / RUN BY / DATE 
Map Name                                                    COMMENT             
Predicted global ionosphere maps (GIM).                     DESCRIPTION         
  2015    11     5     0     0     0                        EPOCH OF FIRST MAP  
  2015    11     6     0     0     0                        EPOCH OF LAST MAP   
  7200                                                      INTERVAL            
    13                                                      # OF MAPS IN FILE   
  NONE                                                      MAPPING FUNCTION    
10.0                                                        ELEVATION CUTOFF    
One-way carrier phase leveled to code                       OBSERVABLES USED    
  6371.0                                                    BASE RADIUS         
 2                                                          MAP DIMENSION       
   450.0 450.0   0.0                                        HGT1 / HGT2 / DHGT  
    87.5 -87.5  -2.5                                        LAT1 / LAT2 / DLAT  
  -180.0 180.0   5.0                                        LON1 / LON2 / DLON  
    -1                                                      EXPONENT            
                                                            END OF HEADER       
[from data line 429]
     2                                                      START OF TEC MAP    
  2015    11     5     2     0     0                        EPOCH OF CURRENT MAP
    87.5-180.0 180.0   5.0 450.0                            LAT/LON1/LON2/DLON/H
   89   79   76   66   70   62   66   61   64   58   62   56   60   54   58   52
   56   50   54   49   53   48   52   48   51   48   51   48   52   49   52   50
   54   52   56   54   60   56   62   60   66   63   69   66   73   69   75   72
   78   74   80   76   81   78   82   79   84   80   84   81   84   81   84   80
   84   81   84   81   89   80   85   92   89                                   
    85.0-180.0 180.0   5.0 450.0                            LAT/LON1/LON2/DLON/H
   82   88   69   69   68   63   63   60   60   58   57   56   54   53   53   52
   50   49   49   48   46   46   44   44   42   42   41   42   40   41   40   42
   42   43   45   47   49   52   54   57   59   62   65   67   70   71   73   74
   76   76   78   78   79   78   80   79   81   80   82   81   83   81   83   82
   84   82   84   83   84   77   84  104   82                                   
    82.5-180.0 180.0   5.0 450.0                            LAT/LON1/LON2/DLON/H
   85   82   76   77   70   70   65   67   62   63   59   62   58   60   57   60
   55   56   53   54   49   49   45   45   40   39   36   37   33   34   33   35
   34   37   39   44   45   50   52   59   60   66   67   73   73   77   77   81
   79   82   80   83   81   83   81   84   82   85   84   87   86   89   88   92
   91   93   93   94   93   87   95  109   85                                   
    80.0-180.0 180.0   5.0 450.0                            LAT/LON1/LON2/DLON/H
   94   88   85   80   80   72   72   67   67   62   64   61   63   61   63   62
   63   60   61   58   57   52   51   46   44   38   37   33   32   28   29   28
   31   31   35   37   44   46   53   57   64   66   72   74   79   78   82   81
   83   80   83   80   83   79   83   81   86   82   88   86   92   88   96   92
  100   96  104  100  104   95   97  106   94                                   
    77.5-180.0 180.0   5.0 450.0                            LAT/LON1/LON2/DLON/H
  102   97   93   95   83   81   73   73   65   66   61   65   61   66   63   68
   64   67   64   67   60   61   55   55   47   47   39   41   33   35   31   35
   32   38   38   46   47   55   58   66   68   74   75   81   78   82   79   82
   76   78   73   77   72   76   73   78   76   82   81   88   87   93   94  100
  100  106  108  112  110  109  109  115  102                                   
    75.0-180.0 180.0   5.0 450.0                            LAT/LON1/LON2/DLON/H
  107  103  101   99   91   83   77   72   67   63   61   60   59   60   61   63
   63   65   65   67   64   63   61   58   54   50   48   45   42   40   40   40
   40   43   45   49   52   58   63   68   72   75   78   78   78   76   74   71
   68   64   63   61   61   61   64   66   69   73   77   81   84   87   92   96
  101  106  113  117  120  118  119  121  107                                   
    72.5-180.0 180.0   5.0 450.0                            LAT/LON1/LON2/DLON/H
  119  113  111  107   96   88   80   73   66   61   58   56   54   54   54   57
   57   59   61   63   62   62   61   60   56   55   53   53   48   49   47   49
   47   49   49   53   53   58   61   65   68   69   71   70   68   65   62   58
   54   50   49   48   48   49   54   58   64   68   74   78   82   85   90   95
  100  106  115  122  128  130  131  131  119                                   
    70.0-180.0 180.0   5.0 450.0                            LAT/LON1/LON2/DLON/H
  126  123  118  113  105   94   87   77   71   62   58   53   50   47   46   47
   48   52   55   58   58   60   60   60   58   58   59   59   59   60   60   61
   59   60   60   60   60   62   63   64   67   66   67   64   61   56   52   48
   43   40   39   39   40   45   51   58   65   71   77   81   84   87   90   94
  100  106  116  126  133  136  141  137  126                                   
    67.5-180.0 180.0   5.0 450.0                            LAT/LON1/LON2/DLON/H
  133  127  124  119  108  100   91   83   75   67   59   54   46   43   40   41
   41   45   48   52   51   54   54   57   55   59   60   64   65   68   68   69
   67   65   62   60   57   57   57   56   57   55   55   52   50   45   42   38
   35   32   32   34   38   44   53   62   72   78   86   89   93   92   96   96
  101  105  116  124  135  140  143  142  133                                   
    65.0-180.0 180.0   5.0 450.0                            LAT/LON1/LON2/DLON/H
  135  132  123  119  111  100   95   87   81   72   64   55   47   40   36   34
   35   39   42   47   47   50   50   52   53   57   61   66   69   72   73   74
   72   69   64   61   57   54   52   50   51   49   49   45   44   40   36   33
   31   30   30   35   40   50   60   72   84   93  100  106  107  107  106  104
  104  108  115  124  134  139  146  141  135                                   
    62.5-180.0 180.0   5.0 450.0                            LAT/LON1/LON2/DLON/H
  137  128  122  116  106   99   94   90   85   78   70   60   49   42   35   34
   34   37   40   44   44   46   45   47   47   52   56   62   66   70   71   70
   67   62   58   52   48   45   44   41   42   40   42   39   39   36   34   32
   32   31   34   39   47   58   71   84   99  108  118  121  125  120  120  113
  114  112  118  123  133  138  143  141  137                                   
    60.0-180.0 180.0   5.0 450.0                            LAT/LON1/LON2/DLON/H
  137  131  115  110  102   94   92   89   87   81   73   63   53   44   39   36
   37   39   42   45   44   44   42   42   43   46   50   56   60   63   65   63
   60   55   51   45   43   39   39   37   39   37   38   38   38   37   36   36
   36   37   39   47   56   69   83   99  113  126  132  139  139  138  134  130
  126  124  125  130  137  139  143  139  137                                   
    57.5-180.0 180.0   5.0 450.0                            LAT/LON1/LON2/DLON/H
  144  132  121  113  101   93   92   90   89   83   76   67   57   50   44   43
   43   46   47   48   45   44   40   39   38   41   44   48   52   55   56   53
   50   45   43   39   39   35   38   34   39   35   40   38   42   41   43   42
   45   45   50   56   67   80   96  111  127  137  146  151  156  154  155  148
  145  140  142  141  147  146  148  144  144                                   
    55.0-180.0 180.0   5.0 450.0                            LAT/LON1/LON2/DLON/H
  154  146  129  120  109   99   96   93   90   85   78   69   61   55   52   51
   52   54   54   53   49   45   41   39   37   39   41   45   48   49   50   47
   47   44   45   42   43   42   44   42   45   45   46   48   49   51   51   53
   55   58   61   69   79   93  109  125  138  150  157  164  170  173  175  172
  168  165  164  164  165  164  162  155  154                                   
    52.5-180.0 180.0   5.0 450.0                            LAT/LON1/LON2/DLON/H
  176  165  153  143  130  117  110  104   98   90   81   71   63   59   56   57
   57   59   57   55   50   47   41   40   38   39   41   43   46   45   47   44
   46   45   49   48   53   50   54   50   55   52   56   55   59   59   62   62
   66   67   72   79   91  105  120  134  145  156  163  172  181  188  193  195
  195  192  191  188  189  183  181  173  176                                   
    50.0-180.0 180.0   5.0 450.0                            LAT/LON1/LON2/DLON/H
  198  193  177  166  154  138  129  119  110   97   86   76   68   64   61   62
   61   61   58   55   50   47   45   44   44   46   47   48   51   49   51   49
   53   54   60   61   67   65   67   64   66   64   66   68   69   71   72   74
   77   80   85   93  107  123  136  148  156  165  173  183  195  204  212  216
  218  216  216  213  212  206  202  192  198                                   
    47.5-180.0 180.0   5.0 450.0                            LAT/LON1/LON2/DLON/H
  229  225  215  205  186  171  157  144  130  114   99   85   75   70   67   66
   63   61   56   53   49   49   49   51   52   55   57   57   59   57   58   57
   63   65   73   75   81   78   79   73   76   71   75   74   78   77   81   81
   86   89   96  109  123  138  150  160  167  175  181  192  204  215  223  230
  232  233  233  229  231  226  223  214  229                                   
    45.0-180.0 180.0   5.0 450.0                            LAT/LON1/LON2/DLON/H
  250  248  239  228  214  194  179  163  148  129  112   97   86   80   74   70
   65   60   55   52   51   53   57   61   64   67   68   68   69   66   68   67
   74   78   87   89   93   90   87   82   82   80   83   84   86   87   88   91
   95   99  110  124  140  156  168  178  183  188  193  201  216  225  236  240
  245  243  245  241  244  239  239  232  250                                   
    42.5-180.0 180.0   5.0 450.0                            LAT/LON1/LON2/DLON/H
  262  261  253  247  232  217  200  186  168  149  129  114  101   94   84   78
   68   64   57   57   57   63   67   72   76   78   79   78   77   75   76   76
   83   87   96   97  100   94   91   83   85   81   86   85   89   88   91   92
   99  107  120  135  151  167  178  188  192  198  199  209  222  231  238  242
  245  246  246  246  251  247  248  243  262                                   
    40.0-180.0 180.0   5.0 450.0                            LAT/LON1/LON2/DLON/H
  261  260  250  245  235  222  208  198  180  162  144  129  119  109   99   88
   79   71   68   67   71   75   80   84   87   87   85   84   82   81   81   82
   88   92   99  101  102   96   90   85   84   87   90   93   94   95   97   99
  107  116  132  149  165  182  196  205  210  213  216  223  237  243  249  250
  254  251  254  250  255  250  250  246  261                                   
    37.5-180.0 180.0   5.0 450.0                            LAT/LON1/LON2/DLON/H
  257  256  240  234  224  216  208  201  187  172  156  144  133  124  112  102
   91   85   84   86   89   92   95   95   96   93   90   86   85   83   84   83
   88   91   98   98  100   92   88   81   86   87   94   93   96   94   99  101
  111  123  140  157  175  192  206  217  223  230  234  243  254  257  261  262
  264  263  263  262  267  259  260  251  257                                   
    35.0-180.0 180.0   5.0 450.0                            LAT/LON1/LON2/DLON/H
  253  246  226  218  208  204  198  194  184  173  162  152  145  136  127  115
  106  103  103  104  105  106  105  101   98   94   88   85   81   83   81   83
   84   89   93   96   94   90   83   83   85   94   98  100  100   99  102  106
  116  129  146  162  180  199  215  228  236  245  251  262  275  284  288  290
  291  288  289  285  291  283  274  263  253                                   
    32.5-180.0 180.0   5.0 450.0                            LAT/LON1/LON2/DLON/H
  262  253  227  209  197  189  185  181  175  168  161  154  149  143  134  125
  119  117  118  119  116  114  109  103   98   92   86   83   80   80   81   80
   84   85   89   90   93   86   87   83   92   95  103  101  101   98  101  105
  116  129  145  161  178  197  213  229  241  254  263  275  293  307  318  325
  331  331  331  334  338  330  315  298  262                                   
    30.0-180.0 180.0   5.0 450.0                            LAT/LON1/LON2/DLON/H
  285  270  239  218  201  190  180  176  171  163  159  154  152  145  139  130
  127  127  127  126  121  115  108  100   95   91   85   85   81   85   82   85
   83   87   86   90   89   89   86   89   95  102  106  107  104  102  104  109
  119  130  146  162  178  197  213  231  244  259  273  292  314  337  359  375
  384  389  393  398  409  403  381  348  285                                   
    27.5-180.0 180.0   5.0 450.0                            LAT/LON1/LON2/DLON/H
  340  322  276  243  220  205  194  182  173  164  158  153  149  141  134  128
  125  125  124  122  112  107   97   95   91   92   90   90   90   92   95   95
   96   94   95   94   96   92   96   93  103  104  110  105  103   98  100  104
  113  124  138  154  171  189  209  229  247  264  283  306  338  366  401  425
  441  448  455  468  482  484  467  424  340                                   
    25.0-180.0 180.0   5.0 450.0                            LAT/LON1/LON2/DLON/H
  417  395  345  291  260  241  219  204  186  175  165  156  150  139  131  122
  120  118  114  108   97   91   88   90   95  102  103  105  104  108  108  110
  107  106  101  102   99  100   98   98  102  104  106  103   99   96   98  105
  115  128  142  157  174  196  215  235  255  274  297  326  361  398  439  471
  491  501  514  533  558  560  551  510  417                                   
    22.5-180.0 180.0   5.0 450.0                            LAT/LON1/LON2/DLON/H
  496  467  407  352  307  280  251  227  208  191  179  164  155  140  127  116
  110  104   93   87   73   74   75   90  102  117  122  125  125  128  131  130
  128  123  117  113  110  107  105  100  102  100  103   96   94   88   93   99
  112  125  143  158  180  201  225  246  268  288  314  345  384  424  473  510
  534  551  567  593  625  631  629  598  496                                   
    20.0-180.0 180.0   5.0 450.0                            LAT/LON1/LON2/DLON/H
  592  561  504  434  398  359  314  281  247  226  207  189  171  152  135  119
  109   96   83   72   63   66   78  102  121  140  145  149  147  149  149  151
  145  139  129  121  116  111  106   98   97   95   96   93   89   87   91  101
  117  134  155  177  200  223  244  266  290  312  337  367  404  448  498  535
  566  589  618  648  689  702  699  680  592                                   
    17.5-180.0 180.0   5.0 450.0                            LAT/LON1/LON2/DLON/H
  668  651  587  530  480  444  392  353  298  270  239  215  195  171  150  133
  118  102   87   76   68   79   99  128  151  168  177  175  172  169  169  169
  164  155  142  134  125  118  109  101   95   90   91   86   86   83   91   99
  120  138  167  190  219  244  268  293  319  339  363  387  426  467  517  554
  587  616  648  679  722  742  747  725  668                                   
    15.0-180.0 180.0   5.0 450.0                            LAT/LON1/LON2/DLON/H
  718  714  665  623  581  534  479  431  376  337  292  260  227  201  178  158
  144  126  111  101  101  115  136  162  181  197  200  198  190  186  183  183
  178  167  154  141  134  120  113  101   96   90   87   85   81   82   90  100
  123  145  179  209  239  265  292  315  346  360  385  404  440  475  520  551
  591  617  650  679  721  742  759  747  718                                   
    12.5-180.0 180.0   5.0 450.0                            LAT/LON1/LON2/DLON/H
  723  745  716  695  657  613  549  504  442  408  356  317  272  237  209  194
  178  165  153  150  155  167  185  203  217  225  226  219  209  201  198  194
  189  179  163  152  140  131  120  113  102   95   89   82   79   76   85   98
  122  148  188  219  253  280  309  337  363  380  398  419  444  476  509  542
  571  596  622  650  685  707  730  722  723                                   
    10.0-180.0 180.0   5.0 450.0                            LAT/LON1/LON2/DLON/H
  695  730  722  729  706  674  623  573  519  477  428  381  335  293  255  235
  222  210  203  206  215  226  237  250  254  255  248  239  226  217  211  206
  198  186  170  158  145  132  125  114  106   97   92   85   81   79   88  100
  126  154  193  227  261  287  319  341  371  383  403  419  441  465  494  516
  545  562  584  606  637  653  677  682  695                                   
     7.5-180.0 180.0   5.0 450.0                            LAT/LON1/LON2/DLON/H
  649  686  712  725  726  703  669  630  577  541  487  447  397  362  319  304
  280  276  265  276  286  296  299  299  291  282  270  258  245  235  228  219
