data/unet/pred3630.15i
     1.0            IONOSPHERE MAPS     GNSS                IONEX VERSION / TYPE
pyspatialgeodesy        IME             05-JAN-18 20:20     PGM / RUN BY / DATE 
Map Name                                                    COMMENT             
Predicted global ionosphere maps (GIM).                     DESCRIPTION         
  2015    12    29     0     0     0                        EPOCH OF FIRST MAP  
  2015    12    30     0     0     0                        EPOCH OF LAST MAP   
  7200                                                      INTERVAL            
    13                                                      # OF MAPS IN FILE   
  NONE                                                      MAPPING FUNCTION    
10.0                                                        ELEVATION CUTOFF    
One-way carrier phase leveled to code                       OBSERVABLES USED    
  6371.0                                                    BASE RADIUS         
 2                                                          MAP DIMENSION       
   450.0 450.0   0.0                                        HGT1 / HGT2 / DHGT  
    87.5 -87.5  -2.5                                        LAT1 / LAT2 / DLAT  
  -180.0 180.0   5.0                                        LON1 / LON2 / DLON  
    -1                                                      EXPONENT            
                                                            END OF HEADER       
[from data line 3003]
     8                                                      START OF TEC MAP    
  2015    12    29    14     0     0                        EPOCH OF CURRENT MAP
    87.5-180.0 180.0   5.0 450.0                            LAT/LON1/LON2/DLON/H
   27   43   45   42   43   42   43   41   42   39   39   37   36   35   34   34
   33   33   32   33   32   33   32   34   33   34   34   35   35   36   36   37
   37   38   37   38   38   39   38   39   39   40   40   40   41   41   41   41
   41   41   41   41   42   41   41   41   42   41   42   41   43   41   43   41
   43   41   43   42   40   41   54   48   27                                   
    85.0-180.0 180.0   5.0 450.0                            LAT/LON1/LON2/DLON/H
   41   48   37   33   36   34   36   33   36   33   37   33   38   34   38   34
   39   34   39   35   40   35   39   35   40   36   39   36   40   36   39   36
   40   37   39   36   39   37   39   36   39   37   39   37   41   38   41   39
   43   40   44   40   45   41   45   40   45   41   44   40   44   40   43   38
   42   37   40   36   41   40   45   31   41                                   
    82.5-180.0 180.0   5.0 450.0                            LAT/LON1/LON2/DLON/H
   31   35   29   27   27   26   26   26   27   26   26   27   27   27   27   27
   28   28   29   30   31   31   31   32   32   32   32   32   33   31   32   31
   31   29   30   29   29   28   28   27   27   27   27   28   28   29   29   30
   31   32   32   34   34   37   36   38   37   39   36   38   36   38   35   36
   33   34   31   30   27   27   29   15   31                                   
    80.0-180.0 180.0   5.0 450.0                            LAT/LON1/LON2/DLON/H
   29   28   23   25   25   26   26   27   26   27   26   27   26   27   26   29
   28   31   29   33   31   34   32   35   32   35   31   35   32   33   29   33
   29   31   27   30   26   28   24   26   23   24   21   24   22   25   23   27
   26   31   30   34   34   38   37   41   39   42   39   42   38   40   36   37
   33   34   29   32   26   25   26   10   29                                   
    77.5-180.0 180.0   5.0 450.0                            LAT/LON1/LON2/DLON/H
   20   27   24   22   24   24   26   26   26   26   27   27   27   27   28   28
   29   29   31   33   35   36   37   38   37   38   37   38   37   36   36   35
   35   33   34   32   31   28   28   25   24   21   21   19   19   19   20   21
   23   25   28   30   33   35   37   40   39   41   40   41   39   39   36   35
   33   32   30   29   25   22   22    6   20                                   
    75.0-180.0 180.0   5.0 450.0                            LAT/LON1/LON2/DLON/H
   26   24   23   22   26   24   28   25   28   26   29   26   30   27   30   29
   32   31   35   36   40   40   43   42   43   43   44   42   43   40   41   38
   40   36   37   33   33   29   29   24   23   18   18   14   15   13   15   15
   19   20   25   26   31   33   37   37   39   39   40   39   39   37   37   34
   34   31   31   28   28   23   26   10   26                                   
    72.5-180.0 180.0   5.0 450.0                            LAT/LON1/LON2/DLON/H
   23   31   27   27   27   28   30   31   31   31   32   32   31   31   32   31
   32   33   37   40   44   46   49   51   52   53   52   53   51   50   49   48
   48   46   46   43   41   37   35   30   27   23   20   17   14   13   13   14
   16   18   22   25   29   31   34   35   36   37   38   38   38   37   37   36
   36   36   35   35   32   28   29   11   23                                   
    70.0-180.0 180.0   5.0 450.0                            LAT/LON1/LON2/DLON/H
   29   30   28   27   28   28   31   30   32   30   33   31   33   30   31   29
   31   32   37   41   47   50   55   58   60   60   62   60   60   57   58   56
   57   55   54   52   48   44   39   35   29   25   21   17   15   12   13   12
   15   15   19   20   25   26   31   31   34   32   35   34   35   34   37   35
   37   36   38   37   37   32   36   20   29                                   
    67.5-180.0 180.0   5.0 450.0                            LAT/LON1/LON2/DLON/H
   27   36   33   30   30   31   32   33   33   33   33   33   32   29   29   28
   29   31   37   42   49   55   61   67   69   71   70   72   70   71   70   71
   69   68   67   65   61   55   48   43   36   32   27   25   20   18   16   16
   15   16   18   20   22   23   26   27   28   28   30   30   31   32   34   34
   37   38   41   41   41   37   39   21   27                                   
    65.0-180.0 180.0   5.0 450.0                            LAT/LON1/LON2/DLON/H
   31   33   33   30   30   29   31   30   32   30   32   30   30   26   26   24
   26   29   35   41   49   57   66   71   76   76   77   76   77   77   79   79
   79   78   77   73   68   62   55   47   40   35   30   27   25   21   19   16
   16   14   16   14   18   16   20   19   22   22   26   24   27   28   31   31
   34   36   39   40   41   38   42   28   31                                   
    62.5-180.0 180.0   5.0 450.0                            LAT/LON1/LON2/DLON/H
   26   36   33   31   29   30   30   31   29   30   29   29   26   24   22   22
   23   26   33   40   49   59   69   77   81   83   83   86   85   87   89   90
   90   89   85   82   76   69   61   55   47   44   39   39   32   31   25   24
   19   19   16   17   15   15   15   17   17   19   21   24   25   26   29   30
   33   35   38   40   42   38   40   25   26                                   
    60.0-180.0 180.0   5.0 450.0                            LAT/LON1/LON2/DLON/H
   27   30   31   28   29   26   28   26   27   24   26   23   24   18   20   20
   23   25   32   40   51   60   72   78   84   85   87   89   92   94   96   98
   99   95   92   87   80   72   64   57   52   47   44   42   40   34   31   26
   22   18   17   14   13   10   12   12   16   16   21   22   26   25   28   28
   31   32   35   37   39   36   40   26   27                                   
    57.5-180.0 180.0   5.0 450.0                            LAT/LON1/LON2/DLON/H
   24   32   30   29   29   28   27   26   24   24   22   23   20   19   18   20
   22   25   32   40   53   63   74   82   86   90   92   97  100  104  106  108
  107  105  100   95   86   78   69   64   57   55   52   51   47   43   36   34
   26   24   20   19   15   14   13   15   17   20   24   28   28   29   30   31
   31   32   35   37   38   36   37   22   24                                   
    55.0-180.0 180.0   5.0 450.0                            LAT/LON1/LON2/DLON/H
   31   31   32   30   32   28   29   24   24   18   20   17   19   15   18   19
   23   26   35   44   57   67   78   84   90   93   98  103  109  112  115  116
  116  113  107  100   92   84   75   69   64   61   59   56   54   48   41   36
   30   27   24   20   20   15   18   17   23   25   31   33   36   35   35   32
   33   32   35   36   38   36   40   26   31                                   
    52.5-180.0 180.0   5.0 450.0                            LAT/LON1/LON2/DLON/H
   32   40   38   38   38   36   34   30   25   22   20   22   19   21   21   24
   27   32   42   53   63   73   82   91   94  101  106  115  118  123  125  127
  124  121  114  110  100   94   85   81   75   73   69   66   61   56   50   43
   37   34   31   29   27   25   26   28   31   36   41   44   45   44   41   39
   37   38   40   42   44   41   43   29   32                                   
    50.0-180.0 180.0   5.0 450.0                            LAT/LON1/LON2/DLON/H
   45   46   47   46   48   43   42   33   31   24   24   21   23   21   25   25
   31   39   50   61   70   79   88   94  100  107  115  123  129  131  133  132
  131  126  120  117  110  105   97   93   88   84   80   76   71   63   57   50
   45   39   39   36   37   34   37   39   45   47   53   55   56   53   50   46
   46   43   46   47   50   48   53   41   45                                   
    47.5-180.0 180.0   5.0 450.0                            LAT/LON1/LON2/DLON/H
   52   60   58   59   60   56   52   44   38   33   30   30   29   30   30   35
   41   50   61   72   80   88   94  103  108  117  124  134  136  139  137  137
  133  130  124  124  120  118  112  111  104  100   94   89   81   73   67   61
   55   51   50   48   47   47   48   52   55   59   63   65   63   62   58   55
   53   53   55   59   61   59   61   51   52                                   
    45.0-180.0 180.0   5.0 450.0                            LAT/LON1/LON2/DLON/H
   60   67   66   66   69   63   61   51   47   40   39   36   36   34   37   40
   49   58   71   81   89   96  102  109  116  125  133  138  140  139  137  133
  130  127  125  127  128  128  125  123  118  112  105   99   91   83   74   68
   64   60   59   57   57   56   58   61   65   67   70   70   70   67   64   59
   61   59   64   65   68   67   70   66   60                                   
    42.5-180.0 180.0   5.0 450.0                            LAT/LON1/LON2/DLON/H
   65   76   75   75   76   71   68   61   57   51   50   48   47   45   46   51
   60   70   82   94  101  106  111  119  125  135  139  144  140  138  131  130
  125  124  124  131  134  138  137  137  132  125  117  109  101   92   84   78
   73   70   67   65   62   62   61   65   67   69   70   72   69   69   66   66
   65   66   68   72   74   72   76   72   65                                   
    40.0-180.0 180.0   5.0 450.0                            LAT/LON1/LON2/DLON/H
   69   76   76   75   77   73   71   64   63   57   59   55   55   51   55   58
   70   79   94  104  112  116  120  128  135  141  143  143  139  132  127  123
  122  123  128  135  143  146  148  147  143  135  127  118  110  102   94   88
   82   78   75   69   66   63   63   65   68   68   70   69   69   67   68   66
   70   67   72   71   74   72   77   76   69                                   
    37.5-180.0 180.0   5.0 450.0                            LAT/LON1/LON2/DLON/H
   67   76   74   76   77   73   72   67   67   64   66   65   64   61   64   71
   81   92  105  116  122  127  131  139  143  148  145  145  136  131  124  126
  126  132  137  148  154  161  161  162  155  149  139  130  121  111  104   97
   90   85   80   74   67   62   59   62   63   64   65   67   65   67   67   69
   69   69   70   71   71   70   74   70   67                                   
    35.0-180.0 180.0   5.0 450.0                            LAT/LON1/LON2/DLON/H
   65   67   68   67   69   68   67   64   66   64   69   67   69   67   73   77
   91  101  116  124  132  137  141  146  149  150  146  141  134  129  127  130
  138  146  157  165  175  177  179  174  170  160  152  142  134  124  116  108
  101   93   85   76   70   62   59   59   61   62   63   63   64   66   68   68
   71   68   69   64   65   63   67   63   65                                   
    32.5-180.0 180.0   5.0 450.0                            LAT/LON1/LON2/DLON/H
   59   60   59   62   63   61   62   60   62   62   67   69   73   75   82   91
  102  115  126  136  142  147  150  155  153  154  147  145  138  139  140  153
  161  180  187  200  200  202  198  194  186  177  167  158  150  139  132  121
  113  103   94   84   75   68   62   61   61   60   62   63   64   68   69   71
   68   66   62   60   58   56   61   53   59                                   
    30.0-180.0 180.0   5.0 450.0                            LAT/LON1/LON2/DLON/H
   58   52   53   52   54   53   53   51   54   55   61   64   72   75   87   96
  111  120  134  141  150  155  158  160  157  155  150  149  150  155  168  185
  212  228  240  243  243  234  228  217  209  194  187  176  170  158  152  140
  133  121  110   99   88   79   74   72   71   69   68   68   69   72   74   73
   72   65   62   57   55   54   56   48   58                                   
    27.5-180.0 180.0   5.0 450.0                            LAT/LON1/LON2/DLON/H
   58   51   48   51   48   48   46   44   46   47   54   59   69   78   92  106
  119  130  140  151  159  166  165  167  161  161  157  165  169  186  208  244
  271  295  295  300  285  277  260  251  238  224  212  202  195  184  177  165
  158  145  135  123  112  102   93   88   85   82   79   79   79   80   78   78
   71   66   60   57   56   56   55   45   58                                   
    25.0-180.0 180.0   5.0 450.0                            LAT/LON1/LON2/DLON/H
   64   51   52   48   47   43   41   37   38   38   45   52   63   73   93  106
  123  132  146  156  165  174  172  172  165  167  170  181  198  224  269  304
  341  350  355  344  330  309  296  281  271  254  241  231  221  212  204  195
  185  174  166  155  146  135  125  116  108  102   94   92   89   90   89   85
   79   72   64   62   60   60   60   49   64                                   
    22.5-180.0 180.0   5.0 450.0                            LAT/LON1/LON2/DLON/H
   68   63   58   57   51   48   43   40   37   37   41   50   60   75   94  112
  128  140  151  166  174  183  179  178  173  178  185  207  231  271  317  356
  385  393  391  380  358  339  320  309  298  287  274  265  254  245  236  227
  216  206  199  187  180  167  159  145  134  120  112  107  104  104   98   95
   86   78   73   70   71   71   66   62   68                                   
    20.0-180.0 180.0   5.0 450.0                            LAT/LON1/LON2/DLON/H
   77   73   70   65   60   52   49   40   39   35   40   43   57   69   94  110
  131  144  158  173  181  191  188  187  185  193  208  233  271  310  362  387
  420  416  425  398  381  356  343  328  323  313  304  298  286  283  267  265
  248  246  231  225  211  202  189  178  161  145  131  123  118  114  110  104
   95   91   83   83   78   81   77   67   77                                   
    17.5-180.0 180.0   5.0 450.0                            LAT/LON1/LON2/DLON/H
   78   89   81   79   69   62   56   49   45   43   45   53   61   77   98  119
  137  156  167  186  192  202  198  199  200  213  230  265  299  342  381  407
  434  435  434  417  396  377  363  349  344  338  333  329  319  316  300  298
  281  279  266  260  246  235  220  202  189  167  154  137  130  124  120  114
  107  101   97   93   92   92   82   84   78                                   
    15.0-180.0 180.0   5.0 450.0                            LAT/LON1/LON2/DLON/H
   83   98   91   86   77   67   61   52   52   46   52   49   63   77  102  123
  147  164  179  195  202  211  210  213  220  235  260  291  329  358  394  413
  439  433  434  409  398  381  374  364  365  360  358  354  344  339  322  319
  303  301  289  285  270  261  240  226  204  187  169  154  141  133  126  120
  114  108  105  104   98   98   91   82   83                                   
    12.5-180.0 180.0   5.0 450.0                            LAT/LON1/LON2/DLON/H
   75  102   93   92   80   72   65   59   58   56   61   66   77   94  115  138
  158  181  194  209  215  225  225  232  240  260  284  315  342  366  389  407
  421  422  418  410  399  394  386  387  385  387  383  381  369  364  344  337
  318  316  302  297  283  272  252  237  216  198  182  165  154  143  136  128
  124  117  115  109  108  105   92   89   75                                   
    10.0-180.0 180.0   5.0 450.0                            LAT/LON1/LON2/DLON/H
   75   99   92   89   79   71   64   59   63   60   64   64   80   96  122  146
  171  193  209  220  229  238  244  250  264  284  310  331  352  363  381  386
  396  395  398  395  397  395  399  399  403  403  401  395  385  373  356  343
  325  319  304  299  283  275  253  242  220  206  189  175  161  152  143  136
  131  125  118  117  108  107   95   84   75                                   
     7.5-180.0 180.0   5.0 450.0                            LAT/LON1/LON2/DLON/H
   65   92   84   81   69   63   60   58   63   64   70   77   93  115  137  162
  185  211  225  239  248  260  267  276  290  310  326  345  352  360  366  369
