data/unet/pred3610.15i
     1.0            IONOSPHERE MAPS     GNSS                IONEX VERSION / TYPE
pyspatialgeodesy        IME             05-JAN-18 20:20     PGM / RUN BY / DATE 
Map Name                                                    COMMENT             
Predicted global ionosphere maps (GIM).                     DESCRIPTION         
  2015    12    27     0     0     0                        EPOCH OF FIRST MAP  
  2015    12    28     0     0     0                        EPOCH OF LAST MAP   
  7200                                                      INTERVAL            
    13                                                      # OF MAPS IN FILE   
  NONE                                                      MAPPING FUNCTION    
10.0                                                        ELEVATION CUTOFF    
One-way carrier phase leveled to code                       OBSERVABLES USED    
  6371.0                                                    BASE RADIUS         
 2                                                          MAP DIMENSION       
   450.0 450.0   0.0                                        HGT1 / HGT2 / DHGT  
    87.5 -87.5  -2.5                                        LAT1 / LAT2 / DLAT  
  -180.0 180.0   5.0                                        LON1 / LON2 / DLON  
    -1                                                      EXPONENT            
                                                            END OF HEADER       
[from data line 1716]
     5                                                      START OF TEC MAP    
  2015    12    27     8     0     0                        EPOCH OF CURRENT MAP
    87.5-180.0 180.0   5.0 450.0                            LAT/LON1/LON2/DLON/H
   32   47   44   44   43   41   42   41   41   39   40   38   39   37   37   35
   36   34   35   33   33   32   33   32   32   32   33   31   32   31   32   31
   31   31   32   31   31   31   31   31   30   30   30   30   30   30   31   30
   32   31   32   31   33   32   33   32   34   33   34   33   35   34   35   34
   36   36   37   38   41   41   40   46   32                                   
    85.0-180.0 180.0   5.0 450.0                            LAT/LON1/LON2/DLON/H
   43   64   55   63   57   61   57   62   57   60   55   57   52   54   48   50
   45   47   42   45   41   43   40   43   40   43   41   43   41   44   42   44
   42   44   42   44   41   43   41   42   39   41   39   40   38   40   37   40
   38   41   38   41   39   42   40   43   41   44   41   44   42   45   43   46
   44   48   46   50   50   50   47   45   43                                   
    82.5-180.0 180.0   5.0 450.0                            LAT/LON1/LON2/DLON/H
   55   70   55   61   60   62   60   64   61   62   57   58   51   52   44   46
   37   40   32   35   29   34   29   34   30   36   32   38   34   40   35   40
   35   40   35   40   35   40   33   38   31   37   29   35   28   34   27   33
   28   34   29   35   31   36   32   37   32   38   33   38   34   39   35   41
   36   43   39   46   43   47   46   41   55                                   
    80.0-180.0 180.0   5.0 450.0                            LAT/LON1/LON2/DLON/H
   53   62   55   58   60   61   61   62   62   59   57   54   50   46   41   38
   32   31   26   26   23   25   23   26   26   30   31   33   34   37   37   38
   37   38   37   37   36   35   34   31   31   29   29   28   28   28   28   29
   28   30   29   31   30   32   30   33   31   32   30   32   30   32   31   33
   33   35   35   37   39   37   41   41   53                                   
    77.5-180.0 180.0   5.0 450.0                            LAT/LON1/LON2/DLON/H
   44   61   51   52   55   55   58   58   58   56   54   51   47   42   37   32
   27   24   21   19   18   18   20   21   24   27   31   34   36   38   40   40
   40   39   39   38   36   35   32   31   28   28   27   27   27   28   29   30
   31   32   34   34   35   34   35   33   34   31   32   29   30   28   29   27
   28   28   30   29   33   31   35   26   44                                   
    75.0-180.0 180.0   5.0 450.0                            LAT/LON1/LON2/DLON/H
   41   53   47   48   51   54   57   58   58   57   54   52   46   43   37   33
   27   24   20   19   17   18   19   21   23   28   31   35   36   39   41   41
   40   40   39   36   34   32   31   27   27   26   27   27   29   32   35   37
   40   42   44   44   45   44   44   42   40   38   36   34   32   31   29   28
   26   27   27   28   30   26   32   23   41                                   
    72.5-180.0 180.0   5.0 450.0                            LAT/LON1/LON2/DLON/H
   36   53   41   42   44   46   49   51   52   51   51   48   45   41   36   32
   27   24   20   20   17   19   19   22   23   28   31   34   36   38   39   39
   37   36   33   31   28   27   24   23   22   24   26   29   32   37   41   45
   49   51   54   54   54   53   52   49   47   44   42   39   36   33   31   28
   27   25   25   24   26   24   28   17   36                                   
    70.0-180.0 180.0   5.0 450.0                            LAT/LON1/LON2/DLON/H
   31   44   37   38   42   43   49   48   53   50   53   49   49   44   42   38
   34   31   29   26   27   26   28   29   31   34   37   39   40   41   40   38
   36   35   33   29   29   25   27   23   27   27   34   36   44   49   55   60
   65   67   70   70   71   67   66   60   59   53   51   46   44   40   38   33
   32   28   28   25   27   21   28   16   31                                   
    67.5-180.0 180.0   5.0 450.0                            LAT/LON1/LON2/DLON/H
   29   46   35   33   35   37   41   43   47   46   49   48   48   46   43   42
   37   36   32   33   30   33   32   34   34   37   37   39   37   36   34   32
   29   27   26   24   23   23   23   24   27   32   38   44   51   58   66   71
   77   80   83   83   81   78   73   68   63   59   55   52   47   45   40   37
   33   30   28   26   26   23   27   16   29                                   
    65.0-180.0 180.0   5.0 450.0                            LAT/LON1/LON2/DLON/H
   26   41   31   31   34   35   40   40   45   44   49   48   51   50   50   49
   46   45   43   43   41   42   42   42   42   41   41   39   37   34   32   29
   26   24   23   22   23   23   27   29   36   41   50   56   65   72   80   86
   92   95   98   96   95   89   84   77   73   67   65   60   58   53   50   45
   41   36   34   30   30   25   30   18   26                                   
    62.5-180.0 180.0   5.0 450.0                            LAT/LON1/LON2/DLON/H
   29   44   33   29   30   31   34   35   40   39   45   45   49   49   49   49
   47   47   44   45   43   43   42   42   39   39   35   34   30   28   25   23
   20   18   18   19   20   24   29   33   42   48   58   64   74   82   91   97
  102  104  105  103   99   93   85   79   73   68   64   61   59   55   51   46
   42   37   34   32   30   28   32   22   29                                   
    60.0-180.0 180.0   5.0 450.0                            LAT/LON1/LON2/DLON/H
   29   42   31   30   31   31   34   33   38   37   43   44   48   48   51   52
   51   50   47   47   44   44   42   42   39   36   33   30   25   23   20   20
   17   18   18   22   25   30   38   44   54   62   71   81   89   97  103  109
  113  115  115  112  108   99   93   85   81   74   73   69   68   62   58   51
   47   41   39   35   36   30   34   24   29                                   
    57.5-180.0 180.0   5.0 450.0                            LAT/LON1/LON2/DLON/H
   35   51   35   31   31   30   32   32   35   34   39   40   45   45   48   48
   47   46   42   42   38   38   37   36   33   30   26   23   20   17   17   16
   18   19   22   25   31   37   47   55   66   74   84   91   99  105  110  116
  118  121  120  117  112  105   98   90   85   80   78   75   73   67   62   53
   49   41   40   36   36   34   37   27   35                                   
    55.0-180.0 180.0   5.0 450.0                            LAT/LON1/LON2/DLON/H
   37   49   35   33   34   33   35   33   36   33   37   38   42   43   45   46
   45   43   39   37   35   34   33   32   30   27   24   22   18   18   17   20
   22   25   30   34   42   48   59   71   81   92   99  106  111  116  119  123
  125  126  128  124  121  113  108   99   97   91   91   86   84   76   70   60
   53   46   43   40   41   36   40   32   37                                   
    52.5-180.0 180.0   5.0 450.0                            LAT/LON1/LON2/DLON/H
   44   59   42   37   36   35   37   36   37   34   36   36   39   39   41   40
   40   37   33   32   28   29   27   28   26   24   22   20   19   18   20   22
   27   31   37   42   51   59   70   83   95  104  110  116  118  123  123  129
  129  132  132  132  128  124  117  111  108  104  101   97   93   85   77   65
   57   48   46   42   44   42   46   36   44                                   
    50.0-180.0 180.0   5.0 450.0                            LAT/LON1/LON2/DLON/H
   48   58   44   41   42   41   42   40   41   37   39   37   39   38   40   40
   38   36   33   30   29   29   29   30   28   27   25   25   23   24   24   28
   33   39   47   54   64   75   87  100  110  118  123  127  130  132  134  136
  138  139  142  139  140  133  130  123  123  118  118  113  108   98   87   76
   66   58   54   51   53   46   49   42   48                                   
    47.5-180.0 180.0   5.0 450.0                            LAT/LON1/LON2/DLON/H
   54   70   53   48   47   46   48   45   47   42   42   39   39   37   38   36
   36   33   32   29   28   31   30   33   31   31   29   29   27   28   28   32
   36   44   53   63   74   88  100  112  121  129  131  136  135  140  138  142
  140  145  143  146  144  143  138  134  133  129  127  121  115  104   94   80
   71   62   59   56   57   54   56   46   54                                   
    45.0-180.0 180.0   5.0 450.0                            LAT/LON1/LON2/DLON/H
   57   69   56   53   53   51   53   51   53   49   50   46   46   42   43   41
   40   38   36   36   36   38   38   40   38   38   35   36   33   33   33   36
   42   51   62   76   89  102  114  126  134  140  144  145  149  149  150  148
  149  148  151  150  152  148  145  141  140  136  132  127  118  109   98   86
   77   70   67   65   66   58   60   52   57                                   
    42.5-180.0 180.0   5.0 450.0                            LAT/LON1/LON2/DLON/H
   60   80   65   61   59   57   59   58   60   58   57   54   51   48   46   43
   43   41   41   41   43   45   45   47   44   45   40   41   36   36   33   37
   42   54   66   83   97  112  125  136  144  149  151  154  154  158  154  155
  150  152  150  153  152  149  146  141  140  134  130  122  116  106   98   87
   81   73   72   69   69   64   65   56   60                                   
    40.0-180.0 180.0   5.0 450.0                            LAT/LON1/LON2/DLON/H
   60   77   66   62   61   58   61   61   66   66   68   65   64   58   56   52
   51   50   51   53   54   56   55   55   52   51   47   47   42   39   36   38
   44   55   71   91  108  123  136  146  156  159  164  164  170  169  169  164
  162  157  159  157  158  152  148  144  141  135  129  123  116  107   99   90
   84   78   76   73   73   63   63   55   60                                   
    37.5-180.0 180.0   5.0 450.0                            LAT/LON1/LON2/DLON/H
   56   80   69   66   62   61   63   66   70   73   74   74   71   67   62   58
   56   56   58   60   63   64   63   61   56   54   49   49   42   39   33   35
   41   55   73   95  114  131  145  155  165  170  173  176  178  181  177  177
  170  170  165  165  163  159  155  150  148  140  134  124  118  107  103   93
   88   80   77   71   69   62   62   53   56                                   
    35.0-180.0 180.0   5.0 450.0                            LAT/LON1/LON2/DLON/H
   55   76   67   62   62   57   62   64   71   76   81   81   81   76   72   67
   65   66   67   71   72   73   70   66   61   57   54   51   46   40   35   33
   42   56   78  102  124  142  156  168  178  183  188  191  196  197  198  194
  192  188  184  183  182  177  172  169  164  158  148  140  130  123  114  105
   98   88   82   73   68   56   55   51   55                                   
    32.5-180.0 180.0   5.0 450.0                            LAT/LON1/LON2/DLON/H
   50   74   65   62   58   58   59   64   69   75   80   83   83   80   75   72
   69   71   73   76   78   79   75   70   62   57   54   51   46   38   33   31
   42   57   81  106  131  150  165  178  188  195  200  206  209  215  216  217
  212  213  209  212  208  209  204  202  199  191  183  169  160  147  140  126
  114   99   89   74   67   56   54   47   50                                   
    30.0-180.0 180.0   5.0 450.0                            LAT/LON1/LON2/DLON/H
   49   71   61   56   56   53   56   57   64   69   77   81   85   83   80   77
   74   76   78   82   83   83   78   71   64   57   54   51   47   38   33   32
   42   59   86  114  138  160  174  190  201  209  217  223  231  235  240  239
  240  241  242  249  250  254  248  251  243  237  224  213  201  191  179  160
  141  122  105   89   77   57   53   47   49                                   
    27.5-180.0 180.0   5.0 450.0                            LAT/LON1/LON2/DLON/H
   53   75   64   58   56   53   53   56   59   64   71   76   81   80   77   74
   73   77   79   83   83   83   78   71   63   57   55   50   47   37   36   32
   46   60   90  120  143  166  184  202  212  225  233  243  252  261  266  267
  271  276  283  294  303  311  313  313  306  296  282  266  253  237  224  201
  179  148  128  106   94   74   69   55   53                                   
    25.0-180.0 180.0   5.0 450.0                            LAT/LON1/LON2/DLON/H
   65   83   69   61   56   53   52   50   53   56   63   68   75   75   76   74
   75   77   79   82   82   82   77   70   63   58   53   51   47   39   36   34
   46   65   96  130  153  180  196  217  231  241  254  262  275  284  292  294
  301  310  324  338  356  368  375  376  372  359  343  325  308  294  274  249
  222  192  162  136  121   98   91   74   65                                   
    22.5-180.0 180.0   5.0 450.0                            LAT/LON1/LON2/DLON/H
   88   98   89   78   72   65   61   57   54   54   57   63   68   70   70   69
   70   73   74   77   76   77   74   70   65   60   56   52   49   41   42   40
   54   72  106  140  165  189  208  230  247  260  272  282  296  306  316  320
  331  342  360  380  400  417  429  434  431  416  399  378  361  343  323  293
  262  229  199  166  149  127  123   97   88                                   
    20.0-180.0 180.0   5.0 450.0                            LAT/LON1/LON2/DLON/H
  109  115  107   96   88   80   75   64   59   53   54   57   63   64   67   66
   68   70   72   73   72   73   72   69   65   62   57   53   48   43   41   45
   57   86  120  155  179  205  224  245  262  273  291  301  318  328  340  344
  357  369  389  408  431  446  462  469  470  459  445  426  407  388  366  339
  306  273  240  206  184  161  152  124  109                                   
    17.5-180.0 180.0   5.0 450.0                            LAT/LON1/LON2/DLON/H
  141  143  136  121  108   89   91   80   75   64   60   60   63   64   64   65
   65   68   67   68   66   67   70   70   69   65   60   53   49   44   46   51
   69  100  136  169  194  218  239  255  276  290  309  322  338  348  362  365
  383  390  412  426  449  460  474  480  485  476  469  452  438  420  399  369
  338  304  274  245  222  196  187  152  141                                   
    15.0-180.0 180.0   5.0 450.0                            LAT/LON1/LON2/DLON/H
  157  168  157  145  129  110  109   95   92   77   73   68   70   68   66   65
   65   66   65   64   62   65   68   72   71   68   61   53   49   44   44   57
   73  111  146  178  205  229  248  268  289  303  327  337  358  366  385  389
  405  412  428  440  455  467  477  483  487  482  478  466  455  440  421  395
  369  337  309  277  258  230  213  179  157                                   
    12.5-180.0 180.0   5.0 450.0                            LAT/LON1/LON2/DLON/H
  184  192  182  169  158  139  135  117  113   97   88   82   81   77   72   70
   67   69   67   66   64   65   71   74   76   70   62   55   48   45   50   64
   87  124  158  189  216  239  259  282  299  320  338  352  368  380  398  406
  419  425  434  442  453  459  466  468  472  468  467  459  452  439  423  401
  379  355  327  300  279  257  237  203  184                                   
    10.0-180.0 180.0   5.0 450.0                            LAT/LON1/LON2/DLON/H
  186  199  189  181  169  162  153  142  131  115  106   98   96   87   81   77
   73   73   71   71   68   72   75   79   78   73   65   57   49   45   50   68
   94  130  162  193  217  247  265  291  309  327  348  359  380  391  408  418
  428  432  435  442  447  454  456  460  461  458  455  449  443  430  418  400
  384  365  342  316  297  276  250  219  186                                   
     7.5-180.0 180.0   5.0 450.0                            LAT/LON1/LON2/DLON/H
  201  206  196  188  179  171  166  158  149  135  124  115  110  101   94   86
   83   81   81   78   78   78   83   83   83   77   67   58   53   51   60   77
