data/unet/pred2200.15i
     1.0            IONOSPHERE MAPS     GNSS                IONEX VERSION / TYPE
pyspatialgeodesy        IME             05-JAN-18 20:20     PGM / RUN BY / DATE 
Map Name                                                    COMMENT             
Predicted global ionosphere maps (GIM).                     DESCRIPTION         
  2015     8     8     0     0     0                        EPOCH OF FIRST MAP  
  2015     8     9     0     0     0                        EPOCH OF LAST MAP   
  7200                                                      INTERVAL            
    13                                                      # OF MAPS IN FILE   
  NONE                                                      MAPPING FUNCTION    
10.0                                                        ELEVATION CUTOFF    
One-way carrier phase leveled to code                       OBSERVABLES USED    
  6371.0                                                    BASE RADIUS         
 2                                                          MAP DIMENSION       
   450.0 450.0   0.0                                        HGT1 / HGT2 / DHGT  
    87.5 -87.5  -2.5                                        LAT1 / LAT2 / DLAT  
  -180.0 180.0   5.0                                        LON1 / LON2 / DLON  
    -1                                                      EXPONENT            
                                                            END OF HEADER       
[from data line 3432]
     9                                                      START OF TEC MAP    
  2015     8     8    16     0     0                        EPOCH OF CURRENT MAP
    87.5-180.0 180.0   5.0 450.0                            LAT/LON1/LON2/DLON/H
  151  152  150  150  150  147  148  147  149  147  148  147  148  147  148  147
  149  148  148  148  149  148  148  147  148  147  148  146  148  146  147  145
  147  145  146  145  147  145  147  145  147  146  147  146  147  146  147  146
  147  146  147  146  147  146  147  146  148  146  148  146  148  146  147  146
  147  146  148  147  148  146  151  167  151                                   
    85.0-180.0 180.0   5.0 450.0                            LAT/LON1/LON2/DLON/H
  125  141  136  139  141  139  142  140  143  141  143  141  144  142  144  142
  145  143  144  143  145  143  144  142  143  140  141  139  140  137  138  136
  137  135  136  135  136  135  136  135  136  135  136  136  137  136  137  136
  138  137  138  137  139  137  138  137  139  137  139  137  139  137  139  137
  139  138  139  138  138  135  136  141  125                                   
    82.5-180.0 180.0   5.0 450.0                            LAT/LON1/LON2/DLON/H
  130  128  133  132  132  131  134  133  135  133  135  134  137  135  138  137
  139  138  140  139  141  139  140  139  139  137  137  136  135  134  133  133
  132  131  131  131  131  130  131  131  133  132  134  133  136  134  136  135
  137  135  137  135  136  135  135  134  134  133  133  132  132  131  131  130
  131  130  131  130  131  125  135  126  130                                   
    80.0-180.0 180.0   5.0 450.0                            LAT/LON1/LON2/DLON/H
  121  124  125  129  126  130  128  133  130  133  130  135  132  136  133  138
  136  139  138  142  140  141  140  141  139  139  137  137  134  135  132  134
  130  132  129  131  129  130  128  131  129  132  129  133  131  134  132  135
  133  135  133  135  133  134  132  132  130  130  128  128  126  127  125  126
  125  125  124  124  123  123  125  120  121                                   
    77.5-180.0 180.0   5.0 450.0                            LAT/LON1/LON2/DLON/H
  114  119  123  123  125  125  129  129  129  129  130  129  129  129  131  132
  133  134  136  138  139  139  140  139  140  137  138  136  135  133  133  131
  131  129  129  128  128  126  127  127  127  127  128  129  129  129  130  130
  131  131  131  131  130  129  128  127  126  124  123  121  121  119  119  117
  118  117  118  117  117  113  114  113  114                                   
    75.0-180.0 180.0   5.0 450.0                            LAT/LON1/LON2/DLON/H
  107  114  118  121  123  125  126  126  126  125  126  125  126  125  128  128
  131  132  136  138  141  143  144  145  144  145  143  142  140  139  136  135
  132  131  129  129  128  129  127  128  126  127  126  127  126  127  127  127
  128  128  128  128  127  126  125  123  121  119  118  115  115  114  114  113
  114  113  114  112  113  113  114  112  107                                   
    72.5-180.0 180.0   5.0 450.0                            LAT/LON1/LON2/DLON/H
  101  113  119  120  121  122  124  124  123  123  123  122  122  122  123  125
  127  129  133  137  141  143  146  147  149  148  148  146  144  142  140  138
  135  134  132  131  130  130  128  129  125  127  124  125  123  125  122  124
  122  124  122  123  121  122  118  118  114  114  110  110  108  108  107  108
  107  109  109  111  109  106  106  107  101                                   
    70.0-180.0 180.0   5.0 450.0                            LAT/LON1/LON2/DLON/H
   97  109  113  117  120  121  123  123  122  121  120  119  119  118  120  121
  124  125  131  135  141  145  149  152  153  155  153  152  149  147  143  141
  138  136  134  133  132  132  130  130  128  128  125  125  122  122  120  120
  119  120  119  120  119  118  116  113  111  108  107  105  105  104  104  103
  104  104  106  105  106  106  107  107   97                                   
    67.5-180.0 180.0   5.0 450.0                            LAT/LON1/LON2/DLON/H
   94  107  111  114  118  119  122  122  122  120  120  119  118  118  119  121
  122  126  130  136  140  145  150  153  156  156  158  155  154  150  148  145
  142  141  139  138  135  136  133  134  130  131  126  126  121  121  118  119
  117  118  117  118  115  116  111  111  105  105  102  103  100  101  100  101
   99  101  101  103  102   99   99  101   94                                   
    65.0-180.0 180.0   5.0 450.0                            LAT/LON1/LON2/DLON/H
   89  101  105  111  116  119  122  121  122  120  120  119  118  119  120  122
  125  127  132  136  143  147  152  155  158  160  160  159  157  155  153  150
  147  145  144  141  140  139  137  137  134  134  129  127  123  122  118  119
  118  120  119  120  118  118  114  111  107  105  103  101  101   99  100   98
   99   98   99   97   98   97   99  100   89                                   
    62.5-180.0 180.0   5.0 450.0                            LAT/LON1/LON2/DLON/H
   86   98  103  107  114  118  123  123  124  122  122  121  121  122  124  127
  129  131  136  140  144  147  152  154  158  159  162  160  161  157  157  155
  153  152  149  148  145  145  141  142  138  139  135  132  128  126  123  124
  123  124  123  123  120  119  113  112  106  106  103  104  101  101   98   98
   95   96   94   94   92   88   89   91   86                                   
    60.0-180.0 180.0   5.0 450.0                            LAT/LON1/LON2/DLON/H
   80   89   93  100  109  114  120  122  124  122  122  123  123  126  129  132
  134  135  139  141  146  148  152  155  158  159  161  161  162  161  162  162
  162  161  158  156  152  151  148  149  145  145  141  139  135  133  130  131
  131  133  132  132  129  127  121  118  113  111  109  107  106  103  100   96
   94   92   91   88   87   86   86   89   80                                   
    57.5-180.0 180.0   5.0 450.0                            LAT/LON1/LON2/DLON/H
   76   85   90   96  105  110  118  121  124  123  124  126  128  131  135  139
  141  140  143  144  145  146  150  153  155  157  160  161  164  165  169  171
  170  170  167  166  160  159  156  156  154  154  151  149  144  143  140  141
  140  142  139  139  134  132  125  123  117  116  113  113  109  107  101   97
   91   89   87   85   83   77   77   80   76                                   
    55.0-180.0 180.0   5.0 450.0                            LAT/LON1/LON2/DLON/H
   73   80   84   92  101  109  115  118  122  122  124  126  129  134  138  142
  144  144  145  144  145  145  150  152  156  157  160  161  165  169  174  179
  180  180  177  174  169  168  165  166  163  165  161  159  156  154  152  152
  151  152  150  148  143  139  133  130  126  124  122  119  116  111  105   97
   92   87   86   82   80   80   79   81   73                                   
    52.5-180.0 180.0   5.0 450.0                            LAT/LON1/LON2/DLON/H
   72   79   85   90  101  107  115  118  122  123  126  127  131  135  141  145
  148  147  147  145  145  145  149  152  156  157  162  163  169  173  182  189
  192  192  188  186  182  181  179  178  176  175  173  170  166  164  161  162
  160  160  156  154  148  144  137  134  130  129  127  125  120  115  107  100
   93   88   86   84   81   75   76   78   72                                   
    50.0-180.0 180.0   5.0 450.0                            LAT/LON1/LON2/DLON/H
   74   80   84   92  101  110  116  120  123  123  127  127  132  134  141  144
  148  147  148  146  147  146  151  154  156  159  161  164  170  178  186  196
  199  200  196  194  190  191  188  190  187  186  183  180  177  174  172  170
  169  167  163  159  154  149  144  140  138  136  136  133  129  121  113  104
   98   94   92   88   86   84   84   84   74                                   
    47.5-180.0 180.0   5.0 450.0                            LAT/LON1/LON2/DLON/H
   78   85   86   93  103  111  119  124  128  127  130  131  135  136  142  144
  148  147  149  148  149  150  155  156  160  161  166  169  175  183  193  203
  206  207  204  203  201  203  204  205  202  199  195  192  187  185  181  179
  176  174  169  164  158  153  147  145  141  141  139  138  132  127  118  111
  104  101  100   98   95   86   86   87   78                                   
    45.0-180.0 180.0   5.0 450.0                            LAT/LON1/LON2/DLON/H
   85   87   88   95  103  114  122  128  132  134  138  138  141  141  145  146
  150  150  153  154  155  157  160  163  166  169  172  177  183  192  200  211
  214  216  214  213  213  216  215  219  215  212  207  202  198  194  190  185
  182  178  173  168  162  158  154  150  149  148  147  145  141  135  128  120
  115  112  111  107  105  100   99   97   85                                   
    42.5-180.0 180.0   5.0 450.0                            LAT/LON1/LON2/DLON/H
   91   92   90   96  105  113  125  133  140  143  149  149  151  149  152  151
  154  154  159  161  164  165  170  171  176  178  183  187  193  202  211  220
  223  226  226  228  230  235  238  238  235  230  224  218  211  206  201  196
  189  185  178  173  167  163  157  155  152  153  150  150  145  142  134  130
  124  124  121  119  114  105  105  101   91                                   
    40.0-180.0 180.0   5.0 450.0                            LAT/LON1/LON2/DLON/H
   98   94   92   94  103  114  126  137  146  152  161  163  164  162  161  159
  160  161  165  169  171  175  177  182  185  191  195  202  206  215  222  233
  237  243  247  251  256  262  265  266  258  251  240  233  226  220  213  205
  198  190  184  177  172  167  163  160  159  158  157  156  154  150  146  142
  138  136  134  129  124  118  116  108   98                                   
    37.5-180.0 180.0   5.0 450.0                            LAT/LON1/LON2/DLON/H
  104   98   93   97  103  111  126  138  152  161  173  177  179  176  174  170
  170  170  174  178  181  185  188  192  196  201  208  214  220  230  239  251
  259  268  276  281  288  293  298  295  287  277  265  254  244  236  226  219
  208  202  193  187  179  174  168  166  162  164  161  164  160  160  155  154
  148  148  143  140  131  123  120  111  104                                   
    35.0-180.0 180.0   5.0 450.0                            LAT/LON1/LON2/DLON/H
  108   99   93   92   99  109  124  137  154  168  182  189  194  191  188  183
  180  181  182  187  189  195  196  202  205  213  219  229  237  248  258  273
  284  297  303  312  317  323  326  324  316  305  290  278  265  254  243  232
  221  213  204  196  188  180  173  168  165  165  165  167  167  168  166  163
  161  157  154  147  138  131  127  117  108                                   
    32.5-180.0 180.0   5.0 450.0                            LAT/LON1/LON2/DLON/H
  112  103   93   94   97  102  119  131  153  168  186  196  204  203  200  194
  191  189  191  194  199  201  206  209  214  221  230  242  255  269  284  301
  317  329  338  343  348  350  350  346  336  325  309  297  282  271  256  245
  232  224  215  206  195  186  175  171  165  167  165  170  171  174  173  171
  167  164  157  151  140  133  130  118  112                                   
    30.0-180.0 180.0   5.0 450.0                            LAT/LON1/LON2/DLON/H
  118  106   96   90   92   99  112  127  146  165  185  200  211  213  210  205
  201  200  199  202  204  208  210  217  221  232  243  259  272  288  306  328
  345  361  368  377  377  377  370  364  352  342  327  316  301  288  272  259
  245  235  222  212  200  187  176  168  163  162  163  169  173  177  178  177
  173  168  162  154  144  137  134  126  118                                   
    27.5-180.0 180.0   5.0 450.0                            LAT/LON1/LON2/DLON/H
  124  114   99   99   97  101  113  123  144  159  182  198  213  215  216  212
  209  206  206  207  211  213  218  222  230  241  256  273  290  309  332  355
  378  393  407  409  408  400  389  378  365  352  339  326  312  296  279  265
  250  239  225  213  197  185  172  164  158  157  158  165  170  175  176  176
  172  167  161  154  143  138  137  128  124                                   
    25.0-180.0 180.0   5.0 450.0                            LAT/LON1/LON2/DLON/H
  135  121  108  101   99  105  112  124  139  157  175  194  210  218  221  218
  217  215  214  214  218  222  226  232  241  255  272  290  310  333  356  382
  407  427  434  436  426  417  399  391  377  366  351  339  324  308  288  273
  254  242  225  212  197  182  170  159  154  151  152  156  162  167  170  171
  169  165  160  153  146  139  140  136  135                                   
    22.5-180.0 180.0   5.0 450.0                            LAT/LON1/LON2/DLON/H
  141  129  117  114  111  115  123  131  148  158  180  194  213  218  224  223
  224  222  221  222  225  229  234  242  253  267  286  307  331  354  380  407
  435  447  451  443  430  417  402  394  384  372  358  345  331  311  293  274
  256  241  223  210  193  180  166  158  151  146  144  145  151  155  160  160
  161  157  155  150  144  139  144  136  141                                   
    20.0-180.0 180.0   5.0 450.0                            LAT/LON1/LON2/DLON/H
  148  135  125  119  118  122  128  138  147  161  175  193  207  219  225  230
  232  232  230  230  232  236  244  253  265  281  302  326  351  376  403  429
  448  457  450  440  422  410  398  394  386  377  365  353  340  322  302  283
  260  245  223  208  189  174  164  154  150  142  138  134  139  142  147  150
  151  151  151  148  144  139  144  139  148                                   
    17.5-180.0 180.0   5.0 450.0                            LAT/LON1/LON2/DLON/H
  148  135  127  125  123  129  136  147  161  170  188  199  218  225  236  239
  245  241  241  239  242  245  253  262  276  293  318  342  371  394  423  439
  454  452  443  426  411  401  392  392  385  380  371  360  348  330  311  291
  266  251  225  208  186  174  163  156  152  142  134  128  129  131  137  139
  143  143  146  143  141  135  143  133  148                                   
    15.0-180.0 180.0   5.0 450.0                            LAT/LON1/LON2/DLON/H
  144  130  124  120  124  128  138  150  164  178  191  205  219  232  243  250
  253  252  251  247  250  252  262  274  290  311  339  363  389  411  431  441
  446  439  424  409  394  387  379  383  381  382  374  366  352  336  316  298
  273  254  228  207  187  173  165  158  157  145  134  124  122  124  127  131
  133  137  138  137  133  127  135  128  144                                   
    12.5-180.0 180.0   5.0 450.0                            LAT/LON1/LON2/DLON/H
  133  117  115  116  115  123  133  151  172  186  205  215  233  240  256  260
  269  263  264  257  260  258  272  280  304  324  355  376  406  419  435  435
  437  424  414  398  389  387  382  387  388  390  386  375  361  343  325  304
  280  258  232  209  190  179  168  166  162  152  137  126  121  118  122  121
  126  125  128  125  123  117  123  115  133                                   
    10.0-180.0 180.0   5.0 450.0                            LAT/LON1/LON2/DLON/H
  121  106  104  103  108  112  127  145  167  188  206  220  233  246  258  269
  275  275  273  267  267  266  281  293  320  339  368  388  411  423  429  429
  425  415  405  396  390  392  389  395  398  400  395  384  367  349  329  307
  281  258  234  213  194  184  174  172  168  157  143  130  123  120  119  119
  120  119  120  117  116  109  112  102  121                                   
     7.5-180.0 180.0   5.0 450.0                            LAT/LON1/LON2/DLON/H
  113   93   92   92   94  100  115  135  161  185  209  222  240  249  266  272
  285  284  286  276  278  273  293  303  336  351  383  394  417  421  430  424
