data/unet/pred3400.15i
     1.0            IONOSPHERE MAPS     GNSS                IONEX VERSION / TYPE
pyspatialgeodesy        IME             05-JAN-18 20:20     PGM / RUN BY / DATE 
Map Name                                                    COMMENT             
Predicted global ionosphere maps (GIM).                     DESCRIPTION         
  2015    12     6     0     0     0                        EPOCH OF FIRST MAP  
  2015    12     7     0     0     0                        EPOCH OF LAST MAP   
  7200                                                      INTERVAL            
    13                                                      # OF MAPS IN FILE   
  NONE                                                      MAPPING FUNCTION    
10.0                                                        ELEVATION CUTOFF    
One-way carrier phase leveled to code                       OBSERVABLES USED    
  6371.0                                                    BASE RADIUS         
 2                                                          MAP DIMENSION       
   450.0 450.0   0.0                                        HGT1 / HGT2 / DHGT  
    87.5 -87.5  -2.5                                        LAT1 / LAT2 / DLAT  
  -180.0 180.0   5.0                                        LON1 / LON2 / DLON  
    -1                                                      EXPONENT            
                                                            END OF HEADER       
[from data line 3432]
     9                                                      START OF TEC MAP    
  2015    12     6    16     0     0                        EPOCH OF CURRENT MAP
    87.5-180.0 180.0   5.0 450.0                            LAT/LON1/LON2/DLON/H
   63   80   76   78   77   78   78   79   79   80   80   81   80   81   81   82
   80   81   80   80   79   79   78   78   76   76   75   75   73   73   72   72
   71   71   70   70   69   69   67   68   66   67   66   67   65   66   65   66
   65   67   65   67   65   67   66   68   66   68   67   69   68   70   69   71
   70   72   72   74   74   75   77   91   63                                   
    85.0-180.0 180.0   5.0 450.0                            LAT/LON1/LON2/DLON/H
   53   63   55   57   58   60   60   61   61   64   62   65   64   67   65   67
   65   67   64   66   63   64   61   61   59   59   57   56   54   53   51   51
   49   48   46   46   44   44   42   42   41   42   40   42   41   43   41   43
   43   45   44   46   46   48   48   49   49   50   49   50   50   51   51   52
   52   54   53   55   55   54   57   57   53                                   
    82.5-180.0 180.0   5.0 450.0                            LAT/LON1/LON2/DLON/H
   48   46   43   43   44   45   46   48   50   52   54   55   57   57   60   59
   61   59   61   58   59   57   56   53   52   50   47   46   43   43   39   39
   34   36   31   32   28   30   25   27   24   26   24   25   24   27   25   28
   27   31   29   33   32   36   34   37   36   39   37   39   38   40   39   40
   39   41   39   40   39   34   48   46   48                                   
    80.0-180.0 180.0   5.0 450.0                            LAT/LON1/LON2/DLON/H
   45   42   38   40   40   44   43   48   48   53   52   57   57   62   61   65
   63   67   63   66   61   63   57   58   53   54   47   50   43   46   38   42
   35   38   31   34   27   30   24   26   21   24   20   24   21   26   24   29
   28   33   32   36   36   40   39   42   42   44   43   44   43   44   43   44
   42   43   40   40   36   38   44   42   45                                   
    77.5-180.0 180.0   5.0 450.0                            LAT/LON1/LON2/DLON/H
   41   38   34   33   35   37   40   41   45   46   51   51   57   57   63   63
   66   66   68   65   65   61   60   55   54   49   47   42   41   37   37   34
   33   31   29   26   24   21   20   17   17   15   16   15   17   18   21   23
   26   29   32   35   37   39   41   42   44   43   46   44   47   44   46   42
   44   40   42   36   37   29   33   37   41                                   
    75.0-180.0 180.0   5.0 450.0                            LAT/LON1/LON2/DLON/H
   39   33   31   30   34   35   38   38   43   44   50   51   57   60   64   68
   71   72   74   73   72   69   66   61   59   53   52   46   46   42   42   39
   39   38   36   34   30   28   24   22   19   19   18   18   20   22   25   28
   32   34   39   39   44   43   48   45   50   47   51   46   51   47   52   46
   49   44   45   38   38   35   39   38   39                                   
    72.5-180.0 180.0   5.0 450.0                            LAT/LON1/LON2/DLON/H
   39   34   29   29   32   33   37   37   42   42   49   50   58   58   66   68
   75   76   80   79   81   78   76   71   67   62   59   55   52   50   49   48
   47   45   43   38   35   28   25   20   18   16   18   17   20   22   28   31
   36   38   43   43   47   46   49   46   50   48   52   49   53   51   53   50
   51   48   47   41   39   31   33   36   39                                   
    70.0-180.0 180.0   5.0 450.0                            LAT/LON1/LON2/DLON/H
   37   32   29   28   32   32   35   34   39   38   45   47   54   56   64   69
   76   81   86   88   91   88   86   80   77   70   68   61   61   55   57   54
   56   52   51   45   41   33   29   23   21   17   19   19   23   25   32   33
   40   40   46   43   47   42   47   42   48   44   50   47   53   50   55   50
   54   48   50   42   41   36   38   36   37                                   
    67.5-180.0 180.0   5.0 450.0                            LAT/LON1/LON2/DLON/H
   38   36   31   30   31   33   36   35   40   38   45   44   54   54   65   68
   78   83   93   95  101   99  100   94   92   84   81   74   71   68   67   66
   65   63   59   54   46   38   31   25   20   17   19   19   24   26   33   36
   41   41   44   40   43   38   40   36   40   39   43   44   49   50   52   52
   53   51   50   44   41   33   33   35   38                                   
    65.0-180.0 180.0   5.0 450.0                            LAT/LON1/LON2/DLON/H
   33   34   33   32   36   35   38   35   40   37   43   42   50   52   63   67
   78   87   98  104  112  112  114  109  106   97   93   85   83   77   78   74
   74   69   66   58   51   42   34   28   24   20   22   22   26   30   35   37
   40   39   41   36   36   31   32   28   33   30   36   36   44   43   50   46
   51   47   50   42   41   35   37   35   33                                   
    62.5-180.0 180.0   5.0 450.0                            LAT/LON1/LON2/DLON/H
   34   36   35   34   35   35   37   35   38   35   41   40   49   50   61   64
   77   84   99  107  117  119  124  119  119  109  106   98   97   91   90   86
   83   78   71   63   53   45   34   29   25   21   22   23   27   29   33   34
   35   33   33   27   26   21   22   20   24   25   29   31   38   39   44   44
   46   45   45   40   37   28   33   31   34                                   
    60.0-180.0 180.0   5.0 450.0                            LAT/LON1/LON2/DLON/H
   28   31   35   31   36   35   37   34   36   33   39   39   48   50   61   66
   78   86   99  111  124  129  134  131  130  121  117  110  109  102  101   96
   92   84   76   67   57   48   39   33   29   27   27   29   31   33   33   34
   31   29   27   23   21   17   17   16   20   21   25   26   32   33   38   37
   41   39   42   37   38   33   35   30   28                                   
    57.5-180.0 180.0   5.0 450.0                            LAT/LON1/LON2/DLON/H
   30   34   35   34   34   33   34   31   34   31   36   38   48   52   63   68
   81   86  102  111  127  132  139  135  136  128  128  120  121  115  115  109
  103   94   84   73   63   53   44   39   34   33   34   34   35   33   34   30
   29   24   24   17   18   13   15   15   20   22   26   28   32   32   35   35
   37   37   39   37   36   30   34   28   30                                   
    55.0-180.0 180.0   5.0 450.0                            LAT/LON1/LON2/DLON/H
   32   35   39   33   39   33   38   31   36   32   40   41   53   57   70   75
   87   94  109  118  131  138  145  141  142  136  136  131  132  128  129  122
  116  103   93   81   70   61   54   49   44   45   44   45   42   42   37   36
   31   30   27   24   23   21   21   21   25   27   30   31   34   33   36   33
   37   36   42   39   42   37   41   33   32                                   
    52.5-180.0 180.0   5.0 450.0                            LAT/LON1/LON2/DLON/H
   38   44   42   41   39   37   37   34   36   34   43   48   59   65   77   84
   97  100  117  122  137  139  147  143  146  139  143  138  143  139  142  135
  129  116  104   92   81   73   65   62   58   57   57   55   53   48   44   39
   38   33   34   30   31   28   31   31   36   37   40   40   41   38   38   36
   37   39   42   44   44   41   47   36   38                                   
    50.0-180.0 180.0   5.0 450.0                            LAT/LON1/LON2/DLON/H
   49   51   52   44   48   41   45   37   43   42   53   57   70   74   88   94
  108  115  129  135  146  148  153  149  151  146  148  147  151  149  151  144
  138  124  113  102   92   84   78   76   73   73   70   70   64   60   53   50
   46   45   45   44   45   43   44   44   48   48   50   49   48   44   44   41
   44   44   52   51   55   53   60   48   49                                   
    47.5-180.0 180.0   5.0 450.0                            LAT/LON1/LON2/DLON/H
   58   63   58   57   54   52   49   47   50   52   63   70   80   86   99  108
  122  128  143  145  157  154  159  155  158  153  156  154  157  154  155  149
  143  131  121  112  103   97   92   91   87   86   84   83   77   70   65   60
   58   56   59   58   60   59   60   60   62   62   61   60   57   53   50   49
   48   51   54   60   60   60   69   55   58                                   
    45.0-180.0 180.0   5.0 450.0                            LAT/LON1/LON2/DLON/H
   68   70   67   62   63   56   58   53   62   64   77   81   93   98  112  120
  136  144  157  160  168  166  169  164  166  162  163  160  161  156  155  148
  143  133  125  118  113  109  105  102  100   98   96   93   88   83   74   70
   67   68   68   69   70   69   69   68   69   69   68   65   63   59   58   55
   57   58   65   64   70   68   80   68   68                                   
    42.5-180.0 180.0   5.0 450.0                            LAT/LON1/LON2/DLON/H
   69   75   72   72   69   67   64   65   71   78   89   97  108  110  125  134
  151  157  171  172  179  174  178  174  176  170  170  163  162  153  151  143
  141  132  129  124  122  119  115  113  109  106  102  100   95   89   83   78
   74   74   75   74   75   73   73   73   73   72   69   69   66   63   61   61
   60   64   65   70   69   71   83   69   69                                   
    40.0-180.0 180.0   5.0 450.0                            LAT/LON1/LON2/DLON/H
   66   72   72   70   71   67   71   70   83   92  108  115  126  128  143  149
  164  171  182  183  187  186  186  186  184  181  175  167  161  151  146  139
  137  133  132  132  131  131  128  124  119  114  109  106  102   96   88   84
   78   77   75   74   73   70   70   69   70   68   67   66   65   64   64   64
   66   66   70   67   70   69   80   70   66                                   
    37.5-180.0 180.0   5.0 450.0                            LAT/LON1/LON2/DLON/H
   59   68   68   70   70   70   71   75   88  103  119  130  140  142  156  163
  176  181  189  191  196  194  196  194  193  185  180  168  162  149  145  139
  142  140  143  144  146  144  141  135  127  120  114  110  105  100   93   88
   81   77   73   70   66   65   64   64   65   64   63   63   63   62   64   65
   64   65   63   64   62   62   71   59   59                                   
    35.0-180.0 180.0   5.0 450.0                            LAT/LON1/LON2/DLON/H
   46   56   61   61   66   64   72   74   92  111  132  143  156  159  174  178
  189  190  195  197  200  203  202  201  196  190  184  172  164  152  148  146
  152  155  160  165  168  166  160  150  140  131  123  117  112  107  100   94
   84   79   71   65   60   57   57   58   60   60   60   60   60   61   63   64
   65   63   63   58   58   56   63   53   46                                   
    32.5-180.0 180.0   5.0 450.0                            LAT/LON1/LON2/DLON/H
   36   50   52   55   57   61   66   71   89  111  134  152  167  174  186  193
  199  200  201  205  206  207  207  205  201  193  188  178  170  160  162  165
  176  184  190  194  193  189  181  168  153  141  131  126  121  116  110  104
   95   86   75   66   59   56   55   56   59   58   58   60   61   63   64   66
   63   60   56   53   50   49   53   39   36                                   
    30.0-180.0 180.0   5.0 450.0                            LAT/LON1/LON2/DLON/H
   28   39   44   45   50   53   60   67   84  109  137  156  176  185  201  204
  209  207  208  210  212  213  209  206  200  197  194  189  183  183  185  199
  209  227  231  234  229  222  209  193  176  161  149  143  138  134  129  124
  114  105   91   80   69   66   63   64   65   65   65   65   66   66   68   68
   67   61   58   53   50   47   50   35   28                                   
    27.5-180.0 180.0   5.0 450.0                            LAT/LON1/LON2/DLON/H
   28   40   37   39   40   46   51   61   77  102  130  155  179  192  207  213
  214  213  213  215  216  215  209  205  201  200  204  205  208  217  227  248
  264  282  285  282  271  258  241  222  202  184  170  163  157  154  150  146
  135  125  112   99   88   82   80   77   78   74   74   73   73   73   74   74
   69   64   58   55   49   48   48   32   28                                   
    25.0-180.0 180.0   5.0 450.0                            LAT/LON1/LON2/DLON/H
   37   40   40   37   41   46   49   59   74   97  125  152  179  194  213  216
  220  218  219  219  223  217  210  203  203  207  218  230  240  261  275  303
  314  334  332  328  310  294  273  255  233  215  199  192  187  185  180  177
  168  159  145  132  118  112  103  101   95   94   90   89   86   85   82   79
   77   70   66   61   59   57   57   41   37                                   
    22.5-180.0 180.0   5.0 450.0                            LAT/LON1/LON2/DLON/H
   49   51   45   43   41   46   49   61   74   95  120  149  177  196  213  220
  224  223  225  225  227  219  211  206  211  221  241  260  285  305  328  349
  366  380  377  367  348  324  304  283  263  244  227  219  213  210  208  205
  197  190  176  162  148  137  127  120  115  110  106  102  100   96   92   87
   83   79   72   70   65   67   61   49   49                                   
    20.0-180.0 180.0   5.0 450.0                            LAT/LON1/LON2/DLON/H
   62   55   54   51   51   54   59   69   81  100  120  148  173  194  212  219
  227  227  231  229  232  221  217  212  220  235  261  291  321  350  372  393
  402  414  407  397  373  350  326  310  290  275  258  250  240  237  231  228
  222  216  204  191  177  164  148  139  128  124  117  115  111  108  102   98
   92   88   85   79   76   76   74   61   62                                   
    17.5-180.0 180.0   5.0 450.0                            LAT/LON1/LON2/DLON/H
   75   68   63   61   56   61   65   79   91  111  124  152  173  197  212  221
  228  230  232  231  232  224  220  220  232  252  286  320  362  390  414  427
  438  440  430  415  395  368  347  329  312  295  281  268  258  249  243  237
  231  227  219  209  194  182  164  150  138  130  124  121  118  113  108  104
   98   96   90   89   81   85   76   67   75                                   
    15.0-180.0 180.0   5.0 450.0                            LAT/LON1/LON2/DLON/H
   79   69   69   67   63   68   74   89  105  124  138  160  180  198  213  222
  233  235  239  235  235  229  229  234  251  281  318  359  394  424  438  448
  448  448  431  421  402  381  359  344  329  316  300  286  270  260  248  242
  233  228  222  213  203  189  174  157  146  134  127  123  119  117  111  108
  103  100   98   91   87   87   82   70   79                                   
    12.5-180.0 180.0   5.0 450.0                            LAT/LON1/LON2/DLON/H
   79   73   71   72   65   73   79  101  116  139  149  171  187  205  218  230
  238  242  243  242  240  239  245  258  283  313  356  390  427  447  458  459
  457  447  432  423  407  392  371  360  345  332  313  293  273  256  243  233
  225  221  215  211  200  190  175  162  149  139  130  126  123  119  114  111
  106  104   99   93   84   87   75   63   79                                   
    10.0-180.0 180.0   5.0 450.0                            LAT/LON1/LON2/DLON/H
   71   65   65   65   61   70   81  106  127  150  166  185  202  217  233  244
  254  259  259  255  254  257  271  292  322  356  390  423  447  458  460  458
  445  435  423  418  409  396  382  371  359  345  323  300  275  253  237  224
  216  209  206  199  194  184  177  163  156  142  136  128  125  121  116  113
  109  105  101   92   82   78   70   54   71                                   
     7.5-180.0 180.0   5.0 450.0                            LAT/LON1/LON2/DLON/H
   62   63   60   59   56   68   82  113  136  164  180  204  220  236  252  265
  275  281  279  275  276  281  300  327  361  390  423  441  461  462  461  450
