data/unet/pred0930.15i
     1.0            IONOSPHERE MAPS     GNSS                IONEX VERSION / TYPE
pyspatialgeodesy        IME             05-JAN-18 20:20     PGM / RUN BY / DATE 
Map Name                                                    COMMENT             
Predicted global ionosphere maps (GIM).                     DESCRIPTION         
  2015     4     3     0     0     0                        EPOCH OF FIRST MAP  
  2015     4     4     0     0     0                        EPOCH OF LAST MAP   
  7200                                                      INTERVAL            
    13                                                      # OF MAPS IN FILE   
  NONE                                                      MAPPING FUNCTION    
10.0                                                        ELEVATION CUTOFF    
One-way carrier phase leveled to code                       OBSERVABLES USED    
  6371.0                                                    BASE RADIUS         
 2                                                          MAP DIMENSION       
   450.0 450.0   0.0                                        HGT1 / HGT2 / DHGT  
    87.5 -87.5  -2.5                                        LAT1 / LAT2 / DLAT  
  -180.0 180.0   5.0                                        LON1 / LON2 / DLON  
    -1                                                      EXPONENT            
                                                            END OF HEADER       
[from data line 4290]
    11                                                      START OF TEC MAP    
  2015     4     3    20     0     0                        EPOCH OF CURRENT MAP
    87.5-180.0 180.0   5.0 450.0                            LAT/LON1/LON2/DLON/H
  212  191  186  188  186  189  190  195  195  199  199  202  202  203  203  203
  204  204  205  204  204  203  202  200  198  196  195  192  190  186  185  181
  179  177  176  173  173  171  171  169  170  168  170  169  171  170  174  172
  176  174  178  176  179  178  180  179  182  181  183  182  183  182  183  182
  182  182  182  180  180  180  174  180  212                                   
    85.0-180.0 180.0   5.0 450.0                            LAT/LON1/LON2/DLON/H
  169  169  171  178  174  178  177  184  184  190  191  195  196  199  201  201
  204  203  206  203  206  202  204  199  199  194  193  188  185  180  178  173
  170  167  165  162  161  158  159  155  157  154  158  155  159  157  162  160
  165  164  168  166  170  169  172  171  173  172  174  173  174  173  173  172
  172  172  171  169  167  165  157  168  169                                   
    82.5-180.0 180.0   5.0 450.0                            LAT/LON1/LON2/DLON/H
  157  153  159  161  161  163  166  171  174  180  184  189  194  197  201  203
  207  207  210  210  212  211  210  208  204  202  196  193  185  182  174  172
  164  163  156  157  150  152  146  149  143  147  144  149  146  152  150  157
  155  163  161  168  166  172  170  174  172  176  172  175  171  173  168  169
  165  166  161  160  154  154  142  148  157                                   
    80.0-180.0 180.0   5.0 450.0                            LAT/LON1/LON2/DLON/H
  147  138  140  140  144  145  152  156  164  170  177  185  192  198  204  208
  213  215  218  218  220  217  217  213  211  205  203  196  192  184  180  172
  168  161  158  153  149  145  142  139  137  136  136  136  137  140  143  147
  150  155  159  162  166  167  171  170  173  171  172  169  168  164  162  157
  154  150  146  141  138  136  127  135  147                                   
    77.5-180.0 180.0   5.0 450.0                            LAT/LON1/LON2/DLON/H
  132  125  125  127  129  135  140  148  155  164  173  184  192  201  209  215
  220  223  225  225  225  222  222  217  216  209  209  200  199  188  187  175
  174  162  162  153  150  145  141  138  134  133  133  133  135  137  141  145
  149  153  159  162  165  167  170  170  170  169  168  165  163  158  155  150
  145  141  137  130  125  122  116  123  132                                   
    75.0-180.0 180.0   5.0 450.0                            LAT/LON1/LON2/DLON/H
  129  121  122  124  128  133  140  147  156  166  178  189  200  209  218  224
  230  232  233  232  230  227  223  219  216  212  209  205  200  196  191  185
  180  174  171  165  161  156  152  148  145  143  142  142  143  145  148  151
  155  157  162  163  166  166  167  166  166  164  162  159  156  152  148  143
  138  134  130  125  120  117  118  127  129                                   
    72.5-180.0 180.0   5.0 450.0                            LAT/LON1/LON2/DLON/H
  133  130  131  133  136  142  147  157  166  179  190  203  213  224  232  238
  242  242  242  239  235  232  227  223  219  216  212  208  206  201  198  192
  189  182  181  175  172  166  161  156  151  150  147  148  147  149  150  154
  154  158  158  161  159  161  157  158  153  153  147  146  141  139  135  133
  129  128  126  124  120  120  123  132  133                                   
    70.0-180.0 180.0   5.0 450.0                            LAT/LON1/LON2/DLON/H
  145  140  144  147  150  156  162  171  180  193  206  219  231  242  251  257
  259  258  256  250  245  237  232  227  220  218  211  210  204  203  196  194
  187  186  180  180  173  171  164  160  154  152  151  149  150  149  150  150
  151  150  151  149  149  146  144  140  138  134  132  127  126  122  122  119
  120  120  122  122  122  124  129  139  145                                   
    67.5-180.0 180.0   5.0 450.0                            LAT/LON1/LON2/DLON/H
  158  159  163  165  171  175  182  191  202  215  229  241  256  267  276  280
  281  276  271  261  254  244  238  232  227  222  218  213  209  204  199  196
  190  188  182  180  174  170  163  159  153  151  148  149  146  147  144  146
  142  143  138  137  132  129  124  121  117  113  110  106  104  103  103  104
  107  112  117  123  125  132  138  148  158                                   
    65.0-180.0 180.0   5.0 450.0                            LAT/LON1/LON2/DLON/H
  175  172  178  182  187  194  201  210  220  234  248  263  276  289  295  301
  300  295  288  276  266  257  249  243  237  231  226  219  213  206  201  196
  192  186  181  176  171  163  157  152  148  147  145  144  142  141  138  137
  133  130  127  122  118  112  109  103  102   95   95   90   91   88   91   91
   96  102  111  117  125  135  142  155  175                                   
    62.5-180.0 180.0   5.0 450.0                            LAT/LON1/LON2/DLON/H
  179  184  191  197  205  210  220  229  242  254  270  284  298  310  318  321
  320  313  303  290  281  269  263  253  248  240  235  227  220  212  207  200
  195  187  181  174  167  159  151  146  142  141  138  138  133  131  126  124
  118  116  109  106  100   97   92   89   87   83   82   79   80   78   80   82
   87   95  105  116  126  139  146  160  179                                   
    60.0-180.0 180.0   5.0 450.0                            LAT/LON1/LON2/DLON/H
  181  183  193  203  210  221  231  242  253  269  282  297  309  323  329  333
  330  324  316  304  296  286  280  270  264  256  249  242  235  229  223  217
  211  200  192  182  173  162  154  147  143  140  137  134  129  124  119  115
  109  104   99   95   92   87   85   81   81   77   78   75   76   75   77   79
   84   91  101  111  122  135  144  162  181                                   
    57.5-180.0 180.0   5.0 450.0                            LAT/LON1/LON2/DLON/H
  173  182  195  209  219  230  242  253  267  280  294  308  322  333  340  342
  337  332  322  312  303  294  288  278  274  263  261  252  250  243  241  233
  227  216  207  195  184  172  163  155  150  145  141  135  127  121  114  109
  101   97   90   88   85   83   82   80   82   80   81   80   80   78   78   80
   84   91  100  110  121  135  142  158  173                                   
    55.0-180.0 180.0   5.0 450.0                            LAT/LON1/LON2/DLON/H
  173  183  198  216  225  241  252  266  278  294  304  320  329  339  344  343
  338  330  322  311  308  299  301  289  289  278  278  271  270  267  264  259
  250  240  226  212  200  186  178  169  162  158  150  144  134  126  118  111
  105   99   96   91   91   89   91   89   93   92   94   92   92   89   88   89
   92   98  106  116  126  138  145  162  173                                   
    52.5-180.0 180.0   5.0 450.0                            LAT/LON1/LON2/DLON/H
  177  193  209  227  240  255  268  284  297  311  323  336  344  350  351  349
  343  329  323  308  307  297  301  293  295  289  291  288  291  291  293  287
  277  263  249  233  220  204  195  184  178  169  163  155  145  135  126  120
  113  109  105  104  103  104  106  107  111  111  113  112  109  106  102  103
  104  111  118  129  138  148  154  171  177                                   
    50.0-180.0 180.0   5.0 450.0                            LAT/LON1/LON2/DLON/H
  196  211  230  250  263  282  297  316  328  343  349  360  362  364  365  358
  352  334  321  307  303  295  303  298  307  305  314  316  322  324  323  316
  302  284  266  250  236  221  213  202  194  185  176  168  159  149  142  135
  131  126  124  122  122  122  126  127  130  131  132  130  128  123  120  119
  122  128  138  149  159  168  174  189  196                                   
    47.5-180.0 180.0   5.0 450.0                            LAT/LON1/LON2/DLON/H
  217  240  258  277  295  313  332  349  364  375  382  388  388  387  382  376
  362  343  326  308  305  296  306  302  316  315  330  334  343  344  341  332
  315  295  276  260  249  235  227  214  205  194  186  178  169  162  154  150
  146  144  141  139  138  140  142  146  149  151  151  150  146  143  138  138
  138  148  158  173  183  194  196  213  217                                   
    45.0-180.0 180.0   5.0 450.0                            LAT/LON1/LON2/DLON/H
  250  272  290  310  328  347  365  386  401  415  421  427  424  419  412  401
  387  360  341  319  313  306  311  315  325  329  342  351  357  358  351  336
  317  296  279  267  257  248  238  225  211  201  190  183  175  168  164  162
  162  159  157  154  154  155  158  161  164  165  166  164  162  155  152  150
  154  162  181  195  212  221  227  246  250                                   
    42.5-180.0 180.0   5.0 450.0                            LAT/LON1/LON2/DLON/H
  276  305  323  342  361  378  398  417  433  449  457  462  458  453  444  435
  419  390  363  340  329  321  327  330  342  346  357  362  366  363  351  334
  311  293  277  270  264  257  249  231  218  205  196  187  180  174  172  172
  173  172  170  166  164  165  167  171  173  176  175  176  173  169  164  164
  166  179  193  217  232  250  257  279  276                                   
    40.0-180.0 180.0   5.0 450.0                            LAT/LON1/LON2/DLON/H
  311  336  357  376  396  409  425  440  461  478  488  494  494  491  485  474
  456  425  398  373  362  352  355  359  365  368  371  378  373  369  352  330
  308  289  280  276  276  273  262  246  226  214  200  193  185  181  179  181
  185  185  183  178  175  174  177  179  182  183  184  184  182  176  172  169
  173  183  206  226  252  270  285  308  311                                   
    37.5-180.0 180.0   5.0 450.0                            LAT/LON1/LON2/DLON/H
  333  362  388  407  423  429  444  458  483  500  513  518  519  518  513  507
  488  463  435  410  393  380  380  380  384  384  386  388  382  375  354  336
  313  302  294  298  299  295  284  261  242  222  211  200  194  189  186  188
  190  191  189  183  180  178  180  183  186  186  185  185  181  178  170  168
  168  181  199  226  251  284  301  325  333                                   
    35.0-180.0 180.0   5.0 450.0                            LAT/LON1/LON2/DLON/H
  353  383  419  436  451  457  472  482  510  524  539  546  549  550  544  538
  521  499  474  450  434  417  413  409  410  409  408  408  400  393  377  364
  352  344  344  351  354  348  327  298  268  253  233  225  212  209  200  203
  198  201  193  191  185  185  186  191  193  193  189  184  181  174  167  160
  160  168  190  216  248  280  309  338  353                                   
    32.5-180.0 180.0   5.0 450.0                            LAT/LON1/LON2/DLON/H
  360  396  429  453  469  481  492  504  532  547  563  570  577  577  572  566
  552  534  511  490  473  455  446  439  436  435  435  433  430  426  426  425
  422  423  422  428  423  412  383  348  313  289  274  259  246  234  226  220
  217  209  203  195  192  191  196  201  206  200  197  187  184  172  166  153
  155  156  176  198  236  270  307  340  360                                   
    30.0-180.0 180.0   5.0 450.0                            LAT/LON1/LON2/DLON/H
  363  396  437  469  486  503  513  533  565  581  598  604  612  610  606  598
  585  568  548  529  512  498  487  480  474  474  472  474  477  484  499  509
  508  501  497  494  483  470  437  404  369  349  325  307  290  273  258  245
  234  223  210  202  195  195  196  202  204  204  202  195  187  174  166  154
  151  155  167  190  217  259  297  335  363                                   
    27.5-180.0 180.0   5.0 450.0                            LAT/LON1/LON2/DLON/H
  372  402  444  471  491  508  530  559  590  611  623  633  638  637  635  628
  614  596  576  559  546  530  520  513  511  513  518  522  534  551  576  587
  590  581  563  543  526  506  477  441  404  377  356  347  335  316  299  284
  270  254  244  230  228  217  219  210  209  200  196  187  190  183  181  165
  165  162  178  194  225  259  298  338  372                                   
    25.0-180.0 180.0   5.0 450.0                            LAT/LON1/LON2/DLON/H
  386  415  458  482  506  527  552  589  621  649  658  668  672  671  668  661
  645  626  608  586  576  557  549  542  546  546  556  566  598  621  660  672
  683  662  638  607  575  539  504  471  435  408  384  375  366  355  336  319
  306  292  277  264  250  248  238  236  220  209  190  183  176  175  174  174
  174  181  190  217  242  280  313  350  386                                   
    22.5-180.0 180.0   5.0 450.0                            LAT/LON1/LON2/DLON/H
  401  435  472  501  523  553  582  623  662  688  700  707  705  706  702  695
  683  667  652  627  605  585  572  566  569  579  596  622  656  692  727  731
  719  687  646  607  577  534  499  464  439  419  405  398  395  385  376  358
  345  322  311  287  279  257  258  240  239  218  212  193  190  178  181  178
  183  190  210  239  271  302  333  366  401                                   
    20.0-180.0 180.0   5.0 450.0                            LAT/LON1/LON2/DLON/H
  427  453  480  510  542  566  603  650  695  730  741  759  756  761  754  749
  731  712  692  669  639  607  595  586  600  611  648  675  724  744  767  754
  734  684  630  578  535  494  456  430  414  410  409  412  414  414  405  391
  373  353  331  313  294  280  258  253  233  228  210  200  188  184  183  192
  197  207  220  247  283  327  354  380  427                                   
    17.5-180.0 180.0   5.0 450.0                            LAT/LON1/LON2/DLON/H
  432  481  504  534  559  590  628  675  728  759  781  790  800  802  805  798
  785  762  737  712  681  646  625  622  632  659  692  730  754  767  775  759
  720  658  582  518  473  422  389  363  361  373  391  401  415  417  416  403
  393  367  352  324  309  284  268  249  240  224  215  199  190  183  190  196
  207  217  229  248  284  329  362  397  432                                   
    15.0-180.0 180.0   5.0 450.0                            LAT/LON1/LON2/DLON/H
  445  497  526  554  584  607  646  693  747  786  809  823  836  851  855  853
  837  819  791  751  726  687  666  655  673  696  738  761  778  772  776  741
  693  599  510  438  388  342  315  303  311  332  355  375  396  406  411  406
  395  376  354  334  311  284  266  244  229  220  207  196  184  182  185  199
  208  223  232  251  279  324  369  402  445                                   
    12.5-180.0 180.0   5.0 450.0                            LAT/LON1/LON2/DLON/H
  440  502  539  570  593  621  665  711  769  804  837  852  877  893  898  899
  889  868  846  809  772  731  707  699  711  737  770  783  785  774  761  720
  646  539  449  376  329  282  261  259  274  301  330  349  374  382  396  393
  387  363  349  324  303  276  253  234  219  208  199  188  179  174  182  189
  202  213  225  242  271  317  363  408  440                                   
    10.0-180.0 180.0   5.0 450.0                            LAT/LON1/LON2/DLON/H
  442  506  553  581  608  631  669  718  768  810  842  872  905  931  941  951
  938  927  899  875  840  799  770  756  763  786  802  797  794  773  743  688
  596  483  404  331  293  253  245  250  273  295  320  335  359  371  382  384
  369  348  323  299  277  251  239  217  212  197  195  184  177  174  177  189
  192  204  217  241  271  314  365  402  442                                   
     7.5-180.0 180.0   5.0 450.0                            LAT/LON1/LON2/DLON/H
  440  515  558  594  617  640  675  720  763  800  832  872  907  937  951  965
  963  952  937  908  880  854  827  810  815  815  819  805  794  767  725  666
