data/unet/pred1800.15i
     1.0            IONOSPHERE MAPS     GNSS                IONEX VERSION / TYPE
pyspatialgeodesy        IME             05-JAN-18 20:20     PGM / RUN BY / DATE 
Map Name                                                    COMMENT             
Predicted global ionosphere maps (GIM).                     DESCRIPTION         
  2015     6    29     0     0     0                        EPOCH OF FIRST MAP  
  2015     6    30     0     0     0                        EPOCH OF LAST MAP   
  7200                                                      INTERVAL            
    13                                                      # OF MAPS IN FILE   
  NONE                                                      MAPPING FUNCTION    
10.0                                                        ELEVATION CUTOFF    
One-way carrier phase leveled to code                       OBSERVABLES USED    
  6371.0                                                    BASE RADIUS         
 2                                                          MAP DIMENSION       
   450.0 450.0   0.0                                        HGT1 / HGT2 / DHGT  
    87.5 -87.5  -2.5                                        LAT1 / LAT2 / DLAT  
  -180.0 180.0   5.0                                        LON1 / LON2 / DLON  
    -1                                                      EXPONENT            
                                                            END OF HEADER       
[from data line 2145]
     6                                                      START OF TEC MAP    
  2015     6    29    10     0     0                        EPOCH OF CURRENT MAP
    87.5-180.0 180.0   5.0 450.0                            LAT/LON1/LON2/DLON/H
   94  121  118  120  118  117  115  116  115  115  113  114  113  113  111  112
  111  111  110  110  109  110  108  109  108  109  108  109  109  110  109  110
  109  110  109  110  109  110  109  110  110  111  111  112  112  113  113  114
  115  115  116  116  117  117  117  118  118  118  118  118  118  118  118  117
  118  118  118  119  120  116  112  104   94                                   
    85.0-180.0 180.0   5.0 450.0                            LAT/LON1/LON2/DLON/H
  118  109  118  116  117  112  115  112  114  111  113  109  113  108  111  107
  110  105  109  105  108  104  108  104  109  105  110  106  111  107  112  109
  114  110  115  112  117  113  118  115  121  118  123  122  126  125  129  128
  131  130  132  131  133  132  132  130  132  129  130  127  129  125  126  122
  124  120  122  118  122  116  122  119  118                                   
    82.5-180.0 180.0   5.0 450.0                            LAT/LON1/LON2/DLON/H
  110  111  120  119  118  115  117  116  117  115  116  114  116  113  114  111
  113  109  110  108  110  107  109  107  110  107  111  109  113  111  114  113
  116  114  118  116  120  118  122  121  125  124  128  128  132  133  136  136
  140  139  141  141  143  141  142  140  140  137  137  134  134  130  130  126
  126  122  123  120  121  119  122  125  110                                   
    80.0-180.0 180.0   5.0 450.0                            LAT/LON1/LON2/DLON/H
  111  108  113  112  114  111  114  113  115  113  115  113  115  110  112  108
  110  104  108  103  106  101  105  101  105  101  106  103  109  105  112  109
  115  111  118  114  120  116  121  119  124  122  128  127  133  132  139  137
  143  141  146  144  148  145  148  144  146  141  142  137  138  132  132  127
  126  121  120  115  115  112  114  121  111                                   
    77.5-180.0 180.0   5.0 450.0                            LAT/LON1/LON2/DLON/H
  108  102  106  108  107  109  110  112  113  112  113  112  112  109  110  107
  106  102  104  100  101   97   99   96   99   96  100   99  104  102  109  108
  113  112  117  116  120  118  122  121  125  126  130  132  136  140  144  146
  149  151  153  154  155  155  155  154  152  151  149  146  143  140  137  133
  129  125  122  117  115  111  111  111  108                                   
    75.0-180.0 180.0   5.0 450.0                            LAT/LON1/LON2/DLON/H
  106   97   98  103  103  105  107  109  109  110  110  110  109  107  107  104
  103   99  100   95   95   91   93   89   91   89   92   93   97   98  105  106
  112  113  118  119  121  121  124  124  127  129  134  136  141  145  149  152
  155  158  160  162  162  163  162  162  159  158  155  154  150  147  144  139
  134  130  126  121  116  113  108  109  106                                   
    72.5-180.0 180.0   5.0 450.0                            LAT/LON1/LON2/DLON/H
  104   95   94   96   97   98  101  102  103  104  104  104  104  102  102  100
   98   96   95   93   90   88   86   84   84   83   85   87   90   94  100  105
  110  116  121  124  126  128  130  130  133  135  139  142  146  149  154  156
  159  161  162  163  163  163  162  160  159  158  157  155  153  150  148  143
  139  134  130  122  118  111  108  105  104                                   
    70.0-180.0 180.0   5.0 450.0                            LAT/LON1/LON2/DLON/H
  106   93   91   94   93   98   97  101  101  103  102  104  103  103  102  102
  100   98   95   94   90   88   85   83   81   80   82   84   88   93   98  107
  113  120  125  130  132  136  136  139  140  143  145  149  152  155  158  161
  161  162  161  162  159  160  156  157  155  156  155  157  155  156  153  152
  147  144  136  132  123  117  110  107  106                                   
    67.5-180.0 180.0   5.0 450.0                            LAT/LON1/LON2/DLON/H
  107   95   90   89   89   90   93   93   96   95   98   97  100  100  100  100
   97   97   94   92   87   85   81   79   76   76   77   78   82   87   95  103
  112  120  128  134  138  141  144  145  147  149  152  155  158  161  162  162
  160  160  157  155  152  151  148  148  148  149  151  153  155  156  157  155
  154  149  145  137  131  121  114  105  107                                   
    65.0-180.0 180.0   5.0 450.0                            LAT/LON1/LON2/DLON/H
  112   97   90   90   88   90   90   92   92   94   95   98   99  102  101  103
  100  100   95   94   88   86   81   80   76   77   77   81   83   90   96  108
  116  127  134  142  144  150  150  154  154  159  159  164  164  166  165  164
  159  157  151  148  143  142  140  141  141  145  148  153  156  160  161  163
  161  161  154  151  140  133  123  112  112                                   
    62.5-180.0 180.0   5.0 450.0                            LAT/LON1/LON2/DLON/H
  116  103   94   90   87   85   86   85   87   86   89   91   94   97   98  101
   99   99   94   92   86   83   78   77   74   75   76   79   83   89   97  108
  117  128  137  145  149  154  156  159  162  164  169  170  172  171  169  165
  159  153  146  141  137  134  132  133  135  140  144  150  155  161  164  166
  167  165  163  157  151  141  133  116  116                                   
    60.0-180.0 180.0   5.0 450.0                            LAT/LON1/LON2/DLON/H
  125  109   96   93   87   84   83   82   81   82   83   87   89   94   95   99
   97   97   92   90   84   82   78   78   76   79   80   86   89   98  104  118
  126  138  145  155  157  164  164  170  170  175  177  179  179  177  171  167
  158  152  143  138  134  132  131  132  136  140  146  152  158  163  166  170
  171  173  170  169  162  154  143  127  125                                   
    57.5-180.0 180.0   5.0 450.0                            LAT/LON1/LON2/DLON/H
  133  118  106   97   88   82   80   75   75   73   75   77   81   86   89   92
   91   91   87   84   79   77   75   75   76   80   83   90   95  104  113  124
  134  144  152  159  164  169  173  175  180  184  188  188  188  184  180  172
  166  158  151  143  139  136  136  136  140  144  150  155  160  165  168  171
  174  175  176  173  171  162  153  136  133                                   
    55.0-180.0 180.0   5.0 450.0                            LAT/LON1/LON2/DLON/H
  141  126  111  103   92   84   78   73   69   68   66   70   72   77   81   85
   85   86   83   81   77   77   74   78   78   85   89   99  104  118  126  139
  148  159  166  173  176  183  183  188  189  195  197  198  196  192  185  180
  171  165  157  151  147  144  143  145  148  152  157  162  165  169  171  175
  175  181  180  182  179  173  164  150  141                                   
    52.5-180.0 180.0   5.0 450.0                            LAT/LON1/LON2/DLON/H
  151  137  123  111   99   87   80   72   66   62   60   61   62   67   70   74
   75   77   75   74   72   72   73   77   80   87   94  105  114  128  138  150
  160  169  177  182  187  191  194  196  201  204  207  205  204  200  195  189
  183  178  171  166  160  157  155  157  159  163  165  169  170  172  173  175
  177  180  182  183  185  178  171  161  151                                   
    50.0-180.0 180.0   5.0 450.0                            LAT/LON1/LON2/DLON/H
  157  145  128  120  107   96   84   76   68   62   57   57   56   59   62   65
   68   70   70   71   70   73   73   79   83   93  100  115  125  143  153  169
  178  189  194  203  204  211  211  216  216  219  218  217  214  211  205  202
  195  193  185  180  174  170  167  167  169  173  174  178  177  180  178  182
  181  188  185  191  188  185  176  169  157                                   
    47.5-180.0 180.0   5.0 450.0                            LAT/LON1/LON2/DLON/H
  164  153  136  125  114  104   92   82   74   66   60   56   52   54   54   57
   59   62   63   66   67   72   74   81   85   96  104  120  135  154  167  181
  192  204  210  218  222  226  229  231  232  232  232  229  226  222  220  216
  213  210  204  198  188  184  177  177  176  180  180  182  181  182  182  183
  184  187  189  190  192  187  180  174  164                                   
    45.0-180.0 180.0   5.0 450.0                            LAT/LON1/LON2/DLON/H
  163  153  136  130  119  112  101   92   83   75   69   61   57   54   53   54
   56   59   62   66   68   74   77   85   90  101  111  131  145  168  181  199
  209  224  229  240  242  248  249  252  251  252  248  246  240  237  233  233
  227  226  216  210  199  191  184  181  180  182  183  185  184  187  186  191
  189  196  192  197  192  191  183  180  163                                   
    42.5-180.0 180.0   5.0 450.0                            LAT/LON1/LON2/DLON/H
  163  154  138  131  121  116  108   99   92   86   78   71   62   58   54   54
   54   58   61   66   70   77   82   90   95  106  116  135  153  174  191  208
  222  236  246  256  260  266  268  269  270  268  267  261  257  253  250  248
  244  241  231  222  208  200  189  187  183  187  186  188  188  190  191  193
  195  197  196  195  193  188  183  178  163                                   
    40.0-180.0 180.0   5.0 450.0                            LAT/LON1/LON2/DLON/H
  160  150  135  131  122  119  111  107  102   96   92   82   78   68   65   59
   61   61   66   69   75   82   89   97  104  116  128  147  165  186  203  223
  236  252  260  271  275  282  284  287  288  289  288  284  279  274  272  268
  266  259  250  237  221  208  197  192  190  191  192  192  193  195  196  201
  201  206  199  200  193  188  180  179  160                                   
    37.5-180.0 180.0   5.0 450.0                            LAT/LON1/LON2/DLON/H
  160  149  134  127  120  117  112  109  107  103  102   94   88   80   73   68
   66   66   69   73   79   86   94  101  109  120  133  151  170  191  211  228
  245  260  271  280  287  292  297  299  304  305  306  303  300  294  293  287
  285  277  268  254  238  226  214  210  206  207  206  207  206  206  208  208
  210  209  204  200  193  184  178  173  160                                   
    35.0-180.0 180.0   5.0 450.0                            LAT/LON1/LON2/DLON/H
  158  143  127  123  115  115  109  111  110  110  111  103  101   91   86   78
   76   72   74   76   82   89   98  107  117  130  143  162  181  200  218  234
  249  262  271  282  286  296  299  307  312  320  321  322  318  316  314  312
  309  302  292  277  262  248  239  233  229  227  224  222  219  218  217  219
  216  217  208  204  193  186  178  176  158                                   
    32.5-180.0 180.0   5.0 450.0                            LAT/LON1/LON2/DLON/H
  163  147  130  122  113  112  108  108  111  111  114  111  108  101   94   87
   81   78   76   77   82   89   99  109  119  132  148  166  187  204  223  238
  253  265  276  282  290  295  304  310  320  328  333  336  334  334  333  333
  331  327  318  305  289  279  270  266  260  258  251  248  242  238  234  231
  228  223  214  206  196  186  180  175  163                                   
    30.0-180.0 180.0   5.0 450.0                            LAT/LON1/LON2/DLON/H
  169  148  134  128  118  116  109  112  112  114  117  113  114  105  103   93
   89   81   79   77   82   89  100  112  124  139  155  174  191  207  222  237
  251  262  270  280  284  295  299  312  317  333  337  346  347  350  350  352
  352  351  345  336  324  315  309  303  299  291  284  275  269  260  253  247
  239  234  222  214  202  192  185  184  169                                   
    27.5-180.0 180.0   5.0 450.0                            LAT/LON1/LON2/DLON/H
  179  161  147  138  128  124  117  113  114  111  116  113  113  108  105   98
   91   84   79   77   80   88   99  111  124  139  157  174  193  207  223  236
  250  261  271  278  286  292  300  309  319  332  340  350  352  358  357  361
  360  364  360  359  352  351  348  345  337  329  318  309  300  287  276  261
  253  239  227  216  205  195  189  187  179                                   
    25.0-180.0 180.0   5.0 450.0                            LAT/LON1/LON2/DLON/H
  190  169  159  151  143  138  128  125  119  117  117  112  113  107  106   97
   92   83   79   76   81   88  100  113  127  141  159  176  190  205  216  231
  243  256  267  276  279  290  293  308  312  330  336  350  351  361  360  370
  369  379  378  385  385  392  392  391  381  369  357  343  332  315  301  281
  265  250  234  223  211  201  197  195  190                                   
    22.5-180.0 180.0   5.0 450.0                            LAT/LON1/LON2/DLON/H
  199  180  171  164  157  154  145  139  130  123  119  113  112  108  104   98
   90   83   78   76   80   88   99  110  124  137  155  170  187  200  215  226
  239  253  265  275  282  288  297  307  317  328  335  346  349  358  361  369
  373  383  390  402  409  420  424  423  411  397  382  370  357  339  322  295
  277  254  238  222  210  200  197  194  199                                   
    20.0-180.0 180.0   5.0 450.0                            LAT/LON1/LON2/DLON/H
  200  183  177  175  170  167  160  156  143  136  125  119  115  107  105   95
   90   81   78   75   81   87   99  109  125  137  149  167  177  197  208  222
  235  248  263  274  282  293  300  314  320  333  336  348  349  361  362  375
  380  396  405  423  434  448  452  452  439  424  407  393  381  362  343  313
  290  265  246  232  217  204  199  197  200                                   
    17.5-180.0 180.0   5.0 450.0                            LAT/LON1/LON2/DLON/H
  201  186  183  180  176  175  169  163  152  141  130  121  115  108  102   95
   88   81   77   77   83   90   99  108  120  130  142  155  173  188  207  220
  235  251  264  278  289  299  312  324  333  341  346  351  354  360  366  374
  384  397  411  428  441  455  458  458  444  429  413  400  387  370  351  323
  301  273  255  235  220  203  198  192  201                                   
    15.0-180.0 180.0   5.0 450.0                            LAT/LON1/LON2/DLON/H
  198  186  184  182  178  178  173  170  160  151  138  129  121  110  104   94
   88   79   77   76   82   87   98  106  119  128  136  151  167  186  203  220
  236  252  267  282  296  310  324  339  348  357  358  364  363  372  372  386
  391  408  420  437  449  460  465  462  450  436  421  406  394  374  358  332
  309  284  263  247  228  210  203  197  198                                   
    12.5-180.0 180.0   5.0 450.0                            LAT/LON1/LON2/DLON/H
  200  189  184  182  176  174  169  167  159  151  139  131  121  113  104   95
   87   81   79   78   82   86   95  103  115  123  135  147  163  182  203  219
  240  257  274  291  307  322  339  355  368  372  376  374  375  377  380  385
  396  405  417  429  438  447  448  447  436  425  411  401  386  371  355  334
  313  290  271  251  234  214  206  198  200                                   
    10.0-180.0 180.0   5.0 450.0                            LAT/LON1/LON2/DLON/H
  200  189  184  179  171  168  162  161  153  149  138  131  123  115  108   98
   91   83   81   78   81   82   91  101  114  121  134  148  161  183  199  222
  238  257  275  296  314  331  350  366  379  383  387  385  385  387  387  396
  402  412  417  427  433  438  440  438  432  422  412  399  384  364  350  329
  312  295  277  261  241  222  212  210  200                                   
     7.5-180.0 180.0   5.0 450.0                            LAT/LON1/LON2/DLON/H
  206  195  187  177  167  158  151  148  143  140  131  128  122  117  110  102
   95   88   85   79   80   80   88   96  110  124  135  147  160  180  199  219
