data/unet/pred2840.15i
     1.0            IONOSPHERE MAPS     GNSS                IONEX VERSION / TYPE
pyspatialgeodesy        IME             05-JAN-18 20:20     PGM / RUN BY / DATE 
Map Name                                                    COMMENT             
Predicted global ionosphere maps (GIM).                     DESCRIPTION         
  2015    10    11     0     0     0                        EPOCH OF FIRST MAP  
  2015    10    12     0     0     0                        EPOCH OF LAST MAP   
  7200                                                      INTERVAL            
    13                                                      # OF MAPS IN FILE   
  NONE                                                      MAPPING FUNCTION    
10.0                                                        ELEVATION CUTOFF    
One-way carrier phase leveled to code                       OBSERVABLES USED    
  6371.0                                                    BASE RADIUS         
 2                                                          MAP DIMENSION       
   450.0 450.0   0.0                                        HGT1 / HGT2 / DHGT  
    87.5 -87.5  -2.5                                        LAT1 / LAT2 / DLAT  
  -180.0 180.0   5.0                                        LON1 / LON2 / DLON  
    -1                                                      EXPONENT            
                                                            END OF HEADER       
[from data line 3432]
     9                                                      START OF TEC MAP    
  2015    10    11    16     0     0                        EPOCH OF CURRENT MAP
    87.5-180.0 180.0   5.0 450.0                            LAT/LON1/LON2/DLON/H
   76   92   92   95   94   94   95   96   96   97   98   99   99  100  101  102
  102  103  103  103  103  103  102  102  102  101  100  100   99   99   98   98
   97   96   96   95   94   94   93   93   92   92   91   91   91   90   90   90
   89   89   89   89   88   89   88   88   88   88   87   88   87   88   87   88
   87   88   87   88   89   89   91  100   76                                   
    85.0-180.0 180.0   5.0 450.0                            LAT/LON1/LON2/DLON/H
   59   74   69   74   75   76   78   79   80   82   83   85   87   88   89   91
   91   93   93   93   93   93   92   91   90   88   88   86   86   84   83   82
   82   79   80   77   78   75   76   74   75   73   73   72   72   71   71   70
   70   69   69   69   68   68   67   68   67   67   65   67   65   66   65   66
   65   66   65   67   66   66   68   66   59                                   
    82.5-180.0 180.0   5.0 450.0                            LAT/LON1/LON2/DLON/H
   54   52   54   57   58   61   63   66   70   73   77   79   84   85   89   89
   93   92   95   93   95   92   94   89   91   86   86   82   82   78   77   75
   73   72   70   69   68   67   66   65   65   63   63   61   62   60   61   58
   59   57   58   57   57   56   56   55   55   54   54   53   53   52   51   51
   50   50   49   49   48   43   55   48   54                                   
    80.0-180.0 180.0   5.0 450.0                            LAT/LON1/LON2/DLON/H
   42   43   43   46   47   51   53   58   61   67   69   76   77   83   84   89
   89   92   92   95   94   95   93   92   89   88   85   83   80   78   75   73
   70   69   66   67   63   65   60   62   58   60   56   58   54   56   53   54
   52   53   51   52   50   52   49   51   49   50   47   48   46   46   44   44
   43   43   41   40   38   38   45   40   42                                   
    77.5-180.0 180.0   5.0 450.0                            LAT/LON1/LON2/DLON/H
   35   33   37   34   37   39   46   47   54   56   62   65   71   74   79   80
   84   84   88   87   90   89   92   88   89   86   86   82   80   76   75   71
   69   66   66   63   62   60   61   58   57   55   55   53   53   51   52   50
   52   50   52   51   51   50   50   49   49   47   48   45   45   43   44   40
   41   38   40   34   36   28   34   33   35                                   
    75.0-180.0 180.0   5.0 450.0                            LAT/LON1/LON2/DLON/H
   29   30   33   32   36   37   43   44   51   53   61   63   70   72   78   79
   83   83   87   87   90   90   93   90   90   88   87   83   80   76   74   70
   67   65   64   63   60   60   58   57   53   52   50   49   47   48   47   47
   48   48   50   49   50   49   49   48   47   46   45   43   43   42   42   40
   41   39   41   35   38   34   41   36   29                                   
    72.5-180.0 180.0   5.0 450.0                            LAT/LON1/LON2/DLON/H
   31   30   35   30   32   34   40   40   48   49   57   58   67   67   74   73
   79   77   83   81   87   86   90   88   90   88   88   84   82   77   75   71
   69   66   66   64   63   61   60   58   55   52   51   47   47   44   46   44
   47   46   50   49   51   50   51   48   48   46   45   43   42   42   42   40
   41   40   41   38   39   33   36   33   31                                   
    70.0-180.0 180.0   5.0 450.0                            LAT/LON1/LON2/DLON/H
   30   31   36   32   34   34   40   39   47   48   56   59   66   67   73   73
   77   77   82   83   88   89   94   94   95   94   91   88   83   79   74   71
   68   65   65   65   63   63   60   58   53   51   47   44   42   41   40   42
   42   45   46   48   49   50   49   48   46   45   43   41   40   39   40   39
   42   41   44   40   42   40   44   38   30                                   
    67.5-180.0 180.0   5.0 450.0                            LAT/LON1/LON2/DLON/H
   32   34   38   31   33   34   38   39   46   47   56   57   66   64   71   69
   76   73   80   80   88   89   97   98  101   97   97   93   88   82   78   73
   70   67   68   67   66   65   64   60   56   50   49   42   41   36   38   36
   40   40   46   44   49   47   50   46   47   43   44   40   40   38   40   39
   41   41   43   42   42   37   39   36   32                                   
    65.0-180.0 180.0   5.0 450.0                            LAT/LON1/LON2/DLON/H
   29   31   39   32   35   34   41   39   47   48   57   59   67   68   73   73
   77   77   85   84   95   97  106  106  110  106  105  100   94   88   81   76
   72   69   68   69   68   68   64   62   54   51   45   41   37   36   34   35
   35   37   39   41   43   44   44   43   42   40   39   37   36   35   37   36
   39   39   43   39   42   40   42   37   29                                   
    62.5-180.0 180.0   5.0 450.0                            LAT/LON1/LON2/DLON/H
   25   30   34   28   31   33   38   38   47   48   57   59   68   67   74   73
   79   76   86   87   99  101  112  113  118  113  113  106  101   93   87   81
   76   73   72   72   71   70   67   63   57   51   45   40   35   32   31   31
   32   31   36   35   40   37   41   38   40   36   37   34   34   32   33   32
   34   35   36   35   35   31   33   28   25                                   
    60.0-180.0 180.0   5.0 450.0                            LAT/LON1/LON2/DLON/H
   18   24   31   27   31   31   38   37   46   47   57   61   70   72   77   78
   83   82   92   94  107  110  121  122  126  120  119  112  107   99   93   87
   82   78   76   76   74   73   69   67   58   54   46   42   36   34   31   31
   29   30   30   30   32   33   34   34   35   33   34   31   32   29   30   28
   32   30   34   30   33   30   32   24   18                                   
    57.5-180.0 180.0   5.0 450.0                            LAT/LON1/LON2/DLON/H
   13   22   24   22   24   28   34   36   44   46   56   62   72   72   79   79
   85   84   95   96  111  113  126  125  131  124  126  118  115  106  102   97
   92   88   85   84   82   80   76   73   65   60   53   47   41   37   34   33
   30   28   30   27   31   29   34   33   35   33   34   32   30   29   29   28
   29   29   30   28   26   22   23   14   13                                   
    55.0-180.0 180.0   5.0 450.0                            LAT/LON1/LON2/DLON/H
    9   19   24   21   27   27   35   35   44   46   56   62   71   75   82   83
   89   90  100  103  116  118  130  127  131  126  126  120  118  113  109  104
  101   97   94   92   89   87   82   80   73   69   61   58   50   48   43   40
   35   32   30   29   30   30   33   33   36   34   35   32   32   29   31   27
   31   28   31   25   28   24   26   14    9                                   
    52.5-180.0 180.0   5.0 450.0                            LAT/LON1/LON2/DLON/H
   12   23   24   24   26   30   36   37   44   47   57   63   73   74   83   84
   93   93  105  107  120  119  129  125  130  124  128  125  126  122  120  116
  114  110  107  105  102   99   95   92   85   81   75   71   63   60   53   50
   43   39   36   34   35   34   37   37   40   38   39   38   36   34   33   33
   33   33   34   31   30   26   27   11   12                                   
    50.0-180.0 180.0   5.0 450.0                            LAT/LON1/LON2/DLON/H
   19   26   31   27   33   34   42   42   48   50   59   65   74   78   86   89
   96   99  110  113  123  122  128  124  126  123  126  126  128  127  126  125
  123  119  117  114  111  109  104  102   97   93   87   85   79   75   68   63
   55   49   45   42   42   42   44   44   47   44   45   42   43   40   41   39
   42   39   43   38   40   36   38   20   19                                   
    47.5-180.0 180.0   5.0 450.0                            LAT/LON1/LON2/DLON/H
   31   39   40   38   40   43   48   48   55   57   66   71   79   80   89   91
  102  104  116  117  128  122  129  123  127  123  130  131  136  134  136  134
  132  129  128  125  123  121  118  116  110  107  102   99   94   90   83   76
   67   61   57   55   54   54   56   57   57   56   54   52   49   49   47   49
   49   50   51   51   49   47   47   27   31                                   
    45.0-180.0 180.0   5.0 450.0                            LAT/LON1/LON2/DLON/H
   43   45   48   45   49   49   55   56   63   66   75   79   85   87   94   98
  107  110  122  124  131  128  132  127  129  128  132  134  138  138  139  138
  138  135  135  132  131  129  127  124  119  116  111  108  104  101   94   87
   78   72   68   65   67   66   69   66   68   63   62   58   58   57   58   58
   61   61   64   60   61   60   62   43   43                                   
    42.5-180.0 180.0   5.0 450.0                            LAT/LON1/LON2/DLON/H
   54   57   56   55   56   60   64   67   75   80   88   91   98   96  104  106
  117  119  131  132  139  134  139  134  138  135  142  142  146  143  145  142
  142  140  142  141  142  140  137  135  129  124  120  116  112  107  100   94
   84   80   75   75   76   77   76   77   75   73   68   66   63   65   64   68
   69   71   72   72   69   67   69   51   54                                   
    40.0-180.0 180.0   5.0 450.0                            LAT/LON1/LON2/DLON/H
   61   60   60   58   62   64   71   74   85   93  102  106  110  109  115  117
  126  129  141  143  149  146  148  145  147  147  149  150  150  148  147  145
  146  146  150  151  153  151  147  141  134  128  123  119  115  110  104   97
   91   85   82   81   82   82   83   82   82   77   75   71   71   72   73   76
   78   80   80   77   75   74   77   62   61                                   
    37.5-180.0 180.0   5.0 450.0                            LAT/LON1/LON2/DLON/H
   63   63   59   59   60   66   74   84   97  108  118  122  126  125  130  132
  141  143  154  154  160  156  159  155  160  158  163  160  160  153  154  151
  154  156  163  167  169  167  160  152  142  134  128  123  118  112  105   99
   91   87   83   84   83   86   84   87   83   83   79   79   75   78   77   81
   81   84   81   81   74   73   74   62   63                                   
    35.0-180.0 180.0   5.0 450.0                            LAT/LON1/LON2/DLON/H
   63   60   57   56   61   66   76   88  104  118  130  137  140  141  146  149
  156  159  166  168  171  169  170  168  171  173  174  171  168  163  162  161
  167  171  182  186  189  184  176  163  150  139  132  125  121  114  107  100
   94   88   84   81   81   83   83   83   84   83   84   82   83   84   85   86
   87   88   84   80   76   74   77   65   63                                   
    32.5-180.0 180.0   5.0 450.0                            LAT/LON1/LON2/DLON/H
   62   57   53   52   54   62   73   91  108  127  138  148  152  155  159  165
  169  170  176  176  180  177  180  178  183  183  186  181  181  174  179  180
  190  198  210  217  217  209  195  179  162  148  139  132  127  120  112  105
   97   91   84   82   80   81   81   83   82   83   84   86   86   89   87   89
   88   88   80   79   70   70   72   59   62                                   
    30.0-180.0 180.0   5.0 450.0                            LAT/LON1/LON2/DLON/H
   64   54   51   46   53   58   72   88  108  125  139  150  157  163  170  176
  180  183  186  187  189  188  190  189  192  194  196  195  196  196  202  208
  224  235  248  252  250  236  218  195  177  160  150  143  138  130  123  114
  107   98   91   85   81   81   81   84   85   87   90   93   95   98   96   97
   96   93   86   82   75   73   75   61   64                                   
    27.5-180.0 180.0   5.0 450.0                            LAT/LON1/LON2/DLON/H
   71   60   51   51   50   58   69   87  107  126  137  149  157  166  174  184
  189  192  197  198  201  198  200  196  201  201  209  211  219  224  238  249
  268  280  290  291  283  264  242  217  195  179  168  162  155  149  139  130
  118  109  100   93   88   88   88   92   94   97   99  102  101  105  103  104
  100   97   89   86   78   80   79   63   71                                   
    25.0-180.0 180.0   5.0 450.0                            LAT/LON1/LON2/DLON/H
   76   62   58   52   57   61   74   87  107  122  134  143  155  166  180  190
  199  207  213  215  217  211  211  207  210  214  224  233  246  259  277  289
  309  318  326  321  312  289  265  239  218  203  193  188  181  174  164  152
  139  128  119  109  105  103  105  109  112  115  117  119  117  118  115  115
  112  110  103   98   90   90   90   73   76                                   
    22.5-180.0 180.0   5.0 450.0                            LAT/LON1/LON2/DLON/H
   84   75   67   66   61   70   77   94  110  120  129  139  153  167  184  198
  210  219  229  229  230  222  220  213  218  221  238  251  274  291  313  325
  341  344  347  341  329  306  284  260  242  228  220  213  207  199  189  178
  165  153  144  134  130  127  128  132  133  135  135  135  133  131  127  124
  121  118  111  107   98  100   98   81   84                                   
    20.0-180.0 180.0   5.0 450.0                            LAT/LON1/LON2/DLON/H
   91   83   79   73   73   76   87   98  114  121  129  138  154  171  192  208
  226  237  249  248  248  238  234  227  232  241  260  279  302  322  344  353
  363  360  362  350  341  320  300  279  263  254  247  241  234  226  216  207
  196  188  177  168  164  160  163  161  161  156  154  151  149  145  139  135
  131  128  123  118  109  107  108   92   91                                   
    17.5-180.0 180.0   5.0 450.0                            LAT/LON1/LON2/DLON/H
   93   93   87   85   81   87   94  107  119  128  134  143  159  178  202  222
  241  255  268  267  266  252  250  241  251  259  285  304  331  347  367  371
  375  368  367  357  349  333  316  300  285  276  269  261  253  244  238  228
  224  219  214  205  198  195  196  194  188  180  171  168  161  158  150  146
  141  136  129  122  115  113  109   99   93                                   
    15.0-180.0 180.0   5.0 450.0                            LAT/LON1/LON2/DLON/H
   96   97   93   90   89   97  108  119  132  138  146  155  171  191  214  233
  256  273  290  287  287  273  270  265  275  288  312  333  357  371  385  386
  385  377  372  361  357  345  334  319  308  299  289  279  269  261  255  251
  248  250  245  240  231  229  226  222  213  201  188  177  171  164  158  151
  147  141  135  125  117  113  111  101   96                                   
    12.5-180.0 180.0   5.0 450.0                            LAT/LON1/LON2/DLON/H
   87   93   93   93   93  103  116  131  144  151  159  170  189  207  231  250
  273  292  309  309  310  296  297  292  306  317  343  359  382  390  399  396
  393  385  376  369  366  361  354  345  331  320  304  292  279  271  265  264
  263  265  264  260  254  254  249  246  232  220  197  187  174  170  163  157
  150  144  134  123  113  109  103   93   87                                   
    10.0-180.0 180.0   5.0 450.0                            LAT/LON1/LON2/DLON/H
   87   87   86   89   92  105  121  136  153  162  174  188  209  228  251  269
  293  312  330  330  331  320  323  323  336  352  373  390  405  410  412  406
  401  392  383  378  377  376  374  365  353  335  317  300  287  279  273  273
  271  274  272  270  262  261  255  251  238  222  201  186  175  168  162  157
  152  143  133  120  110  103   96   86   87                                   
     7.5-180.0 180.0   5.0 450.0                            LAT/LON1/LON2/DLON/H
   80   81   82   81   89  101  123  140  160  172  189  205  231  248  272  290
  320  339  358  358  359  350  354  355  370  382  401  411  427  424  425  417
