data/unet/pred0090.15i
     1.0            IONOSPHERE MAPS     GNSS                IONEX VERSION / TYPE
pyspatialgeodesy        IME             05-JAN-18 20:20     PGM / RUN BY / DATE 
Map Name                                                    COMMENT             
Predicted global ionosphere maps (GIM).                     DESCRIPTION         
  2015     1     9     0     0     0                        EPOCH OF FIRST MAP  
  2015     1    10     0     0     0                        EPOCH OF LAST MAP   
  7200                                                      INTERVAL            
    13                                                      # OF MAPS IN FILE   
  NONE                                                      MAPPING FUNCTION    
10.0                                                        ELEVATION CUTOFF    
One-way carrier phase leveled to code                       OBSERVABLES USED    
  6371.0                                                    BASE RADIUS         
 2                                                          MAP DIMENSION       
   450.0 450.0   0.0                                        HGT1 / HGT2 / DHGT  
    87.5 -87.5  -2.5                                        LAT1 / LAT2 / DLAT  
  -180.0 180.0   5.0                                        LON1 / LON2 / DLON  
    -1                                                      EXPONENT            
                                                            END OF HEADER       
[from data line 2574]
     7                                                      START OF TEC MAP    
  2015     1     9    12     0     0                        EPOCH OF CURRENT MAP
    87.5-180.0 180.0   5.0 450.0                            LAT/LON1/LON2/DLON/H
   99  102  103  105  101  103  100  104  102  105  103  105  103  103  101  101
  100   98   98   96   96   94   95   92   94   91   92   89   90   88   88   86
   87   86   87   85   87   86   88   87   88   89   88   88   88   89   88   88
   87   89   87   90   88   91   89   91   90   91   89   91   90   90   89   89
   90   89   90   90   93   92   98   88   99                                   
    85.0-180.0 180.0   5.0 450.0                            LAT/LON1/LON2/DLON/H
   98   96   97   95   98   95   97   98  101  100  102   99  102   98   99   96
   97   94   94   92   92   90   90   89   88   88   87   87   87   86   86   86
   86   85   86   84   86   84   86   83   85   83   84   81   83   81   82   80
   82   81   84   82   85   84   87   85   88   86   89   87   90   88   91   88
   92   88   93   88   92   92   94   97   98                                   
    82.5-180.0 180.0   5.0 450.0                            LAT/LON1/LON2/DLON/H
   92   87   86   86   88   84   88   86   89   87   88   85   88   84   86   84
   85   83   84   82   82   82   82   82   82   81   82   81   81   80   80   80
   80   80   80   80   80   80   81   80   80   80   78   76   74   71   70   67
   68   66   69   67   71   70   76   74   79   79   82   82   83   83   83   84
   84   84   83   83   81   81   75   76   92                                   
    80.0-180.0 180.0   5.0 450.0                            LAT/LON1/LON2/DLON/H
   77   74   76   72   77   72   77   76   77   74   75   72   72   70   71   69
   72   70   73   72   75   73   78   75   79   75   79   76   78   75   78   76
   79   77   80   79   82   80   83   80   82   80   81   76   77   70   73   65
   70   62   69   63   69   66   71   71   74   75   78   79   80   80   81   80
   79   78   78   74   73   66   60   68   77                                   
    77.5-180.0 180.0   5.0 450.0                            LAT/LON1/LON2/DLON/H
   68   64   61   65   63   63   63   64   62   61   58   56   54   53   52   52
   53   54   56   59   61   64   66   71   70   74   72   74   72   75   73   76
   75   78   78   82   81   86   83   87   82   86   80   82   74   75   71   69
   66   64   64   63   64   65   67   71   71   77   77   81   78   81   77   79
   74   75   70   68   65   60   52   59   68                                   
    75.0-180.0 180.0   5.0 450.0                            LAT/LON1/LON2/DLON/H
   60   59   62   57   61   58   60   57   55   52   49   45   41   39   37   37
   37   39   42   45   50   54   61   65   69   71   74   75   76   77   80   81
   84   86   90   92   95   98   99  100   98   97   94   89   85   79   78   69
   69   62   65   60   63   63   68   68   73   75   80   80   82   80   81   78
   76   73   70   65   64   58   51   59   60                                   
    72.5-180.0 180.0   5.0 450.0                            LAT/LON1/LON2/DLON/H
   63   62   59   62   60   60   58   58   53   51   45   41   35   32   28   27
   27   28   32   37   45   50   59   65   72   76   81   84   87   88   92   94
   99  102  107  111  115  118  118  118  114  113  107  103   96   92   86   81
   74   72   67   65   65   66   69   71   75   78   82   83   85   84   84   81
   79   75   72   66   64   57   54   58   63                                   
    70.0-180.0 180.0   5.0 450.0                            LAT/LON1/LON2/DLON/H
   64   64   69   63   70   65   69   62   59   52   47   39   35   26   24   21
   21   22   26   30   40   47   59   67   78   83   90   93   98  102  109  113
  120  125  132  137  142  146  144  143  138  135  127  123  116  110  104   95
   90   82   80   73   74   72   76   76   81   83   87   87   90   89   89   86
   85   81   78   72   70   63   60   66   64                                   
    67.5-180.0 180.0   5.0 450.0                            LAT/LON1/LON2/DLON/H
   71   71   70   70   73   71   71   68   63   58   50   44   37   32   27   24
   23   23   27   31   41   49   61   72   83   91  100  106  113  119  127  133
  143  149  159  166  174  175  176  170  164  158  151  145  139  132  125  114
  103   94   87   80   77   75   77   79   83   85   88   87   89   88   89   87
   87   84   82   75   74   65   66   71   71                                   
    65.0-180.0 180.0   5.0 450.0                            LAT/LON1/LON2/DLON/H
   74   72   75   71   77   75   81   73   72   61   58   48   45   37   33   30
   27   26   29   32   40   49   61   75   86   97  106  114  124  131  141  149
  161  170  183  195  202  209  204  201  189  185  173  169  159  155  145  135
  121  109   96   86   79   76   74   76   76   80   81   82   81   82   83   82
   83   81   81   77   75   68   69   76   74                                   
    62.5-180.0 180.0   5.0 450.0                            LAT/LON1/LON2/DLON/H
   76   74   73   72   75   75   76   75   71   66   61   56   52   47   44   40
   37   35   36   38   44   50   61   73   86   95  107  116  128  138  150  162
  177  190  206  217  230  231  231  222  216  206  198  188  180  172  163  150
  137  121  105   89   78   73   70   68   68   70   70   70   70   69   70   70
   72   72   73   71   72   66   68   75   76                                   
    60.0-180.0 180.0   5.0 450.0                            LAT/LON1/LON2/DLON/H
   74   66   68   64   71   70   77   71   74   65   67   61   61   56   54   50
   45   43   42   42   44   49   58   71   83   95  106  119  132  146  160  177
  193  210  226  242  251  257  251  244  234  227  216  209  199  190  179  164
  147  128  109   91   77   69   63   60   58   58   58   57   57   56   57   58
   62   62   66   65   66   62   64   69   74                                   
    57.5-180.0 180.0   5.0 450.0                            LAT/LON1/LON2/DLON/H
   70   62   58   58   61   64   65   66   66   63   63   61   62   61   60   58
   56   52   51   49   48   51   56   69   78   92  104  120  134  153  171  188
  205  221  242  257  268  271  269  257  251  238  232  220  216  206  196  179
  161  139  118   98   83   71   63   57   53   52   52   49   49   47   49   50
   54   57   61   61   62   57   56   65   70                                   
    55.0-180.0 180.0   5.0 450.0                            LAT/LON1/LON2/DLON/H
   67   55   53   49   54   54   62   56   62   56   61   60   62   62   63   63
   60   58   54   52   48   48   52   63   75   88  102  121  140  162  180  201
  218  241  258  274  283  288  281  275  264  255  245  240  233  225  211  195
  174  150  127  103   87   73   64   56   52   48   44   43   42   41   43   45
   50   54   59   59   59   59   57   56   67                                   
    52.5-180.0 180.0   5.0 450.0                            LAT/LON1/LON2/DLON/H
   66   56   46   45   44   47   49   50   52   50   53   55   58   60   62   64
   63   61   60   56   51   51   55   66   76   91  105  128  147  171  189  207
  229  247  267  280  293  295  293  284  277  263  257  249  248  236  226  208
  191  164  142  117  100   84   74   63   58   53   49   45   46   43   46   49
   54   58   62   63   62   57   55   62   66                                   
    50.0-180.0 180.0   5.0 450.0                            LAT/LON1/LON2/DLON/H
   70   57   48   44   45   44   48   44   47   44   48   50   53   56   59   62
   62   61   59   55   51   51   55   67   77   95  110  133  155  177  195  216
  236  255  270  285  295  300  297  294  285  277  266  264  257  251  237  223
  204  181  155  130  110   94   83   73   64   59   54   51   49   49   52   57
   63   67   71   70   70   70   69   65   70                                   
    47.5-180.0 180.0   5.0 450.0                            LAT/LON1/LON2/DLON/H
   76   66   54   50   47   46   46   45   45   43   44   46   50   52   56   59
   61   60   59   57   56   58   62   74   85  103  122  145  164  186  201  220
  239  254  268  283  296  301  303  298  293  284  276  267  263  251  242  228
  213  194  173  148  127  110   96   84   75   69   63   59   60   57   63   68
   75   79   81   81   80   76   76   83   76                                   
    45.0-180.0 180.0   5.0 450.0                            LAT/LON1/LON2/DLON/H
   88   75   64   56   56   50   52   46   49   43   45   46   50   51   56   58
   59   58   57   57   57   61   68   83   96  117  134  154  173  193  207  225
  239  254  262  280  292  301  301  303  298  294  281  274  263  256  242  232
  217  202  183  160  136  120  103   93   81   77   68   66   65   64   70   75
   83   88   93   93   92   91   93   96   88                                   
    42.5-180.0 180.0   5.0 450.0                            LAT/LON1/LON2/DLON/H
   96   88   75   70   67   63   61   56   55   49   50   49   53   52   56   57
   59   59   59   60   62   69   77   96  111  132  151  170  185  198  209  223
  236  246  258  274  290  298  302  303  303  298  289  276  265  253  241  231
  221  210  194  170  148  128  109   97   86   80   73   69   69   69   74   80
   87   91   97   98   99   97  100  111   96                                   
    40.0-180.0 180.0   5.0 450.0                            LAT/LON1/LON2/DLON/H
  107   97   84   80   80   75   76   68   68   59   60   58   61   57   61   61
   62   61   62   63   66   75   85  109  126  148  166  184  194  205  212  224
  233  245  253  274  288  299  301  307  309  307  297  288  274  264  248  239
  226  216  198  176  151  131  111   97   84   78   70   67   68   67   74   78
   87   90   98   99  103  103  107  112  107                                   
    37.5-180.0 180.0   5.0 450.0                            LAT/LON1/LON2/DLON/H
  108  100   87   86   85   83   81   76   75   69   68   67   68   64   67   65
   67   66   69   69   73   83   95  120  142  167  185  198  205  210  218  227
  237  248  260  280  297  307  313  317  321  322  315  305  288  275  259  245
  233  220  204  178  155  133  111   95   83   76   68   67   69   70   74   78
   83   87   93   94   98  100  105  114  108                                   
    35.0-180.0 180.0   5.0 450.0                            LAT/LON1/LON2/DLON/H
  111  100   89   88   91   89   90   83   84   74   78   75   74   71   73   72
   75   74   76   75   79   89  106  132  156  185  201  214  216  222  229  239
  251  268  280  302  317  330  331  339  342  346  339  334  315  303  279  266
  246  233  213  187  161  137  116   98   87   75   72   69   72   73   79   80
   84   87   91   92   93   96  102  102  111                                   
    32.5-180.0 180.0   5.0 450.0                            LAT/LON1/LON2/DLON/H
  107   96   82   85   85   86   87   84   83   79   80   79   76   73   75   77
   81   81   83   83   86   98  115  143  172  200  216  226  229  235  246  260
  278  299  320  340  358  371  374  381  385  387  380  372  354  336  312  293
  272  256  234  206  178  153  132  117  105   98   92   93   95   95   99  104
  108  104  100   96   93   89   93   96  107                                   
    30.0-180.0 180.0   5.0 450.0                            LAT/LON1/LON2/DLON/H
  106   91   79   82   90   88   93   84   87   78   85   81   80   76   79   81
   87   86   89   89   95  108  128  156  187  215  228  238  243  253  271  291
  316  340  367  387  410  422  424  430  435  438  435  431  411  395  363  344
  316  301  273  250  215  187  165  153  141  133  129  123  121  126  126  134
  133  137  131  124  110  100   97   89  106                                   
    27.5-180.0 180.0   5.0 450.0                            LAT/LON1/LON2/DLON/H
  109   95   78   83   86   87   90   83   84   78   81   81   79   75   77   80
   87   89   93   96  102  120  139  170  200  222  238  248  260  279  305  337
  365  393  422  445  472  480  491  492  503  509  509  503  481  456  423  395
  368  349  326  302  273  242  220  204  198  181  176  164  173  173  179  179
  179  176  165  159  146  122  111   90  109                                   
    25.0-180.0 180.0   5.0 450.0                            LAT/LON1/LON2/DLON/H
  120  101   87   85   93   84   91   80   86   74   82   74   78   71   75   76
   87   88   97  101  113  132  154  184  213  233  249  262  282  310  345  377
  412  440  470  500  525  537  538  542  553  563  573  566  542  514  480  450
  419  399  374  358  334  317  294  280  264  240  224  209  207  212  224  243
  240  237  217  204  175  155  146  118  120                                   
    22.5-180.0 180.0   5.0 450.0                            LAT/LON1/LON2/DLON/H
  136  127  105   98   95   88   88   83   85   74   76   70   70   67   69   73
   81   87   96  105  122  144  169  198  222  238  259  277  307  340  378  416
  455  482  522  541  575  578  590  591  612  620  635  627  602  570  532  501
  473  446  426  405  392  384  371  358  340  310  290  270  271  271  292  309
  311  298  277  252  221  190  169  140  136                                   
    20.0-180.0 180.0   5.0 450.0                            LAT/LON1/LON2/DLON/H
  168  160  140  121  114   94   95   82   91   76   75   64   65   57   67   65
   80   80   98  108  135  159  190  211  233  245  270  293  327  361  407  447
  488  516  551  571  600  606  615  623  644  653  666  655  641  605  577  544
  517  498  474  471  454  459  441  432  412  384  358  336  327  327  335  352
  358  348  327  302  267  237  206  195  168                                   
    17.5-180.0 180.0   5.0 450.0                            LAT/LON1/LON2/DLON/H
  207  191  176  155  134  118  106  101   97   86   79   66   65   58   61   67
   73   80   98  118  152  183  212  229  245  257  289  310  350  384  433  474
  513  544  572  590  616  619  633  639  671  678  694  682  665  640  614  586
  559  542  527  519  512  512  505  487  472  436  411  381  374  364  363  367
  370  369  353  330  302  274  246  235  207                                   
    15.0-180.0 180.0   5.0 450.0                            LAT/LON1/LON2/DLON/H
  233  219  195  182  157  134  123  112  114   98   90   76   67   58   60   61
   71   73  101  123  169  199  231  239  258  272  303  334  371  408  453  492
  526  553  576  589  613  618  627  641  665  678  685  673  661  638  625  604
  588  579  562  561  546  546  531  520  497  469  435  409  389  372  359  352
  350  355  354  339  319  303  277  272  233                                   
    12.5-180.0 180.0   5.0 450.0                            LAT/LON1/LON2/DLON/H
  255  240  218  204  177  150  137  126  123  109   97   83   73   64   64   64
   69   77   99  135  181  219  246  255  272  285  321  350  392  430  466  502
  532  558  573  587  607  611  623  633  660  669  679  670  656  643  632  621
  611  601  592  585  572  560  545  521  499  463  434  400  381  356  342  335
  333  337  335  330  314  308  291  282  255                                   
    10.0-180.0 180.0   5.0 450.0                            LAT/LON1/LON2/DLON/H
  254  250  229  218  188  163  143  137  129  121  108   93   79   75   69   71
   75   78   99  140  191  231  259  270  286  305  337  374  411  447  472  500
  527  545  564  574  594  602  613  627  643  653  655  646  637  630  631  630
  624  617  604  595  575  562  538  510  479  451  415  386  355  327  305  301
  295  295  301  305  303  301  292  282  254                                   
     7.5-180.0 180.0   5.0 450.0                            LAT/LON1/LON2/DLON/H
  247  245  227  215  187  160  148  139  135  121  111   93   85   79   79   79
   82   84  103  145  199  239  269  281  298  316  353  393  427  460  477  504
