data/unet/pred1750.15i
     1.0            IONOSPHERE MAPS     GNSS                IONEX VERSION / TYPE
pyspatialgeodesy        IME             05-JAN-18 20:20     PGM / RUN BY / DATE 
Map Name                                                    COMMENT             
Predicted global ionosphere maps (GIM).                     DESCRIPTION         
  2015     6    24     0     0     0                        EPOCH OF FIRST MAP  
  2015     6    25     0     0     0                        EPOCH OF LAST MAP   
  7200                                                      INTERVAL            
    13                                                      # OF MAPS IN FILE   
  NONE                                                      MAPPING FUNCTION    
10.0                                                        ELEVATION CUTOFF    
One-way carrier phase leveled to code                       OBSERVABLES USED    
  6371.0                                                    BASE RADIUS         
 2                                                          MAP DIMENSION       
   450.0 450.0   0.0                                        HGT1 / HGT2 / DHGT  
    87.5 -87.5  -2.5                                        LAT1 / LAT2 / DLAT  
  -180.0 180.0   5.0                                        LON1 / LON2 / DLON  
    -1                                                      EXPONENT            
                                                            END OF HEADER       
[from data line 3861]
    10                                                      START OF TEC MAP    
  2015     6    24    18     0     0                        EPOCH OF CURRENT MAP
    87.5-180.0 180.0   5.0 450.0                            LAT/LON1/LON2/DLON/H
  174  148  145  147  146  142  144  142  144  142  144  142  144  142  144  141
  144  141  143  140  142  139  141  138  140  137  139  135  137  132  135  129
  132  126  129  124  128  122  127  123  127  122  127  124  128  123  127  124
  127  123  127  123  127  122  127  122  126  122  128  124  128  125  131  128
  132  131  136  136  140  138  145  156  174                                   
    85.0-180.0 180.0   5.0 450.0                            LAT/LON1/LON2/DLON/H
  137  133  138  144  142  143  141  144  141  144  140  143  140  142  138  141
  138  140  136  138  135  138  134  136  134  136  133  135  132  134  130  131
  126  127  123  124  120  122  119  122  119  121  119  122  120  122  121  122
  121  122  120  122  120  122  120  122  120  122  121  124  123  126  125  128
  127  132  131  134  134  132  138  150  137                                   
    82.5-180.0 180.0   5.0 450.0                            LAT/LON1/LON2/DLON/H
  140  134  148  149  148  150  147  151  148  150  147  149  147  147  146  146
  145  144  144  142  142  141  141  140  140  139  139  138  137  137  135  134
  131  130  128  128  124  125  123  125  122  124  123  125  124  125  126  127
  126  127  127  128  127  129  128  131  128  131  130  134  131  136  133  138
  134  139  137  139  137  134  132  132  140                                   
    80.0-180.0 180.0   5.0 450.0                            LAT/LON1/LON2/DLON/H
  139  140  146  150  149  149  149  151  150  150  150  150  150  149  150  149
  150  148  148  147  147  146  146  145  145  144  143  143  141  141  139  137
  134  133  130  130  127  127  125  125  124  124  125  126  126  127  127  129
  128  130  129  132  129  133  129  134  129  134  130  136  130  137  132  138
  133  139  134  138  135  131  133  130  139                                   
    77.5-180.0 180.0   5.0 450.0                            LAT/LON1/LON2/DLON/H
  137  137  147  148  149  149  151  151  151  150  151  150  150  149  150  149
  149  148  149  148  149  148  149  148  148  147  147  146  145  143  142  140
  138  135  135  132  131  129  129  127  127  125  127  126  128  128  130  130
  131  131  134  134  135  135  136  137  135  137  136  138  136  138  137  138
  136  137  137  136  135  128  129  126  137                                   
    75.0-180.0 180.0   5.0 450.0                            LAT/LON1/LON2/DLON/H
  138  135  143  147  148  149  150  151  150  150  150  150  149  150  149  150
  149  150  150  151  150  151  151  152  151  151  151  150  149  148  146  144
  141  140  137  136  134  133  132  131  130  129  130  130  131  132  132  133
  133  135  135  137  135  138  136  138  135  138  137  139  137  140  138  140
  138  139  137  138  135  129  130  128  138                                   
    72.5-180.0 180.0   5.0 450.0                            LAT/LON1/LON2/DLON/H
  137  135  145  147  149  149  151  150  151  149  150  149  149  147  148  147
  148  147  149  149  151  150  152  152  153  152  153  152  151  149  148  146
  144  141  140  138  137  135  135  133  134  131  133  132  134  133  135  134
  137  135  138  137  138  137  137  136  136  136  137  138  139  141  142  142
  141  141  141  139  137  130  131  126  137                                   
    70.0-180.0 180.0   5.0 450.0                            LAT/LON1/LON2/DLON/H
  142  136  144  149  151  151  153  153  152  151  150  150  149  149  148  148
  147  148  148  150  150  151  152  154  154  154  154  155  153  153  151  151
  147  146  144  143  141  140  139  139  138  138  139  139  139  139  140  140
  140  141  140  140  138  138  136  135  133  134  135  138  139  142  144  146
  145  146  144  145  140  135  135  131  142                                   
    67.5-180.0 180.0   5.0 450.0                            LAT/LON1/LON2/DLON/H
  144  140  150  151  154  154  156  154  154  152  153  150  150  148  149  148
  148  147  149  149  150  150  153  153  154  153  155  155  155  155  155  153
  151  149  148  146  144  143  143  142  143  142  144  142  143  141  143  141
  141  139  139  136  135  131  130  126  127  126  129  131  136  140  144  146
  147  148  148  146  144  138  138  130  144                                   
    65.0-180.0 180.0   5.0 450.0                            LAT/LON1/LON2/DLON/H
  150  143  151  156  158  158  158  158  156  155  154  154  152  152  150  150
  148  149  149  150  150  152  153  154  154  154  156  156  157  157  157  156
  154  153  150  149  146  146  145  146  146  147  147  147  145  145  143  143
  139  139  136  134  129  127  123  121  119  119  122  126  130  136  141  146
  147  150  149  151  147  144  143  138  150                                   
    62.5-180.0 180.0   5.0 450.0                            LAT/LON1/LON2/DLON/H
  152  147  157  159  162  161  162  160  159  156  156  153  154  151  152  150
  150  148  150  149  151  150  153  153  155  154  156  157  157  158  159  159
  158  155  153  150  149  148  149  149  150  150  151  149  147  145  143  139
  137  133  131  126  123  117  115  110  109  108  112  116  122  128  135  139
  143  146  148  148  149  143  144  137  152                                   
    60.0-180.0 180.0   5.0 450.0                            LAT/LON1/LON2/DLON/H
  154  148  156  163  165  165  164  164  160  158  156  156  154  154  153  153
  151  150  149  149  149  150  152  153  155  154  157  157  159  159  162  161
  160  157  154  153  150  151  151  153  154  155  154  154  148  146  140  138
  133  131  126  124  118  113  108  104  101  101  103  108  112  119  125  131
  135  139  142  146  145  143  145  143  154                                   
    57.5-180.0 180.0   5.0 450.0                            LAT/LON1/LON2/DLON/H
  151  149  161  164  167  166  167  165  162  158  156  154  153  152  153  151
  151  148  149  146  148  146  151  150  154  152  157  156  158  158  161  161
  159  156  155  152  151  150  153  155  157  159  158  157  150  146  140  136
  131  127  124  118  114  105  102   95   94   91   94   97  102  107  113  119
  124  128  134  137  140  137  142  139  151                                   
    55.0-180.0 180.0   5.0 450.0                            LAT/LON1/LON2/DLON/H
  150  147  157  167  170  170  168  168  162  160  156  155  153  153  154  154
  153  151  151  149  148  148  150  151  153  154  156  158  158  161  162  164
  161  159  155  154  151  154  156  159  161  163  162  159  152  147  140  136
  129  127  122  117  111  105  100   94   91   89   89   92   94   98  102  106
  110  116  122  128  132  132  137  140  150                                   
    52.5-180.0 180.0   5.0 450.0                            LAT/LON1/LON2/DLON/H
  144  145  160  167  173  172  173  170  166  160  157  154  152  151  153  153
  153  150  152  149  149  146  151  150  154  153  158  157  159  160  163  164
  163  159  157  153  152  153  158  161  164  165  164  161  153  147  141  135
  130  125  121  115  111  103   99   92   90   87   87   88   89   91   92   95
   99  105  111  118  124  124  132  131  144                                   
    50.0-180.0 180.0   5.0 450.0                            LAT/LON1/LON2/DLON/H
  141  143  155  168  174  177  177  175  169  164  159  156  153  154  155  157
  155  156  154  155  151  154  153  158  155  159  157  161  158  163  163  166
  164  163  159  157  156  159  163  166  168  169  166  162  154  149  142  137
  131  127  123  118  112  107  102   97   94   92   92   90   89   88   86   88
   89   95  101  109  114  116  125  128  141                                   
    47.5-180.0 180.0   5.0 450.0                            LAT/LON1/LON2/DLON/H
  135  137  156  166  176  179  183  180  177  169  165  159  157  156  159  158
  159  157  158  157  157  157  160  160  161  160  161  160  160  162  164  167
  168  165  164  162  163  164  169  170  173  172  169  164  157  150  145  140
  134  129  125  121  115  110  106  103  100   98   97   95   91   87   84   83
   84   89   95  104  109  110  120  116  135                                   
    45.0-180.0 180.0   5.0 450.0                            LAT/LON1/LON2/DLON/H
  132  135  149  166  176  183  187  187  183  178  172  168  165  166  166  168
  164  167  163  166  163  168  165  169  165  168  163  165  162  165  165  169
  171  170  170  170  172  175  178  180  180  179  174  168  160  155  149  144
  139  134  128  124  118  115  111  109  108  107  107  103   99   94   89   85
   84   88   93  100  104  105  116  114  132                                   
    42.5-180.0 180.0   5.0 450.0                            LAT/LON1/LON2/DLON/H
  126  126  147  161  175  182  192  192  193  185  183  176  176  174  177  176
  175  172  172  172  172  172  173  173  173  172  170  169  167  169  170  174
  179  179  183  183  187  188  192  191  190  186  181  174  167  161  156  152
  146  140  133  129  121  119  116  116  116  116  116  113  108  101   95   92
   90   92   96  102  105  105  113  106  126                                   
    40.0-180.0 180.0   5.0 450.0                            LAT/LON1/LON2/DLON/H
  124  124  138  155  169  180  191  195  197  194  193  191  191  191  192  190
  186  184  181  184  181  183  181  183  180  180  176  176  173  174  176  181
  187  191  196  199  201  203  205  204  200  195  190  184  177  172  166  160
  154  146  138  132  124  122  121  122  122  124  125  122  118  111  105  101
   99  100  102  105  105  103  110  107  124                                   
    37.5-180.0 180.0   5.0 450.0                            LAT/LON1/LON2/DLON/H
  122  118  135  149  165  175  191  195  203  200  204  200  203  203  204  203
  199  196  194  195  192  192  190  190  188  189  188  188  186  189  192  199
  205  211  218  221  225  224  225  218  213  205  200  194  188  183  177  171
  162  153  143  136  127  124  124  126  127  130  132  129  126  119  116  111
  109  109  109  111  110  104  108  104  122                                   
    35.0-180.0 180.0   5.0 450.0                            LAT/LON1/LON2/DLON/H
  122  119  128  142  156  167  184  191  202  203  210  210  216  218  222  219
  216  211  210  209  208  204  201  199  198  199  200  202  203  207  211  220
  227  236  242  247  248  246  242  232  224  215  209  203  198  194  187  179
  168  157  146  137  129  126  125  127  129  132  135  133  131  126  123  119
  116  117  115  115  112  105  107  111  122                                   
    32.5-180.0 180.0   5.0 450.0                            LAT/LON1/LON2/DLON/H
  122  117  128  139  154  164  182  190  205  206  219  218  228  229  235  233
  229  226  224  225  221  218  211  210  209  214  216  226  228  237  240  251
  258  267  274  276  278  269  262  246  235  224  217  212  206  202  194  184
  171  160  148  139  130  126  125  127  130  133  135  135  133  130  129  123
  122  120  119  118  115  107  108  113  122                                   
    30.0-180.0 180.0   5.0 450.0                            LAT/LON1/LON2/DLON/H
  127  124  129  139  148  160  175  186  198  205  218  223  235  241  249  247
  246  240  241  239  237  231  223  219  218  225  237  249  257  263  270  278
  286  293  301  302  301  288  277  256  245  231  226  219  213  206  196  184
  171  158  147  136  129  125  125  127  129  131  135  134  134  131  129  125
  122  120  117  117  114  109  109  120  127                                   
    27.5-180.0 180.0   5.0 450.0                            LAT/LON1/LON2/DLON/H
  130  125  134  142  151  160  176  187  202  208  226  231  247  251  262  259
  259  253  251  251  245  240  230  226  224  237  252  273  283  294  299  308
  315  320  329  325  321  302  289  264  249  235  229  223  215  207  195  182
  167  154  144  135  128  125  124  127  129  131  134  134  133  130  127  122
  120  114  115  114  114  109  114  124  130                                   
    25.0-180.0 180.0   5.0 450.0                            LAT/LON1/LON2/DLON/H
  137  132  139  146  153  163  176  190  203  212  227  238  251  261  272  271
  274  268  267  263  256  251  238  234  232  247  266  289  306  317  322  329
  337  344  347  341  333  312  293  267  251  235  229  220  213  202  189  174
  160  147  137  129  124  123  123  126  127  128  130  128  129  124  122  116
  113  108  108  108  110  109  116  131  137                                   
    22.5-180.0 180.0   5.0 450.0                            LAT/LON1/LON2/DLON/H
  137  135  146  152  160  166  180  194  209  218  235  245  264  271  282  283
  287  281  279  273  264  256  244  241  240  258  277  307  325  338  342  350
  356  359  358  345  334  311  291  266  247  233  223  216  207  195  181  167
  153  141  132  125  122  121  120  123  124  125  126  124  124  119  116  110
  106  100  102  102  108  108  120  134  137                                   
    20.0-180.0 180.0   5.0 450.0                            LAT/LON1/LON2/DLON/H
  142  140  155  161  170  178  191  203  215  224  239  252  266  280  291  296
  300  295  293  286  277  268  254  250  249  265  286  314  334  347  350  355
  360  361  355  343  327  307  286  265  245  229  217  209  198  187  173  160
  147  137  128  120  118  117  118  120  120  121  120  119  117  113  111  105
  102   95   96   99  103  107  118  135  142                                   
    17.5-180.0 180.0   5.0 450.0                            LAT/LON1/LON2/DLON/H
  138  143  158  167  177  184  197  208  222  230  244  255  274  284  298  302
  309  305  302  296  285  278  264  261  258  272  293  323  340  354  356  359
  359  354  350  331  319  299  284  264  244  230  217  208  196  187  173  161
  147  138  127  118  115  114  113  116  117  118  118  115  114  110  108  104
   98   93   94   95  102  103  117  135  138                                   
    15.0-180.0 180.0   5.0 450.0                            LAT/LON1/LON2/DLON/H
  139  148  165  177  191  198  210  219  228  234  246  258  273  287  300  309
  318  318  315  309  300  292  279  274  270  281  299  323  340  351  356  355
  351  347  337  325  311  300  282  267  246  233  218  209  197  188  174  161
  147  138  127  118  113  110  108  110  113  116  112  110  107  105  106  101
   98   94   94   96   97  103  111  128  139                                   
    12.5-180.0 180.0   5.0 450.0                            LAT/LON1/LON2/DLON/H
  131  143  163  179  195  202  215  224  233  237  247  256  273  285  300  307
  320  320  319  318  307  303  289  286  279  289  302  323  339  348  354  350
  347  336  330  316  310  299  290  275  259  241  230  220  210  199  185  171
  155  143  130  119  112  107  105  108  110  113  111  108  105  106  105  102
   97   93   92   89   92   96  105  123  131                                   
    10.0-180.0 180.0   5.0 450.0                            LAT/LON1/LON2/DLON/H
  129  150  166  185  201  209  222  228  234  236  245  253  265  277  289  301
  317  324  326  326  320  315  303  298  290  294  304  319  335  343  350  345
  340  331  323  316  308  306  296  286  271  255  242  231  222  207  193  176
  160  143  133  120  114  108  105  106  105  105  103  102  102  102  104  100
   98   92   90   87   85   92   97  110  129                                   
     7.5-180.0 180.0   5.0 450.0                            LAT/LON1/LON2/DLON/H
  122  141  162  183  202  212  223  229  235  236  245  250  262  270  285  295
  312  321  324  330  323  324  313  310  302  304  312  325  340  347  355  348
