data/unet/pred2840.15i
     1.0            IONOSPHERE MAPS     GNSS                IONEX VERSION / TYPE
pyspatialgeodesy        IME             05-JAN-18 20:20     PGM / RUN BY / DATE 
Map Name                                                    COMMENT             
Predicted global ionosphere maps (GIM).                     DESCRIPTION         
  2015    10    11     0     0     0                        EPOCH OF FIRST MAP  
  2015    10    12     0     0     0                        EPOCH OF LAST MAP   
  7200                                                      INTERVAL            
    13                                                      # OF MAPS IN FILE   
  NONE                                                      MAPPING FUNCTION    
10.0                                                        ELEVATION CUTOFF    
One-way carrier phase leveled to code                       OBSERVABLES USED    
  6371.0                                                    BASE RADIUS         
 2                                                          MAP DIMENSION       
   450.0 450.0   0.0                                        HGT1 / HGT2 / DHGT  
    87.5 -87.5  -2.5                                        LAT1 / LAT2 / DLAT  
  -180.0 180.0   5.0                                        LON1 / LON2 / DLON  
    -1                                                      EXPONENT            
                                                            END OF HEADER       
[from data line 4290]
    11                                                      START OF TEC MAP    
  2015    10    11    20     0     0                        EPOCH OF CURRENT MAP
    87.5-180.0 180.0   5.0 450.0                            LAT/LON1/LON2/DLON/H
  115   88   68   73   71   71   71   72   71   73   73   75   74   76   75   77
   76   77   75   76   74   75   71   72   69   70   67   67   65   66   63   64
   62   62   60   60   58   59   57   58   56   58   56   57   56   58   57   58
   58   60   59   61   60   62   61   63   62   65   63   65   64   66   64   66
   64   66   65   66   68   69   62  107  115                                   
    85.0-180.0 180.0   5.0 450.0                            LAT/LON1/LON2/DLON/H
   60   60   59   63   65   64   64   65   67   68   70   70   72   72   74   74
   75   74   74   73   73   71   71   69   68   66   65   63   63   61   60   58
   58   56   55   53   53   51   50   49   50   48   49   48   50   49   50   50
   52   52   53   53   55   55   56   56   58   58   58   58   59   58   59   58
   58   57   58   57   61   59   56   76   60                                   
    82.5-180.0 180.0   5.0 450.0                            LAT/LON1/LON2/DLON/H
   54   55   54   56   57   59   59   64   65   70   71   76   77   81   81   85
   84   87   84   86   82   83   78   78   73   73   68   67   63   62   58   58
   53   53   49   49   45   46   42   43   41   42   40   42   41   43   43   45
   46   48   49   51   52   54   54   56   56   58   57   58   57   58   56   57
   55   55   53   54   53   50   49   55   54                                   
    80.0-180.0 180.0   5.0 450.0                            LAT/LON1/LON2/DLON/H
   53   46   47   46   50   50   56   58   64   67   73   76   82   83   89   89
   92   91   92   89   89   85   84   79   76   71   68   64   61   58   56   53
   50   47   45   42   40   37   36   34   34   33   33   32   34   34   36   36
   39   39   42   43   46   46   49   48   52   50   53   51   53   50   52   49
   50   47   48   43   45   41   40   46   53                                   
    77.5-180.0 180.0   5.0 450.0                            LAT/LON1/LON2/DLON/H
   45   41   39   41   43   44   49   53   59   65   72   78   83   89   93   96
   97   97   96   94   90   87   81   78   72   68   63   61   57   55   52   50
   46   44   41   39   35   34   31   30   28   28   27   28   28   29   30   32
   33   35   37   39   40   42   44   45   46   47   48   48   48   47   47   46
   44   43   42   40   39   35   34   36   45                                   
    75.0-180.0 180.0   5.0 450.0                            LAT/LON1/LON2/DLON/H
   44   36   37   39   42   44   51   54   63   68   78   83   92   96  103  104
  106  104  103   98   94   88   84   77   72   67   62   60   56   55   51   51
   46   45   41   39   35   33   29   28   25   26   25   26   25   28   28   30
   31   33   34   36   38   39   41   41   43   43   45   45   45   44   45   43
   43   42   42   38   39   34   36   41   44                                   
    72.5-180.0 180.0   5.0 450.0                            LAT/LON1/LON2/DLON/H
   46   42   41   43   44   47   52   58   65   72   80   89   97  104  108  111
  111  108  105   99   93   86   79   73   66   62   58   56   53   53   50   50
   46   45   40   39   33   32   27   26   23   24   23   25   24   27   26   29
   28   31   31   33   33   35   35   37   37   39   40   41   41   41   41   41
   40   40   39   39   37   35   37   39   46                                   
    70.0-180.0 180.0   5.0 450.0                            LAT/LON1/LON2/DLON/H
   51   44   46   45   49   50   58   61   70   75   86   92  103  107  113  113
  114  109  106   98   93   83   77   68   63   58   55   52   51   50   49   47
   45   43   39   37   32   30   26   24   23   23   24   25   26   28   28   29
   29   30   30   30   30   30   32   32   34   34   37   36   38   37   39   38
   40   38   41   38   41   37   41   45   51                                   
    67.5-180.0 180.0   5.0 450.0                            LAT/LON1/LON2/DLON/H
   56   52   52   54   55   57   62   66   73   80   88   96  105  111  116  116
  116  111  108   99   92   82   75   66   60   54   51   49   47   47   46   46
   42   40   36   34   29   27   23   23   21   23   23   26   26   29   28   30
   27   28   26   26   25   25   25   27   27   30   31   33   33   34   34   35
   35   36   37   39   40   38   42   45   56                                   
    65.0-180.0 180.0   5.0 450.0                            LAT/LON1/LON2/DLON/H
   61   54   57   56   61   61   68   69   78   81   92   97  107  111  118  117
  119  113  111  101   95   84   78   68   62   55   52   49   47   46   45   42
   39   36   32   29   25   22   20   19   19   21   24   26   27   30   30   31
   28   27   24   23   21   20   21   21   24   25   27   28   30   30   32   31
   33   33   37   35   41   39   46   51   61                                   
    62.5-180.0 180.0   5.0 450.0                            LAT/LON1/LON2/DLON/H
   61   59   59   62   64   65   69   71   78   82   91   97  107  112  118  120
  121  118  115  107  101   91   84   73   65   57   52   47   45   43   41   39
   35   32   27   24   21   19   17   17   17   19   21   25   26   29   28   29
   25   24   19   17   14   14   13   15   17   20   22   23   24   25   25   25
   27   28   31   33   36   37   43   48   61                                   
    60.0-180.0 180.0   5.0 450.0                            LAT/LON1/LON2/DLON/H
   64   57   61   61   66   66   72   72   79   81   90   95  105  110  118  120
  125  123  123  116  110  100   93   82   73   63   57   51   48   45   43   39
   35   30   26   22   19   17   15   16   17   20   22   25   26   28   27   27
   23   21   17   14   11   10   10   11   15   17   20   21   23   22   24   22
   26   25   29   29   35   35   44   50   64                                   
    57.5-180.0 180.0   5.0 450.0                            LAT/LON1/LON2/DLON/H
   63   61   62   66   68   69   74   74   80   81   89   94  104  109  117  122
  127  129  130  126  121  111  104   92   83   71   66   58   55   50   47   42
   38   33   28   25   22   20   19   19   20   22   24   26   27   27   26   25
   21   19   14   11    8    7    7   10   12   16   18   19   19   19   19   19
   22   23   27   29   33   35   42   46   63                                   
    55.0-180.0 180.0   5.0 450.0                            LAT/LON1/LON2/DLON/H
   67   62   66   68   73   74   80   79   84   84   91   95  103  110  118  125
  132  135  138  136  132  122  115  102   94   83   76   69   65   60   56   51
   45   40   35   32   28   27   25   26   26   28   29   31   30   29   27   25
   22   19   15   11    9    8    9   11   15   18   21   20   21   19   21   19
   24   23   30   30   37   37   47   53   67                                   
    52.5-180.0 180.0   5.0 450.0                            LAT/LON1/LON2/DLON/H
   71   71   70   77   81   83   86   86   88   88   92   96  104  110  119  125
  133  138  142  142  139  131  122  110  102   91   86   80   77   72   68   62
   56   50   46   42   39   37   36   36   36   37   37   37   35   33   30   28
   24   22   18   15   12   12   13   16   19   22   23   23   21   20   20   20
   24   27   32   36   42   44   53   57   71                                   
    50.0-180.0 180.0   5.0 450.0                            LAT/LON1/LON2/DLON/H
   81   78   81   86   91   94   99   98   99   97   99  101  108  112  120  128
  135  141  145  145  144  136  128  117  109  101   97   94   91   86   80   75
   67   62   57   55   51   50   48   48   47   48   47   46   43   40   37   34
   31   28   26   22   21   20   21   24   28   30   31   29   28   24   26   25
   32   34   43   46   54   56   66   72   81                                   
    47.5-180.0 180.0   5.0 450.0                            LAT/LON1/LON2/DLON/H
   92   93   93  100  104  107  111  111  110  108  108  109  113  117  123  128
  136  141  145  146  145  139  131  122  114  109  106  104  102   98   91   84
   77   71   67   65   63   61   60   59   59   58   57   55   52   48   45   42
   40   38   36   34   32   32   33   37   39   41   39   37   33   30   30   32
   37   42   50   56   64   68   77   83   92                                   
    45.0-180.0 180.0   5.0 450.0                            LAT/LON1/LON2/DLON/H
  107  105  110  115  119  123  128  128  128  124  123  122  125  126  131  135
  140  144  147  149  148  143  137  128  122  117  115  116  113  108  100   92
   84   78   73   73   71   71   68   69   67   68   67   65   62   58   55   53
   51   50   49   46   45   45   47   49   52   51   49   45   41   38   40   40
   47   52   62   67   77   83   94  102  107                                   
    42.5-180.0 180.0   5.0 450.0                            LAT/LON1/LON2/DLON/H
  118  120  120  128  132  139  142  144  144  141  140  138  138  138  141  143
  148  150  152  154  153  150  144  136  131  128  126  124  121  114  106   94
   87   80   78   76   77   75   75   74   74   74   75   74   72   68   66   62
   62   61   60   59   57   58   58   61   61   61   56   52   47   45   45   47
   53   59   68   74   85   94  103  114  118                                   
    40.0-180.0 180.0   5.0 450.0                            LAT/LON1/LON2/DLON/H
  131  130  136  142  148  154  158  161  160  160  158  157  156  154  155  158
  161  162  163  165  165  162  157  150  144  140  136  134  127  119  108   97
   88   83   80   81   81   81   80   80   79   80   81   81   80   76   75   72
   72   70   70   68   67   67   69   70   71   68   65   59   56   53   55   56
   62   67   75   81   94  102  114  127  131                                   
    37.5-180.0 180.0   5.0 450.0                            LAT/LON1/LON2/DLON/H
  138  138  141  151  155  164  168  173  175  176  176  175  174  173  173  175
  176  177  178  180  180  176  173  165  159  154  149  143  134  123  111   98
   92   85   86   85   88   86   86   84   84   84   87   87   87   83   83   79
   78   76   74   73   72   74   74   77   75   74   68   65   60   59   59   62
   66   71   77   85   96  106  117  131  138                                   
    35.0-180.0 180.0   5.0 450.0                            LAT/LON1/LON2/DLON/H
  145  146  152  160  165  173  177  183  186  191  191  194  192  194  193  197
  196  199  198  200  198  195  188  182  174  169  162  154  142  130  117  106
  100   97   95   97   96   96   92   91   88   89   90   91   91   88   87   83
   81   77   75   72   73   75   77   78   78   75   72   68   67   66   69   70
   74   77   83   90  101  111  124  138  145                                   
    32.5-180.0 180.0   5.0 450.0                            LAT/LON1/LON2/DLON/H
  152  154  157  168  171  179  184  192  199  206  208  212  211  214  214  218
  217  220  218  219  216  212  205  197  190  182  175  165  154  139  129  119
  118  114  115  112  110  105  103   97   95   92   93   93   94   91   91   86
   82   77   73   70   69   72   74   77   74   72   68   67   66   69   71   75
   78   81   86   93  104  115  127  141  152                                   
    30.0-180.0 180.0   5.0 450.0                            LAT/LON1/LON2/DLON/H
  163  164  169  175  181  187  192  201  207  217  219  226  226  232  231  239
  237  240  237  237  232  228  219  211  201  193  186  179  169  158  151  144
  143  141  139  135  128  120  114  108  101   97   95   94   96   93   92   87
   82   74   70   66   67   69   72   73   72   69   67   67   70   73   78   82
   86   90   95  103  114  124  137  151  163                                   
    27.5-180.0 180.0   5.0 450.0                            LAT/LON1/LON2/DLON/H
  176  180  181  191  194  200  204  213  222  233  237  243  244  250  252  257
  257  259  255  253  246  240  230  221  211  204  199  196  190  184  180  176
  176  173  167  157  146  132  124  114  108  101   99   96   97   95   93   88
   81   73   66   62   62   66   69   71   68   66   63   66   68   76   80   86
   90   96  102  112  123  136  147  162  176                                   
    25.0-180.0 180.0   5.0 450.0                            LAT/LON1/LON2/DLON/H
  193  195  203  209  216  217  221  228  237  246  250  257  260  268  271  279
  278  281  276  273  263  253  239  229  220  216  215  216  216  213  214  208
  207  198  190  174  159  140  130  121  113  106  102  100  101   97   96   88
   82   72   67   61   62   64   69   69   67   65   63   66   71   78   84   91
   97  104  114  128  141  154  168  184  193                                   
    22.5-180.0 180.0   5.0 450.0                            LAT/LON1/LON2/DLON/H
  208  214  221  233  236  239  240  249  257  266  269  276  280  288  293  300
  302  304  300  295  281  266  249  235  227  227  230  237  243  244  243  236
  227  215  201  184  163  144  133  124  119  112  108  105  105  103   98   92
   83   75   67   63   63   66   68   69   66   64   63   66   70   79   85   93
   99  110  122  137  152  170  183  203  208                                   
    20.0-180.0 180.0   5.0 450.0                            LAT/LON1/LON2/DLON/H
  225  229  243  254  260  264  266  276  285  291  295  300  307  315  323  331
  334  337  332  324  306  286  264  248  241  243  250  261  270  272  270  257
  244  223  206  182  163  142  135  128  126  121  118  115  114  109  105   96
   88   79   73   69   70   73   76   76   73   71   67   69   72   78   85   94
  103  115  130  149  165  183  200  221  225                                   
    17.5-180.0 180.0   5.0 450.0                            LAT/LON1/LON2/DLON/H
  239  245  259  273  282  291  296  311  320  331  333  342  350  361  368  375
  379  380  373  363  342  319  292  274  264  265  274  285  294  294  289  274
  254  230  205  182  160  143  136  135  134  132  130  128  124  120  111  104
   93   87   80   77   76   79   80   81   79   75   73   72   73   77   82   91
  101  114  132  151  170  193  208  233  239                                   
    15.0-180.0 180.0   5.0 450.0                            LAT/LON1/LON2/DLON/H
  253  263  281  296  308  323  331  348  358  368  373  385  397  411  417  425
  429  429  423  412  390  363  334  312  301  297  304  310  316  311  304  284
  263  231  207  179  161  145  143  143  148  148  148  142  137  129  123  114
  105   98   93   89   87   89   89   90   86   84   79   77   75   77   80   88
   99  115  133  155  176  200  219  239  253                                   
    12.5-180.0 180.0   5.0 450.0                            LAT/LON1/LON2/DLON/H
  260  274  294  311  326  345  360  378  390  402  409  425  442  460  470  477
  483  479  477  462  445  419  390  363  346  337  337  337  338  331  319  298
  270  240  210  188  168  156  155  160  165  168  166  161  153  144  134  125
  115  108  102   97   94   94   91   91   88   85   82   78   75   75   77   84
   94  110  128  151  171  199  219  244  260                                   
    10.0-180.0 180.0   5.0 450.0                            LAT/LON1/LON2/DLON/H
  268  284  307  327  344  366  380  400  413  426  432  454  472  493  507  518
  532  530  532  518  506  475  448  421  397  379  370  362  361  348  335  308
  282  247  222  199  184  175  176  179  185  186  183  174  165  151  143  131
  123  112  108  102   98   96   90   89   85   83   78   74   72   73   75   82
   91  107  127  149  169  193  218  241  268                                   
     7.5-180.0 180.0   5.0 450.0                            LAT/LON1/LON2/DLON/H
  267  291  315  336  358  381  398  418  431  443  448  473  493  513  525  535
  553  562  568  564  555  529  500  468  440  414  399  388  383  370  352  327
