data/unet/pred2690.15i
     1.0            IONOSPHERE MAPS     GNSS                IONEX VERSION / TYPE
pyspatialgeodesy        IME             05-JAN-18 20:20     PGM / RUN BY / DATE 
Map Name                                                    COMMENT             
Predicted global ionosphere maps (GIM).                     DESCRIPTION         
  2015     9    26     0     0     0                        EPOCH OF FIRST MAP  
  2015     9    27     0     0     0                        EPOCH OF LAST MAP   
  7200                                                      INTERVAL            
    13                                                      # OF MAPS IN FILE   
  NONE                                                      MAPPING FUNCTION    
10.0                                                        ELEVATION CUTOFF    
One-way carrier phase leveled to code                       OBSERVABLES USED    
  6371.0                                                    BASE RADIUS         
 2                                                          MAP DIMENSION       
   450.0 450.0   0.0                                        HGT1 / HGT2 / DHGT  
    87.5 -87.5  -2.5                                        LAT1 / LAT2 / DLAT  
  -180.0 180.0   5.0                                        LON1 / LON2 / DLON  
    -1                                                      EXPONENT            
                                                            END OF HEADER       
[from data line 1287]
     4                                                      START OF TEC MAP    
  2015     9    26     6     0     0                        EPOCH OF CURRENT MAP
    87.5-180.0 180.0   5.0 450.0                            LAT/LON1/LON2/DLON/H
   82  116  113  112  112  109  111  110  112  111  112  112  112  112  111  111
  110  110  108  109  106  108  105  107  105  107  105  107  105  108  106  109
  107  110  108  111  109  111  110  110  110  110  109  108  109  108  109  108
  110  109  111  109  112  110  112  110  113  111  112  110  112  109  111  108
  110  107  109  107  110  106  122   81   82                                   
    85.0-180.0 180.0   5.0 450.0                            LAT/LON1/LON2/DLON/H
  106  118  104  109  107  105  106  107  107  108  107  108  106  106  105  104
  102  101   99   98   96   95   94   93   92   92   91   92   91   93   93   95
   94   96   97   99  100  101  102  104  104  105  104  107  105  108  106  109
  108  111  110  112  111  113  111  113  112  113  111  112  110  110  108  108
  107  106  106  107  105  101  117  112  106                                   
    82.5-180.0 180.0   5.0 450.0                            LAT/LON1/LON2/DLON/H
  100  106  102  106  104  103  105  105  106  104  106  103  105  100  103   96
   99   92   95   87   89   82   85   78   82   76   80   75   80   77   83   81
   86   85   91   91   96   96   99  100  102  104  105  107  108  111  111  115
  115  117  117  119  118  119  118  118  118  117  116  115  114  113  111  109
  108  107  107  106  104   99  110  101  100                                   
    80.0-180.0 180.0   5.0 450.0                            LAT/LON1/LON2/DLON/H
  101  102   97   96   94   95   96   97   97   98   97   99   96   97   93   92
   88   86   82   80   76   74   72   70   68   67   67   67   68   70   72   74
   77   80   84   86   90   93   96   98  100  103  104  107  110  113  117  120
  124  126  129  130  131  131  132  131  130  129  127  125  122  119  117  114
  111  109  108  107  104   97  100   98  101                                   
    77.5-180.0 180.0   5.0 450.0                            LAT/LON1/LON2/DLON/H
   96   95   89   89   86   88   87   90   88   91   90   92   89   90   87   85
   81   77   74   70   66   62   59   57   55   54   54   55   57   59   63   66
   70   73   77   82   84   90   90   97   95  103  101  111  112  120  122  130
  132  137  139  143  144  145  145  145  143  140  137  134  132  128  124  121
  117  114  111  109  104   97  100   93   96                                   
    75.0-180.0 180.0   5.0 450.0                            LAT/LON1/LON2/DLON/H
   96   95   89   84   78   79   77   79   76   80   79   81   78   80   76   75
   70   68   64   61   55   54   50   48   47   46   47   48   50   52   57   59
   64   67   72   76   80   84   87   91   93   98  102  109  115  120  127  133
  138  143  148  152  153  157  156  157  154  153  149  147  141  138  133  131
  126  123  119  116  111  104  105   97   96                                   
    72.5-180.0 180.0   5.0 450.0                            LAT/LON1/LON2/DLON/H
   99   92   82   78   73   71   70   69   69   70   71   72   73   72   73   70
   69   64   63   58   55   51   50   46   47   44   46   45   49   50   54   57
   62   65   70   74   77   82   83   89   89   99  100  110  115  124  129  137
  142  148  154  158  162  164  166  165  165  161  160  154  152  146  142  138
  134  130  127  124  118  110  109   99   99                                   
    70.0-180.0 180.0   5.0 450.0                            LAT/LON1/LON2/DLON/H
  103   97   85   76   68   66   63   62   60   61   61   62   62   63   63   62
   61   59   58   55   53   49   48   45   45   43   44   43   45   45   49   50
   56   57   62   65   69   73   76   81   85   91   98  105  115  121  130  137
  144  150  156  163  165  169  168  170  167  166  159  158  152  149  144  143
  139  138  136  134  129  120  116  109  103                                   
    67.5-180.0 180.0   5.0 450.0                            LAT/LON1/LON2/DLON/H
  110   99   86   77   70   62   60   56   56   54   56   55   58   57   60   58
   60   59   59   56   55   52   51   49   49   46   48   46   48   47   49   49
   53   53   57   60   64   68   72   79   83   92   97  107  113  123  130  138
  144  150  155  160  164  165  166  165  165  160  158  154  152  148  145  145
  141  142  140  141  137  129  124  113  110                                   
    65.0-180.0 180.0   5.0 450.0                            LAT/LON1/LON2/DLON/H
  114  107   90   78   68   62   56   54   50   50   49   50   50   50   54   53
   56   55   57   55   56   54   54   53   53   52   51   50   49   47   46   46
   46   47   48   53   57   62   68   73   81   88   96  104  111  120  126  134
  139  144  150  155  157  160  158  160  155  154  146  147  143  143  140  142
  140  143  143  144  142  136  130  124  114                                   
    62.5-180.0 180.0   5.0 450.0                            LAT/LON1/LON2/DLON/H
  121  108   94   82   72   63   57   52   50   47   47   47   48   48   51   52
   54   55   55   55   54   53   52   53   53   53   52   52   51   47   45   42
   41   40   43   46   52   58   65   73   82   90   98  106  112  121  126  133
  137  142  145  149  152  154  154  153  152  147  143  141  140  139  137  138
  137  141  142  146  145  140  133  125  121                                   
    60.0-180.0 180.0   5.0 450.0                            LAT/LON1/LON2/DLON/H
  124  116   99   86   74   65   58   53   49   48   47   47   47   47   48   49
   51   52   52   52   52   53   52   55   55   57   55   56   51   49   42   40
   36   38   38   45   51   58   66   73   82   91   99  107  114  121  125  130
  134  137  143  146  150  153  153  154  150  148  140  140  138  139  136  137
  135  138  139  142  143  141  134  131  124                                   
    57.5-180.0 180.0   5.0 450.0                            LAT/LON1/LON2/DLON/H
  131  118  105   92   82   72   63   57   52   47   46   44   45   44   45   46
   47   47   47   46   45   45   45   47   49   52   52   53   50   45   39   35
   33   33   38   42   52   60   69   78   88   97  105  113  120  127  130  136
  139  145  148  154  158  163  164  165  165  161  156  154  150  149  144  143
  138  139  138  141  142  141  136  130  131                                   
    55.0-180.0 180.0   5.0 450.0                            LAT/LON1/LON2/DLON/H
  135  125  114  100   90   78   70   62   55   52   49   49   47   47   45   46
   43   44   42   43   41   43   42   48   49   55   53   57   50   48   38   37
   31   36   37   48   55   65   73   82   91  100  108  118  126  133  138  142
  147  150  158  165  172  177  179  181  180  179  171  169  165  163  156  153
  146  144  141  142  142  141  136  136  135                                   
    52.5-180.0 180.0   5.0 450.0                            LAT/LON1/LON2/DLON/H
  146  131  126  114  102   92   81   72   62   55   50   47   46   44   44   42
   42   39   39   37   37   37   38   43   46   51   52   54   51   46   40   36
   35   37   45   54   65   73   82   92  100  111  118  129  137  146  149  157
  160  168  174  184  190  196  198  199  199  197  192  190  186  185  176  171
  160  155  150  150  148  146  140  139  146                                   
    50.0-180.0 180.0   5.0 450.0                            LAT/LON1/LON2/DLON/H
  155  143  138  129  120  107   96   84   72   65   57   54   50   49   45   44
   41   40   39   39   39   41   43   48   52   57   59   60   57   52   44   41
   39   45   51   63   72   83   90  100  108  118  127  139  150  158  165  172
  179  185  193  201  208  214  216  218  217  215  211  208  207  203  198  190
  179  169  162  159  157  154  147  147  155                                   
    47.5-180.0 180.0   5.0 450.0                            LAT/LON1/LON2/DLON/H
  166  157  154  147  137  127  112   97   83   72   64   56   54   49   49   43
   45   40   43   41   44   45   48   53   57   62   62   62   59   53   47   43
   45   50   62   73   85   95  103  113  121  132  141  154  164  174  182  191
  198  205  212  219  226  230  232  231  229  226  221  220  217  217  211  208
  197  187  178  172  170  166  159  154  166                                   
    45.0-180.0 180.0   5.0 450.0                            LAT/LON1/LON2/DLON/H
  174  170  163  158  152  143  129  112   95   83   72   66   61   57   54   50
   49   47   50   50   55   56   62   64   69   70   73   69   66   57   51   48
   49   56   66   81   92  104  111  121  128  140  151  164  178  190  199  207
  214  220  226  232  238  242  240  240  236  232  228  225  226  224  222  216
  210  201  193  186  183  175  168  163  174                                   
    42.5-180.0 180.0   5.0 450.0                            LAT/LON1/LON2/DLON/H
  184  179  172  166  159  152  139  122  105   91   81   71   69   61   62   55
   57   53   58   59   66   69   73   77   78   80   77   75   67   61   54   51
   53   61   74   89  103  114  123  132  141  153  165  179  194  207  217  226
  232  236  240  242  245  245  242  240  236  234  228  228  226  229  223  222
  216  210  202  196  195  186  180  168  184                                   
    40.0-180.0 180.0   5.0 450.0                            LAT/LON1/LON2/DLON/H
  187  182  170  166  161  154  143  128  112  100   89   82   79   72   72   66
   68   65   71   72   82   82   90   88   93   89   88   79   73   65   57   55
   55   64   74   92  104  119  127  138  150  163  176  192  209  222  231  241
  246  250  252  253  253  251  248  247  242  240  235  233  232  231  227  224
  220  214  209  204  204  192  186  175  187                                   
    37.5-180.0 180.0   5.0 450.0                            LAT/LON1/LON2/DLON/H
  191  177  165  157  150  144  136  126  114  104   96   88   87   80   81   75
   78   74   81   82   90   93   98   99   97   95   86   80   70   62   55   50
   53   60   74   91  108  123  136  147  163  176  190  207  224  236  246  254
  262  263  268  266  266  265  263  262  261  259  253  250  245  240  232  228
  224  220  217  211  214  202  197  180  191                                   
    35.0-180.0 180.0   5.0 450.0                            LAT/LON1/LON2/DLON/H
  193  176  155  147  138  133  127  122  114  107  102   98   98   93   96   90
   94   90   97   96  106  104  111  107  107  100   93   84   74   67   57   54
   52   58   68   87  106  125  140  156  172  185  203  218  234  245  254  264
  272  277  284  286  288  291  293  297  297  296  287  282  273  262  250  242
  236  231  225  222  223  210  203  188  193                                   
    32.5-180.0 180.0   5.0 450.0                            LAT/LON1/LON2/DLON/H
  201  172  153  136  126  120  116  114  109  106  103  100  101   98  102   99
  103  100  104  105  109  110  110  109  104   99   88   80   72   61   59   51
   54   56   71   86  109  128  149  165  184  198  216  231  247  255  265  273
  286  291  304  310  320  330  339  349  354  352  345  333  318  297  279  266
  257  248  244  235  238  225  219  204  201                                   
    30.0-180.0 180.0   5.0 450.0                            LAT/LON1/LON2/DLON/H
  213  182  153  137  120  113  108  106  106  106  106  106  108  108  113  111
  117  113  118  115  119  116  119  114  112  105   96   88   79   70   61   58
   54   58   67   85  107  129  151  171  192  205  225  240  253  261  272  283
  299  312  331  347  362  382  395  411  417  419  407  395  374  352  326  305
  292  278  268  260  257  245  235  224  213                                   
    27.5-180.0 180.0   5.0 450.0                            LAT/LON1/LON2/DLON/H
  238  198  177  150  130  115  107  103  102  104  103  104  107  109  114  115
  119  117  118  116  116  114  114  113  110  105   98   88   84   71   70   63
   67   63   75   85  111  132  159  178  196  210  227  242  254  263  276  291
  312  331  360  382  407  428  448  464  472  476  468  455  436  408  380  352
  336  320  309  294  292  276  265  257  238                                   
    25.0-180.0 180.0   5.0 450.0                            LAT/LON1/LON2/DLON/H
  268  226  203  180  153  132  118  113  109  110  109  110  112  114  120  120
  126  124  127  121  122  119  120  120  121  116  109   99   90   82   75   73
   71   73   76   87  109  133  158  180  196  207  223  237  253  264  281  300
  325  355  387  418  444  472  491  506  515  515  512  502  485  463  434  408
  389  372  355  344  332  317  298  292  268                                   
    22.5-180.0 180.0   5.0 450.0                            LAT/LON1/LON2/DLON/H
  311  269  251  219  197  166  147  131  122  119  115  114  112  114  117  120
  121  121  120  117  116  116  118  123  127  123  119  106  103   92   88   79
   80   79   86   89  113  132  160  179  196  204  217  232  249  266  287  311
  345  379  417  450  479  504  522  536  540  545  539  533  523  502  484  457
  439  418  404  387  379  366  343  334  311                                   
    20.0-180.0 180.0   5.0 450.0                            LAT/LON1/LON2/DLON/H
  352  313  289  269  243  212  188  165  149  142  133  129  123  122  123  122
  124  121  124  120  121  121  127  134  140  139  130  123  112  108   91   89
   86   89   90   92  110  132  155  176  191  201  214  226  251  272  298  327
  367  407  447  477  506  528  543  553  553  556  554  554  548  537  526  506
  488  468  451  436  425  410  382  377  352                                   
    17.5-180.0 180.0   5.0 450.0                            LAT/LON1/LON2/DLON/H
  394  367  349  324  301  266  240  207  187  168  156  147  136  132  127  125
  121  121  120  119  120  123  134  143  154  151  146  135  125  112   96   92
   88   88   91   93  110  129  150  169  186  198  214  228  252  282  311  349
  390  427  463  491  515  531  539  547  542  548  546  552  555  553  551  536
  524  504  491  474  465  453  428  416  394                                   
    15.0-180.0 180.0   5.0 450.0                            LAT/LON1/LON2/DLON/H
  425  411  391  384  351  322  283  253  224  203  183  172  156  150  140  136
  131  126  128  124  128  134  145  158  169  169  158  149  134  120  106   99
   98   91   89   93  108  128  145  168  181  196  213  232  260  292  328  367
  409  440  466  490  505  520  522  529  522  531  532  543  554  559  565  559
  550  535  523  508  501  488  469  455  425                                   
    12.5-180.0 180.0   5.0 450.0                            LAT/LON1/LON2/DLON/H
  460  451  441  425  400  365  331  296  266  241  219  200  180  171  156  153
  142  141  135  136  137  144  159  173  186  183  172  155  137  121  107  100
   93   84   83   88  105  124  144  164  183  199  220  241  271  306  343  382
  420  441  463  475  487  492  495  495  495  505  511  526  540  552  563  562
  558  546  538  528  523  512  499  475  460                                   
    10.0-180.0 180.0   5.0 450.0                            LAT/LON1/LON2/DLON/H
  479  477  464  454  423  401  359  331  299  283  250  232  207  198  181  176
  162  160  152  151  149  157  169  186  196  192  176  158  138  122  116  103
   93   84   80   89  102  127  141  166  180  199  222  246  281  314  354  389
  420  438  451  460  465  471  470  471  475  487  496  510  528  542  555  559
  557  549  542  535  535  528  519  499  479                                   
     7.5-180.0 180.0   5.0 450.0                            LAT/LON1/LON2/DLON/H
  500  495  487  466  442  415  385  355  326  311  284  265  236  225  208  204
  187  186  176  174  169  174  186  197  204  192  175  153  135  121  112   97
