data/unet/pred2800.15i
     1.0            IONOSPHERE MAPS     GNSS                IONEX VERSION / TYPE
pyspatialgeodesy        IME             05-JAN-18 20:20     PGM / RUN BY / DATE 
Map Name                                                    COMMENT             
Predicted global ionosphere maps (GIM).                     DESCRIPTION         
  2015    10     7     0     0     0                        EPOCH OF FIRST MAP  
  2015    10     8     0     0     0                        EPOCH OF LAST MAP   
  7200                                                      INTERVAL            
    13                                                      # OF MAPS IN FILE   
  NONE                                                      MAPPING FUNCTION    
10.0                                                        ELEVATION CUTOFF    
One-way carrier phase leveled to code                       OBSERVABLES USED    
  6371.0                                                    BASE RADIUS         
 2                                                          MAP DIMENSION       
   450.0 450.0   0.0                                        HGT1 / HGT2 / DHGT  
    87.5 -87.5  -2.5                                        LAT1 / LAT2 / DLAT  
  -180.0 180.0   5.0                                        LON1 / LON2 / DLON  
    -1                                                      EXPONENT            
                                                            END OF HEADER       
[from data line 5148]
    13                                                      START OF TEC MAP    
  2015    10     8     0     0     0                        EPOCH OF CURRENT MAP
    87.5-180.0 180.0   5.0 450.0                            LAT/LON1/LON2/DLON/H
  113   83   77   73   76   72   77   74   78   74   77   74   77   74   76   73
   76   72   75   71   74   70   73   69   72   68   71   67   70   66   69   65
   68   65   68   64   67   64   66   63   66   63   65   62   66   63   65   63
   66   63   66   63   67   64   67   64   67   65   68   65   68   65   69   66
   69   67   72   70   78   74   86  103  113                                   
    85.0-180.0 180.0   5.0 450.0                            LAT/LON1/LON2/DLON/H
   92   62   62   61   61   59   63   62   65   63   65   63   65   63   64   62
   63   60   60   57   57   53   54   50   50   46   47   43   45   41   42   39
   41   39   40   38   40   38   39   37   38   37   38   37   39   38   39   39
   41   40   42   41   43   41   43   42   44   43   46   44   46   45   48   46
   49   49   53   54   61   54   57   85   92                                   
    82.5-180.0 180.0   5.0 450.0                            LAT/LON1/LON2/DLON/H
   86   62   65   68   68   66   69   69   72   71   73   72   74   72   74   72
   73   69   69   65   65   59   58   53   52   46   46   41   41   37   38   34
   36   32   34   32   34   31   34   31   35   31   35   33   37   34   38   36
   41   38   43   40   46   43   48   45   51   47   53   50   55   52   57   54
   58   55   62   60   68   60   64   86   86                                   
    80.0-180.0 180.0   5.0 450.0                            LAT/LON1/LON2/DLON/H
   89   75   77   80   77   78   80   81   83   83   84   86   87   87   88   88
   87   85   83   81   78   73   69   64   60   55   51   47   45   42   40   38
   38   37   37   37   38   37   38   37   39   37   39   38   41   40   43   42
   46   45   49   49   53   53   56   57   60   60   64   64   67   66   69   68
   70   69   73   73   76   69   71   90   89                                   
    77.5-180.0 180.0   5.0 450.0                            LAT/LON1/LON2/DLON/H
   99   82   83   86   83   84   86   88   89   90   92   94   95   96   96   96
   95   93   91   89   85   80   75   69   63   57   53   48   45   41   41   39
   39   38   40   39   40   39   40   38   39   37   38   37   39   38   40   40
   43   43   47   47   52   51   56   56   60   60   65   64   68   67   71   69
   72   70   74   73   76   71   74   89   99                                   
    75.0-180.0 180.0   5.0 450.0                            LAT/LON1/LON2/DLON/H
  100   88   88   91   88   89   91   93   93   95   96   98   98   99   99   99
   97   97   94   93   88   85   80   74   66   60   55   51   47   45   44   44
   44   44   46   46   46   45   45   43   42   40   40   39   40   39   41   40
   42   42   45   45   48   49   53   53   58   59   63   64   67   68   70   71
   72   72   75   75   77   75   76   93  100                                   
    72.5-180.0 180.0   5.0 450.0                            LAT/LON1/LON2/DLON/H
  106   91   92   94   91   92   94   95   95   96   97   98   97   97   97   95
   93   92   91   89   86   83   79   73   65   60   55   51   47   46   46   46
   47   48   50   50   49   48   47   45   42   40   39   38   38   38   39   39
   39   39   41   41   43   43   47   48   53   55   60   61   65   66   70   69
   71   70   75   75   79   77   80   93  106                                   
    70.0-180.0 180.0   5.0 450.0                            LAT/LON1/LON2/DLON/H
  103   93   94   96   94   94   96   96   97   96   97   96   95   92   90   87
   85   83   83   81   80   77   75   70   64   58   54   50   48   48   49   50
   51   52   54   54   52   51   49   46   43   40   40   38   38   38   40   39
   39   38   40   38   40   40   44   46   51   53   59   62   66   67   70   70
   71   70   74   76   80   80   84   97  103                                   
    67.5-180.0 180.0   5.0 450.0                            LAT/LON1/LON2/DLON/H
  106   92   94   96   94   93   95   96   97   97   97   95   91   87   83   78
   75   72   72   72   72   71   69   65   60   56   52   50   48   48   50   52
   53   53   54   54   51   49   46   44   40   39   37   38   37   39   39   40
   39   39   38   37   38   38   42   44   49   53   60   63   68   69   72   70
   71   70   73   74   80   80   85   96  106                                   
    65.0-180.0 180.0   5.0 450.0                            LAT/LON1/LON2/DLON/H
  101   91   93   95   92   91   92   93   94   95   95   92   87   81   75   69
   65   62   62   62   62   63   62   59   55   52   50   49   49   50   52   53
   53   53   53   51   48   45   42   39   37   36   36   37   38   39   41   41
   42   40   39   38   38   38   41   44   50   55   62   67   72   74   76   75
   75   73   75   76   80   81   86   98  101                                   
    62.5-180.0 180.0   5.0 450.0                            LAT/LON1/LON2/DLON/H
  103   88   90   90   88   86   88   89   92   93   93   90   84   77   70   63
   58   54   55   55   56   56   56   53   50   48   47   47   47   48   50   50
   50   48   47   44   40   36   35   33   32   32   33   35   36   40   41   43
   41   41   38   37   36   37   40   44   51   56   65   70   77   79   82   80
   80   77   79   78   82   82   86   97  103                                   
    60.0-180.0 180.0   5.0 450.0                            LAT/LON1/LON2/DLON/H
   99   87   86   87   83   81   82   84   87   90   90   88   82   74   67   60
   54   51   50   50   49   49   48   46   43   42   42   43   44   45   46   46
   44   42   39   36   32   29   28   28   27   29   31   34   37   40   43   43
   42   40   38   36   36   37   41   46   54   61   70   76   83   86   89   89
   88   86   86   85   86   85   87   99   99                                   
    57.5-180.0 180.0   5.0 450.0                            LAT/LON1/LON2/DLON/H
  103   87   86   84   79   77   78   80   84   88   89   87   81   74   67   61
   55   52   50   49   47   45   43   40   38   36   38   38   40   40   42   40
   38   35   33   28   26   24   25   25   26   29   32   35   38   42   44   44
   42   40   37   36   36   38   43   48   57   64   74   79   87   90   95   94
   96   93   94   91   93   90   91   99  103                                   
    55.0-180.0 180.0   5.0 450.0                            LAT/LON1/LON2/DLON/H
  106   96   92   89   81   78   77   79   82   87   88   87   81   76   69   64
   59   56   52   49   45   41   37   34   32   31   32   34   36   37   37   35
   33   30   28   25   24   23   25   27   30   33   36   39   41   44   45   44
   41   39   37   36   37   40   46   52   63   70   79   84   91   94   99  100
  102  102  103  100  101   98   98  105  106                                   
    52.5-180.0 180.0   5.0 450.0                            LAT/LON1/LON2/DLON/H
  117  106  103   99   90   85   82   83   85   88   89   88   84   80   75   71
   65   62   56   51   44   38   34   30   29   28   31   32   35   35   36   35
   33   31   29   28   28   29   31   35   37   41   43   45   46   47   46   44
   42   39   37   37   39   42   50   58   68   75   84   87   94   95  101  103
  107  108  111  109  111  109  110  113  117                                   
    50.0-180.0 180.0   5.0 450.0                            LAT/LON1/LON2/DLON/H
  127  124  120  115  106   99   93   92   91   92   90   89   86   84   80   77
   72   67   60   52   44   36   31   27   27   27   30   32   35   35   36   35
   34   33   33   33   34   36   40   43   46   49   51   52   51   50   48   45
   43   40   39   39   42   47   57   66   78   85   93   94   98   99  105  107
  113  116  122  122  124  122  123  125  127                                   
    47.5-180.0 180.0   5.0 450.0                            LAT/LON1/LON2/DLON/H
  145  141  139  136  126  119  111  107  102   99   95   94   91   91   88   86
   80   73   64   55   45   37   33   31   31   32   35   36   38   40   41   41
   41   41   42   44   45   50   53   56   58   60   61   61   59   57   54   50
   48   45   44   44   47   53   65   76   88   95  102  101  103  102  108  111
  118  122  130  132  136  136  138  137  145                                   
    45.0-180.0 180.0   5.0 450.0                            LAT/LON1/LON2/DLON/H
  156  159  160  156  147  138  130  121  113  107  101   97   95   95   94   92
   86   78   68   59   50   43   40   38   39   40   41   42   43   44   46   47
   48   49   52   54   57   61   65   67   69   69   70   70   67   65   62   59
   56   53   51   51   55   61   74   86  101  107  113  109  110  107  112  115
  122  128  136  140  144  146  149  149  156                                   
    42.5-180.0 180.0   5.0 450.0                            LAT/LON1/LON2/DLON/H
  173  175  176  174  166  159  148  139  126  118  109  105  102  103  101   99
   91   84   73   65   58   54   53   53   53   52   52   51   51   52   53   55
   57   60   63   66   69   73   75   77   77   79   79   80   77   76   73   69
   66   63   61   60   64   70   83   96  110  117  121  118  117  113  117  119
  125  131  139  145  150  154  158  158  173                                   
    40.0-180.0 180.0   5.0 450.0                            LAT/LON1/LON2/DLON/H
  183  192  192  190  184  175  165  152  140  127  117  111  109  108  106  103
   95   87   78   72   68   68   67   68   66   64   62   59   57   57   59   62
   66   69   72   74   77   80   82   83   84   85   87   88   87   87   84   81
   78   74   71   70   73   79   93  105  121  126  132  127  127  122  126  127
  132  137  145  151  157  161  166  168  183                                   
    37.5-180.0 180.0   5.0 450.0                            LAT/LON1/LON2/DLON/H
  199  204  204  204  197  191  179  166  153  141  129  123  119  118  114  109
  101   93   85   82   81   83   83   83   79   76   71   67   64   66   68   71
   75   78   80   83   85   87   88   89   90   92   94   96   96   96   93   91
   87   84   80   79   82   88  102  116  130  137  141  137  136  134  135  137
  140  146  153  159  165  171  175  177  199                                   
    35.0-180.0 180.0   5.0 450.0                            LAT/LON1/LON2/DLON/H
  213  220  221  218  211  203  192  176  163  150  141  132  128  123  118  110
  102   93   87   86   88   91   91   89   84   79   75   71   70   72   76   80
   84   87   90   91   93   93   95   95   97   98  101  103  104  104  102   99
   95   91   87   85   87   94  107  120  136  142  150  145  149  147  152  151
  156  158  165  170  177  182  187  191  213                                   
    32.5-180.0 180.0   5.0 450.0                            LAT/LON1/LON2/DLON/H
  242  240  242  239  229  220  206  190  176  165  155  148  141  135  126  117
  107   99   91   91   92   94   93   91   86   82   78   77   77   81   86   91
   94   97   98   99   99  101  101  102  102  104  106  108  108  107  104  101
   96   92   88   85   89   94  108  121  137  146  153  156  160  164  169  173
  174  176  178  184  188  194  199  206  242                                   
    30.0-180.0 180.0   5.0 450.0                            LAT/LON1/LON2/DLON/H
  276  278  276  269  260  245  230  210  198  183  175  163  157  146  137  122
  113   99   92   87   89   87   87   83   81   80   80   83   87   93   99  103
  107  108  109  108  110  110  111  111  112  112  113  112  111  107  103   98
   93   89   85   84   86   94  106  119  135  144  154  158  171  178  190  195
  200  200  204  206  208  214  223  233  276                                   
    27.5-180.0 180.0   5.0 450.0                            LAT/LON1/LON2/DLON/H
  318  321  316  310  296  282  261  241  226  213  202  189  178  166  150  135
  120  106   93   85   81   78   76   77   77   82   87   96  101  111  114  119
  119  121  119  121  119  121  120  121  119  118  115  112  108  103   97   92
   86   82   80   78   83   88  102  117  132  144  153  163  175  191  205  218
  222  228  231  233  233  238  250  257  318                                   
    25.0-180.0 180.0   5.0 450.0                            LAT/LON1/LON2/DLON/H
  361  374  367  351  339  317  300  275  263  246  237  219  206  186  169  145
  130  107   91   75   72   65   67   69   76   87  100  113  122  131  135  136
  137  136  137  135  135  135  136  134  131  125  120  112  106   98   93   87
   83   78   75   75   78   86  100  116  132  143  154  164  180  197  218  230
  242  246  256  259  261  266  282  291  361                                   
    22.5-180.0 180.0   5.0 450.0                            LAT/LON1/LON2/DLON/H
  402  420  409  398  379  363  340  323  305  293  281  261  241  218  193  168
  142  118   92   75   65   62   65   74   86  106  121  138  146  154  153  153
  150  151  149  148  147  148  147  144  137  129  118  109  100   92   86   82
   77   72   68   66   71   80   98  116  134  146  157  168  184  204  224  242
  254  265  277  284  291  299  310  320  402                                   
    20.0-180.0 180.0   5.0 450.0                            LAT/LON1/LON2/DLON/H
  440  459  451  437  430  412  394  376  362  347  335  314  294  262  233  199
  170  132  105   79   73   68   79   93  112  130  148  162  169  170  168  163
  162  161  161  159  159  157  157  151  143  131  119  106   97   87   82   76
   73   68   64   63   66   77   95  116  137  152  164  177  195  214  237  254
  273  284  303  308  320  325  343  353  440                                   
    17.5-180.0 180.0   5.0 450.0                            LAT/LON1/LON2/DLON/H
  471  491  484  482  476  470  454  445  432  424  406  386  357  325  288  248
  208  170  133  109  100  103  115  133  149  165  175  186  185  184  176  172
  167  168  166  165  162  162  158  153  143  132  117  104   91   84   76   72
   67   64   58   56   59   70   90  115  139  158  173  189  206  227  248  271
  290  310  329  340  353  363  374  384  471                                   
    15.0-180.0 180.0   5.0 450.0                            LAT/LON1/LON2/DLON/H
  490  515  514  516  522  518  509  504  499  492  478  454  428  393  358  312
  271  222  186  156  152  153  171  185  196  200  204  201  198  187  182  173
  172  170  169  166  166  163  160  154  146  133  119  103   94   84   79   72
   69   64   60   56   57   68   88  114  142  164  183  202  221  241  261  283
  310  329  353  363  381  386  406  411  490                                   
    12.5-180.0 180.0   5.0 450.0                            LAT/LON1/LON2/DLON/H
  500  528  541  552  560  565  559  560  558  554  541  521  495  465  431  389
  344  297  255  228  223  229  242  250  250  242  230  219  203  193  182  179
  174  175  171  170  165  164  158  155  147  137  121  108   96   88   80   74
   69   65   59   55   56   66   87  114  146  170  192  214  236  256  276  302
  326  351  370  391  403  414  426  433  500                                   
    10.0-180.0 180.0   5.0 450.0                            LAT/LON1/LON2/DLON/H
  501  532  549  567  584  593  595  597  598  593  584  568  548  524  495  460
  421  377  344  315  316  316  324  320  306  279  256  232  214  198  193  187
  187  182  177  171  168  162  159  155  149  140  128  116  108   95   88   78
   75   68   64   59   59   67   88  114  147  172  196  221  245  267  287  314
  337  358  380  399  415  424  441  446  501                                   
     7.5-180.0 180.0   5.0 450.0                            LAT/LON1/LON2/DLON/H
  499  524  549  569  590  604  610  613  612  608  604  593  581  564  542  515
  482  454  426  411  407  407  401  382  349  309  270  243  220  212  206  207
