data/unet/pred0970.15i
     1.0            IONOSPHERE MAPS     GNSS                IONEX VERSION / TYPE
pyspatialgeodesy        IME             05-JAN-18 20:20     PGM / RUN BY / DATE 
Map Name                                                    COMMENT             
Predicted global ionosphere maps (GIM).                     DESCRIPTION         
  2015     4     7     0     0     0                        EPOCH OF FIRST MAP  
  2015     4     8     0     0     0                        EPOCH OF LAST MAP   
  7200                                                      INTERVAL            
    13                                                      # OF MAPS IN FILE   
  NONE                                                      MAPPING FUNCTION    
10.0                                                        ELEVATION CUTOFF    
One-way carrier phase leveled to code                       OBSERVABLES USED    
  6371.0                                                    BASE RADIUS         
 2                                                          MAP DIMENSION       
   450.0 450.0   0.0                                        HGT1 / HGT2 / DHGT  
    87.5 -87.5  -2.5                                        LAT1 / LAT2 / DLAT  
  -180.0 180.0   5.0                                        LON1 / LON2 / DLON  
    -1                                                      EXPONENT            
                                                            END OF HEADER       
[from data line 3432]
     9                                                      START OF TEC MAP    
  2015     4     7    16     0     0                        EPOCH OF CURRENT MAP
    87.5-180.0 180.0   5.0 450.0                            LAT/LON1/LON2/DLON/H
  220  232  239  241  242  241  241  241  240  239  238  237  237  236  236  236
  235  235  234  234  233  232  231  229  228  227  226  223  222  219  218  216
  215  213  211  209  208  206  205  204  203  202  202  200  201  200  201  200
  201  201  203  203  205  206  209  210  214  215  218  219  224  225  228  230
  233  235  238  238  240  239  245  230  220                                   
    85.0-180.0 180.0   5.0 450.0                            LAT/LON1/LON2/DLON/H
  221  225  234  237  241  240  243  242  243  242  242  240  241  239  239  238
  238  237  236  235  234  234  233  232  229  229  225  224  220  219  215  214
  211  209  206  205  202  200  198  196  195  193  193  191  191  190  191  190
  191  191  193  194  196  198  200  202  206  208  210  212  216  216  220  220
  226  225  231  231  234  231  234  228  221                                   
    82.5-180.0 180.0   5.0 450.0                            LAT/LON1/LON2/DLON/H
  216  223  228  229  233  234  238  237  238  238  238  236  235  234  233  232
  231  230  230  229  227  227  225  223  220  219  215  214  210  209  204  203
  199  198  194  192  189  187  183  182  179  179  177  177  175  176  175  176
  176  178  178  180  181  184  184  188  190  193  194  197  200  203  204  207
  210  213  217  219  222  217  229  218  216                                   
    80.0-180.0 180.0   5.0 450.0                            LAT/LON1/LON2/DLON/H
  189  197  202  207  211  216  218  222  222  224  224  223  223  221  220  219
  218  217  217  216  217  216  215  215  212  212  209  209  205  205  200  200
  194  194  188  188  183  182  177  176  172  172  169  170  168  169  167  169
  167  170  169  173  172  177  176  180  180  184  184  187  187  190  189  192
  192  194  194  197  196  200  201  197  189                                   
    77.5-180.0 180.0   5.0 450.0                            LAT/LON1/LON2/DLON/H
  164  176  178  181  186  190  197  198  203  204  208  208  210  208  209  205
  207  203  207  205  209  207  212  209  210  206  207  203  202  199  198  195
  193  190  188  185  183  179  178  174  171  169  168  166  164  163  163  163
  163  164  165  166  168  170  172  174  175  177  175  178  176  178  175  178
  175  177  174  176  172  174  177  170  164                                   
    75.0-180.0 180.0   5.0 450.0                            LAT/LON1/LON2/DLON/H
  138  150  155  156  165  168  177  179  186  188  193  193  197  196  197  195
  196  195  198  199  205  207  214  215  217  216  217  214  214  211  209  206
  204  202  200  195  194  190  189  184  182  180  178  175  174  172  172  171
  170  170  171  171  172  173  174  174  174  172  171  169  168  168  165  164
  162  163  161  160  157  157  158  152  138                                   
    72.5-180.0 180.0   5.0 450.0                            LAT/LON1/LON2/DLON/H
  125  136  134  137  141  147  158  162  169  173  180  182  187  187  190  187
  192  189  197  198  208  212  222  225  230  230  234  231  231  225  222  217
  215  211  209  206  204  202  200  197  194  192  190  188  185  184  181  180
  176  177  173  175  172  174  172  173  170  169  164  163  158  156  151  151
  146  148  143  145  138  138  141  138  125                                   
    70.0-180.0 180.0   5.0 450.0                            LAT/LON1/LON2/DLON/H
  111  117  117  116  124  128  141  145  156  161  171  173  180  181  184  184
  187  189  197  203  215  222  233  238  245  244  247  244  243  237  232  228
  224  221  217  214  213  211  210  207  205  204  203  201  197  195  192  188
  183  180  178  175  173  171  169  167  166  162  159  154  150  146  142  140
  137  137  134  133  127  125  127  126  111                                   
    67.5-180.0 180.0   5.0 450.0                            LAT/LON1/LON2/DLON/H
  105  110  105  109  110  119  128  138  148  155  164  169  176  180  185  187
  194  195  208  212  227  234  248  253  260  259  261  256  254  246  241  232
  229  223  222  218  218  217  217  216  215  214  213  210  206  202  196  190
  183  178  171  168  163  160  160  158  157  154  150  146  140  137  130  131
  124  125  120  120  112  111  113  116  105                                   
    65.0-180.0 180.0   5.0 450.0                            LAT/LON1/LON2/DLON/H
   98  100   99   99  108  113  126  130  145  150  163  168  176  178  185  189
  196  202  214  224  238  248  258  265  270  270  270  263  260  251  245  238
  233  229  227  224  223  222  223  222  223  222  221  218  213  207  201  192
  183  174  166  158  152  149  147  146  145  142  140  136  133  129  125  122
  119  117  113  110  106  104  106  108   98                                   
    62.5-180.0 180.0   5.0 450.0                            LAT/LON1/LON2/DLON/H
   93   95   93   99  103  114  122  133  141  151  161  170  177  182  188  194
  204  210  222  232  245  254  265  270  276  273  274  266  262  252  248  239
  236  231  229  226  226  226  228  228  228  228  227  223  216  210  201  191
  179  169  158  149  144  139  138  137  135  134  129  128  122  121  114  114
  106  106   99   99   92   92   95   97   93                                   
    60.0-180.0 180.0   5.0 450.0                            LAT/LON1/LON2/DLON/H
   88   87   90   93  105  113  126  130  142  147  160  166  176  181  191  196
  208  217  228  238  249  260  268  275  278  276  275  269  266  258  252  247
  242  239  236  234  232  233  234  235  235  235  234  229  223  214  207  194
  181  168  156  144  137  133  132  129  129  126  125  122  120  117  113  109
  104  100   95   91   87   86   90   89   88                                   
    57.5-180.0 180.0   5.0 450.0                            LAT/LON1/LON2/DLON/H
   86   85   88   94  102  116  125  136  140  151  158  168  178  186  196  204
  213  221  230  239  249  257  267  273  279  277  278  273  273  266  264  257
  255  247  245  241  241  239  243  242  244  243  242  235  229  220  211  199
  185  173  158  146  138  134  131  132  128  130  125  126  120  120  112  109
  100   95   86   85   78   80   82   83   86                                   
    55.0-180.0 180.0   5.0 450.0                            LAT/LON1/LON2/DLON/H
   88   85   89   95  108  120  130  136  144  148  157  164  177  188  202  211
  221  229  236  244  252  261  269  278  283  285  285  284  283  281  277  273
  269  263  259  256  253  254  254  256  256  255  255  249  244  234  226  212
  200  186  173  160  149  145  142  142  141  141  139  138  135  131  125  119
  111  102   95   90   87   87   89   85   88                                   
    52.5-180.0 180.0   5.0 450.0                            LAT/LON1/LON2/DLON/H
   94   90   90   99  107  123  133  144  147  156  159  170  182  195  209  222
  232  241  245  251  257  266  276  288  297  302  305  305  305  301  299  292
  288  279  275  270  270  267  271  268  271  268  270  263  259  249  241  228
  216  204  191  179  167  163  158  160  158  160  156  157  152  150  143  137
  127  120  110  105   98   97   98   96   94                                   
    50.0-180.0 180.0   5.0 450.0                            LAT/LON1/LON2/DLON/H
  105   97  100  105  116  131  141  149  154  158  164  172  186  201  218  235
  248  257  261  266  271  281  291  304  314  322  326  328  327  323  318  312
  303  296  291  287  287  287  288  288  287  286  287  281  277  268  261  247
  236  223  211  200  189  183  179  177  178  177  176  175  175  171  169  161
  154  143  139  130  127  119  123  116  105                                   
    47.5-180.0 180.0   5.0 450.0                            LAT/LON1/LON2/DLON/H
  122  111  107  115  120  135  147  160  164  172  175  187  200  215  234  254
  268  279  281  287  292  301  316  329  343  350  354  353  353  346  339  328
  318  308  303  299  301  302  306  303  304  301  302  296  292  283  274  261
  249  237  223  212  201  195  187  186  184  187  184  186  184  186  184  180
  174  167  161  157  151  147  146  138  122                                   
    45.0-180.0 180.0   5.0 450.0                            LAT/LON1/LON2/DLON/H
  139  126  121  124  134  146  159  172  180  189  194  203  215  229  250  271
  289  301  307  312  319  329  342  356  367  375  376  377  372  365  353  341
  328  320  313  314  316  320  321  321  318  316  314  309  304  293  284  270
  257  243  230  216  204  194  188  184  184  183  186  188  194  198  202  201
  198  192  188  183  181  175  171  157  139                                   
    42.5-180.0 180.0   5.0 450.0                            LAT/LON1/LON2/DLON/H
  154  142  135  138  144  156  172  187  197  209  217  227  238  250  270  293
  309  324  328  336  342  353  367  379  390  396  398  394  387  374  360  344
  333  324  322  323  328  332  333  333  330  328  324  319  311  300  287  271
  258  242  227  212  200  187  180  176  176  176  177  182  186  195  201  205
  203  199  195  198  195  191  191  172  154                                   
    40.0-180.0 180.0   5.0 450.0                            LAT/LON1/LON2/DLON/H
  159  153  146  149  155  167  182  199  214  229  238  248  258  268  290  312
  330  342  349  353  362  371  386  399  409  414  413  409  396  385  368  357
  345  342  338  342  345  351  349  347  342  337  334  326  318  303  288  271
  257  241  227  209  196  178  170  163  164  162  166  167  175  183  198  203
  207  202  204  201  204  197  193  175  159                                   
    37.5-180.0 180.0   5.0 450.0                            LAT/LON1/LON2/DLON/H
  159  152  152  153  157  168  184  204  224  242  256  268  278  289  308  332
  347  362  365  372  377  389  403  415  427  426  426  418  407  392  383  373
  372  370  374  377  383  383  380  375  365  360  352  348  336  324  305  288
  270  253  238  221  204  186  175  164  163  158  160  160  167  175  188  198
  200  199  193  193  189  186  188  172  159                                   
    35.0-180.0 180.0   5.0 450.0                            LAT/LON1/LON2/DLON/H
  150  148  145  148  152  166  180  203  228  251  272  285  298  308  329  347
  363  373  379  384  393  404  421  431  442  442  439  435  426  420  414  415
  417  425  427  435  433  432  422  414  405  395  389  377  363  343  325  306
  291  276  260  243  222  202  191  185  190  182  177  170  171  173  185  190
  198  192  191  182  178  170  169  156  150                                   
    32.5-180.0 180.0   5.0 450.0                            LAT/LON1/LON2/DLON/H
  141  133  137  140  146  157  173  198  226  255  282  300  315  329  345  366
  378  391  395  405  410  424  437  450  459  459  458  459  458  461  467  477
  492  504  508  510  503  499  483  471  452  438  423  416  399  386  366  355
  340  331  314  297  274  256  241  232  224  215  211  203  210  209  213  205
  199  192  177  169  155  150  148  147  141                                   
    30.0-180.0 180.0   5.0 450.0                            LAT/LON1/LON2/DLON/H
  133  120  125  129  130  143  158  182  215  250  283  306  327  344  361  377
  391  401  409  420  431  443  457  464  474  475  482  494  502  520  537  566
  588  607  606  600  584  571  549  528  505  493  480  474  459  445  430  424
  414  411  398  385  363  338  314  297  287  277  266  257  243  238  234  244
  241  221  200  181  166  157  144  137  133                                   
    27.5-180.0 180.0   5.0 450.0                            LAT/LON1/LON2/DLON/H
  134  129  125  125  126  134  148  176  211  247  284  313  336  357  375  394
  404  419  428  444  454  466  474  481  490  503  518  544  567  598  633  671
  700  714  707  686  659  634  606  573  549  534  526  515  500  487  478  480
  479  478  473  464  437  414  385  370  353  342  329  318  306  299  285  274
  260  247  229  200  181  168  151  146  134                                   
    25.0-180.0 180.0   5.0 450.0                            LAT/LON1/LON2/DLON/H
  130  123  126  130  131  135  150  169  202  242  278  318  341  368  386  406
  416  435  447  465  476  486  492  497  512  533  561  601  645  695  745  792
  805  811  791  764  727  697  663  646  620  601  582  570  550  538  525  526
  525  523  519  510  492  466  438  419  406  399  392  380  362  347  342  330
  313  291  271  242  214  191  174  167  130                                   
    22.5-180.0 180.0   5.0 450.0                            LAT/LON1/LON2/DLON/H
  143  142  139  133  132  144  155  175  199  235  277  313  345  365  392  411
  430  451  468  487  498  507  513  524  544  574  614  667  726  784  831  866
  884  877  853  813  771  732  702  684  675  658  641  614  587  561  549  548
  545  546  543  539  526  505  476  461  439  445  429  440  429  424  405  396
  367  337  298  276  253  233  202  180  143                                   
    20.0-180.0 180.0   5.0 450.0                            LAT/LON1/LON2/DLON/H
  160  159  150  147  137  147  167  187  205  236  265  311  333  369  388  423
  438  466  486  502  521  528  543  554  584  618  669  731  801  852  891  927
  938  936  894  851  798  759  732  716  714  704  692  649  618  578  563  552
  550  547  544  540  527  510  488  474  464  467  463  468  466  466  455  449
  419  392  340  302  272  244  226  190  160                                   
    17.5-180.0 180.0   5.0 450.0                            LAT/LON1/LON2/DLON/H
  183  171  154  146  144  151  163  189  208  229  252  291  319  354  384  415
  449  475  502  519  540  553  569  590  619  660  715  776  835  871  908  932
  943  925  888  843  796  761  738  729  728  722  703  660  613  569  538  523
  514  517  513  511  500  491  478  474  474  484  483  486  488  485  483  467
  435  405  358  313  277  249  239  203  183                                   
    15.0-180.0 180.0   5.0 450.0                            LAT/LON1/LON2/DLON/H
  199  188  158  143  138  145  163  188  214  232  252  288  309  351  377  421
  451  485  513  530  556  567  598  621  656  697  750  807  848  879  901  919
  916  894  857  814  778  746  737  725  731  716  699  647  599  544  509  484
  470  465  457  450  449  448  449  445  454  466  476  475  474  475  465  454
  424  395  349  308  274  252  240  219  199                                   
    12.5-180.0 180.0   5.0 450.0                            LAT/LON1/LON2/DLON/H
  205  189  160  142  138  140  157  188  209  234  250  281  298  337  358  406
  445  488  518  543  562  583  612  643  685  722  771  808  834  849  862  865
  857  835  805  776  747  731  720  718  716  713  684  634  571  519  473  450
  420  412  391  392  390  390  389  396  409  430  439  442  435  434  422  412
  385  355  313  282  258  234  236  208  205                                   
    10.0-180.0 180.0   5.0 450.0                            LAT/LON1/LON2/DLON/H
  196  184  155  137  132  138  151  183  216  244  262  295  314  355  372  423
  460  509  534  563  581  606  636  673  713  752  786  813  821  827  830  823
  812  789  767  743  730  714  717  712  717  708  683  629  569  510  466  430
  398  365  338  333  337  340  351  358  377  388  398  391  385  374  360  349
  324  294  264  247  231  224  224  207  196                                   
     7.5-180.0 180.0   5.0 450.0                            LAT/LON1/LON2/DLON/H
  182  171  150  135  132  137  156  188  223  256  278  308  335  370  388  436
  471  521  550  578  597  630  664  713  745  775  791  801  804  801  802  790
