data/unet/pred0630.15i
     1.0            IONOSPHERE MAPS     GNSS                IONEX VERSION / TYPE
pyspatialgeodesy        IME             05-JAN-18 20:20     PGM / RUN BY / DATE 
Map Name                                                    COMMENT             
Predicted global ionosphere maps (GIM).                     DESCRIPTION         
  2015     3     4     0     0     0                        EPOCH OF FIRST MAP  
  2015     3     5     0     0     0                        EPOCH OF LAST MAP   
  7200                                                      INTERVAL            
    13                                                      # OF MAPS IN FILE   
  NONE                                                      MAPPING FUNCTION    
10.0                                                        ELEVATION CUTOFF    
One-way carrier phase leveled to code                       OBSERVABLES USED    
  6371.0                                                    BASE RADIUS         
 2                                                          MAP DIMENSION       
   450.0 450.0   0.0                                        HGT1 / HGT2 / DHGT  
    87.5 -87.5  -2.5                                        LAT1 / LAT2 / DLAT  
  -180.0 180.0   5.0                                        LON1 / LON2 / DLON  
    -1                                                      EXPONENT            
                                                            END OF HEADER       
[from data line 858]
     3                                                      START OF TEC MAP    
  2015     3     4     4     0     0                        EPOCH OF CURRENT MAP
    87.5-180.0 180.0   5.0 450.0                            LAT/LON1/LON2/DLON/H
  146  158  149  150  146  147  147  148  149  150  149  149  148  149  148  150
  147  150  147  149  145  146  142  142  137  137  134  132  130  128  127  125
  125  124  123  122  123  122  123  123  123  124  124  125  126  125  126  125
  127  125  126  125  127  127  127  128  130  131  131  133  134  136  135  138
  138  140  138  141  137  134  145  146  146                                   
    85.0-180.0 180.0   5.0 450.0                            LAT/LON1/LON2/DLON/H
  167  162  153  157  149  150  146  151  147  152  147  153  148  154  150  155
  152  156  152  155  149  151  144  143  137  135  130  127  123  121  118  117
  116  116  115  116  117  119  120  123  123  126  125  128  127  129  127  129
  130  131  131  133  135  137  138  139  143  144  146  148  152  153  153  154
  155  156  153  155  149  146  148  156  167                                   
    82.5-180.0 180.0   5.0 450.0                            LAT/LON1/LON2/DLON/H
  156  150  149  148  140  136  135  136  137  137  141  141  146  145  152  150
  155  152  155  149  150  143  141  134  130  124  121  115  112  106  107  101
  105  101  106  104  109  110  112  114  115  116  117  119  121  121  124  125
  128  130  131  135  138  143  145  152  154  161  159  167  166  171  166  171
  166  170  163  165  155  153  151  156  156                                   
    80.0-180.0 180.0   5.0 450.0                            LAT/LON1/LON2/DLON/H
  162  155  149  145  135  132  129  131  129  132  134  140  143  149  153  159
  160  162  159  160  152  149  140  135  124  118  110  105   98   95   91   92
   91   94   96   99  104  107  111  112  115  115  118  118  120  122  124  126
  130  132  136  140  148  152  160  164  173  177  182  187  192  194  195  197
  196  195  189  183  175  163  161  161  162                                   
    77.5-180.0 180.0   5.0 450.0                            LAT/LON1/LON2/DLON/H
  170  160  152  144  128  125  119  117  115  117  120  127  132  141  148  157
  160  163  161  160  152  146  135  128  115  108   98   94   85   84   79   81
   80   85   87   93   95  101  103  106  109  111  113  115  116  118  119  122
  125  130  137  143  151  155  164  170  181  187  195  202  208  212  215  218
  218  217  212  204  195  184  181  174  170                                   
    75.0-180.0 180.0   5.0 450.0                            LAT/LON1/LON2/DLON/H
  186  180  172  155  139  129  120  117  113  114  117  123  128  135  142  151
  153  157  154  154  143  137  127  118  108   99   91   84   80   78   76   78
   79   85   88   94   98  101  105  107  110  110  113  111  113  112  112  114
  118  126  135  143  152  159  171  180  194  199  211  213  223  224  230  231
  235  235  233  228  220  206  203  194  186                                   
    72.5-180.0 180.0   5.0 450.0                            LAT/LON1/LON2/DLON/H
  213  203  195  178  154  139  126  120  114  113  113  117  121  125  131  135
  139  140  140  136  131  124  118  108  102   93   88   83   81   78   81   82
   87   91   95  100  102  105  107  108  109  109  110  109  108  109  108  112
  118  130  141  151  162  172  185  195  208  214  223  226  233  235  242  242
  248  247  251  247  248  240  231  221  213                                   
    70.0-180.0 180.0   5.0 450.0                            LAT/LON1/LON2/DLON/H
  240  231  222  201  179  157  137  127  117  114  109  113  112  115  117  119
  120  121  121  121  118  114  110  105   99   94   91   88   87   88   90   94
   96  100  102  106  108  110  110  111  111  109  110  106  105  103  106  113
  124  139  153  164  176  186  200  209  222  227  234  235  241  241  248  248
  255  256  260  263  267  262  258  245  240                                   
    67.5-180.0 180.0   5.0 450.0                            LAT/LON1/LON2/DLON/H
  265  255  248  228  199  178  155  138  125  117  111  107  103   99  100   98
   98   98  100  101  101  101  100   99   96   95   93   94   93   96   96  101
  100  104  103  108  107  109  107  107  105  104  102   97   98   98  106  120
  135  153  169  181  195  206  217  227  234  239  239  242  243  245  247  249
  253  255  262  266  277  279  274  265  265                                   
    65.0-180.0 180.0   5.0 450.0                            LAT/LON1/LON2/DLON/H
  279  275  274  249  224  199  174  154  136  126  116  110   98   93   87   85
   83   87   89   94   96   99  101  103  104  103  104  105  105  105  105  105
  104  102  100   99   99   98   97   95   96   91   92   88   91   94  108  126
  146  163  181  194  210  219  232  238  246  249  248  247  249  247  249  247
  249  250  257  265  276  280  281  275  279                                   
    62.5-180.0 180.0   5.0 450.0                            LAT/LON1/LON2/DLON/H
  290  285  285  266  237  216  190  171  148  135  122  112  100   88   79   72
   72   73   78   83   88   93   96  100  100  103  103  105  103  104  101  100
   95   93   86   84   81   78   78   77   79   77   79   77   83   91  109  131
  154  172  191  205  222  232  243  249  255  256  255  255  256  254  251  248
  246  244  249  256  269  276  278  280  290                                   
    60.0-180.0 180.0   5.0 450.0                            LAT/LON1/LON2/DLON/H
  289  288  288  271  246  224  200  180  159  144  130  119  105   89   80   70
   72   71   79   83   91   94   98   99  103  102  105  104  105  102  100   94
   88   81   74   66   65   61   62   60   64   62   67   67   76   89  110  134
  156  175  198  215  232  243  253  260  266  268  268  268  270  267  264  257
  253  248  248  253  260  266  269  275  289                                   
    57.5-180.0 180.0   5.0 450.0                            LAT/LON1/LON2/DLON/H
  290  283  284  270  244  227  204  188  165  153  135  125  111   97   86   78
   78   78   83   87   90   92   93   94   94   94   94   95   94   92   88   83
   75   68   60   55   53   51   52   51   55   56   61   62   74   90  113  137
  163  180  205  223  242  253  264  270  280  280  282  282  285  283  281  273
  266  258  256  253  257  261  264  274  290                                   
    55.0-180.0 180.0   5.0 450.0                            LAT/LON1/LON2/DLON/H
  289  284  281  271  250  234  212  195  174  158  142  128  117  102   94   85
   86   82   88   87   91   88   88   84   85   81   84   82   81   78   75   70
   64   58   54   49   50   46   50   48   54   53   60   62   76   95  119  143
  167  185  209  229  250  262  274  283  294  296  299  301  306  307  306  300
  290  281  273  266  262  261  262  272  289                                   
    52.5-180.0 180.0   5.0 450.0                            LAT/LON1/LON2/DLON/H
  295  284  283  276  257  243  222  205  181  165  144  133  120  112  103   97
   96   93   93   91   88   84   78   75   70   70   68   69   68   67   65   63
   58   57   54   53   54   55   56   58   60   62   67   71   85  105  129  153
  176  194  220  239  261  272  287  298  311  312  318  321  329  333  333  327
  316  305  296  284  278  273  269  280  295                                   
    50.0-180.0 180.0   5.0 450.0                            LAT/LON1/LON2/DLON/H
  307  295  289  287  274  261  239  219  192  171  148  135  123  116  111  106
  106   98   98   88   86   76   72   65   63   59   60   59   61   60   60   60
   60   60   61   62   66   65   68   67   70   69   75   79   96  118  143  166
  189  208  235  255  275  288  305  316  329  333  338  344  349  355  356  351
  340  332  322  309  298  286  283  285  307                                   
    47.5-180.0 180.0   5.0 450.0                            LAT/LON1/LON2/DLON/H
  321  304  302  300  291  281  258  235  206  180  152  137  126  120  115  112
  109  101   97   89   84   77   70   67   61   61   59   60   60   61   61   63
   63   66   70   73   77   80   81   81   81   82   86   92  111  135  161  183
  207  231  255  275  292  309  325  336  346  352  355  361  367  372  373  367
  358  351  343  328  319  305  294  296  321                                   
    45.0-180.0 180.0   5.0 450.0                            LAT/LON1/LON2/DLON/H
  331  314  309  312  301  297  276  253  221  191  160  142  130  124  120  116
  114  102  100   89   88   81   80   75   74   69   69   66   66   65   66   67
   69   73   78   83   88   90   91   90   88   87   92   99  122  150  177  203
  230  253  279  296  316  333  346  357  366  370  369  373  375  379  375  373
  364  363  355  346  335  321  310  309  331                                   
    42.5-180.0 180.0   5.0 450.0                            LAT/LON1/LON2/DLON/H
  333  312  310  308  305  301  287  266  233  204  171  149  137  130  126  121
  115  105  102   96   98   98   98   99   94   92   86   81   77   74   73   74
   76   80   86   91   96   99   98   98   95   94  100  111  138  166  197  225
  255  278  299  320  339  356  366  377  382  383  379  381  382  383  380  375
  369  367  362  354  346  334  318  320  333                                   
    40.0-180.0 180.0   5.0 450.0                            LAT/LON1/LON2/DLON/H
  327  305  298  297  294  294  286  270  243  211  180  157  145  137  133  126
  122  111  113  110  117  120  123  122  120  112  106   96   89   82   78   77
   76   82   86   94   98  103  102  102   99   99  105  120  150  182  215  247
  277  300  321  344  363  380  390  400  403  402  397  396  392  392  387  383
  376  375  370  366  357  343  327  324  327                                   
    37.5-180.0 180.0   5.0 450.0                            LAT/LON1/LON2/DLON/H
  324  294  285  279  276  278  274  263  242  215  186  165  153  147  141  135
  129  124  127  131  139  145  148  147  141  132  123  109  104   90   88   82
   80   86   89   98  100  107  106  109  107  108  114  133  165  196  233  265
  294  315  336  358  379  397  409  417  420  419  417  416  414  412  409  403
  396  392  386  382  373  358  330  328  324                                   
    35.0-180.0 180.0   5.0 450.0                            LAT/LON1/LON2/DLON/H
  329  294  277  264  259  259  256  246  233  211  189  169  161  153  151  144
  143  139  148  155  165  170  170  164  155  142  133  121  107  103   91   95
   84   95   92  102  101  112  112  118  118  119  125  147  179  211  246  278
  305  327  346  369  389  412  427  437  441  442  445  447  452  452  451  446
  442  437  432  424  412  392  356  345  329                                   
    32.5-180.0 180.0   5.0 450.0                            LAT/LON1/LON2/DLON/H
  364  314  282  261  250  244  237  229  218  203  185  173  165  160  158  156
  156  158  167  177  187  190  186  172  164  144  142  127  123  122  115  123
  110  119  109  115  110  122  122  130  129  133  140  163  191  224  257  285
  310  329  349  369  392  417  436  452  458  464  472  482  494  503  510  509
  504  500  491  481  465  447  397  385  364                                   
    30.0-180.0 180.0   5.0 450.0                            LAT/LON1/LON2/DLON/H
  417  365  314  278  259  243  231  216  209  193  183  169  169  162  165  161
  165  169  181  189  197  193  187  173  166  155  145  150  138  155  144  156
  145  147  134  131  123  133  135  140  138  143  152  175  201  229  259  284
  307  324  341  368  392  423  448  468  478  488  504  521  544  566  579  586
  587  584  578  563  541  517  481  459  417                                   
    27.5-180.0 180.0   5.0 450.0                            LAT/LON1/LON2/DLON/H
  501  454  393  339  298  272  249  228  215  199  184  173  169  165  166  165
  168  173  185  191  195  183  178  161  166  163  170  181  187  207  201  212
  196  191  165  157  136  141  137  144  138  146  157  179  204  229  256  280
  303  321  344  373  403  441  468  495  508  523  546  574  609  641  664  681
  688  685  676  655  633  614  586  560  501                                   
    25.0-180.0 180.0   5.0 450.0                            LAT/LON1/LON2/DLON/H
  605  555  493  437  385  341  293  263  243  221  204  184  180  170  172  170
  172  172  182  179  181  169  166  165  175  201  215  253  256  278  269  259
  242  217  192  174  152  146  141  144  141  151  163  187  208  233  258  280
  304  325  355  391  430  469  504  530  549  571  598  640  679  720  752  777
  789  794  790  778  753  743  719  683  605                                   
    22.5-180.0 180.0   5.0 450.0                            LAT/LON1/LON2/DLON/H
  718  683  612  554  499  448  385  337  294  268  245  221  207  194  187  181
  178  171  175  163  165  154  160  177  205  262  289  344  341  355  329  314
  272  241  203  181  155  145  135  136  136  147  158  182  210  235  266  287
  317  341  379  419  465  510  547  575  596  618  650  694  738  778  812  840
  864  876  890  880  867  868  845  798  718                                   
    20.0-180.0 180.0   5.0 450.0                            LAT/LON1/LON2/DLON/H
  827  809  735  677  620  564  495  447  398  360  313  278  252  231  218  205
  196  179  176  164  164  166  179  222  269  346  383  434  426  421  386  354
  306  257  211  186  161  147  134  132  131  141  153  179  208  239  272  299
  332  365  408  454  505  552  589  622  644  672  699  747  785  826  855  884
  904  927  946  952  952  963  930  918  827                                   
    17.5-180.0 180.0   5.0 450.0                            LAT/LON1/LON2/DLON/H
  914  919  860  814  754  688  615  562  510  469  417  369  321  292  265  245
  228  210  199  191  193  212  232  305  351  437  468  510  492  481  423  373
  309  259  219  189  170  149  134  129  128  129  144  168  201  238  279  312
  354  391  440  487  544  588  630  663  690  711  741  781  816  845  871  891
  915  941  968  987  995 1018  978  975  914                                   
    15.0-180.0 180.0   5.0 450.0                            LAT/LON1/LON2/DLON/H
  961  972  946  916  863  795  730  673  618  576  519  471  417  377  336  312
  281  262  248  251  255  296  328  411  467  539  559  563  528  482  421  355
  296  247  208  184  164  144  127  119  118  119  131  159  194  239  284  324
  369  411  465  515  572  614  652  682  709  736  765  802  831  859  874  889
  907  932  966  981 1005 1017  994  990  961                                   
    12.5-180.0 180.0   5.0 450.0                            LAT/LON1/LON2/DLON/H
  961  993 1000  986  949  882  823  774  723  675  619  560  506  466  426  391
  358  346  333  351  356  402  435  516  559  607  607  589  531  461  382  314
  262  229  201  183  165  145  130  118  111  101  115  142  186  237  287  336
  384  430  482  534  590  625  661  689  718  746  774  805  831  848  860  871
  893  914  948  956  981  993  977  976  961                                   
    10.0-180.0 180.0   5.0 450.0                            LAT/LON1/LON2/DLON/H
  945  977  991  994  973  927  876  833  798  753  694  632  576  534  496  476
  441  444  431  459  469  517  547  597  623  639  621  568  491  394  322  266
  235  211  193  178  167  149  129  115  104   99  108  138  185  241  290  337
  385  428  477  529  581  611  645  670  705  741  769  798  826  841  856  868
  890  907  936  934  951  956  957  946  945                                   
     7.5-180.0 180.0   5.0 450.0                            LAT/LON1/LON2/DLON/H
  923  945  972  978  970  936  902  869  836  803  744  685  633  592  563  545
  526  531  534  556  571  600  617  644  643  636  591  507  411  321  271  239
