data/unet/pred1150.15i
     1.0            IONOSPHERE MAPS     GNSS                IONEX VERSION / TYPE
pyspatialgeodesy        IME             05-JAN-18 20:20     PGM / RUN BY / DATE 
Map Name                                                    COMMENT             
Predicted global ionosphere maps (GIM).                     DESCRIPTION         
  2015     4    25     0     0     0                        EPOCH OF FIRST MAP  
  2015     4    26     0     0     0                        EPOCH OF LAST MAP   
  7200                                                      INTERVAL            
    13                                                      # OF MAPS IN FILE   
  NONE                                                      MAPPING FUNCTION    
10.0                                                        ELEVATION CUTOFF    
One-way carrier phase leveled to code                       OBSERVABLES USED    
  6371.0                                                    BASE RADIUS         
 2                                                          MAP DIMENSION       
   450.0 450.0   0.0                                        HGT1 / HGT2 / DHGT  
    87.5 -87.5  -2.5                                        LAT1 / LAT2 / DLAT  
  -180.0 180.0   5.0                                        LON1 / LON2 / DLON  
    -1                                                      EXPONENT            
                                                            END OF HEADER       
[from data line 5148]
    13                                                      START OF TEC MAP    
  2015     4    26     0     0     0                        EPOCH OF CURRENT MAP
    87.5-180.0 180.0   5.0 450.0                            LAT/LON1/LON2/DLON/H
  255  251  257  261  264  263  265  264  265  264  265  264  266  265  265  263
  263  261  260  257  256  252  250  246  245  241  240  236  235  233  233  230
  230  229  230  229  231  230  232  232  235  235  238  238  241  241  245  244
  247  246  249  248  250  250  251  251  252  252  253  253  254  254  255  255
  257  257  257  257  260  258  254  252  255                                   
    85.0-180.0 180.0   5.0 450.0                            LAT/LON1/LON2/DLON/H
  262  264  270  274  275  275  277  277  279  280  282  282  283  284  284  283
  283  281  280  276  273  269  265  260  256  251  248  243  239  235  234  230
  229  227  228  227  229  228  231  231  234  235  239  240  244  244  248  248
  251  252  254  255  257  258  260  260  262  261  263  262  264  264  265  265
  267  267  268  267  271  267  266  261  262                                   
    82.5-180.0 180.0   5.0 450.0                            LAT/LON1/LON2/DLON/H
  269  266  270  273  274  276  278  281  283  287  289  293  295  298  299  301
  300  301  298  296  290  285  277  271  263  256  249  241  234  228  223  218
  215  213  212  212  214  215  218  220  223  225  228  232  235  238  241  243
  245  247  249  251  253  255  257  259  260  260  261  261  262  262  263  263
  266  266  267  268  272  268  263  271  269                                   
    80.0-180.0 180.0   5.0 450.0                            LAT/LON1/LON2/DLON/H
  268  265  266  267  267  272  274  280  282  289  293  299  301  306  308  312
  311  312  309  306  299  294  285  277  266  258  248  239  228  220  213  208
  202  199  198  199  200  203  206  209  212  216  219  223  225  228  230  233
  234  237  239  243  245  248  251  254  255  257  257  258  258  259  259  261
  263  265  267  268  272  270  267  273  268                                   
    77.5-180.0 180.0   5.0 450.0                            LAT/LON1/LON2/DLON/H
  269  260  261  261  260  264  267  274  279  288  294  302  306  312  315  318
  318  319  316  314  307  302  292  284  271  263  251  240  227  218  209  202
  195  192  191  191  193  196  199  203  207  211  214  217  219  220  222  224
  225  227  230  234  236  240  244  248  250  252  253  254  255  256  256  259
  261  264  266  268  271  271  268  273  269                                   
    75.0-180.0 180.0   5.0 450.0                            LAT/LON1/LON2/DLON/H
  278  266  265  261  259  260  264  270  277  287  297  305  311  317  320  322
  321  321  318  315  309  304  295  287  276  266  255  242  230  218  209  200
  193  188  188  188  191  194  199  202  206  208  211  213  213  214  215  215
  217  218  222  225  229  233  238  242  246  248  250  252  252  253  254  257
  260  264  268  272  275  274  271  275  278                                   
    72.5-180.0 180.0   5.0 450.0                            LAT/LON1/LON2/DLON/H
  290  274  272  265  260  258  260  265  273  285  296  305  311  316  319  319
  318  315  312  309  304  300  294  287  278  268  257  244  231  218  208  199
  192  187  186  186  189  192  197  198  202  202  204  203  204  202  204  204
  206  208  213  217  224  228  234  238  243  246  248  249  251  251  252  254
  258  263  268  274  278  279  276  282  290                                   
    70.0-180.0 180.0   5.0 450.0                            LAT/LON1/LON2/DLON/H
  301  286  281  272  263  260  260  264  273  285  297  306  312  315  315  313
  307  303  298  295  291  289  285  280  274  266  256  244  232  219  209  200
  193  188  186  186  189  190  194  194  196  193  193  190  189  186  187  187
  190  193  201  206  215  220  228  233  239  242  245  246  247  247  248  250
  255  261  268  275  282  284  283  290  301                                   
    67.5-180.0 180.0   5.0 450.0                            LAT/LON1/LON2/DLON/H
  312  296  291  281  269  264  262  266  273  286  298  309  313  314  312  306
  299  291  287  282  281  279  278  275  271  264  255  244  233  221  210  200
  192  186  184  182  183  182  185  183  183  179  177  172  170  166  168  168
  173  178  189  197  208  216  226  233  241  245  249  250  250  250  250  252
  255  262  268  278  285  289  288  296  312                                   
    65.0-180.0 180.0   5.0 450.0                            LAT/LON1/LON2/DLON/H
  318  304  299  287  274  266  263  265  273  286  299  309  313  313  308  301
  291  284  277  274  272  274  273  271  267  261  251  241  230  219  209  200
  191  184  180  175  174  171  171  167  165  160  158  152  149  145  147  147
  154  161  174  185  200  211  224  233  243  250  254  256  256  256  254  256
  257  263  268  277  283  289  288  299  318                                   
    62.5-180.0 180.0   5.0 450.0                            LAT/LON1/LON2/DLON/H
  320  308  305  293  278  269  264  266  272  286  299  311  315  315  309  300
  292  283  279  275  277  276  276  273  268  260  251  240  230  218  210  200
  191  182  174  167  162  157  154  149  147  141  139  133  131  127  130  132
  141  148  164  178  196  210  225  237  250  257  264  266  267  266  264  263
  263  266  269  277  283  287  287  298  320                                   
    60.0-180.0 180.0   5.0 450.0                            LAT/LON1/LON2/DLON/H
  321  311  309  298  283  272  266  266  272  285  297  309  314  313  309  303
  295  292  287  288  286  287  283  279  270  261  249  239  228  220  212  203
  192  182  170  160  151  143  139  133  131  126  123  118  117  114  117  119
  129  138  154  170  190  206  225  238  253  262  269  274  275  275  273  272
  270  271  271  276  280  283  282  297  321                                   
    57.5-180.0 180.0   5.0 450.0                            LAT/LON1/LON2/DLON/H
  322  313  313  307  292  281  272  271  275  285  297  308  313  314  313  308
  305  303  305  304  305  301  297  287  276  264  252  241  234  225  219  209
  196  183  169  155  144  135  130  125  123  119  117  112  111  109  112  115
  124  134  149  166  187  205  225  239  255  266  276  280  284  284  285  284
  283  281  280  282  284  284  281  294  322                                   
    55.0-180.0 180.0   5.0 450.0                            LAT/LON1/LON2/DLON/H
  325  320  324  318  306  296  287  283  282  289  295  304  309  312  312  312
  313  315  318  320  318  316  306  296  281  269  256  247  239  234  226  216
  200  185  169  154  142  133  129  124  123  119  117  112  113  110  113  115
  123  132  146  162  184  202  222  237  253  265  277  284  290  293  295  296
  296  295  294  293  294  292  287  299  325                                   
    52.5-180.0 180.0   5.0 450.0                            LAT/LON1/LON2/DLON/H
  333  333  340  340  330  322  311  306  301  302  303  306  310  312  316  318
  322  325  330  331  330  325  317  304  291  277  266  257  251  244  236  222
  206  189  171  157  146  139  135  133  131  127  125  122  121  119  120  121
  127  135  147  162  182  201  221  237  252  264  276  284  294  299  306  308
  312  312  312  311  311  307  303  311  333                                   
    50.0-180.0 180.0   5.0 450.0                            LAT/LON1/LON2/DLON/H
  343  353  365  367  365  357  351  343  336  328  320  317  314  316  318  322
  325  331  333  336  333  331  322  312  299  288  276  270  260  253  241  227
  207  190  174  162  155  148  148  143  143  137  136  133  134  131  131  130
  135  139  150  163  183  201  221  236  250  260  273  283  295  305  314  321
  328  331  334  334  336  331  327  332  343                                   
    47.5-180.0 180.0   5.0 450.0                            LAT/LON1/LON2/DLON/H
  357  374  387  396  399  399  394  390  378  364  348  336  328  324  326  329
  334  336  339  339  339  335  329  320  311  300  290  281  271  259  244  226
  206  189  174  166  162  160  158  156  154  150  148  146  147  145  143  141
  142  144  153  166  185  204  224  239  251  260  271  282  296  306  319  329
  342  349  356  361  364  360  355  359  357                                   
    45.0-180.0 180.0   5.0 450.0                            LAT/LON1/LON2/DLON/H
  374  396  412  424  432  436  438  434  425  405  383  363  348  341  336  340
  338  342  339  342  339  339  333  330  321  314  301  293  276  263  242  223
  201  186  175  170  170  169  171  167  166  160  159  156  158  156  154  151
  150  150  157  169  189  209  231  244  257  264  275  285  299  311  325  338
  355  366  378  388  397  394  393  389  374                                   
    42.5-180.0 180.0   5.0 450.0                            LAT/LON1/LON2/DLON/H
  398  418  433  447  457  463  469  469  462  443  417  393  374  363  357  355
  353  351  349  348  348  345  342  336  331  322  310  297  279  261  239  219
  198  184  177  176  178  181  182  179  176  171  169  167  168  166  164  159
  156  155  160  172  192  214  236  251  262  270  278  287  300  312  326  340
  358  375  392  407  422  422  424  417  398                                   
    40.0-180.0 180.0   5.0 450.0                            LAT/LON1/LON2/DLON/H
  427  444  458  470  482  489  495  498  492  476  450  427  405  394  383  379
  370  368  361  361  358  358  351  347  337  328  311  297  275  259  236  219
  201  190  186  186  191  193  195  190  189  182  180  177  178  174  172  166
  163  159  164  174  196  218  243  257  269  275  282  290  303  316  330  347
  368  387  406  427  450  452  458  444  427                                   
    37.5-180.0 180.0   5.0 450.0                            LAT/LON1/LON2/DLON/H
  459  470  480  487  496  504  510  514  510  497  477  455  438  426  413  406
  394  388  380  378  376  372  364  351  339  323  306  289  272  255  239  225
  213  205  203  205  209  212  211  208  203  198  195  191  189  184  178  173
  167  164  165  176  196  221  245  262  272  277  282  289  300  312  329  347
  368  390  412  436  462  472  477  464  459                                   
    35.0-180.0 180.0   5.0 450.0                            LAT/LON1/LON2/DLON/H
  492  501  505  507  516  522  529  533  529  518  499  484  467  459  445  436
  420  412  403  401  396  389  375  358  337  320  302  288  274  263  251  242
  236  231  230  231  234  235  234  228  225  218  216  210  206  196  189  179
  173  166  166  175  193  219  246  265  277  281  286  291  300  314  331  349
  371  393  416  442  472  486  502  489  492                                   
    32.5-180.0 180.0   5.0 450.0                            LAT/LON1/LON2/DLON/H
  528  537  538  537  542  545  549  550  545  531  515  500  489  481  470  459
  444  433  425  421  413  400  379  353  331  313  301  293  287  282  278  276
  275  270  268  267  269  267  260  253  249  242  237  229  221  208  196  185
  176  169  166  171  187  212  240  264  276  287  290  299  308  324  341  361
  383  402  423  448  478  496  513  513  528                                   
    30.0-180.0 180.0   5.0 450.0                            LAT/LON1/LON2/DLON/H
  568  583  584  585  589  589  588  583  574  557  539  525  513  506  495  484
  467  456  445  438  423  404  376  349  328  316  311  311  313  315  319  321
  322  316  312  308  307  303  294  285  279  272  266  255  242  226  211  197
  186  176  168  171  181  204  229  254  271  285  292  304  316  338  356  379
  403  419  436  458  487  503  529  540  568                                   
    27.5-180.0 180.0   5.0 450.0                            LAT/LON1/LON2/DLON/H
  610  629  637  643  646  642  634  623  607  587  567  549  536  527  516  503
  487  473  459  446  425  400  370  344  329  327  332  340  348  356  362  365
  365  358  347  340  335  331  320  315  307  300  291  276  261  240  223  207
  197  184  176  174  181  199  220  240  259  278  288  307  322  348  372  404
  430  447  460  478  506  517  541  565  610                                   
    25.0-180.0 180.0   5.0 450.0                            LAT/LON1/LON2/DLON/H
  644  675  685  702  710  705  696  678  658  632  611  592  576  560  545  528
  509  492  471  451  420  390  360  341  336  346  361  380  393  405  409  409
  404  392  375  359  349  345  338  335  331  320  311  293  274  251  233  215
  203  189  180  176  179  195  211  234  253  273  287  311  331  362  389  426
  455  476  488  504  531  535  561  593  644                                   
    22.5-180.0 180.0   5.0 450.0                            LAT/LON1/LON2/DLON/H
  672  712  730  749  761  763  755  738  712  682  656  634  616  596  576  553
  529  504  477  447  413  380  354  342  349  369  395  419  436  441  437  431
  422  406  379  359  343  342  333  338  331  327  315  299  278  255  236  217
  206  188  183  172  176  186  210  232  257  283  297  324  346  381  414  452
  485  507  521  537  564  560  585  630  672                                   
    20.0-180.0 180.0   5.0 450.0                            LAT/LON1/LON2/DLON/H
  692  740  762  783  798  802  801  788  769  742  714  687  662  636  610  581
  549  516  479  440  401  368  349  350  366  393  420  443  452  445  431  418
  412  386  363  336  324  318  319  321  319  314  308  290  275  249  234  212
  197  183  176  167  166  179  205  231  263  292  318  347  373  408  444  480
  515  539  555  571  598  594  620  660  692                                   
    17.5-180.0 180.0   5.0 450.0                            LAT/LON1/LON2/DLON/H
  699  756  779  800  815  822  824  820  809  789  764  740  709  676  643  611
  574  532  486  439  397  367  358  366  388  413  435  444  441  420  401  386
  374  353  330  310  292  291  287  295  291  291  283  275  259  243  226  205
  194  181  172  161  164  175  206  238  270  307  334  365  394  427  464  500
  537  561  584  602  633  627  651  692  699                                   
    15.0-180.0 180.0   5.0 450.0                            LAT/LON1/LON2/DLON/H
  704  755  777  802  820  830  834  838  836  826  806  788  756  722  681  646
  606  559  502  447  401  378  373  385  403  418  427  415  395  366  342  322
  313  294  284  264  254  255  262  269  268  263  259  251  244  226  215  195
  188  172  163  151  158  171  207  238  279  313  347  379  409  444  479  515
  549  576  600  621  653  651  671  705  704                                   
    12.5-180.0 180.0   5.0 450.0                            LAT/LON1/LON2/DLON/H
  702  752  764  786  805  820  828  838  841  839  826  814  789  755  717  680
  640  590  527  466  417  396  394  401  409  410  399  372  340  305  280  265
  257  252  245  238  234  245  248  250  243  240  238  234  227  217  202  187
  175  165  153  145  153  171  204  243  279  314  344  376  409  447  484  519
  556  583  614  637  673  666  684  718  702                                   
    10.0-180.0 180.0   5.0 450.0                            LAT/LON1/LON2/DLON/H
  705  739  744  761  780  798  810  830  836  838  831  824  804  775  740  709
  669  620  557  492  442  421  416  412  406  380  351  307  270  235  218  209
  212  213  215  220  221  227  231  226  225  219  222  220  222  209  195  176
  164  150  141  135  146  166  205  241  279  309  340  371  409  449  487  523
  558  591  621  648  683  685  694  721  705                                   
     7.5-180.0 180.0   5.0 450.0                            LAT/LON1/LON2/DLON/H
  705  740  735  743  755  769  783  801  812  815  816  812  800  774  750  720
  690  644  583  522  468  442  427  412  386  342  295  249  217  194  189  195
