data/unet/pred3570.15i
     1.0            IONOSPHERE MAPS     GNSS                IONEX VERSION / TYPE
pyspatialgeodesy        IME             05-JAN-18 20:20     PGM / RUN BY / DATE 
Map Name                                                    COMMENT             
Predicted global ionosphere maps (GIM).                     DESCRIPTION         
  2015    12    23     0     0     0                        EPOCH OF FIRST MAP  
  2015    12    24     0     0     0                        EPOCH OF LAST MAP   
  7200                                                      INTERVAL            
    13                                                      # OF MAPS IN FILE   
  NONE                                                      MAPPING FUNCTION    
10.0                                                        ELEVATION CUTOFF    
One-way carrier phase leveled to code                       OBSERVABLES USED    
  6371.0                                                    BASE RADIUS         
 2                                                          MAP DIMENSION       
   450.0 450.0   0.0                                        HGT1 / HGT2 / DHGT  
    87.5 -87.5  -2.5                                        LAT1 / LAT2 / DLAT  
  -180.0 180.0   5.0                                        LON1 / LON2 / DLON  
    -1                                                      EXPONENT            
                                                            END OF HEADER       
[from data line 858]
     3                                                      START OF TEC MAP    
  2015    12    23     4     0     0                        EPOCH OF CURRENT MAP
    87.5-180.0 180.0   5.0 450.0                            LAT/LON1/LON2/DLON/H
   32   62   53   50   53   49   51   48   51   47   49   46   48   45   47   43
   46   43   45   42   44   42   44   42   44   42   44   43   44   43   45   44
   46   45   47   45   48   47   50   48   50   49   51   50   52   50   52   51
   53   52   53   52   53   52   54   52   54   51   54   51   54   51   54   51
   53   51   54   52   52   47   67   38   32                                   
    85.0-180.0 180.0   5.0 450.0                            LAT/LON1/LON2/DLON/H
   65   60   41   43   46   44   44   44   44   44   43   43   43   42   41   41
   39   38   37   36   35   34   34   33   33   32   33   32   33   33   35   35
   37   37   39   39   41   42   43   44   45   45   46   46   46   45   46   45
   45   44   45   43   44   43   44   42   44   42   43   42   43   42   43   42
   43   41   43   41   41   35   55   74   65                                   
    82.5-180.0 180.0   5.0 450.0                            LAT/LON1/LON2/DLON/H
   63   39   35   37   34   36   34   38   36   37   35   37   35   35   32   33
   29   28   26   26   23   22   20   20   19   18   18   19   19   20   21   23
   24   25   28   29   32   33   36   37   40   39   42   40   42   39   40   37
   39   35   37   34   36   32   34   32   34   32   34   33   34   33   34   34
   35   34   35   34   31   29   44   73   63                                   
    80.0-180.0 180.0   5.0 450.0                            LAT/LON1/LON2/DLON/H
   65   42   38   38   38   39   38   43   41   43   41   44   42   42   39   39
   35   34   29   30   25   24   21   22   18   19   17   19   18   20   19   23
   23   27   28   33   34   40   41   47   47   51   51   53   51   51   48   47
   44   43   40   39   37   37   35   36   35   37   35   38   37   39   38   40
   38   40   38   40   36   35   43   69   65                                   
    77.5-180.0 180.0   5.0 450.0                            LAT/LON1/LON2/DLON/H
   69   40   41   41   38   38   39   43   43   45   44   47   44   45   41   42
   37   35   31   30   26   24   22   21   20   19   19   20   19   20   21   23
   23   27   29   34   36   42   45   50   52   55   56   57   56   53   51   48
   45   41   39   37   35   34   34   35   35   36   37   40   40   43   43   45
   44   45   44   44   40   38   50   68   69                                   
    75.0-180.0 180.0   5.0 450.0                            LAT/LON1/LON2/DLON/H
   67   42   39   35   36   36   37   40   41   43   43   45   43   44   40   40
   34   33   28   27   23   22   21   21   20   20   21   21   21   21   23   23
   24   26   30   33   36   42   46   51   53   57   59   60   57   55   52   47
   43   39   37   34   33   33   34   35   37   40   43   45   47   50   52   53
   52   53   53   53   50   44   51   70   67                                   
    72.5-180.0 180.0   5.0 450.0                            LAT/LON1/LON2/DLON/H
   72   36   41   38   35   33   37   37   41   41   44   44   43   42   39   36
   33   28   27   23   22   20   23   21   24   23   26   25   27   25   28   26
   29   28   33   34   39   42   48   51   56   58   60   59   58   54   51   44
   41   36   35   32   32   32   35   37   41   44   50   53   56   59   62   61
   62   61   62   60   57   53   63   72   72                                   
    70.0-180.0 180.0   5.0 450.0                            LAT/LON1/LON2/DLON/H
   73   42   41   35   33   31   34   35   40   39   43   43   44   39   38   33
   31   25   24   20   21   20   24   25   30   30   35   33   37   33   36   31
   35   31   36   34   39   41   47   49   54   54   57   55   54   49   47   41
   38   34   34   32   35   36   42   45   52   55   62   65   70   70   73   72
   72   71   71   69   68   58   66   75   73                                   
    67.5-180.0 180.0   5.0 450.0                            LAT/LON1/LON2/DLON/H
   81   41   42   39   31   29   30   31   35   37   40   40   40   37   35   30
   27   23   21   18   20   21   26   28   34   35   41   40   44   40   42   36
   38   34   37   34   39   39   45   45   51   50   53   50   49   44   43   38
   36   34   35   36   40   45   52   58   64   70   76   79   82   84   84   84
   82   80   79   76   74   68   77   79   81                                   
    65.0-180.0 180.0   5.0 450.0                            LAT/LON1/LON2/DLON/H
   83   51   45   39   33   27   27   27   32   33   38   38   40   36   35   29
   27   23   21   19   21   22   28   31   38   40   47   46   50   45   46   39
   39   33   36   32   36   35   40   41   44   44   45   42   42   38   37   33
   35   34   39   43   52   58   68   72   82   84   92   94   98   98   98   96
   93   90   87   85   83   73   82   85   83                                   
    62.5-180.0 180.0   5.0 450.0                            LAT/LON1/LON2/DLON/H
   94   55   52   47   34   27   24   24   27   28   33   33   36   34   33   29
   27   23   22   20   22   23   29   32   38   41   46   47   48   45   43   38
   36   31   33   30   32   32   36   35   39   37   39   35   36   32   34   32
   35   39   47   55   65   75   82   88   96  103  109  114  117  116  113  108
  103   97   93   89   88   84   92   90   94                                   
    60.0-180.0 180.0   5.0 450.0                            LAT/LON1/LON2/DLON/H
   99   66   58   51   38   29   24   22   24   25   29   31   35   34   34   32
   31   27   26   24   26   25   30   31   39   39   45   43   46   40   40   33
   33   27   30   26   29   28   31   29   32   30   32   28   30   26   30   29
   38   43   56   65   80   88   97  101  109  115  122  127  131  130  127  121
  114  107  100   98   95   88   98   96   99                                   
    57.5-180.0 180.0   5.0 450.0                            LAT/LON1/LON2/DLON/H
  110   74   69   61   45   34   25   22   21   22   25   27   31   32   34   33
   33   30   29   26   27   26   29   30   34   35   38   36   36   32   30   25
   26   23   26   23   26   25   28   26   30   27   30   25   27   25   30   32
   43   51   66   80   93  100  109  112  119  124  131  136  141  142  140  132
  125  116  111  105  103  101  108  102  110                                   
    55.0-180.0 180.0   5.0 450.0                            LAT/LON1/LON2/DLON/H
  118   90   81   70   56   43   33   26   22   21   23   25   30   33   37   36
   39   36   37   31   33   28   31   28   32   29   34   29   31   26   27   21
   23   21   25   23   26   24   27   24   27   24   27   23   26   24   31   35
   48   59   78   90  104  110  117  119  126  129  136  142  147  150  149  144
  138  131  125  120  115  109  118  112  118                                   
    52.5-180.0 180.0   5.0 450.0                            LAT/LON1/LON2/DLON/H
  131  101   96   85   68   55   43   35   27   25   23   25   27   32   36   39
   41   41   39   36   33   30   29   26   27   26   27   24   24   21   21   19
   21   21   26   24   27   26   28   25   28   25   28   24   27   27   35   42
   56   70   87  101  113  121  127  128  133  135  142  148  153  159  158  157
  150  145  139  132  129  125  128  121  131                                   
    50.0-180.0 180.0   5.0 450.0                            LAT/LON1/LON2/DLON/H
  139  118  111   99   84   69   58   47   37   30   27   26   29   31   38   39
   44   41   42   35   35   29   29   25   27   24   27   23   25   20   22   20
   24   24   29   29   31   29   30   28   31   28   30   28   32   33   42   51
   66   82   98  109  121  128  133  135  140  144  151  159  163  168  168  166
  162  157  153  149  144  135  137  129  139                                   
    47.5-180.0 180.0   5.0 450.0                            LAT/LON1/LON2/DLON/H
  153  129  124  115   98   84   71   60   48   41   34   32   31   35   38   41
   42   42   38   35   33   30   30   28   29   27   30   27   28   24   25   23
   27   28   34   33   36   34   35   33   35   33   35   33   37   40   52   61
   78   92  107  117  128  133  139  140  147  151  160  168  172  177  176  176
  170  167  163  160  155  150  144  136  153                                   
    45.0-180.0 180.0   5.0 450.0                            LAT/LON1/LON2/DLON/H
  158  140  132  124  110   97   86   73   62   52   44   39   37   38   40   39
   40   37   35   31   33   30   33   30   33   31   35   33   35   31   32   29
   32   34   38   40   39   39   38   38   39   39   40   40   44   51   61   74
   90  104  117  126  134  139  144  147  154  163  169  180  182  187  183  181
  175  172  171  168  164  153  151  141  158                                   
    42.5-180.0 180.0   5.0 450.0                            LAT/LON1/LON2/DLON/H
  165  143  137  130  117  107   95   83   72   63   54   50   45   46   44   43
   39   37   34   33   35   35   39   38   40   40   43   42   42   38   37   34
   37   38   43   43   44   41   43   41   45   44   47   46   52   58   72   86
  103  114  127  134  142  143  150  153  162  169  177  184  187  188  184  181
  175  173  171  169  164  160  153  146  165                                   
    40.0-180.0 180.0   5.0 450.0                            LAT/LON1/LON2/DLON/H
  164  143  135  128  119  111  100   91   80   71   63   59   55   53   51   47
   43   39   37   37   41   41   46   44   47   46   48   48   48   43   41   37
   40   42   44   46   45   44   43   45   47   50   51   55   59   70   82  100
  114  126  135  142  147  152  157  164  174  181  187  192  194  193  187  183
  175  175  174  173  168  157  158  149  164                                   
    37.5-180.0 180.0   5.0 450.0                            LAT/LON1/LON2/DLON/H
  165  141  130  125  115  109   99   91   83   76   71   68   66   64   61   58
   52   50   48   51   53   56   57   55   55   54   54   52   51   45   43   39
   42   43   47   46   48   44   47   47   52   54   59   61   70   78   97  112
  129  138  149  149  158  158  167  173  183  186  193  195  196  193  189  185
  180  179  179  179  176  170  163  154  165                                   
    35.0-180.0 180.0   5.0 450.0                            LAT/LON1/LON2/DLON/H
  164  138  124  114  108  102   94   89   81   77   75   75   73   74   71   69
   65   64   63   66   70   70   69   64   61   57   56   54   52   47   44   41
   43   45   47   49   48   48   47   50   52   58   61   68   75   89  106  124
  138  148  155  160  166  174  179  189  195  200  204  203  204  201  197  195
  191  194  194  193  190  179  178  165  164                                   
    32.5-180.0 180.0   5.0 450.0                            LAT/LON1/LON2/DLON/H
  172  142  123  114  102   95   86   81   75   72   72   74   76   79   79   79
   78   79   81   85   87   86   83   74   68   61   58   55   54   47   46   42
   46   46   51   51   53   50   52   52   57   60   68   73   85   97  121  134
  153  155  166  167  179  189  197  207  212  215  217  217  218  214  212  211
  212  214  216  214  212  200  195  181  172                                   
    30.0-180.0 180.0   5.0 450.0                            LAT/LON1/LON2/DLON/H
  181  150  130  113  100   90   80   75   68   68   66   72   75   81   83   86
   88   90   93   96   99   96   91   80   72   66   62   60   58   54   50   49
   51   53   55   57   56   56   54   57   58   64   69   79   91  109  132  149
  161  166  174  181  195  212  218  233  233  241  239  241  242  241  241  243
  247  249  251  247  244  224  219  203  181                                   
    27.5-180.0 180.0   5.0 450.0                            LAT/LON1/LON2/DLON/H
  208  177  148  128  109   98   85   77   69   66   62   66   69   76   80   84
   89   93   98  100  102   99   94   84   78   73   70   67   67   63   63   61
   63   63   65   63   63   61   61   60   63   66   74   83  100  121  149  162
  177  181  192  204  219  239  250  263  265  269  271  273  272  275  280  286
  293  294  297  289  288  267  247  234  208                                   
    25.0-180.0 180.0   5.0 450.0                            LAT/LON1/LON2/DLON/H
  240  204  181  152  129  112   98   88   75   68   62   63   66   71   75   81
   86   89   92   94   96   94   92   88   86   86   85   84   83   81   81   79
   79   76   73   72   68   66   64   64   64   67   74   85  107  134  161  178
  191  201  216  231  250  270  284  296  300  308  304  309  310  317  324  332
  340  346  348  343  339  313  291  268  240                                   
    22.5-180.0 180.0   5.0 450.0                            LAT/LON1/LON2/DLON/H
  291  250  223  194  164  141  122  108   95   84   74   69   66   69   70   74
   77   79   79   81   83   86   91   93   98  102  103  103  102  102  100   98
   94   90   83   79   74   70   68   66   66   67   76   89  117  145  176  192
  209  223  244  262  284  302  324  333  344  344  348  351  356  360  370  379
  391  392  399  389  391  364  332  320  291                                   
    20.0-180.0 180.0   5.0 450.0                            LAT/LON1/LON2/DLON/H
  349  307  277  238  209  183  159  136  121  106   94   84   78   73   71   73
   70   71   67   70   73   82   92  104  115  124  127  127  126  123  121  116
  111  103   93   88   79   75   70   69   66   68   77   94  125  159  186  207
  223  244  266  289  313  334  355  369  377  382  383  395  398  405  412  424
  431  435  437  435  432  418  379  371  349                                   
    17.5-180.0 180.0   5.0 450.0                            LAT/LON1/LON2/DLON/H
  409  379  349  309  263  231  204  183  162  142  127  112  101   94   86   83
   77   72   66   68   76   89  108  122  135  148  149  150  147  143  139  132
  124  114  101   92   84   77   73   69   68   69   81  101  137  168  197  214
  234  255  281  307  332  358  378  394  408  416  423  430  433  437  445  453
  457  460  462  462  467  463  428  424  409                                   
    15.0-180.0 180.0   5.0 450.0                            LAT/LON1/LON2/DLON/H
  470  445  412  375  337  292  248  221  203  185  165  149  136  124  114  105
   94   86   77   81   90  109  128  145  163  174  179  174  169  160  151  142
  131  120  105   96   86   80   75   72   70   72   86  109  145  177  203  222
  240  262  287  313  337  364  386  407  423  437  444  451  453  453  456  461
  464  467  470  478  485  495  478  467  470                                   
    12.5-180.0 180.0   5.0 450.0                            LAT/LON1/LON2/DLON/H
  501  494  461  429  388  350  303  272  246  223  206  192  178  166  153  140
  127  115  107  112  122  138  155  176  191  201  201  195  185  171  161  146
  135  121  107   97   90   81   79   74   75   77   95  119  156  182  206  220
  240  258  283  307  332  360  386  406  429  444  452  454  456  451  451  454
  456  460  467  475  494  512  506  499  501                                   
    10.0-180.0 180.0   5.0 450.0                            LAT/LON1/LON2/DLON/H
  526  519  499  469  440  400  362  330  304  275  246  231  218  211  196  184
  167  155  144  149  157  175  191  207  218  222  217  204  191  174  161  147
  135  123  108   99   89   83   80   77   78   83  101  126  160  184  204  218
  236  253  274  294  319  345  376  398  426  444  453  458  458  454  447  451
  450  457  457  472  491  514  526  520  526                                   
     7.5-180.0 180.0   5.0 450.0                            LAT/LON1/LON2/DLON/H
  532  540  522  506  477  445  408  381  356  326  294  270  254  247  233  223
  211  199  192  192  202  215  226  237  238  237  226  211  195  176  161  145
