data/unet/pred2160.15i
     1.0            IONOSPHERE MAPS     GNSS                IONEX VERSION / TYPE
pyspatialgeodesy        IME             05-JAN-18 20:20     PGM / RUN BY / DATE 
Map Name                                                    COMMENT             
Predicted global ionosphere maps (GIM).                     DESCRIPTION         
  2015     8     4     0     0     0                        EPOCH OF FIRST MAP  
  2015     8     5     0     0     0                        EPOCH OF LAST MAP   
  7200                                                      INTERVAL            
    13                                                      # OF MAPS IN FILE   
  NONE                                                      MAPPING FUNCTION    
10.0                                                        ELEVATION CUTOFF    
One-way carrier phase leveled to code                       OBSERVABLES USED    
  6371.0                                                    BASE RADIUS         
 2                                                          MAP DIMENSION       
   450.0 450.0   0.0                                        HGT1 / HGT2 / DHGT  
    87.5 -87.5  -2.5                                        LAT1 / LAT2 / DLAT  
  -180.0 180.0   5.0                                        LON1 / LON2 / DLON  
    -1                                                      EXPONENT            
                                                            END OF HEADER       
[from data line 3003]
     8                                                      START OF TEC MAP    
  2015     8     4    14     0     0                        EPOCH OF CURRENT MAP
    87.5-180.0 180.0   5.0 450.0                            LAT/LON1/LON2/DLON/H
  143  156  162  161  160  159  160  160  160  161  161  161  161  162  161  161
  161  161  161  161  161  161  161  161  161  160  161  160  161  160  162  160
  162  161  162  161  162  161  161  161  161  161  161  161  161  162  161  162
  162  163  162  162  163  162  161  161  161  161  159  160  159  160  158  159
  159  161  160  161  160  160  172  151  143                                   
    85.0-180.0 180.0   5.0 450.0                            LAT/LON1/LON2/DLON/H
  145  154  153  153  155  153  156  155  158  157  159  158  160  159  160  160
  161  160  160  160  160  160  160  160  160  159  159  158  158  157  157  156
  156  155  155  154  154  153  153  152  152  152  153  153  153  154  154  155
  156  157  157  157  158  158  157  157  158  157  157  155  157  154  156  153
  156  153  156  154  156  153  159  160  145                                   
    82.5-180.0 180.0   5.0 450.0                            LAT/LON1/LON2/DLON/H
  147  144  147  146  148  147  150  149  153  152  155  154  156  157  157  158
  158  159  158  159  159  160  160  160  159  159  158  157  156  155  153  152
  151  149  148  146  146  144  144  141  142  140  141  139  142  141  144  143
  147  147  150  149  152  151  154  151  155  152  154  151  153  150  150  148
  149  148  148  148  149  146  157  145  147                                   
    80.0-180.0 180.0   5.0 450.0                            LAT/LON1/LON2/DLON/H
  135  137  137  139  140  140  143  144  147  147  149  150  151  152  152  153
  153  154  154  156  156  157  157  158  157  157  156  155  154  153  150  149
  146  145  142  142  139  139  136  137  134  136  134  137  137  139  140  143
  145  147  148  150  151  151  152  151  152  150  151  149  148  146  145  143
  143  141  141  139  139  136  139  141  135                                   
    77.5-180.0 180.0   5.0 450.0                            LAT/LON1/LON2/DLON/H
  126  127  125  127  131  132  137  136  141  140  144  144  147  146  148  148
  150  149  152  151  154  152  156  154  156  155  156  155  156  153  153  151
  149  146  144  142  139  138  135  135  133  135  133  137  135  140  139  144
  144  147  148  149  150  150  151  149  149  146  147  143  144  139  139  136
  135  132  131  128  127  124  131  127  126                                   
    75.0-180.0 180.0   5.0 450.0                            LAT/LON1/LON2/DLON/H
  119  117  117  121  127  129  134  134  139  138  142  141  144  143  145  144
  147  147  150  149  153  153  157  155  159  158  160  158  160  157  158  154
  154  149  149  144  143  139  138  135  136  135  137  137  140  141  144  145
  148  149  151  150  152  150  151  149  149  146  146  142  142  138  137  132
  132  128  127  121  123  116  122  124  119                                   
    72.5-180.0 180.0   5.0 450.0                            LAT/LON1/LON2/DLON/H
  114  113  109  115  119  123  129  130  134  134  137  136  139  137  140  139
  141  141  145  145  149  150  155  156  159  161  164  165  166  166  165  164
  162  161  157  155  150  149  144  145  141  144  142  146  145  150  149  153
  151  154  152  154  151  152  149  149  147  145  143  141  138  135  131  128
  125  123  121  118  114  112  120  116  114                                   
    70.0-180.0 180.0   5.0 450.0                            LAT/LON1/LON2/DLON/H
  110  106  106  110  118  120  126  127  132  131  135  133  135  133  135  134
  138  137  142  142  148  148  155  155  161  162  167  166  170  168  170  166
  167  162  162  156  155  149  149  144  146  144  147  147  150  151  153  153
  154  153  153  152  151  149  149  147  147  143  143  139  139  133  134  127
  128  122  122  115  116  107  116  117  110                                   
    67.5-180.0 180.0   5.0 450.0                            LAT/LON1/LON2/DLON/H
  108  106  102  108  112  118  123  127  130  131  132  132  132  131  132  132
  134  135  138  141  145  149  153  157  161  165  168  171  172  173  172  172
  170  169  165  162  157  154  151  150  148  150  150  153  153  157  155  157
  154  156  152  153  148  149  146  147  145  145  142  141  139  136  133  131
  127  125  121  119  113  110  115  112  108                                   
    65.0-180.0 180.0   5.0 450.0                            LAT/LON1/LON2/DLON/H
  107  101  100  104  112  115  121  124  128  130  131  130  130  129  131  130
  133  133  137  139  144  147  154  155  162  162  168  167  171  169  172  169
  170  166  166  159  159  152  152  149  150  150  153  153  157  156  158  156
  157  154  153  150  149  147  147  146  148  147  147  145  145  141  140  135
  135  129  128  120  119  109  114  115  107                                   
    62.5-180.0 180.0   5.0 450.0                            LAT/LON1/LON2/DLON/H
  105  101   97  101  105  112  116  122  123  127  128  130  130  131  132  133
  134  136  139  142  145  149  154  159  162  166  167  170  170  172  172  172
  172  170  168  163  160  156  154  153  153  155  156  160  159  162  159  160
  157  157  152  153  149  150  149  152  152  154  152  153  151  149  145  143
  139  135  131  125  119  112  112  111  105                                   
    60.0-180.0 180.0   5.0 450.0                            LAT/LON1/LON2/DLON/H
  104   94   91   96  101  105  110  113  117  118  123  122  127  126  131  131
  135  135  138  141  144  147  153  156  161  162  167  164  168  166  171  169
  171  167  168  162  160  155  154  153  155  156  159  161  163  162  163  160
  160  156  156  152  152  151  153  155  159  159  161  159  158  153  152  145
  144  137  135  126  122  109  110  112  104                                   
    57.5-180.0 180.0   5.0 450.0                            LAT/LON1/LON2/DLON/H
  101   93   87   88   91   97   99  105  105  112  113  120  122  128  131  135
  137  139  141  144  146  150  154  160  161  166  166  168  168  170  172  174
  175  174  172  167  164  160  158  158  159  162  163  166  166  165  164  163
  161  159  157  157  155  157  158  163  165  167  167  167  164  160  153  150
  144  141  135  128  120  111  107  104  101                                   
    55.0-180.0 180.0   5.0 450.0                            LAT/LON1/LON2/DLON/H
  100   86   81   84   87   91   94   96   98   99  106  108  116  119  130  132
  137  138  141  143  144  149  153  157  162  163  167  165  170  170  175  176
  179  177  176  171  168  165  164  165  167  168  171  171  173  169  170  166
  168  164  165  162  163  164  167  169  173  173  174  171  168  161  156  148
  145  139  136  127  123  109  105  103  100                                   
    52.5-180.0 180.0   5.0 450.0                            LAT/LON1/LON2/DLON/H
   99   88   80   79   82   85   87   90   90   95   97  106  111  122  128  136
  139  144  144  149  148  154  155  163  163  169  168  173  174  179  183  186
  189  187  185  182  178  176  175  177  178  180  181  181  179  177  175  174
  174  173  171  173  171  174  175  178  180  181  178  177  170  164  155  150
  143  141  135  129  121  112  107  101   99                                   
    50.0-180.0 180.0   5.0 450.0                            LAT/LON1/LON2/DLON/H
  105   91   84   82   83   85   87   88   90   92   98  101  110  116  127  134
  140  145  148  151  151  155  157  162  167  168  173  174  181  182  190  192
  197  194  192  188  186  185  186  187  191  191  193  191  190  185  186  183
  184  182  182  182  181  182  184  184  186  183  182  176  171  160  155  146
  144  138  138  129  126  114  110  105  105                                   
    47.5-180.0 180.0   5.0 450.0                            LAT/LON1/LON2/DLON/H
  111  102   93   86   86   86   88   90   92   95   97  105  110  120  128  138
  144  152  153  158  157  162  163  170  172  177  180  184  189  193  198  202
  205  203  201  199  197  197  198  201  204  205  204  203  200  197  195  194
  194  194  193  194  191  191  190  190  190  188  183  179  171  164  154  149
  143  141  137  132  126  120  118  111  111                                   
    45.0-180.0 180.0   5.0 450.0                            LAT/LON1/LON2/DLON/H
  121  111  102   96   94   93   94   96   99  100  107  108  117  121  131  138
  147  155  159  162  162  167  169  174  180  183  189  189  196  197  204  206
  211  210  211  210  211  212  216  218  222  220  219  214  213  207  208  205
  207  206  205  204  200  198  196  194  194  189  185  178  173  163  157  150
  149  143  143  134  133  125  124  120  121                                   
    42.5-180.0 180.0   5.0 450.0                            LAT/LON1/LON2/DLON/H
  128  121  113  105  103  100  102  105  108  113  115  121  124  131  137  146
  154  163  167  172  172  176  178  183  187  191  195  197  201  203  210  213
  220  223  227  229  233  234  238  238  241  237  235  229  228  223  223  221
  221  220  217  215  209  205  201  198  196  192  187  183  176  171  163  159
  153  151  146  143  136  135  136  130  128                                   
    40.0-180.0 180.0   5.0 450.0                            LAT/LON1/LON2/DLON/H
  134  127  119  113  111  109  112  114  120  122  129  131  136  138  146  151
  161  167  174  178  181  183  187  190  196  198  204  203  206  206  212  219
  230  239  246  254  258  263  265  265  264  257  253  245  245  238  240  236
  237  233  230  225  218  212  206  203  200  195  191  186  183  177  174  167
  164  157  154  143  143  137  137  135  134                                   
    37.5-180.0 180.0   5.0 450.0                            LAT/LON1/LON2/DLON/H
  139  130  122  116  113  110  114  117  123  131  138  143  147  151  155  161
  170  178  183  189  191  194  196  197  203  204  210  209  212  211  219  229
  246  260  276  285  295  297  298  293  291  281  275  266  264  257  257  251
  250  245  242  235  229  220  215  208  205  199  195  193  189  187  181  180
  172  168  157  151  142  140  142  140  139                                   
    35.0-180.0 180.0   5.0 450.0                            LAT/LON1/LON2/DLON/H
  140  127  119  113  113  110  115  118  128  136  147  152  159  161  166  171
  180  186  194  198  201  202  204  204  211  212  219  216  219  219  228  244
  268  294  315  333  342  343  338  332  322  311  299  289  284  276  276  269
  267  260  256  250  244  237  229  222  215  209  203  201  198  196  194  189
  185  174  165  150  144  138  137  139  140                                   
    32.5-180.0 180.0   5.0 450.0                            LAT/LON1/LON2/DLON/H
  140  126  115  111  106  107  108  113  122  134  147  157  168  172  179  183
  191  197  202  208  209  212  210  211  215  218  226  226  230  233  245  266
  299  333  364  385  395  390  382  369  358  342  331  317  310  299  296  288
  285  278  274  267  262  252  244  233  226  216  211  208  205  204  198  197
  188  181  165  155  142  138  136  138  140                                   
    30.0-180.0 180.0   5.0 450.0                            LAT/LON1/LON2/DLON/H
  139  125  113  109  106  103  103  106  115  128  144  158  172  180  187  191
  199  203  209  212  214  216  215  215  222  226  235  236  243  248  265  296
  334  376  413  438  444  439  423  412  393  379  362  347  338  326  321  313
  309  301  296  291  283  273  263  250  238  227  217  213  208  207  203  199
  192  179  168  154  145  136  135  137  139                                   
    27.5-180.0 180.0   5.0 450.0                            LAT/LON1/LON2/DLON/H
  140  130  118  114  106  105  100  101  104  118  132  149  168  178  191  194
  204  208  214  217  217  220  216  219  222  229  240  247  257  271  293  327
  371  417  455  478  481  470  453  436  420  403  390  374  365  353  346  339
  333  328  322  314  306  293  281  264  250  233  220  211  205  199  194  193
  183  176  164  154  142  139  139  137  140                                   
    25.0-180.0 180.0   5.0 450.0                            LAT/LON1/LON2/DLON/H
  143  134  123  122  114  111  101   97   97  106  122  140  162  176  190  196
  205  210  214  217  217  218  216  218  225  235  249  261  281  297  325  360
  407  455  489  505  504  493  473  459  441  429  416  404  396  385  378  371
  365  361  352  345  333  322  304  287  264  243  223  211  197  192  186  184
  178  173  163  154  147  143  141  137  143                                   
    22.5-180.0 180.0   5.0 450.0                            LAT/LON1/LON2/DLON/H
  144  143  135  133  126  121  110  102   96  101  112  132  152  170  184  193
  203  210  215  219  216  218  214  219  224  239  256  277  299  323  353  390
  438  480  507  514  509  493  475  462  450  440  429  420  414  408  402  398
  393  388  380  368  358  338  319  298  275  251  227  207  192  183  177  175
  172  169  162  159  152  150  148  139  144                                   
    20.0-180.0 180.0   5.0 450.0                            LAT/LON1/LON2/DLON/H
  144  147  140  142  136  135  121  110   97   98  106  122  141  162  176  186
  197  206  211  216  218  216  216  218  229  244  269  291  321  343  380  416
  461  491  508  509  499  487  471  466  459  455  447  442  436  433  426  425
  419  416  404  392  372  348  324  303  280  255  229  209  188  178  170  168
  167  166  162  158  155  155  148  137  144                                   
    17.5-180.0 180.0   5.0 450.0                            LAT/LON1/LON2/DLON/H
  137  152  148  149  146  141  131  117  104  100  103  118  134  155  168  182
  191  202  210  217  218  218  218  224  234  254  277  307  338  368  403  435
  471  489  497  493  480  469  458  460  457  459  452  451  444  444  438  438
  434  429  417  400  377  349  325  305  281  254  226  205  186  173  165  162
  164  159  156  152  147  150  150  136  137                                   
    15.0-180.0 180.0   5.0 450.0                            LAT/LON1/LON2/DLON/H
  134  145  141  145  144  146  134  124  107  105  102  112  126  145  160  174
  182  196  208  217  224  224  228  231  247  265  294  322  358  387  422  446
  466  475  476  470  456  451  448  456  460  466  462  462  455  454  447  448
  443  438  422  403  377  353  328  310  287  261  229  208  186  174  163  160
  158  154  151  146  140  141  139  127  134                                   
    12.5-180.0 180.0   5.0 450.0                            LAT/LON1/LON2/DLON/H
  122  138  133  135  137  138  134  123  110  105  104  110  122  143  157  175
  182  201  211  226  232  238  241  252  264  284  309  343  378  407  433  449
  458  463  457  453  438  441  438  454  456  468  460  463  454  456  448  450
  444  435  417  395  369  342  320  302  283  257  229  204  186  175  166  160
  157  150  145  137  132  129  132  118  122                                   
    10.0-180.0 180.0   5.0 450.0                            LAT/LON1/LON2/DLON/H
  114  124  118  122  122  128  123  118  107  105  102  108  117  135  153  170
  182  199  218  233  246  252  261  271  287  306  333  361  396  421  440  449
  451  453  445  443  433  440  442  458  460  470  464  464  453  454  444  446
  435  426  404  383  354  333  310  298  278  258  229  210  186  178  167  164
  158  149  142  134  124  123  118  102  114                                   
     7.5-180.0 180.0   5.0 450.0                            LAT/LON1/LON2/DLON/H
  102  115  109  107  108  110  111  106  100   99   99  104  113  133  149  172
  183  207  223  246  260  272  281  296  307  327  350  382  410  432  444  449
