data/unet/pred0680.15i
     1.0            IONOSPHERE MAPS     GNSS                IONEX VERSION / TYPE
pyspatialgeodesy        IME             05-JAN-18 20:20     PGM / RUN BY / DATE 
Map Name                                                    COMMENT             
Predicted global ionosphere maps (GIM).                     DESCRIPTION         
  2015     3     9     0     0     0                        EPOCH OF FIRST MAP  
  2015     3    10     0     0     0                        EPOCH OF LAST MAP   
  7200                                                      INTERVAL            
    13                                                      # OF MAPS IN FILE   
  NONE                                                      MAPPING FUNCTION    
10.0                                                        ELEVATION CUTOFF    
One-way carrier phase leveled to code                       OBSERVABLES USED    
  6371.0                                                    BASE RADIUS         
 2                                                          MAP DIMENSION       
   450.0 450.0   0.0                                        HGT1 / HGT2 / DHGT  
    87.5 -87.5  -2.5                                        LAT1 / LAT2 / DLAT  
  -180.0 180.0   5.0                                        LON1 / LON2 / DLON  
    -1                                                      EXPONENT            
                                                            END OF HEADER       
[from data line 3432]
     9                                                      START OF TEC MAP    
  2015     3     9    16     0     0                        EPOCH OF CURRENT MAP
    87.5-180.0 180.0   5.0 450.0                            LAT/LON1/LON2/DLON/H
  168  175  174  175  177  175  177  176  178  177  180  179  183  182  185  185
  188  187  190  188  191  189  191  188  191  187  189  185  187  183  184  180
  181  177  178  174  175  171  171  168  169  167  167  165  165  164  163  161
  161  160  159  158  158  157  157  157  159  159  160  160  162  162  163  164
  165  166  167  167  168  167  168  184  168                                   
    85.0-180.0 180.0   5.0 450.0                            LAT/LON1/LON2/DLON/H
  145  164  162  165  167  167  170  171  174  175  178  181  184  185  187  189
  192  193  194  195  197  196  196  196  196  194  193  192  192  188  187  184
  183  180  178  175  173  170  168  166  164  161  159  157  155  153  150  149
  146  146  143  145  142  144  141  144  143  145  144  147  147  149  150  151
  152  153  155  155  155  152  155  154  145                                   
    82.5-180.0 180.0   5.0 450.0                            LAT/LON1/LON2/DLON/H
  136  142  148  149  149  153  155  159  161  167  169  175  177  182  182  187
  188  192  192  194  194  195  195  196  194  194  191  191  187  187  183  182
  177  177  172  172  167  166  161  159  154  151  146  143  139  136  133  131
  129  129  127  128  126  127  125  126  125  127  126  127  127  128  128  130
  129  131  131  132  133  129  138  128  136                                   
    80.0-180.0 180.0   5.0 450.0                            LAT/LON1/LON2/DLON/H
  109  119  122  125  128  131  134  139  142  148  152  158  162  167  169  175
  177  179  180  183  183  185  185  186  184  184  180  180  176  175  171  170
  166  165  162  161  158  155  150  148  142  138  132  129  123  122  116  117
  112  114  110  113  110  112  110  112  110  112  110  111  109  110  108  110
  108  111  109  109  108  110  115  112  109                                   
    77.5-180.0 180.0   5.0 450.0                            LAT/LON1/LON2/DLON/H
   92  104  105  103  108  110  115  118  124  128  135  139  144  148  153  157
  162  164  169  172  176  176  179  178  178  175  173  169  166  162  159  156
  154  153  153  152  150  148  144  140  134  128  123  118  114  110  108  107
  106  106  106  107  107  108  109  111  111  111  112  111  110  109  108  105
  104  102  101   96   91   92   97   97   92                                   
    75.0-180.0 180.0   5.0 450.0                            LAT/LON1/LON2/DLON/H
   81   90   92   92   98   99  104  105  110  113  119  123  131  135  143  148
  156  161  168  172  178  181  185  184  184  181  178  173  168  163  159  155
  152  151  150  151  149  149  145  141  134  130  123  119  114  111  108  109
  107  110  108  112  111  115  114  117  117  118  118  118  116  114  112  109
  107  103  100   95   90   90   96   94   81                                   
    72.5-180.0 180.0   5.0 450.0                            LAT/LON1/LON2/DLON/H
   79   88   88   86   88   88   92   94   97  101  107  113  122  128  138  145
  156  162  172  179  187  194  200  201  201  197  192  186  180  173  168  161
  158  155  154  152  151  149  146  142  136  132  125  121  115  114  110  112
  110  111  112  113  115  116  119  120  123  123  124  124  123  120  118  115
  112  109  105  100   92   90   93   92   79                                   
    70.0-180.0 180.0   5.0 450.0                            LAT/LON1/LON2/DLON/H
   79   85   84   82   87   86   89   88   93   94  102  107  117  124  135  146
  157  167  178  188  202  211  223  226  226  222  216  211  202  194  186  179
  174  170  167  165  163  160  156  151  146  141  135  131  126  124  119  119
  115  117  113  116  113  117  116  120  119  122  122  123  122  121  118  116
  113  109  107  101   95   93   97   93   79                                   
    67.5-180.0 180.0   5.0 450.0                            LAT/LON1/LON2/DLON/H
   80   86   81   82   81   82   85   85   90   92  102  108  119  127  139  149
  162  171  186  199  215  230  244  251  253  250  245  238  229  218  209  200
  194  187  185  180  178  172  167  160  153  146  139  135  131  127  123  119
  116  112  110  106  106  104  106  105  108  107  109  111  110  111  110  109
  106  105  103  100   94   91   92   91   80                                   
    65.0-180.0 180.0   5.0 450.0                            LAT/LON1/LON2/DLON/H
   76   79   76   74   79   79   83   84   90   92  102  109  120  129  141  153
  165  178  193  210  229  245  261  271  274  273  268  264  253  247  234  228
  217  211  205  201  195  189  181  174  166  158  150  145  140  137  129  125
  116  112  103  100   93   93   88   90   88   90   90   92   93   94   93   94
   92   93   92   89   85   85   88   88   76                                   
    62.5-180.0 180.0   5.0 450.0                            LAT/LON1/LON2/DLON/H
   67   69   66   68   70   71   77   79   88   92  104  112  123  133  145  155
  168  180  195  214  232  250  267  281  288  287  285  280  272  264  253  247
  238  230  224  217  212  202  193  185  176  167  160  152  146  136  130  119
  113  100   95   84   80   71   71   66   70   65   68   66   68   68   69   70
   71   71   73   72   69   70   71   74   67                                   
    60.0-180.0 180.0   5.0 450.0                            LAT/LON1/LON2/DLON/H
   59   57   56   54   61   62   69   70   81   86  102  109  123  131  144  154
  168  181  198  215  234  249  268  281  290  296  295  293  285  280  265  264
  253  250  239  233  224  216  205  196  188  180  172  166  157  149  136  126
  112  101   88   79   68   62   59   57   57   54   55   53   54   52   53   54
   56   56   58   57   56   61   61   63   59                                   
    57.5-180.0 180.0   5.0 450.0                            LAT/LON1/LON2/DLON/H
   51   46   44   49   53   56   62   65   76   83  100  109  122  132  143  155
  169  182  198  215  229  245  260  276  289  296  305  302  301  291  285  279
  270  263  254  245  236  225  216  207  200  194  187  181  172  158  144  129
  116  102   92   80   72   60   60   54   58   51   55   50   51   46   49   47
   49   47   49   48   46   48   48   46   51                                   
    55.0-180.0 180.0   5.0 450.0                            LAT/LON1/LON2/DLON/H
   49   39   41   39   48   48   57   60   73   80   97  105  120  129  142  153
  170  185  202  216  230  243  259  272  287  299  310  314  316  310  303  298
  288  280  268  260  250  241  231  222  216  209  204  197  189  176  160  143
  130  117  105   96   86   78   73   69   70   67   68   63   62   57   58   53
   55   52   54   51   50   53   52   44   49                                   
    52.5-180.0 180.0   5.0 450.0                            LAT/LON1/LON2/DLON/H
   55   48   43   49   50   55   59   68   77   86  101  110  124  133  146  157
  177  192  209  224  238  250  262  276  292  305  322  328  338  333  333  324
  316  302  290  279  270  259  250  240  235  226  221  215  206  192  177  161
  148  136  127  119  111  103   97   94   92   90   88   85   83   76   74   69
   68   64   63   61   59   57   56   43   55                                   
    50.0-180.0 180.0   5.0 450.0                            LAT/LON1/LON2/DLON/H
   71   58   60   58   62   63   69   73   83   92  107  114  128  136  153  165
  187  201  223  235  252  262  275  287  302  318  333  344  350  350  348  342
  332  320  306  296  287  277  269  258  253  244  239  230  223  210  198  184
  172  160  153  144  139  131  126  123  123  120  119  117  114  107  100   94
   91   86   86   82   80   79   78   65   71                                   
    47.5-180.0 180.0   5.0 450.0                            LAT/LON1/LON2/DLON/H
   92   82   78   81   80   82   82   91   97  110  123  132  145  150  168  179
  202  219  242  258  275  285  299  308  326  336  353  360  371  367  370  358
  352  335  326  313  307  298  291  280  273  261  256  244  236  222  212  199
  189  179  171  163  156  149  143  141  141  140  138  139  134  132  125  121
  113  107  101   99   99   96  100   84   92                                   
    45.0-180.0 180.0   5.0 450.0                            LAT/LON1/LON2/DLON/H
  113  101  100   97   97   96   99  104  112  125  141  149  162  167  184  194
  220  239  268  282  303  310  324  333  349  358  369  375  381  378  376  365
  354  343  333  328  322  315  307  295  285  271  261  251  241  228  217  206
  197  188  179  169  160  150  145  141  144  143  146  147  149  149  148  143
  136  126  120  116  119  119  125  117  113                                   
    42.5-180.0 180.0   5.0 450.0                            LAT/LON1/LON2/DLON/H
  131  119  120  119  117  112  114  120  128  148  166  178  189  193  207  216
  242  263  291  308  327  335  351  360  378  382  392  391  395  386  383  369
  365  351  351  346  346  338  329  314  300  282  268  252  241  224  213  203
  196  187  176  162  151  138  131  128  130  131  134  139  140  147  146  149
  139  132  124  124  129  132  144  131  131                                   
    40.0-180.0 180.0   5.0 450.0                            LAT/LON1/LON2/DLON/H
  142  133  132  130  126  122  126  130  145  165  190  201  214  217  231  239
  267  285  314  328  349  358  375  386  399  402  404  400  396  389  381  374
  372  370  373  376  377  372  358  339  319  297  275  256  241  225  215  204
  197  183  170  149  135  117  111  106  110  112  116  121  127  134  141  142
  137  127  122  121  130  135  149  145  142                                   
    37.5-180.0 180.0   5.0 450.0                            LAT/LON1/LON2/DLON/H
  142  131  135  131  129  123  128  135  156  181  211  226  242  246  256  267
  290  306  330  345  362  374  393  403  419  416  415  407  403  394  394  391
  401  404  415  418  424  416  402  376  349  319  295  270  252  234  221  212
  203  187  170  146  127  107   99   94   99   96  102  102  110  115  124  125
  122  116  118  120  125  132  145  138  142                                   
    35.0-180.0 180.0   5.0 450.0                            LAT/LON1/LON2/DLON/H
  136  129  126  126  123  124  129  139  165  195  230  249  267  270  284  292
  314  327  348  358  378  390  409  417  428  425  421  416  412  414  418  431
  442  458  470  479  481  472  452  427  392  363  331  306  281  263  249  237
  224  207  186  160  129  114  102  110  108  109  107  105  106  109  116  121
  122  120  117  117  119  123  131  131  136                                   
    32.5-180.0 180.0   5.0 450.0                            LAT/LON1/LON2/DLON/H
  124  111  113  109  113  111  123  132  165  199  241  264  286  296  308  319
  334  349  361  377  391  408  421  431  438  437  433  437  442  454  472  491
  511  532  544  554  549  537  512  485  451  417  387  354  329  302  284  267
  251  232  206  182  157  136  121  112  117  115  123  126  140  135  138  136
  141  134  128  118  115  114  112  108  124                                   
    30.0-180.0 180.0   5.0 450.0                            LAT/LON1/LON2/DLON/H
  115  101   95   96   97  104  114  127  161  199  245  274  300  312  328  334
  353  362  377  387  403  416  427  434  440  443  446  463  478  507  533  564
  589  617  634  645  636  620  590  564  520  487  443  414  388  366  356  343
  330  317  291  268  234  214  193  187  176  175  166  163  156  161  161  166
  159  157  143  135  121  118  108   99  115                                   
    27.5-180.0 180.0   5.0 450.0                            LAT/LON1/LON2/DLON/H
  102   95   95   91   92   97  108  123  157  199  246  278  306  323  342  355
  368  382  392  409  420  434  440  446  449  458  473  499  531  566  608  643
  685  712  738  738  729  697  669  637  603  566  532  504  480  467  459  455
  444  431  407  379  346  311  286  261  244  237  233  233  228  228  217  221
  211  204  178  157  139  120  108  100  102                                   
    25.0-180.0 180.0   5.0 450.0                            LAT/LON1/LON2/DLON/H
   91   87   90   90   91  101  108  124  149  191  241  277  308  329  355  367
  388  399  416  430  447  455  460  460  467  482  508  547  590  642  695  752
  791  810  815  812  788  752  717  688  661  639  606  579  554  540  532  529
  528  514  502  473  443  412  382  349  314  298  286  284  283  285  282  280
  275  272  242  216  184  156  130  120   91                                   
    22.5-180.0 180.0   5.0 450.0                            LAT/LON1/LON2/DLON/H
   92  100   98  100  105  117  120  136  154  194  241  278  309  333  361  382
  404  425  441  463  478  487  489  487  497  519  560  603  657  710  781  821
  853  860  861  849  829  787  750  721  697  677  657  629  602  582  581  583
  588  581  564  546  512  491  447  423  384  381  369  371  364  364  339  341
  324  322  294  277  239  214  182  148   92                                   
    20.0-180.0 180.0   5.0 450.0                            LAT/LON1/LON2/DLON/H
  105  114  109  102  108  121  131  151  168  197  236  275  305  329  364  389
  419  440  470  488  509  514  519  516  535  566  614  665  725  789  838  870
  891  892  882  864  837  807  773  751  734  716  698  673  648  618  617  617
  636  633  625  604  579  548  516  484  455  437  428  430  437  433  402  391
  367  358  335  311  270  232  210  166  105                                   
    17.5-180.0 180.0   5.0 450.0                            LAT/LON1/LON2/DLON/H
  135  138  120  116  117  123  134  154  177  207  235  273  304  330  365  400
  432  465  495  520  540  547  550  553  581  618  667  718  780  832  874  888
  899  887  870  848  819  793  766  758  745  733  716  687  654  614  609  603
  629  635  645  625  610  577  553  520  504  483  482  474  482  470  457  440
  413  394  363  334  288  249  224  186  135                                   
    15.0-180.0 180.0   5.0 450.0                            LAT/LON1/LON2/DLON/H
  157  150  133  117  118  119  136  155  177  214  241  276  306  335  373  413
  448  484  523  548  571  578  589  595  627  663  719  775  833  863  884  881
  878  863  844  817  793  772  763  758  754  746  727  697  648  601  578  572
  589  608  622  608  599  564  542  518  504  489  486  481  479  476  458  442
  416  395  369  334  298  260  226  187  157                                   
    12.5-180.0 180.0   5.0 450.0                            LAT/LON1/LON2/DLON/H
  160  161  142  130  123  124  129  151  171  213  252  288  320  353  388  433
  469  511  552  579  600  611  620  630  662  703  763  818  858  866  875  863
  851  834  810  780  756  752  747  753  747  742  725  679  620  562  528  516
  525  532  543  539  524  507  481  472  464  462  460  462  455  451  432  424
  398  384  351  323  286  253  232  185  160                                   
    10.0-180.0 180.0   5.0 450.0                            LAT/LON1/LON2/DLON/H
  152  162  147  125  123  118  126  146  182  226  269  311  346  384  419  467
  502  540  581  608  630  637  648  662  701  752  817  857  875  869  863  848
  829  801  774  751  744  745  752  757  758  749  730  675  602  529  489  465
  468  465  474  461  445  427  420  421  432  442  450  449  437  424  400  385
  354  332  310  279  261  234  225  168  152                                   
     7.5-180.0 180.0   5.0 450.0                            LAT/LON1/LON2/DLON/H
  139  161  144  127  120  115  124  152  190  238  285  326  359  404  444  490
  528  568  606  632  651  657  666  691  737  789  847  867  873  862  849  826
