data/unet/pred1230.15i
     1.0            IONOSPHERE MAPS     GNSS                IONEX VERSION / TYPE
pyspatialgeodesy        IME             05-JAN-18 20:20     PGM / RUN BY / DATE 
Map Name                                                    COMMENT             
Predicted global ionosphere maps (GIM).                     DESCRIPTION         
  2015     5     3     0     0     0                        EPOCH OF FIRST MAP  
  2015     5     4     0     0     0                        EPOCH OF LAST MAP   
  7200                                                      INTERVAL            
    13                                                      # OF MAPS IN FILE   
  NONE                                                      MAPPING FUNCTION    
10.0                                                        ELEVATION CUTOFF    
One-way carrier phase leveled to code                       OBSERVABLES USED    
  6371.0                                                    BASE RADIUS         
 2                                                          MAP DIMENSION       
   450.0 450.0   0.0                                        HGT1 / HGT2 / DHGT  
    87.5 -87.5  -2.5                                        LAT1 / LAT2 / DLAT  
  -180.0 180.0   5.0                                        LON1 / LON2 / DLON  
    -1                                                      EXPONENT            
                                                            END OF HEADER       
[from data line 429]
     2                                                      START OF TEC MAP    
  2015     5     3     2     0     0                        EPOCH OF CURRENT MAP
    87.5-180.0 180.0   5.0 450.0                            LAT/LON1/LON2/DLON/H
  178  181  180  180  180  178  177  178  179  179  177  177  178  177  176  174
  175  173  173  170  172  169  169  167  168  166  166  163  163  160  159  156
  156  152  151  148  148  145  145  142  144  142  143  142  145  145  146  147
  149  150  151  152  155  156  157  158  161  161  163  163  166  166  167  167
  170  169  171  171  176  173  174  185  178                                   
    85.0-180.0 180.0   5.0 450.0                            LAT/LON1/LON2/DLON/H
  181  188  182  185  185  182  183  183  185  185  185  185  186  185  185  183
  183  182  180  178  177  175  172  170  168  165  162  159  156  153  150  147
  146  143  141  140  139  138  135  136  136  137  136  138  140  141  142  144
  146  147  150  150  154  154  157  157  161  161  164  163  168  167  169  168
  172  171  174  173  180  174  180  182  181                                   
    82.5-180.0 180.0   5.0 450.0                            LAT/LON1/LON2/DLON/H
  182  182  188  192  191  189  192  194  198  198  200  200  202  201  200  199
  200  197  195  192  189  184  180  175  171  165  161  155  151  145  141  137
  135  132  131  130  130  129  128  129  131  132  133  136  138  141  142  145
  147  151  152  155  159  161  163  164  168  168  171  171  175  175  177  176
  181  180  183  183  189  182  183  180  182                                   
    80.0-180.0 180.0   5.0 450.0                            LAT/LON1/LON2/DLON/H
  187  186  191  195  198  198  201  203  207  207  209  209  211  210  210  209
  208  205  203  199  196  190  184  178  172  164  158  149  145  136  133  127
  127  123  124  123  124  124  125  127  130  131  135  137  141  142  146  147
  152  152  157  158  163  163  167  167  172  171  175  175  179  178  180  181
  184  184  186  188  190  184  184  182  187                                   
    77.5-180.0 180.0   5.0 450.0                            LAT/LON1/LON2/DLON/H
  190  191  194  200  200  201  204  207  210  210  212  212  212  212  210  210
  207  205  202  199  194  189  183  177  168  161  151  145  136  132  125  123
  119  119  118  119  121  122  125  127  132  134  139  141  146  149  154  156
  160  162  165  167  171  172  174  175  178  179  182  182  184  184  186  186
  188  188  190  192  192  190  188  182  190                                   
    75.0-180.0 180.0   5.0 450.0                            LAT/LON1/LON2/DLON/H
  194  192  195  198  201  199  202  203  207  207  210  208  207  205  203  200
  197  194  191  188  185  179  174  167  160  151  144  135  130  123  121  117
  117  115  117  118  121  123  127  129  133  137  141  144  149  152  157  160
  165  167  172  173  177  178  181  181  185  185  189  188  190  189  191  190
  191  191  195  194  196  192  194  187  194                                   
    72.5-180.0 180.0   5.0 450.0                            LAT/LON1/LON2/DLON/H
  198  197  197  198  199  197  200  201  206  206  208  205  202  198  193  188
  182  178  174  172  168  165  159  154  148  140  133  126  122  117  115  113
  113  113  116  117  120  122  126  129  134  137  143  146  150  156  160  165
  169  173  177  180  184  186  188  190  191  192  193  193  193  192  192  191
  192  193  196  196  197  198  197  190  198                                   
    70.0-180.0 180.0   5.0 450.0                            LAT/LON1/LON2/DLON/H
  203  199  197  198  198  195  198  200  205  206  207  204  199  192  185  177
  170  164  161  158  156  152  149  144  138  132  125  120  114  112  110  110
  110  112  114  117  120  122  126  129  134  137  143  147  153  158  164  170
  176  182  186  190  195  196  198  199  200  199  200  198  199  196  196  194
  195  195  199  199  201  200  203  195  203                                   
    67.5-180.0 180.0   5.0 450.0                            LAT/LON1/LON2/DLON/H
  210  203  200  199  197  194  197  199  205  207  209  204  200  189  180  168
  158  152  148  146  143  143  139  136  130  125  119  114  110  107  106  106
  107  108  110  111  113  115  118  121  125  129  135  142  148  158  164  174
  182  189  195  200  205  208  209  210  209  208  206  205  202  200  197  195
  194  195  199  200  202  206  205  196  210                                   
    65.0-180.0 180.0   5.0 450.0                            LAT/LON1/LON2/DLON/H
  217  207  201  198  196  192  195  198  205  209  211  207  201  190  178  166
  156  147  143  140  139  138  135  132  126  122  115  112  106  106  103  105
  104  106  106  108  108  110  112  115  118  123  130  137  147  158  169  181
  191  200  206  212  217  219  220  220  220  218  217  213  212  206  204  198
  198  196  200  200  204  206  209  199  217                                   
    62.5-180.0 180.0   5.0 450.0                            LAT/LON1/LON2/DLON/H
  225  213  204  199  193  190  192  197  204  209  214  211  207  195  184  169
  157  148  142  140  138  137  134  131  125  120  114  110  105  105  103  103
  101  100   98   99   97   99   99  102  106  112  120  131  143  158  170  184
  196  205  212  218  225  228  229  230  230  229  227  224  220  214  208  202
  199  196  199  200  204  211  211  200  225                                   
    60.0-180.0 180.0   5.0 450.0                            LAT/LON1/LON2/DLON/H
  232  217  210  201  197  190  192  195  203  208  213  211  209  200  190  177
  167  157  151  147  145  143  138  136  129  124  117  114  110  108  107  105
  103  100   98   96   95   95   97   99  103  109  119  131  145  161  176  193
  205  215  221  228  234  236  238  239  240  239  239  235  233  224  218  210
  207  202  205  203  208  210  215  203  232                                   
    57.5-180.0 180.0   5.0 450.0                            LAT/LON1/LON2/DLON/H
  239  225  216  209  200  195  195  197  202  207  213  212  213  206  200  191
  182  172  163  157  153  149  145  139  133  127  122  119  116  115  112  109
  104  100   94   93   91   92   93   97  101  109  118  132  147  164  179  195
  207  216  223  231  239  243  247  249  252  252  253  250  247  239  232  221
  215  208  210  207  211  217  217  207  239                                   
    55.0-180.0 180.0   5.0 450.0                            LAT/LON1/LON2/DLON/H
  249  237  234  225  219  210  208  205  205  207  210  210  210  207  205  198
  194  184  176  168  164  158  154  147  142  137  132  130  127  126  122  118
  114  107  103   99   99   99  102  104  109  114  124  136  152  168  184  199
  210  219  225  233  241  246  253  258  263  266  266  265  262  256  248  238
  230  224  222  219  221  223  228  220  249                                   
    52.5-180.0 180.0   5.0 450.0                            LAT/LON1/LON2/DLON/H
  264  255  252  248  239  231  224  218  213  211  211  211  212  210  211  207
  206  198  189  180  173  167  161  154  148  143  140  138  138  136  134  129
  123  117  110  109  108  111  112  116  118  123  130  141  155  171  185  199
  208  216  223  232  242  251  261  269  277  281  284  280  279  272  267  256
  248  239  236  232  234  238  241  236  264                                   
    50.0-180.0 180.0   5.0 450.0                            LAT/LON1/LON2/DLON/H
  282  279  280  278  273  265  256  244  233  224  218  213  212  209  211  208
  209  201  194  186  179  172  167  160  157  151  151  149  150  149  147  141
  136  130  126  123  125  126  129  129  131  132  138  145  158  172  187  201
  210  217  224  233  245  254  267  276  287  291  294  293  291  287  282  276
  267  261  258  253  253  253  259  258  282                                   
    47.5-180.0 180.0   5.0 450.0                            LAT/LON1/LON2/DLON/H
  302  306  303  309  304  299  288  273  257  242  231  223  219  217  217  215
  215  206  200  190  184  177  172  165  161  156  157  155  158  157  156  152
  147  143  139  138  138  140  141  142  142  142  146  151  162  176  189  202
  209  218  223  236  249  262  277  290  299  305  308  307  305  302  301  294
  291  284  282  277  277  275  278  281  302                                   
    45.0-180.0 180.0   5.0 450.0                            LAT/LON1/LON2/DLON/H
  324  330  330  338  337  336  328  314  292  273  254  240  231  223  220  213
  214  205  198  190  185  179  176  170  167  161  163  161  165  165  166  163
  162  157  156  153  155  154  156  153  152  150  151  155  163  175  189  201
  211  219  228  238  253  265  282  295  308  315  319  318  317  314  315  311
  310  305  304  300  300  301  305  308  324                                   
    42.5-180.0 180.0   5.0 450.0                            LAT/LON1/LON2/DLON/H
  345  350  349  357  359  362  356  347  327  306  282  264  250  239  231  224
  219  208  202  192  190  183  180  174  171  166  166  165  168  170  172  172
  172  170  169  167  167  165  164  161  159  156  158  160  168  179  192  205
  214  224  233  245  261  276  293  308  320  329  334  334  333  331  332  330
  332  328  328  325  327  327  331  336  345                                   
    40.0-180.0 180.0   5.0 450.0                            LAT/LON1/LON2/DLON/H
  367  373  369  375  376  378  375  372  358  337  314  293  274  257  243  229
  223  211  207  198  195  188  186  178  175  168  171  169  174  177  181  182
  185  183  185  181  180  175  173  168  165  163  163  166  171  181  193  206
  217  228  239  252  266  282  298  314  327  340  346  349  350  349  350  350
  352  351  352  352  356  363  363  363  367                                   
    37.5-180.0 180.0   5.0 450.0                            LAT/LON1/LON2/DLON/H
  389  393  387  384  382  378  378  380  374  362  341  322  301  282  260  246
  235  224  220  210  207  196  193  183  180  175  178  178  182  187  192  195
  198  199  198  195  190  185  179  175  172  170  171  170  176  184  197  208
  220  230  244  257  273  286  306  318  336  347  358  364  368  373  376  383
  384  388  388  392  396  401  396  393  389                                   
    35.0-180.0 180.0   5.0 450.0                            LAT/LON1/LON2/DLON/H
  423  423  411  402  391  386  382  386  387  379  365  348  329  306  280  260
  248  235  231  220  218  207  202  192  189  185  188  188  194  198  203  206
  209  211  212  207  202  193  189  183  181  180  178  178  179  188  197  206
  217  228  242  255  271  286  303  322  338  355  368  382  392  404  414  424
  428  430  431  436  444  450  452  435  423                                   
    32.5-180.0 180.0   5.0 450.0                            LAT/LON1/LON2/DLON/H
  461  460  447  429  413  397  393  393  396  393  383  371  351  331  302  283
  264  253  246  238  233  221  216  204  205  200  207  207  213  216  219  221
  222  222  221  218  210  203  197  194  192  190  188  183  182  185  191  199
  209  219  233  246  262  277  294  313  337  355  373  394  414  434  451  468
  472  479  479  489  498  502  498  490  461                                   
    30.0-180.0 180.0   5.0 450.0                            LAT/LON1/LON2/DLON/H
  513  508  496  473  454  435  423  419  419  413  404  392  376  352  323  301
  280  266  258  248  242  231  227  220  222  223  229  232  236  237  238  235
  236  232  233  227  222  211  207  200  199  193  190  184  181  181  184  191
  202  213  227  240  254  267  287  308  337  358  382  412  446  472  493  512
  520  530  533  545  555  555  561  553  513                                   
    27.5-180.0 180.0   5.0 450.0                            LAT/LON1/LON2/DLON/H
  561  558  554  534  512  485  469  456  452  443  432  415  397  373  343  322
  296  283  268  259  250  242  241  239  246  249  260  260  263  258  255  249
  246  242  240  234  225  219  210  208  201  199  191  184  177  177  176  185
  192  207  221  237  252  270  288  310  337  362  390  429  467  507  528  553
  559  572  573  588  602  603  610  612  561                                   
    25.0-180.0 180.0   5.0 450.0                            LAT/LON1/LON2/DLON/H
  612  625  627  615  593  565  540  521  504  490  473  451  432  404  372  344
  315  293  274  261  253  247  252  259  274  282  292  288  284  271  266  257
  256  251  252  244  240  227  221  208  204  194  188  178  174  170  171  175
  187  200  219  237  257  279  299  322  349  378  408  455  497  543  566  597
  604  619  617  632  643  643  657  674  612                                   
    22.5-180.0 180.0   5.0 450.0                            LAT/LON1/LON2/DLON/H
  653  686  695  691  681  650  623  591  568  541  517  491  467  437  404  370
  334  307  282  269  260  260  269  287  307  317  321  312  297  280  267  260
  254  255  251  249  239  232  215  211  197  191  178  173  166  163  156  161
  170  188  208  235  261  286  310  334  358  389  419  464  504  548  573  606
  617  635  634  646  659  661  679  697  653                                   
    20.0-180.0 180.0   5.0 450.0                            LAT/LON1/LON2/DLON/H
  690  736  752  766  762  746  714  684  650  616  579  545  515  481  445  406
  366  329  296  279  272  280  297  322  343  347  342  321  299  275  262  254
  251  247  250  241  240  223  214  199  191  177  170  161  159  150  151  153
  164  183  205  236  264  294  319  346  370  403  432  473  510  550  579  615
  629  649  649  660  668  664  689  729  690                                   
    17.5-180.0 180.0   5.0 450.0                            LAT/LON1/LON2/DLON/H
  707  759  783  801  811  803  786  757  729  682  642  603  565  526  484  444
  399  359  323  303  296  312  333  356  368  362  341  316  283  263  249  242
  236  237  232  230  220  212  198  186  170  159  144  141  135  134  132  140
  152  174  200  234  267  296  330  351  385  410  442  473  505  536  568  594
  614  629  639  646  657  657  685  727  707                                   
    15.0-180.0 180.0   5.0 450.0                            LAT/LON1/LON2/DLON/H
  711  760  787  816  837  831  821  802  779  743  702  661  620  575  532  486
  442  401  364  344  336  351  370  383  383  362  330  294  262  243  235  226
  228  222  224  214  208  197  186  171  153  144  133  129  127  121  126  129
  151  169  201  233  268  303  333  364  393  428  454  488  518  547  575  601
  618  638  644  654  658  655  682  729  711                                   
    12.5-180.0 180.0   5.0 450.0                            LAT/LON1/LON2/DLON/H
  695  742  770  804  828  835  823  812  797  762  734  695  660  615  568  521
  474  437  404  389  381  391  399  398  380  346  305  266  238  221  215  212
  209  205  202  196  189  181  164  152  136  129  119  115  112  111  114  124
  143  167  199  230  271  301  341  366  407  429  469  499  529  551  575  595
  613  630  640  647  654  655  678  714  695                                   
    10.0-180.0 180.0   5.0 450.0                            LAT/LON1/LON2/DLON/H
  683  716  738  775  803  809  807  796  787  761  739  710  680  638  592  544
  500  470  445  434  427  426  419  399  367  320  278  241  220  203  207  201
  198  192  190  183  173  163  147  139  126  119  112  108  108  102  108  114
  135  161  197  231  266  305  334  376  407  442  475  513  541  563  580  604
  621  641  649  658  663  665  672  708  683                                   
     7.5-180.0 180.0   5.0 450.0                            LAT/LON1/LON2/DLON/H
  665  691  707  735  757  766  758  755  746  732  718  697  672  635  593  552
  512  488  472  465  456  445  422  387  342  292  250  217  202  198  204  201
