data/unet/pred2530.15i
     1.0            IONOSPHERE MAPS     GNSS                IONEX VERSION / TYPE
pyspatialgeodesy        IME             05-JAN-18 20:20     PGM / RUN BY / DATE 
Map Name                                                    COMMENT             
Predicted global ionosphere maps (GIM).                     DESCRIPTION         
  2015     9    10     0     0     0                        EPOCH OF FIRST MAP  
  2015     9    11     0     0     0                        EPOCH OF LAST MAP   
  7200                                                      INTERVAL            
    13                                                      # OF MAPS IN FILE   
  NONE                                                      MAPPING FUNCTION    
10.0                                                        ELEVATION CUTOFF    
One-way carrier phase leveled to code                       OBSERVABLES USED    
  6371.0                                                    BASE RADIUS         
 2                                                          MAP DIMENSION       
   450.0 450.0   0.0                                        HGT1 / HGT2 / DHGT  
    87.5 -87.5  -2.5                                        LAT1 / LAT2 / DLAT  
  -180.0 180.0   5.0                                        LON1 / LON2 / DLON  
    -1                                                      EXPONENT            
                                                            END OF HEADER       
[from data line 3003]
     8                                                      START OF TEC MAP    
  2015     9    10    14     0     0                        EPOCH OF CURRENT MAP
    87.5-180.0 180.0   5.0 450.0                            LAT/LON1/LON2/DLON/H
   87  100  105  105  104  106  106  108  108  109  110  111  112  114  114  115
  115  117  116  118  116  117  116  116  114  115  112  113  111  112  110  111
  109  110  108  109  107  108  105  107  105  107  104  106  104  107  105  108
  106  109  107  110  109  111  109  111  110  111  110  111  109  110  108  109
  107  107  106  106  103  102  112  104   87                                   
    85.0-180.0 180.0   5.0 450.0                            LAT/LON1/LON2/DLON/H
   90   97   88   86   87   88   89   90   92   94   95   97   99  101  102  104
  104  107  106  109  108  109  108  108  107  106  104  104  102  102   99   99
   96   96   93   92   91   89   88   87   87   86   87   86   88   87   89   88
   92   91   93   93   96   95   96   96   98   97   98   97   98   97   96   95
   94   93   91   90   90   90   92   93   90                                   
    82.5-180.0 180.0   5.0 450.0                            LAT/LON1/LON2/DLON/H
   90   81   74   76   76   78   78   81   82   85   86   90   90   95   95   99
  101  104  105  107  109  109  110  110  110  109  109  108  106  105  102  100
   97   95   91   90   86   85   81   81   79   79   79   80   80   82   83   85
   87   89   91   93   94   95   96   97   98   98   99   97   98   96   95   92
   91   89   86   85   81   78   78   76   90                                   
    80.0-180.0 180.0   5.0 450.0                            LAT/LON1/LON2/DLON/H
   76   70   63   66   64   69   68   73   73   78   79   84   85   90   90   96
   96  101  101  106  105  110  107  112  108  111  107  109  105  106  101  100
   96   94   88   87   81   81   75   75   71   72   70   73   72   75   77   80
   82   86   88   91   92   95   95   97   97   99   98   98   96   96   93   92
   88   86   81   78   74   70   65   71   76                                   
    77.5-180.0 180.0   5.0 450.0                            LAT/LON1/LON2/DLON/H
   64   61   56   55   58   60   62   64   66   69   72   75   78   82   85   88
   91   94   97   99  101  103  105  106  107  107  108  108  107  106  104  102
   98   94   89   85   79   76   71   69   65   66   65   67   67   71   72   78
   78   84   84   90   89   93   92   96   93   96   94   95   93   92   90   88
   83   81   76   71   67   61   56   63   64                                   
    75.0-180.0 180.0   5.0 450.0                            LAT/LON1/LON2/DLON/H
   63   56   51   51   52   55   55   59   60   65   66   71   74   79   81   86
   88   93   94   97   97  102  101  105  104  108  108  109  109  109  107  104
  101   98   92   87   80   77   71   67   63   64   64   65   67   70   73   75
   78   82   84   86   87   88   89   90   90   91   91   90   90   88   87   84
   81   77   73   68   64   59   58   63   63                                   
    72.5-180.0 180.0   5.0 450.0                            LAT/LON1/LON2/DLON/H
   61   57   54   52   53   56   56   60   62   66   68   73   76   81   83   88
   88   94   92   97   95  101   99  104  102  109  107  113  111  115  111  111
  107  105   98   93   84   81   73   70   65   66   65   67   68   72   73   77
   76   80   79   82   79   82   79   82   79   82   81   83   82   83   81   80
   77   74   71   66   64   58   56   62   61                                   
    70.0-180.0 180.0   5.0 450.0                            LAT/LON1/LON2/DLON/H
   61   56   53   53   54   57   58   61   63   66   69   74   78   82   86   88
   90   93   91   94   90   95   93   98   96  102  102  108  108  112  111  112
  108  107  100   96   87   84   77   73   69   68   69   69   72   73   76   77
   78   78   77   76   74   74   71   73   71   73   73   75   76   76   77   74
   73   69   67   63   61   58   59   63   61                                   
    67.5-180.0 180.0   5.0 450.0                            LAT/LON1/LON2/DLON/H
   58   58   56   55   57   58   61   62   64   67   71   76   79   85   87   90
   88   92   88   91   86   91   89   93   92   98   98  105  104  110  110  113
  108  109  103   99   91   89   82   79   74   76   74   77   76   80   79   81
   78   78   74   73   68   67   63   63   62   64   64   68   68   71   70   71
   68   67   64   61   60   56   57   61   58                                   
    65.0-180.0 180.0   5.0 450.0                            LAT/LON1/LON2/DLON/H
   56   54   54   54   55   59   61   62   66   67   72   75   80   84   88   88
   89   89   86   85   81   86   84   87   86   91   92   96   98  103  105  106
  106  106  101   98   92   89   84   82   78   80   79   80   81   82   82   80
   79   76   72   68   64   60   57   54   54   55   57   59   62   64   65   64
   64   61   59   54   55   53   54   57   56                                   
    62.5-180.0 180.0   5.0 450.0                            LAT/LON1/LON2/DLON/H
   51   53   51   50   52   54   57   58   61   63   67   73   77   82   85   88
   86   88   84   83   79   83   81   83   82   87   86   91   92   98   99  102
  101  102  100   97   92   90   86   86   83   86   85   88   86   88   85   84
   79   78   71   68   62   58   53   51   49   50   51   56   56   60   59   60
   57   56   53   51   50   47   51   52   51                                   
    60.0-180.0 180.0   5.0 450.0                            LAT/LON1/LON2/DLON/H
   48   45   45   44   47   49   52   53   56   57   62   66   72   76   81   84
   83   85   81   83   78   83   81   84   83   87   85   89   89   95   97   99
   99  100   98   96   92   89   87   87   86   90   91   92   93   92   90   87
   84   80   75   71   65   59   55   51   50   49   51   53   54   55   55   54
   52   49   47   44   45   43   46   43   48                                   
    57.5-180.0 180.0   5.0 450.0                            LAT/LON1/LON2/DLON/H
   43   44   40   39   41   41   43   43   45   47   52   58   62   69   74   78
   77   81   79   80   78   82   82   84   84   87   86   87   87   91   94   97
   97   98   97   95   91   90   89   91   91   97   98  100   98   99   95   94
   89   88   82   78   72   66   61   57   53   53   52   55   53   54   52   50
   47   44   43   40   40   38   42   38   43                                   
    55.0-180.0 180.0   5.0 450.0                            LAT/LON1/LON2/DLON/H
   43   38   34   33   34   34   36   34   36   35   42   44   52   56   63   64
   69   71   73   73   75   80   82   84   85   88   86   87   87   89   91   94
   95   96   95   93   90   89   89   92   95  100  103  105  105  104  103  100
  100   98   94   89   84   76   70   64   61   59   59   59   58   56   53   49
   46   42   41   38   39   36   39   35   43                                   
    52.5-180.0 180.0   5.0 450.0                            LAT/LON1/LON2/DLON/H
   44   43   37   34   33   32   30   30   29   31   33   40   43   52   54   61
   62   71   68   75   75   81   82   86   89   91   90   91   90   93   94   97
   98   99   98   96   94   94   95   99  102  109  111  114  112  113  111  112
  110  111  107  103   97   89   80   76   71   70   66   68   63   62   56   51
   47   43   42   39   39   37   42   36   44                                   
    50.0-180.0 180.0   5.0 450.0                            LAT/LON1/LON2/DLON/H
   48   45   38   37   35   32   32   28   31   27   35   33   43   44   51   54
   59   64   66   71   73   80   83   89   91   95   93   94   93   95   96   99
  100  102  100   99   97   98   99  103  107  112  115  117  118  118  119  120
  121  122  120  117  110  102   93   87   82   79   77   76   73   68   65   58
   55   49   48   45   46   43   47   44   48                                   
    47.5-180.0 180.0   5.0 450.0                            LAT/LON1/LON2/DLON/H
   54   54   49   46   43   38   35   32   30   30   33   37   40   47   50   58
   62   71   70   77   77   83   86   90   94   96   97   97   98   99  101  102
  105  106  106  105  105  106  109  112  115  121  122  125  125  128  127  131
  131  133  130  127  120  113  103   99   93   92   88   88   81   79   73   69
   63   60   58   55   56   53   57   51   54                                   
    45.0-180.0 180.0   5.0 450.0                            LAT/LON1/LON2/DLON/H
   61   62   54   55   50   47   43   37   37   33   38   36   44   44   53   56
   65   70   75   78   80   84   89   94   98  101  102  103  103  104  104  107
  108  112  110  113  112  116  117  121  123  126  128  130  132  134  136  138
  139  141  138  134  127  119  111  106  102  102  100   98   93   89   84   78
   75   70   68   63   64   60   64   64   61                                   
    42.5-180.0 180.0   5.0 450.0                            LAT/LON1/LON2/DLON/H
   65   67   64   62   59   53   48   43   37   38   39   42   46   49   56   64
   71   79   83   86   85   87   91   94  101  101  106  105  107  105  107  108
  113  115  120  122  124  126  129  133  134  137  138  140  141  144  145  147
  146  147  143  139  131  124  114  112  108  108  106  106  100   96   90   88
   83   81   78   73   71   71   71   65   65                                   
    40.0-180.0 180.0   5.0 450.0                            LAT/LON1/LON2/DLON/H
   67   70   63   64   62   56   51   47   43   42   45   50   54   56   64   72
   80   88   92   93   94   93   96   98  103  106  109  110  109  108  107  112
  115  122  125  131  133  138  140  144  145  145  146  148  150  153  155  155
  154  153  148  143  135  127  119  116  114  115  115  114  111  106  102   97
   93   88   85   79   77   73   77   75   67                                   
    37.5-180.0 180.0   5.0 450.0                            LAT/LON1/LON2/DLON/H
   67   68   64   62   58   54   48   45   42   43   48   54   60   63   72   80
   91   96  101  100  101   98  101  101  107  109  115  114  115  111  113  117
  124  131  139  144  149  155  158  162  160  163  161  163  163  167  167  168
  165  163  157  150  142  132  126  122  120  120  119  120  116  112  108  103
   99   94   93   84   87   81   83   72   67                                   
    35.0-180.0 180.0   5.0 450.0                            LAT/LON1/LON2/DLON/H
   67   63   54   53   51   49   45   45   41   47   50   61   66   72   79   90
   98  105  108  108  107  104  106  107  113  118  121  123  120  120  119  126
  133  145  152  163  168  177  180  185  183  183  180  180  180  183  183  183
  180  176  169  160  151  141  133  129  127  127  128  127  125  122  118  109
  106   98   97   88   83   81   79   76   67                                   
    32.5-180.0 180.0   5.0 450.0                            LAT/LON1/LON2/DLON/H
   70   60   51   47   43   40   37   37   37   41   50   61   69   79   87   97
  104  110  113  111  112  108  112  112  119  123  130  131  132  129  133  140
  152  163  176  189  198  205  209  213  211  209  205  206  205  206  205  203
  199  193  187  175  167  154  147  142  139  137  134  134  131  129  125  118
  112  108  105   94   93   87   89   77   70                                   
    30.0-180.0 180.0   5.0 450.0                            LAT/LON1/LON2/DLON/H
   76   60   48   42   40   37   35   36   34   44   47   64   71   83   89  100
  105  110  112  112  113  112  116  120  127  132  138  141  142  143  147  160
  171  189  203  221  228  238  241  244  241  239  233  235  232  235  232  230
  222  216  206  194  183  171  163  157  155  153  151  149  146  141  136  127
  122  115  115  101   96   89   88   79   76                                   
    27.5-180.0 180.0   5.0 450.0                            LAT/LON1/LON2/DLON/H
   88   69   52   46   40   35   32   31   31   35   43   58   69   85   92  102
  105  109  110  111  112  114  121  125  134  140  149  153  157  162  170  187
  202  221  238  255  263  271  274  277  274  274  272  271  270  269  267  262
  255  247  239  224  212  193  185  175  172  165  163  159  156  150  150  139
  135  127  119  111  102   97   99   94   88                                   
    25.0-180.0 180.0   5.0 450.0                            LAT/LON1/LON2/DLON/H
  102   82   60   50   45   38   36   32   30   37   38   57   65   83   88   97
   99  104  105  108  112  117  125  133  142  151  159  166  173  182  195  215
  231  253  270  287  294  303  303  308  305  309  303  308  304  310  303  302
  289  283  269  255  236  221  205  197  191  185  179  174  170  165  159  152
  144  139  131  123  115  110  110  104  102                                   
    22.5-180.0 180.0   5.0 450.0                            LAT/LON1/LON2/DLON/H
  120   99   78   70   57   50   42   36   31   33   35   48   60   76   85   93
   97  100  104  105  113  117  129  137  149  156  168  178  191  203  222  241
  262  280  300  311  320  322  325  328  331  337  339  342  341  343  341  333
  325  313  301  285  265  247  231  221  212  202  194  184  182  171  174  161
  163  153  147  138  133  125  126  132  120                                   
    20.0-180.0 180.0   5.0 450.0                            LAT/LON1/LON2/DLON/H
  134  120   93   85   74   67   56   45   37   36   33   47   53   71   78   89
   91   97  102  108  117  123  136  147  157  166  178  194  208  227  245  269
  288  309  321  333  333  335  338  344  350  361  362  371  368  376  366  365
  348  341  323  310  287  269  254  245  235  226  214  203  193  188  178  174
  171  168  167  159  152  148  144  144  134                                   
    17.5-180.0 180.0   5.0 450.0                            LAT/LON1/LON2/DLON/H
  146  128  109  103   90   83   70   57   45   37   36   43   52   66   78   86
   93   97  106  110  123  129  143  153  164  174  188  205  227  244  271  289
  311  323  337  341  346  348  356  363  375  384  393  397  402  400  396  386
  374  363  347  329  303  286  271  267  256  245  230  214  203  190  184  178
  181  179  179  174  169  162  161  164  146                                   
    15.0-180.0 180.0   5.0 450.0                            LAT/LON1/LON2/DLON/H
  153  140  120  113  102   95   82   69   55   45   38   45   49   63   75   84
   92   97  108  115  131  137  152  160  173  185  202  222  245  270  292  311
  328  337  348  352  359  363  370  380  390  402  406  415  414  417  405  402
  383  378  355  344  316  304  291  288  280  269  249  231  213  198  185  180
  181  182  188  184  181  174  170  169  153                                   
    12.5-180.0 180.0   5.0 450.0                            LAT/LON1/LON2/DLON/H
  151  138  122  114  103   98   87   76   63   52   46   49   57   65   82   90
  104  108  124  129  144  152  164  174  184  200  217  239  264  286  310  322
  337  340  354  358  369  372  384  391  402  409  419  423  428  425  420  409
  392  383  364  350  331  319  308  306  297  286  261  241  219  202  187  179
  179  186  187  189  184  180  170  168  151                                   
    10.0-180.0 180.0   5.0 450.0                            LAT/LON1/LON2/DLON/H
  149  138  121  114  104   97   88   76   68   58   51   50   56   67   84   98
  113  120  133  143  158  162  178  184  202  214  237  256  285  304  326  332
  346  346  363  367  380  384  393  396  403  409  416  422  423  425  414  408
  388  382  359  353  336  328  322  320  312  298  272  252  228  209  189  180
  176  184  188  188  180  172  163  160  149                                   
     7.5-180.0 180.0   5.0 450.0                            LAT/LON1/LON2/DLON/H
  144  129  113  103   93   87   80   73   67   62   55   58   66   77   99  112
  133  140  158  168  179  185  195  204  218  234  253  277  299  319  335  339
