data/unet/pred0310.15i
     1.0            IONOSPHERE MAPS     GNSS                IONEX VERSION / TYPE
pyspatialgeodesy        IME             05-JAN-18 20:20     PGM / RUN BY / DATE 
Map Name                                                    COMMENT             
Predicted global ionosphere maps (GIM).                     DESCRIPTION         
  2015     1    31     0     0     0                        EPOCH OF FIRST MAP  
  2015     2     1     0     0     0                        EPOCH OF LAST MAP   
  7200                                                      INTERVAL            
    13                                                      # OF MAPS IN FILE   
  NONE                                                      MAPPING FUNCTION    
10.0                                                        ELEVATION CUTOFF    
One-way carrier phase leveled to code                       OBSERVABLES USED    
  6371.0                                                    BASE RADIUS         
 2                                                          MAP DIMENSION       
   450.0 450.0   0.0                                        HGT1 / HGT2 / DHGT  
    87.5 -87.5  -2.5                                        LAT1 / LAT2 / DLAT  
  -180.0 180.0   5.0                                        LON1 / LON2 / DLON  
    -1                                                      EXPONENT            
                                                            END OF HEADER       
[from data line 1716]
     5                                                      START OF TEC MAP    
  2015     1    31     8     0     0                        EPOCH OF CURRENT MAP
    87.5-180.0 180.0   5.0 450.0                            LAT/LON1/LON2/DLON/H
   61   68   73   72   75   73   79   78   87   84   93   90   96   93   97   94
   96   93   93   91   91   88   88   85   85   83   83   82   82   81   82   81
   83   80   83   80   81   78   79   75   77   74   76   74   75   73   75   74
   74   73   73   72   71   71   70   69   67   66   65   64   63   62   61   60
   61   61   62   64   69   68   70   70   61                                   
    85.0-180.0 180.0   5.0 450.0                            LAT/LON1/LON2/DLON/H
   65   77   76   85   85   86   91   97  100  107  107  112  110  114  110  113
  108  111  106  108  103  105  100  101   97  100   96   98   96   98   97   97
   97   96   97   95   95   94   94   92   92   92   91   92   90   90   89   88
   87   86   84   83   80   79   76   74   71   69   66   65   63   62   60   60
   59   61   62   65   68   66   69   59   65                                   
    82.5-180.0 180.0   5.0 450.0                            LAT/LON1/LON2/DLON/H
   67   76   76   85   86   91   94  102  105  109  111  112  112  110  109  106
  104  100   98   93   92   86   87   81   84   80   83   81   84   84   86   86
   88   88   90   90   90   92   93   95   94   97   96   98   96   98   95   94
   91   89   86   83   80   76   73   68   65   60   57   54   51   49   46   46
   44   46   46   49   52   50   58   53   67                                   
    80.0-180.0 180.0   5.0 450.0                            LAT/LON1/LON2/DLON/H
   57   65   68   76   79   84   89   95  101  103  106  106  107  104  103   98
   95   90   85   79   75   70   66   63   61   61   61   62   64   66   69   70
   73   75   78   80   83   86   89   92   95   98  100  100  102  102  102  100
   99   96   95   90   89   83   81   74   72   64   61   54   52   45   43   37
   38   35   38   37   42   38   42   44   57                                   
    77.5-180.0 180.0   5.0 450.0                            LAT/LON1/LON2/DLON/H
   46   63   66   71   76   81   89   94   99  102  104  104  102  100   95   91
   83   79   69   65   56   53   48   46   44   46   47   50   52   56   58   63
   63   68   69   75   76   83   85   92   94  100  104  107  110  111  114  113
  113  111  112  109  108  103  101   95   92   85   80   72   66   59   53   47
   44   41   40   39   40   36   40   34   46                                   
    75.0-180.0 180.0   5.0 450.0                            LAT/LON1/LON2/DLON/H
   47   59   61   68   71   78   85   91   95   96   97   95   93   88   85   77
   72   62   58   46   45   36   38   32   36   34   40   40   47   47   55   54
   60   61   66   68   74   78   84   90   97  105  112  120  126  131  135  136
  136  137  137  136  134  131  128  123  118  111  106   97   90   81   72   65
   58   53   48   47   46   40   41   37   47                                   
    72.5-180.0 180.0   5.0 450.0                            LAT/LON1/LON2/DLON/H
   50   66   64   66   69   74   78   83   83   86   84   84   79   78   70   67
   56   52   42   39   33   33   30   32   33   38   40   46   48   53   52   56
   54   58   58   63   64   72   76   86   94  107  119  132  142  152  157  164
  165  169  169  168  164  159  157  151  148  140  134  123  117  105   98   87
   80   71   66   59   57   47   51   44   50                                   
    70.0-180.0 180.0   5.0 450.0                            LAT/LON1/LON2/DLON/H
   55   63   59   65   66   71   74   77   76   78   75   75   70   68   63   57
   53   44   42   35   38   35   40   40   46   47   52   53   57   57   59   57
   58   57   59   60   64   67   76   85   98  113  129  145  159  170  181  188
  195  200  204  203  202  196  195  187  184  173  166  155  146  133  123  110
  101   90   83   75   70   59   60   53   55                                   
    67.5-180.0 180.0   5.0 450.0                            LAT/LON1/LON2/DLON/H
   61   72   62   62   67   68   70   72   71   71   69   67   64   62   55   54
   46   44   38   39   38   42   45   51   55   61   63   67   67   66   63   60
   57   55   54   55   59   63   70   82   97  115  133  153  167  182  195  206
  213  221  227  229  227  224  221  216  211  201  191  178  169  155  143  128
  117  105   97   87   80   67   68   62   61                                   
    65.0-180.0 180.0   5.0 450.0                            LAT/LON1/LON2/DLON/H
   62   64   53   58   59   65   65   67   66   65   64   62   62   59   56   52
   50   48   47   47   50   52   59   64   70   76   78   79   78   74   68   63
   58   53   54   54   59   63   75   89  106  124  145  163  180  193  211  221
  234  238  248  249  249  244  242  235  230  218  209  197  187  174  158  143
  129  115  105   95   87   74   76   62   62                                   
    62.5-180.0 180.0   5.0 450.0                            LAT/LON1/LON2/DLON/H
   65   71   55   56   58   59   62   64   64   64   63   62   61   60   57   56
   53   53   51   54   56   62   67   74   80   84   86   84   81   74   67   58
   54   51   51   53   59   67   81   97  114  134  153  174  191  206  220  233
  246  252  263  262  262  255  254  247  242  231  220  205  197  182  166  148
  134  121  110  100   91   80   80   69   65                                   
    60.0-180.0 180.0   5.0 450.0                            LAT/LON1/LON2/DLON/H
   65   63   48   50   50   55   56   59   59   59   60   60   61   60   60   58
   58   57   58   60   63   68   73   80   84   86   85   80   76   66   58   51
   48   46   49   54   64   78   94  112  130  149  169  187  207  218  238  245
  258  266  272  273  272  269  264  259  250  240  223  214  201  190  172  157
  141  127  117  106   98   85   85   69   65                                   
    57.5-180.0 180.0   5.0 450.0                            LAT/LON1/LON2/DLON/H
   69   71   54   51   51   53   55   57   58   58   58   59   61   62   62   62
   62   61   60   60   62   66   70   76   79   78   76   70   63   55   47   43
   42   42   49   56   71   87  107  126  145  163  184  203  219  234  247  257
  269  274  279  280  280  275  272  266  260  249  233  218  208  195  180  164
  150  133  122  109  103   93   90   76   69                                   
    55.0-180.0 180.0   5.0 450.0                            LAT/LON1/LON2/DLON/H
   79   73   55   52   50   54   53   54   53   54   53   57   59   63   64   67
   66   66   63   63   62   65   66   70   69   69   62   57   49   44   37   38
   38   43   53   67   86  107  128  148  165  184  202  219  237  248  262  269
  278  282  286  286  287  284  280  276  268  260  242  233  219  209  194  180
  163  147  134  122  115  103  100   88   79                                   
    52.5-180.0 180.0   5.0 450.0                            LAT/LON1/LON2/DLON/H
   92   88   70   65   61   60   59   56   55   53   54   55   59   62   64   67
   67   64   62   59   58   57   58   60   60   59   52   46   38   35   30   33
   36   45   59   76   99  121  145  164  183  201  217  235  249  263  274  283
  288  292  294  294  293  290  288  284  277  270  257  245  235  224  211  194
  180  161  148  130  124  113  113  101   92                                   
    50.0-180.0 180.0   5.0 450.0                            LAT/LON1/LON2/DLON/H
  107   97   82   77   69   68   62   59   53   52   50   55   57   62   65   68
   68   68   63   63   58   59   57   59   57   55   48   42   35   32   28   34
   40   53   71   95  120  143  164  185  202  219  234  251  267  278  290  295
  299  298  301  297  299  295  296  292  288  280  269  264  254  245  231  215
  199  181  166  149  139  125  123  118  107                                   
    47.5-180.0 180.0   5.0 450.0                            LAT/LON1/LON2/DLON/H
  121  114  102   95   89   82   76   67   63   58   57   57   59   63   65   66
   67   64   63   58   59   56   58   59   57   56   48   44   35   35   31   38
   46   61   81  106  133  155  178  198  216  232  246  261  276  291  301  308
  306  307  304  303  300  299  297  296  292  286  278  273  267  257  245  226
  209  189  171  153  144  130  133  127  121                                   
    45.0-180.0 180.0   5.0 450.0                            LAT/LON1/LON2/DLON/H
  128  121  110  108  100   97   86   79   70   65   61   63   64   66   68   68
   70   68   68   68   68   70   68   72   69   67   60   53   45   42   39   45
   56   73   99  126  150  173  191  212  227  244  257  274  290  304  314  317
  318  314  312  306  306  303  304  301  299  293  285  282  275  268  253  235
  216  194  175  155  144  130  134  131  128                                   
    42.5-180.0 180.0   5.0 450.0                            LAT/LON1/LON2/DLON/H
  127  126  119  119  114  109  102   90   83   77   74   74   73   73   72   71
   72   72   76   76   82   81   86   86   86   83   74   67   57   52   48   53
   64   81  107  133  158  181  201  219  236  252  266  283  300  315  322  327
  326  326  320  315  311  307  305  303  299  294  286  281  276  268  254  236
  215  193  170  147  135  126  131  125  127                                   
    40.0-180.0 180.0   5.0 450.0                            LAT/LON1/LON2/DLON/H
  116  118  113  119  116  116  107  102   91   87   83   85   84   83   80   79
   80   81   87   92   97  102  105  108  105  101   92   80   70   60   55   58
   69   92  117  149  168  195  209  232  243  264  277  297  314  327  336  339
  342  337  335  326  325  317  317  312  310  302  292  288  278  269  252  234
  212  188  164  139  126  113  119  107  116                                   
    37.5-180.0 180.0   5.0 450.0                            LAT/LON1/LON2/DLON/H
  105  112  107  114  115  115  111  105  100   98   96   97   95   94   90   88
   88   91   99  105  115  119  124  124  123  117  106   92   78   66   59   60
   70   87  117  145  174  196  219  236  254  270  285  306  321  335  344  351
  353  353  351  347  344  336  333  326  322  312  303  294  283  269  254  237
  218  195  172  143  127  111  110   95  105                                   
    35.0-180.0 180.0   5.0 450.0                            LAT/LON1/LON2/DLON/H
   92   99   90  100  103  109  106  105  102  102  102  105  104  104  100   98
   98  104  114  124  134  139  141  142  136  128  116   99   85   70   61   61
   71   90  120  155  183  210  229  251  266  286  304  321  340  350  364  370
  378  378  379  375  372  366  361  356  353  344  337  324  312  295  277  259
  242  220  201  171  146  122  112   90   92                                   
    32.5-180.0 180.0   5.0 450.0                            LAT/LON1/LON2/DLON/H
   99   97   85   91   95   97   98   98   98  100  101  106  108  109  107  106
  108  113  125  134  144  148  149  147  142  132  119  102   87   69   60   55
   65   85  118  155  187  219  243  267  281  301  317  338  352  364  380  391
  401  407  412  413  413  409  404  398  395  387  380  366  351  331  313  297
  282  268  244  214  190  156  135  102   99                                   
    30.0-180.0 180.0   5.0 450.0                            LAT/LON1/LON2/DLON/H
  114  103   84   84   85   90   89   91   90   94   95  103  106  111  110  113
  116  124  136  146  153  153  151  147  139  127  116   99   85   67   60   57
   69   90  124  170  198  234  254  284  300  322  344  358  377  385  406  415
  431  438  450  456  463  463  458  458  452  451  442  434  415  396  369  357
  338  335  313  288  245  208  180  147  114                                   
    27.5-180.0 180.0   5.0 450.0                            LAT/LON1/LON2/DLON/H
  156  133  106   95   94   93   91   90   88   89   91   96   99  105  107  110
  117  125  137  144  148  147  143  136  130  119  109   93   82   69   66   66
   78  102  137  185  218  254  277  306  320  343  363  380  393  407  423  437
  453  467  485  501  513  522  522  524  524  526  524  520  503  479  451  433
  423  419  405  372  326  275  234  207  156                                   
    25.0-180.0 180.0   5.0 450.0                            LAT/LON1/LON2/DLON/H
  202  182  146  126  104  100   94   93   89   86   86   92   94  101  103  110
  117  127  137  143  144  140  135  126  121  110  103   91   86   76   76   78
   97  122  163  208  242  278  297  327  346  368  390  403  420  429  453  463
  491  503  533  556  581  596  610  618  615  607  593  590  580  576  556  546
  538  539  524  495  437  377  316  280  202                                   
    22.5-180.0 180.0   5.0 450.0                            LAT/LON1/LON2/DLON/H
  283  254  209  174  146  121  115  108  103   98   93   91   95   99   99  105
  112  122  130  135  134  130  125  119  116  109  104   98   94   92   96   99
  119  150  190  233  272  300  321  352  371  399  415  435  451  465  487  500
  530  553  596  632  662  684  687  684  678  669  660  655  646  638  621  618
  610  617  606  587  533  478  421  357  283                                   
    20.0-180.0 180.0   5.0 450.0                            LAT/LON1/LON2/DLON/H
  367  345  282  233  194  168  143  135  119  113  107  100  101  100  101  103
  109  117  123  125  124  119  117  115  114  111  111  106  109  108  112  113
  137  165  208  248  288  316  340  375  403  427  450  470  490  507  534  550
  586  615  659  692  724  733  742  742  740  736  733  730  725  716  703  696
  693  693  689  659  615  570  491  448  367                                   
    17.5-180.0 180.0   5.0 450.0                            LAT/LON1/LON2/DLON/H
  476  452  377  316  266  227  200  173  163  146  136  127  121  119  114  113
  112  115  119  121  120  119  120  121  123  123  124  124  126  119  123  125
  146  178  217  259  293  324  354  392  418  453  473  505  524  556  582  610
  639  671  709  736  757  765  772  773  771  770  771  773  774  768  757  750
  743  743  734  707  666  622  571  522  476                                   
    15.0-180.0 180.0   5.0 450.0                            LAT/LON1/LON2/DLON/H
  528  513  449  404  340  293  257  224  205  184  172  158  150  140  135  127
  123  119  121  119  119  120  122  127  134  138  142  138  137  128  130  131
  149  183  220  264  297  336  368  406  443  475  506  535  566  596  629  651
  682  707  738  753  767  770  777  778  778  781  784  792  795  794  785  770
  762  748  742  710  678  640  602  562  528                                   
    12.5-180.0 180.0   5.0 450.0                            LAT/LON1/LON2/DLON/H
  559  546  489  454  419  379  326  296  262  234  220  199  190  175  163  153
  144  137  134  129  130  130  135  142  152  159  161  156  150  138  131  133
  151  184  216  258  294  329  367  409  446  487  522  557  590  624  648  677
  697  720  736  744  753  752  756  757  754  758  765  775  784  780  772  754
  738  722  706  679  655  623  598  563  559                                   
    10.0-180.0 180.0   5.0 450.0                            LAT/LON1/LON2/DLON/H
  560  560  501  478  453  431  385  351  308  287  268  244  231  210  197  180
  165  158  148  145  143  145  147  160  168  178  174  170  164  143  139  136
  158  186  226  259  299  336  375  414  460  499  536  571  607  632  664  682
  704  715  727  728  734  731  733  733  733  736  744  753  762  759  750  728
  708  684  662  635  612  591  574  535  560                                   
     7.5-180.0 180.0   5.0 450.0                            LAT/LON1/LON2/DLON/H
  537  543  495  480  461  447  424  406  362  346  314  288  268  243  226  205
  193  179  168  163  155  161  166  176  185  197  191  186  169  154  137  142
