data/unet/pred0350.15i
     1.0            IONOSPHERE MAPS     GNSS                IONEX VERSION / TYPE
pyspatialgeodesy        IME             05-JAN-18 20:20     PGM / RUN BY / DATE 
Map Name                                                    COMMENT             
Predicted global ionosphere maps (GIM).                     DESCRIPTION         
  2015     2     4     0     0     0                        EPOCH OF FIRST MAP  
  2015     2     5     0     0     0                        EPOCH OF LAST MAP   
  7200                                                      INTERVAL            
    13                                                      # OF MAPS IN FILE   
  NONE                                                      MAPPING FUNCTION    
10.0                                                        ELEVATION CUTOFF    
One-way carrier phase leveled to code                       OBSERVABLES USED    
  6371.0                                                    BASE RADIUS         
 2                                                          MAP DIMENSION       
   450.0 450.0   0.0                                        HGT1 / HGT2 / DHGT  
    87.5 -87.5  -2.5                                        LAT1 / LAT2 / DLAT  
  -180.0 180.0   5.0                                        LON1 / LON2 / DLON  
    -1                                                      EXPONENT            
                                                            END OF HEADER       
[from data line 4290]
    11                                                      START OF TEC MAP    
  2015     2     4    20     0     0                        EPOCH OF CURRENT MAP
    87.5-180.0 180.0   5.0 450.0                            LAT/LON1/LON2/DLON/H
  160  136  122  125  123  125  124  127  127  130  131  134  134  137  137  139
  138  141  140  141  140  141  140  140  139  139  138  136  135  133  131  129
  127  125  123  121  119  118  116  115  113  113  112  112  111  112  111  112
  111  114  112  115  114  117  116  119  117  121  118  122  119  122  120  122
  119  123  120  121  120  123  117  143  160                                   
    85.0-180.0 180.0   5.0 450.0                            LAT/LON1/LON2/DLON/H
  111  111  110  115  114  115  115  119  122  125  129  132  135  137  140  141
  143  144  145  145  146  145  146  145  145  143  143  140  140  137  136  132
  131  127  126  121  120  116  116  112  112  108  110  106  108  106  107  106
  107  108  108  111  110  114  112  116  113  117  115  118  115  117  114  116
  113  114  111  110  110  107  103  116  111                                   
    82.5-180.0 180.0   5.0 450.0                            LAT/LON1/LON2/DLON/H
  104  101   99  103  102  105  104  111  113  121  124  133  137  145  148  155
  156  161  159  162  159  160  156  157  153  154  149  149  144  144  139  138
  132  131  125  123  117  116  111  110  105  105  102  102  100  102  100  103
  102  105  105  109  108  113  112  118  115  121  118  122  117  121  116  119
  113  116  109  110  102  101   88   90  104                                   
    80.0-180.0 180.0   5.0 450.0                            LAT/LON1/LON2/DLON/H
   94   84   84   82   87   86   93   98  107  114  125  134  145  153  162  166
  172  171  174  170  170  165  164  159  159  155  153  150  149  145  143  138
  135  130  127  120  117  111  108  103  101   97   96   93   94   92   95   94
   98   98  103  103  108  108  113  112  116  115  118  115  117  113  115  110
  110  104  104   95   92   85   75   76   94                                   
    77.5-180.0 180.0   5.0 450.0                            LAT/LON1/LON2/DLON/H
   81   74   72   70   73   73   81   87   99  109  124  136  150  161  171  178
  183  183  183  179  175  169  167  161  159  153  153  146  146  140  141  133
  133  126  126  118  115  109  106   99   96   91   90   87   88   87   90   90
   93   95   99  102  104  108  109  111  112  113  112  113  111  111  108  108
  103  102   96   92   84   78   67   62   81                                   
    75.0-180.0 180.0   5.0 450.0                            LAT/LON1/LON2/DLON/H
   82   73   75   72   76   78   87   95  108  122  139  154  170  182  193  199
  203  201  196  189  181  172  167  159  156  150  148  144  142  140  139  136
  134  131  129  125  120  115  109  104   99   95   93   90   89   89   90   91
   95   96  102  103  108  108  112  111  113  112  112  110  110  108  108  105
  104  100   98   90   87   79   73   69   82                                   
    72.5-180.0 180.0   5.0 450.0                            LAT/LON1/LON2/DLON/H
   90   85   84   83   85   88   95  106  120  135  155  171  188  203  214  223
  223  222  212  204  190  180  169  160  152  147  144  140  140  135  136  132
  133  129  130  123  122  116  111  105  100   96   93   91   90   90   91   93
   96   98  101  103  105  107  107  109  108  108  106  106  104  105  102  103
   99  100   96   94   88   85   81   81   90                                   
    70.0-180.0 180.0   5.0 450.0                            LAT/LON1/LON2/DLON/H
  106   97  102   99  102  106  116  126  143  159  181  198  220  236  248  254
  252  248  234  223  204  192  174  161  146  139  132  128  123  121  119  119
  118  117  117  115  113  111  107  104   99   96   93   92   91   92   92   94
   96   98  100  101  103  102  103  101  101   98   97   96   95   95   95   95
   95   95   95   92   91   87   90   94  106                                   
    67.5-180.0 180.0   5.0 450.0                            LAT/LON1/LON2/DLON/H
  116  114  118  118  121  124  135  145  161  177  197  218  239  259  271  281
  277  273  257  243  222  205  185  166  146  135  122  117  108  106  102  100
   99   99   99   99   98   99   96   94   90   90   87   88   86   88   88   90
   91   94   95   96   96   95   94   92   90   87   85   83   83   82   83   84
   84   87   86   88   86   90   97  103  116                                   
    65.0-180.0 180.0   5.0 450.0                            LAT/LON1/LON2/DLON/H
  128  123  133  135  141  147  158  168  184  200  222  244  267  286  301  308
  308  301  285  268  247  226  204  179  155  137  117  107   93   88   80   79
   74   76   74   77   78   80   80   80   78   79   77   78   77   79   79   82
   83   85   86   87   86   85   83   80   79   75   74   73   72   71   71   71
   72   73   76   75   79   82   95  108  128                                   
    62.5-180.0 180.0   5.0 450.0                            LAT/LON1/LON2/DLON/H
  124  131  139  146  155  160  172  181  198  213  239  262  285  306  320  334
  334  328  311  294  273  251  228  201  176  149  126  107   89   77   64   60
   54   55   54   57   58   61   62   64   64   65   66   67   67   67   66   67
   67   69   68   71   70   72   70   70   68   68   66   67   66   65   63   62
   58   59   58   60   63   71   86  102  124                                   
    60.0-180.0 180.0   5.0 450.0                            LAT/LON1/LON2/DLON/H
  123  124  140  151  164  175  189  202  219  238  259  281  301  320  336  352
  359  354  339  322  302  279  257  227  202  170  143  116   96   78   63   56
   48   48   47   49   50   50   52   52   55   55   58   58   58   56   56   54
   53   53   54   54   55   58   59   62   62   62   61   61   60   59   56   53
   49   46   44   43   48   52   71   89  123                                   
    57.5-180.0 180.0   5.0 450.0                            LAT/LON1/LON2/DLON/H
  108  118  134  150  168  179  197  215  237  255  275  292  310  330  346  368
  377  381  365  349  329  308  285  257  227  196  167  140  115   94   77   64
   57   51   52   49   49   46   45   45   47   48   51   51   51   48   46   42
   40   38   38   40   43   47   51   55   59   61   61   61   61   58   55   50
   44   39   34   32   34   41   57   75  108                                   
    55.0-180.0 180.0   5.0 450.0                            LAT/LON1/LON2/DLON/H
  106  109  135  156  177  198  220  244  263  282  295  310  323  338  356  375
  392  397  391  376  355  335  312  285  256  223  197  169  148  124  108   92
   83   73   69   63   61   54   52   49   51   52   55   55   56   51   49   42
   40   36   37   38   42   49   53   61   62   68   66   68   65   65   59   54
   48   41   36   31   34   36   54   68  106                                   
    52.5-180.0 180.0   5.0 450.0                            LAT/LON1/LON2/DLON/H
  102  115  138  165  190  216  244  268  290  306  317  328  335  352  363  386
  399  412  406  399  377  358  334  311  285  257  228  202  181  163  144  128
  114  102   93   85   77   69   63   60   59   61   63   64   64   60   56   49
   45   41   41   43   47   54   61   67   72   74   75   73   74   71   69   63
   57   51   44   42   41   45   58   73  102                                   
    50.0-180.0 180.0   5.0 450.0                            LAT/LON1/LON2/DLON/H
  116  124  157  185  215  247  275  304  326  341  348  355  359  366  376  391
  406  414  415  409  393  374  352  332  310  287  262  236  216  196  181  160
  145  127  118  106   98   87   81   76   76   76   80   81   83   79   76   68
   65   59   60   60   64   70   76   83   85   88   85   86   83   83   78   76
   71   67   64   60   63   62   77   90  116                                   
    47.5-180.0 180.0   5.0 450.0                            LAT/LON1/LON2/DLON/H
  133  149  182  212  245  274  303  333  358  373  378  387  382  391  389  405
  409  419  413  413  398  385  365  350  331  313  290  267  244  225  203  183
  160  143  129  120  110  101   95   91   89   91   93   96   97   96   92   88
   85   82   80   80   82   86   93   97  100   99   98   94   94   92   91   87
   85   82   82   83   85   87   99  117  133                                   
    45.0-180.0 180.0   5.0 450.0                            LAT/LON1/LON2/DLON/H
  165  178  216  246  277  305  335  362  387  402  411  416  413  413  412  418
  422  422  418  416  403  393  377  363  346  328  308  285  264  237  214  185
  164  142  132  122  116  110  106  101  100  100  104  107  110  109  109  107
  107  104  103  101  102  104  109  112  112  110  105  103   99  100   96   97
   95   97   99  101  109  113  127  145  165                                   
    42.5-180.0 180.0   5.0 450.0                            LAT/LON1/LON2/DLON/H
  186  209  244  276  306  330  356  381  406  424  431  441  436  440  432  437
  430  432  420  422  409  404  389  377  356  339  316  295  264  235  201  174
  147  132  122  118  116  114  112  109  106  107  108  114  115  118  118  120
  121  121  120  117  117  117  121  122  123  118  112  107  105  103  101   99
   99  101  106  114  125  135  146  171  186                                   
    40.0-180.0 180.0   5.0 450.0                            LAT/LON1/LON2/DLON/H
  214  235  270  299  327  350  374  398  422  440  452  463  462  462  455  454
  447  445  435  437  426  422  407  389  365  343  321  294  261  222  187  154
  135  122  119  120  123  126  124  122  117  115  117  119  122  122  125  128
  132  132  133  129  129  128  130  131  129  124  115  111  106  105  101  100
   98  101  106  115  131  144  162  187  214                                   
    37.5-180.0 180.0   5.0 450.0                            LAT/LON1/LON2/DLON/H
  222  248  280  312  338  360  383  404  426  446  460  476  476  476  467  467
  459  461  450  453  442  439  421  399  369  345  318  288  246  205  168  142
  130  125  126  132  140  144  142  137  129  125  123  124  123  124  124  128
  130  134  133  131  131  131  134  134  133  125  119  111  107  103  101   96
   93   92   95  104  120  140  163  194  222                                   
    35.0-180.0 180.0   5.0 450.0                            LAT/LON1/LON2/DLON/H
  235  258  291  320  345  368  390  410  432  451  469  486  489  490  481  482
  473  475  468  472  464  457  434  406  374  345  317  283  245  203  172  154
  151  153  161  171  178  181  174  167  155  148  142  141  137  134  130  132
  133  137  135  134  132  134  137  139  136  130  120  115  108  105   99   95
   88   88   86   94  106  129  160  193  235                                   
    32.5-180.0 180.0   5.0 450.0                            LAT/LON1/LON2/DLON/H
  231  255  288  322  349  371  393  410  432  451  474  487  492  490  485  485
  480  486  481  485  477  468  441  410  374  347  317  286  252  222  204  199
  210  220  232  234  234  226  217  200  185  172  166  162  156  149  141  137
  135  136  132  129  127  130  135  137  136  129  121  116  112  106  101   91
   86   77   79   79   94  116  154  194  231                                   
    30.0-180.0 180.0   5.0 450.0                            LAT/LON1/LON2/DLON/H
  236  257  293  328  355  385  405  423  442  459  479  495  496  495  486  488
  483  491  490  497  490  479  448  413  380  353  331  309  289  275  279  296
  322  344  349  339  314  290  262  244  223  210  200  197  187  180  165  160
  149  147  138  135  130  134  138  141  137  131  121  119  114  112  105   97
   87   80   77   82   91  116  158  203  236                                   
    27.5-180.0 180.0   5.0 450.0                            LAT/LON1/LON2/DLON/H
  241  259  294  329  363  393  415  433  451  470  491  498  500  493  486  484
  480  488  490  497  488  475  442  413  385  371  362  358  357  369  399  440
  479  503  496  471  420  363  312  276  256  241  236  229  223  209  196  182
  172  161  149  140  136  138  145  145  144  135  129  124  122  116  115  104
   99   87   88   88  103  124  169  221  241                                   
    25.0-180.0 180.0   5.0 450.0                            LAT/LON1/LON2/DLON/H
  256  274  309  347  377  415  438  460  473  498  515  526  514  507  487  492
  481  489  488  496  485  467  436  415  400  402  412  431  462  491  527  584
  605  623  609  581  507  438  379  327  298  281  275  271  265  251  235  220
  204  188  169  157  148  150  153  157  149  141  125  124  114  118  109  114
  103  107   99  107  119  150  187  236  256                                   
    22.5-180.0 180.0   5.0 450.0                            LAT/LON1/LON2/DLON/H
  278  297  333  360  399  427  458  482  504  532  552  553  537  519  499  494
  487  491  486  488  473  456  432  425  428  452  484  523  552  592  616  643
  669  680  649  611  541  458  388  344  318  307  305  305  307  296  283  259
  240  215  197  180  174  170  173  167  161  147  136  122  118  110  113  113
  114  111  117  131  147  182  216  269  278                                   
    20.0-180.0 180.0   5.0 450.0                            LAT/LON1/LON2/DLON/H
  311  328  365  395  428  461  491  524  552  585  598  613  581  568  532  522
  503  509  497  497  479  462  445  451  471  518  562  601  641  650  663  705
  714  719  678  620  544  461  391  342  321  314  322  331  337  330  322  298
  283  253  237  214  210  201  202  194  185  169  155  143  130  127  127  134
  137  142  142  157  180  222  255  299  311                                   
    17.5-180.0 180.0   5.0 450.0                            LAT/LON1/LON2/DLON/H
  342  370  412  444  471  505  529  569  601  636  651  654  633  614  588  561
  538  524  516  510  493  481  475  492  526  575  623  671  676  684  699  722
  726  712  661  594  506  423  356  321  305  308  313  332  345  350  345  335
  319  295  276  257  253  244  242  225  211  189  173  156  145  137  140  149
  154  157  164  176  204  250  292  332  342                                   
    15.0-180.0 180.0   5.0 450.0                            LAT/LON1/LON2/DLON/H
  382  405  450  486  518  549  581  620  652  694  706  731  712  702  663  634
  595  571  548  545  529  519  521  545  573  622  682  703  705  707  710  720
  705  672  610  537  457  379  326  300  295  299  310  325  343  350  354  344
  333  313  300  282  279  269  264  245  227  204  185  168  153  148  149  158
  163  168  177  192  222  271  321  359  382                                   
    12.5-180.0 180.0   5.0 450.0                            LAT/LON1/LON2/DLON/H
  393  438  486  526  556  594  631  669  706  738  763  783  787  774  753  713
  671  631  600  577  563  555  557  580  621  677  713  728  716  705  691  684
  654  607  532  467  390  332  296  286  283  292  296  311  325  339  344  338
  332  318  313  301  296  286  276  258  238  219  197  182  163  156  151  158
  160  170  178  199  227  278  329  374  393                                   
    10.0-180.0 180.0   5.0 450.0                            LAT/LON1/LON2/DLON/H
  410  458  511  555  595  633  670  715  746  786  809  844  845  852  823  804
  763  719  675  640  617  605  610  638  680  722  745  743  723  698  671  647
  596  536  472  404  357  311  297  287  293  296  302  308  324  335  337  331
  329  319  314  300  295  283  273  258  241  224  206  194  174  166  157  164
  158  167  175  197  225  280  334  382  410                                   
     7.5-180.0 180.0   5.0 450.0                            LAT/LON1/LON2/DLON/H
  407  469  526  586  626  663  704  741  782  809  844  872  893  896  894  872
  848  807  764  719  691  673  668  697  738  763  766  748  713  687  651  611
