data/unet/pred3620.15i
     1.0            IONOSPHERE MAPS     GNSS                IONEX VERSION / TYPE
pyspatialgeodesy        IME             05-JAN-18 20:20     PGM / RUN BY / DATE 
Map Name                                                    COMMENT             
Predicted global ionosphere maps (GIM).                     DESCRIPTION         
  2015    12    28     0     0     0                        EPOCH OF FIRST MAP  
  2015    12    29     0     0     0                        EPOCH OF LAST MAP   
  7200                                                      INTERVAL            
    13                                                      # OF MAPS IN FILE   
  NONE                                                      MAPPING FUNCTION    
10.0                                                        ELEVATION CUTOFF    
One-way carrier phase leveled to code                       OBSERVABLES USED    
  6371.0                                                    BASE RADIUS         
 2                                                          MAP DIMENSION       
   450.0 450.0   0.0                                        HGT1 / HGT2 / DHGT  
    87.5 -87.5  -2.5                                        LAT1 / LAT2 / DLAT  
  -180.0 180.0   5.0                                        LON1 / LON2 / DLON  
    -1                                                      EXPONENT            
                                                            END OF HEADER       
[from data line 5148]
    13                                                      START OF TEC MAP    
  2015    12    29     0     0     0                        EPOCH OF CURRENT MAP
    87.5-180.0 180.0   5.0 450.0                            LAT/LON1/LON2/DLON/H
   94   73   66   61   63   60   63   59   63   59   61   57   60   56   59   54
   57   53   56   52   55   51   54   50   53   49   53   48   52   48   52   47
   52   48   51   47   52   48   52   49   53   50   55   52   57   54   58   56
   60   57   62   59   63   60   64   61   65   62   65   62   65   62   65   61
   65   61   65   63   69   66   76   74   94                                   
    85.0-180.0 180.0   5.0 450.0                            LAT/LON1/LON2/DLON/H
   82   45   45   44   44   41   43   41   43   40   41   37   38   34   35   30
   31   27   27   23   24   20   21   17   18   15   16   13   15   12   14   11
   14   12   14   13   16   15   19   18   22   23   27   28   32   32   36   36
   39   39   42   41   44   43   45   44   46   44   46   44   46   43   45   42
   44   42   45   43   49   38   42   74   82                                   
    82.5-180.0 180.0   5.0 450.0                            LAT/LON1/LON2/DLON/H
   74   45   45   48   46   43   46   44   46   42   43   40   41   36   36   32
   32   27   27   24   24   20   20   16   17   13   15   12   14   10   13    9
   13   10   14   12   18   16   22   21   27   27   33   34   39   40   44   45
   48   48   50   50   52   51   51   50   51   49   49   47   48   46   46   45
   46   44   47   46   48   41   47   72   74                                   
    80.0-180.0 180.0   5.0 450.0                            LAT/LON1/LON2/DLON/H
   76   52   52   55   53   52   53   53   53   52   51   50   50   47   46   43
   41   38   36   33   31   28   27   23   22   20   19   17   17   15   16   14
   16   15   18   19   22   23   27   30   34   37   42   45   49   51   54   56
   58   59   60   60   60   59   58   57   56   54   53   51   50   49   48   48
   48   48   50   51   52   48   51   75   76                                   
    77.5-180.0 180.0   5.0 450.0                            LAT/LON1/LON2/DLON/H
   79   53   54   56   54   53   55   55   55   54   54   53   53   51   50   48
   46   42   41   37   36   32   31   27   26   23   23   20   20   17   18   16
   18   17   20   20   23   24   29   30   35   37   43   46   51   53   57   58
   60   60   62   61   60   58   57   55   53   50   49   46   45   43   43   42
   42   42   46   48   51   48   53   74   79                                   
    75.0-180.0 180.0   5.0 450.0                            LAT/LON1/LON2/DLON/H
   79   57   57   61   59   59   59   61   60   60   60   61   59   59   57   55
   52   50   47   45   41   40   37   35   32   30   29   27   26   25   24   24
   24   24   25   26   27   29   32   35   37   42   45   50   52   55   57   59
   59   59   59   58   55   54   51   49   46   44   41   40   37   37   37   38
   37   40   43   48   52   51   55   77   79                                   
    72.5-180.0 180.0   5.0 450.0                            LAT/LON1/LON2/DLON/H
   86   64   67   69   66   65   66   66   67   66   67   66   65   63   61   58
   55   52   50   47   46   43   43   40   39   36   36   35   34   33   33   32
   32   31   32   31   32   32   35   36   39   41   46   48   51   51   54   54
   54   52   52   49   47   43   42   38   36   33   32   30   30   29   31   32
   34   36   42   48   54   54   59   81   86                                   
    70.0-180.0 180.0   5.0 450.0                            LAT/LON1/LON2/DLON/H
   89   76   78   81   77   76   76   75   75   73   73   72   70   66   63   60
   56   53   51   49   47   46   45   44   42   41   41   40   40   39   39   39
   38   36   36   35   35   34   35   36   38   40   44   45   47   47   48   47
   45   42   41   38   35   32   31   28   27   25   25   24   25   26   29   31
   34   38   46   53   60   62   69   89   89                                   
    67.5-180.0 180.0   5.0 450.0                            LAT/LON1/LON2/DLON/H
  103   89   94   96   91   89   88   86   85   83   82   79   76   71   67   61
   57   52   50   48   47   46   46   45   45   43   44   43   44   43   44   42
   41   38   37   35   34   32   34   33   36   37   41   41   44   43   43   40
   38   34   32   29   27   25   25   22   23   21   23   23   26   28   33   35
   41   45   54   60   69   72   78   94  103                                   
    65.0-180.0 180.0   5.0 450.0                            LAT/LON1/LON2/DLON/H
  109  105  109  110  104  101   99   97   95   93   90   86   81   75   68   61
   55   51   48   46   45   44   44   44   43   43   43   44   44   44   44   42
   40   37   35   32   30   29   30   31   33   35   38   40   40   40   38   34
   31   26   25   21   21   19   20   19   21   21   24   26   31   35   40   45
   51   56   64   71   80   83   91  104  109                                   
    62.5-180.0 180.0   5.0 450.0                            LAT/LON1/LON2/DLON/H
  122  118  123  123  116  111  108  105  104  101   98   94   88   80   71   63
   56   50   47   44   43   42   42   40   41   40   41   41   42   41   41   38
   36   32   30   27   26   25   27   28   31   33   36   38   39   37   35   30
   26   22   20   18   18   18   20   20   24   25   30   33   40   45   52   56
   63   67   75   81   90   94  100  110  122                                   
    60.0-180.0 180.0   5.0 450.0                            LAT/LON1/LON2/DLON/H
  125  128  131  132  124  120  115  112  109  107  103   99   91   83   73   63
   55   49   45   42   41   39   38   37   36   35   36   37   38   38   37   35
   31   28   25   23   22   22   24   26   28   32   35   38   38   37   33   28
   23   19   17   16   17   18   21   23   28   31   37   42   50   57   63   69
   75   79   85   91   98  101  109  116  125                                   
    57.5-180.0 180.0   5.0 450.0                            LAT/LON1/LON2/DLON/H
  135  135  139  140  132  127  122  118  115  112  108  104   97   88   78   68
   59   52   48   44   42   39   37   34   33   32   33   34   36   36   35   33
   30   27   25   23   23   24   26   28   31   34   37   40   40   39   35   30
   24   21   18   19   20   23   27   30   35   39   46   52   61   67   76   81
   87   90   96  101  107  110  115  121  135                                   
    55.0-180.0 180.0   5.0 450.0                            LAT/LON1/LON2/DLON/H
  136  141  146  147  139  134  128  124  119  116  112  107  100   92   82   72
   63   56   51   47   44   40   37   33   31   30   31   33   36   37   37   34
   32   29   28   27   28   29   31   33   36   39   42   44   44   43   39   34
   30   26   24   24   27   30   35   38   43   47   55   62   71   79   87   93
   98  102  108  112  117  119  124  127  136                                   
    52.5-180.0 180.0   5.0 450.0                            LAT/LON1/LON2/DLON/H
  147  149  154  156  149  144  138  132  127  123  117  113  105   98   88   80
   71   64   58   53   49   45   40   36   34   33   34   37   39   42   41   40
   37   36   35   36   37   39   41   42   44   47   49   50   50   49   46   42
   38   35   34   34   38   41   45   47   52   55   62   69   79   87   96  102
  109  113  119  123  129  130  131  137  147                                   
    50.0-180.0 180.0   5.0 450.0                            LAT/LON1/LON2/DLON/H
  151  158  164  167  160  156  149  143  135  129  121  115  109  101   93   84
   77   69   63   58   53   48   43   39   37   36   38   41   44   47   47   45
   44   43   44   46   48   50   51   52   52   54   56   57   57   57   56   53
   50   47   46   46   49   52   55   57   60   64   70   77   87   96  104  112
  119  124  130  136  140  140  142  145  151                                   
    47.5-180.0 180.0   5.0 450.0                            LAT/LON1/LON2/DLON/H
  166  170  177  180  176  173  165  157  148  140  130  123  115  108  100   93
   85   78   71   65   60   54   50   46   44   44   45   49   52   54   53   53
   51   51   53   56   58   60   61   61   61   62   63   64   66   67   66   64
   62   60   59   58   61   63   65   66   69   71   77   84   94  103  112  120
  127  134  141  148  153  153  152  156  166                                   
    45.0-180.0 180.0   5.0 450.0                            LAT/LON1/LON2/DLON/H
  171  179  189  192  189  187  180  172  160  150  138  129  121  113  105   97
   90   82   76   69   65   60   56   52   51   51   53   56   58   60   59   56
   56   57   60   63   66   67   68   68   68   68   70   71   74   75   76   75
   74   71   70   68   70   71   73   73   76   78   84   90  100  109  119  127
  134  142  151  158  164  164  165  166  171                                   
    42.5-180.0 180.0   5.0 450.0                            LAT/LON1/LON2/DLON/H
  183  188  197  201  199  199  192  185  173  162  150  140  130  122  113  104
   96   88   82   77   73   69   65   62   60   60   62   64   64   64   61   59
   58   59   62   67   69   71   72   72   72   74   76   77   80   82   84   83
   83   80   78   76   76   76   78   78   81   83   89   96  106  114  123  132
  140  149  157  165  172  172  170  174  183                                   
    40.0-180.0 180.0   5.0 450.0                            LAT/LON1/LON2/DLON/H
  184  193  202  205  203  202  197  190  180  170  158  148  138  129  119  109
  101   93   87   83   80   77   74   70   68   67   68   68   68   65   61   57
   57   58   62   66   70   72   73   74   76   78   81   83   86   87   89   88
   88   85   82   79   79   79   80   81   86   89   96  103  114  121  131  138
  146  154  162  169  175  176  176  177  184                                   
    37.5-180.0 180.0   5.0 450.0                            LAT/LON1/LON2/DLON/H
  190  195  201  204  201  201  195  190  183  175  166  158  149  139  128  118
  109  102   97   94   92   89   85   81   77   74   73   71   69   65   60   56
   55   57   61   66   69   73   75   77   80   84   87   89   91   92   93   92
   91   87   83   79   80   79   81   84   90   95  103  112  123  131  138  145
  153  161  166  172  176  178  177  180  190                                   
    35.0-180.0 180.0   5.0 450.0                            LAT/LON1/LON2/DLON/H
  188  195  201  199  195  193  188  184  179  175  169  164  157  148  137  126
  118  111  107  105  104  100   95   88   83   78   76   73   70   65   61   57
   57   59   64   68   73   76   79   82   87   91   96   96   97   96   95   93
   91   85   81   75   76   76   80   85   93  101  112  121  134  140  149  154
  163  167  173  176  179  181  185  186  188                                   
    32.5-180.0 180.0   5.0 450.0                            LAT/LON1/LON2/DLON/H
  200  200  202  198  189  186  180  177  173  173  171  170  165  158  147  137
  128  124  120  119  116  113  104   96   88   83   79   77   74   71   67   65
   65   69   73   78   82   85   87   91   95  100  104  104  102  100   96   93
   89   83   78   73   74   76   82   88   99  109  121  132  144  152  160  166
  173  178  182  184  187  191  195  202  200                                   
    30.0-180.0 180.0   5.0 450.0                            LAT/LON1/LON2/DLON/H
  215  215  215  204  193  186  179  173  170  169  171  172  170  164  155  145
  139  135  133  131  128  120  111  100   91   85   84   84   84   83   81   80
   83   86   91   95   98   99  101  102  107  110  113  112  109  103   98   92
   88   80   75   70   71   75   84   92  107  119  135  147  161  168  176  182
  191  195  200  201  204  208  216  227  215                                   
    27.5-180.0 180.0   5.0 450.0                            LAT/LON1/LON2/DLON/H
  251  244  243  229  213  204  193  185  176  174  172  176  175  171  163  155
  149  147  144  141  135  126  114  103   93   91   92   97   99  102  101  104
  106  112  116  120  120  119  117  116  117  119  119  116  111  104   98   92
   85   78   72   68   70   75   86   97  113  130  149  165  179  188  196  204
  212  218  223  225  230  237  247  262  251                                   
    25.0-180.0 180.0   5.0 450.0                            LAT/LON1/LON2/DLON/H
  290  288  288  271  252  239  223  208  194  185  181  181  179  176  169  162
  158  154  150  144  137  125  114  103   97   97  104  111  119  123  126  129
  134  138  144  145  145  139  135  129  127  125  123  117  112  104   97   90
   83   75   70   67   69   73   85   99  120  138  161  178  195  205  218  226
  240  248  254  256  264  276  298  310  290                                   
    22.5-180.0 180.0   5.0 450.0                            LAT/LON1/LON2/DLON/H
  337  339  344  329  311  296  277  253  230  212  198  193  187  183  175  170
  164  160  152  144  133  123  112  106  103  110  118  131  138  145  147  151
  155  162  166  167  162  156  147  138  131  127  123  116  109  101   95   86
   80   72   67   63   63   68   83   98  123  144  169  190  209  223  239  254
  270  281  287  293  304  320  342  356  337                                   
    20.0-180.0 180.0   5.0 450.0                            LAT/LON1/LON2/DLON/H
  386  396  403  392  380  364  340  311  277  247  224  209  199  192  184  176
  170  161  151  138  127  117  112  110  114  123  137  149  158  163  165  166
  172  176  180  178  173  161  151  138  130  123  118  110  105   97   93   85
   80   73   69   65   66   71   85  101  128  150  178  199  223  240  261  281
  303  318  327  338  353  371  396  401  386                                   
    17.5-180.0 180.0   5.0 450.0                            LAT/LON1/LON2/DLON/H
  434  448  456  456  451  440  413  379  336  296  262  238  218  207  195  188
  177  166  150  136  123  117  116  121  128  142  154  168  174  178  175  177
  179  184  184  183  173  163  149  137  126  120  114  107  102   95   90   83
   79   72   67   62   62   67   80   99  127  156  185  211  237  259  286  311
  337  354  369  381  399  414  438  439  434                                   
    15.0-180.0 180.0   5.0 450.0                            LAT/LON1/LON2/DLON/H
  477  497  504  509  515  507  480  440  389  345  302  269  242  225  212  202
  189  173  154  136  126  123  128  136  148  161  174  183  186  184  182  181
  183  184  185  180  171  159  146  132  124  116  111  104  101   92   89   83
   79   72   68   65   64   70   81  100  129  161  192  221  251  276  307  335
  364  383  399  414  432  450  474  472  477                                   
    12.5-180.0 180.0   5.0 450.0                            LAT/LON1/LON2/DLON/H
  504  523  530  544  558  558  536  497  441  391  344  305  273  252  235  223
  206  190  165  149  138  141  147  161  172  185  191  196  192  190  184  183
  182  184  180  178  166  158  143  134  124  119  113  107  101   93   87   82
   77   72   68   65   64   70   82  102  134  167  201  232  264  293  325  354
  380  397  415  430  449  468  488  489  504                                   
    10.0-180.0 180.0   5.0 450.0                            LAT/LON1/LON2/DLON/H
  518  538  542  558  579  583  569  534  481  430  380  340  305  283  264  250
  232  211  187  168  160  164  175  188  198  205  207  204  199  192  187  184
  182  181  177  173  164  156  146  137  131  124  120  112  107   96   90   84
   79   75   72   69   68   73   84  106  137  171  206  241  273  306  335  362
  384  402  417  434  454  473  494  494  518                                   
     7.5-180.0 180.0   5.0 450.0                            LAT/LON1/LON2/DLON/H
  515  531  535  550  572  583  577  551  508  461  411  372  339  315  296  282
  263  243  216  202  193  198  207  218  223  225  220  214  204  198  191  187
