data/unet/pred3010.15i
     1.0            IONOSPHERE MAPS     GNSS                IONEX VERSION / TYPE
pyspatialgeodesy        IME             05-JAN-18 20:20     PGM / RUN BY / DATE 
Map Name                                                    COMMENT             
Predicted global ionosphere maps (GIM).                     DESCRIPTION         
  2015    10    28     0     0     0                        EPOCH OF FIRST MAP  
  2015    10    29     0     0     0                        EPOCH OF LAST MAP   
  7200                                                      INTERVAL            
    13                                                      # OF MAPS IN FILE   
  NONE                                                      MAPPING FUNCTION    
10.0                                                        ELEVATION CUTOFF    
One-way carrier phase leveled to code                       OBSERVABLES USED    
  6371.0                                                    BASE RADIUS         
 2                                                          MAP DIMENSION       
   450.0 450.0   0.0                                        HGT1 / HGT2 / DHGT  
    87.5 -87.5  -2.5                                        LAT1 / LAT2 / DLAT  
  -180.0 180.0   5.0                                        LON1 / LON2 / DLON  
    -1                                                      EXPONENT            
                                                            END OF HEADER       
[from data line 429]
     2                                                      START OF TEC MAP    
  2015    10    28     2     0     0                        EPOCH OF CURRENT MAP
    87.5-180.0 180.0   5.0 450.0                            LAT/LON1/LON2/DLON/H
  105   96   95   80   86   76   82   77   84   79   85   80   86   82   86   81
   85   81   85   79   83   78   81   76   79   74   77   71   74   69   72   66
   70   64   69   63   69   63   69   63   71   65   73   67   76   70   78   72
   80   76   83   79   87   83   90   86   93   89   95   91   97   93   98   93
   98   93   99   94  104   95  100  114  105                                   
    85.0-180.0 180.0   5.0 450.0                            LAT/LON1/LON2/DLON/H
  104  116   97   99   94   89   89   88   89   89   90   89   91   90   91   90
   90   89   89   87   86   84   82   79   76   74   72   69   67   66   65   64
   62   62   62   62   63   64   65   66   68   69   71   72   74   74   77   77
   80   80   84   84   87   87   90   90   93   92   96   94   98   96   99   96
  100   97  102  101  105  100  107  118  104                                   
    82.5-180.0 180.0   5.0 450.0                            LAT/LON1/LON2/DLON/H
  109  108  111  106  100   94   95   92   94   91   94   91   95   91   96   91
   96   89   94   87   89   81   82   73   73   64   64   57   56   51   52   49
   51   50   53   54   57   60   63   67   68   72   73   77   77   80   80   84
   83   86   87   90   91   93   95   97   99  101  103  104  106  107  108  110
  111  112  114  115  116  112  118  120  109                                   
    80.0-180.0 180.0   5.0 450.0                            LAT/LON1/LON2/DLON/H
  126  122  118  115  109  101   99   97   95   94   93   94   94   96   97   98
   98   98   97   94   91   86   81   75   68   62   55   50   45   41   40   37
   40   39   43   45   52   54   61   64   71   72   78   78   82   80   83   83
   86   85   89   88   93   92   97   98  104  104  110  110  116  116  122  121
  126  125  131  129  131  125  124  123  126                                   
    77.5-180.0 180.0   5.0 450.0                            LAT/LON1/LON2/DLON/H
  143  137  135  132  118  116  107  109  100  103   97  102   98  104  102  108
  104  107  103  104   96   95   85   81   69   65   54   51   41   40   34   36
   33   38   38   46   48   57   60   70   73   79   81   84   82   84   82   83
   81   84   83   86   86   91   92   99  102  109  113  120  123  129  132  138
  140  145  148  151  147  146  144  143  143                                   
    75.0-180.0 180.0   5.0 450.0                            LAT/LON1/LON2/DLON/H
  159  151  147  146  134  125  116  112  104  102   97   99   96  100   99  102
  102  104  103  101   98   94   88   82   73   66   57   51   43   40   35   36
   34   37   39   45   49   55   61   67   72   76   79   80   79   78   76   74
   73   74   75   78   80   85   89   97  103  112  117  126  131  139  144  150
  155  160  165  167  165  164  164  158  159                                   
    72.5-180.0 180.0   5.0 450.0                            LAT/LON1/LON2/DLON/H
  176  171  167  158  144  134  122  116  103  100   91   91   86   88   85   89
   87   91   90   92   88   89   82   80   71   68   58   55   46   46   41   42
   39   42   43   48   50   56   61   66   70   73   76   76   74   71   69   66
   64   64   65   70   73   81   88   98  107  116  124  131  138  145  154  160
  167  172  178  180  182  184  183  177  176                                   
    70.0-180.0 180.0   5.0 450.0                            LAT/LON1/LON2/DLON/H
  190  185  180  175  160  148  134  125  112  106   94   92   82   82   76   78
   76   79   80   82   83   83   80   78   74   70   64   60   56   54   52   51
   50   51   50   52   53   57   59   63   65   68   69   69   65   63   59   57
   54   56   58   65   71   81   91  105  116  128  136  144  149  157  162  168
  174  179  185  189  193  195  199  189  190                                   
    67.5-180.0 180.0   5.0 450.0                            LAT/LON1/LON2/DLON/H
  205  203  197  184  169  158  143  134  119  111   97   90   77   72   63   61
   58   60   63   68   70   75   73   75   72   72   66   67   62   64   61   62
   59   60   56   56   54   56   56   58   59   60   61   59   55   53   48   47
   44   47   51   60   69   82   95  111  124  136  146  154  160  165  171  173
  180  182  190  193  200  204  208  200  205                                   
    65.0-180.0 180.0   5.0 450.0                            LAT/LON1/LON2/DLON/H
  213  212  204  195  179  169  156  148  135  126  109  101   84   77   63   60
   55   57   60   64   69   72   74   74   75   72   72   69   71   69   71   68
   67   64   60   57   53   53   51   53   52   53   52   51   47   45   42   41
   39   44   49   60   72   89  105  123  137  150  159  168  173  178  180  181
  184  185  190  194  200  207  214  206  213                                   
    62.5-180.0 180.0   5.0 450.0                            LAT/LON1/LON2/DLON/H
  219  218  207  194  177  169  159  153  142  133  118  107   90   78   62   57
   50   51   52   58   61   67   67   70   68   69   66   67   66   68   67   68
   64   62   57   54   49   47   46   45   46   45   46   44   42   40   37   37
   36   42   49   62   76   94  113  130  145  158  169  178  186  188  190  187
  189  186  191  191  199  206  212  204  219                                   
    60.0-180.0 180.0   5.0 450.0                            LAT/LON1/LON2/DLON/H
  219  214  202  193  177  171  162  158  151  142  129  118  101   88   73   65
   60   58   61   63   68   68   70   67   68   63   64   61   64   61   64   62
   62   57   55   51   47   45   43   44   43   43   44   44   43   42   40   40
   41   46   54   67   84  103  121  139  154  166  179  188  197  200  201  199
  198  195  195  195  198  204  209  200  219                                   
    57.5-180.0 180.0   5.0 450.0                            LAT/LON1/LON2/DLON/H
  221  216  202  188  171  165  158  155  150  144  133  123  108   96   82   76
   69   69   66   69   67   69   65   64   59   57   53   53   51   51   51   51
   49   50   48   48   47   46   47   45   47   46   49   49   49   48   45   46
   47   54   61   74   90  109  126  144  159  174  186  198  207  212  215  213
  211  206  206  202  205  207  208  198  221                                   
    55.0-180.0 180.0   5.0 450.0                            LAT/LON1/LON2/DLON/H
  229  219  204  192  175  168  159  157  152  146  136  127  116  105   96   90
   86   82   80   76   75   70   67   61   58   53   51   47   48   44   45   43
   46   46   48   51   53   54   55   55   57   58   60   61   62   61   59   58
   59   64   71   84   99  117  133  150  165  179  194  206  217  226  231  231
  230  225  224  219  217  217  215  202  229                                   
    52.5-180.0 180.0   5.0 450.0                            LAT/LON1/LON2/DLON/H
  243  235  218  201  182  172  162  156  150  144  134  126  117  111  104  101
   97   92   85   81   74   72   65   62   56   53   48   46   44   42   40   40
   41   45   50   56   61   64   69   68   70   71   74   74   74   74   71   71
   71   77   83   93  107  123  138  154  169  186  198  213  225  235  243  246
  248  246  244  237  235  229  226  213  243                                   
    50.0-180.0 180.0   5.0 450.0                            LAT/LON1/LON2/DLON/H
  258  248  232  220  201  188  173  168  155  148  135  129  120  116  111  110
  105  100   90   83   77   72   69   65   63   58   55   51   49   44   43   41
   44   48   55   64   72   78   82   83   85   86   89   90   91   90   87   86
   87   90   98  109  121  137  149  165  179  194  207  220  233  246  255  261
  265  262  260  253  248  245  238  224  258                                   
    47.5-180.0 180.0   5.0 450.0                            LAT/LON1/LON2/DLON/H
  272  267  255  242  225  210  193  178  164  150  137  128  121  117  114  111
  107   99   89   83   77   76   73   74   71   70   66   63   60   56   51   50
   50   56   64   75   84   90   96   95   98   98  101  101  102  101   98   99
  100  105  113  124  137  151  161  177  190  203  214  226  237  249  260  265
  272  269  269  261  260  253  249  236  272                                   
    45.0-180.0 180.0   5.0 450.0                            LAT/LON1/LON2/DLON/H
  280  277  271  264  248  234  214  202  178  164  144  135  124  121  115  113
  103   97   86   81   78   79   81   82   82   80   78   74   71   66   62   57
   58   62   71   82   93  100  105  105  107  108  112  113  114  112  109  109
  112  119  131  144  157  170  181  195  207  217  225  234  243  253  262  267
  272  269  266  264  259  258  252  242  280                                   
    42.5-180.0 180.0   5.0 450.0                            LAT/LON1/LON2/DLON/H
  281  282  279  278  266  255  235  221  195  175  154  140  128  123  115  110
  100   92   84   82   82   88   89   93   90   90   85   83   79   76   69   67
   64   69   75   87   98  105  109  108  110  112  116  117  118  116  115  117
  122  132  146  159  174  187  198  211  222  228  233  237  244  251  259  260
  265  260  259  253  254  251  251  243  281                                   
    40.0-180.0 180.0   5.0 450.0                            LAT/LON1/LON2/DLON/H
  274  276  278  280  273  265  247  236  210  191  165  152  136  129  118  111
   98   92   86   89   93   99  102  102   98   94   89   85   84   80   76   71
   71   73   80   90  100  105  109  109  112  114  119  123  122  122  121  123
  130  144  159  175  191  205  218  229  239  242  245  248  252  256  261  260
  261  256  249  248  245  247  246  238  274                                   
    37.5-180.0 180.0   5.0 450.0                            LAT/LON1/LON2/DLON/H
  265  268  268  272  268  265  250  240  220  201  177  160  144  133  120  111
  100   96   95  101  108  114  114  111  100   93   83   81   78   78   75   74
   72   76   81   91   99  103  106  105  110  112  120  120  122  119  122  123
  136  148  167  183  203  217  231  242  250  250  255  256  262  265  272  264
  264  254  249  244  242  242  246  237  265                                   
    35.0-180.0 180.0   5.0 450.0                            LAT/LON1/LON2/DLON/H
  262  264  262  262  259  254  245  239  222  207  184  170  152  141  125  116
  105  105  107  117  123  128  124  115   99   88   78   73   73   76   77   77
   79   83   88   95  101  105  106  106  109  113  118  121  121  121  120  124
  133  149  165  184  203  221  236  247  258  261  266  272  281  289  294  286
  282  268  263  255  253  251  254  246  262                                   
    32.5-180.0 180.0   5.0 450.0                            LAT/LON1/LON2/DLON/H
  277  276  268  262  254  247  237  230  217  205  187  174  157  144  128  119
  112  115  120  130  134  136  127  113   94   81   69   66   67   73   78   83
   87   92   95  101  105  106  107  105  109  110  117  117  118  114  116  117
  130  141  160  178  200  218  236  248  261  265  277  286  303  315  326  319
  316  301  296  287  285  281  285  274  277                                   
    30.0-180.0 180.0   5.0 450.0                            LAT/LON1/LON2/DLON/H
  308  304  291  270  256  244  230  224  211  202  187  176  160  147  131  124
  119  122  127  136  138  135  123  110   92   81   74   72   77   83   91  100
  105  111  112  115  115  114  112  109  112  111  115  116  115  111  110  113
  123  137  153  174  194  214  231  245  261  269  289  305  330  351  362  362
  359  348  349  341  346  346  345  325  308                                   
    27.5-180.0 180.0   5.0 450.0                            LAT/LON1/LON2/DLON/H
  372  366  342  306  278  256  238  223  211  199  186  175  158  146  130  124
  120  124  126  132  131  126  114  105   95   92   90   92   99  107  117  126
  132  134  132  130  125  119  116  109  110  108  112  111  111  105  106  107
  119  129  148  166  189  206  226  241  261  277  299  326  358  381  403  409
  409  405  411  413  427  432  426  400  372                                   
    25.0-180.0 180.0   5.0 450.0                            LAT/LON1/LON2/DLON/H
  469  463  432  375  326  286  253  236  217  205  189  177  160  148  132  125
  120  121  120  120  114  110  103  105  108  115  123  127  134  141  149  157
  162  164  158  150  140  129  123  113  112  106  108  106  105  101  101  104
  115  126  144  163  184  203  222  239  266  285  318  346  385  416  445  461
  470  471  482  491  510  528  520  496  469                                   
    22.5-180.0 180.0   5.0 450.0                            LAT/LON1/LON2/DLON/H
  577  568  532  466  407  349  298  259  237  217  201  183  165  150  133  125
  116  114  105  102   94   94   99  112  130  148  164  171  177  180  185  191
  192  189  177  164  147  135  123  113  108  100  100   97   98   93   95   98
  111  123  142  159  180  200  224  247  279  304  338  370  408  441  477  501
  520  530  546  561  590  607  607  592  577                                   
    20.0-180.0 180.0   5.0 450.0                            LAT/LON1/LON2/DLON/H
  672  680  644  572  509  434  372  318  275  243  220  201  179  162  142  131
  120  110   96   88   83   90  106  131  159  186  210  216  222  216  219  218
  215  206  187  168  150  132  123  110  106   97   97   94   93   88   91   97
  112  125  144  163  186  212  240  270  301  325  362  391  428  465  504  532
  561  578  596  619  659  686  686  674  672                                   
    17.5-180.0 180.0   5.0 450.0                            LAT/LON1/LON2/DLON/H
  725  744  705  649  591  516  451  386  335  287  253  225  203  179  159  143
  128  113   97   90   92  105  132  161  197  228  257  263  260  251  244  236
  225  211  188  165  143  125  113  102   95   86   82   80   80   78   79   91
  107  124  145  169  196  230  267  300  332  358  390  416  450  486  518  548
  575  595  613  639  684  717  728  721  725                                   
    15.0-180.0 180.0   5.0 450.0                            LAT/LON1/LON2/DLON/H
  743  767  752  703  656  586  522  455  401  351  302  263  232  209  185  168
  151  133  118  113  123  139  167  197  233  261  288  288  282  264  252  239
  222  202  180  155  132  116  107  100   95   86   83   79   79   72   76   84
  105  122  146  176  210  250  289  324  357  381  404  433  466  500  525  552
  574  596  614  641  683  715  733  732  743                                   
    12.5-180.0 180.0   5.0 450.0                            LAT/LON1/LON2/DLON/H
  714  753  753  721  681  625  566  505  455  408  360  315  277  244  219  200
  186  168  160  160  175  193  218  240  265  287  302  300  283  264  246  229
  207  188  167  143  123  110  105  100   94   85   78   77   72   69   71   84
  103  126  151  186  224  265  306  338  376  395  423  443  475  497  519  537
  554  571  589  613  653  681  703  713  714                                   
    10.0-180.0 180.0   5.0 450.0                            LAT/LON1/LON2/DLON/H
  667  712  730  719  695  647  606  551  506  460  423  376  334  291  258  236
  220  209  206  215  239  254  272  280  289  296  299  285  266  245  228  210
  188  172  152  129  113  107  106  103  100   90   86   77   76   67   72   81
  102  126  155  192  231  276  309  346  375  403  421  454  478  501  515  530
  538  555  569  595  621  638  654  673  667                                   
     7.5-180.0 180.0   5.0 450.0                            LAT/LON1/LON2/DLON/H
  606  657  690  692  690  658  626  582  543  502  466  428  389  347  311  285
  270  259  262  282  306  325  327  317  301  288  273  255  235  219  204  185
