data/unet/pred1250.15i
     1.0            IONOSPHERE MAPS     GNSS                IONEX VERSION / TYPE
pyspatialgeodesy        IME             05-JAN-18 20:20     PGM / RUN BY / DATE 
Map Name                                                    COMMENT             
Predicted global ionosphere maps (GIM).                     DESCRIPTION         
  2015     5     5     0     0     0                        EPOCH OF FIRST MAP  
  2015     5     6     0     0     0                        EPOCH OF LAST MAP   
  7200                                                      INTERVAL            
    13                                                      # OF MAPS IN FILE   
  NONE                                                      MAPPING FUNCTION    
10.0                                                        ELEVATION CUTOFF    
One-way carrier phase leveled to code                       OBSERVABLES USED    
  6371.0                                                    BASE RADIUS         
 2                                                          MAP DIMENSION       
   450.0 450.0   0.0                                        HGT1 / HGT2 / DHGT  
    87.5 -87.5  -2.5                                        LAT1 / LAT2 / DLAT  
  -180.0 180.0   5.0                                        LON1 / LON2 / DLON  
    -1                                                      EXPONENT            
                                                            END OF HEADER       
[from data line 3432]
     9                                                      START OF TEC MAP    
  2015     5     5    16     0     0                        EPOCH OF CURRENT MAP
    87.5-180.0 180.0   5.0 450.0                            LAT/LON1/LON2/DLON/H
  198  206  207  208  210  209  211  210  211  209  209  207  207  205  205  203
  203  201  201  199  199  197  197  196  195  194  194  192  192  191  191  189
  189  188  188  187  187  185  186  184  185  184  186  185  187  186  188  188
  190  191  193  193  195  195  197  197  198  198  199  198  199  199  200  200
  201  202  204  202  202  201  208  210  198                                   
    85.0-180.0 180.0   5.0 450.0                            LAT/LON1/LON2/DLON/H
  191  200  204  209  210  211  212  212  213  214  214  214  213  213  211  211
  209  209  208  207  206  205  203  202  201  199  198  196  195  194  192  190
  189  187  187  184  184  182  183  180  182  179  182  180  183  182  185  184
  188  188  192  191  195  194  198  197  200  199  202  199  202  200  202  199
  202  201  203  203  202  200  201  198  191                                   
    82.5-180.0 180.0   5.0 450.0                            LAT/LON1/LON2/DLON/H
  199  201  202  201  205  205  209  209  211  212  213  212  213  212  212  210
  209  208  207  205  205  202  201  199  197  196  194  192  189  188  185  183
  180  179  177  176  175  175  173  173  173  173  174  174  175  176  177  178
  180  181  184  185  188  189  192  192  195  194  196  195  196  195  195  193
  194  193  195  195  195  191  198  188  199                                   
    80.0-180.0 180.0   5.0 450.0                            LAT/LON1/LON2/DLON/H
  186  187  188  192  195  197  200  202  204  204  206  207  208  208  208  208
  207  207  206  206  204  205  201  202  198  200  197  197  194  193  189  188
  184  183  181  180  178  177  176  175  175  175  175  176  177  178  179  180
  182  183  186  188  190  192  194  195  196  196  196  195  193  192  189  188
  186  185  184  184  182  183  180  178  186                                   
    77.5-180.0 180.0   5.0 450.0                            LAT/LON1/LON2/DLON/H
  173  178  177  182  184  188  191  194  194  196  197  198  198  198  199  198
  198  198  199  199  200  200  201  200  200  199  200  197  198  194  193  190
  189  186  186  183  183  181  180  179  178  178  178  179  179  180  180  183
  183  187  187  192  191  195  194  196  194  195  191  192  187  186  181  182
  176  177  174  174  168  169  166  163  173                                   
    75.0-180.0 180.0   5.0 450.0                            LAT/LON1/LON2/DLON/H
  161  168  171  174  182  182  189  187  191  189  193  191  193  191  194  191
  194  193  197  198  203  204  207  208  210  210  211  209  209  206  205  202
  201  199  198  196  195  193  192  190  190  189  190  189  190  189  191  190
  192  193  195  196  197  197  198  197  196  194  192  188  186  181  178  173
  172  169  169  166  165  162  160  157  161                                   
    72.5-180.0 180.0   5.0 450.0                            LAT/LON1/LON2/DLON/H
  156  165  166  171  174  178  181  182  184  184  185  184  185  184  185  184
  186  187  192  195  200  205  209  213  216  218  220  219  218  215  213  211
  210  209  208  207  205  204  201  201  198  199  197  198  196  198  196  198
  197  200  198  200  198  200  196  196  191  190  184  182  178  176  170  168
  163  162  159  159  155  154  154  150  156                                   
    70.0-180.0 180.0   5.0 450.0                            LAT/LON1/LON2/DLON/H
  150  159  165  169  175  176  180  179  182  180  182  180  181  179  180  179
  183  183  190  193  202  206  213  217  222  224  227  227  226  223  221  219
  217  216  216  215  214  213  212  210  209  208  208  207  207  206  205  204
  203  203  200  199  196  196  192  190  187  183  180  176  174  169  167  162
  160  157  156  153  153  152  152  147  150                                   
    67.5-180.0 180.0   5.0 450.0                            LAT/LON1/LON2/DLON/H
  149  162  165  169  172  175  177  178  179  178  180  180  179  177  177  177
  179  181  187  192  200  206  212  217  223  225  228  228  227  223  221  220
  219  219  220  220  220  220  218  217  214  215  214  214  212  212  210  209
  206  204  200  197  192  191  185  183  177  174  169  168  164  163  158  156
  152  151  149  148  145  145  149  142  149                                   
    65.0-180.0 180.0   5.0 450.0                            LAT/LON1/LON2/DLON/H
  145  156  163  168  175  176  180  178  181  179  181  178  180  177  179  176
  180  181  189  192  202  205  213  216  221  222  225  224  224  222  220  220
  220  221  222  223  224  222  222  220  220  219  220  219  218  217  213  210
  205  202  195  192  184  182  175  172  167  165  162  159  158  154  153  149
  148  145  145  142  142  142  144  139  145                                   
    62.5-180.0 180.0   5.0 450.0                            LAT/LON1/LON2/DLON/H
  142  157  161  168  173  176  178  178  178  178  178  178  179  179  179  179
  181  182  189  192  198  202  207  210  213  214  215  214  215  214  215  215
  217  219  222  224  224  225  225  224  224  225  225  225  222  219  213  209
  202  197  189  183  177  172  166  164  158  158  153  153  150  150  145  145
  142  142  139  137  133  133  137  133  142                                   
    60.0-180.0 180.0   5.0 450.0                            LAT/LON1/LON2/DLON/H
  133  146  153  161  170  172  176  174  176  174  178  176  179  178  181  180
  183  183  189  190  197  197  201  201  204  203  204  204  206  208  211  213
  217  220  224  226  227  227  228  227  228  227  229  227  225  220  214  209
  201  195  186  180  171  169  161  161  156  155  152  151  150  146  145  140
  139  135  134  129  126  124  127  125  133                                   
    57.5-180.0 180.0   5.0 450.0                            LAT/LON1/LON2/DLON/H
  127  141  146  158  165  170  172  174  174  174  175  176  177  178  180  181
  183  184  187  187  190  190  191  191  192  192  194  195  200  204  210  214
  220  223  229  231  234  234  236  234  235  236  237  235  231  226  218  212
  202  196  184  178  169  166  160  159  155  156  152  153  148  148  141  139
  134  132  128  123  117  114  115  114  127                                   
    55.0-180.0 180.0   5.0 450.0                            LAT/LON1/LON2/DLON/H
  118  128  137  148  161  164  170  169  172  170  174  173  178  177  182  182
  186  184  187  183  186  182  185  183  186  185  190  193  201  208  216  220
  227  231  237  239  243  243  245  243  245  244  246  241  239  231  225  216
  208  199  190  182  174  170  165  164  161  163  160  159  156  151  147  140
  137  131  128  120  114  109  109  108  118                                   
    52.5-180.0 180.0   5.0 450.0                            LAT/LON1/LON2/DLON/H
  116  126  131  146  157  165  168  172  171  173  174  177  179  183  186  190
  188  189  186  183  181  178  179  180  183  185  190  195  205  215  224  230
  238  242  249  250  255  256  260  258  259  258  259  255  250  243  234  227
  216  209  197  191  181  178  173  172  169  170  167  166  160  157  149  145
  139  134  130  123  115  108  108  104  116                                   
    50.0-180.0 180.0   5.0 450.0                            LAT/LON1/LON2/DLON/H
  117  121  128  142  156  165  172  173  175  175  179  179  183  186  191  192
  194  193  191  184  182  177  180  180  188  189  198  204  217  226  237  244
  249  254  260  262  267  268  273  270  273  270  270  265  260  251  243  234
  225  216  207  198  191  187  184  182  181  181  180  177  174  166  161  155
  150  144  140  133  126  117  115  112  117                                   
    47.5-180.0 180.0   5.0 450.0                            LAT/LON1/LON2/DLON/H
  125  128  131  147  157  170  175  181  182  186  187  192  193  199  201  207
  205  208  201  195  188  186  186  190  196  200  206  215  225  236  246  254
  260  263  272  274  282  283  290  287  290  285  286  279  273  263  254  245
  234  226  214  208  196  194  188  188  184  186  184  183  178  173  166  162
  157  152  150  144  137  129  128  120  125                                   
    45.0-180.0 180.0   5.0 450.0                            LAT/LON1/LON2/DLON/H
  133  132  136  149  162  175  186  191  197  201  205  209  210  212  215  219
  219  218  213  207  202  199  202  206  214  217  224  230  241  249  257  264
  268  275  282  290  298  301  307  303  304  298  298  289  283  272  263  253
  243  230  221  209  201  194  192  189  189  188  188  186  186  180  177  173
  170  166  164  158  153  145  142  137  133                                   
    42.5-180.0 180.0   5.0 450.0                            LAT/LON1/LON2/DLON/H
  140  142  143  156  169  184  196  207  214  221  226  231  231  234  236  241
  239  240  233  229  221  220  221  227  232  235  239  244  253  260  268  274
  281  288  300  309  321  324  329  324  322  314  312  303  297  285  275  263
  251  238  223  213  201  195  189  187  184  184  181  183  181  181  177  178
  175  173  171  167  161  158  156  147  140                                   
    40.0-180.0 180.0   5.0 450.0                            LAT/LON1/LON2/DLON/H
  146  145  148  156  171  187  207  219  230  239  248  254  256  260  262  266
  263  262  254  250  244  244  248  255  259  259  259  263  269  278  286  294
  302  313  326  337  347  351  354  347  343  332  329  316  309  294  286  271
  259  242  227  213  203  194  189  184  182  178  176  176  179  178  181  182
  182  179  178  172  168  164  162  156  146                                   
    37.5-180.0 180.0   5.0 450.0                            LAT/LON1/LON2/DLON/H
  145  147  148  155  169  189  210  228  244  256  266  274  278  282  284  289
  286  286  278  273  268  270  275  283  286  282  281  283  291  300  311  321
  334  346  362  370  377  378  377  372  363  355  348  337  327  312  301  286
  271  253  234  221  209  200  193  187  184  179  175  176  175  178  178  183
  179  179  175  171  163  162  159  154  145                                   
    35.0-180.0 180.0   5.0 450.0                            LAT/LON1/LON2/DLON/H
  143  142  140  145  160  182  206  228  247  265  279  288  297  302  307  312
  310  311  302  298  295  299  306  312  316  313  311  314  323  335  349  362
  378  393  404  412  412  410  404  396  386  377  369  356  345  328  317  300
  285  266  249  233  224  213  209  198  195  187  185  181  183  181  183  183
  183  180  176  170  162  157  153  152  143                                   
    32.5-180.0 180.0   5.0 450.0                            LAT/LON1/LON2/DLON/H
  134  128  129  132  146  170  196  223  245  267  284  296  306  310  316  321
  323  326  321  321  319  326  331  340  343  341  341  348  362  378  401  419
  439  453  462  463  455  445  433  423  410  400  390  380  366  352  336  320
  302  284  265  253  243  237  232  224  220  212  208  204  202  198  194  191
  184  178  170  162  151  146  141  142  134                                   
    30.0-180.0 180.0   5.0 450.0                            LAT/LON1/LON2/DLON/H
  128  118  118  118  131  153  182  208  234  261  280  295  309  314  325  331
  336  339  339  340  343  349  356  362  368  370  376  389  410  435  462  485
  500  515  516  513  499  483  467  454  440  428  416  403  391  373  359  341
  327  311  293  277  268  263  257  252  243  240  233  236  234  227  223  213
  205  190  179  165  153  144  137  134  128                                   
    27.5-180.0 180.0   5.0 450.0                            LAT/LON1/LON2/DLON/H
  135  123  119  117  123  143  169  196  224  252  274  295  308  318  325  335
  341  348  351  358  362  371  379  388  397  404  417  438  465  494  522  546
  563  571  567  559  537  516  495  480  468  455  441  430  415  404  385  378
  350  329  308  305  299  300  293  289  279  272  263  257  251  250  252  248
  231  210  194  175  161  150  142  134  135                                   
    25.0-180.0 180.0   5.0 450.0                            LAT/LON1/LON2/DLON/H
  131  126  132  126  133  142  160  179  208  235  261  283  301  314  326  334
  346  352  363  370  382  390  401  409  424  440  461  492  523  553  580  602
  612  616  606  593  566  538  519  502  494  479  466  452  440  426  419  392
  367  345  332  330  328  334  326  325  309  301  285  281  275  275  263  256
  247  240  220  195  176  162  153  144  131                                   
    22.5-180.0 180.0   5.0 450.0                            LAT/LON1/LON2/DLON/H
  127  143  143  141  140  155  164  181  197  224  249  276  296  315  327  343
  350  362  371  384  396  405  415  428  449  475  505  541  575  601  627  644
  651  646  630  613  585  556  538  527  522  509  493  478  463  448  419  401
  373  363  348  347  343  346  343  343  332  325  317  316  315  312  302  284
  260  246  232  211  196  175  163  158  127                                   
    20.0-180.0 180.0   5.0 450.0                            LAT/LON1/LON2/DLON/H
  141  152  155  151  151  152  171  187  202  214  238  266  292  312  328  345
  357  368  381  392  407  416  431  447  476  508  545  583  613  639  657  668
  670  663  645  625  597  573  557  551  549  538  519  500  472  453  422  404
  383  366  353  353  353  358  356  358  353  354  353  360  358  359  338  318
  286  262  245  230  213  203  184  174  141                                   
    17.5-180.0 180.0   5.0 450.0                            LAT/LON1/LON2/DLON/H
  155  178  176  168  164  164  168  185  203  221  233  259  286  312  331  354
  370  384  395  405  420  429  447  468  504  541  581  613  641  656  669  670
  671  661  644  623  601  582  573  571  568  554  531  508  477  452  418  399
  375  365  351  356  354  362  360  366  364  373  379  388  385  378  357  331
  298  271  248  236  223  213  205  186  155                                   
    15.0-180.0 180.0   5.0 450.0                            LAT/LON1/LON2/DLON/H
  165  184  179  169  163  162  172  179  200  216  232  253  280  308  329  356
  377  398  410  421  434  450  470  495  531  569  603  631  650  657  659  655
  651  642  625  614  592  589  581  584  575  565  537  516  482  454  421  397
  376  364  353  355  356  352  349  352  351  363  373  390  389  387  362  337
  303  274  250  238  226  221  217  197  165                                   
    12.5-180.0 180.0   5.0 450.0                            LAT/LON1/LON2/DLON/H
  174  191  184  170  160  155  163  180  194  217  234  254  280  308  330  358
  385  407  424  437  452  468  493  520  558  590  621  637  648  643  641  632
  628  619  612  599  594  591  596  596  585  570  544  519  488  456  421  398
  378  370  357  361  352  351  340  345  343  354  359  371  368  361  337  313
  281  259  239  232  221  217  214  195  174                                   
    10.0-180.0 180.0   5.0 450.0                            LAT/LON1/LON2/DLON/H
  173  176  175  160  154  150  163  179  207  225  249  265  291  311  335  363
  390  415  431  447  461  483  513  544  580  604  627  636  634  626  617  606
  600  599  588  594  588  602  603  609  594  584  552  527  489  458  420  399
  382  373  363  364  353  350  338  340  334  343  337  346  331  325  298  285
  259  240  227  222  214  212  203  194  173                                   
     7.5-180.0 180.0   5.0 450.0                            LAT/LON1/LON2/DLON/H
  165  166  162  150  148  143  161  179  210  230  253  274  299  319  343  369
  395  419  437  454  471  491  526  560  594  615  629  630  623  613  603  595
