data/unet/pred3230.15i
     1.0            IONOSPHERE MAPS     GNSS                IONEX VERSION / TYPE
pyspatialgeodesy        IME             05-JAN-18 20:20     PGM / RUN BY / DATE 
Map Name                                                    COMMENT             
Predicted global ionosphere maps (GIM).                     DESCRIPTION         
  2015    11    19     0     0     0                        EPOCH OF FIRST MAP  
  2015    11    20     0     0     0                        EPOCH OF LAST MAP   
  7200                                                      INTERVAL            
    13                                                      # OF MAPS IN FILE   
  NONE                                                      MAPPING FUNCTION    
10.0                                                        ELEVATION CUTOFF    
One-way carrier phase leveled to code                       OBSERVABLES USED    
  6371.0                                                    BASE RADIUS         
 2                                                          MAP DIMENSION       
   450.0 450.0   0.0                                        HGT1 / HGT2 / DHGT  
    87.5 -87.5  -2.5                                        LAT1 / LAT2 / DLAT  
  -180.0 180.0   5.0                                        LON1 / LON2 / DLON  
    -1                                                      EXPONENT            
                                                            END OF HEADER       
[from data line 3432]
     9                                                      START OF TEC MAP    
  2015    11    19    16     0     0                        EPOCH OF CURRENT MAP
    87.5-180.0 180.0   5.0 450.0                            LAT/LON1/LON2/DLON/H
   94  112  111  113  112  113  113  114  115  116  116  118  118  119  119  120
  120  121  121  121  121  120  120  119  119  118  118  116  115  112  113  110
  110  107  107  104  104  102  102  101  100  100  100  100   99  100  100  101
  100  101  101  102  101  102  101  102  101  102  101  102  102  103  102  103
  103  104  104  106  107  108  110  120   94                                   
    85.0-180.0 180.0   5.0 450.0                            LAT/LON1/LON2/DLON/H
   76   96   90   94   95   97   98  100  102  105  107  109  110  112  112  114
  113  116  113  116  114  117  114  115  114  114  112  110  109  107  106  103
  103  100  101   97   97   94   94   91   91   89   89   86   87   85   85   84
   84   84   84   84   85   85   85   85   85   86   85   85   85   85   83   85
   83   85   84   87   87   86   89   86   76                                   
    82.5-180.0 180.0   5.0 450.0                            LAT/LON1/LON2/DLON/H
   74   71   73   76   77   80   82   85   88   90   94   96  101  102  107  106
  111  109  113  110  114  110  113  108  111  106  108  102  104   97   99   92
   93   88   89   82   83   78   79   74   75   71   73   69   70   68   69   68
   69   67   69   67   69   68   68   68   68   68   66   66   66   65   64   64
   64   63   64   64   66   60   74   66   74                                   
    80.0-180.0 180.0   5.0 450.0                            LAT/LON1/LON2/DLON/H
   59   56   60   63   64   68   70   74   75   80   82   87   89   93   95   98
   99  102  101  104  104  107  105  107  104  105   99  100   93   95   89   90
   84   85   80   80   76   75   73   71   69   67   65   63   61   61   60   61
   60   61   60   62   62   63   63   64   64   64   62   62   60   60   57   57
   55   55   53   52   51   51   57   56   59                                   
    77.5-180.0 180.0   5.0 450.0                            LAT/LON1/LON2/DLON/H
   46   46   48   48   49   51   55   56   59   61   67   67   74   74   82   82
   89   89   95   94   98   97  101   98   99   93   93   87   85   79   79   75
   75   71   73   68   69   64   65   59   59   53   54   50   51   49   52   51
   54   54   58   57   61   59   63   60   62   58   59   55   56   51   52   47
   48   45   46   41   43   37   43   43   46                                   
    75.0-180.0 180.0   5.0 450.0                            LAT/LON1/LON2/DLON/H
   40   42   45   43   47   47   52   51   56   56   63   63   71   70   79   79
   86   88   94   96  100  102  103  102  100   97   93   88   85   81   79   76
   75   73   72   69   67   63   61   56   55   51   50   45   45   44   47   48
   53   55   62   60   67   64   69   63   67   62   64   57   59   52   55   48
   51   46   50   42   45   41   49   45   40                                   
    72.5-180.0 180.0   5.0 450.0                            LAT/LON1/LON2/DLON/H
   42   47   46   45   44   45   48   48   51   52   58   59   65   64   73   73
   83   87   98  102  111  113  116  115  116  110  107   98   96   87   86   78
   80   74   77   71   71   65   62   55   53   47   45   39   40   39   43   44
   52   56   64   67   72   72   74   72   70   67   65   61   60   55   55   50
   52   49   52   47   48   42   48   44   42                                   
    70.0-180.0 180.0   5.0 450.0                            LAT/LON1/LON2/DLON/H
   46   49   49   44   45   45   48   48   53   55   61   60   67   64   74   76
   86   95  106  117  126  129  132  130  130  123  121  111  109  100   98   91
   91   86   85   79   77   71   67   59   55   48   46   40   41   40   46   46
   55   58   69   70   80   76   81   73   75   66   68   60   63   56   60   52
   57   54   59   52   54   50   56   49   46                                   
    67.5-180.0 180.0   5.0 450.0                            LAT/LON1/LON2/DLON/H
   48   53   49   44   44   45   48   48   52   55   59   60   64   64   72   73
   88   97  115  126  142  146  157  154  157  146  145  132  127  114  110  100
   99   91   93   84   85   76   74   63   58   46   45   36   40   37   42   46
   52   58   66   71   76   77   78   74   72   66   64   60   60   56   57   54
   56   56   59   56   55   50   54   49   48                                   
    65.0-180.0 180.0   5.0 450.0                            LAT/LON1/LON2/DLON/H
   46   51   48   42   43   43   45   48   53   59   65   67   71   67   74   77
   90  104  123  142  162  172  180  179  177  167  162  148  142  129  124  115
  112  105  102   96   89   83   77   69   62   53   49   43   44   42   45   47
   54   56   64   66   72   70   74   67   69   60   61   53   57   50   55   49
   56   53   60   53   55   51   55   49   46                                   
    62.5-180.0 180.0   5.0 450.0                            LAT/LON1/LON2/DLON/H
   41   48   43   39   38   39   44   45   51   57   63   67   69   69   73   76
   92  105  129  149  174  186  197  195  198  185  182  166  162  148  144  132
  128  116  113  101   98   86   81   71   65   56   51   45   43   41   44   44
   48   51   54   57   59   59   60   57   57   54   52   50   50   48   48   47
   47   48   49   49   47   44   47   41   41                                   
    60.0-180.0 180.0   5.0 450.0                            LAT/LON1/LON2/DLON/H
   30   39   39   34   35   36   38   43   49   59   66   75   76   77   79   83
   97  112  136  160  187  201  212  210  212  201  194  180  173  164  162  155
  149  139  130  119  109   96   87   78   70   63   57   53   48   46   45   43
   44   43   46   44   47   44   48   44   49   44   47   42   46   40   44   38
   43   38   44   40   42   40   42   34   30                                   
    57.5-180.0 180.0   5.0 450.0                            LAT/LON1/LON2/DLON/H
   25   36   33   32   31   33   36   38   45   55   65   75   79   81   82   88
  102  118  144  165  191  205  216  218  221  211  209  198  195  187  187  179
  174  158  150  133  123  106   95   84   75   66   62   56   53   48   47   42
   40   37   36   35   35   33   35   34   39   39   41   42   43   41   40   37
   36   36   37   36   34   34   34   25   25                                   
    55.0-180.0 180.0   5.0 450.0                            LAT/LON1/LON2/DLON/H
   26   37   37   33   34   34   34   40   39   59   66   84   88   93   95  101
  114  128  152  173  197  211  222  218  223  214  216  210  212  209  211  203
  196  181  167  151  136  119  107   95   85   78   71   69   63   60   54   48
   43   39   35   33   32   31   33   33   37   38   42   42   45   41   42   37
   39   35   38   34   36   35   37   25   26                                   
    52.5-180.0 180.0   5.0 450.0                            LAT/LON1/LON2/DLON/H
   37   47   44   42   40   40   34   35   40   58   72   91   98  103  109  115
  128  142  163  180  202  211  220  221  223  220  224  224  232  231  233  226
  216  199  184  164  149  132  119  107   96   89   84   80   75   70   64   55
   49   43   39   37   37   36   39   40   44   46   48   52   52   50   48   44
   43   40   41   41   39   40   42   31   37                                   
    50.0-180.0 180.0   5.0 450.0                            LAT/LON1/LON2/DLON/H
   53   62   59   57   53   52   43   45   43   64   76   98  106  112  120  130
  141  155  174  190  209  218  225  223  227  224  232  235  242  243  244  237
  225  208  191  173  159  142  130  118  108  101   96   94   89   85   76   70
   61   57   52   51   50   50   51   52   55   56   58   60   62   59   58   54
   54   51   56   52   55   55   60   49   53                                   
    47.5-180.0 180.0   5.0 450.0                            LAT/LON1/LON2/DLON/H
   76   81   77   77   72   69   62   63   66   84   98  111  120  129  140  149
  163  174  191  201  218  221  227  228  231  233  240  245  249  249  246  237
  224  208  192  177  164  150  139  128  119  111  106  105  101   96   89   80
   74   68   66   65   66   65   67   67   70   71   71   73   72   71   69   67
   65   64   66   67   67   68   74   67   76                                   
    45.0-180.0 180.0   5.0 450.0                            LAT/LON1/LON2/DLON/H
   91   92   89   89   87   81   76   75   81   96  109  123  133  145  155  166
  179  188  204  213  228  231  236  236  242  243  251  250  251  246  240  230
  214  201  188  177  169  158  149  138  129  121  116  114  110  107   99   94
   86   86   82   84   82   82   79   80   77   79   77   80   79   79   78   77
   78   77   82   80   85   85   95   90   91                                   
    42.5-180.0 180.0   5.0 450.0                            LAT/LON1/LON2/DLON/H
  102  103  102  102   99   97   92   90   97  108  124  138  152  162  175  185
  200  207  222  228  238  239  243  250  252  256  258  255  249  239  229  217
  205  194  186  179  174  166  157  147  136  127  121  118  114  111  105   99
   94   91   91   90   90   89   87   87   85   85   81   84   83   85   83   84
   83   86   86   90   90   93  102   98  102                                   
    40.0-180.0 180.0   5.0 450.0                            LAT/LON1/LON2/DLON/H
   97   97   99   99  102   98  100  101  110  123  139  158  170  183  194  205
  217  224  237  241  250  251  255  259  266  265  266  256  246  232  219  208
  201  197  194  192  188  182  173  160  147  136  128  123  118  115  108  105
   98   98   94   95   90   89   83   83   79   79   76   79   80   82   84   86
   88   88   91   91   94   94  103  101   97                                   
    37.5-180.0 180.0   5.0 450.0                            LAT/LON1/LON2/DLON/H
   91   92   96   97   99   99  104  107  119  136  155  172  188  198  213  220
  236  242  253  252  259  258  263  269  274  274  270  259  244  230  218  213
  212  215  217  218  214  204  191  176  160  145  135  128  121  116  110  105
  100   96   93   89   84   80   78   77   77   74   73   73   75   77   80   83
   81   83   81   84   82   85   91   89   91                                   
    35.0-180.0 180.0   5.0 450.0                            LAT/LON1/LON2/DLON/H
   72   77   82   82   88   91   99  109  126  149  168  188  204  215  230  240
  254  259  267  267  273  271  274  276  281  280  274  264  249  242  234  240
  246  257  263  261  255  240  221  198  180  161  149  138  130  123  118  114
  106  103   94   90   80   77   73   72   73   71   71   69   71   73   78   80
   80   79   76   73   73   71   76   75   72                                   
    32.5-180.0 180.0   5.0 450.0                            LAT/LON1/LON2/DLON/H
   59   66   68   70   76   82   91  105  126  148  174  193  215  228  245  256
  270  274  280  279  282  279  279  280  283  282  278  270  263  264  269  285
  302  320  325  320  302  281  255  229  204  183  166  154  143  134  128  123
  117  110  103   94   86   80   78   76   79   77   77   73   75   76   78   81
   77   76   67   67   63   64   63   58   59                                   
    30.0-180.0 180.0   5.0 450.0                            LAT/LON1/LON2/DLON/H
   49   51   53   54   61   70   81   97  119  147  174  198  223  239  261  273
  287  291  299  297  300  291  289  284  283  286  283  287  287  307  324  355
  378  400  405  394  368  334  293  262  234  211  193  182  170  161  153  149
  141  135  124  117  105  101   96   99   99   98   94   90   87   85   87   88
   88   82   74   70   66   61   62   51   49                                   
    27.5-180.0 180.0   5.0 450.0                            LAT/LON1/LON2/DLON/H
   52   51   45   45   47   58   70   91  113  144  172  199  227  246  271  283
  298  300  309  306  309  299  291  284  281  287  294  306  326  359  398  438
  477  496  496  473  437  391  346  303  273  248  229  213  201  191  182  179
  173  166  158  147  139  131  129  128  129  125  118  113  106  105  104  103
  100   96   84   83   75   74   65   49   52                                   
    25.0-180.0 180.0   5.0 450.0                            LAT/LON1/LON2/DLON/H
   59   52   48   46   49   58   70   87  110  139  169  198  228  252  280  297
  311  317  326  325  325  312  299  288  282  291  305  331  365  414  468  525
  566  587  579  546  498  448  395  351  313  287  268  254  239  229  221  219
  215  211  204  196  187  182  177  176  172  168  155  144  130  126  122  121
  122  119  113  108  103   92   84   60   59                                   
    22.5-180.0 180.0   5.0 450.0                            LAT/LON1/LON2/DLON/H
   79   75   60   55   51   60   70   94  113  145  172  203  233  259  286  303
  319  324  336  335  337  320  304  292  288  302  327  364  419  475  546  596
  643  649  635  594  540  487  436  394  355  330  307  291  274  264  259  259
  261  253  248  234  226  215  208  199  190  181  171  166  161  162  156  148
  151  145  140  137  130  119  105   82   79                                   
    20.0-180.0 180.0   5.0 450.0                            LAT/LON1/LON2/DLON/H
   89   82   79   74   66   71   78  100  122  149  179  211  240  267  292  314
  328  338  348  351  347  335  317  306  305  325  358  411  470  532  597  650
  684  687  663  620  560  513  460  425  385  363  339  326  312  305  297  293
  292  291  287  280  270  254  240  227  213  201  186  178  174  178  178  186
  181  176  171  166  155  135  125  110   89                                   
    17.5-180.0 180.0   5.0 450.0                            LAT/LON1/LON2/DLON/H
  101  103   93   87   81   83   89  112  135  169  196  229  252  275  298  317
  334  342  354  352  351  336  322  319  324  353  400  458  524  573  637  670
  703  687  665  614  561  516  475  440  410  388  366  345  329  313  309  307
  313  315  320  315  305  289  269  249  232  209  200  187  189  182  192  192
  203  191  186  176  166  149  139  133  101                                   
    15.0-180.0 180.0   5.0 450.0                            LAT/LON1/LON2/DLON/H
  105  103   98   89   88   95  108  129  153  189  217  247  270  292  310  332
  343  354  360  362  354  345  334  338  352  391  443  502  556  594  641  666
  680  664  630  588  542  512  477  457  431  413  383  363  340  329  321  320
  321  325  329  329  319  303  283  266  245  225  212  198  194  192  194  205
  207  197  186  175  164  150  138  145  105                                   
    12.5-180.0 180.0   5.0 450.0                            LAT/LON1/LON2/DLON/H
  103  115  108  101   95  103  118  143  171  209  236  269  290  308  327  345
  360  363  369  362  355  342  340  357  385  432  482  530  574  597  639  640
  652  621  594  554  526  502  487  472  458  432  400  367  345  324  317  314
  317  322  329  329  320  306  291  271  257  235  223  205  203  192  200  201
  205  190  181  168  158  146  132  138  103                                   
    10.0-180.0 180.0   5.0 450.0                            LAT/LON1/LON2/DLON/H
   93   99  101   92   97  101  131  154  191  228  260  292  310  332  348  370
  377  383  379  373  362  360  364  393  431  482  524  554  584  602  619  616
  609  584  553  534  511  507  496  499  477  458  414  384  349  328  314  309
  312  315  319  318  312  304  291  278  261  245  232  214  207  197  198  202
  193  180  164  151  141  127  118  128   93                                   
     7.5-180.0 180.0   5.0 450.0                            LAT/LON1/LON2/DLON/H
   82   97   93   91   94  104  128  157  196  238  271  305  327  348  370  388
  399  399  396  385  380  378  393  430  472  520  552  572  598  600  610  591
