data/unet/pred3480.15i
     1.0            IONOSPHERE MAPS     GNSS                IONEX VERSION / TYPE
pyspatialgeodesy        IME             05-JAN-18 20:20     PGM / RUN BY / DATE 
Map Name                                                    COMMENT             
Predicted global ionosphere maps (GIM).                     DESCRIPTION         
  2015    12    14     0     0     0                        EPOCH OF FIRST MAP  
  2015    12    15     0     0     0                        EPOCH OF LAST MAP   
  7200                                                      INTERVAL            
    13                                                      # OF MAPS IN FILE   
  NONE                                                      MAPPING FUNCTION    
10.0                                                        ELEVATION CUTOFF    
One-way carrier phase leveled to code                       OBSERVABLES USED    
  6371.0                                                    BASE RADIUS         
 2                                                          MAP DIMENSION       
   450.0 450.0   0.0                                        HGT1 / HGT2 / DHGT  
    87.5 -87.5  -2.5                                        LAT1 / LAT2 / DLAT  
  -180.0 180.0   5.0                                        LON1 / LON2 / DLON  
    -1                                                      EXPONENT            
                                                            END OF HEADER       
[from data line 3432]
     9                                                      START OF TEC MAP    
  2015    12    14    16     0     0                        EPOCH OF CURRENT MAP
    87.5-180.0 180.0   5.0 450.0                            LAT/LON1/LON2/DLON/H
   54   72   70   73   72   73   72   74   72   74   72   75   73   74   72   74
   72   72   71   72   70   71   70   71   69   70   69   70   69   69   68   69
   68   69   67   68   67   68   66   67   65   66   65   66   64   66   65   66
   65   67   65   67   66   68   67   68   67   68   67   69   67   69   67   69
   67   69   69   70   71   71   72   82   54                                   
    85.0-180.0 180.0   5.0 450.0                            LAT/LON1/LON2/DLON/H
   43   54   47   50   51   51   51   52   52   54   53   55   55   56   55   58
   56   58   56   58   55   56   53   56   53   54   51   53   51   52   49   50
   49   49   48   48   48   47   46   46   45   45   44   44   43   44   42   44
   42   44   43   44   44   46   44   45   45   46   45   46   46   47   46   46
   46   47   47   48   49   50   53   48   43                                   
    82.5-180.0 180.0   5.0 450.0                            LAT/LON1/LON2/DLON/H
   34   36   36   36   35   36   36   38   38   40   41   42   44   44   47   45
   48   44   48   44   47   42   45   41   43   38   41   37   39   35   38   34
   36   33   35   31   33   30   32   28   30   27   29   26   29   26   29   26
   29   28   31   30   32   32   33   32   35   34   35   34   36   35   36   35
   35   35   34   33   33   28   42   34   34                                   
    80.0-180.0 180.0   5.0 450.0                            LAT/LON1/LON2/DLON/H
   25   31   30   31   31   33   33   37   37   40   40   43   44   45   45   47
   46   46   46   46   46   45   42   41   40   38   36   35   34   33   32   32
   31   31   30   30   30   28   28   26   26   24   24   22   24   22   23   23
   25   25   27   28   31   31   33   33   35   35   36   36   37   36   36   35
   35   34   32   31   29   28   38   27   25                                   
    77.5-180.0 180.0   5.0 450.0                            LAT/LON1/LON2/DLON/H
   20   22   22   21   23   23   27   29   32   32   36   37   41   39   44   42
   46   45   48   47   47   45   45   42   41   38   37   34   34   30   32   29
   31   27   30   26   28   24   25   21   23   18   21   17   19   17   19   18
   22   22   25   25   29   29   32   31   35   33   37   34   37   34   36   32
   33   30   30   25   26   18   26   21   20                                   
    75.0-180.0 180.0   5.0 450.0                            LAT/LON1/LON2/DLON/H
   16   19   20   20   24   24   30   29   34   34   39   39   43   44   48   50
   52   55   56   57   57   56   53   51   47   45   41   39   36   35   34   33
   33   31   32   29   29   25   25   20   20   17   17   15   17   16   19   18
   23   23   28   27   33   31   36   34   39   36   41   37   41   37   41   35
   38   33   34   26   28   23   31   22   16                                   
    72.5-180.0 180.0   5.0 450.0                            LAT/LON1/LON2/DLON/H
   18   20   21   18   20   21   27   26   33   31   37   36   44   43   51   51
   58   60   66   66   68   66   66   62   59   55   51   47   43   41   39   37
   37   35   35   31   30   25   24   19   18   14   16   12   15   14   18   17
   21   23   26   27   31   32   35   35   38   38   41   40   41   40   41   39
   38   35   34   29   27   19   24   19   18                                   
    70.0-180.0 180.0   5.0 450.0                            LAT/LON1/LON2/DLON/H
   17   21   23   21   25   24   30   28   33   32   38   40   46   48   56   59
   66   71   78   81   85   83   83   78   74   69   64   60   54   52   48   47
   44   43   41   38   34   28   26   20   18   14   15   13   15   16   19   22
   24   26   28   29   32   32   35   34   38   38   41   40   44   42   44   40
   42   37   38   31   32   25   30   22   17                                   
    67.5-180.0 180.0   5.0 450.0                            LAT/LON1/LON2/DLON/H
   22   25   26   22   23   24   29   28   33   31   38   38   47   47   57   61
   73   77   89   93   99   99  100   96   92   85   80   74   68   64   60   58
   54   52   47   43   37   31   27   22   20   15   16   14   18   17   22   21
   26   25   29   27   31   29   32   31   36   35   40   39   44   42   44   41
   42   39   38   33   32   24   26   22   22                                   
    65.0-180.0 180.0   5.0 450.0                            LAT/LON1/LON2/DLON/H
   22   23   27   22   27   25   31   28   32   30   37   38   46   48   59   65
   78   87   99  106  114  114  117  112  109  100   95   87   83   78   74   70
   65   62   55   50   42   36   30   25   22   18   18   18   20   23   26   28
   29   30   29   29   28   28   28   28   30   32   35   36   40   39   42   39
   41   37   40   33   34   29   32   25   22                                   
    62.5-180.0 180.0   5.0 450.0                            LAT/LON1/LON2/DLON/H
   23   26   27   23   24   25   28   26   31   29   36   37   46   47   59   64
   79   86  103  110  123  124  128  123  122  112  109  101   98   92   88   83
   76   71   62   56   46   38   31   26   24   21   21   21   24   24   27   26
   29   25   27   23   23   19   21   20   25   26   32   32   37   36   39   37
   38   35   36   32   32   26   28   24   23                                   
    60.0-180.0 180.0   5.0 450.0                            LAT/LON1/LON2/DLON/H
   24   23   28   22   28   24   30   26   29   27   35   35   44   46   59   65
   79   89  105  115  127  131  135  131  129  120  118  112  111  105  102   96
   89   81   71   63   52   44   35   31   27   26   26   28   29   30   31   31
   30   28   26   23   21   18   17   18   21   24   28   30   33   33   35   32
   35   32   35   31   34   30   33   26   24                                   
    57.5-180.0 180.0   5.0 450.0                            LAT/LON1/LON2/DLON/H
   25   26   28   26   26   25   27   25   29   27   34   35   45   49   62   68
   81   89  107  115  130  132  139  135  133  126  127  123  123  119  117  111
  102   93   80   71   58   50   40   36   32   32   32   33   32   31   31   30
   30   24   26   19   20   14   18   17   24   25   31   32   35   33   35   31
   32   31   33   31   33   27   31   24   25                                   
    55.0-180.0 180.0   5.0 450.0                            LAT/LON1/LON2/DLON/H
   32   29   34   28   32   28   31   27   30   27   34   36   46   50   64   70
   84   94  110  120  132  135  140  137  136  130  132  129  132  131  130  123
  116  104   91   79   67   58   48   45   40   41   39   41   38   38   35   33
   31   28   27   23   23   20   21   23   28   31   35   36   38   35   37   32
   35   33   38   35   39   36   41   32   32                                   
    52.5-180.0 180.0   5.0 450.0                            LAT/LON1/LON2/DLON/H
   38   38   39   36   36   33   34   31   33   31   39   42   53   58   71   78
   92   99  118  125  137  137  142  138  139  135  138  138  143  141  142  136
  127  113  100   89   76   68   59   55   50   51   49   49   45   42   39   36
   36   31   34   29   31   27   31   31   38   40   44   44   45   42   40   37
   37   37   40   41   42   39   44   36   38                                   
    50.0-180.0 180.0   5.0 450.0                            LAT/LON1/LON2/DLON/H
   52   47   49   44   46   41   44   37   40   37   46   48   60   63   79   84
  100  110  126  134  142  143  147  143  143  141  146  145  150  148  150  143
  134  120  108   97   86   78   71   68   64   64   60   60   54   51   45   44
   43   42   43   41   42   40   43   44   50   51   55   53   53   49   48   44
   46   45   51   50   54   52   58   48   52                                   
    47.5-180.0 180.0   5.0 450.0                            LAT/LON1/LON2/DLON/H
   61   60   57   55   53   50   49   46   49   47   55   61   71   76   89   95
  113  121  138  143  152  150  154  150  152  150  153  154  157  156  154  147
  136  125  114  105   96   90   83   80   77   76   73   70   64   60   56   55
   54   54   57   56   56   55   57   59   63   64   66   64   61   58   55   54
   53   54   57   59   60   58   65   55   61                                   
    45.0-180.0 180.0   5.0 450.0                            LAT/LON1/LON2/DLON/H
   69   65   64   61   63   57   60   54   59   57   68   70   82   84  101  108
  126  136  151  155  161  160  162  159  160  159  160  159  161  156  153  144
  136  125  117  109  104   99   94   91   88   87   83   80   74   69   65   65
   65   67   69   67   68   66   68   67   72   70   73   67   67   62   62   59
   61   62   67   64   68   67   75   67   69                                   
    42.5-180.0 180.0   5.0 450.0                            LAT/LON1/LON2/DLON/H
   71   71   69   69   68   66   66   64   69   71   80   85   97  101  117  125
  142  150  164  167  173  171  171  169  169  165  165  164  161  154  148  140
  134  125  121  117  114  110  106  102   97   94   90   86   81   77   73   73
   73   75   76   75   73   71   71   72   73   72   71   69   67   65   64   65
   64   67   67   69   68   66   75   66   71                                   
    40.0-180.0 180.0   5.0 450.0                            LAT/LON1/LON2/DLON/H
   68   64   68   66   71   66   72   68   77   78   93   99  113  116  133  140
  158  164  177  178  184  182  181  178  175  172  171  165  160  150  144  137
  133  128  126  125  124  121  117  113  106  102   96   92   88   84   80   80
   79   79   78   75   73   69   69   68   70   67   67   64   65   62   65   63
   67   67   70   65   66   67   74   67   68                                   
    37.5-180.0 180.0   5.0 450.0                            LAT/LON1/LON2/DLON/H
   56   62   64   66   67   66   70   71   81   88  105  115  128  134  149  158
  172  178  186  190  194  191  189  185  182  178  175  168  161  149  144  141
  142  140  141  141  141  137  132  124  116  108  102   97   94   90   86   84
   82   80   76   73   67   65   62   64   64   63   60   61   60   61   63   64
   63   64   63   61   60   58   63   56   56                                   
    35.0-180.0 180.0   5.0 450.0                            LAT/LON1/LON2/DLON/H
   46   49   55   53   60   57   66   67   82   92  114  125  144  150  167  173
  187  190  198  200  202  199  197  192  188  183  180  171  164  154  152  152
  158  161  165  165  165  160  154  142  132  121  113  107  104  100   95   91
   86   81   74   68   61   59   57   58   59   58   56   54   57   58   62   61
   63   60   60   54   54   53   56   51   46                                   
    32.5-180.0 180.0   5.0 450.0                            LAT/LON1/LON2/DLON/H
   32   42   44   46   48   50   55   61   78   93  118  136  155  165  181  190
  198  201  206  208  208  206  202  196  192  187  184  177  172  167  171  178
  189  195  200  201  198  190  180  165  150  137  128  121  117  112  107  101
   94   87   77   72   64   61   58   61   61   60   56   57   58   61   65   64
   61   58   53   49   46   44   47   39   32                                   
    30.0-180.0 180.0   5.0 450.0                            LAT/LON1/LON2/DLON/H
   28   30   36   32   39   40   48   53   73   88  119  138  163  174  195  201
  210  211  216  215  216  212  206  199  196  192  192  189  190  192  203  218
  235  245  248  245  239  228  212  195  177  161  151  144  140  134  128  119
  110  101   91   83   76   73   71   71   72   68   66   64   66   67   71   68
   66   60   57   49   47   45   47   38   28                                   
    27.5-180.0 180.0   5.0 450.0                            LAT/LON1/LON2/DLON/H
   29   32   31   32   28   33   35   47   64   86  114  141  167  184  203  212
  217  219  220  221  219  214  206  201  199  198  204  208  218  231  252  273
  292  302  302  293  281  264  248  225  206  189  177  169  163  156  147  138
  128  121  112  106  100   98   95   96   93   90   84   82   82   82   84   81
   76   71   63   57   52   52   50   39   29                                   
    25.0-180.0 180.0   5.0 450.0                            LAT/LON1/LON2/DLON/H
   41   33   35   30   30   31   36   46   65   86  113  138  169  186  209  215
  226  226  229  228  226  221  212  207  206  211  223  238  256  277  301  328
  348  357  353  339  323  300  282  260  238  221  208  202  195  189  177  166
  157  149  143  138  135  130  128  127  123  119  111  107  104  104  101   95
   91   87   81   74   70   68   63   52   41                                   
    22.5-180.0 180.0   5.0 450.0                            LAT/LON1/LON2/DLON/H
   56   47   42   38   33   31   36   46   67   91  112  140  170  193  212  222
  230  231  233  230  228  221  215  212  216  225  248  270  296  322  353  383
  406  411  403  384  361  334  311  287  268  249  236  226  221  212  202  191
  184  178  174  170  167  162  157  153  148  142  135  130  125  123  119  113
  105  104   98   96   88   87   76   64   56                                   
    20.0-180.0 180.0   5.0 450.0                            LAT/LON1/LON2/DLON/H
   75   59   52   44   39   36   37   48   72  100  122  145  175  194  215  224
  237  236  240  236  234  229  223  222  227  246  272  303  334  364  397  428
  449  450  438  415  392  363  339  314  293  277  263  257  247  239  226  217
  210  207  207  204  201  194  187  179  169  161  154  149  144  139  131  124
  118  113  109  109  103  102   91   77   75                                   
    17.5-180.0 180.0   5.0 450.0                            LAT/LON1/LON2/DLON/H
   89   73   64   59   49   39   40   54   77  109  131  159  183  205  222  233
  242  242  243  239  238  234  232  234  246  269  303  337  372  400  436  461
  480  472  462  438  417  387  362  336  317  299  288  275  266  252  240  230
  225  227  227  227  222  216  205  197  184  174  165  159  155  150  142  135
  128  123  118  118  114  116  101   92   89                                   
    15.0-180.0 180.0   5.0 450.0                            LAT/LON1/LON2/DLON/H
   95   75   68   63   55   55   57   69   93  125  147  170  194  214  234  242
  256  252  256  249  247  246  245  255  273  305  339  374  407  433  459  474
  483  476  463  443  424  399  375  353  335  321  307  295  278  264  244  237
  232  236  238  238  233  225  214  204  194  182  173  163  161  155  148  138
  133  126  122  118  114  115  107   93   95                                   
    12.5-180.0 180.0   5.0 450.0                            LAT/LON1/LON2/DLON/H
   93   81   72   70   62   64   71   89  113  148  165  191  207  232  248  262
  272  273  271  264  263  263  270  284  309  340  373  405  435  451  469  470
  476  466  460  445  432  413  391  373  354  340  325  308  289  268  246  235
  230  232  236  236  232  226  214  207  195  187  175  170  164  160  152  145
  138  129  121  115  109  111   99   89   93                                   
    10.0-180.0 180.0   5.0 450.0                            LAT/LON1/LON2/DLON/H
   89   75   71   64   61   66   84  105  134  164  187  207  227  247  266  280
  294  295  296  290  290  294  301  323  344  379  406  433  451  459  458  453
  451  450  446  442  433  422  401  390  369  357  334  317  288  267  241  232
  223  226  229  231  227  220  211  202  196  185  178  170  167  161  157  149
  142  130  122  111  105  102   94   76   89                                   
     7.5-180.0 180.0   5.0 450.0                            LAT/LON1/LON2/DLON/H
   77   75   67   64   60   70   93  118  151  184  207  232  248  269  288  309
  320  325  328  325  323  327  339  360  383  410  431  449  461  454  449  435
