data/unet/pred1520.15i
     1.0            IONOSPHERE MAPS     GNSS                IONEX VERSION / TYPE
pyspatialgeodesy        IME             05-JAN-18 20:20     PGM / RUN BY / DATE 
Map Name                                                    COMMENT             
Predicted global ionosphere maps (GIM).                     DESCRIPTION         
  2015     6     1     0     0     0                        EPOCH OF FIRST MAP  
  2015     6     2     0     0     0                        EPOCH OF LAST MAP   
  7200                                                      INTERVAL            
    13                                                      # OF MAPS IN FILE   
  NONE                                                      MAPPING FUNCTION    
10.0                                                        ELEVATION CUTOFF    
One-way carrier phase leveled to code                       OBSERVABLES USED    
  6371.0                                                    BASE RADIUS         
 2                                                          MAP DIMENSION       
   450.0 450.0   0.0                                        HGT1 / HGT2 / DHGT  
    87.5 -87.5  -2.5                                        LAT1 / LAT2 / DLAT  
  -180.0 180.0   5.0                                        LON1 / LON2 / DLON  
    -1                                                      EXPONENT            
                                                            END OF HEADER       
[from data line 1716]
     5                                                      START OF TEC MAP    
  2015     6     1     8     0     0                        EPOCH OF CURRENT MAP
    87.5-180.0 180.0   5.0 450.0                            LAT/LON1/LON2/DLON/H
  140  149  161  162  164  161  164  164  167  166  169  168  170  168  170  167
  169  165  166  163  164  160  161  157  158  154  156  152  155  152  154  152
  155  155  158  157  161  160  163  162  164  162  164  161  163  160  160  158
  159  156  156  154  155  153  153  151  152  149  149  147  148  146  146  144
  146  144  147  146  149  144  151  138  140                                   
    85.0-180.0 180.0   5.0 450.0                            LAT/LON1/LON2/DLON/H
  146  152  155  165  163  163  165  167  169  170  171  171  173  172  172  170
  170  168  167  165  165  162  163  160  161  159  160  158  159  158  159  158
  160  160  161  162  164  165  165  166  167  167  167  166  166  165  164  162
  162  161  160  159  159  158  157  156  155  154  152  151  150  149  147  147
  146  146  146  146  147  142  148  135  146                                   
    82.5-180.0 180.0   5.0 450.0                            LAT/LON1/LON2/DLON/H
  150  148  152  157  157  158  161  163  165  166  167  169  170  170  170  170
  170  169  167  167  166  165  163  163  162  161  160  160  159  159  159  160
  161  163  164  166  168  170  171  172  173  173  173  172  173  171  170  168
  170  167  167  165  166  164  163  161  160  157  156  153  152  149  147  145
  145  143  144  142  143  140  142  138  150                                   
    80.0-180.0 180.0   5.0 450.0                            LAT/LON1/LON2/DLON/H
  157  146  149  149  150  151  152  154  156  157  159  160  162  162  163  163
  164  163  163  161  162  159  158  156  155  153  153  152  152  153  153  155
  157  160  162  165  168  170  172  173  174  175  175  177  177  178  178  178
  179  178  177  177  177  174  173  171  170  166  164  161  159  155  152  149
  147  146  143  143  144  139  140  140  157                                   
    77.5-180.0 180.0   5.0 450.0                            LAT/LON1/LON2/DLON/H
  158  151  151  149  150  150  151  151  153  152  154  154  156  156  158  158
  160  158  159  157  156  154  152  149  147  144  144  143  144  145  148  152
  155  160  164  170  173  176  178  181  182  185  187  189  192  193  195  195
  197  196  196  195  195  193  190  188  185  181  178  174  171  167  163  159
  157  154  152  149  149  144  147  140  158                                   
    75.0-180.0 180.0   5.0 450.0                            LAT/LON1/LON2/DLON/H
  163  152  152  150  150  147  147  145  146  144  145  144  146  145  147  147
  149  147  148  146  147  142  142  136  135  131  131  129  132  134  140  144
  153  158  166  172  178  181  185  187  190  192  195  198  201  204  205  208
  209  209  209  208  206  203  202  198  196  191  189  185  183  178  175  171
  167  164  161  158  158  151  156  149  163                                   
    72.5-180.0 180.0   5.0 450.0                            LAT/LON1/LON2/DLON/H
  170  159  155  151  149  145  144  139  140  135  136  133  135  132  134  133
  135  133  135  133  134  129  128  123  121  116  116  115  118  123  131  140
  149  159  167  177  182  188  191  194  198  201  204  208  212  215  216  218
  218  218  216  214  211  209  205  203  199  197  194  192  190  187  184  180
  178  174  173  168  167  159  163  155  170                                   
    70.0-180.0 180.0   5.0 450.0                            LAT/LON1/LON2/DLON/H
  175  160  158  154  150  143  141  134  133  127  127  123  125  122  123  122
  124  122  125  123  125  120  120  114  113  108  109  108  113  117  128  138
  152  161  174  181  190  194  199  202  206  208  212  216  218  221  222  223
  222  221  218  215  212  207  204  200  198  194  194  192  193  189  189  186
  184  181  180  176  176  167  171  167  175                                   
    67.5-180.0 180.0   5.0 450.0                            LAT/LON1/LON2/DLON/H
  180  167  161  154  150  142  137  129  127  120  119  115  115  112  113  110
  113  111  114  112  115  112  111  107  105  102  102  103  107  114  124  138
  150  165  174  188  193  201  204  209  212  216  220  223  226  227  227  227
  224  221  216  210  206  200  194  191  188  186  186  187  188  188  188  186
  186  183  185  181  181  172  174  170  180                                   
    65.0-180.0 180.0   5.0 450.0                            LAT/LON1/LON2/DLON/H
  186  170  165  159  152  142  136  128  123  116  112  109  108  105  105  104
  106  106  108  108  110  108  109  105  105  101  104  104  112  118  130  142
  157  167  182  190  200  205  210  214  217  222  225  229  230  233  231  230
  225  219  210  203  197  189  184  179  178  177  179  179  183  183  184  183
  183  183  184  183  185  178  180  181  186                                   
    62.5-180.0 180.0   5.0 450.0                            LAT/LON1/LON2/DLON/H
  191  181  171  165  156  145  136  126  120  111  108  103  103   99  100   96
   99   97  100   99  102  100  103  100  103  101  106  107  114  121  131  145
  158  172  181  194  200  208  212  217  222  226  232  234  237  238  237  233
  226  217  207  197  190  182  176  172  172  172  173  175  178  179  179  178
  179  179  181  182  185  179  185  184  191                                   
    60.0-180.0 180.0   5.0 450.0                            LAT/LON1/LON2/DLON/H
  199  188  181  174  166  153  143  129  121  109  105   99   98   94   94   91
   93   91   93   92   95   95   97   98  101  103  108  113  121  128  139  150
  164  173  186  194  204  208  215  219  226  232  237  242  245  247  245  240
  231  221  207  198  189  180  174  171  171  171  174  175  179  177  177  177
  175  178  179  184  188  184  190  195  199                                   
    57.5-180.0 180.0   5.0 450.0                            LAT/LON1/LON2/DLON/H
  209  203  193  187  177  161  148  134  122  110  105   98   97   92   92   87
   89   84   87   83   88   86   93   93  101  103  112  116  126  133  142  153
  163  175  182  194  200  209  215  222  232  237  244  247  252  253  253  247
  239  227  216  204  196  188  182  179  178  178  178  180  180  180  177  177
  175  177  180  185  191  188  199  198  209                                   
    55.0-180.0 180.0   5.0 450.0                            LAT/LON1/LON2/DLON/H
  223  213  208  201  192  175  161  145  130  115  106   99   94   89   86   82
   81   78   78   75   78   78   84   88   96  104  112  122  131  139  147  156
  166  174  185  192  203  209  218  227  237  245  251  257  260  264  262  259
  250  242  229  221  210  203  196  194  191  192  191  191  190  188  184  183
  178  183  183  193  199  198  207  212  223                                   
    52.5-180.0 180.0   5.0 450.0                            LAT/LON1/LON2/DLON/H
  233  231  223  218  208  191  174  154  136  121  110  100   95   88   85   78
   78   72   74   69   74   72   80   83   96  103  116  124  134  141  148  156
  163  173  181  192  201  212  223  234  245  252  259  264  268  271  271  269
  263  255  246  237  229  223  217  214  210  210  206  206  200  199  191  191
  187  191  193  202  210  210  220  219  233                                   
    50.0-180.0 180.0   5.0 450.0                            LAT/LON1/LON2/DLON/H
  244  238  235  232  222  206  190  169  151  132  119  107   99   91   85   80
   77   73   73   69   71   72   77   83   95  107  118  130  139  147  153  159
  166  174  185  194  208  217  232  243  254  261  266  272  275  282  283  284
  278  274  264  258  248  242  234  230  224  224  220  218  214  208  205  201
  201  203  207  214  224  222  229  235  244                                   
    47.5-180.0 180.0   5.0 450.0                            LAT/LON1/LON2/DLON/H
  248  248  243  240  231  215  200  177  159  141  126  112  103   93   88   81
   81   75   77   71   74   72   80   83   97  107  123  131  142  148  154  159
  165  175  185  198  210  226  241  253  262  269  273  279  282  288  291  293
  289  284  277  271  262  256  246  243  236  236  229  229  223  220  218  215
  217  219  225  232  238  236  239  237  248                                   
    45.0-180.0 180.0   5.0 450.0                            LAT/LON1/LON2/DLON/H
  250  244  242  240  232  219  208  188  172  155  140  125  114  103   95   90
   88   85   85   81   82   80   84   89  101  114  127  139  146  154  159  165
  170  180  191  204  220  237  253  263  273  277  282  287  291  299  304  308
  306  303  295  291  278  271  259  250  243  240  236  233  230  227  227  225
  229  234  240  244  249  242  243  246  250                                   
    42.5-180.0 180.0   5.0 450.0                            LAT/LON1/LON2/DLON/H
  247  244  237  232  226  215  207  191  179  162  150  134  123  110  104   96
   96   94   95   91   90   88   91   95  106  116  132  141  152  157  164  168
  175  184  196  210  227  246  262  274  282  287  290  295  300  308  314  319
  317  315  308  302  291  282  268  259  250  249  243  244  242  242  244  246
  250  254  257  259  257  250  244  241  247                                   
    40.0-180.0 180.0   5.0 450.0                            LAT/LON1/LON2/DLON/H
  243  233  224  219  214  207  200  190  183  173  164  151  139  126  117  109
  108  106  106  102  100   97   98  103  112  123  137  148  156  164  170  174
  181  189  202  215  234  254  271  283  294  298  302  306  313  323  331  336
  337  337  332  328  313  304  287  276  264  260  255  255  252  255  257  261
  268  270  274  270  268  252  244  246  243                                   
    37.5-180.0 180.0   5.0 450.0                            LAT/LON1/LON2/DLON/H
  241  231  216  206  200  191  188  182  181  174  169  158  148  135  127  117
  116  113  113  109  106  103  104  107  115  124  139  149  159  165  176  178
  188  194  208  220  239  258  276  289  300  307  311  316  325  333  342  348
  351  351  349  345  334  323  307  295  283  277  271  272  269  274  274  285
  287  294  290  284  274  257  242  241  241                                   
    35.0-180.0 180.0   5.0 450.0                            LAT/LON1/LON2/DLON/H
  240  224  208  196  186  178  175  173  175  176  175  170  162  151  140  131
  127  122  119  115  112  109  110  114  121  131  144  153  163  171  180  184
  191  198  211  224  242  263  280  295  310  316  326  330  341  350  362  369
  375  376  377  375  366  359  342  329  313  306  298  295  290  291  291  300
  305  307  304  294  285  260  245  248  240                                   
    32.5-180.0 180.0   5.0 450.0                            LAT/LON1/LON2/DLON/H
  251  229  211  193  182  170  167  164  169  171  175  171  167  157  148  137
  131  123  120  114  111  111  112  116  123  133  144  153  165  171  184  187
  195  200  214  227  244  262  279  295  312  323  333  342  354  364  377  386
  394  400  404  405  400  392  380  364  350  342  331  326  315  313  309  318
  321  324  317  306  294  270  252  249  251                                   
    30.0-180.0 180.0   5.0 450.0                            LAT/LON1/LON2/DLON/H
  257  236  216  200  184  173  165  164  166  171  175  177  174  168  159  148
  138  129  121  116  114  115  119  125  131  139  149  156  166  173  184  187
  195  200  213  226  242  261  279  299  319  332  345  357  371  384  398  409
  421  429  436  442  440  437  425  413  394  385  372  365  352  345  337  341
  339  342  332  320  308  286  269  263  257                                   
    27.5-180.0 180.0   5.0 450.0                            LAT/LON1/LON2/DLON/H
  273  246  230  212  198  182  174  168  170  170  175  173  173  167  160  148
  138  127  119  113  113  117  123  129  135  142  148  155  163  170  180  186
  192  200  209  225  243  260  279  297  320  337  351  363  379  393  411  424
  438  451  464  475  479  476  467  452  435  424  410  399  381  372  360  360
  356  355  346  335  322  303  286  272  273                                   
    25.0-180.0 180.0   5.0 450.0                            LAT/LON1/LON2/DLON/H
  281  265  247  231  214  201  190  183  180  179  178  178  176  172  164  155
  141  132  122  119  120  126  133  140  144  148  152  154  160  165  175  180
  189  194  208  223  241  261  279  302  325  345  360  376  390  406  423  437
  454  471  490  506  513  515  504  491  472  459  444  432  413  402  386  382
  374  370  361  349  339  321  307  290  281                                   
    22.5-180.0 180.0   5.0 450.0                            LAT/LON1/LON2/DLON/H
  296  282  269  254  242  222  212  200  194  188  186  181  179  171  165  153
  143  131  125  122  126  132  141  145  149  151  150  150  151  157  164  175
  180  191  204  222  243  261  283  301  327  346  364  375  393  404  424  441
  460  482  501  524  529  532  519  507  487  476  460  447  430  420  406  399
  388  382  372  366  357  341  322  296  296                                   
    20.0-180.0 180.0   5.0 450.0                            LAT/LON1/LON2/DLON/H
  304  299  287  278  263  249  230  217  208  201  195  190  184  178  170  161
  148  138  132  132  137  144  150  154  155  152  149  144  145  148  159  167
  178  187  203  223  245  269  288  313  336  355  372  382  398  409  427  442
  466  486  510  529  539  539  525  515  496  486  471  459  443  431  418  412
  402  396  389  381  371  357  336  309  304                                   
    17.5-180.0 180.0   5.0 450.0                            LAT/LON1/LON2/DLON/H
  314  308  300  294  285  267  252  233  221  211  205  197  191  182  175  164
  154  144  140  140  146  151  158  158  156  151  141  135  131  138  147  161
  171  183  201  225  252  273  296  317  342  358  375  384  398  409  427  442
  463  480  499  515  520  521  508  499  483  476  465  455  443  434  422  418
  410  405  398  394  384  370  345  314  314                                   
    15.0-180.0 180.0   5.0 450.0                            LAT/LON1/LON2/DLON/H
  310  311  302  301  289  277  260  246  231  220  212  207  199  192  183  174
  165  156  152  152  155  160  163  160  155  144  134  125  122  128  141  155
  168  184  202  232  258  283  306  327  353  365  383  390  405  413  431  441
  458  469  482  493  496  498  490  484  472  468  460  452  443  433  425  420
  415  408  403  396  386  373  346  321  310                                   
    12.5-180.0 180.0   5.0 450.0                            LAT/LON1/LON2/DLON/H
  310  306  297  291  283  269  258  246  235  224  217  211  204  197  188  179
  171  162  158  156  159  160  161  156  145  134  118  111  108  115  129  144
  162  180  207  235  264  288  311  333  356  371  385  393  408  418  433  442
  452  456  463  466  470  467  463  461  456  452  450  443  439  432  425  420
  415  407  402  396  384  372  346  318  310                                   
    10.0-180.0 180.0   5.0 450.0                            LAT/LON1/LON2/DLON/H
  301  301  287  279  267  255  242  236  229  224  218  215  210  204  196  189
  181  171  166  163  162  160  156  146  134  117  105   99   98  106  121  142
  160  186  210  241  268  294  318  338  364  373  391  395  413  419  435  439
  447  446  450  451  450  452  450  453  453  454  451  445  443  433  427  420
  413  403  394  385  374  361  338  320  301                                   
     7.5-180.0 180.0   5.0 450.0                            LAT/LON1/LON2/DLON/H
  306  300  284  270  257  240  229  223  221  218  214  212  207  203  194  188
  181  171  164  158  155  149  143  130  115  101   91   86   87   91  108  129
