data/unet/pred3150.15i
     1.0            IONOSPHERE MAPS     GNSS                IONEX VERSION / TYPE
pyspatialgeodesy        IME             05-JAN-18 20:20     PGM / RUN BY / DATE 
Map Name                                                    COMMENT             
Predicted global ionosphere maps (GIM).                     DESCRIPTION         
  2015    11    11     0     0     0                        EPOCH OF FIRST MAP  
  2015    11    12     0     0     0                        EPOCH OF LAST MAP   
  7200                                                      INTERVAL            
    13                                                      # OF MAPS IN FILE   
  NONE                                                      MAPPING FUNCTION    
10.0                                                        ELEVATION CUTOFF    
One-way carrier phase leveled to code                       OBSERVABLES USED    
  6371.0                                                    BASE RADIUS         
 2                                                          MAP DIMENSION       
   450.0 450.0   0.0                                        HGT1 / HGT2 / DHGT  
    87.5 -87.5  -2.5                                        LAT1 / LAT2 / DLAT  
  -180.0 180.0   5.0                                        LON1 / LON2 / DLON  
    -1                                                      EXPONENT            
                                                            END OF HEADER       
[from data line 4719]
    12                                                      START OF TEC MAP    
  2015    11    11    22     0     0                        EPOCH OF CURRENT MAP
    87.5-180.0 180.0   5.0 450.0                            LAT/LON1/LON2/DLON/H
  142   86   62   65   64   64   64   64   64   65   65   65   65   66   66   66
   65   65   65   65   64   63   62   62   61   60   59   59   58   58   57   57
   56   56   55   56   56   57   56   57   57   58   58   59   59   61   60   61
   61   62   62   63   62   64   63   64   63   64   63   64   63   64   63   63
   62   63   62   63   64   64   65  117  142                                   
    85.0-180.0 180.0   5.0 450.0                            LAT/LON1/LON2/DLON/H
   69   51   49   52   53   52   52   53   54   56   56   58   58   59   59   59
   59   59   58   57   56   55   53   52   50   49   48   47   44   44   42   42
   41   41   40   41   41   42   42   44   45   46   47   48   49   50   50   51
   51   52   52   52   53   53   53   53   54   53   53   53   53   52   51   51
   50   50   49   49   50   50   48   83   69                                   
    82.5-180.0 180.0   5.0 450.0                            LAT/LON1/LON2/DLON/H
   57   50   49   52   52   52   54   56   59   60   63   64   67   67   69   68
   69   67   67   65   65   62   61   58   56   53   52   48   48   44   44   41
   41   39   41   39   41   40   43   42   45   45   48   48   51   51   53   53
   55   55   56   56   58   58   59   58   60   58   59   56   58   54   56   52
   53   50   51   48   50   45   46   70   57                                   
    80.0-180.0 180.0   5.0 450.0                            LAT/LON1/LON2/DLON/H
   58   49   44   48   47   50   51   56   58   63   65   70   71   73   73   75
   73   73   70   70   66   65   61   60   56   55   51   50   46   45   42   42
   39   39   38   39   39   40   40   43   43   46   47   49   49   51   51   53
   52   54   54   55   56   57   57   57   56   56   55   54   53   51   50   48
   47   45   44   42   42   42   39   60   58                                   
    77.5-180.0 180.0   5.0 450.0                            LAT/LON1/LON2/DLON/H
   54   47   43   44   44   45   48   53   57   61   66   70   73   75   76   75
   74   71   69   67   64   61   59   57   54   51   49   47   45   42   41   39
   37   36   36   36   36   37   38   40   40   44   43   47   45   48   47   48
   48   50   49   51   51   53   53   54   53   53   53   51   50   48   47   44
   43   41   40   38   40   38   37   58   54                                   
    75.0-180.0 180.0   5.0 450.0                            LAT/LON1/LON2/DLON/H
   57   50   46   50   49   53   55   60   64   71   75   80   81   83   82   80
   76   73   69   66   62   59   56   55   52   51   49   48   45   45   42   42
   39   40   38   40   38   40   40   42   43   45   45   46   46   46   46   45
   45   45   46   46   47   48   49   50   50   50   49   49   47   45   43   42
   40   40   39   39   40   41   43   62   57                                   
    72.5-180.0 180.0   5.0 450.0                            LAT/LON1/LON2/DLON/H
   65   61   58   60   59   62   64   69   74   80   84   88   89   89   86   81
   77   71   66   62   58   56   54   53   52   52   51   51   49   49   48   47
   45   44   43   44   43   44   43   46   45   47   45   46   44   44   42   43
   42   42   42   43   44   45   45   46   47   47   47   46   45   43   42   40
   40   39   41   40   45   47   51   70   65                                   
    70.0-180.0 180.0   5.0 450.0                            LAT/LON1/LON2/DLON/H
   76   74   71   74   72   76   77   83   87   94   97  100   98   96   91   84
   77   70   63   58   54   52   50   51   51   53   52   53   51   52   49   49
   47   47   45   45   43   45   43   46   44   45   43   43   41   40   39   38
   38   39   38   39   40   41   41   43   43   45   43   44   42   42   40   40
   39   41   42   46   51   56   62   79   76                                   
    67.5-180.0 180.0   5.0 450.0                            LAT/LON1/LON2/DLON/H
   89   89   85   89   87   89   92   97  101  107  110  110  107  101   96   86
   78   69   62   56   53   50   50   50   51   52   53   53   52   51   50   49
   47   46   44   44   43   43   42   43   41   42   39   39   37   37   36   36
   36   36   35   36   36   37   37   39   40   41   41   41   40   39   38   38
   39   41   44   48   56   63   70   88   89                                   
    65.0-180.0 180.0   5.0 450.0                            LAT/LON1/LON2/DLON/H
   98  100   97  100   99  101  103  110  113  120  121  122  118  111  103   93
   83   73   65   59   55   52   50   49   49   50   49   50   47   47   44   44
   41   41   37   38   36   37   35   37   35   36   34   34   33   32   32   33
   33   33   32   33   32   33   33   36   37   39   39   40   38   38   36   37
   37   41   45   51   59   68   78   96   98                                   
    62.5-180.0 180.0   5.0 450.0                            LAT/LON1/LON2/DLON/H
  104  108  103  108  106  108  111  117  123  129  131  131  127  120  112  101
   91   80   74   65   61   54   51   47   47   45   44   42   40   38   37   35
   34   32   31   30   30   30   29   31   29   30   28   29   27   28   27   29
   28   30   28   29   27   29   28   31   32   36   35   36   35   35   35   35
   36   40   44   51   60   70   81  100  104                                   
    60.0-180.0 180.0   5.0 450.0                            LAT/LON1/LON2/DLON/H
  106  111  106  109  108  110  113  120  125  134  136  139  136  130  122  113
  104   95   87   80   72   63   55   48   43   40   37   36   32   32   28   29
   26   27   23   24   21   24   22   25   24   26   24   25   24   25   25   27
   27   28   26   27   25   26   26   29   31   34   34   35   34   35   34   36
   38   42   47   54   64   72   84  105  106                                   
    57.5-180.0 180.0   5.0 450.0                            LAT/LON1/LON2/DLON/H
  109  114  108  111  110  111  115  121  128  135  140  143  143  138  133  126
  120  112  107   98   89   76   65   51   44   37   35   31   30   29   29   28
   28   25   24   22   22   22   22   24   24   26   25   26   25   26   25   28
   27   28   25   26   23   25   24   28   29   32   33   34   33   34   36   38
   43   48   54   61   71   80   87  109  109                                   
    55.0-180.0 180.0   5.0 450.0                            LAT/LON1/LON2/DLON/H
  115  121  116  118  116  118  119  126  130  138  142  147  147  147  145  143
  139  135  129  121  109   94   77   61   48   40   34   34   33   34   33   35
   32   32   27   28   25   27   26   29   29   31   31   31   31   30   30   31
   30   31   28   28   24   26   25   29   29   33   31   33   32   36   39   45
   52   60   68   76   86   92   99  121  115                                   
    52.5-180.0 180.0   5.0 450.0                            LAT/LON1/LON2/DLON/H
  130  134  128  131  129  129  130  133  137  141  146  148  151  151  153  154
  155  154  151  141  127  108   91   71   58   46   43   40   43   44   46   44
   44   40   38   35   34   34   34   37   38   39   40   39   38   38   36   37
   35   35   32   32   29   31   31   34   35   36   35   35   35   39   45   53
   63   75   86   97  107  113  115  139  130                                   
    50.0-180.0 180.0   5.0 450.0                            LAT/LON1/LON2/DLON/H
  149  157  152  154  152  152  149  150  149  150  149  152  153  156  159  164
  168  170  168  159  144  124  104   85   72   61   56   55   57   59   60   59
   56   52   47   47   44   45   44   48   49   51   51   51   50   48   46   45
   43   43   40   40   37   39   38   42   41   42   38   39   38   44   52   64
   79   94  109  122  132  138  143  165  149                                   
    47.5-180.0 180.0   5.0 450.0                            LAT/LON1/LON2/DLON/H
  177  185  181  186  184  182  179  174  170  164  160  157  158  159  165  171
  177  181  178  170  156  137  118  100   89   77   73   70   72   71   72   68
   66   60   57   54   54   55   56   58   60   61   63   62   61   58   56   54
   52   52   50   50   49   51   51   54   53   51   46   45   44   50   60   74
   94  113  131  147  159  166  170  195  177                                   
    45.0-180.0 180.0   5.0 450.0                            LAT/LON1/LON2/DLON/H
  203  217  218  221  221  218  210  204  194  184  174  169  165  165  169  175
  180  184  182  176  164  148  131  116  104   94   88   83   82   79   78   74
   69   64   60   60   60   62   62   66   67   70   72   72   71   68   65   63
   62   63   61   63   61   64   63   66   64   61   54   52   52   58   70   86
  108  130  151  169  184  194  201  226  203                                   
    42.5-180.0 180.0   5.0 450.0                            LAT/LON1/LON2/DLON/H
  232  245  245  251  249  246  237  227  216  202  192  184  178  176  177  180
  183  185  183  179  169  157  144  131  120  110  101   92   87   80   76   68
   67   60   61   60   65   66   70   71   74   75   78   79   78   75   72   70
   70   71   72   73   74   75   76   76   74   69   62   59   60   66   79   96
  120  143  166  186  203  217  225  253  232                                   
    40.0-180.0 180.0   5.0 450.0                            LAT/LON1/LON2/DLON/H
  254  268  272  275  272  270  260  251  236  222  208  202  195  190  186  187
  186  185  183  180  173  164  153  143  132  118  106   95   85   77   69   65
   60   60   58   64   67   73   74   77   77   80   83   84   84   82   79   77
   78   79   81   83   84   84   84   84   81   76   69   67   67   75   88  106
  129  153  175  196  216  233  245  273  254                                   
    37.5-180.0 180.0   5.0 450.0                            LAT/LON1/LON2/DLON/H
  277  290  293  294  290  287  276  264  251  237  225  216  211  204  201  196
  192  188  185  183  178  173  162  152  138  124  108   93   81   70   65   57
   59   56   62   65   74   78   81   80   81   81   85   86   87   85   83   82
   82   85   87   89   89   89   89   88   85   80   75   73   76   84   97  116
  137  159  180  199  221  241  256  290  277                                   
    35.0-180.0 180.0   5.0 450.0                            LAT/LON1/LON2/DLON/H
  296  315  318  313  307  300  287  277  262  249  237  233  228  222  216  209
  202  196  192  190  187  181  170  158  142  125  107   93   80   74   68   69
   70   74   77   84   87   92   90   90   87   87   90   92   92   91   89   89
   89   91   93   94   94   93   92   90   88   84   80   80   84   94  107  126
  146  167  186  204  227  248  264  300  296                                   
    32.5-180.0 180.0   5.0 450.0                            LAT/LON1/LON2/DLON/H
  319  334  335  331  325  316  299  286  273  259  250  245  245  237  233  221
  216  208  205  202  198  189  177  161  145  127  112   97   90   85   88   90
   98  101  107  109  112  109  107  100   97   94   96   96   97   94   93   92
   91   93   93   94   92   91   90   89   87   85   83   87   92  103  118  136
  154  173  191  208  231  257  275  314  319                                   
    30.0-180.0 180.0   5.0 450.0                            LAT/LON1/LON2/DLON/H
  343  360  361  355  346  336  314  301  284  274  263  263  261  257  249  240
  232  225  220  217  211  198  180  163  147  133  120  114  114  117  127  135
  143  144  147  144  143  136  128  119  112  108  107  108  107  105  102  100
   99   97   97   96   94   93   93   92   90   89   89   94  102  114  130  147
  167  186  206  222  247  274  290  330  343                                   
    27.5-180.0 180.0   5.0 450.0                            LAT/LON1/LON2/DLON/H
  377  395  394  392  383  370  344  326  308  296  288  283  281  273  267  254
  250  241  238  230  222  203  185  166  155  144  144  143  154  162  179  187
  195  190  187  176  169  157  150  137  130  124  122  120  119  115  112  107
  103  100   97   94   92   91   91   91   89   90   91   98  107  121  137  158
  178  200  221  241  264  296  316  356  377                                   
    25.0-180.0 180.0   5.0 450.0                            LAT/LON1/LON2/DLON/H
  411  443  444  441  436  421  390  370  345  333  319  315  306  298  285  276
  267  260  253  243  230  210  190  177  170  169  173  183  200  214  232  238
  241  232  222  206  195  181  171  160  153  146  143  139  136  131  127  120
  114  107  101   96   93   91   91   90   90   90   93  101  112  127  147  170
  196  220  246  268  294  326  351  387  411                                   
    22.5-180.0 180.0   5.0 450.0                            LAT/LON1/LON2/DLON/H
  451  493  496  501  495  481  451  430  402  385  367  357  342  323  309  294
  287  274  268  250  239  215  203  194  198  204  220  236  258  275  292  298
  295  280  260  239  217  199  187  177  173  168  164  160  155  149  142  135
  124  114  103   96   91   90   90   89   89   89   92  100  113  130  151  179
  209  240  270  298  329  360  392  420  451                                   
    20.0-180.0 180.0   5.0 450.0                            LAT/LON1/LON2/DLON/H
  485  533  542  549  553  541  518  497  468  447  423  407  382  361  335  320
  306  294  283  267  250  233  224  225  237  253  274  294  312  329  341  347
  337  316  285  260  233  217  204  197  194  190  187  182  177  168  162  151
  140  125  112  101   94   91   91   90   89   88   92  101  116  136  161  190
  226  258  297  326  364  398  428  449  485                                   
    17.5-180.0 180.0   5.0 450.0                            LAT/LON1/LON2/DLON/H
  511  563  575  591  595  590  574  558  528  506  477  457  432  401  375  352
  337  318  307  289  276  262  259  268  287  310  332  351  366  377  382  376
  358  333  299  269  239  228  216  213  209  209  204  200  191  183  172  161
  146  131  115  104   96   94   93   93   90   90   93  104  120  142  166  200
  234  273  312  349  388  422  457  472  511                                   
    15.0-180.0 180.0   5.0 450.0                            LAT/LON1/LON2/DLON/H
  525  573  590  611  616  617  612  610  593  572  539  513  482  454  423  398
  377  355  337  323  310  300  303  316  342  365  384  395  399  399  392  380
  358  331  297  267  240  231  225  228  226  227  219  213  202  192  179  165
  150  132  117  104   99   97   98   96   94   92   96  107  125  147  175  206
  241  278  319  360  402  439  471  485  525                                   
    12.5-180.0 180.0   5.0 450.0                            LAT/LON1/LON2/DLON/H
  525  577  588  612  620  623  626  634  626  616  582  556  523  500  478  448
  429  401  385  371  362  356  358  376  396  419  428  430  421  405  386  365
  341  319  290  267  245  239  233  240  238  237  228  220  204  193  174  162
  145  130  115  105   99   99   98   98   93   92   95  109  128  155  180  214
  244  283  318  362  404  439  474  490  525                                   
    10.0-180.0 180.0   5.0 450.0                            LAT/LON1/LON2/DLON/H
  517  561  573  595  605  612  620  638  644  646  629  609  580  558  535  509
  488  460  445  427  424  415  422  431  451  456  457  441  419  391  363  341
  321  306  285  271  253  248  241  244  243  241  230  221  201  187  168  155
  140  125  113  104  101   99   99   95   91   89   95  110  133  159  187  216
  247  279  317  356  398  434  467  483  517                                   
     7.5-180.0 180.0   5.0 450.0                            LAT/LON1/LON2/DLON/H
  503  549  554  576  582  588  598  617  635  646  643  637  622  606  586  568
  549  524  507  489  483  477  480  489  493  490  473  446  414  376  346  325
