data/unet/pred2180.15i
     1.0            IONOSPHERE MAPS     GNSS                IONEX VERSION / TYPE
pyspatialgeodesy        IME             05-JAN-18 20:20     PGM / RUN BY / DATE 
Map Name                                                    COMMENT             
Predicted global ionosphere maps (GIM).                     DESCRIPTION         
  2015     8     6     0     0     0                        EPOCH OF FIRST MAP  
  2015     8     7     0     0     0                        EPOCH OF LAST MAP   
  7200                                                      INTERVAL            
    13                                                      # OF MAPS IN FILE   
  NONE                                                      MAPPING FUNCTION    
10.0                                                        ELEVATION CUTOFF    
One-way carrier phase leveled to code                       OBSERVABLES USED    
  6371.0                                                    BASE RADIUS         
 2                                                          MAP DIMENSION       
   450.0 450.0   0.0                                        HGT1 / HGT2 / DHGT  
    87.5 -87.5  -2.5                                        LAT1 / LAT2 / DLAT  
  -180.0 180.0   5.0                                        LON1 / LON2 / DLON  
    -1                                                      EXPONENT            
                                                            END OF HEADER       
[from data line 429]
     2                                                      START OF TEC MAP    
  2015     8     6     2     0     0                        EPOCH OF CURRENT MAP
    87.5-180.0 180.0   5.0 450.0                            LAT/LON1/LON2/DLON/H
  156  155  157  157  159  158  161  161  163  162  164  163  164  163  163  161
  161  158  157  153  152  148  147  142  142  137  137  132  133  129  130  126
  128  125  126  124  126  124  126  124  128  126  129  127  131  130  133  131
  135  134  137  136  140  139  142  141  144  144  146  145  149  148  149  148
  152  150  152  151  154  151  151  164  156                                   
    85.0-180.0 180.0   5.0 450.0                            LAT/LON1/LON2/DLON/H
  155  167  156  163  162  162  164  165  167  167  168  168  168  168  167  165
  163  161  159  156  153  149  146  142  139  136  133  129  128  126  124  123
  122  122  121  122  121  123  122  124  124  126  126  128  128  130  130  131
  132  133  134  135  136  138  139  140  142  143  145  145  148  148  149  149
  152  152  154  153  155  150  158  154  155                                   
    82.5-180.0 180.0   5.0 450.0                            LAT/LON1/LON2/DLON/H
  161  167  170  176  174  174  176  176  178  177  179  178  179  176  177  174
  174  169  169  163  161  154  152  144  142  134  133  127  126  121  122  118
  120  118  121  120  123  123  126  125  129  129  131  131  134  134  136  136
  139  139  142  142  145  145  149  149  153  152  155  155  158  157  160  158
  162  161  165  164  167  162  165  157  161                                   
    80.0-180.0 180.0   5.0 450.0                            LAT/LON1/LON2/DLON/H
  171  173  179  182  185  184  188  187  190  188  190  188  189  185  185  181
  180  175  174  167  164  156  153  143  140  130  127  120  119  113  114  111
  114  112  117  117  122  122  128  128  134  132  138  136  141  138  143  140
  146  143  148  146  151  150  155  154  159  158  162  161  165  164  166  165
  168  168  172  171  174  169  171  164  171                                   
    77.5-180.0 180.0   5.0 450.0                            LAT/LON1/LON2/DLON/H
  177  183  185  191  190  193  195  196  195  196  196  196  194  193  190  189
  185  183  178  175  168  163  155  149  139  133  125  121  115  113  110  111
  110  114  116  121  124  129  132  136  139  142  144  146  147  148  150  151
  153  154  156  157  159  161  164  166  169  170  172  173  174  174  175  175
  176  176  178  178  179  177  177  167  177                                   
    75.0-180.0 180.0   5.0 450.0                            LAT/LON1/LON2/DLON/H
  180  183  189  190  192  192  196  194  196  195  197  194  194  191  191  187
  186  181  179  173  170  162  157  146  140  129  124  115  112  106  106  105
  108  110  115  119  125  128  134  136  141  142  147  147  150  150  154  153
  157  156  161  161  166  166  171  172  177  176  179  178  181  177  179  176
  178  176  179  177  179  176  182  172  180                                   
    72.5-180.0 180.0   5.0 450.0                            LAT/LON1/LON2/DLON/H
  181  185  189  192  191  190  193  191  192  191  190  189  186  187  182  183
  178  178  173  173  166  162  153  147  136  129  120  114  107  104  102  103
  104  108  112  117  121  127  131  134  137  139  143  145  147  149  152  154
  157  158  161  163  166  169  172  175  178  180  180  181  181  180  179  177
  176  174  176  175  175  178  180  171  181                                   
    70.0-180.0 180.0   5.0 450.0                            LAT/LON1/LON2/DLON/H
  182  184  190  190  191  188  191  188  189  185  185  181  179  175  173  171
  170  167  167  165  164  157  153  143  136  126  119  110  106  101  100  100
  102  106  110  114  118  122  126  128  132  134  138  140  144  147  151  154
  157  158  162  164  168  170  175  178  182  182  185  184  184  181  180  176
  176  174  175  174  175  174  182  174  182                                   
    67.5-180.0 180.0   5.0 450.0                            LAT/LON1/LON2/DLON/H
  183  184  189  191  190  187  188  184  184  179  177  173  168  166  161  162
  156  160  155  159  154  154  145  141  131  125  116  111  104  102   99  100
  100  103  104  108  109  112  113  116  117  122  126  131  135  141  145  150
  152  155  158  161  164  169  173  177  181  183  184  184  183  181  178  175
  173  172  172  172  172  175  178  171  183                                   
    65.0-180.0 180.0   5.0 450.0                            LAT/LON1/LON2/DLON/H
  185  183  189  189  189  185  185  181  180  177  172  168  164  159  156  152
  151  149  149  149  149  144  140  134  129  121  116  110  106  102  100  100
   99  100  100  101  101  101  101  103  105  108  114  120  127  134  140  144
  148  151  154  157  161  166  171  176  181  183  185  184  184  180  178  174
  172  171  172  172  173  173  179  173  185                                   
    62.5-180.0 180.0   5.0 450.0                            LAT/LON1/LON2/DLON/H
  185  184  187  189  187  183  182  179  179  175  171  167  161  159  153  152
  146  147  142  144  139  139  133  131  125  121  115  112  107  105  101  101
   97   96   92   92   88   89   86   88   89   95  101  111  118  127  133  140
  143  147  149  153  158  164  170  177  182  184  186  186  186  182  179  176
  174  173  174  174  175  178  180  172  185                                   
    60.0-180.0 180.0   5.0 450.0                            LAT/LON1/LON2/DLON/H
  188  182  186  186  184  179  177  175  174  172  168  166  162  158  155  151
  150  145  143  140  137  132  129  126  124  119  118  114  112  108  105  101
   97   93   88   85   82   79   78   79   82   88   95  104  114  123  131  137
  141  144  146  150  157  164  171  179  186  188  191  189  190  186  184  180
  179  178  179  179  181  179  183  175  188                                   
    57.5-180.0 180.0   5.0 450.0                            LAT/LON1/LON2/DLON/H
  189  186  186  187  183  177  176  173  173  172  171  169  166  163  160  157
  152  150  143  141  134  131  126  125  123  122  119  119  115  113  107  104
   96   91   84   80   75   74   71   74   76   84   91  103  112  123  129  136
  140  143  147  152  160  169  177  186  192  196  197  196  197  193  191  187
  186  184  186  187  189  189  188  177  189                                   
    55.0-180.0 180.0   5.0 450.0                            LAT/LON1/LON2/DLON/H
  194  188  190  190  184  178  174  172  170  170  169  169  168  166  164  160
  159  153  149  143  138  132  128  126  126  124  126  123  123  117  113  105
   99   91   84   79   76   74   74   77   80   87   94  106  115  125  131  138
  142  146  150  157  166  176  186  195  203  205  207  205  206  201  200  196
  195  194  195  196  198  195  194  185  194                                   
    52.5-180.0 180.0   5.0 450.0                            LAT/LON1/LON2/DLON/H
  198  195  194  193  188  181  178  174  174  173  173  173  174  172  170  167
  165  161  156  150  144  138  133  132  132  132  132  132  128  123  115  109
  100   93   86   82   78   79   78   83   85   93  100  111  119  129  134  141
  145  151  156  165  174  186  196  206  212  215  214  212  212  207  206  202
  203  200  203  203  207  205  202  189  198                                   
    50.0-180.0 180.0   5.0 450.0                            LAT/LON1/LON2/DLON/H
  206  202  203  202  197  189  184  179  177  175  173  173  174  173  173  170
  170  165  163  156  150  143  139  137  140  139  140  137  135  127  121  112
  105   97   93   89   87   87   88   92   95  101  108  116  123  132  138  146
  152  159  166  175  186  197  209  216  224  223  224  220  220  214  213  210
  210  210  211  212  215  211  209  200  206                                   
    47.5-180.0 180.0   5.0 450.0                            LAT/LON1/LON2/DLON/H
  214  212  210  210  206  198  195  188  187  182  180  179  180  179  179  178
  178  174  172  165  161  153  149  147  148  147  147  144  140  132  124  117
  109  104   99   97   95   96   96  100  103  109  114  121  126  135  141  152
  158  169  175  187  197  209  218  226  230  229  228  222  221  216  215  212
  215  212  216  216  220  219  216  206  214                                   
    45.0-180.0 180.0   5.0 450.0                            LAT/LON1/LON2/DLON/H
  225  223  225  223  221  214  209  202  197  191  186  183  182  180  181  179
  182  179  179  171  167  159  157  153  156  153  154  149  144  135  129  121
  117  112  111  107  106  106  107  109  112  116  121  125  129  137  146  157
  168  178  187  197  209  217  227  231  235  232  231  224  223  218  218  218
  219  220  223  225  227  224  225  218  225                                   
    42.5-180.0 180.0   5.0 450.0                            LAT/LON1/LON2/DLON/H
  237  236  234  235  231  226  222  214  211  202  198  192  191  188  189  188
  190  188  188  181  175  166  163  160  162  160  159  153  147  138  132  127
  123  121  118  116  113  113  113  115  117  121  124  127  130  141  149  164
  175  188  196  207  215  223  230  233  235  231  229  222  220  215  217  216
  221  221  227  228  231  233  235  230  237                                   
    40.0-180.0 180.0   5.0 450.0                            LAT/LON1/LON2/DLON/H
  256  253  255  250  247  240  235  229  223  215  207  202  198  196  194  193
  195  191  191  182  178  167  166  162  166  162  162  154  149  140  137  133
  132  130  129  126  123  121  121  122  124  127  131  132  135  142  153  168
  182  193  204  212  222  227  234  234  237  233  230  225  223  220  220  223
  227  232  237  240  244  244  251  249  256                                   
    37.5-180.0 180.0   5.0 450.0                            LAT/LON1/LON2/DLON/H
  280  277  272  269  263  254  248  240  236  227  222  215  213  209  209  205
  206  200  197  187  180  171  168  166  168  166  164  157  152  145  143  140
  141  139  138  132  130  126  125  126  129  133  135  137  137  147  155  172
  185  199  208  217  224  229  236  236  241  236  237  231  233  228  231  231
  241  245  256  258  262  263  269  269  280                                   
    35.0-180.0 180.0   5.0 450.0                            LAT/LON1/LON2/DLON/H
  310  306  305  294  287  274  267  258  252  244  237  231  228  223  221  216
  212  204  197  184  178  167  167  165  170  167  166  158  155  148  148  146
  148  146  146  140  137  133  132  134  138  143  145  144  143  147  156  170
  185  197  209  216  227  231  240  241  246  245  245  245  246  245  246  251
  259  267  277  283  286  291  299  299  310                                   
    32.5-180.0 180.0   5.0 450.0                            LAT/LON1/LON2/DLON/H
  346  343  339  327  313  299  287  277  271  263  256  249  246  242  240  232
  225  212  200  185  176  168  168  170  173  172  171  163  159  153  153  151
  153  151  150  144  140  137  137  139  144  150  150  149  144  148  152  165
  179  192  205  216  227  236  245  250  256  257  262  261  267  264  270  273
  286  293  307  311  318  322  327  329  346                                   
    30.0-180.0 180.0   5.0 450.0                            LAT/LON1/LON2/DLON/H
  380  383  384  370  354  334  318  305  295  288  279  273  268  264  257  247
  234  218  200  184  174  167  171  174  178  177  175  169  164  158  156  154
  153  151  149  146  143  141  142  145  150  155  155  150  143  141  143  153
  168  180  196  208  225  235  250  255  267  270  278  281  288  290  294  299
  307  316  329  336  344  355  364  364  380                                   
    27.5-180.0 180.0   5.0 450.0                            LAT/LON1/LON2/DLON/H
  408  417  420  411  395  374  355  339  326  316  305  299  292  287  277  265
  247  226  205  187  176  173  179  184  188  187  185  176  169  161  158  153
  151  146  144  142  141  141  141  145  148  153  149  145  133  129  128  139
  152  167  184  199  216  230  247  259  273  283  293  299  306  308  313  317
  328  336  353  360  370  381  390  394  408                                   
    25.0-180.0 180.0   5.0 450.0                            LAT/LON1/LON2/DLON/H
  433  446  457  452  441  422  402  384  368  355  340  331  322  313  299  281
  257  234  209  192  181  181  190  197  202  200  194  185  175  166  158  151
  144  140  136  138  139  140  142  143  145  145  141  131  120  113  113  121
  137  154  174  194  216  231  253  263  283  291  309  314  324  325  330  333
  345  355  371  379  391  406  419  422  433                                   
    22.5-180.0 180.0   5.0 450.0                            LAT/LON1/LON2/DLON/H
  445  462  479  481  473  458  441  425  409  394  377  365  352  341  323  302
  271  242  217  200  192  196  206  215  218  214  205  192  179  166  156  145
  137  131  129  131  132  135  135  136  132  131  122  114  100   95   96  106
  124  143  168  191  216  236  256  271  288  303  317  328  336  340  344  350
  360  372  388  397  410  421  435  441  445                                   
    20.0-180.0 180.0   5.0 450.0                            LAT/LON1/LON2/DLON/H
  453  472  494  503  502  493  479  467  451  437  419  405  389  374  351  322
  285  253  224  210  202  207  219  226  228  221  208  194  179  164  151  138
  128  123  120  124  127  129  129  124  120  112  105   94   85   79   83   94
  112  137  163  192  219  242  263  277  298  310  326  335  344  350  354  360
  371  381  397  406  418  431  445  450  453                                   
    17.5-180.0 180.0   5.0 450.0                            LAT/LON1/LON2/DLON/H
  450  471  497  510  515  512  505  496  483  469  451  436  418  400  372  340
  299  262  233  219  213  218  229  235  233  223  209  191  173  157  142  129
  120  113  112  114  116  118  115  109   98   90   80   73   64   64   68   82
  103  130  160  189  219  243  263  281  300  316  329  338  346  353  361  367
  378  388  403  410  418  427  442  449  450                                   
    15.0-180.0 180.0   5.0 450.0                            LAT/LON1/LON2/DLON/H
  449  466  492  507  519  519  519  517  508  498  480  463  444  422  391  356
  314  274  243  229  221  224  233  234  229  215  198  181  164  149  135  123
  114  108  105  107  109  110  105   95   85   75   68   59   56   54   61   76
   99  127  159  190  219  242  262  283  305  323  334  344  351  359  367  374
  384  395  405  410  413  424  437  443  449                                   
    12.5-180.0 180.0   5.0 450.0                            LAT/LON1/LON2/DLON/H
  441  456  478  493  507  509  515  515  515  507  494  477  458  434  401  365
  324  285  253  235  228  227  230  227  216  200  182  165  150  137  127  117
  110  103  100   97   99   96   92   81   67   59   52   49   46   49   56   73
   97  125  157  187  217  240  264  287  312  328  343  351  361  367  376  381
  393  400  410  411  411  417  431  438  441                                   
    10.0-180.0 180.0   5.0 450.0                            LAT/LON1/LON2/DLON/H
  440  450  468  478  490  493  500  504  507  505  496  483  465  440  408  371
  334  294  263  243  231  225  221  212  197  180  163  151  138  130  122  116
  109  103   97   95   91   90   80   70   58   52   51   48   49   50   57   72
   94  121  152  182  210  232  257  280  308  334  350  362  371  378  387  393
  403  411  417  415  413  417  428  432  440                                   
     7.5-180.0 180.0   5.0 450.0                            LAT/LON1/LON2/DLON/H
  437  444  458  463  473  472  481  481  488  484  481  471  456  433  401  365
  331  297  267  244  231  218  208  193  175  158  146  134  126  121  117  113
