data/unet/pred0790.15i
     1.0            IONOSPHERE MAPS     GNSS                IONEX VERSION / TYPE
pyspatialgeodesy        IME             05-JAN-18 20:20     PGM / RUN BY / DATE 
Map Name                                                    COMMENT             
Predicted global ionosphere maps (GIM).                     DESCRIPTION         
  2015     3    20     0     0     0                        EPOCH OF FIRST MAP  
  2015     3    21     0     0     0                        EPOCH OF LAST MAP   
  7200                                                      INTERVAL            
    13                                                      # OF MAPS IN FILE   
  NONE                                                      MAPPING FUNCTION    
10.0                                                        ELEVATION CUTOFF    
One-way carrier phase leveled to code                       OBSERVABLES USED    
  6371.0                                                    BASE RADIUS         
 2                                                          MAP DIMENSION       
   450.0 450.0   0.0                                        HGT1 / HGT2 / DHGT  
    87.5 -87.5  -2.5                                        LAT1 / LAT2 / DLAT  
  -180.0 180.0   5.0                                        LON1 / LON2 / DLON  
    -1                                                      EXPONENT            
                                                            END OF HEADER       
[from data line 858]
     3                                                      START OF TEC MAP    
  2015     3    20     4     0     0                        EPOCH OF CURRENT MAP
    87.5-180.0 180.0   5.0 450.0                            LAT/LON1/LON2/DLON/H
  111  133  114  112  112  110  109  109  110  109  109  108  109  108  108  107
  108  106  106  104  105  103  104  102  104  102  104  101  104  102  104  101
  104  102  105  102  105  103  106  104  107  105  107  106  108  107  108  108
  109  109  110  110  111  111  112  111  113  112  113  113  114  114  114  114
  115  115  116  116  114  112  126  119  111                                   
    85.0-180.0 180.0   5.0 450.0                            LAT/LON1/LON2/DLON/H
  132  132  113  117  113  112  111  112  111  112  110  112  112  113  111  113
  111  112  110  110  108  108  105  105  103  103  101  101  100  101   99  100
  100  101  101  102  103  104  104  106  106  107  107  109  108  111  110  113
  112  115  113  117  115  119  116  120  119  122  120  124  122  125  123  126
  124  126  124  125  119  122  128  136  132                                   
    82.5-180.0 180.0   5.0 450.0                            LAT/LON1/LON2/DLON/H
  121  115  112  115  109  107  107  106  107  106  107  107  108  109  108  109
  107  107  104  104   99   99   93   93   88   86   82   81   79   77   78   77
   80   79   83   83   87   86   90   91   94   95   97   99  101  103  104  106
  107  109  110  112  113  114  115  117  119  121  122  124  125  127  128  129
  130  131  131  129  124  122  130  128  121                                   
    80.0-180.0 180.0   5.0 450.0                            LAT/LON1/LON2/DLON/H
  130  126  124  122  116  112  112  111  112  111  113  115  118  118  119  120
  118  117  113  111  106  103   96   94   88   85   80   79   75   75   73   76
   76   80   81   86   88   93   95   99  101  103  104  107  108  111  110  115
  114  118  118  122  122  126  126  131  132  136  137  141  144  147  149  151
  154  153  155  151  147  138  140  134  130                                   
    77.5-180.0 180.0   5.0 450.0                            LAT/LON1/LON2/DLON/H
  138  133  127  126  113  110  107  108  108  109  112  115  118  119  121  120
  119  115  110  106   99   93   87   81   75   70   67   64   62   62   61   65
   66   71   74   80   84   89   92   96   98  100  103  104  106  107  109  112
  113  117  118  125  125  132  132  140  141  148  151  157  160  165  169  173
  176  178  179  173  168  159  154  147  138                                   
    75.0-180.0 180.0   5.0 450.0                            LAT/LON1/LON2/DLON/H
  149  145  138  127  115  105  102  100  101  102  106  109  112  113  114  112
  109  105  100   93   87   79   74   67   62   57   54   51   50   51   52   56
   59   65   70   77   81   87   92   94   97   98  101  100  103  103  108  108
  113  115  120  125  130  134  140  144  151  155  161  166  171  177  182  188
  193  198  201  198  194  183  175  163  149                                   
    72.5-180.0 180.0   5.0 450.0                            LAT/LON1/LON2/DLON/H
  166  153  148  135  118  105  100   97   97   97  101  103  106  105  106  102
   99   93   87   79   73   65   61   54   51   46   46   44   46   46   51   52
   58   62   70   75   80   85   89   91   93   94   96   96   98  100  105  108
  112  120  125  132  136  143  147  153  159  164  170  174  180  185  192  197
  204  209  217  214  214  204  196  182  166                                   
    70.0-180.0 180.0   5.0 450.0                            LAT/LON1/LON2/DLON/H
  176  169  158  140  122  104   98   93   94   94   97   99  100   99   97   93
   88   80   75   68   63   56   53   48   48   45   49   47   52   52   58   57
   63   65   72   75   80   83   87   88   90   90   92   91   95   97  103  107
  116  121  130  134  141  145  151  155  160  166  170  177  181  187  192  198
  204  213  219  221  221  212  209  194  176                                   
    67.5-180.0 180.0   5.0 450.0                            LAT/LON1/LON2/DLON/H
  189  178  168  150  126  109  100   95   94   93   95   96   96   93   89   83
   76   69   63   57   53   50   50   49   51   52   57   59   62   64   66   66
   67   70   73   76   78   81   83   83   85   84   86   86   88   93   99  111
  117  128  136  143  148  152  157  160  164  168  172  176  180  184  188  192
  198  206  214  216  219  216  213  205  189                                   
    65.0-180.0 180.0   5.0 450.0                            LAT/LON1/LON2/DLON/H
  192  187  175  154  132  110  101   95   94   92   93   92   91   86   81   73
   66   60   56   52   51   50   53   54   60   63   71   72   76   75   77   73
   73   71   72   71   73   75   76   76   76   76   77   78   83   88   99  110
  122  131  139  146  150  155  157  162  164  169  170  176  176  180  181  186
  188  197  205  207  210  209  216  205  192                                   
    62.5-180.0 180.0   5.0 450.0                            LAT/LON1/LON2/DLON/H
  199  188  179  159  135  115  102   97   94   92   91   89   85   80   74   69
   61   58   54   54   54   56   60   63   69   74   79   82   83   83   80   77
   72   68   67   64   66   66   69   67   69   68   71   73   79   89   99  113
  123  135  144  150  156  158  163  164  169  169  174  175  178  178  179  178
  181  183  192  189  193  198  205  203  199                                   
    60.0-180.0 180.0   5.0 450.0                            LAT/LON1/LON2/DLON/H
  192  188  179  158  136  113  103   97   94   91   88   85   80   75   70   66
   61   60   59   60   62   64   67   70   75   77   82   84   86   83   80   73
   68   61   58   56   56   58   59   59   62   62   67   69   78   87  100  112
  124  135  143  151  155  160  163  168  171  177  179  185  185  186  183  183
  180  181  183  181  181  183  198  193  192                                   
    57.5-180.0 180.0   5.0 450.0                            LAT/LON1/LON2/DLON/H
  195  187  182  163  139  118  103   99   93   90   85   81   74   71   68   67
   66   67   68   68   69   69   70   71   73   76   77   79   79   77   72   65
   61   52   51   47   50   51   54   54   58   59   66   70   80   91  102  115
  125  135  144  152  160  163  169  173  181  187  192  196  200  200  198  194
  191  185  187  177  173  180  190  189  195                                   
    55.0-180.0 180.0   5.0 450.0                            LAT/LON1/LON2/DLON/H
  192  192  189  169  145  123  110  103   96   91   82   77   70   67   67   68
   69   71   72   72   72   69   70   67   68   68   70   70   70   68   65   57
   53   46   44   43   45   48   51   51   56   56   67   71   84   95  107  117
  126  136  143  153  160  168  173  183  192  202  206  216  219  224  221  219
  212  207  200  189  179  178  190  185  192                                   
    52.5-180.0 180.0   5.0 450.0                            LAT/LON1/LON2/DLON/H
  205  203  201  186  160  141  123  114  102   95   82   75   67   66   66   69
   71   74   74   73   70   68   65   62   59   58   57   58   57   55   54   46
   45   38   41   40   46   49   54   54   59   62   70   78   91  105  112  123
  128  138  144  154  163  174  182  195  208  218  227  236  242  247  247  242
  237  226  219  203  191  188  193  191  205                                   
    50.0-180.0 180.0   5.0 450.0                            LAT/LON1/LON2/DLON/H
  212  218  217  202  181  160  143  129  114  103   87   78   68   66   67   70
   71   72   70   68   65   61   59   55   51   48   49   48   50   49   48   43
   41   38   39   42   49   53   59   57   63   64   75   82   98  111  119  127
  133  142  148  158  167  183  193  210  224  237  245  257  263  269  269  267
  260  252  239  229  212  204  207  201  212                                   
    47.5-180.0 180.0   5.0 450.0                            LAT/LON1/LON2/DLON/H
  231  234  233  226  205  190  169  153  131  116   97   86   73   71   68   71
   67   67   63   62   59   58   55   52   47   44   44   44   46   44   45   39
   38   34   38   41   50   58   63   64   67   71   78   92  104  120  126  135
  141  152  159  169  181  198  211  225  240  253  262  271  277  281  283  281
  277  268  259  246  236  228  223  217  231                                   
    45.0-180.0 180.0   5.0 450.0                            LAT/LON1/LON2/DLON/H
  241  249  249  242  231  212  193  171  150  129  108   94   82   78   74   71
   63   61   54   57   55   59   58   58   53   51   48   48   48   47   46   42
   40   39   41   46   56   62   68   67   72   74   84   97  114  127  136  143
  154  161  168  181  193  210  220  236  250  264  271  280  284  290  292  292
  286  285  270  266  253  246  238  231  241                                   
    42.5-180.0 180.0   5.0 450.0                            LAT/LON1/LON2/DLON/H
  256  253  254  255  243  231  208  193  167  144  119  107   92   88   79   74
   60   56   49   54   56   66   67   70   65   63   58   56   52   51   47   43
   40   39   44   50   58   66   70   72   74   81   91  109  123  138  144  155
  164  175  184  197  210  221  229  242  256  266  273  281  288  291  297  291
  292  286  281  274  268  259  248  245  256                                   
    40.0-180.0 180.0   5.0 450.0                            LAT/LON1/LON2/DLON/H
  258  256  254  252  249  238  221  201  180  154  130  116  103   97   89   80
   66   59   54   62   69   82   87   90   86   80   73   66   61   55   50   44
   43   42   47   52   60   65   69   71   75   81   96  116  132  145  155  164
  177  185  198  210  222  228  232  240  255  266  275  285  292  297  299  300
  297  298  290  290  279  273  259  253  258                                   
    37.5-180.0 180.0   5.0 450.0                            LAT/LON1/LON2/DLON/H
  264  254  251  251  242  239  220  210  184  164  138  126  112  108   99   92
   79   74   70   80   92  103  110  111  108   98   91   80   72   62   56   50
   49   47   53   57   64   69   72   75   78   87  104  127  144  159  168  179
  189  200  215  225  236  237  237  246  257  270  283  296  310  316  323  319
  323  316  315  308  303  287  276  272  264                                   
    35.0-180.0 180.0   5.0 450.0                            LAT/LON1/LON2/DLON/H
  272  256  246  237  233  231  220  205  185  163  144  130  121  116  110  104
   96   94   97  107  120  129  133  131  125  116  105   95   84   73   64   57
   56   55   59   63   68   74   74   77   81   88  108  130  150  166  176  186
  198  209  225  234  242  242  239  249  260  274  289  310  332  347  357  358
  360  360  355  351  342  324  303  292  272                                   
    32.5-180.0 180.0   5.0 450.0                            LAT/LON1/LON2/DLON/H
  296  266  252  242  227  228  213  205  182  168  147  138  126  124  117  116
  114  119  125  136  144  149  149  145  140  129  122  110  103   92   87   79
   76   72   75   75   78   81   82   85   86   98  115  142  163  181  191  199
  211  218  238  242  249  246  251  263  278  297  320  348  378  396  409  413
  416  418  415  413  403  377  349  336  296                                   
    30.0-180.0 180.0   5.0 450.0                            LAT/LON1/LON2/DLON/H
  338  291  268  245  232  226  212  200  182  165  149  137  130  124  122  121
  127  134  143  153  161  160  160  153  152  144  139  132  125  118  110  106
  101   96   91   88   88   90   89   89   92  100  119  144  169  188  197  209
  221  236  255  263  264  269  265  284  295  322  342  387  424  462  473  484
  484  492  490  493  486  459  421  392  338                                   
    27.5-180.0 180.0   5.0 450.0                            LAT/LON1/LON2/DLON/H
  406  352  312  279  256  248  226  211  187  174  155  147  135  131  125  127
  133  145  155  164  167  166  164  163  166  167  167  161  158  152  148  142
  137  129  120  108  104  102   99   97   96  108  123  152  177  202  214  229
  246  260  282  288  291  293  300  313  328  349  371  412  460  504  534  555
  559  567  567  569  569  544  497  467  406                                   
    25.0-180.0 180.0   5.0 450.0                            LAT/LON1/LON2/DLON/H
  495  444  388  337  300  281  255  235  207  188  170  154  146  133  130  125
  135  142  155  160  165  163  165  169  180  187  194  197  197  192  184  179
  170  162  147  130  118  111  105   99   99  105  124  148  176  204  223  245
  265  290  310  325  327  340  339  351  364  379  408  444  496  546  587  623
  633  657  655  668  661  634  601  555  495                                   
    22.5-180.0 180.0   5.0 450.0                            LAT/LON1/LON2/DLON/H
  582  532  476  429  381  346  304  274  245  220  195  178  162  150  139  135
  136  139  145  147  155  156  164  178  193  213  223  235  235  229  220  206
  203  184  173  152  136  123  111  104   99  106  121  150  183  214  238  264
  292  314  342  354  369  382  394  404  423  435  457  485  531  574  622  661
  687  713  725  737  739  717  684  631  582                                   
    20.0-180.0 180.0   5.0 450.0                            LAT/LON1/LON2/DLON/H
  668  615  565  510  473  433  385  345  297  267  236  215  195  172  159  146
  147  140  142  140  150  159  174  198  219  241  258  264  260  255  243  232
  219  202  184  166  148  131  112  102   95   99  116  149  186  220  250  280
  310  342  371  397  413  440  451  466  481  486  508  532  567  611  649  692
  718  754  766  784  793  773  760  717  668                                   
    17.5-180.0 180.0   5.0 450.0                            LAT/LON1/LON2/DLON/H
  732  703  648  603  558  521  474  430  374  333  291  262  238  215  194  177
  165  153  147  145  155  171  193  221  246  273  291  291  284  273  261  246
  229  206  191  174  154  135  112  102   92   95  114  150  193  229  263  291
  329  359  399  427  458  489  508  530  540  552  565  584  611  633  665  702
  735  765  785  801  818  817  793  765  732                                   
    15.0-180.0 180.0   5.0 450.0                            LAT/LON1/LON2/DLON/H
  774  770  724  675  633  593  551  505  455  412  370  333  296  269  244  222
  207  180  173  166  181  201  225  255  288  314  331  321  300  282  260  243
  226  204  189  171  154  132  112  101   89   98  111  154  188  232  265  304
  341  382  424  466  495  533  551  569  585  598  609  625  631  653  668  703
  731  766  783  803  822  822  805  809  774                                   
    12.5-180.0 180.0   5.0 450.0                            LAT/LON1/LON2/DLON/H
  799  813  780  745  699  662  616  573  523  483  440  411  370  335  295  277
  254  234  216  214  222  245  275  313  349  364  367  345  317  290  260  239
  221  200  183  167  147  127  109   99   91   96  111  150  189  226  266  302
  353  394  442  490  526  563  577  598  617  628  641  650  658  666  675  697
  726  755  780  796  821  832  814  827  799                                   
    10.0-180.0 180.0   5.0 450.0                            LAT/LON1/LON2/DLON/H
  808  830  807  778  746  704  660  616  574  539  500  473  438  409  366  341
  313  289  274  271  289  314  351  383  407  402  383  351  316  276  247  227
  210  193  179  162  149  124  113   98   98  103  121  153  190  225  262  306
  353  397  445  498  536  568  581  598  619  633  648  663  665  679  683  705
  721  747  765  786  809  827  813  842  808                                   
     7.5-180.0 180.0   5.0 450.0                            LAT/LON1/LON2/DLON/H
  818  836  827  810  777  737  691  646  605  575  546  522  494  464  430  410
  384  367  352  366  387  413  431  444  438  413  386  353  307  269  240  218
