data/unet/pred2290.15i
     1.0            IONOSPHERE MAPS     GNSS                IONEX VERSION / TYPE
pyspatialgeodesy        IME             05-JAN-18 20:20     PGM / RUN BY / DATE 
Map Name                                                    COMMENT             
Predicted global ionosphere maps (GIM).                     DESCRIPTION         
  2015     8    17     0     0     0                        EPOCH OF FIRST MAP  
  2015     8    18     0     0     0                        EPOCH OF LAST MAP   
  7200                                                      INTERVAL            
    13                                                      # OF MAPS IN FILE   
  NONE                                                      MAPPING FUNCTION    
10.0                                                        ELEVATION CUTOFF    
One-way carrier phase leveled to code                       OBSERVABLES USED    
  6371.0                                                    BASE RADIUS         
 2                                                          MAP DIMENSION       
   450.0 450.0   0.0                                        HGT1 / HGT2 / DHGT  
    87.5 -87.5  -2.5                                        LAT1 / LAT2 / DLAT  
  -180.0 180.0   5.0                                        LON1 / LON2 / DLON  
    -1                                                      EXPONENT            
                                                            END OF HEADER       
     1                                                      START OF TEC MAP    
  2015     8    17     0     0     0                        EPOCH OF CURRENT MAP
    87.5-180.0 180.0   5.0 450.0                            LAT/LON1/LON2/DLON/H
  142  115  113  108  109  105  108  106  109  106  109  106  108  105  106  103
  105  101  103   98  101   97   99   95   97   93   96   91   94   89   92   88
   91   86   90   85   89   85   89   85   89   85   89   85   89   85   89   85
   90   86   90   87   91   88   92   88   93   90   94   91   96   92   97   93
   98   96  100   99  105  103  109  127  142                                   
    85.0-180.0 180.0   5.0 450.0                            LAT/LON1/LON2/DLON/H
  121  111  114  112  112  106  112  109  113  109  113  108  112  107  109  104
  107  101  104   98  100   94   96   90   92   86   88   82   84   78   80   74
   77   72   75   71   74   70   74   71   74   71   74   72   75   72   75   72
   75   72   75   74   77   75   78   77   81   80   84   83   87   86   90   88
   93   91   96   94  101   94   95  104  121                                   
    82.5-180.0 180.0   5.0 450.0                            LAT/LON1/LON2/DLON/H
  117  111  116  118  116  113  116  117  119  117  119  117  119  115  116  112
  113  108  109  104  105   99   99   93   93   86   86   80   80   74   74   69
   70   65   67   64   66   63   66   64   67   64   68   65   69   66   69   66
   70   67   70   68   73   71   75   74   78   77   82   82   86   85   89   89
   93   92   97   97  101   96   95  103  117                                   
    80.0-180.0 180.0   5.0 450.0                            LAT/LON1/LON2/DLON/H
  117  115  119  123  121  123  125  128  129  129  129  130  129  128  126  125
  123  121  119  117  114  111  107  103   99   94   90   86   83   79   77   74
   72   69   70   68   69   67   69   68   70   68   70   69   72   70   72   70
   73   71   74   73   76   76   79   79   82   83   86   87   91   91   94   95
   97   98  101  103  105  103  100  106  117                                   
    77.5-180.0 180.0   5.0 450.0                            LAT/LON1/LON2/DLON/H
  119  114  119  123  123  126  128  131  133  134  134  135  134  132  131  129
  127  124  122  119  117  112  109  104   99   94   90   85   81   76   74   71
   69   67   67   67   66   66   67   68   69   69   70   71   71   71   71   72
   72   72   74   74   75   76   78   79   81   82   85   87   90   91   93   94
   96   97  100  101  104  101  100  103  119                                   
    75.0-180.0 180.0   5.0 450.0                            LAT/LON1/LON2/DLON/H
  114  109  114  120  122  125  129  132  135  137  138  138  137  135  133  130
  128  125  123  120  117  113  109  104   98   93   89   84   79   76   73   71
   70   68   69   68   68   68   70   71   71   72   73   73   73   73   74   74
   75   75   77   77   78   78   80   81   82   84   86   89   90   92   94   95
   96   98  100  102  104  102   98  103  114                                   
    72.5-180.0 180.0   5.0 450.0                            LAT/LON1/LON2/DLON/H
  113  104  110  116  118  122  127  131  134  136  138  138  136  134  131  128
  125  122  120  117  114  109  106  100   95   89   84   80   75   73   71   70
   68   67   68   68   67   69   69   71   70   72   72   74   72   74   74   75
   74   76   77   78   78   79   81   81   83   84   87   88   90   92   94   95
   95   96   99  100  103  101   97  101  113                                   
    70.0-180.0 180.0   5.0 450.0                            LAT/LON1/LON2/DLON/H
  107   99  107  112  115  120  126  130  134  137  138  138  136  133  130  126
  122  119  117  114  111  107  103   97   91   85   81   77   73   70   69   68
   67   67   68   68   67   67   68   69   69   70   71   72   71   72   73   74
   74   75   77   78   78   79   81   81   83   84   87   88   90   91   93   94
   95   95   98  100  102  101   97  102  107                                   
    67.5-180.0 180.0   5.0 450.0                            LAT/LON1/LON2/DLON/H
  108  100  107  112  114  119  125  131  134  138  139  139  136  133  128  124
  119  116  113  111  108  103   99   93   87   81   77   72   69   67   66   66
   65   64   65   65   64   64   64   65   64   65   66   68   67   69   70   71
   71   73   75   76   77   78   80   81   83   84   88   89   91   92   94   94
   95   96   99  100  104  102   98  103  108                                   
    65.0-180.0 180.0   5.0 450.0                            LAT/LON1/LON2/DLON/H
  108  104  110  114  115  120  125  130  135  138  139  138  136  132  127  122
  118  114  111  108  105  101   96   90   83   78   72   69   65   64   64   63
   62   61   61   60   59   57   58   58   58   59   61   62   62   64   65   66
   68   70   72   74   76   78   80   82   84   87   90   91   93   94   95   96
   96   97  100  102  106  106  103  106  108                                   
    62.5-180.0 180.0   5.0 450.0                            LAT/LON1/LON2/DLON/H
  114  110  115  118  118  120  125  130  134  137  139  138  136  132  126  122
  117  113  110  107  104   99   94   88   81   75   70   66   64   61   61   59
   58   55   55   52   51   49   49   49   50   50   52   54   55   56   58   59
   62   63   67   69   72   74   78   81   85   87   91   93   95   96   98   97
   99   99  103  104  109  109  107  109  114                                   
    60.0-180.0 180.0   5.0 450.0                            LAT/LON1/LON2/DLON/H
  117  117  120  122  120  120  123  127  131  134  136  137  135  132  127  123
  118  114  111  108  104  100   94   88   81   75   69   66   63   61   59   57
   55   51   49   46   44   41   42   42   43   43   46   47   48   49   50   52
   54   57   60   64   68   72   77   82   87   90   94   96   98   98   99   99
  100  101  104  107  111  114  112  112  117                                   
    57.5-180.0 180.0   5.0 450.0                            LAT/LON1/LON2/DLON/H
  126  127  128  128  123  120  122  124  128  132  134  136  136  133  130  126
  122  118  115  112  108  103   97   90   84   78   73   69   66   63   61   57
   54   48   46   41   40   37   38   38   40   40   42   42   43   43   45   46
   49   51   56   59   65   70   77   83   89   93   98  100  101  102  102  102
  103  104  108  111  116  118  117  114  126                                   
    55.0-180.0 180.0   5.0 450.0                            LAT/LON1/LON2/DLON/H
  128  133  133  132  124  120  119  120  123  126  130  133  134  133  131  128
  125  121  118  115  110  105   99   93   86   81   76   73   69   65   61   56
   52   46   45   40   39   38   39   40   41   42   43   43   42   41   42   43
   46   49   53   58   65   72   79   86   94   99  103  105  106  105  105  105
  106  108  112  115  120  123  121  119  128                                   
    52.5-180.0 180.0   5.0 450.0                            LAT/LON1/LON2/DLON/H
  137  138  139  136  128  122  120  120  122  125  128  132  134  135  133  132
  128  126  122  119  115  110  104   98   93   88   84   80   76   71   65   60
   55   50   48   45   45   45   47   48   49   50   49   48   46   45   45   46
   48   51   55   60   67   75   84   92   99  105  109  111  111  111  110  110
  111  113  117  120  125  127  126  122  137                                   
    50.0-180.0 180.0   5.0 450.0                            LAT/LON1/LON2/DLON/H
  137  141  142  140  132  124  121  120  121  123  125  129  132  134  133  132
  129  127  124  122  118  114  108  103   98   94   90   86   80   74   67   60
   56   51   52   50   54   54   56   57   59   59   57   55   53   51   50   51
   53   55   59   63   72   81   91   99  108  113  118  118  119  117  116  116
  117  119  123  125  129  132  130  126  137                                   
    47.5-180.0 180.0   5.0 450.0                            LAT/LON1/LON2/DLON/H
  144  145  147  146  138  131  128  126  125  127  127  130  132  134  133  133
  130  130  127  126  123  120  114  110  105  102   98   94   87   80   71   65
   61   58   60   61   64   66   69   71   72   71   69   66   64   61   60   60
   61   63   65   71   79   88   99  108  116  122  125  127  126  125  124  125
  126  128  131  133  136  137  135  131  144                                   
    45.0-180.0 180.0   5.0 450.0                            LAT/LON1/LON2/DLON/H
  144  148  151  150  143  137  135  132  131  129  129  130  131  132  132  131
  130  129  129  129  127  124  119  115  111  108  104   99   91   83   75   68
   66   65   68   71   75   78   82   83   84   83   80   76   74   70   69   67
   68   67   71   74   84   93  106  115  126  130  135  135  136  134  135  134
  137  137  141  141  144  144  141  138  144                                   
    42.5-180.0 180.0   5.0 450.0                            LAT/LON1/LON2/DLON/H
  153  153  157  157  150  146  143  142  139  138  135  135  134  135  133  133
  130  131  131  133  132  131  125  122  117  114  110  105   96   88   79   74
   72   74   77   80   85   88   91   92   93   92   88   84   82   78   76   74
   75   74   76   79   89  100  113  123  133  139  143  143  143  143  143  145
  147  148  151  151  152  150  149  146  153                                   
    40.0-180.0 180.0   5.0 450.0                            LAT/LON1/LON2/DLON/H
  157  162  165  163  158  153  152  149  148  144  141  138  138  136  135  132
  131  131  133  134  135  134  129  125  120  117  113  107  100   91   83   80
   80   82   86   89   94   96   98   99  100   98   95   91   88   84   82   79
   80   78   79   81   92  103  118  129  140  145  150  150  152  151  154  154
  159  159  162  161  162  160  158  156  157                                   
    37.5-180.0 180.0   5.0 450.0                            LAT/LON1/LON2/DLON/H
  172  174  177  174  166  162  160  159  155  153  147  145  142  142  138  138
  135  136  137  141  141  141  135  131  124  122  116  112  104   97   90   88
   88   91   94   96   99  100  102  102  103  101   98   94   91   86   85   82
   82   80   81   84   96  108  123  134  144  150  154  155  156  158  161  163
  167  169  172  173  173  171  171  170  172                                   
    35.0-180.0 180.0   5.0 450.0                            LAT/LON1/LON2/DLON/H
  186  190  191  184  176  170  169  165  163  158  154  149  147  144  143  140
  139  138  141  144  147  145  141  134  127  123  119  114  107  100   96   94
   95   97  100  100  102  101  104  103  105  102  102   97   95   90   87   83
   82   79   80   82   95  108  125  136  147  151  156  157  162  163  169  171
  177  177  183  183  186  185  187  187  186                                   
    32.5-180.0 180.0   5.0 450.0                            LAT/LON1/LON2/DLON/H
  208  207  207  200  189  182  176  173  168  165  160  158  153  153  149  149
  144  146  147  152  153  153  146  140  131  128  122  118  111  106  101  101
  101  103  103  102  101  100  101  101  103  102  101   97   94   88   85   81
   79   75   75   79   92  106  123  137  148  153  157  158  163  166  173  176
  181  184  189  193  199  201  205  209  208                                   
    30.0-180.0 180.0   5.0 450.0                            LAT/LON1/LON2/DLON/H
  231  227  229  219  209  197  190  183  180  174  171  166  164  161  158  155
  153  152  153  155  158  156  150  142  134  129  124  119  114  109  105  104
  104  104  103  100   99   97   99   98  101   99  101   96   94   87   84   78
   76   71   71   73   87  102  120  134  146  151  155  158  164  168  177  180
  188  191  200  206  214  219  223  234  231                                   
    27.5-180.0 180.0   5.0 450.0                            LAT/LON1/LON2/DLON/H
  258  249  252  244  232  218  207  198  192  187  181  178  173  172  167  167
  161  161  158  161  160  159  152  146  136  132  126  123  116  112  108  107
  105  103  100   97   95   94   93   94   95   95   94   90   88   81   78   72
   70   66   65   67   80   95  113  129  142  149  153  158  165  173  182  189
  196  202  212  221  232  239  243  256  258                                   
    25.0-180.0 180.0   5.0 450.0                            LAT/LON1/LON2/DLON/H
  283  277  278  268  260  241  229  214  209  200  197  190  187  183  179  175
  169  165  163  162  162  158  152  144  137  131  126  121  116  111  107  104
  102   98   96   92   90   88   89   87   90   88   90   84   83   75   73   66
   65   59   59   59   74   88  106  122  137  145  152  158  168  178  190  199
  208  216  229  238  251  260  266  281  283                                   
    22.5-180.0 180.0   5.0 450.0                            LAT/LON1/LON2/DLON/H
  308  301  302  293  283  266  250  234  225  217  211  205  198  195  187  184
  174  172  166  166  161  159  150  144  135  131  125  121  114  111  105  102
   97   95   91   89   85   84   82   82   81   81   79   76   73   67   64   59
   56   52   51   52   64   77   98  116  133  144  153  162  174  187  201  212
  224  234  248  259  271  280  288  300  308                                   
    20.0-180.0 180.0   5.0 450.0                            LAT/LON1/LON2/DLON/H
  329  328  329  318  311  292  278  259  251  239  232  221  216  208  201  193
  183  176  169  166  162  158  150  142  134  128  123  118  113  108  103   98
   95   91   89   85   84   81   81   76   77   73   74   68   69   60   63   54
   55   48   48   46   57   69   90  110  133  146  158  170  184  200  215  229
  242  256  269  279  290  299  307  320  329                                   
    17.5-180.0 180.0   5.0 450.0                            LAT/LON1/LON2/DLON/H
  350  349  350  343  333  318  303  286  276  263  255  242  234  224  213  205
  190  183  172  170  163  159  147  140  130  125  120  117  112  109  103  101
   96   94   90   89   86   84   80   77   73   70   66   64   60   58   56   54
   50   46   43   42   48   59   79  103  131  150  165  180  198  215  233  249
  265  278  291  300  309  315  322  333  350                                   
    15.0-180.0 180.0   5.0 450.0                            LAT/LON1/LON2/DLON/H
  365  371  371  364  359  344  331  312  303  290  281  265  256  241  230  216
  201  189  179  173  167  160  150  140  130  123  119  116  114  112  108  104
  102   99   98   95   94   89   86   78   75   68   66   59   59   52   54   48
   50   42   41   37   45   52   77   99  132  155  175  193  213  233  251  270
  286  302  314  323  328  336  341  352  365                                   
    12.5-180.0 180.0   5.0 450.0                            LAT/LON1/LON2/DLON/H
  379  385  387  384  378  367  353  339  329  317  306  290  280  264  251  233
  216  203  188  181  172  166  152  142  128  123  119  120  119  120  116  115
  112  111  109  108  106  102   96   89   81   75   69   65   58   55   52   50
   47   42   40   36   41   50   72   98  132  157  183  204  228  248  270  289
  308  323  337  345  349  354  358  368  379                                   
    10.0-180.0 180.0   5.0 450.0                            LAT/LON1/LON2/DLON/H
  390  402  404  404  401  391  379  367  359  347  335  320  309  292  277  256
  239  219  203  193  183  173  159  146  133  126  124  126  128  128  128  126
  126  124  124  122  121  115  110  101   94   84   80   70   66   57   56   48
   49   43   44   40   46   52   75   98  135  162  190  215  239  262  286  308
  326  342  359  369  372  377  381  387  390                                   
     7.5-180.0 180.0   5.0 450.0                            LAT/LON1/LON2/DLON/H
  398  410  414  417  415  409  398  390  381  372  360  350  340  324  309  285
  267  244  224  208  193  181  164  150  135  131  131  136  139  142  141  141
