data/unet/pred3110.15i
     1.0            IONOSPHERE MAPS     GNSS                IONEX VERSION / TYPE
pyspatialgeodesy        IME             05-JAN-18 20:20     PGM / RUN BY / DATE 
Map Name                                                    COMMENT             
Predicted global ionosphere maps (GIM).                     DESCRIPTION         
  2015    11     7     0     0     0                        EPOCH OF FIRST MAP  
  2015    11     8     0     0     0                        EPOCH OF LAST MAP   
  7200                                                      INTERVAL            
    13                                                      # OF MAPS IN FILE   
  NONE                                                      MAPPING FUNCTION    
10.0                                                        ELEVATION CUTOFF    
One-way carrier phase leveled to code                       OBSERVABLES USED    
  6371.0                                                    BASE RADIUS         
 2                                                          MAP DIMENSION       
   450.0 450.0   0.0                                        HGT1 / HGT2 / DHGT  
    87.5 -87.5  -2.5                                        LAT1 / LAT2 / DLAT  
  -180.0 180.0   5.0                                        LON1 / LON2 / DLON  
    -1                                                      EXPONENT            
                                                            END OF HEADER       
[from data line 5148]
    13                                                      START OF TEC MAP    
  2015    11     8     0     0     0                        EPOCH OF CURRENT MAP
    87.5-180.0 180.0   5.0 450.0                            LAT/LON1/LON2/DLON/H
  108   78   69   65   65   62   64   62   64   61   62   59   61   58   59   55
   58   53   56   51   55   50   54   49   54   49   54   50   55   51   55   52
   56   53   57   54   57   55   58   56   59   57   60   58   61   59   62   60
   64   62   65   63   66   64   66   64   67   65   67   65   68   66   67   66
   68   67   69   69   75   72   83   96  108                                   
    85.0-180.0 180.0   5.0 450.0                            LAT/LON1/LON2/DLON/H
   89   55   50   45   42   39   39   37   37   34   34   30   31   27   26   22
   23   18   20   16   18   15   17   14   16   14   17   16   18   17   21   19
   22   21   24   23   26   25   29   28   32   30   34   33   37   36   40   39
   43   42   45   44   48   46   48   47   48   48   48   47   49   49   49   49
   51   51   54   53   59   50   55   84   89                                   
    82.5-180.0 180.0   5.0 450.0                            LAT/LON1/LON2/DLON/H
   82   58   56   55   51   47   48   45   46   41   43   39   40   35   36   32
   33   28   30   26   27   22   23   20   20   17   18   17   16   15   16   16
   16   16   18   18   20   20   23   23   26   26   30   31   35   35   40   40
   44   43   48   46   51   49   53   50   55   52   56   54   59   57   61   59
   64   62   67   64   70   61   67   87   82                                   
    80.0-180.0 180.0   5.0 450.0                            LAT/LON1/LON2/DLON/H
   87   75   72   73   66   64   62   60   59   56   55   53   53   51   50   49
   47   46   44   43   39   37   34   32   28   26   25   23   21   20   20   20
   20   21   22   24   25   27   29   31   33   35   38   40   43   45   48   50
   53   53   56   56   59   58   60   59   61   61   63   64   67   68   71   73
   77   78   82   81   84   76   79   94   87                                   
    77.5-180.0 180.0   5.0 450.0                            LAT/LON1/LON2/DLON/H
   97   84   82   81   74   70   68   64   62   59   58   57   56   56   54   55
   52   52   50   49   45   42   39   37   33   31   30   28   26   24   25   24
   25   25   27   28   29   30   32   33   35   36   39   41   44   45   48   49
   52   52   55   54   56   54   55   54   56   55   57   58   63   64   69   72
   78   81   86   88   91   87   89   99   97                                   
    75.0-180.0 180.0   5.0 450.0                            LAT/LON1/LON2/DLON/H
  101   93   91   90   83   78   74   70   66   63   60   59   57   56   55   54
   53   53   51   51   47   46   43   40   36   35   33   31   29   29   29   30
   30   32   33   35   34   35   36   37   37   39   41   43   44   46   48   50
   51   51   52   52   51   50   49   48   48   48   49   51   56   60   65   70
   76   82   89   93   97   96  101  110  101                                   
    72.5-180.0 180.0   5.0 450.0                            LAT/LON1/LON2/DLON/H
  112  100  101   99   91   85   81   76   73   68   65   62   60   58   56   55
   54   53   53   52   50   49   46   43   40   37   37   34   33   32   34   34
   34   34   36   36   36   34   35   34   34   34   36   37   39   40   42   43
   43   43   44   42   41   39   39   37   38   37   41   43   50   54   62   66
   75   80   90   95  103  105  111  120  112                                   
    70.0-180.0 180.0   5.0 450.0                            LAT/LON1/LON2/DLON/H
  115  110  110  108  100   95   90   86   82   78   73   69   65   61   57   54
   53   51   51   50   50   48   46   43   40   38   37   36   34   35   36   37
   37   37   37   36   35   33   33   31   31   30   32   32   34   34   36   36
   37   36   36   34   32   29   30   28   30   32   37   42   49   55   63   68
   76   82   92   99  108  112  122  130  115                                   
    67.5-180.0 180.0   5.0 450.0                            LAT/LON1/LON2/DLON/H
  124  114  116  112  104   98   95   91   88   84   79   74   69   63   57   53
   50   50   49   50   49   48   46   43   41   38   38   37   37   37   39   38
   38   36   37   34   32   29   29   26   26   25   27   28   28   29   31   31
   31   30   29   26   25   23   24   24   28   32   39   45   54   60   68   73
   80   86   95  102  112  118  129  138  124                                   
    65.0-180.0 180.0   5.0 450.0                            LAT/LON1/LON2/DLON/H
  127  123  121  116  106  100   97   94   92   89   84   79   72   65   57   52
   49   47   47   47   47   45   44   41   39   37   37   37   37   38   38   39
   36   35   33   31   28   25   25   22   23   22   24   25   26   27   28   27
   27   25   24   21   20   18   20   22   28   35   45   54   65   72   80   85
   91   95  102  108  116  123  136  145  127                                   
    62.5-180.0 180.0   5.0 450.0                            LAT/LON1/LON2/DLON/H
  135  127  125  119  107   99   96   94   93   91   87   82   74   66   57   51
   48   47   46   47   46   45   43   41   38   37   37   37   38   38   39   37
   35   32   30   27   24   22   21   21   21   22   24   26   26   27   27   27
   25   23   22   20   19   18   21   24   33   42   55   66   78   87   95   99
  104  107  112  117  124  130  141  152  135                                   
    60.0-180.0 180.0   5.0 450.0                            LAT/LON1/LON2/DLON/H
  137  137  131  122  109  100   96   94   94   93   89   85   77   69   60   53
   49   47   46   45   45   43   40   37   35   34   34   35   35   36   35   34
   30   28   24   22   19   18   19   20   22   24   27   29   30   30   30   27
   26   23   22   19   19   18   23   28   40   51   67   79   94  104  112  118
  122  124  127  130  134  138  150  159  137                                   
    57.5-180.0 180.0   5.0 450.0                            LAT/LON1/LON2/DLON/H
  153  150  144  134  117  106  101   98   98   97   94   90   83   76   67   60
   55   52   50   48   46   43   40   36   34   33   34   35   35   35   34   33
   29   27   24   23   20   22   22   26   28   32   35   38   38   38   35   32
   29   27   26   24   24   24   29   35   47   60   76   91  107  118  128  134
  139  143  144  147  150  153  161  170  153                                   
    55.0-180.0 180.0   5.0 450.0                            LAT/LON1/LON2/DLON/H
  167  171  164  149  129  117  110  105  104  102  100   97   91   85   78   70
   65   60   56   50   47   41   37   32   31   30   32   33   34   34   34   32
   29   27   26   25   25   27   30   33   37   41   44   46   47   44   41   37
   34   32   30   29   30   31   35   41   55   68   86  101  118  130  141  149
  157  162  166  168  171  173  180  187  167                                   
    52.5-180.0 180.0   5.0 450.0                            LAT/LON1/LON2/DLON/H
  199  198  190  175  152  139  128  120  116  113  110  107  102   99   93   87
   80   73   64   57   50   43   38   34   31   31   33   35   35   37   36   35
   33   34   33   35   35   39   40   44   46   50   52   55   55   53   48   44
   42   40   40   39   41   41   44   51   62   75   92  107  124  137  151  161
  172  180  186  192  195  197  201  211  199                                   
    50.0-180.0 180.0   5.0 450.0                            LAT/LON1/LON2/DLON/H
  229  227  223  203  182  167  152  140  133  127  122  118  116  113  110  103
   96   84   74   62   54   45   40   34   34   33   35   37   39   39   40   39
   39   40   43   46   49   52   53   55   57   59   62   64   64   60   56   52
   51   51   52   52   55   55   59   62   73   84  100  114  131  144  159  171
  185  196  206  214  220  222  222  233  229                                   
    47.5-180.0 180.0   5.0 450.0                            LAT/LON1/LON2/DLON/H
  262  254  252  237  217  203  185  172  159  149  140  135  132  131  128  122
  113  100   86   73   62   53   47   43   41   42   43   46   46   47   47   49
   49   53   57   63   64   67   66   67   66   68   70   73   71   69   65   62
   62   61   64   65   68   68   70   72   81   91  105  118  135  148  164  178
  194  209  223  234  239  240  237  248  262                                   
    45.0-180.0 180.0   5.0 450.0                            LAT/LON1/LON2/DLON/H
  283  285  283  269  254  238  218  199  183  169  157  149  145  144  142  134
  126  110   95   79   70   61   56   53   52   51   53   54   54   55   56   57
   59   63   70   75   78   78   77   75   76   76   79   80   80   77   75   71
   73   72   75   76   81   81   83   85   94  102  115  126  142  153  169  182
  199  215  232  243  249  251  247  255  283                                   
    42.5-180.0 180.0   5.0 450.0                            LAT/LON1/LON2/DLON/H
  297  296  296  290  277  266  247  227  208  191  177  166  158  157  153  147
  136  124  106   93   82   77   72   71   67   68   66   67   65   67   66   68
   69   75   80   86   86   87   84   83   82   84   86   88   87   86   84   80
   80   78   81   82   87   86   89   92  102  110  122  133  147  159  172  186
  201  219  236  247  251  251  248  254  297                                   
    40.0-180.0 180.0   5.0 450.0                            LAT/LON1/LON2/DLON/H
  301  303  307  302  296  287  272  251  232  209  194  181  173  170  166  157
  147  131  118  104   97   92   88   85   82   79   77   74   73   73   73   73
   76   80   86   89   91   90   88   85   87   89   93   95   97   95   94   89
   89   86   89   90   96   98  103  108  118  126  138  147  162  170  184  195
  211  224  239  247  249  249  248  250  301                                   
    37.5-180.0 180.0   5.0 450.0                            LAT/LON1/LON2/DLON/H
  301  299  306  307  305  301  288  271  248  227  208  197  186  184  175  168
  155  145  131  124  115  113  107  104   96   93   86   85   81   83   80   82
   82   86   89   92   91   91   87   87   89   94   98  101  103  103  100   96
   94   92   94   96  102  105  112  119  130  141  152  162  176  187  198  211
  222  234  242  247  247  248  247  248  301                                   
    35.0-180.0 180.0   5.0 450.0                            LAT/LON1/LON2/DLON/H
  300  302  309  308  310  309  301  285  266  242  225  210  203  196  190  178
  168  155  147  138  134  127  121  112  104   97   92   88   88   87   87   86
   88   89   92   91   90   88   87   87   93   97  104  106  109  108  105  101
   99   96   98   98  105  110  120  127  141  151  166  176  192  203  217  228
  237  244  250  253  252  255  256  257  300                                   
    32.5-180.0 180.0   5.0 450.0                            LAT/LON1/LON2/DLON/H
  307  305  312  310  311  314  309  296  277  258  239  228  217  212  200  192
  178  172  163  158  150  144  130  121  108  104   97   97   95   98   95   97
   94   95   92   91   87   87   86   90   96  102  108  111  112  111  107  104
  100   98   96   97  103  110  120  132  146  159  174  188  206  221  238  249
  257  262  265  267  270  275  277  279  307                                   
    30.0-180.0 180.0   5.0 450.0                            LAT/LON1/LON2/DLON/H
  322  328  331  325  325  327  324  313  296  275  259  245  238  226  217  204
  196  187  181  172  164  149  135  119  110  103  102  102  105  107  107  105
  103  100   98   94   93   91   94   97  105  109  114  115  116  114  112  109
  106  101   99   97  103  109  122  134  151  165  182  195  217  233  252  264
  275  278  283  287  297  307  320  320  322                                   
    27.5-180.0 180.0   5.0 450.0                            LAT/LON1/LON2/DLON/H
  357  369  371  358  355  352  347  334  317  297  281  267  257  246  232  221
  209  205  196  188  173  158  138  125  114  114  112  119  120  125  121  120
  114  113  106  106  103  105  106  111  116  118  119  118  116  114  111  110
  106  103   98   95   99  106  120  136  152  170  186  200  220  239  260  275
  288  294  301  309  328  348  371  366  357                                   
    25.0-180.0 180.0   5.0 450.0                            LAT/LON1/LON2/DLON/H
  406  430  432  418  410  405  392  372  350  326  309  290  281  263  252  235
  228  217  211  195  181  158  142  128  127  127  133  137  144  145  142  136
  133  128  126  122  126  124  129  128  133  128  127  122  121  117  116  113
  110  106   99   96  101  108  122  137  154  171  188  201  223  242  264  281
  298  306  319  330  365  397  430  430  406                                   
    22.5-180.0 180.0   5.0 450.0                            LAT/LON1/LON2/DLON/H
  459  493  500  491  483  473  453  424  392  364  342  322  306  287  270  255
  243  232  218  203  184  167  152  149  151  162  167  176  177  180  171  168
  160  159  153  152  153  153  152  151  146  140  132  128  123  119  117  115
  112  108  100   97  102  110  124  140  156  173  192  208  228  249  269  289
  308  322  340  362  404  449  489  493  459                                   
    20.0-180.0 180.0   5.0 450.0                            LAT/LON1/LON2/DLON/H
  511  557  566  563  567  562  537  499  455  417  384  359  339  314  297  275
  263  242  229  206  192  177  173  177  190  204  214  221  223  218  208  199
  192  186  183  180  185  183  183  174  166  151  143  134  131  124  123  119
  115  110  101   99  103  112  127  143  160  180  200  219  239  259  278  299
  322  342  369  398  446  496  544  553  511                                   
    17.5-180.0 180.0   5.0 450.0                            LAT/LON1/LON2/DLON/H
  552  597  612  615  626  625  604  566  517  470  430  402  377  351  327  304
  283  259  237  216  204  201  206  224  241  263  273  281  276  268  251  240
  229  224  217  215  216  216  210  200  184  169  155  146  137  131  125  122
  116  110  103   99  102  111  128  148  170  191  213  233  254  272  290  311
  338  365  400  428  477  524  578  582  552                                   
    15.0-180.0 180.0   5.0 450.0                            LAT/LON1/LON2/DLON/H
  573  626  635  643  663  667  655  623  579  529  482  447  420  393  366  336
  310  279  258  235  233  236  257  284  313  332  340  339  330  315  297  283
  270  261  250  245  245  241  232  217  199  182  168  156  150  139  133  124
  117  110  101   98  101  109  129  152  181  204  228  247  270  287  306  328
  359  389  422  450  491  533  585  588  573                                   
    12.5-180.0 180.0   5.0 450.0                            LAT/LON1/LON2/DLON/H
  575  619  640  650  672  678  674  648  614  571  530  494  465  438  411  383
  347  317  292  279  280  299  328  364  389  405  399  391  371  354  335  322
  305  294  279  271  263  258  244  230  209  194  178  167  157  147  136  125
  117  107   99   94   96  106  128  156  188  213  237  256  279  298  318  340
  372  401  430  452  486  517  558  557  575                                   
    10.0-180.0 180.0   5.0 450.0                            LAT/LON1/LON2/DLON/H
  555  597  618  633  660  667  671  652  634  605  573  543  515  489  462  435
  401  371  349  339  353  378  412  442  461  463  446  425  400  382  367  351
  333  315  298  283  271  261  247  229  210  195  181  169  161  148  137  123
  115  104   94   89   91  102  127  153  188  212  237  257  283  303  329  351
  380  404  430  447  473  489  519  517  555                                   
     7.5-180.0 180.0   5.0 450.0                            LAT/LON1/LON2/DLON/H
  521  543  572  593  620  638  646  642  634  621  603  584  565  541  517  491
  461  439  416  416  428  458  482  506  507  499  470  447  418  406  388  373
