data/unet/pred2160.15i
     1.0            IONOSPHERE MAPS     GNSS                IONEX VERSION / TYPE
pyspatialgeodesy        IME             05-JAN-18 20:20     PGM / RUN BY / DATE 
Map Name                                                    COMMENT             
Predicted global ionosphere maps (GIM).                     DESCRIPTION         
  2015     8     4     0     0     0                        EPOCH OF FIRST MAP  
  2015     8     5     0     0     0                        EPOCH OF LAST MAP   
  7200                                                      INTERVAL            
    13                                                      # OF MAPS IN FILE   
  NONE                                                      MAPPING FUNCTION    
10.0                                                        ELEVATION CUTOFF    
One-way carrier phase leveled to code                       OBSERVABLES USED    
  6371.0                                                    BASE RADIUS         
 2                                                          MAP DIMENSION       
   450.0 450.0   0.0                                        HGT1 / HGT2 / DHGT  
    87.5 -87.5  -2.5                                        LAT1 / LAT2 / DLAT  
  -180.0 180.0   5.0                                        LON1 / LON2 / DLON  
    -1                                                      EXPONENT            
                                                            END OF HEADER       
[from data line 429]
     2                                                      START OF TEC MAP    
  2015     8     4     2     0     0                        EPOCH OF CURRENT MAP
    87.5-180.0 180.0   5.0 450.0                            LAT/LON1/LON2/DLON/H
  146  145  143  139  141  136  139  136  140  137  140  137  141  138  140  138
  141  138  140  137  139  136  138  134  137  133  136  131  135  130  134  129
  134  131  135  132  136  134  138  135  139  138  141  139  142  141  144  142
  146  144  146  144  146  145  145  144  145  144  143  142  144  143  143  142
  145  144  145  146  151  148  150  162  146                                   
    85.0-180.0 180.0   5.0 450.0                            LAT/LON1/LON2/DLON/H
  145  157  144  146  146  143  145  143  145  143  145  143  146  144  145  143
  144  142  143  140  141  138  138  136  135  133  133  130  130  128  128  126
  128  125  128  126  128  127  129  128  130  131  132  134  135  137  138  140
  141  143  143  144  144  145  145  145  146  146  145  145  147  147  147  147
  149  148  150  150  153  150  156  155  145                                   
    82.5-180.0 180.0   5.0 450.0                            LAT/LON1/LON2/DLON/H
  146  153  153  155  150  148  150  149  151  150  152  151  153  153  153  152
  152  150  150  147  146  142  142  136  136  130  131  125  126  120  123  117
  120  116  120  117  121  119  123  121  126  124  129  128  133  132  138  136
  143  141  146  145  149  148  151  150  153  152  154  154  157  156  157  156
  159  158  160  161  165  160  165  158  146                                   
    80.0-180.0 180.0   5.0 450.0                            LAT/LON1/LON2/DLON/H
  153  156  160  158  160  155  159  157  160  157  161  158  161  157  159  155
  157  152  153  147  148  140  140  132  132  124  124  117  117  112  114  110
  113  110  114  112  116  115  120  119  124  125  130  131  136  136  142  142
  147  146  151  150  155  153  157  155  159  158  161  160  164  162  165  162
  167  163  167  164  169  163  167  160  153                                   
    77.5-180.0 180.0   5.0 450.0                            LAT/LON1/LON2/DLON/H
  161  163  164  164  163  161  165  164  166  164  166  165  165  163  163  161
  160  158  156  153  150  146  142  137  131  127  122  119  116  115  113  113
  113  114  115  117  118  121  121  125  126  129  132  136  139  143  146  149
  152  154  157  158  161  161  163  164  166  166  168  167  170  169  170  170
  172  170  171  171  171  170  171  159  161                                   
    75.0-180.0 180.0   5.0 450.0                            LAT/LON1/LON2/DLON/H
  162  161  164  164  166  162  168  165  168  165  168  164  165  161  162  158
  159  155  156  150  149  143  140  132  128  121  119  114  114  111  114  112
  115  115  119  119  122  122  126  126  129  131  136  138  143  145  151  151
  157  156  161  160  164  163  166  165  168  167  169  168  171  169  171  171
  173  171  173  170  171  167  172  164  162                                   
    72.5-180.0 180.0   5.0 450.0                            LAT/LON1/LON2/DLON/H
  162  161  163  165  164  164  167  167  167  166  166  164  160  159  156  156
  153  153  150  149  144  141  134  130  122  119  114  113  110  112  112  116
  116  120  120  123  122  125  124  126  127  130  134  137  143  146  151  154
  158  160  162  163  165  165  166  166  168  167  168  168  170  169  169  169
  170  170  170  169  168  168  172  164  162                                   
    70.0-180.0 180.0   5.0 450.0                            LAT/LON1/LON2/DLON/H
  160  158  162  165  167  166  170  169  171  169  168  164  162  158  157  153
  153  150  150  146  143  137  133  125  119  113  111  107  108  108  112  113
  118  118  122  120  121  119  119  118  120  123  128  133  140  144  151  154
  159  159  163  163  166  164  167  166  168  168  168  168  170  169  168  169
  170  169  170  169  168  166  173  168  160                                   
    67.5-180.0 180.0   5.0 450.0                            LAT/LON1/LON2/DLON/H
  159  159  162  166  165  167  170  172  172  171  169  166  161  159  153  152
  148  148  144  144  138  135  126  122  114  111  105  106  104  108  110  116
  117  120  119  118  114  112  108  107  108  111  118  123  132  137  145  149
  154  156  159  159  161  161  163  164  166  167  168  168  169  169  168  168
  169  169  170  171  169  169  173  167  159                                   
    65.0-180.0 180.0   5.0 450.0                            LAT/LON1/LON2/DLON/H
  159  158  162  166  168  169  173  173  175  173  171  167  163  159  156  151
  149  146  145  141  138  131  126  118  112  105  102   99  101  102  107  109
  113  112  112  106  103   96   94   91   95   99  107  115  123  131  138  144
  149  151  154  155  157  158  160  162  164  166  166  168  169  168  168  168
  169  170  172  172  172  170  176  171  159                                   
    62.5-180.0 180.0   5.0 450.0                            LAT/LON1/LON2/DLON/H
  161  162  164  167  165  167  170  172  173  173  171  169  165  162  156  154
  148  147  142  141  135  132  123  119  109  106   99  100   97  102  103  108
  107  108  103   98   91   85   81   80   83   88   96  106  116  125  132  139
  144  147  149  151  154  157  160  163  166  169  169  171  171  171  169  169
  170  171  173  175  175  177  179  172  161                                   
    60.0-180.0 180.0   5.0 450.0                            LAT/LON1/LON2/DLON/H
  166  165  167  169  167  167  170  170  171  171  170  169  167  163  160  156
  154  149  147  141  138  131  127  118  113  104  101   97   98   98  101  101
  102   98   93   86   80   73   71   71   75   82   90  101  112  122  129  136
  140  143  144  147  151  155  160  165  170  172  173  175  175  173  172  171
  173  174  179  179  181  180  185  179  166                                   
    57.5-180.0 180.0   5.0 450.0                            LAT/LON1/LON2/DLON/H
  173  173  174  172  167  165  165  165  166  166  167  168  167  166  164  161
  157  154  150  147  142  138  130  125  116  112  104  102   98  100   98   99
   95   92   84   78   72   68   66   68   72   81   88  101  110  122  128  136
  140  145  146  150  153  160  165  172  176  180  181  182  181  180  177  176
  177  178  183  185  187  191  191  182  173                                   
    55.0-180.0 180.0   5.0 450.0                            LAT/LON1/LON2/DLON/H
  181  181  180  178  171  167  164  162  161  161  163  164  166  166  167  164
  162  158  155  151  148  142  138  131  126  118  114  107  106  102  101   97
   93   87   80   75   70   69   68   72   77   86   92  104  113  125  131  139
  144  148  151  155  160  166  174  180  187  189  191  191  190  186  184  180
  181  183  189  191  194  195  200  193  181                                   
    52.5-180.0 180.0   5.0 450.0                            LAT/LON1/LON2/DLON/H
  192  193  192  187  178  170  166  160  158  157  160  162  166  168  169  169
  166  164  161  159  154  152  146  142  135  131  123  119  112  110  103  100
   93   87   80   77   74   75   76   81   85   93   98  110  117  129  134  144
  148  155  157  165  170  178  184  191  196  199  200  199  197  192  188  184
  185  186  193  196  200  207  209  201  192                                   
    50.0-180.0 180.0   5.0 450.0                            LAT/LON1/LON2/DLON/H
  204  204  205  200  190  182  173  167  161  160  160  163  166  170  171  172
  171  168  166  163  160  157  153  150  146  141  135  129  123  116  111  104
   98   91   86   84   83   87   89   94   97  103  107  116  123  133  140  150
  157  164  170  176  183  189  196  201  207  208  209  206  205  198  195  191
  192  194  200  203  208  210  219  214  204                                   
    47.5-180.0 180.0   5.0 450.0                            LAT/LON1/LON2/DLON/H
  219  221  221  214  205  194  187  177  172  166  168  167  171  173  176  176
  175  173  172  169  166  163  161  158  155  151  146  140  134  127  120  114
  106   99   95   94   95   99  102  106  107  112  113  122  127  137  144  157
  164  176  181  190  194  200  205  209  213  214  214  210  208  200  197  193
  196  198  205  209  213  221  226  224  219                                   
    45.0-180.0 180.0   5.0 450.0                            LAT/LON1/LON2/DLON/H
  229  231  234  229  221  212  202  192  183  178  176  176  176  179  179  181
  180  180  176  174  170  167  164  162  160  157  154  148  143  135  130  122
  116  109  106  105  108  112  115  118  118  120  121  126  131  140  151  162
  176  185  195  201  207  210  215  217  221  219  219  214  212  205  202  201
  204  208  215  218  223  225  235  238  229                                   
    42.5-180.0 180.0   5.0 450.0                            LAT/LON1/LON2/DLON/H
  241  243  244  241  235  225  218  208  203  195  194  188  189  186  187  187
  188  186  185  180  176  170  168  164  163  160  158  154  149  143  139  132
  127  121  117  116  118  122  123  125  123  126  124  130  134  144  154  170
  182  195  204  213  217  221  223  224  225  223  222  217  216  208  208  206
  213  217  224  228  231  237  245  251  241                                   
    40.0-180.0 180.0   5.0 450.0                            LAT/LON1/LON2/DLON/H
  253  252  256  253  248  240  232  224  217  211  206  203  200  197  195  195
  195  194  191  187  180  173  168  164  164  160  161  155  153  147  146  141
  137  131  127  126  128  129  130  130  129  129  129  133  137  146  158  173
  188  199  210  217  225  227  231  230  232  228  227  223  222  217  217  220
  226  233  240  244  248  248  258  266  253                                   
    37.5-180.0 180.0   5.0 450.0                            LAT/LON1/LON2/DLON/H
  270  269  269  268  264  254  250  240  238  230  229  221  219  213  211  207
  208  203  200  192  185  174  168  164  163  162  163  159  157  153  152  149
  144  139  133  132  131  133  132  133  131  132  133  137  140  148  158  174
  188  201  211  221  229  234  236  236  238  236  236  233  234  230  232  235
  244  251  260  266  269  271  276  285  270                                   
    35.0-180.0 180.0   5.0 450.0                            LAT/LON1/LON2/DLON/H
  292  291  289  285  280  270  264  257  252  247  243  238  234  227  223  218
  215  210  204  196  186  175  168  163  163  162  165  160  160  155  157  153
  151  144  139  136  136  135  135  134  134  136  139  141  142  147  156  169
  184  196  209  218  228  235  242  243  246  245  248  248  250  249  250  255
  262  274  284  293  299  300  305  309  292                                   
    32.5-180.0 180.0   5.0 450.0                            LAT/LON1/LON2/DLON/H
  319  317  314  309  302  290  284  275  273  265  264  256  255  246  242  231
  227  215  208  195  187  174  169  166  168  169  171  167  165  161  160  158
  153  148  140  139  136  137  134  137  137  141  143  145  144  147  151  163
  175  189  201  214  225  235  243  249  255  258  262  265  269  270  274  278
  289  298  314  327  335  337  336  338  319                                   
    30.0-180.0 180.0   5.0 450.0                            LAT/LON1/LON2/DLON/H
  347  346  346  339  331  319  309  299  293  285  281  276  272  263  254  240
  231  219  206  196  185  176  173  173  177  178  178  173  169  162  161  156
  154  145  139  138  137  136  135  136  139  142  145  144  140  139  141  149
  162  174  190  206  222  235  246  253  260  265  272  279  286  289  293  299
  307  320  338  353  366  370  372  368  347                                   
    27.5-180.0 180.0   5.0 450.0                            LAT/LON1/LON2/DLON/H
  370  375  377  371  365  352  341  328  321  311  306  299  293  282  271  252
  238  219  206  191  184  178  181  187  193  194  193  185  176  168  162  156
  148  141  134  135  133  136  132  137  137  143  141  139  132  128  128  135
  147  161  177  195  214  232  247  258  268  275  285  293  304  307  314  317
  329  342  363  380  394  402  403  399  370                                   
    25.0-180.0 180.0   5.0 450.0                            LAT/LON1/LON2/DLON/H
  394  403  409  405  401  393  382  369  356  346  337  328  317  300  281  257
  237  218  199  188  182  184  191  200  207  208  203  192  180  168  160  150
  143  135  132  132  134  134  133  132  135  133  133  125  119  112  113  119
  133  148  169  191  214  234  253  265  279  286  297  308  318  325  329  337
  344  361  382  401  418  428  433  427  394                                   
    22.5-180.0 180.0   5.0 450.0                            LAT/LON1/LON2/DLON/H
  412  426  438  436  437  430  424  410  397  384  373  361  348  326  300  269
  245  217  199  185  185  191  206  217  226  224  218  202  187  171  158  146
  136  130  125  128  128  132  127  128  124  125  118  111  101   96   97  106
  123  142  166  192  217  240  259  274  286  298  309  319  332  335  345  347
  361  374  399  417  435  445  454  452  412                                   
    20.0-180.0 180.0   5.0 450.0                            LAT/LON1/LON2/DLON/H
  433  444  460  462  466  466  462  454  441  428  415  401  383  358  321  282
  247  220  197  187  188  199  217  230  235  232  221  204  185  167  153  139
  131  126  122  124  128  127  125  118  116  108  103   92   86   79   83   92
  114  137  167  199  228  251  270  282  299  307  320  331  341  349  355  362
  371  387  407  425  442  455  466  468  433                                   
    17.5-180.0 180.0   5.0 450.0                            LAT/LON1/LON2/DLON/H
  443  456  475  479  486  488  490  484  476  463  450  434  414  384  345  303
  263  229  208  196  199  211  230  241  244  238  225  205  186  166  150  137
  130  124  120  122  123  123  117  111  103   96   85   77   68   65   69   84
  108  136  170  205  236  261  280  296  307  319  330  340  351  357  368  370
  384  393  415  427  444  458  473  478  443                                   
    15.0-180.0 180.0   5.0 450.0                            LAT/LON1/LON2/DLON/H
  453  462  480  484  494  502  506  505  502  495  484  467  445  413  370  326
  280  245  218  207  208  221  237  246  243  233  218  197  180  159  146  134
  128  121  118  116  118  114  109   99   90   80   74   65   60   57   63   78
  107  138  176  211  244  266  287  301  317  325  337  347  358  367  376  384
  395  406  420  429  444  457  473  480  453                                   
    12.5-180.0 180.0   5.0 450.0                            LAT/LON1/LON2/DLON/H
  454  463  478  483  493  501  509  512  514  511  505  489  467  434  391  347
  303  267  238  224  224  232  243  243  234  221  206  187  171  155  142  133
  126  119  115  111  110  106  100   90   80   71   63   59   55   54   60   77
  106  141  179  216  249  273  294  310  324  337  347  358  369  378  391  397
  412  418  430  435  446  458  475  483  454                                   
    10.0-180.0 180.0   5.0 450.0                            LAT/LON1/LON2/DLON/H
  460  464  477  477  487  498  507  511  516  518  516  504  482  451  409  367
  325  290  259  242  236  238  240  234  221  204  192  173  165  148  143  133
  127  118  111  106  102   96   87   80   71   63   61   56   56   55   62   78
  106  140  179  214  248  270  291  309  329  341  354  367  379  391  404  416
  428  437  442  445  452  460  475  483  460                                   
     7.5-180.0 180.0   5.0 450.0                            LAT/LON1/LON2/DLON/H
  463  466  474  475  482  490  497  501  506  509  511  500  481  453  414  376
  338  308  279  262  246  241  233  219  203  187  174  162  153  146  138  132
