data/unet/pred0760.15i
     1.0            IONOSPHERE MAPS     GNSS                IONEX VERSION / TYPE
pyspatialgeodesy        IME             05-JAN-18 20:20     PGM / RUN BY / DATE 
Map Name                                                    COMMENT             
Predicted global ionosphere maps (GIM).                     DESCRIPTION         
  2015     3    17     0     0     0                        EPOCH OF FIRST MAP  
  2015     3    18     0     0     0                        EPOCH OF LAST MAP   
  7200                                                      INTERVAL            
    13                                                      # OF MAPS IN FILE   
  NONE                                                      MAPPING FUNCTION    
10.0                                                        ELEVATION CUTOFF    
One-way carrier phase leveled to code                       OBSERVABLES USED    
  6371.0                                                    BASE RADIUS         
 2                                                          MAP DIMENSION       
   450.0 450.0   0.0                                        HGT1 / HGT2 / DHGT  
    87.5 -87.5  -2.5                                        LAT1 / LAT2 / DLAT  
  -180.0 180.0   5.0                                        LON1 / LON2 / DLON  
    -1                                                      EXPONENT            
                                                            END OF HEADER       
[from data line 4290]
    11                                                      START OF TEC MAP    
  2015     3    17    20     0     0                        EPOCH OF CURRENT MAP
    87.5-180.0 180.0   5.0 450.0                            LAT/LON1/LON2/DLON/H
  219  198  189  190  189  188  187  185  185  183  183  181  182  180  180  178
  178  177  176  175  173  173  171  170  167  166  164  162  160  159  157  155
  154  153  152  151  151  150  151  150  152  152  153  153  155  156  159  159
  162  164  167  168  172  173  176  177  180  181  183  184  186  187  188  189
  190  192  192  193  194  195  196  198  219                                   
    85.0-180.0 180.0   5.0 450.0                            LAT/LON1/LON2/DLON/H
  187  190  188  190  188  187  185  184  183  182  182  181  181  180  181  179
  180  176  178  174  175  172  172  168  167  163  162  157  156  151  150  146
  145  143  142  140  140  139  140  139  141  140  143  143  146  147  150  151
  155  157  161  163  166  169  171  174  175  178  177  180  181  184  183  186
  186  189  189  189  191  188  195  198  187                                   
    82.5-180.0 180.0   5.0 450.0                            LAT/LON1/LON2/DLON/H
  187  184  185  186  184  184  182  183  181  182  180  181  180  181  180  181
  179  179  176  176  172  172  168  166  161  159  153  151  144  144  137  137
  131  131  126  128  123  126  121  124  121  125  122  126  125  130  130  134
  136  141  144  148  152  155  159  161  165  166  169  170  174  175  177  179
  180  183  182  184  183  183  181  183  187                                   
    80.0-180.0 180.0   5.0 450.0                            LAT/LON1/LON2/DLON/H
  177  167  167  168  168  170  170  172  172  174  174  175  177  177  179  177
  178  174  175  171  171  166  166  160  158  151  147  141  137  132  129  124
  121  117  116  113  112  109  109  107  107  106  105  105  106  107  110  112
  116  119  123  127  132  135  139  142  145  147  149  150  152  153  155  155
  157  158  160  158  160  159  161  167  177                                   
    77.5-180.0 180.0   5.0 450.0                            LAT/LON1/LON2/DLON/H
  156  150  150  151  153  154  158  159  164  165  169  170  175  175  179  177
  179  176  177  173  173  169  168  163  160  154  151  143  140  132  130  122
  120  114  114  109  109  105  105  100   99   96   95   93   93   93   95   96
   99  103  108  112  116  120  124  126  130  130  132  132  133  133  134  135
  135  136  137  137  137  138  139  147  156                                   
    75.0-180.0 180.0   5.0 450.0                            LAT/LON1/LON2/DLON/H
  141  136  140  143  147  150  155  158  163  169  174  179  184  187  190  191
  192  191  191  191  189  188  184  182  177  173  167  161  154  148  141  136
  130  127  123  120  118  115  113  109  106  102   99   95   93   92   92   93
   94   98  101  105  107  110  112  114  114  115  114  114  113  113  113  114
  116  117  120  121  124  123  131  142  141                                   
    72.5-180.0 180.0   5.0 450.0                            LAT/LON1/LON2/DLON/H
  133  135  137  141  145  149  155  159  167  172  180  185  193  195  201  201
  204  202  205  203  205  202  201  197  193  188  183  175  169  160  155  147
  144  137  136  131  129  126  122  118  113  108  102   99   93   92   89   90
   89   93   93   98   98  100   99  100   99   97   95   94   93   94   94   97
   98  102  104  109  111  116  124  140  133                                   
    70.0-180.0 180.0   5.0 450.0                            LAT/LON1/LON2/DLON/H
  136  138  143  148  152  158  163  169  176  182  191  196  204  207  212  213
  217  218  221  221  223  223  222  219  213  209  201  194  185  176  170  161
  157  150  149  142  141  135  133  126  122  114  109  102   98   93   92   89
   90   91   93   94   95   94   93   91   88   85   81   79   78   78   79   81
   85   90   96  101  108  114  127  145  136                                   
    67.5-180.0 180.0   5.0 450.0                            LAT/LON1/LON2/DLON/H
  142  147  150  154  158  162  168  174  182  190  198  205  211  215  220  223
  226  228  232  234  238  239  239  236  231  223  216  206  198  186  179  170
  164  158  154  148  143  139  133  129  121  116  109  103   96   93   89   87
   86   87   87   89   88   88   84   82   77   74   69   67   65   67   68   72
   75   83   89   99  105  115  129  148  142                                   
    65.0-180.0 180.0   5.0 450.0                            LAT/LON1/LON2/DLON/H
  151  154  159  163  166  171  177  184  191  198  207  213  220  223  228  230
  234  236  241  245  250  252  253  251  245  237  228  218  209  198  190  180
  173  165  158  151  144  137  132  126  120  115  108  102   97   91   88   84
   83   83   85   85   85   84   81   77   73   68   64   61   60   61   63   66
   72   78   87   96  105  115  131  151  151                                   
    62.5-180.0 180.0   5.0 450.0                            LAT/LON1/LON2/DLON/H
  156  158  159  163  167  171  178  185  194  202  210  218  223  228  231  235
  237  241  245  251  254  259  260  258  252  244  234  224  215  206  197  190
  179  171  160  151  139  131  122  117  110  106  101   96   90   84   80   76
   75   75   77   79   80   79   76   73   69   65   60   59   57   60   62   66
   69   76   83   93  103  115  129  152  156                                   
    60.0-180.0 180.0   5.0 450.0                            LAT/LON1/LON2/DLON/H
  159  160  163  167  170  177  183  191  199  209  217  223  228  232  235  238
  241  244  249  254  259  263  263  261  256  248  239  231  224  216  210  201
  192  180  167  153  138  126  117  110  105  101   99   94   89   82   77   71
   70   69   72   73   76   75   75   72   70   65   63   61   63   63   67   68
   73   77   85   93  103  114  128  152  159                                   
    57.5-180.0 180.0   5.0 450.0                            LAT/LON1/LON2/DLON/H
  162  160  161  165  170  176  185  194  204  213  221  227  231  235  236  240
  241  245  248  252  255  258  258  255  251  244  239  235  232  229  226  219
  209  195  178  161  142  127  115  108  101   99   96   93   86   80   73   66
   64   63   66   68   72   73   75   74   74   71   70   68   70   70   73   73
   76   78   85   91  101  111  123  148  162                                   
    55.0-180.0 180.0   5.0 450.0                            LAT/LON1/LON2/DLON/H
  165  166  170  176  181  190  200  208  219  227  232  236  238  241  242  245
  247  249  251  252  253  255  255  254  249  246  244  244  247  249  247  241
  230  214  195  174  153  136  123  114  109  107  105  102   96   88   81   72
   69   66   70   71   76   77   80   80   82   79   80   78   81   80   83   82
   84   86   92   97  107  116  130  155  165                                   
    52.5-180.0 180.0   5.0 450.0                            LAT/LON1/LON2/DLON/H
  174  179  183  192  200  211  222  230  240  245  249  251  252  253  252  255
  254  254  252  250  249  248  249  248  247  246  250  256  264  272  274  266
  252  233  212  189  167  149  135  126  121  119  116  114  107  100   91   83
   78   76   77   79   84   86   90   90   92   91   91   90   92   93   94   93
   93   94   99  105  115  126  137  166  174                                   
    50.0-180.0 180.0   5.0 450.0                            LAT/LON1/LON2/DLON/H
  189  197  209  220  231  244  256  263  270  272  274  273  272  269  268  268
  266  262  259  253  251  249  251  251  253  255  263  272  284  293  297  287
  269  246  225  201  179  164  151  143  136  135  133  131  126  119  112  103
   98   93   94   94   97   98  101  102  104  102  103  103  104  106  107  108
  108  112  118  128  138  149  163  191  189                                   
    47.5-180.0 180.0   5.0 450.0                            LAT/LON1/LON2/DLON/H
  207  222  235  250  264  277  288  296  301  302  302  298  294  290  287  285
  280  275  266  259  254  251  254  256  261  267  277  288  300  309  307  294
  271  247  225  203  185  172  161  154  147  146  143  142  137  133  127  121
  114  112  109  109  108  109  110  111  112  110  110  109  111  113  115  117
  118  125  131  144  157  172  185  216  207                                   
    45.0-180.0 180.0   5.0 450.0                            LAT/LON1/LON2/DLON/H
  229  249  266  284  296  309  318  326  331  333  332  326  322  316  312  306
  301  291  283  272  268  264  268  270  278  285  295  304  312  313  305  285
  262  236  216  198  185  177  169  162  156  152  151  150  148  146  143  138
  134  129  126  122  118  116  115  115  115  114  113  112  114  118  121  126
  130  138  149  163  179  191  209  237  229                                   
    42.5-180.0 180.0   5.0 450.0                            LAT/LON1/LON2/DLON/H
  243  270  285  305  319  332  339  349  352  360  356  354  346  342  335  330
  320  310  298  289  283  281  285  291  297  306  311  316  314  308  290  267
  241  217  200  188  181  176  169  163  156  152  150  149  149  150  149  148
  144  141  134  130  123  119  116  115  116  115  114  113  114  118  122  128
  133  142  153  169  187  204  225  255  243                                   
    40.0-180.0 180.0   5.0 450.0                            LAT/LON1/LON2/DLON/H
  257  283  301  323  335  349  354  365  370  380  378  377  371  367  359  352
  340  331  319  313  307  306  310  314  321  326  326  325  315  303  279  254
  229  209  198  191  188  185  179  171  163  156  154  151  153  153  155  154
  152  146  139  130  122  116  113  112  113  113  112  112  114  118  124  132
  138  147  160  177  195  212  232  262  257                                   
    37.5-180.0 180.0   5.0 450.0                            LAT/LON1/LON2/DLON/H
  257  286  303  327  341  353  358  370  377  390  390  395  391  391  382  378
  366  357  346  339  335  331  336  338  343  344  340  333  320  302  279  254
  234  219  214  209  207  202  195  185  172  165  159  155  154  154  155  154
  150  145  135  126  116  110  108  110  113  115  116  115  117  119  123  129
  134  140  151  167  186  207  230  261  257                                   
    35.0-180.0 180.0   5.0 450.0                            LAT/LON1/LON2/DLON/H
  260  285  306  330  344  357  363  375  384  398  404  409  411  413  409  407
  395  391  379  375  368  363  364  364  366  366  359  350  336  322  304  288
  276  269  267  263  257  247  233  217  201  189  180  172  169  164  162  158
  152  144  134  124  114  109  106  111  117  122  124  123  124  123  128  132
  135  141  149  163  180  198  221  250  260                                   
    32.5-180.0 180.0   5.0 450.0                            LAT/LON1/LON2/DLON/H
  254  276  297  325  340  352  359  372  384  400  408  419  425  431  429  430
  423  420  412  407  400  393  388  385  385  385  381  375  367  361  357  358
  360  366  364  352  335  308  284  258  240  224  211  199  189  179  172  163
  152  141  129  119  110  108  108  116  123  131  134  135  133  131  131  131
  129  129  133  144  161  185  209  242  254                                   
    30.0-180.0 180.0   5.0 450.0                            LAT/LON1/LON2/DLON/H
  257  273  301  326  342  356  364  376  389  405  416  427  433  440  438  443
  439  440  436  433  425  415  405  397  397  400  404  407  412  421  434  456
  472  486  479  462  424  387  348  316  289  271  254  237  222  207  191  178
  161  149  132  128  118  122  121  132  138  148  149  155  151  146  145  142
  137  135  136  143  158  179  205  236  257                                   
    27.5-180.0 180.0   5.0 450.0                            LAT/LON1/LON2/DLON/H
  262  279  301  328  345  361  370  383  394  412  419  430  434  442  443  450
  451  455  454  453  444  432  417  409  411  420  433  450  472  500  532  552
  566  576  568  535  487  438  397  368  339  313  295  272  256  234  217  198
  186  168  156  145  140  139  141  149  156  165  169  167  161  156  153  147
  140  135  137  141  156  177  205  240  262                                   
    25.0-180.0 180.0   5.0 450.0                            LAT/LON1/LON2/DLON/H
  275  290  316  341  358  378  389  403  413  429  434  442  443  450  450  457
  460  468  471  468  455  440  423  416  424  443  474  507  548  585  610  654
  680  687  669  620  543  481  425  396  371  359  343  322  300  278  251  227
  207  190  182  173  173  173  174  177  177  176  172  168  171  173  167  156
  148  143  143  151  167  189  216  250  275                                   
    22.5-180.0 180.0   5.0 450.0                            LAT/LON1/LON2/DLON/H
  287  306  329  354  375  396  413  430  440  452  453  459  458  459  456  462
  468  477  484  480  467  450  435  433  451  483  528  575  618  652  699  728
  749  753  722  654  567  492  435  402  384  370  353  344  326  308  282  262
  245  232  221  215  216  215  212  209  205  198  190  179  170  168  171  171
  164  155  158  165  186  206  235  275  287                                   
    20.0-180.0 180.0   5.0 450.0                            LAT/LON1/LON2/DLON/H
  310  321  347  374  397  427  444  468  475  489  490  495  491  487  475  477
  480  490  493  491  478  461  453  461  494  537  597  643  687  726  753  776
  790  778  737  658  554  480  420  395  377  369  356  350  340  328  314  302
  293  279  271  261  260  251  247  232  226  212  207  193  182  169  167  162
  164  165  173  183  203  231  258  290  310                                   
    17.5-180.0 180.0   5.0 450.0                            LAT/LON1/LON2/DLON/H
  318  339  365  395  420  449  475  499  513  525  534  534  530  521  507  503
  508  516  519  514  502  490  491  508  548  601  656  706  736  762  771  785
  778  754  697  607  502  426  378  359  350  352  344  347  341  342  337  339
  332  327  317  307  300  289  275  256  241  223  215  201  191  177  168  164
  163  170  178  202  222  256  276  313  318                                   
    15.0-180.0 180.0   5.0 450.0                            LAT/LON1/LON2/DLON/H
  334  348  385  415  442  476  503  529  544  564  573  581  575  571  554  550
  550  559  558  554  538  535  544  566  612  663  720  752  774  772  767  759
  738  700  626  522  427  363  324  319  320  329  335  343  352  357  364  368
  369  362  358  344  334  314  296  268  252  229  217  202  193  176  168  164
  166  172  183  205  233  268  287  322  334                                   
    12.5-180.0 180.0   5.0 450.0                            LAT/LON1/LON2/DLON/H
  333  359  394  432  458  494  523  549  572  588  606  611  614  610  601  593
  594  600  604  599  590  589  600  631  672  719  759  778  777  762  738  718
  678  612  521  429  351  296  276  282  291  308  321  340  349  364  376  390
  392  389  382  366  347  327  299  273  247  227  213  199  186  173  167  163
  165  172  183  204  230  272  291  330  333                                   
    10.0-180.0 180.0   5.0 450.0                            LAT/LON1/LON2/DLON/H
  341  358  404  441  472  505  530  557  581  605  622  636  640  644  637  639
  643  652  656  654  647  651  663  691  725  753  784  785  768  740  701  657
  593  519  439  367  307  272  263  274  289  310  325  348  361  377  393  405
  404  395  382  359  342  317  294  264  245  215  206  182  179  167  166  164
  163  166  177  196  225  265  291  331  341                                   
     7.5-180.0 180.0   5.0 450.0                            LAT/LON1/LON2/DLON/H
  335  363  412  450  482  516  539  566  591  613  636  646  658  659  663  667
  679  692  702  703  699  703  714  735  761  779  797  780  746  703  658  600
