data/unet/pred1440.15i
     1.0            IONOSPHERE MAPS     GNSS                IONEX VERSION / TYPE
pyspatialgeodesy        IME             05-JAN-18 20:20     PGM / RUN BY / DATE 
Map Name                                                    COMMENT             
Predicted global ionosphere maps (GIM).                     DESCRIPTION         
  2015     5    24     0     0     0                        EPOCH OF FIRST MAP  
  2015     5    25     0     0     0                        EPOCH OF LAST MAP   
  7200                                                      INTERVAL            
    13                                                      # OF MAPS IN FILE   
  NONE                                                      MAPPING FUNCTION    
10.0                                                        ELEVATION CUTOFF    
One-way carrier phase leveled to code                       OBSERVABLES USED    
  6371.0                                                    BASE RADIUS         
 2                                                          MAP DIMENSION       
   450.0 450.0   0.0                                        HGT1 / HGT2 / DHGT  
    87.5 -87.5  -2.5                                        LAT1 / LAT2 / DLAT  
  -180.0 180.0   5.0                                        LON1 / LON2 / DLON  
    -1                                                      EXPONENT            
                                                            END OF HEADER       
[from data line 858]
     3                                                      START OF TEC MAP    
  2015     5    24     4     0     0                        EPOCH OF CURRENT MAP
    87.5-180.0 180.0   5.0 450.0                            LAT/LON1/LON2/DLON/H
  209  208  203  209  209  211  209  213  210  214  212  215  212  214  212  213
  210  212  210  211  208  209  208  208  207  207  205  205  204  203  201  200
  199  199  197  196  195  194  192  190  188  188  185  185  183  184  181  182
  181  183  181  183  181  183  182  183  182  184  183  185  184  186  185  187
  187  190  189  191  189  189  197  206  209                                   
    85.0-180.0 180.0   5.0 450.0                            LAT/LON1/LON2/DLON/H
  207  213  206  216  214  217  215  218  215  218  217  218  216  218  216  217
  214  216  214  215  212  213  211  211  209  209  207  207  205  205  203  203
  202  203  201  202  200  200  198  197  195  195  192  191  190  189  187  188
  187  188  186  187  186  187  186  186  185  186  185  186  186  188  186  188
  188  192  190  193  190  190  191  195  207                                   
    82.5-180.0 180.0   5.0 450.0                            LAT/LON1/LON2/DLON/H
  195  203  205  210  211  212  214  216  215  217  217  217  216  216  215  215
  213  212  212  211  210  209  207  206  205  203  202  201  200  200  199  199
  199  200  200  200  200  199  198  197  196  194  192  190  190  188  188  187
  188  187  188  188  188  187  187  186  186  185  185  184  184  184  183  183
  183  185  184  184  185  184  186  182  195                                   
    80.0-180.0 180.0   5.0 450.0                            LAT/LON1/LON2/DLON/H
  199  206  209  213  213  216  215  218  216  219  216  218  215  216  213  214
  211  212  209  210  206  207  203  203  199  199  195  196  193  195  192  195
  194  197  196  199  199  199  198  198  197  196  194  193  193  192  192  192
  193  192  193  192  192  191  191  190  190  189  189  188  189  188  188  188
  188  189  188  190  189  187  187  185  199                                   
    77.5-180.0 180.0   5.0 450.0                            LAT/LON1/LON2/DLON/H
  193  203  207  212  213  216  215  217  215  216  214  214  211  211  208  208
  205  204  203  202  200  200  197  196  192  190  187  187  185  186  186  188
  189  192  194  197  198  200  200  200  199  198  197  196  196  195  197  197
  198  198  200  200  199  199  198  198  196  196  194  195  194  195  193  194
  193  193  192  192  192  189  187  182  193                                   
    75.0-180.0 180.0   5.0 450.0                            LAT/LON1/LON2/DLON/H
  195  204  205  212  213  214  214  214  212  212  210  209  205  203  199  197
  193  193  192  193  191  192  189  188  184  182  178  176  174  174  174  177
  179  185  189  194  197  200  201  201  201  200  200  200  200  200  203  204
  206  207  208  208  207  207  204  204  202  201  198  199  197  197  196  195
  195  195  195  195  194  189  189  185  195                                   
    72.5-180.0 180.0   5.0 450.0                            LAT/LON1/LON2/DLON/H
  192  199  205  209  210  211  210  209  206  205  203  200  195  191  186  182
  179  177  178  178  179  180  180  177  174  169  165  161  160  158  160  162
  168  175  182  190  195  200  201  203  202  202  202  203  204  205  209  210
  213  213  215  214  213  210  209  206  204  200  199  197  196  195  194  194
  194  193  195  193  196  192  190  184  192                                   
    70.0-180.0 180.0   5.0 450.0                            LAT/LON1/LON2/DLON/H
  194  200  201  206  207  207  206  206  204  203  200  196  190  183  177  170
  167  164  166  167  171  172  174  170  167  161  156  151  148  148  148  152
  158  168  177  189  196  203  206  208  208  208  208  209  211  213  217  220
  222  223  224  223  221  217  214  210  207  202  199  198  196  194  193  194
  194  195  195  196  195  191  190  186  194                                   
    67.5-180.0 180.0   5.0 450.0                            LAT/LON1/LON2/DLON/H
  191  194  197  201  200  200  199  200  198  197  193  189  182  174  165  158
  153  151  153  154  159  161  163  161  158  151  146  140  137  136  137  141
  148  158  170  183  193  200  205  207  207  208  209  211  214  217  222  225
  228  228  229  227  223  217  213  206  201  195  193  189  188  187  186  188
  189  190  192  193  196  193  190  184  191                                   
    65.0-180.0 180.0   5.0 450.0                            LAT/LON1/LON2/DLON/H
  194  198  197  199  199  197  198  198  198  197  194  188  181  171  162  152
  147  143  146  147  154  155  159  156  154  146  140  134  129  129  128  134
  140  150  161  176  187  196  201  204  205  207  208  211  215  221  226  231
  235  236  235  231  227  219  213  206  200  195  190  187  184  183  182  183
  185  188  191  195  196  192  191  187  194                                   
    62.5-180.0 180.0   5.0 450.0                            LAT/LON1/LON2/DLON/H
  198  198  198  199  197  194  194  195  195  195  192  189  180  170  158  148
  142  139  140  142  146  149  151  150  146  139  133  127  124  122  122  126
  132  141  152  165  177  186  192  195  199  201  205  209  218  225  233  238
  241  240  238  232  226  218  212  204  199  191  188  182  181  177  177  177
  180  184  189  193  197  197  192  188  198                                   
    60.0-180.0 180.0   5.0 450.0                            LAT/LON1/LON2/DLON/H
  206  208  205  204  202  198  198  197  197  197  195  191  185  174  163  150
  143  137  138  138  141  143  144  141  139  133  128  123  121  119  119  120
  126  133  143  155  169  178  186  189  196  197  203  210  222  232  241  247
  249  248  243  238  230  223  217  212  204  199  193  190  185  183  180  181
  182  186  190  196  199  199  196  195  206                                   
    57.5-180.0 180.0   5.0 450.0                            LAT/LON1/LON2/DLON/H
  213  212  212  210  206  200  198  197  196  197  195  194  187  180  166  155
  145  140  137  138  138  139  137  136  132  128  125  122  120  118  118  118
  121  126  134  144  158  168  178  183  192  197  205  216  230  241  252  256
  257  254  249  241  235  228  224  219  214  207  202  195  191  186  183  182
  183  186  192  197  204  206  200  198  213                                   
    55.0-180.0 180.0   5.0 450.0                            LAT/LON1/LON2/DLON/H
  223  226  224  222  218  212  209  205  204  203  201  197  193  184  173  159
  151  142  140  136  137  134  133  129  128  124  123  121  122  120  120  117
  119  119  127  134  149  160  174  180  193  198  211  223  239  251  261  267
  266  263  257  252  245  241  237  234  228  223  216  210  203  199  194  193
  194  197  202  208  212  213  207  207  223                                   
    52.5-180.0 180.0   5.0 450.0                            LAT/LON1/LON2/DLON/H
  234  233  237  235  231  223  218  212  210  208  205  202  196  189  177  167
  157  151  145  141  138  135  132  129  126  123  124  123  125  123  123  119
  118  116  121  127  141  154  170  181  195  205  218  233  248  263  273  277
  277  274  268  262  256  254  252  249  244  237  231  223  217  209  205  202
  203  204  211  215  223  224  216  215  234                                   
    50.0-180.0 180.0   5.0 450.0                            LAT/LON1/LON2/DLON/H
  246  247  251  250  248  240  234  227  224  220  217  211  205  195  185  172
  165  156  152  145  142  135  133  128  128  126  128  128  131  128  127  121
  118  114  116  123  136  151  170  182  200  210  226  240  257  270  281  286
  286  283  279  274  271  270  269  267  261  255  248  241  232  225  218  217
  217  220  225  231  235  234  228  227  246                                   
    47.5-180.0 180.0   5.0 450.0                            LAT/LON1/LON2/DLON/H
  256  251  260  260  258  251  246  239  236  230  224  218  208  200  188  178
  169  164  158  155  149  144  140  136  135  133  135  136  138  135  133  125
  121  115  116  122  135  150  170  186  204  218  234  248  264  277  287  293
  295  293  290  286  285  285  285  281  274  267  261  253  245  235  230  226
  228  230  237  240  249  247  239  238  256                                   
    45.0-180.0 180.0   5.0 450.0                            LAT/LON1/LON2/DLON/H
  262  261  268  268  268  263  259  254  251  244  238  229  219  206  194  183
  175  169  167  163  161  154  152  147  149  146  148  146  147  140  137  128
  123  117  117  124  134  150  169  186  207  221  238  251  265  278  289  296
  299  298  296  294  295  295  297  291  283  277  271  264  257  249  241  240
  241  245  252  256  261  259  253  249  262                                   
    42.5-180.0 180.0   5.0 450.0                            LAT/LON1/LON2/DLON/H
  270  265  271  272  271  269  265  263  260  255  247  238  225  212  196  186
  178  176  175  175  174  171  169  168  168  166  164  160  158  149  144  136
  130  123  123  126  138  151  170  188  210  225  242  253  268  279  291  299
  304  303  302  300  302  302  303  296  290  282  280  273  269  259  254  249
  253  255  264  267  277  275  267  266  270                                   
    40.0-180.0 180.0   5.0 450.0                            LAT/LON1/LON2/DLON/H
  281  277  279  276  277  274  274  272  272  268  261  251  236  219  203  190
  184  181  183  185  189  187  190  189  192  189  186  177  171  158  151  141
  135  129  128  133  141  153  169  186  209  224  240  253  267  279  290  300
  306  305  306  301  304  302  308  300  298  295  293  290  287  277  270  266
  270  272  280  286  294  292  286  280  281                                   
    37.5-180.0 180.0   5.0 450.0                            LAT/LON1/LON2/DLON/H
  299  289  288  283  280  278  276  277  278  275  269  259  244  225  206  194
  187  186  190  196  200  205  209  214  216  214  206  196  185  172  161  152
  144  139  138  140  148  157  172  188  210  224  241  251  268  277  291  299
  307  305  307  301  303  304  310  309  310  310  313  310  309  298  292  287
  288  289  297  303  315  314  307  304  299                                   
    35.0-180.0 180.0   5.0 450.0                            LAT/LON1/LON2/DLON/H
  323  313  309  297  292  287  285  286  287  285  279  271  256  235  215  199
  192  189  196  201  210  219  229  237  241  238  230  217  204  186  171  159
  150  145  145  146  153  161  173  185  208  222  240  250  265  275  288  293
  303  299  301  295  301  301  314  317  325  330  335  337  337  326  321  314
  315  314  321  328  338  338  336  327  323                                   
    32.5-180.0 180.0   5.0 450.0                            LAT/LON1/LON2/DLON/H
  354  345  336  322  310  304  298  299  298  295  289  277  262  240  218  202
  194  192  197  205  217  229  243  255  263  260  251  236  220  200  180  167
  158  153  153  154  159  164  174  185  208  220  241  248  265  269  285  286
  296  289  293  286  294  299  318  327  347  355  367  369  370  362  354  346
  343  340  344  349  361  363  363  359  354                                   
    30.0-180.0 180.0   5.0 450.0                            LAT/LON1/LON2/DLON/H
  390  388  379  361  348  335  326  321  319  311  303  290  275  250  229  208
  200  193  199  206  223  240  260  276  289  287  275  257  237  213  190  171
  162  156  157  154  158  160  167  176  194  210  229  240  254  259  271  273
  283  278  284  280  296  305  334  349  376  388  404  405  409  397  392  379
  375  369  370  373  383  393  397  390  390                                   
    27.5-180.0 180.0   5.0 450.0                            LAT/LON1/LON2/DLON/H
  427  434  426  413  393  383  367  360  345  334  319  303  285  258  235  212
  202  195  200  208  226  247  273  295  311  307  295  273  251  222  195  174
  162  156  154  154  155  158  162  172  186  201  222  233  248  252  262  265
  270  267  275  273  294  308  345  363  395  412  430  439  441  434  425  412
  403  392  393  391  405  417  421  420  427                                   
    25.0-180.0 180.0   5.0 450.0                            LAT/LON1/LON2/DLON/H
  460  479  479  468  453  440  422  406  385  364  342  318  300  272  248  221
  210  198  202  207  230  256  287  313  328  324  308  283  259  226  196  172
  156  148  145  146  147  152  150  160  172  188  204  220  233  240  251  254
  260  259  268  270  291  311  347  369  405  418  444  450  464  458  456  438
  431  418  418  418  429  444  456  446  460                                   
    22.5-180.0 180.0   5.0 450.0                            LAT/LON1/LON2/DLON/H
  485  508  516  510  499  487  469  450  424  395  365  333  310  282  258  232
  219  206  206  211  233  261  297  322  335  325  305  277  248  217  187  165
  146  136  133  136  138  143  138  149  157  174  189  207  221  232  241  246
  254  253  265  268  291  313  351  378  411  425  444  457  470  475  469  460
  447  438  437  434  447  460  468  468  485                                   
    20.0-180.0 180.0   5.0 450.0                            LAT/LON1/LON2/DLON/H
  508  526  541  535  532  519  502  480  453  421  388  352  321  294  274  249
  233  219  214  217  240  270  305  329  336  319  292  261  230  203  173  149
  129  120  116  123  126  131  124  133  137  152  169  188  210  216  235  239
  254  256  272  281  306  331  365  388  418  422  441  452  475  480  487  474
  468  455  455  451  460  472  488  482  508                                   
    17.5-180.0 180.0   5.0 450.0                            LAT/LON1/LON2/DLON/H
  513  534  550  551  550  539  521  493  463  428  396  362  330  304  287  267
  253  237  229  230  250  277  309  324  323  295  263  232  205  181  157  131
  116  106  106  110  116  118  112  116  120  134  149  173  193  208  228  238
  256  262  281  295  325  352  382  398  416  422  436  452  469  483  489  487
  478  471  470  464  474  480  484  491  513                                   
    15.0-180.0 180.0   5.0 450.0                            LAT/LON1/LON2/DLON/H
  514  528  545  549  554  544  524  496  461  430  395  368  339  316  301  285
  275  260  249  246  262  284  308  316  305  273  234  204  180  160  138  116
  102   94   94   99  100  105  100  103  106  119  137  157  185  198  225  238
  258  272  294  313  345  369  396  402  414  417  432  441  470  480  499  495
  493  486  488  484  487  489  490  500  514                                   
    12.5-180.0 180.0   5.0 450.0                            LAT/LON1/LON2/DLON/H
  508  518  533  539  544  537  517  488  452  420  387  363  339  323  311  301
  293  282  273  267  275  289  303  298  278  239  203  174  158  137  122  104
   94   85   88   90   93   96   93   95   98  112  127  153  177  199  227  242
  269  284  311  334  364  389  407  413  419  426  434  449  466  483  501  502
  503  498  501  496  503  496  485  505  508                                   
    10.0-180.0 180.0   5.0 450.0                            LAT/LON1/LON2/DLON/H
  504  506  519  521  525  519  499  474  437  408  376  356  336  324  316  309
  307  299  292  285  290  292  293  279  249  208  171  148  132  118  107   94
   86   77   77   79   84   84   82   84   90  103  121  143  174  194  226  245
  272  292  317  343  376  395  414  418  428  431  448  453  477  491  509  510
  511  508  510  507  508  497  488  511  504                                   
     7.5-180.0 180.0   5.0 450.0                            LAT/LON1/LON2/DLON/H
  505  502  510  509  508  499  478  453  416  388  360  343  329  319  316  315
  318  315  312  304  301  291  281  252  219  177  146  122  115  105   99   88
