data/unet/pred0450.15i
     1.0            IONOSPHERE MAPS     GNSS                IONEX VERSION / TYPE
pyspatialgeodesy        IME             05-JAN-18 20:20     PGM / RUN BY / DATE 
Map Name                                                    COMMENT             
Predicted global ionosphere maps (GIM).                     DESCRIPTION         
  2015     2    14     0     0     0                        EPOCH OF FIRST MAP  
  2015     2    15     0     0     0                        EPOCH OF LAST MAP   
  7200                                                      INTERVAL            
    13                                                      # OF MAPS IN FILE   
  NONE                                                      MAPPING FUNCTION    
10.0                                                        ELEVATION CUTOFF    
One-way carrier phase leveled to code                       OBSERVABLES USED    
  6371.0                                                    BASE RADIUS         
 2                                                          MAP DIMENSION       
   450.0 450.0   0.0                                        HGT1 / HGT2 / DHGT  
    87.5 -87.5  -2.5                                        LAT1 / LAT2 / DLAT  
  -180.0 180.0   5.0                                        LON1 / LON2 / DLON  
    -1                                                      EXPONENT            
                                                            END OF HEADER       
[from data line 858]
     3                                                      START OF TEC MAP    
  2015     2    14     4     0     0                        EPOCH OF CURRENT MAP
    87.5-180.0 180.0   5.0 450.0                            LAT/LON1/LON2/DLON/H
  117  142  131  130  129  126  125  123  123  121  121  118  118  117  117  117
  116  116  115  114  114  113  113  112  112  112  113  112  113  112  113  113
  113  113  113  113  113  113  113  113  113  114  113  114  113  114  114  115
  115  118  118  122  122  127  128  132  133  136  137  140  139  142  141  142
  140  141  138  139  140  139  145  126  117                                   
    85.0-180.0 180.0   5.0 450.0                            LAT/LON1/LON2/DLON/H
  156  142  130  136  128  123  118  116  111  112  107  108  105  107  105  107
  105  107  105  107  104  106  103  105  102  105  102  104  102  105  103  105
  103  107  105  108  106  110  108  112  108  113  110  115  111  116  114  118
  117  122  123  128  128  135  137  143  144  150  151  156  156  161  159  163
  159  162  157  160  155  153  150  160  156                                   
    82.5-180.0 180.0   5.0 450.0                            LAT/LON1/LON2/DLON/H
  158  146  142  135  125  119  115  112  109  106  106  103  104  102  104  104
  104  104  104  103  100  100   97   96   94   93   92   91   90   90   91   90
   92   92   94   94   96   97  100   99  101  101  104  103  105  107  110  111
  115  117  125  127  135  138  148  152  160  164  171  173  178  180  184  183
  184  181  179  175  173  164  161  163  158                                   
    80.0-180.0 180.0   5.0 450.0                            LAT/LON1/LON2/DLON/H
  170  157  146  134  122  113  107  104   99   98   96   98   96   99   98  103
  100  104  101  103   99  100   95   95   90   90   85   86   82   83   81   84
   84   88   87   93   92   99   97  104  101  108  104  110  107  113  112  117
  117  122  127  134  139  148  154  166  171  182  187  196  198  205  207  210
  210  210  205  203  193  184  176  175  170                                   
    77.5-180.0 180.0   5.0 450.0                            LAT/LON1/LON2/DLON/H
  177  164  150  134  116  108   98   95   88   87   84   86   84   88   88   93
   92   96   95   97   93   93   90   88   84   82   78   77   73   75   74   76
   78   81   83   88   90   94   95  100   99  103  102  105  103  106  106  111
  113  120  126  136  144  156  165  178  186  199  206  216  220  228  231  235
  235  234  229  220  214  203  194  187  177                                   
    75.0-180.0 180.0   5.0 450.0                            LAT/LON1/LON2/DLON/H
  186  173  155  138  118  107   95   91   82   81   76   78   76   80   80   84
   85   87   89   89   89   87   86   81   79   74   74   69   69   67   69   69
   72   74   79   81   86   88   92   93   94   95   95   95   94   96   96   99
  102  110  121  133  145  158  171  185  195  205  215  221  228  234  240  243
  247  246  242  238  227  216  209  196  186                                   
    72.5-180.0 180.0   5.0 450.0                            LAT/LON1/LON2/DLON/H
  199  181  166  144  121  107   95   86   79   75   70   69   66   68   66   69
   71   74   78   80   79   80   79   77   74   72   70   68   66   65   66   67
   69   71   74   77   80   82   83   83   84   82   84   81   82   81   84   87
   95  106  121  137  153  165  181  190  204  212  223  229  235  240  244  248
  251  251  250  245  241  232  225  212  199                                   
    70.0-180.0 180.0   5.0 450.0                            LAT/LON1/LON2/DLON/H
  211  195  177  159  134  118  104   96   87   82   72   71   64   64   60   61
   61   62   68   69   74   73   76   73   73   71   71   68   68   65   67   66
   69   69   73   73   76   74   75   74   74   72   71   68   68   67   72   77
   87  104  121  140  159  175  190  201  215  224  234  240  246  249  252  254
  256  256  255  254  249  242  234  222  211                                   
    67.5-180.0 180.0   5.0 450.0                            LAT/LON1/LON2/DLON/H
  219  202  188  169  140  124  110  102   93   89   80   76   66   61   53   51
   48   51   55   61   64   69   71   73   73   73   71   71   68   67   66   66
   66   67   66   67   66   64   65   61   63   58   59   54   57   57   64   72
   88  108  129  152  171  187  205  215  230  238  247  253  256  257  257  258
  257  257  256  257  256  255  247  240  219                                   
    65.0-180.0 180.0   5.0 450.0                            LAT/LON1/LON2/DLON/H
  227  213  199  180  154  136  123  116  108  102   91   86   74   65   54   48
   45   44   51   55   63   66   72   75   77   76   75   72   70   66   66   63
   63   61   60   57   56   54   54   52   53   48   50   46   50   51   59   72
   90  115  138  160  181  200  218  232  246  254  263  265  268  265  264  261
  260  259  258  260  259  263  255  246  227                                   
    62.5-180.0 180.0   5.0 450.0                            LAT/LON1/LON2/DLON/H
  231  217  205  185  156  139  126  119  113  107  102   95   84   71   59   52
   44   46   48   56   60   68   72   76   77   78   74   73   67   64   60   58
   54   53   49   47   47   45   47   45   48   45   47   44   48   51   61   78
   98  126  150  173  195  213  231  245  259  268  274  277  276  272  267  263
  261  258  256  258  262  266  263  257  231                                   
    60.0-180.0 180.0   5.0 450.0                            LAT/LON1/LON2/DLON/H
  237  224  209  190  163  147  131  126  116  113  101   96   85   75   61   55
   49   48   53   58   65   68   74   75   79   75   74   67   64   57   54   49
   48   45   44   41   43   41   44   43   48   43   48   43   50   51   63   83
  107  135  158  182  205  224  242  257  269  275  281  281  282  276  272  269
  266  262  257  260  263  267  264  255  237                                   
    57.5-180.0 180.0   5.0 450.0                            LAT/LON1/LON2/DLON/H
  247  231  216  193  163  144  130  122  115  109  103   95   87   77   68   63
   59   60   60   66   66   70   71   74   74   74   69   64   58   52   47   44
   42   40   41   39   43   43   49   48   53   50   52   49   54   58   70   90
  115  143  167  190  215  234  252  264  273  282  287  290  291  288  284  278
  275  266  262  262  268  270  269  264  247                                   
    55.0-180.0 180.0   5.0 450.0                            LAT/LON1/LON2/DLON/H
  259  245  229  205  175  156  137  128  115  108   97   92   84   79   72   71
   68   69   71   70   72   70   72   71   74   70   69   60   57   49   47   42
   44   43   45   44   49   50   57   56   62   58   61   56   62   64   79  100
  125  150  173  200  223  243  259  270  281  288  295  298  303  301  299  295
  289  280  274  273  277  277  274  263  259                                   
    52.5-180.0 180.0   5.0 450.0                            LAT/LON1/LON2/DLON/H
  283  263  250  227  195  172  147  132  119  108   97   89   83   78   76   78
   78   81   79   77   72   72   70   71   72   72   70   62   58   51   50   47
   49   49   53   53   60   61   69   69   73   71   71   68   71   75   90  111
  136  160  184  208  234  249  264  277  287  297  303  309  314  316  314  310
  305  294  288  282  287  285  282  276  283                                   
    50.0-180.0 180.0   5.0 450.0                            LAT/LON1/LON2/DLON/H
  302  288  277  251  223  197  169  146  127  113   97   89   82   80   77   82
   83   85   84   79   76   71   72   72   77   75   75   68   65   57   57   55
   59   60   65   65   72   73   80   80   84   81   81   78   82   87  104  126
  148  171  193  218  240  256  269  283  295  304  312  318  325  326  327  324
  322  311  305  299  301  294  293  280  302                                   
    47.5-180.0 180.0   5.0 450.0                            LAT/LON1/LON2/DLON/H
  321  310  299  281  253  229  195  168  144  124  106   94   86   82   80   84
   84   86   81   79   74   74   74   78   82   84   84   78   74   67   68   67
   72   73   78   78   83   84   90   90   93   91   91   89   94  104  122  142
  165  184  209  228  249  261  274  288  297  307  314  322  328  331  332  330
  326  316  310  302  304  299  296  289  321                                   
    45.0-180.0 180.0   5.0 450.0                            LAT/LON1/LON2/DLON/H
  329  322  315  299  278  251  222  191  162  137  119  103   94   87   85   85
   84   84   80   79   77   78   82   87   94   95   95   90   86   79   78   78
   83   85   89   89   92   94   98   99   99   98   97   98  104  119  136  158
  177  200  219  237  254  269  281  294  301  311  316  322  327  328  330  326
  322  315  308  303  303  297  298  287  329                                   
    42.5-180.0 180.0   5.0 450.0                            LAT/LON1/LON2/DLON/H
  325  319  316  307  289  269  238  214  183  157  134  118  105   97   91   88
   84   82   80   81   82   87   92   99  105  108  107  101   95   90   87   87
   90   92   94   95   97   98  102  101  101  100  102  104  116  134  154  173
  197  214  233  247  264  276  287  297  304  311  316  318  321  321  319  314
  309  302  297  294  294  290  288  286  325                                   
    40.0-180.0 180.0   5.0 450.0                            LAT/LON1/LON2/DLON/H
  310  304  304  296  282  265  240  219  195  167  146  129  118  107   99   93
   89   87   87   92   97  103  108  114  118  119  116  110  104   97   92   92
   94   97   98   99  101  104  106  106  105  106  107  114  127  150  166  192
  210  229  243  259  274  289  300  310  315  320  321  320  321  318  316  307
  304  297  295  291  289  281  280  273  310                                   
    37.5-180.0 180.0   5.0 450.0                            LAT/LON1/LON2/DLON/H
  296  287  286  275  261  249  229  216  194  175  154  142  130  122  111  105
   99  100  103  110  115  121  124  127  128  127  123  117  109  102   97   94
   95   96   98   99  102  105  109  109  107  110  112  123  141  163  182  205
  224  238  252  263  279  292  304  314  321  324  324  323  323  320  318  309
  307  301  301  293  292  280  278  270  296                                   
    35.0-180.0 180.0   5.0 450.0                            LAT/LON1/LON2/DLON/H
  293  277  269  253  237  228  210  201  184  169  155  147  139  131  123  115
  113  115  122  131  136  140  140  138  136  131  125  120  113  108  101   99
   96   97   98  101  103  108  112  113  113  116  121  134  152  175  192  215
  229  243  254  267  284  298  312  323  329  332  334  331  334  333  338  335
  337  333  336  327  326  300  288  273  293                                   
    32.5-180.0 180.0   5.0 450.0                            LAT/LON1/LON2/DLON/H
  315  289  267  239  216  204  187  181  165  158  148  145  140  138  129  127
  124  132  140  150  152  155  149  145  138  133  128  125  120  116  109  104
  101  101  101  104  106  112  116  119  117  123  126  141  158  181  199  219
  236  246  258  270  290  306  321  331  339  343  349  350  358  365  378  381
  388  383  389  377  378  349  321  302  315                                   
    30.0-180.0 180.0   5.0 450.0                            LAT/LON1/LON2/DLON/H
  362  318  285  245  213  196  178  168  155  149  141  141  140  138  133  132
  133  140  151  159  165  162  156  148  140  136  134  136  133  130  122  118
  115  114  111  112  112  117  118  121  120  122  126  138  156  180  201  221
  235  246  259  275  296  313  332  345  356  364  375  382  397  411  435  447
  463  464  467  459  452  426  379  356  362                                   
    27.5-180.0 180.0   5.0 450.0                            LAT/LON1/LON2/DLON/H
  444  398  339  278  241  213  189  172  156  147  139  138  135  137  131  133
  133  143  153  163  165  164  155  148  143  143  144  149  150  149  145  142
  138  136  132  127  124  123  121  122  118  122  122  133  154  178  207  224
  244  252  272  285  311  326  349  363  377  389  404  419  441  471  508  529
  552  554  557  553  549  521  465  445  444                                   
    25.0-180.0 180.0   5.0 450.0                            LAT/LON1/LON2/DLON/H
  542  500  443  375  310  272  232  207  178  159  147  141  139  136  132  130
  131  139  147  154  158  156  152  150  152  159  164  170  176  177  178  172
  167  164  154  147  136  127  119  116  110  111  113  125  147  175  206  228
  252  265  285  304  332  354  380  401  419  431  446  466  497  539  583  622
  643  649  652  655  651  624  577  546  542                                   
    22.5-180.0 180.0   5.0 450.0                            LAT/LON1/LON2/DLON/H
  646  603  551  486  424  367  309  259  227  194  173  159  153  146  137  133
  127  133  137  141  147  145  149  154  163  178  187  205  211  222  219  212
  199  190  174  161  145  128  115  110  101  102  102  117  142  177  217  241
  270  287  313  333  361  388  416  445  466  481  496  522  558  610  664  704
  726  732  735  744  750  722  688  653  646                                   
    20.0-180.0 180.0   5.0 450.0                            LAT/LON1/LON2/DLON/H
  729  714  666  600  532  480  419  370  306  262  224  202  186  169  157  143
  136  133  133  135  142  147  156  172  189  208  228  241  255  257  253  234
  218  193  177  159  146  125  109   99   93   91   95  112  143  184  227  257
  289  314  340  368  399  432  465  497  521  533  549  577  616  672  723  755
  771  772  775  791  805  786  767  739  729                                   
    17.5-180.0 180.0   5.0 450.0                            LAT/LON1/LON2/DLON/H
  784  797  767  709  643  576  509  457  406  355  306  265  243  219  194  172
  156  146  144  140  149  158  174  200  220  259  277  304  298  297  273  245
  221  195  176  156  134  116  102   98   88   89   92  113  147  193  243  274
  312  339  367  399  431  471  503  540  560  583  598  632  669  717  754  778
  784  781  779  799  822  812  804  795  784                                   
    15.0-180.0 180.0   5.0 450.0                            LAT/LON1/LON2/DLON/H
  815  850  829  786  723  660  590  531  478  439  398  366  328  295  258  226
  202  182  176  174  179  196  212  245  279  320  339  340  328  302  278  244
  218  193  172  148  124  101   92   87   88   90   98  118  156  204  253  287
  329  357  389  425  465  500  533  566  598  621  648  680  708  744  768  777
  774  764  763  782  814  807  802  803  815                                   
    12.5-180.0 180.0   5.0 450.0                            LAT/LON1/LON2/DLON/H
  820  859  851  824  779  714  654  593  547  510  475  452  417  382  337  297
  261  241  230  229  231  251  268  321  351  391  386  378  336  301  261  229
  208  189  171  152  122  104   90   83   81   90   97  119  157  209  261  297
  343  371  405  444  484  518  547  584  617  649  678  707  731  754  760  761
  744  735  727  751  781  776  779  801  820                                   
    10.0-180.0 180.0   5.0 450.0                            LAT/LON1/LON2/DLON/H
  800  847  848  836  799  742  694  642  603  571  547  520  492  464  418  379
  338  320  307  311  314  346  367  403  423  426  411  367  324  280  242  216
  199  180  161  143  121  102   92   79   85   96  104  125  165  213  263  304
  348  380  414  455  493  518  552  581  628  665  696  724  743  756  756  744
  725  707  701  715  746  731  738  767  800                                   
     7.5-180.0 180.0   5.0 450.0                            LAT/LON1/LON2/DLON/H
  771  813  830  823  798  748  709  667  644  619  602  579  553  520  487  461
  433  420  413  426  429  455  461  480  473  455  411  363  297  253  222  203
