data/unet/pred1860.15i
     1.0            IONOSPHERE MAPS     GNSS                IONEX VERSION / TYPE
pyspatialgeodesy        IME             05-JAN-18 20:20     PGM / RUN BY / DATE 
Map Name                                                    COMMENT             
Predicted global ionosphere maps (GIM).                     DESCRIPTION         
  2015     7     5     0     0     0                        EPOCH OF FIRST MAP  
  2015     7     6     0     0     0                        EPOCH OF LAST MAP   
  7200                                                      INTERVAL            
    13                                                      # OF MAPS IN FILE   
  NONE                                                      MAPPING FUNCTION    
10.0                                                        ELEVATION CUTOFF    
One-way carrier phase leveled to code                       OBSERVABLES USED    
  6371.0                                                    BASE RADIUS         
 2                                                          MAP DIMENSION       
   450.0 450.0   0.0                                        HGT1 / HGT2 / DHGT  
    87.5 -87.5  -2.5                                        LAT1 / LAT2 / DLAT  
  -180.0 180.0   5.0                                        LON1 / LON2 / DLON  
    -1                                                      EXPONENT            
                                                            END OF HEADER       
[from data line 5148]
    13                                                      START OF TEC MAP    
  2015     7     6     0     0     0                        EPOCH OF CURRENT MAP
    87.5-180.0 180.0   5.0 450.0                            LAT/LON1/LON2/DLON/H
  184  157  152  147  145  140  141  139  140  137  137  134  135  131  131  127
  129  126  127  124  127  125  127  124  128  125  127  124  127  124  125  122
  124  121  122  119  122  120  123  121  124  123  127  126  130  130  133  133
  137  137  140  139  142  142  144  143  145  144  146  144  146  144  146  144
  146  145  149  149  156  154  149  173  184                                   
    85.0-180.0 180.0   5.0 450.0                            LAT/LON1/LON2/DLON/H
  160  165  167  162  159  152  155  150  153  148  149  142  144  138  137  133
  134  130  132  128  132  130  132  129  133  129  131  127  130  125  127  122
  124  120  122  118  121  119  123  121  126  124  129  129  134  134  139  138
  143  142  146  145  150  148  152  150  154  151  155  152  156  153  157  153
  158  155  161  159  167  160  156  146  160                                   
    82.5-180.0 180.0   5.0 450.0                            LAT/LON1/LON2/DLON/H
  165  172  172  170  165  161  161  160  160  156  154  150  150  145  143  139
  140  136  137  134  136  133  134  132  132  130  129  126  125  122  121  118
  118  116  116  115  117  116  119  119  123  124  128  130  135  136  140  142
  145  146  149  150  153  153  155  154  156  155  157  156  158  157  159  158
  161  161  164  165  169  165  158  150  165                                   
    80.0-180.0 180.0   5.0 450.0                            LAT/LON1/LON2/DLON/H
  169  176  176  175  168  169  166  169  165  166  161  161  157  156  152  152
  149  149  145  146  143  143  140  139  137  135  131  130  127  125  122  121
  119  119  118  118  119  120  121  123  126  128  131  134  138  140  144  146
  150  151  154  155  157  157  158  158  158  158  158  159  159  160  159  162
  161  164  166  170  171  171  162  157  169                                   
    77.5-180.0 180.0   5.0 450.0                            LAT/LON1/LON2/DLON/H
  171  176  177  176  172  172  172  172  171  170  168  166  165  163  161  160
  158  157  155  154  152  149  147  144  141  137  134  131  129  126  125  122
  122  120  121  121  122  123  125  126  129  130  134  137  141  143  147  150
  154  156  159  160  161  160  161  160  160  158  158  158  158  157  158  159
  160  161  164  166  169  168  164  157  171                                   
    75.0-180.0 180.0   5.0 450.0                            LAT/LON1/LON2/DLON/H
  167  173  175  174  171  171  172  173  172  172  171  170  169  168  167  166
  165  164  163  162  159  156  152  148  144  140  136  133  131  129  127  126
  125  125  126  126  127  128  130  131  133  134  138  141  145  148  153  156
  161  162  165  165  166  164  164  161  160  157  157  155  155  153  155  153
  155  155  159  161  165  164  160  154  167                                   
    72.5-180.0 180.0   5.0 450.0                            LAT/LON1/LON2/DLON/H
  165  171  172  172  169  170  171  172  172  172  172  172  172  172  172  172
  172  172  172  170  167  163  159  152  147  140  136  132  130  129  129  128
  128  129  130  131  132  132  134  134  135  137  140  143  147  151  156  159
  164  166  168  168  167  165  164  161  159  156  155  153  153  151  151  150
  150  150  153  154  159  159  157  152  165                                   
    70.0-180.0 180.0   5.0 450.0                            LAT/LON1/LON2/DLON/H
  157  166  168  168  165  168  170  173  173  175  175  177  177  178  179  179
  180  180  181  178  175  169  163  154  147  139  134  130  129  128  129  130
  131  133  134  135  136  135  136  135  136  136  139  141  146  150  155  158
  163  165  168  167  167  164  162  158  158  154  154  151  151  148  148  146
  146  144  148  149  155  156  154  151  157                                   
    67.5-180.0 180.0   5.0 450.0                            LAT/LON1/LON2/DLON/H
  158  166  167  169  164  168  170  174  176  178  180  182  183  184  186  187
  188  189  189  186  181  174  166  156  147  139  133  129  128  128  130  132
  134  136  137  137  136  136  134  133  132  132  135  138  142  146  151  155
  160  162  164  163  164  160  160  156  156  153  153  151  150  148  148  146
  145  145  146  149  155  156  155  153  158                                   
    65.0-180.0 180.0   5.0 450.0                            LAT/LON1/LON2/DLON/H
  155  166  168  167  164  167  171  176  179  183  185  189  190  192  191  193
  193  194  192  188  182  174  166  155  146  136  131  127  127  128  131  133
  136  137  138  137  136  133  131  128  127  126  128  129  134  137  142  145
  151  152  155  154  155  153  153  151  152  150  151  150  151  149  150  147
  147  145  148  150  156  158  158  155  155                                   
    62.5-180.0 180.0   5.0 450.0                            LAT/LON1/LON2/DLON/H
  162  171  171  172  166  170  172  178  182  187  190  194  194  195  194  194
  193  193  191  187  180  173  163  154  144  137  131  129  129  131  133  136
  137  138  137  135  132  129  125  122  120  119  120  122  125  128  132  135
  140  142  144  145  147  146  147  146  148  149  151  152  154  154  154  152
  152  151  152  155  162  163  163  160  162                                   
    60.0-180.0 180.0   5.0 450.0                            LAT/LON1/LON2/DLON/H
  163  174  175  172  169  170  174  179  183  188  191  196  195  195  191  190
  187  187  184  181  174  167  159  150  143  137  134  132  134  135  137  139
  139  138  135  131  127  123  119  115  114  112  113  113  117  117  121  122
  129  130  134  135  138  139  141  141  145  147  151  152  156  156  158  156
  156  155  157  159  167  169  170  166  163                                   
    57.5-180.0 180.0   5.0 450.0                            LAT/LON1/LON2/DLON/H
  171  181  180  181  174  177  177  181  184  188  190  194  193  193  188  186
  181  181  177  176  169  164  157  151  145  142  140  141  141  143  143  143
  140  137  132  127  122  118  113  111  109  108  109  110  112  114  116  119
  123  127  129  133  135  139  140  144  147  151  154  158  160  162  162  162
  162  163  164  167  175  178  178  173  171                                   
    55.0-180.0 180.0   5.0 450.0                            LAT/LON1/LON2/DLON/H
  173  185  186  185  180  180  181  183  185  187  188  191  189  189  183  181
  176  175  172  171  166  163  158  154  151  149  149  150  152  153  152  149
  144  138  132  125  120  116  112  109  109  108  109  109  112  112  114  114
  121  121  128  129  136  138  145  146  153  154  159  160  164  163  165  164
  166  166  168  172  180  184  187  182  173                                   
    52.5-180.0 180.0   5.0 450.0                            LAT/LON1/LON2/DLON/H
  180  190  190  194  188  191  189  191  189  190  188  189  185  184  178  177
  171  171  167  170  166  167  162  162  159  161  161  164  164  165  161  157
  148  142  133  126  120  117  113  112  112  112  113  114  117  117  118  119
  124  128  132  137  143  148  153  158  161  165  166  169  169  170  170  171
  171  174  174  179  187  192  195  190  180                                   
    50.0-180.0 180.0   5.0 450.0                            LAT/LON1/LON2/DLON/H
  184  197  198  201  200  200  199  198  195  192  188  185  180  178  174  173
  168  167  166  168  169  172  171  172  171  173  175  177  178  176  171  164
  155  146  137  130  125  122  119  118  118  118  120  122  124  124  125  125
  131  133  141  144  154  157  166  167  175  175  178  177  178  176  178  176
  180  181  183  186  195  199  203  201  184                                   
    47.5-180.0 180.0   5.0 450.0                            LAT/LON1/LON2/DLON/H
  193  202  203  210  208  211  208  209  202  199  190  188  180  180  174  174
  168  168  166  172  174  181  182  186  186  189  189  192  190  188  180  173
  161  153  144  139  133  130  127  126  125  127  129  132  135  135  135  136
  141  145  152  158  166  172  178  183  187  190  190  190  189  188  187  188
  190  193  194  198  206  210  214  211  193                                   
    45.0-180.0 180.0   5.0 450.0                            LAT/LON1/LON2/DLON/H
  203  213  213  218  217  218  217  214  207  201  193  187  180  178  175  174
  172  171  173  178  183  190  194  198  199  202  203  204  203  199  191  181
  171  162  156  151  147  143  140  137  137  138  141  143  145  145  145  146
  151  155  162  167  177  182  191  194  202  203  206  203  203  199  200  198
  203  204  207  209  217  221  225  224  203                                   
    42.5-180.0 180.0   5.0 450.0                            LAT/LON1/LON2/DLON/H
  216  220  221  226  224  226  222  221  212  208  197  193  184  184  180  182
  179  181  182  188  193  200  204  209  210  212  213  213  209  205  196  189
  179  174  168  165  162  159  154  150  148  149  151  154  157  156  156  155
  160  164  171  177  186  192  200  205  212  215  218  218  217  215  213  213
  216  218  220  223  232  237  239  239  216                                   
    40.0-180.0 180.0   5.0 450.0                            LAT/LON1/LON2/DLON/H
  230  237  234  236  233  233  230  226  220  213  203  198  190  188  184  186
  185  189  192  198  205  211  217  220  222  222  222  219  215  208  201  193
  189  184  183  181  180  176  171  166  164  163  166  168  169  168  165  164
  166  170  177  182  192  199  208  214  223  227  232  233  235  233  234  232
  236  237  241  244  252  254  258  257  230                                   
    37.5-180.0 180.0   5.0 450.0                            LAT/LON1/LON2/DLON/H
  248  249  249  248  243  242  237  236  229  225  214  210  200  199  193  196
  195  201  204  212  218  225  229  232  233  232  230  226  219  213  203  199
  194  194  193  195  193  191  185  180  176  175  178  180  180  177  173  170
  172  174  180  186  196  203  213  221  230  238  245  250  253  254  253  254
  255  257  260  263  271  275  277  279  248                                   
    35.0-180.0 180.0   5.0 450.0                            LAT/LON1/LON2/DLON/H
  271  274  270  263  256  252  247  244  240  235  226  221  212  209  203  204
  204  210  215  224  231  238  243  245  246  244  243  236  230  220  211  205
  202  200  201  200  202  199  195  190  188  187  190  191  190  186  180  175
  173  173  177  182  191  199  211  220  233  242  252  258  265  267  269  268
  271  271  277  281  290  296  303  305  271                                   
    32.5-180.0 180.0   5.0 450.0                            LAT/LON1/LON2/DLON/H
  299  296  294  282  271  265  259  258  255  254  247  243  233  229  221  220
  218  224  230  239  247  253  257  258  259  256  253  248  240  230  217  211
  204  203  199  201  201  199  195  192  191  192  196  198  196  191  183  176
  173  171  173  176  185  193  206  218  231  244  256  265  271  275  276  276
  278  281  286  292  304  313  323  329  299                                   
    30.0-180.0 180.0   5.0 450.0                            LAT/LON1/LON2/DLON/H
  328  327  323  308  296  284  280  276  278  276  273  269  261  254  246  241
  240  243  248  256  263  267  270  270  271  268  266  260  251  237  222  212
  204  198  194  191  192  189  188  185  186  189  196  198  197  191  183  175
  169  165  165  166  175  183  198  212  229  244  257  269  277  281  284  283
  286  289  298  305  319  332  348  355  328                                   
    27.5-180.0 180.0   5.0 450.0                            LAT/LON1/LON2/DLON/H
  356  358  357  342  329  317  311  306  309  309  310  305  300  292  282  275
  272  272  274  278  282  283  284  282  282  279  276  268  256  238  221  208
  195  187  179  177  174  174  172  172  174  180  188  192  192  187  179  169
  164  158  157  158  164  173  189  205  223  242  257  270  276  281  282  284
  287  294  304  314  328  344  364  375  356                                   
    25.0-180.0 180.0   5.0 450.0                            LAT/LON1/LON2/DLON/H
  383  380  385  372  363  349  344  336  342  340  344  338  338  327  319  308
  305  301  300  299  299  294  293  288  288  283  279  267  251  230  211  194
  180  167  160  152  154  151  155  155  162  168  178  183  184  180  172  164
  156  151  149  149  155  164  181  198  218  239  254  268  274  277  281  283
  290  298  309  320  332  350  378  391  383                                   
    22.5-180.0 180.0   5.0 450.0                            LAT/LON1/LON2/DLON/H
  400  402  411  406  400  391  381  377  375  377  376  377  375  372  363  353
  346  339  333  324  316  307  300  293  290  283  274  259  240  218  198  181
  164  152  142  138  137  139  143  146  153  159  167  170  172  168  161  152
  146  140  137  137  143  151  171  188  210  229  246  258  264  268  272  280
  289  300  312  322  334  352  382  401  400                                   
    20.0-180.0 180.0   5.0 450.0                            LAT/LON1/LON2/DLON/H
  414  414  427  425  427  420  415  408  407  405  408  408  413  409  407  397
  391  376  365  346  330  312  301  291  284  271  258  239  218  197  178  159
  144  129  122  114  119  117  128  130  141  147  155  158  160  156  149  142
  134  129  125  124  131  142  163  183  204  225  241  255  262  268  276  285
  299  311  323  331  336  352  385  405  414                                   
    17.5-180.0 180.0   5.0 450.0                            LAT/LON1/LON2/DLON/H
  423  427  440  447  451  453  447  444  439  439  440  447  452  456  452  450
  439  422  402  375  349  323  305  288  275  256  238  216  196  176  158  140
  127  115  111  108  111  115  124  128  137  141  147  149  149  145  138  129
  121  115  110  110  115  129  152  176  196  219  233  248  256  266  275  292
  308  324  336  342  346  361  389  408  423                                   
    15.0-180.0 180.0   5.0 450.0                            LAT/LON1/LON2/DLON/H
  431  435  446  454  468  471  473  468  466  463  469  475  490  495  500  493
  487  461  435  397  364  329  304  281  260  234  212  188  169  151  136  123
  114  107  107  105  109  110  118  120  128  130  136  137  138  132  125  116
  108  104  101  104  112  126  150  174  196  218  232  250  260  273  288  305
  325  341  351  357  356  366  395  411  431                                   
    12.5-180.0 180.0   5.0 450.0                            LAT/LON1/LON2/DLON/H
  438  440  450  462  472  485  485  486  481  482  485  500  515  532  537  537
  525  502  466  423  379  337  304  274  246  216  191  166  151  135  124  114
  111  109  112  114  116  117  120  121  124  126  128  129  127  122  114  106
   98   95   93  101  108  125  145  171  193  217  230  249  260  277  293  317
  336  353  363  370  370  381  402  417  438                                   
    10.0-180.0 180.0   5.0 450.0                            LAT/LON1/LON2/DLON/H
  444  447  455  463  479  492  498  498  496  493  502  511  534  547  562  558
  551  522  488  438  391  342  303  268  233  200  173  151  138  128  122  119
  119  123  127  132  132  131  127  125  124  124  127  124  124  116  108  100
   93   93   92  102  112  127  148  169  193  215  233  254  268  288  309  331
  350  366  377  383  384  393  418  427  444                                   
     7.5-180.0 180.0   5.0 450.0                            LAT/LON1/LON2/DLON/H
  451  453  459  469  477  496  501  508  502  505  508  523  536  556  563  566
  552  532  494  452  397  348  304  263  226  191  166  147  139  134  133  133
