data/unet/pred3010.15i
     1.0            IONOSPHERE MAPS     GNSS                IONEX VERSION / TYPE
pyspatialgeodesy        IME             05-JAN-18 20:20     PGM / RUN BY / DATE 
Map Name                                                    COMMENT             
Predicted global ionosphere maps (GIM).                     DESCRIPTION         
  2015    10    28     0     0     0                        EPOCH OF FIRST MAP  
  2015    10    29     0     0     0                        EPOCH OF LAST MAP   
  7200                                                      INTERVAL            
    13                                                      # OF MAPS IN FILE   
  NONE                                                      MAPPING FUNCTION    
10.0                                                        ELEVATION CUTOFF    
One-way carrier phase leveled to code                       OBSERVABLES USED    
  6371.0                                                    BASE RADIUS         
 2                                                          MAP DIMENSION       
   450.0 450.0   0.0                                        HGT1 / HGT2 / DHGT  
    87.5 -87.5  -2.5                                        LAT1 / LAT2 / DLAT  
  -180.0 180.0   5.0                                        LON1 / LON2 / DLON  
    -1                                                      EXPONENT            
                                                            END OF HEADER       
[from data line 858]
     3                                                      START OF TEC MAP    
  2015    10    28     4     0     0                        EPOCH OF CURRENT MAP
    87.5-180.0 180.0   5.0 450.0                            LAT/LON1/LON2/DLON/H
   84  105   91   84   86   80   83   81   84   82   84   83   84   84   85   84
   84   83   84   83   83   82   84   82   82   82   82   81   81   81   81   79
   80   79   80   77   80   77   80   77   81   77   82   78   83   80   84   81
   85   84   87   86   89   89   92   90   94   92   95   93   96   94   96   93
   95   93   96   93   96   89  105   83   84                                   
    85.0-180.0 180.0   5.0 450.0                            LAT/LON1/LON2/DLON/H
  117  102   84   86   82   77   77   75   76   75   76   76   76   78   77   79
   78   80   79   80   77   78   76   77   75   75   74   74   74   74   75   74
   76   75   77   76   78   77   79   77   80   78   81   79   82   81   84   83
   86   86   89   89   93   93   96   96   99   99  102  100  103  101  103   99
  102   98  101   97   97   91   99  117  117                                   
    82.5-180.0 180.0   5.0 450.0                            LAT/LON1/LON2/DLON/H
  109   82   87   84   75   67   66   63   64   61   65   62   67   64   70   67
   71   67   71   66   69   63   66   60   62   57   59   55   58   55   59   57
   61   60   64   64   67   67   70   71   72   73   74   76   75   77   78   81
   82   86   88   92   94   99  101  105  107  110  112  114  114  115  114  114
  112  111  109  110  106  102  106  114  109                                   
    80.0-180.0 180.0   5.0 450.0                            LAT/LON1/LON2/DLON/H
  120   95   94   89   80   74   69   69   65   67   65   70   70   74   75   78
   77   77   76   74   71   68   64   62   57   56   54   53   52   53   55   57
   59   63   65   69   71   75   76   78   78   79   79   80   80   81   82   86
   87   92   96  101  105  110  113  119  122  127  129  134  134  138  136  137
  134  133  129  127  121  113  114  119  120                                   
    77.5-180.0 180.0   5.0 450.0                            LAT/LON1/LON2/DLON/H
  128  101   97   90   77   72   64   66   58   64   59   69   66   75   73   79
   76   78   74   73   66   64   56   55   47   46   43   43   42   44   47   49
   52   56   60   64   67   69   72   73   76   74   77   75   76   76   79   81
   86   90   98  103  111  118  126  133  139  144  149  153  156  158  158  157
  155  153  151  145  138  127  127  128  128                                   
    75.0-180.0 180.0   5.0 450.0                            LAT/LON1/LON2/DLON/H
  133  112  102   93   80   70   64   60   55   57   56   61   63   68   72   73
   75   72   72   66   64   57   53   46   42   38   36   34   36   36   41   43
   47   52   56   60   63   65   67   68   68   68   68   68   68   70   72   76
   82   90   99  107  116  125  133  141  147  154  160  165  169  172  174  173
  172  170  167  163  153  144  139  137  133                                   
    72.5-180.0 180.0   5.0 450.0                            LAT/LON1/LON2/DLON/H
  148  120  113  100   83   72   61   57   50   50   48   53   54   61   64   68
   68   68   66   62   57   53   46   42   37   35   34   32   34   37   41   44
   48   52   57   58   62   61   64   61   63   60   63   60   62   62   68   73
   82   93  105  117  127  137  148  154  162  167  174  177  182  183  186  187
  186  184  181  175  169  164  157  151  148                                   
    70.0-180.0 180.0   5.0 450.0                            LAT/LON1/LON2/DLON/H
  157  137  125  111   93   79   68   60   52   51   47   51   51   57   58   62
   64   64   64   61   58   53   50   44   43   38   38   37   40   40   45   47
   51   53   56   57   58   56   56   54   54   53   54   53   55   58   64   72
   85  100  114  127  139  149  162  170  178  183  189  190  193  192  193  193
  194  192  191  185  180  173  170  159  157                                   
    67.5-180.0 180.0   5.0 450.0                            LAT/LON1/LON2/DLON/H
  171  149  137  121  100   86   71   64   54   52   46   48   46   48   49   51
   52   54   53   55   51   52   46   47   43   43   41   43   45   48   50   53
   53   55   55   54   54   50   50   46   48   45   48   47   51   56   64   75
   91  107  122  138  151  162  176  184  193  196  200  199  198  197  196  195
  193  192  191  187  183  184  179  168  171                                   
    65.0-180.0 180.0   5.0 450.0                            LAT/LON1/LON2/DLON/H
  175  160  147  130  109   95   82   73   65   59   52   52   48   48   47   48
   50   50   52   51   53   50   51   48   51   48   51   50   54   53   57   55
   56   53   52   50   47   44   41   40   40   39   42   44   49   56   67   82
  100  118  133  147  161  174  187  198  204  209  210  209  207  204  201  197
  193  189  187  184  182  182  183  170  175                                   
    62.5-180.0 180.0   5.0 450.0                            LAT/LON1/LON2/DLON/H
  181  162  151  134  113   99   86   77   69   63   57   53   49   46   44   44
   44   46   46   48   48   49   48   49   50   52   52   55   55   56   55   54
   51   48   48   43   42   37   37   34   37   36   41   44   52   61   74   93
  110  127  142  155  172  183  199  206  215  216  218  215  213  209  202  196
  188  183  179  177  176  180  178  170  181                                   
    60.0-180.0 180.0   5.0 450.0                            LAT/LON1/LON2/DLON/H
  180  164  151  134  116  102   91   82   76   67   62   56   52   46   43   43
   44   43   46   45   48   45   47   47   51   51   55   54   57   53   53   49
   47   44   43   40   38   35   34   32   35   36   42   48   58   69   85  104
  121  136  149  162  179  194  206  217  223  225  227  223  222  216  209  201
  193  184  180  175  171  170  174  164  180                                   
    57.5-180.0 180.0   5.0 450.0                            LAT/LON1/LON2/DLON/H
  182  161  149  135  115  103   91   84   77   72   66   60   54   49   45   45
   45   46   45   47   45   45   44   46   47   50   50   52   51   49   45   43
   43   39   41   38   40   36   38   36   40   41   49   56   67   81   98  116
  131  145  159  170  187  200  214  222  232  234  237  234  234  227  221  212
  202  191  184  175  169  170  168  163  182                                   
    55.0-180.0 180.0   5.0 450.0                            LAT/LON1/LON2/DLON/H
  186  166  154  136  118  105   94   86   81   73   67   59   56   49   48   47
   50   49   49   47   47   43   44   43   45   46   49   48   49   45   43   41
   42   41   43   43   44   43   46   45   48   50   59   66   79   95  111  127
  141  154  166  179  193  208  220  232  241  245  251  249  250  243  238  228
  218  207  198  187  178  172  173  164  186                                   
    52.5-180.0 180.0   5.0 450.0                            LAT/LON1/LON2/DLON/H
  196  175  161  145  123  111   97   90   83   77   69   61   57   52   52   50
   53   52   51   49   46   45   43   44   45   47   47   47   46   43   42   40
   44   44   49   50   56   55   59   56   60   61   70   78   91  109  124  139
  153  165  178  188  202  215  227  238  251  257  264  264  265  259  255  245
  235  224  211  199  188  184  180  173  196                                   
    50.0-180.0 180.0   5.0 450.0                            LAT/LON1/LON2/DLON/H
  206  189  177  157  137  121  107   98   90   80   71   63   60   53   55   53
   57   55   55   51   51   48   48   48   51   51   53   50   50   45   44   43
   47   49   55   59   66   68   72   70   73   74   82   90  105  122  137  152
  166  179  190  201  213  225  236  248  261  269  278  278  279  273  268  259
  252  239  229  215  205  196  196  181  206                                   
    47.5-180.0 180.0   5.0 450.0                            LAT/LON1/LON2/DLON/H
  220  206  193  178  153  136  120  109   97   88   76   67   61   57   57   55
   59   55   57   53   55   55   57   60   62   63   62   59   57   52   50   49
   54   57   65   70   79   80   85   82   84   85   93  102  118  135  152  169
  182  194  207  216  227  238  248  258  271  278  286  287  287  281  276  266
  259  247  236  224  217  209  206  194  220                                   
    45.0-180.0 180.0   5.0 450.0                            LAT/LON1/LON2/DLON/H
  229  220  209  193  174  154  136  123  109   96   84   73   67   61   61   59
   60   58   58   59   62   65   71   72   76   75   75   70   68   61   58   55
   59   62   71   78   87   91   95   93   95   95  103  113  130  149  166  183
  195  209  220  232  241  251  259  268  279  285  291  290  289  282  275  264
  257  246  238  229  224  215  216  202  229                                   
    42.5-180.0 180.0   5.0 450.0                            LAT/LON1/LON2/DLON/H
  234  225  216  205  184  169  148  135  119  106   92   82   72   68   64   61
   61   58   61   63   70   78   84   87   87   87   83   80   75   69   65   62
   65   67   75   82   91   96  101   99  102  103  111  123  141  162  180  197
  212  224  236  246  256  263  269  274  284  287  291  288  286  277  269  256
  249  239  231  224  220  215  213  206  234                                   
    40.0-180.0 180.0   5.0 450.0                            LAT/LON1/LON2/DLON/H
  229  223  214  203  188  174  155  142  127  114   99   89   80   74   70   66
   64   64   67   75   84   92   97   99   98   95   90   86   82   76   72   68
   69   71   77   84   93   99  103  104  106  110  119  133  151  172  190  207
  221  234  246  257  266  273  278  284  290  291  294  290  287  276  267  253
  246  234  228  221  217  211  213  203  229                                   
    37.5-180.0 180.0   5.0 450.0                            LAT/LON1/LON2/DLON/H
  223  214  202  195  178  169  151  142  127  117  104   96   86   82   76   72
   71   73   80   88   98  105  108  107  102   97   90   86   81   78   75   72
   72   72   77   83   92   97  104  104  111  114  129  141  162  181  200  214
  231  241  254  262  273  278  287  290  296  297  301  297  294  284  274  258
  248  236  227  221  215  212  211  204  223                                   
    35.0-180.0 180.0   5.0 450.0                            LAT/LON1/LON2/DLON/H
  218  202  191  177  166  156  143  136  123  116  105   99   91   87   82   80
   80   85   94  103  111  115  114  110  102   95   88   83   82   80   81   78
   78   78   80   86   92   99  104  107  112  119  132  148  167  186  203  216
  231  241  253  264  275  286  296  300  309  312  318  317  316  308  298  282
  270  257  246  236  227  216  216  206  218                                   
    32.5-180.0 180.0   5.0 450.0                            LAT/LON1/LON2/DLON/H
  226  203  183  170  152  143  130  124  114  109  101   98   91   91   87   87
   91   98  108  116  121  121  117  107   97   89   83   80   81   83   86   86
   86   85   85   87   93   98  104  106  115  121  139  153  173  187  205  214
  230  238  251  263  280  294  308  315  331  337  348  348  353  350  341  326
  312  296  285  270  256  241  237  224  226                                   
    30.0-180.0 180.0   5.0 450.0                            LAT/LON1/LON2/DLON/H
  240  210  190  164  147  135  122  115  105  101   92   93   89   91   88   93
   98  109  118  125  127  122  112  103   93   87   84   84   88   93   97   99
   97   97   93   95   96  101  104  107  114  122  138  157  174  189  203  214
  226  234  250  267  291  311  328  339  355  367  384  394  404  405  406  396
  386  370  359  337  323  289  274  254  240                                   
    27.5-180.0 180.0   5.0 450.0                            LAT/LON1/LON2/DLON/H
  285  239  213  181  155  136  122  111  100   94   87   88   84   89   87   95
  103  115  124  129  127  118  109   99   94   92   94   97  104  110  115  116
  115  109  104   99   97  100  103  104  111  120  139  156  177  187  204  211
  226  231  251  269  300  318  343  356  382  393  418  431  455  464  475  473
  471  463  453  427  412  379  340  311  285                                   
    25.0-180.0 180.0   5.0 450.0                            LAT/LON1/LON2/DLON/H
  354  289  258  217  180  150  132  118  104   95   88   87   84   87   84   94
  103  114  121  123  119  108  101   99  101  107  116  121  127  130  133  133
  130  123  114  107  101  100  103  103  110  117  134  153  172  189  203  219
  229  243  262  287  314  339  359  379  406  421  441  463  496  518  539  550
  553  555  545  531  509  483  433  399  354                                   
    22.5-180.0 180.0   5.0 450.0                            LAT/LON1/LON2/DLON/H
  437  387  333  272  231  194  163  139  123  111  102   96   89   88   83   91
   98  109  114  113  108  100  100  105  119  135  148  152  155  153  152  148
  142  132  122  110  102   98  100   98  103  110  127  145  172  188  209  222
  241  252  279  297  331  355  387  407  440  451  476  503  536  561  588  602
  618  622  626  612  603  575  527  498  437                                   
    20.0-180.0 180.0   5.0 450.0                            LAT/LON1/LON2/DLON/H
  524  472  423  358  297  253  213  182  154  135  124  115  106   99   89   92
   95  102  104  102   97   94  103  122  151  172  191  191  188  177  170  159
  150  136  122  109  101   93   94   92   97  103  122  144  175  196  218  237
  255  273  295  320  351  383  413  436  462  475  495  524  561  591  620  641
  662  675  678  681  673  656  616  581  524                                   
    17.5-180.0 180.0   5.0 450.0                            LAT/LON1/LON2/DLON/H
  587  547  501  443  383  327  276  244  212  184  160  146  133  120  107  101
  100  100  100   96   96   99  118  148  183  211  228  230  216  197  182  163
  150  134  119  105   96   89   86   84   85   93  110  137  173  198  225  243
  267  285  312  340  373  410  442  466  484  493  513  537  569  597  627  647
  670  687  702  711  721  708  674  643  587                                   
    15.0-180.0 180.0   5.0 450.0                            LAT/LON1/LON2/DLON/H
  626  598  562  507  461  407  349  304  268  238  211  187  169  151  134  121
  114  108  104  102  104  113  141  176  219  245  263  253  231  201  181  159
  142  125  109   96   91   85   84   78   83   89  110  136  175  202  229  249
  275  296  326  358  393  428  455  473  490  500  516  535  561  588  609  630
  648  671  689  710  728  720  700  675  626                                   
    12.5-180.0 180.0   5.0 450.0                            LAT/LON1/LON2/DLON/H
  634  625  597  558  516  469  421  373  329  296  268  243  219  195  172  153
  141  130  125  122  128  140  170  207  243  272  277  263  231  198  174  147
  130  113  100   90   87   85   83   78   80   88  107  137  179  206  233  253
  281  307  338  373  410  445  465  485  498  508  514  533  551  569  583  598
  612  632  653  680  706  711  698  684  634                                   
    10.0-180.0 180.0   5.0 450.0                            LAT/LON1/LON2/DLON/H
  631  632  617  584  553  512  470  431  389  354  315  289  266  240  214  193
  179  164  159  158  166  177  203  234  268  283  279  251  216  183  158  137
  118  103   91   84   86   84   85   77   82   87  109  137  179  206  233  256
  287  314  346  381  417  441  463  477  496  501  513  527  543  556  565  576
  584  603  619  649  675  677  674  665  631                                   
     7.5-180.0 180.0   5.0 450.0                            LAT/LON1/LON2/DLON/H
  611  628  622  599  574  540  506  469  432  396  362  336  311  287  263  240
  225  211  205  206  210  220  238  264  280  283  260  231  196  165  145  126
