data/unet/pred3560.15i
     1.0            IONOSPHERE MAPS     GNSS                IONEX VERSION / TYPE
pyspatialgeodesy        IME             05-JAN-18 20:20     PGM / RUN BY / DATE 
Map Name                                                    COMMENT             
Predicted global ionosphere maps (GIM).                     DESCRIPTION         
  2015    12    22     0     0     0                        EPOCH OF FIRST MAP  
  2015    12    23     0     0     0                        EPOCH OF LAST MAP   
  7200                                                      INTERVAL            
    13                                                      # OF MAPS IN FILE   
  NONE                                                      MAPPING FUNCTION    
10.0                                                        ELEVATION CUTOFF    
One-way carrier phase leveled to code                       OBSERVABLES USED    
  6371.0                                                    BASE RADIUS         
 2                                                          MAP DIMENSION       
   450.0 450.0   0.0                                        HGT1 / HGT2 / DHGT  
    87.5 -87.5  -2.5                                        LAT1 / LAT2 / DLAT  
  -180.0 180.0   5.0                                        LON1 / LON2 / DLON  
    -1                                                      EXPONENT            
                                                            END OF HEADER       
[from data line 4719]
    12                                                      START OF TEC MAP    
  2015    12    22    22     0     0                        EPOCH OF CURRENT MAP
    87.5-180.0 180.0   5.0 450.0                            LAT/LON1/LON2/DLON/H
  137   79   55   59   58   59   59   59   60   60   62   62   63   64   64   65
   65   66   66   66   66   66   66   66   65   65   65   64   64   63   63   62
   62   61   61   61   61   61   61   61   62   62   62   63   63   64   64   65
   65   66   66   66   66   67   66   66   66   66   65   65   64   64   62   62
   60   60   58   58   58   58   61  110  137                                   
    85.0-180.0 180.0   5.0 450.0                            LAT/LON1/LON2/DLON/H
   62   42   39   42   46   45   48   49   51   53   55   58   60   61   62   64
   64   65   65   66   65   64   63   64   62   61   60   60   58   58   56   56
   54   54   53   53   53   53   53   54   54   55   55   56   56   57   58   58
   59   60   60   60   60   60   60   59   59   58   57   56   55   54   53   51
   50   49   46   45   44   44   42   74   62                                   
    82.5-180.0 180.0   5.0 450.0                            LAT/LON1/LON2/DLON/H
   43   32   32   35   38   37   43   43   50   50   58   58   66   64   71   70
   74   71   75   71   73   69   71   67   68   63   66   61   62   57   59   54
   57   51   55   50   54   50   54   51   55   53   57   55   59   58   61   61
   63   64   65   66   66   66   66   65   65   62   62   58   59   54   54   49
   49   44   44   37   39   33   36   56   43                                   
    80.0-180.0 180.0   5.0 450.0                            LAT/LON1/LON2/DLON/H
   38   27   22   27   27   30   34   39   44   51   56   63   67   72   75   78
   78   80   77   79   75   75   71   72   66   68   62   64   58   59   54   55
   51   52   49   50   48   50   48   50   48   51   50   53   53   57   57   60
   61   65   64   68   66   69   66   68   65   66   61   61   56   55   49   48
   42   40   35   32   29   29   24   45   38                                   
    77.5-180.0 180.0   5.0 450.0                            LAT/LON1/LON2/DLON/H
   31   21   18   20   22   25   30   35   43   50   59   66   73   77   82   83
   85   82   82   79   77   73   72   69   68   64   63   60   59   56   55   52
   52   49   50   48   49   47   48   47   47   47   48   49   50   52   52   55
   56   59   58   62   61   63   61   63   60   60   57   56   51   49   45   41
   37   33   29   24   23   20   19   40   31                                   
    75.0-180.0 180.0   5.0 450.0                            LAT/LON1/LON2/DLON/H
   30   22   16   23   23   29   33   42   49   61   69   78   82   88   90   92
   89   88   83   81   76   75   70   70   66   67   62   64   59   60   56   56
   53   53   51   51   49   50   47   48   47   48   46   48   48   49   50   52
   53   54   56   57   58   59   58   59   57   56   54   53   49   47   43   41
   36   33   29   26   24   23   22   43   30                                   
    72.5-180.0 180.0   5.0 450.0                            LAT/LON1/LON2/DLON/H
   35   29   26   29   31   36   42   50   60   71   80   87   93   96   97   95
   93   87   84   76   74   68   68   64   65   62   64   61   62   60   60   57
   57   55   55   53   53   51   51   49   49   47   48   46   47   46   48   48
   49   50   51   52   53   53   54   53   53   52   51   49   47   45   43   40
   38   35   33   29   30   29   29   51   35                                   
    70.0-180.0 180.0   5.0 450.0                            LAT/LON1/LON2/DLON/H
   46   42   38   42   44   50   56   65   75   87   94  102  105  108  106  103
   96   90   81   75   67   64   60   62   60   62   59   62   59   61   58   59
   56   57   53   54   51   51   49   50   48   49   47   48   46   46   45   45
   45   46   46   47   47   48   47   48   46   47   45   46   43   44   41   42
   39   40   37   38   37   39   40   60   46                                   
    67.5-180.0 180.0   5.0 450.0                            LAT/LON1/LON2/DLON/H
   61   59   55   58   60   64   70   78   88   97  105  112  115  115  113  106
  100   88   80   68   62   55   56   54   57   56   58   57   57   56   56   55
   53   52   51   50   49   49   49   49   49   48   48   48   47   46   45   44
   44   44   44   44   44   45   44   45   44   44   44   44   43   43   43   43
   43   43   44   44   48   49   51   69   61                                   
    65.0-180.0 180.0   5.0 450.0                            LAT/LON1/LON2/DLON/H
   72   74   69   74   75   82   86   94  101  111  117  124  127  126  122  114
  104   93   79   69   58   54   50   52   50   52   50   52   49   50   47   48
   44   45   42   44   42   43   42   44   44   46   45   47   45   45   43   43
   41   42   40   41   40   42   40   42   40   42   39   41   39   42   40   43
   42   45   46   49   53   57   62   79   72                                   
    62.5-180.0 180.0   5.0 450.0                            LAT/LON1/LON2/DLON/H
   83   85   81   85   88   92   98  102  111  118  126  130  135  133  129  119
  110   95   83   68   59   50   49   45   47   44   45   42   42   40   39   38
   37   35   35   34   34   35   36   38   39   41   41   43   42   42   41   40
   39   38   37   37   37   37   37   38   38   38   38   38   38   38   38   39
   40   43   46   50   56   61   67   85   83                                   
    60.0-180.0 180.0   5.0 450.0                            LAT/LON1/LON2/DLON/H
   88   94   89   97   99  105  108  112  118  125  131  137  141  141  137  129
  118  105   90   77   63   56   47   45   41   40   36   36   33   34   30   31
   28   28   26   26   25   27   27   31   32   35   36   39   39   38   37   36
   35   34   33   33   33   34   33   35   34   35   34   35   33   34   32   35
   35   40   43   49   56   63   71   89   88                                   
    57.5-180.0 180.0   5.0 450.0                            LAT/LON1/LON2/DLON/H
   93  100   95  104  108  111  116  117  124  127  134  138  143  144  143  136
  128  114  103   85   75   60   53   43   40   34   33   29   30   29   29   28
   27   25   24   23   23   23   24   27   30   33   35   37   36   36   34   33
   31   30   29   29   29   30   30   31   31   32   32   32   31   31   30   31
   32   36   41   48   57   65   73   93   93                                   
    55.0-180.0 180.0   5.0 450.0                            LAT/LON1/LON2/DLON/H
   96  107  104  113  118  121  124  126  128  132  136  140  145  147  148  144
  138  127  115  102   87   74   59   50   40   35   30   30   30   32   31   33
   29   28   25   25   23   24   24   28   29   33   33   36   35   35   32   31
   28   27   26   27   26   28   27   30   30   31   30   31   29   29   28   30
   31   37   43   51   60   70   80  100   96                                   
    52.5-180.0 180.0   5.0 450.0                            LAT/LON1/LON2/DLON/H
  105  117  115  124  129  131  136  133  136  135  139  139  144  147  150  149
  147  140  131  117  104   87   74   57   47   37   35   32   37   38   42   40
   40   35   34   31   31   30   31   33   35   36   37   38   38   37   34   32
   29   27   26   26   27   28   29   31   32   32   32   32   31   31   31   32
   36   42   50   59   70   81   90  111  105                                   
    50.0-180.0 180.0   5.0 450.0                            LAT/LON1/LON2/DLON/H
  117  132  132  140  146  148  150  149  147  145  143  143  145  148  152  154
  156  153  145  136  122  105   87   71   55   47   41   43   46   50   51   53
   49   47   41   43   40   42   39   43   41   45   42   45   42   42   37   37
   33   32   30   31   30   33   32   35   34   36   34   35   33   34   33   38
   42   51   60   72   83   95  105  127  117                                   
    47.5-180.0 180.0   5.0 450.0                            LAT/LON1/LON2/DLON/H
  136  150  150  159  164  166  168  164  163  155  152  148  148  149  154  157
  162  163  160  153  141  123  105   84   69   57   54   53   59   60   65   61
   60   54   53   51   52   51   52   52   52   51   50   50   49   48   45   43
   41   40   40   39   39   40   41   42   42   42   41   40   39   40   41   45
   52   62   73   87  102  115  123  148  136                                   
    45.0-180.0 180.0   5.0 450.0                            LAT/LON1/LON2/DLON/H
  155  170  174  182  187  189  191  186  182  174  167  161  156  155  158  164
  170  175  174  172  161  144  121  101   82   72   65   69   70   73   71   70
   63   61   56   60   59   63   60   63   59   61   56   60   56   58   53   54
   50   51   49   51   49   51   49   51   49   50   46   46   44   46   48   54
   61   73   87  103  119  133  144  169  155                                   
    42.5-180.0 180.0   5.0 450.0                            LAT/LON1/LON2/DLON/H
  176  188  192  202  206  208  209  205  202  193  185  175  169  165  168  172
  178  185  190  188  180  163  140  115   97   82   79   76   80   76   75   68
   65   59   61   61   67   68   70   69   67   66   65   66   65   66   64   62
   61   60   61   61   61   60   60   59   58   56   54   51   50   51   55   61
   70   82   96  116  133  148  159  187  176                                   
    40.0-180.0 180.0   5.0 450.0                            LAT/LON1/LON2/DLON/H
  192  205  211  219  223  224  224  223  220  213  204  196  187  183  181  186
  191  201  205  209  199  183  157  131  108   94   86   87   85   81   74   70
   63   63   61   68   69   76   74   77   72   73   70   74   73   75   71   72
   69   70   68   70   67   67   64   65   61   60   56   55   54   56   60   68
   77   91  104  123  139  155  169  198  192                                   
    37.5-180.0 180.0   5.0 450.0                            LAT/LON1/LON2/DLON/H
  206  216  218  229  233  233  235  234  236  230  226  216  210  201  201  200
  208  212  221  222  218  199  173  143  120  102   95   90   89   81   76   68
   67   65   69   72   78   80   82   80   80   78   79   81   82   82   80   77
   76   75   75   74   73   71   70   68   65   62   59   58   57   60   65   73
   82   95  108  127  143  160  174  206  206                                   
    35.0-180.0 180.0   5.0 450.0                            LAT/LON1/LON2/DLON/H
  217  225  231  240  242  242  241  244  248  247  245  241  233  228  223  224
  225  231  234  238  230  215  185  157  130  113  103  100   95   88   82   79
   78   81   82   87   86   90   87   89   85   87   86   90   89   90   84   83
   78   78   75   75   72   70   68   66   63   60   56   56   56   62   68   79
   89  102  113  129  144  161  179  212  217                                   
    32.5-180.0 180.0   5.0 450.0                            LAT/LON1/LON2/DLON/H
  232  236  241  250  253  251  252  252  259  260  266  261  261  252  250  243
  245  241  246  243  239  219  194  164  140  122  113  109  106  102  100  100
  106  108  111  108  107  102  101   97   96   95   97   99   98   95   89   83
   79   76   74   72   68   67   65   63   60   58   55   56   58   65   72   85
   96  108  117  132  147  166  183  220  232                                   
    30.0-180.0 180.0   5.0 450.0                            LAT/LON1/LON2/DLON/H
  249  252  259  264  266  264  262  265  270  275  279  281  280  276  268  264
  258  254  252  250  242  227  199  176  151  137  129  129  129  128  132  139
  147  150  146  139  130  122  115  111  107  106  105  108  104  100   90   85
   78   76   71   69   63   62   60   59   56   55   52   57   59   69   78   94
  108  120  129  140  157  174  194  231  249                                   
    27.5-180.0 180.0   5.0 450.0                            LAT/LON1/LON2/DLON/H
  271  274  280  286  287  286  285  284  289  292  297  298  300  293  286  277
  271  260  256  248  242  225  204  181  164  152  150  154  160  166  177  190
  203  203  194  173  159  143  135  127  124  120  119  118  113  105   95   85
   78   73   69   65   61   59   57   56   54   53   53   59   64   76   87  106
  121  134  142  153  168  188  207  248  271                                   
    25.0-180.0 180.0   5.0 450.0                            LAT/LON1/LON2/DLON/H
  294  300  309  316  320  319  318  317  316  317  315  320  314  310  296  291
  278  268  256  250  240  230  211  198  183  180  180  190  195  211  224  246
  257  253  234  206  183  163  152  143  137  132  128  126  118  110   98   89
   79   75   68   66   61   61   57   56   52   53   54   63   69   84   98  120
  139  153  163  172  189  208  231  272  294                                   
    22.5-180.0 180.0   5.0 450.0                            LAT/LON1/LON2/DLON/H
  321  329  335  348  359  366  366  360  354  350  349  350  344  335  319  305
  291  274  261  248  240  230  221  212  209  210  216  227  239  257  280  299
  314  297  272  229  203  179  168  158  151  143  137  131  124  113  103   92
   85   77   73   67   65   59   60   54   54   50   56   63   76   92  110  134
  155  172  182  192  208  230  255  300  321                                   
    20.0-180.0 180.0   5.0 450.0                            LAT/LON1/LON2/DLON/H
  348  356  363  380  401  415  418  410  397  390  384  384  375  364  341  328
  303  286  264  250  239  234  232  234  237  245  253  268  277  299  318  341
  347  328  292  241  208  184  175  166  160  150  143  136  128  118  108  100
   92   86   80   77   70   68   64   61   57   56   59   72   83  102  121  150
  173  190  202  214  232  256  284  326  348                                   
    17.5-180.0 180.0   5.0 450.0                            LAT/LON1/LON2/DLON/H
  372  383  388  413  441  464  471  463  451  437  431  426  421  402  387  363
  343  314  290  266  254  247  251  258  270  280  291  303  315  331  350  363
  366  337  296  244  209  186  177  169  164  152  143  134  128  119  113  105
  101   94   91   85   83   77   76   69   66   60   67   75   91  108  131  160
  186  205  218  231  250  275  303  349  372                                   
    15.0-180.0 180.0   5.0 450.0                            LAT/LON1/LON2/DLON/H
  389  401  412  440  471  499  510  511  500  489  480  474  466  448  430  408
  385  353  320  289  272  268  274  287  301  311  320  330  337  346  352  358
  346  315  272  227  200  182  175  168  164  153  144  134  129  121  118  111
  108  102  100   95   93   89   86   80   73   70   71   82   94  115  139  171
  199  217  233  246  267  291  321  363  389                                   
    12.5-180.0 180.0   5.0 450.0                            LAT/LON1/LON2/DLON/H
  397  414  427  456  489  521  536  544  541  533  530  523  518  496  485  459
  444  409  378  338  315  307  312  323  337  346  352  353  350  345  339  331
  314  285  245  216  195  184  181  173  167  152  142  132  127  122  120  115
  114  110  109  105  104   99   96   87   82   75   79   85   99  117  144  175
  204  226  241  256  274  298  327  372  397                                   
    10.0-180.0 180.0   5.0 450.0                            LAT/LON1/LON2/DLON/H
  404  420  436  461  493  521  539  554  561  567  569  575  573  558  547  528
  510  476  440  399  366  351  355  364  377  378  374  361  342  327  307  293
  270  246  216  199  194  191  191  182  173  158  147  136  131  125  124  118
  118  112  112  107  107  103  100   93   84   79   76   85   95  116  142  176
  206  229  246  260  278  298  326  368  404                                   
     7.5-180.0 180.0   5.0 450.0                            LAT/LON1/LON2/DLON/H
  403  426  436  459  483  511  530  549  562  578  593  608  618  608  601  583
  573  539  509  467  434  416  411  416  418  410  393  366  336  313  288  267
