data/unet/pred1810.15i
     1.0            IONOSPHERE MAPS     GNSS                IONEX VERSION / TYPE
pyspatialgeodesy        IME             05-JAN-18 20:20     PGM / RUN BY / DATE 
Map Name                                                    COMMENT             
Predicted global ionosphere maps (GIM).                     DESCRIPTION         
  2015     6    30     0     0     0                        EPOCH OF FIRST MAP  
  2015     7     1     0     0     0                        EPOCH OF LAST MAP   
  7200                                                      INTERVAL            
    13                                                      # OF MAPS IN FILE   
  NONE                                                      MAPPING FUNCTION    
10.0                                                        ELEVATION CUTOFF    
One-way carrier phase leveled to code                       OBSERVABLES USED    
  6371.0                                                    BASE RADIUS         
 2                                                          MAP DIMENSION       
   450.0 450.0   0.0                                        HGT1 / HGT2 / DHGT  
    87.5 -87.5  -2.5                                        LAT1 / LAT2 / DLAT  
  -180.0 180.0   5.0                                        LON1 / LON2 / DLON  
    -1                                                      EXPONENT            
                                                            END OF HEADER       
[from data line 2145]
     6                                                      START OF TEC MAP    
  2015     6    30    10     0     0                        EPOCH OF CURRENT MAP
    87.5-180.0 180.0   5.0 450.0                            LAT/LON1/LON2/DLON/H
  116  138  137  137  138  136  139  138  140  140  141  140  140  139  138  137
  135  134  132  131  129  127  126  124  124  122  122  121  122  121  122  122
  123  123  124  123  125  124  124  124  125  124  125  124  125  123  125  124
  125  124  125  125  126  125  126  125  126  125  126  125  126  125  126  126
  127  126  127  127  127  125  124  110  116                                   
    85.0-180.0 180.0   5.0 450.0                            LAT/LON1/LON2/DLON/H
  136  126  132  138  135  136  137  139  138  140  140  140  139  138  137  136
  133  132  131  129  128  127  126  125  125  125  125  126  125  127  127  129
  130  132  131  134  133  136  134  136  135  136  135  136  136  136  136  136
  136  137  136  137  136  136  135  136  134  134  131  132  130  130  127  128
  126  127  126  127  126  125  130  123  136                                   
    82.5-180.0 180.0   5.0 450.0                            LAT/LON1/LON2/DLON/H
  129  132  137  136  139  136  140  138  141  137  140  136  137  133  134  129
  130  126  127  124  124  122  123  122  122  121  123  123  125  125  128  129
  131  132  134  135  137  137  139  140  141  141  142  143  144  143  144  144
  146  144  145  143  145  142  143  140  141  138  138  134  135  131  131  128
  129  126  127  124  128  128  132  131  129                                   
    80.0-180.0 180.0   5.0 450.0                            LAT/LON1/LON2/DLON/H
  133  130  130  134  132  136  134  137  136  136  134  133  131  128  126  123
  121  118  117  115  114  113  112  113  112  114  112  116  115  120  119  124
  124  128  129  133  134  136  137  140  141  143  143  146  145  148  147  150
  148  151  149  151  149  150  147  148  144  145  140  141  136  135  130  130
  125  126  121  123  121  123  123  127  133                                   
    77.5-180.0 180.0   5.0 450.0                            LAT/LON1/LON2/DLON/H
  128  127  130  133  133  136  136  138  136  136  134  132  128  126  122  119
  115  113  111  110  108  108  107  108  107  108  109  111  112  116  118  121
  123  127  130  133  135  138  140  142  145  146  149  151  153  155  158  159
  161  162  163  164  164  164  164  163  161  159  156  153  149  146  141  137
  133  131  127  126  125  123  121  116  128                                   
    75.0-180.0 180.0   5.0 450.0                            LAT/LON1/LON2/DLON/H
  125  121  123  128  126  132  131  135  133  135  131  130  125  123  118  116
  111  110  106  106  103  104  102  104  102  104  104  108  107  113  113  119
  121  126  129  133  135  139  141  144  145  149  150  154  155  160  160  164
  164  168  167  172  169  173  170  171  167  167  161  161  154  152  145  142
  136  135  129  128  125  125  123  118  125                                   
    72.5-180.0 180.0   5.0 450.0                            LAT/LON1/LON2/DLON/H
  123  119  120  122  122  125  126  130  129  130  127  126  120  118  112  111
  106  105  102  102  100  100   99  100   99  100  100  103  104  108  110  116
  119  125  128  133  136  140  143  145  147  150  152  156  157  161  162  165
  165  168  168  172  170  173  172  173  170  170  166  165  160  158  151  149
  142  139  134  130  127  123  123  115  123                                   
    70.0-180.0 180.0   5.0 450.0                            LAT/LON1/LON2/DLON/H
  122  113  113  115  115  119  121  124  124  126  124  123  119  117  112  110
  107  105  104  103  102  102  101  101  100  101  100  104  104  110  112  119
  123  130  135  139  142  146  148  151  152  156  156  160  160  164  163  166
  165  168  167  170  169  172  171  173  171  173  169  170  166  164  158  156
  150  147  142  139  134  130  126  119  122                                   
    67.5-180.0 180.0   5.0 450.0                            LAT/LON1/LON2/DLON/H
  124  113  110  109  109  111  112  115  116  118  117  117  113  112  108  107
  104  104  102  103  102  102  101  101  100  100  101  103  106  111  116  123
  128  135  140  145  148  151  153  155  156  158  160  163  162  164  162  163
  161  163  162  163  163  163  165  166  167  168  168  168  168  166  163  161
  156  154  149  145  140  133  128  118  124                                   
    65.0-180.0 180.0   5.0 450.0                            LAT/LON1/LON2/DLON/H
  126  113  107  106  102  103  104  107  108  111  111  113  111  111  110  109
  108  108  107  107  106  106  104  104  102  102  103  106  109  116  120  129
  135  142  148  153  156  159  159  163  161  165  164  168  165  166  162  162
  158  158  155  155  154  155  157  159  162  164  166  169  169  171  168  168
  163  163  159  157  151  144  137  127  126                                   
    62.5-180.0 180.0   5.0 450.0                            LAT/LON1/LON2/DLON/H
  135  120  111  104   99   96   95   96   96   99  100  103  103  105  105  106
  105  106  105  107  105  106  104  103  103  103  105  108  113  119  126  135
  143  149  156  159  163  164  166  167  168  170  172  173  170  169  165  161
  157  154  151  149  147  147  150  152  156  158  161  164  167  169  169  169
  167  168  166  164  161  151  144  133  135                                   
    60.0-180.0 180.0   5.0 450.0                            LAT/LON1/LON2/DLON/H
  139  125  114  106   97   92   87   87   85   89   90   95   96  100  101  104
  104  106  104  106  104  105  102  103  102  104  106  112  116  125  131  142
  149  157  163  168  170  173  173  176  174  179  177  181  176  175  168  164
  157  154  148  146  144  145  148  150  155  158  161  165  168  172  171  173
  172  175  173  175  171  163  154  147  139                                   
    57.5-180.0 180.0   5.0 450.0                            LAT/LON1/LON2/DLON/H
  148  134  121  109   98   91   84   80   77   78   79   83   86   90   93   96
   97   99   99  101  100  100  100  101  100  104  106  114  120  129  137  148
  156  162  169  171  176  176  179  178  182  182  184  185  183  180  176  169
  164  158  153  150  148  147  151  153  157  159  162  165  168  170  171  172
  173  175  177  178  179  170  162  155  148                                   
    55.0-180.0 180.0   5.0 450.0                            LAT/LON1/LON2/DLON/H
  153  140  127  116  103   93   82   77   71   71   69   73   76   82   85   89
   91   94   94   96   95   97   97  100  100  106  109  119  126  137  145  157
  163  173  176  182  182  186  184  188  187  192  190  194  190  190  183  179
  170  167  160  159  155  156  158  160  164  167  168  172  173  176  174  176
  175  180  180  186  184  179  172  169  153                                   
    52.5-180.0 180.0   5.0 450.0                            LAT/LON1/LON2/DLON/H
  160  150  135  123  108   98   86   78   70   66   64   65   67   71   75   80
   83   86   88   90   91   94   95   99  101  108  112  124  131  144  153  164
  171  180  185  188  190  190  192  192  196  196  199  199  200  197  193  188
  182  178  173  171  167  167  168  170  173  174  176  177  178  178  177  176
  177  178  182  185  189  183  177  174  160                                   
    50.0-180.0 180.0   5.0 450.0                            LAT/LON1/LON2/DLON/H
  163  151  140  128  115  105   93   82   72   67   62   61   62   66   68   74
   76   81   81   86   88   92   94  101  104  113  118  131  139  153  161  175
  180  193  194  201  200  204  201  205  203  209  207  212  207  210  203  202
  193  194  185  185  179  180  178  181  182  184  183  186  185  187  183  184
  181  186  185  192  191  187  181  180  163                                   
    47.5-180.0 180.0   5.0 450.0                            LAT/LON1/LON2/DLON/H
  165  155  142  132  119  112  100   89   79   71   65   61   60   62   63   67
   70   74   76   80   84   90   94  102  107  118  125  139  147  160  170  182
  190  199  206  210  212  213  214  214  215  215  217  218  217  216  214  211
  207  205  198  197  189  188  184  186  186  187  188  188  190  190  189  188
  187  188  189  191  193  187  182  179  165                                   
    45.0-180.0 180.0   5.0 450.0                            LAT/LON1/LON2/DLON/H
  163  150  140  133  124  119  110  100   88   80   71   68   63   64   62   67
   67   72   73   80   84   93   98  109  115  128  135  149  157  171  177  192
  197  210  215  226  227  233  230  234  228  232  225  230  224  228  222  223
  217  218  210  208  197  193  188  188  188  189  189  192  192  197  194  198
  194  200  194  199  193  188  180  177  163                                   
    42.5-180.0 180.0   5.0 450.0                            LAT/LON1/LON2/DLON/H
  161  148  136  131  124  123  115  110   99   91   82   76   70   68   65   66
   67   70   73   79   85   94  100  113  120  134  142  155  165  174  184  194
  203  214  226  236  245  249  250  249  246  245  239  240  235  236  232  232
  227  227  219  215  201  196  187  188  187  189  189  192  195  198  200  201
  201  201  199  196  194  184  178  174  161                                   
    40.0-180.0 180.0   5.0 450.0                            LAT/LON1/LON2/DLON/H
  158  141  130  128  123  122  118  115  107  101   92   86   80   76   71   71
   70   75   76   83   89  100  108  122  130  145  152  166  173  183  188  201
  208  226  236  254  262  270  268  270  263  264  255  256  249  251  244  246
  240  240  231  224  211  201  192  189  189  190  191  194  197  204  205  211
  208  212  203  204  194  182  173  169  158                                   
    37.5-180.0 180.0   5.0 450.0                            LAT/LON1/LON2/DLON/H
  158  139  126  121  118  117  115  114  110  108  100   96   88   83   78   75
   74   75   79   84   91  101  110  123  134  146  156  168  177  186  193  203
  215  232  249  265  278  284  288  286  285  281  275  272  267  266  261  261
  256  255  245  239  223  214  203  201  198  200  200  203  207  211  214  216
  217  213  209  202  197  182  172  168  158                                   
    35.0-180.0 180.0   5.0 450.0                            LAT/LON1/LON2/DLON/H
  158  137  124  118  114  114  111  112  111  111  107  104   97   92   86   81
   79   79   82   87   93  105  114  129  140  153  162  175  183  191  197  209
  223  241  258  277  289  299  303  308  307  307  300  298  290  290  282  284
  276  275  265  258  244  233  222  218  216  214  215  216  218  223  223  229
  225  226  214  212  200  184  173  168  158                                   
    32.5-180.0 180.0   5.0 450.0                            LAT/LON1/LON2/DLON/H
  165  145  128  119  113  108  106  106  106  109  108  107  102   97   91   86
   82   81   83   87   93  103  112  126  138  151  161  173  184  193  203  214
  228  243  261  275  292  300  312  317  324  322  323  319  316  312  306  305
  301  299  289  282  267  260  249  246  241  242  238  239  237  240  237  237
  235  228  223  212  207  189  180  173  165                                   
    30.0-180.0 180.0   5.0 450.0                            LAT/LON1/LON2/DLON/H
  174  151  136  125  117  111  107  104  105  106  107  108  104  100   93   87
   85   82   85   88   94  104  113  128  139  152  163  175  187  196  207  218
  233  246  264  279  295  307  318  326  336  337  339  340  338  337  331  333
  327  328  319  313  301  291  282  277  274  270  268  264  262  260  254  253
  246  242  229  223  211  195  183  183  174                                   
    27.5-180.0 180.0   5.0 450.0                            LAT/LON1/LON2/DLON/H
  184  167  150  136  127  117  111  106  105  106  106  107  103  100   93   88
   84   81   83   85   92  102  111  124  135  148  159  171  185  195  210  220
  234  246  265  277  294  303  316  326  336  339  347  348  354  351  353  350
  348  348  343  342  332  326  315  310  303  300  293  289  285  282  273  268
  259  249  238  225  218  202  193  191  184                                   
    25.0-180.0 180.0   5.0 450.0                            LAT/LON1/LON2/DLON/H
  191  174  161  149  141  131  124  116  112  108  106  105  104   99   94   88
   84   81   83   86   94  103  113  125  136  147  158  171  183  195  208  219
  234  247  264  279  290  301  312  322  334  339  347  353  358  364  363  367
  364  369  369  372  370  365  357  349  342  331  323  314  308  301  292  285
  273  262  246  236  223  209  199  206  191                                   
    22.5-180.0 180.0   5.0 450.0                            LAT/LON1/LON2/DLON/H
  196  182  172  163  156  147  138  130  124  116  111  109  105  101   93   87
   82   81   82   86   92  102  111  122  130  143  153  164  179  188  205  214
  233  245  263  275  288  296  306  317  329  337  346  351  360  361  367  367
  370  376  379  390  391  392  383  376  366  356  344  334  324  316  306  296
  283  269  254  239  228  212  203  208  196                                   
    20.0-180.0 180.0   5.0 450.0                            LAT/LON1/LON2/DLON/H
  199  183  176  171  167  162  152  145  135  127  117  111  106  100   95   88
   84   81   83   86   93  101  109  120  130  140  150  162  173  186  201  213
  231  247  261  277  284  296  303  315  328  340  346  355  357  364  363  370
  373  384  393  405  414  414  410  401  392  380  369  355  342  329  319  308
  294  278  260  245  230  215  202  213  199                                   
    17.5-180.0 180.0   5.0 450.0                            LAT/LON1/LON2/DLON/H
  199  184  180  177  176  171  165  157  148  137  126  117  110  104   98   91
   86   83   83   85   91   97  105  115  124  136  144  155  169  180  198  208
  227  242  259  276  286  298  307  319  331  342  350  354  360  361  365  366
  374  384  396  410  420  424  418  412  402  391  378  363  349  336  324  313
  299  281  263  243  229  210  200  207  199                                   
    15.0-180.0 180.0   5.0 450.0                            LAT/LON1/LON2/DLON/H
  195  179  176  178  175  176  168  164  152  144  130  121  111  106   99   94
   89   85   85   87   90   95  101  112  122  133  140  152  165  179  194  209
  226  245  261  280  289  299  309  322  331  344  347  357  355  364  362  370
  375  389  402  417  430  432  430  423  416  405  392  376  360  345  331  319
  305  286  267  247  230  212  199  210  195                                   
    12.5-180.0 180.0   5.0 450.0                            LAT/LON1/LON2/DLON/H
  193  180  176  176  175  171  166  161  154  144  133  123  115  107  102   97
   93   88   87   86   88   90   96  106  116  127  135  148  161  174  193  205
  227  242  267  283  295  304  314  327  333  343  347  352  357  359  362  366
  377  384  400  414  425  430  425  421  414  406  394  377  361  345  334  319
  305  285  266  244  228  209  199  205  193                                   
    10.0-180.0 180.0   5.0 450.0                            LAT/LON1/LON2/DLON/H
  191  176  173  173  166  165  155  154  145  140  129  122  112  108  101   98
   94   90   88   87   86   87   90  101  112  123  132  146  158  173  190  210
  229  252  271  290  301  308  318  331  336  346  347  357  355  361  359  368
  375  389  401  416  426  427  427  423  421  414  403  386  368  350  336  322
  307  289  269  249  233  216  204  213  191                                   
     7.5-180.0 180.0   5.0 450.0                            LAT/LON1/LON2/DLON/H
  196  182  177  171  164  154  146  140  136  130  121  115  109  105  101   97
   95   91   89   85   83   81   84   94  104  119  130  142  155  170  190  206
