data/unet/pred0580.15i
     1.0            IONOSPHERE MAPS     GNSS                IONEX VERSION / TYPE
pyspatialgeodesy        IME             05-JAN-18 20:20     PGM / RUN BY / DATE 
Map Name                                                    COMMENT             
Predicted global ionosphere maps (GIM).                     DESCRIPTION         
  2015     2    27     0     0     0                        EPOCH OF FIRST MAP  
  2015     2    28     0     0     0                        EPOCH OF LAST MAP   
  7200                                                      INTERVAL            
    13                                                      # OF MAPS IN FILE   
  NONE                                                      MAPPING FUNCTION    
10.0                                                        ELEVATION CUTOFF    
One-way carrier phase leveled to code                       OBSERVABLES USED    
  6371.0                                                    BASE RADIUS         
 2                                                          MAP DIMENSION       
   450.0 450.0   0.0                                        HGT1 / HGT2 / DHGT  
    87.5 -87.5  -2.5                                        LAT1 / LAT2 / DLAT  
  -180.0 180.0   5.0                                        LON1 / LON2 / DLON  
    -1                                                      EXPONENT            
                                                            END OF HEADER       
[from data line 429]
     2                                                      START OF TEC MAP    
  2015     2    27     2     0     0                        EPOCH OF CURRENT MAP
    87.5-180.0 180.0   5.0 450.0                            LAT/LON1/LON2/DLON/H
  122  119  119  110  111  102  107  101  105   99  103   96  101   94   98   90
   94   87   91   83   88   80   84   76   81   74   78   72   77   72   76   71
   76   71   77   72   77   73   80   77   83   82   88   87   92   91   95   94
   98   99  103  103  107  108  112  112  116  116  120  120  123  123  125  125
  128  126  128  125  128  122  120  131  122                                   
    85.0-180.0 180.0   5.0 450.0                            LAT/LON1/LON2/DLON/H
  125  140  121  125  118  114  111  110  108  107  105  104  102  101   99   98
   95   94   90   89   85   84   80   79   75   74   70   70   67   68   66   67
   65   67   67   69   69   73   74   77   79   83   84   88   89   92   94   96
   98  100  103  105  107  110  112  115  116  119  120  122  123  126  126  129
  129  132  131  134  132  129  137  137  125                                   
    82.5-180.0 180.0   5.0 450.0                            LAT/LON1/LON2/DLON/H
  143  145  144  139  135  125  126  120  122  116  118  112  115  109  111  106
  107  101  102   96   95   89   87   82   79   73   72   66   66   61   63   60
   62   60   65   64   69   69   76   76   82   81   87   87   92   92   97   95
  100   98  104  102  109  107  115  113  120  119  126  125  132  132  139  139
  147  146  153  150  155  147  157  147  143                                   
    80.0-180.0 180.0   5.0 450.0                            LAT/LON1/LON2/DLON/H
  165  163  159  155  147  138  136  132  129  126  125  123  122  120  119  117
  116  111  110  104  102   95   92   83   79   70   67   60   57   52   51   49
   51   50   56   57   64   67   75   78   85   87   94   94   99   99  104  102
  106  104  108  107  111  111  116  118  124  127  133  137  142  147  154  159
  164  167  171  172  173  168  172  167  165                                   
    77.5-180.0 180.0   5.0 450.0                            LAT/LON1/LON2/DLON/H
  180  183  179  174  162  156  149  146  140  138  134  135  131  132  128  128
  123  121  116  114  106  103   95   89   80   75   67   62   55   53   49   50
   49   53   56   62   66   74   78   87   90   96   99  103  104  107  107  108
  106  108  109  111  112  116  118  124  128  134  139  145  150  158  164  172
  176  183  187  191  190  188  191  188  180                                   
    75.0-180.0 180.0   5.0 450.0                            LAT/LON1/LON2/DLON/H
  196  197  195  189  180  170  163  158  152  149  144  141  138  135  131  127
  124  119  117  112  109  105  101   94   88   81   75   67   61   56   55   52
   54   56   61   65   71   77   83   89   94   97  101  102  104  104  105  104
  104  104  105  107  108  111  115  122  127  135  140  148  155  164  171  180
  187  193  198  202  205  205  208  208  196                                   
    72.5-180.0 180.0   5.0 450.0                            LAT/LON1/LON2/DLON/H
  215  218  214  207  195  185  175  169  161  156  148  145  137  133  125  121
  114  111  107  106  104  103  102   97   94   86   82   74   68   63   62   61
   61   64   68   72   76   81   86   90   92   94   96   96   95   95   94   94
   93   94   96   97  100  104  110  117  125  131  138  145  155  163  173  181
  191  198  206  211  217  222  225  226  215                                   
    70.0-180.0 180.0   5.0 450.0                            LAT/LON1/LON2/DLON/H
  235  236  233  228  217  202  192  185  177  171  161  155  142  134  121  114
  105  101   98   99  101  103  105  103  101   97   92   87   82   77   77   74
   76   74   78   78   80   82   83   85   84   85   84   83   80   80   79   80
   80   83   85   89   92   99  107  118  126  135  142  151  159  166  174  183
  194  201  211  217  227  234  238  240  235                                   
    67.5-180.0 180.0   5.0 450.0                            LAT/LON1/LON2/DLON/H
  248  253  249  243  232  220  208  200  191  184  172  162  146  133  115  104
   91   87   84   89   93  100  104  107  105  104  100   96   89   88   84   84
   80   81   79   79   76   77   76   76   73   71   68   65   63   61   62   63
   67   71   77   80   88   95  107  118  131  139  149  155  164  167  175  179
  190  196  208  217  229  239  246  249  248                                   
    65.0-180.0 180.0   5.0 450.0                            LAT/LON1/LON2/DLON/H
  255  257  260  256  247  232  223  216  207  202  187  177  156  140  116  102
   87   82   80   86   95  101  109  111  113  111  109  103  100   95   93   88
   87   82   81   76   73   70   67   65   60   59   54   52   49   49   50   53
   57   65   71   80   89  102  116  130  144  154  164  170  177  179  181  184
  189  194  203  213  226  238  247  252  255                                   
    62.5-180.0 180.0   5.0 450.0                            LAT/LON1/LON2/DLON/H
  253  259  260  258  249  239  231  227  221  213  199  183  162  141  117  100
   83   79   77   85   91  101  104  110  108  109  103  101   94   92   86   84
   78   75   69   66   59   58   53   52   48   47   43   41   38   37   39   44
   50   58   66   76   90  104  122  139  155  169  179  188  194  195  195  193
  195  195  203  210  222  233  246  253  253                                   
    60.0-180.0 180.0   5.0 450.0                            LAT/LON1/LON2/DLON/H
  254  258  261  260  251  239  235  231  227  220  207  194  172  153  128  113
   98   91   89   93  100  103  108  108  109  104  101   94   91   84   81   75
   73   66   62   56   53   50   47   47   45   44   40   39   36   36   38   43
   48   59   67   81   96  114  134  152  170  183  197  204  213  213  212  208
  207  204  208  212  218  228  242  249  254                                   
    57.5-180.0 180.0   5.0 450.0                            LAT/LON1/LON2/DLON/H
  256  261  261  256  246  238  233  231  227  221  210  195  177  157  136  122
  109  105   99  103  102  105  102  102   96   94   86   81   74   70   64   62
   56   54   48   46   43   44   43   46   46   46   44   43   39   39   39   45
   50   60   69   82   99  119  139  160  178  198  210  225  234  238  235  231
  228  222  223  221  223  231  246  252  256                                   
    55.0-180.0 180.0   5.0 450.0                            LAT/LON1/LON2/DLON/H
  267  270  268  263  251  241  235  230  227  219  208  197  180  165  148  138
  129  123  117  114  112  107  101   96   91   85   79   72   68   62   59   54
   52   48   46   45   46   48   51   54   56   57   56   55   52   51   50   53
   57   68   77   91  109  129  151  170  192  210  226  241  255  260  262  258
  255  248  247  241  240  245  254  259  267                                   
    52.5-180.0 180.0   5.0 450.0                            LAT/LON1/LON2/DLON/H
  282  285  280  272  261  249  242  234  227  216  206  192  181  166  155  146
  140  134  126  121  112  106   96   91   83   79   71   66   60   56   51   48
   45   45   44   48   50   56   59   65   67   70   69   69   65   64   61   64
   68   76   86  101  118  140  159  181  200  225  239  261  277  288  292  292
  289  284  280  272  266  266  270  271  282                                   
    50.0-180.0 180.0   5.0 450.0                            LAT/LON1/LON2/DLON/H
  303  303  300  290  279  266  253  243  230  218  201  192  178  170  158  154
  148  141  131  123  113  105   94   89   82   78   72   68   62   58   55   53
   53   52   55   58   63   68   74   79   83   85   87   85   84   82   78   80
   82   91  100  117  136  155  175  194  215  235  252  272  292  307  315  320
  321  318  313  302  297  290  288  284  303                                   
    47.5-180.0 180.0   5.0 450.0                            LAT/LON1/LON2/DLON/H
  319  321  316  310  298  285  272  257  242  223  208  190  180  168  161  154
  148  140  129  120  110  103   94   91   87   84   79   74   68   64   61   61
   60   63   64   70   74   81   86   92   95   98  100   99   98   96   93   95
   99  106  117  136  152  172  189  211  227  247  261  282  302  319  331  341
  345  347  343  333  326  315  303  297  319                                   
    45.0-180.0 180.0   5.0 450.0                            LAT/LON1/LON2/DLON/H
  331  332  334  328  320  307  290  273  254  236  214  199  182  173  161  155
  145  135  124  116  109  104   99   99   96   95   89   85   78   73   71   70
   73   74   78   81   87   91   96  100  105  106  110  111  112  111  109  112
  115  124  138  157  175  193  212  229  245  260  272  291  308  325  338  349
  357  362  362  355  350  339  322  308  331                                   
    42.5-180.0 180.0   5.0 450.0                            LAT/LON1/LON2/DLON/H
  333  335  336  338  332  323  304  289  269  248  228  209  194  177  166  152
  140  129  119  113  109  109  106  108  105  104   97   92   84   80   77   78
   78   82   84   89   92   97  102  106  110  113  117  118  120  121  122  126
  132  143  157  177  195  216  232  250  263  274  283  298  315  327  343  352
  362  366  372  366  363  347  328  316  333                                   
    40.0-180.0 180.0   5.0 450.0                            LAT/LON1/LON2/DLON/H
  336  331  336  336  334  327  310  296  277  258  236  223  205  189  171  156
  140  127  118  116  118  120  120  120  116  112  103   96   89   83   82   80
   84   85   89   91   96   99  104  107  115  117  124  126  130  131  134  137
  145  158  173  193  215  235  254  268  281  289  295  306  317  327  338  346
  357  361  368  363  362  353  336  320  336                                   
    37.5-180.0 180.0   5.0 450.0                            LAT/LON1/LON2/DLON/H
  336  330  325  325  321  319  305  297  280  265  246  232  219  200  182  161
  145  130  125  125  129  133  131  128  121  113  103   95   86   82   80   81
   83   85   88   91   95   99  105  112  119  124  129  133  134  138  138  144
  150  164  179  201  225  248  267  284  297  303  309  316  326  330  340  342
  353  356  366  360  364  354  343  329  336                                   
    35.0-180.0 180.0   5.0 450.0                            LAT/LON1/LON2/DLON/H
  350  337  324  314  307  306  295  291  278  268  252  241  227  212  192  172
  154  142  139  141  147  147  143  135  125  114  104   95   90   86   86   85
   88   89   91   93   97  101  110  116  128  133  141  142  145  144  144  146
  152  165  180  203  228  252  275  291  307  312  320  327  333  334  340  343
  352  359  368  370  376  378  370  349  350                                   
    32.5-180.0 180.0   5.0 450.0                            LAT/LON1/LON2/DLON/H
  388  370  345  320  308  301  293  286  277  267  255  244  234  220  203  182
  167  156  155  156  159  156  147  136  125  113  105   99   96   95   97   98
   99  100   99  100  102  108  115  126  134  143  145  149  145  145  141  143
  145  157  171  195  222  247  272  291  311  320  331  339  348  350  358  361
  371  374  385  389  403  412  412  388  388                                   
    30.0-180.0 180.0   5.0 450.0                            LAT/LON1/LON2/DLON/H
  440  428  397  362  339  323  306  293  280  271  258  250  238  226  209  191
  177  167  168  166  168  160  148  134  124  118  114  115  117  118  122  123
  123  122  119  117  117  119  128  136  147  153  156  154  148  143  137  136
  137  144  159  182  211  240  265  290  310  324  339  352  363  373  384  392
  402  406  414  420  433  458  464  447  440                                   
    27.5-180.0 180.0   5.0 450.0                            LAT/LON1/LON2/DLON/H
  515  502  474  433  408  381  353  323  299  282  269  256  244  229  216  198
  187  175  174  168  166  153  141  126  126  125  134  142  153  158  165  167
  166  164  154  150  140  140  141  149  153  158  154  148  139  131  125  121
  123  130  145  168  199  229  259  286  310  331  348  366  381  394  412  426
  439  440  450  455  474  500  517  516  515                                   
    25.0-180.0 180.0   5.0 450.0                            LAT/LON1/LON2/DLON/H
  602  605  562  529  498  468  425  386  345  314  283  268  250  236  220  203
  190  177  172  161  156  144  136  132  142  155  174  189  202  208  217  216
  215  208  196  182  171  162  160  157  159  156  152  144  133  126  117  114
  115  125  141  167  200  235  266  301  326  355  374  394  413  430  454  470
  488  496  505  514  535  570  590  614  602                                   
    22.5-180.0 180.0   5.0 450.0                            LAT/LON1/LON2/DLON/H
  681  696  638  609  587  559  517  465  417  368  330  295  272  250  233  214
  200  182  171  154  147  135  140  149  175  206  232  263  274  288  284  286
  268  257  231  214  194  181  168  161  154  150  144  134  124  113  110  105
  111  121  143  170  207  243  279  312  345  372  403  426  447  475  497  521
  543  560  574  587  608  645  678  701  681                                   
    20.0-180.0 180.0   5.0 450.0                            LAT/LON1/LON2/DLON/H
  771  800  747  722  710  684  640  587  524  460  399  356  313  280  252  231
  214  191  175  156  148  143  158  186  222  277  311  340  351  352  345  330
  311  288  259  237  216  195  173  156  146  140  134  130  119  115  111  110
  114  127  154  185  226  265  299  337  367  398  426  457  489  515  542  572
  604  620  641  651  679  717  752  775  771                                   
    17.5-180.0 180.0   5.0 450.0                            LAT/LON1/LON2/DLON/H
  831  872  830  824  806  784  735  684  623  553  486  428  376  334  295  268
  242  215  194  173  173  178  204  259  307  363  390  412  416  406  383  361
  327  302  268  248  222  198  176  153  143  134  127  119  112  107  110  106
  114  130  162  202  246  284  323  358  396  422  455  489  515  553  579  615
  639  665  683  699  724  763  799  814  831                                   
    15.0-180.0 180.0   5.0 450.0                            LAT/LON1/LON2/DLON/H
  860  897  886  896  893  870  832  778  720  648  575  512  455  406  359  323
  288  256  229  215  215  240  281  347  398  442  459  462  452  424  390  357
  328  297  272  248  223  196  172  148  138  132  122  118  109  110  109  106
  115  132  173  216  264  303  338  376  410  446  479  516  550  582  606  634
  656  681  700  721  750  783  808  826  860                                   
    12.5-180.0 180.0   5.0 450.0                            LAT/LON1/LON2/DLON/H
  837  884  892  912  923  910  878  834  778  713  645  583  529  481  431  389
  354  318  292  284  293  341  389  453  495  509  507  482  450  412  371  340
  311  287  263  243  217  193  170  148  139  129  122  115  109  108  108  104
  111  137  181  226  274  312  348  383  424  461  500  534  567  595  614  638
  654  672  691  710  740  757  790  809  837                                   
    10.0-180.0 180.0   5.0 450.0                            LAT/LON1/LON2/DLON/H
  802  838  858  895  917  914  896  861  820  760  703  644  597  549  509  466
  427  393  364  375  395  453  510  555  569  550  516  468  423  373  332  306
  287  265  253  236  217  195  178  154  144  135  127  121  113  112  107  102
  110  135  187  226  275  311  347  382  425  466  505  546  576  602  621  642
  653  670  679  692  711  726  750  779  802                                   
     7.5-180.0 180.0   5.0 450.0                            LAT/LON1/LON2/DLON/H
  758  789  812  843  880  887  882  856  830  783  737  688  652  612  574  538
  502  469  447  477  514  573  623  634  610  550  495  426  377  330  300  281
