data/unet/pred1950.15i
     1.0            IONOSPHERE MAPS     GNSS                IONEX VERSION / TYPE
pyspatialgeodesy        IME             05-JAN-18 20:20     PGM / RUN BY / DATE 
Map Name                                                    COMMENT             
Predicted global ionosphere maps (GIM).                     DESCRIPTION         
  2015     7    14     0     0     0                        EPOCH OF FIRST MAP  
  2015     7    15     0     0     0                        EPOCH OF LAST MAP   
  7200                                                      INTERVAL            
    13                                                      # OF MAPS IN FILE   
  NONE                                                      MAPPING FUNCTION    
10.0                                                        ELEVATION CUTOFF    
One-way carrier phase leveled to code                       OBSERVABLES USED    
  6371.0                                                    BASE RADIUS         
 2                                                          MAP DIMENSION       
   450.0 450.0   0.0                                        HGT1 / HGT2 / DHGT  
    87.5 -87.5  -2.5                                        LAT1 / LAT2 / DLAT  
  -180.0 180.0   5.0                                        LON1 / LON2 / DLON  
    -1                                                      EXPONENT            
                                                            END OF HEADER       
[from data line 1716]
     5                                                      START OF TEC MAP    
  2015     7    14     8     0     0                        EPOCH OF CURRENT MAP
    87.5-180.0 180.0   5.0 450.0                            LAT/LON1/LON2/DLON/H
   98  112  117  115  113  110  110  110  112  112  113  112  114  115  118  117
  121  122  126  126  130  130  133  131  133  132  133  130  131  128  128  124
  124  121  122  117  118  115  116  112  113  110  112  109  111  109  111  108
  110  108  110  108  109  108  109  107  108  108  109  107  108  108  108  108
  108  110  111  113  114  110  111  102   98                                   
    85.0-180.0 180.0   5.0 450.0                            LAT/LON1/LON2/DLON/H
  104  123  120  123  119  119  120  123  124  125  125  127  127  129  130  132
  133  136  137  140  140  142  141  143  142  142  141  141  140  139  138  137
  136  134  133  132  132  130  129  128  127  127  126  127  128  128  127  128
  128  127  127  127  127  126  125  124  123  122  121  120  118  118  115  115
  112  114  114  115  115  109  111  100  104                                   
    82.5-180.0 180.0   5.0 450.0                            LAT/LON1/LON2/DLON/H
  102  119  124  125  125  122  125  126  129  129  131  131  133  133  135  137
  138  139  141  142  143  143  144  145  145  145  144  144  143  144  142  142
  140  140  138  138  136  136  134  134  132  134  132  134  133  136  134  136
  135  136  135  136  134  135  132  132  130  129  126  125  121  121  117  116
  112  112  110  109  107  106  103   98  102                                   
    80.0-180.0 180.0   5.0 450.0                            LAT/LON1/LON2/DLON/H
  104  117  126  126  126  125  128  131  132  132  133  133  135  135  136  137
  139  139  141  142  144  142  144  143  144  141  142  141  142  140  141  140
  141  139  140  138  139  136  137  135  137  134  138  137  140  139  142  142
  144  143  145  146  146  145  144  142  140  138  135  132  127  124  120  117
  113  111  110  106  105   98   95   94  104                                   
    77.5-180.0 180.0   5.0 450.0                            LAT/LON1/LON2/DLON/H
  101  116  123  125  126  125  129  130  131  130  131  131  131  130  133  133
  135  135  138  139  140  139  139  138  136  135  134  135  134  134  135  136
  136  137  137  137  137  136  137  136  136  136  139  139  142  143  147  147
  150  151  154  154  155  154  154  152  149  146  144  140  136  131  128  122
  117  114  113  106  106  101  101   93  101                                   
    75.0-180.0 180.0   5.0 450.0                            LAT/LON1/LON2/DLON/H
  108  117  125  128  128  128  129  130  129  127  126  124  124  122  124  124
  126  126  129  129  130  128  128  125  123  120  119  118  118  118  121  122
  125  127  131  131  133  133  135  133  134  134  138  139  142  145  150  151
  155  157  161  162  164  163  164  161  160  157  156  151  147  142  138  131
  126  121  119  113  113  102  106  101  108                                   
    72.5-180.0 180.0   5.0 450.0                            LAT/LON1/LON2/DLON/H
  113  123  128  131  129  126  127  125  124  120  118  114  114  111  113  112
  115  114  118  117  120  117  117  113  111  106  104  103  102  103  106  110
  114  119  123  127  130  131  134  134  135  135  139  140  145  147  153  156
  161  163  167  168  169  168  168  166  165  163  162  158  155  150  147  141
  136  132  130  123  122  117  119  107  113                                   
    70.0-180.0 180.0   5.0 450.0                            LAT/LON1/LON2/DLON/H
  122  127  133  134  132  127  125  122  120  114  112  107  107  104  106  105
  108  108  112  112  115  113  114  109  107  101   99   96   96   97  101  105
  111  116  123  126  132  132  136  134  137  137  141  143  147  150  155  159
  162  164  166  167  168  167  167  165  166  164  165  162  162  158  157  151
  149  144  144  136  136  125  128  119  122                                   
    67.5-180.0 180.0   5.0 450.0                            LAT/LON1/LON2/DLON/H
  127  131  136  134  130  123  121  116  113  107  105  101  100   97   99   98
  101  101  105  105  108  107  108  104  102   97   95   92   92   93   98  102
  109  115  122  127  132  133  136  136  139  139  144  145  151  153  159  160
  163  163  165  163  163  161  162  161  162  161  163  162  162  160  160  157
  156  153  153  146  147  138  138  122  127                                   
    65.0-180.0 180.0   5.0 450.0                            LAT/LON1/LON2/DLON/H
  136  137  140  136  129  120  116  110  106  100   97   94   93   91   93   92
   95   96   99  100  103  102  103  100   98   94   93   91   93   94   99  104
  112  116  126  128  135  134  140  138  143  143  150  151  157  159  163  163
  164  162  161  158  157  154  154  153  154  155  158  158  161  160  164  160
  163  159  163  156  158  144  145  135  136                                   
    62.5-180.0 180.0   5.0 450.0                            LAT/LON1/LON2/DLON/H
  142  141  142  136  127  116  111  104  101   94   92   88   89   86   88   86
   89   88   91   90   93   92   94   93   93   91   92   92   96   97  104  107
  115  119  127  130  136  136  142  142  148  149  157  159  166  166  171  168
  169  163  161  155  153  149  148  147  150  150  155  155  159  159  162  161
  163  162  164  160  162  154  154  139  142                                   
    60.0-180.0 180.0   5.0 450.0                            LAT/LON1/LON2/DLON/H
  150  148  147  140  129  117  109  101   95   88   85   83   82   81   81   81
   82   81   82   82   83   83   84   84   86   86   89   91   97  100  107  110
  119  120  130  130  139  139  147  147  156  157  167  169  176  176  179  176
  175  168  163  156  152  148  147  146  147  149  151  154  157  157  160  160
  163  163  167  164  169  158  159  151  150                                   
    57.5-180.0 180.0   5.0 450.0                            LAT/LON1/LON2/DLON/H
  156  153  154  146  135  121  112  102   95   86   84   78   79   75   78   75
   77   72   74   70   71   69   71   72   76   79   86   91   99  103  111  116
  121  125  131  134  141  144  153  157  167  171  180  183  193  191  195  188
  188  176  173  162  159  152  151  149  151  150  155  155  160  158  162  159
  162  163  168  166  171  165  166  154  156                                   
    55.0-180.0 180.0   5.0 450.0                            LAT/LON1/LON2/DLON/H
  168  163  162  156  145  130  120  108   97   88   80   76   71   70   69   70
   67   66   62   61   58   59   59   64   68   75   84   91  101  106  117  119
  128  128  137  139  149  153  163  168  177  182  190  195  204  203  205  199
  197  188  182  174  169  163  160  159  158  160  162  163  164  163  163  161
  162  164  168  170  175  169  174  168  168                                   
    52.5-180.0 180.0   5.0 450.0                            LAT/LON1/LON2/DLON/H
  176  173  173  168  158  143  131  117  105   91   83   74   71   65   67   63
   64   59   58   53   52   50   53   58   65   73   82   92  104  112  121  126
  133  136  144  149  159  166  176  182  193  197  210  214  224  222  223  216
  213  204  202  192  190  181  181  174  178  173  178  174  176  172  173  168
  168  168  172  172  178  176  182  172  176                                   
    50.0-180.0 180.0   5.0 450.0                            LAT/LON1/LON2/DLON/H
  186  183  183  180  171  157  144  130  114   99   87   77   68   64   60   61
   58   57   52   50   45   46   47   54   61   72   81   94  106  115  126  131
  138  143  152  159  170  179  187  195  203  210  220  226  233  231  230  225
  221  215  212  207  203  197  192  191  189  188  188  186  184  182  180  174
  172  172  175  177  184  179  190  185  186                                   
    47.5-180.0 180.0   5.0 450.0                            LAT/LON1/LON2/DLON/H
  192  193  193  190  182  169  155  141  125  108   95   81   72   64   62   59
   60   57   56   50   49   47   52   56   65   74   85   98  109  120  130  137
  144  152  164  174  187  195  203  211  221  227  238  242  250  248  247  243
  239  235  231  227  223  217  213  206  207  201  205  200  202  195  196  187
  184  180  182  181  187  186  197  189  192                                   
    45.0-180.0 180.0   5.0 450.0                            LAT/LON1/LON2/DLON/H
  198  195  195  195  188  176  165  150  134  117  103   90   79   70   64   64
   62   62   58   57   54   55   57   64   69   79   88  101  112  122  133  140
  150  159  173  186  197  209  212  223  229  237  244  250  256  256  255  252
  250  247  243  238  234  229  222  217  213  212  210  208  206  207  205  199
  192  190  191  190  196  192  206  201  198                                   
    42.5-180.0 180.0   5.0 450.0                            LAT/LON1/LON2/DLON/H
  201  198  196  195  188  177  165  154  141  127  114  101   91   80   74   72
   72   70   70   67   68   67   72   75   82   87   97  106  117  126  136  144
  155  167  183  198  212  220  228  233  245  249  258  262  271  271  272  271
  269  268  264  260  254  246  239  232  230  223  225  219  223  220  226  215
  212  203  206  200  204  200  214  206  201                                   
    40.0-180.0 180.0   5.0 450.0                            LAT/LON1/LON2/DLON/H
  203  194  188  186  181  170  161  152  144  133  123  112  102   91   84   81
   80   80   79   78   79   80   85   88   93   96  104  111  120  128  137  145
  158  171  188  206  219  230  233  243  251  257  265  270  278  281  284  284
  284  284  281  279  270  261  251  246  241  237  233  230  231  233  237  229
  223  216  217  213  217  211  223  217  203                                   
    37.5-180.0 180.0   5.0 450.0                            LAT/LON1/LON2/DLON/H
  205  195  185  179  169  159  151  147  142  139  132  125  116  105   98   92
   91   89   90   89   92   94   99  101  106  108  114  119  128  132  140  148
  161  175  195  211  228  235  243  250  263  270  279  285  295  300  307  307
  310  310  309  307  299  289  278  270  268  259  259  250  252  251  260  248
  243  231  233  227  229  223  233  223  205                                   
    35.0-180.0 180.0   5.0 450.0                            LAT/LON1/LON2/DLON/H
  210  198  180  167  159  145  142  136  139  136  138  132  128  115  109  100
   98   96   97   97  101  104  108  112  115  117  122  126  133  138  145  153
  165  181  198  218  229  241  246  257  270  276  287  291  304  309  318  322
  327  333  332  334  326  321  308  303  294  289  283  270  268  269  272  263
  254  246  245  241  243  237  243  237  210                                   
    32.5-180.0 180.0   5.0 450.0                            LAT/LON1/LON2/DLON/H
  219  206  186  168  153  141  134  133  134  139  141  141  137  127  119  109
  106  102  104  103  110  111  119  120  126  126  132  135  141  144  150  156
  169  184  205  219  237  244  256  265  282  291  306  310  324  329  343  345
  360  363  372  372  373  366  358  348  341  330  322  307  301  296  298  284
  277  264  262  256  256  249  254  244  219                                   
    30.0-180.0 180.0   5.0 450.0                            LAT/LON1/LON2/DLON/H
  230  218  192  170  157  141  134  130  135  138  147  146  147  136  128  118
  113  108  108  108  115  118  125  129  132  134  137  141  147  149  152  161
  173  191  208  226  238  249  260  272  289  301  314  319  332  339  355  363
  376  388  400  409  416  416  413  407  395  380  364  344  332  323  320  307
  294  282  275  269  268  264  263  262  230                                   
    27.5-180.0 180.0   5.0 450.0                            LAT/LON1/LON2/DLON/H
  250  237  212  188  173  154  147  140  145  148  156  157  158  148  140  128
  123  115  116  114  124  127  136  138  143  142  146  148  153  152  157  162
  177  192  213  227  243  252  267  281  299  314  330  335  350  358  377  385
  402  415  435  450  467  473  476  468  454  433  415  388  371  356  348  332
  319  303  295  287  283  277  275  269  250                                   
    25.0-180.0 180.0   5.0 450.0                            LAT/LON1/LON2/DLON/H
  259  253  229  208  192  176  166  156  157  157  163  164  165  157  149  139
  130  124  121  122  127  134  141  145  146  148  147  151  153  153  155  164
  179  198  215  235  248  259  276  288  313  322  339  343  360  370  389  399
  416  436  459  484  512  531  543  538  517  488  458  427  404  389  373  356
  338  323  309  303  294  292  292  289  259                                   
    22.5-180.0 180.0   5.0 450.0                            LAT/LON1/LON2/DLON/H
  276  269  252  232  218  199  191  179  178  173  179  177  178  171  164  152
  145  135  133  129  138  143  151  154  156  154  154  152  150  148  152  160
  177  195  217  235  251  265  282  299  321  335  348  354  370  381  400  410
  428  448  479  508  540  568  584  578  559  524  490  458  435  416  400  376
  360  339  327  316  309  304  303  292  276                                   
    20.0-180.0 180.0   5.0 450.0                            LAT/LON1/LON2/DLON/H
  278  272  258  248  238  226  212  202  195  188  187  187  187  181  173  164
  154  148  140  140  144  152  156  160  158  158  150  147  141  139  143  155
  174  194  214  236  252  272  289  305  329  339  357  361  378  390  408  420
  438  458  487  515  546  571  586  580  565  541  511  481  460  442  423  404
  380  361  341  329  318  317  316  303  278                                   
    17.5-180.0 180.0   5.0 450.0                            LAT/LON1/LON2/DLON/H
  286  278  271  260  254  245  234  224  215  206  205  202  203  195  190  180
  170  159  153  150  155  160  164  166  164  158  146  136  128  124  131  146
  165  185  209  231  253  270  292  308  335  343  359  364  382  395  416  427
  445  458  482  501  523  542  555  558  549  532  514  494  478  462  446  428
  406  382  361  344  332  324  318  298  286                                   
    15.0-180.0 180.0   5.0 450.0                            LAT/LON1/LON2/DLON/H
  285  277  266  264  258  253  240  234  223  216  213  210  210  203  198  191
  180  172  161  160  160  165  164  166  157  151  135  123  112  112  120  138
  158  182  206  227  247  272  292  314  337  354  367  377  394  406  426  436
  451  461  474  486  499  507  512  519  517  513  511  498  493  482  471  453
  432  408  384  363  347  337  324  302  285                                   
    12.5-180.0 180.0   5.0 450.0                            LAT/LON1/LON2/DLON/H
  288  276  269  264  260  253  245  237  231  226  223  221  220  217  211  205
  195  185  175  169  167  167  164  162  151  139  122  106   98  101  107  129
  151  176  201  223  243  264  286  309  334  352  367  377  396  409  430  439
  453  457  467  472  475  478  482  490  498  500  506  504  503  498  488  473
  457  433  411  390  372  353  330  303  288                                   
    10.0-180.0 180.0   5.0 450.0                            LAT/LON1/LON2/DLON/H
  294  283  265  263  255  250  240  235  230  228  227  226  226  222  217  212
  200  191  177  172  164  165  156  152  138  126  105   96   87   93  100  125
  150  175  202  220  239  259  281  304  331  352  368  377  396  410  429  441
  451  459  461  466  465  464  470  478  495  504  515  511  510  501  493  476
  461  444  429  414  394  375  341  310  294                                   
     7.5-180.0 180.0   5.0 450.0                            LAT/LON1/LON2/DLON/H
  305  296  279  270  263  248  240  229  229  227  230  229  227  224  219  213
  204  196  181  173  164  157  148  139  124  111   95   89   81   86   93  119
