data/unet/pred2660.15i
     1.0            IONOSPHERE MAPS     GNSS                IONEX VERSION / TYPE
pyspatialgeodesy        IME             05-JAN-18 20:20     PGM / RUN BY / DATE 
Map Name                                                    COMMENT             
Predicted global ionosphere maps (GIM).                     DESCRIPTION         
  2015     9    23     0     0     0                        EPOCH OF FIRST MAP  
  2015     9    24     0     0     0                        EPOCH OF LAST MAP   
  7200                                                      INTERVAL            
    13                                                      # OF MAPS IN FILE   
  NONE                                                      MAPPING FUNCTION    
10.0                                                        ELEVATION CUTOFF    
One-way carrier phase leveled to code                       OBSERVABLES USED    
  6371.0                                                    BASE RADIUS         
 2                                                          MAP DIMENSION       
   450.0 450.0   0.0                                        HGT1 / HGT2 / DHGT  
    87.5 -87.5  -2.5                                        LAT1 / LAT2 / DLAT  
  -180.0 180.0   5.0                                        LON1 / LON2 / DLON  
    -1                                                      EXPONENT            
                                                            END OF HEADER       
[from data line 2145]
     6                                                      START OF TEC MAP    
  2015     9    23    10     0     0                        EPOCH OF CURRENT MAP
    87.5-180.0 180.0   5.0 450.0                            LAT/LON1/LON2/DLON/H
   79  102   94   95   93   92   93   92   92   92   92   91   91   91   90   90
   88   88   87   87   86   86   85   85   84   84   84   83   84   83   84   83
   84   83   85   84   86   85   87   86   87   87   88   87   88   87   88   88
   88   88   88   87   88   87   87   86   86   86   85   85   85   85   85   85
   85   85   86   87   88   85   88   80   79                                   
    85.0-180.0 180.0   5.0 450.0                            LAT/LON1/LON2/DLON/H
  105  105  110  110  107  107  107  106  105  103  103  101  100   99   99   98
   98   97   98   96   98   97   99   98  100  100  101  102  102  104  104  106
  105  107  107  109  108  110  108  109  107  108  106  106  105  104  102  101
  100   99   98   96   95   94   93   91   92   90   90   89   91   90   92   91
   94   94   97   96  100   98  106   98  105                                   
    82.5-180.0 180.0   5.0 450.0                            LAT/LON1/LON2/DLON/H
   92  107  110  110  109  106  106  104  102   99   97   95   91   90   87   88
   85   87   84   87   85   88   87   90   90   93   94   96   98  100  101  103
  105  106  109  109  111  111  112  111  112  110  110  108  108  104  104  101
  101   98   96   94   92   90   87   86   84   84   81   82   81   83   81   84
   84   88   88   92   93   97  101   98   92                                   
    80.0-180.0 180.0   5.0 450.0                            LAT/LON1/LON2/DLON/H
   93   98   99  101   98   98   96   95   90   88   82   79   74   72   68   67
   65   65   65   66   67   69   71   74   76   80   82   86   88   92   93   97
   99  102  105  108  110  111  113  113  114  113  113  112  112  109  108  105
  104  100   98   95   93   89   85   83   80   78   75   74   72   73   71   73
   73   75   76   79   81   83   89   92   93                                   
    77.5-180.0 180.0   5.0 450.0                            LAT/LON1/LON2/DLON/H
   85   91   92   93   90   90   87   86   81   78   72   68   63   59   56   54
   53   53   55   56   60   61   67   69   73   75   79   81   84   88   90   95
   97  103  105  111  112  117  116  120  118  120  118  120  117  117  114  114
  111  110  106  104  100   97   92   89   84   82   77   76   71   73   68   71
   67   71   69   75   75   79   84   75   85                                   
    75.0-180.0 180.0   5.0 450.0                            LAT/LON1/LON2/DLON/H
   79   82   81   84   80   82   78   77   71   69   61   56   49   46   42   42
   40   43   44   49   52   58   61   67   68   74   75   80   80   87   87   96
   96  105  107  115  117  124  124  129  127  130  129  130  128  128  127  126
  123  121  118  115  110  106  101   96   90   85   81   77   73   70   67   66
   63   64   63   67   69   74   78   70   79                                   
    72.5-180.0 180.0   5.0 450.0                            LAT/LON1/LON2/DLON/H
   70   76   75   77   74   75   73   71   64   60   54   48   42   38   37   35
   36   38   43   47   53   57   63   66   70   73   76   78   80   85   87   94
   97  105  111  118  123  130  133  138  137  140  139  140  139  140  138  137
  135  132  129  124  120  114  109  103   98   92   87   83   77   74   69   68
   63   62   60   62   63   65   71   59   70                                   
    70.0-180.0 180.0   5.0 450.0                            LAT/LON1/LON2/DLON/H
   65   65   66   66   67   68   68   64   60   55   49   44   38   36   34   34
   36   40   45   51   56   62   66   70   73   76   78   81   81   87   87   96
   98  109  114  125  130  138  141  147  148  152  150  153  151  153  150  150
  148  146  143  139  133  128  120  115  107  102   95   91   86   82   78   74
   69   67   63   63   61   63   64   55   65                                   
    67.5-180.0 180.0   5.0 450.0                            LAT/LON1/LON2/DLON/H
   56   60   59   60   61   61   63   59   57   52   48   43   40   37   39   38
   42   45   50   55   61   64   70   72   75   76   78   79   80   84   86   93
   98  107  116  126  134  141  147  151  155  155  157  157  158  157  157  156
  156  154  151  147  141  133  125  119  111  106  100   97   91   88   83   80
   74   71   65   62   60   57   61   47   56                                   
    65.0-180.0 180.0   5.0 450.0                            LAT/LON1/LON2/DLON/H
   53   53   53   53   54   56   58   57   55   52   49   46   43   44   43   47
   48   54   55   63   64   70   72   76   77   78   78   81   79   85   84   95
   98  111  117  131  137  146  151  158  160  165  164  168  165  168  165  167
  163  163  158  154  146  139  129  124  114  111  103  103   96   96   91   88
   83   78   73   70   64   61   59   48   53                                   
    62.5-180.0 180.0   5.0 450.0                            LAT/LON1/LON2/DLON/H
   50   52   48   48   49   50   53   53   52   50   48   47   46   48   49   52
   55   58   60   63   65   68   71   73   76   76   78   78   80   82   85   93
   99  111  120  132  141  149  156  160  166  167  171  170  172  169  171  169
  170  167  163  158  150  142  132  125  116  113  107  107  102  102   96   94
   87   84   78   74   68   62   61   47   50                                   
    60.0-180.0 180.0   5.0 450.0                            LAT/LON1/LON2/DLON/H
   52   48   46   45   43   46   48   49   48   48   47   48   48   50   52   57
   58   61   60   64   63   66   67   71   72   76   75   78   77   83   83   96
  100  116  122  137  142  154  158  167  170  177  176  181  177  181  175  179
  174  175  169  165  155  149  137  131  121  119  112  114  109  110  105  104
   95   94   86   83   76   71   65   53   52                                   
    57.5-180.0 180.0   5.0 450.0                            LAT/LON1/LON2/DLON/H
   57   55   48   44   43   42   45   45   44   44   44   46   47   50   54   57
   59   60   59   59   59   60   63   66   69   72   75   76   79   81   87   97
  104  118  128  140  149  157  164  170  177  180  184  184  186  184  184  182
  182  179  176  170  163  156  146  139  130  127  120  121  116  117  112  109
  101   98   92   88   83   75   71   58   57                                   
    55.0-180.0 180.0   5.0 450.0                            LAT/LON1/LON2/DLON/H
   67   59   51   47   41   42   40   42   39   41   39   43   43   47   49   54
   54   56   52   54   52   54   56   61   64   70   72   77   77   85   86  103
  108  128  133  149  152  165  167  179  181  192  190  198  193  198  192  194
  189  190  185  182  174  168  158  152  143  139  133  132  128  127  121  119
  109  108   99   99   91   87   81   71   67                                   
    52.5-180.0 180.0   5.0 450.0                            LAT/LON1/LON2/DLON/H
   77   72   61   54   47   44   42   40   39   39   39   40   41   43   46   49
   50   51   49   47   47   49   52   57   62   68   72   76   80   85   93  105
  116  132  142  154  162  171  178  185  193  198  203  207  207  207  206  203
  202  200  197  194  187  181  171  165  157  153  146  145  140  138  130  125
  116  113  107  105  100   94   91   80   77                                   
    50.0-180.0 180.0   5.0 450.0                            LAT/LON1/LON2/DLON/H
   90   79   69   62   53   50   44   43   39   39   36   38   37   40   39   43
   42   44   41   42   43   46   51   57   63   70   74   80   83   91   96  116
  123  146  151  169  170  185  186  199  201  212  212  221  218  221  216  218
  212  214  208  208  200  195  185  179  171  167  160  158  154  151  142  137
  126  124  115  116  109  107   99   92   90                                   
    47.5-180.0 180.0   5.0 450.0                            LAT/LON1/LON2/DLON/H
  100   94   81   73   63   56   52   48   44   42   40   39   38   39   39   40
   40   41   39   40   41   46   50   58   64   71   76   81   86   92  102  117
  131  149  162  175  184  193  200  207  214  220  226  229  230  230  229  225
  222  220  218  215  208  202  193  186  180  175  170  167  163  160  152  146
  135  131  123  121  116  112  108   98  100                                   
    45.0-180.0 180.0   5.0 450.0                            LAT/LON1/LON2/DLON/H
  109   97   88   79   70   65   59   55   50   47   43   43   40   40   38   39
   38   39   38   41   44   49   55   63   70   78   82   88   91  101  106  127
  137  160  168  189  193  208  210  222  224  235  234  241  239  242  236  236
  229  229  223  222  213  207  196  190  183  180  175  174  170  168  161  156
  145  142  131  129  122  120  113  107  109                                   
    42.5-180.0 180.0   5.0 450.0                            LAT/LON1/LON2/DLON/H
  109  104   94   87   77   71   65   62   58   55   52   50   48   46   44   43
   41   41   41   43   47   53   58   66   73   80   86   91   96  103  113  129
  143  162  178  194  206  215  225  231  240  242  249  250  252  250  247  242
  237  233  228  224  214  206  195  189  183  180  177  176  174  172  166  162
  152  146  136  131  122  118  116  107  109                                   
    40.0-180.0 180.0   5.0 450.0                            LAT/LON1/LON2/DLON/H
  108   99   92   86   78   73   70   67   64   62   59   58   56   54   51   50
   47   47   47   50   54   59   64   71   77   86   91   98  102  114  118  137
  147  169  182  203  214  228  237  245  251  258  259  264  264  264  260  256
  248  245  237  232  219  212  198  194  184  184  178  180  176  177  170  168
  157  153  140  135  124  120  113  109  108                                   
    37.5-180.0 180.0   5.0 450.0                            LAT/LON1/LON2/DLON/H
   99   99   91   85   77   74   70   69   66   66   64   66   65   65   63   60
   57   55   56   57   61   63   68   73   80   87   94   99  106  115  123  136
  149  169  188  206  226  236  252  256  268  269  278  277  282  279  278  270
  265  258  252  244  233  222  210  204  196  193  186  184  181  180  173  170
  161  154  141  132  120  113  110  103   99                                   
    35.0-180.0 180.0   5.0 450.0                            LAT/LON1/LON2/DLON/H
   96   90   86   80   75   72   70   68   68   69   70   73   75   76   76   73
   69   65   64   65   66   68   71   75   80   89   96  106  110  124  126  143
  153  176  195  216  236  249  263  272  283  289  296  300  303  304  303  299
  293  287  282  273  264  255  242  235  225  218  206  201  190  189  177  175
  163  159  142  135  120  114  108  105   96                                   
    32.5-180.0 180.0   5.0 450.0                            LAT/LON1/LON2/DLON/H
   92   90   84   77   71   69   67   67   65   69   70   77   79   86   86   85
   80   76   74   73   73   73   73   76   80   90   97  107  114  125  133  146
  160  180  205  228  252  264  283  288  305  307  320  321  331  329  334  329
  328  321  320  313  307  294  283  274  265  255  237  224  210  201  188  180
  168  159  144  133  119  111  106  103   92                                   
    30.0-180.0 180.0   5.0 450.0                            LAT/LON1/LON2/DLON/H
   96   85   82   75   68   66   65   65   65   68   72   79   85   92   96   95
   92   86   83   79   79   76   77   77   82   90   98  111  118  133  139  155
  166  188  211  237  258  274  290  304  320  328  339  347  358  364  369  370
  370  369  374  373  370  360  345  334  317  300  277  258  237  222  203  193
  176  168  151  141  126  117  112  111   96                                   
    27.5-180.0 180.0   5.0 450.0                            LAT/LON1/LON2/DLON/H
  106   95   85   79   70   68   65   65   64   68   70   79   85   96  100  102
   98   93   88   86   82   81   76   80   81   92  100  112  121  136  145  160
  175  194  221  248  272  287  305  320  342  348  364  369  386  392  401  403
  408  414  424  431  429  422  406  390  372  349  320  292  267  244  222  206
  191  177  164  149  138  128  124  118  106                                   
    25.0-180.0 180.0   5.0 450.0                            LAT/LON1/LON2/DLON/H
  122  105   96   86   76   74   69   68   68   70   73   80   87   97  103  104
  102   95   93   88   86   82   80   81   85   92  103  114  125  139  149  167
  178  203  224  256  274  295  311  332  354  367  381  393  407  417  428  433
  445  456  473  482  489  484  468  448  424  396  365  329  297  270  245  226
  208  197  181  172  159  151  146  138  122                                   
    22.5-180.0 180.0   5.0 450.0                            LAT/LON1/LON2/DLON/H
  142  131  118  107   94   91   83   81   75   77   75   82   84   95   98  103
   99   95   90   89   85   84   79   84   86   97  107  120  132  143  157  169
  186  208  235  265  289  305  324  344  370  381  399  408  426  434  446  454
  469  483  504  516  526  524  511  488  463  430  397  359  327  293  270  248
  234  218  206  192  185  173  168  154  142                                   
    20.0-180.0 180.0   5.0 450.0                            LAT/LON1/LON2/DLON/H
  159  150  141  132  119  110   99   93   87   84   80   82   81   89   92   95
   93   87   87   82   83   78   79   80   88   96  109  122  135  148  160  177
  194  223  247  279  298  316  333  353  378  389  404  417  433  446  458  472
  492  510  530  544  554  552  542  519  498  462  431  392  358  324  295  276
  259  247  235  224  208  199  191  175  159                                   
    17.5-180.0 180.0   5.0 450.0                            LAT/LON1/LON2/DLON/H
  173  170  161  156  146  134  121  112  104   98   90   86   81   84   83   87
   82   80   77   76   74   74   72   78   85   99  112  127  141  154  171  185
  207  233  261  293  313  331  348  368  387  396  410  421  440  451  464  476
  499  515  541  553  563  554  539  518  498  470  441  407  377  345  322  298
  284  269  260  246  233  217  209  183  173                                   
    15.0-180.0 180.0   5.0 450.0                            LAT/LON1/LON2/DLON/H
  177  180  173  172  163  155  141  130  120  112  101   93   82   81   78   79
   74   72   68   68   68   65   68   71   85   95  114  130  147  163  179  198
  220  250  274  308  323  346  361  377  394  400  414  425  442  455  465  483
  494  512  528  542  543  536  523  508  493  470  450  423  397  367  345  325
  310  297  285  272  256  240  226  201  177                                   
    12.5-180.0 180.0   5.0 450.0                            LAT/LON1/LON2/DLON/H
  185  190  186  186  178  168  158  145  136  126  115  102   88   82   76   74
   69   67   63   64   63   61   63   69   81   98  117  136  156  170  190  207
  232  258  287  319  339  359  371  389  400  409  419  430  444  454  466  472
  485  493  505  510  513  505  493  484  472  458  441  423  401  377  358  341
  331  317  307  290  274  259  245  214  185                                   
    10.0-180.0 180.0   5.0 450.0                            LAT/LON1/LON2/DLON/H
  191  196  197  196  189  178  165  155  146  138  126  113   98   87   78   72
   67   63   61   60   58   56   60   64   82   98  123  144  165  179  197  221
  243  273  298  330  345  365  374  391  404  411  421  432  446  457  463  474
  476  484  487  493  491  486  478  472  467  456  447  433  415  392  371  355
  346  335  324  304  288  274  263  236  191                                   
     7.5-180.0 180.0   5.0 450.0                            LAT/LON1/LON2/DLON/H
  208  209  208  209  200  186  171  159  152  144  135  122  106   95   82   75
   67   64   62   61   61   59   61   67   85  106  131  152  174  187  209  228
