data/unet/pred1200.15i
     1.0            IONOSPHERE MAPS     GNSS                IONEX VERSION / TYPE
pyspatialgeodesy        IME             05-JAN-18 20:20     PGM / RUN BY / DATE 
Map Name                                                    COMMENT             
Predicted global ionosphere maps (GIM).                     DESCRIPTION         
  2015     4    30     0     0     0                        EPOCH OF FIRST MAP  
  2015     5     1     0     0     0                        EPOCH OF LAST MAP   
  7200                                                      INTERVAL            
    13                                                      # OF MAPS IN FILE   
  NONE                                                      MAPPING FUNCTION    
10.0                                                        ELEVATION CUTOFF    
One-way carrier phase leveled to code                       OBSERVABLES USED    
  6371.0                                                    BASE RADIUS         
 2                                                          MAP DIMENSION       
   450.0 450.0   0.0                                        HGT1 / HGT2 / DHGT  
    87.5 -87.5  -2.5                                        LAT1 / LAT2 / DLAT  
  -180.0 180.0   5.0                                        LON1 / LON2 / DLON  
    -1                                                      EXPONENT            
                                                            END OF HEADER       
[from data line 3861]
    10                                                      START OF TEC MAP    
  2015     4    30    18     0     0                        EPOCH OF CURRENT MAP
    87.5-180.0 180.0   5.0 450.0                            LAT/LON1/LON2/DLON/H
  230  201  206  206  207  203  206  203  207  204  208  205  209  206  209  206
  209  206  209  206  209  207  210  208  211  209  211  209  212  208  210  205
  208  203  204  200  202  197  199  195  197  193  196  191  195  189  194  189
  193  188  194  189  193  189  194  190  195  191  196  192  197  193  198  194
  198  195  201  198  202  198  204  202  230                                   
    85.0-180.0 180.0   5.0 450.0                            LAT/LON1/LON2/DLON/H
  201  187  193  196  197  196  196  198  198  199  199  201  201  202  201  203
  202  204  202  205  204  206  205  207  208  209  209  210  209  208  207  205
  203  201  198  196  194  193  190  189  187  186  184  184  183  183  182  183
  182  183  182  184  183  184  184  185  186  186  187  187  188  188  188  189
  188  190  189  191  190  186  189  193  201                                   
    82.5-180.0 180.0   5.0 450.0                            LAT/LON1/LON2/DLON/H
  202  179  188  187  189  186  189  188  190  190  192  192  195  195  198  198
  201  200  204  203  206  204  207  205  208  206  209  205  207  203  203  199
  198  194  192  190  187  185  183  182  181  180  180  180  180  180  181  182
  182  182  183  184  184  185  186  186  187  186  188  188  189  188  189  188
  189  187  189  185  186  178  174  171  202                                   
    80.0-180.0 180.0   5.0 450.0                            LAT/LON1/LON2/DLON/H
  193  178  178  182  180  181  180  182  182  184  185  187  189  191  194  195
  198  200  202  204  206  207  207  207  206  205  205  203  202  199  196  194
  191  187  184  181  179  177  175  174  173  173  172  173  172  174  174  176
  175  177  177  179  179  180  180  181  181  182  182  183  182  182  182  182
  181  181  180  180  178  172  166  161  193                                   
    77.5-180.0 180.0   5.0 450.0                            LAT/LON1/LON2/DLON/H
  189  173  176  175  175  174  175  175  177  177  180  182  185  187  191  193
  197  198  202  204  207  208  210  208  208  205  206  202  202  197  195  191
  188  184  181  179  176  174  173  172  172  171  171  171  171  171  173  173
  174  174  175  175  176  175  177  175  176  174  177  175  176  173  176  173
  173  172  174  170  171  165  158  155  189                                   
    75.0-180.0 180.0   5.0 450.0                            LAT/LON1/LON2/DLON/H
  184  174  174  177  176  177  176  176  176  178  180  183  185  188  191  194
  198  201  205  208  211  213  213  214  211  210  207  206  203  200  197  194
  190  187  184  182  178  178  176  177  174  175  172  174  170  172  169  172
  168  171  169  170  168  168  168  167  166  165  166  166  165  165  166  166
  165  166  167  166  166  162  154  156  184                                   
    72.5-180.0 180.0   5.0 450.0                            LAT/LON1/LON2/DLON/H
  186  178  182  183  184  183  183  181  181  181  184  184  188  190  195  197
  203  205  212  214  219  220  223  221  222  218  218  214  211  206  203  199
  196  192  190  187  185  183  183  181  180  177  177  174  173  170  170  168
  167  165  165  163  162  160  159  156  155  153  154  152  153  152  155  154
  156  157  162  161  165  161  158  159  186                                   
    70.0-180.0 180.0   5.0 450.0                            LAT/LON1/LON2/DLON/H
  190  189  191  197  198  197  196  195  194  193  195  195  198  199  204  205
  211  213  220  222  229  230  233  233  232  230  228  225  221  215  212  209
  207  203  202  199  198  195  193  191  189  186  184  181  177  173  171  167
  166  161  162  157  157  151  152  147  147  143  145  142  143  144  146  147
  149  153  158  162  166  166  163  168  190                                   
    67.5-180.0 180.0   5.0 450.0                            LAT/LON1/LON2/DLON/H
  194  197  203  207  210  209  209  206  205  203  205  204  207  208  213  215
  220  224  230  234  238  242  245  245  244  242  240  235  231  226  223  219
  217  215  215  211  209  206  204  200  197  191  190  183  179  174  170  166
  161  157  154  149  145  142  140  135  132  130  130  129  129  130  133  135
  138  141  151  155  163  164  170  170  194                                   
    65.0-180.0 180.0   5.0 450.0                            LAT/LON1/LON2/DLON/H
  192  204  207  216  219  220  219  218  214  214  213  214  215  216  221  224
  228  231  237  241  247  250  254  255  253  250  247  243  239  234  233  229
  230  227  228  224  222  217  214  209  204  198  193  187  180  174  168  161
  155  150  146  140  137  132  130  125  122  119  118  117  116  119  120  124
  127  132  140  148  157  163  170  176  192                                   
    62.5-180.0 180.0   5.0 450.0                            LAT/LON1/LON2/DLON/H
  187  201  211  217  222  222  223  220  219  217  219  217  221  220  226  228
  233  237  242  247  252  257  259  261  257  255  250  247  242  241  239  240
  238  240  239  238  233  228  223  216  209  202  196  189  180  173  165  157
  148  142  137  132  127  123  120  115  112  109  108  106  105  106  108  112
  116  121  129  137  148  154  167  167  187                                   
    60.0-180.0 180.0   5.0 450.0                            LAT/LON1/LON2/DLON/H
  175  197  205  217  223  225  225  223  219  221  219  221  221  225  228  234
  235  241  243  250  253  258  261  262  260  258  254  251  248  248  250  250
  253  251  254  248  245  237  231  223  216  209  201  194  184  175  164  155
  144  138  129  125  118  115  112  109  106  103  101   99   97   99  100  103
  106  111  118  127  138  145  158  163  175                                   
    57.5-180.0 180.0   5.0 450.0                            LAT/LON1/LON2/DLON/H
  163  186  197  207  215  219  221  220  220  219  220  218  223  222  231  232
  238  239  245  248  253  257  260  262  259  261  255  258  253  257  257  262
  261  265  261  261  251  246  236  230  220  215  208  200  189  179  168  157
  145  137  130  124  117  114  111  108  106  103  102  100   98   99   99  102
  102  106  113  121  129  136  150  151  163                                   
    55.0-180.0 180.0   5.0 450.0                            LAT/LON1/LON2/DLON/H
  155  181  191  206  214  219  223  222  221  222  221  223  223  228  231  236
  236  242  241  248  247  255  256  261  260  263  260  263  262  267  269  274
  275  275  273  268  261  252  244  236  229  222  217  209  199  189  176  164
  151  142  133  127  120  117  113  112  109  108  108  106  104  106  106  108
  107  110  115  121  127  133  145  151  155                                   
    52.5-180.0 180.0   5.0 450.0                            LAT/LON1/LON2/DLON/H
  152  172  186  200  211  216  221  224  224  224  225  224  227  228  234  235
  239  239  243  245  248  251  257  261  263  267  268  273  275  281  284  288
  287  287  283  278  266  259  248  243  234  230  225  219  208  199  185  175
  159  151  141  136  129  126  123  121  120  119  120  119  118  118  119  121
  119  120  122  126  130  131  143  150  152                                   
    50.0-180.0 180.0   5.0 450.0                            LAT/LON1/LON2/DLON/H
  158  179  190  207  220  227  234  234  234  235  233  235  235  239  240  244
  243  246  243  250  246  256  256  267  268  277  280  287  290  297  302  304
  302  298  293  284  275  266  259  252  245  240  235  229  219  209  197  184
  170  158  150  143  138  134  133  132  132  133  135  135  135  134  134  134
  133  133  135  137  138  138  145  160  158                                   
    47.5-180.0 180.0   5.0 450.0                            LAT/LON1/LON2/DLON/H
  170  185  200  213  228  235  242  243  244  243  244  243  246  246  252  251
  253  252  252  253  254  259  265  273  281  290  297  303  309  314  318  318
  315  310  302  294  282  275  266  259  252  247  242  235  224  214  200  191
  174  167  155  152  145  143  143  144  145  147  151  151  150  149  148  148
  146  146  147  148  149  145  153  167  170                                   
    45.0-180.0 180.0   5.0 450.0                            LAT/LON1/LON2/DLON/H
  185  200  214  230  243  253  260  262  261  260  259  259  261  264  265  268
  266  268  263  268  264  274  277  291  297  309  317  323  330  332  336  333
  332  325  317  307  298  288  280  271  264  256  248  239  227  217  204  193
  181  170  163  154  151  147  149  150  153  156  161  162  162  161  158  158
  156  156  158  160  160  159  163  179  185                                   
    42.5-180.0 180.0   5.0 450.0                            LAT/LON1/LON2/DLON/H
  202  213  229  244  257  264  272  273  273  271  272  271  275  277  282  283
  284  283  281  282  283  289  296  306  316  325  334  341  345  347  347  346
  342  335  327  318  308  300  290  281  271  262  252  240  228  216  204  195
  184  176  166  161  153  152  152  155  157  161  166  167  168  165  163  161
  160  160  162  163  166  165  173  178  202                                   
    40.0-180.0 180.0   5.0 450.0                            LAT/LON1/LON2/DLON/H
  212  227  241  256  267  274  281  284  284  284  285  288  291  296  298  303
  303  304  302  305  305  312  316  326  334  344  353  358  365  364  367  362
  361  353  345  334  327  315  307  292  282  268  258  244  230  218  208  198
  190  179  172  163  158  153  154  156  159  162  168  168  169  165  164  162
  162  162  164  168  170  175  181  185  212                                   
    37.5-180.0 180.0   5.0 450.0                            LAT/LON1/LON2/DLON/H
  217  235  249  264  274  279  285  288  291  292  298  301  308  311  317  320
  325  324  324  327  330  334  340  345  354  361  369  375  382  384  387  386
  383  376  369  359  352  339  326  310  293  279  264  251  235  224  212  206
  195  189  180  174  166  163  160  162  162  165  169  169  168  163  163  161
  161  160  161  160  163  164  181  178  217                                   
    35.0-180.0 180.0   5.0 450.0                            LAT/LON1/LON2/DLON/H
  213  235  251  265  275  281  287  291  299  304  314  318  327  332  339  343
  348  348  350  353  359  363  367  370  378  381  394  398  411  412  423  421
  426  417  416  402  396  372  357  331  314  291  279  261  249  235  227  217
  211  202  196  189  184  180  177  176  176  177  181  177  177  169  170  164
  165  159  159  157  157  162  174  177  213                                   
    32.5-180.0 180.0   5.0 450.0                            LAT/LON1/LON2/DLON/H
  209  231  247  264  275  281  287  294  306  318  328  337  344  350  357  363
  367  368  371  377  386  390  394  396  401  407  420  432  444  454  466  474
  478  479  475  466  453  427  401  370  342  318  298  285  270  263  250  245
  233  229  219  213  205  200  198  197  199  201  206  204  203  197  195  190
  189  180  169  159  153  150  170  168  209                                   
    30.0-180.0 180.0   5.0 450.0                            LAT/LON1/LON2/DLON/H
  206  223  240  256  270  273  283  293  310  326  343  351  363  370  378  383
  388  387  392  399  410  414  418  420  429  437  457  469  492  502  525  534
  548  542  546  526  515  485  462  422  391  360  339  320  303  292  280  272
  260  253  247  246  240  237  234  230  228  226  228  226  224  217  215  205
  201  189  183  168  162  157  161  170  206                                   
    27.5-180.0 180.0   5.0 450.0                            LAT/LON1/LON2/DLON/H
  206  217  232  253  271  278  289  301  318  341  361  376  389  396  405  409
  414  413  417  424  435  438  444  446  457  470  493  515  542  569  593  611
  617  615  605  590  565  537  506  469  435  408  388  368  347  334  317  311
  295  294  285  288  281  281  276  273  272  269  276  272  274  264  262  249
  241  220  205  186  174  163  173  190  206                                   
    25.0-180.0 180.0   5.0 450.0                            LAT/LON1/LON2/DLON/H
  226  219  235  249  272  284  303  317  337  360  381  398  414  424  432  437
  442  445  450  457  465  468  473  476  491  510  543  572  610  639  670  678
  685  670  659  634  605  569  534  498  469  449  426  409  382  366  336  327
  302  298  292  294  303  302  307  304  306  305  306  305  305  299  291  278
  272  260  241  212  192  181  176  202  226                                   
    22.5-180.0 180.0   5.0 450.0                            LAT/LON1/LON2/DLON/H
  248  227  252  263  282  300  318  337  365  386  406  424  440  453  463  469
  475  479  484  491  497  500  506  513  533  561  599  636  669  695  720  725
  721  706  686  656  620  585  540  499  468  452  424  411  382  365  335  325
  308  313  313  325  335  345  346  353  350  351  352  353  347  327  315  302
  297  284  272  247  227  214  211  229  248                                   
    20.0-180.0 180.0   5.0 450.0                            LAT/LON1/LON2/DLON/H
  262  230  260  278  296  309  329  350  383  404  423  446  460  481  489  499
  505  510  518  524  529  531  538  551  576  615  658  689  717  731  750  753
  744  724  700  665  626  583  532  479  441  416  393  376  356  341  325  320
  319  324  337  350  366  373  380  382  379  385  386  389  375  352  336  326
  323  319  301  274  250  230  225  245  262                                   
    17.5-180.0 180.0   5.0 450.0                            LAT/LON1/LON2/DLON/H
  265  238  258  288  319  335  353  372  401  421  440  462  481  503  514  526
  535  542  555  561  565  567  577  598  630  670  705  722  738  751  761  760
  746  724  693  657  624  576  523  468  424  394  364  347  328  316  309  311
  319  333  349  369  387  400  398  400  400  403  407  401  393  364  343  335
  334  333  324  298  266  248  238  255  265                                   
    15.0-180.0 180.0   5.0 450.0                            LAT/LON1/LON2/DLON/H
  256  232  258  286  327  345  364  380  405  426  449  465  487  512  527  548
  559  574  587  596  603  607  624  650  684  714  733  741  753  760  760  758
  737  714  678  647  612  568  512  456  413  368  337  307  296  284  295  303
  325  333  356  371  389  396  394  396  397  397  395  389  375  354  340  332
  334  334  327  306  277  251  242  249  256                                   
    12.5-180.0 180.0   5.0 450.0                            LAT/LON1/LON2/DLON/H
  243  233  250  283  321  346  367  384  409  430  455  467  491  513  538  559
  579  596  613  628  639  649  669  696  720  733  746  752  751  754  747  739
  718  692  663  637  604  564  512  464  408  362  316  284  273  270  293  308
  330  344  363  378  382  382  380  378  378  376  374  367  354  340  330  324
  322  320  316  298  271  251  239  235  243                                   
    10.0-180.0 180.0   5.0 450.0                            LAT/LON1/LON2/DLON/H
  220  214  235  269  306  331  357  381  409  435  462  474  498  521  547  573
  591  614  632  651  668  684  709  731  743  750  751  750  744  739  730  711
  690  665  639  617  588  555  506  463  405  355  305  273  264  265  298  312
  343  350  370  375  370  371  362  360  354  347  340  324  315  299  290  280
  280  283  281  267  248  236  220  218  220                                   
     7.5-180.0 180.0   5.0 450.0                            LAT/LON1/LON2/DLON/H
  200  202  219  253  291  318  348  376  410  438  465  482  504  524  553  574
  594  614  634  659  680  704  732  747  750  749  741  737  727  714  701  682
