data/unet/pred3290.15i
     1.0            IONOSPHERE MAPS     GNSS                IONEX VERSION / TYPE
pyspatialgeodesy        IME             05-JAN-18 20:20     PGM / RUN BY / DATE 
Map Name                                                    COMMENT             
Predicted global ionosphere maps (GIM).                     DESCRIPTION         
  2015    11    25     0     0     0                        EPOCH OF FIRST MAP  
  2015    11    26     0     0     0                        EPOCH OF LAST MAP   
  7200                                                      INTERVAL            
    13                                                      # OF MAPS IN FILE   
  NONE                                                      MAPPING FUNCTION    
10.0                                                        ELEVATION CUTOFF    
One-way carrier phase leveled to code                       OBSERVABLES USED    
  6371.0                                                    BASE RADIUS         
 2                                                          MAP DIMENSION       
   450.0 450.0   0.0                                        HGT1 / HGT2 / DHGT  
    87.5 -87.5  -2.5                                        LAT1 / LAT2 / DLAT  
  -180.0 180.0   5.0                                        LON1 / LON2 / DLON  
    -1                                                      EXPONENT            
                                                            END OF HEADER       
[from data line 3003]
     8                                                      START OF TEC MAP    
  2015    11    25    14     0     0                        EPOCH OF CURRENT MAP
    87.5-180.0 180.0   5.0 450.0                            LAT/LON1/LON2/DLON/H
   48   67   75   75   75   73   74   71   73   69   71   67   69   65   66   62
   63   60   61   59   60   58   59   58   59   59   59   59   59   60   59   60
   59   60   58   59   58   59   57   58   58   59   58   59   58   59   59   60
   60   62   61   63   63   65   64   67   66   68   68   70   70   72   72   73
   73   74   75   74   73   71   79   67   48                                   
    85.0-180.0 180.0   5.0 450.0                            LAT/LON1/LON2/DLON/H
   62   74   64   62   65   64   65   64   65   63   63   62   63   60   61   59
   60   57   58   55   57   54   55   52   55   52   53   51   54   51   53   51
   53   51   52   50   51   49   49   47   49   47   49   47   50   49   51   50
   53   53   56   55   59   58   62   60   64   63   66   64   68   66   68   66
   68   66   68   65   69   69   73   59   62                                   
    82.5-180.0 180.0   5.0 450.0                            LAT/LON1/LON2/DLON/H
   54   57   53   56   54   55   53   55   53   53   50   52   49   49   46   47
   44   44   41   42   40   40   38   39   39   39   39   41   41   42   41   43
   42   42   40   40   38   36   35   33   33   31   32   30   32   30   33   33
   36   36   40   41   45   46   49   51   53   55   56   57   58   59   58   59
   58   59   57   57   54   54   55   44   54                                   
    80.0-180.0 180.0   5.0 450.0                            LAT/LON1/LON2/DLON/H
   39   40   36   39   38   39   38   41   40   41   40   42   40   40   38   39
   36   36   33   34   33   33   32   35   33   37   35   40   38   43   40   45
   42   44   39   41   36   36   31   31   27   26   22   23   21   22   22   26
   26   30   30   35   36   40   40   44   44   47   45   49   47   48   46   47
   44   45   41   42   38   37   42   29   39                                   
    77.5-180.0 180.0   5.0 450.0                            LAT/LON1/LON2/DLON/H
   22   29   28   27   28   27   30   30   31   31   32   33   32   32   31   31
   30   29   29   30   30   31   31   35   34   38   39   45   44   49   50   52
   52   51   50   47   45   39   37   31   29   23   22   18   18   16   19   20
   23   25   28   31   33   35   37   39   39   40   41   41   41   39   40   37
   37   34   35   30   29   24   27   12   22                                   
    75.0-180.0 180.0   5.0 450.0                            LAT/LON1/LON2/DLON/H
   15   17   19   16   22   19   25   23   26   24   29   28   32   29   33   30
   33   30   34   32   36   35   40   40   44   46   51   55   58   60   63   63
   63   63   61   58   54   47   41   34   30   23   22   16   17   15   18   18
   22   24   28   30   33   34   37   36   38   36   38   35   37   34   35   31
   31   26   28   23   22   17   23    5   15                                   
    72.5-180.0 180.0   5.0 450.0                            LAT/LON1/LON2/DLON/H
    9   18   18   16   16   17   19   21   22   24   26   29   30   32   34   36
   36   38   39   42   44   47   51   56   58   64   67   73   73   77   78   80
   81   80   78   75   70   63   55   46   39   32   28   24   22   21   22   24
   27   29   32   35   36   36   36   36   36   35   34   34   34   32   32   30
   30   27   27   24   21   17   19    0    9                                   
    70.0-180.0 180.0   5.0 450.0                            LAT/LON1/LON2/DLON/H
   10   16   18   16   17   16   20   19   23   22   27   27   32   32   37   37
   41   41   46   48   54   59   65   71   76   80   83   87   89   91   92   94
   95   93   92   89   83   76   67   59   48   39   32   29   28   26   27   28
   31   33   36   36   37   35   36   33   34   32   34   32   33   30   32   30
   31   29   29   27   25   19   23    4   10                                   
    67.5-180.0 180.0   5.0 450.0                            LAT/LON1/LON2/DLON/H
   12   22   22   21   21   21   22   23   23   25   27   31   33   36   39   42
   44   48   52   59   66   75   82   90   94   98  100  102  103  105  106  107
  107  106  105  100   96   88   80   71   61   52   43   40   36   36   34   37
   37   39   39   40   36   34   30   30   27   27   28   29   29   30   31   33
   34   34   35   33   30   25   25    7   12                                   
    65.0-180.0 180.0   5.0 450.0                            LAT/LON1/LON2/DLON/H
   19   22   26   24   26   24   26   23   26   23   28   28   33   33   39   41
   46   49   56   64   75   85   94  102  108  111  111  112  113  113  114  114
  114  112  110  105  101   93   85   76   67   58   50   43   40   37   36   36
   36   37   36   33   30   26   23   20   21   20   23   23   26   27   31   32
   36   35   38   36   35   28   30   14   19                                   
    62.5-180.0 180.0   5.0 450.0                            LAT/LON1/LON2/DLON/H
   20   28   28   29   29   29   29   28   26   26   27   29   30   33   37   42
   46   51   58   69   81   94  103  112  118  120  119  119  119  120  120  121
  120  118  114  110  104   97   89   82   74   66   58   51   46   43   40   40
   38   38   35   32   24   21   15   16   12   15   15   18   20   24   27   31
   33   37   38   38   36   30   30   16   20                                   
    60.0-180.0 180.0   5.0 450.0                            LAT/LON1/LON2/DLON/H
   25   24   29   28   32   30   31   27   27   22   25   24   28   29   35   37
   43   47   57   67   82   94  107  115  123  123  123  121  123  123  125  124
  125  121  117  111  106   99   92   85   78   68   62   53   49   41   40   36
   35   32   29   23   19   13   11    9   10   10   13   14   18   20   26   27
   32   33   37   35   34   29   32   17   25                                   
    57.5-180.0 180.0   5.0 450.0                            LAT/LON1/LON2/DLON/H
   23   27   27   31   33   33   33   30   27   24   23   24   25   28   32   38
   43   50   58   71   84   98  109  119  125  126  125  127  127  130  132  135
  132  129  121  117  108  103   95   90   82   75   68   59   53   47   43   40
   37   33   30   25   18   14   11   11   10   12   13   16   16   20   23   25
   28   31   33   35   32   28   29   16   23                                   
    55.0-180.0 180.0   5.0 450.0                            LAT/LON1/LON2/DLON/H
   29   25   29   30   36   34   36   30   29   22   23   21   25   27   32   35
   44   50   61   71   87   99  112  120  127  128  130  130  134  137  141  142
  143  137  130  124  117  110  103   97   91   83   74   65   57   50   44   38
   36   32   29   24   21   16   16   15   18   18   21   21   24   23   27   25
   30   30   34   32   32   28   32   20   29                                   
    52.5-180.0 180.0   5.0 450.0                            LAT/LON1/LON2/DLON/H
   32   34   34   39   41   41   41   38   33   29   26   26   27   31   36   43
   51   60   69   82   93  106  116  125  130  132  134  139  142  148  150  156
  151  147  137  132  124  119  112  109  102   95   87   76   68   59   54   47
   44   39   38   33   30   27   27   28   29   32   32   34   32   31   31   31
   32   34   36   38   37   33   36   24   32                                   
    50.0-180.0 180.0   5.0 450.0                            LAT/LON1/LON2/DLON/H
   43   44   45   46   50   49   50   42   39   31   32   29   31   33   40   47
   58   67   79   89  102  111  122  129  135  137  142  146  152  156  161  161
  161  155  148  141  136  130  124  121  116  110  101   91   82   70   62   55
   51   46   46   42   42   38   40   41   45   46   48   47   47   43   44   40
   42   41   46   46   48   44   48   38   43                                   
    47.5-180.0 180.0   5.0 450.0                            LAT/LON1/LON2/DLON/H
   55   62   60   63   64   62   60   54   48   43   40   39   39   42   48   59
   71   82   94  106  115  124  131  139  141  145  148  156  159  164  164  167
  161  158  150  147  142  141  136  135  130  126  117  109   99   86   77   69
   64   60   59   57   55   53   53   55   57   59   60   60   57   55   53   53
   51   55   56   61   61   60   61   53   55                                   
    45.0-180.0 180.0   5.0 450.0                            LAT/LON1/LON2/DLON/H
   70   75   73   73   75   71   70   61   57   49   49   44   46   47   56   67
   82   95  109  118  128  134  140  145  149  152  156  161  165  166  165  161
  161  156  153  150  150  149  146  144  142  138  131  123  114  102   91   81
   75   71   69   67   64   61   60   61   64   66   67   67   66   63   63   60
   63   63   69   71   75   75   76   72   70                                   
    42.5-180.0 180.0   5.0 450.0                            LAT/LON1/LON2/DLON/H
   79   88   85   85   84   80   77   70   65   60   58   56   55   57   65   78
   94  110  122  133  138  144  148  155  156  161  162  167  165  163  156  154
  152  152  152  154  157  157  155  154  151  147  142  135  126  114  103   92
   84   80   76   72   67   61   57   57   60   63   65   67   66   67   67   68
   67   71   74   80   83   85   88   83   79                                   
    40.0-180.0 180.0   5.0 450.0                            LAT/LON1/LON2/DLON/H
   82   90   87   86   86   81   79   72   69   63   65   60   62   62   73   86
  105  120  134  141  147  151  156  162  166  169  170  168  165  158  152  147
  149  152  158  162  169  168  168  162  160  154  151  144  137  126  113  101
   93   87   81   74   66   58   52   50   53   57   60   64   66   68   70   70
   73   73   79   81   86   88   90   86   82                                   
    37.5-180.0 180.0   5.0 450.0                            LAT/LON1/LON2/DLON/H
   77   86   85   84   82   77   76   71   69   66   68   67   68   71   81   97
  114  129  139  149  153  161  164  173  172  175  171  170  160  155  147  149
  151  163  174  185  191  191  185  178  170  164  160  153  146  134  122  109
   99   91   85   75   65   54   49   45   48   50   55   59   62   65   68   70
   70   71   73   77   79   81   83   81   77                                   
    35.0-180.0 180.0   5.0 450.0                            LAT/LON1/LON2/DLON/H
   68   72   74   73   73   68   67   62   65   62   69   68   73   74   89  101
  121  134  147  155  162  168  174  178  179  177  174  169  162  155  153  156
  170  188  209  222  230  222  212  195  188  175  172  162  158  145  134  121
  111  102   92   81   72   59   52   48   50   53   56   59   62   66   69   70
   71   67   69   67   68   69   71   69   68                                   
    32.5-180.0 180.0   5.0 450.0                            LAT/LON1/LON2/DLON/H
   54   58   58   63   61   59   57   54   56   58   64   69   75   84   97  114
  129  144  154  165  171  179  181  186  179  179  172  172  167  167  169  185
  206  239  261  281  278  267  245  226  209  197  189  180  174  161  153  140
  132  122  114  102   90   80   72   69   68   68   69   67   68   69   73   73
   71   67   63   63   57   57   54   56   54                                   
    30.0-180.0 180.0   5.0 450.0                            LAT/LON1/LON2/DLON/H
   45   42   46   48   51   48   48   43   46   49   59   64   77   85  103  116
  135  148  162  172  181  187  189  187  182  178  177  179  183  191  207  232
  268  300  326  339  334  314  286  258  239  219  211  199  198  185  180  168
  164  155  150  139  131  117  109  103   99   97   92   90   87   85   88   85
   84   75   69   60   54   50   48   43   45                                   
    27.5-180.0 180.0   5.0 450.0                            LAT/LON1/LON2/DLON/H
   36   38   37   43   42   44   41   40   40   44   52   62   76   91  107  127
  142  159  170  186  192  200  195  192  181  182  184  197  211  232  259  296
  336  373  395  409  391  372  333  304  274  257  244  232  225  215  210  202
  198  194  190  185  179  169  163  156  150  144  134  126  118  115  111  106
  100   91   82   76   64   59   46   42   36                                   
    25.0-180.0 180.0   5.0 450.0                            LAT/LON1/LON2/DLON/H
   47   44   39   40   42   40   42   37   38   38   47   56   74   88  111  129
  148  163  178  192  200  202  199  190  184  187  200  221  251  279  319  355
  402  437  463  464  446  420  378  343  315  296  281  271  264  257  249  245
  241  245  241  242  234  229  216  207  195  187  172  161  148  145  140  134
  124  113  103   97   85   77   64   55   47                                   
    22.5-180.0 180.0   5.0 450.0                            LAT/LON1/LON2/DLON/H
   60   62   49   48   43   38   43   44   41   44   46   58   72   92  112  135
  152  170  184  198  205  207  202  195  190  202  221  256  290  326  367  405
  456  494  513  514  485  456  414  382  354  338  325  317  309  302  295  295
  293  300  303  306  302  294  280  267  251  234  214  199  185  177  170  163
  153  140  128  122  110  103   79   78   60                                   
    20.0-180.0 180.0   5.0 450.0                            LAT/LON1/LON2/DLON/H
   89   82   65   55   46   42   47   45   47   44   49   53   70   87  111  134
  155  172  189  201  210  207  207  202  206  221  254  292  332  366  408  452
  501  527  539  530  499  469  433  406  388  376  366  361  349  348  337  343
  339  347  346  349  343  333  317  303  283  267  245  229  212  202  191  185
  175  166  156  148  136  130  107   90   89                                   
    17.5-180.0 180.0   5.0 450.0                            LAT/LON1/LON2/DLON/H
  106   97   79   66   52   42   44   41   52   54   52   62   74   95  114  139
  159  177  192  204  210  213  214  218  228  255  288  326  363  398  446  485
  526  544  551  529  498  471  446  428  421  414  414  407  400  389  377  371
  365  362  364  362  360  345  332  311  297  277  268  248  237  219  209  200
  197  185  183  171  157  151  132  115  106                                   
    15.0-180.0 180.0   5.0 450.0                            LAT/LON1/LON2/DLON/H
  118  107   86   74   60   51   45   45   53   52   51   55   72   93  116  141
  162  182  195  206  212  217  224  237  258  289  323  359  393  427  468  497
  527  532  533  507  480  459  448  440  447  449  452  448  439  426  409  398
  382  375  368  364  352  336  315  298  282  269  261  246  239  225  214  203
  200  195  193  184  171  160  149  127  118                                   
    12.5-180.0 180.0   5.0 450.0                            LAT/LON1/LON2/DLON/H
  116  112   95   77   63   50   44   40   47   58   57   67   80  106  126  153
  174  193  204  214  220  229  245  265  290  321  353  383  417  444  473  489
  510  514  511  486  467  451  447  450  462  470  476  473  468  452  431  409
  384  368  355  344  327  308  284  269  258  250  248  238  235  224  216  210
  206  198  198  188  178  166  154  133  116                                   
    10.0-180.0 180.0   5.0 450.0                            LAT/LON1/LON2/DLON/H
  119  114   97   81   64   54   46   41   50   55   57   64   82  108  135  165
  187  210  218  227  234  248  266  290  317  347  374  402  427  445  462  468
  482  480  477  461  451  448  451  462  477  488  491  493  488  472  444  416
  378  355  331  316  290  269  245  230  223  223  227  224  225  214  208  201
  198  192  191  182  172  163  152  124  119                                   
     7.5-180.0 180.0   5.0 450.0                            LAT/LON1/LON2/DLON/H
  107  115  103   83   66   51   44   40   46   58   66   79   99  123  153  181
  208  226  236  240  249  262  286  313  344  372  400  419  434  442  446  450
