data/unet/pred0470.15i
     1.0            IONOSPHERE MAPS     GNSS                IONEX VERSION / TYPE
pyspatialgeodesy        IME             05-JAN-18 20:20     PGM / RUN BY / DATE 
Map Name                                                    COMMENT             
Predicted global ionosphere maps (GIM).                     DESCRIPTION         
  2015     2    16     0     0     0                        EPOCH OF FIRST MAP  
  2015     2    17     0     0     0                        EPOCH OF LAST MAP   
  7200                                                      INTERVAL            
    13                                                      # OF MAPS IN FILE   
  NONE                                                      MAPPING FUNCTION    
10.0                                                        ELEVATION CUTOFF    
One-way carrier phase leveled to code                       OBSERVABLES USED    
  6371.0                                                    BASE RADIUS         
 2                                                          MAP DIMENSION       
   450.0 450.0   0.0                                        HGT1 / HGT2 / DHGT  
    87.5 -87.5  -2.5                                        LAT1 / LAT2 / DLAT  
  -180.0 180.0   5.0                                        LON1 / LON2 / DLON  
    -1                                                      EXPONENT            
                                                            END OF HEADER       
[from data line 3432]
     9                                                      START OF TEC MAP    
  2015     2    16    16     0     0                        EPOCH OF CURRENT MAP
    87.5-180.0 180.0   5.0 450.0                            LAT/LON1/LON2/DLON/H
  173  172  174  175  176  174  176  173  175  172  174  171  173  169  171  167
  169  165  167  164  166  164  165  163  164  163  164  162  162  161  161  159
  159  157  156  155  155  154  152  153  152  153  151  152  151  151  150  151
  150  151  151  152  154  154  156  157  158  159  161  162  164  164  166  167
  169  169  170  170  170  168  171  179  173                                   
    85.0-180.0 180.0   5.0 450.0                            LAT/LON1/LON2/DLON/H
  165  172  172  180  177  180  178  180  178  179  176  178  174  176  171  174
  168  171  165  168  162  165  160  162  158  160  158  158  157  156  155  153
  153  150  147  145  144  142  140  139  137  137  135  136  134  136  134  136
  135  136  135  138  138  140  141  143  145  147  147  151  151  154  154  159
  159  162  162  164  162  165  160  167  165                                   
    82.5-180.0 180.0   5.0 450.0                            LAT/LON1/LON2/DLON/H
  164  159  159  163  163  166  167  168  168  168  168  167  167  165  165  163
  162  159  158  157  154  154  151  150  148  147  145  143  143  142  141  141
  139  138  133  132  128  128  124  123  120  121  119  120  119  120  122  121
  124  123  127  126  130  130  132  133  135  135  136  137  137  137  138  138
  139  140  142  142  145  142  149  149  164                                   
    80.0-180.0 180.0   5.0 450.0                            LAT/LON1/LON2/DLON/H
  127  134  133  135  139  142  145  147  149  148  149  148  147  146  145  144
  142  141  139  140  138  139  136  137  135  135  134  134  134  135  132  135
  130  131  123  125  116  118  110  113  106  110  105  108  105  108  106  110
  110  113  114  116  118  120  120  121  121  122  120  119  118  118  116  116
  115  116  115  115  117  118  123  126  127                                   
    77.5-180.0 180.0   5.0 450.0                            LAT/LON1/LON2/DLON/H
   97  107  112  115  120  123  127  128  129  127  131  129  131  128  131  128
  130  127  130  130  132  134  135  137  137  138  136  136  133  134  131  131
  127  125  120  118  112  110  104  104   99   99   96   97   97   97   98   98
   99  100  104  106  110  110  112  112  115  113  115  111  113  107  109  102
  103   98  100   95   97   94   96  103   97                                   
    75.0-180.0 180.0   5.0 450.0                            LAT/LON1/LON2/DLON/H
   78   87   91   91  100  104  110  109  114  111  117  113  118  115  120  117
  123  122  130  131  139  141  148  148  151  152  153  153  153  150  149  143
  141  135  132  125  121  115  111  106  103  101  100   99   98   99   99   99
  100  102  105  107  112  115  117  118  120  119  119  116  114  110  107  102
   99   95   91   86   84   82   86   90   78                                   
    72.5-180.0 180.0   5.0 450.0                            LAT/LON1/LON2/DLON/H
   73   79   77   79   82   88   91   92   96   95  101  102  108  110  116  118
  124  126  135  140  151  158  165  169  172  176  178  180  179  180  175  171
  164  159  149  143  135  130  121  117  110  107  102  101   98   97   96   96
   96   97   99  103  104  108  111  115  117  118  119  118  118  113  112  106
  103   97   92   85   80   75   76   80   73                                   
    70.0-180.0 180.0   5.0 450.0                            LAT/LON1/LON2/DLON/H
   73   75   72   69   75   76   81   79   85   83   94   93  107  108  121  123
  137  140  156  162  177  183  197  201  205  212  210  216  212  215  208  202
  196  185  178  165  159  146  140  129  125  117  114  109  107  102   99   96
   96   94   96   97  100  101  103  105  110  110  114  112  116  112  114  108
  106   99   94   87   81   76   77   77   73                                   
    67.5-180.0 180.0   5.0 450.0                            LAT/LON1/LON2/DLON/H
   75   77   70   72   72   74   76   77   82   82   91   95  106  113  126  135
  149  155  172  179  196  206  222  231  237  244  244  247  245  245  241  237
  229  219  206  192  181  169  159  150  140  131  122  116  108  103   96   92
   87   85   84   84   85   86   87   89   92   95   98  103  106  109  110  109
  107  101   97   89   80   74   76   75   75                                   
    65.0-180.0 180.0   5.0 450.0                            LAT/LON1/LON2/DLON/H
   74   72   69   65   70   69   71   68   75   74   89   93  109  116  134  142
  161  168  188  197  218  229  248  257  264  271  269  272  269  271  266  264
  257  246  233  215  201  185  175  162  155  144  133  125  115  109   99   92
   85   79   74   70   69   65   67   66   71   72   79   82   92   94  101  101
  102   98   95   85   78   76   76   77   74                                   
    62.5-180.0 180.0   5.0 450.0                            LAT/LON1/LON2/DLON/H
   70   65   63   65   64   65   65   67   73   76   90   99  114  125  141  153
  171  179  198  206  229  238  257  265  277  279  280  279  279  281  278  277
  271  263  247  229  212  194  182  169  161  150  140  128  116  104   93   83
   74   65   60   53   53   46   47   47   50   53   57   65   72   78   84   88
   90   89   86   78   68   67   69   69   70                                   
    60.0-180.0 180.0   5.0 450.0                            LAT/LON1/LON2/DLON/H
   63   53   56   54   56   55   58   57   64   69   85   97  115  126  145  156
  175  184  204  214  237  245  265  268  279  279  280  280  278  285  281  287
  278  274  256  243  220  206  189  180  168  159  148  138  122  110   94   82
   71   60   53   45   41   35   33   33   35   38   42   47   56   62   68   72
   75   75   72   67   62   64   64   64   63                                   
    57.5-180.0 180.0   5.0 450.0                            LAT/LON1/LON2/DLON/H
   49   46   49   51   49   49   49   53   61   69   86  101  119  133  152  164
  183  192  211  219  240  245  263  266  273  272  276  272  276  279  284  286
  282  278  261  246  226  209  195  185  175  167  157  145  129  111   95   81
   70   58   51   42   39   31   31   29   32   33   37   42   47   52   57   60
   62   63   61   61   57   58   56   52   49                                   
    55.0-180.0 180.0   5.0 450.0                            LAT/LON1/LON2/DLON/H
   48   42   48   43   44   42   46   46   57   65   86  101  120  133  154  166
  185  195  214  221  240  245  262  263  271  269  276  272  281  283  290  295
  294  288  274  259  240  223  209  199  189  181  172  160  144  127  109   94
   82   71   62   54   49   44   41   40   41   43   45   47   51   52   55   54
   58   57   60   58   59   59   59   51   48                                   
    52.5-180.0 180.0   5.0 450.0                            LAT/LON1/LON2/DLON/H
   51   52   53   53   50   40   41   41   54   65   88  106  127  140  161  176
  198  207  224  232  246  253  265  269  274  274  279  281  290  295  305  308
  310  301  287  271  255  237  224  213  204  198  188  177  159  140  124  109
   98   88   82   74   68   62   61   58   59   58   61   60   63   62   62   61
   60   62   63   65   64   66   65   53   51                                   
    50.0-180.0 180.0   5.0 450.0                            LAT/LON1/LON2/DLON/H
   69   65   68   62   61   54   50   49   60   73   94  113  134  146  167  180
  204  215  233  241  253  262  269  276  280  284  291  293  299  306  315  319
  318  308  296  281  267  250  240  228  221  212  205  191  177  159  144  129
  119  110  104   97   91   86   81   82   81   82   82   81   82   79   79   77
   76   74   77   76   79   80   84   71   69                                   
    47.5-180.0 180.0   5.0 450.0                            LAT/LON1/LON2/DLON/H
   89   87   84   84   84   77   75   71   82   96  116  134  147  160  179  195
  218  231  248  258  269  276  284  291  296  301  306  309  313  320  326  328
  325  313  305  289  279  264  256  244  237  227  216  203  188  171  158  143
  134  126  120  112  106   99   97   97  100  102  103  104  103  101   97   97
   93   93   91   94   94   95  102   89   89                                   
    45.0-180.0 180.0   5.0 450.0                            LAT/LON1/LON2/DLON/H
  110  108  106  100  101   94   95   93  103  117  135  151  164  177  195  211
  232  245  263  271  279  287  293  304  309  317  319  323  323  327  328  326
  318  309  300  288  281  269  261  249  241  228  217  202  190  175  164  151
  144  135  129  120  111  105   99  102  105  112  115  118  119  120  119  118
  116  114  114  113  114  115  125  114  110                                   
    42.5-180.0 180.0   5.0 450.0                            LAT/LON1/LON2/DLON/H
  124  123  119  120  121  115  114  114  121  137  157  175  189  198  213  228
  247  260  277  284  292  296  307  315  322  328  332  332  332  331  327  323
  317  310  308  300  296  285  279  264  254  237  224  206  193  177  166  153
  144  135  129  117  105   94   90   89   96  101  107  115  121  124  125  126
  122  122  119  122  124  128  136  128  124                                   
    40.0-180.0 180.0   5.0 450.0                            LAT/LON1/LON2/DLON/H
  130  133  127  124  127  121  124  124  138  154  181  200  212  220  233  246
  264  275  289  293  296  301  309  320  326  335  333  334  327  324  315  315
  310  311  314  313  312  303  294  276  260  240  224  207  193  177  167  152
  145  133  125  111   94   82   71   72   76   86   94  106  114  122  126  131
  128  126  123  123  126  130  140  133  130                                   
    37.5-180.0 180.0   5.0 450.0                            LAT/LON1/LON2/DLON/H
  128  129  124  127  127  125  121  128  139  166  193  216  231  239  249  260
  276  286  296  296  300  304  312  322  329  333  334  331  327  320  319  320
  324  331  339  343  342  337  321  306  282  264  241  225  206  191  175  162
  147  138  127  112   95   78   65   60   65   72   80   92  101  109  116  120
  117  116  111  112  113  119  128  128  128                                   
    35.0-180.0 180.0   5.0 450.0                            LAT/LON1/LON2/DLON/H
  115  122  118  115  119  115  120  123  146  170  206  230  251  259  272  281
  294  299  305  304  305  307  315  322  328  333  331  333  328  331  331  341
  350  363  374  379  379  372  356  337  308  286  263  246  230  214  202  187
  176  163  154  137  120   98   81   72   72   76   83   90   97  103  108  114
  113  109  102  100  100  102  112  115  115                                   
    32.5-180.0 180.0   5.0 450.0                            LAT/LON1/LON2/DLON/H
  102  104   99  106  103  106  102  113  129  163  201  234  257  272  282  292
  305  308  313  310  311  314  320  324  329  329  332  334  340  348  365  383
  404  422  438  442  438  429  408  386  351  324  299  283  268  254  241  230
  219  212  202  186  167  145  124  110  106  102  107  108  113  111  114  115
  114  107   98   93   86   91   93  100  102                                   
    30.0-180.0 180.0   5.0 450.0                            LAT/LON1/LON2/DLON/H
   86   90   87   85   90   87   91   96  119  151  196  232  264  279  299  306
  319  318  325  321  325  324  331  329  333  336  342  353  365  386  410  439
  469  489  504  500  498  486  468  441  408  375  348  327  314  303  297  291
  288  291  283  270  246  220  196  176  175  172  165  158  151  142  139  135
  130  124  115  108   99   95   92   87   86                                   
    27.5-180.0 180.0   5.0 450.0                            LAT/LON1/LON2/DLON/H
   82   86   77   81   77   83   82   93  108  145  187  230  260  283  301  315
  329  330  338  337  341  344  343  340  341  344  360  374  401  427  469  505
  544  567  582  577  567  552  530  504  473  445  413  395  381  374  368  356
  354  355  357  354  339  318  289  270  248  238  224  216  204  196  189  178
  169  157  142  125  118  110   94   81   82                                   
    25.0-180.0 180.0   5.0 450.0                            LAT/LON1/LON2/DLON/H
   83   87   80   84   81   79   84   89  110  139  185  227  264  286  310  324
  341  341  355  356  366  363  363  356  360  370  388  416  445  481  533  580
  617  641  651  647  632  609  584  560  533  509  483  464  443  433  423  421
  422  433  442  453  443  427  400  381  355  336  311  290  264  239  219  212
  203  205  189  171  148  132  124   96   83                                   
    22.5-180.0 180.0   5.0 450.0                            LAT/LON1/LON2/DLON/H
   93   95   89   91   86   92   89  104  113  149  182  232  261  291  310  331
  348  356  371  377  385  384  380  375  381  394  424  452  492  537  602  651
  711  728  738  711  692  660  634  609  588  570  546  525  499  486  474  469
  472  484  498  508  500  488  466  451  428  414  387  360  318  295  263  254
  239  239  224  212  186  159  145  131   93                                   
    20.0-180.0 180.0   5.0 450.0                            LAT/LON1/LON2/DLON/H
  114  110   97   95   96  107  112  121  134  157  191  233  268  295  320  342
  365  378  398  403  410  405  403  401  409  435  467  500  547  592  665  732
  786  806  799  771  730  697  666  648  628  614  592  569  543  527  511  495
  489  499  515  527  527  511  497  474  460  440  421  397  360  337  306  298
  281  277  264  256  229  197  172  151  114                                   
    17.5-180.0 180.0   5.0 450.0                            LAT/LON1/LON2/DLON/H
  137  132  118  106  107  114  124  142  152  176  199  241  269  300  323  351
  378  398  421  425  429  421  420  420  440  468  509  545  592  645  722  782
  827  826  811  780  742  706  680  668  655  648  627  597  567  537  511  491
  475  480  485  497  492  482  464  447  433  420  406  393  366  348  322  322
  309  306  279  272  248  224  194  181  137                                   
    15.0-180.0 180.0   5.0 450.0                            LAT/LON1/LON2/DLON/H
  147  145  128  112  112  120  136  156  176  198  220  252  279  306  334  368
  396  423  443  449  448  444  441  452  476  513  557  588  641  694  760  804
  826  812  790  762  724  695  675  675  669  668  649  611  571  530  496  463
  445  435  433  425  419  403  396  379  375  365  361  356  345  338  325  323
  313  301  280  264  248  221  198  180  147                                   
    12.5-180.0 180.0   5.0 450.0                            LAT/LON1/LON2/DLON/H
  151  153  136  123  113  117  134  161  184  211  233  263  287  315  340  378
  411  436  455  465  466  459  462  478  508  553  592  631  680  724  767  787
  794  773  754  723  695  677  664  676  678  676  652  607  560  511  464  432
  401  386  367  350  339  331  328  315  311  299  300  302  305  312  307  307
  290  283  264  257  236  216  192  184  151                                   
    10.0-180.0 180.0   5.0 450.0                            LAT/LON1/LON2/DLON/H
  141  143  131  114  112  114  130  159  193  224  251  279  302  328  355  400
  428  456  470  484  483  487  486  513  544  585  627  663  697  725  742  750
  742  727  704  691  670  668  662  680  677  675  645  602  546  492  445  398
  365  331  305  285  276  270  263  251  242  242  245  256  268  278  275  274
  264  260  251  238  221  204  176  175  141                                   
     7.5-180.0 180.0   5.0 450.0                            LAT/LON1/LON2/DLON/H
  136  133  118  110  101  101  119  154  196  233  264  292  314  345  373  417
  446  470  489  501  504  508  512  539  567  619  653  688  701  711  717  708
