data/unet/pred3470.15i
     1.0            IONOSPHERE MAPS     GNSS                IONEX VERSION / TYPE
pyspatialgeodesy        IME             05-JAN-18 20:20     PGM / RUN BY / DATE 
Map Name                                                    COMMENT             
Predicted global ionosphere maps (GIM).                     DESCRIPTION         
  2015    12    13     0     0     0                        EPOCH OF FIRST MAP  
  2015    12    14     0     0     0                        EPOCH OF LAST MAP   
  7200                                                      INTERVAL            
    13                                                      # OF MAPS IN FILE   
  NONE                                                      MAPPING FUNCTION    
10.0                                                        ELEVATION CUTOFF    
One-way carrier phase leveled to code                       OBSERVABLES USED    
  6371.0                                                    BASE RADIUS         
 2                                                          MAP DIMENSION       
   450.0 450.0   0.0                                        HGT1 / HGT2 / DHGT  
    87.5 -87.5  -2.5                                        LAT1 / LAT2 / DLAT  
  -180.0 180.0   5.0                                        LON1 / LON2 / DLON  
    -1                                                      EXPONENT            
                                                            END OF HEADER       
     1                                                      START OF TEC MAP    
  2015    12    13     0     0     0                        EPOCH OF CURRENT MAP
    87.5-180.0 180.0   5.0 450.0                            LAT/LON1/LON2/DLON/H
  105   77   70   65   66   62   65   62   65   62   64   60   63   59   61   58
   61   57   59   56   58   55   57   53   56   52   55   50   54   50   53   49
   53   48   53   48   53   48   53   48   53   48   53   49   54   50   55   51
   56   53   58   55   61   58   62   59   64   61   65   61   65   62   66   62
   66   63   67   64   72   67   76   92  105                                   
    85.0-180.0 180.0   5.0 450.0                            LAT/LON1/LON2/DLON/H
   84   52   56   54   52   47   50   47   50   46   48   45   47   43   44   41
   42   38   38   35   35   32   32   28   28   25   25   21   23   19   20   17
   19   17   19   16   19   16   19   17   21   18   22   21   25   24   28   28
   32   33   37   37   42   41   45   44   48   46   50   47   51   48   52   48
   52   49   53   49   56   45   48   79   84                                   
    82.5-180.0 180.0   5.0 450.0                            LAT/LON1/LON2/DLON/H
   79   55   55   57   53   50   51   50   52   50   51   49   50   48   48   45
   45   42   41   37   36   31   31   26   26   21   22   18   19   15   17   13
   16   12   16   13   17   13   19   16   21   19   25   23   29   27   33   33
   38   37   43   43   47   46   50   49   52   51   53   52   54   53   55   53
   55   54   56   54   57   50   53   78   79                                   
    80.0-180.0 180.0   5.0 450.0                            LAT/LON1/LON2/DLON/H
   80   60   61   61   57   56   56   56   56   56   56   56   57   56   55   54
   53   51   48   45   43   39   36   32   30   26   25   22   22   19   20   18
   20   18   20   19   22   21   24   24   27   27   30   32   35   37   40   42
   45   46   49   50   53   53   54   54   56   55   56   56   57   57   58   58
   59   60   61   62   62   59   59   82   80                                   
    77.5-180.0 180.0   5.0 450.0                            LAT/LON1/LON2/DLON/H
   85   64   64   64   60   58   57   57   57   56   58   58   58   58   58   57
   56   53   51   47   44   40   37   32   30   25   25   22   22   20   21   20
   22   20   23   22   24   22   26   24   27   26   30   30   34   34   39   40
   44   44   48   48   50   49   51   50   51   49   51   50   50   50   52   52
   54   55   59   61   64   60   62   80   85                                   
    75.0-180.0 180.0   5.0 450.0                            LAT/LON1/LON2/DLON/H
   85   69   69   70   65   63   62   61   60   60   60   61   61   61   60   59
   57   55   52   50   46   43   39   35   31   28   27   25   25   25   25   26
   27   28   28   29   28   28   28   28   28   29   31   32   34   36   39   41
   42   44   45   46   45   46   45   44   43   43   43   43   42   43   45   47
   49   53   57   62   66   64   65   84   85                                   
    72.5-180.0 180.0   5.0 450.0                            LAT/LON1/LON2/DLON/H
   95   78   80   79   73   70   69   67   66   65   65   65   64   62   60   58
   55   52   50   46   44   40   38   35   32   30   29   28   29   29   31   32
   34   33   35   33   34   31   32   30   31   30   33   33   35   36   40   40
   42   41   42   41   40   37   37   35   35   33   34   33   34   35   38   40
   44   48   56   61   68   68   70   87   95                                   
    70.0-180.0 180.0   5.0 450.0                            LAT/LON1/LON2/DLON/H
   98   88   91   90   85   81   79   77   75   73   72   70   68   64   60   55
   52   47   45   42   41   38   37   35   33   31   31   31   33   34   36   37
   38   38   38   37   35   33   32   31   31   31   33   33   35   36   38   39
   39   37   37   34   32   30   29   27   26   25   26   27   29   31   35   38
   43   48   56   64   73   74   79   95   98                                   
    67.5-180.0 180.0   5.0 450.0                            LAT/LON1/LON2/DLON/H
  111  102  106  105   99   96   93   90   88   86   83   79   75   68   62   55
   49   44   41   38   37   36   35   34   33   32   33   33   36   37   40   40
   41   39   39   36   35   31   32   29   31   30   33   33   36   36   38   36
   36   33   32   28   27   24   24   21   23   22   25   25   30   32   38   42
   48   53   62   70   80   83   88  101  111                                   
    65.0-180.0 180.0   5.0 450.0                            LAT/LON1/LON2/DLON/H
  116  115  120  119  112  109  106  103  101   98   95   89   82   73   63   54
   47   40   37   35   35   34   34   34   33   33   33   34   36   38   40   40
   40   38   36   33   30   28   28   27   28   29   32   33   34   34   34   33
   31   28   26   22   21   19   19   18   21   22   26   29   35   39   45   50
   56   63   71   79   88   92   99  111  116                                   
    62.5-180.0 180.0   5.0 450.0                            LAT/LON1/LON2/DLON/H
  128  127  132  131  123  119  115  113  111  108  104   98   89   78   67   56
   47   39   36   33   34   33   33   32   32   31   31   32   34   36   37   37
   37   34   31   28   26   24   24   24   27   29   32   32   34   33   33   29
   27   24   22   19   18   17   19   19   24   26   33   37   45   50   58   62
   69   74   82   89   98  102  107  118  128                                   
    60.0-180.0 180.0   5.0 450.0                            LAT/LON1/LON2/DLON/H
  130  134  140  139  132  127  123  120  118  115  111  104   95   82   70   58
   48   41   36   34   33   33   32   30   29   28   28   30   31   33   34   34
   32   30   27   24   22   21   22   23   26   29   32   34   34   33   31   27
   24   20   18   16   17   16   19   21   28   33   41   48   57   64   71   77
   83   88   94  100  108  110  116  124  130                                   
    57.5-180.0 180.0   5.0 450.0                            LAT/LON1/LON2/DLON/H
  142  145  149  147  139  133  128  124  121  119  115  109   99   88   76   64
   55   47   42   38   37   34   33   29   28   26   27   27   30   31   32   31
   30   28   26   24   23   23   25   27   31   34   37   38   38   36   32   28
   24   21   20   17   20   19   23   26   35   41   51   59   69   76   85   90
   97  102  108  112  119  120  122  129  142                                   
    55.0-180.0 180.0   5.0 450.0                            LAT/LON1/LON2/DLON/H
  150  155  160  157  146  140  133  129  125  122  117  111  103   93   82   71
   62   54   48   43   39   35   31   27   26   24   26   28   30   32   33   33
   32   31   30   29   30   30   32   34   38   41   44   44   44   40   36   31
   27   24   24   22   25   24   29   33   42   49   60   67   78   85   95  101
  108  114  120  125  130  130  133  136  150                                   
    52.5-180.0 180.0   5.0 450.0                            LAT/LON1/LON2/DLON/H
  169  172  174  169  158  150  141  135  130  126  120  115  107  100   91   82
   73   65   57   51   45   39   33   29   27   26   29   32   35   38   39   39
   38   38   39   40   41   42   44   45   48   50   52   52   50   47   42   37
   34   31   31   30   33   33   37   41   50   56   66   74   84   90  101  107
  117  123  131  136  142  142  142  145  169                                   
    50.0-180.0 180.0   5.0 450.0                            LAT/LON1/LON2/DLON/H
  183  187  192  185  172  162  152  145  137  131  124  117  111  104   98   89
   82   72   63   54   47   39   34   29   28   30   33   38   42   45   46   46
   46   47   50   51   54   55   56   57   58   60   61   60   59   55   51   47
   44   42   43   41   44   45   49   52   59   65   74   80   89   95  104  112
  122  131  141  148  155  155  155  156  183                                   
    47.5-180.0 180.0   5.0 450.0                            LAT/LON1/LON2/DLON/H
  204  204  207  201  189  180  168  160  151  142  132  125  117  113  107  100
   91   81   70   61   52   45   40   36   36   38   43   48   52   55   55   54
   55   57   61   64   66   67   67   67   67   68   69   69   68   65   62   59
   56   55   55   54   56   57   60   62   68   73   81   86   93   97  106  114
  126  137  150  159  168  168  167  167  204                                   
    45.0-180.0 180.0   5.0 450.0                            LAT/LON1/LON2/DLON/H
  211  214  218  212  201  194  184  176  165  154  142  132  124  119  114  107
   98   86   75   64   57   51   47   45   46   49   53   58   61   62   62   61
   62   64   69   72   75   75   75   73   74   74   76   76   76   74   72   70
   69   67   66   65   67   67   70   71   76   81   88   91   97  100  109  116
  129  141  157  168  177  178  179  178  211                                   
    42.5-180.0 180.0   5.0 450.0                            LAT/LON1/LON2/DLON/H
  214  215  219  214  206  202  195  190  180  168  154  143  134  129  123  116
  104   93   81   73   67   63   60   59   59   61   64   67   68   68   66   65
   66   69   74   77   80   79   79   77   76   78   80   82   83   83   82   80
   78   77   75   73   75   74   76   77   82   87   94   97  103  105  113  120
  132  146  162  174  184  186  185  186  214                                   
    40.0-180.0 180.0   5.0 450.0                            LAT/LON1/LON2/DLON/H
  202  206  210  205  199  197  195  194  188  177  162  151  142  137  131  122
  111   98   88   82   79   78   76   74   73   73   72   72   72   70   68   67
   69   71   76   78   81   80   79   77   78   80   85   87   90   89   89   86
   85   81   80   78   80   79   81   83   89   94  101  106  113  115  123  128
  140  152  169  181  189  190  190  189  202                                   
    37.5-180.0 180.0   5.0 450.0                            LAT/LON1/LON2/DLON/H
  192  193  196  190  182  182  184  189  187  181  169  159  152  147  140  132
  119  109  100   98   97   98   95   92   87   82   79   76   74   72   70   69
   70   73   76   78   80   80   79   78   80   84   89   93   95   95   93   90
   87   84   82   80   82   82   85   87   95  100  109  116  125  129  137  142
  151  162  176  186  193  193  192  192  192                                   
    35.0-180.0 180.0   5.0 450.0                            LAT/LON1/LON2/DLON/H
  181  186  188  177  167  166  172  179  182  179  171  163  158  154  149  140
  130  121  116  114  115  115  111  103   95   87   81   77   75   73   74   74
   76   77   80   80   82   81   81   80   84   89   96   99  102   99   96   91
   87   83   82   79   83   82   87   89   99  106  118  126  138  144  153  156
  165  172  185  191  197  197  199  201  181                                   
    32.5-180.0 180.0   5.0 450.0                            LAT/LON1/LON2/DLON/H
  190  194  194  182  165  162  164  172  175  175  170  167  164  162  157  151
  143  137  133  132  131  128  120  109   98   89   83   80   79   81   83   85
   86   86   86   86   86   86   85   86   91   97  103  106  106  102   97   92
   87   83   81   80   83   84   89   93  103  113  127  139  151  159  168  173
  178  185  193  199  204  206  211  216  190                                   
    30.0-180.0 180.0   5.0 450.0                            LAT/LON1/LON2/DLON/H
  214  221  224  207  187  177  175  175  176  175  171  168  167  166  164  159
  154  149  147  144  140  132  121  108   97   89   86   86   90   95  100  103
  104  102  100   97   97   95   95   96  102  107  113  113  112  105  100   92
   87   82   80   79   83   84   91   97  111  124  143  155  170  176  186  190
  196  199  209  213  221  225  236  246  214                                   
    27.5-180.0 180.0   5.0 450.0                            LAT/LON1/LON2/DLON/H
  268  274  284  267  239  224  211  203  194  188  178  175  172  173  170  168
  165  162  156  150  139  128  114  103   95   93   94  101  108  117  124  128
  127  124  117  113  109  108  106  107  111  115  118  117  114  107   99   91
   85   79   78   76   80   82   90   99  114  132  151  167  181  191  199  206
  212  218  228  235  245  254  271  284  268                                   
    25.0-180.0 180.0   5.0 450.0                            LAT/LON1/LON2/DLON/H
  340  367  373  353  325  299  275  251  231  214  199  188  182  179  176  174
  172  168  160  146  131  115  104   97   97  102  111  122  134  145  153  156
  154  148  140  133  128  124  121  119  120  121  123  119  114  105   98   89
   86   78   77   74   77   80   89  100  119  137  159  173  189  199  211  219
  231  240  253  263  276  293  321  334  340                                   
    22.5-180.0 180.0   5.0 450.0                            LAT/LON1/LON2/DLON/H
  428  470  476  463  433  404  368  332  297  263  236  216  199  191  182  181
  176  171  156  139  118  103   95   98  106  121  135  152  165  178  183  185
  179  171  159  150  142  137  131  126  124  123  123  119  112  104   97   89
   86   79   77   72   76   79   89  103  124  144  165  180  195  207  221  234
  251  265  282  295  316  339  373  383  428                                   
    20.0-180.0 180.0   5.0 450.0                            LAT/LON1/LON2/DLON/H
  516  572  581  579  559  525  479  430  381  333  291  255  227  207  193  186
  180  170  151  129  108   96   97  109  128  149  168  187  200  209  212  208
  200  187  174  162  154  145  138  131  127  123  123  117  111  102   98   91
   89   82   78   73   74   80   92  108  131  152  175  192  209  220  236  252
  277  296  317  336  358  385  424  435  516                                   
    17.5-180.0 180.0   5.0 450.0                            LAT/LON1/LON2/DLON/H
  580  634  646  657  648  626  583  533  471  418  363  313  269  237  211  199
  185  172  148  126  106  103  113  137  160  186  205  220  227  230  226  218
  205  191  177  166  156  148  139  132  125  122  121  117  111  104  100   94
   90   84   79   74   74   81   94  114  138  163  187  208  228  243  259  281
  309  332  355  375  397  424  462  475  580                                   
    15.0-180.0 180.0   5.0 450.0                            LAT/LON1/LON2/DLON/H
  613  667  685  701  703  693  662  619  560  500  438  381  325  277  243  218
  201  181  156  133  122  126  147  176  204  227  240  245  243  236  226  213
  201  186  176  164  157  147  141  131  127  122  121  117  115  107  104   99
   95   89   83   77   77   85  100  122  148  174  201  228  250  268  286  309
  338  362  385  402  427  455  495  504  613                                   
    12.5-180.0 180.0   5.0 450.0                            LAT/LON1/LON2/DLON/H
  604  648  666  689  698  702  686  658  610  560  498  442  379  325  279  249
  225  204  177  159  154  169  195  226  252  265  267  257  244  229  214  201
  188  179  170  164  155  150  142  135  129  125  123  120  119  113  109  103
   98   91   84   79   81   91  109  131  160  188  218  245  270  291  314  338
  364  386  406  424  449  476  508  515  604                                   
    10.0-180.0 180.0   5.0 450.0                            LAT/LON1/LON2/DLON/H
  569  606  624  648  665  676  675  664  633  593  545  493  432  373  322  286
  260  235  213  199  203  223  253  282  296  294  278  255  233  214  201  189
  181  174  171  166  162  156  150  143  138  133  132  128  127  121  116  110
  103   97   90   86   87   97  116  139  167  198  228  258  285  312  336  360
  383  402  420  439  463  487  512  512  569                                   
     7.5-180.0 180.0   5.0 450.0                            LAT/LON1/LON2/DLON/H
  519  539  554  579  598  614  623  625  616  592  559  518  465  412  359  323
  296  274  256  248  260  282  312  327  324  302  273  242  218  203  192  187
