data/unet/pred2770.15i
     1.0            IONOSPHERE MAPS     GNSS                IONEX VERSION / TYPE
pyspatialgeodesy        IME             05-JAN-18 20:20     PGM / RUN BY / DATE 
Map Name                                                    COMMENT             
Predicted global ionosphere maps (GIM).                     DESCRIPTION         
  2015    10     4     0     0     0                        EPOCH OF FIRST MAP  
  2015    10     5     0     0     0                        EPOCH OF LAST MAP   
  7200                                                      INTERVAL            
    13                                                      # OF MAPS IN FILE   
  NONE                                                      MAPPING FUNCTION    
10.0                                                        ELEVATION CUTOFF    
One-way carrier phase leveled to code                       OBSERVABLES USED    
  6371.0                                                    BASE RADIUS         
 2                                                          MAP DIMENSION       
   450.0 450.0   0.0                                        HGT1 / HGT2 / DHGT  
    87.5 -87.5  -2.5                                        LAT1 / LAT2 / DLAT  
  -180.0 180.0   5.0                                        LON1 / LON2 / DLON  
    -1                                                      EXPONENT            
                                                            END OF HEADER       
[from data line 4290]
    11                                                      START OF TEC MAP    
  2015    10     4    20     0     0                        EPOCH OF CURRENT MAP
    87.5-180.0 180.0   5.0 450.0                            LAT/LON1/LON2/DLON/H
  141  110   92   97   95   95   94   95   95   96   96   98   98   99   99  101
  100  101  101  102  101  101  100  100   99   99   98   98   97   96   95   95
   93   93   92   91   90   89   88   87   86   86   85   85   84   84   83   84
   83   84   84   84   84   85   85   86   86   87   86   88   88   89   89   91
   90   92   92   92   94   94   93  128  141                                   
    85.0-180.0 180.0   5.0 450.0                            LAT/LON1/LON2/DLON/H
   88   84   85   89   92   90   93   92   96   95   99   99  102  102  105  105
  107  106  108  107  109  106  108  105  106  102  104  101  101   97   99   95
   96   92   93   89   91   86   88   83   85   80   83   78   80   76   79   75
   78   74   77   74   77   74   77   74   77   75   78   76   79   78   81   80
   83   81   84   83   86   83   85  101   88                                   
    82.5-180.0 180.0   5.0 450.0                            LAT/LON1/LON2/DLON/H
   80   78   81   85   85   86   89   92   94   97  100  103  105  108  110  113
  113  115  115  117  115  116  114  114  111  111  108  108  104  104  100  100
   96   96   93   92   89   88   85   84   81   80   78   77   75   75   73   74
   72   73   72   73   72   74   72   74   72   74   73   74   73   75   74   76
   75   77   76   78   78   76   75   83   80                                   
    80.0-180.0 180.0   5.0 450.0                            LAT/LON1/LON2/DLON/H
   76   71   72   73   75   74   80   81   86   88   94   96  101  103  108  108
  112  111  114  113  114  111  113  109  109  105  105  102  101   97   97   94
   93   89   89   86   84   81   80   76   75   72   71   68   68   65   66   64
   65   64   65   64   65   65   66   64   65   64   66   64   65   64   66   65
   67   65   67   66   68   66   65   72   76                                   
    77.5-180.0 180.0   5.0 450.0                            LAT/LON1/LON2/DLON/H
   68   65   63   66   65   69   72   77   81   86   91   96  101  105  109  111
  114  114  116  115  116  113  113  110  108  105  103  100   98   95   94   91
   90   87   87   84   82   78   76   73   70   67   65   64   62   62   61   61
   60   61   61   62   61   62   61   62   61   61   61   61   60   60   60   60
   60   60   59   60   59   59   59   61   68                                   
    75.0-180.0 180.0   5.0 450.0                            LAT/LON1/LON2/DLON/H
   60   58   58   64   63   68   71   75   80   86   91   98  103  108  112  116
  117  119  119  119  118  118  115  113  109  106  103   99   95   93   91   90
   87   86   84   83   79   77   74   70   66   63   61   59   59   58   59   59
   59   60   61   60   61   60   60   58   58   57   58   56   57   56   57   56
   57   57   57   56   58   56   60   63   60                                   
    72.5-180.0 180.0   5.0 450.0                            LAT/LON1/LON2/DLON/H
   60   60   58   63   63   67   70   76   81   89   96  102  109  114  118  120
  122  122  123  121  121  118  118  113  110  105  101   96   92   89   87   86
   84   83   82   80   77   75   71   67   62   59   56   55   54   55   55   57
   57   59   58   60   58   59   56   56   53   54   52   53   52   53   53   53
   53   53   54   54   54   56   60   61   60                                   
    70.0-180.0 180.0   5.0 450.0                            LAT/LON1/LON2/DLON/H
   61   61   63   68   69   72   77   80   87   92  101  107  115  118  122  123
  124  124  124  123  123  122  121  118  113  107  101   94   89   86   82   81
   79   79   77   77   74   71   67   63   58   55   53   51   51   52   53   54
   57   57   58   57   57   54   54   51   51   49   50   48   50   50   52   50
   53   51   54   53   56   57   64   67   61                                   
    67.5-180.0 180.0   5.0 450.0                            LAT/LON1/LON2/DLON/H
   67   68   67   73   73   78   81   87   92  100  108  115  121  125  127  128
  127  126  127  126  127  125  125  121  116  108  101   92   86   81   78   76
   74   73   72   71   68   65   61   56   52   48   46   45   45   47   48   51
   52   53   53   53   50   48   46   45   43   44   43   45   45   47   47   48
   48   49   50   53   55   58   67   66   67                                   
    65.0-180.0 180.0   5.0 450.0                            LAT/LON1/LON2/DLON/H
   70   70   73   79   81   83   89   92  100  105  114  120  127  129  131  130
  129  129  129  130  132  132  131  127  122  113  105   95   87   81   77   75
   71   71   67   67   63   60   55   51   46   43   42   41   41   43   45   46
   48   48   47   45   43   40   38   37   36   37   38   40   42   43   46   46
   47   47   50   50   56   58   68   73   70                                   
    62.5-180.0 180.0   5.0 450.0                            LAT/LON1/LON2/DLON/H
   74   76   76   83   85   90   93   99  105  113  120  127  133  135  136  135
  134  133  135  137  139  139  139  134  128  119  110   99   91   84   79   75
   71   68   65   62   59   53   50   44   42   38   37   36   38   38   40   42
   42   41   39   37   34   32   30   29   30   32   34   37   38   41   42   43
   44   46   48   50   54   58   69   73   74                                   
    60.0-180.0 180.0   5.0 450.0                            LAT/LON1/LON2/DLON/H
   75   78   82   88   92   94  100  103  111  116  124  131  136  138  139  139
  139  139  141  144  147  147  146  139  134  124  117  107  101   93   87   83
   77   73   67   64   58   54   48   45   41   40   38   38   38   39   40   39
   39   36   34   30   28   25   25   25   27   29   32   36   38   40   43   43
   46   46   49   51   57   58   70   79   75                                   
    57.5-180.0 180.0   5.0 450.0                            LAT/LON1/LON2/DLON/H
   81   85   84   93   98  101  106  110  116  122  130  136  141  143  146  146
  147  148  151  153  155  154  152  146  139  130  124  116  112  105  101   94
   88   80   74   66   62   56   53   49   48   45   45   44   44   42   42   40
   38   34   31   27   26   23   25   26   30   33   36   40   41   44   45   46
   47   50   52   56   58   63   72   80   81                                   
    55.0-180.0 180.0   5.0 450.0                            LAT/LON1/LON2/DLON/H
   83   90   93  101  106  109  115  117  122  126  133  138  142  147  150  154
  156  158  160  161  161  159  155  149  141  134  130  126  125  121  117  110
  102   93   84   77   69   66   62   60   58   58   57   57   55   52   49   45
   41   37   34   30   29   28   31   34   38   42   46   48   49   49   52   50
   54   54   60   61   66   69   79   89   83                                   
    52.5-180.0 180.0   5.0 450.0                            LAT/LON1/LON2/DLON/H
   94  101  100  110  117  121  126  128  133  136  141  145  150  154  160  163
  168  169  170  169  166  162  157  150  144  139  138  137  139  137  135  126
  118  105   96   86   81   75   75   73   75   74   75   72   70   65   61   55
   50   45   42   38   38   38   42   46   52   55   59   59   59   57   58   57
   60   62   67   72   76   81   88   97   94                                   
    50.0-180.0 180.0   5.0 450.0                            LAT/LON1/LON2/DLON/H
  104  111  116  126  133  137  141  142  145  145  149  151  156  161  167  172
  177  178  178  175  169  162  155  150  144  142  143  146  150  150  150  140
  130  116  105   97   91   88   88   89   90   92   91   91   86   82   75   69
   64   59   56   53   53   55   59   64   69   72   74   72   71   68   69   66
   71   74   81   85   90   94  102  113  104                                   
    47.5-180.0 180.0   5.0 450.0                            LAT/LON1/LON2/DLON/H
  122  129  132  144  152  157  161  161  164  164  166  168  172  176  182  187
  190  190  186  181  173  165  157  152  149  148  152  156  160  161  159  150
  137  122  112  103  100   97  100  101  105  105  107  105  102   96   90   83
   78   73   71   69   70   70   75   79   84   86   87   84   82   77   76   75
   79   83   91   98  104  109  115  126  122                                   
    45.0-180.0 180.0   5.0 450.0                            LAT/LON1/LON2/DLON/H
  134  143  152  164  171  177  181  182  184  184  185  186  188  191  197  200
  202  200  195  188  179  169  162  157  154  156  158  163  165  165  162  150
  139  123  114  108  106  106  108  112  114  117  118  118  114  110  103   97
   91   88   85   83   83   83   87   91   96   97   98   95   91   86   85   83
   87   92  102  110  119  125  131  145  134                                   
    42.5-180.0 180.0   5.0 450.0                            LAT/LON1/LON2/DLON/H
  150  159  167  181  189  196  201  205  209  210  211  212  213  216  218  221
  219  216  207  200  189  181  174  170  169  169  170  170  168  164  158  146
  134  121  114  109  110  110  114  115  120  121  124  123  122  117  112  105
  101   97   95   92   91   89   92   95   99  101  100   99   95   91   89   86
   89   94  105  116  127  136  142  157  150                                   
    40.0-180.0 180.0   5.0 450.0                            LAT/LON1/LON2/DLON/H
  162  174  183  196  204  213  219  225  230  233  233  235  236  237  238  237
  234  228  219  211  202  194  189  185  183  180  177  173  168  158  151  138
  129  120  116  113  115  117  119  121  123  125  127  128  126  122  117  111
  107  102   99   95   94   90   93   94  100   99  102  100   99   95   93   91
   92   97  108  120  133  143  153  166  162                                   
    37.5-180.0 180.0   5.0 450.0                            LAT/LON1/LON2/DLON/H
  174  183  191  205  215  224  235  242  251  255  258  260  261  262  261  258
  252  245  236  229  221  215  209  205  201  195  188  178  167  155  147  136
  130  125  124  122  126  125  128  126  127  125  129  127  127  122  118  112
  108  102   98   92   89   86   87   89   94   96   97   98   98   97   93   91
   91   94  104  116  131  146  155  169  174                                   
    35.0-180.0 180.0   5.0 450.0                            LAT/LON1/LON2/DLON/H
  180  193  201  213  223  233  245  255  264  271  276  279  281  281  280  274
  268  260  253  246  242  235  230  222  217  208  198  185  170  156  149  142
  141  140  142  141  142  139  138  136  133  132  131  131  129  124  119  112
  107  100   96   89   85   83   84   86   89   91   94   95   98   97   96   94
   93   96  106  117  132  149  161  174  180                                   
    32.5-180.0 180.0   5.0 450.0                            LAT/LON1/LON2/DLON/H
  190  196  203  216  227  236  249  259  272  280  287  292  295  297  296  292
  286  280  273  268  263  257  249  241  231  221  209  193  179  166  162  160
  164  167  170  168  164  157  152  144  142  137  137  133  131  126  120  112
  105   98   90   83   77   78   78   82   84   88   88   93   94   97   96   93
   93   95  104  113  130  148  159  175  190                                   
    30.0-180.0 180.0   5.0 450.0                            LAT/LON1/LON2/DLON/H
  194  204  212  222  230  240  251  260  273  283  292  298  304  307  308  303
  300  294  291  286  283  273  264  251  242  229  218  204  193  183  185  187
  197  199  201  191  185  173  166  155  150  146  144  141  138  131  125  116
  109   98   91   81   77   75   78   81   83   86   87   92   95   97   98   97
   97  100  109  119  135  153  167  185  194                                   
    27.5-180.0 180.0   5.0 450.0                            LAT/LON1/LON2/DLON/H
  207  211  218  228  236  243  253  260  273  283  294  301  310  315  319  317
  315  313  311  308  301  292  276  264  252  243  233  221  216  213  219  225
  234  236  230  218  205  192  182  170  163  156  153  148  145  139  132  123
  112  102   92   85   79   80   80   84   83   86   85   92   92   98   98   98
   99  103  113  123  139  157  169  191  207                                   
    25.0-180.0 180.0   5.0 450.0                            LAT/LON1/LON2/DLON/H
  216  224  231  238  243  250  257  263  274  284  295  305  317  323  331  331
  332  331  333  328  321  306  289  273  264  255  249  242  244  246  259  268
  277  273  260  238  221  206  196  183  176  167  164  158  155  148  142  132
  124  112  103   94   92   93   94   93   91   89   86   89   90   93   97   99
  103  111  123  137  152  172  188  213  216                                   
    22.5-180.0 180.0   5.0 450.0                            LAT/LON1/LON2/DLON/H
  234  237  245  251  255  261  265  270  280  288  301  312  328  336  347  350
  355  355  357  353  344  328  307  294  284  280  277  275  284  292  310  318
  324  310  287  255  232  217  205  195  188  180  176  170  167  161  154  146
  136  125  115  108  107  109  108  105   99   94   89   88   86   90   94   99
  107  116  132  146  165  181  197  227  234                                   
    20.0-180.0 180.0   5.0 450.0                            LAT/LON1/LON2/DLON/H
  248  256  265  271  272  277  277  282  287  297  308  323  339  352  364  373
  379  380  381  376  368  350  332  317  314  310  312  314  327  341  358  364
  363  340  307  267  240  223  211  203  197  192  187  183  181  176  170  160
  152  141  133  127  126  126  125  120  111  102   93   90   86   87   91   99
  110  125  144  167  185  202  219  245  248                                   
    17.5-180.0 180.0   5.0 450.0                            LAT/LON1/LON2/DLON/H
  261  267  283  289  292  296  296  298  304  313  326  340  358  372  391  398
  408  409  411  407  398  384  370  359  357  355  360  365  379  390  402  402
  388  355  311  268  242  223  215  207  204  198  194  190  188  185  180  172
  164  154  147  142  140  139  137  128  120  107   97   89   84   84   88   97
  112  127  150  173  194  210  224  258  261                                   
    15.0-180.0 180.0   5.0 450.0                            LAT/LON1/LON2/DLON/H
  268  278  297  308  312  321  319  322  325  335  344  359  374  393  407  419
  429  431  435  434  431  421  414  406  406  405  407  412  419  425  428  418
  396  352  306  265  239  226  216  216  212  208  202  199  197  196  190  183
  176  167  163  157  153  150  143  136  125  113   99   89   80   79   83   93
  109  130  154  180  200  215  231  260  268                                   
    12.5-180.0 180.0   5.0 450.0                            LAT/LON1/LON2/DLON/H
  270  283  307  319  333  344  347  349  353  361  374  387  407  422  435  448
  459  466  471  470  472  468  469  465  466  457  452  449  449  448  438  418
  383  339  296  261  243  229  224  222  221  215  210  205  204  201  195  187
  179  172  168  163  160  156  148  138  129  115  102   89   80   77   81   90
  107  126  152  177  195  212  227  264  270                                   
    10.0-180.0 180.0   5.0 450.0                            LAT/LON1/LON2/DLON/H
  275  293  316  333  349  367  370  379  381  392  402  419  438  454  465  478
  493  499  508  508  517  514  524  516  517  498  485  471  464  456  434  405
  368  325  287  263  250  243  235  235  232  226  220  212  212  206  199  191
  184  176  173  167  163  158  148  138  126  114  100   90   80   78   83   93
  107  125  147  171  188  206  225  258  275                                   
     7.5-180.0 180.0   5.0 450.0                            LAT/LON1/LON2/DLON/H
  275  299  325  341  363  385  397  405  414  422  440  455  477  487  499  511
  526  535  547  552  567  568  582  570  562  533  514  489  473  453  426  394
