data/unet/pred1530.15i
     1.0            IONOSPHERE MAPS     GNSS                IONEX VERSION / TYPE
pyspatialgeodesy        IME             05-JAN-18 20:20     PGM / RUN BY / DATE 
Map Name                                                    COMMENT             
Predicted global ionosphere maps (GIM).                     DESCRIPTION         
  2015     6     2     0     0     0                        EPOCH OF FIRST MAP  
  2015     6     3     0     0     0                        EPOCH OF LAST MAP   
  7200                                                      INTERVAL            
    13                                                      # OF MAPS IN FILE   
  NONE                                                      MAPPING FUNCTION    
10.0                                                        ELEVATION CUTOFF    
One-way carrier phase leveled to code                       OBSERVABLES USED    
  6371.0                                                    BASE RADIUS         
 2                                                          MAP DIMENSION       
   450.0 450.0   0.0                                        HGT1 / HGT2 / DHGT  
    87.5 -87.5  -2.5                                        LAT1 / LAT2 / DLAT  
  -180.0 180.0   5.0                                        LON1 / LON2 / DLON  
    -1                                                      EXPONENT            
                                                            END OF HEADER       
[from data line 3861]
    10                                                      START OF TEC MAP    
  2015     6     2    18     0     0                        EPOCH OF CURRENT MAP
    87.5-180.0 180.0   5.0 450.0                            LAT/LON1/LON2/DLON/H
  206  183  181  182  182  180  181  179  181  179  180  178  180  178  180  177
  180  178  180  177  179  176  178  174  176  171  172  168  169  165  166  162
  164  161  162  159  161  159  160  158  160  159  161  160  162  161  164  163
  165  164  167  166  169  167  170  169  172  170  173  171  174  172  175  172
  175  174  177  175  177  176  187  186  206                                   
    85.0-180.0 180.0   5.0 450.0                            LAT/LON1/LON2/DLON/H
  173  173  175  180  179  180  179  181  179  181  179  181  179  181  179  181
  179  181  179  181  178  180  176  177  173  173  169  169  165  165  161  161
  158  159  156  157  155  157  155  156  155  158  157  159  158  161  160  163
  162  165  163  167  165  168  166  169  167  170  167  170  168  171  168  171
  168  172  170  172  171  169  178  182  173                                   
    82.5-180.0 180.0   5.0 450.0                            LAT/LON1/LON2/DLON/H
  174  171  177  177  180  180  182  182  184  183  185  184  186  185  186  185
  187  185  186  184  186  182  182  178  178  173  171  167  165  161  159  156
  154  152  151  150  150  149  149  150  150  151  153  153  156  156  158  158
  160  160  162  161  163  162  164  163  165  164  166  165  167  165  167  165
  167  166  168  167  169  163  166  164  174                                   
    80.0-180.0 180.0   5.0 450.0                            LAT/LON1/LON2/DLON/H
  167  168  169  172  175  176  179  179  181  181  182  182  183  183  183  183
  184  184  184  184  184  182  181  179  177  173  169  165  161  158  154  151
  148  146  143  143  141  142  141  143  144  146  147  150  151  154  154  156
  157  158  158  159  159  160  160  160  161  161  161  161  162  162  161  161
  161  161  161  161  161  157  157  158  167                                   
    77.5-180.0 180.0   5.0 450.0                            LAT/LON1/LON2/DLON/H
  160  159  161  163  168  171  174  174  176  176  177  177  178  177  179  178
  180  179  182  181  182  181  181  179  176  173  169  164  160  156  152  148
  145  142  141  139  139  138  140  140  143  144  147  147  151  151  154  153
  154  154  155  154  155  155  156  155  155  155  156  155  155  155  155  154
  154  153  154  152  152  146  146  150  160                                   
    75.0-180.0 180.0   5.0 450.0                            LAT/LON1/LON2/DLON/H
  155  155  155  162  166  169  171  173  173  175  174  175  174  174  174  174
  175  176  178  179  182  182  183  182  180  178  174  171  165  161  156  152
  148  146  143  142  141  142  142  144  145  149  150  153  153  155  155  155
  155  155  155  154  154  154  154  153  153  153  153  152  152  152  152  151
  150  150  149  148  147  143  143  150  155                                   
    72.5-180.0 180.0   5.0 450.0                            LAT/LON1/LON2/DLON/H
  155  153  158  160  166  169  172  173  174  174  175  173  173  170  171  169
  172  171  175  176  180  181  183  183  182  180  176  174  168  164  159  155
  151  148  147  145  145  144  147  148  151  152  156  156  158  157  158  156
  156  155  155  153  153  152  152  150  150  149  150  149  150  149  150  148
  149  147  148  146  146  141  143  150  155                                   
    70.0-180.0 180.0   5.0 450.0                            LAT/LON1/LON2/DLON/H
  159  158  160  166  170  172  175  176  177  176  177  175  174  171  171  169
  169  169  172  174  178  181  183  184  184  183  180  177  173  169  165  161
  157  154  153  151  151  152  153  156  157  160  160  162  161  161  160  159
  158  157  156  154  153  152  150  149  148  147  147  147  147  149  148  149
  147  149  148  149  148  145  145  157  159                                   
    67.5-180.0 180.0   5.0 450.0                            LAT/LON1/LON2/DLON/H
  165  164  170  170  175  177  179  180  181  182  181  180  178  175  173  169
  169  167  171  172  176  179  182  183  183  182  180  178  174  172  169  166
  163  160  159  157  158  158  161  162  165  165  167  164  165  162  162  159
  159  156  157  154  153  150  149  146  145  143  145  144  146  146  149  149
  151  151  153  153  154  150  154  162  165                                   
    65.0-180.0 180.0   5.0 450.0                            LAT/LON1/LON2/DLON/H
  175  176  176  180  182  183  186  186  188  187  189  187  187  182  180  175
  174  170  172  173  177  178  181  182  182  181  179  178  176  175  174  172
  170  168  167  166  165  167  168  170  170  172  170  169  166  164  162  160
  159  158  158  155  153  151  148  145  142  141  140  141  143  146  147  151
  151  155  156  159  160  158  161  172  175                                   
    62.5-180.0 180.0   5.0 450.0                            LAT/LON1/LON2/DLON/H
  184  186  188  187  189  190  191  191  192  195  196  196  194  191  186  181
  177  173  173  172  175  176  179  177  178  176  176  175  175  176  177  177
  176  175  174  172  172  172  175  176  178  177  176  172  170  166  164  162
  161  161  160  158  156  152  149  144  141  137  137  137  140  142  146  149
  153  156  161  163  167  166  172  178  184                                   
    60.0-180.0 180.0   5.0 450.0                            LAT/LON1/LON2/DLON/H
  192  198  193  197  196  197  198  198  200  202  205  206  206  201  198  190
  185  178  177  174  175  175  175  175  173  172  171  173  174  177  180  181
  181  181  180  180  179  181  182  185  184  184  181  176  172  169  165  164
  163  163  162  160  157  153  148  143  139  135  132  133  134  138  141  147
  151  156  161  165  171  171  177  184  192                                   
    57.5-180.0 180.0   5.0 450.0                            LAT/LON1/LON2/DLON/H
  199  203  203  202  203  202  203  203  204  209  212  215  214  212  205  198
  190  183  179  174  174  171  172  169  169  166  168  168  173  177  181  184
  185  186  186  185  185  187  190  193  194  193  190  184  179  174  170  168
  166  166  166  162  159  153  148  141  137  130  129  126  129  131  137  141
  148  154  161  165  172  174  183  186  199                                   
    55.0-180.0 180.0   5.0 450.0                            LAT/LON1/LON2/DLON/H
  200  208  205  208  208  209  210  210  213  217  222  224  225  221  216  205
  198  189  184  178  176  172  171  168  167  166  166  169  173  178  183  186
  189  190  192  192  193  196  199  202  203  203  198  193  186  181  175  173
  170  170  167  164  158  154  146  140  133  129  124  123  123  126  130  136
  143  150  157  163  170  174  183  188  200                                   
    52.5-180.0 180.0   5.0 450.0                            LAT/LON1/LON2/DLON/H
  201  208  210  212  215  217  218  220  221  226  230  234  233  230  223  215
  203  195  187  180  177  171  171  167  167  165  168  170  175  180  186  189
  192  195  197  198  201  205  210  215  216  216  211  205  196  190  182  179
  175  173  169  163  159  151  145  137  133  126  122  119  120  121  126  131
  138  145  152  159  166  171  182  187  201                                   
    50.0-180.0 180.0   5.0 450.0                            LAT/LON1/LON2/DLON/H
  197  208  209  217  223  226  230  232  235  238  243  245  243  240  233  224
  212  200  194  186  182  176  175  172  172  171  173  176  180  185  190  194
  197  201  204  207  211  215  222  227  229  229  224  218  208  200  191  186
  180  177  171  165  158  152  145  139  135  129  126  122  122  122  125  130
  136  142  148  155  162  168  178  186  197                                   
    47.5-180.0 180.0   5.0 450.0                            LAT/LON1/LON2/DLON/H
  196  206  212  219  228  234  241  245  249  252  255  255  252  247  239  232
  219  209  199  193  187  182  179  176  177  177  180  182  187  190  195  198
  203  208  212  218  222  230  236  242  243  244  237  231  219  211  199  192
  185  179  172  164  158  150  146  140  139  134  131  128  126  126  127  130
  134  140  144  150  156  162  175  183  196                                   
    45.0-180.0 180.0   5.0 450.0                            LAT/LON1/LON2/DLON/H
  192  207  212  225  235  244  255  260  266  267  270  267  263  257  248  240
  229  219  211  201  197  191  189  185  186  186  190  192  196  198  202  206
  212  218  225  230  238  243  252  255  259  258  252  244  231  222  209  201
  191  184  175  166  159  153  149  146  145  142  141  137  135  133  133  133
  136  139  144  148  155  162  171  183  192                                   
    42.5-180.0 180.0   5.0 450.0                            LAT/LON1/LON2/DLON/H
  190  203  213  224  239  250  262  271  278  281  282  278  274  265  256  249
  238  232  222  216  208  203  198  195  194  195  199  201  205  208  213  218
  226  233  242  250  256  265  269  275  274  273  265  257  243  231  217  206
  196  186  177  168  161  156  154  152  153  150  150  147  145  143  141  139
  139  141  143  146  152  156  171  182  190                                   
    40.0-180.0 180.0   5.0 450.0                            LAT/LON1/LON2/DLON/H
  188  204  212  228  243  256  269  278  288  292  294  289  285  275  268  259
  253  244  240  232  227  217  211  206  205  205  209  212  218  220  227  232
  244  254  267  274  282  287  292  293  292  289  280  270  254  243  226  215
  202  192  181  173  166  162  161  160  160  158  157  155  154  151  150  147
  145  145  147  150  155  161  171  185  188                                   
    37.5-180.0 180.0   5.0 450.0                            LAT/LON1/LON2/DLON/H
  188  200  210  221  238  252  265  276  287  293  298  295  293  285  278  272
  265  262  256  252  243  237  226  220  216  216  219  224  231  236  246  257
  271  284  296  304  310  313  313  312  309  303  294  281  265  250  234  219
  208  196  187  179  172  169  168  167  168  165  164  161  161  159  157  153
  149  147  147  149  154  157  173  183  188                                   
    35.0-180.0 180.0   5.0 450.0                            LAT/LON1/LON2/DLON/H
  187  199  206  219  234  249  261  275  287  298  302  306  303  298  292  286
  283  278  277  269  266  255  246  236  231  230  235  241  254  262  276  287
  305  318  333  338  344  339  338  329  326  317  308  295  277  261  242  227
  212  201  191  184  178  175  173  173  171  169  167  165  166  164  163  157
  153  151  152  153  158  163  171  186  187                                   
    32.5-180.0 180.0   5.0 450.0                            LAT/LON1/LON2/DLON/H
  186  197  203  210  226  237  252  264  279  292  301  306  309  308  304  304
  298  298  292  291  284  279  266  258  250  250  256  268  282  294  307  320
  336  350  362  367  368  360  353  341  334  326  316  303  285  266  246  228
  214  203  194  188  182  179  176  175  173  171  169  169  169  168  166  161
  155  154  153  153  156  158  173  185  186                                   
    30.0-180.0 180.0   5.0 450.0                            LAT/LON1/LON2/DLON/H
  182  192  197  206  216  229  239  255  270  288  297  309  312  319  316  316
  315  310  311  306  305  297  289  280  275  276  287  297  315  325  341  353
  369  379  391  388  388  375  365  349  341  330  322  307  290  269  248  229
  213  203  194  189  183  180  176  174  173  171  171  170  173  168  169  161
  159  155  156  155  158  160  170  186  182                                   
    27.5-180.0 180.0   5.0 450.0                            LAT/LON1/LON2/DLON/H
  180  192  195  200  213  220  234  246  265  281  296  308  318  324  327  329
  328  330  327  328  323  320  311  306  303  308  319  334  347  358  370  381
  394  400  405  399  394  379  367  349  339  327  316  300  282  262  242  221
  207  196  189  184  179  175  172  170  168  168  168  171  173  173  169  163
  158  156  155  154  154  155  167  181  180                                   
    25.0-180.0 180.0   5.0 450.0                            LAT/LON1/LON2/DLON/H
  178  187  194  203  210  222  230  245  262  281  298  313  324  334  339  342
  345  345  349  345  346  340  336  330  334  339  355  367  382  390  402  409
  418  420  419  407  398  381  365  346  334  319  307  290  273  253  233  213
  198  188  181  179  174  171  167  164  162  160  163  166  172  170  169  160
  159  154  156  154  153  154  164  180  178                                   
    22.5-180.0 180.0   5.0 450.0                            LAT/LON1/LON2/DLON/H
  175  186  197  205  217  226  238  251  268  286  302  321  333  347  352  359
  361  368  370  374  371  370  363  362  364  375  387  400  410  416  420  423
  427  422  417  402  389  370  352  332  318  303  288  271  256  237  218  200
  187  179  173  171  165  158  155  152  153  153  155  160  165  166  163  158
  155  154  154  151  148  147  160  173  175                                   
    20.0-180.0 180.0   5.0 450.0                            LAT/LON1/LON2/DLON/H
  173  188  202  219  229  241  248  264  276  295  307  326  343  358  366  375
  379  387  393  398  402  398  395  392  399  406  419  428  435  438  437  435
  433  426  413  399  381  362  338  321  304  290  273  259  241  226  209  194
  181  173  167  165  157  154  148  147  145  146  148  152  156  156  155  150
  151  147  149  145  142  141  151  166  173                                   
    17.5-180.0 180.0   5.0 450.0                            LAT/LON1/LON2/DLON/H
  168  184  201  219  233  245  258  271  286  303  315  336  352  372  380  391
  397  408  414  422  425  423  420  417  422  430  436  443  447  445  443  434
  429  416  404  389  371  349  328  310  293  277  261  246  231  216  202  188
  176  168  162  157  152  147  145  142  139  139  142  146  149  149  145  143
  142  141  141  137  133  128  142  154  168                                   
    15.0-180.0 180.0   5.0 450.0                            LAT/LON1/LON2/DLON/H
  164  187  204  229  245  262  274  288  300  315  322  341  358  379  390  405
  411  425  432  441  442  441  438  438  444  449  453  458  458  455  448  440
  428  417  402  388  369  347  325  307  290  273  257  243  227  215  201  189
  175  165  157  151  144  138  135  133  132  133  136  138  141  138  137  133
  134  131  131  126  121  119  131  146  164                                   
    12.5-180.0 180.0   5.0 450.0                            LAT/LON1/LON2/DLON/H
  153  172  195  218  242  259  276  291  303  316  326  346  364  385  399  415
  424  439  447  455  456  455  449  449  453  456  456  457  456  449  442  430
  420  408  396  384  366  349  328  312  292  276  259  245  230  219  205  193
  178  166  154  145  136  132  130  129  128  129  132  132  134  132  129  128
  124  122  118  113  107  108  117  131  153                                   
    10.0-180.0 180.0   5.0 450.0                            LAT/LON1/LON2/DLON/H
  142  164  189  216  241  263  281  297  307  317  326  344  362  383  398  417
  429  447  454  466  463  463  458  461  463  466  461  461  454  450  439  431
  419  408  397  386  371  355  335  317  299  281  264  249  235  224  210  197
  181  165  152  141  133  128  127  126  127  126  126  124  125  122  122  118
  117  111  108  101   95   97  104  115  142                                   
     7.5-180.0 180.0   5.0 450.0                            LAT/LON1/LON2/DLON/H
  126  147  172  198  230  253  276  291  304  314  325  342  360  379  397  415
  430  447  455  464  463  464  460  463  464  461  458  450  448  440  434  421
