data/unet/pred1150.15i
     1.0            IONOSPHERE MAPS     GNSS                IONEX VERSION / TYPE
pyspatialgeodesy        IME             05-JAN-18 20:20     PGM / RUN BY / DATE 
Map Name                                                    COMMENT             
Predicted global ionosphere maps (GIM).                     DESCRIPTION         
  2015     4    25     0     0     0                        EPOCH OF FIRST MAP  
  2015     4    26     0     0     0                        EPOCH OF LAST MAP   
  7200                                                      INTERVAL            
    13                                                      # OF MAPS IN FILE   
  NONE                                                      MAPPING FUNCTION    
10.0                                                        ELEVATION CUTOFF    
One-way carrier phase leveled to code                       OBSERVABLES USED    
  6371.0                                                    BASE RADIUS         
 2                                                          MAP DIMENSION       
   450.0 450.0   0.0                                        HGT1 / HGT2 / DHGT  
    87.5 -87.5  -2.5                                        LAT1 / LAT2 / DLAT  
  -180.0 180.0   5.0                                        LON1 / LON2 / DLON  
    -1                                                      EXPONENT            
                                                            END OF HEADER       
[from data line 2145]
     6                                                      START OF TEC MAP    
  2015     4    25    10     0     0                        EPOCH OF CURRENT MAP
    87.5-180.0 180.0   5.0 450.0                            LAT/LON1/LON2/DLON/H
  171  197  204  213  217  223  225  232  233  241  243  251  252  259  260  266
  265  270  270  275  272  277  275  279  277  281  279  283  281  283  280  282
  278  278  274  274  268  267  261  259  253  251  245  244  238  237  233  232
  228  227  224  223  218  218  214  214  209  210  205  206  202  202  198  199
  197  199  197  198  194  195  196  161  171                                   
    85.0-180.0 180.0   5.0 450.0                            LAT/LON1/LON2/DLON/H
  189  178  188  198  202  207  212  218  224  231  237  244  248  256  259  265
  266  271  272  276  276  279  279  283  282  285  285  288  286  289  287  288
  285  286  282  282  277  276  270  268  263  259  255  252  246  243  239  237
  232  229  226  223  218  216  212  209  205  203  199  197  194  192  188  188
  185  186  184  185  183  180  191  171  189                                   
    82.5-180.0 180.0   5.0 450.0                            LAT/LON1/LON2/DLON/H
  173  172  172  177  181  187  192  203  207  219  224  236  239  250  252  262
  260  270  267  277  272  281  277  284  280  287  284  290  287  293  290  294
  291  294  290  292  287  288  281  281  273  273  264  264  256  255  247  246
  237  236  228  227  219  217  210  207  201  198  193  190  186  183  178  177
  173  173  169  169  167  168  169  168  173                                   
    80.0-180.0 180.0   5.0 450.0                            LAT/LON1/LON2/DLON/H
  170  168  160  164  171  177  184  194  199  210  216  226  232  239  244  249
  253  256  259  261  261  263  263  266  263  268  265  273  268  278  273  282
  278  286  281  287  281  286  279  283  274  277  269  272  264  265  257  257
  249  247  240  238  231  228  222  219  214  210  204  201  196  191  187  183
  179  176  170  168  164  160  163  161  170                                   
    77.5-180.0 180.0   5.0 450.0                            LAT/LON1/LON2/DLON/H
  170  168  157  160  163  173  178  188  193  205  209  219  221  230  231  239
  238  243  241  245  242  245  241  245  241  245  243  249  247  255  254  263
  262  271  270  278  275  282  278  284  278  283  278  283  278  281  277  277
  272  271  266  265  259  258  253  251  245  241  236  232  226  221  214  210
  203  199  191  185  177  171  170  166  170                                   
    75.0-180.0 180.0   5.0 450.0                            LAT/LON1/LON2/DLON/H
  177  169  159  161  162  169  174  184  187  198  199  208  210  216  217  223
  222  226  223  226  220  221  216  217  213  217  216  222  223  232  235  244
  247  258  260  270  270  280  277  287  282  292  288  298  295  303  300  304
  300  302  300  298  296  293  291  286  284  278  275  268  265  256  249  242
  234  228  217  208  198  187  184  173  177                                   
    72.5-180.0 180.0   5.0 450.0                            LAT/LON1/LON2/DLON/H
  183  177  163  163  161  167  169  177  179  189  190  198  197  205  204  209
  207  210  207  207  203  201  197  195  194  194  196  200  206  213  221  229
  237  245  253  260  267  275  280  288  290  298  301  311  314  322  325  330
  331  334  332  334  330  330  325  323  317  313  305  300  293  286  277  270
  260  254  241  232  216  203  196  185  183                                   
    70.0-180.0 180.0   5.0 450.0                            LAT/LON1/LON2/DLON/H
  187  175  164  163  161  165  166  170  174  178  181  184  186  190  191  194
  193  196  194  195  190  189  185  185  183  184  187  191  200  209  219  227
  237  245  253  261  267  278  282  294  297  309  314  326  332  343  348  356
  358  361  361  360  358  355  352  347  343  336  330  323  318  308  299  291
  281  274  262  250  235  215  205  190  187                                   
    67.5-180.0 180.0   5.0 450.0                            LAT/LON1/LON2/DLON/H
  185  175  162  158  155  154  155  157  159  163  164  169  169  175  175  180
  180  184  184  184  182  179  178  175  177  176  182  187  197  207  220  227
  239  246  256  262  271  279  288  297  304  316  324  339  346  358  364  373
  374  377  373  373  367  365  358  354  346  340  333  327  321  313  306  296
  288  280  268  256  239  219  206  191  185                                   
    65.0-180.0 180.0   5.0 450.0                            LAT/LON1/LON2/DLON/H
  180  164  151  149  146  146  145  147  148  151  152  154  156  159  162  166
  169  174  174  176  175  176  175  176  177  179  186  193  204  216  227  236
  246  255  264  270  277  286  294  306  313  327  337  351  360  372  377  385
  384  385  380  376  371  365  358  351  344  337  329  323  315  309  300  295
  285  280  267  258  241  220  205  190  180                                   
    62.5-180.0 180.0   5.0 450.0                            LAT/LON1/LON2/DLON/H
  176  158  144  138  131  128  126  127  127  129  130  133  133  138  140  147
  149  157  158  164  165  168  170  173  178  184  191  201  211  223  232  243
  253  263  273  280  287  294  303  312  324  335  348  360  371  381  385  389
  387  384  376  372  363  357  348  341  331  325  316  310  304  297  293  286
  279  272  261  252  237  217  201  186  176                                   
    60.0-180.0 180.0   5.0 450.0                            LAT/LON1/LON2/DLON/H
  173  151  133  128  119  114  111  111  112  113  116  117  119  121  126  131
  134  141  143  150  152  159  163  172  178  187  195  206  215  227  236  247
  259  270  282  288  296  303  313  324  338  350  364  373  383  390  393  395
  391  386  377  370  363  354  345  336  328  320  312  305  299  295  288  283
  275  271  259  251  237  217  202  190  173                                   
    57.5-180.0 180.0   5.0 450.0                            LAT/LON1/LON2/DLON/H
  182  156  137  123  111  104   98   96   96   98  100  102  104  107  109  114
  117  124  127  132  137  144  153  164  174  186  195  206  214  227  235  251
  260  275  286  294  302  311  323  333  350  361  377  384  394  398  400  399
  394  388  377  370  359  351  342  334  327  320  313  307  304  297  294  287
  282  275  264  256  243  226  210  196  182                                   
    55.0-180.0 180.0   5.0 450.0                            LAT/LON1/LON2/DLON/H
  195  166  145  130  114  103   95   91   90   90   94   95   99   98  103  103
  108  110  113  118  122  132  142  160  169  185  194  207  212  226  235  251
  262  276  288  299  309  319  334  349  368  381  397  403  410  412  414  412
  407  400  392  383  373  364  355  348  340  334  329  326  320  315  310  303
  295  289  280  273  262  243  229  218  195                                   
    52.5-180.0 180.0   5.0 450.0                            LAT/LON1/LON2/DLON/H
  215  188  168  148  128  114  101   95   90   91   92   94   95   96   97   99
  100  102  104  106  112  120  134  153  170  185  198  208  215  228  237  255
  265  281  293  306  317  330  347  364  385  397  412  419  426  428  430  428
  423  415  407  398  389  379  370  361  355  350  347  344  341  334  330  323
  316  307  297  290  278  263  248  233  215                                   
    50.0-180.0 180.0   5.0 450.0                            LAT/LON1/LON2/DLON/H
  239  209  195  176  153  135  119  108  100   97   99   98  100   98  100   98
   99   98  100  101  107  117  132  156  173  193  203  214  219  232  239  259
  270  286  297  311  324  340  363  382  404  417  433  439  447  448  451  449
  446  440  432  424  414  404  390  382  373  369  365  365  361  359  351  345
  337  328  315  306  294  278  272  258  239                                   
    47.5-180.0 180.0   5.0 450.0                            LAT/LON1/LON2/DLON/H
  250  226  212  195  179  160  144  131  117  113  109  110  109  108  106  104
  102  100  101  101  108  117  136  159  182  200  215  224  232  242  250  266
  277  291  303  318  331  351  376  399  421  435  449  457  465  466  470  467
  469  462  457  445  434  418  404  392  382  375  372  371  370  369  364  356
  346  335  320  308  296  282  278  264  250                                   
    45.0-180.0 180.0   5.0 450.0                            LAT/LON1/LON2/DLON/H
  261  237  228  214  201  186  172  158  143  135  129  126  124  120  118  116
  114  111  112  112  118  129  146  174  195  217  230  241  247  258  263  276
  284  299  309  325  343  366  398  420  449  461  479  482  488  490  495  495
  497  492  485  473  456  436  414  399  384  377  368  370  365  366  359  354
  342  331  314  303  291  276  276  269  261                                   
    42.5-180.0 180.0   5.0 450.0                            LAT/LON1/LON2/DLON/H
  253  235  229  223  216  204  194  183  170  161  150  147  140  137  133  130
  128  125  124  125  129  139  156  183  207  230  244  259  264  274  276  287
  293  306  316  333  354  382  415  444  470  488  503  510  515  516  522  521
  525  516  511  494  474  448  422  402  382  372  362  361  358  358  350  345
  330  317  298  282  267  252  252  246  253                                   
    40.0-180.0 180.0   5.0 450.0                            LAT/LON1/LON2/DLON/H
  237  221  223  227  225  219  209  201  190  182  170  164  158  153  150  146
  145  140  142  140  145  152  169  191  215  240  254  268  272  280  279  289
  294  308  320  341  367  399  441  469  502  518  535  542  546  551  555  556
  558  551  540  524  499  470  441  416  394  376  364  359  354  349  342  333
  317  298  277  260  242  222  228  226  237                                   
    37.5-180.0 180.0   5.0 450.0                            LAT/LON1/LON2/DLON/H
  213  207  209  216  220  220  215  210  199  192  181  175  171  166  162  157
  153  149  149  148  151  156  172  191  213  238  251  271  271  282  278  291
  296  313  326  352  381  422  464  500  528  551  569  578  588  591  597  599
  605  599  589  567  539  509  477  450  424  404  386  376  369  363  355  344
  323  300  275  252  229  204  204  191  213                                   
    35.0-180.0 180.0   5.0 450.0                            LAT/LON1/LON2/DLON/H
  192  190  191  201  209  215  215  215  205  200  190  186  184  179  176  170
  167  161  162  159  162  164  177  194  212  234  247  261  264  272  271  284
  294  314  330  359  398  445  492  532  567  593  613  628  638  649  650  655
  655  652  642  626  604  577  553  518  495  461  437  411  399  384  381  368
  354  326  300  274  247  213  204  188  192                                   
    32.5-180.0 180.0   5.0 450.0                            LAT/LON1/LON2/DLON/H
  191  191  187  192  200  205  210  211  206  201  193  190  190  186  181  174
  171  165  164  159  161  162  172  186  204  225  237  256  258  270  270  289
  297  325  346  385  426  474  517  562  596  626  648  671  683  695  706  719
  732  734  733  724  708  678  658  625  601  565  545  517  499  477  465  441
  422  394  357  323  292  253  220  192  191                                   
    30.0-180.0 180.0   5.0 450.0                            LAT/LON1/LON2/DLON/H
  209  212  202  196  199  202  205  206  202  201  197  196  197  194  190  183
  180  173  173  168  167  165  172  184  197  216  230  248  255  268  275  290
  308  341  371  413  454  503  544  590  626  662  692  715  733  750  765  781
  796  810  811  807  793  779  764  742  724  692  672  645  613  586  565  542
  507  482  440  398  360  315  278  234  209                                   
    27.5-180.0 180.0   5.0 450.0                            LAT/LON1/LON2/DLON/H
  248  239  234  221  219  216  215  212  209  205  203  205  203  201  192  185
  180  174  173  169  166  164  168  177  189  206  218  242  250  266  278  294
  322  353  396  438  485  528  570  607  647  688  724  751  775  798  818  840
  868  884  895  894  892  879  879  864  860  835  813  774  744  706  679  654
  631  587  531  483  440  386  341  282  248                                   
    25.0-180.0 180.0   5.0 450.0                            LAT/LON1/LON2/DLON/H
  296  283  265  243  240  233  229  225  216  213  210  211  211  204  199  190
  185  180  178  174  170  167  167  175  186  200  219  238  257  271  285  308
  341  376  421  463  514  555  595  628  667  708  746  779  810  843  873  901
  934  951  963  967  970  968  972  966  963  943  920  890  855  822  784  753
  720  685  644  596  534  459  445  369  296                                   
    22.5-180.0 180.0   5.0 450.0                            LAT/LON1/LON2/DLON/H
  354  318  312  274  264  256  249  245  234  232  223  223  218  210  201  193
  187  181  181  176  169  167  164  176  183  205  221  244  264  276  297  323
  360  400  446  490  540  581  615  645  686  728  756  793  831  871  905  941
  971  991 1001 1011 1017 1024 1034 1041 1041 1027 1001  970  932  895  856  822
  787  748  707  674  631  557  498  435  354                                   
    20.0-180.0 180.0   5.0 450.0                            LAT/LON1/LON2/DLON/H
  404  366  357  317  295  281  260  256  249  244  240  237  229  216  205  192
  188  182  185  181  171  172  167  175  184  198  223  246  268  292  314  351
  391  432  480  526  572  602  631  656  696  727  757  792  828  870  907  937
  968  983  997 1003 1016 1020 1041 1047 1056 1038 1021  984  952  910  870  825
  791  757  724  702  669  631  570  521  404                                   
    17.5-180.0 180.0   5.0 450.0                            LAT/LON1/LON2/DLON/H
  443  420  410  368  346  316  300  279  266  254  246  242  240  231  211  194
  188  181  183  177  171  172  166  175  177  200  223  257  279  311  334  375
  413  464  510  560  599  628  652  675  708  737  759  787  817  853  885  910
  929  946  959  968  977  987 1000 1012 1017 1009  992  964  936  896  844  797
  759  730  704  691  673  635  600  576  443                                   
    15.0-180.0 180.0   5.0 450.0                            LAT/LON1/LON2/DLON/H
  483  463  455  412  385  344  329  309  291  266  250  239  232  224  216  203
  188  177  176  176  172  172  167  168  174  198  227  258  288  322  354  402
  440  489  532  572  609  629  661  681  717  740  760  783  807  836  863  880
  893  897  907  906  918  921  937  941  950  939  933  908  883  832  779  732
  689  666  643  640  635  618  598  581  483                                   
    12.5-180.0 180.0   5.0 450.0                            LAT/LON1/LON2/DLON/H
  504  501  487  459  420  380  358  335  321  289  271  250  236  218  206  202
  191  180  172  172  165  168  154  159  160  192  221  270  297  345  371  420
  465  508  548  580  612  632  660  690  720  747  764  782  802  822  840  855
  855  857  854  853  847  851  861  867  865  866  852  840  809  773  716  670
  632  608  594  593  595  579  570  580  504                                   
    10.0-180.0 180.0   5.0 450.0                            LAT/LON1/LON2/DLON/H
  502  506  502  463  442  394  378  348  340  309  292  269  250  221  208  196
  192  181  168  163  157  155  149  146  152  184  215  260  303  348  393  432
  474  513  547  576  607  628  664  690  727  752  765  781  796  812  827  831
  834  830  829  821  813  809  813  814  814  802  794  780  750  710  655  607
  569  545  535  538  548  541  536  547  502                                   
     7.5-180.0 180.0   5.0 450.0                            LAT/LON1/LON2/DLON/H
  505  515  507  470  445  399  381  352  342  314  297  274  257  229  211  197
  186  189  168  163  144  147  128  137  140  177  217  272  306  357  394  435
