data/unet/pred1230.15i
     1.0            IONOSPHERE MAPS     GNSS                IONEX VERSION / TYPE
pyspatialgeodesy        IME             05-JAN-18 20:20     PGM / RUN BY / DATE 
Map Name                                                    COMMENT             
Predicted global ionosphere maps (GIM).                     DESCRIPTION         
  2015     5     3     0     0     0                        EPOCH OF FIRST MAP  
  2015     5     4     0     0     0                        EPOCH OF LAST MAP   
  7200                                                      INTERVAL            
    13                                                      # OF MAPS IN FILE   
  NONE                                                      MAPPING FUNCTION    
10.0                                                        ELEVATION CUTOFF    
One-way carrier phase leveled to code                       OBSERVABLES USED    
  6371.0                                                    BASE RADIUS         
 2                                                          MAP DIMENSION       
   450.0 450.0   0.0                                        HGT1 / HGT2 / DHGT  
    87.5 -87.5  -2.5                                        LAT1 / LAT2 / DLAT  
  -180.0 180.0   5.0                                        LON1 / LON2 / DLON  
    -1                                                      EXPONENT            
                                                            END OF HEADER       
[from data line 1716]
     5                                                      START OF TEC MAP    
  2015     5     3     8     0     0                        EPOCH OF CURRENT MAP
    87.5-180.0 180.0   5.0 450.0                            LAT/LON1/LON2/DLON/H
  128  140  150  150  151  149  151  150  154  154  157  157  161  161  163  162
  165  163  165  163  166  164  167  164  167  165  167  165  166  164  164  162
  161  160  159  157  155  153  151  150  148  147  146  144  144  144  143  143
  143  142  142  141  142  141  141  139  140  138  138  137  138  136  136  135
  137  135  138  137  143  138  142  120  128                                   
    85.0-180.0 180.0   5.0 450.0                            LAT/LON1/LON2/DLON/H
  129  140  140  148  146  146  147  149  152  154  156  158  161  163  164  165
  167  168  167  168  168  168  167  167  167  168  166  168  167  168  166  167
  166  165  164  162  161  158  155  154  151  151  148  148  146  147  145  146
  145  146  144  145  145  144  143  143  143  142  141  141  141  140  139  138
  138  138  138  138  141  135  138  116  129                                   
    82.5-180.0 180.0   5.0 450.0                            LAT/LON1/LON2/DLON/H
  129  129  132  135  133  134  137  141  144  148  151  155  158  162  164  167
  169  170  170  171  170  170  168  168  167  167  166  166  166  166  165  166
  166  165  165  163  163  159  158  154  155  151  152  149  151  148  150  147
  149  147  149  146  149  146  147  145  146  144  144  142  143  141  140  138
  137  135  134  133  133  129  131  114  129                                   
    80.0-180.0 180.0   5.0 450.0                            LAT/LON1/LON2/DLON/H
  134  128  132  129  130  130  132  136  139  143  147  151  156  159  162  165
  168  169  169  170  170  168  168  165  166  162  163  159  162  158  162  160
  164  163  166  165  167  164  164  161  162  160  159  159  159  159  159  160
  160  162  161  163  163  163  162  162  162  160  159  157  157  153  152  149
  148  145  143  141  140  134  130  121  134                                   
    77.5-180.0 180.0   5.0 450.0                            LAT/LON1/LON2/DLON/H
  139  136  135  132  132  129  131  131  135  136  140  143  148  150  155  157
  161  162  165  164  165  161  161  156  155  149  148  145  146  144  148  149
  153  155  159  162  165  166  169  168  171  170  174  173  179  179  184  184
  188  188  191  191  194  193  194  193  193  191  191  188  187  183  181  175
  173  167  165  158  157  148  144  128  139                                   
    75.0-180.0 180.0   5.0 450.0                            LAT/LON1/LON2/DLON/H
  154  146  144  136  134  128  127  125  127  126  129  130  134  136  141  143
  147  148  150  148  149  145  143  137  135  128  127  124  127  127  135  137
  146  149  158  160  167  167  173  174  177  181  183  190  192  199  201  208
  208  213  212  218  217  220  218  220  218  219  216  216  212  210  205  201
  196  191  187  180  178  165  163  147  154                                   
    72.5-180.0 180.0   5.0 450.0                            LAT/LON1/LON2/DLON/H
  168  159  153  144  139  130  127  121  121  116  119  116  120  119  124  125
  129  130  134  132  133  129  126  119  116  109  108  106  110  114  123  131
  142  149  159  164  171  173  180  181  188  191  201  204  213  218  225  228
  233  235  238  239  241  241  242  242  241  241  239  238  235  232  228  223
  218  212  207  199  195  184  181  162  168                                   
    70.0-180.0 180.0   5.0 450.0                            LAT/LON1/LON2/DLON/H
  180  165  160  149  143  132  127  120  117  112  110  108  109  108  111  112
  116  118  121  121  122  118  115  109  105   99   97   97  101  108  119  129
  143  152  163  168  176  179  185  190  195  203  210  219  226  234  238  244
  246  250  249  253  253  254  251  253  250  251  248  248  245  242  237  234
  229  225  219  211  208  195  195  182  180                                   
    67.5-180.0 180.0   5.0 450.0                            LAT/LON1/LON2/DLON/H
  190  177  165  152  144  133  127  118  115  107  107  101  102   98  101  100
  102  104  107  108  108  106  104   99   95   91   90   91   96  106  118  131
  145  157  168  174  182  184  191  195  205  210  222  228  241  244  253  255
  260  260  261  260  261  258  256  253  251  249  247  245  244  240  238  233
  231  227  224  216  214  202  201  184  190                                   
    65.0-180.0 180.0   5.0 450.0                            LAT/LON1/LON2/DLON/H
  198  180  168  157  147  137  129  120  114  108  103   99   96   94   93   92
   94   95   98  100  102  100   99   96   93   91   91   95  101  112  124  138
  152  165  175  183  189  193  198  204  210  220  228  239  247  255  259  266
  266  269  263  265  261  259  252  249  242  241  236  236  233  230  225  224
  220  222  219  217  216  206  209  196  198                                   
    62.5-180.0 180.0   5.0 450.0                            LAT/LON1/LON2/DLON/H
  207  192  174  158  148  135  126  116  112  104  102   96   94   89   88   85
   86   85   88   88   91   90   90   88   88   87   90   94  103  114  127  141
  155  168  179  188  194  198  204  209  219  224  237  244  258  263  271  273
  276  275  271  268  265  258  252  245  240  235  231  228  226  219  217  211
  211  210  213  211  217  208  211  197  207                                   
    60.0-180.0 180.0   5.0 450.0                            LAT/LON1/LON2/DLON/H
  214  194  178  165  153  139  129  116  110  104  100   96   91   88   84   82
   81   80   81   81   83   81   81   81   81   84   87   97  106  119  130  145
  159  173  185  195  202  207  211  218  227  236  244  255  265  273  277  284
  281  284  276  277  272  266  256  249  241  234  228  224  220  213  207  204
  201  205  206  210  218  214  219  211  214                                   
    57.5-180.0 180.0   5.0 450.0                            LAT/LON1/LON2/DLON/H
  228  212  193  177  162  143  130  115  108   99   98   92   91   85   83   78
   77   74   74   72   73   71   72   71   74   76   84   91  104  115  129  142
  157  172  186  198  206  213  220  227  238  244  256  264  276  281  288  290
  291  290  286  286  282  276  267  259  252  245  239  234  230  222  218  210
  209  207  213  215  227  224  229  218  228                                   
    55.0-180.0 180.0   5.0 450.0                            LAT/LON1/LON2/DLON/H
  242  227  209  195  180  158  141  120  110  100   96   92   89   84   79   76
   75   72   71   69   67   65   63   64   67   72   80   89  101  114  126  141
  157  173  189  202  214  223  230  240  248  258  266  275  284  293  297  303
  304  307  305  307  305  301  294  286  279  270  263  256  251  241  234  226
  221  221  222  228  237  238  246  241  242                                   
    52.5-180.0 180.0   5.0 450.0                            LAT/LON1/LON2/DLON/H
  260  251  233  218  202  176  154  129  116  101   97   90   89   83   81   76
   76   73   71   68   65   62   60   60   64   69   78   86   99  109  124  138
  156  174  191  209  220  234  243  254  263  271  280  287  296  302  308  313
  317  320  322  325  326  324  318  311  304  297  291  283  279  268  263  252
  249  244  248  248  258  256  265  257  260                                   
    50.0-180.0 180.0   5.0 450.0                            LAT/LON1/LON2/DLON/H
  273  264  253  240  225  201  176  148  128  110  102   95   91   87   80   78
   79   77   76   73   69   66   63   62   65   70   80   89  100  113  126  141
  158  177  198  214  230  243  257  267  278  285  294  302  310  317  323  330
  335  341  346  351  354  352  348  340  332  325  316  310  303  297  289  279
  275  268  269  267  274  268  280  279  273                                   
    47.5-180.0 180.0   5.0 450.0                            LAT/LON1/LON2/DLON/H
  285  277  267  258  244  221  199  167  144  124  113  101   98   89   87   81
   84   82   82   80   76   74   69   69   71   77   86   94  106  116  130  144
  163  183  202  222  236  254  268  281  290  299  308  316  324  330  338  344
  350  356  361  367  370  370  366  358  350  342  335  326  324  314  312  302
  300  293  293  288  290  283  290  283  285                                   
    45.0-180.0 180.0   5.0 450.0                            LAT/LON1/LON2/DLON/H
  285  275  266  266  252  236  216  190  165  146  130  118  110  100   93   91
   92   92   94   92   89   86   82   81   82   88   97  105  115  127  140  154
  172  189  210  226  244  261  279  292  304  314  324  331  340  348  355  363
  369  376  380  386  387  386  379  371  362  353  344  338  333  328  325  319
  315  307  303  297  295  282  288  284  285                                   
    42.5-180.0 180.0   5.0 450.0                            LAT/LON1/LON2/DLON/H
  280  262  256  255  250  240  225  206  185  164  150  135  126  111  106   99
  103  101  106  104  103   98   95   94   94  101  107  116  125  135  148  161
  177  195  214  233  250  270  287  300  314  325  337  345  355  363  372  379
  383  388  391  397  398  398  390  381  370  360  351  341  338  330  331  321
  320  310  305  296  292  280  277  266  280                                   
    40.0-180.0 180.0   5.0 450.0                            LAT/LON1/LON2/DLON/H
  256  238  226  230  233  231  224  211  199  183  170  157  146  131  121  116
  113  118  118  120  116  113  109  106  107  113  118  127  135  146  158  171
  186  200  220  235  255  274  293  310  326  338  352  360  373  382  392  401
  404  411  411  417  414  414  403  395  382  372  361  353  347  341  336  329
  323  311  305  294  286  268  259  247  256                                   
    37.5-180.0 180.0   5.0 450.0                            LAT/LON1/LON2/DLON/H
  231  211  197  197  203  207  209  204  200  190  182  170  163  146  138  128
  130  127  132  127  127  121  119  116  117  121  126  134  141  151  162  175
  189  203  219  238  255  279  299  319  336  349  366  375  390  400  413  419
  426  428  431  434  433  433  426  421  408  398  387  377  371  362  360  346
  339  324  313  300  287  265  249  227  231                                   
    35.0-180.0 180.0   5.0 450.0                            LAT/LON1/LON2/DLON/H
  207  190  167  166  171  177  187  187  190  188  189  184  177  164  153  147
  143  144  140  139  132  129  124  122  122  126  131  138  145  155  166  178
  192  203  220  235  257  283  307  329  348  364  382  394  411  424  440  446
  456  459  464  468  467  470  463  462  450  443  431  424  415  407  399  388
  371  357  335  320  300  272  250  230  207                                   
    32.5-180.0 180.0   5.0 450.0                            LAT/LON1/LON2/DLON/H
  213  193  163  150  150  151  158  163  170  174  182  183  184  174  167  159
  156  151  150  141  140  131  131  127  129  130  136  139  146  154  164  174
  186  200  212  234  254  287  311  337  358  376  395  407  428  441  460  470
  486  490  503  503  508  507  508  510  507  505  494  492  482  478  466  459
  439  423  396  373  345  314  281  255  213                                   
    30.0-180.0 180.0   5.0 450.0                            LAT/LON1/LON2/DLON/H
  232  213  178  155  143  139  143  146  154  162  175  183  188  183  177  173
  168  164  158  152  145  141  135  132  130  132  135  138  144  150  162  171
  182  195  210  230  257  289  319  342  366  387  403  419  438  456  479  493
  514  526  546  553  564  569  576  588  594  598  591  593  582  574  553  542
  512  500  469  451  416  375  337  312  232                                   
    27.5-180.0 180.0   5.0 450.0                            LAT/LON1/LON2/DLON/H
  287  256  216  180  155  143  140  143  146  153  165  175  186  185  183  179
  176  170  166  156  154  146  146  139  137  135  138  137  141  145  155  166
  176  191  205  228  253  284  314  342  366  388  406  423  443  466  492  514
  543  571  598  617  633  640  645  658  664  672  669  675  664  659  637  627
  597  580  543  520  495  459  421  377  287                                   
    25.0-180.0 180.0   5.0 450.0                            LAT/LON1/LON2/DLON/H
  350  328  278  228  195  168  155  150  156  162  170  179  189  191  189  188
  184  180  174  168  162  157  153  147  143  142  140  138  140  142  151  160
  173  190  207  232  260  289  316  344  368  390  410  428  449  475  502  533
  568  599  635  652  670  680  694  712  727  741  751  763  758  757  736  721
  691  672  637  605  572  529  491  471  350                                   
    22.5-180.0 180.0   5.0 450.0                            LAT/LON1/LON2/DLON/H
  430  397  345  306  266  230  208  189  180  181  184  188  195  196  196  194
  191  186  182  177  174  168  165  158  153  148  143  138  136  138  148  159
  172  191  209  236  263  286  314  336  362  386  408  431  455  486  513  549
  587  625  658  679  696  714  727  748  766  783  796  808  814  815  802  789
  762  742  711  687  651  607  558  544  430                                   
    20.0-180.0 180.0   5.0 450.0                            LAT/LON1/LON2/DLON/H
  481  459  413  373  342  308  274  246  226  208  201  206  210  207  206  203
  200  197  191  188  184  179  175  165  160  151  142  132  130  133  145  158
  177  195  216  242  264  291  310  338  361  386  410  434  464  492  526  557
  596  626  664  681  705  717  736  753  775  790  806  820  831  838  829  816
  794  770  748  717  692  649  608  595  481                                   
    17.5-180.0 180.0   5.0 450.0                            LAT/LON1/LON2/DLON/H
  512  504  466  434  403  372  351  320  291  261  241  232  227  220  214  209
  207  204  200  195  191  188  182  174  163  150  138  128  125  131  144  158
  180  199  224  245  266  286  308  331  358  388  413  442  473  504  533  567
  596  629  659  676  690  705  717  737  754  769  783  799  814  823  822  813
  794  774  752  722  697  653  620  605  512                                   
    15.0-180.0 180.0   5.0 450.0                            LAT/LON1/LON2/DLON/H
  518  521  497  473  450  420  394  372  349  307  275  257  252  239  230  223
  218  212  207  201  197  192  186  173  163  144  131  118  117  122  135  155
  178  203  227  249  265  290  309  336  366  397  427  455  487  516  547  571
  600  620  645  658  669  679  688  705  721  733  747  763  779  793  795  789
  774  753  736  704  678  635  608  589  518                                   
    12.5-180.0 180.0   5.0 450.0                            LAT/LON1/LON2/DLON/H
  505  512  501  489  473  449  426  403  382  350  312  287  277  260  247  235
  228  219  212  204  197  191  182  174  157  139  125  117  113  115  129  148
  178  205  231  250  269  288  311  344  373  409  438  469  505  533  562  580
  604  621  630  644  653  659  666  683  692  701  707  721  734  749  752  751
  737  719  700  668  638  595  570  560  505                                   
    10.0-180.0 180.0   5.0 450.0                            LAT/LON1/LON2/DLON/H
  487  494  492  480  472  454  437  421  397  372  334  306  296  281  267  252
  243  230  220  208  199  188  179  165  150  130  116  106  103  104  121  140
  174  201  231  251  269  294  315  349  385  417  451  479  518  542  566  579
  598  606  618  621  634  642  654  670  681  684  685  695  700  718  717  720
  705  688  666  634  605  562  536  518  487                                   
     7.5-180.0 180.0   5.0 450.0                            LAT/LON1/LON2/DLON/H
  478  488  482  474  459  447  433  423  403  380  353  326  316  298  282  267
  255  241  224  206  192  178  165  152  139  123  109   99   94   97  111  136
