data/unet/pred0120.15i
     1.0            IONOSPHERE MAPS     GNSS                IONEX VERSION / TYPE
pyspatialgeodesy        IME             05-JAN-18 20:20     PGM / RUN BY / DATE 
Map Name                                                    COMMENT             
Predicted global ionosphere maps (GIM).                     DESCRIPTION         
  2015     1    12     0     0     0                        EPOCH OF FIRST MAP  
  2015     1    13     0     0     0                        EPOCH OF LAST MAP   
  7200                                                      INTERVAL            
    13                                                      # OF MAPS IN FILE   
  NONE                                                      MAPPING FUNCTION    
10.0                                                        ELEVATION CUTOFF    
One-way carrier phase leveled to code                       OBSERVABLES USED    
  6371.0                                                    BASE RADIUS         
 2                                                          MAP DIMENSION       
   450.0 450.0   0.0                                        HGT1 / HGT2 / DHGT  
    87.5 -87.5  -2.5                                        LAT1 / LAT2 / DLAT  
  -180.0 180.0   5.0                                        LON1 / LON2 / DLON  
    -1                                                      EXPONENT            
                                                            END OF HEADER       
[from data line 2574]
     7                                                      START OF TEC MAP    
  2015     1    12    12     0     0                        EPOCH OF CURRENT MAP
    87.5-180.0 180.0   5.0 450.0                            LAT/LON1/LON2/DLON/H
   95  104  102  102  100  101  101  103  103  104  104  104  103  104  103  104
  103  103  101  101   99   98   96   94   92   90   88   85   84   82   82   79
   79   77   78   75   76   75   76   74   75   75   75   75   75   76   76   77
   77   79   78   81   81   84   83   86   85   88   87   90   89   91   90   92
   92   93   94   95   95   95  105   86   95                                   
    85.0-180.0 180.0   5.0 450.0                            LAT/LON1/LON2/DLON/H
  100   99   99   95   96   96  101  100  103  103  106  105  107  105  107  104
  105  102  103  100  100   97   97   94   93   91   90   87   86   84   82   80
   79   77   76   75   73   72   72   71   70   70   70   69   69   70   71   71
   73   74   76   76   80   80   84   83   87   87   90   89   92   90   94   91
   95   91   96   92   96   94  101  103  100                                   
    82.5-180.0 180.0   5.0 450.0                            LAT/LON1/LON2/DLON/H
   93   93   89   85   88   85   92   89   96   93   99   95  101   96  101   95
  100   93   98   91   96   90   93   88   89   86   85   84   80   80   76   77
   71   74   68   72   66   70   64   68   62   67   61   65   59   64   59   65
   60   66   63   68   67   72   72   77   77   81   82   84   84   86   85   87
   86   86   85   85   83   82   83   81   93                                   
    80.0-180.0 180.0   5.0 450.0                            LAT/LON1/LON2/DLON/H
   76   75   72   69   73   72   77   77   81   80   84   82   86   84   87   84
   87   85   87   84   86   83   85   81   82   80   81   78   79   75   76   73
   73   71   71   70   70   68   68   66   65   63   62   60   59   56   57   55
   56   56   58   59   62   63   67   68   71   72   76   75   80   77   81   78
   81   77   79   74   74   67   66   72   76                                   
    77.5-180.0 180.0   5.0 450.0                            LAT/LON1/LON2/DLON/H
   66   64   59   58   60   60   64   64   68   67   71   68   72   69   72   70
   73   73   75   75   76   77   77   79   77   80   78   78   75   76   75   76
   75   77   77   78   77   79   76   77   73   75   70   70   65   65   60   62
   58   60   58   61   61   64   65   69   71   75   75   78   77   79   77   78
   74   74   70   68   64   59   58   60   66                                   
    75.0-180.0 180.0   5.0 450.0                            LAT/LON1/LON2/DLON/H
   58   58   57   51   55   53   59   55   60   58   60   58   58   57   56   57
   57   59   61   63   65   68   69   72   72   75   76   77   78   80   84   85
   89   92   96   98   98   99   98   97   93   92   87   83   78   74   72   68
   67   64   65   64   67   67   70   71   74   76   78   78   79   77   78   75
   74   70   70   65   63   56   55   57   58                                   
    72.5-180.0 180.0   5.0 450.0                            LAT/LON1/LON2/DLON/H
   59   57   54   51   52   53   54   54   54   53   52   50   49   46   45   44
   45   47   50   56   59   64   67   74   75   80   83   86   90   93   99  103
  110  115  121  124  125  127  124  123  117  115  109  104   97   92   85   82
   76   75   72   72   71   72   74   75   78   78   81   81   84   81   82   78
   77   73   72   66   64   57   56   58   59                                   
    70.0-180.0 180.0   5.0 450.0                            LAT/LON1/LON2/DLON/H
   64   61   61   53   59   55   60   55   57   52   50   46   42   39   34   35
   33   37   40   48   53   62   67   78   81   87   90   94   99  104  115  122
  134  144  152  158  159  162  158  157  151  147  140  132  124  116  108   99
   92   87   83   80   79   76   78   75   80   78   84   82   86   83   85   82
   81   76   76   71   69   61   61   65   64                                   
    67.5-180.0 180.0   5.0 450.0                            LAT/LON1/LON2/DLON/H
   69   68   65   60   61   59   59   58   55   52   48   44   41   37   34   30
   30   31   36   43   51   60   68   79   87   92  100  103  113  118  133  142
  158  170  182  188  193  191  191  187  181  176  168  160  149  140  129  119
  110  104   96   92   85   82   78   78   78   80   82   83   85   85   86   84
   84   80   79   75   73   66   66   71   69                                   
    65.0-180.0 180.0   5.0 450.0                            LAT/LON1/LON2/DLON/H
   76   70   69   64   65   65   66   62   63   57   55   50   43   40   34   33
   29   30   34   41   48   58   66   79   86   98  106  116  123  133  145  163
  178  198  209  222  224  225  221  218  211  206  195  184  174  162  151  140
  127  118  105   99   88   83   76   74   73   74   77   79   81   81   83   81
   82   78   79   75   74   68   69   78   76                                   
    62.5-180.0 180.0   5.0 450.0                            LAT/LON1/LON2/DLON/H
   76   73   68   67   67   66   65   64   63   60   57   53   50   45   42   38
   35   35   37   44   49   56   62   73   84   95  108  117  130  141  160  176
  199  217  238  247  253  250  247  243  237  229  218  206  194  181  170  155
  144  130  118  104   91   81   74   69   68   70   70   73   74   74   76   75
   76   73   74   71   71   66   68   79   76                                   
    60.0-180.0 180.0   5.0 450.0                            LAT/LON1/LON2/DLON/H
   75   66   64   62   65   65   65   64   64   61   59   58   52   52   45   45
   40   38   41   44   49   53   57   71   81   95  108  122  137  153  170  193
  214  242  258  272  273  273  268  266  258  250  238  226  216  201  188  173
  157  142  124  110   91   81   69   65   59   63   62   66   66   68   68   67
   69   66   67   65   63   63   65   74   75                                   
    57.5-180.0 180.0   5.0 450.0                            LAT/LON1/LON2/DLON/H
   71   61   55   58   56   59   58   60   59   59   59   58   58   54   54   51
   50   48   50   51   52   55   56   67   76   94  107  126  144  164  182  206
  232  260  279  292  298  298  292  284  274  262  252  241  234  219  206  186
  172  152  135  116   97   82   71   63   58   58   57   59   60   60   61   60
   62   59   62   59   60   55   56   69   71                                   
    55.0-180.0 180.0   5.0 450.0                            LAT/LON1/LON2/DLON/H
   68   54   50   49   51   53   55   55   57   58   59   61   56   57   52   53
   50   51   53   52   49   52   51   68   75   97  112  133  152  176  194  224
  252  282  300  316  322  320  311  303  289  277  267  260  252  240  222  205
  188  167  147  126  105   90   76   68   61   59   55   57   57   58   58   58
   59   58   60   58   56   56   56   56   68                                   
    52.5-180.0 180.0   5.0 450.0                            LAT/LON1/LON2/DLON/H
   66   54   44   50   47   51   48   52   52   54   58   56   58   53   57   54
   58   57   61   60   56   57   58   68   77  101  118  147  165  191  208  244
  269  300  318  336  344  339  329  315  302  288  281  274  266  252  236  218
  203  181  163  139  120  102   89   77   70   64   59   58   58   57   60   59
   62   62   63   60   60   50   52   57   66                                   
    50.0-180.0 180.0   5.0 450.0                            LAT/LON1/LON2/DLON/H
   69   57   48   49   51   51   51   51   53   56   55   58   54   57   53   56
   55   59   61   63   56   60   58   72   82  109  129  154  174  197  221  253
  280  305  326  342  349  344  334  321  309  300  295  290  282  270  252  234
  220  196  180  157  136  116  102   92   82   75   68   65   62   62   63   65
   68   68   69   68   67   63   62   53   69                                   
    47.5-180.0 180.0   5.0 450.0                            LAT/LON1/LON2/DLON/H
   79   66   57   60   58   59   54   56   54   54   59   56   61   56   61   58
   65   65   70   68   66   65   68   78   92  119  141  171  186  209  230  258
  277  301  321  337  346  342  335  323  318  311  307  300  290  274  258  241
  226  208  193  173  154  134  119  106   94   85   75   71   69   68   70   72
   77   77   78   76   75   67   71   70   79                                   
    45.0-180.0 180.0   5.0 450.0                            LAT/LON1/LON2/DLON/H
   87   79   70   69   71   68   65   63   61   62   63   65   62   63   60   62
   63   67   66   68   64   69   71   89  103  133  155  181  194  214  233  254
  269  288  304  324  334  334  328  322  316  313  311  303  295  280  269  250
  241  222  208  188  167  146  130  116  103   92   83   78   75   74   75   78
   83   87   87   87   86   85   87   80   87                                   
    42.5-180.0 180.0   5.0 450.0                            LAT/LON1/LON2/DLON/H
   96   87   80   82   82   81   76   72   70   69   70   72   74   71   74   70
   78   72   76   71   73   73   85  100  120  148  170  193  204  216  229  244
  253  273  289  311  324  328  329  324  320  317  313  303  295  280  267  253
  244  228  216  198  180  156  138  122  107   95   83   78   76   77   79   84
   88   93   94   96   95   91   96   98   96                                   
    40.0-180.0 180.0   5.0 450.0                            LAT/LON1/LON2/DLON/H
  100   95   89   88   93   89   88   81   80   79   80   82   81   82   80   82
   79   79   75   74   71   81   90  116  134  165  183  206  208  219  225  236
  243  263  278  308  321  335  330  335  327  329  322  316  305  295  282  270
  259  244  229  208  187  161  140  122  106   92   82   77   78   80   85   89
   93   96   94   97   97   96  104  101  100                                   
    37.5-180.0 180.0   5.0 450.0                            LAT/LON1/LON2/DLON/H
   99   93   90   92   95   95   93   90   87   86   87   89   91   88   91   88
   94   85   88   78   85   86  106  126  152  177  196  210  215  219  223  236
  244  270  289  324  341  354  354  358  354  353  350  341  332  316  300  284
  270  255  240  217  194  165  143  121  103   89   78   74   76   81   86   93
   96  100   99  100   98   95   98  107   99                                   
    35.0-180.0 180.0   5.0 450.0                            LAT/LON1/LON2/DLON/H
   96   87   86   87   95   94   97   92   93   89   93   96   98   96   98   99
  100   97   93   90   92  101  116  142  162  192  206  222  222  228  233  247
  263  293  324  363  380  392  390  394  394  390  388  379  366  350  332  315
  297  279  259  232  204  177  149  126  108   92   86   81   84   93   98  106
  110  114  111  109  104   97  101   99   96                                   
    32.5-180.0 180.0   5.0 450.0                            LAT/LON1/LON2/DLON/H
   93   85   81   84   89   92   95   93   93   91   93   97  100  102  105  104
  108  101  102   92  102  105  130  151  178  201  217  230  236  243  254  276
  298  338  377  414  435  443  449  444  445  444  445  440  424  404  382  358
  334  312  288  260  230  200  176  151  137  123  117  110  116  122  128  129
  134  131  129  120  112  103  100   98   93                                   
    30.0-180.0 180.0   5.0 450.0                            LAT/LON1/LON2/DLON/H
   93   78   78   80   85   89   93   89   91   87   93   96  100  101  104  106
  108  107  102  103  105  121  142  168  187  215  228  246  254  268  289  315
  349  390  436  473  492  503  501  500  502  503  511  507  492  471  444  415
  387  362  336  305  272  244  218  206  192  184  170  155  149  160  162  169
  161  158  143  135  120  116  105  100   93                                   
    27.5-180.0 180.0   5.0 450.0                            LAT/LON1/LON2/DLON/H
   91   85   78   78   79   83   87   87   88   85   88   92   95   99  102  108
  109  107  105  102  112  125  150  176  199  224  240  256  276  296  325  358
  398  445  492  527  557  558  565  559  570  576  588  588  569  548  516  490
  458  431  402  373  341  314  289  274  270  247  227  206  197  198  211  212
  209  193  177  150  134  120  112  106   91                                   
    25.0-180.0 180.0   5.0 450.0                            LAT/LON1/LON2/DLON/H
  117  100   96   83   77   75   79   76   83   76   85   85   89   90   95   97
   99  103  101  108  116  139  162  188  207  230  247  269  297  328  370  403
  457  503  549  584  608  616  613  614  622  636  655  661  648  623  589  560
  532  505  477  449  420  396  376  364  358  328  297  276  267  264  265  274
  269  258  227  200  167  138  126  133  117                                   
    22.5-180.0 180.0   5.0 450.0                            LAT/LON1/LON2/DLON/H
  154  124  121  117   99   84   81   77   79   73   76   78   82   83   86   90
   94   95  101  107  121  145  174  200  219  238  260  285  321  358  402  441
  503  550  594  620  646  649  652  647  665  680  702  713  697  676  640  616
  589  567  540  514  490  470  455  445  440  415  389  368  359  347  343  342
  338  316  287  249  214  183  161  159  154                                   
    20.0-180.0 180.0   5.0 450.0                            LAT/LON1/LON2/DLON/H
  191  155  149  137  127  107   94   80   85   68   72   61   71   70   78   78
   83   90   96  113  129  158  191  212  234  249  279  304  347  378  428  472
  540  576  618  636  655  663  666  667  683  707  735  739  729  701  674  649
  633  614  590  563  540  523  512  507  496  485  467  460  448  433  417  406
  389  371  336  300  264  224  201  202  191                                   
    17.5-180.0 180.0   5.0 450.0                            LAT/LON1/LON2/DLON/H
  231  197  183  166  149  128  111   93   93   82   78   67   69   66   74   71
   81   84   99  114  142  174  206  229  248  265  290  306  335  370  428  481
  546  582  618  633  648  658  663  668  692  718  738  743  729  709  683  666
  650  635  614  592  569  554  542  543  535  530  523  512  498  479  451  428
  405  385  363  329  297  265  240  239  231                                   
    15.0-180.0 180.0   5.0 450.0                            LAT/LON1/LON2/DLON/H
  257  229  215  196  172  144  130  108  103   91   86   71   70   63   69   68
   75   85   99  124  156  193  227  249  268  275  298  315  357  394  460  493
  547  573  609  620  633  642  651  661  688  708  732  725  722  701  689  674
  666  652  636  618  596  576  560  547  538  541  535  528  508  484  451  427
  405  388  373  348  323  289  267  257  257                                   
    12.5-180.0 180.0   5.0 450.0                            LAT/LON1/LON2/DLON/H
  267  251  234  220  193  164  147  126  115  108   99   91   79   73   70   71
   84   89  113  134  172  215  245  266  282  282  300  323  361  410  470  506
  544  575  596  609  614  626  636  650  675  693  707  705  696  689  677  674
  666  658  640  628  604  588  558  535  528  524  521  508  483  458  424  406
  386  380  366  346  323  302  283  265  267                                   
    10.0-180.0 180.0   5.0 450.0                            LAT/LON1/LON2/DLON/H
  252  255  246  235  207  177  157  141  128  122  112   99   85   79   72   76
   86  100  124  154  195  233  271  292  310  323  336  360  400  441  480  511
  536  563  577  592  602  618  629  643  662  675  690  684  682  678  676  679
  677  670  654  638  610  581  541  511  499  494  487  475  445  420  391  376
  368  356  350  333  319  301  279  260  252                                   
     7.5-180.0 180.0   5.0 450.0                            LAT/LON1/LON2/DLON/H
  233  242  228  226  207  182  162  146  136  126  113  104   92   87   83   82
   93  106  130  170  213  250  280  299  314  328  347  379  416  457  489  513
