data/unet/pred1450.15i
     1.0            IONOSPHERE MAPS     GNSS                IONEX VERSION / TYPE
pyspatialgeodesy        IME             05-JAN-18 20:20     PGM / RUN BY / DATE 
Map Name                                                    COMMENT             
Predicted global ionosphere maps (GIM).                     DESCRIPTION         
  2015     5    25     0     0     0                        EPOCH OF FIRST MAP  
  2015     5    26     0     0     0                        EPOCH OF LAST MAP   
  7200                                                      INTERVAL            
    13                                                      # OF MAPS IN FILE   
  NONE                                                      MAPPING FUNCTION    
10.0                                                        ELEVATION CUTOFF    
One-way carrier phase leveled to code                       OBSERVABLES USED    
  6371.0                                                    BASE RADIUS         
 2                                                          MAP DIMENSION       
   450.0 450.0   0.0                                        HGT1 / HGT2 / DHGT  
    87.5 -87.5  -2.5                                        LAT1 / LAT2 / DLAT  
  -180.0 180.0   5.0                                        LON1 / LON2 / DLON  
    -1                                                      EXPONENT            
                                                            END OF HEADER       
[from data line 2145]
     6                                                      START OF TEC MAP    
  2015     5    25    10     0     0                        EPOCH OF CURRENT MAP
    87.5-180.0 180.0   5.0 450.0                            LAT/LON1/LON2/DLON/H
  149  169  169  172  172  173  172  174  173  175  175  176  175  176  176  176
  176  175  175  173  173  171  171  167  168  163  164  159  160  155  155  152
  152  148  148  146  147  144  144  144  144  143  143  142  143  142  142  142
  143  143  143  143  144  144  144  145  146  147  147  148  150  151  152  153
  156  157  160  161  161  160  156  138  149                                   
    85.0-180.0 180.0   5.0 450.0                            LAT/LON1/LON2/DLON/H
  170  156  163  168  166  167  167  170  169  171  171  172  171  172  171  171
  170  170  169  168  167  165  165  163  163  161  161  158  159  156  155  151
  153  149  149  146  148  145  146  143  145  143  144  142  144  142  143  142
  144  143  145  144  147  146  149  148  151  150  152  152  155  154  156  156
  158  159  160  160  159  157  161  153  170                                   
    82.5-180.0 180.0   5.0 450.0                            LAT/LON1/LON2/DLON/H
  163  161  161  163  163  163  165  166  168  168  169  169  170  169  169  169
  168  167  165  165  163  163  162  162  162  163  163  163  163  162  161  161
  160  159  157  156  155  154  152  151  150  149  148  148  148  149  148  150
  150  152  152  155  155  158  157  159  160  161  161  163  163  163  163  163
  164  164  164  163  162  161  163  164  163                                   
    80.0-180.0 180.0   5.0 450.0                            LAT/LON1/LON2/DLON/H
  166  162  155  155  158  157  160  160  163  163  164  164  165  165  164  164
  162  163  160  161  159  160  158  160  159  162  161  165  164  166  165  167
  164  165  162  162  159  157  154  152  150  149  147  148  147  148  148  151
  151  154  156  159  161  163  164  166  167  167  168  168  169  168  168  167
  166  165  163  162  161  159  160  163  166                                   
    77.5-180.0 180.0   5.0 450.0                            LAT/LON1/LON2/DLON/H
  161  161  155  155  155  158  159  161  161  163  163  164  164  165  164  165
  163  163  160  160  158  158  157  158  158  160  161  164  166  169  170  173
  173  174  172  171  168  165  162  159  157  155  154  154  156  157  160  162
  165  168  171  174  177  179  181  183  183  184  184  185  184  183  181  179
  177  174  171  167  165  160  158  160  161                                   
    75.0-180.0 180.0   5.0 450.0                            LAT/LON1/LON2/DLON/H
  157  155  149  151  149  153  153  156  156  159  160  163  163  165  164  165
  161  162  157  158  153  154  151  153  152  155  156  161  163  168  171  176
  177  180  177  178  173  171  166  164  160  159  158  161  162  167  169  174
  176  181  183  187  188  192  192  196  195  198  195  198  194  196  190  191
  183  183  176  174  168  164  162  161  157                                   
    72.5-180.0 180.0   5.0 450.0                            LAT/LON1/LON2/DLON/H
  155  154  148  146  144  146  146  148  149  152  155  158  160  162  162  162
  160  158  153  151  148  145  143  142  141  142  144  148  153  159  165  171
  177  181  183  182  179  176  172  169  166  166  166  170  172  178  181  186
  188  192  193  197  196  200  199  202  202  204  204  204  203  202  200  197
  193  188  184  177  173  165  161  160  155                                   
    70.0-180.0 180.0   5.0 450.0                            LAT/LON1/LON2/DLON/H
  154  151  142  139  136  136  136  138  141  144  150  154  160  160  163  161
  161  157  154  149  147  143  140  137  136  135  137  141  147  154  163  172
  179  186  187  189  185  184  178  177  173  175  175  180  182  188  191  195
  196  199  198  200  199  201  199  202  201  204  203  206  204  205  202  202
  197  195  188  184  178  172  170  164  154                                   
    67.5-180.0 180.0   5.0 450.0                            LAT/LON1/LON2/DLON/H
  157  153  142  135  129  128  126  127  128  132  139  144  150  152  156  155
  155  151  148  144  141  137  133  129  127  125  127  131  139  148  159  170
  180  189  192  194  192  191  187  185  183  184  186  190  194  199  201  204
  203  203  199  198  194  194  192  193  193  196  198  200  202  203  204  203
  202  199  195  190  186  178  173  167  157                                   
    65.0-180.0 180.0   5.0 450.0                            LAT/LON1/LON2/DLON/H
  163  157  145  136  126  122  118  117  119  122  129  135  142  144  149  148
  150  146  145  141  140  136  133  129  127  126  127  132  139  149  161  174
  184  194  197  201  199  199  195  195  192  195  195  201  202  208  208  210
  204  202  194  191  185  184  181  183  182  186  188  193  195  199  200  203
  202  202  199  197  193  187  185  176  163                                   
    62.5-180.0 180.0   5.0 450.0                            LAT/LON1/LON2/DLON/H
  173  168  153  139  127  118  111  108  106  110  114  120  126  130  134  133
  136  132  133  130  130  128  126  124  123  123  126  130  139  150  162  176
  188  198  204  207  208  207  205  204  205  205  208  211  215  217  218  216
  211  204  194  188  180  178  174  176  175  180  183  187  192  195  200  201
  204  203  203  200  199  194  190  185  173                                   
    60.0-180.0 180.0   5.0 450.0                            LAT/LON1/LON2/DLON/H
  183  177  163  148  132  120  110  102   99   99  103  107  113  116  119  120
  122  121  121  123  123  125  125  127  127  130  133  139  148  158  171  185
  195  205  209  215  215  216  214  215  215  217  219  223  225  228  226  223
  214  207  195  188  179  177  173  175  175  179  182  187  190  195  199  202
  205  206  208  207  208  202  201  196  183                                   
    57.5-180.0 180.0   5.0 450.0                            LAT/LON1/LON2/DLON/H
  194  188  173  159  140  123  109   99   92   91   91   94   97   99  101  101
  104  104  107  109  113  116  120  123  127  132  138  145  154  164  177  190
  201  210  216  221  223  225  226  225  228  229  234  235  240  239  240  234
  228  218  207  199  190  188  183  186  184  188  189  193  196  198  202  204
  207  209  211  211  213  210  205  204  194                                   
    55.0-180.0 180.0   5.0 450.0                            LAT/LON1/LON2/DLON/H
  204  197  184  170  152  132  116  104   95   90   89   88   89   89   90   90
   91   93   96  103  106  114  119  127  132  140  147  157  165  176  187  201
  207  218  220  228  229  234  234  237  238  240  243  247  249  251  250  245
  238  229  219  213  205  204  200  201  200  203  201  204  202  205  205  208
  208  212  213  215  217  213  211  214  204                                   
    52.5-180.0 180.0   5.0 450.0                            LAT/LON1/LON2/DLON/H
  212  204  194  182  163  143  123  110   97   92   87   87   84   83   81   80
   82   84   89   94  101  107  116  124  133  142  152  162  171  183  193  207
  213  225  227  235  236  242  245  247  250  251  256  258  263  262  264  258
  253  245  237  232  224  224  218  221  217  220  216  217  213  213  211  214
  211  215  214  217  218  218  211  216  212                                   
    50.0-180.0 180.0   5.0 450.0                            LAT/LON1/LON2/DLON/H
  215  207  199  189  175  153  137  122  109  100   95   90   86   81   78   76
   78   80   86   92  100  110  118  130  139  151  159  172  179  193  202  215
  221  231  234  243  245  254  257  262  263  266  269  273  275  277  275  274
  267  262  255  252  245  245  242  241  239  237  232  230  225  223  219  219
  218  220  219  221  221  217  214  220  215                                   
    47.5-180.0 180.0   5.0 450.0                            LAT/LON1/LON2/DLON/H
  213  207  199  193  181  164  147  134  120  110  101   96   89   84   79   76
   77   80   85   91   99  108  117  128  140  151  160  171  181  193  201  215
  221  234  238  250  254  265  270  277  279  283  286  289  290  292  290  288
  282  277  271  268  261  260  253  255  250  249  244  241  235  232  227  228
  222  226  221  223  219  216  208  214  213                                   
    45.0-180.0 180.0   5.0 450.0                            LAT/LON1/LON2/DLON/H
  208  199  191  188  182  169  158  146  136  125  116  107   99   90   84   81
   83   85   91   97  104  115  123  138  146  159  164  177  183  194  203  213
  223  234  242  255  261  275  280  292  294  301  302  306  305  308  305  304
  297  291  283  278  269  266  260  258  253  252  247  245  239  236  233  231
  229  229  226  225  219  212  207  212  208                                   
    42.5-180.0 180.0   5.0 450.0                            LAT/LON1/LON2/DLON/H
  199  193  182  180  176  169  161  154  144  136  126  116  107   98   90   89
   89   92   95  101  106  116  127  138  151  158  166  173  180  188  195  207
  215  230  241  257  269  284  296  306  315  320  325  325  325  326  325  323
  315  308  298  287  277  269  261  258  254  255  252  251  247  245  241  241
  237  240  233  231  221  212  201  205  199                                   
    40.0-180.0 180.0   5.0 450.0                            LAT/LON1/LON2/DLON/H
  193  181  172  169  167  163  160  156  150  145  137  130  119  108  100   97
   98  101  104  110  114  127  135  152  158  170  171  179  182  188  195  203
  214  228  241  261  275  295  308  323  332  341  343  348  345  347  345  343
  336  327  317  305  291  279  270  264  259  258  257  258  255  253  250  250
  246  245  240  233  224  210  204  203  193                                   
    37.5-180.0 180.0   5.0 450.0                            LAT/LON1/LON2/DLON/H
  192  180  166  161  158  155  153  152  148  147  142  135  126  116  107  104
  103  104  107  110  115  126  139  150  165  167  175  176  180  183  190  197
  209  223  240  260  280  300  320  332  348  356  365  368  371  373  372  372
  364  356  343  329  312  294  282  273  269  269  269  270  269  268  265  264
  258  258  249  244  230  217  203  202  192                                   
    35.0-180.0 180.0   5.0 450.0                            LAT/LON1/LON2/DLON/H
  193  176  163  155  149  146  144  144  143  146  145  142  135  127  116  112
  109  111  110  115  119  134  146  165  171  181  180  184  183  184  189  192
  205  218  238  260  284  308  328  346  361  372  379  388  388  395  393  398
  394  391  380  367  346  324  306  293  287  284  284  285  286  283  280  276
  271  267  259  251  240  223  214  207  193                                   
    32.5-180.0 180.0   5.0 450.0                            LAT/LON1/LON2/DLON/H
  194  181  166  154  147  140  137  137  137  142  143  142  137  130  120  114
  111  110  110  112  119  130  150  163  177  180  185  183  184  182  186  188
  202  214  237  261  287  309  335  351  370  379  390  399  405  411  414  423
  425  429  421  410  390  367  347  329  319  311  307  304  303  298  295  288
  281  274  264  255  244  230  216  209  194                                   
    30.0-180.0 180.0   5.0 450.0                            LAT/LON1/LON2/DLON/H
  197  185  169  158  149  140  136  133  135  139  143  145  141  135  127  120
  116  115  113  116  122  140  155  177  183  193  190  192  186  185  185  188
  200  213  238  264  290  315  340  359  377  385  394  408  413  426  428  445
  452  466  465  462  443  424  402  382  366  350  340  332  326  316  311  302
  295  286  274  262  247  234  225  215  197                                   
    27.5-180.0 180.0   5.0 450.0                            LAT/LON1/LON2/DLON/H
  197  191  180  169  161  151  147  143  142  144  148  147  145  139  132  125
  120  117  116  118  126  138  159  171  184  189  192  191  190  186  188  189
  203  220  245  271  296  319  343  361  377  386  398  412  424  439  449  466
  482  498  510  511  502  484  461  436  416  396  379  366  353  340  329  316
  307  292  281  264  251  234  225  216  197                                   
    25.0-180.0 180.0   5.0 450.0                            LAT/LON1/LON2/DLON/H
  203  199  189  179  171  162  159  154  154  153  154  154  151  146  138  131
  125  124  121  127  132  149  162  178  184  193  193  196  192  191  192  197
  213  229  256  282  304  329  350  366  382  389  402  418  431  452  462  488
  507  535  550  563  558  546  523  495  469  445  423  402  384  364  349  331
  317  301  285  266  249  235  229  220  203                                   
    22.5-180.0 180.0   5.0 450.0                            LAT/LON1/LON2/DLON/H
  207  210  204  195  189  180  177  171  167  165  164  160  158  150  143  135
  130  128  128  130  139  148  162  168  180  183  189  191  194  195  200  209
  225  245  271  293  317  335  356  370  383  390  405  422  440  459  474  498
  525  551  575  589  597  584  568  535  506  478  456  438  417  393  369  346
  329  309  291  269  252  238  231  219  207                                   
    20.0-180.0 180.0   5.0 450.0                            LAT/LON1/LON2/DLON/H
  211  222  217  210  205  197  194  187  182  176  171  167  163  158  151  144
  138  136  135  142  147  158  163  171  176  181  184  191  195  201  211  221
  240  260  282  304  323  344  359  375  389  395  409  426  443  463  473  502
  524  551  571  586  596  590  576  553  525  499  479  463  443  416  389  360
  338  319  298  275  256  242  232  225  211                                   
    17.5-180.0 180.0   5.0 450.0                            LAT/LON1/LON2/DLON/H
  216  231  229  224  223  216  213  205  198  190  185  175  172  162  157  150
  144  141  140  143  151  153  161  161  170  171  180  184  197  205  219  229
  249  269  296  317  337  353  371  386  398  405  418  433  448  464  477  497
  519  535  554  562  569  562  558  536  520  499  485  474  458  434  404  374
  348  326  304  281  262  248  236  224  216                                   
    15.0-180.0 180.0   5.0 450.0                            LAT/LON1/LON2/DLON/H
  223  237  234  232  231  227  223  216  207  199  187  181  171  166  159  155
  149  146  143  147  149  153  154  159  162  167  173  181  196  208  224  237
  258  284  310  332  347  366  383  401  413  422  432  443  455  467  474  492
  506  518  527  529  531  526  521  513  501  491  481  474  461  437  412  379
  356  332  313  290  273  259  245  238  223                                   
    12.5-180.0 180.0   5.0 450.0                            LAT/LON1/LON2/DLON/H
  228  241  238  234  234  228  226  218  212  202  196  183  179  169  166  156
  155  147  145  143  144  141  148  145  157  157  169  175  198  209  230  242
  270  295  325  347  363  384  401  422  433  442  448  456  464  471  479  489
  499  500  503  495  495  487  486  481  483  478  475  470  458  434  408  379
  354  332  314  297  280  272  255  242  228                                   
    10.0-180.0 180.0   5.0 450.0                            LAT/LON1/LON2/DLON/H
  236  246  238  233  229  224  221  217  209  203  193  187  177  174  166  162
  157  151  146  141  136  135  133  139  145  154  164  178  200  217  237  256
  282  309  333  356  372  399  416  435  447  451  457  459  467  469  477  484
  492  488  483  473  466  460  456  461  466  470  468  463  451  424  400  369
  348  327  313  299  289  279  264  256  236                                   
     7.5-180.0 180.0   5.0 450.0                            LAT/LON1/LON2/DLON/H
  242  251  241  232  225  217  214  206  203  195  193  181  180  170  171  161
  157  147  142  132  126  119  123  123  139  145  164  179  203  221  242  261
