data/unet/pred2610.15i
     1.0            IONOSPHERE MAPS     GNSS                IONEX VERSION / TYPE
pyspatialgeodesy        IME             05-JAN-18 20:20     PGM / RUN BY / DATE 
Map Name                                                    COMMENT             
Predicted global ionosphere maps (GIM).                     DESCRIPTION         
  2015     9    18     0     0     0                        EPOCH OF FIRST MAP  
  2015     9    19     0     0     0                        EPOCH OF LAST MAP   
  7200                                                      INTERVAL            
    13                                                      # OF MAPS IN FILE   
  NONE                                                      MAPPING FUNCTION    
10.0                                                        ELEVATION CUTOFF    
One-way carrier phase leveled to code                       OBSERVABLES USED    
  6371.0                                                    BASE RADIUS         
 2                                                          MAP DIMENSION       
   450.0 450.0   0.0                                        HGT1 / HGT2 / DHGT  
    87.5 -87.5  -2.5                                        LAT1 / LAT2 / DLAT  
  -180.0 180.0   5.0                                        LON1 / LON2 / DLON  
    -1                                                      EXPONENT            
                                                            END OF HEADER       
[from data line 3003]
     8                                                      START OF TEC MAP    
  2015     9    18    14     0     0                        EPOCH OF CURRENT MAP
    87.5-180.0 180.0   5.0 450.0                            LAT/LON1/LON2/DLON/H
   94  106  112  112  111  112  112  113  113  114  114  114  115  115  115  115
  115  115  115  114  114  113  111  111  110  109  107  106  105  105  103  104
  102  103  101  101  100  101   98   99   97   99   96   98   96   98   96   98
   96   99   97  100   99  101  100  102  102  104  102  105  104  106  104  106
  105  107  106  108  106  109  114  105   94                                   
    85.0-180.0 180.0   5.0 450.0                            LAT/LON1/LON2/DLON/H
   94  101   97   95   97   97   99   98  101  101  103  102  105  104  106  104
  107  105  106  104  105  102  102  100  100   98   97   94   94   92   91   88
   88   85   85   82   82   79   79   76   77   75   76   74   77   76   79   77
   82   81   84   84   88   87   90   89   93   91   93   92   95   93   94   92
   94   92   94   92   95   96   97   99   94                                   
    82.5-180.0 180.0   5.0 450.0                            LAT/LON1/LON2/DLON/H
   89   84   82   85   83   87   86   90   91   94   95   97   99  101  102  104
  105  106  105  106  105  105  103  103  101  101   97   97   94   94   89   89
   84   83   77   75   70   68   63   61   59   57   57   55   57   57   60   60
   64   65   69   71   75   78   79   82   83   85   84   87   85   87   84   86
   82   85   81   83   78   79   78   79   89                                   
    80.0-180.0 180.0   5.0 450.0                            LAT/LON1/LON2/DLON/H
   71   66   63   68   67   71   72   77   78   83   85   90   92   96   98  101
  102  104  103  104  103  104  102  104  101  103   99  101   97   98   92   92
   86   85   78   76   70   67   61   59   55   53   52   52   52   53   55   57
   59   62   65   69   71   74   76   78   79   80   79   80   78   78   75   75
   72   71   67   67   63   62   63   62   71                                   
    77.5-180.0 180.0   5.0 450.0                            LAT/LON1/LON2/DLON/H
   53   51   49   49   52   55   58   63   65   71   74   79   82   87   90   93
   95   96   98   98   99   99  100  101  101  102  103  103  102  102   98   98
   92   90   83   80   71   67   60   57   52   49   48   47   47   47   49   51
   54   57   61   64   66   69   70   73   72   73   72   72   69   68   66   64
   61   59   56   54   50   47   48   44   53                                   
    75.0-180.0 180.0   5.0 450.0                            LAT/LON1/LON2/DLON/H
   46   36   37   39   42   44   49   51   56   60   67   71   77   80   85   87
   91   91   94   94   95   96   97   99   99  102  103  103  104  104  103  101
   97   94   88   83   76   71   64   59   53   50   49   47   48   48   50   51
   54   55   58   59   61   62   63   63   63   62   62   60   60   57   56   53
   51   48   46   42   41   38   43   35   46                                   
    72.5-180.0 180.0   5.0 450.0                            LAT/LON1/LON2/DLON/H
   40   35   35   34   35   37   41   44   49   54   60   67   72   77   81   86
   88   90   92   93   94   95   96   98  100  102  104  107  108  110  109  109
  105  103   96   92   82   78   70   67   59   58   54   54   53   53   54   54
   55   55   56   56   56   56   55   55   53   53   51   52   50   51   48   47
   44   43   40   39   36   33   37   27   40                                   
    70.0-180.0 180.0   5.0 450.0                            LAT/LON1/LON2/DLON/H
   41   30   32   32   34   34   38   39   44   48   55   60   67   71   77   80
   84   85   87   88   90   90   92   95   96  100  102  105  107  108  109  110
  107  105   99   95   87   82   76   72   68   66   63   63   62   61   61   61
   61   58   58   55   54   50   49   46   45   43   43   43   44   43   44   43
   42   40   39   36   35   31   37   27   41                                   
    67.5-180.0 180.0   5.0 450.0                            LAT/LON1/LON2/DLON/H
   40   36   34   33   34   34   36   38   42   46   52   58   65   70   76   81
   84   86   87   89   89   91   92   96   97  100  102  106  107  111  111  114
  111  111  104  101   93   89   83   81   77   77   74   75   73   73   71   70
   67   64   61   57   52   47   43   40   37   36   36   37   39   40   41   43
   42   42   40   40   36   34   37   28   40                                   
    65.0-180.0 180.0   5.0 450.0                            LAT/LON1/LON2/DLON/H
   44   33   34   33   34   34   37   36   39   42   48   54   61   66   74   77
   82   82   85   85   87   89   90   94   95   97   98  100  102  104  107  108
  108  106  103   98   93   88   86   83   83   82   83   83   84   82   81   77
   74   68   64   56   51   43   38   33   32   30   32   33   37   38   42   42
   44   43   44   41   40   34   40   30   44                                   
    62.5-180.0 180.0   5.0 450.0                            LAT/LON1/LON2/DLON/H
   40   38   34   33   32   33   34   36   37   41   45   52   59   66   72   78
   81   82   83   85   86   90   91   95   95   96   96   99   99  103  105  109
  108  108  103  100   94   92   88   89   88   91   91   94   92   92   88   85
   79   74   67   61   53   46   38   34   30   30   30   34   36   39   42   44
   44   45   44   44   40   37   39   31   40                                   
    60.0-180.0 180.0   5.0 450.0                            LAT/LON1/LON2/DLON/H
   42   32   29   29   30   30   32   32   34   37   40   48   55   62   69   73
   77   77   79   81   84   87   90   94   93   94   92   94   95   98  102  105
  107  105  102   96   93   88   89   88   91   93   96   98   99   97   93   89
   83   77   70   63   56   47   41   36   35   33   35   37   41   43   45   46
   47   46   46   43   43   36   39   29   42                                   
    57.5-180.0 180.0   5.0 450.0                            LAT/LON1/LON2/DLON/H
   36   35   28   28   26   28   30   31   33   35   39   47   53   61   67   73
   75   76   77   80   83   89   91   96   95   96   93   97   97  103  105  113
  113  113  108  105   99   96   95   97   99  103  104  106  104  102   97   94
   87   82   76   70   64   57   51   47   44   43   44   46   47   48   48   48
   47   46   44   42   39   35   35   26   36                                   
    55.0-180.0 180.0   5.0 450.0                            LAT/LON1/LON2/DLON/H
   39   30   26   26   25   27   27   30   30   34   35   43   49   57   63   69
   72   73   75   78   82   88   91   97   96   97   95   98  101  107  112  119
  121  121  115  109  104   99   99  100  103  106  109  109  108  104  101   96
   92   88   84   78   73   66   62   58   57   56   56   56   57   55   54   50
   49   47   45   42   41   36   37   25   39                                   
    52.5-180.0 180.0   5.0 450.0                            LAT/LON1/LON2/DLON/H
   42   38   30   30   28   30   32   33   34   36   39   45   51   60   65   73
   74   77   77   81   84   91   96  101  101  103  102  108  110  120  125  135
  134  135  128  125  117  114  112  114  115  118  118  118  114  111  106  104
  100   98   94   91   85   81   76   74   71   71   69   69   65   63   58   55
   51   49   47   44   41   38   38   28   42                                   
    50.0-180.0 180.0   5.0 450.0                            LAT/LON1/LON2/DLON/H
   51   42   39   37   37   36   38   37   38   39   40   46   50   59   64   71
   74   77   77   82   85   92   97  103  105  107  110  115  121  129  137  143
  145  144  137  131  126  122  123  124  126  126  127  124  122  116  114  110
  110  108  107  104  100   94   91   87   86   84   83   80   77   70   66   60
   57   53   52   50   50   45   48   37   51                                   
    47.5-180.0 180.0   5.0 450.0                            LAT/LON1/LON2/DLON/H
   62   58   51   50   47   47   49   48   49   48   49   52   57   64   71   79
   82   86   85   90   91   99  103  110  112  117  119  128  133  143  147  155
  153  153  145  144  138  139  137  141  140  141  138  137  132  129  124  124
  121  121  119  118  112  108  102  101   98   98   95   92   85   80   73   68
   62   61   59   58   58   57   58   50   62                                   
    45.0-180.0 180.0   5.0 450.0                            LAT/LON1/LON2/DLON/H
   74   69   64   63   60   59   60   56   58   55   56   57   61   67   75   83
   88   92   93   97   98  104  108  114  119  124  130  136  143  149  153  157
  156  154  149  147  146  146  149  151  152  150  149  144  143  138  137  133
  134  131  131  125  123  115  112  108  108  107  106  102   96   89   81   76
   73   70   71   68   72   70   72   66   74                                   
    42.5-180.0 180.0   5.0 450.0                            LAT/LON1/LON2/DLON/H
   83   82   78   75   71   70   71   69   70   67   68   68   72   77   86   95
  102  106  107  110  109  114  116  123  128  135  141  148  151  157  158  161
  158  157  153  156  155  160  161  165  163  163  159  158  154  152  149  148
  144  143  138  133  125  119  112  110  108  110  109  108  103   97   89   86
   82   81   80   82   80   81   86   78   83                                   
    40.0-180.0 180.0   5.0 450.0                            LAT/LON1/LON2/DLON/H
   91   89   85   83   80   78   78   74   76   75   76   77   81   86   95  105
  113  119  121  121  120  121  125  130  137  144  151  156  158  160  161  162
  162  160  161  164  168  173  177  177  178  173  171  167  168  164  165  159
  158  150  146  135  129  117  112  108  109  110  112  112  109  104   99   95
   93   91   94   90   92   89   92   88   91                                   
    37.5-180.0 180.0   5.0 450.0                            LAT/LON1/LON2/DLON/H
   89   90   87   84   81   80   79   79   81   84   87   89   95   99  110  120
  129  135  136  135  132  133  134  141  147  154  161  165  167  168  169  172
  174  175  179  184  190  194  195  194  189  186  181  180  178  178  176  172
  166  159  149  139  127  117  108  106  104  108  109  112  110  108  105  103
  100  101   99   97   93   92   94   88   89                                   
    35.0-180.0 180.0   5.0 450.0                            LAT/LON1/LON2/DLON/H
   88   84   82   78   79   75   75   74   79   83   90   94  103  109  121  132
  141  146  147  144  143  142  144  150  157  165  173  178  181  186  189  195
  201  207  215  221  225  225  223  217  211  200  195  190  193  189  191  183
  179  167  157  143  133  120  110  106  104  106  108  110  110  110  109  107
  107  105  103   96   95   89   90   88   88                                   
    32.5-180.0 180.0   5.0 450.0                            LAT/LON1/LON2/DLON/H
   77   76   73   72   68   67   67   70   74   81   91  101  112  120  134  144
  153  156  157  153  151  151  152  159  166  176  184  193  200  208  218  229
  244  254  268  271  274  265  255  243  231  219  212  207  206  206  204  199
  192  181  171  157  144  132  120  115  111  111  111  112  111  110  110  108
  106  104  100   96   89   85   85   78   77                                   
    30.0-180.0 180.0   5.0 450.0                            LAT/LON1/LON2/DLON/H
   75   66   63   64   63   61   62   63   69   77   89  100  115  126  141  150
  158  160  160  156  156  155  159  166  177  188  198  212  224  238  256  274
  294  310  323  326  321  309  293  274  261  243  236  227  228  224  224  217
  211  201  191  178  164  152  139  133  126  125  120  120  115  114  110  109
  105  102   98   92   88   80   79   74   75                                   
    27.5-180.0 180.0   5.0 450.0                            LAT/LON1/LON2/DLON/H
   72   63   60   63   58   58   56   58   63   70   82   97  113  125  143  151
  161  163  163  161  160  162  166  175  186  200  213  232  249  270  295  317
  345  361  375  371  362  344  326  307  292  274  266  258  255  254  249  245
  235  226  212  199  183  169  156  148  141  136  130  127  121  117  111  107
  102   99   94   91   84   81   79   70   72                                   
    25.0-180.0 180.0   5.0 450.0                            LAT/LON1/LON2/DLON/H
   76   64   61   64   62   62   58   58   61   67   81   92  114  125  145  152
  160  162  163  164  166  168  175  183  198  212  230  252  276  301  331  357
  389  406  416  406  392  371  353  332  324  307  304  295  293  290  285  280
  268  258  242  227  210  193  178  169  159  152  142  135  125  122  115  109
  104  100   97   93   91   88   85   75   76                                   
    22.5-180.0 180.0   5.0 450.0                            LAT/LON1/LON2/DLON/H
   82   78   71   70   64   65   61   63   62   70   78   93  107  121  138  144
  156  156  165  167  172  177  184  197  208  228  248  275  302  333  367  398
  430  444  449  431  412  391  372  358  353  343  342  335  332  327  318  313
  296  288  269  256  235  216  202  188  178  164  152  139  130  124  118  115
  107  106  101  102   98  100   94   87   82                                   
    20.0-180.0 180.0   5.0 450.0                            LAT/LON1/LON2/DLON/H
   88   89   82   79   70   73   68   69   67   71   75   87  104  116  136  143
  155  160  166  173  179  187  196  208  225  243  268  294  330  362  403  430
  460  465  464  442  423  402  388  376  375  371  373  372  369  363  352  342
  324  313  295  284  263  245  226  214  198  185  166  155  137  132  126  123
  118  114  113  113  114  114  109   99   88                                   
    17.5-180.0 180.0   5.0 450.0                            LAT/LON1/LON2/DLON/H
   93  104   94   89   79   77   74   77   74   76   76   87   99  113  127  137
  150  156  168  174  190  197  209  225  239  263  287  319  352  388  426  452
  472  472  463  446  427  414  403  399  401  403  408  406  403  396  382  370
  348  337  319  306  287  268  248  232  218  199  183  164  151  141  135  133
  129  128  124  123  122  123  116  115   93                                   
    15.0-180.0 180.0   5.0 450.0                            LAT/LON1/LON2/DLON/H
   97  111  101   97   83   83   77   80   77   79   76   82   91  103  122  138
  151  164  174  184  197  208  220  234  256  279  308  339  374  403  437  451
  464  457  452  438  426  418  414  417  422  429  435  437  432  425  411  394
  371  357  340  326  307  289  270  257  239  223  200  183  164  156  146  145
  141  140  136  130  129  129  122  115   97                                   
    12.5-180.0 180.0   5.0 450.0                            LAT/LON1/LON2/DLON/H
  100  114  103   98   84   83   78   83   81   83   78   87   92  110  125  143
  154  163  169  182  194  206  231  249  268  298  324  358  384  411  432  444
  446  444  437  435  428  429  427  439  444  456  455  456  448  444  427  412
  387  373  357  342  324  307  291  279  262  243  220  198  182  170  162  159
  155  152  146  139  133  128  120  115  100                                   
    10.0-180.0 180.0   5.0 450.0                            LAT/LON1/LON2/DLON/H
   95  110   98   94   82   81   78   83   82   84   84   87   98  113  131  148
  164  170  182  194  206  212  240  259  286  311  343  367  389  406  419  424
  423  423  421  424  423  431  435  448  455  466  465  465  456  448  430  414
  390  379  361  347  326  312  297  290  274  261  235  219  196  183  174  169
  166  160  153  144  131  127  116  102   95                                   
     7.5-180.0 180.0   5.0 450.0                            LAT/LON1/LON2/DLON/H
   92  105   94   86   75   74   71   80   80   85   82   93  101  124  141  160
  169  177  178  198  204  220  244  279  301  334  355  380  392  407  414  417
