data/unet/pred1650.15i
     1.0            IONOSPHERE MAPS     GNSS                IONEX VERSION / TYPE
pyspatialgeodesy        IME             05-JAN-18 20:20     PGM / RUN BY / DATE 
Map Name                                                    COMMENT             
Predicted global ionosphere maps (GIM).                     DESCRIPTION         
  2015     6    14     0     0     0                        EPOCH OF FIRST MAP  
  2015     6    15     0     0     0                        EPOCH OF LAST MAP   
  7200                                                      INTERVAL            
    13                                                      # OF MAPS IN FILE   
  NONE                                                      MAPPING FUNCTION    
10.0                                                        ELEVATION CUTOFF    
One-way carrier phase leveled to code                       OBSERVABLES USED    
  6371.0                                                    BASE RADIUS         
 2                                                          MAP DIMENSION       
   450.0 450.0   0.0                                        HGT1 / HGT2 / DHGT  
    87.5 -87.5  -2.5                                        LAT1 / LAT2 / DLAT  
  -180.0 180.0   5.0                                        LON1 / LON2 / DLON  
    -1                                                      EXPONENT            
                                                            END OF HEADER       
[from data line 4290]
    11                                                      START OF TEC MAP    
  2015     6    14    20     0     0                        EPOCH OF CURRENT MAP
    87.5-180.0 180.0   5.0 450.0                            LAT/LON1/LON2/DLON/H
  218  197  189  190  189  187  189  189  190  190  192  192  193  193  195  194
  195  194  196  194  196  194  195  193  194  192  193  191  192  190  191  189
  189  188  188  186  186  185  185  184  185  184  184  183  185  183  185  184
  185  184  185  185  185  185  185  185  186  186  186  186  186  186  185  185
  185  185  185  184  184  184  183  193  218                                   
    85.0-180.0 180.0   5.0 450.0                            LAT/LON1/LON2/DLON/H
  184  183  185  187  185  184  186  187  189  190  192  192  194  195  196  196
  198  198  199  198  198  197  197  196  196  194  194  192  192  190  189  187
  187  185  185  183  183  181  181  179  180  179  180  179  180  179  180  180
  181  181  182  182  183  183  183  183  184  184  184  184  185  183  184  182
  183  182  182  180  180  178  178  192  184                                   
    82.5-180.0 180.0   5.0 450.0                            LAT/LON1/LON2/DLON/H
  184  182  187  188  186  187  188  192  193  196  197  200  201  204  204  207
  207  208  208  209  207  207  205  205  202  202  199  198  195  194  192  191
  188  188  185  185  182  183  179  180  178  179  177  179  178  180  179  181
  181  184  183  185  186  188  187  189  189  190  189  191  190  191  188  189
  187  188  185  185  182  180  173  182  184                                   
    80.0-180.0 180.0   5.0 450.0                            LAT/LON1/LON2/DLON/H
  182  175  178  177  177  179  182  185  188  191  194  197  200  203  204  207
  207  209  209  209  208  207  206  204  202  199  197  194  193  190  188  186
  184  182  181  178  178  175  175  173  173  172  172  172  173  174  175  176
  178  178  181  181  184  184  186  186  188  187  189  188  189  188  188  187
  186  185  183  180  180  177  169  179  182                                   
    77.5-180.0 180.0   5.0 450.0                            LAT/LON1/LON2/DLON/H
  174  171  171  171  173  175  180  182  187  190  195  198  203  205  209  210
  213  212  214  212  212  210  209  205  203  199  197  193  191  188  186  183
  182  179  178  177  175  174  173  171  170  170  170  171  171  173  174  175
  177  178  181  181  184  184  186  186  188  188  190  189  190  188  189  187
  187  185  183  179  176  172  163  173  174                                   
    75.0-180.0 180.0   5.0 450.0                            LAT/LON1/LON2/DLON/H
  176  171  172  172  174  176  181  182  189  191  198  201  208  209  215  214
  218  217  220  217  218  214  213  208  206  201  199  194  192  188  187  184
  183  181  181  180  179  178  178  176  176  175  175  175  176  177  178  179
  181  182  184  185  186  187  188  188  190  190  192  191  193  192  193  191
  191  189  188  184  182  178  172  182  176                                   
    72.5-180.0 180.0   5.0 450.0                            LAT/LON1/LON2/DLON/H
  181  180  179  179  180  181  185  188  193  197  204  209  214  217  221  222
  225  225  225  224  222  220  216  212  207  203  198  195  190  188  185  185
  182  184  181  183  180  181  178  179  176  178  176  178  177  180  179  182
  182  184  184  185  186  186  187  187  188  189  191  191  193  193  195  194
  194  193  193  189  187  184  178  187  181                                   
    70.0-180.0 180.0   5.0 450.0                            LAT/LON1/LON2/DLON/H
  190  189  188  187  187  188  192  195  201  205  212  216  222  225  228  229
  232  231  232  230  228  225  221  215  210  204  199  194  190  187  186  185
  185  186  186  187  186  186  186  185  184  184  183  183  184  185  185  187
  187  188  188  188  189  188  188  188  190  190  193  194  196  197  199  199
  200  199  200  197  197  193  189  197  190                                   
    67.5-180.0 180.0   5.0 450.0                            LAT/LON1/LON2/DLON/H
  201  202  200  199  198  198  202  204  209  213  220  224  229  231  235  235
  237  235  236  233  231  227  223  218  211  205  198  195  189  188  186  188
  187  190  190  192  191  192  189  190  187  189  187  189  187  189  188  190
  189  190  188  188  186  186  185  185  185  187  189  191  195  197  201  202
  203  204  206  205  204  203  198  204  201                                   
    65.0-180.0 180.0   5.0 450.0                            LAT/LON1/LON2/DLON/H
  214  214  212  211  209  210  212  214  219  223  229  232  237  238  241  241
  242  241  241  238  236  232  227  221  215  208  202  196  194  191  193  193
  195  197  199  200  200  200  199  199  198  198  198  197  196  196  195  195
  194  193  191  189  187  186  184  183  184  185  188  191  196  199  203  204
  206  207  209  209  211  209  209  212  214                                   
    62.5-180.0 180.0   5.0 450.0                            LAT/LON1/LON2/DLON/H
  223  225  223  222  221  221  222  223  227  230  235  237  242  242  245  243
  245  242  242  238  236  232  227  223  217  212  206  202  200  200  201  204
  205  209  209  211  209  210  207  208  206  208  205  206  203  203  199  198
  194  193  189  187  183  182  178  178  178  179  183  187  193  196  201  203
  206  208  211  212  214  218  218  221  223                                   
    60.0-180.0 180.0   5.0 450.0                            LAT/LON1/LON2/DLON/H
  231  233  233  233  231  231  230  231  234  236  241  242  246  246  247  246
  246  244  242  240  237  233  230  226  223  217  214  210  211  211  215  217
  221  222  223  222  221  219  220  219  220  219  219  216  214  210  206  202
  199  194  191  186  183  179  176  174  173  175  180  185  192  197  201  204
  206  208  211  213  216  218  223  226  231                                   
    57.5-180.0 180.0   5.0 450.0                            LAT/LON1/LON2/DLON/H
  236  241  241  241  241  239  238  238  240  242  245  245  248  246  248  245
  245  242  241  236  235  231  230  228  226  223  222  220  221  224  228  232
  234  235  234  234  231  231  229  231  230  232  230  228  222  217  209  204
  197  193  187  183  178  175  171  169  169  170  175  181  188  193  197  199
  201  204  208  209  213  220  224  227  236                                   
    55.0-180.0 180.0   5.0 450.0                            LAT/LON1/LON2/DLON/H
  238  247  249  250  248  249  248  249  250  252  253  252  253  250  250  248
  246  243  241  237  235  233  232  232  231  231  230  231  234  238  243  246
  249  248  247  244  242  241  242  242  243  243  242  237  230  222  213  205
  198  190  185  179  175  171  167  163  163  164  170  177  184  191  194  198
  199  203  205  207  209  218  224  230  238                                   
    52.5-180.0 180.0   5.0 450.0                            LAT/LON1/LON2/DLON/H
  241  252  254  255  257  257  259  260  261  262  260  259  257  254  252  249
  248  243  241  235  234  231  234  233  236  236  238  240  245  249  255  258
  260  259  257  255  252  252  251  253  253  254  250  245  235  225  213  204
  194  188  180  176  171  168  165  161  162  162  168  173  180  185  189  192
  195  199  202  204  207  216  222  229  241                                   
    50.0-180.0 180.0   5.0 450.0                            LAT/LON1/LON2/DLON/H
  243  257  260  263  265  269  271  274  274  275  271  269  265  261  258  255
  252  248  245  240  238  237  238  241  243  246  247  252  255  261  266  268
  271  268  267  263  262  261  263  262  264  261  258  250  239  227  215  204
  195  186  181  174  171  166  164  160  161  161  166  172  179  186  190  194
  197  203  208  210  212  221  228  236  243                                   
    47.5-180.0 180.0   5.0 450.0                            LAT/LON1/LON2/DLON/H
  249  262  265  270  274  278  283  286  288  287  283  279  274  270  266  262
  258  253  251  245  244  242  245  246  249  251  253  257  262  267  272  275
  277  275  275  273  273  273  274  274  273  271  265  256  243  230  217  206
  196  189  181  177  172  169  166  163  164  164  169  174  180  186  191  195
  201  207  215  217  221  227  232  241  249                                   
    45.0-180.0 180.0   5.0 450.0                            LAT/LON1/LON2/DLON/H
  257  271  274  279  283  290  295  302  302  304  298  295  289  284  277  272
  266  263  259  256  256  254  257  258  259  260  262  267  271  275  281  282
  285  283  286  283  287  286  289  287  286  280  273  261  248  235  221  211
  201  194  186  182  175  172  168  164  165  166  171  176  183  190  195  202
  208  218  227  230  234  241  248  254  257                                   
    42.5-180.0 180.0   5.0 450.0                            LAT/LON1/LON2/DLON/H
  270  281  285  289  293  300  308  314  318  318  317  312  308  299  293  285
  280  275  273  272  274  274  274  273  271  272  272  277  280  283  288  290
  295  296  301  302  306  308  307  305  299  292  282  270  257  244  230  220
  209  202  194  188  183  178  174  171  172  173  178  183  190  196  204  211
  220  230  242  246  252  257  264  271  270                                   
    40.0-180.0 180.0   5.0 450.0                            LAT/LON1/LON2/DLON/H
  285  295  300  302  306  315  322  332  336  341  340  339  334  326  319  309
  302  299  294  297  298  299  298  296  293  291  290  292  295  296  301  303
  310  312  320  322  327  327  326  322  314  305  293  282  268  257  243  234
  223  214  205  199  192  188  184  181  181  181  186  190  198  204  212  222
  231  243  255  262  268  276  285  290  285                                   
    37.5-180.0 180.0   5.0 450.0                            LAT/LON1/LON2/DLON/H
  301  311  316  316  319  326  337  347  358  362  366  364  363  354  348  335
  328  321  318  321  323  326  322  322  315  315  311  314  314  316  320  324
  332  335  344  346  349  349  346  341  332  322  310  299  286  274  263  252
  242  232  221  213  204  200  194  192  190  190  193  197  205  211  222  230
  242  254  266  274  283  292  301  307  301                                   
    35.0-180.0 180.0   5.0 450.0                            LAT/LON1/LON2/DLON/H
  322  329  335  335  338  348  358  373  382  392  395  398  396  391  381  369
  358  353  346  352  354  357  356  350  347  340  341  339  343  342  350  350
  359  362  368  368  369  366  365  359  352  342  332  320  309  297  285  275
  262  252  240  230  221  214  208  205  202  200  200  201  208  214  225  236
  248  260  273  280  289  301  312  320  322                                   
    32.5-180.0 180.0   5.0 450.0                            LAT/LON1/LON2/DLON/H
  337  349  354  356  361  371  383  397  410  418  428  428  432  423  415  398
  388  379  376  378  381  386  382  381  372  372  368  373  372  375  378  381
  387  388  391  385  383  377  378  372  369  360  353  341  332  320  308  295
  283  270  257  246  236  227  219  215  210  207  204  205  210  217  228  239
  251  262  274  283  293  308  321  330  337                                   
    30.0-180.0 180.0   5.0 450.0                            LAT/LON1/LON2/DLON/H
  354  363  372  378  385  399  409  426  440  452  461  466  469  464  450  438
  421  415  410  413  414  415  412  407  404  399  402  403  408  406  411  409
  414  411  409  398  390  382  379  378  377  372  366  356  346  335  322  310
  294  282  265  255  241  231  223  218  213  210  205  203  207  214  227  240
  250  261  272  280  292  307  324  335  354                                   
    27.5-180.0 180.0   5.0 450.0                            LAT/LON1/LON2/DLON/H
  359  376  385  393  405  419  432  448  466  482  497  503  510  503  492  472
  458  446  445  443  443  439  433  430  423  426  425  433  431  433  432  432
  433  427  419  399  384  368  367  364  369  365  362  351  344  332  322  309
  295  282  266  254  240  228  222  216  213  208  203  198  202  208  224  237
  250  258  267  278  289  307  324  337  359                                   
    25.0-180.0 180.0   5.0 450.0                            LAT/LON1/LON2/DLON/H
  363  379  393  405  420  436  450  470  493  512  530  541  549  547  535  521
  501  490  485  483  479  471  461  454  449  448  451  455  455  451  450  445
  445  435  420  394  366  348  338  340  344  346  343  336  325  318  305  297
  283  272  259  247  229  213  203  201  201  202  194  190  189  197  212  228
  244  253  264  273  286  301  324  339  363                                   
    22.5-180.0 180.0   5.0 450.0                            LAT/LON1/LON2/DLON/H
  359  382  395  411  430  446  463  486  512  535  554  568  582  584  577  564
  544  531  525  521  516  503  491  478  471  467  467  470  467  462  456  454
  448  436  413  376  342  311  304  299  308  307  309  301  295  287  280  273
  265  256  243  227  208  193  185  184  185  188  184  177  177  180  196  215
  233  247  260  272  283  300  321  335  359                                   
    20.0-180.0 180.0   5.0 450.0                            LAT/LON1/LON2/DLON/H
  358  377  396  415  433  450  468  493  522  546  569  584  602  610  612  603
  589  576  569  563  554  540  524  510  496  489  485  482  477  468  461  454
  446  429  399  356  313  283  266  262  266  269  270  265  264  259  256  249
  243  233  223  210  191  179  172  171  171  176  169  164  160  164  175  194
  218  235  257  267  283  296  320  334  358                                   
    17.5-180.0 180.0   5.0 450.0                            LAT/LON1/LON2/DLON/H
  352  374  389  408  429  445  466  492  521  547  569  588  608  620  627  627
  621  612  603  595  582  560  543  524  509  499  491  486  478  468  459  449
  439  417  381  331  290  255  239  227  229  228  229  227  226  225  224  219
  215  205  199  185  178  166  165  162  162  159  156  147  145  144  154  173
  198  226  249  269  283  301  319  332  352                                   
    15.0-180.0 180.0   5.0 450.0                            LAT/LON1/LON2/DLON/H
  352  370  386  405  420  438  456  482  510  537  560  579  603  620  633  639
  642  637  633  622  609  585  563  542  523  506  494  485  477  465  456  445
  432  408  371  326  284  252  231  217  210  206  203  198  201  200  201  197
  194  185  179  167  163  154  154  152  151  153  147  142  133  131  137  155
  181  213  245  266  286  301  321  330  352                                   
    12.5-180.0 180.0   5.0 450.0                            LAT/LON1/LON2/DLON/H
  348  364  378  390  407  420  441  463  491  516  540  561  587  607  625  638
  649  653  652  639  622  597  570  548  529  510  494  486  476  463  452  439
  425  400  370  330  295  261  238  216  205  193  189  183  186  187  191  186
  185  174  169  157  154  146  146  144  145  142  138  128  123  116  121  137
  161  197  232  261  280  302  318  331  348                                   
    10.0-180.0 180.0   5.0 450.0                            LAT/LON1/LON2/DLON/H
  349  360  373  385  395  412  425  451  472  497  519  540  568  591  616  634
  651  662  665  653  637  610  583  558  538  514  498  488  478  466  453  439
  425  404  380  349  320  291  266  244  225  211  199  191  192  193  195  189
  185  172  166  155  150  144  141  140  137  136  129  123  112  106  106  122
  144  179  217  247  273  294  316  329  349                                   
     7.5-180.0 180.0   5.0 450.0                            LAT/LON1/LON2/DLON/H
  347  361  378  385  399  405  421  435  457  476  498  520  547  570  597  619
  642  657  665  656  639  613  584  559  539  518  502  492  482  468  454  440
