data/unet/pred0900.15i
     1.0            IONOSPHERE MAPS     GNSS                IONEX VERSION / TYPE
pyspatialgeodesy        IME             05-JAN-18 20:20     PGM / RUN BY / DATE 
Map Name                                                    COMMENT             
Predicted global ionosphere maps (GIM).                     DESCRIPTION         
  2015     3    31     0     0     0                        EPOCH OF FIRST MAP  
  2015     4     1     0     0     0                        EPOCH OF LAST MAP   
  7200                                                      INTERVAL            
    13                                                      # OF MAPS IN FILE   
  NONE                                                      MAPPING FUNCTION    
10.0                                                        ELEVATION CUTOFF    
One-way carrier phase leveled to code                       OBSERVABLES USED    
  6371.0                                                    BASE RADIUS         
 2                                                          MAP DIMENSION       
   450.0 450.0   0.0                                        HGT1 / HGT2 / DHGT  
    87.5 -87.5  -2.5                                        LAT1 / LAT2 / DLAT  
  -180.0 180.0   5.0                                        LON1 / LON2 / DLON  
    -1                                                      EXPONENT            
                                                            END OF HEADER       
[from data line 3432]
     9                                                      START OF TEC MAP    
  2015     3    31    16     0     0                        EPOCH OF CURRENT MAP
    87.5-180.0 180.0   5.0 450.0                            LAT/LON1/LON2/DLON/H
  188  196  202  203  207  206  209  208  211  210  212  210  212  210  211  209
  210  207  209  206  207  205  206  203  204  202  203  202  203  201  202  200
  201  199  200  198  199  196  197  194  195  192  192  189  190  187  187  184
  184  181  182  180  182  180  182  181  184  183  185  185  188  188  190  190
  193  193  196  195  197  196  201  201  188                                   
    85.0-180.0 180.0   5.0 450.0                            LAT/LON1/LON2/DLON/H
  175  194  202  206  210  208  213  210  216  212  218  213  218  213  217  211
  215  211  214  210  213  209  212  208  210  207  209  206  208  205  206  203
  204  201  202  199  200  196  196  192  193  189  190  185  186  181  182  178
  179  176  177  175  178  177  179  179  182  183  184  185  186  188  188  190
  191  193  194  195  195  193  192  183  175                                   
    82.5-180.0 180.0   5.0 450.0                            LAT/LON1/LON2/DLON/H
  175  188  193  194  200  199  204  205  209  210  212  212  213  213  212  212
  211  211  209  210  209  210  209  209  208  208  207  206  206  205  205  204
  203  202  200  199  197  196  193  191  189  186  184  181  180  176  175  171
  171  168  168  166  167  167  167  169  170  171  170  172  172  174  173  174
  175  177  178  179  179  176  186  168  175                                   
    80.0-180.0 180.0   5.0 450.0                            LAT/LON1/LON2/DLON/H
  149  166  171  174  178  182  185  188  191  194  196  197  198  198  198  198
  198  197  198  198  199  199  200  201  201  203  202  203  202  202  200  201
  198  198  195  194  191  189  185  183  179  177  173  174  170  171  168  169
  165  166  163  163  161  161  159  160  158  159  156  157  154  154  151  153
  151  153  151  153  151  154  158  149  149                                   
    77.5-180.0 180.0   5.0 450.0                            LAT/LON1/LON2/DLON/H
  126  144  148  151  158  162  169  172  176  179  182  186  186  187  187  187
  185  185  185  186  187  188  191  192  195  196  199  198  199  196  197  193
  194  191  191  188  187  184  182  179  175  172  169  167  166  166  165  165
  163  163  162  162  160  160  158  159  156  156  151  151  148  147  142  141
  137  137  134  134  129  128  135  132  126                                   
    75.0-180.0 180.0   5.0 450.0                            LAT/LON1/LON2/DLON/H
  110  123  131  131  141  145  155  157  165  165  173  173  177  175  179  176
  178  176  179  179  184  187  193  196  201  202  205  205  205  203  201  199
  197  194  192  189  188  184  184  179  179  173  174  168  170  166  169  166
  169  167  169  167  168  166  165  163  161  158  155  151  147  142  138  133
  130  124  121  117  114  113  121  121  110                                   
    72.5-180.0 180.0   5.0 450.0                            LAT/LON1/LON2/DLON/H
  102  114  115  118  122  129  138  143  150  154  160  164  168  170  171  173
  174  177  179  183  187  194  200  208  212  217  221  219  218  213  209  204
  200  198  196  195  192  193  190  189  185  184  179  178  174  174  172  171
  170  170  170  170  169  169  166  165  160  158  151  149  142  139  130  127
  119  118  111  110  101  101  108  113  102                                   
    70.0-180.0 180.0   5.0 450.0                            LAT/LON1/LON2/DLON/H
   97  105  105  107  115  121  131  135  146  149  159  162  171  171  177  176
  181  182  188  192  201  208  218  225  235  238  243  240  238  230  224  217
  211  206  204  201  202  200  201  198  199  194  194  188  187  182  181  178
  177  176  176  174  173  170  167  163  158  154  147  142  136  131  125  120
  114  109  104   99   93   91   97  102   97                                   
    67.5-180.0 180.0   5.0 450.0                            LAT/LON1/LON2/DLON/H
   93   98   97  102  103  113  121  129  139  147  158  164  172  176  181  185
  189  195  199  207  214  225  234  245  254  258  262  258  254  245  236  226
  219  212  209  206  207  206  208  206  207  204  202  197  192  186  181  177
  173  172  170  168  165  161  157  152  145  141  132  129  121  119  109  109
  101  100   93   92   82   85   85   94   93                                   
    65.0-180.0 180.0   5.0 450.0                            LAT/LON1/LON2/DLON/H
   90   91   89   91  101  107  122  128  142  147  161  166  179  181  189  191
  199  201  210  215  227  236  250  258  269  271  275  271  266  257  247  237
  229  223  218  215  214  215  217  217  218  217  214  208  200  193  183  177
  171  166  163  158  154  147  142  134  130  123  118  113  109  105  101   97
   92   89   84   80   76   77   78   83   90                                   
    62.5-180.0 180.0   5.0 450.0                            LAT/LON1/LON2/DLON/H
   84   81   80   87   90  103  112  124  133  144  156  167  178  184  191  198
  203  210  214  223  230  242  253  262  272  275  280  276  272  262  254  247
  239  233  228  225  224  225  226  227  228  226  223  215  207  195  184  172
  163  156  152  145  140  131  125  118  113  108  101  100   94   93   86   85
   78   77   71   71   65   69   66   70   84                                   
    60.0-180.0 180.0   5.0 450.0                            LAT/LON1/LON2/DLON/H
   73   68   71   75   84   93  105  114  128  139  153  164  178  181  193  196
  206  209  217  220  230  237  248  256  266  270  275  274  271  265  260  255
  250  247  244  241  240  238  238  239  238  239  233  227  216  204  188  173
  161  151  145  137  131  123  118  111  107  101   97   93   91   88   84   81
   75   73   66   64   61   64   63   59   73                                   
    57.5-180.0 180.0   5.0 450.0                            LAT/LON1/LON2/DLON/H
   59   61   62   72   78   93  102  116  125  140  150  163  172  179  189  194
  201  207  212  216  221  227  234  243  252  259  268  271  273  271  271  269
  267  264  263  258  255  252  251  250  250  248  245  239  230  214  198  179
  165  152  145  137  130  124  118  113  109  105   99   98   92   91   82   81
   72   72   63   62   57   63   59   50   59                                   
    55.0-180.0 180.0   5.0 450.0                            LAT/LON1/LON2/DLON/H
   52   57   59   65   75   89  101  116  126  139  149  164  171  180  189  191
  202  201  209  208  213  215  223  231  240  249  260  267  275  281  282  286
  286  284  283  278  274  270  266  265  262  263  260  256  248  234  214  195
  179  166  158  150  145  139  135  130  127  121  118  114  109  106   99   97
   88   83   76   73   71   72   70   52   52                                   
    52.5-180.0 180.0   5.0 450.0                            LAT/LON1/LON2/DLON/H
   56   65   64   69   75   93  103  123  134  151  160  177  181  189  192  196
  202  203  204  205  207  209  214  223  232  246  259  272  283  293  302  308
  310  306  303  297  293  288  285  282  281  278  278  274  269  256  239  218
  202  187  178  170  164  160  155  154  151  149  143  142  135  131  122  117
  106  100   92   89   83   85   82   64   56                                   
    50.0-180.0 180.0   5.0 450.0                            LAT/LON1/LON2/DLON/H
   71   78   76   77   84   96  112  128  142  159  170  186  189  195  198  202
  211  209  213  207  210  208  217  225  237  252  266  282  296  309  319  327
  328  326  320  316  311  307  303  302  299  299  299  296  292  280  265  245
  227  214  205  199  194  188  184  180  178  174  173  169  165  161  153  147
  139  129  123  117  113  108  109   89   71                                   
    47.5-180.0 180.0   5.0 450.0                            LAT/LON1/LON2/DLON/H
  102   98   94   93   96  108  119  137  151  174  188  206  208  216  216  219
  225  223  221  220  218  221  227  239  249  266  280  299  312  327  335  341
  342  336  332  327  325  321  320  317  316  313  315  312  310  298  284  266
  252  239  230  222  214  209  203  202  199  199  194  194  188  186  178  174
  162  156  149  147  141  138  140  121  102                                   
    45.0-180.0 180.0   5.0 450.0                            LAT/LON1/LON2/DLON/H
  132  124  115  114  119  129  141  155  170  193  209  225  229  234  237  238
  246  245  246  240  240  241  250  262  272  291  304  322  333  344  348  352
  348  345  340  339  337  338  336  335  333  330  330  327  323  311  296  279
  265  253  245  234  226  217  211  207  208  206  209  206  205  204  199  197
  188  179  175  171  171  165  166  146  132                                   
    42.5-180.0 180.0   5.0 450.0                            LAT/LON1/LON2/DLON/H
  158  144  135  134  135  144  152  167  183  208  228  247  251  259  262  266
  270  270  267  265  261  267  274  288  297  318  330  350  354  362  360  359
  355  350  355  355  360  362  363  359  355  348  346  338  331  318  302  285
  273  262  252  239  226  215  208  207  205  206  205  209  208  212  207  208
  196  192  183  185  181  180  184  166  158                                   
    40.0-180.0 180.0   5.0 450.0                            LAT/LON1/LON2/DLON/H
  169  156  149  151  153  160  171  180  201  229  255  272  278  283  288  291
  297  297  297  292  292  294  304  316  328  345  359  373  377  377  371  367
  361  366  375  385  392  397  396  392  380  372  360  349  337  319  303  286
  275  264  253  237  222  206  199  193  195  192  197  195  203  204  209  205
  201  192  190  186  186  181  185  171  169                                   
    37.5-180.0 180.0   5.0 450.0                            LAT/LON1/LON2/DLON/H
  171  155  149  151  152  159  167  181  209  239  270  289  297  306  313  317
  321  320  316  314  310  317  322  337  347  367  378  391  391  390  382  382
  385  398  419  434  448  450  444  437  419  407  388  373  355  336  315  290
  278  263  255  236  224  208  202  194  191  190  187  189  192  197  201  201
  194  188  176  176  168  171  177  168  171                                   
    35.0-180.0 180.0   5.0 450.0                            LAT/LON1/LON2/DLON/H
  162  143  142  143  147  151  162  177  210  248  285  306  319  329  338  340
  346  341  339  333  334  338  346  358  370  386  401  410  411  413  407  417
  427  455  481  508  523  525  514  497  475  452  429  409  380  349  323  300
  287  272  259  244  224  210  199  202  208  208  204  199  199  197  201  198
  192  183  170  164  160  159  158  152  162                                   
    32.5-180.0 180.0   5.0 450.0                            LAT/LON1/LON2/DLON/H
  151  132  127  126  131  136  148  167  206  248  289  313  332  345  359  364
  367  362  357  353  349  358  362  378  385  405  419  434  438  449  453  478
  499  542  575  603  612  611  596  573  538  508  468  445  410  385  359  342
  330  319  305  290  271  255  238  232  229  231  230  231  238  237  233  224
  212  194  175  162  153  152  141  140  151                                   
    30.0-180.0 180.0   5.0 450.0                            LAT/LON1/LON2/DLON/H
  139  117  114  114  119  121  138  157  201  246  292  322  345  363  376  384
  387  383  379  376  377  385  393  403  412  427  444  464  475  497  513  557
  594  655  706  735  742  721  694  661  618  571  525  502  468  446  424  410
  397  392  378  369  341  329  308  301  286  283  272  269  261  255  250  250
  240  220  193  176  161  155  143  133  139                                   
    27.5-180.0 180.0   5.0 450.0                            LAT/LON1/LON2/DLON/H
  126  118  113  110  112  116  131  158  201  248  294  326  352  373  392  402
  406  405  403  403  403  411  414  425  429  451  473  503  525  559  588  647
  711  788  830  838  837  809  770  719  668  618  563  538  508  489  471  460
  454  452  448  440  420  409  387  372  353  343  328  327  316  315  303  302
  289  279  242  203  175  156  144  138  126                                   
    25.0-180.0 180.0   5.0 450.0                            LAT/LON1/LON2/DLON/H
  119  115  110  109  111  115  134  160  206  252  298  327  357  382  402  417
  424  428  433  436  438  444  447  452  459  484  516  555  584  627  678  761
  825  876  909  920  904  869  815  769  720  679  632  593  560  535  513  506
  500  506  506  504  491  477  460  442  420  404  383  376  372  366  358  353
  333  316  291  261  221  192  161  149  119                                   
    22.5-180.0 180.0   5.0 450.0                            LAT/LON1/LON2/DLON/H
  138  139  129  117  115  118  133  172  214  264  303  335  360  388  411  430
  445  457  468  479  480  483  479  487  494  532  570  616  655  709  775  839
  904  950  982  970  948  888  838  786  746  714  686  649  612  573  548  527
  526  534  537  544  532  532  507  497  465  457  433  439  432  433  421  411
  384  361  320  287  247  230  199  173  138                                   
    20.0-180.0 180.0   5.0 450.0                            LAT/LON1/LON2/DLON/H
  167  166  146  126  122  127  147  183  230  275  313  342  365  392  415  443
  462  483  505  520  525  526  522  531  543  586  628  677  727  779  838  898
  957  996 1010  991  947  891  839  794  765  736  714  681  647  603  570  548
  543  550  560  565  563  561  547  538  511  499  482  475  472  460  459  443
  411  384  340  307  273  237  222  193  167                                   
    17.5-180.0 180.0   5.0 450.0                            LAT/LON1/LON2/DLON/H
  203  184  162  140  130  136  153  193  232  279  314  348  371  394  418  449
  477  510  539  561  565  567  562  577  594  645  687  739  789  826  882  933
  985 1006 1006  970  921  862  823  786  770  746  732  693  655  600  563  530
  526  531  538  551  555  569  570  564  548  535  520  507  502  482  484  462
  428  393  352  319  285  253  236  208  203                                   
    15.0-180.0 180.0   5.0 450.0                            LAT/LON1/LON2/DLON/H
  214  189  171  144  133  131  159  199  243  278  318  353  381  407  431  462
  490  531  568  594  603  606  604  624  651  695  743  793  832  863  906  938
  970  980  963  924  876  832  800  775  768  746  727  683  635  569  522  495
  490  487  496  505  516  536  545  555  546  537  521  505  496  478  472  452
  425  398  354  325  289  261  239  218  214                                   
    12.5-180.0 180.0   5.0 450.0                            LAT/LON1/LON2/DLON/H
  218  192  168  148  141  136  155  203  242  283  308  349  376  414  438  471
  501  547  588  618  630  642  647  672  699  748  801  831  864  879  905  922
  936  931  906  874  839  803  782  764  763  738  723  668  616  535  484  453
  436  432  435  451  470  503  525  551  544  540  516  492  472  459  449  427
  405  379  340  310  277  254  243  217  218                                   
    10.0-180.0 180.0   5.0 450.0                            LAT/LON1/LON2/DLON/H
  216  184  168  146  128  128  150  189  239  282  318  353  387  424  462  492
  525  568  607  638  659  670  686  712  748  801  839  867  886  890  894  896
  891  878  853  831  808  788  778  767  770  746  719  649  593  509  466  435
  420  409  406  414  424  463  494  522  536  529  508  479  453  434  411  382
  361  338  315  285  263  244  229  200  216                                   
     7.5-180.0 180.0   5.0 450.0                            LAT/LON1/LON2/DLON/H
  197  174  157  139  124  118  145  187  233  280  315  358  389  436  473  508
  536  582  616  651  673  690  710  748  792  834  873  892  897  892  885  876
