data/unet/pred1740.15i
     1.0            IONOSPHERE MAPS     GNSS                IONEX VERSION / TYPE
pyspatialgeodesy        IME             05-JAN-18 20:20     PGM / RUN BY / DATE 
Map Name                                                    COMMENT             
Predicted global ionosphere maps (GIM).                     DESCRIPTION         
  2015     6    23     0     0     0                        EPOCH OF FIRST MAP  
  2015     6    24     0     0     0                        EPOCH OF LAST MAP   
  7200                                                      INTERVAL            
    13                                                      # OF MAPS IN FILE   
  NONE                                                      MAPPING FUNCTION    
10.0                                                        ELEVATION CUTOFF    
One-way carrier phase leveled to code                       OBSERVABLES USED    
  6371.0                                                    BASE RADIUS         
 2                                                          MAP DIMENSION       
   450.0 450.0   0.0                                        HGT1 / HGT2 / DHGT  
    87.5 -87.5  -2.5                                        LAT1 / LAT2 / DLAT  
  -180.0 180.0   5.0                                        LON1 / LON2 / DLON  
    -1                                                      EXPONENT            
                                                            END OF HEADER       
[from data line 4719]
    12                                                      START OF TEC MAP    
  2015     6    23    22     0     0                        EPOCH OF CURRENT MAP
    87.5-180.0 180.0   5.0 450.0                            LAT/LON1/LON2/DLON/H
  200  166  157  158  157  154  154  151  151  148  148  145  145  142  142  139
  139  137  137  135  135  133  134  132  133  132  133  132  133  132  132  132
  133  133  133  133  134  133  133  133  133  132  133  132  133  134  135  136
  137  138  140  140  143  142  145  144  147  146  148  148  150  149  151  150
  152  152  153  153  154  155  160  186  200                                   
    85.0-180.0 180.0   5.0 450.0                            LAT/LON1/LON2/DLON/H
  162  162  163  167  164  163  161  161  158  156  154  152  150  148  146  144
  143  140  139  138  136  134  133  133  131  130  129  130  129  129  128  130
  129  129  129  131  130  131  130  131  131  131  131  132  132  133  134  136
  137  139  140  143  143  145  146  149  149  151  152  154  154  156  156  159
  158  161  160  163  162  166  163  175  162                                   
    82.5-180.0 180.0   5.0 450.0                            LAT/LON1/LON2/DLON/H
  157  162  165  169  167  165  164  163  161  158  156  155  153  150  149  148
  145  143  142  141  139  136  136  134  133  130  130  129  129  127  128  127
  129  127  129  128  131  128  132  130  133  130  134  132  135  134  138  137
  141  140  144  143  146  145  149  148  151  150  153  154  155  156  158  159
  160  161  163  163  163  164  165  173  157                                   
    80.0-180.0 180.0   5.0 450.0                            LAT/LON1/LON2/DLON/H
  157  163  164  166  165  162  163  161  159  156  155  152  151  147  147  144
  144  140  140  137  137  133  134  129  130  125  127  123  125  121  123  121
  124  121  124  123  126  124  127  126  129  127  130  128  132  130  134  133
  136  136  139  139  142  142  145  145  147  147  149  149  151  151  154  154
  156  156  158  158  160  164  162  164  157                                   
    77.5-180.0 180.0   5.0 450.0                            LAT/LON1/LON2/DLON/H
  151  159  160  163  162  161  162  159  159  155  155  152  151  147  148  145
  145  141  142  139  140  136  136  133  132  128  128  125  125  122  123  122
  124  122  126  125  128  127  130  130  132  130  133  131  134  132  136  135
  139  138  142  142  145  144  147  147  148  148  150  149  151  150  152  151
  153  153  155  153  156  157  158  155  151                                   
    75.0-180.0 180.0   5.0 450.0                            LAT/LON1/LON2/DLON/H
  144  154  156  160  160  159  158  158  156  155  154  153  151  149  148  147
  146  145  145  145  144  143  142  140  138  134  131  129  127  125  124  124
  124  125  127  129  131  132  133  134  134  133  133  132  133  133  135  136
  139  140  142  145  146  148  148  149  148  149  149  149  149  149  149  149
  149  150  150  150  152  155  155  152  144                                   
    72.5-180.0 180.0   5.0 450.0                            LAT/LON1/LON2/DLON/H
  139  150  152  157  157  156  157  156  157  155  156  154  155  152  153  150
  152  149  153  151  154  151  152  148  148  141  139  133  133  128  129  127
  130  129  133  133  137  137  140  138  139  137  137  135  136  135  138  138
  142  143  147  148  151  151  153  151  152  150  152  150  151  149  150  148
  149  148  149  147  149  151  151  146  139                                   
    70.0-180.0 180.0   5.0 450.0                            LAT/LON1/LON2/DLON/H
  137  149  150  155  156  155  155  157  157  158  158  159  158  158  157  156
  157  156  157  158  160  160  159  157  155  149  145  140  137  133  131  131
  133  134  137  139  142  143  143  143  143  140  138  136  136  136  137  139
  143  146  149  152  154  154  154  154  153  153  152  152  152  151  151  150
  150  149  148  147  148  151  150  147  137                                   
    67.5-180.0 180.0   5.0 450.0                            LAT/LON1/LON2/DLON/H
  138  151  151  156  157  156  159  159  162  162  165  164  167  165  167  163
  165  162  165  164  168  167  169  166  165  158  155  148  145  140  139  137
  140  140  145  146  149  148  149  148  147  143  141  137  138  136  138  139
  143  146  150  151  155  154  155  153  154  152  154  153  155  154  155  154
  154  152  151  149  150  151  150  145  138                                   
    65.0-180.0 180.0   5.0 450.0                            LAT/LON1/LON2/DLON/H
  143  155  156  160  160  160  160  163  165  168  170  174  176  175  175  173
  172  169  168  168  170  171  172  170  169  164  160  155  151  148  146  145
  146  147  150  151  153  152  152  149  146  142  139  136  134  133  134  136
  139  143  146  149  151  152  151  151  151  152  153  154  155  157  157  158
  157  156  154  153  153  155  155  153  143                                   
    62.5-180.0 180.0   5.0 450.0                            LAT/LON1/LON2/DLON/H
  151  163  163  167  167  165  167  167  171  172  179  181  185  185  186  181
  181  175  174  170  173  172  174  171  173  168  168  162  162  158  157  154
  155  153  156  155  157  154  153  149  146  141  137  133  132  130  131  130
  134  136  140  141  145  144  146  145  147  148  152  152  157  158  161  161
  162  160  159  157  159  160  161  156  151                                   
    60.0-180.0 180.0   5.0 450.0                            LAT/LON1/LON2/DLON/H
  160  171  171  175  175  173  171  173  174  177  182  188  193  195  193  192
  187  183  178  174  174  171  170  169  171  169  170  168  170  167  165  162
  161  159  158  156  156  154  151  148  145  140  135  132  129  127  125  125
  127  128  130  133  135  138  138  140  142  145  148  153  156  160  162  164
  165  164  162  162  162  166  167  166  160                                   
    57.5-180.0 180.0   5.0 450.0                            LAT/LON1/LON2/DLON/H
  172  179  182  186  186  182  181  178  180  180  186  190  196  197  198  194
  192  184  181  173  172  167  168  164  169  168  174  174  179  177  178  172
  171  165  163  157  157  152  151  145  143  138  135  130  127  123  121  119
  119  119  120  121  124  125  129  130  136  139  147  150  158  161  166  166
  168  167  167  165  168  170  173  171  172                                   
    55.0-180.0 180.0   5.0 450.0                            LAT/LON1/LON2/DLON/H
  180  188  192  199  198  196  191  190  187  187  190  195  200  203  203  203
  196  192  184  179  174  168  165  163  167  168  175  178  186  186  185  181
  178  170  166  158  156  150  147  142  140  135  132  128  125  122  117  116
  112  113  111  113  113  117  120  126  130  138  145  151  157  162  166  167
  169  169  169  169  170  175  178  181  180                                   
    52.5-180.0 180.0   5.0 450.0                            LAT/LON1/LON2/DLON/H
  189  195  202  210  211  209  207  201  199  195  197  197  202  203  207  204
  200  192  187  177  177  166  165  160  165  166  175  180  189  190  192  186
  184  175  171  162  159  152  149  142  140  134  133  127  125  120  116  111
  109  106  105  103  105  106  113  118  127  135  145  151  159  164  169  170
  173  172  174  173  177  179  181  185  189                                   
    50.0-180.0 180.0   5.0 450.0                            LAT/LON1/LON2/DLON/H
  193  201  211  221  225  226  222  221  214  210  207  206  208  210  211  214
  208  203  192  184  177  169  167  164  167  168  176  181  191  193  194  191
  188  181  177  169  165  157  153  145  142  135  132  127  124  120  114  112
  107  106  100  102  100  106  110  119  128  139  148  156  163  168  171  173
  176  176  178  178  180  184  183  192  193                                   
    47.5-180.0 180.0   5.0 450.0                            LAT/LON1/LON2/DLON/H
  199  206  217  228  236  238  242  237  234  224  222  215  216  214  216  216
  215  209  203  194  191  179  177  168  176  173  181  184  194  196  198  194
  194  186  185  176  175  166  162  152  147  140  137  131  127  123  118  114
  111  107  105  101  102  104  111  119  132  142  153  160  168  173  176  179
  182  183  186  186  190  190  186  196  199                                   
    45.0-180.0 180.0   5.0 450.0                            LAT/LON1/LON2/DLON/H
  201  210  221  234  243  253  257  259  251  246  234  231  225  224  221  225
  221  221  215  210  206  195  190  181  182  178  186  187  196  196  200  197
  197  192  187  183  180  173  170  159  154  144  140  133  130  125  122  118
  116  113  109  108  106  109  114  126  137  150  162  170  176  181  184  187
  190  192  194  195  197  196  192  206  201                                   
    42.5-180.0 180.0   5.0 450.0                            LAT/LON1/LON2/DLON/H
  207  213  224  236  249  260  271  273  272  264  255  246  239  233  230  228
  228  228  228  228  229  224  218  210  205  198  201  200  207  210  214  215
  214  209  202  195  191  182  180  168  167  155  149  141  137  132  129  125
  124  120  118  114  113  114  121  129  142  154  167  174  183  187  191  193
  198  201  204  205  209  207  202  216  207                                   
    40.0-180.0 180.0   5.0 450.0                            LAT/LON1/LON2/DLON/H
  214  219  228  241  254  270  280  292  290  290  276  272  256  249  238  238
  233  239  241  248  254  253  247  239  231  220  219  215  221  222  228  230
  230  223  215  205  200  189  187  176  174  163  157  149  145  140  138  135
  133  130  127  124  121  122  125  134  145  159  172  183  193  199  203  207
  210  213  216  218  220  218  215  231  214                                   
    37.5-180.0 180.0   5.0 450.0                            LAT/LON1/LON2/DLON/H
  226  229  235  246  260  278  294  307  314  315  308  301  285  271  258  251
  248  250  260  272  282  286  280  275  263  258  247  250  245  257  253  264
  254  253  238  227  217  204  200  188  187  176  171  163  158  153  149  145
  142  139  135  131  127  125  128  133  144  156  171  184  196  204  209  213
  217  220  224  227  231  231  229  246  226                                   
    35.0-180.0 180.0   5.0 450.0                            LAT/LON1/LON2/DLON/H
  239  243  246  257  271  291  309  326  336  342  334  330  311  297  277  269
  259  264  271  285  299  307  301  300  286  285  273  276  272  278  276  276
  269  257  245  228  223  208  209  196  195  185  180  173  168  163  158  153
  150  146  140  135  128  126  125  131  137  151  166  183  198  209  217  222
  226  229  234  238  243  244  245  262  239                                   
    32.5-180.0 180.0   5.0 450.0                            LAT/LON1/LON2/DLON/H
  256  259  263  273  288  304  325  341  357  363  362  356  341  324  306  289
  282  277  290  301  320  328  331  329  322  321  309  312  303  311  302  301
  288  267  250  227  219  212  211  207  202  195  187  180  174  170  162  157
  151  146  140  133  127  122  120  121  128  140  155  175  194  209  218  224
  229  233  238  243  251  254  257  276  256                                   
    30.0-180.0 180.0   5.0 450.0                            LAT/LON1/LON2/DLON/H
  270  275  279  291  306  324  341  357  373  382  379  380  362  350  329  316
  303  301  307  319  332  343  345  348  339  342  325  332  318  322  307  301
  275  253  224  206  203  200  204  203  202  197  191  185  179  174  164  157
  149  142  135  128  121  115  111  111  115  126  142  163  186  203  216  224
  231  236  242  249  259  263  269  286  270                                   
    27.5-180.0 180.0   5.0 450.0                            LAT/LON1/LON2/DLON/H
  281  289  295  310  326  344  361  374  389  397  400  400  388  374  356  340
  331  325  330  336  352  361  370  370  368  367  356  355  343  337  325  304
  281  240  209  189  179  187  189  196  194  192  185  180  173  167  157  148
  140  133  127  120  113  106  102   99  101  111  128  150  176  197  211  221
  230  237  243  251  262  268  272  291  281                                   
    25.0-180.0 180.0   5.0 450.0                            LAT/LON1/LON2/DLON/H
  289  298  308  324  342  362  378  392  404  417  417  424  414  409  393  383
  370  367  364  369  376  385  386  388  377  377  355  352  330  325  302  286
  252  216  191  171  173  178  187  190  192  186  183  175  168  159  148  137
  128  121  116  109  104   98   93   90   89   98  114  137  162  186  203  216
  229  237  245  253  263  271  276  293  289                                   
    22.5-180.0 180.0   5.0 450.0                            LAT/LON1/LON2/DLON/H
  294  306  318  338  357  378  397  411  426  434  444  448  449  441  436  422
  415  406  404  401  406  405  407  398  392  381  368  351  335  315  294  265
  235  196  166  155  153  167  172  178  176  172  165  159  151  143  132  121
  113  106  103   97   95   90   87   83   82   89  105  127  152  177  196  214
  229  239  248  255  265  272  274  292  294                                   
    20.0-180.0 180.0   5.0 450.0                            LAT/LON1/LON2/DLON/H
  303  311  328  347  367  389  409  425  439  452  463  477  480  483  477  473
  460  455  445  441  434  428  417  407  388  374  348  331  306  288  267  239
  212  176  154  146  150  157  164  166  165  157  153  145  139  130  120  109
  102   96   94   90   89   87   85   82   79   85   99  120  144  167  190  210
  228  240  250  256  263  269  275  292  303                                   
    17.5-180.0 180.0   5.0 450.0                            LAT/LON1/LON2/DLON/H
  308  316  331  352  371  394  415  434  451  467  484  502  512  517  519  510
  503  493  483  472  459  441  428  405  387  362  341  313  290  265  241  211
  183  157  139  138  137  146  148  151  146  142  136  131  124  117  106   97
   90   86   85   83   85   85   85   83   81   86   99  118  139  164  186  211
  231  245  255  259  262  269  271  290  308                                   
    15.0-180.0 180.0   5.0 450.0                            LAT/LON1/LON2/DLON/H
  316  319  337  352  374  394  419  436  455  473  492  517  529  546  545  547
  537  533  517  503  480  456  432  407  379  356  328  302  279  254  232  201
  176  153  140  135  135  139  140  140  138  133  129  124  118  111  101   93
   87   83   82   82   84   86   86   85   82   87   97  115  135  159  185  211
  235  250  258  261  262  268  276  295  316                                   
    12.5-180.0 180.0   5.0 450.0                            LAT/LON1/LON2/DLON/H
  323  326  339  352  369  390  412  430  450  469  490  519  538  559  566  567
  563  557  543  523  499  467  438  404  377  347  319  289  265  242  219  193
  170  151  139  136  135  136  135  135  132  129  124  120  114  107   98   90
   85   81   80   79   82   84   86   85   84   87   97  114  132  158  184  214
  239  255  263  263  263  270  276  299  323                                   
    10.0-180.0 180.0   5.0 450.0                            LAT/LON1/LON2/DLON/H
  336  338  349  351  367  380  403  419  438  456  477  507  527  554  561  568
  561  560  544  527  495  464  431  398  370  341  311  281  260  236  215  192
  172  157  148  145  144  142  139  135  133  128  125  119  115  107  100   92
   86   83   80   80   80   84   84   85   82   85   93  109  128  153  184  213
  240  255  262  264  264  273  285  307  336                                   
     7.5-180.0 180.0   5.0 450.0                            LAT/LON1/LON2/DLON/H
  348  357  362  363  368  377  394  409  425  440  459  484  507  532  544  548
  548  545  535  517  492  459  428  395  365  335  305  277  260  236  221  192
