data/unet/pred0840.15i
     1.0            IONOSPHERE MAPS     GNSS                IONEX VERSION / TYPE
pyspatialgeodesy        IME             05-JAN-18 20:20     PGM / RUN BY / DATE 
Map Name                                                    COMMENT             
Predicted global ionosphere maps (GIM).                     DESCRIPTION         
  2015     3    25     0     0     0                        EPOCH OF FIRST MAP  
  2015     3    26     0     0     0                        EPOCH OF LAST MAP   
  7200                                                      INTERVAL            
    13                                                      # OF MAPS IN FILE   
  NONE                                                      MAPPING FUNCTION    
10.0                                                        ELEVATION CUTOFF    
One-way carrier phase leveled to code                       OBSERVABLES USED    
  6371.0                                                    BASE RADIUS         
 2                                                          MAP DIMENSION       
   450.0 450.0   0.0                                        HGT1 / HGT2 / DHGT  
    87.5 -87.5  -2.5                                        LAT1 / LAT2 / DLAT  
  -180.0 180.0   5.0                                        LON1 / LON2 / DLON  
    -1                                                      EXPONENT            
                                                            END OF HEADER       
[from data line 3861]
    10                                                      START OF TEC MAP    
  2015     3    25    18     0     0                        EPOCH OF CURRENT MAP
    87.5-180.0 180.0   5.0 450.0                            LAT/LON1/LON2/DLON/H
  223  194  197  200  201  200  201  203  205  206  208  209  210  209  210  209
  209  208  207  206  206  204  203  201  202  200  200  198  199  197  197  196
  196  195  195  193  193  192  191  191  189  190  189  190  188  190  189  191
  190  192  191  194  192  195  193  196  194  197  195  197  197  199  198  198
  199  200  201  200  201  199  202  194  223                                   
    85.0-180.0 180.0   5.0 450.0                            LAT/LON1/LON2/DLON/H
  190  185  185  190  189  192  191  194  195  197  198  199  201  200  201  200
  202  200  200  199  199  198  197  197  195  196  193  195  192  195  191  194
  191  193  190  192  189  191  186  189  185  187  183  186  182  186  183  187
  184  188  185  190  186  190  188  191  189  192  189  192  190  192  191  192
  191  192  191  191  190  184  190  185  190                                   
    82.5-180.0 180.0   5.0 450.0                            LAT/LON1/LON2/DLON/H
  179  169  170  172  173  175  177  179  181  183  185  186  188  188  190  190
  192  192  193  193  194  194  193  193  192  191  190  190  188  188  186  186
  185  185  184  184  183  182  181  180  179  179  178  178  177  178  177  178
  177  177  177  177  177  176  177  177  178  177  178  178  179  180  179  180
  179  179  179  178  176  167  169  169  179                                   
    80.0-180.0 180.0   5.0 450.0                            LAT/LON1/LON2/DLON/H
  156  155  151  153  155  157  159  162  165  168  170  172  175  177  179  181
  183  185  186  188  188  189  187  186  185  184  183  181  180  179  177  177
  175  175  173  174  172  171  169  168  167  166  166  165  166  166  166  166
  166  167  167  167  167  167  167  167  168  167  168  168  169  169  168  169
  168  168  166  165  160  154  153  153  156                                   
    77.5-180.0 180.0   5.0 450.0                            LAT/LON1/LON2/DLON/H
  136  136  133  132  135  135  139  142  147  150  155  158  162  164  168  169
  175  175  180  181  184  183  184  183  182  181  180  179  177  175  173  172
  169  169  167  167  165  164  161  160  157  156  156  155  155  155  156  156
  158  157  159  157  159  157  159  157  158  157  158  157  157  157  156  156
  155  155  153  150  146  139  139  143  136                                   
    75.0-180.0 180.0   5.0 450.0                            LAT/LON1/LON2/DLON/H
  122  125  121  121  124  126  130  133  138  144  147  153  157  163  167  171
  174  178  181  184  186  187  188  187  185  183  182  179  178  174  173  169
  167  165  163  162  160  158  155  152  149  146  144  144  143  144  146  146
  148  149  151  151  151  151  151  150  149  147  147  146  146  145  145  145
  145  145  145  143  138  131  131  133  122                                   
    72.5-180.0 180.0   5.0 450.0                            LAT/LON1/LON2/DLON/H
  117  120  115  116  118  120  125  129  135  141  146  153  159  164  169  173
  178  181  186  190  192  194  195  194  192  191  188  186  183  179  176  172
  169  166  163  161  158  156  151  148  144  140  138  135  135  134  137  136
  140  141  144  144  146  145  145  144  142  141  139  137  136  135  135  134
  135  135  134  133  130  123  126  134  117                                   
    70.0-180.0 180.0   5.0 450.0                            LAT/LON1/LON2/DLON/H
  116  121  117  117  121  123  128  133  139  145  152  159  164  172  175  183
  184  191  194  199  202  202  204  201  200  197  197  190  192  184  185  177
  177  170  170  164  162  157  153  148  143  137  133  129  127  126  127  127
  129  131  135  136  137  137  137  135  133  129  127  124  123  122  122  122
  123  124  125  125  123  120  123  128  116                                   
    67.5-180.0 180.0   5.0 450.0                            LAT/LON1/LON2/DLON/H
  114  121  118  122  125  128  134  139  146  153  161  167  173  178  184  189
  194  200  206  212  216  218  215  217  209  211  204  205  200  199  193  190
  185  180  177  172  168  163  156  150  143  136  130  125  122  119  119  118
  120  122  124  126  127  126  126  124  121  118  115  112  110  110  109  109
  109  111  111  113  111  109  116  126  114                                   
    65.0-180.0 180.0   5.0 450.0                            LAT/LON1/LON2/DLON/H
  110  122  121  126  131  135  142  147  154  163  169  177  182  190  193  202
  205  216  219  227  229  229  226  222  220  216  215  211  211  208  208  200
  200  192  190  182  179  171  165  156  148  140  133  125  120  115  112  109
  109  109  111  112  113  114  113  112  109  107  103  100   97   95   94   93
   94   95   96   99   98  100  107  115  110                                   
    62.5-180.0 180.0   5.0 450.0                            LAT/LON1/LON2/DLON/H
  102  114  117  128  133  138  144  151  158  167  173  180  186  191  199  205
  214  222  232  238  244  241  240  234  231  228  224  226  221  226  220  221
  213  211  203  197  190  183  175  166  155  147  137  128  119  112  106  101
   97   96   96   98   97   98   97   98   96   94   91   88   85   84   81   80
   78   80   78   83   80   83   93  106  102                                   
    60.0-180.0 180.0   5.0 450.0                            LAT/LON1/LON2/DLON/H
   92  109  114  126  132  139  146  151  158  166  173  181  187  196  204  215
  224  234  242  250  255  255  254  245  244  238  238  237  238  239  240  238
  235  228  223  213  207  197  190  179  170  159  148  136  126  114  105   96
   89   85   84   84   84   85   86   88   88   87   84   82   79   76   73   70
   67   67   66   68   67   71   82   92   92                                   
    57.5-180.0 180.0   5.0 450.0                            LAT/LON1/LON2/DLON/H
   81   97  106  122  127  135  140  148  153  161  168  177  184  195  204  217
  228  241  250  260  267  265  265  257  257  250  252  251  252  256  255  259
  251  251  237  232  220  214  203  195  184  173  161  149  135  123  109   98
   87   81   77   76   75   77   78   81   82   84   82   81   78   77   70   69
   61   63   55   60   56   60   73   82   81                                   
    55.0-180.0 180.0   5.0 450.0                            LAT/LON1/LON2/DLON/H
   80   96  103  119  127  136  142  149  156  162  170  177  186  197  209  222
  234  246  257  264  272  273  273  267  268  263  269  267  276  275  281  277
  275  268  259  248  240  229  223  212  204  192  181  166  153  137  122  106
   94   85   80   77   76   78   81   85   89   91   91   89   87   83   79   74
   68   66   61   62   58   62   73   73   80                                   
    52.5-180.0 180.0   5.0 450.0                            LAT/LON1/LON2/DLON/H
   79   94  101  118  127  140  146  155  159  167  172  182  189  203  213  231
  241  255  264  272  281  282  284  281  284  283  290  291  298  297  301  297
  290  285  272  265  252  246  236  229  219  210  198  185  170  156  139  124
  111  101   93   90   87   89   91   96   99  103  103  104   99  100   91   91
   81   82   71   76   71   71   79   78   79                                   
    50.0-180.0 180.0   5.0 450.0                            LAT/LON1/LON2/DLON/H
   92  105  109  126  137  152  160  170  173  181  187  195  203  215  227  242
  255  264  274  278  288  289  293  295  299  303  310  316  323  323  327  318
  314  299  292  279  271  258  252  242  236  224  215  202  189  172  157  142
  130  119  111  106  103  105  107  111  116  119  121  120  120  117  113  111
  105  104   98   98   91   90   95   90   92                                   
    47.5-180.0 180.0   5.0 450.0                            LAT/LON1/LON2/DLON/H
  104  116  121  136  151  167  178  192  195  204  205  215  219  236  244  261
  269  280  285  291  298  301  308  310  318  322  331  334  344  339  342  330
  323  307  297  287  279  270  262  253  244  234  224  214  201  188  173  162
  150  142  132  125  120  120  119  125  126  132  133  137  134  137  132  134
  128  129  121  122  114  110  115  110  104                                   
    45.0-180.0 180.0   5.0 450.0                            LAT/LON1/LON2/DLON/H
  125  137  143  157  173  193  207  222  229  238  239  245  251  259  273  282
  295  296  304  304  311  315  324  330  338  343  352  353  357  353  351  339
  330  313  305  294  291  280  274  261  252  239  231  219  209  195  185  174
  166  155  147  137  132  129  129  131  135  137  141  143  146  148  150  152
  151  152  147  148  138  136  132  124  125                                   
    42.5-180.0 180.0   5.0 450.0                            LAT/LON1/LON2/DLON/H
  134  145  155  171  190  209  230  246  259  269  271  278  280  292  300  313
  318  325  324  329  331  340  347  354  362  365  370  367  369  356  354  337
  331  316  311  304  301  293  286  272  258  244  234  223  214  203  193  184
  176  167  156  146  137  134  131  133  133  139  139  147  147  157  158  164
  163  166  161  161  153  149  150  140  134                                   
    40.0-180.0 180.0   5.0 450.0                            LAT/LON1/LON2/DLON/H
  146  160  169  187  207  229  254  279  293  304  309  314  318  323  336  341
  350  348  351  350  356  359  370  373  381  381  385  377  373  360  354  342
  339  329  329  322  324  315  308  290  272  252  240  228  219  206  198  186
  180  168  158  146  137  131  129  129  130  132  136  139  146  152  160  166
  167  171  168  169  161  158  153  145  146                                   
    37.5-180.0 180.0   5.0 450.0                            LAT/LON1/LON2/DLON/H
  140  156  171  192  214  235  263  286  311  326  336  341  347  358  365  376
  379  384  382  386  386  393  396  400  402  403  399  389  382  367  364  356
  356  351  353  349  350  340  331  312  289  266  250  237  226  213  203  190
  182  169  158  146  138  131  127  128  127  131  132  137  141  151  155  165
  164  170  163  165  155  150  154  143  140                                   
    35.0-180.0 180.0   5.0 450.0                            LAT/LON1/LON2/DLON/H
  142  159  176  199  224  249  278  308  332  350  362  371  380  389  398  404
  410  411  416  418  422  421  423  418  421  414  412  400  397  387  394  391
  400  397  407  399  400  383  368  343  319  292  273  255  243  224  212  197
  185  171  159  146  138  132  129  129  133  134  139  138  144  146  154  156
  160  159  158  153  145  133  141  135  142                                   
    32.5-180.0 180.0   5.0 450.0                            LAT/LON1/LON2/DLON/H
  129  148  171  199  227  249  279  307  339  362  380  390  406  415  426  435
  438  448  448  456  451  454  447  445  441  441  437  432  438  435  455  459
  477  476  483  473  463  442  419  388  358  331  304  285  266  251  228  214
  191  182  163  157  145  145  141  145  148  153  156  161  163  161  159  160
  156  156  145  142  127  122  129  128  129                                   
    30.0-180.0 180.0   5.0 450.0                            LAT/LON1/LON2/DLON/H
  131  147  173  202  231  258  288  320  353  381  400  417  430  445  453  461
  467  474  479  483  483  477  471  462  462  459  469  473  497  513  555  578
  615  603  610  571  542  507  469  434  395  364  337  317  293  275  250  235
  211  198  183  180  172  176  171  178  180  185  181  180  178  175  174  169
  165  155  153  136  127  113  125  120  131                                   
    27.5-180.0 180.0   5.0 450.0                            LAT/LON1/LON2/DLON/H
  127  150  177  208  235  260  289  324  360  392  413  430  448  461  475  482
  489  502  503  512  504  502  489  487  487  499  516  540  587  634  710  743
  765  752  726  681  636  578  518  470  420  388  355  339  314  302  277  267
  245  237  222  221  220  224  230  232  231  235  231  231  223  217  207  192
  175  175  159  148  129  123  123  123  127                                   
    25.0-180.0 180.0   5.0 450.0                            LAT/LON1/LON2/DLON/H
  141  166  191  224  248  275  300  337  371  406  427  449  461  486  491  504
  508  520  525  529  527  519  514  510  518  536  578  625  705  772  812  840
  848  832  791  751  698  644  577  524  461  423  384  367  346  334  315  305
  289  279  275  269  277  275  286  287  285  282  274  268  262  254  244  231
  216  195  180  167  155  141  133  126  141                                   
    22.5-180.0 180.0   5.0 450.0                            LAT/LON1/LON2/DLON/H
  160  183  209  243  263  289  312  351  384  421  434  459  473  499  512  524
  531  541  544  551  546  545  536  545  558  593  649  731  797  847  889  914
  914  889  839  777  728  666  598  546  489  456  420  409  382  383  370  373
  364  353  341  345  350  365  367  358  347  338  324  310  292  280  269  265
  261  246  221  201  180  164  152  152  160                                   
    20.0-180.0 180.0   5.0 450.0                            LAT/LON1/LON2/DLON/H
  181  186  221  258  285  308  329  371  399  436  446  477  486  520  533  553
  555  568  571  576  576  572  573  573  601  651  734  800  856  905  940  958
  946  910  850  784  731  676  603  552  498  469  439  431  418  425  414  410
  401  395  393  396  403  416  417  420  403  396  370  353  326  296  276  269
  265  262  248  235  211  191  175  168  181                                   
    17.5-180.0 180.0   5.0 450.0                            LAT/LON1/LON2/DLON/H
  200  199  232  274  300  332  350  388  415  449  463  487  499  530  556  583
  595  605  605  611  599  602  595  618  652  723  779  841  888  929  957  960
  938  892  835  774  727  668  602  547  491  464  436  436  425  430  426  426
  428  424  434  440  457  465  459  443  428  408  392  367  347  311  289  276
  271  271  261  253  223  212  195  184  200                                   
    15.0-180.0 180.0   5.0 450.0                            LAT/LON1/LON2/DLON/H
  203  202  236  274  314  341  361  393  423  458  478  507  521  557  578  609
  624  642  648  650  655  649  661  674  721  771  824  865  907  936  946  936
  902  854  799  751  709  654  597  538  482  448  425  423  418  419  423  427
  442  442  458  467  490  482  470  457  431  415  385  370  335  309  281  267
  262  259  252  243  219  206  203  183  203                                   
    12.5-180.0 180.0   5.0 450.0                            LAT/LON1/LON2/DLON/H
  202  205  235  278  313  345  366  401  432  466  488  513  537  568  600  634
  660  681  694  704  705  717  720  744  773  813  844  869  895  904  902  880
  849  805  768  735  691  649  595  535  481  449  420  414  404  407  418  432
  454  465  480  484  480  472  464  444  424  398  377  351  325  307  285  273
  263  261  250  246  215  207  201  183  202                                   
    10.0-180.0 180.0   5.0 450.0                            LAT/LON1/LON2/DLON/H
  198  198  231  270  310  347  375  412  453  484  515  542  570  607  635  666
  690  714  738  751  767  775  792  806  832  845  862  867  878  870  857  841
  806  775  741  721  692  657  612  548  493  451  418  408  401  408  419  443
  469  478  492  477  470  465  451  432  412  381  353  325  296  287  266  256
  247  244  233  225  197  190  187  172  198                                   
     7.5-180.0 180.0   5.0 450.0                            LAT/LON1/LON2/DLON/H
  188  195  224  267  309  348  383  424  478  516  547  569  598  627  662  697
  729  756  779  794  822  833  854  861  873  859  862  844  840  827  812  802
