data/unet/pred1830.15i
     1.0            IONOSPHERE MAPS     GNSS                IONEX VERSION / TYPE
pyspatialgeodesy        IME             05-JAN-18 20:20     PGM / RUN BY / DATE 
Map Name                                                    COMMENT             
Predicted global ionosphere maps (GIM).                     DESCRIPTION         
  2015     7     2     0     0     0                        EPOCH OF FIRST MAP  
  2015     7     3     0     0     0                        EPOCH OF LAST MAP   
  7200                                                      INTERVAL            
    13                                                      # OF MAPS IN FILE   
  NONE                                                      MAPPING FUNCTION    
10.0                                                        ELEVATION CUTOFF    
One-way carrier phase leveled to code                       OBSERVABLES USED    
  6371.0                                                    BASE RADIUS         
 2                                                          MAP DIMENSION       
   450.0 450.0   0.0                                        HGT1 / HGT2 / DHGT  
    87.5 -87.5  -2.5                                        LAT1 / LAT2 / DLAT  
  -180.0 180.0   5.0                                        LON1 / LON2 / DLON  
    -1                                                      EXPONENT            
                                                            END OF HEADER       
[from data line 4719]
    12                                                      START OF TEC MAP    
  2015     7     2    22     0     0                        EPOCH OF CURRENT MAP
    87.5-180.0 180.0   5.0 450.0                            LAT/LON1/LON2/DLON/H
  203  165  155  157  156  157  157  157  157  157  157  157  156  157  156  156
  155  155  154  154  152  151  150  148  147  145  144  143  142  141  140  139
  139  138  139  139  140  140  141  141  142  142  142  143  143  143  143  144
  144  144  144  144  144  145  144  145  144  145  144  145  145  146  146  148
  148  150  151  152  151  152  156  182  203                                   
    85.0-180.0 180.0   5.0 450.0                            LAT/LON1/LON2/DLON/H
  170  164  165  168  167  167  167  168  168  168  168  167  167  167  166  165
  164  163  162  161  159  157  155  153  151  148  146  144  142  141  139  138
  137  136  136  137  137  137  137  138  138  139  139  140  141  141  142  142
  143  144  145  145  146  146  147  147  148  148  148  148  150  150  152  152
  155  156  158  157  159  156  159  177  170                                   
    82.5-180.0 180.0   5.0 450.0                            LAT/LON1/LON2/DLON/H
  171  167  166  171  170  172  172  174  173  174  173  174  173  174  171  172
  169  169  166  166  162  161  157  155  151  148  145  142  139  137  134  133
  131  130  129  129  128  129  129  130  130  132  132  134  135  137  137  140
  140  142  142  145  144  147  146  149  148  150  148  151  150  152  152  155
  155  159  159  161  159  159  159  178  171                                   
    80.0-180.0 180.0   5.0 450.0                            LAT/LON1/LON2/DLON/H
  174  169  168  168  171  171  174  174  176  175  177  176  178  176  177  175
  176  173  173  169  169  164  162  157  155  150  147  143  140  136  134  131
  130  128  128  127  128  127  128  128  130  130  133  133  136  136  139  139
  142  142  145  145  148  147  149  149  151  149  150  150  152  151  153  154
  156  157  160  158  158  156  154  169  174                                   
    77.5-180.0 180.0   5.0 450.0                            LAT/LON1/LON2/DLON/H
  170  167  163  164  166  168  171  172  174  175  177  177  178  178  178  178
  177  176  175  173  171  167  165  160  157  152  148  144  140  136  134  131
  129  128  128  128  128  129  130  131  132  133  135  136  138  140  141  143
  144  146  147  148  149  149  150  150  150  149  149  148  149  148  149  150
  152  153  155  154  154  152  152  165  170                                   
    75.0-180.0 180.0   5.0 450.0                            LAT/LON1/LON2/DLON/H
  168  164  160  161  164  166  170  170  173  173  177  177  179  178  181  179
  180  178  179  176  175  171  169  164  160  155  152  147  143  139  137  134
  133  132  133  132  134  133  135  135  137  136  139  138  142  141  144  144
  147  147  150  149  152  150  152  150  151  148  148  147  148  147  148  148
  150  152  154  152  153  150  150  164  168                                   
    72.5-180.0 180.0   5.0 450.0                            LAT/LON1/LON2/DLON/H
  165  163  158  160  162  165  167  170  172  174  176  178  179  181  181  182
  181  181  180  179  177  174  171  167  162  157  153  149  145  142  139  138
  136  136  136  138  138  140  140  141  141  142  141  142  143  144  145  146
  147  149  150  151  151  151  151  150  149  147  145  144  144  144  144  146
  147  149  151  151  151  150  151  165  165                                   
    70.0-180.0 180.0   5.0 450.0                            LAT/LON1/LON2/DLON/H
  167  163  160  160  164  165  169  169  173  174  179  179  183  182  185  184
  185  183  185  182  182  178  176  171  167  162  159  153  151  147  146  144
  144  144  145  145  147  146  147  145  146  144  145  142  144  143  145  144
  147  146  149  148  150  149  150  148  149  146  145  145  145  145  146  147
  149  151  154  153  154  151  150  165  167                                   
    67.5-180.0 180.0   5.0 450.0                            LAT/LON1/LON2/DLON/H
  170  167  163  163  164  167  169  171  173  176  179  182  184  186  187  187
  187  187  186  185  184  182  179  175  170  165  162  158  155  153  151  151
  150  151  151  152  151  152  150  150  147  146  144  143  142  141  141  141
  142  143  143  144  144  145  145  146  145  145  143  144  144  145  146  148
  150  153  155  156  156  155  154  170  170                                   
    65.0-180.0 180.0   5.0 450.0                            LAT/LON1/LON2/DLON/H
  178  174  171  170  172  172  175  174  178  179  184  184  190  189  192  190
  192  189  191  188  190  186  185  180  178  172  171  166  166  163  164  162
  162  161  161  159  160  156  156  152  151  146  145  141  141  138  138  136
  138  136  138  137  139  139  141  141  144  143  144  146  148  150  152  154
  157  159  163  162  164  160  159  175  178                                   
    62.5-180.0 180.0   5.0 450.0                            LAT/LON1/LON2/DLON/H
  186  183  178  178  177  179  178  179  180  182  185  189  191  194  194  194
  193  192  191  192  192  191  189  187  183  180  178  177  175  175  174  174
  172  171  168  166  163  161  157  155  151  148  143  141  137  135  133  132
  130  131  130  131  130  133  134  138  141  143  144  147  150  153  155  157
  161  164  167  167  169  168  167  184  186                                   
    60.0-180.0 180.0   5.0 450.0                            LAT/LON1/LON2/DLON/H
  195  191  188  188  188  186  186  184  185  185  189  191  196  195  198  195
  196  193  195  194  198  196  198  194  194  191  192  189  192  188  191  186
  186  179  178  171  169  163  162  156  154  148  145  140  138  134  132  128
  127  124  124  122  124  125  129  133  138  142  146  149  154  156  160  162
  167  169  174  175  177  174  174  193  195                                   
    57.5-180.0 180.0   5.0 450.0                            LAT/LON1/LON2/DLON/H
  203  199  196  197  195  194  191  190  187  188  190  193  196  197  198  196
  195  194  194  196  198  200  201  201  201  200  201  202  204  204  203  200
  196  189  183  176  171  167  162  159  154  151  145  142  137  134  129  126
  121  119  115  116  115  119  122  130  135  142  146  151  154  158  160  164
  168  172  177  178  181  181  181  201  203                                   
    55.0-180.0 180.0   5.0 450.0                            LAT/LON1/LON2/DLON/H
  209  206  206  208  207  204  201  197  194  191  193  194  199  198  200  196
  196  193  196  196  202  202  208  207  211  209  214  214  220  217  219  211
  208  195  190  179  176  169  167  161  159  153  150  144  141  135  131  125
  120  114  112  109  111  113  119  125  134  140  146  151  156  158  162  164
  170  173  180  181  185  183  186  206  209                                   
    52.5-180.0 180.0   5.0 450.0                            LAT/LON1/LON2/DLON/H
  216  214  213  216  215  215  211  207  202  199  197  197  198  199  198  196
  194  192  194  196  202  205  209  211  215  216  221  224  229  229  228  222
  214  202  192  183  177  173  169  167  162  158  153  149  143  138  131  126
  118  114  108  107  106  112  116  126  134  142  147  153  156  160  161  165
  169  175  180  183  187  188  190  215  216                                   
    50.0-180.0 180.0   5.0 450.0                            LAT/LON1/LON2/DLON/H
  225  219  222  225  228  226  226  220  216  209  207  203  205  202  203  198
  198  194  198  198  206  206  214  213  220  220  229  230  238  235  236  226
  220  205  197  185  182  176  175  170  168  162  159  152  149  142  136  128
  122  115  111  108  109  112  119  126  136  143  150  154  158  160  163  165
  172  176  185  187  193  193  198  222  225                                   
    47.5-180.0 180.0   5.0 450.0                            LAT/LON1/LON2/DLON/H
  231  226  227  232  235  238  238  237  231  226  219  215  211  209  206  202
  199  197  199  201  206  209  214  216  221  224  231  236  241  240  238  230
  221  208  197  189  184  181  178  175  171  167  161  157  151  146  139  133
  125  121  115  114  113  118  122  131  139  148  153  159  162  164  166  170
  174  181  188  193  198  201  203  230  231                                   
    45.0-180.0 180.0   5.0 450.0                            LAT/LON1/LON2/DLON/H
  240  231  236  239  247  249  255  252  251  243  237  229  225  218  216  208
  207  202  207  206  213  212  219  218  225  226  235  237  244  241  240  230
  223  209  202  192  190  185  184  180  177  171  167  161  157  151  145  139
  134  128  124  122  122  124  129  135  144  151  158  162  167  167  172  174
  182  187  197  200  209  208  213  236  240                                   
    42.5-180.0 180.0   5.0 450.0                            LAT/LON1/LON2/DLON/H
  245  238  241  246  252  259  267  269  269  264  256  248  240  233  225  219
  215  211  213  215  219  220  223  224  229  233  239  243  246  244  240  233
  224  214  206  200  196  194  191  188  182  178  172  169  163  160  153  149
  142  139  134  133  131  134  136  143  149  157  163  169  173  177  181  185
  192  199  207  213  220  222  222  247  245                                   
    40.0-180.0 180.0   5.0 450.0                            LAT/LON1/LON2/DLON/H
  254  243  249  251  261  266  280  282  288  282  278  267  259  248  241  232
  228  223  225  225  231  229  234  233  240  241  248  248  251  246  244  233
  228  217  213  207  207  202  200  194  190  184  180  176  173  168  164  158
  154  149  146  143  142  141  143  146  153  159  167  173  181  185  193  195
  205  210  222  224  234  232  236  257  254                                   
    37.5-180.0 180.0   5.0 450.0                            LAT/LON1/LON2/DLON/H
  259  251  255  258  265  275  288  297  303  303  298  289  279  267  257  247
  240  235  235  236  240  241  245  246  252  253  258  256  257  251  246  238
  232  225  221  219  217  213  209  204  198  194  189  188  184  182  175  171
  165  162  157  154  151  149  148  150  154  161  169  179  189  197  204  210
  217  223  233  238  244  245  246  267  259                                   
    35.0-180.0 180.0   5.0 450.0                            LAT/LON1/LON2/DLON/H
  270  259  267  267  276  284  300  309  321  321  321  310  303  288  278  266
  257  251  250  251  255  257  264  265  271  269  274  269  269  259  255  243
  239  230  230  225  226  218  216  208  205  200  199  196  195  190  187  179
  175  168  165  159  156  150  149  147  153  157  168  178  192  200  211  216
  226  230  242  243  252  251  256  276  270                                   
    32.5-180.0 180.0   5.0 450.0                            LAT/LON1/LON2/DLON/H
  281  275  280  282  289  300  314  326  339  344  344  336  327  314  300  287
  275  268  265  265  270  273  281  281  289  286  290  284  282  271  264  252
  246  238  236  232  229  224  218  213  210  209  207  207  204  201  195  189
  182  175  169  162  156  151  146  145  147  153  164  177  192  204  215  223
  231  237  246  251  258  261  264  284  281                                   
    30.0-180.0 180.0   5.0 450.0                            LAT/LON1/LON2/DLON/H
  297  291  301  302  311  318  332  343  358  363  367  360  354  338  327  309
  296  287  281  283  288  293  300  304  310  308  310  302  299  285  277  259
  253  239  238  231  229  219  216  209  210  208  212  209  210  202  199  188
  183  173  166  156  149  141  137  133  136  141  155  168  187  200  214  221
  232  237  249  251  261  264  271  293  297                                   
    27.5-180.0 180.0   5.0 450.0                            LAT/LON1/LON2/DLON/H
  311  314  323  331  337  345  355  367  379  390  393  393  385  375  358  341
  321  308  301  300  305  310  319  322  326  324  323  316  309  294  282  263
  250  237  233  226  221  215  209  207  206  209  212  213  210  204  197  188
  180  170  160  150  140  133  126  124  124  131  142  158  178  195  209  220
  230  237  247  255  264  271  277  299  311                                   
    25.0-180.0 180.0   5.0 450.0                            LAT/LON1/LON2/DLON/H
  327  330  347  351  363  366  377  385  399  408  414  416  412  404  392  374
  355  339  329  325  327  332  338  341  341  338  336  325  320  300  285  258
  245  227  223  213  211  202  199  194  199  200  208  205  205  193  187  174
  168  155  147  135  127  118  114  109  111  114  128  143  165  184  201  212
  225  233  248  253  267  273  283  305  327                                   
    22.5-180.0 180.0   5.0 450.0                            LAT/LON1/LON2/DLON/H
  333  346  361  373  382  389  397  406  418  430  436  443  440  437  427  412
  394  375  364  354  355  353  357  357  353  346  339  328  317  295  275  249
  232  215  208  201  195  190  186  185  188  193  198  198  194  184  175  163
  154  142  132  122  113  108  103  102  100  106  114  131  150  173  192  208
  223  235  249  260  272  282  288  311  333                                   
    20.0-180.0 180.0   5.0 450.0                            LAT/LON1/LON2/DLON/H
  341  350  372  381  396  400  410  417  429  440  449  457  459  459  453  442
  429  412  402  389  387  380  379  370  363  348  339  323  311  286  266  236
  220  201  195  187  183  176  174  172  176  178  185  181  179  166  157  142
  134  121  113  103   98   94   91   89   90   92  102  116  138  162  184  203
  222  236  254  264  279  289  297  317  341                                   
    17.5-180.0 180.0   5.0 450.0                            LAT/LON1/LON2/DLON/H
  337  354  372  386  398  407  415  425  436  450  459  470  474  479  476  470
  459  443  433  418  413  400  394  378  364  344  329  310  294  271  249  224
  207  192  183  177  171  168  164  163  164  167  170  168  162  150  140  127
  118  107   98   91   86   86   84   85   84   88   94  109  127  154  179  202
  224  243  261  275  289  299  303  322  337                                   
    15.0-180.0 180.0   5.0 450.0                            LAT/LON1/LON2/DLON/H
  337  349  368  379  394  400  411  420  430  444  455  468  477  486  488  487
  481  470  460  445  437  420  408  386  366  339  320  298  281  258  237  214
  198  185  177  171  167  163  159  157  156  156  156  152  145  133  122  110
  101   92   84   78   76   76   77   77   77   79   87   99  120  147  176  202
  228  249  270  282  296  306  311  327  337                                   
    12.5-180.0 180.0   5.0 450.0                            LAT/LON1/LON2/DLON/H
  330  346  358  371  383  391  401  411  423  439  450  466  475  489  493  497
  495  487  479  464  452  432  416  390  364  333  308  284  265  245  225  207
  194  185  176  172  168  165  161  157  154  152  149  144  135  124  113  102
   94   85   78   73   72   74   76   77   77   79   83   96  113  142  172  204
  231  255  276  291  306  314  316  332  330                                   
    10.0-180.0 180.0   5.0 450.0                            LAT/LON1/LON2/DLON/H
  330  343  354  360  372  378  390  398  412  424  437  452  464  480  488  497
  499  498  492  480  466  445  426  398  369  332  304  276  257  237  220  204
  195  185  181  178  176  174  171  166  160  154  149  141  132  120  108   97
   89   80   74   69   69   71   73   74   72   73   78   89  108  136  170  204
  235  260  282  296  310  320  323  339  330                                   
     7.5-180.0 180.0   5.0 450.0                            LAT/LON1/LON2/DLON/H
  333  351  352  360  366  372  381  389  401  414  425  440  450  467  476  488
  495  497  494  483  469  447  427  401  370  331  298  269  248  229  215  203
