data/unet/pred0510.15i
     1.0            IONOSPHERE MAPS     GNSS                IONEX VERSION / TYPE
pyspatialgeodesy        IME             05-JAN-18 20:20     PGM / RUN BY / DATE 
Map Name                                                    COMMENT             
Predicted global ionosphere maps (GIM).                     DESCRIPTION         
  2015     2    20     0     0     0                        EPOCH OF FIRST MAP  
  2015     2    21     0     0     0                        EPOCH OF LAST MAP   
  7200                                                      INTERVAL            
    13                                                      # OF MAPS IN FILE   
  NONE                                                      MAPPING FUNCTION    
10.0                                                        ELEVATION CUTOFF    
One-way carrier phase leveled to code                       OBSERVABLES USED    
  6371.0                                                    BASE RADIUS         
 2                                                          MAP DIMENSION       
   450.0 450.0   0.0                                        HGT1 / HGT2 / DHGT  
    87.5 -87.5  -2.5                                        LAT1 / LAT2 / DLAT  
  -180.0 180.0   5.0                                        LON1 / LON2 / DLON  
    -1                                                      EXPONENT            
                                                            END OF HEADER       
[from data line 2145]
     6                                                      START OF TEC MAP    
  2015     2    20    10     0     0                        EPOCH OF CURRENT MAP
    87.5-180.0 180.0   5.0 450.0                            LAT/LON1/LON2/DLON/H
   64   93   89   92   89   89   87   88   89   91   93   95   97  100  100  100
   99   99   97   96   93   93   90   89   87   86   85   83   83   81   81   78
   79   78   79   77   78   77   79   78   79   80   81   81   81   82   81   81
   79   81   79   79   77   78   76   78   76   78   76   78   77   78   78   80
   81   82   83   85   86   87   87   83   64                                   
    85.0-180.0 180.0   5.0 450.0                            LAT/LON1/LON2/DLON/H
   85   80   88   86   88   83   88   85   89   87   92   91   94   93   95   93
   94   92   94   91   94   91   94   91   94   93   95   95   97   97   99  100
  101  102  104  105  105  106  106  106  105  104  104  103  101   98   98   94
   93   89   87   82   80   76   75   71   70   68   67   66   67   67   67   68
   70   71   75   75   80   81   94   95   85                                   
    82.5-180.0 180.0   5.0 450.0                            LAT/LON1/LON2/DLON/H
   78   84   91   94   92   89   93   92   96   92   96   92   94   89   90   85
   85   81   81   79   79   78   78   79   79   83   84   88   92   96  100  103
  108  111  114  117  119  121  121  123  122  121  120  118  115  112  109  104
  100   95   91   86   80   76   69   67   59   59   52   54   50   53   50   54
   54   59   63   68   72   77   87   94   78                                   
    80.0-180.0 180.0   5.0 450.0                            LAT/LON1/LON2/DLON/H
   80   85   92   92   90   90   90   91   91   87   88   83   81   76   74   69
   68   63   63   60   60   58   58   59   61   65   68   72   77   83   89   95
  102  108  114  118  122  125  127  128  129  129  130  128  128  125  125  120
  118  111  108   99   95   86   81   71   65   58   53   50   46   45   44   46
   48   53   57   64   67   72   83   92   80                                   
    77.5-180.0 180.0   5.0 450.0                            LAT/LON1/LON2/DLON/H
   83   82   88   94   88   88   88   87   85   80   80   75   70   65   60   58
   54   53   50   50   48   49   48   51   53   58   63   68   74   81   88   96
  105  112  121  126  132  135  139  139  143  141  146  144  147  146  147  144
  144  139  137  129  125  115  109   97   90   78   72   65   61   56   55   53
   56   57   63   65   72   74   83   83   83                                   
    75.0-180.0 180.0   5.0 450.0                            LAT/LON1/LON2/DLON/H
   80   82   86   90   85   85   83   81   78   72   70   64   59   53   50   47
   43   44   42   43   42   45   46   49   50   56   59   65   71   80   87   95
  105  113  124  128  138  140  147  147  153  155  161  163  167  171  174  176
  176  175  173  165  158  148  139  127  118  106   96   86   77   72   68   64
   64   65   67   73   73   80   83   85   80                                   
    72.5-180.0 180.0   5.0 450.0                            LAT/LON1/LON2/DLON/H
   80   79   81   88   84   84   79   79   74   70   66   61   54   51   46   46
   45   46   47   48   50   52   54   55   57   60   63   68   74   83   90  101
  109  121  128  138  144  154  156  163  166  174  177  186  190  200  206  214
  217  217  215  208  200  188  178  167  154  141  128  114  102   92   84   79
   77   74   77   76   79   81   84   78   80                                   
    70.0-180.0 180.0   5.0 450.0                            LAT/LON1/LON2/DLON/H
   70   75   76   82   79   80   78   76   73   67   61   57   51   48   45   46
   45   49   51   55   57   59   61   62   63   65   67   70   75   83   92  101
  114  124  136  142  154  159  166  169  178  184  195  200  214  222  237  242
  247  248  248  242  235  225  214  203  189  173  158  143  127  116  102   95
   85   82   79   80   76   81   79   75   70                                   
    67.5-180.0 180.0   5.0 450.0                            LAT/LON1/LON2/DLON/H
   63   68   66   75   72   76   75   76   70   68   59   55   48   47   45   48
   50   55   60   63   67   70   72   72   71   70   69   72   74   84   90  105
  115  132  141  156  161  173  176  186  189  202  210  222  235  248  261  264
  269  265  268  260  254  242  234  221  209  194  176  161  143  129  114  103
   91   84   79   75   74   74   76   62   63                                   
    65.0-180.0 180.0   5.0 450.0                            LAT/LON1/LON2/DLON/H
   54   57   56   62   64   69   69   71   67   64   58   55   49   49   47   51
   53   60   63   71   73   79   79   81   77   77   73   74   76   81   89  101
  114  129  141  153  161  170  176  183  193  203  217  228  246  258  272  276
  278  276  277  270  264  252  244  230  220  204  190  170  155  136  119  106
   91   83   73   72   67   68   68   56   54                                   
    62.5-180.0 180.0   5.0 450.0                            LAT/LON1/LON2/DLON/H
   46   49   44   53   54   60   62   67   64   64   56   56   48   51   48   53
   55   60   65   70   74   78   78   79   76   73   68   68   68   74   81   95
  108  125  137  152  161  171  178  188  197  211  226  240  254  268  278  282
  282  280  278  273  264  253  241  232  219  207  189  174  154  136  117  101
   87   76   68   62   61   58   59   49   46                                   
    60.0-180.0 180.0   5.0 450.0                            LAT/LON1/LON2/DLON/H
   45   40   36   40   43   52   54   60   59   61   56   55   49   50   49   51
   54   56   60   65   69   74   74   75   73   71   67   66   66   70   78   92
  107  126  141  158  169  179  188  194  209  219  236  247  261  273  280  284
  283  280  278  271  264  252  244  233  225  210  197  177  159  141  118  102
   85   74   64   61   57   57   56   48   45                                   
    57.5-180.0 180.0   5.0 450.0                            LAT/LON1/LON2/DLON/H
   49   44   35   38   38   44   46   53   51   55   50   52   45   49   45   49
   47   51   52   57   59   64   64   66   65   64   63   61   64   70   79   94
  110  131  149  167  180  192  202  213  226  239  250  263  275  284  287  289
  286  284  279  273  263  252  242  234  227  215  201  184  166  146  125  106
   88   75   67   61   61   58   60   52   49                                   
    55.0-180.0 180.0   5.0 450.0                            LAT/LON1/LON2/DLON/H
   64   51   42   38   37   42   43   48   47   50   48   51   47   47   46   46
   46   44   46   47   49   53   52   58   55   59   57   63   64   75   83  100
  116  142  159  181  195  212  224  236  250  261  272  284  290  297  296  298
  296  293  289  282  273  263  255  248  242  229  216  200  181  164  140  121
  100   88   78   78   75   74   74   65   64                                   
    52.5-180.0 180.0   5.0 450.0                            LAT/LON1/LON2/DLON/H
   80   71   55   50   42   43   39   43   41   45   43   47   43   46   40   44
   40   42   40   43   43   46   47   52   53   56   59   63   72   81   94  109
  128  151  170  191  212  228  245  259  272  284  295  304  310  312  312  312
  311  309  305  298  291  278  273  265  259  248  234  217  202  182  162  141
  122  108   99   97   97   95   96   85   80                                   
    50.0-180.0 180.0   5.0 450.0                            LAT/LON1/LON2/DLON/H
  102   86   74   63   53   49   44   45   42   45   44   49   47   48   46   45
   44   42   43   43   44   45   47   52   53   61   63   75   80   94  103  124
  142  167  183  208  227  247  264  281  293  308  315  327  327  329  324  325
  324  324  321  315  309  299  292  285  277  268  250  240  221  207  183  166
  144  132  120  122  120  120  116  106  102                                   
    47.5-180.0 180.0   5.0 450.0                            LAT/LON1/LON2/DLON/H
  120  105   90   80   65   60   51   49   44   46   45   51   48   52   48   50
   46   49   49   51   50   52   52   56   60   66   73   81   92  103  117  134
  152  172  191  215  238  259  277  293  307  320  332  338  342  338  336  334
  336  337  336  330  324  313  307  298  289  277  261  248  236  220  201  182
  162  149  140  136  136  135  134  124  120                                   
    45.0-180.0 180.0   5.0 450.0                            LAT/LON1/LON2/DLON/H
  135  114  102   91   81   74   64   61   54   56   55   59   60   62   61   60
   60   61   64   65   66   66   67   69   72   79   84   96  103  117  129  148
  163  184  203  229  251  271  289  307  320  336  346  355  354  351  345  345
  345  348  347  340  333  322  313  305  295  283  264  256  238  230  208  191
  168  157  143  143  139  141  138  133  135                                   
    42.5-180.0 180.0   5.0 450.0                            LAT/LON1/LON2/DLON/H
  138  119  106  100   89   86   78   75   67   65   64   68   67   70   68   69
   70   74   79   81   82   81   79   80   82   86   92  100  109  121  134  150
  165  185  209  236  259  280  295  311  325  342  355  362  364  358  355  351
  353  353  350  342  332  319  307  297  286  274  259  247  236  223  205  187
  166  153  140  136  133  131  131  128  138                                   
    40.0-180.0 180.0   5.0 450.0                            LAT/LON1/LON2/DLON/H
  131  114  106  102   97   98   93   92   84   82   79   81   82   81   81   81
   85   88   94   96   96   94   92   91   91   93   99  107  116  129  140  155
  171  192  217  243  268  287  303  318  331  348  361  371  372  368  362  358
  357  355  350  341  329  317  302  293  280  269  252  241  227  216  196  176
  156  144  128  124  117  115  115  112  131                                   
    37.5-180.0 180.0   5.0 450.0                            LAT/LON1/LON2/DLON/H
  115  106   97  100   97  102  102  103   98   95   92   91   90   89   89   90
   94   98  104  104  105  101   97   94   91   92   98  107  115  126  136  152
  167  190  216  244  270  292  307  321  334  353  367  378  382  378  375  368
  365  359  351  341  328  314  299  287  275  264  251  237  225  209  190  169
  152  136  121  111  103   95   95   92  115                                   
    35.0-180.0 180.0   5.0 450.0                            LAT/LON1/LON2/DLON/H
   97   90   88   88   95  102  108  109  107  105  102  100  100   98   98   98
  103  105  110  109  109  103  100   95   93   93  101  109  120  131  142  159
  176  202  226  258  282  307  323  338  350  366  381  394  400  399  396  389
  384  377  368  359  345  334  316  307  293  282  269  254  241  222  202  179
  160  145  126  114  101   89   85   77   97                                   
    32.5-180.0 180.0   5.0 450.0                            LAT/LON1/LON2/DLON/H
   85   84   74   81   85   97  101  106  107  105  104  103  102  101  102  102
  106  108  109  109  106  101   96   92   90   92  100  113  123  136  145  163
  182  208  236  274  303  331  342  360  366  385  397  414  424  426  428  423
  420  411  404  395  384  372  356  345  333  324  308  293  275  254  236  212
  194  175  156  136  118   95   88   71   85                                   
    30.0-180.0 180.0   5.0 450.0                            LAT/LON1/LON2/DLON/H
   83   77   70   71   81   89   98  100  103  100  102  101  104  103  106  106
  111  108  111  105  105   99   97   92   92   93  105  119  137  153  169  189
  208  237  262  307  335  366  380  397  403  417  431  448  461  469  472  473
  470  466  457  451  442  434  419  411  400  390  375  360  340  315  292  269
  251  232  209  184  159  133  116   88   83                                   
    27.5-180.0 180.0   5.0 450.0                            LAT/LON1/LON2/DLON/H
  102   99   79   79   80   86   89   93   94   93   95   98  100  102  106  107
  111  109  107  104  100   97   94   92   91   95  108  125  146  168  191  216
  238  268  297  345  375  412  419  437  436  451  461  482  499  516  529  534
  541  539  539  534  525  515  502  492  480  469  455  440  421  397  370  346
  328  308  285  254  222  187  160  118  102                                   
    25.0-180.0 180.0   5.0 450.0                            LAT/LON1/LON2/DLON/H
  137  125  103   85   88   85   90   87   92   88   94   93  101  100  106  105
  111  106  106   99   99   96   99   96  100  105  123  143  173  197  221  245
  271  297  327  378  418  447  461  470  472  484  498  524  547  572  590  604
  614  623  624  625  618  613  601  595  582  572  553  538  513  485  456  438
  419  405  381  342  299  260  223  183  137                                   
    22.5-180.0 180.0   5.0 450.0                            LAT/LON1/LON2/DLON/H
  196  182  152  127  112  106   97   95   93   89   92   92   96   98  101  102
  107  105  102   98   96   98   99   99  104  113  136  159  189  216  247  273
  301  324  362  411  453  476  491  498  501  512  528  558  586  617  644  664
  685  691  696  695  692  688  681  677  666  655  642  626  606  584  561  542
  521  504  478  439  389  336  299  250  196                                   
    20.0-180.0 180.0   5.0 450.0                            LAT/LON1/LON2/DLON/H
  270  247  215  179  156  133  124  107  105   93   98   93   98   94  103   97
  105   96  101   93   97   98  105  105  115  126  151  178  209  248  274  306
  330  362  395  444  481  508  521  529  531  546  563  594  622  656  684  710
  723  741  745  755  753  755  749  747  736  731  722  705  688  659  634  611
  594  578  554  510  467  430  381  340  270                                   
    17.5-180.0 180.0   5.0 450.0                            LAT/LON1/LON2/DLON/H
  344  318  280  242  219  193  161  145  132  121  115  109  105  101  100   99
  100   98   96   94   96  100  109  109  123  131  159  185  233  270  303  329
  364  393  439  475  512  533  549  551  555  571  590  624  655  685  714  731
  749  763  774  782  788  795  794  792  785  784  770  755  732  706  675  651
  633  619  600  562  519  476  448  413  344                                   
    15.0-180.0 180.0   5.0 450.0                            LAT/LON1/LON2/DLON/H
  396  368  328  292  274  244  218  192  172  142  140  118  113  102  102   97
  102   98  101   94  101  104  112  116  127  134  158  200  246  286  315  348
  385  424  458  495  527  553  569  576  585  601  620  650  679  702  724  741
  751  771  779  791  799  809  808  812  805  802  786  767  743  713  681  655
  634  618  605  572  539  503  477  456  396                                   
    12.5-180.0 180.0   5.0 450.0                            LAT/LON1/LON2/DLON/H
  419  402  370  342  317  289  262  242  216  189  170  149  132  116  103  105
  103  105  101  104  109  110  120  118  126  129  164  209  262  290  327  360
  403  439  475  507  539  564  586  596  608  627  645  671  697  720  733  741
  751  763  772  781  792  799  799  800  796  788  774  756  730  699  660  628
  606  584  573  542  524  497  484  468  419                                   
    10.0-180.0 180.0   5.0 450.0                            LAT/LON1/LON2/DLON/H
  422  395  374  351  342  315  291  267  257  226  200  170  152  128  116  110
  110  105  105  108  116  119  121  116  120  134  172  227  272  303  340  368
  411  440  480  505  541  567  591  602  619  631  654  672  700  715  727  735
  736  747  750  764  771  778  777  781  774  765  749  730  703  667  618  575
  544  520  507  486  480  464  478  457  422                                   
     7.5-180.0 180.0   5.0 450.0                            LAT/LON1/LON2/DLON/H
  411  393  377  370  357  338  313  293  278  254  226  197  175  149  135  126
  115  112  107  107  114  119  124  120  125  144  192  241  288  311  348  373
