data/unet/pred3050.15i
     1.0            IONOSPHERE MAPS     GNSS                IONEX VERSION / TYPE
pyspatialgeodesy        IME             05-JAN-18 20:20     PGM / RUN BY / DATE 
Map Name                                                    COMMENT             
Predicted global ionosphere maps (GIM).                     DESCRIPTION         
  2015    11     1     0     0     0                        EPOCH OF FIRST MAP  
  2015    11     2     0     0     0                        EPOCH OF LAST MAP   
  7200                                                      INTERVAL            
    13                                                      # OF MAPS IN FILE   
  NONE                                                      MAPPING FUNCTION    
10.0                                                        ELEVATION CUTOFF    
One-way carrier phase leveled to code                       OBSERVABLES USED    
  6371.0                                                    BASE RADIUS         
 2                                                          MAP DIMENSION       
   450.0 450.0   0.0                                        HGT1 / HGT2 / DHGT  
    87.5 -87.5  -2.5                                        LAT1 / LAT2 / DLAT  
  -180.0 180.0   5.0                                        LON1 / LON2 / DLON  
    -1                                                      EXPONENT            
                                                            END OF HEADER       
[from data line 2574]
     7                                                      START OF TEC MAP    
  2015    11     1    12     0     0                        EPOCH OF CURRENT MAP
    87.5-180.0 180.0   5.0 450.0                            LAT/LON1/LON2/DLON/H
   61   77   74   74   70   74   72   77   75   81   78   84   80   87   83   90
   86   92   88   93   89   94   89   94   88   93   87   90   84   86   81   82
   76   78   72   73   68   69   64   65   61   62   58   59   55   57   53   55
   52   54   51   53   51   54   51   55   53   56   54   58   57   59   59   61
   61   64   65   66   67   66   78   65   61                                   
    85.0-180.0 180.0   5.0 450.0                            LAT/LON1/LON2/DLON/H
   74   69   72   70   73   75   77   80   82   86   87   89   91   93   94   94
   95   95   96   95   97   96   98   96   98   97   98   96   96   94   93   90
   89   87   85   82   79   77   74   71   69   65   63   60   58   55   53   51
   49   47   46   45   45   44   45   45   46   46   46   47   48   49   50   52
   52   55   57   59   60   64   69   66   74                                   
    82.5-180.0 180.0   5.0 450.0                            LAT/LON1/LON2/DLON/H
   67   66   62   61   63   65   70   72   78   79   85   83   90   87   93   89
   96   91   97   92   99   94  101   96  101   97  101   97  100   95   97   91
   91   86   85   80   77   75   69   69   61   62   54   54   46   47   40   41
   35   36   32   34   32   34   32   35   33   37   34   38   36   40   38   41
   40   43   43   45   47   47   49   48   67                                   
    80.0-180.0 180.0   5.0 450.0                            LAT/LON1/LON2/DLON/H
   62   54   52   48   57   54   62   62   69   70   77   77   83   82   89   86
   92   88   94   89   96   91   99   95  102   98  105  102  107  103  106  101
  101   96   94   90   87   83   81   76   72   66   64   58   55   49   47   43
   41   38   37   36   36   36   36   37   38   38   40   39   42   39   43   40
   43   40   43   40   44   40   45   46   62                                   
    77.5-180.0 180.0   5.0 450.0                            LAT/LON1/LON2/DLON/H
   54   47   43   38   43   45   51   54   60   63   68   71   74   76   78   81
   81   85   86   88   88   91   93   94   97  100  103  106  108  111  110  110
  107  106  103   99   95   93   89   86   82   79   75   71   66   63   58   56
   51   49   46   46   44   45   45   46   47   47   48   48   49   48   49   47
   48   45   46   40   42   37   41   41   54                                   
    75.0-180.0 180.0   5.0 450.0                            LAT/LON1/LON2/DLON/H
   46   34   37   30   39   37   46   45   53   54   60   62   65   67   68   71
   70   72   71   74   72   77   76   82   85   92   98  104  109  115  117  119
  118  118  116  114  111  110  108  105  104  101   99   94   90   85   81   76
   73   68   65   62   60   60   60   60   59   60   60   60   59   58   58   55
   55   51   52   46   45   39   41   40   46                                   
    72.5-180.0 180.0   5.0 450.0                            LAT/LON1/LON2/DLON/H
   43   34   30   28   30   34   37   42   47   51   56   58   61   63   64   65
   64   65   64   65   65   70   70   79   81   92   97  108  114  124  127  132
  133  136  133  133  129  130  126  126  123  124  120  118  113  110  103   99
   94   90   85   80   78   74   72   69   70   67   68   66   67   65   66   63
   62   58   56   50   48   40   41   43   43                                   
    70.0-180.0 180.0   5.0 450.0                            LAT/LON1/LON2/DLON/H
   41   29   34   24   32   30   40   37   47   45   54   53   57   57   58   59
   58   57   58   58   60   61   65   71   79   86   97  106  118  127  137  143
  148  151  151  151  149  148  146  146  145  146  143  142  136  134  126  121
  112  108  100   96   90   85   81   76   73   70   68   67   66   65   66   64
   64   60   59   53   50   45   43   44   41                                   
    67.5-180.0 180.0   5.0 450.0                            LAT/LON1/LON2/DLON/H
   42   31   32   25   30   29   36   36   43   42   50   48   55   53   56   55
   56   55   57   56   59   62   66   72   79   88  100  110  124  134  145  152
  158  160  161  161  160  161  160  161  160  162  161  160  158  152  147  137
  127  118  109  101   92   85   78   72   69   64   64   61   62   61   63   61
   62   60   60   53   50   44   43   48   42                                   
    65.0-180.0 180.0   5.0 450.0                            LAT/LON1/LON2/DLON/H
   43   30   33   27   32   32   38   35   42   40   46   46   48   51   50   53
   52   52   54   55   58   63   68   75   84   91  105  115  127  137  149  159
  163  168  168  171  171  172  173  176  175  177  174  175  169  167  156  148
  132  123  108  100   86   78   68   62   56   53   50   50   49   50   53   53
   56   55   56   52   49   46   44   47   43                                   
    62.5-180.0 180.0   5.0 450.0                            LAT/LON1/LON2/DLON/H
   43   34   33   29   31   29   35   32   38   35   42   41   47   46   50   49
   50   51   52   54   55   63   69   79   87   96  107  119  132  141  153  160
  169  169  173  172  175  174  177  181  183  183  183  181  179  172  163  149
  134  120  106   93   80   69   58   52   46   43   40   39   39   41   44   45
   49   49   53   49   48   43   43   49   43                                   
    60.0-180.0 180.0   5.0 450.0                            LAT/LON1/LON2/DLON/H
   46   32   32   28   30   31   32   31   33   32   33   36   38   42   41   46
   46   48   47   50   51   63   68   81   89  100  110  123  134  145  154  164
  170  176  177  181  182  183  184  189  187  190  185  188  181  175  163  149
  133  119  103   90   75   63   52   46   38   35   32   33   33   35   38   40
   44   46   50   49   49   46   46   49   46                                   
    57.5-180.0 180.0   5.0 450.0                            LAT/LON1/LON2/DLON/H
   49   42   35   32   32   28   30   27   29   25   28   28   33   34   39   39
   42   42   45   47   52   61   71   85   92  105  114  127  137  148  159  167
  175  180  184  186  188  187  189  191  191  190  191  189  187  177  168  152
  138  122  107   93   79   67   55   49   43   40   36   37   37   39   41   43
   46   48   52   52   54   50   49   55   49                                   
    55.0-180.0 180.0   5.0 450.0                            LAT/LON1/LON2/DLON/H
   60   46   40   37   35   34   33   30   28   25   23   25   25   30   29   34
   33   36   37   43   48   63   73   90   96  111  116  132  139  153  161  174
  179  191  193  200  197  200  195  199  194  200  197  199  193  186  174  161
  148  132  116  103   89   78   66   60   52   52   49   50   49   51   51   52
   53   55   57   58   60   60   60   62   60                                   
    52.5-180.0 180.0   5.0 450.0                            LAT/LON1/LON2/DLON/H
   72   63   50   48   43   40   38   34   31   26   25   24   25   27   29   30
   32   33   38   44   53   67   80   96  106  118  125  138  145  158  167  178
  187  198  204  206  207  204  203  201  203  205  207  204  203  193  187  173
  161  146  134  120  108   97   87   81   75   73   69   70   69   70   69   68
   68   67   69   70   74   70   71   80   72                                   
    50.0-180.0 180.0   5.0 450.0                            LAT/LON1/LON2/DLON/H
   89   77   65   62   59   58   54   49   44   38   33   31   28   31   29   32
   30   35   37   46   56   75   88  105  113  127  132  144  150  161  170  183
  194  209  214  221  218  219  213  216  213  217  216  216  213  208  200  189
  178  165  152  140  127  117  107  103   97   96   94   94   94   94   92   89
   84   84   82   85   86   88   89   95   89                                   
    47.5-180.0 180.0   5.0 450.0                            LAT/LON1/LON2/DLON/H
  105   97   83   80   74   73   69   66   60   53   47   43   40   39   39   39
   39   42   46   57   68   86  100  114  124  135  143  152  157  166  173  182
  196  208  218  222  225  223  224  221  224  223  226  222  223  215  213  200
  192  180  170  157  146  136  126  121  116  112  110  112  111  112  109  105
  102   97   96   97  100   97  104  114  105                                   
    45.0-180.0 180.0   5.0 450.0                            LAT/LON1/LON2/DLON/H
  117  111   97   93   93   90   91   86   83   74   69   61   58   54   52   50
   49   52   56   68   79   98  108  123  130  142  148  157  162  170  175  184
  196  211  221  231  234  238  236  237  234  236  234  233  229  225  222  213
  203  191  179  167  154  142  132  126  120  118  116  117  118  120  118  115
  109  107  102  104  106  109  114  125  117                                   
    42.5-180.0 180.0   5.0 450.0                            LAT/LON1/LON2/DLON/H
  121  118  105  105  101  101  102  101   98   92   86   80   76   71   69   66
   64   66   71   84   95  110  119  130  137  147  155  162  167  170  174  179
  190  202  216  227  237  241  245  243  245  242  242  236  235  229  227  215
  206  192  184  170  155  143  129  121  115  111  110  113  114  117  115  112
  109  104  104  103  105  104  117  130  121                                   
    40.0-180.0 180.0   5.0 450.0                            LAT/LON1/LON2/DLON/H
  118  116  106  106  110  108  113  110  113  107  105   97   95   88   87   81
   80   81   86   99  110  123  129  137  143  153  159  167  169  173  173  179
  188  202  217  233  243  254  256  259  255  255  249  246  240  236  232  221
  209  196  186  170  154  137  124  114  107  103  102  106  107  110  107  106
  101  100   96   97   97  100  109  122  118                                   
    37.5-180.0 180.0   5.0 450.0                            LAT/LON1/LON2/DLON/H
  109  105   95  100  100  104  107  111  114  114  114  111  110  105  103   97
   94   94   99  111  122  131  136  140  144  154  163  170  172  173  171  176
  183  197  215  234  250  262  271  273  271  267  262  255  250  244  238  225
  218  202  193  175  160  141  125  113  107  103  103  105  105  106  102   98
   96   92   90   87   87   87   95  110  109                                   
    35.0-180.0 180.0   5.0 450.0                            LAT/LON1/LON2/DLON/H
   97   90   82   86   94   96  104  106  114  113  120  115  120  114  116  107
  106  105  111  120  131  137  141  143  146  157  166  177  177  180  176  184
  191  209  230  254  269  287  294  300  293  292  280  277  269  264  258  249
  240  230  218  203  185  165  144  132  121  116  114  115  113  111  104  100
   93   91   86   83   79   79   86   91   97                                   
    32.5-180.0 180.0   5.0 450.0                            LAT/LON1/LON2/DLON/H
   87   77   69   77   78   85   89   97  102  107  114  118  123  121  122  114
  111  108  112  123  134  141  143  145  146  159  168  179  183  186  185  194
  202  225  250  274  297  311  322  325  323  320  311  308  300  296  287  281
  272  268  260  244  230  207  188  170  159  151  149  145  140  133  124  114
  106  100   94   87   79   74   75   79   87                                   
    30.0-180.0 180.0   5.0 450.0                            LAT/LON1/LON2/DLON/H
   86   69   57   62   69   72   79   83   93   98  109  111  119  118  121  115
  111  110  113  125  137  145  147  149  150  164  173  190  193  203  203  218
  230  259  285  314  331  347  354  361  355  356  349  352  347  347  341  337
  329  328  318  310  291  268  245  227  213  203  197  189  181  169  157  145
  132  124  113  107   91   84   81   64   86                                   
    27.5-180.0 180.0   5.0 450.0                            LAT/LON1/LON2/DLON/H
   83   64   52   57   57   65   67   75   81   90   98  105  113  113  117  111
  107  104  110  122  136  147  149  154  154  168  181  196  206  217  224  243
  264  294  322  345  365  376  387  391  395  397  397  403  405  410  408  408
  404  404  398  391  377  351  330  306  293  276  265  245  232  215  202  186
  175  164  153  142  122  104   92   70   83                                   
    25.0-180.0 180.0   5.0 450.0                            LAT/LON1/LON2/DLON/H
   82   65   46   48   51   53   59   62   71   78   89   94  104  104  107  102
   98  101  105  121  137  152  155  162  164  177  188  209  218  237  250  277
  306  337  362  383  394  409  416  427  431  440  445  456  463  472  475  478
  475  476  470  462  449  425  405  385  370  354  333  314  291  266  243  228
  218  214  200  187  158  137  120   79   82                                   
    22.5-180.0 180.0   5.0 450.0                            LAT/LON1/LON2/DLON/H
   89   91   73   63   57   58   56   61   63   71   79   87   92   96   97   95
   93   93  101  119  137  153  158  167  169  180  195  213  230  250  273  306
  342  366  393  407  419  430  443  454  468  477  488  507  518  535  536  545
  539  542  533  528  512  493  473  450  432  413  394  371  349  322  298  278
  263  253  239  218  196  169  151   98   89                                   
    20.0-180.0 180.0   5.0 450.0                            LAT/LON1/LON2/DLON/H
  119  105   93   92   81   73   69   61   62   60   68   73   82   83   86   83
   83   86   95  118  136  155  164  172  176  187  199  220  239  265  295  331
  366  389  415  430  435  451  458  474  491  506  530  545  569  582  595  598
  599  593  589  576  562  539  516  487  460  444  420  402  382  360  333  311
  292  282  267  249  225  201  174  131  119                                   
    17.5-180.0 180.0   5.0 450.0                            LAT/LON1/LON2/DLON/H
  149  136  124  116  111   98   88   78   69   63   63   66   71   75   75   76
   77   84   95  117  136  155  163  172  178  190  205  224  250  277  312  348
  388  409  433  441  447  459  472  488  511  531  554  575  593  618  619  631
  621  622  609  601  580  560  528  492  461  436  416  402  386  371  347  326
  311  299  287  272  251  228  207  166  149                                   
    15.0-180.0 180.0   5.0 450.0                            LAT/LON1/LON2/DLON/H
  178  161  147  136  125  119  104   89   78   66   64   59   65   64   69   66
   72   79   96  118  137  154  164  176  182  196  211  233  259  292  330  364
  401  420  442  449  452  468  476  501  523  544  571  588  616  632  641  643
  638  630  619  605  583  557  519  481  435  411  391  379  372  355  338  322
  304  297  287  278  260  240  218  195  178                                   
    12.5-180.0 180.0   5.0 450.0                            LAT/LON1/LON2/DLON/H
  182  176  161  152  137  127  112   96   86   74   67   61   62   61   64   66
   72   87  107  128  145  159  169  181  192  208  227  248  277  306  345  379
  414  431  448  451  459  469  485  506  530  554  574  596  613  631  629  633
  619  610  593  581  557  533  492  448  402  367  350  339  335  323  312  297
  285  276  271  267  251  240  228  212  182                                   
    10.0-180.0 180.0   5.0 450.0                            LAT/LON1/LON2/DLON/H
  179  176  164  152  143  127  117   98   90   76   69   61   64   59   62   63
   75   90  113  134  153  165  173  189  203  224  243  268  295  326  357  389
  416  438  448  457  459  476  487  515  536  559  580  595  611  618  620  614
  599  585  568  555  529  506  460  415  367  335  315  307  304  297  286  273
  259  253  247  247  238  234  218  217  179                                   
     7.5-180.0 180.0   5.0 450.0                            LAT/LON1/LON2/DLON/H
  174  179  161  151  147  129  119  102   92   83   73   70   67   64   63   66
   77   98  123  151  168  181  190  205  221  244  269  292  316  344  372  400
