data/unet/pred0100.15i
     1.0            IONOSPHERE MAPS     GNSS                IONEX VERSION / TYPE
pyspatialgeodesy        IME             05-JAN-18 20:20     PGM / RUN BY / DATE 
Map Name                                                    COMMENT             
Predicted global ionosphere maps (GIM).                     DESCRIPTION         
  2015     1    10     0     0     0                        EPOCH OF FIRST MAP  
  2015     1    11     0     0     0                        EPOCH OF LAST MAP   
  7200                                                      INTERVAL            
    13                                                      # OF MAPS IN FILE   
  NONE                                                      MAPPING FUNCTION    
10.0                                                        ELEVATION CUTOFF    
One-way carrier phase leveled to code                       OBSERVABLES USED    
  6371.0                                                    BASE RADIUS         
 2                                                          MAP DIMENSION       
   450.0 450.0   0.0                                        HGT1 / HGT2 / DHGT  
    87.5 -87.5  -2.5                                        LAT1 / LAT2 / DLAT  
  -180.0 180.0   5.0                                        LON1 / LON2 / DLON  
    -1                                                      EXPONENT            
                                                            END OF HEADER       
[from data line 2145]
     6                                                      START OF TEC MAP    
  2015     1    10    10     0     0                        EPOCH OF CURRENT MAP
    87.5-180.0 180.0   5.0 450.0                            LAT/LON1/LON2/DLON/H
   60   83   74   72   72   71   73   72   73   73   73   73   73   73   73   72
   72   71   71   69   70   68   69   66   68   66   67   65   67   66   67   66
   67   66   67   66   66   66   65   64   63   63   61   61   59   59   58   57
   56   56   55   54   54   53   53   52   52   50   52   50   53   50   54   52
   56   55   60   60   65   60   64   56   60                                   
    85.0-180.0 180.0   5.0 450.0                            LAT/LON1/LON2/DLON/H
   87   82   88   88   89   85   90   87   91   88   91   88   91   88   91   87
   90   86   89   85   87   84   86   83   86   84   86   84   86   84   86   84
   85   83   83   81   81   79   77   76   72   71   66   65   60   60   54   54
   50   50   48   47   48   47   49   47   51   48   54   51   58   55   62   60
   68   65   73   69   76   77   80   72   87                                   
    82.5-180.0 180.0   5.0 450.0                            LAT/LON1/LON2/DLON/H
   78   87   86   87   83   83   83   85   83   85   82   83   81   82   79   80
   78   79   77   78   78   78   78   78   78   79   79   79   79   80   80   81
   80   81   80   81   79   80   76   76   70   69   62   60   53   50   44   42
   37   36   32   33   30   32   30   32   34   35   38   39   44   44   50   51
   57   59   64   65   69   72   75   65   78                                   
    80.0-180.0 180.0   5.0 450.0                            LAT/LON1/LON2/DLON/H
   77   78   78   79   75   77   75   77   74   75   71   73   69   69   65   66
   63   64   61   63   60   63   61   64   63   66   66   69   69   72   72   76
   77   79   81   83   84   87   85   85   81   78   72   66   60   53   47   41
   36   32   28   26   23   24   22   24   23   26   27   31   34   37   41   45
   48   51   55   56   59   61   66   62   77                                   
    77.5-180.0 180.0   5.0 450.0                            LAT/LON1/LON2/DLON/H
   69   73   74   75   74   75   74   76   72   72   67   66   61   59   55   53
   50   48   48   46   48   47   50   51   53   54   58   59   62   63   68   68
   75   78   85   89   95   98  101  101  100   97   93   87   79   71   64   55
   49   43   38   35   31   29   27   27   27   28   30   31   34   37   41   44
   47   50   52   55   56   58   62   51   69                                   
    75.0-180.0 180.0   5.0 450.0                            LAT/LON1/LON2/DLON/H
   66   64   66   68   66   67   65   66   61   60   53   53   46   44   37   37
   31   31   29   32   32   35   39   41   46   46   52   51   57   55   63   63
   73   76   88   94  103  108  114  117  118  117  114  110  101   94   84   76
   68   61   55   50   45   42   39   36   35   34   36   36   38   39   42   44
   46   48   50   50   52   55   59   49   66                                   
    72.5-180.0 180.0   5.0 450.0                            LAT/LON1/LON2/DLON/H
   62   66   64   66   66   65   66   63   61   56   52   47   41   36   31   26
   23   21   22   22   26   28   33   37   41   43   46   47   50   49   54   57
   67   73   89   98  111  118  129  132  137  137  138  137  132  126  117  108
   97   89   80   73   65   59   54   49   46   43   43   42   42   42   44   46
   48   48   51   50   50   50   56   44   62                                   
    70.0-180.0 180.0   5.0 450.0                            LAT/LON1/LON2/DLON/H
   65   63   63   66   66   66   65   62   59   53   47   42   35   31   24   21
   17   15   16   19   24   28   36   39   45   46   48   46   48   45   49   52
   62   71   87  103  118  130  142  149  155  159  162  162  161  156  148  137
  127  117  109  101   92   83   76   67   64   58   57   52   52   50   50   51
   52   52   52   51   50   52   55   46   65                                   
    67.5-180.0 180.0   5.0 450.0                            LAT/LON1/LON2/DLON/H
   63   67   65   68   68   68   69   67   63   58   52   47   41   34   29   24
   21   19   20   23   28   34   41   45   49   50   50   46   44   40   43   45
   56   66   86  103  124  138  154  163  173  178  184  189  188  185  177  169
  159  149  141  129  119  106   98   84   78   66   63   57   55   51   52   51
   53   51   53   51   50   49   56   44   63                                   
    65.0-180.0 180.0   5.0 450.0                            LAT/LON1/LON2/DLON/H
   65   66   65   69   69   72   72   71   67   64   57   54   46   42   35   33
   27   27   27   32   36   43   50   55   58   59   55   51   43   40   39   43
   51   67   86  110  132  151  165  178  187  200  204  212  214  211  206  199
  192  183  173  159  144  129  115  102   89   78   69   62   57   53   51   51
   50   52   50   52   49   52   56   48   65                                   
    62.5-180.0 180.0   5.0 450.0                            LAT/LON1/LON2/DLON/H
   60   66   62   66   66   68   69   70   67   66   62   61   55   51   47   44
   41   39   39   41   46   50   57   60   63   61   57   50   43   38   38   41
   52   67   89  111  139  155  172  184  201  209  221  225  229  227  223  218
  213  204  196  180  167  147  132  112  100   83   72   60   54   46   47   43
   45   44   47   48   48   48   56   45   60                                   
    60.0-180.0 180.0   5.0 450.0                            LAT/LON1/LON2/DLON/H
   60   56   57   59   59   63   65   65   66   66   64   64   60   59   54   54
   50   49   46   49   50   56   59   65   65   66   61   56   46   43   41   50
   58   76   96  122  145  165  180  199  211  225  231  241  243  245  240  235
  229  219  211  196  181  161  142  124  105   91   75   63   53   47   43   40
   40   41   42   48   45   50   52   44   60                                   
    57.5-180.0 180.0   5.0 450.0                            LAT/LON1/LON2/DLON/H
   53   54   49   49   47   50   52   56   56   61   60   64   61   63   61   60
   58   56   55   54   55   56   59   59   60   58   56   52   48   47   49   58
   69   86  107  127  150  167  191  204  224  230  244  250  253  253  253  245
  239  228  219  202  190  169  153  132  117   97   81   66   56   46   44   37
   39   37   42   45   48   49   54   37   53                                   
    55.0-180.0 180.0   5.0 450.0                            LAT/LON1/LON2/DLON/H
   53   43   41   37   35   38   41   45   49   52   56   60   61   63   62   64
   60   60   55   56   51   56   52   57   53   55   52   53   52   57   62   76
   87  108  124  145  162  185  204  222  238  246  254  261  260  265  260  257
  246  236  223  208  194  178  159  142  124  107   88   74   62   54   48   42
   41   40   42   48   48   53   53   40   53                                   
    52.5-180.0 180.0   5.0 450.0                            LAT/LON1/LON2/DLON/H
   51   47   37   32   27   29   29   36   37   46   46   54   55   59   59   60
   60   58   58   54   54   50   50   47   48   44   47   49   56   65   75   91
  106  124  142  159  181  200  223  233  252  257  265  267  273  274  271  263
  254  240  228  210  199  183  169  151  136  118  103   88   75   66   59   52
   50   48   50   53   55   57   59   38   51                                   
    50.0-180.0 180.0   5.0 450.0                            LAT/LON1/LON2/DLON/H
   55   44   39   31   27   30   28   32   36   40   46   50   54   56   56   59
   56   58   55   56   51   51   44   46   39   42   41   52   61   77   94  111
  128  145  159  178  195  216  235  251  263  267  269  274  277  280  273  269
  256  246  229  218  202  193  176  163  147  133  116  105   91   82   72   65
   58   56   54   60   60   65   62   47   55                                   
    47.5-180.0 180.0   5.0 450.0                            LAT/LON1/LON2/DLON/H
   62   57   47   42   35   37   32   35   34   39   41   47   48   51   51   52
   54   54   56   54   53   48   46   41   39   36   41   50   65   84  104  124
  140  155  171  188  209  229  247  261  271  274  276  277  281  279  279  269
  264  247  234  217  208  195  185  169  156  142  129  118  106   96   86   77
   68   63   61   63   63   66   69   52   62                                   
    45.0-180.0 180.0   5.0 450.0                            LAT/LON1/LON2/DLON/H
   72   66   63   57   53   54   47   46   43   44   47   49   52   53   52   54
   53   56   56   59   54   54   46   45   37   39   42   57   74   93  116  134
  152  167  182  202  223  243  262  272  281  280  279  282  281  283  278  276
  265  256  238  227  214  204  188  178  160  151  134  128  113  105   92   85
   71   67   61   64   64   71   74   67   72                                   
    42.5-180.0 180.0   5.0 450.0                            LAT/LON1/LON2/DLON/H
   83   83   79   80   74   74   65   61   53   51   50   54   55   55   54   53
   55   56   59   60   60   56   53   46   43   40   48   61   79   97  116  136
  153  170  188  210  237  259  275  283  289  288  286  284  286  283  285  275
  275  259  246  229  220  204  192  175  162  149  136  125  114  105   93   83
   71   64   59   58   60   66   73   75   83                                   
    40.0-180.0 180.0   5.0 450.0                            LAT/LON1/LON2/DLON/H
   86   89   94   96   95   94   84   78   68   64   62   65   66   65   62   61
   61   64   66   69   66   65   58   56   49   52   59   74   91  104  123  137
  158  173  198  224  257  276  293  298  304  300  297  296  294  295  292  291
  284  277  257  243  226  211  191  176  158  149  132  126  110  105   89   81
   64   57   48   49   51   60   68   76   86                                   
    37.5-180.0 180.0   5.0 450.0                            LAT/LON1/LON2/DLON/H
   88   94  100  110  108  109   98   91   79   73   70   72   74   72   72   68
   70   70   74   74   73   71   67   62   59   59   69   81   96  109  120  135
  152  173  200  234  268  290  307  312  318  315  315  311  312  308  311  303
  304  291  278  255  237  213  194  173  161  147  134  120  109   98   87   75
   63   53   47   46   50   56   64   76   88                                   
    35.0-180.0 180.0   5.0 450.0                            LAT/LON1/LON2/DLON/H
   85   89  102  109  115  114  107   99   88   83   80   84   86   86   84   81
   81   82   84   84   83   81   78   74   71   73   84   95  111  117  131  141
  161  180  213  250  287  306  324  330  336  335  336  338  336  338  334  335
  328  321  301  281  253  227  200  182  163  153  137  127  115  104   89   78
   65   61   54   55   55   58   63   74   85                                   
    32.5-180.0 180.0   5.0 450.0                            LAT/LON1/LON2/DLON/H
   81   87   92  105  108  111  106  100   90   85   82   87   90   91   92   88
   91   90   92   91   90   87   84   80   78   80   90  103  117  125  135  144
  164  187  222  264  301  324  341  350  361  366  370  373  375  373  373  366
  364  352  338  310  285  253  227  204  189  175  166  155  147  135  120  104
   90   83   78   78   79   74   71   73   81                                   
    30.0-180.0 180.0   5.0 450.0                            LAT/LON1/LON2/DLON/H
   81   82   89   93   99  101  100   96   91   87   87   93   97   98   98   97
   98   99  101   99   99   95   92   87   85   89  101  114  134  141  154  166
  188  213  245  290  325  350  365  382  394  406  415  425  427  429  422  419
  410  401  382  358  326  295  266  245  231  220  213  207  201  193  180  164
  149  142  130  125  113  106   91   89   81                                   
    27.5-180.0 180.0   5.0 450.0                            LAT/LON1/LON2/DLON/H
   90   91   85   88   90   93   93   91   89   86   86   91   95   97   98   97
  100  101  104  103  101   96   91   86   85   88  103  118  141  154  173  187
  213  234  276  319  354  383  398  417  435  452  472  485  494  491  490  477
  473  458  445  414  386  349  326  304  295  285  283  268  262  247  236  215
  209  197  196  186  167  148  121  105   90                                   
    25.0-180.0 180.0   5.0 450.0                            LAT/LON1/LON2/DLON/H
  107  103   93   86   85   87   88   88   87   87   89   91   97   96  100   97
  102  102  107  104  102   96   93   90   91   96  110  131  156  178  203  225
  246  276  310  350  392  410  433  456  482  504  529  544  554  554  547  537
  531  526  517  496  466  434  406  389  378  370  352  340  328  316  302  288
  273  270  253  242  227  197  165  139  107                                   
    22.5-180.0 180.0   5.0 450.0                            LAT/LON1/LON2/DLON/H
  137  134  113  100   93   90   93   90   95   90   92   91   93   93   92   93
   96   99  101  100   96   90   89   87   90   94  112  133  165  194  226  244
  270  289  336  371  417  429  448  481  514  548  576  593  611  609  603  591
  592  586  585  567  548  516  489  470  464  455  440  419  397  386  379  368
  355  341  321  298  281  246  223  184  137                                   
    20.0-180.0 180.0   5.0 450.0                            LAT/LON1/LON2/DLON/H
  177  166  145  125  113  104  101   96  103   94   95   91   96   88   92   85
   93   91   96   94   93   87   91   89   95  102  116  143  170  214  245  273
  288  315  355  390  429  436  468  502  544  576  610  629  652  653  651  643
  635  640  629  624  605  587  558  543  530  521  496  477  455  448  436  440
  429  414  385  363  333  299  276  244  177                                   
    17.5-180.0 180.0   5.0 450.0                            LAT/LON1/LON2/DLON/H
  232  217  187  165  141  130  121  116  116  108  101   94   92   86   83   78
   79   80   84   85   83   84   86   93  100  107  120  143  185  223  256  283
  307  324  371  395  432  443  474  510  552  587  620  643  664  670  674  669
  667  666  663  654  642  623  605  589  577  558  540  523  511  501  495  489
  478  461  436  405  385  351  328  302  232                                   
    15.0-180.0 180.0   5.0 450.0                            LAT/LON1/LON2/DLON/H
  275  262  236  210  183  158  148  138  134  116  108   95   94   82   83   70
   74   65   75   75   79   80   90   98  105  116  119  152  197  247  280  307
  327  352  386  415  442  453  494  527  570  601  632  648  669  674  680  682
  676  684  674  674  661  650  633  623  609  588  567  552  542  535  527  513
  496  475  446  416  395  373  359  344  275                                   
    12.5-180.0 180.0   5.0 450.0                            LAT/LON1/LON2/DLON/H
  306  298  280  257  225  203  179  170  161  141  127  111  102   92   85   75
   72   64   67   69   75   82   90  105  111  112  124  159  214  259  299  325
  359  376  413  427  452  469  504  536  574  604  630  643  654  662  667  672
  673  678  675  675  671  663  653  642  631  609  587  571  558  550  534  514
  493  468  436  405  393  385  389  371  306                                   
    10.0-180.0 180.0   5.0 450.0                            LAT/LON1/LON2/DLON/H
  314  314  302  289  269  244  222  202  187  161  144  123  113  100   95   85
   79   67   69   71   76   85   93  107  111  122  140  182  232  275  306  334
  362  386  417  439  463  482  518  543  582  604  628  637  645  650  655  660
  657  666  662  669  667  664  655  644  632  610  591  570  559  535  511  480
  456  415  389  363  356  355  382  371  314                                   
     7.5-180.0 180.0   5.0 450.0                            LAT/LON1/LON2/DLON/H
  310  317  314  305  284  265  243  228  211  188  168  143  130  111  100   89
   81   70   70   73   78   84   91  101  115  130  162  201  252  283  314  339
