data/unet/pred3460.15i
     1.0            IONOSPHERE MAPS     GNSS                IONEX VERSION / TYPE
pyspatialgeodesy        IME             05-JAN-18 20:20     PGM / RUN BY / DATE 
Map Name                                                    COMMENT             
Predicted global ionosphere maps (GIM).                     DESCRIPTION         
  2015    12    12     0     0     0                        EPOCH OF FIRST MAP  
  2015    12    13     0     0     0                        EPOCH OF LAST MAP   
  7200                                                      INTERVAL            
    13                                                      # OF MAPS IN FILE   
  NONE                                                      MAPPING FUNCTION    
10.0                                                        ELEVATION CUTOFF    
One-way carrier phase leveled to code                       OBSERVABLES USED    
  6371.0                                                    BASE RADIUS         
 2                                                          MAP DIMENSION       
   450.0 450.0   0.0                                        HGT1 / HGT2 / DHGT  
    87.5 -87.5  -2.5                                        LAT1 / LAT2 / DLAT  
  -180.0 180.0   5.0                                        LON1 / LON2 / DLON  
    -1                                                      EXPONENT            
                                                            END OF HEADER       
[from data line 2574]
     7                                                      START OF TEC MAP    
  2015    12    12    12     0     0                        EPOCH OF CURRENT MAP
    87.5-180.0 180.0   5.0 450.0                            LAT/LON1/LON2/DLON/H
   62   65   58   61   57   58   56   58   56   58   56   56   56   55   55   53
   54   52   52   50   50   50   50   50   49   50   49   49   48   49   47   47
   46   47   46   46   45   46   44   46   44   46   44   46   44   47   45   48
   47   50   49   51   51   53   52   55   53   56   54   57   55   57   56   57
   56   58   56   58   57   56   64   59   62                                   
    85.0-180.0 180.0   5.0 450.0                            LAT/LON1/LON2/DLON/H
   68   65   56   54   55   54   56   55   56   56   57   55   56   55   56   55
   55   54   54   53   54   53   54   52   53   52   53   52   53   52   52   51
   51   50   49   47   47   45   45   43   44   42   43   41   43   42   44   43
   45   45   47   47   50   50   52   52   54   54   55   55   56   55   56   55
   57   55   56   53   56   56   63   60   68                                   
    82.5-180.0 180.0   5.0 450.0                            LAT/LON1/LON2/DLON/H
   66   59   47   48   45   47   44   47   44   46   43   45   42   44   41   43
   40   42   39   42   39   42   40   43   40   45   42   46   41   46   41   45
   40   43   38   41   34   38   32   35   29   32   27   32   27   32   28   34
   30   36   33   40   36   43   40   46   42   48   44   49   44   49   44   49
   43   48   43   46   42   41   39   37   66                                   
    80.0-180.0 180.0   5.0 450.0                            LAT/LON1/LON2/DLON/H
   55   44   39   36   39   37   40   37   39   36   38   35   35   32   33   30
   31   29   31   29   31   30   33   32   35   35   39   37   41   39   42   40
   42   39   40   36   35   31   31   27   26   23   24   22   23   22   25   24
   28   28   32   32   36   37   40   40   42   42   44   43   44   41   43   40
   41   38   40   36   38   31   33   32   55                                   
    77.5-180.0 180.0   5.0 450.0                            LAT/LON1/LON2/DLON/H
   48   37   28   29   28   30   28   30   28   29   28   27   26   25   24   23
   23   22   23   23   25   25   27   28   30   32   35   37   38   41   41   44
   41   43   39   40   34   34   28   27   22   22   19   20   17   20   19   23
   22   27   27   33   33   38   38   42   40   43   41   43   40   41   37   38
   34   34   31   30   28   25   27   21   48                                   
    75.0-180.0 180.0   5.0 450.0                            LAT/LON1/LON2/DLON/H
   42   27   27   23   25   23   26   24   26   24   26   22   22   19   20   18
   19   18   20   19   22   22   26   25   29   32   36   38   42   45   48   49
   49   50   48   46   43   39   36   31   28   26   24   23   22   23   24   26
   27   31   33   37   38   42   43   45   44   45   44   44   42   41   39   36
   34   32   30   27   27   22   27   23   42                                   
    72.5-180.0 180.0   5.0 450.0                            LAT/LON1/LON2/DLON/H
   44   31   23   23   24   24   25   25   25   24   24   24   23   22   23   22
   24   24   25   26   26   28   29   31   33   37   39   44   48   52   55   59
   59   61   59   58   53   51   45   42   37   36   32   31   30   30   31   32
   35   37   40   42   44   45   47   47   48   47   47   45   44   42   41   39
   37   35   32   30   28   24   27   21   44                                   
    70.0-180.0 180.0   5.0 450.0                            LAT/LON1/LON2/DLON/H
   44   29   31   24   28   26   30   27   29   26   28   25   26   25   26   27
   29   30   32   32   33   33   35   35   37   39   44   48   52   59   62   67
   68   73   72   73   68   66   59   54   50   49   45   45   42   43   43   43
   44   45   47   46   47   47   48   47   46   46   46   45   45   44   44   43
   42   40   40   36   36   30   31   30   44                                   
    67.5-180.0 180.0   5.0 450.0                            LAT/LON1/LON2/DLON/H
   47   36   31   28   31   29   31   30   31   29   32   29   33   31   36   35
   40   40   42   41   41   40   40   40   40   43   45   51   57   63   68   73
   76   81   81   83   80   77   71   67   62   60   57   56   53   53   52   51
   52   50   50   47   47   44   43   41   41   40   41   41   43   43   45   44
   46   45   44   41   41   35   35   32   47                                   
    65.0-180.0 180.0   5.0 450.0                            LAT/LON1/LON2/DLON/H
   48   37   36   32   35   34   38   34   36   32   35   33   35   37   40   43
   44   46   46   47   44   46   42   44   41   45   47   54   59   66   72   79
   83   90   91   95   90   92   85   85   78   79   73   75   68   68   63   62
   56   54   49   45   41   37   35   32   32   32   34   35   39   40   45   45
   49   48   51   48   48   42   40   42   48                                   
    62.5-180.0 180.0   5.0 450.0                            LAT/LON1/LON2/DLON/H
   48   40   34   33   35   34   37   36   36   34   36   35   40   40   46   46
   51   49   49   47   46   45   42   43   42   45   47   54   60   68   75   83
   90   96   98  102   99  100   94   95   89   89   85   85   80   77   72   67
   60   54   47   41   35   30   26   24   24   24   27   29   33   35   40   42
   45   47   49   49   50   44   42   42   48                                   
    60.0-180.0 180.0   5.0 450.0                            LAT/LON1/LON2/DLON/H
   47   36   34   32   34   36   37   36   35   33   33   35   36   40   42   46
   46   47   44   45   41   43   39   43   40   46   47   56   61   72   79   91
   97  105  106  111  107  110  103  108   99  103   95   98   89   88   77   74
   62   57   45   38   29   24   20   18   18   19   22   24   30   31   36   37
   42   43   48   48   50   45   43   45   47                                   
    57.5-180.0 180.0   5.0 450.0                            LAT/LON1/LON2/DLON/H
   46   40   32   30   33   33   35   34   32   30   30   31   36   37   43   43
   45   41   40   38   37   38   38   40   41   47   50   60   66   78   87  100
  107  115  116  119  116  117  115  114  113  112  110  107  103   96   88   79
   69   59   48   39   31   24   20   19   18   20   23   25   29   30   33   34
   36   39   43   46   47   44   43   45   46                                   
    55.0-180.0 180.0   5.0 450.0                            LAT/LON1/LON2/DLON/H
   47   37   34   31   33   35   36   35   32   30   27   29   30   33   34   36
   33   32   28   30   28   33   33   42   42   53   55   68   75   88   98  113
  119  128  126  131  126  129  123  127  122  125  119  121  111  107   94   88
   74   68   53   45   34   30   24   23   23   25   28   30   32   31   33   32
   34   35   41   44   46   44   45   46   47                                   
    52.5-180.0 180.0   5.0 450.0                            LAT/LON1/LON2/DLON/H
   53   47   36   36   37   38   39   38   34   31   29   29   31   32   34   33
   31   27   25   25   27   33   36   44   48   59   64   77   86  102  111  127
  132  138  138  139  137  136  135  135  136  135  136  131  127  118  109   98
   88   77   66   56   48   41   37   36   37   38   40   42   42   40   39   37
   37   37   42   45   48   46   49   52   53                                   
    50.0-180.0 180.0   5.0 450.0                            LAT/LON1/LON2/DLON/H
   59   51   46   42   44   44   45   42   39   35   30   31   29   30   29   27
   24   21   17   21   23   32   37   50   55   69   74   88   98  114  124  139
  143  150  147  151  146  148  144  148  146  150  146  145  137  131  119  112
   99   93   79   72   60   55   49   49   49   51   52   53   53   50   49   45
   44   42   46   49   53   52   57   59   59                                   
    47.5-180.0 180.0   5.0 450.0                            LAT/LON1/LON2/DLON/H
   69   67   54   55   52   54   53   53   48   44   41   37   38   35   35   31
   28   24   23   25   29   38   46   59   67   80   86  100  110  126  134  145
  147  150  150  151  151  151  152  155  158  158  158  154  151  141  135  124
  116  105   96   85   76   67   62   61   61   62   63   64   63   61   59   56
   54   53   55   57   61   60   66   70   69                                   
    45.0-180.0 180.0   5.0 450.0                            LAT/LON1/LON2/DLON/H
   76   76   71   64   67   63   66   60   61   53   51   47   45   41   39   34
   31   26   26   29   34   44   54   70   79   92   97  113  120  135  139  149
  148  154  151  156  154  161  161  166  166  169  166  164  157  152  142  135
  124  116  105   96   83   76   69   67   65   66   67   68   68   68   67   66
   65   63   65   65   68   70   76   80   76                                   
    42.5-180.0 180.0   5.0 450.0                            LAT/LON1/LON2/DLON/H
   83   85   76   75   71   71   71   70   69   64   66   58   60   50   51   43
   42   36   38   38   46   56   68   82   92  104  110  122  128  138  140  145
  144  146  148  152  158  163  168  171  174  172  172  167  165  156  152  142
  133  123  113   99   88   76   69   65   64   64   64   67   68   71   72   74
   74   73   74   73   76   75   82   88   83                                   
    40.0-180.0 180.0   5.0 450.0                            LAT/LON1/LON2/DLON/H
   85   90   87   80   80   78   80   79   81   79   81   75   74   65   63   56
   55   48   51   51   60   71   82   96  104  117  120  134  135  143  140  145
  142  149  150  162  168  177  180  185  183  184  179  177  171  166  158  149
  139  128  116  104   88   77   67   62   60   59   60   62   65   69   75   78
   80   79   80   79   79   81   86   89   85                                   
    37.5-180.0 180.0   5.0 450.0                            LAT/LON1/LON2/DLON/H
   82   86   81   81   78   78   77   81   86   88   92   88   88   78   76   68
   67   61   64   66   75   86   97  109  117  128  132  141  141  144  140  142
  142  149  156  168  180  188  193  193  194  190  187  181  179  171  166  156
  147  137  123  108   91   77   65   59   57   56   57   59   63   70   75   82
   84   84   82   80   78   76   82   86   82                                   
    35.0-180.0 180.0   5.0 450.0                            LAT/LON1/LON2/DLON/H
   76   76   74   67   69   68   73   75   86   88   97   92   93   85   83   78
   76   73   76   80   89  101  111  124  129  142  144  151  148  151  147  151
  152  162  173  189  201  211  213  215  210  208  200  198  192  188  180  172
  162  150  136  119  102   86   73   64   59   58   58   61   63   71   77   81
   83   82   81   76   72   73   76   75   76                                   
    32.5-180.0 180.0   5.0 450.0                            LAT/LON1/LON2/DLON/H
   66   64   59   61   56   60   62   72   79   91   97  100  100   94   91   87
   84   82   84   91  101  112  123  134  141  151  156  161  161  163  161  166
  170  181  195  214  228  236  239  236  233  225  220  214  212  205  204  194
  189  175  163  143  126  108   94   85   79   76   76   75   75   79   81   85
   83   81   77   72   67   63   66   68   66                                   
    30.0-180.0 180.0   5.0 450.0                            LAT/LON1/LON2/DLON/H
   64   56   49   47   51   50   61   62   77   82   96   95   99   94   92   90
   87   90   92  102  111  125  137  149  154  165  170  177  179  184  185  196
  200  220  232  256  264  275  271  273  262  257  247  246  240  240  233  229
  222  214  202  186  168  149  132  121  114  109  107  105  103  101   98   93
   91   82   78   72   63   62   60   54   64                                   
    27.5-180.0 180.0   5.0 450.0                            LAT/LON1/LON2/DLON/H
   63   50   43   48   46   51   55   65   69   82   87   96   96   94   93   90
   90   92   95  106  119  134  147  159  165  175  183  193  198  206  212  223
  234  254  270  291  305  310  310  306  298  288  281  276  274  269  266  264
  261  259  252  239  226  207  192  177  169  161  155  148  140  132  122  112
  101   92   84   76   70   61   58   51   63                                   
    25.0-180.0 180.0   5.0 450.0                            LAT/LON1/LON2/DLON/H
   67   54   48   46   47   50   55   57   66   72   84   84   91   86   87   87
   85   93   97  112  126  146  159  173  178  190  199  212  222  235  246  263
  275  297  310  335  342  354  346  346  333  329  318  320  313  316  311  315
  310  315  308  308  289  273  252  238  223  214  202  193  181  167  151  138
  122  110   96   90   78   75   67   53   67                                   
    22.5-180.0 180.0   5.0 450.0                            LAT/LON1/LON2/DLON/H
   63   58   50   54   51   56   56   61   62   72   76   85   83   84   82   84
   84   90   97  113  133  156  170  183  190  203  216  233  246  263  280  295
  313  335  352  374  380  386  378  376  365  360  354  356  356  360  362  367
  369  372  373  369  358  340  323  303  289  272  256  238  221  201  179  163
  145  131  119  111  101   92   86   64   63                                   
    20.0-180.0 180.0   5.0 450.0                            LAT/LON1/LON2/DLON/H
   69   69   68   65   65   63   65   61   64   62   69   70   77   76   79   75
   81   88   97  120  138  164  178  193  199  216  229  251  267  293  308  331
  347  375  388  411  410  418  409  408  397  396  389  397  394  405  403  415
  414  423  420  422  408  394  368  352  330  315  293  276  252  226  201  184
  165  156  143  140  126  120  108   85   69                                   
    17.5-180.0 180.0   5.0 450.0                            LAT/LON1/LON2/DLON/H
   80   89   79   83   75   75   72   71   69   68   71   71   75   78   75   77
   79   87   97  122  143  171  185  200  211  230  247  269  291  315  333  355
  375  402  417  436  439  444  438  438  430  427  423  427  428  435  436  444
  448  455  459  457  450  432  408  381  359  336  317  296  273  246  221  201
  186  174  167  162  156  143  127  104   80                                   
    15.0-180.0 180.0   5.0 450.0                            LAT/LON1/LON2/DLON/H
   97  111  103   97   99   91   93   82   78   72   69   70   68   71   70   71
   75   86   98  128  146  178  190  210  221  246  263  293  318  340  358  376
  397  423  438  453  456  460  460  462  456  457  454  458  456  464  462  470
  470  479  478  478  466  450  418  391  361  343  320  303  279  255  230  213
  196  191  181  181  170  162  143  127   97                                   
    12.5-180.0 180.0   5.0 450.0                            LAT/LON1/LON2/DLON/H
  113  119  109  115  101  102   97   94   82   78   74   75   76   77   79   76
   79   91  101  129  153  183  201  224  240  264  286  315  339  361  378  397
  420  442  457  469  475  479  484  487  483  483  480  482  479  480  478  478
  479  481  482  479  469  448  419  386  357  332  309  290  270  252  233  218
  205  196  188  185  177  165  149  133  113                                   
    10.0-180.0 180.0   5.0 450.0                            LAT/LON1/LON2/DLON/H
  111  121  119  112  111   98   97   91   84   81   77   80   77   83   82   86
   85   99  110  140  158  192  209  239  255  285  306  337  361  379  395  413
  437  453  466  472  483  489  497  505  502  507  501  502  496  495  491  490
  485  485  480  475  460  438  406  375  341  318  292  273  256  240  226  215
  204  197  187  185  173  164  149  139  111                                   
     7.5-180.0 180.0   5.0 450.0                            LAT/LON1/LON2/DLON/H
  113  115  105  108   95   95   89   90   83   83   79   83   86   90   94   94
   98  109  121  147  170  202  227  255  279  305  330  361  380  399  412  425
