data/unet/pred1540.15i
     1.0            IONOSPHERE MAPS     GNSS                IONEX VERSION / TYPE
pyspatialgeodesy        IME             05-JAN-18 20:20     PGM / RUN BY / DATE 
Map Name                                                    COMMENT             
Predicted global ionosphere maps (GIM).                     DESCRIPTION         
  2015     6     3     0     0     0                        EPOCH OF FIRST MAP  
  2015     6     4     0     0     0                        EPOCH OF LAST MAP   
  7200                                                      INTERVAL            
    13                                                      # OF MAPS IN FILE   
  NONE                                                      MAPPING FUNCTION    
10.0                                                        ELEVATION CUTOFF    
One-way carrier phase leveled to code                       OBSERVABLES USED    
  6371.0                                                    BASE RADIUS         
 2                                                          MAP DIMENSION       
   450.0 450.0   0.0                                        HGT1 / HGT2 / DHGT  
    87.5 -87.5  -2.5                                        LAT1 / LAT2 / DLAT  
  -180.0 180.0   5.0                                        LON1 / LON2 / DLON  
    -1                                                      EXPONENT            
                                                            END OF HEADER       
[from data line 858]
     3                                                      START OF TEC MAP    
  2015     6     3     4     0     0                        EPOCH OF CURRENT MAP
    87.5-180.0 180.0   5.0 450.0                            LAT/LON1/LON2/DLON/H
  187  183  176  180  180  181  181  183  183  185  184  186  185  186  185  186
  184  184  183  183  181  180  178  178  176  176  173  173  172  172  170  170
  168  168  166  167  165  166  164  164  164  165  164  165  165  166  166  166
  166  167  166  167  167  168  167  168  168  169  167  168  168  169  167  169
  169  171  170  172  172  171  182  194  187                                   
    85.0-180.0 180.0   5.0 450.0                            LAT/LON1/LON2/DLON/H
  187  186  177  189  187  189  188  192  191  194  192  195  192  196  192  195
  190  193  189  191  186  188  183  184  181  181  177  178  175  176  172  173
  170  171  168  169  166  167  165  166  165  167  166  168  167  170  168  171
  170  173  171  173  172  174  172  174  174  175  173  175  174  176  173  174
  175  176  176  177  176  173  176  185  187                                   
    82.5-180.0 180.0   5.0 450.0                            LAT/LON1/LON2/DLON/H
  174  175  180  187  186  187  188  190  191  192  193  194  193  194  193  193
  192  191  190  190  188  187  185  183  182  180  178  177  175  174  172  171
  170  168  168  167  166  165  165  164  165  165  167  167  169  169  171  172
  173  174  175  176  177  177  177  178  178  178  176  176  176  176  173  174
  174  175  175  175  175  173  177  173  174                                   
    80.0-180.0 180.0   5.0 450.0                            LAT/LON1/LON2/DLON/H
  178  181  185  191  192  194  195  197  198  200  198  200  198  199  196  197
  194  194  191  191  188  188  183  183  180  179  175  174  171  171  168  169
  167  168  166  167  165  166  166  167  168  169  171  173  175  178  180  182
  183  186  186  189  188  190  188  189  187  188  184  185  182  182  178  178
  177  178  177  179  177  174  179  179  178                                   
    77.5-180.0 180.0   5.0 450.0                            LAT/LON1/LON2/DLON/H
  179  181  184  188  191  193  196  196  198  197  198  196  195  193  192  189
  188  186  185  183  182  179  178  174  174  170  169  166  166  163  164  163
  164  164  165  165  166  166  167  167  170  170  175  177  182  186  191  194
  197  199  201  202  202  202  201  199  197  195  193  191  189  187  183  182
  181  180  181  179  179  176  179  175  179                                   
    75.0-180.0 180.0   5.0 450.0                            LAT/LON1/LON2/DLON/H
  179  183  184  188  191  193  196  196  197  197  196  194  192  189  186  183
  181  178  178  176  175  173  171  169  166  164  161  159  157  158  158  161
  161  164  165  167  166  167  168  169  171  174  179  184  190  195  201  204
  208  210  212  211  211  209  207  204  201  198  194  193  189  188  184  183
  181  182  180  181  177  173  180  179  179                                   
    72.5-180.0 180.0   5.0 450.0                            LAT/LON1/LON2/DLON/H
  182  181  183  185  187  188  191  191  192  191  190  187  184  180  176  172
  169  167  166  165  164  163  161  158  155  152  148  147  146  148  150  155
  158  162  166  168  169  169  170  171  173  177  184  190  197  203  210  214
  217  218  219  217  216  211  209  203  201  196  193  191  189  187  184  184
  183  184  183  182  180  179  182  179  182                                   
    70.0-180.0 180.0   5.0 450.0                            LAT/LON1/LON2/DLON/H
  180  181  181  183  186  187  191  192  193  192  191  186  183  176  172  166
  163  159  160  159  159  157  155  151  148  143  140  138  138  141  145  152
  157  164  167  171  171  173  172  175  177  182  190  198  207  213  221  224
  228  227  227  222  220  214  209  204  199  195  192  190  188  188  185  186
  184  186  185  186  182  177  182  181  180                                   
    67.5-180.0 180.0   5.0 450.0                            LAT/LON1/LON2/DLON/H
  181  179  179  182  182  185  187  190  189  189  187  183  178  172  166  160
  155  153  152  152  151  150  147  144  138  134  128  128  127  132  137  146
  152  160  166  169  171  172  172  174  177  184  192  203  212  221  226  230
  232  230  227  221  216  208  204  196  192  187  186  184  184  184  183  185
  184  187  187  188  186  184  184  181  181                                   
    65.0-180.0 180.0   5.0 450.0                            LAT/LON1/LON2/DLON/H
  182  179  179  180  181  182  187  188  190  189  189  185  181  174  167  160
  155  151  150  149  149  146  143  137  132  125  122  119  120  123  130  139
  147  155  160  166  167  170  170  175  178  187  198  209  219  227  233  235
  236  232  229  222  216  208  202  195  191  187  185  184  184  184  184  183
  184  186  187  189  188  183  186  184  182                                   
    62.5-180.0 180.0   5.0 450.0                            LAT/LON1/LON2/DLON/H
  183  180  180  182  180  182  184  187  186  188  187  186  181  175  168  161
  154  149  147  145  143  140  136  130  124  119  114  113  113  117  122  131
  139  147  153  157  161  163  167  173  179  190  201  214  223  232  237  240
  239  236  230  223  216  207  202  193  191  185  185  182  183  182  181  180
  180  183  185  189  190  189  189  188  183                                   
    60.0-180.0 180.0   5.0 450.0                            LAT/LON1/LON2/DLON/H
  190  186  185  187  186  185  186  186  187  187  189  187  186  180  175  165
  158  150  147  142  141  136  132  125  121  114  111  107  110  111  118  122
  130  136  142  148  151  158  161  171  180  193  206  220  230  238  244  246
  245  242  237  231  224  217  210  204  199  195  193  191  189  187  185  183
  182  183  186  191  194  191  195  194  190                                   
    57.5-180.0 180.0   5.0 450.0                            LAT/LON1/LON2/DLON/H
  195  193  193  195  192  192  189  188  186  187  187  188  186  182  175  168
  158  150  144  139  136  131  127  122  116  111  107  107  107  110  112  116
  119  124  129  134  140  148  156  168  179  195  210  225  235  243  248  250
  249  246  242  238  232  226  220  214  210  204  202  198  195  190  186  182
  181  181  185  191  198  199  199  202  195                                   
    55.0-180.0 180.0   5.0 450.0                            LAT/LON1/LON2/DLON/H
  206  207  207  210  208  204  200  195  191  188  189  187  188  183  179  169
  160  149  143  136  133  128  125  119  116  111  109  107  109  108  112  110
  113  112  117  122  128  140  150  167  180  198  214  230  240  248  253  255
  255  255  252  251  247  243  237  232  226  222  217  211  206  200  194  187
  185  184  187  196  204  203  207  210  206                                   
    52.5-180.0 180.0   5.0 450.0                            LAT/LON1/LON2/DLON/H
  218  218  223  224  223  219  213  206  199  195  191  190  189  186  179  171
  160  151  142  135  131  128  124  121  118  115  114  113  113  113  111  110
  107  106  107  113  120  135  149  166  182  202  220  236  246  253  258  260
  262  263  263  264  263  260  255  248  243  235  230  221  216  207  200  192
  190  189  193  201  212  215  214  221  218                                   
    50.0-180.0 180.0   5.0 450.0                            LAT/LON1/LON2/DLON/H
  231  233  240  244  246  240  233  222  214  206  200  195  194  189  183  173
  164  152  145  138  135  131  130  126  126  123  123  121  122  117  116  108
  106  100  102  107  115  132  148  169  185  204  223  239  249  257  263  267
  271  275  276  279  279  278  275  267  261  252  245  235  228  218  211  204
  202  202  205  214  221  221  224  229  231                                   
    47.5-180.0 180.0   5.0 450.0                            LAT/LON1/LON2/DLON/H
  243  239  254  258  260  256  249  238  227  217  209  203  197  191  183  175
  165  156  149  142  139  135  135  135  134  134  134  132  130  126  119  113
  106  101  100  106  114  132  149  169  186  208  226  243  253  262  269  275
  282  285  291  292  295  292  289  278  272  259  253  242  236  228  222  219
  218  219  221  228  235  236  233  242  243                                   
    45.0-180.0 180.0   5.0 450.0                            LAT/LON1/LON2/DLON/H
  250  250  263  267  272  269  263  253  243  231  222  214  206  197  188  177
  169  160  154  149  145  142  143  144  147  147  149  146  143  134  128  117
  111  103  103  108  115  134  150  172  188  208  228  245  256  266  276  282
  290  294  298  302  302  301  296  287  279  267  260  249  245  238  237  235
  238  240  242  248  250  246  245  249  250                                   
    42.5-180.0 180.0   5.0 450.0                            LAT/LON1/LON2/DLON/H
  260  253  268  271  273  274  269  263  253  243  232  223  211  201  189  179
  171  164  159  155  151  150  151  155  159  162  163  160  154  145  135  125
  116  110  110  114  122  136  153  172  190  212  231  250  262  274  283  291
  298  301  305  305  309  306  303  292  285  273  266  256  254  250  252  256
  261  265  268  270  271  265  260  267  260                                   
    40.0-180.0 180.0   5.0 450.0                            LAT/LON1/LON2/DLON/H
  272  266  273  271  274  273  272  267  263  254  244  233  223  209  196  185
  176  170  165  160  157  155  158  162  170  171  175  169  166  153  145  133
  127  119  118  121  127  140  152  172  188  210  231  250  265  278  288  296
  303  306  307  309  310  312  309  304  297  290  282  275  272  271  275  281
  289  297  297  300  295  287  283  280  272                                   
    37.5-180.0 180.0   5.0 450.0                            LAT/LON1/LON2/DLON/H
  294  277  279  273  269  269  266  268  265  262  253  245  231  217  201  190
  180  173  168  163  160  159  164  169  176  179  179  175  168  158  149  141
  136  130  129  130  134  142  154  171  189  213  234  255  269  284  293  302
  306  309  310  312  315  319  319  320  316  312  306  300  296  296  299  309
  319  327  331  332  330  319  314  316  294                                   
    35.0-180.0 180.0   5.0 450.0                            LAT/LON1/LON2/DLON/H
  322  303  292  278  272  266  265  267  268  267  263  255  244  228  211  197
  187  179  172  166  162  161  168  174  184  185  187  179  173  161  155  147
  145  138  137  135  138  143  152  169  186  210  233  253  271  285  298  306
  313  316  320  325  330  341  346  353  353  350  342  334  328  326  329  338
  349  360  364  368  363  356  355  350  322                                   
    32.5-180.0 180.0   5.0 450.0                            LAT/LON1/LON2/DLON/H
  359  332  316  297  282  274  267  269  269  272  267  263  250  236  217  202
  189  180  172  165  164  166  174  183  191  192  190  184  175  165  158  153
  151  146  143  141  143  146  153  169  187  211  233  254  269  285  295  309
  314  322  325  334  343  357  371  384  391  393  387  378  367  362  360  367
  376  385  391  395  397  393  391  396  359                                   
    30.0-180.0 180.0   5.0 450.0                            LAT/LON1/LON2/DLON/H
  400  376  356  329  309  291  282  278  278  278  275  271  263  247  228  208
  194  181  172  164  164  168  181  190  203  200  200  190  182  168  161  154
  153  147  145  141  142  143  150  164  182  205  227  248  266  278  292  304
  316  324  337  351  367  390  407  429  438  441  435  426  413  404  397  398
  403  410  415  421  425  425  427  430  400                                   
    27.5-180.0 180.0   5.0 450.0                            LAT/LON1/LON2/DLON/H
  439  423  404  374  348  328  309  302  293  291  284  280  268  253  231  211
  194  179  169  163  165  174  189  201  211  211  206  198  184  170  161  155
  151  145  143  141  140  142  146  158  178  201  222  242  258  271  282  295
  306  320  335  354  374  398  424  448  465  472  471  462  449  437  426  425
  423  426  429  437  447  454  457  458  439                                   
    25.0-180.0 180.0   5.0 450.0                            LAT/LON1/LON2/DLON/H
  481  473  456  429  405  376  352  336  323  310  300  289  279  261  238  215
  196  178  166  160  165  176  198  210  224  221  218  204  189  170  158  147
  141  135  134  131  132  132  137  145  162  187  207  228  245  258  272  284
  298  314  335  356  382  409  434  464  482  494  495  490  478  466  456  449
  446  444  449  455  466  477  492  486  481                                   
    22.5-180.0 180.0   5.0 450.0                            LAT/LON1/LON2/DLON/H
  503  506  500  476  456  431  403  380  356  335  315  301  285  266  242  217
  197  178  167  163  170  186  206  221  231  229  219  206  187  168  152  139
  130  123  121  122  125  125  127  133  151  170  196  215  234  247  261  274
  289  308  331  356  383  410  436  463  488  499  501  499  488  481  468  462
  453  451  454  462  476  492  503  497  503                                   
    20.0-180.0 180.0   5.0 450.0                            LAT/LON1/LON2/DLON/H
  515  521  524  509  498  477  454  427  400  367  338  311  294  272  247  222
  201  180  169  164  174  190  214  226  236  230  220  201  182  158  140  124
  115  107  107  109  113  113  115  120  133  154  177  203  224  238  253  268
  287  307  334  361  389  413  437  461  479  490  492  497  491  490  482  474
  469  463  468  474  486  499  514  504  515                                   
    17.5-180.0 180.0   5.0 450.0                            LAT/LON1/LON2/DLON/H
  505  517  529  524  521  507  489  464  432  396  359  325  300  276  250  226
  205  186  175  172  182  200  220  231  235  226  210  190  169  147  129  114
  103   97   96   98  103  104  105  108  120  137  165  188  214  230  250  264
  284  308  335  364  389  413  432  451  461  471  474  483  485  486  483  477
  470  468  468  474  486  498  502  492  505                                   
    15.0-180.0 180.0   5.0 450.0                            LAT/LON1/LON2/DLON/H
  492  505  520  522  527  520  507  485  455  416  378  337  308  280  257  230
  213  194  184  177  189  204  222  227  226  210  191  170  153  132  117  101
   91   84   82   86   89   93   93   96  105  123  153  181  209  228  252  268
  291  313  340  366  389  409  423  438  444  453  460  475  480  488  491  489
  488  484  486  489  494  497  501  487  492                                   
    12.5-180.0 180.0   5.0 450.0                            LAT/LON1/LON2/DLON/H
  470  485  503  508  515  513  505  487  458  420  380  340  309  282  259  237
  220  204  195  191  199  211  222  223  213  192  168  149  135  121  106   93
   84   77   77   80   85   89   88   89   98  113  146  174  205  226  252  269
  293  317  343  368  391  408  419  432  436  446  455  468  477  486  491  492
  490  489  488  491  495  496  486  475  470                                   
    10.0-180.0 180.0   5.0 450.0                            LAT/LON1/LON2/DLON/H
  457  470  486  492  498  500  491  477  449  416  376  337  308  280  260  237
  227  212  207  199  206  210  216  207  191  163  144  129  121  108   98   86
   79   72   72   74   77   80   79   81   90  107  138  170  201  224  254  272
  299  319  344  369  392  408  423  437  443  456  462  476  483  495  503  505
  508  507  508  508  506  498  489  476  457                                   
     7.5-180.0 180.0   5.0 450.0                            LAT/LON1/LON2/DLON/H
  446  459  474  476  478  476  469  455  428  396  361  324  297  275  256  242
  232  224  218  212  211  210  206  191  166  142  123  113  105   97   91   81
