data/unet/pred3190.15i
     1.0            IONOSPHERE MAPS     GNSS                IONEX VERSION / TYPE
pyspatialgeodesy        IME             05-JAN-18 20:20     PGM / RUN BY / DATE 
Map Name                                                    COMMENT             
Predicted global ionosphere maps (GIM).                     DESCRIPTION         
  2015    11    15     0     0     0                        EPOCH OF FIRST MAP  
  2015    11    16     0     0     0                        EPOCH OF LAST MAP   
  7200                                                      INTERVAL            
    13                                                      # OF MAPS IN FILE   
  NONE                                                      MAPPING FUNCTION    
10.0                                                        ELEVATION CUTOFF    
One-way carrier phase leveled to code                       OBSERVABLES USED    
  6371.0                                                    BASE RADIUS         
 2                                                          MAP DIMENSION       
   450.0 450.0   0.0                                        HGT1 / HGT2 / DHGT  
    87.5 -87.5  -2.5                                        LAT1 / LAT2 / DLAT  
  -180.0 180.0   5.0                                        LON1 / LON2 / DLON  
    -1                                                      EXPONENT            
                                                            END OF HEADER       
[from data line 4290]
    11                                                      START OF TEC MAP    
  2015    11    15    20     0     0                        EPOCH OF CURRENT MAP
    87.5-180.0 180.0   5.0 450.0                            LAT/LON1/LON2/DLON/H
  137  114   96  102  100  102  101  104  103  106  105  108  106  109  107  109
  106  108  104  106  101  103   98  100   95   96   91   93   88   90   86   87
   83   85   81   82   79   80   78   79   77   79   77   80   78   81   79   82
   81   84   82   85   84   87   86   88   86   89   87   90   87   90   87   90
   87   91   87   91   90   93   84  123  137                                   
    85.0-180.0 180.0   5.0 450.0                            LAT/LON1/LON2/DLON/H
   83   86   85   91   91   93   93   97   98  101  103  105  106  107  108  108
  107  106  105  103  101   99   97   95   92   90   87   85   83   81   79   76
   74   73   71   70   68   68   66   66   66   66   66   67   68   69   69   70
   71   72   72   74   74   76   76   76   77   77   77   77   77   77   76   75
   75   75   75   74   78   76   73   89   83                                   
    82.5-180.0 180.0   5.0 450.0                            LAT/LON1/LON2/DLON/H
   70   71   73   77   79   83   85   92   96  102  105  111  113  118  117  121
  118  121  115  116  109  109  101  100   92   91   83   82   76   75   69   70
   64   65   60   60   56   57   54   55   53   55   54   56   56   58   58   60
   61   64   65   67   68   71   70   73   71   74   71   74   70   72   68   70
   66   68   64   65   64   63   58   64   70                                   
    80.0-180.0 180.0   5.0 450.0                            LAT/LON1/LON2/DLON/H
   59   54   57   59   64   67   74   80   89   94  105  108  118  119  125  124
  127  123  122  116  112  104  100   92   86   79   75   69   66   61   60   56
   56   52   51   48   48   44   44   42   43   41   43   41   45   44   48   47
   52   52   57   57   61   61   64   63   66   63   65   62   63   59   59   54
   54   50   49   45   47   42   41   48   59                                   
    77.5-180.0 180.0   5.0 450.0                            LAT/LON1/LON2/DLON/H
   39   39   38   41   48   50   61   67   80   87  100  107  117  122  129  129
  131  128  125  116  109   99   91   82   74   66   61   56   53   50   49   48
   47   46   44   43   40   38   36   35   33   33   33   33   35   37   40   42
   45   48   50   53   54   57   58   59   59   59   58   57   54   52   49   46
   43   40   37   34   33   30   30   33   39                                   
    75.0-180.0 180.0   5.0 450.0                            LAT/LON1/LON2/DLON/H
   35   34   34   39   44   50   59   67   79   89  102  112  123  130  136  138
  139  134  129  120  111  101   91   80   71   63   57   53   50   49   48   49
   48   49   47   46   43   41   38   36   34   33   33   33   35   37   40   42
   46   48   52   52   55   55   58   57   58   57   58   55   55   51   49   45
   43   39   37   31   31   26   29   33   35                                   
    72.5-180.0 180.0   5.0 450.0                            LAT/LON1/LON2/DLON/H
   39   43   42   45   49   54   63   71   83   93  107  118  130  138  144  145
  145  141  134  124  114  101   90   77   67   58   52   49   47   48   48   51
   51   53   51   51   47   45   40   38   34   34   32   34   35   38   40   43
   46   49   50   52   52   53   53   53   52   53   51   51   49   48   45   44
   41   38   36   33   31   28   31   33   39                                   
    70.0-180.0 180.0   5.0 450.0                            LAT/LON1/LON2/DLON/H
   50   48   52   54   58   65   73   80   92  101  115  125  138  144  151  152
  152  147  141  130  121  108   95   82   70   60   55   51   50   50   51   54
   55   55   54   53   49   47   42   39   36   35   34   35   37   39   43   45
   49   49   52   50   52   50   51   48   49   47   48   45   46   44   45   42
   42   39   39   35   37   31   38   41   50                                   
    67.5-180.0 180.0   5.0 450.0                            LAT/LON1/LON2/DLON/H
   61   65   68   71   76   80   89   95  105  114  126  136  147  153  158  158
  158  153  148  138  129  117  103   88   75   64   57   53   50   51   51   53
   54   54   52   51   46   44   39   37   32   33   31   34   35   38   40   43
   44   46   45   44   43   42   41   40   39   39   38   39   38   39   37   38
   36   36   36   36   37   36   42   45   61                                   
    65.0-180.0 180.0   5.0 450.0                            LAT/LON1/LON2/DLON/H
   75   74   84   86   93   96  105  109  119  126  138  145  156  161  166  166
  166  162  157  149  143  131  119  102   89   75   66   60   56   54   52   52
   52   50   48   45   41   39   34   33   30   31   31   33   35   38   39   42
   42   42   41   39   37   34   34   32   33   32   34   33   34   33   34   33
   34   33   35   33   39   38   48   55   75                                   
    62.5-180.0 180.0   5.0 450.0                            LAT/LON1/LON2/DLON/H
   78   83   93  100  108  111  119  124  132  139  149  156  166  170  174  173
  172  170  167  161  155  149  135  120  104   88   76   66   59   55   51   49
   45   42   38   35   30   29   25   25   23   25   25   28   29   31   32   33
   32   32   29   27   25   23   23   23   24   26   26   27   26   28   26   27
   26   26   28   28   33   36   46   54   78                                   
    60.0-180.0 180.0   5.0 450.0                            LAT/LON1/LON2/DLON/H
   83   83   98  106  115  121  131  136  145  150  160  165  174  178  182  181
  182  179  177  173  170  164  155  140  124  105   90   76   67   59   53   48
   43   38   33   28   24   21   20   21   22   24   25   27   28   29   29   29
   27   25   23   20   19   17   19   19   22   23   26   26   26   25   25   23
   24   22   25   24   31   34   47   56   83                                   
    57.5-180.0 180.0   5.0 450.0                            LAT/LON1/LON2/DLON/H
   78   83   96  107  119  125  136  142  153  159  169  175  184  188  192  191
  193  191  190  188  184  181  171  159  143  123  105   88   75   66   58   51
   44   37   31   25   21   19   19   21   22   24   25   26   25   24   23   22
   20   17   16   14   14   14   17   19   23   25   27   28   26   25   23   22
   21   20   22   22   27   31   43   51   78                                   
    55.0-180.0 180.0   5.0 450.0                            LAT/LON1/LON2/DLON/H
   83   86  101  113  124  136  148  157  168  175  183  189  197  200  203  204
  204  204  203  201  198  195  186  176  161  143  123  106   90   78   69   61
   53   44   36   29   26   24   26   28   31   34   34   34   31   29   27   25
   22   20   18   16   17   18   21   26   29   33   34   34   32   29   28   25
   27   24   28   27   32   35   49   56   83                                   
    52.5-180.0 180.0   5.0 450.0                            LAT/LON1/LON2/DLON/H
   88   97  107  119  132  143  156  167  178  187  195  202  207  213  214  218
  217  219  216  214  209  206  200  190  176  159  141  123  107   94   83   73
   66   54   47   39   36   34   36   39   42   44   44   41   38   34   31   28
   26   24   23   22   23   25   30   35   40   43   43   42   39   36   34   33
   33   33   36   36   40   43   56   62   88                                   
    50.0-180.0 180.0   5.0 450.0                            LAT/LON1/LON2/DLON/H
  105  109  122  135  146  162  175  188  199  206  212  216  220  224  225  229
  229  230  226  224  219  216  209  200  188  174  160  144  127  113  101   90
   80   70   61   53   50   49   52   55   57   60   59   56   52   47   44   41
   40   38   37   37   37   40   44   50   53   56   54   52   49   46   46   44
   48   47   53   53   58   60   74   80  105                                   
    47.5-180.0 180.0   5.0 450.0                            LAT/LON1/LON2/DLON/H
  123  134  143  155  166  179  192  209  219  228  229  234  233  239  239  243
  243  242  238  234  228  224  217  210  199  188  174  161  142  127  114  101
   91   79   72   64   63   62   65   67   70   70   70   66   62   57   54   52
   52   51   52   52   53   55   59   63   66   66   65   62   57   55   54   54
   57   59   65   68   74   79   92  100  123                                   
    45.0-180.0 180.0   5.0 450.0                            LAT/LON1/LON2/DLON/H
  148  158  171  180  189  204  217  233  241  247  247  247  247  249  251  255
  254  251  246  240  235  229  223  215  209  199  188  172  153  134  121  107
   96   85   78   73   72   74   76   78   80   81   80   77   74   70   67   66
   66   67   68   68   69   70   73   75   77   76   72   70   66   64   64   65
   69   72   79   85   93  101  115  126  148                                   
    42.5-180.0 180.0   5.0 450.0                            LAT/LON1/LON2/DLON/H
  166  181  191  203  210  224  236  251  258  263  260  260  258  260  261  266
  264  261  255  248  242  236  229  223  216  209  196  178  154  133  116  102
   91   81   77   74   78   80   84   84   85   84   85   82   80   76   75   73
   75   76   79   79   80   81   82   83   84   81   78   73   70   68   68   69
   73   76   84   91  102  112  126  144  166                                   
    40.0-180.0 180.0   5.0 450.0                            LAT/LON1/LON2/DLON/H
  184  198  211  220  228  244  255  270  274  278  274  271  269  270  272  275
  275  270  265  257  251  244  238  231  225  217  202  179  151  127  109   95
   86   79   77   80   86   90   93   93   92   90   90   87   86   82   81   79
   81   83   86   87   88   88   89   88   88   84   81   77   75   74   73   73
   76   78   86   93  109  122  141  160  184                                   
    37.5-180.0 180.0   5.0 450.0                            LAT/LON1/LON2/DLON/H
  187  205  215  228  237  249  261  273  279  283  278  277  275  278  280  284
  283  279  275  268  262  254  248  241  234  223  205  177  145  119  101   88
   83   77   81   86   97  102  105  101   98   93   92   89   87   83   82   80
   81   83   86   87   89   89   90   89   89   86   84   79   78   74   73   70
   71   70   77   85  100  117  137  164  187                                   
    35.0-180.0 180.0   5.0 450.0                            LAT/LON1/LON2/DLON/H
  191  210  220  235  243  258  268  280  283  288  285  283  283  286  289  294
  293  291  288  282  276  268  260  252  243  230  209  178  146  122  108  101
   96   96  100  111  121  128  126  120  112  105  102   97   95   88   86   82
   82   82   85   87   89   91   92   92   91   89   87   85   82   80   77   73
   70   68   73   80   98  116  141  165  191                                   
    32.5-180.0 180.0   5.0 450.0                            LAT/LON1/LON2/DLON/H
  189  207  214  231  242  255  267  277  285  289  287  288  288  292  297  300
  302  301  302  297  292  282  272  262  251  236  214  186  158  138  130  127
  129  128  133  142  152  156  154  142  130  119  112  105  100   92   86   80
   78   78   79   82   86   91   93   95   95   93   92   90   89   86   80   74
   67   63   66   72   88  108  133  160  189                                   
    30.0-180.0 180.0   5.0 450.0                            LAT/LON1/LON2/DLON/H
  194  210  223  239  250  263  271  281  287  292  292  294  296  300  303  308
  308  312  312  311  306  295  284  271  260  245  227  204  185  175  175  178
  177  175  174  181  186  189  183  171  154  142  132  125  117  107  100   91
   85   81   82   85   90   98  102  105  105  102  100   99   97   95   89   83
   75   70   72   79   96  118  147  168  194                                   
    27.5-180.0 180.0   5.0 450.0                            LAT/LON1/LON2/DLON/H
  201  217  229  249  261  273  280  289  295  300  301  305  308  312  314  316
  317  320  322  322  318  306  292  280  267  257  243  229  221  223  234  240
  242  229  220  215  218  219  210  194  174  160  148  140  130  120  110  101
   91   85   82   85   91  100  108  112  112  109  107  107  104  102   95   89
   80   77   81   89  106  131  156  181  201                                   
    25.0-180.0 180.0   5.0 450.0                            LAT/LON1/LON2/DLON/H
  217  231  248  265  280  294  302  308  314  320  321  322  324  326  325  325
  325  325  327  326  321  309  295  284  278  271  268  264  270  285  305  313
  309  284  262  249  244  244  233  217  196  183  172  164  154  145  134  124
  112  102   95   94   98  107  115  121  121  118  113  112  110  108  104   98
   92   90   98  109  130  156  184  205  217                                   
    22.5-180.0 180.0   5.0 450.0                            LAT/LON1/LON2/DLON/H
  232  246  265  286  305  322  332  338  342  349  347  352  348  350  345  341
  337  336  335  333  326  315  301  295  293  295  303  313  333  354  378  385
  376  341  308  281  263  256  242  226  209  197  189  182  173  162  154  142
  130  116  107  103  106  113  122  127  128  123  115  114  110  111  106  102
   99  100  110  127  150  183  205  237  232                                   
    20.0-180.0 180.0   5.0 450.0                            LAT/LON1/LON2/DLON/H
  254  267  292  316  338  359  371  381  381  386  381  382  379  377  367  361
  353  346  341  336  329  319  312  312  322  335  353  373  398  422  442  444
  424  384  340  301  275  260  245  231  215  207  201  198  189  183  174  166
  153  139  126  120  119  125  131  136  135  127  120  115  112  111  110  107
  106  111  125  148  175  207  235  258  254                                   
    17.5-180.0 180.0   5.0 450.0                            LAT/LON1/LON2/DLON/H
  270  288  316  342  366  389  405  417  422  425  420  421  411  407  398  391
  377  368  357  352  342  337  335  346  365  388  411  434  459  474  487  484
  454  407  349  303  267  248  233  220  214  207  207  204  203  195  193  182
  173  155  143  134  132  137  144  148  145  136  125  117  111  110  107  107
  108  114  131  160  189  225  247  278  270                                   
    15.0-180.0 180.0   5.0 450.0                            LAT/LON1/LON2/DLON/H
  289  310  348  377  403  433  449  468  472  484  474  476  459  451  438  429
  413  398  384  376  367  366  373  393  420  448  475  498  508  511  510  494
  460  402  340  289  252  236  223  216  214  215  216  217  215  212  207  199
  188  172  159  147  147  149  157  158  154  140  128  117  110  109  107  107
  109  119  139  169  200  231  263  287  289                                   
    12.5-180.0 180.0   5.0 450.0                            LAT/LON1/LON2/DLON/H
  296  329  371  404  435  465  488  508  523  533  530  524  508  500  483  476
  456  440  420  409  401  404  415  443  474  507  528  540  535  528  511  488
  440  380  311  270  238  223  213  212  218  225  231  229  227  219  214  204
  195  179  169  159  159  161  168  167  161  146  130  116  108  106  103  103
  104  114  134  167  199  234  264  296  296                                   
    10.0-180.0 180.0   5.0 450.0                            LAT/LON1/LON2/DLON/H
  312  347  391  427  466  494  518  543  560  580  567  570  551  550  533  528
  506  489  465  450  442  449  465  495  524  552  561  560  546  527  503  471
  420  356  297  260  239  229  226  229  242  248  252  244  240  227  219  207
  199  184  177  169  169  170  174  173  163  149  130  117  106  105  102  100
  102  114  135  163  197  228  264  298  312                                   
     7.5-180.0 180.0   5.0 450.0                            LAT/LON1/LON2/DLON/H
  318  359  406  447  484  513  539  559  581  595  594  591  586  588  580  575
  555  537  511  499  494  503  520  546  569  583  576  571  546  521  488  453
