data/unet/pred0600.15i
     1.0            IONOSPHERE MAPS     GNSS                IONEX VERSION / TYPE
pyspatialgeodesy        IME             05-JAN-18 20:20     PGM / RUN BY / DATE 
Map Name                                                    COMMENT             
Predicted global ionosphere maps (GIM).                     DESCRIPTION         
  2015     3     1     0     0     0                        EPOCH OF FIRST MAP  
  2015     3     2     0     0     0                        EPOCH OF LAST MAP   
  7200                                                      INTERVAL            
    13                                                      # OF MAPS IN FILE   
  NONE                                                      MAPPING FUNCTION    
10.0                                                        ELEVATION CUTOFF    
One-way carrier phase leveled to code                       OBSERVABLES USED    
  6371.0                                                    BASE RADIUS         
 2                                                          MAP DIMENSION       
   450.0 450.0   0.0                                        HGT1 / HGT2 / DHGT  
    87.5 -87.5  -2.5                                        LAT1 / LAT2 / DLAT  
  -180.0 180.0   5.0                                        LON1 / LON2 / DLON  
    -1                                                      EXPONENT            
                                                            END OF HEADER       
[from data line 2574]
     7                                                      START OF TEC MAP    
  2015     3     1    12     0     0                        EPOCH OF CURRENT MAP
    87.5-180.0 180.0   5.0 450.0                            LAT/LON1/LON2/DLON/H
  141  148  149  149  152  149  153  150  154  151  155  152  156  151  155  150
  155  151  157  156  162  162  169  172  177  178  183  179  182  177  179  174
  175  171  172  167  167  163  162  157  155  150  149  144  142  138  138  135
  135  134  133  133  132  133  133  133  133  134  134  134  135  135  136  137
  139  140  141  140  141  145  161  135  141                                   
    85.0-180.0 180.0   5.0 450.0                            LAT/LON1/LON2/DLON/H
  132  142  138  142  141  143  144  147  147  150  151  154  153  155  154  156
  155  157  157  159  161  163  169  170  177  178  186  187  190  191  190  191
  188  190  185  186  179  179  171  170  160  160  151  150  141  140  134  133
  127  126  123  122  121  120  121  120  122  123  125  125  127  128  130  131
  132  134  133  137  135  140  150  134  132                                   
    82.5-180.0 180.0   5.0 450.0                            LAT/LON1/LON2/DLON/H
  120  122  118  120  119  120  124  126  128  129  133  133  136  136  139  139
  141  141  145  146  150  152  159  160  169  170  182  182  190  189  195  193
  196  193  194  190  188  182  176  168  162  151  147  136  132  121  119  109
  108  100  101   95   97   92   96   93   97   95   99   99  102  103  105  107
  108  109  110  111  113  112  118  128  120                                   
    80.0-180.0 180.0   5.0 450.0                            LAT/LON1/LON2/DLON/H
  108  110   99  102  101  103  107  109  112  114  117  118  120  122  123  126
  126  129  130  134  136  140  145  150  157  163  173  180  187  194  198  204
  205  209  206  205  199  195  186  179  169  161  152  145  137  130  123  118
  113  107  105  100  100   96   99   97  101  100  105  104  107  107  110  110
  110  110  107  108  102  104  103  107  108                                   
    77.5-180.0 180.0   5.0 450.0                            LAT/LON1/LON2/DLON/H
  101   93   87   85   83   85   86   89   90   94   95   99   98  102  101  105
  104  110  111  118  119  127  130  139  143  154  159  172  180  191  199  207
  213  216  219  219  216  210  205  195  190  175  172  158  158  144  146  134
  136  125  128  118  121  113  117  112  115  113  116  115  117  118  118  119
  116  115  111  105  101   94   92  102  101                                   
    75.0-180.0 180.0   5.0 450.0                            LAT/LON1/LON2/DLON/H
   94   82   76   72   70   72   73   77   75   81   78   83   79   84   81   87
   84   93   91  102  102  114  115  126  129  142  150  167  175  194  201  219
  222  235  233  239  234  235  227  222  214  206  201  194  188  182  177  171
  167  162  159  154  151  146  143  139  138  137  135  135  134  132  131  129
  126  122  115  109   99   94   88   97   94                                   
    72.5-180.0 180.0   5.0 450.0                            LAT/LON1/LON2/DLON/H
   92   77   71   69   69   68   72   70   72   71   74   72   73   71   75   74
   78   80   84   92   95  104  108  118  122  138  146  164  174  193  205  222
  233  245  250  254  252  253  248  246  240  234  230  222  222  213  213  205
  205  197  195  186  183  174  171  162  158  154  151  150  147  145  141  137
  133  128  122  114  104   93   87   94   92                                   
    70.0-180.0 180.0   5.0 450.0                            LAT/LON1/LON2/DLON/H
   90   73   67   66   68   71   73   73   72   72   71   70   70   71   73   73
   77   81   87   93   96  106  107  118  119  133  142  158  170  190  204  223
  235  251  256  265  264  268  263  264  260  260  257  255  251  248  245  239
  236  227  225  212  207  195  190  177  170  161  156  151  148  143  142  137
  137  128  124  114  105   94   87   91   90                                   
    67.5-180.0 180.0   5.0 450.0                            LAT/LON1/LON2/DLON/H
   91   77   70   70   73   73   78   75   77   72   76   71   75   75   81   83
   90   93  100  101  107  109  114  119  122  134  142  159  167  189  203  222
  238  254  265  273  275  279  275  278  273  275  272  270  269  265  263  257
  252  243  235  223  212  201  190  178  164  156  146  143  135  133  129  128
  127  124  120  113  105   94   89   91   91                                   
    65.0-180.0 180.0   5.0 450.0                            LAT/LON1/LON2/DLON/H
   90   75   67   70   74   77   81   79   80   78   78   76   80   85   91   95
  101  106  111  114  114  118  119  125  125  135  141  155  164  183  199  218
  233  253  263  274  278  284  285  287  284  287  286  288  286  285  280  274
  266  255  244  227  213  199  184  167  154  144  134  127  120  115  113  110
  114  109  111  106  101   92   89   90   90                                   
    62.5-180.0 180.0   5.0 450.0                            LAT/LON1/LON2/DLON/H
   86   76   67   71   72   75   80   79   80   78   78   79   82   87   95  102
  107  112  116  116  118  119  123  124  130  136  143  155  162  180  194  214
  230  250  263  272  280  287  289  294  294  301  299  303  298  296  287  278
  266  254  239  222  206  186  166  153  138  128  119  111  103   96   92   90
   92   92   94   95   93   88   87   90   86                                   
    60.0-180.0 180.0   5.0 450.0                            LAT/LON1/LON2/DLON/H
   81   68   63   64   67   69   73   74   75   76   77   78   82   87   92   99
  104  111  114  119  116  125  122  132  131  142  144  154  159  175  187  206
  224  244  256  266  276  283  288  294  295  303  303  307  303  300  290  282
  269  254  237  218  202  178  162  145  133  121  111  102   94   83   80   74
   76   76   81   82   85   82   83   86   81                                   
    57.5-180.0 180.0   5.0 450.0                            LAT/LON1/LON2/DLON/H
   77   67   57   61   59   61   63   66   67   71   71   75   78   83   90   92
   99   99  106  106  108  110  112  119  128  138  146  155  164  175  189  206
  225  241  255  265  276  284  288  294  296  305  306  311  307  303  292  281
  267  251  234  217  196  176  160  146  135  122  113  102   93   82   74   66
   66   64   69   72   76   77   79   85   77                                   
    55.0-180.0 180.0   5.0 450.0                            LAT/LON1/LON2/DLON/H
   79   64   58   57   55   55   58   59   62   65   68   73   73   80   78   85
   84   91   90   98   98  108  110  127  126  148  148  165  166  184  189  208
  223  244  255  268  278  289  292  300  302  310  312  315  312  306  297  285
  272  256  242  225  212  194  183  169  159  146  136  123  113  102   92   82
   76   71   72   73   77   78   81   85   79                                   
    52.5-180.0 180.0   5.0 450.0                            LAT/LON1/LON2/DLON/H
   85   71   61   60   55   54   53   56   57   63   64   69   69   72   73   75
   75   80   82   88   95  102  113  121  132  144  154  167  176  188  201  213
  229  248  261  274  283  294  297  303  305  311  313  315  315  312  304  294
  279  266  253  240  230  216  207  194  185  173  163  151  139  128  115  104
   94   86   83   82   84   85   91   95   85                                   
    50.0-180.0 180.0   5.0 450.0                            LAT/LON1/LON2/DLON/H
   96   81   73   68   65   59   61   59   63   64   64   66   65   70   65   74
   71   80   79   92   94  111  115  136  140  162  161  181  181  202  205  224
  230  255  263  286  292  309  309  321  319  328  327  329  328  324  319  308
  299  283  271  259  251  242  233  222  210  199  188  181  170  161  146  136
  121  112  101   98   97   96  100  101   96                                   
    47.5-180.0 180.0   5.0 450.0                            LAT/LON1/LON2/DLON/H
  112   93   87   82   76   71   69   67   69   70   70   73   70   72   69   73
   73   79   86   93  106  113  129  139  154  162  173  183  193  206  215  227
  235  258  267  291  299  317  320  331  331  335  335  335  334  331  327  320
  310  300  289  278  269  259  249  235  224  211  203  195  189  181  170  158
  142  130  118  111  110  107  116  117  112                                   
    45.0-180.0 180.0   5.0 450.0                            LAT/LON1/LON2/DLON/H
  124  116  103   98   97   89   89   82   84   82   82   80   74   76   68   79
   76   90   91  106  110  125  133  152  159  178  180  196  200  220  221  236
  239  264  271  303  311  336  339  354  351  357  352  353  348  346  341  334
  328  315  306  291  281  268  253  235  221  208  199  193  188  185  177  169
  156  144  129  122  116  115  120  122  124                                   
    42.5-180.0 180.0   5.0 450.0                            LAT/LON1/LON2/DLON/H
  135  122  118  115  114  105  103   98   95   94   94   94   90   89   83   87
   90   99  108  113  126  133  149  159  175  180  194  199  211  221  229  237
  246  268  284  312  326  353  358  372  368  370  364  362  357  353  349  342
  334  324  311  296  279  261  238  217  202  188  178  174  171  170  165  162
  150  141  127  121  116  112  124  134  135                                   
    40.0-180.0 180.0   5.0 450.0                            LAT/LON1/LON2/DLON/H
  138  138  127  132  130  125  122  114  113  108  108  104  100   98   91   99
   98  112  115  126  132  143  153  164  175  184  189  203  208  223  223  239
  244  275  293  331  348  380  384  398  391  393  385  382  374  369  362  354
  347  333  318  298  279  251  224  201  183  168  157  153  151  152  150  145
  140  130  121  113  107  107  117  126  138                                   
    37.5-180.0 180.0   5.0 450.0                            LAT/LON1/LON2/DLON/H
  136  127  126  135  134  135  130  124  121  117  115  114  110  108  105  112
  117  123  130  135  142  147  161  166  182  184  198  204  216  223  230  243
  257  285  310  347  366  399  404  418  410  410  401  395  386  378  372  364
  356  342  325  303  279  248  221  197  178  162  150  145  140  139  133  131
  125  120  109  103   97   93  102  120  136                                   
    35.0-180.0 180.0   5.0 450.0                            LAT/LON1/LON2/DLON/H
  128  125  117  131  131  134  131  126  125  117  120  117  116  115  111  120
  123  132  135  141  146  153  162  170  180  186  192  206  212  228  230  250
  262  295  328  368  402  430  444  451  444  439  429  418  410  402  394  387
  377  363  344  323  295  269  241  220  200  185  170  161  153  146  139  133
  130  124  114  108   95   94  102  115  128                                   
    32.5-180.0 180.0   5.0 450.0                            LAT/LON1/LON2/DLON/H
  121  110  106  117  124  128  128  125  123  120  120  120  119  121  121  129
  136  141  143  146  151  156  166  174  187  194  205  215  224  236  243  264
  275  309  338  392  420  459  468  484  476  471  459  446  438  429  424  418
  413  399  387  365  343  318  296  276  259  242  228  216  200  184  170  162
  154  147  135  122  109   99   99  110  121                                   
    30.0-180.0 180.0   5.0 450.0                            LAT/LON1/LON2/DLON/H
  116   98   92  100  107  110  113  110  112  107  113  114  120  120  124  130
  137  141  142  149  152  162  170  183  193  204  211  225  232  246  254  273
  295  329  372  415  463  490  510  517  518  508  499  484  477  469  470  468
  467  459  444  430  408  387  361  348  331  323  310  306  290  268  236  218
  204  191  178  164  143  131  121  121  116                                   
    27.5-180.0 180.0   5.0 450.0                            LAT/LON1/LON2/DLON/H
  111  100   89   95   99  103  105  103  104  103  107  111  116  120  124  132
  138  141  144  149  158  168  181  195  210  222  234  245  252  263  272  301
  323  365  401  453  489  528  537  557  553  552  542  535  526  523  523  530
  533  533  525  511  498  480  467  454  445  431  422  408  391  368  338  315
  280  266  237  219  192  170  147  131  111                                   
    25.0-180.0 180.0   5.0 450.0                            LAT/LON1/LON2/DLON/H
  122  121   99   93   88   88   89   86   88   86   92   96  107  114  124  125
  134  135  139  149  161  177  192  212  226  238  249  261  269  280  304  333
  370  401  444  483  526  553  576  589  602  599  599  588  582  580  579  592
  595  608  599  595  586  582  579  576  562  551  531  528  502  484  436  407
  361  350  313  288  249  214  191  163  122                                   
    22.5-180.0 180.0   5.0 450.0                            LAT/LON1/LON2/DLON/H
  151  149  133  117  106   97   96   91   94   91   92   94  102  111  116  123
  128  129  138  149  168  187  209  228  244  252  265  275  285  308  334  369
  408  444  487  528  558  583  599  620  632  644  643  647  633  643  636  657
  658  672  671  680  683  682  684  677  676  657  638  633  615  601  548  513
  459  429  382  358  317  280  236  210  151                                   
    20.0-180.0 180.0   5.0 450.0                            LAT/LON1/LON2/DLON/H
  198  180  160  139  128  123  111  105  103   95   92   89   95   98  110  112
  120  122  132  151  174  199  225  243  253  264  273  293  308  340  372  409
  451  486  533  566  594  611  634  647  668  678  690  692  691  694  700  716
  724  731  737  739  745  741  746  733  722  702  684  673  660  656  621  606
  554  516  458  419  381  345  308  267  198                                   
    17.5-180.0 180.0   5.0 450.0                            LAT/LON1/LON2/DLON/H
  244  234  200  173  153  137  138  129  122  113  106   99   97   97  106  108
  113  119  132  153  179  209  234  247  259  266  279  299  317  357  392  438
  485  523  561  592  609  628  642  663  679  702  715  730  725  739  736  755
  759  770  776  778  784  777  777  753  736  699  679  663  659  651  633  625
  597  570  509  463  420  398  368  324  244                                   
    15.0-180.0 180.0   5.0 450.0                            LAT/LON1/LON2/DLON/H
  286  274  244  207  179  159  149  144  141  128  115  103   95   96   99  104
  106  114  127  153  182  214  235  251  258  277  290  321  340  379  419  463
  508  548  588  610  632  645  662  674  699  722  743  754  762  765  773  783
  790  792  794  793  789  779  761  736  704  654  623  610  607  612  606  608
  589  563  519  477  441  415  410  366  286                                   
    12.5-180.0 180.0   5.0 450.0                            LAT/LON1/LON2/DLON/H
  317  305  269  233  202  175  163  155  154  143  133  116  106   98   99  101
  108  112  130  153  182  211  231  247  259  278  299  335  363  405  444  483
  525  558  590  610  631  646  664  681  706  738  758  777  780  786  788  800
  798  794  785  779  768  754  723  692  634  577  538  526  523  533  542  560
  543  524  491  459  432  424  423  389  317                                   
    10.0-180.0 180.0   5.0 450.0                            LAT/LON1/LON2/DLON/H
  331  330  296  259  229  197  180  163  157  147  139  125  110  103   98   99
  103  115  130  155  179  212  228  252  263  293  312  353  383  426  464  500
  542  570  598  614  641  655  676  692  723  753  778  796  802  808  815  819
  815  795  775  754  742  714  689  637  584  505  463  434  439  454  470  486
  491  474  457  427  416  408  424  392  331                                   
     7.5-180.0 180.0   5.0 450.0                            LAT/LON1/LON2/DLON/H
  333  334  309  272  240  210  192  170  164  151  149  133  122  112  109  106
  109  120  137  160  186  210  231  251  270  300  326  368  405  442  480  507
