data/unet/pred3070.15i
     1.0            IONOSPHERE MAPS     GNSS                IONEX VERSION / TYPE
pyspatialgeodesy        IME             05-JAN-18 20:20     PGM / RUN BY / DATE 
Map Name                                                    COMMENT             
Predicted global ionosphere maps (GIM).                     DESCRIPTION         
  2015    11     3     0     0     0                        EPOCH OF FIRST MAP  
  2015    11     4     0     0     0                        EPOCH OF LAST MAP   
  7200                                                      INTERVAL            
    13                                                      # OF MAPS IN FILE   
  NONE                                                      MAPPING FUNCTION    
10.0                                                        ELEVATION CUTOFF    
One-way carrier phase leveled to code                       OBSERVABLES USED    
  6371.0                                                    BASE RADIUS         
 2                                                          MAP DIMENSION       
   450.0 450.0   0.0                                        HGT1 / HGT2 / DHGT  
    87.5 -87.5  -2.5                                        LAT1 / LAT2 / DLAT  
  -180.0 180.0   5.0                                        LON1 / LON2 / DLON  
    -1                                                      EXPONENT            
                                                            END OF HEADER       
[from data line 4290]
    11                                                      START OF TEC MAP    
  2015    11     3    20     0     0                        EPOCH OF CURRENT MAP
    87.5-180.0 180.0   5.0 450.0                            LAT/LON1/LON2/DLON/H
  132  101   85   92   90   91   90   92   91   94   93   95   94   96   96   98
   97   99   98   99   98   98   97   97   96   95   94   92   92   90   90   88
   88   87   86   85   84   82   81   81   79   79   78   78   77   77   76   77
   76   78   77   79   79   81   81   83   83   84   84   85   84   86   84   85
   84   86   85   86   88   88   83  117  132                                   
    85.0-180.0 180.0   5.0 450.0                            LAT/LON1/LON2/DLON/H
   77   72   71   76   79   78   80   81   83   84   86   87   90   90   92   93
   95   94   96   94   96   93   94   91   92   88   89   85   86   82   82   79
   80   76   76   73   74   69   71   67   69   66   68   66   68   65   67   66
   68   68   69   69   71   71   71   72   73   73   73   73   73   72   72   71
   71   70   71   70   73   71   72   86   77                                   
    82.5-180.0 180.0   5.0 450.0                            LAT/LON1/LON2/DLON/H
   68   63   65   69   69   71   73   78   80   84   86   91   93   97   98  102
  102  104  102  103  100  101   96   96   91   91   86   86   82   82   77   78
   74   75   71   71   68   68   65   65   63   63   62   63   62   63   63   64
   65   67   67   69   70   71   71   72   72   73   72   72   71   72   70   70
   67   68   65   66   65   63   60   68   68                                   
    80.0-180.0 180.0   5.0 450.0                            LAT/LON1/LON2/DLON/H
   66   57   57   57   62   61   69   70   78   80   88   91   97  100  105  108
  110  110  110  109  106  103   99   95   90   87   83   80   78   76   74   71
   71   68   68   64   64   60   59   55   56   52   54   52   54   53   56   56
   60   59   64   63   67   66   69   68   70   69   70   68   69   67   67   63
   63   60   60   56   57   53   53   60   66                                   
    77.5-180.0 180.0   5.0 450.0                            LAT/LON1/LON2/DLON/H
   60   53   52   53   56   59   65   70   77   82   90   96  104  109  115  118
  121  120  120  117  114  107  103   96   91   84   80   74   73   70   69   66
   66   64   64   60   59   55   53   49   48   46   45   45   46   47   49   52
   54   56   59   62   64   66   68   68   69   69   70   69   68   67   65   62
   60   57   56   53   51   48   48   50   60                                   
    75.0-180.0 180.0   5.0 450.0                            LAT/LON1/LON2/DLON/H
   60   53   54   55   59   63   70   76   83   90   99  106  115  121  128  132
  134  134  132  127  123  114  109   98   92   83   78   72   69   68   66   66
   65   65   64   63   59   56   51   49   44   43   41   42   42   44   47   50
   52   55   59   60   63   65   67   67   69   68   69   67   68   65   66   61
   61   57   57   52   52   48   51   53   60                                   
    72.5-180.0 180.0   5.0 450.0                            LAT/LON1/LON2/DLON/H
   64   61   59   62   66   69   77   82   91   98  110  119  129  136  144  147
  149  148  146  139  133  124  115  104   95   85   79   72   71   68   68   66
   67   66   66   63   60   56   51   48   42   41   38   40   39   43   44   49
   51   56   57   60   61   63   64   64   64   64   64   63   63   62   61   60
   58   56   55   53   51   50   53   54   64                                   
    70.0-180.0 180.0   5.0 450.0                            LAT/LON1/LON2/DLON/H
   68   65   69   71   77   81   88   94  102  110  121  130  140  148  156  159
  161  161  157  152  144  133  123  109  100   86   80   72   72   68   69   66
   67   65   64   62   59   54   49   45   41   39   38   39   40   43   46   49
   53   55   58   58   59   58   59   58   59   57   59   57   58   56   58   55
   56   53   55   52   53   52   55   59   68                                   
    67.5-180.0 180.0   5.0 450.0                            LAT/LON1/LON2/DLON/H
   70   72   75   82   89   91  100  104  113  120  131  141  151  159  165  169
  171  171  169  164  155  146  133  120  105   94   84   77   72   71   69   68
   66   64   62   59   55   50   46   42   38   37   36   39   39   44   45   50
   50   53   53   53   52   50   50   49   49   49   49   49   49   50   49   50
   48   49   48   49   49   50   54   59   70                                   
    65.0-180.0 180.0   5.0 450.0                            LAT/LON1/LON2/DLON/H
   69   71   82   89   97  100  109  113  121  129  138  148  157  165  172  175
  177  180  176  173  164  154  144  128  115  100   90   80   75   72   70   67
   65   61   57   52   49   44   40   37   35   35   36   39   40   45   46   49
   49   50   49   47   45   43   41   39   39   39   40   40   41   41   42   42
   42   42   43   42   46   46   53   63   69                                   
    62.5-180.0 180.0   5.0 450.0                            LAT/LON1/LON2/DLON/H
   67   74   81   93  102  107  115  120  128  135  144  154  162  171  176  181
  182  186  184  181  174  166  155  143  128  115  102   92   84   80   75   71
   66   59   54   47   43   37   36   32   33   33   35   37   40   42   44   45
   44   44   41   39   34   33   29   29   29   31   32   33   33   35   34   34
   34   34   35   36   38   40   48   59   67                                   
    60.0-180.0 180.0   5.0 450.0                            LAT/LON1/LON2/DLON/H
   65   71   86   96  106  114  121  128  133  140  147  156  163  172  177  183
  185  190  188  187  180  173  166  154  143  128  116  105   98   91   84   78
   71   62   53   45   40   34   33   32   33   34   36   40   41   44   44   44
   42   40   37   33   29   26   24   24   25   27   29   29   31   31   31   30
   31   30   32   32   37   37   48   61   65                                   
    57.5-180.0 180.0   5.0 450.0                            LAT/LON1/LON2/DLON/H
   66   75   86  101  110  120  128  135  139  146  152  159  165  172  177  183
  186  191  192  191  186  179  174  165  156  142  133  123  116  107  101   89
   80   66   58   46   42   34   36   33   38   38   42   42   45   45   44   42
   40   38   34   31   28   26   25   26   28   30   32   32   32   32   32   32
   32   32   34   35   38   40   49   59   66                                   
    55.0-180.0 180.0   5.0 450.0                            LAT/LON1/LON2/DLON/H
   71   83   97  110  120  131  138  145  148  153  157  163  165  171  175  182
  186  193  194  195  190  185  180  173  166  155  149  141  135  126  117  106
   93   78   66   53   47   40   41   41   45   47   50   51   51   50   48   46
   44   42   39   36   33   33   33   34   37   39   40   40   40   38   38   36
   38   38   42   43   48   48   60   70   71                                   
    52.5-180.0 180.0   5.0 450.0                            LAT/LON1/LON2/DLON/H
   87   99  109  124  134  146  152  159  162  166  168  170  171  173  177  183
  189  196  199  199  196  191  186  180  174  167  163  157  152  143  134  118
  105   87   78   62   59   50   53   51   56   56   60   59   60   56   55   51
   51   49   49   46   46   46   48   50   53   54   54   52   50   48   47   46
   48   51   55   59   63   64   74   81   87                                   
    50.0-180.0 180.0   5.0 450.0                            LAT/LON1/LON2/DLON/H
  104  118  132  145  155  166  171  177  179  180  179  179  177  177  178  184
  190  197  199  201  198  195  189  185  182  177  174  169  166  156  146  129
  115   97   87   75   70   64   65   64   68   68   70   69   69   66   64   62
   62   62   63   63   63   64   66   69   71   71   69   66   62   60   59   59
   62   65   72   76   83   84   95  103  104                                   
    47.5-180.0 180.0   5.0 450.0                            LAT/LON1/LON2/DLON/H
  130  144  154  169  179  188  193  200  201  203  199  197  191  190  190  194
  200  205  206  207  204  201  198  195  192  188  184  180  174  164  151  133
  118  102   94   83   81   75   78   76   78   77   80   78   78   74   73   71
   73   74   78   78   81   82   85   87   88   86   83   77   73   69   69   70
   73   78   85   93  102  107  116  123  130                                   
    45.0-180.0 180.0   5.0 450.0                            LAT/LON1/LON2/DLON/H
  148  164  177  190  201  209  215  221  224  225  221  217  209  204  202  205
  209  211  213  212  210  208  206  204  204  198  196  187  180  164  149  131
  117  103   95   89   88   87   87   86   86   86   87   86   85   82   80   81
   83   87   90   93   96   98  100  100  101   97   92   85   80   77   77   78
   82   87   97  105  118  126  135  145  148                                   
    42.5-180.0 180.0   5.0 450.0                            LAT/LON1/LON2/DLON/H
  166  180  191  208  218  228  235  243  246  249  245  241  232  227  223  225
  226  228  226  225  222  221  219  218  216  212  204  194  179  160  141  122
  109   97   93   89   94   92   96   92   93   90   92   91   91   87   86   85
   89   92   97  100  104  105  108  107  107  102   95   87   82   79   79   81
   84   89   98  110  124  136  144  157  166                                   
    40.0-180.0 180.0   5.0 450.0                            LAT/LON1/LON2/DLON/H
  171  188  202  218  231  240  249  258  264  266  264  259  251  245  241  240
  242  241  240  239  237  236  234  232  231  223  214  198  179  155  133  117
  105   98   94   96  100  102  103  100   97   95   96   95   95   91   88   87
   89   93   98  101  105  107  109  109  107  101   95   87   82   79   80   80
   83   85   95  105  123  135  148  163  171                                   
    37.5-180.0 180.0   5.0 450.0                            LAT/LON1/LON2/DLON/H
  172  186  199  220  232  244  254  265  274  281  280  278  271  267  261  261
  260  260  259  259  256  255  253  250  247  236  223  202  179  152  132  115
  108  101  102  102  110  110  112  106  103   98  100   98   98   93   89   86
   87   89   93   96  101  104  107  107  104  100   92   86   81   78   78   76
   77   78   84   95  111  127  140  158  172                                   
    35.0-180.0 180.0   5.0 450.0                            LAT/LON1/LON2/DLON/H
  163  181  196  217  231  242  255  266  277  286  289  290  286  282  277  276
  275  276  276  278  276  274  270  265  259  246  230  207  185  159  142  131
  127  122  121  122  125  126  124  118  112  107  106  104  103   96   91   85
   84   83   87   90   95  101  105  107  103   98   92   86   83   80   80   76
   74   72   78   87  104  118  137  155  163                                   
    32.5-180.0 180.0   5.0 450.0                            LAT/LON1/LON2/DLON/H
  156  171  186  207  222  234  247  260  273  284  290  295  295  294  290  289
  288  291  292  296  296  293  286  279  269  255  238  218  198  180  170  164
  163  158  153  150  149  145  142  131  125  116  115  111  109  101   94   86
   82   79   80   82   87   95   99  104  100   97   90   86   84   83   82   78
   75   71   74   81   95  111  130  147  156                                   
    30.0-180.0 180.0   5.0 450.0                            LAT/LON1/LON2/DLON/H
  151  170  186  203  220  232  245  256  269  279  287  294  297  297  295  295
  296  299  302  308  309  305  296  285  275  261  250  234  224  212  212  210
  214  206  197  182  175  166  160  150  142  134  130  126  121  111  103   93
   88   83   82   82   88   96  103  108  106  102   98   94   92   89   89   85
   82   79   82   87  102  115  136  152  151                                   
    27.5-180.0 180.0   5.0 450.0                            LAT/LON1/LON2/DLON/H
  162  176  191  210  226  236  246  256  268  277  285  292  296  298  298  297
  298  302  307  314  316  311  300  290  280  271  265  259  259  259  266  274
  279  270  252  225  207  191  180  168  160  150  147  140  135  125  115  105
   97   91   86   85   88   98  105  112  110  108  102   99   97   96   96   93
   93   90   96  101  116  132  147  163  162                                   
    25.0-180.0 180.0   5.0 450.0                            LAT/LON1/LON2/DLON/H
  181  196  213  228  244  253  263  270  277  283  290  295  299  301  301  300
  301  304  309  314  316  309  300  289  286  283  289  293  306  315  333  344
  348  331  303  263  232  211  198  187  177  171  165  159  151  143  133  124
  116  108  102   98  101  106  114  118  116  111  105  100  100   97  100  100
  103  106  113  122  136  152  168  186  181                                   
    22.5-180.0 180.0   5.0 450.0                            LAT/LON1/LON2/DLON/H
  211  224  239  254  268  277  287  293  299  301  303  304  307  307  307  305
  306  306  309  312  312  305  298  291  295  303  320  335  357  375  397  404
  405  379  343  291  250  223  209  196  192  183  180  170  165  155  149  141
  136  128  121  114  114  118  122  124  120  116  108  103  100  100  103  105
  111  116  128  137  155  177  194  218  211                                   
    20.0-180.0 180.0   5.0 450.0                            LAT/LON1/LON2/DLON/H
  240  252  271  282  293  302  310  317  322  324  325  327  326  323  320  317
  316  315  315  313  311  302  300  298  312  330  356  378  404  426  447  447
  436  400  356  300  257  228  215  206  204  200  195  189  181  173  167  162
  156  149  141  134  130  132  135  136  130  123  114  108  104  102  105  108
  115  124  137  153  169  189  210  237  240                                   
    17.5-180.0 180.0   5.0 450.0                            LAT/LON1/LON2/DLON/H
  264  278  297  309  323  334  343  350  356  357  358  357  358  350  346  338
  337  332  330  321  319  309  312  318  341  366  396  423  452  469  482  468
  448  404  353  292  253  222  215  206  209  207  208  200  193  182  176  170
  168  163  158  148  145  143  145  143  137  128  117  109  103  102  105  109
  118  128  142  158  180  204  223  255  264                                   
    15.0-180.0 180.0   5.0 450.0                            LAT/LON1/LON2/DLON/H
  286  297  319  334  350  368  378  393  397  401  398  400  398  392  382  372
  368  358  350  338  332  325  335  350  378  408  439  466  489  498  496  470
  443  389  331  278  242  224  217  215  218  220  219  213  202  192  182  178
  177  175  170  162  155  152  150  148  139  130  120  112  105  104  106  111
  120  131  146  166  186  210  235  265  286                                   
    12.5-180.0 180.0   5.0 450.0                            LAT/LON1/LON2/DLON/H
  290  311  334  352  375  398  413  427  437  444  445  448  448  440  427  415
  410  396  385  366  359  355  369  391  421  453  481  501  515  513  494  463
  423  366  310  261  235  220  219  221  228  231  229  222  211  197  187  183
  183  182  179  169  163  156  155  148  142  130  121  112  106  104  106  111
  118  127  141  161  182  210  236  272  290                                   
    10.0-180.0 180.0   5.0 450.0                            LAT/LON1/LON2/DLON/H
  299  318  346  367  398  425  445  463  474  489  492  503  496  488  470  463
  458  441  428  405  398  396  412  439  471  504  526  534  533  511  483  438
  394  337  288  252  232  226  226  234  240  241  237  227  216  200  188  184
  183  184  181  175  168  163  158  151  143  132  124  114  108  105  108  111
  118  124  139  157  178  205  234  271  299                                   
     7.5-180.0 180.0   5.0 450.0                            LAT/LON1/LON2/DLON/H
  298  326  354  379  413  444  467  483  498  515  529  539  539  530  516  507
  505  494  480  456  445  445  463  496  529  553  563  560  538  506  466  422
