data/unet/pred1320.15i
     1.0            IONOSPHERE MAPS     GNSS                IONEX VERSION / TYPE
pyspatialgeodesy        IME             05-JAN-18 20:20     PGM / RUN BY / DATE 
Map Name                                                    COMMENT             
Predicted global ionosphere maps (GIM).                     DESCRIPTION         
  2015     5    12     0     0     0                        EPOCH OF FIRST MAP  
  2015     5    13     0     0     0                        EPOCH OF LAST MAP   
  7200                                                      INTERVAL            
    13                                                      # OF MAPS IN FILE   
  NONE                                                      MAPPING FUNCTION    
10.0                                                        ELEVATION CUTOFF    
One-way carrier phase leveled to code                       OBSERVABLES USED    
  6371.0                                                    BASE RADIUS         
 2                                                          MAP DIMENSION       
   450.0 450.0   0.0                                        HGT1 / HGT2 / DHGT  
    87.5 -87.5  -2.5                                        LAT1 / LAT2 / DLAT  
  -180.0 180.0   5.0                                        LON1 / LON2 / DLON  
    -1                                                      EXPONENT            
                                                            END OF HEADER       
[from data line 2574]
     7                                                      START OF TEC MAP    
  2015     5    12    12     0     0                        EPOCH OF CURRENT MAP
    87.5-180.0 180.0   5.0 450.0                            LAT/LON1/LON2/DLON/H
  163  180  179  175  176  172  176  173  177  173  178  173  179  174  180  175
  181  175  181  176  182  176  182  176  182  176  181  177  181  177  180  177
  179  176  177  175  175  172  171  169  169  166  166  163  165  161  162  159
  161  158  159  156  159  156  158  155  158  156  159  157  160  159  162  160
  163  162  164  161  164  161  166  146  163                                   
    85.0-180.0 180.0   5.0 450.0                            LAT/LON1/LON2/DLON/H
  159  167  165  163  164  160  165  163  168  165  169  165  170  166  172  167
  173  169  174  169  175  169  174  168  175  169  175  170  176  172  176  172
  175  171  173  169  170  165  166  161  162  158  158  156  156  154  154  153
  153  152  151  150  151  149  149  148  149  148  150  149  151  151  153  152
  153  151  153  149  151  151  157  163  159                                   
    82.5-180.0 180.0   5.0 450.0                            LAT/LON1/LON2/DLON/H
  150  160  159  152  157  152  158  158  162  160  164  162  165  164  166  165
  167  167  168  167  168  168  168  167  169  168  170  170  174  173  175  174
  175  172  172  169  169  164  163  158  157  153  152  149  149  145  146  143
  145  141  143  139  142  137  139  137  139  137  139  139  140  141  143  142
  143  141  143  139  143  142  146  152  150                                   
    80.0-180.0 180.0   5.0 450.0                            LAT/LON1/LON2/DLON/H
  140  151  149  144  147  146  153  154  157  156  160  159  162  161  163  162
  164  164  165  163  165  162  163  162  164  162  165  166  169  170  172  172
  174  172  172  170  169  164  161  157  155  151  149  146  146  143  144  143
  143  142  142  142  141  141  141  141  141  141  142  142  143  143  144  144
  144  143  143  139  140  137  138  143  140                                   
    77.5-180.0 180.0   5.0 450.0                            LAT/LON1/LON2/DLON/H
  134  140  139  135  136  141  144  148  149  150  151  152  152  152  152  154
  152  155  153  155  153  155  153  155  154  157  158  162  163  167  169  173
  174  175  175  174  172  169  165  162  157  154  152  150  149  149  150  150
  151  152  153  154  153  153  153  153  152  151  151  150  149  149  148  147
  145  144  142  137  137  134  134  136  134                                   
    75.0-180.0 180.0   5.0 450.0                            LAT/LON1/LON2/DLON/H
  130  133  137  133  136  136  142  142  145  143  147  144  147  145  148  146
  148  147  150  149  151  149  151  150  152  153  155  158  162  165  170  174
  178  180  183  182  182  179  176  172  168  165  163  161  161  161  162  164
  164  166  167  167  167  166  166  164  162  161  160  159  157  157  155  155
  152  151  148  142  141  137  138  137  130                                   
    72.5-180.0 180.0   5.0 450.0                            LAT/LON1/LON2/DLON/H
  127  126  134  130  135  136  140  139  141  140  141  140  140  141  141  142
  141  144  143  146  144  147  145  147  146  148  150  152  157  161  168  173
  179  183  189  189  192  188  188  182  182  177  179  175  179  177  183  180
  186  183  189  183  188  181  185  176  178  172  174  169  170  166  166  161
  159  154  151  144  142  136  139  137  127                                   
    70.0-180.0 180.0   5.0 450.0                            LAT/LON1/LON2/DLON/H
  125  123  132  131  135  136  139  137  137  135  135  134  134  133  135  135
  138  139  141  142  144  144  145  143  144  143  146  147  152  156  164  169
  179  183  191  193  197  195  194  191  190  189  190  190  194  195  199  200
  204  202  205  200  202  195  196  187  188  180  182  176  178  173  174  168
  166  159  155  148  142  138  139  134  125                                   
    67.5-180.0 180.0   5.0 450.0                            LAT/LON1/LON2/DLON/H
  120  113  126  127  131  134  136  134  134  131  131  130  130  130  131  134
  135  139  140  143  142  142  141  140  140  140  142  144  149  153  160  166
  176  181  191  192  198  195  199  193  197  194  199  199  205  206  212  212
  217  213  216  209  211  203  204  194  195  187  190  183  187  182  185  177
  175  166  160  150  144  136  138  133  120                                   
    65.0-180.0 180.0   5.0 450.0                            LAT/LON1/LON2/DLON/H
  114  109  116  123  127  130  133  132  133  129  130  128  130  128  132  134
  137  139  141  143  143  143  143  141  142  142  145  146  150  153  160  166
  177  182  192  194  199  198  201  199  202  202  206  208  213  217  219  221
  222  219  219  212  212  205  204  196  197  190  194  188  193  188  190  182
  180  169  162  150  143  135  133  130  114                                   
    62.5-180.0 180.0   5.0 450.0                            LAT/LON1/LON2/DLON/H
  107   95  101  106  111  115  122  121  124  121  123  123  126  127  131  133
  137  138  139  140  139  138  138  137  138  140  142  145  148  151  159  164
  175  179  189  191  199  196  201  199  205  205  212  214  220  224  225  226
  225  221  218  212  210  204  203  196  196  192  194  192  194  191  191  185
  182  173  165  152  144  133  130  124  107                                   
    60.0-180.0 180.0   5.0 450.0                            LAT/LON1/LON2/DLON/H
  103   88   86   93   93   96  103  106  111  111  115  117  122  123  129  132
  136  137  138  138  138  136  137  137  141  142  146  148  152  155  161  167
  176  183  191  195  201  201  205  204  210  212  218  223  227  231  231  229
  229  222  220  213  212  207  207  202  204  201  204  201  203  198  197  190
  186  176  168  154  144  133  125  119  103                                   
    57.5-180.0 180.0   5.0 450.0                            LAT/LON1/LON2/DLON/H
  102   84   80   78   77   75   80   83   89   92   99  106  111  116  122  127
  130  131  132  132  131  130  130  134  135  140  142  147  151  156  163  169
  179  185  195  199  207  207  214  213  221  224  229  234  239  242  240  239
  237  232  229  224  223  220  220  217  217  215  217  214  212  207  201  196
  188  182  172  160  150  136  125  113  102                                   
    55.0-180.0 180.0   5.0 450.0                            LAT/LON1/LON2/DLON/H
  108   90   79   76   68   65   66   67   72   74   83   91  102  107  116  120
  125  126  128  127  128  127  129  132  136  141  146  151  157  162  169  176
  185  193  202  209  215  220  225  230  234  239  242  248  251  254  249  247
  245  240  239  236  236  235  235  235  235  235  235  232  228  221  214  205
  197  189  180  167  157  144  133  116  108                                   
    52.5-180.0 180.0   5.0 450.0                            LAT/LON1/LON2/DLON/H
  118   99   85   77   69   62   60   58   61   61   70   77   87   96  103  111
  115  120  121  123  122  126  126  132  134  142  146  154  160  167  176  184
  196  204  216  223  232  238  244  249  253  258  262  265  266  266  262  260
  259  255  257  253  256  254  256  254  254  254  253  251  244  236  226  217
  207  199  190  178  170  155  148  122  118                                   
    50.0-180.0 180.0   5.0 450.0                            LAT/LON1/LON2/DLON/H
  137  114   96   86   76   71   64   59   58   58   62   68   78   87   97  104
  113  119  123  125  127  130  132  136  140  148  154  161  168  176  185  196
  206  220  231  244  251  261  263  270  270  276  276  281  278  279  275  275
  272  273  271  272  270  272  268  271  267  272  268  269  259  251  241  231
  221  213  204  193  184  173  171  140  137                                   
    47.5-180.0 180.0   5.0 450.0                            LAT/LON1/LON2/DLON/H
  158  136  119  106   94   85   81   70   67   61   65   68   77   83   90  102
  109  120  124  132  132  138  138  144  146  155  158  168  174  185  195  208
  223  236  255  267  277  283  287  289  292  293  295  295  294  291  289  289
  291  290  289  284  281  279  276  277  276  281  279  278  271  264  252  242
  231  222  213  204  200  192  195  161  158                                   
    45.0-180.0 180.0   5.0 450.0                            LAT/LON1/LON2/DLON/H
  180  160  142  130  116  107   97   89   82   74   72   73   78   84   93  103
  115  126  136  143  148  151  153  156  160  165  170  178  185  196  206  224
  240  264  280  296  299  309  308  311  311  313  313  314  309  309  302  306
  304  308  298  296  284  287  277  283  278  287  283  285  276  271  259  249
  238  228  220  211  206  204  209  178  180                                   
    42.5-180.0 180.0   5.0 450.0                            LAT/LON1/LON2/DLON/H
  193  177  166  157  145  133  122  109  105   93   91   87   90   92   96  109
  118  134  143  156  159  165  164  168  167  174  178  186  194  204  217  235
  261  282  306  319  332  338  345  344  349  345  346  338  335  325  323  320
  323  316  308  298  288  286  279  284  281  288  284  285  277  273  261  252
  240  228  222  212  209  208  212  190  193                                   
    40.0-180.0 180.0   5.0 450.0                            LAT/LON1/LON2/DLON/H
  198  187  177  171  168  158  147  132  124  115  110  106  105  104  106  115
  127  143  158  168  177  180  181  181  181  185  188  196  203  217  232  257
  279  308  329  352  364  380  385  391  390  389  382  378  362  356  342  344
  336  333  316  307  291  289  280  284  280  285  283  284  278  274  265  258
  245  234  223  211  204  204  207  193  198                                   
    37.5-180.0 180.0   5.0 450.0                            LAT/LON1/LON2/DLON/H
  194  186  180  180  179  172  163  151  142  135  130  127  123  121  117  127
  136  154  166  178  183  189  189  189  189  193  198  205  213  230  250  279
  308  338  362  383  404  421  434  440  442  440  435  424  413  399  388  381
  374  361  343  327  313  304  296  293  289  291  288  290  284  284  274  267
  253  239  224  209  202  200  206  191  194                                   
    35.0-180.0 180.0   5.0 450.0                            LAT/LON1/LON2/DLON/H
  188  184  175  176  181  175  176  160  156  150  148  146  141  138  133  139
  149  168  178  187  192  195  198  198  201  204  211  220  228  250  267  301
  323  363  385  417  435  461  474  486  490  489  486  472  460  445  432  422
  411  398  379  367  352  345  332  327  318  316  312  307  301  300  292  286
  270  254  235  223  204  203  201  185  188                                   
    32.5-180.0 180.0   5.0 450.0                            LAT/LON1/LON2/DLON/H
  187  178  173  179  183  184  179  172  164  163  161  161  157  154  147  152
  159  177  185  191  194  198  203  206  212  218  228  239  249  272  294  328
  360  389  420  445  475  496  517  532  540  542  538  527  514  498  484  477
  466  457  443  433  422  416  405  400  388  377  359  349  332  330  318  311
  295  282  258  238  220  209  208  177  187                                   
    30.0-180.0 180.0   5.0 450.0                            LAT/LON1/LON2/DLON/H
  182  170  163  169  171  174  174  164  166  166  168  171  169  165  160  161
  169  185  196  201  204  207  214  218  225  236  246  263  270  297  312  354
  380  414  442  475  506  532  556  577  587  591  592  580  570  553  542  533
  527  519  510  502  502  499  494  487  469  454  429  413  391  380  361  351
  325  311  281  261  234  223  211  177  182                                   
    27.5-180.0 180.0   5.0 450.0                            LAT/LON1/LON2/DLON/H
  187  174  160  161  169  173  175  175  174  174  177  178  174  173  166  169
  173  188  196  205  209  215  221  226  236  248  265  283  293  314  333  370
  397  434  473  503  538  561  590  609  624  634  634  633  623  612  600  600
  594  601  595  605  603  611  605  602  576  549  511  480  448  424  401  382
  357  344  316  296  268  246  232  186  187                                   
    25.0-180.0 180.0   5.0 450.0                            LAT/LON1/LON2/DLON/H
  216  194  173  171  167  172  163  168  165  168  165  175  169  171  162  169
  175  190  202  211  222  224  233  237  246  264  279  303  311  339  356  393
  427  469  511  549  575  600  621  642  659  669  679  677  676  667  666  671
  673  675  677  681  685  691  689  681  662  637  600  555  510  483  452  432
  404  389  360  335  300  284  266  229  216                                   
    22.5-180.0 180.0   5.0 450.0                            LAT/LON1/LON2/DLON/H
  247  234  210  197  192  183  177  168  169  171  173  172  172  169  162  169
  175  192  203  220  228  239  244  251  263  276  295  316  338  362  383  419
  456  504  545  580  605  625  647  665  681  697  707  715  709  706  704  717
  723  739  741  757  760  771  763  753  721  684  645  609  568  534  506  488
  461  445  418  384  347  326  330  279  247                                   
    20.0-180.0 180.0   5.0 450.0                            LAT/LON1/LON2/DLON/H
  288  269  241  227  212  204  187  183  167  165  161  167  155  166  149  165
  169  190  205  226  239  249  255  262  270  286  307  335  364  390  422  456
  502  540  580  610  631  654  671  689  707  723  738  736  734  734  740  758
  772  792  800  810  813  820  810  790  754  710  663  623  583  562  535  524
  499  491  466  435  396  377  384  334  288                                   
    17.5-180.0 180.0   5.0 450.0                            LAT/LON1/LON2/DLON/H
  324  309  275  247  232  211  205  189  186  178  170  169  162  156  154  156
  166  189  205  232  244  260  269  276  291  304  339  363  400  423  456  491
  530  575  605  632  652  677  694  710  725  743  745  746  741  748  754  781
  799  819  825  832  831  830  813  794  760  706  650  601  566  547  527  523
  504  506  486  467  437  430  430  378  324                                   
    15.0-180.0 180.0   5.0 450.0                            LAT/LON1/LON2/DLON/H
  352  333  301  274  256  237  215  204  188  182  169  166  155  155  140  155
  154  184  206  229  245  260  269  284  301  326  368  393  438  464  499  530
  568  597  623  647  669  694  712  727  742  752  751  752  750  754  769  790
  814  825  829  830  825  817  796  772  724  664  596  550  515  502  487  485
  481  489  492  474  456  449  447  409  352                                   
    12.5-180.0 180.0   5.0 450.0                            LAT/LON1/LON2/DLON/H
  365  354  325  298  275  252  228  208  199  184  181  172  164  152  144  144
  150  169  192  223  241  258  271  286  317  344  396  426  470  499  520  557
  580  619  636  663  680  705  720  742  757  763  758  758  749  759  768  790
  807  814  816  809  801  786  767  722  682  619  565  518  478  468  439  446
  431  455  448  458  449  464  462  430  365                                   
    10.0-180.0 180.0   5.0 450.0                            LAT/LON1/LON2/DLON/H
  364  364  342  321  297  270  246  221  203  192  184  171  165  156  141  141
  146  163  188  213  236  250  271  290  329  369  426  463  502  525  544  569
  594  621  643  664  681  705  722  745  758  770  763  763  757  762  774  779
  794  788  789  778  779  761  739  690  646  584  530  478  447  421  390  383
  389  405  423  433  446  456  459  428  364                                   
     7.5-180.0 180.0   5.0 450.0                            LAT/LON1/LON2/DLON/H
  358  369  348  330  309  280  252  230  213  195  187  178  172  162  147  146
  149  167  175  199  226  246  273  298  345  396  446  495  515  548  553  586
