data/unet/pred2410.15i
     1.0            IONOSPHERE MAPS     GNSS                IONEX VERSION / TYPE
pyspatialgeodesy        IME             05-JAN-18 20:20     PGM / RUN BY / DATE 
Map Name                                                    COMMENT             
Predicted global ionosphere maps (GIM).                     DESCRIPTION         
  2015     8    29     0     0     0                        EPOCH OF FIRST MAP  
  2015     8    30     0     0     0                        EPOCH OF LAST MAP   
  7200                                                      INTERVAL            
    13                                                      # OF MAPS IN FILE   
  NONE                                                      MAPPING FUNCTION    
10.0                                                        ELEVATION CUTOFF    
One-way carrier phase leveled to code                       OBSERVABLES USED    
  6371.0                                                    BASE RADIUS         
 2                                                          MAP DIMENSION       
   450.0 450.0   0.0                                        HGT1 / HGT2 / DHGT  
    87.5 -87.5  -2.5                                        LAT1 / LAT2 / DLAT  
  -180.0 180.0   5.0                                        LON1 / LON2 / DLON  
    -1                                                      EXPONENT            
                                                            END OF HEADER       
[from data line 3432]
     9                                                      START OF TEC MAP    
  2015     8    29    16     0     0                        EPOCH OF CURRENT MAP
    87.5-180.0 180.0   5.0 450.0                            LAT/LON1/LON2/DLON/H
  107  113  112  114  114  113  113  113  113  112  112  112  112  111  112  111
  112  110  112  111  112  110  111  110  111  109  110  109  109  108  108  107
  107  105  106  104  104  103  103  102  103  103  104  103  104  104  104  104
  104  105  105  106  107  107  108  108  109  109  110  111  111  111  111  111
  112  112  113  113  114  114  116  133  107                                   
    85.0-180.0 180.0   5.0 450.0                            LAT/LON1/LON2/DLON/H
   82   98   92   94   96   95   96   96   97   97   98   99  100  100  101  102
  102  102  102  104  102  103  102  103  100  100   99   99   96   95   93   93
   90   89   88   87   86   85   84   83   84   83   84   83   84   83   85   83
   86   84   87   85   89   88   91   89   93   91   94   92   95   94   96   94
   96   95   97   97   98   95   98  103   82                                   
    82.5-180.0 180.0   5.0 450.0                            LAT/LON1/LON2/DLON/H
   86   83   84   86   84   86   87   90   90   92   93   94   96   97   99  100
  101  101  104  103  104  103  104  103  101  100   99   97   95   92   90   88
   85   83   81   80   78   76   76   75   74   75   74   75   74   77   75   77
   75   79   77   80   79   83   81   84   83   86   84   86   85   87   85   86
   85   87   85   87   86   80   92   89   86                                   
    80.0-180.0 180.0   5.0 450.0                            LAT/LON1/LON2/DLON/H
   76   75   77   78   78   81   81   84   84   87   88   91   93   95   97   99
  101  101  105  105  107  106  107  106  105  104  102  101   97   95   91   90
   84   83   78   78   73   74   70   71   69   71   69   71   71   73   72   74
   74   76   75   77   77   79   79   81   80   82   82   83   82   83   82   83
   81   83   81   81   78   77   80   81   76                                   
    77.5-180.0 180.0   5.0 450.0                            LAT/LON1/LON2/DLON/H
   70   71   72   69   73   72   78   78   82   81   85   86   90   89   93   94
   97   97  102  102  106  104  109  107  109  106  106  103  101   97   93   90
   86   82   80   76   75   71   71   69   69   68   70   69   70   71   73   74
   74   76   76   77   77   78   77   79   78   79   79   79   79   79   79   78
   79   77   78   75   75   67   67   72   70                                   
    75.0-180.0 180.0   5.0 450.0                            LAT/LON1/LON2/DLON/H
   61   63   65   65   68   69   73   72   76   77   80   82   85   86   88   89
   91   94   97  100  103  105  107  108  108  107  106  105  102  100   94   92
   86   85   80   78   74   72   70   68   67   67   67   68   68   70   72   72
   74   73   75   73   75   73   75   72   73   72   74   71   74   72   76   72
   75   72   75   70   72   66   67   70   61                                   
    72.5-180.0 180.0   5.0 450.0                            LAT/LON1/LON2/DLON/H
   57   62   62   61   65   66   70   71   75   75   78   79   81   80   82   82
   85   85   91   93   99  100  105  105  108  107  109  106  104  101   97   94
   89   87   84   81   77   75   74   71   69   70   70   70   70   72   73   74
   73   75   73   73   71   71   68   68   66   68   66   68   67   70   69   71
   70   72   70   69   67   61   59   65   57                                   
    70.0-180.0 180.0   5.0 450.0                            LAT/LON1/LON2/DLON/H
   54   57   58   58   63   65   70   70   74   74   77   77   80   79   82   81
   84   84   90   93   98  101  106  106  109  108  109  106  105  102   99   96
   92   90   86   85   81   79   76   74   71   71   70   71   69   72   71   72
   71   71   70   67   66   63   62   59   60   58   59   58   62   61   65   63
   66   65   66   63   64   60   62   63   54                                   
    67.5-180.0 180.0   5.0 450.0                            LAT/LON1/LON2/DLON/H
   52   58   57   58   62   64   69   71   75   76   79   80   80   79   80   80
   82   81   87   90   96   98  104  105  108  108  110  108  106  104  101   99
   95   94   92   91   88   86   83   80   77   76   74   74   72   74   72   73
   70   70   67   65   61   59   54   54   52   53   52   54   55   57   58   59
   60   60   61   60   60   55   55   60   52                                   
    65.0-180.0 180.0   5.0 450.0                            LAT/LON1/LON2/DLON/H
   50   54   56   57   60   64   68   69   75   75   80   79   82   80   83   81
   84   83   89   92   99  100  106  106  110  108  111  107  108  104  103  100
   98   97   96   95   92   90   87   84   81   80   78   77   75   76   74   73
   70   69   65   60   56   52   49   45   46   45   48   47   51   51   54   54
   55   55   56   54   55   55   57   59   50                                   
    62.5-180.0 180.0   5.0 450.0                            LAT/LON1/LON2/DLON/H
   49   54   56   57   60   62   67   70   75   77   80   83   84   84   86   86
   87   87   92   95  100  102  107  108  111  109  111  109  109  107  107  105
  103  103  101  101   99   98   95   92   89   88   85   84   81   82   78   77
   73   71   65   62   54   52   46   46   43   45   44   47   47   48   49   50
   51   50   52   51   52   49   51   56   49                                   
    60.0-180.0 180.0   5.0 450.0                            LAT/LON1/LON2/DLON/H
   49   51   55   55   58   60   65   66   72   74   80   83   87   86   90   89
   92   90   96   98  104  105  111  110  113  111  113  111  112  109  110  108
  108  107  106  105  103  101   99   96   94   93   91   91   88   88   85   83
   78   74   67   60   54   49   45   42   42   42   43   44   44   45   45   45
   44   45   46   46   48   50   52   54   49                                   
    57.5-180.0 180.0   5.0 450.0                            LAT/LON1/LON2/DLON/H
   50   53   57   58   59   59   63   65   70   71   77   82   87   89   93   94
   96   95  100  102  107  107  113  113  116  112  115  114  115  114  116  114
  114  113  112  111  108  107  105  103  102  101  100   99   96   96   93   90
   85   81   73   67   58   54   47   46   44   45   44   45   44   43   42   41
   40   41   43   43   45   45   47   51   50                                   
    55.0-180.0 180.0   5.0 450.0                            LAT/LON1/LON2/DLON/H
   51   50   55   56   58   58   61   60   65   67   74   79   86   89   95   96
   99   98  103  104  109  109  115  114  117  116  117  116  118  119  121  119
  119  118  116  115  112  112  110  109  107  108  107  106  104  103  101   98
   94   89   81   74   66   59   53   51   49   49   48   47   45   43   41   40
   39   39   41   41   44   47   50   51   51                                   
    52.5-180.0 180.0   5.0 450.0                            LAT/LON1/LON2/DLON/H
   53   54   57   57   59   57   61   58   64   64   71   78   84   89   95   97
  100  100  104  106  111  109  115  114  119  115  119  119  123  122  126  124
  124  123  122  121  119  118  116  116  115  115  115  114  113  112  110  107
  103   99   92   84   77   70   64   62   60   60   57   56   52   48   44   42
   40   40   41   43   44   46   48   50   53                                   
    50.0-180.0 180.0   5.0 450.0                            LAT/LON1/LON2/DLON/H
   56   51   56   55   59   58   62   59   63   62   71   75   84   88   96   97
  102  101  107  106  111  107  113  113  117  117  120  122  124  127  129  129
  129  129  127  127  124  125  124  124  122  123  121  120  118  118  115  113
  110  106  100   94   88   83   77   76   74   73   69   66   61   55   50   47
   45   45   46   47   50   52   55   53   56                                   
    47.5-180.0 180.0   5.0 450.0                            LAT/LON1/LON2/DLON/H
   58   57   57   58   61   60   67   64   70   67   73   78   85   88   95   98
  102  103  107  109  111  109  113  113  119  118  125  126  132  131  136  134
  136  134  135  134  134  133  133  132  130  129  128  126  125  123  121  120
  117  114  109  104   98   93   90   89   88   87   83   80   73   68   60   58
   53   54   55   56   57   55   56   54   58                                   
    45.0-180.0 180.0   5.0 450.0                            LAT/LON1/LON2/DLON/H
   60   53   58   57   62   64   70   68   73   72   78   80   87   90   97   98
  104  106  111  111  114  110  114  113  119  120  126  129  134  136  138  139
  138  141  141  143  143  144  143  142  139  138  134  131  129  128  126  125
  124  121  117  113  109  106  104  103  102  102   99   94   88   82   75   70
   66   65   65   64   65   64   66   61   60                                   
    42.5-180.0 180.0   5.0 450.0                            LAT/LON1/LON2/DLON/H
   60   60   58   59   64   67   75   75   83   82   88   89   94   96  101  104
  109  111  114  117  118  115  117  119  124  125  132  133  139  138  146  144
  147  146  150  151  154  154  154  152  149  145  141  138  136  135  134  134
  131  130  125  122  117  115  113  113  112  112  109  106  100   95   88   85
   79   78   76   75   73   68   67   63   60                                   
    40.0-180.0 180.0   5.0 450.0                            LAT/LON1/LON2/DLON/H
   61   56   60   58   64   68   77   78   86   88   95   96  101  102  108  109
  114  116  121  121  123  120  124  123  130  130  137  137  142  143  148  150
  152  155  159  164  168  171  170  167  162  156  151  147  146  145  144  143
  141  138  134  131  126  124  122  123  122  122  119  117  113  109  105  102
   98   93   90   85   81   77   76   71   61                                   
    37.5-180.0 180.0   5.0 450.0                            LAT/LON1/LON2/DLON/H
   62   60   57   58   62   68   77   83   93   98  106  108  114  113  120  121
  126  126  130  130  130  128  130  132  137  138  144  146  150  150  157  159
  163  166  173  178  184  186  186  182  176  169  164  160  158  158  158  157
  154  151  144  140  133  131  128  129  126  127  124  124  121  120  115  115
  107  106   99   95   86   79   78   73   62                                   
    35.0-180.0 180.0   5.0 450.0                            LAT/LON1/LON2/DLON/H
   65   59   58   55   61   66   77   83   95  102  113  116  125  126  133  133
  137  137  140  138  139  136  140  141  149  148  155  154  159  160  167  172
  176  182  189  196  203  207  205  201  194  189  182  179  178  178  177  173
  170  163  156  148  142  137  135  132  131  131  129  128  129  129  128  128
  123  117  111  102   95   86   86   83   65                                   
    32.5-180.0 180.0   5.0 450.0                            LAT/LON1/LON2/DLON/H
   69   65   58   57   57   65   74   85   99  110  122  129  139  141  148  148
  152  149  151  150  149  147  148  152  157  160  164  168  171  175  184  192
  199  205  212  218  225  227  226  220  215  208  205  203  201  201  197  192
  183  176  164  156  146  141  135  134  131  131  127  129  130  132  131  132
  124  121  112  106   95   85   89   84   69                                   
    30.0-180.0 180.0   5.0 450.0                            LAT/LON1/LON2/DLON/H
   78   70   64   57   61   65   76   84  101  111  127  136  148  152  162  162
  166  162  163  161  160  158  161  164  170  173  179  183  189  196  206  216
  222  232  238  245  250  252  248  244  239  234  233  231  232  228  223  211
  199  185  172  159  151  143  140  137  135  133  131  132  135  137  138  139
  134  128  120  111  103   95   93   91   78                                   
    27.5-180.0 180.0   5.0 450.0                            LAT/LON1/LON2/DLON/H
   86   77   68   64   62   68   77   89  105  118  132  147  159  168  176  178
  180  176  174  173  172  170  171  175  179  185  191  200  208  221  233  246
  256  262  270  273  277  274  272  268  265  261  259  260  257  254  243  229
  209  190  172  159  149  144  139  138  136  135  134  134  136  137  137  137
  130  125  118  111  101   95   98   92   86                                   
    25.0-180.0 180.0   5.0 450.0                            LAT/LON1/LON2/DLON/H
   96   84   77   69   73   76   87   95  111  123  140  152  168  175  186  187
  191  188  188  186  186  183  184  187  191  198  207  218  233  247  264  279
  289  295  299  301  302  298  296  293  291  288  287  286  283  276  261  239
  214  191  171  154  146  140  140  140  140  140  137  136  137  141  140  142
  134  133  121  119  106  105  101  102   96                                   
    22.5-180.0 180.0   5.0 450.0                            LAT/LON1/LON2/DLON/H
  103   88   81   80   79   85   93  101  119  130  147  160  175  185  195  198
  201  202  201  202  201  198  197  199  202  210  221  238  256  273  294  309
  320  320  325  323  325  320  320  320  318  315  315  311  304  291  271  244
  217  187  169  152  146  143  142  145  147  145  144  140  142  140  141  140
  136  134  125  124  112  108  107  106  103                                   
    20.0-180.0 180.0   5.0 450.0                            LAT/LON1/LON2/DLON/H
  114   95   85   82   85   90  101  110  127  138  155  166  181  190  203  207
  212  214  216  216  217  213  213  213  217  226  242  262  283  302  322  335
  342  343  343  341  344  342  347  344  346  341  338  331  317  303  275  251
  218  196  175  162  155  151  152  152  155  153  150  147  145  145  142  144
  139  141  133  134  119  115  112  117  114                                   
    17.5-180.0 180.0   5.0 450.0                            LAT/LON1/LON2/DLON/H
  118   98   88   91   89   97  103  115  136  146  160  170  186  196  210  216
  224  228  230  233  232  230  227  229  232  244  261  283  306  329  348  361
  367  368  368  367  371  374  377  379  376  373  363  353  333  315  285  257
  229  199  182  166  164  165  165  165  167  162  161  155  153  149  147  144
  144  141  136  135  124  118  112  120  118                                   
    15.0-180.0 180.0   5.0 450.0                            LAT/LON1/LON2/DLON/H
  117  101   89   92   94  101  109  120  138  152  165  174  189  202  215  224
  237  243  247  247  249  246  246  247  255  268  286  310  333  354  370  381
  388  389  387  387  393  394  394  394  391  385  371  359  335  317  286  265
  237  223  200  196  189  193  190  184  184  178  171  165  159  156  149  149
  147  149  145  145  132  122  119  123  117                                   
    12.5-180.0 180.0   5.0 450.0                            LAT/LON1/LON2/DLON/H
  118   94   87   91   92  100  111  121  144  157  174  181  195  206  222  232
  248  254  260  263  264  263  266  269  277  290  308  332  355  378  392  405
  413  417  418  420  427  426  427  423  417  408  393  372  348  325  302  281
  261  240  229  219  217  221  213  210  202  194  183  173  165  158  152  149
  147  145  143  139  130  120  113  117  118                                   
    10.0-180.0 180.0   5.0 450.0                            LAT/LON1/LON2/DLON/H
  111   89   76   83   87  101  114  126  146  164  180  188  200  213  228  239
  253  261  272  272  278  275  282  289  300  317  335  359  379  397  406  417
  426  432  437  439  447  444  443  434  425  412  390  372  342  328  305  296
  284  279  260  261  249  246  234  226  213  203  189  178  169  162  156  156
  154  154  152  145  136  117  117  109  111                                   
     7.5-180.0 180.0   5.0 450.0                            LAT/LON1/LON2/DLON/H
  114   79   74   76   84   93  114  129  154  168  188  194  208  219  236  245
  262  271  282  285  290  291  299  308  322  340  358  382  399  412  420  430
