data/unet/pred1760.15i
     1.0            IONOSPHERE MAPS     GNSS                IONEX VERSION / TYPE
pyspatialgeodesy        IME             05-JAN-18 20:20     PGM / RUN BY / DATE 
Map Name                                                    COMMENT             
Predicted global ionosphere maps (GIM).                     DESCRIPTION         
  2015     6    25     0     0     0                        EPOCH OF FIRST MAP  
  2015     6    26     0     0     0                        EPOCH OF LAST MAP   
  7200                                                      INTERVAL            
    13                                                      # OF MAPS IN FILE   
  NONE                                                      MAPPING FUNCTION    
10.0                                                        ELEVATION CUTOFF    
One-way carrier phase leveled to code                       OBSERVABLES USED    
  6371.0                                                    BASE RADIUS         
 2                                                          MAP DIMENSION       
   450.0 450.0   0.0                                        HGT1 / HGT2 / DHGT  
    87.5 -87.5  -2.5                                        LAT1 / LAT2 / DLAT  
  -180.0 180.0   5.0                                        LON1 / LON2 / DLON  
    -1                                                      EXPONENT            
                                                            END OF HEADER       
     1                                                      START OF TEC MAP    
  2015     6    25     0     0     0                        EPOCH OF CURRENT MAP
    87.5-180.0 180.0   5.0 450.0                            LAT/LON1/LON2/DLON/H
  169  135  132  128  129  125  127  125  129  126  128  126  129  126  128  125
  128  125  126  123  126  122  124  120  123  120  121  118  121  118  120  117
  119  116  118  115  118  116  118  116  119  117  119  117  120  118  120  117
  121  118  120  117  120  118  120  117  120  118  121  118  121  120  122  120
  123  123  128  126  130  128  128  150  169                                   
    85.0-180.0 180.0   5.0 450.0                            LAT/LON1/LON2/DLON/H
  144  140  140  138  138  133  135  134  136  134  136  133  136  134  135  132
  135  132  132  129  131  128  128  125  127  124  123  120  122  119  119  116
  117  115  116  114  117  115  116  115  118  116  118  116  120  118  120  117
  121  118  121  118  122  119  121  119  123  120  123  121  124  123  125  124
  128  127  133  132  135  129  123  122  144                                   
    82.5-180.0 180.0   5.0 450.0                            LAT/LON1/LON2/DLON/H
  141  141  142  143  140  137  138  137  139  138  138  137  138  136  136  135
  135  134  133  131  131  129  128  126  125  122  120  117  117  113  112  110
  111  108  109  108  110  109  111  111  113  112  114  114  116  116  116  117
  118  118  118  119  120  120  120  120  122  121  122  122  124  123  125  125
  128  128  134  134  137  132  124  120  141                                   
    80.0-180.0 180.0   5.0 450.0                            LAT/LON1/LON2/DLON/H
  142  143  145  146  143  143  143  144  145  144  144  144  144  144  143  143
  142  142  140  139  138  136  133  131  129  125  121  118  116  112  110  107
  107  106  106  106  108  108  111  111  114  114  116  117  119  119  121  121
  123  123  125  125  127  127  127  127  128  127  128  127  129  128  129  129
  131  132  137  137  139  137  129  126  142                                   
    77.5-180.0 180.0   5.0 450.0                            LAT/LON1/LON2/DLON/H
  144  143  145  146  144  143  144  145  145  145  145  145  145  144  144  144
  143  142  141  141  139  137  135  132  129  124  119  115  111  107  104  102
  101  101  101  103  104  107  108  111  112  114  116  118  119  120  122  124
  125  126  128  130  130  131  131  131  131  130  130  130  130  129  130  130
  131  133  137  137  139  138  133  129  144                                   
    75.0-180.0 180.0   5.0 450.0                            LAT/LON1/LON2/DLON/H
  141  141  144  144  142  142  142  143  143  144  144  144  144  144  143  143
  143  142  141  140  139  137  135  132  127  123  117  112  106  102   99   97
   96   97   98  101  103  106  108  111  113  115  116  118  119  121  124  126
  128  129  132  134  135  136  136  135  134  133  132  131  130  129  130  130
  130  131  136  137  140  139  133  131  141                                   
    72.5-180.0 180.0   5.0 450.0                            LAT/LON1/LON2/DLON/H
  141  140  141  142  140  139  139  142  142  143  144  144  143  143  142  142
  141  140  140  139  137  136  134  130  126  120  114  108  102   97   95   94
   93   94   96   99  102  105  108  111  112  114  115  117  118  120  122  125
  127  130  133  135  137  138  138  138  136  134  133  131  129  129  129  129
  129  130  134  136  139  140  134  131  141                                   
    70.0-180.0 180.0   5.0 450.0                            LAT/LON1/LON2/DLON/H
  136  135  138  139  137  136  137  139  140  143  143  145  144  144  142  142
  140  139  138  138  136  135  133  129  124  118  112  106  100   96   94   93
   93   94   96   99  102  104  107  108  109  110  111  112  113  115  117  120
  123  126  130  133  135  136  137  137  136  134  133  130  129  127  128  127
  127  129  134  135  139  140  133  131  136                                   
    67.5-180.0 180.0   5.0 450.0                            LAT/LON1/LON2/DLON/H
  138  134  136  137  134  134  135  138  140  144  145  147  147  146  145  143
  141  139  139  138  136  135  132  128  123  117  111  105  100   97   95   94
   94   96   98  100  102  104  105  105  105  105  105  105  107  108  112  114
  117  120  125  128  131  132  135  134  134  132  132  130  128  127  127  126
  127  129  134  136  141  141  134  130  138                                   
    65.0-180.0 180.0   5.0 450.0                            LAT/LON1/LON2/DLON/H
  136  135  136  136  134  133  134  138  140  145  146  150  149  149  146  144
  141  140  138  137  136  135  132  128  124  119  113  109  104  102  100  100
   99  100  101  101  102  102  102  101  100   99   98   99   99  101  105  107
  111  114  119  122  125  127  130  131  131  132  132  131  129  128  128  127
  128  129  135  137  144  144  136  132  136                                   
    62.5-180.0 180.0   5.0 450.0                            LAT/LON1/LON2/DLON/H
  142  139  140  139  135  133  134  138  141  145  148  151  151  150  148  146
  142  141  139  139  137  136  133  130  126  121  118  114  111  110  108  107
  105  104  103  102  101  100   99   97   95   93   93   93   94   95   99  101
  105  108  113  116  119  122  125  128  129  131  132  132  131  130  129  129
  129  131  136  140  146  147  140  135  142                                   
    60.0-180.0 180.0   5.0 450.0                            LAT/LON1/LON2/DLON/H
  145  146  146  145  141  138  137  139  141  145  147  151  150  151  148  147
  142  141  139  139  138  137  134  131  128  125  123  121  120  119  117  115
  112  108  105  102  100   98   95   92   90   88   87   87   89   90   93   96
  100  102  108  110  114  116  121  125  128  131  134  134  134  132  132  130
  131  133  139  143  150  151  145  140  145                                   
    57.5-180.0 180.0   5.0 450.0                            LAT/LON1/LON2/DLON/H
  157  156  157  157  151  145  143  143  142  144  145  149  149  150  149  148
  144  143  141  141  140  139  137  134  131  130  129  129  129  129  126  123
  117  111  106  102   99   96   93   90   87   85   85   85   87   89   91   94
   96  100  104  108  110  114  119  125  129  134  137  139  138  137  135  134
  134  137  142  146  154  157  149  144  157                                   
    55.0-180.0 180.0   5.0 450.0                            LAT/LON1/LON2/DLON/H
  163  167  170  169  163  156  152  149  146  145  144  147  148  150  149  149
  145  144  143  143  142  142  140  137  135  135  135  136  136  136  134  129
  121  114  107  102   98   95   92   88   86   84   83   83   85   87   90   91
   96   98  103  104  111  113  121  126  133  138  143  144  145  143  141  138
  139  140  146  150  158  161  155  150  163                                   
    52.5-180.0 180.0   5.0 450.0                            LAT/LON1/LON2/DLON/H
  175  178  183  185  177  171  165  159  152  148  145  147  147  150  150  151
  148  149  147  148  146  146  143  141  139  139  139  141  142  142  138  132
  123  114  106  101   98   96   93   90   87   85   84   84   86   87   90   92
   96   99  103  107  111  117  123  131  138  145  149  151  150  149  147  145
  144  146  151  155  162  166  161  156  175                                   
    50.0-180.0 180.0   5.0 450.0                            LAT/LON1/LON2/DLON/H
  180  187  194  195  190  184  178  170  162  154  149  148  148  151  151  153
  151  152  151  152  150  149  146  144  141  141  142  144  145  144  139  132
  122  113  106  102  100   99   96   92   90   87   86   85   87   88   91   92
   98   99  106  108  117  120  131  136  146  150  156  157  157  155  153  151
  151  151  156  159  166  168  164  160  180                                   
    47.5-180.0 180.0   5.0 450.0                            LAT/LON1/LON2/DLON/H
  188  193  202  208  204  200  194  186  175  166  158  155  152  155  155  158
  156  159  157  159  155  154  149  147  143  143  144  146  146  145  140  132
  123  115  109  106  106  105  102   98   95   91   89   88   88   89   92   93
   98  102  108  114  121  129  136  145  153  159  163  164  163  161  159  158
  157  158  162  163  169  171  167  163  188                                   
    45.0-180.0 180.0   5.0 450.0                            LAT/LON1/LON2/DLON/H
  189  198  209  215  215  212  210  200  190  177  168  161  157  157  158  159
  160  162  163  163  160  157  152  148  144  144  144  147  147  146  141  134
  126  119  115  114  115  114  112  106  102   96   94   91   91   89   93   92
   99  102  111  115  126  133  144  151  162  164  170  168  168  166  166  165
  165  164  169  169  173  174  170  168  189                                   
    42.5-180.0 180.0   5.0 450.0                            LAT/LON1/LON2/DLON/H
  196  201  212  222  223  223  221  214  203  192  180  174  165  165  162  166
  164  170  169  172  166  164  157  153  148  148  148  150  150  150  146  141
  134  129  126  126  127  126  122  116  110  104   99   96   93   91   93   94
   99  105  112  120  129  139  148  159  167  172  175  174  173  171  171  169
  170  170  174  173  176  179  176  174  196                                   
    40.0-180.0 180.0   5.0 450.0                            LAT/LON1/LON2/DLON/H
  200  206  217  225  229  230  230  223  216  204  193  182  175  169  168  167
  170  173  177  177  174  169  163  158  153  152  152  154  155  155  153  150
  145  141  140  139  141  138  134  126  120  113  109  103  100   96   96   95
  101  104  112  119  131  141  153  162  173  177  181  178  178  175  176  175
  176  175  180  180  182  185  183  183  200                                   
    37.5-180.0 180.0   5.0 450.0                            LAT/LON1/LON2/DLON/H
  209  210  221  230  232  233  233  231  225  216  205  196  184  180  172  175
  174  181  184  186  181  178  171  168  162  163  162  165  165  167  166  165
  161  159  156  154  153  150  143  136  128  122  117  112  107  103  100  100
  102  107  112  121  132  145  155  168  177  184  186  185  182  181  182  182
  182  182  185  186  189  194  193  191  209                                   
    35.0-180.0 180.0   5.0 450.0                            LAT/LON1/LON2/DLON/H
  218  217  228  233  234  233  235  232  231  224  217  206  197  187  181  178
  182  187  193  193  191  185  181  175  174  172  174  174  177  178  181  181
  179  174  169  164  161  155  150  142  138  133  130  123  119  112  108  104
  106  107  112  118  131  143  156  167  179  184  190  188  186  184  187  186
  186  186  189  191  197  203  204  206  218                                   
    32.5-180.0 180.0   5.0 450.0                            LAT/LON1/LON2/DLON/H
  230  225  236  240  238  236  234  234  235  233  229  220  209  202  190  190
  189  196  200  203  199  196  190  188  185  186  185  187  187  191  194  196
  193  187  177  169  162  156  150  145  142  141  138  132  126  119  113  110
  109  110  112  118  128  140  153  167  179  189  193  195  192  192  194  193
  192  192  194  197  207  215  217  221  230                                   
    30.0-180.0 180.0   5.0 450.0                            LAT/LON1/LON2/DLON/H
  243  238  248  250  248  243  240  239  243  243  242  234  227  216  207  202
  203  206  211  212  209  204  201  199  200  199  200  198  199  201  204  204
  201  191  179  165  157  149  146  142  144  144  144  138  134  125  119  114
  112  108  110  111  122  133  148  161  176  184  193  194  196  194  198  195
  196  194  197  201  214  222  227  233  243                                   
    27.5-180.0 180.0   5.0 450.0                            LAT/LON1/LON2/DLON/H
  256  249  262  265  263  257  254  253  257  260  260  255  248  238  226  222
  217  220  221  221  217  213  209  210  210  212  209  208  206  207  208  207
  199  187  170  157  146  140  137  137  140  142  143  139  133  126  119  115
  111  108  106  109  118  129  143  158  172  186  194  202  201  204  207  204
  202  200  201  206  220  230  236  242  256                                   
    25.0-180.0 180.0   5.0 450.0                            LAT/LON1/LON2/DLON/H
  266  263  277  281  282  277  277  276  281  284  287  282  276  265  254  244
  240  238  239  234  227  221  219  219  221  221  218  212  209  206  205  199
  189  173  156  140  131  125  126  125  133  133  137  131  129  120  116  109
  107  100  101  100  111  120  137  152  171  183  197  201  205  205  212  207
  207  201  203  207  222  231  240  248  266                                   
    22.5-180.0 180.0   5.0 450.0                            LAT/LON1/LON2/DLON/H
  272  271  288  295  300  301  303  306  313  317  320  317  312  299  285  275
  267  263  258  250  239  230  225  225  226  225  217  209  201  196  191  184
  170  155  136  124  114  113  114  118  123  126  126  122  118  112  107  103
   97   94   92   93  104  115  133  151  171  188  201  210  210  214  219  215
  212  208  207  211  223  234  242  253  272                                   
    20.0-180.0 180.0   5.0 450.0                            LAT/LON1/LON2/DLON/H
  278  284  299  307  317  324  333  341  351  358  363  362  358  344  330  313
  303  292  284  270  255  241  234  230  229  222  212  198  185  176  168  159
  147  131  115  103   99   98  104  106  113  112  115  109  109   99   98   90
   89   80   83   81   97  108  130  150  174  191  208  215  219  220  226  221
  218  214  213  215  225  233  243  256  278                                   
    17.5-180.0 180.0   5.0 450.0                            LAT/LON1/LON2/DLON/H
  284  290  307  318  328  342  356  371  383  396  403  406  403  391  374  355
  340  324  310  289  271  252  240  231  223  212  197  180  164  154  145  136
  124  111   96   89   88   93   98  103  106  106  105  102   98   93   87   83
   76   71   71   74   88  102  125  147  172  193  212  223  228  231  237  232
  230  226  224  224  230  239  249  261  284                                   
    15.0-180.0 180.0   5.0 450.0                            LAT/LON1/LON2/DLON/H
  293  302  316  323  334  351  371  389  406  422  432  437  436  426  409  389
  371  350  331  306  283  260  244  229  215  198  180  160  144  133  125  116
  107   95   88   84   88   92  101  101  105  100  101   95   95   85   84   72
   69   60   63   64   81   94  120  143  170  193  215  228  238  244  251  247
  245  241  239  238  240  246  256  269  293                                   
    12.5-180.0 180.0   5.0 450.0                            LAT/LON1/LON2/DLON/H
  305  311  325  330  339  356  375  394  411  429  441  450  452  447  431  410
  392  369  346  318  291  264  242  222  203  182  161  143  128  118  111  104
   96   89   86   87   92   99  103  105  103  100   96   93   89   82   75   67
   58   54   55   57   73   86  111  135  164  189  212  229  244  253  264  262
  262  258  260  256  257  263  271  286  305                                   
    10.0-180.0 180.0   5.0 450.0                            LAT/LON1/LON2/DLON/H
  326  333  337  335  341  352  370  386  405  423  437  448  453  452  439  422
  404  381  354  324  293  264  238  214  190  167  148  132  122  113  108  103
   99   95   97   99  104  108  111  108  106  100   98   93   91   81   77   63
   59   50   52   55   67   80  103  126  156  181  207  228  246  261  274  276
  279  279  281  280  277  280  291  308  326                                   
     7.5-180.0 180.0   5.0 450.0                            LAT/LON1/LON2/DLON/H
  353  356  358  353  351  357  367  379  392  408  421  433  441  444  437  423
  407  383  357  324  293  261  233  207  180  158  141  129  122  116  112  109
