data/unet/pred0850.15i
     1.0            IONOSPHERE MAPS     GNSS                IONEX VERSION / TYPE
pyspatialgeodesy        IME             05-JAN-18 20:20     PGM / RUN BY / DATE 
Map Name                                                    COMMENT             
Predicted global ionosphere maps (GIM).                     DESCRIPTION         
  2015     3    26     0     0     0                        EPOCH OF FIRST MAP  
  2015     3    27     0     0     0                        EPOCH OF LAST MAP   
  7200                                                      INTERVAL            
    13                                                      # OF MAPS IN FILE   
  NONE                                                      MAPPING FUNCTION    
10.0                                                        ELEVATION CUTOFF    
One-way carrier phase leveled to code                       OBSERVABLES USED    
  6371.0                                                    BASE RADIUS         
 2                                                          MAP DIMENSION       
   450.0 450.0   0.0                                        HGT1 / HGT2 / DHGT  
    87.5 -87.5  -2.5                                        LAT1 / LAT2 / DLAT  
  -180.0 180.0   5.0                                        LON1 / LON2 / DLON  
    -1                                                      EXPONENT            
                                                            END OF HEADER       
[from data line 429]
     2                                                      START OF TEC MAP    
  2015     3    26     2     0     0                        EPOCH OF CURRENT MAP
    87.5-180.0 180.0   5.0 450.0                            LAT/LON1/LON2/DLON/H
  175  174  177  176  176  175  177  178  179  180  180  181  179  180  178  179
  175  177  174  174  170  169  165  163  159  156  153  148  146  143  141  138
  139  138  139  139  140  141  143  143  147  147  151  150  155  155  159  159
  163  162  165  165  168  168  170  171  173  175  176  178  179  180  179  180
  180  180  178  178  180  180  179  190  175                                   
    85.0-180.0 180.0   5.0 450.0                            LAT/LON1/LON2/DLON/H
  171  184  175  179  179  176  179  178  181  181  184  183  185  183  185  182
  184  180  181  175  176  169  169  161  160  153  152  145  145  138  138  133
  134  131  133  131  133  134  135  137  139  142  144  147  149  153  156  158
  162  164  168  168  173  173  178  178  183  183  187  186  189  188  190  188
  190  187  187  185  188  179  187  184  171                                   
    82.5-180.0 180.0   5.0 450.0                            LAT/LON1/LON2/DLON/H
  177  178  180  182  180  177  180  179  183  183  187  188  190  190  193  191
  192  188  189  183  182  174  172  162  159  149  147  138  136  129  128  122
  123  119  122  120  123  122  128  128  134  135  141  143  149  151  156  159
  164  166  172  174  179  180  186  186  192  191  196  194  200  197  201  197
  200  196  198  193  197  185  189  179  177                                   
    80.0-180.0 180.0   5.0 450.0                            LAT/LON1/LON2/DLON/H
  183  183  182  181  181  177  180  181  185  187  192  194  196  198  200  198
  199  195  195  188  185  176  173  161  156  143  139  128  125  116  116  109
  110  105  109  106  111  111  117  118  124  126  133  135  142  144  151  151
  160  160  170  170  180  180  190  190  198  198  204  203  209  206  209  206
  209  206  208  204  205  194  195  186  183                                   
    77.5-180.0 180.0   5.0 450.0                            LAT/LON1/LON2/DLON/H
  189  190  185  187  181  182  181  185  187  191  195  199  201  204  203  204
  201  198  195  190  185  178  172  162  155  144  137  127  121  115  111  109
  106  107  106  109  110  114  116  119  122  125  129  133  138  141  147  149
  155  159  166  171  178  182  189  194  199  204  206  211  211  214  212  215
  213  216  214  215  213  208  207  198  189                                   
    75.0-180.0 180.0   5.0 450.0                            LAT/LON1/LON2/DLON/H
  203  201  198  193  189  185  188  188  194  198  202  205  205  206  203  200
  196  192  189  182  179  171  167  157  152  141  137  126  124  114  113  106
  107  103  106  105  110  111  116  118  123  124  129  130  135  136  142  144
  150  154  162  168  177  182  191  196  204  206  212  212  216  215  217  215
  218  217  221  221  222  216  219  209  203                                   
    72.5-180.0 180.0   5.0 450.0                            LAT/LON1/LON2/DLON/H
  216  214  209  205  195  194  192  197  199  206  207  209  206  204  197  192
  185  180  174  169  164  160  155  149  143  137  133  127  122  117  112  110
  106  107  106  109  109  112  114  116  118  121  122  124  124  128  131  136
  140  146  154  162  171  179  188  195  202  207  209  212  213  213  212  213
  215  217  220  222  225  225  228  222  216                                   
    70.0-180.0 180.0   5.0 450.0                            LAT/LON1/LON2/DLON/H
  231  226  223  215  207  202  203  204  209  212  214  212  206  197  187  176
  166  157  152  146  147  142  145  139  140  133  133  125  125  118  117  111
  112  106  109  106  110  108  113  112  116  115  118  116  118  117  122  124
  130  136  145  155  164  176  186  196  203  208  210  210  212  209  210  208
  213  215  221  225  228  231  240  235  231                                   
    67.5-180.0 180.0   5.0 450.0                            LAT/LON1/LON2/DLON/H
  244  238  230  223  212  209  208  213  215  222  220  219  207  196  179  167
  153  144  137  135  132  135  134  137  133  132  127  125  119  117  112  111
  106  105  101  102  100  100   99   99   98   99   98   99   98  102  105  111
  117  127  137  148  161  173  186  198  206  210  212  210  210  207  206  204
  207  210  217  221  227  235  243  241  244                                   
    65.0-180.0 180.0   5.0 450.0                            LAT/LON1/LON2/DLON/H
  250  243  238  228  217  212  212  216  222  226  228  222  211  194  178  161
  146  135  129  126  128  128  133  131  133  128  126  120  118  113  111  106
  105   98   97   91   92   88   90   87   90   87   89   86   89   89   95  100
  110  120  134  147  162  176  192  203  213  216  217  215  213  208  206  202
  205  207  212  218  224  233  247  249  250                                   
    62.5-180.0 180.0   5.0 450.0                            LAT/LON1/LON2/DLON/H
  256  248  240  229  219  212  212  216  222  230  231  228  213  197  178  163
  148  139  132  132  131  135  134  135  130  126  120  115  111  107  102  100
   96   91   86   81   78   75   73   72   71   72   71   72   73   78   83   93
  103  116  131  146  165  180  197  211  220  225  226  224  221  215  212  207
  206  205  210  213  223  234  249  251  256                                   
    60.0-180.0 180.0   5.0 450.0                            LAT/LON1/LON2/DLON/H
  256  247  243  232  219  210  208  212  219  226  230  226  215  198  184  167
  155  145  141  138  139  137  139  133  131  120  117  109  106  101   98   92
   89   81   77   71   70   65   66   64   66   64   66   64   66   68   76   84
   98  112  130  149  170  186  206  218  230  235  238  237  235  230  224  218
  215  212  214  216  223  230  245  252  256                                   
    57.5-180.0 180.0   5.0 450.0                            LAT/LON1/LON2/DLON/H
  262  253  246  234  221  210  207  207  214  221  224  224  214  201  188  178
  168  161  157  155  154  152  147  142  133  126  116  111  105  100   96   91
   87   79   74   68   66   63   64   63   65   64   64   63   63   66   72   82
   95  110  130  150  172  192  211  228  239  250  255  257  258  252  248  240
  234  229  227  227  230  237  247  252  262                                   
    55.0-180.0 180.0   5.0 450.0                            LAT/LON1/LON2/DLON/H
  271  262  257  244  230  218  212  209  211  213  216  214  209  200  194  186
  181  175  173  167  166  157  156  143  138  125  120  110  108  101  100   93
   89   80   76   70   70   69   71   71   73   71   72   67   67   67   74   82
   96  113  135  155  179  196  218  232  249  261  271  278  282  280  276  270
  263  255  251  246  247  247  254  262  271                                   
    52.5-180.0 180.0   5.0 450.0                            LAT/LON1/LON2/DLON/H
  294  286  278  267  252  238  232  222  220  216  215  211  207  202  199  195
  192  187  183  176  172  165  161  152  146  138  130  125  119  116  111  106
   99   92   85   81   82   83   85   86   86   85   83   78   77   77   82   89
  103  119  139  163  184  206  224  245  260  277  290  301  308  309  310  306
  301  295  285  280  275  274  275  280  294                                   
    50.0-180.0 180.0   5.0 450.0                            LAT/LON1/LON2/DLON/H
  324  316  313  297  282  266  256  242  235  225  215  208  202  199  199  196
  195  188  185  175  173  163  165  155  157  146  145  135  134  125  122  114
  110  101   97   94   97   99  103  102  102   98   96   91   88   88   92   99
  113  131  154  175  199  216  238  253  273  290  305  317  328  333  337  337
  336  331  324  317  312  302  299  302  324                                   
    47.5-180.0 180.0   5.0 450.0                            LAT/LON1/LON2/DLON/H
  350  349  344  338  322  307  294  277  265  248  233  216  207  202  201  199
  195  188  181  172  168  164  166  166  167  165  160  157  148  143  135  129
  120  114  109  108  112  116  119  119  117  112  110  104  103  101  105  113
  126  144  165  191  211  234  252  272  289  309  323  335  346  352  358  359
  361  360  355  352  347  336  328  326  350                                   
    45.0-180.0 180.0   5.0 450.0                            LAT/LON1/LON2/DLON/H
  372  378  376  370  359  345  329  310  289  269  247  229  214  205  201  194
  188  177  170  162  163  162  171  173  184  178  181  168  164  149  143  132
  127  118  117  118  124  127  131  130  128  123  122  117  117  115  120  127
  141  160  183  206  231  251  271  289  307  323  335  346  355  361  367  372
  376  378  380  380  380  371  357  351  372                                   
    42.5-180.0 180.0   5.0 450.0                            LAT/LON1/LON2/DLON/H
  377  386  383  386  380  371  355  337  318  296  273  249  231  216  206  195
  184  173  165  161  164  169  179  191  196  199  190  183  168  157  145  137
  129  124  123  126  132  137  140  140  137  133  132  129  130  130  135  142
  156  174  197  224  248  273  291  312  328  339  349  357  362  365  371  375
  383  387  394  399  402  394  378  368  377                                   
    40.0-180.0 180.0   5.0 450.0                            LAT/LON1/LON2/DLON/H
  377  387  384  383  379  375  364  351  331  310  285  264  244  227  213  195
  183  168  163  160  168  175  192  199  209  202  197  180  169  152  145  136
  132  127  128  130  138  141  147  145  145  141  141  140  143  144  149  156
  169  189  211  239  264  289  307  327  339  351  356  364  367  373  379  386
  396  401  409  413  417  411  396  379  377                                   
    37.5-180.0 180.0   5.0 450.0                            LAT/LON1/LON2/DLON/H
  377  378  374  369  365  363  356  349  335  320  300  281  263  242  226  205
  188  176  172  176  185  199  207  214  210  205  189  176  161  150  143  140
  138  137  136  139  143  149  153  153  153  150  152  151  155  155  159  163
  175  192  216  244  272  298  319  337  348  355  362  366  373  375  387  393
  406  410  420  422  426  422  409  389  377                                   
    35.0-180.0 180.0   5.0 450.0                            LAT/LON1/LON2/DLON/H
  391  387  373  362  355  350  344  338  327  316  301  286  270  251  235  212
  198  184  186  188  204  210  217  210  204  190  179  165  159  150  153  152
  157  154  155  152  156  158  163  162  161  158  160  161  165  164  165  168
  177  194  217  245  271  299  320  343  353  364  368  378  384  392  402  413
  427  434  443  448  450  448  437  413  391                                   
    32.5-180.0 180.0   5.0 450.0                            LAT/LON1/LON2/DLON/H
  429  417  398  379  369  355  345  334  322  313  302  292  280  263  246  226
  212  203  207  215  225  228  221  208  195  183  173  168  168  168  174  183
  188  190  184  178  176  177  178  176  172  169  171  171  172  168  164  165
  172  189  211  236  262  289  314  337  352  361  375  385  402  412  428  437
  452  455  465  468  474  478  478  451  429                                   
    30.0-180.0 180.0   5.0 450.0                            LAT/LON1/LON2/DLON/H
  491  484  460  441  420  404  375  355  331  319  305  297  287  270  254  233
  223  215  222  227  235  225  212  192  184  176  180  181  193  199  214  226
  237  232  225  209  202  195  193  187  181  175  176  175  174  167  160  159
  167  185  207  234  259  288  312  337  352  367  379  396  416  439  456  471
  484  493  501  503  508  519  527  512  491                                   
    27.5-180.0 180.0   5.0 450.0                            LAT/LON1/LON2/DLON/H
  566  551  540  518  501  477  446  406  372  342  324  310  298  281  264  245
  237  230  233  235  232  218  201  189  189  199  214  232  248  270  285  301
  305  298  276  251  229  218  209  200  190  183  177  175  168  160  146  147
  152  176  200  228  256  287  318  342  360  374  389  405  424  452  478  499
  516  526  538  534  539  551  574  583  566                                   
    25.0-180.0 180.0   5.0 450.0                            LAT/LON1/LON2/DLON/H
  644  663  646  634  613  587  541  496  442  406  366  343  318  297  276  256
  246  237  237  228  221  202  196  192  215  242  277  308  340  359  369  373
  366  349  322  286  257  236  222  207  193  183  174  166  155  144  131  131
  138  164  192  231  266  303  331  356  373  392  405  426  448  479  504  533
  549  568  576  581  585  611  638  674  644                                   
    22.5-180.0 180.0   5.0 450.0                            LAT/LON1/LON2/DLON/H
  729  770  762  743  726  699  658  604  539  484  435  393  360  324  297  273
  259  246  237  224  213  203  208  230  273  325  370  409  431  446  442  436
  413  390  350  315  277  249  228  212  190  180  165  156  138  129  116  117
  128  151  189  229  273  304  336  360  384  404  429  454  480  514  535  569
  588  615  626  631  636  671  705  757  729                                   
    20.0-180.0 180.0   5.0 450.0                            LAT/LON1/LON2/DLON/H
  811  854  862  869  848  818  771  718  654  593  528  474  421  380  335  306
  285  264  246  228  221  222  249  299  368  432  481  515  525  521  497  472
  437  406  367  326  291  255  230  209  188  173  157  144  129  119  110  115
  127  156  194  243  280  319  343  377  398  429  459  496  530  557  584  613
  638  669  679  686  692  738  786  837  811                                   
    17.5-180.0 180.0   5.0 450.0                            LAT/LON1/LON2/DLON/H
  871  917  939  954  957  922  869  808  749  691  623  562  499  442  393  357
  326  300  277  258  254  273  320  393  466  534  568  584  576  547  508  470
  430  403  364  324  285  250  224  204  180  167  147  137  119  111  106  110
  129  161  208  257  299  333  363  396  425  462  493  539  568  609  629  667
  690  722  734  742  751  794  851  890  871                                   
    15.0-180.0 180.0   5.0 450.0                            LAT/LON1/LON2/DLON/H
  893  940  971 1001 1016  994  952  894  839  781  723  658  586  528  466  430
  394  370  345  331  335  369  433  514  584  632  644  634  594  542  479  433
  401  372  342  303  274  243  222  199  176  155  146  129  114  106  102  110
  131  174  221  276  308  342  375  416  451  493  531  572  613  647  678  705
  736  762  782  789  805  836  879  912  893                                   
    12.5-180.0 180.0   5.0 450.0                            LAT/LON1/LON2/DLON/H
  885  928  966  997 1021 1008  984  943  902  846  801  739  668  606  542  507
  470  453  437  430  440  483  544  614  652  670  651  614  559  491  430  390
  361  333  303  273  255  235  217  196  166  148  136  129  113  101   96  101
  130  173  230  274  312  338  384  425  476  520  554  599  628  671  692  730
  753  785  801  814  824  853  877  895  885                                   
    10.0-180.0 180.0   5.0 450.0                            LAT/LON1/LON2/DLON/H
  853  896  926  957  986  981  976  951  930  891  858  803  745  683  614  584
  553  548  540  546  569  612  660  698  708  687  637  573  501  425  370  339
  319  292  272  251  243  228  217  194  172  152  142  133  115  106   96  105
  129  179  232  276  305  343  386  435  486  531  571  608  647  682  715  738
  767  792  815  823  838  840  861  871  853                                   
     7.5-180.0 180.0   5.0 450.0                            LAT/LON1/LON2/DLON/H
  821  864  884  914  939  946  947  941  932  907  889  843  798  743  680  650
  624  629  634  648  670  706  725  721  693  634  568  491  428  362  323  303
