data/unet/pred0360.15i
     1.0            IONOSPHERE MAPS     GNSS                IONEX VERSION / TYPE
pyspatialgeodesy        IME             05-JAN-18 20:20     PGM / RUN BY / DATE 
Map Name                                                    COMMENT             
Predicted global ionosphere maps (GIM).                     DESCRIPTION         
  2015     2     5     0     0     0                        EPOCH OF FIRST MAP  
  2015     2     6     0     0     0                        EPOCH OF LAST MAP   
  7200                                                      INTERVAL            
    13                                                      # OF MAPS IN FILE   
  NONE                                                      MAPPING FUNCTION    
10.0                                                        ELEVATION CUTOFF    
One-way carrier phase leveled to code                       OBSERVABLES USED    
  6371.0                                                    BASE RADIUS         
 2                                                          MAP DIMENSION       
   450.0 450.0   0.0                                        HGT1 / HGT2 / DHGT  
    87.5 -87.5  -2.5                                        LAT1 / LAT2 / DLAT  
  -180.0 180.0   5.0                                        LON1 / LON2 / DLON  
    -1                                                      EXPONENT            
                                                            END OF HEADER       
[from data line 2145]
     6                                                      START OF TEC MAP    
  2015     2     5    10     0     0                        EPOCH OF CURRENT MAP
    87.5-180.0 180.0   5.0 450.0                            LAT/LON1/LON2/DLON/H
   63   91   84   85   84   83   84   85   86   87   87   88   88   88   87   87
   87   86   85   85   85   84   83   83   83   82   81   81   81   80   79   79
   80   79   80   79   81   80   82   81   82   82   82   82   81   80   78   78
   76   76   74   74   71   71   70   69   68   68   67   67   68   68   69   69
   71   72   74   75   76   74   79   73   63                                   
    85.0-180.0 180.0   5.0 450.0                            LAT/LON1/LON2/DLON/H
   89   92   99  101  100   99  101   99  102  100  101   99  101   98   98   96
   96   95   93   93   92   92   90   91   92   93   93   95   97   99   99  101
  103  106  107  109  110  111  111  111  110  108  106  103  100   96   92   88
   83   80   76   73   70   68   66   64   64   63   64   64   66   67   70   71
   76   77   82   82   86   86   96   88   89                                   
    82.5-180.0 180.0   5.0 450.0                            LAT/LON1/LON2/DLON/H
   82   98  102  105  103  102  101  101  100   99   98   97   95   93   91   90
   87   86   82   83   80   81   79   81   81   83   84   88   91   95   98  102
  106  110  115  118  122  124  125  125  125  123  121  116  111  106   98   93
   85   80   73   69   61   59   53   52   48   49   46   49   49   53   55   60
   63   68   72   76   80   85   95   89   82                                   
    80.0-180.0 180.0   5.0 450.0                            LAT/LON1/LON2/DLON/H
   94   99  100  101   99   97   97   94   94   90   89   85   83   78   74   70
   67   63   59   58   55   55   53   55   56   58   61   66   72   78   85   94
  103  109  118  124  130  133  136  138  138  137  135  131  126  120  112  104
   95   88   80   73   66   61   55   50   47   46   44   45   46   50   52   59
   62   69   72   78   82   86   94   96   94                                   
    77.5-180.0 180.0   5.0 450.0                            LAT/LON1/LON2/DLON/H
   97  103  102  101   99   97   94   92   90   87   83   80   75   70   64   59
   53   50   44   43   38   38   35   38   38   42   45   52   58   67   76   88
   97  110  120  132  138  145  148  153  153  157  154  155  148  145  137  131
  121  114  105   97   89   83   75   69   63   58   56   54   55   58   61   65
   69   77   81   87   89   92   99   94   97                                   
    75.0-180.0 180.0   5.0 450.0                            LAT/LON1/LON2/DLON/H
  100  101  100  101   98   97   93   92   86   85   78   76   69   65   56   52
   42   38   32   31   27   25   26   26   29   30   36   40   49   57   69   79
   94  108  123  136  147  155  161  167  173  176  180  179  179  175  172  164
  158  149  141  129  120  110  103   94   87   79   73   70   68   69   70   73
   77   82   88   93   94   98  102   99  100                                   
    72.5-180.0 180.0   5.0 450.0                            LAT/LON1/LON2/DLON/H
   97   98   96   95   92   91   89   87   83   80   76   71   64   59   51   45
   38   34   30   28   27   25   28   28   32   31   37   39   47   54   67   77
   93  108  125  139  153  163  175  183  192  198  203  206  206  206  206  204
  199  193  184  174  162  150  139  127  117  105   97   87   84   78   79   79
   81   86   90   94   97   98  102   95   97                                   
    70.0-180.0 180.0   5.0 450.0                            LAT/LON1/LON2/DLON/H
   94   87   85   87   88   86   87   85   83   80   76   72   66   60   52   47
   40   37   33   33   33   35   38   39   43   42   45   46   52   57   67   77
   92  108  124  140  156  168  181  194  205  217  225  232  236  238  240  238
  237  232  225  214  202  188  173  158  144  129  114  103   93   86   82   82
   81   84   85   90   89   93   95   90   94                                   
    67.5-180.0 180.0   5.0 450.0                            LAT/LON1/LON2/DLON/H
   82   80   75   78   76   79   80   81   79   79   75   73   67   61   55   50
   45   43   41   42   45   47   53   54   57   55   56   53   57   59   68   76
   90  106  123  139  156  169  185  198  212  226  239  248  256  261  265  265
  262  256  251  241  231  217  203  184  166  147  129  111   98   83   78   71
   71   71   73   75   77   80   86   75   82                                   
    65.0-180.0 180.0   5.0 450.0                            LAT/LON1/LON2/DLON/H
   71   63   63   67   71   73   78   79   79   79   77   75   70   66   59   57
   51   51   47   52   52   60   65   70   71   71   68   68   66   67   70   79
   92  107  126  143  160  174  192  207  223  240  252  264  271  280  283  285
  280  276  268  261  249  235  218  199  177  154  133  116   97   81   68   61
   56   56   56   59   59   64   70   60   71                                   
    62.5-180.0 180.0   5.0 450.0                            LAT/LON1/LON2/DLON/H
   58   57   53   60   61   66   69   74   73   75   72   72   68   65   60   57
   55   54   53   56   61   66   73   78   79   77   75   70   68   66   70   75
   89  105  124  141  160  173  193  209  228  243  256  267  276  285  289  288
  285  279  273  264  254  240  224  205  183  161  138  117  100   80   65   54
   46   43   42   43   45   48   56   46   58                                   
    60.0-180.0 180.0   5.0 450.0                            LAT/LON1/LON2/DLON/H
   50   46   47   52   55   59   66   69   72   73   72   71   68   65   62   58
   56   55   54   58   59   68   71   79   78   79   75   74   69   69   70   77
   92  110  130  151  169  186  204  222  240  254  266  279  286  297  296  296
  290  287  277  270  254  242  226  209  189  166  147  128  109   92   72   58
   47   40   36   36   36   41   49   40   50                                   
    57.5-180.0 180.0   5.0 450.0                            LAT/LON1/LON2/DLON/H
   49   51   46   49   48   52   55   60   61   64   63   63   60   59   57   54
   52   50   51   53   57   62   66   70   69   69   66   64   61   64   68   78
   94  115  135  158  177  194  213  230  248  260  273  285  297  302  303  299
  294  288  279  268  254  239  228  214  197  177  159  144  131  114   96   76
   60   50   43   40   41   42   49   39   49                                   
    55.0-180.0 180.0   5.0 450.0                            LAT/LON1/LON2/DLON/H
   53   51   51   49   47   49   51   54   58   59   62   61   60   57   56   51
   50   46   47   48   49   54   54   60   55   60   54   59   55   64   72   88
  106  132  153  179  193  216  231  247  262  274  286  302  311  320  315  314
  305  303  289  278  260  247  234  224  211  197  182  170  158  146  126  107
   86   72   63   60   57   60   61   48   53                                   
    52.5-180.0 180.0   5.0 450.0                            LAT/LON1/LON2/DLON/H
   65   69   61   55   47   45   45   47   49   52   53   55   54   52   50   47
   46   43   44   44   46   47   48   48   49   47   48   49   56   65   78   97
  121  148  170  193  213  232  250  262  277  285  301  312  327  329  329  324
  323  315  307  289  275  257  247  236  228  215  207  196  188  176  160  141
  120  103   90   85   83   82   81   66   65                                   
    50.0-180.0 180.0   5.0 450.0                            LAT/LON1/LON2/DLON/H
   79   76   74   65   54   51   45   47   47   51   53   56   55   54   50   48
   47   44   45   44   45   45   44   45   41   44   41   53   57   74   90  115
  142  174  191  218  237  256  271  281  293  302  317  330  340  344  343  344
  339  339  326  313  293  276  264  254  246  237  228  222  212  204  187  169
  147  130  116  112  108  106  100   86   79                                   
    47.5-180.0 180.0   5.0 450.0                            LAT/LON1/LON2/DLON/H
   94   96   90   79   66   56   51   47   48   48   51   54   55   54   53   49
   50   48   51   49   50   47   48   44   44   42   49   56   68   83  107  131
  163  189  209  234  257  274  289  297  312  320  336  343  355  351  355  351
  354  349  342  326  310  290  276  264  258  247  241  231  226  215  201  183
  161  143  130  123  122  120  115  103   94                                   
    45.0-180.0 180.0   5.0 450.0                            LAT/LON1/LON2/DLON/H
  104   99  100   92   79   73   63   61   56   59   58   63   62   63   60   58
   59   57   61   59   60   57   55   53   51   52   56   71   82  108  127  155
  177  204  224  252  273  288  305  314  328  337  350  358  364  363  364  364
  364  363  354  342  323  306  288  274  263  251  239  231  221  213  195  177
  156  141  128  125  122  121  118  109  104                                   
    42.5-180.0 180.0   5.0 450.0                            LAT/LON1/LON2/DLON/H
  108  106  107  102   93   87   79   73   70   68   70   70   71   70   70   67
   70   68   73   71   72   68   67   62   61   62   71   82  102  121  143  165
  189  210  237  262  285  301  318  328  344  354  370  373  379  370  372  368
  370  365  359  347  330  309  290  273  258  241  227  214  206  195  179  160
  142  128  118  111  111  107  111  107  108                                   
    40.0-180.0 180.0   5.0 450.0                            LAT/LON1/LON2/DLON/H
   99   97  104  105  102  103   98   94   86   84   81   83   81   82   79   80
   80   81   83   84   82   80   75   73   70   74   82   99  116  137  155  174
  196  219  246  273  296  314  333  347  360  373  387  393  392  388  384  382
  379  378  368  359  340  322  298  281  258  239  215  205  189  179  159  144
  124  115  103   98   93   88   94   89   99                                   
    37.5-180.0 180.0   5.0 450.0                            LAT/LON1/LON2/DLON/H
   88   92   97  103  105  109  108  104   99   93   92   90   91   90   90   87
   91   89   93   90   90   85   82   78   79   82   92  106  125  142  161  177
  198  222  252  283  310  331  352  368  384  400  413  414  415  404  401  393
  389  382  376  362  348  328  307  285  263  243  222  205  192  177  161  143
  127  114  104   92   86   76   77   71   88                                   
    35.0-180.0 180.0   5.0 450.0                            LAT/LON1/LON2/DLON/H
   72   70   80   89   97  109  111  111  107  102   99   97   97   96   96   95
   97   97  100   96   94   88   83   82   80   88   97  115  134  150  168  183
  207  232  263  298  331  353  379  399  416  432  443  447  444  437  428  423
  412  408  399  391  374  359  336  316  291  272  251  236  219  205  188  172
  156  140  126  112   94   81   74   62   72                                   
    32.5-180.0 180.0   5.0 450.0                            LAT/LON1/LON2/DLON/H
   72   69   70   84   91  101  106  106  105  100   98   97   99   99   99   98
  100  101  102   99   93   89   83   81   82   89  100  117  135  152  169  187
  214  241  278  324  361  394  414  442  458  475  481  482  481  472  469  459
  450  442  436  430  420  406  390  371  353  333  317  296  284  265  252  233
  216  198  183  160  135  106   92   63   72                                   
    30.0-180.0 180.0   5.0 450.0                            LAT/LON1/LON2/DLON/H
   79   66   62   70   81   92   99  100  101   98   97   96   99   99   99   98
  102  102  104   96   91   84   80   81   80   88  101  119  141  159  178  201
  231  268  310  364  412  448  470  494  503  519  523  530  525  522  513  510
  495  493  489  492  485  488  476  466  450  434  422  408  397  377  354  334
  308  285  257  227  190  157  133  101   79                                   
    27.5-180.0 180.0   5.0 450.0                            LAT/LON1/LON2/DLON/H
  110   93   75   76   79   85   92   92   94   90   92   93   96   97   98   98
  101  104  104   99   90   87   80   81   81   89  103  122  145  169  197  221
  258  297  352  417  466  503  519  538  546  562  568  576  578  574  572  564
  557  552  567  576  586  589  595  589  587  576  569  557  547  527  513  493
  472  431  386  328  271  224  188  140  110                                   
    25.0-180.0 180.0   5.0 450.0                            LAT/LON1/LON2/DLON/H
  166  136  104   81   80   76   83   82   89   85   90   89   96   93   93   92
   98   98  101   93   90   84   81   82   85   91  109  131  156  187  216  251
  293  338  394  457  507  544  560  582  589  607  615  630  636  645  649  650
  642  654  657  673  680  696  707  717  723  716  698  680  663  640  622  609
  582  555  514  462  373  320  267  215  166                                   
    22.5-180.0 180.0   5.0 450.0                            LAT/LON1/LON2/DLON/H
  244  215  166  130  101   90   81   83   85   84   88   89   95   91   90   89
   94   96   98   96   89   88   83   85   87   94  111  137  175  207  251  285
  326  372  426  490  533  566  589  607  622  641  656  677  697  715  726  729
  730  738  750  769  788  808  816  821  818  810  797  784  765  743  718  708
  687  669  634  560  489  440  386  314  244                                   
    20.0-180.0 180.0   5.0 450.0                            LAT/LON1/LON2/DLON/H
  335  296  239  189  158  120  108   89   95   84   96   90   99   90   88   81
   87   85   92   87   88   87   88   89   91   96  113  147  189  237  284  321
  364  407  463  510  557  588  614  636  656  679  700  726  752  773  781  795
  799  814  820  839  852  870  878  881  878  874  866  858  843  810  786  768
  750  729  696  658  590  532  476  414  335                                   
    17.5-180.0 180.0   5.0 450.0                            LAT/LON1/LON2/DLON/H
  416  378  324  262  222  185  153  131  116  108  103  105   96   92   81   78
   79   83   87   86   83   86   92   89   92   98  122  159  209  263  310  343
  390  439  491  538  575  604  630  646  673  701  728  762  785  804  819  830
  835  848  859  877  893  908  912  910  907  896  892  875  858  823  803  776
  760  736  713  678  644  600  543  486  416                                   
    15.0-180.0 180.0   5.0 450.0                            LAT/LON1/LON2/DLON/H
  454  440  397  339  297  245  215  181  159  132  126  113  104   88   81   73
   75   76   83   85   87   91   92   92   95  104  132  184  237  295  337  376
  422  475  517  558  588  610  639  661  690  722  755  784  802  823  830  843
  849  863  873  892  903  916  910  905  894  881  867  848  820  790  750  731
  706  698  673  661  630  605  563  512  454                                   
    12.5-180.0 180.0   5.0 450.0                            LAT/LON1/LON2/DLON/H
  468  468  430  388  347  300  266  233  204  177  156  139  118  103   83   77
   73   76   80   84   95   92   97   86   93  104  143  200  257  310  350  392
  440  492  533  568  594  616  642  667  701  738  769  794  810  823  830  839
  848  858  869  883  891  896  887  871  852  831  814  792  760  728  687  658
  638  624  617  600  593  570  549  505  468                                   
    10.0-180.0 180.0   5.0 450.0                            LAT/LON1/LON2/DLON/H
  460  470  449  419  384  346  307  273  251  210  183  161  132  121   99   91
   83   84   89   94  102  104   97   93   97  117  160  227  276  326  358  405
  446  498  529  557  585  604  637  661  700  734  772  793  803  814  817  821
  825  834  841  851  855  853  841  823  800  778  759  734  698  668  608  576
  543  536  522  524  515  506  512  467  460                                   
     7.5-180.0 180.0   5.0 450.0                            LAT/LON1/LON2/DLON/H
  432  446  435  419  393  362  329  295  272  241  212  178  151  138  122  113
  104   98   98   96  101   88   86   80   94  124  177  240  288  327  363  400
