data/unet/pred0080.15i
     1.0            IONOSPHERE MAPS     GNSS                IONEX VERSION / TYPE
pyspatialgeodesy        IME             05-JAN-18 20:20     PGM / RUN BY / DATE 
Map Name                                                    COMMENT             
Predicted global ionosphere maps (GIM).                     DESCRIPTION         
  2015     1     8     0     0     0                        EPOCH OF FIRST MAP  
  2015     1     9     0     0     0                        EPOCH OF LAST MAP   
  7200                                                      INTERVAL            
    13                                                      # OF MAPS IN FILE   
  NONE                                                      MAPPING FUNCTION    
10.0                                                        ELEVATION CUTOFF    
One-way carrier phase leveled to code                       OBSERVABLES USED    
  6371.0                                                    BASE RADIUS         
 2                                                          MAP DIMENSION       
   450.0 450.0   0.0                                        HGT1 / HGT2 / DHGT  
    87.5 -87.5  -2.5                                        LAT1 / LAT2 / DLAT  
  -180.0 180.0   5.0                                        LON1 / LON2 / DLON  
    -1                                                      EXPONENT            
                                                            END OF HEADER       
[from data line 2574]
     7                                                      START OF TEC MAP    
  2015     1     8    12     0     0                        EPOCH OF CURRENT MAP
    87.5-180.0 180.0   5.0 450.0                            LAT/LON1/LON2/DLON/H
   96   99   97   96   97   98   99   99  101  100  102  101  103  102  103  101
  103  100  103  100  102   99  101   98  101   97  100   97   99   96   98   96
   98   96   98   97   99   98   99   99  100   99  100   98  100   98  101   99
  101   99  101  100  100   99   99   99   98   98   97   97   97   96   96   95
   96   94   96   94   97   94  103   92   96                                   
    85.0-180.0 180.0   5.0 450.0                            LAT/LON1/LON2/DLON/H
  101   98   92   89   92   91   95   94   97   97   99   99  101  101  102  102
  103  102  103  103  104  104  104  104  104  104  103  103  104  102  102  102
  102  101  100  100   99  100   99   99   99   98   98   97   98   97   98   97
   98   98   98   98   98   98   97   98   97   97   95   96   95   94   93   92
   92   91   91   90   92   92   95  101  101                                   
    82.5-180.0 180.0   5.0 450.0                            LAT/LON1/LON2/DLON/H
   97   87   86   87   85   87   86   89   88   91   90   93   92   95   93   97
   94   98   95   99   96   99   96   98   96   98   95   98   96   98   96   97
   96   98   97   99   98  100   99  100   99   99   99   99   99  100   99  100
   99  101   99  101   99  101   99  101   98  100   97   98   95   96   93   94
   90   92   89   90   88   87   83   82   97                                   
    80.0-180.0 180.0   5.0 450.0                            LAT/LON1/LON2/DLON/H
   80   69   71   70   70   71   73   74   76   76   78   77   80   78   82   79
   82   80   83   81   84   83   85   85   86   87   87   88   88   89   89   90
   90   91   92   93   93   94   94   95   95   96   96   97   97   98   99   98
   99   99  100  100  101  100  102  101  102  100  100  100   97   97   92   93
   88   88   84   84   81   76   71   72   80                                   
    77.5-180.0 180.0   5.0 450.0                            LAT/LON1/LON2/DLON/H
   73   64   57   59   58   62   61   65   65   68   68   70   71   71   71   71
   71   71   71   73   72   75   74   77   76   80   79   81   82   83   84   84
   85   87   88   91   91   94   93   96   93   96   94   95   94   95   94   95
   95   96   96   99  100  103  104  107  105  106  104  104  100   99   96   94
   90   88   84   81   77   72   66   66   73                                   
    75.0-180.0 180.0   5.0 450.0                            LAT/LON1/LON2/DLON/H
   70   61   56   54   53   55   55   56   58   59   61   61   62   61   63   60
   62   61   64   63   67   69   74   76   80   83   86   88   90   91   92   93
   93   98   97  102  100  105  102  105  102  103  102  101  101   99   99   97
   98   96   99  100  104  107  111  114  116  117  116  115  111  109  105  102
   97   95   90   85   80   74   70   70   70                                   
    72.5-180.0 180.0   5.0 450.0                            LAT/LON1/LON2/DLON/H
   74   70   59   58   56   56   55   55   56   56   57   57   58   56   56   55
   56   56   59   62   68   73   78   83   88   94   98  100  104  104  107  108
  110  111  113  115  115  118  118  118  117  117  115  113  110  107  105  102
  101   98   99  102  106  111  115  121  123  125  125  124  120  118  114  111
  106  102   98   93   88   80   78   80   74                                   
    70.0-180.0 180.0   5.0 450.0                            LAT/LON1/LON2/DLON/H
   81   76   66   66   62   62   61   59   60   58   60   57   58   53   53   50
   53   52   56   60   68   76   84   92   99  107  112  117  121  125  127  133
  133  139  137  143  140  145  141  144  137  139  133  132  125  122  115  112
  107  104  103  104  107  111  118  122  128  128  130  129  127  125  122  119
  115  112  107  102   95   90   86   91   81                                   
    67.5-180.0 180.0   5.0 450.0                            LAT/LON1/LON2/DLON/H
   89   87   72   76   71   71   67   67   64   63   61   59   57   52   50   45
   47   47   54   60   72   78   91  102  112  121  127  132  138  143  150  158
  165  172  175  178  178  177  174  171  165  161  156  150  145  136  129  120
  114  107  104  101  104  106  112  116  121  124  125  125  123  121  119  116
  114  111  109  104  102   93   92   99   89                                   
    65.0-180.0 180.0   5.0 450.0                            LAT/LON1/LON2/DLON/H
   93   90   80   83   81   83   79   78   74   72   67   65   60   58   52   50
   46   50   52   62   70   82   92  107  117  129  135  143  150  162  172  189
  196  209  212  219  217  218  210  208  197  193  182  177  165  158  144  138
  122  117  103  103   98  103  104  110  114  117  119  118  116  115  112  110
  108  108  105  103   99   96   92  103   93                                   
    62.5-180.0 180.0   5.0 450.0                            LAT/LON1/LON2/DLON/H
   94   93   80   88   84   87   82   85   77   78   71   70   65   62   57   53
   51   51   55   61   69   79   92  104  117  128  137  145  158  175  193  212
  222  236  243  249  252  254  245  240  228  221  209  201  192  177  165  149
  135  120  108   97   92   89   94   96  101  101  103  102  100   97   93   92
   92   91   91   89   91   86   86   99   94                                   
    60.0-180.0 180.0   5.0 450.0                            LAT/LON1/LON2/DLON/H
   90   92   85   88   91   93   93   90   88   82   80   75   73   70   64   60
   56   55   56   60   66   77   87  102  112  127  136  151  164  188  208  227
  245  261  273  282  282  287  278  272  256  251  237  230  217  204  184  166
  145  131  112  100   84   84   79   83   84   86   85   85   82   79   77   77
   77   78   78   78   78   76   77   91   90                                   
    57.5-180.0 180.0   5.0 450.0                            LAT/LON1/LON2/DLON/H
   82   82   74   86   84   90   87   90   84   83   78   79   75   74   71   65
   61   59   60   62   65   71   80   91  104  116  130  146  168  194  217  243
  269  293  304  311  311  305  297  291  275  269  254  247  236  222  205  182
  163  140  121  101   87   77   74   70   73   69   68   66   65   64   61   64
   64   66   65   66   67   64   64   80   82                                   
    55.0-180.0 180.0   5.0 450.0                            LAT/LON1/LON2/DLON/H
   74   78   72   76   85   85   90   85   87   82   85   81   83   77   77   68
   66   61   61   59   61   67   72   86   94  111  125  149  173  205  231  262
  301  322  341  345  342  336  322  318  295  289  273  271  258  246  224  203
  177  156  133  113   93   80   73   69   66   63   59   60   60   58   60   60
   63   64   65   61   60   56   58   70   74                                   
    52.5-180.0 180.0   5.0 450.0                            LAT/LON1/LON2/DLON/H
   67   64   60   73   73   79   77   80   76   79   77   79   78   79   76   70
   67   63   63   61   62   64   70   79   90  107  127  153  181  217  248  285
  321  349  364  375  365  362  341  333  312  304  286  282  270  260  243  221
  200  175  154  131  111   94   84   75   70   62   59   57   60   59   63   65
   67   69   68   65   62   56   55   67   67                                   
    50.0-180.0 180.0   5.0 450.0                            LAT/LON1/LON2/DLON/H
   67   67   62   65   70   70   75   74   79   76   83   79   85   80   81   71
   67   64   61   61   58   63   65   79   90  111  133  167  194  238  271  309
  341  371  385  397  385  383  361  353  333  321  305  300  287  279  259  241
  219  195  172  148  127  107   96   87   80   72   66   64   66   69   73   78
   82   84   81   76   69   64   64   71   67                                   
    47.5-180.0 180.0   5.0 450.0                            LAT/LON1/LON2/DLON/H
   75   66   61   66   64   66   67   72   72   79   79   85   83   84   80   73
   68   65   64   63   62   63   70   81   98  121  148  185  215  257  291  319
  346  369  383  394  390  387  370  360  341  329  314  306  292  279  263  247
  229  211  191  172  150  130  114  103   93   84   77   74   77   81   87   94
   96  100   94   91   83   75   76   84   75                                   
    45.0-180.0 180.0   5.0 450.0                            LAT/LON1/LON2/DLON/H
   87   80   72   67   71   69   73   75   78   81   84   87   86   87   83   76
   68   68   63   67   62   70   77   91  110  139  164  209  234  281  301  325
  339  354  358  368  369  369  363  356  343  330  320  310  296  284  269  253
  239  222  205  188  167  145  129  116  105   96   86   85   85   91   97  105
  111  114  110  106   96   94   92   96   87                                   
    42.5-180.0 180.0   5.0 450.0                            LAT/LON1/LON2/DLON/H
  100   85   77   74   72   71   77   77   87   88   94   94   94   91   87   80
   73   71   70   70   72   76   87  105  127  161  190  232  261  294  314  326
  333  336  341  350  355  359  359  352  341  327  316  304  291  277  264  251
  238  226  214  199  181  158  140  125  111  103   92   91   90   97  100  110
  111  116  113  113  107  100  104  111  100                                   
    40.0-180.0 180.0   5.0 450.0                            LAT/LON1/LON2/DLON/H
  107   99   88   79   82   80   84   88   92   97   98  104   94   99   88   87
   78   76   72   77   76   89   99  122  144  181  208  255  271  303  312  325
  323  323  326  336  344  350  354  349  344  332  324  312  300  286  273  259
  247  233  222  206  190  167  148  132  118  107   98   95   93   96  102  107
  112  113  112  113  104  107  113  117  107                                   
    37.5-180.0 180.0   5.0 450.0                            LAT/LON1/LON2/DLON/H
  114   95   86   85   84   84   91   94  105  106  114  110  110  102  100   95
   88   84   81   83   85   96  111  137  163  201  233  266  290  311  323  329
  331  332  338  350  362  366  368  363  356  343  335  320  306  289  275  261
  248  234  224  208  193  170  151  134  120  112  102  100   97   98  100  103
  105  106  107  104  104  101  111  117  114                                   
    35.0-180.0 180.0   5.0 450.0                            LAT/LON1/LON2/DLON/H
  112  100   87   87   89   90   98  102  108  113  113  118  107  108   99  102
   94   89   85   94   96  115  128  157  179  221  253  282  305  324  335  339
  341  346  355  369  380  385  389  383  376  369  357  347  329  312  291  274
  258  245  233  216  200  178  157  140  128  120  114  111  106  105  107  106
  105  104  100  101   91  101  109  113  112                                   
    32.5-180.0 180.0   5.0 450.0                            LAT/LON1/LON2/DLON/H
  111   94   85   88   89   94   99  104  111  114  121  117  121  112  111  111
  104  100   96   99  107  125  143  177  205  246  275  302  328  347  358  371
  372  394  396  422  420  434  426  418  408  396  387  374  358  336  311  290
  270  257  247  230  214  190  172  153  145  136  131  128  127  125  123  122
  119  116  111  105  100   95  101  107  111                                   
    30.0-180.0 180.0   5.0 450.0                            LAT/LON1/LON2/DLON/H
  110   92   80   85   87   91   98   99  108  114  113  118  109  110  104  108
  108  105  105  115  121  147  161  204  225  268  296  329  353  374  386  400
  419  441  457  483  479  484  465  454  441  430  424  419  401  380  350  327
  303  292  276  262  240  219  198  184  175  168  167  168  171  174  172  170
  164  151  142  132  114  111  109  109  110                                   
    27.5-180.0 180.0   5.0 450.0                            LAT/LON1/LON2/DLON/H
  118  105   88   93   86   92   89   95   98  104  113  108  115  107  112  109
  109  105  109  113  128  155  180  221  252  287  321  352  376  395  405  431
  457  497  514  548  533  540  512  506  490  481  479  471  457  431  404  379
  355  343  330  317  297  275  257  239  232  223  227  230  239  237  228  222
  206  191  173  155  146  126  120  111  118                                   
    25.0-180.0 180.0   5.0 450.0                            LAT/LON1/LON2/DLON/H
  130   99   86   82   81   81   84   86   94   97  101  104   98  100   94  100
  102  103  110  121  136  175  198  249  273  313  348  377  399  414  436  464
  512  551  579  607  594  591  559  552  536  536  532  529  512  490  463  440
  416  407  392  384  368  353  336  325  315  313  313  316  305  301  291  291
  274  258  224  199  172  155  144  153  130                                   
    22.5-180.0 180.0   5.0 450.0                            LAT/LON1/LON2/DLON/H
  154  133  113  103   93   89   87   86   89   91   93   91   98   92   98   99
  102  101  114  122  145  188  225  271  303  342  374  404  419  437  457  499
  546  600  623  644  628  624  596  592  588  595  593  591  566  547  523  505
  485  475  462  461  451  449  433  428  412  406  382  375  359  357  346  356
  346  339  303  267  229  194  178  185  154                                   
    20.0-180.0 180.0   5.0 450.0                            LAT/LON1/LON2/DLON/H
  183  153  140  122  104   94   90   87   87   89   89   90   88   95   90   96
   98  105  115  133  159  208  243  297  326  363  391  421  437  457  495  529
  584  619  648  659  650  647  623  625  622  630  631  625  611  590  573  557
  542  535  523  522  518  518  509  503  483  470  447  434  417  407  392  398
  384  389  356  330  289  249  221  236  183                                   
    17.5-180.0 180.0   5.0 450.0                            LAT/LON1/LON2/DLON/H
  215  189  169  152  134  116  106   98   98   89   87   86   89   92   95   99
  104  110  125  145  185  228  274  317  351  378  403  433  452  482  511  558
  595  636  644  659  648  651  637  645  648  661  662  660  644  631  610  601
  586  576  562  563  554  559  545  540  517  510  486  476  452  443  420  421
  405  416  394  380  341  311  270  265  215                                   
    15.0-180.0 180.0   5.0 450.0                            LAT/LON1/LON2/DLON/H
  242  218  193  174  156  127  114  103  102   88   86   83   85   90   91   97
  104  118  136  168  208  257  295  337  360  385  407  439  465  498  527  568
  604  633  645  657  656  656  650  658  663  667  677  668  663  645  638  626
  615  599  583  573  564  562  548  539  522  517  500  482  459  439  415  406
  392  396  389  386  363  335  304  289  242                                   
    12.5-180.0 180.0   5.0 450.0                            LAT/LON1/LON2/DLON/H
  250  237  213  194  175  148  128  111  109   99   89   88   89   94   97  102
  111  123  150  189  236  283  320  348  366  386  409  449  480  513  540  577
  601  627  635  650  649  655  651  659  666  666  678  676  668  659  645  637
  621  606  589  578  566  560  542  529  513  502  480  457  427  411  382  378
  367  377  371  381  358  348  315  289  250                                   
    10.0-180.0 180.0   5.0 450.0                            LAT/LON1/LON2/DLON/H
  242  242  222  204  185  156  139  119  112  104   96   90   90   92   96  103
  105  125  148  203  243  293  318  352  359  386  410  457  485  519  541  572
  597  618  633  649  656  657  657  648  656  647  669  660  669  657  654  640
  626  602  583  569  556  548  518  506  482  481  452  431  395  371  340  331
  325  326  328  332  332  324  297  274  242                                   
     7.5-180.0 180.0   5.0 450.0                            LAT/LON1/LON2/DLON/H
  222  232  217  202  185  156  145  126  119  115  105  103   99  105  108  104
  106  118  144  196  246  295  325  351  363  389  417  458  486  510  529  560
