data/unet/pred2650.15i
     1.0            IONOSPHERE MAPS     GNSS                IONEX VERSION / TYPE
pyspatialgeodesy        IME             05-JAN-18 20:20     PGM / RUN BY / DATE 
Map Name                                                    COMMENT             
Predicted global ionosphere maps (GIM).                     DESCRIPTION         
  2015     9    22     0     0     0                        EPOCH OF FIRST MAP  
  2015     9    23     0     0     0                        EPOCH OF LAST MAP   
  7200                                                      INTERVAL            
    13                                                      # OF MAPS IN FILE   
  NONE                                                      MAPPING FUNCTION    
10.0                                                        ELEVATION CUTOFF    
One-way carrier phase leveled to code                       OBSERVABLES USED    
  6371.0                                                    BASE RADIUS         
 2                                                          MAP DIMENSION       
   450.0 450.0   0.0                                        HGT1 / HGT2 / DHGT  
    87.5 -87.5  -2.5                                        LAT1 / LAT2 / DLAT  
  -180.0 180.0   5.0                                        LON1 / LON2 / DLON  
    -1                                                      EXPONENT            
                                                            END OF HEADER       
[from data line 1287]
     4                                                      START OF TEC MAP    
  2015     9    22     6     0     0                        EPOCH OF CURRENT MAP
    87.5-180.0 180.0   5.0 450.0                            LAT/LON1/LON2/DLON/H
   54   89   85   82   81   77   79   78   80   80   81   81   83   83   84   84
   85   85   86   86   87   87   88   87   89   88   89   88   90   89   91   89
   92   90   92   90   93   91   93   92   95   94   97   96   99   99  101  101
  103  103  105  104  106  105  106  104  105  103  104  100  102   98   99   94
   96   92   93   90   94   89  103   63   54                                   
    85.0-180.0 180.0   5.0 450.0                            LAT/LON1/LON2/DLON/H
   83   90   85   83   83   77   79   78   80   79   81   81   82   82   84   84
   86   84   86   85   86   84   86   84   86   83   86   83   86   84   86   84
   88   86   89   88   91   90   93   92   95   94   98   97  100   99  102  102
  104  103  106  105  107  106  108  107  109  106  107  104  105  101  102   98
   99   94   96   92   93   85   99   93   83                                   
    82.5-180.0 180.0   5.0 450.0                            LAT/LON1/LON2/DLON/H
   75   84   82   84   78   80   78   81   79   80   79   81   81   82   83   83
   85   83   85   83   84   81   82   78   80   76   78   75   77   75   78   77
   79   80   81   84   84   87   87   90   90   93   95   97   98  100  102  104
  106  106  109  109  111  109  112  109  111  109  110  107  108  105  105  102
  100   99   98   96   93   91   97   78   75                                   
    80.0-180.0 180.0   5.0 450.0                            LAT/LON1/LON2/DLON/H
   74   76   78   71   69   64   68   64   66   64   66   65   66   66   67   69
   69   71   70   72   69   70   67   68   65   65   63   64   63   64   65   67
   69   71   75   77   81   82   87   88   92   93   97   98  101  102  105  106
  109  109  113  113  114  113  114  113  112  110  109  108  105  103  100   99
   95   94   92   90   88   80   85   74   74                                   
    77.5-180.0 180.0   5.0 450.0                            LAT/LON1/LON2/DLON/H
   68   71   69   68   63   63   60   61   58   58   57   58   57   59   59   62
   61   63   63   64   61   62   59   59   56   55   54   53   53   52   54   55
   58   61   64   70   72   77   79   84   85   89   91   94   97  100  103  108
  109  113  114  118  116  118  116  117  114  113  109  108  104  103   99   99
   94   95   91   92   87   82   83   69   68                                   
    75.0-180.0 180.0   5.0 450.0                            LAT/LON1/LON2/DLON/H
   72   70   72   65   59   56   56   52   51   48   47   47   46   49   48   53
   51   56   55   59   54   58   53   54   48   50   46   46   43   45   45   48
   49   54   58   64   67   73   76   80   83   86   90   92   97  101  108  111
  116  118  123  123  124  122  121  118  117  113  111  107  105  102  100   98
   96   95   93   93   90   83   88   71   72                                   
    72.5-180.0 180.0   5.0 450.0                            LAT/LON1/LON2/DLON/H
   74   70   69   64   58   52   50   47   43   41   39   39   38   40   41   45
   46   49   52   54   54   53   52   49   47   43   43   38   39   35   40   38
   45   45   54   57   64   68   73   76   80   83   88   92   98  103  111  117
  121  125  128  130  129  129  125  124  118  116  112  110  106  104  101  100
   96   96   95   95   94   88   89   74   74                                   
    70.0-180.0 180.0   5.0 450.0                            LAT/LON1/LON2/DLON/H
   79   75   73   66   56   49   47   42   37   32   30   27   26   29   29   35
   36   44   44   51   49   53   51   51   47   45   42   38   37   35   37   37
   40   43   50   56   61   66   71   74   78   82   87   92   97  105  112  117
  121  125  128  129  129  127  125  121  120  114  114  109  109  104  104  100
   99   98   99  101   99   94   95   83   79                                   
    67.5-180.0 180.0   5.0 450.0                            LAT/LON1/LON2/DLON/H
   83   77   74   66   59   50   46   41   36   32   29   28   26   27   28   32
   36   41   46   50   51   53   53   51   47   44   41   37   35   31   33   31
   36   37   46   49   58   61   69   72   78   82   90   96  102  109  116  122
  125  130  131  133  130  129  123  122  116  115  110  109  106  106  103  102
   99  100  101  103  104   99   98   88   83                                   
    65.0-180.0 180.0   5.0 450.0                            LAT/LON1/LON2/DLON/H
   87   80   76   68   57   49   44   40   34   30   27   24   22   22   24   27
   31   37   41   46   47   52   50   51   48   47   44   39   37   32   33   31
   34   36   42   47   55   59   67   71   79   85   93   99  104  112  116  123
  124  130  130  132  129  127  123  118  117  112  113  108  109  104  105  100
  101   99  103  105  107  103  103   96   87                                   
    62.5-180.0 180.0   5.0 450.0                            LAT/LON1/LON2/DLON/H
   91   83   75   67   57   47   42   38   34   31   29   26   25   25   27   30
   33   38   42   45   48   49   49   47   46   43   40   36   33   28   27   24
   27   27   35   39   49   54   65   70   80   85   96  101  108  114  121  126
  129  133  135  136  133  131  125  122  117  116  112  113  109  110  105  105
  101  103  104  108  110  107  105  101   91                                   
    60.0-180.0 180.0   5.0 450.0                            LAT/LON1/LON2/DLON/H
   92   82   74   65   53   44   38   36   31   31   28   28   25   24   25   26
   30   33   36   39   41   44   43   44   43   43   41   37   34   30   27   24
   25   27   34   39   49   55   66   73   84   92  100  108  113  120  124  130
  131  137  137  140  137  136  131  125  124  119  119  113  115  109  109  103
  103   99  103  107  111  108  107  106   92                                   
    57.5-180.0 180.0   5.0 450.0                            LAT/LON1/LON2/DLON/H
   98   88   76   66   54   44   38   34   32   30   31   28   28   26   28   28
   31   33   34   35   36   36   36   37   37   37   35   32   30   25   23   19
   20   21   30   36   48   54   67   76   88   95  107  113  122  129  134  138
  141  145  149  150  151  149  145  139  137  132  126  124  121  119  114  111
  106  106  105  111  113  112  109  108   98                                   
    55.0-180.0 180.0   5.0 450.0                            LAT/LON1/LON2/DLON/H
  104   93   84   72   60   49   42   38   33   34   31   32   29   30   29   29
   29   30   28   29   28   30   29   33   34   36   35   35   32   29   24   22
   22   26   33   40   53   59   74   82   95  102  114  123  132  141  144  149
  151  158  160  164  164  163  156  149  145  138  135  129  130  124  124  116
  115  108  112  113  119  117  115  114  104                                   
    52.5-180.0 180.0   5.0 450.0                            LAT/LON1/LON2/DLON/H
  118  107   94   86   72   60   50   43   38   34   34   31   31   28   29   27
   29   27   26   25   25   25   26   28   31   32   34   32   32   27   24   21
   21   25   33   44   55   66   79   91  100  111  122  133  144  151  157  162
  168  173  177  179  182  179  175  166  164  154  149  143  141  138  133  129
  124  121  120  123  125  126  121  118  118                                   
    50.0-180.0 180.0   5.0 450.0                            LAT/LON1/LON2/DLON/H
  131  120  114  105   94   82   70   60   50   45   39   37   33   33   29   30
   28   28   24   26   24   26   25   30   32   36   37   38   36   34   29   28
   29   32   43   51   66   74   89   98  111  120  134  145  157  165  172  178
  183  188  192  194  195  193  185  177  171  159  153  146  148  143  144  137
  137  129  133  131  137  134  129  128  131                                   
    47.5-180.0 180.0   5.0 450.0                            LAT/LON1/LON2/DLON/H
  145  135  132  129  116  105   91   80   67   56   49   41   38   34   32   30
   30   28   28   27   28   28   30   33   37   40   42   41   40   37   33   31
   31   38   45   60   71   86   96  109  118  130  143  157  169  178  187  193
  199  203  208  207  208  202  197  185  180  168  163  155  157  154  153  149
  146  142  141  141  143  143  136  133  145                                   
    45.0-180.0 180.0   5.0 450.0                            LAT/LON1/LON2/DLON/H
  154  144  149  147  138  127  114  100   85   73   61   53   45   41   37   36
   33   36   32   35   34   38   38   44   46   49   48   49   46   45   40   38
   41   43   56   66   82   94  107  116  127  137  151  164  177  188  198  204
  210  214  215  214  212  207  197  186  178  167  159  155  157  154  156  153
  155  149  152  150  155  150  142  142  154                                   
    42.5-180.0 180.0   5.0 450.0                            LAT/LON1/LON2/DLON/H
  155  150  153  156  150  142  130  116  100   87   74   63   55   47   43   40
   39   39   40   41   43   46   49   53   55   55   54   53   49   48   43   42
   43   49   59   75   89  106  115  128  136  148  162  174  189  198  208  216
  223  225  226  220  217  207  198  186  180  170  166  161  164  161  163  161
  160  157  156  156  157  154  145  143  155                                   
    40.0-180.0 180.0   5.0 450.0                            LAT/LON1/LON2/DLON/H
  155  146  149  153  148  143  133  122  109   98   86   76   66   59   53   51
   48   51   50   53   55   59   60   64   64   64   60   59   54   53   48   46
   48   51   63   77   95  110  122  134  144  155  168  180  195  205  216  224
  229  231  230  226  219  210  199  187  182  173  167  162  165  162  163  162
  163  160  162  160  162  156  146  146  155                                   
    37.5-180.0 180.0   5.0 450.0                            LAT/LON1/LON2/DLON/H
  146  135  134  138  136  132  127  119  112  103   95   87   79   72   66   62
   61   61   62   63   66   68   70   72   71   69   64   61   56   54   49   46
   46   50   62   78   97  117  130  144  153  165  178  190  204  213  224  230
  237  237  239  232  229  218  211  202  198  190  183  177  177  173  171  169
  169  167  168  165  164  158  147  143  146                                   
    35.0-180.0 180.0   5.0 450.0                            LAT/LON1/LON2/DLON/H
  137  125  116  116  109  110  107  106  102  101   96   92   86   81   76   74
   73   73   75   75   78   79   80   81   79   77   69   67   59   59   53   51
   50   53   63   78   97  118  133  148  160  171  183  194  208  219  227  235
  241  245  247  246  245  238  233  227  223  213  204  196  192  184  179  176
  174  173  175  172  170  164  154  146  137                                   
    32.5-180.0 180.0   5.0 450.0                            LAT/LON1/LON2/DLON/H
  135  120  101   96   89   86   85   86   89   92   95   94   92   89   86   84
   84   83   85   83   85   84   86   86   83   78   71   66   62   57   55   50
   50   51   63   79   99  121  138  156  167  179  190  200  214  224  234  242
  251  256  263  266  270  271  271  267  264  252  240  227  218  208  200  194
  191  190  191  186  182  174  163  153  135                                   
    30.0-180.0 180.0   5.0 450.0                            LAT/LON1/LON2/DLON/H
  148  128  101   86   70   64   61   66   71   79   85   90   90   91   89   90
   91   92   92   90   91   89   90   89   87   83   76   73   66   66   57   57
   52   57   62   81   99  120  138  158  172  181  192  204  213  228  237  250
  259  271  282  295  308  317  323  323  322  306  287  271  256  240  227  219
  215  213  214  209  202  194  184  171  148                                   
    27.5-180.0 180.0   5.0 450.0                            LAT/LON1/LON2/DLON/H
  175  153  118   95   76   63   57   57   63   72   81   87   91   91   94   93
   96   95   96   93   93   92   93   94   94   88   84   75   73   66   63   58
   60   60   69   82   99  120  138  160  173  185  193  204  215  229  242  255
  273  288  307  323  344  360  372  378  377  365  345  323  303  285  267  255
  248  246  248  241  234  226  216  202  175                                   
    25.0-180.0 180.0   5.0 450.0                            LAT/LON1/LON2/DLON/H
  212  182  152  121   93   73   62   58   60   67   75   82   85   88   91   93
   95   95   95   92   92   92   96   98  100   97   91   85   79   76   68   67
   64   67   71   82   97  117  135  157  172  184  193  202  213  229  245  265
  283  306  327  352  376  399  415  427  426  417  393  373  350  328  308  292
  286  281  284  276  270  265  258  246  212                                   
    22.5-180.0 180.0   5.0 450.0                            LAT/LON1/LON2/DLON/H
  261  226  193  162  133  109   90   78   75   77   81   84   85   86   90   90
   93   91   92   89   92   95  101  108  112  107  103   92   87   78   75   70
   71   71   75   82   93  111  132  155  170  186  194  204  213  231  252  274
  298  321  350  377  406  427  444  457  462  455  435  416  392  375  353  338
  328  322  324  318  312  312  299  292  261                                   
    20.0-180.0 180.0   5.0 450.0                            LAT/LON1/LON2/DLON/H
  311  272  247  219  184  158  131  112  100   94   92   89   87   85   87   87
   90   89   91   89   96   99  110  117  122  119  112  103   94   86   82   76
   76   75   76   80   89  106  126  152  167  185  196  206  217  237  262  286
  311  342  371  404  427  449  461  477  480  475  458  444  425  409  394  378
  373  363  364  357  354  356  349  340  311                                   
    17.5-180.0 180.0   5.0 450.0                            LAT/LON1/LON2/DLON/H
  358  327  306  277  246  216  185  157  139  125  115  104   97   91   90   88
   89   87   89   90   99  108  121  131  137  133  125  107   94   84   80   76
   77   73   72   75   86  103  127  151  167  185  199  213  227  248  273  299
  330  361  396  421  445  461  472  482  484  483  470  467  452  445  428  420
  411  406  404  398  392  401  385  378  358                                   
    15.0-180.0 180.0   5.0 450.0                            LAT/LON1/LON2/DLON/H
  392  363  352  337  310  278  236  206  182  160  143  125  113  102   96   93
   93   92   94   95  107  116  132  141  147  141  132  112   95   88   81   80
   73   71   72   73   85  100  124  149  167  189  203  220  237  261  288  316
  350  384  411  434  449  465  469  477  475  475  469  471  470  469  465  456
  452  445  442  430  424  425  418  404  392                                   
    12.5-180.0 180.0   5.0 450.0                            LAT/LON1/LON2/DLON/H
  412  395  387  376  355  326  285  252  225  198  177  152  135  119  112  101
  101   96   98  100  115  127  144  154  161  153  139  115  100   89   84   76
   71   66   70   72   87  102  125  150  171  192  209  229  250  278  302  333
  369  400  424  439  447  456  455  459  459  461  461  471  476  485  484  483
  479  475  468  455  443  443  435  425  412                                   
    10.0-180.0 180.0   5.0 450.0                            LAT/LON1/LON2/DLON/H
  421  402  395  391  379  355  314  289  257  238  211  185  163  145  132  122
  117  112  107  108  117  129  151  162  168  157  142  122  105   95   88   77
   73   66   69   70   83  100  121  150  171  195  212  235  260  289  315  346
  383  409  428  438  441  443  441  441  442  444  448  463  482  494  503  501
  502  496  487  468  456  452  446  433  421                                   
     7.5-180.0 180.0   5.0 450.0                            LAT/LON1/LON2/DLON/H
  426  414  404  400  385  366  329  305  279  262  241  217  196  174  164  145
  143  132  129  123  129  135  153  164  173  161  149  128  115  100   94   81
