data/unet/pred0120.15i
     1.0            IONOSPHERE MAPS     GNSS                IONEX VERSION / TYPE
pyspatialgeodesy        IME             05-JAN-18 20:20     PGM / RUN BY / DATE 
Map Name                                                    COMMENT             
Predicted global ionosphere maps (GIM).                     DESCRIPTION         
  2015     1    12     0     0     0                        EPOCH OF FIRST MAP  
  2015     1    13     0     0     0                        EPOCH OF LAST MAP   
  7200                                                      INTERVAL            
    13                                                      # OF MAPS IN FILE   
  NONE                                                      MAPPING FUNCTION    
10.0                                                        ELEVATION CUTOFF    
One-way carrier phase leveled to code                       OBSERVABLES USED    
  6371.0                                                    BASE RADIUS         
 2                                                          MAP DIMENSION       
   450.0 450.0   0.0                                        HGT1 / HGT2 / DHGT  
    87.5 -87.5  -2.5                                        LAT1 / LAT2 / DLAT  
  -180.0 180.0   5.0                                        LON1 / LON2 / DLON  
    -1                                                      EXPONENT            
                                                            END OF HEADER       
[from data line 2145]
     6                                                      START OF TEC MAP    
  2015     1    12    10     0     0                        EPOCH OF CURRENT MAP
    87.5-180.0 180.0   5.0 450.0                            LAT/LON1/LON2/DLON/H
   64   89   80   80   78   79   79   80   79   81   79   81   78   80   77   79
   75   77   74   75   71   72   70   70   67   68   66   66   63   64   62   62
   60   61   60   60   58   59   58   59   58   59   58   59   58   60   59   60
   60   60   61   61   62   62   63   63   65   64   65   65   67   65   68   67
   70   68   71   72   73   68   71   67   64                                   
    85.0-180.0 180.0   5.0 450.0                            LAT/LON1/LON2/DLON/H
   90   84   87   90   85   89   87   91   89   92   91   92   92   91   91   90
   90   89   89   88   88   87   88   87   88   86   88   86   86   83   85   81
   82   79   80   77   78   75   77   74   76   73   75   72   74   71   74   71
   74   72   75   72   76   74   77   75   79   76   80   77   82   78   83   80
   85   82   86   82   85   82   88   83   90                                   
    82.5-180.0 180.0   5.0 450.0                            LAT/LON1/LON2/DLON/H
   76   84   82   85   80   82   82   87   86   89   87   90   87   89   85   87
   83   85   81   83   80   83   82   84   83   85   83   85   82   83   80   81
   77   79   76   77   74   76   73   75   71   73   71   72   70   71   70   71
   69   70   68   69   67   68   67   68   67   69   68   71   70   72   72   74
   74   75   76   76   76   77   81   82   76                                   
    80.0-180.0 180.0   5.0 450.0                            LAT/LON1/LON2/DLON/H
   76   74   73   72   72   71   74   73   77   76   78   76   77   75   76   73
   74   72   72   70   70   69   70   71   71   73   73   74   74   74   74   73
   74   73   74   72   74   73   74   73   73   72   73   72   72   71   72   71
   71   70   69   69   67   67   63   65   62   64   62   66   65   67   67   70
   70   71   71   70   70   68   72   77   76                                   
    77.5-180.0 180.0   5.0 450.0                            LAT/LON1/LON2/DLON/H
   66   68   69   70   69   70   72   72   73   73   74   73   73   73   72   72
   70   71   68   68   67   68   67   68   68   68   70   70   71   71   72   73
   74   76   77   78   80   81   82   83   84   84   86   84   86   84   86   84
   84   82   81   79   77   74   72   69   67   67   66   67   67   68   69   70
   70   70   70   68   67   65   67   62   66                                   
    75.0-180.0 180.0   5.0 450.0                            LAT/LON1/LON2/DLON/H
   63   62   63   62   62   63   65   65   67   67   67   68   65   66   64   65
   61   63   59   61   57   60   58   61   59   62   62   65   63   68   68   72
   73   78   80   86   88   94   95  100  100  104  104  107  106  107  105  105
  103  101   99   94   91   87   83   79   74   72   69   70   68   70   70   71
   71   71   70   69   66   63   62   60   63                                   
    72.5-180.0 180.0   5.0 450.0                            LAT/LON1/LON2/DLON/H
   56   60   60   61   59   62   62   64   63   64   62   62   60   62   59   62
   58   60   58   60   58   60   58   60   59   59   60   61   63   65   69   72
   77   82   89   95  102  109  116  122  126  130  133  135  136  136  135  133
  130  127  123  117  111  103   97   88   84   77   75   72   74   73   74   73
   74   71   73   67   66   60   60   53   56                                   
    70.0-180.0 180.0   5.0 450.0                            LAT/LON1/LON2/DLON/H
   58   55   61   59   61   61   64   63   64   63   63   61   61   59   60   59
   59   58   58   59   59   61   61   62   61   61   60   60   60   63   66   74
   80   91  101  113  123  135  142  153  159  167  169  174  172  171  165  162
  157  152  146  137  129  118  109   99   91   84   78   77   75   78   77   80
   77   77   74   73   68   64   61   58   58                                   
    67.5-180.0 180.0   5.0 450.0                            LAT/LON1/LON2/DLON/H
   55   60   63   63   62   66   65   66   64   65   63   64   61   63   60   61
   59   59   59   60   62   63   64   64   64   61   60   56   59   58   66   72
   84   96  110  124  139  151  165  178  191  200  207  207  206  200  198  190
  188  180  172  159  147  131  119  105   97   86   81   75   76   75   78   77
   79   76   77   71   70   63   63   53   55                                   
    65.0-180.0 180.0   5.0 450.0                            LAT/LON1/LON2/DLON/H
   58   59   66   65   67   69   69   71   69   69   69   69   68   68   68   68
   65   64   62   64   63   67   66   70   66   67   62   61   59   62   69   78
   90  108  123  142  156  174  190  209  221  237  240  244  239  235  225  220
  211  204  193  179  162  144  128  112  101   90   83   78   75   76   76   78
   77   77   75   76   71   67   64   59   58                                   
    62.5-180.0 180.0   5.0 450.0                            LAT/LON1/LON2/DLON/H
   60   67   66   68   66   71   69   72   69   70   69   72   71   74   74   76
   72   70   67   68   67   69   68   69   67   64   60   54   54   55   66   78
   94  114  133  152  172  192  215  235  251  265  271  272  269  260  253  237
  231  217  207  192  176  155  139  119  106   91   81   73   71   69   71   70
   72   70   72   69   70   66   66   52   60                                   
    60.0-180.0 180.0   5.0 450.0                            LAT/LON1/LON2/DLON/H
   58   62   64   64   64   69   67   70   68   70   70   72   75   77   76   78
   74   72   67   67   66   67   67   67   65   63   57   55   53   60   70   86
  104  130  148  172  192  217  243  265  279  293  295  302  299  293  280  262
  247  232  220  205  189  169  149  130  114   99   84   77   70   69   66   66
   64   65   64   68   65   66   62   52   58                                   
    57.5-180.0 180.0   5.0 450.0                            LAT/LON1/LON2/DLON/H
   58   63   58   61   58   62   61   64   62   66   66   70   72   76   78   79
   77   75   70   70   67   70   65   68   62   59   53   49   52   58   75   92
  115  142  164  187  214  242  266  286  298  311  317  323  324  314  300  279
  265  246  234  218  202  182  161  140  124  106   90   76   70   64   61   58
   57   57   59   61   63   63   62   47   58                                   
    55.0-180.0 180.0   5.0 450.0                            LAT/LON1/LON2/DLON/H
   56   56   53   54   51   56   54   59   58   61   64   67   71   73   75   76
   73   71   65   65   59   62   60   62   59   57   52   49   53   64   82  107
  133  162  184  215  244  272  293  313  322  333  338  344  347  333  319  296
  280  262  247  231  217  196  178  157  138  121  103   90   77   70   62   58
   54   53   55   61   62   64   61   47   56                                   
    52.5-180.0 180.0   5.0 450.0                            LAT/LON1/LON2/DLON/H
   58   58   50   52   47   51   49   54   52   57   58   63   65   69   69   71
   69   67   64   62   59   60   59   61   57   55   52   50   60   72   94  121
  153  178  208  237  266  292  310  329  339  349  356  361  360  344  328  306
  292  274  262  245  231  212  194  173  154  136  117  102   88   76   67   61
   56   55   58   62   67   65   66   48   58                                   
    50.0-180.0 180.0   5.0 450.0                            LAT/LON1/LON2/DLON/H
   60   56   51   51   47   52   48   54   52   58   59   63   67   66   68   67
   65   63   60   59   56   58   55   58   55   56   51   55   64   83  107  141
  168  196  226  260  286  310  327  341  354  361  372  375  369  353  336  318
  304  289  276  259  244  228  211  193  173  155  135  120  103   91   76   69
   60   59   61   68   71   73   71   54   60                                   
    47.5-180.0 180.0   5.0 450.0                            LAT/LON1/LON2/DLON/H
   69   67   58   59   52   56   52   57   54   61   62   65   66   66   65   64
   64   61   61   59   59   59   59   59   56   56   55   59   72   93  119  151
  181  206  239  269  297  321  337  348  359  366  376  373  366  350  334  316
  306  292  283  265  252  235  222  204  185  165  144  127  111   97   85   75
   67   65   67   72   79   79   82   64   69                                   
    45.0-180.0 180.0   5.0 450.0                            LAT/LON1/LON2/DLON/H
   77   75   71   70   65   67   61   64   61   68   68   72   72   69   70   66
   67   64   65   63   62   63   60   60   56   53   53   63   77  104  131  162
  185  214  241  276  303  329  341  350  359  363  369  363  357  346  332  322
  311  302  291  273  261  245  231  215  194  173  151  135  116  105   89   80
   69   69   69   77   82   87   90   77   77                                   
    42.5-180.0 180.0   5.0 450.0                            LAT/LON1/LON2/DLON/H
   88   87   84   85   78   77   70   73   70   76   77   80   80   76   76   71
   73   69   73   70   70   67   65   63   58   56   58   68   84  111  137  166
  188  215  244  281  309  338  347  358  361  363  359  351  345  332  328  315
  314  301  292  273  262  244  232  214  195  174  150  132  117  104   91   82
   73   75   74   80   86   90   97   89   88                                   
    40.0-180.0 180.0   5.0 450.0                            LAT/LON1/LON2/DLON/H
   93   91   93   92   88   87   81   81   80   86   87   93   90   88   85   81
   82   79   82   79   78   74   70   68   59   60   61   75   93  120  144  169
  188  216  241  285  317  350  360  368  370  363  359  349  346  340  336  333
  329  320  307  287  272  254  238  218  197  175  153  137  118  110   94   88
   76   78   75   82   85   91   95   92   93                                   
    37.5-180.0 180.0   5.0 450.0                            LAT/LON1/LON2/DLON/H
   97   97   97   99   93   91   84   84   84   90   94   99  100   96   94   88
   90   87   92   86   85   79   74   69   62   62   68   80   99  125  147  172
  190  218  250  294  332  371  386  399  394  389  378  369  363  355  356  346
  348  333  326  301  285  260  243  219  199  175  155  137  125  112  101   95
   86   88   86   91   93   93   96   93   97                                   
    35.0-180.0 180.0   5.0 450.0                            LAT/LON1/LON2/DLON/H
   95   92   96   95   91   91   87   85   88   94  100  108  110  108  104  101
  102  101  105   99   97   87   81   74   67   69   75   92  112  137  160  180
  200  229  264  310  352  391  413  423  423  413  405  395  393  388  386  382
  379  370  361  336  317  285  264  233  211  184  167  152  144  133  121  115
  104  105  101  105  104  102   97   93   95                                   
    32.5-180.0 180.0   5.0 450.0                            LAT/LON1/LON2/DLON/H
   92   96   94   94   87   86   82   82   85   92  100  107  113  112  110  107
  108  107  110  104  101   89   84   75   73   73   85  100  121  149  168  189
  209  239  280  326  375  418  448  466  466  463  454  449  447  441  439  428
  428  415  408  379  355  321  296  266  242  215  197  179  174  168  158  149
  139  135  128  123  121  114  104   89   92                                   
    30.0-180.0 180.0   5.0 450.0                            LAT/LON1/LON2/DLON/H
   89   91   92   87   81   82   80   79   85   91  100  110  116  117  114  114
  112  115  115  109  104   91   82   78   74   80   94  116  141  166  187  205
  227  258  304  350  400  443  477  492  501  499  499  506  506  509  504  505
  502  494  485  455  426  385  351  316  290  267  250  238  231  225  217  206
  197  189  174  164  146  135  118  100   89                                   
    27.5-180.0 180.0   5.0 450.0                            LAT/LON1/LON2/DLON/H
   93  106   94   91   83   81   79   78   83   90   99  108  114  115  115  114
  115  115  115  109  102   90   82   77   77   86  103  127  152  181  198  215
  241  277  325  372  425  469  500  520  537  549  558  574  578  583  580  580
  582  580  575  549  515  469  428  392  373  352  334  320  307  296  286  276
  263  248  235  217  198  177  150  113   93                                   
    25.0-180.0 180.0   5.0 450.0                            LAT/LON1/LON2/DLON/H
  106  124  108   91   86   86   84   82   89   92  102  109  114  113  112  109
  111  112  112  105   99   86   77   76   79   90  110  135  165  190  211  231
  265  303  355  400  447  490  520  547  572  597  618  643  656  662  658  658
  654  654  649  632  605  566  523  489  468  456  440  426  399  377  359  349
  338  327  305  278  251  220  193  149  106                                   
    22.5-180.0 180.0   5.0 450.0                            LAT/LON1/LON2/DLON/H
  136  160  138  118  103   98   94   89   93   93  101  105  110  110  106  104
  103  106  106  103   94   85   76   77   83   97  114  139  162  180  206  233
  280  316  369  406  454  493  522  550  585  621  655  691  706  708  701  699
  698  700  699  687  666  632  590  560  536  523  502  486  468  453  437  426
  420  408  386  354  318  280  243  202  136                                   
    20.0-180.0 180.0   5.0 450.0                            LAT/LON1/LON2/DLON/H
  184  202  186  152  139  119  118  103  105   94  105  102  107  101  101   93
   96   95  100   95   94   83   81   82   92  107  118  142  161  198  226  268
  307  342  383  417  459  498  532  561  603  647  686  717  737  737  730  729
  727  733  729  727  705  678  644  616  592  575  556  544  529  520  504  496
  483  467  446  410  377  330  296  261  184                                   
    17.5-180.0 180.0   5.0 450.0                            LAT/LON1/LON2/DLON/H
  236  245  224  203  179  156  144  128  124  109  109   99  102   96   94   89
   87   89   91   92   87   84   84   87   94   98  108  127  167  200  237  277
  317  346  384  416  453  490  521  552  599  648  682  719  734  734  730  728
  726  730  731  729  715  697  670  650  631  616  604  591  580  567  550  541
  526  506  482  447  415  375  340  311  236                                   
    15.0-180.0 180.0   5.0 450.0                            LAT/LON1/LON2/DLON/H
  274  276  261  247  226  199  178  151  143  122  119  103  101   90   88   81
   81   79   87   86   86   86   90   98  104  103  113  146  189  239  279  313
  344  365  400  426  461  493  526  561  608  647  680  700  718  719  713  712
  707  712  713  716  708  698  677  661  649  638  630  616  604  587  571  554
  539  517  496  459  420  389  369  340  274                                   
    12.5-180.0 180.0   5.0 450.0                            LAT/LON1/LON2/DLON/H
  305  304  287  280  261  245  219  196  176  152  140  120  110   94   92   81
   80   77   84   83   91   86   94   95   99   99  118  154  198  250  287  321
  342  371  404  438  465  499  525  560  602  636  658  678  685  688  687  686
  682  687  687  696  693  690  673  663  651  647  635  625  606  588  561  546
  523  505  477  442  412  394  394  356  305                                   
    10.0-180.0 180.0   5.0 450.0                            LAT/LON1/LON2/DLON/H
  319  318  302  300  288  274  259  232  210  181  160  136  122  106   99   90
   87   83   84   85   89   92   99  107  120  128  151  184  230  268  302  329
  348  379  410  449  476  506  537  572  601  625  648  659  665  668  662  668
  659  665  666  676  678  674  664  652  642  635  626  612  596  569  539  512
  491  457  432  404  390  382  386  357  319                                   
     7.5-180.0 180.0   5.0 450.0                            LAT/LON1/LON2/DLON/H
  321  315  303  306  292  289  271  254  232  208  185  161  139  121  106  100
   90   91   85   89   90   90   93  105  118  135  158  195  236  276  303  332
