data/unet/pred1610.15i
     1.0            IONOSPHERE MAPS     GNSS                IONEX VERSION / TYPE
pyspatialgeodesy        IME             05-JAN-18 20:20     PGM / RUN BY / DATE 
Map Name                                                    COMMENT             
Predicted global ionosphere maps (GIM).                     DESCRIPTION         
  2015     6    10     0     0     0                        EPOCH OF FIRST MAP  
  2015     6    11     0     0     0                        EPOCH OF LAST MAP   
  7200                                                      INTERVAL            
    13                                                      # OF MAPS IN FILE   
  NONE                                                      MAPPING FUNCTION    
10.0                                                        ELEVATION CUTOFF    
One-way carrier phase leveled to code                       OBSERVABLES USED    
  6371.0                                                    BASE RADIUS         
 2                                                          MAP DIMENSION       
   450.0 450.0   0.0                                        HGT1 / HGT2 / DHGT  
    87.5 -87.5  -2.5                                        LAT1 / LAT2 / DLAT  
  -180.0 180.0   5.0                                        LON1 / LON2 / DLON  
    -1                                                      EXPONENT            
                                                            END OF HEADER       
[from data line 3003]
     8                                                      START OF TEC MAP    
  2015     6    10    14     0     0                        EPOCH OF CURRENT MAP
    87.5-180.0 180.0   5.0 450.0                            LAT/LON1/LON2/DLON/H
  159  172  176  175  175  171  172  171  172  171  171  170  172  170  171  170
  171  169  171  170  172  171  172  172  173  173  173  173  173  172  172  171
  171  169  169  166  167  164  165  163  164  163  164  164  166  166  168  168
  171  171  173  174  177  176  178  178  180  179  181  180  182  180  181  179
  180  179  180  178  175  172  183  161  159                                   
    85.0-180.0 180.0   5.0 450.0                            LAT/LON1/LON2/DLON/H
  161  165  160  160  161  159  161  160  162  160  162  161  164  161  164  162
  165  162  165  163  167  164  167  165  169  167  169  167  170  168  169  167
  169  166  167  164  166  162  164  160  163  160  163  161  165  162  167  165
  171  168  173  171  176  173  177  175  178  176  178  176  178  175  176  173
  174  171  171  167  167  163  168  167  161                                   
    82.5-180.0 180.0   5.0 450.0                            LAT/LON1/LON2/DLON/H
  168  157  158  160  157  157  157  159  158  160  160  163  161  164  162  166
  163  166  163  167  164  168  166  170  168  171  169  173  171  174  171  174
  171  172  169  171  166  168  163  167  162  165  162  167  164  170  168  174
  173  177  177  181  181  184  182  185  183  185  182  183  181  181  178  177
  174  173  169  166  163  161  165  153  168                                   
    80.0-180.0 180.0   5.0 450.0                            LAT/LON1/LON2/DLON/H
  157  154  149  155  153  152  153  154  155  156  158  159  160  161  162  163
  162  164  163  165  163  166  164  167  166  168  168  171  170  172  171  173
  171  171  169  169  165  165  160  162  157  160  157  162  160  166  166  173
  172  178  177  183  182  186  183  186  183  184  181  181  178  177  174  173
  169  168  163  161  157  157  150  147  157                                   
    77.5-180.0 180.0   5.0 450.0                            LAT/LON1/LON2/DLON/H
  149  143  142  146  146  148  148  151  151  153  155  157  159  160  162  163
  163  163  164  164  164  164  164  166  166  167  169  172  173  174  175  176
  175  174  173  171  168  164  162  160  157  157  156  159  159  163  165  170
  172  176  177  182  181  183  183  184  182  181  179  178  175  173  170  168
  164  161  158  153  150  146  145  135  149                                   
    75.0-180.0 180.0   5.0 450.0                            LAT/LON1/LON2/DLON/H
  146  140  139  146  147  150  151  154  155  157  159  162  164  166  167  168
  169  169  169  169  169  170  170  171  172  174  176  179  181  183  184  186
  185  184  181  179  174  171  166  163  160  159  159  160  161  165  167  171
  174  177  179  181  182  184  183  183  182  181  180  178  177  174  172  169
  166  163  159  154  152  147  140  136  146                                   
    72.5-180.0 180.0   5.0 450.0                            LAT/LON1/LON2/DLON/H
  145  140  142  146  147  149  151  153  155  157  160  163  166  167  170  170
  171  171  171  170  170  170  170  171  173  175  177  181  183  186  188  190
  189  188  186  183  179  175  170  167  164  163  162  164  164  168  169  172
  173  176  176  178  178  180  179  179  178  178  177  176  174  173  170  167
  164  161  158  154  152  146  145  135  145                                   
    70.0-180.0 180.0   5.0 450.0                            LAT/LON1/LON2/DLON/H
  148  142  143  150  152  152  154  155  158  159  163  164  169  170  174  173
  176  174  175  173  175  173  175  174  177  178  181  183  187  188  191  192
  193  192  190  187  184  180  175  172  169  168  168  170  170  173  173  175
  176  176  176  177  178  178  178  177  178  177  176  175  175  173  172  170
  168  165  163  157  155  150  147  144  148                                   
    67.5-180.0 180.0   5.0 450.0                            LAT/LON1/LON2/DLON/H
  152  147  148  152  154  154  156  158  159  162  164  167  170  172  175  175
  177  175  176  174  175  173  174  174  176  177  179  183  185  188  190  193
  193  193  191  191  187  184  179  177  173  174  173  176  175  177  176  177
  175  176  174  175  174  174  174  175  174  174  175  176  177  175  176  173
  172  169  167  162  160  155  156  148  152                                   
    65.0-180.0 180.0   5.0 450.0                            LAT/LON1/LON2/DLON/H
  156  152  150  157  158  159  160  162  163  165  166  168  171  172  175  176
  178  176  177  175  176  175  176  175  179  179  182  183  187  187  191  191
  194  193  193  191  190  186  182  180  179  179  180  181  182  182  181  179
  178  176  175  174  174  175  175  175  177  178  180  182  183  184  183  182
  180  178  173  168  164  159  159  158  156                                   
    62.5-180.0 180.0   5.0 450.0                            LAT/LON1/LON2/DLON/H
  157  154  153  157  159  160  161  163  164  165  167  169  170  172  174  175
  176  174  175  173  174  171  174  173  178  178  182  183  186  187  189  192
  193  194  194  192  191  187  184  182  181  182  183  185  185  185  182  180
  177  176  173  174  173  174  175  176  179  180  184  186  190  189  191  187
  186  181  178  171  168  160  165  159  157                                   
    60.0-180.0 180.0   5.0 450.0                            LAT/LON1/LON2/DLON/H
  155  154  149  157  158  159  161  163  164  166  166  167  169  170  172  173
  174  173  172  170  170  170  171  173  177  180  184  185  189  189  191  192
  195  195  196  194  194  190  189  187  189  188  191  192  193  191  189  186
  184  180  179  180  181  182  183  185  188  190  193  195  198  198  197  195
  191  186  180  172  167  161  163  163  155                                   
    57.5-180.0 180.0   5.0 450.0                            LAT/LON1/LON2/DLON/H
  151  148  144  149  151  153  155  159  160  164  162  165  164  167  168  170
  170  170  168  166  167  166  169  171  177  179  186  187  192  192  195  195
  197  198  199  199  199  195  194  193  194  196  197  200  199  199  195  193
  189  187  185  187  187  189  190  193  195  197  201  201  205  202  203  196
  193  183  178  168  163  155  161  155  151                                   
    55.0-180.0 180.0   5.0 450.0                            LAT/LON1/LON2/DLON/H
  145  141  134  143  145  147  150  154  157  160  160  161  161  164  165  167
  167  167  165  163  162  164  166  170  176  182  187  191  195  197  198  199
  201  203  204  204  204  201  201  199  201  202  205  207  208  207  204  201
  199  197  196  198  199  203  203  207  208  210  210  211  210  207  203  198
  191  182  174  163  157  149  152  153  145                                   
    52.5-180.0 180.0   5.0 450.0                            LAT/LON1/LON2/DLON/H
  139  132  124  131  134  139  142  147  150  155  155  158  158  162  163  168
  168  168  165  165  163  164  166  169  176  183  190  194  199  201  203  204
  206  208  211  212  212  211  210  209  209  211  213  216  216  216  213  211
  209  207  207  209  210  213  214  216  217  217  218  215  214  208  204  195
  189  178  169  157  152  142  149  144  139                                   
    50.0-180.0 180.0   5.0 450.0                            LAT/LON1/LON2/DLON/H
  139  127  119  127  132  136  141  146  149  152  153  154  156  160  164  169
  169  171  167  166  164  164  166  170  176  184  188  195  199  203  205  206
  209  212  216  218  222  219  221  218  220  220  224  225  227  225  225  221
  221  220  221  223  224  228  228  230  226  227  224  222  216  210  202  194
  186  176  168  155  149  140  143  143  139                                   
    47.5-180.0 180.0   5.0 450.0                            LAT/LON1/LON2/DLON/H
  139  127  117  122  126  132  136  142  146  149  150  154  155  163  167  175
  176  179  175  175  171  171  170  175  178  186  191  198  202  206  208  211
  214  219  223  230  233  235  235  234  233  234  236  239  238  238  236  233
  234  232  234  234  237  238  241  238  236  232  230  224  218  211  203  194
  187  178  170  159  152  143  147  142  139                                   
    45.0-180.0 180.0   5.0 450.0                            LAT/LON1/LON2/DLON/H
  148  133  121  127  130  135  139  143  146  151  152  155  158  165  172  181
  185  187  184  182  180  178  178  181  184  192  194  202  206  210  213  215
  220  225  233  241  249  250  252  249  249  248  250  251  252  249  248  246
  247  247  246  249  247  251  248  247  243  240  235  230  222  216  205  199
  191  186  178  169  161  153  151  149  148                                   
    42.5-180.0 180.0   5.0 450.0                            LAT/LON1/LON2/DLON/H
  156  147  132  132  132  134  138  142  147  151  155  159  164  171  179  188
  194  198  196  195  192  192  190  193  195  200  204  211  214  218  222  226
  230  239  249  262  272  276  277  274  271  270  271  271  269  267  266  263
  265  262  262  262  261  260  259  254  252  246  242  234  228  221  213  208
  201  196  190  184  176  167  168  161  156                                   
    40.0-180.0 180.0   5.0 450.0                            LAT/LON1/LON2/DLON/H
  168  156  140  140  136  137  139  144  147  155  159  167  172  181  187  197
  204  208  209  208  205  204  203  206  207  213  216  222  226  229  234  238
  246  256  273  288  302  306  309  302  299  295  295  292  290  286  283  282
  283  281  277  276  270  270  265  262  257  255  249  244  237  231  223  221
  213  211  204  201  193  186  180  176  168                                   
    37.5-180.0 180.0   5.0 450.0                            LAT/LON1/LON2/DLON/H
  180  172  155  148  141  136  138  137  148  154  165  172  181  188  196  204
  214  219  222  222  222  221  222  222  225  228  234  239  245  249  255  261
  271  288  304  324  338  344  347  342  338  333  332  326  322  315  313  309
  310  303  299  293  288  283  278  273  268  264  259  252  247  241  238  235
  229  224  218  214  210  201  200  194  180                                   
    35.0-180.0 180.0   5.0 450.0                            LAT/LON1/LON2/DLON/H
  190  181  163  157  146  140  135  140  143  158  166  183  188  202  206  219
  224  232  234  236  234  236  234  239  239  248  251  259  264  271  280  289
  304  320  340  358  375  384  388  386  379  376  371  366  356  349  341  339
  334  329  321  316  306  302  293  287  281  276  272  266  263  255  253  251
  245  239  231  229  224  219  213  210  190                                   
    32.5-180.0 180.0   5.0 450.0                            LAT/LON1/LON2/DLON/H
  202  197  179  167  154  144  140  137  146  156  172  185  200  207  217  223
  234  238  245  245  247  243  250  247  259  261  275  280  289  299  309  321
  335  353  373  396  414  427  434  435  431  428  423  415  404  392  384  375
  370  361  350  344  334  328  319  311  299  294  287  281  278  276  272  271
  261  253  243  239  235  228  230  218  202                                   
    30.0-180.0 180.0   5.0 450.0                            LAT/LON1/LON2/DLON/H
  207  210  191  180  165  152  141  143  142  160  170  193  205  223  228  241
  244  255  255  261  256  259  259  266  270  284  293  305  314  326  339  351
  368  387  409  432  449  466  472  480  474  476  469  463  448  436  422  416
  406  398  386  380  369  359  346  333  321  310  301  292  287  286  286  283
  274  262  253  245  241  236  235  222  207                                   
    27.5-180.0 180.0   5.0 450.0                            LAT/LON1/LON2/DLON/H
  212  218  204  192  174  161  149  143  147  157  176  195  215  226  239  243
  257  260  268  267  269  260  274  267  289  293  316  323  338  351  366  383
  405  426  449  470  490  501  509  511  508  510  504  501  487  478  465  458
  447  437  421  414  390  376  357  342  329  318  310  304  294  293  290  291
  280  270  256  249  242  238  239  220  212                                   
    25.0-180.0 180.0   5.0 450.0                            LAT/LON1/LON2/DLON/H
  207  224  210  203  184  173  154  150  146  161  174  196  213  231  242  255
  264  275  277  279  277  272  279  284  296  314  326  347  363  380  400  418
  444  464  486  506  520  531  531  537  529  536  530  531  516  507  492  486
  473  467  450  431  404  387  360  343  326  317  301  297  296  287  286  285
  278  267  254  246  240  236  236  220  207                                   
    22.5-180.0 180.0   5.0 450.0                            LAT/LON1/LON2/DLON/H
  205  222  214  207  189  176  164  153  156  161  182  198  214  231  245  255
  274  283  290  289  287  281  290  291  312  323  349  364  385  405  430  453
  478  500  515  532  540  546  544  545  541  543  541  541  530  524  513  509
  496  488  466  440  409  389  368  350  337  321  301  288  285  280  276  276
  269  262  248  241  231  227  230  216  205                                   
    20.0-180.0 180.0   5.0 450.0                            LAT/LON1/LON2/DLON/H
  202  221  213  209  196  187  172  166  162  166  181  196  211  225  241  259
  276  295  301  304  297  293  298  305  319  340  357  384  406  430  456  480
  504  523  536  545  546  547  540  541  535  544  541  550  540  541  531  528
  514  501  478  448  414  389  369  352  335  320  293  283  274  270  261  260
  253  247  235  228  220  215  218  214  202                                   
    17.5-180.0 180.0   5.0 450.0                            LAT/LON1/LON2/DLON/H
  197  209  203  202  191  184  176  168  166  166  182  194  208  222  240  255
  281  292  309  310  308  304  312  313  334  347  372  395  422  446  471  497
  514  533  537  546  541  539  532  534  534  540  541  547  546  548  543  539
  523  505  479  455  423  396  380  356  337  311  291  274  266  258  250  248
  242  238  229  219  208  203  207  205  197                                   
    15.0-180.0 180.0   5.0 450.0                            LAT/LON1/LON2/DLON/H
  189  198  191  190  183  182  174  172  164  166  175  190  204  219  237  258
  278  299  310  317  311  314  315  325  337  356  377  406  433  457  482  506
  523  535  538  537  533  531  526  531  531  539  539  548  548  554  551  546
  531  508  482  456  429  403  384  358  330  306  282  268  252  243  238  233
  231  226  217  209  196  189  190  192  189                                   
    12.5-180.0 180.0   5.0 450.0                            LAT/LON1/LON2/DLON/H
  171  182  171  168  163  160  157  155  153  153  165  180  196  215  234  254
  276  293  310  315  319  320  328  335  349  365  390  415  445  467  491  512
  527  535  537  536  537  534  534  537  539  543  540  544  547  551  552  545
  531  507  478  451  423  398  372  348  316  291  267  253  241  235  229  227
  228  224  220  206  190  183  180  172  171                                   
    10.0-180.0 180.0   5.0 450.0                            LAT/LON1/LON2/DLON/H
  152  165  154  147  143  140  139  140  139  146  155  174  192  213  234  253
  273  294  308  321  322  332  338  351  358  374  397  422  457  481  502  520
  528  536  538  541  539  543  538  546  542  547  539  541  540  547  547  543
  528  503  477  451  418  393  363  343  312  289  263  248  233  225  220  218
  220  216  211  202  186  178  171  150  152                                   
     7.5-180.0 180.0   5.0 450.0                            LAT/LON1/LON2/DLON/H
  137  157  143  132  127  121  126  122  129  130  141  159  179  204  226  249
  270  292  307  322  329  340  353  365  375  391  418  443  477  494  516  524
