data/unet/pred1720.15i
     1.0            IONOSPHERE MAPS     GNSS                IONEX VERSION / TYPE
pyspatialgeodesy        IME             05-JAN-18 20:20     PGM / RUN BY / DATE 
Map Name                                                    COMMENT             
Predicted global ionosphere maps (GIM).                     DESCRIPTION         
  2015     6    21     0     0     0                        EPOCH OF FIRST MAP  
  2015     6    22     0     0     0                        EPOCH OF LAST MAP   
  7200                                                      INTERVAL            
    13                                                      # OF MAPS IN FILE   
  NONE                                                      MAPPING FUNCTION    
10.0                                                        ELEVATION CUTOFF    
One-way carrier phase leveled to code                       OBSERVABLES USED    
  6371.0                                                    BASE RADIUS         
 2                                                          MAP DIMENSION       
   450.0 450.0   0.0                                        HGT1 / HGT2 / DHGT  
    87.5 -87.5  -2.5                                        LAT1 / LAT2 / DLAT  
  -180.0 180.0   5.0                                        LON1 / LON2 / DLON  
    -1                                                      EXPONENT            
                                                            END OF HEADER       
[from data line 3003]
     8                                                      START OF TEC MAP    
  2015     6    21    14     0     0                        EPOCH OF CURRENT MAP
    87.5-180.0 180.0   5.0 450.0                            LAT/LON1/LON2/DLON/H
  178  190  195  199  198  201  200  203  201  204  203  206  205  207  206  208
  207  208  208  208  208  208  208  207  207  206  206  205  205  204  204  203
  202  202  201  201  200  200  198  200  198  200  199  201  199  201  199  201
  199  200  198  198  197  197  195  196  194  195  193  194  192  194  192  194
  193  196  194  195  192  192  207  173  178                                   
    85.0-180.0 180.0   5.0 450.0                            LAT/LON1/LON2/DLON/H
  186  188  188  194  196  197  200  199  201  201  204  203  205  204  207  205
  207  205  208  205  207  205  206  203  204  202  203  200  201  199  200  197
  197  195  196  193  194  192  192  191  192  191  192  191  192  192  193  192
  193  191  193  191  192  190  192  189  191  189  189  187  189  187  189  187
  190  189  191  189  191  189  195  187  186                                   
    82.5-180.0 180.0   5.0 450.0                            LAT/LON1/LON2/DLON/H
  186  180  181  186  187  193  193  197  196  201  200  203  202  205  203  207
  204  208  205  208  204  207  203  206  201  205  200  203  198  201  196  198
  192  195  190  193  187  190  185  188  183  186  182  185  182  185  183  186
  184  186  185  187  185  187  185  186  184  185  183  184  181  183  179  182
  179  184  181  183  182  181  191  179  186                                   
    80.0-180.0 180.0   5.0 450.0                            LAT/LON1/LON2/DLON/H
  178  173  174  180  181  184  187  187  190  190  193  192  195  194  197  195
  197  196  198  196  198  196  197  195  196  194  195  192  193  190  191  188
  188  186  186  183  184  181  182  179  180  177  179  177  179  178  179  179
  180  180  181  181  182  181  182  181  181  179  179  178  177  176  174  174
  174  173  173  172  172  174  172  174  178                                   
    77.5-180.0 180.0   5.0 450.0                            LAT/LON1/LON2/DLON/H
  170  166  171  177  176  181  183  186  185  188  188  190  189  192  191  193
  192  195  194  197  196  197  196  197  195  195  195  195  194  194  192  192
  190  190  188  188  185  186  183  184  181  183  181  183  181  183  182  184
  183  185  184  187  185  187  185  187  184  184  181  182  177  177  173  174
  169  171  166  167  162  165  166  161  170                                   
    75.0-180.0 180.0   5.0 450.0                            LAT/LON1/LON2/DLON/H
  167  160  166  167  171  172  177  176  179  178  181  178  181  179  182  181
  184  184  187  186  190  188  190  188  190  188  190  188  190  189  191  189
  190  188  190  187  188  185  186  183  184  181  183  181  182  181  183  182
  184  184  186  185  187  186  188  185  186  182  183  179  179  174  173  169
  168  165  164  158  159  159  158  161  167                                   
    72.5-180.0 180.0   5.0 450.0                            LAT/LON1/LON2/DLON/H
  166  161  164  169  169  174  176  179  178  179  178  178  176  178  177  179
  179  184  184  188  188  191  190  191  190  191  191  192  193  194  196  197
  198  198  197  196  195  195  193  192  189  190  188  189  188  190  190  192
  191  193  192  194  192  195  193  195  193  193  190  189  186  183  179  176
  172  169  164  163  158  159  162  159  166                                   
    70.0-180.0 180.0   5.0 450.0                            LAT/LON1/LON2/DLON/H
  166  160  164  165  170  169  174  173  176  173  175  171  171  168  170  168
  172  173  178  178  183  182  185  183  185  183  186  184  189  188  193  192
  196  195  198  195  197  194  195  191  192  190  191  189  190  189  191  190
  191  190  191  190  192  192  194  195  195  194  194  192  192  187  186  180
  178  172  171  163  164  159  161  165  166                                   
    67.5-180.0 180.0   5.0 450.0                            LAT/LON1/LON2/DLON/H
  167  162  163  166  167  172  174  176  176  177  175  174  170  170  168  170
  170  174  175  180  181  184  184  185  184  185  186  189  189  194  196  200
  201  204  204  204  203  202  200  199  197  197  195  195  193  194  192  193
  191  192  191  193  193  197  197  201  201  203  202  203  202  199  196  192
  188  183  178  173  168  166  168  167  167                                   
    65.0-180.0 180.0   5.0 450.0                            LAT/LON1/LON2/DLON/H
  168  161  161  159  165  165  171  170  175  172  175  170  171  166  168  165
  168  169  173  174  178  177  181  178  181  179  182  183  186  187  192  193
  198  198  202  200  202  200  201  198  198  196  197  194  194  192  192  189
  190  188  189  188  192  192  197  199  203  204  206  207  208  205  203  197
  195  187  186  176  176  169  169  173  168                                   
    62.5-180.0 180.0   5.0 450.0                            LAT/LON1/LON2/DLON/H
  165  159  153  154  156  160  165  169  172  173  174  173  172  171  170  170
  170  172  174  177  177  180  180  182  181  184  185  189  190  195  197  202
  202  206  205  208  206  207  204  204  202  202  200  200  196  197  193  194
  189  191  188  192  192  197  199  206  207  212  212  216  215  214  211  207
  203  196  192  185  180  175  174  174  165                                   
    60.0-180.0 180.0   5.0 450.0                            LAT/LON1/LON2/DLON/H
  160  152  146  144  149  150  158  160  168  169  174  170  173  168  170  166
  170  168  172  171  174  172  175  174  178  179  183  186  189  192  195  197
  200  201  204  203  206  204  205  203  204  202  203  201  201  198  197  192
  190  186  188  186  192  193  200  202  209  211  215  216  218  214  212  206
  203  195  192  182  180  171  170  175  160                                   
    57.5-180.0 180.0   5.0 450.0                            LAT/LON1/LON2/DLON/H
  153  144  135  135  137  141  147  152  160  163  169  168  170  169  170  169
  171  171  172  172  172  173  174  177  179  184  188  194  196  201  202  207
  206  211  210  212  211  212  210  211  209  210  208  209  207  207  200  199
  191  191  187  191  192  199  200  208  209  216  215  219  217  215  211  205
  200  193  188  182  177  170  168  167  153                                   
    55.0-180.0 180.0   5.0 450.0                            LAT/LON1/LON2/DLON/H
  146  134  128  128  131  133  140  143  153  156  165  164  170  167  172  168
  173  169  173  168  170  166  170  170  176  181  187  193  196  200  203  206
  209  210  213  213  215  214  215  213  214  214  215  215  215  212  208  202
  197  193  192  193  197  200  206  207  212  213  215  214  215  210  207  198
  193  184  182  173  170  160  158  160  146                                   
    52.5-180.0 180.0   5.0 450.0                            LAT/LON1/LON2/DLON/H
  141  127  119  120  123  127  132  138  146  152  159  161  166  166  170  171
  173  173  174  172  171  170  171  174  180  187  195  202  206  210  213  218
  220  224  225  227  227  227  226  225  224  225  224  226  223  222  215  212
  204  203  198  202  203  209  211  216  215  218  214  215  211  208  201  195
  187  181  173  169  164  156  155  150  141                                   
    50.0-180.0 180.0   5.0 450.0                            LAT/LON1/LON2/DLON/H
  137  120  116  117  122  124  130  134  144  149  157  160  166  167  173  173
  178  176  179  174  176  171  174  173  181  187  195  202  208  212  217  221
  226  230  235  236  238  236  236  234  234  233  235  234  235  229  226  219
  215  208  208  208  212  215  218  219  219  216  214  211  211  203  200  188
  183  171  168  158  157  146  144  141  137                                   
    47.5-180.0 180.0   5.0 450.0                            LAT/LON1/LON2/DLON/H
  136  120  115  115  120  124  129  135  143  148  157  160  168  169  176  178
  183  183  185  183  181  179  178  181  186  196  203  212  217  223  227  234
  239  245  249  252  253  252  252  250  248  248  246  247  243  240  234  228
  221  217  214  215  217  220  222  222  220  218  215  215  211  206  199  191
  180  172  163  157  152  143  145  134  136                                   
    45.0-180.0 180.0   5.0 450.0                            LAT/LON1/LON2/DLON/H
  136  120  118  119  125  128  132  138  145  153  161  166  172  177  182  187
  192  193  195  191  191  186  187  186  192  198  206  213  220  225  232  238
  246  252  261  263  269  268  269  266  265  262  260  258  255  248  244  233
  229  221  221  218  222  224  224  224  221  219  216  214  213  206  203  190
  183  171  166  155  152  141  140  130  136                                   
    42.5-180.0 180.0   5.0 450.0                            LAT/LON1/LON2/DLON/H
  139  126  120  121  126  130  134  141  147  157  165  171  179  184  192  196
  202  204  206  203  201  197  195  195  198  206  213  221  228  234  241  248
  258  266  276  282  290  292  294  291  288  284  279  273  268  259  251  241
  235  228  227  225  227  225  225  222  220  219  217  218  215  214  205  199
  185  179  168  161  154  146  148  132  139                                   
    40.0-180.0 180.0   5.0 450.0                            LAT/LON1/LON2/DLON/H
  141  127  125  122  128  130  135  142  150  161  171  180  188  196  202  208
  213  216  218  215  213  208  205  204  207  212  218  225  232  238  247  255
  269  277  292  300  313  319  322  320  314  310  301  295  285  275  264  253
  246  237  235  231  232  231  227  228  222  223  218  222  220  218  213  204
  196  184  177  165  161  150  147  135  141                                   
    37.5-180.0 180.0   5.0 450.0                            LAT/LON1/LON2/DLON/H
  144  132  123  121  124  128  132  141  149  163  173  186  196  205  212  219
  224  227  230  226  223  217  213  212  216  221  227  232  241  247  257  268
  283  298  315  331  345  353  357  353  348  337  329  315  309  294  284  271
  263  253  249  243  241  237  233  230  228  226  225  226  225  226  219  214
  203  194  182  175  166  158  157  142  144                                   
    35.0-180.0 180.0   5.0 450.0                            LAT/LON1/LON2/DLON/H
  146  132  122  118  120  123  128  136  148  162  176  191  203  213  220  228
  232  237  239  237  232  227  222  221  224  229  235  241  249  256  268  280
  299  319  343  362  380  391  394  394  385  376  361  350  335  323  309  300
  289  280  271  264  255  249  241  237  231  231  228  229  226  227  222  218
  209  200  190  181  174  164  159  152  146                                   
    32.5-180.0 180.0   5.0 450.0                            LAT/LON1/LON2/DLON/H
  149  135  120  114  112  117  120  131  140  159  171  193  205  219  226  235
  240  246  246  245  238  233  227  227  230  236  244  252  261  270  283  302
  324  350  373  396  414  425  428  426  419  407  396  379  366  351  340  329
  322  310  302  291  280  268  256  249  241  238  235  232  230  228  225  220
  212  204  192  186  177  169  167  159  149                                   
    30.0-180.0 180.0   5.0 450.0                            LAT/LON1/LON2/DLON/H
  153  139  122  116  111  113  116  125  135  150  168  186  203  216  227  237
  243  250  250  251  244  240  233  234  237  245  254  263  274  287  305  326
  354  382  409  431  449  461  460  460  449  441  426  414  397  385  373  365
  356  346  334  322  304  290  269  257  244  237  231  227  224  223  220  217
  209  201  194  185  180  172  167  167  153                                   
    27.5-180.0 180.0   5.0 450.0                            LAT/LON1/LON2/DLON/H
  157  144  127  119  112  113  112  123  126  145  157  181  197  216  227  240
  247  255  254  255  248  244  237  237  242  251  262  276  290  309  326  353
  379  410  434  457  470  479  478  478  468  459  446  434  419  410  400  393
  388  376  364  346  329  307  285  265  246  235  226  219  215  212  211  208
  202  195  185  183  175  172  170  170  157                                   
    25.0-180.0 180.0   5.0 450.0                            LAT/LON1/LON2/DLON/H
  157  146  132  128  120  120  117  122  124  135  148  170  189  209  222  236
  246  255  255  258  252  249  244  245  250  258  272  287  307  326  350  374
  402  429  452  470  480  487  485  486  479  473  461  452  439  433  424  418
  411  398  380  363  338  317  290  266  242  224  211  201  197  196  196  194
  190  182  178  173  171  166  168  168  157                                   
    22.5-180.0 180.0   5.0 450.0                            LAT/LON1/LON2/DLON/H
  158  152  141  137  132  131  126  128  123  132  137  163  177  206  215  236
  244  258  259  265  259  257  249  251  256  266  280  300  318  343  364  391
  415  439  454  468  473  478  476  479  473  472  460  456  443  442  434  436
  427  417  393  375  346  316  286  260  236  214  197  185  179  177  179  180
  176  172  164  164  159  161  164  166  158                                   
    20.0-180.0 180.0   5.0 450.0                            LAT/LON1/LON2/DLON/H
  154  152  144  146  143  142  139  135  130  131  139  155  174  196  212  228
  240  255  263  269  266  262  256  258  264  274  290  309  334  354  378  397
  419  433  446  450  455  457  458  463  463  465  457  455  448  447  444  442
  433  418  390  370  336  306  272  245  222  201  185  174  164  161  163  165
  164  158  153  149  149  150  156  152  154                                   
    17.5-180.0 180.0   5.0 450.0                            LAT/LON1/LON2/DLON/H
  151  152  146  150  152  152  148  143  134  132  134  149  165  191  205  229
  240  260  266  277  273  275  266  270  273  287  299  320  344  363  385  401
  419  427  436  436  437  439  439  447  448  454  446  450  444  450  446  449
  434  417  384  364  328  299  262  236  211  191  176  164  153  151  153  157
  154  152  144  141  137  142  147  144  151                                   
    15.0-180.0 180.0   5.0 450.0                            LAT/LON1/LON2/DLON/H
  146  145  141  147  152  154  152  146  137  131  135  145  166  185  205  224
  239  254  267  276  278  278  274  277  283  294  310  330  356  371  394  404
  420  421  430  424  426  425  428  436  438  444  438  442  439  445  443  440
  422  402  367  348  315  291  255  230  204  189  174  162  149  147  146  149
  147  143  135  131  129  131  136  130  146                                   
    12.5-180.0 180.0   5.0 450.0                            LAT/LON1/LON2/DLON/H
  137  137  131  138  143  147  145  140  132  129  131  143  160  182  199  221
  235  256  265  278  280  285  282  291  293  307  320  343  364  381  402  412
  423  426  430  428  425  425  424  433  433  440  432  438  435  440  434  432
  411  389  352  331  301  277  244  222  200  186  172  160  149  145  144  147
  144  140  132  125  121  127  126  122  137                                   
    10.0-180.0 180.0   5.0 450.0                            LAT/LON1/LON2/DLON/H
  127  126  118  122  124  127  126  125  119  118  124  136  157  178  198  217
  231  246  258  269  276  281  287  298  306  317  333  351  377  391  410  419
  428  428  433  431  430  428  427  433  432  432  422  425  420  423  414  411
  390  370  334  315  284  262  234  218  198  187  173  164  151  148  144  146
  141  138  129  123  118  121  118  110  127                                   
     7.5-180.0 180.0   5.0 450.0                            LAT/LON1/LON2/DLON/H
  114  118  106  107  106  110  107  108  104  108  113  128  146  171  190  212
  225  243  255  268  274  286  292  309  315  331  342  363  384  400  417  424
