data/unet/pred1710.15i
     1.0            IONOSPHERE MAPS     GNSS                IONEX VERSION / TYPE
pyspatialgeodesy        IME             05-JAN-18 20:20     PGM / RUN BY / DATE 
Map Name                                                    COMMENT             
Predicted global ionosphere maps (GIM).                     DESCRIPTION         
  2015     6    20     0     0     0                        EPOCH OF FIRST MAP  
  2015     6    21     0     0     0                        EPOCH OF LAST MAP   
  7200                                                      INTERVAL            
    13                                                      # OF MAPS IN FILE   
  NONE                                                      MAPPING FUNCTION    
10.0                                                        ELEVATION CUTOFF    
One-way carrier phase leveled to code                       OBSERVABLES USED    
  6371.0                                                    BASE RADIUS         
 2                                                          MAP DIMENSION       
   450.0 450.0   0.0                                        HGT1 / HGT2 / DHGT  
    87.5 -87.5  -2.5                                        LAT1 / LAT2 / DLAT  
  -180.0 180.0   5.0                                        LON1 / LON2 / DLON  
    -1                                                      EXPONENT            
                                                            END OF HEADER       
[from data line 858]
     3                                                      START OF TEC MAP    
  2015     6    20     4     0     0                        EPOCH OF CURRENT MAP
    87.5-180.0 180.0   5.0 450.0                            LAT/LON1/LON2/DLON/H
  200  198  196  202  203  204  201  205  203  205  203  204  203  203  200  200
  198  196  193  192  189  188  184  183  181  180  178  178  176  177  176  176
  176  177  177  178  178  179  179  179  179  180  180  180  180  181  180  181
  181  183  184  185  186  189  189  191  191  194  193  195  194  197  194  196
  195  197  194  196  193  193  196  208  200                                   
    85.0-180.0 180.0   5.0 450.0                            LAT/LON1/LON2/DLON/H
  202  205  203  213  211  212  209  213  210  214  211  213  211  213  209  210
  207  207  204  203  199  197  193  191  188  186  183  182  179  179  177  177
  175  176  174  176  174  176  174  176  174  176  175  177  176  179  177  180
  180  183  183  186  187  191  191  194  193  198  196  199  198  201  199  201
  200  202  200  203  199  198  195  202  202                                   
    82.5-180.0 180.0   5.0 450.0                            LAT/LON1/LON2/DLON/H
  197  203  205  210  208  208  206  208  207  209  208  210  209  210  208  209
  206  206  203  202  198  196  192  189  185  182  179  176  173  171  169  168
  166  165  166  165  165  165  166  166  166  166  168  168  170  170  172  173
  176  177  181  182  186  187  191  192  194  195  196  196  198  197  197  196
  198  197  198  198  199  195  195  193  197                                   
    80.0-180.0 180.0   5.0 450.0                            LAT/LON1/LON2/DLON/H
  205  214  214  217  214  214  210  212  208  211  208  210  207  209  207  208
  206  207  204  204  200  198  194  191  186  183  178  174  170  167  163  163
  160  161  160  164  162  165  163  167  165  168  167  170  169  173  173  177
  179  183  186  190  192  195  197  200  201  202  203  204  204  203  202  201
  202  202  202  203  203  197  197  198  205                                   
    77.5-180.0 180.0   5.0 450.0                            LAT/LON1/LON2/DLON/H
  208  215  218  220  218  216  212  210  208  206  204  203  202  201  201  201
  201  201  200  199  197  194  191  186  181  175  171  164  160  155  153  151
  151  152  155  157  160  162  164  165  166  167  169  171  173  176  180  183
  188  191  197  200  205  207  211  212  214  214  215  214  214  212  212  210
  211  209  210  208  210  203  198  198  208                                   
    75.0-180.0 180.0   5.0 450.0                            LAT/LON1/LON2/DLON/H
  209  219  219  223  220  218  213  211  206  204  200  197  194  193  191  191
  190  191  190  192  189  189  184  180  174  167  160  153  146  143  140  141
  142  148  152  159  161  167  167  171  170  173  173  178  177  184  186  193
  196  203  208  213  216  220  221  224  223  224  221  221  218  217  214  212
  211  211  211  210  209  203  200  201  209                                   
    72.5-180.0 180.0   5.0 450.0                            LAT/LON1/LON2/DLON/H
  213  218  222  223  221  217  211  206  201  195  191  185  182  178  177  175
  176  177  179  180  181  179  176  170  164  154  146  137  131  128  128  131
  136  142  150  158  164  168  172  173  175  176  178  181  185  189  196  201
  209  213  219  222  226  228  229  230  229  228  226  224  221  219  216  215
  213  212  211  211  210  207  202  201  213                                   
    70.0-180.0 180.0   5.0 450.0                            LAT/LON1/LON2/DLON/H
  215  222  224  226  223  220  214  209  203  197  190  182  177  170  167  164
  166  166  171  172  177  174  174  166  158  146  137  129  123  121  122  128
  135  145  154  165  170  178  178  183  180  185  184  191  193  201  207  215
  221  227  232  236  237  238  236  236  232  231  226  226  221  221  216  215
  213  213  212  212  209  206  203  203  215                                   
    67.5-180.0 180.0   5.0 450.0                            LAT/LON1/LON2/DLON/H
  215  218  224  224  222  220  213  209  201  195  188  179  171  162  156  153
  153  155  159  163  166  166  163  156  146  135  126  120  116  116  120  126
  135  145  156  166  174  178  182  183  184  185  188  193  198  206  215  222
  229  234  238  239  239  237  234  231  226  223  219  219  215  215  212  213
  211  210  210  209  209  207  201  198  215                                   
    65.0-180.0 180.0   5.0 450.0                            LAT/LON1/LON2/DLON/H
  215  220  222  224  222  219  214  211  205  200  193  183  175  164  156  148
  147  146  150  153  157  155  153  146  137  127  120  115  114  115  120  128
  136  148  158  170  174  182  181  187  184  190  190  199  204  214  223  232
  238  242  244  244  242  239  234  229  223  220  214  214  210  210  208  209
  209  210  210  210  208  204  201  199  215                                   
    62.5-180.0 180.0   5.0 450.0                            LAT/LON1/LON2/DLON/H
  212  213  218  217  217  216  211  211  205  202  195  189  178  168  156  147
  142  140  141  143  144  143  140  133  126  120  115  114  113  117  122  130
  138  147  157  166  173  176  180  183  184  189  193  201  209  218  228  236
  242  244  246  243  241  236  231  223  218  212  209  206  204  203  203  204
  205  206  208  209  209  205  199  195  212                                   
    60.0-180.0 180.0   5.0 450.0                            LAT/LON1/LON2/DLON/H
  214  217  215  217  215  213  209  209  206  205  200  193  187  175  164  151
  144  137  137  135  135  132  129  123  119  114  114  114  117  120  126  132
  138  145  152  160  164  172  173  182  182  191  196  207  215  226  234  242
  246  248  248  245  243  238  233  226  219  214  210  208  205  204  203  204
  204  207  209  210  208  203  201  196  214                                   
    57.5-180.0 180.0   5.0 450.0                            LAT/LON1/LON2/DLON/H
  214  212  218  214  213  211  206  209  205  208  203  201  193  185  170  159
  147  141  135  132  129  125  121  116  114  113  114  117  120  125  128  133
  136  140  145  151  157  164  170  176  182  190  199  208  218  226  236  240
  246  247  250  248  248  242  239  230  225  216  212  206  205  203  202  203
  203  205  207  207  208  204  198  194  214                                   
    55.0-180.0 180.0   5.0 450.0                            LAT/LON1/LON2/DLON/H
  223  223  226  226  221  216  211  211  209  210  208  205  200  191  180  166
  155  144  139  132  130  123  120  115  115  114  117  120  124  127  130  132
  133  135  138  144  151  160  167  179  185  196  204  215  223  232  238  245
  248  251  254  255  257  253  251  243  237  228  222  217  212  210  207  207
  206  208  209  209  210  205  204  198  223                                   
    52.5-180.0 180.0   5.0 450.0                            LAT/LON1/LON2/DLON/H
  231  228  241  238  236  227  217  217  212  216  211  212  203  199  185  176
  162  156  146  142  135  131  124  121  119  119  122  126  130  131  130  129
  128  129  131  137  146  157  167  179  189  199  210  221  229  237  244  248
  253  255  261  263  269  267  267  259  252  241  235  226  221  216  212  210
  209  209  210  210  212  210  206  203  231                                   
    50.0-180.0 180.0   5.0 450.0                            LAT/LON1/LON2/DLON/H
  245  245  257  260  257  248  236  231  224  224  219  216  208  202  193  181
  173  165  161  152  149  141  136  129  129  127  130  131  134  132  130  127
  126  126  129  136  144  157  168  182  193  205  216  227  236  244  250  254
  257  262  267  274  280  284  282  276  269  260  252  243  234  228  222  219
  217  215  217  217  218  215  216  212  245                                   
    47.5-180.0 180.0   5.0 450.0                            LAT/LON1/LON2/DLON/H
  251  253  272  275  274  265  255  245  235  232  224  224  211  207  194  189
  179  177  171  170  163  160  150  147  141  141  140  140  139  134  130  125
  123  123  127  134  144  158  170  184  198  211  223  236  245  253  260  264
  268  273  279  286  293  297  299  291  284  274  265  254  245  237  230  224
  222  220  222  220  225  224  222  221  251                                   
    45.0-180.0 180.0   5.0 450.0                            LAT/LON1/LON2/DLON/H
  263  268  282  289  290  285  276  264  254  247  237  231  218  209  198  189
  187  182  184  180  180  172  168  160  157  152  150  144  142  134  129  124
  123  124  128  136  145  159  172  187  200  215  229  241  252  260  268  273
  278  283  289  295  302  308  306  305  297  288  278  266  256  245  239  232
  232  231  234  233  236  234  236  232  263                                   
    42.5-180.0 180.0   5.0 450.0                            LAT/LON1/LON2/DLON/H
  268  275  289  295  298  295  289  278  268  258  247  239  223  214  199  194
  189  191  189  193  188  189  179  177  169  167  159  154  146  138  131  126
  127  127  131  138  146  159  172  187  203  219  234  247  259  268  275  282
  287  292  297  302  310  313  315  311  309  295  288  271  262  248  242  235
  238  237  243  242  248  248  246  246  268                                   
    40.0-180.0 180.0   5.0 450.0                            LAT/LON1/LON2/DLON/H
  278  284  291  296  297  301  299  292  281  272  262  251  234  221  206  196
  195  194  199  198  201  197  195  188  185  177  171  160  152  140  135  130
  133  133  138  143  152  161  175  189  206  222  237  251  264  273  282  287
  296  299  306  309  318  320  320  318  316  306  298  283  275  259  254  248
  252  253  260  262  265  265  264  257  278                                   
    37.5-180.0 180.0   5.0 450.0                            LAT/LON1/LON2/DLON/H
  288  291  294  295  294  299  301  296  290  279  270  260  243  230  211  203
  197  200  200  204  203  207  202  202  193  189  178  169  157  148  142  140
  142  143  148  151  158  164  176  190  208  223  241  255  269  278  287  294
  303  307  313  317  323  324  326  324  327  316  312  298  291  277  271  266
  270  271  278  280  287  288  281  278  288                                   
    35.0-180.0 180.0   5.0 450.0                            LAT/LON1/LON2/DLON/H
  307  306  302  295  292  297  299  300  293  286  277  268  253  238  221  208
  203  202  205  206  209  211  213  210  207  198  190  177  167  155  150  146
  150  152  157  158  165  168  182  194  213  228  246  259  275  281  291  295
  307  311  318  321  329  329  333  334  338  335  330  321  313  299  294  288
  295  295  303  306  312  312  308  297  307                                   
    32.5-180.0 180.0   5.0 450.0                            LAT/LON1/LON2/DLON/H
  334  324  316  307  298  301  302  302  300  291  284  274  260  248  228  217
  207  208  205  208  210  217  220  223  216  211  198  188  177  167  160  159
  161  164  166  167  171  173  185  197  216  231  248  259  273  278  288  292
  305  310  319  324  336  337  345  350  362  362  362  352  341  329  322  318
  321  321  327  332  342  340  332  328  334                                   
    30.0-180.0 180.0   5.0 450.0                            LAT/LON1/LON2/DLON/H
  363  351  342  326  318  315  312  312  305  300  292  283  271  259  242  228
  219  213  211  211  216  225  232  235  232  224  213  198  189  176  169  166
  167  168  171  169  173  173  183  194  213  227  244  253  265  267  278  282
  296  301  314  322  337  343  358  371  387  395  397  388  376  361  353  345
  348  346  352  358  370  371  369  360  363                                   
    27.5-180.0 180.0   5.0 450.0                            LAT/LON1/LON2/DLON/H
  396  386  377  365  352  347  335  329  320  311  304  292  280  269  252  241
  227  222  215  217  220  234  242  249  245  238  223  210  196  185  174  170
  167  168  169  168  169  170  177  188  206  221  236  243  253  253  262  266
  280  289  304  316  333  347  366  384  405  417  425  419  407  393  381  375
  372  373  377  385  399  402  396  395  396                                   
    25.0-180.0 180.0   5.0 450.0                            LAT/LON1/LON2/DLON/H
  428  428  424  411  401  388  373  359  341  327  314  303  292  281  268  255
  243  233  226  226  232  245  257  264  261  249  233  215  201  185  174  162
  159  154  156  154  155  154  160  169  188  204  221  228  239  237  246  250
  267  278  295  310  331  351  374  394  416  428  438  434  423  410  399  394
  390  390  394  403  417  423  423  420  428                                   
    22.5-180.0 180.0   5.0 450.0                            LAT/LON1/LON2/DLON/H
  455  464  467  462  455  441  419  399  372  350  332  318  305  294  280  269
  254  244  234  236  242  259  271  280  272  259  236  218  200  183  166  151
  142  136  136  137  138  140  141  153  168  189  205  219  228  229  238  243
  261  273  291  313  337  363  385  402  423  429  441  436  430  420  413  409
  407  406  411  417  433  440  438  438  455                                   
    20.0-180.0 180.0   5.0 450.0                            LAT/LON1/LON2/DLON/H
  472  488  504  506  507  492  468  441  407  379  354  335  321  311  299  287
  274  262  252  251  259  274  285  291  282  262  237  213  194  172  151  130
  119  113  114  116  115  116  118  128  143  163  188  201  217  221  234  243
  263  274  292  317  346  371  392  404  421  422  433  430  429  425  425  425
  422  422  424  429  440  443  446  441  472                                   
    17.5-180.0 180.0   5.0 450.0                            LAT/LON1/LON2/DLON/H
  475  493  518  529  536  524  501  470  434  403  375  355  339  325  315  304
  291  278  268  267  273  288  295  296  279  257  226  203  181  159  134  113
  101   94   94   94   94   98   98  110  119  145  169  191  209  219  236  248
  267  281  299  326  354  377  395  401  413  412  421  422  427  431  435  436
  434  434  436  438  448  446  442  442  475                                   
    15.0-180.0 180.0   5.0 450.0                            LAT/LON1/LON2/DLON/H
  465  481  512  530  540  536  515  488  449  418  388  369  349  336  326  321
  310  299  289  287  287  296  296  291  269  243  211  185  162  138  116   96
   83   76   76   76   79   80   84   90  104  123  157  180  206  220  239  254
  275  290  311  334  364  380  396  397  404  404  413  417  428  436  447  448
  447  445  446  445  450  442  439  434  465                                   
    12.5-180.0 180.0   5.0 450.0                            LAT/LON1/LON2/DLON/H
  445  463  490  511  524  521  508  480  447  413  388  367  351  337  334  329
  324  313  303  299  296  300  290  279  248  220  187  161  140  121  104   85
   74   67   67   66   69   71   74   81   92  115  146  176  204  221  243  258
  280  299  318  344  370  387  397  400  406  407  413  419  428  436  447  449
  451  450  452  450  457  444  432  436  445                                   
    10.0-180.0 180.0   5.0 450.0                            LAT/LON1/LON2/DLON/H
  429  443  469  487  498  499  486  468  432  406  378  361  341  334  330  331
  328  323  314  308  298  296  276  258  223  193  162  137  120  107   91   79
   67   64   63   62   65   63   68   72   87  103  140  168  203  221  242  259
  282  299  321  344  373  387  398  404  412  413  418  425  433  439  453  454
  462  459  463  456  458  443  432  429  429                                   
     7.5-180.0 180.0   5.0 450.0                            LAT/LON1/LON2/DLON/H
  422  431  449  459  466  468  457  439  409  381  357  336  323  318  321  322
  325  321  315  308  294  284  257  230  194  162  135  117  105   96   86   78
