data/unet/pred0060.15i
     1.0            IONOSPHERE MAPS     GNSS                IONEX VERSION / TYPE
pyspatialgeodesy        IME             05-JAN-18 20:20     PGM / RUN BY / DATE 
Map Name                                                    COMMENT             
Predicted global ionosphere maps (GIM).                     DESCRIPTION         
  2015     1     6     0     0     0                        EPOCH OF FIRST MAP  
  2015     1     7     0     0     0                        EPOCH OF LAST MAP   
  7200                                                      INTERVAL            
    13                                                      # OF MAPS IN FILE   
  NONE                                                      MAPPING FUNCTION    
10.0                                                        ELEVATION CUTOFF    
One-way carrier phase leveled to code                       OBSERVABLES USED    
  6371.0                                                    BASE RADIUS         
 2                                                          MAP DIMENSION       
   450.0 450.0   0.0                                        HGT1 / HGT2 / DHGT  
    87.5 -87.5  -2.5                                        LAT1 / LAT2 / DLAT  
  -180.0 180.0   5.0                                        LON1 / LON2 / DLON  
    -1                                                      EXPONENT            
                                                            END OF HEADER       
[from data line 2574]
     7                                                      START OF TEC MAP    
  2015     1     6    12     0     0                        EPOCH OF CURRENT MAP
    87.5-180.0 180.0   5.0 450.0                            LAT/LON1/LON2/DLON/H
   71   72   69   72   69   71   69   71   70   71   70   72   72   73   73   74
   73   74   74   75   75   75   75   76   74   76   73   74   70   73   68   71
   66   70   64   68   62   66   60   64   59   63   57   62   56   62   56   62
   56   63   57   64   58   64   60   65   61   65   62   65   63   66   63   66
   65   67   66   69   69   67   73   61   71                                   
    85.0-180.0 180.0   5.0 450.0                            LAT/LON1/LON2/DLON/H
   77   70   64   59   65   59   66   62   66   62   66   63   67   64   67   64
   66   64   65   63   65   64   65   65   66   67   67   68   67   69   68   68
   68   68   67   66   66   65   64   63   62   62   60   60   58   58   57   56
   56   56   56   55   56   57   58   59   60   61   63   62   64   63   65   62
   65   61   65   59   66   62   72   65   77                                   
    82.5-180.0 180.0   5.0 450.0                            LAT/LON1/LON2/DLON/H
   77   65   56   59   54   56   52   56   51   55   51   53   50   51   50   50
   49   50   49   50   49   51   49   53   51   55   54   57   55   58   57   59
   57   60   58   59   58   59   57   57   54   54   51   51   47   48   43   45
   41   44   40   44   41   46   44   49   48   53   52   57   56   60   58   61
   58   61   57   58   55   55   55   47   77                                   
    80.0-180.0 180.0   5.0 450.0                            LAT/LON1/LON2/DLON/H
   66   53   52   50   54   49   53   50   53   48   51   46   48   44   45   43
   44   43   45   43   46   45   48   46   50   48   54   51   57   53   60   56
   63   60   65   62   66   63   66   62   62   58   57   53   51   47   47   43
   43   40   42   39   42   41   47   46   51   52   56   56   60   59   63   60
   62   58   60   55   56   47   47   46   66                                   
    77.5-180.0 180.0   5.0 450.0                            LAT/LON1/LON2/DLON/H
   61   53   44   47   44   46   45   46   43   43   40   41   36   37   35   35
   35   36   37   38   39   39   42   41   43   43   47   48   52   54   59   61
   65   68   71   74   74   75   74   72   68   64   62   58   53   50   48   45
   41   40   40   39   40   40   44   46   49   53   56   59   60   62   62   62
   59   59   55   53   50   46   44   41   61                                   
    75.0-180.0 180.0   5.0 450.0                            LAT/LON1/LON2/DLON/H
   54   47   47   44   46   45   46   43   43   40   40   35   35   29   32   28
   32   30   35   34   39   38   43   41   45   45   51   52   58   61   68   71
   77   82   84   89   86   90   84   82   77   74   70   65   61   57   54   48
   46   42   42   39   41   42   47   47   53   56   61   62   64   66   67   65
   63   61   59   54   53   46   45   47   54                                   
    72.5-180.0 180.0   5.0 450.0                            LAT/LON1/LON2/DLON/H
   56   55   46   48   47   48   49   49   45   45   39   39   31   31   28   28
   29   31   34   36   40   42   45   46   48   51   54   60   62   71   75   84
   87   97   98  104  101  105   96   97   87   87   79   78   71   70   63   60
   55   53   49   46   46   46   49   50   56   59   63   66   68   69   70   69
   67   65   61   57   54   48   48   48   56                                   
    70.0-180.0 180.0   5.0 450.0                            LAT/LON1/LON2/DLON/H
   56   55   53   50   56   53   59   53   57   49   50   41   41   34   34   30
   33   33   38   40   45   48   51   51   52   57   59   65   69   78   84   94
  100  110  114  119  119  121  117  115  109  107  103   99   95   90   88   76
   74   63   61   52   54   49   54   51   58   60   65   66   69   69   72   69
   69   65   64   59   56   49   50   54   56                                   
    67.5-180.0 180.0   5.0 450.0                            LAT/LON1/LON2/DLON/H
   58   57   52   55   58   61   64   63   63   60   55   53   46   45   41   41
   38   41   43   47   51   55   56   57   56   61   62   69   73   83   90  100
  110  119  126  132  132  135  132  132  126  126  123  121  118  113  107   96
   87   75   67   57   53   49   51   51   56   57   62   62   65   64   66   66
   65   65   62   58   56   49   52   55   58                                   
    65.0-180.0 180.0   5.0 450.0                            LAT/LON1/LON2/DLON/H
   54   55   54   53   64   62   72   66   72   63   66   56   59   49   52   45
   46   46   48   52   56   59   61   63   61   67   67   74   77   87   95  107
  118  128  138  144  150  151  155  150  151  150  152  150  149  143  138  123
  111   93   80   66   58   48   47   45   49   50   54   54   56   55   58   57
   59   58   59   55   53   46   50   54   54                                   
    62.5-180.0 180.0   5.0 450.0                            LAT/LON1/LON2/DLON/H
   49   48   46   54   58   64   69   70   70   68   67   64   63   58   57   54
   52   52   52   54   56   60   60   64   63   69   70   77   81   90  100  113
  127  138  150  157  163  166  167  168  168  168  170  170  168  165  155  143
  127  108   87   71   56   45   41   40   42   42   45   44   46   42   47   47
   50   50   51   49   49   42   47   51   49                                   
    60.0-180.0 180.0   5.0 450.0                            LAT/LON1/LON2/DLON/H
   45   43   44   46   57   58   69   67   75   68   71   63   66   58   61   54
   55   50   51   52   54   57   59   63   66   73   78   84   90   99  108  120
  135  148  160  169  177  181  183  184  183  184  186  188  188  184  175  160
  142  118   96   75   58   44   38   35   35   35   35   35   34   32   33   36
   41   42   45   44   43   38   39   42   45                                   
    57.5-180.0 180.0   5.0 450.0                            LAT/LON1/LON2/DLON/H
   41   37   35   43   46   54   58   62   63   63   64   62   63   59   60   56
   55   52   50   52   51   54   55   61   64   75   80   90   97  108  120  131
  147  158  172  180  192  196  199  199  200  201  204  203  204  198  190  173
  156  130  109   84   67   51   43   38   36   34   32   30   29   25   28   31
   35   38   42   41   42   36   38   41   41                                   
    55.0-180.0 180.0   5.0 450.0                            LAT/LON1/LON2/DLON/H
   42   36   35   37   45   47   54   53   61   57   63   57   62   56   57   53
   49   46   43   45   43   47   50   58   67   77   88   98  109  119  131  144
  156  173  184  198  208  213  216  217  217  220  220  222  220  216  204  189
  165  141  118   94   77   63   53   48   43   41   35   34   30   28   29   31
   36   39   43   43   42   38   38   37   42                                   
    52.5-180.0 180.0   5.0 450.0                            LAT/LON1/LON2/DLON/H
   48   40   34   40   39   46   44   48   47   50   52   52   56   52   54   49
   48   45   45   46   44   48   50   59   70   86   97  110  121  132  147  157
  171  181  196  208  220  223  230  230  235  234  236  233  233  224  216  197
  180  155  135  112   97   82   73   66   61   54   48   43   40   37   38   41
   44   47   51   51   50   43   46   48   48                                   
    50.0-180.0 180.0   5.0 450.0                            LAT/LON1/LON2/DLON/H
   57   48   44   44   49   47   50   45   48   47   49   49   51   49   47   45
   43   42   40   43   41   47   50   62   76   93  108  122  136  146  159  169
  182  195  207  221  229  238  242  248  249  251  247  248  242  236  221  207
  189  168  147  126  111   99   90   85   79   74   63   59   54   53   52   55
   57   58   61   61   60   58   57   55   57                                   
    47.5-180.0 180.0   5.0 450.0                            LAT/LON1/LON2/DLON/H
   71   64   54   59   57   56   51   49   47   47   47   47   49   47   47   46
   46   45   47   48   49   50   57   71   86  106  123  139  150  159  170  176
  187  195  207  217  229  237  249  254  262  259  259  252  249  235  226  208
  199  178  163  142  127  114  106   99   92   87   78   73   68   68   67   69
   71   71   74   73   73   69   72   77   71                                   
    45.0-180.0 180.0   5.0 450.0                            LAT/LON1/LON2/DLON/H
   82   78   72   68   73   68   65   58   56   55   54   53   53   52   51   49
   51   51   50   52   53   56   65   80   96  117  135  151  162  170  178  182
  191  200  208  221  233  246  256  266  269  270  265  262  252  241  226  213
  202  188  172  152  136  125  115  109  103   96   88   84   81   81   80   80
   81   80   81   80   83   85   88   91   82                                   
    42.5-180.0 180.0   5.0 450.0                            LAT/LON1/LON2/DLON/H
   94   89   81   82   79   76   73   67   64   60   62   59   62   58   61   60
   65   60   63   61   66   68   78   91  108  128  147  161  172  177  182  182
  188  192  201  212  228  242  259  266  275  274  273  264  255  241  229  214
  204  190  176  157  141  129  118  110  102   97   88   86   83   84   84   84
   83   82   82   83   89   89   97  106   94                                   
    40.0-180.0 180.0   5.0 450.0                            LAT/LON1/LON2/DLON/H
   99   97   92   88   90   89   86   81   79   75   75   72   73   71   71   70
   74   69   73   70   76   80   91  105  121  141  158  172  180  183  184  184
  188  195  204  218  236  252  266  276  281  284  279  274  260  248  233  220
  208  197  180  161  144  132  120  111  104   94   88   85   85   83   85   82
   82   78   78   80   86   92  102  105   99                                   
    37.5-180.0 180.0   5.0 450.0                            LAT/LON1/LON2/DLON/H
   98   96   92   90   90   89   88   82   83   77   81   77   82   78   83   81
   90   83   89   83   90   94  106  120  134  152  169  180  188  188  188  189
  190  199  208  223  244  259  276  283  292  291  290  281  268  254  240  227
  215  200  183  163  146  131  119  109  101   92   86   84   83   82   80   78
   73   68   69   70   79   82   93  103   98                                   
    35.0-180.0 180.0   5.0 450.0                            LAT/LON1/LON2/DLON/H
   92   87   84   79   85   83   87   81   86   81   88   85   90   87   92   90
   98   94  100   94  103  109  124  136  152  167  182  192  198  199  198  202
  206  220  231  250  268  283  294  302  305  309  302  298  283  272  254  242
  228  216  197  177  156  143  128  120  111  101   95   89   87   84   82   77
   72   61   58   58   63   73   84   86   92                                   
    32.5-180.0 180.0   5.0 450.0                            LAT/LON1/LON2/DLON/H
   83   77   72   75   76   78   80   79   81   80   85   87   93   92   97   99
  107  106  111  105  113  122  137  151  165  182  195  205  211  212  216  222
  231  247  261  279  297  308  319  321  326  326  322  316  305  293  277  261
  248  235  221  202  181  164  150  140  132  122  115  108  102   98   93   87
   79   67   63   58   63   60   73   73   83                                   
    30.0-180.0 180.0   5.0 450.0                            LAT/LON1/LON2/DLON/H
   87   71   62   62   68   68   75   69   79   74   83   84   90   89   94   97
  108  109  115  115  123  134  150  166  179  194  206  218  228  236  244  258
  269  294  306  328  341  351  354  360  356  359  349  350  336  330  311  300
  279  268  254  242  222  209  192  184  174  163  153  145  134  130  119  113
  101   89   77   74   65   67   71   66   87                                   
    27.5-180.0 180.0   5.0 450.0                            LAT/LON1/LON2/DLON/H
   96   73   59   62   63   62   64   64   65   69   73   78   84   85   91   98
  108  113  118  121  131  144  159  177  189  207  219  232  248  258  275  288
  307  329  351  372  387  393  396  395  395  394  387  385  376  371  356  345
  325  315  299  291  277  264  252  241  235  223  214  199  192  180  176  165
  158  138  123  106   98   80   86   69   96                                   
    25.0-180.0 180.0   5.0 450.0                            LAT/LON1/LON2/DLON/H
  122   85   74   66   67   63   63   58   63   62   68   69   76   76   81   88
   99  108  116  127  136  157  169  190  200  217  230  250  270  290  306  330
  347  379  399  425  434  438  437  437  435  437  427  432  418  419  399  394
  373  372  359  360  349  347  335  327  320  309  295  281  263  256  244  238
  216  204  176  165  137  128  114   98  122                                   
    22.5-180.0 180.0   5.0 450.0                            LAT/LON1/LON2/DLON/H
  151  103   95   90   76   68   56   58   55   57   62   64   69   69   76   81
   95  104  117  131  145  165  182  201  211  226  243  264  290  309  336  360
  390  418  443  467  474  475  471  475  477  475  476  477  472  468  452  447
  432  433  426  430  426  426  418  411  399  389  375  362  335  320  292  288
  276  260  235  208  192  172  157  135  151                                   
    20.0-180.0 180.0   5.0 450.0                            LAT/LON1/LON2/DLON/H
  185  141  127  112  101   82   69   64   63   59   61   57   67   65   70   74
   87   99  116  135  156  179  198  216  223  239  256  285  313  343  369  401
  429  456  480  502  505  505  503  507  513  519  519  524  517  516  501  499
  485  485  476  480  477  479  470  464  453  447  427  412  380  364  335  333
  318  323  292  267  237  216  204  192  185                                   
    17.5-180.0 180.0   5.0 450.0                            LAT/LON1/LON2/DLON/H
  224  170  158  144  123  102   82   76   72   68   65   58   66   66   71   77
   93  103  125  148  173  199  218  231  237  250  269  299  334  359  398  422
  456  477  504  519  525  524  526  534  544  550  552  550  549  549  537  541
  525  526  515  508  501  494  488  483  477  475  458  440  411  396  367  368
  352  362  342  324  293  266  240  232  224                                   
    15.0-180.0 180.0   5.0 450.0                            LAT/LON1/LON2/DLON/H
  228  204  172  158  140  123  100   94   82   70   61   57   58   65   69   75
   91  106  136  161  194  217  237  248  252  264  285  319  354  386  417  442
  471  491  517  521  531  530  539  551  562  571  575  574  574  577  572  577
  567  560  541  527  514  508  495  488  476  475  458  443  415  399  372  367
  354  362  353  343  325  307  280  265  228                                   
    12.5-180.0 180.0   5.0 450.0                            LAT/LON1/LON2/DLON/H
  258  230  194  183  152  136  114  101   88   70   67   60   68   67   76   82
   95  109  137  175  208  235  253  263  270  281  304  334  373  398  433  446
  479  492  519  514  526  530  548  562  576  585  590  590  589  591  593  598
  591  579  557  540  526  516  500  482  465  453  441  422  399  382  359  357
  345  354  347  347  333  329  299  278  258                                   
    10.0-180.0 180.0   5.0 450.0                            LAT/LON1/LON2/DLON/H
  238  241  200  191  159  147  131  119  103   82   71   70   74   80   79   87
   97  111  144  181  217  248  270  285  291  306  326  358  390  420  440  460
  483  501  521  516  532  535  554  575  585  601  601  601  595  600  604  610
  604  591  572  556  540  533  505  479  448  432  415  398  375  352  334  328
  326  330  328  326  323  321  301  284  238                                   
     7.5-180.0 180.0   5.0 450.0                            LAT/LON1/LON2/DLON/H
  244  245  213  210  168  165  139  136  118  102   83   80   82   86   91   85
   95  111  144  182  223  258  284  301  311  326  347  379  407  427  449  464
