data/unet/pred0460.15i
     1.0            IONOSPHERE MAPS     GNSS                IONEX VERSION / TYPE
pyspatialgeodesy        IME             05-JAN-18 20:20     PGM / RUN BY / DATE 
Map Name                                                    COMMENT             
Predicted global ionosphere maps (GIM).                     DESCRIPTION         
  2015     2    15     0     0     0                        EPOCH OF FIRST MAP  
  2015     2    16     0     0     0                        EPOCH OF LAST MAP   
  7200                                                      INTERVAL            
    13                                                      # OF MAPS IN FILE   
  NONE                                                      MAPPING FUNCTION    
10.0                                                        ELEVATION CUTOFF    
One-way carrier phase leveled to code                       OBSERVABLES USED    
  6371.0                                                    BASE RADIUS         
 2                                                          MAP DIMENSION       
   450.0 450.0   0.0                                        HGT1 / HGT2 / DHGT  
    87.5 -87.5  -2.5                                        LAT1 / LAT2 / DLAT  
  -180.0 180.0   5.0                                        LON1 / LON2 / DLON  
    -1                                                      EXPONENT            
                                                            END OF HEADER       
[from data line 3432]
     9                                                      START OF TEC MAP    
  2015     2    15    16     0     0                        EPOCH OF CURRENT MAP
    87.5-180.0 180.0   5.0 450.0                            LAT/LON1/LON2/DLON/H
  156  181  185  189  190  188  190  188  191  188  191  187  190  185  187  182
  184  179  181  176  177  173  173  168  169  164  164  160  159  155  154  151
  150  147  146  144  143  142  141  140  138  138  137  138  136  137  137  138
  139  140  142  143  146  147  151  151  155  155  158  159  162  162  164  165
  168  169  173  174  178  179  185  170  156                                   
    85.0-180.0 180.0   5.0 450.0                            LAT/LON1/LON2/DLON/H
  160  181  193  194  196  194  197  196  199  197  198  196  198  194  195  192
  192  188  187  183  182  178  176  172  168  163  159  154  150  145  141  137
  133  129  126  124  120  119  115  115  112  112  110  112  111  114  113  116
  115  119  119  124  125  130  132  136  139  143  146  149  152  155  157  161
  163  167  170  174  177  176  176  168  160                                   
    82.5-180.0 180.0   5.0 450.0                            LAT/LON1/LON2/DLON/H
  159  178  183  184  188  188  193  192  198  195  200  197  201  197  200  194
  196  190  189  183  181  174  170  164  159  153  147  141  135  130  124  119
  114  110  105  102   97   95   90   88   85   84   81   81   80   83   84   87
   91   95  101  105  111  115  121  123  130  131  135  136  141  141  144  144
  148  150  153  155  159  159  169  144  159                                   
    80.0-180.0 180.0   5.0 450.0                            LAT/LON1/LON2/DLON/H
  126  145  151  150  157  161  166  170  175  176  180  180  185  183  187  183
  187  182  184  179  178  171  167  160  156  150  143  139  131  127  119  116
  108  106   97   96   87   86   77   77   69   70   64   66   63   67   67   70
   72   78   82   89   94  101  104  109  112  115  116  117  118  118  118  118
  118  120  119  119  121  127  133  119  126                                   
    77.5-180.0 180.0   5.0 450.0                            LAT/LON1/LON2/DLON/H
   96  109  112  115  122  128  135  142  148  153  158  161  167  167  174  172
  179  174  180  175  179  172  171  162  159  151  148  141  137  130  125  120
  114  110  103  100   92   88   80   76   69   66   62   61   58   59   61   64
   66   71   76   81   88   93   99  103  106  109  110  111  110  109  107  104
  100   98   93   90   85   88   94   88   96                                   
    75.0-180.0 180.0   5.0 450.0                            LAT/LON1/LON2/DLON/H
   74   77   81   78   89   94  103  109  119  124  134  139  148  151  159  161
  169  170  178  178  185  183  184  177  175  169  167  162  161  156  153  147
  140  134  126  120  112  106   99   93   85   80   74   70   66   66   65   68
   69   74   77   84   86   95   98  106  105  109  106  107  103  101   96   92
   88   84   80   72   66   65   73   72   74                                   
    72.5-180.0 180.0   5.0 450.0                            LAT/LON1/LON2/DLON/H
   66   61   60   63   67   75   81   90   98  105  116  122  135  139  151  154
  165  168  181  184  193  193  198  194  193  190  190  189  187  186  183  180
  173  167  157  149  137  130  118  112  102   98   88   84   76   76   71   73
   71   76   78   83   85   90   94   97  101  102  102  101   99   95   91   87
   82   78   71   66   57   58   59   58   66                                   
    70.0-180.0 180.0   5.0 450.0                            LAT/LON1/LON2/DLON/H
   57   52   58   56   62   66   70   78   82   90   98  109  120  131  143  151
  164  173  188  196  208  214  221  221  220  218  216  218  217  217  215  210
  206  198  189  178  168  158  147  136  125  118  109  103   94   91   84   83
   77   81   77   84   81   88   86   93   92   97   94   99   95   97   92   90
   85   79   75   67   61   58   62   54   57                                   
    67.5-180.0 180.0   5.0 450.0                            LAT/LON1/LON2/DLON/H
   52   54   60   56   61   66   66   75   76   86   92  106  115  129  141  155
  168  182  198  210  223  230  241  243  244  240  240  241  241  241  238  236
  232  224  215  202  191  178  166  156  144  135  124  114  103   97   89   84
   78   76   75   72   73   73   75   75   79   81   84   87   89   91   91   90
   85   82   75   70   62   63   61   56   52                                   
    65.0-180.0 180.0   5.0 450.0                            LAT/LON1/LON2/DLON/H
   47   55   62   58   61   61   63   69   70   80   87  101  114  127  142  156
  173  186  206  217  237  245  259  260  264  259  256  256  256  256  253  252
  249  242  233  218  205  192  180  168  159  148  139  127  115  107   95   88
   76   73   65   63   58   58   55   57   59   61   66   71   77   82   84   86
   85   84   80   71   66   66   66   60   47                                   
    62.5-180.0 180.0   5.0 450.0                            LAT/LON1/LON2/DLON/H
   48   58   64   58   61   61   60   64   64   74   81   99  110  128  141  161
  176  193  210  227  245  255  268  271  275  269  267  264  266  265  265  263
  261  253  244  227  212  196  184  173  163  154  143  131  117  103   90   80
   69   61   55   46   44   36   38   33   38   38   45   52   62   69   76   79
   80   79   75   69   63   65   62   60   48                                   
    60.0-180.0 180.0   5.0 450.0                            LAT/LON1/LON2/DLON/H
   42   50   59   53   58   55   54   52   57   65   81   95  113  127  146  162
  182  194  215  226  248  255  273  274  277  273  268  265  264  265  267  268
  267  261  250  232  215  198  185  175  167  158  149  136  123  107   92   79
   65   56   47   40   33   28   25   22   25   26   32   38   49   58   65   72
   73   72   70   65   61   62   59   56   42                                   
    57.5-180.0 180.0   5.0 450.0                            LAT/LON1/LON2/DLON/H
   40   49   53   50   50   50   46   48   50   66   77   95  108  126  142  162
  179  196  213  225  246  253  268  270  275  270  270  267  269  271  275  277
  275  268  256  236  217  199  187  177  170  161  152  140  126  108   92   78
   65   55   47   37   33   26   24   20   23   21   27   32   42   49   58   63
   65   63   60   59   53   55   49   49   40                                   
    55.0-180.0 180.0   5.0 450.0                            LAT/LON1/LON2/DLON/H
   40   41   51   47   50   47   45   41   49   59   80   95  113  126  147  164
  186  198  218  226  246  250  266  266  270  267  268  267  270  273  281  284
  284  276  265  244  224  207  195  185  178  171  163  152  137  121  104   89
   78   67   61   53   47   41   38   35   36   35   39   42   48   52   59   60
   63   60   60   56   54   55   52   47   40                                   
    52.5-180.0 180.0   5.0 450.0                            LAT/LON1/LON2/DLON/H
   45   50   50   50   48   48   43   44   50   66   83  101  116  130  150  170
  190  205  221  231  246  251  262  265  269  268  271  272  279  283  292  295
  292  282  270  249  231  214  204  193  187  179  173  163  149  133  116  103
   93   86   81   75   69   64   61   57   58   55   57   59   61   63   65   67
   65   63   60   58   54   58   53   50   45                                   
    50.0-180.0 180.0   5.0 450.0                            LAT/LON1/LON2/DLON/H
   61   55   61   58   57   55   55   52   60   74   93  107  122  136  156  175
  196  209  226  234  249  254  267  269  274  275  279  283  290  295  304  304
  303  291  279  258  241  226  216  207  200  194  187  178  164  149  134  121
  113  107  105  101   97   92   88   85   85   84   83   82   82   79   80   77
   78   72   72   68   68   71   71   67   61                                   
    47.5-180.0 180.0   5.0 450.0                            LAT/LON1/LON2/DLON/H
   82   77   76   75   71   66   66   71   78   92  107  121  134  147  168  186
  207  221  236  247  258  264  273  279  284  287  292  295  302  304  309  307
  301  290  278  259  246  233  226  216  209  201  194  184  172  156  144  133
  127  124  122  118  114  109  106  105  106  107  106  106  101  100   95   94
   90   89   83   84   82   86   87   89   82                                   
    45.0-180.0 180.0   5.0 450.0                            LAT/LON1/LON2/DLON/H
  100   95   95   91   88   82   81   82   90  105  122  137  151  162  180  197
  217  230  247  255  268  274  286  292  298  301  303  305  307  305  304  298
  294  283  272  258  251  242  236  227  218  209  198  188  175  162  149  140
  134  130  128  124  120  114  110  110  113  117  118  118  116  114  110  108
  106  102  102  100  102  105  112  114  100                                   
    42.5-180.0 180.0   5.0 450.0                            LAT/LON1/LON2/DLON/H
  118  114  112  108  103   97   95   97  108  123  144  161  174  183  199  215
  234  248  260  272  279  287  295  304  309  311  312  312  309  301  293  287
  281  272  265  257  255  250  245  235  223  208  195  184  172  159  148  139
  133  130  126  121  113  104   98   99  101  107  110  114  114  116  115  116
  113  112  108  111  112  117  127  128  118                                   
    40.0-180.0 180.0   5.0 450.0                            LAT/LON1/LON2/DLON/H
  124  119  119  113  113  106  107  106  120  140  166  183  195  202  215  230
  246  260  272  282  289  298  308  315  318  319  315  313  301  291  279  275
  268  266  265  264  266  263  259  247  233  215  196  184  171  160  148  139
  132  125  120  112  100   88   77   77   79   87   93  101  105  112  114  116
  115  110  109  110  116  121  130  133  124                                   
    37.5-180.0 180.0   5.0 450.0                            LAT/LON1/LON2/DLON/H
  126  122  121  117  115  108  107  109  129  154  183  202  213  219  231  246
  262  277  284  291  295  305  313  322  324  325  320  315  302  290  281  279
  277  283  287  292  293  290  283  267  248  225  205  190  178  166  155  145
  136  128  120  108   93   75   63   59   64   71   79   87   93  101  107  110
  107  102   98  100  106  114  125  122  126                                   
    35.0-180.0 180.0   5.0 450.0                            LAT/LON1/LON2/DLON/H
  115  110  111  108  110  104  105  108  131  159  194  214  229  237  251  263
  280  292  296  302  306  317  322  328  326  325  318  316  304  300  294  302
  307  322  329  336  336  330  320  300  280  252  231  212  201  189  179  166
  158  148  140  123  105   82   66   58   62   69   76   84   90   98  103  107
  104   97   90   91   94  102  108  107  115                                   
    32.5-180.0 180.0   5.0 450.0                            LAT/LON1/LON2/DLON/H
  103  101  103  103  100   97   94  102  124  157  193  220  237  250  262  281
  294  304  306  311  315  326  329  334  330  330  326  326  323  326  333  352
  369  392  401  409  403  394  373  349  320  291  271  255  245  232  222  209
  201  191  181  164  144  117   99   85   85   85   92   95  101  104  110  108
  108  102   96   94   89   95   93   90  103                                   
    30.0-180.0 180.0   5.0 450.0                            LAT/LON1/LON2/DLON/H
   84   79   87   88   89   89   89   94  114  147  187  217  241  254  271  287
  302  311  315  321  327  336  337  336  331  334  336  344  350  366  386  421
  449  480  491  492  480  461  437  408  377  346  323  307  300  292  285  276
  271  267  263  251  221  189  160  148  141  150  157  152  145  142  137  133
  127  123  114  110  100   97   91   76   84                                   
    27.5-180.0 180.0   5.0 450.0                            LAT/LON1/LON2/DLON/H
   80   83   83   85   82   85   84   93  110  143  181  215  240  260  276  296
  310  318  325  331  339  345  341  341  336  344  351  370  392  426  477  523
  564  591  597  583  555  527  503  475  443  413  388  372  365  361  360  352
  352  347  347  334  314  287  258  244  230  225  215  207  196  191  186  181
  176  160  144  133  120  108   92   70   80                                   
    25.0-180.0 180.0   5.0 450.0                            LAT/LON1/LON2/DLON/H
   75   73   87   82   79   84   87   94  111  137  176  212  241  261  282  297
  316  322  334  340  351  354  351  349  348  362  380  409  450  507  572  628
  676  705  692  668  624  588  558  537  509  485  458  444  438  430  426  423
  428  430  438  437  428  411  389  370  344  327  306  286  260  233  210  204
  193  187  173  165  148  126  109   87   75                                   
    22.5-180.0 180.0   5.0 450.0                            LAT/LON1/LON2/DLON/H
   84   92   91   94   92   93   96  104  120  144  177  213  242  264  282  302
  318  329  340  350  360  361  356  357  362  384  416  456  521  580  660  725
  785  791  771  728  680  633  607  587  569  547  527  514  500  491  490  486
  490  490  493  494  490  482  463  441  419  399  373  347  318  291  265  251
  237  233  223  212  190  167  138  118   84                                   
    20.0-180.0 180.0   5.0 450.0                            LAT/LON1/LON2/DLON/H
  101  105  106  102   99  110  113  122  135  154  179  213  243  267  286  306
  324  336  350  360  369  369  363  371  389  423  467  521  591  654  742  809
  843  846  807  767  710  670  637  625  609  600  580  566  548  540  529  515
  509  506  513  517  522  509  500  473  453  427  406  379  350  324  302  291
  272  262  250  249  226  204  170  143  101                                   
    17.5-180.0 180.0   5.0 450.0                            LAT/LON1/LON2/DLON/H
  124  130  118  112  109  116  130  143  158  175  195  222  250  276  297  319
  337  350  363  371  376  374  376  390  423  467  529  578  649  708  789  830
  856  842  808  766  725  682  660  649  647  641  626  601  577  552  530  508
  495  489  495  499  500  491  480  459  446  425  408  385  364  342  324  312
  293  279  265  263  247  224  192  159  124                                   
    15.0-180.0 180.0   5.0 450.0                            LAT/LON1/LON2/DLON/H
  135  136  118  107  102  124  130  157  175  196  213  234  256  287  308  337
  353  368  377  382  383  385  391  421  467  524  586  630  693  739  796  826
  831  819  786  754  715  683  666  667  666  668  645  616  580  542  506  474
  455  440  441  435  438  423  419  402  394  374  362  348  340  331  319  308
  287  272  260  258  248  227  195  167  135                                   
    12.5-180.0 180.0   5.0 450.0                            LAT/LON1/LON2/DLON/H
  136  140  121  104  101  116  131  157  189  209  229  248  270  297  322  352
  374  389  399  397  398  395  414  450  511  572  627  669  714  736  774  778
  786  769  749  716  698  674  670  675  679  672  644  611  569  517  465  426
  394  379  367  361  352  348  343  334  317  302  290  290  296  300  292  281
  263  255  253  251  242  214  190  158  136                                   
    10.0-180.0 180.0   5.0 450.0                            LAT/LON1/LON2/DLON/H
  113  127  111   95   89  103  118  151  183  219  239  260  279  309  332  366
  389  407  412  411  410  416  443  489  551  615  672  700  727  731  737  727
  719  702  694  680  676  667  668  676  675  664  636  601  551  494  432  375
  338  306  291  278  288  289  283  259  239  223  213  223  233  253  251  250
  239  234  231  227  214  190  168  147  113                                   
     7.5-180.0 180.0   5.0 450.0                            LAT/LON1/LON2/DLON/H
  102  122  106   91   88   98  114  143  181  218  250  270  294  321  349  378
  407  425  432  433  432  440  467  517  583  649  693  715  718  702  695  672
