data/unet/pred1470.15i
     1.0            IONOSPHERE MAPS     GNSS                IONEX VERSION / TYPE
pyspatialgeodesy        IME             05-JAN-18 20:20     PGM / RUN BY / DATE 
Map Name                                                    COMMENT             
Predicted global ionosphere maps (GIM).                     DESCRIPTION         
  2015     5    27     0     0     0                        EPOCH OF FIRST MAP  
  2015     5    28     0     0     0                        EPOCH OF LAST MAP   
  7200                                                      INTERVAL            
    13                                                      # OF MAPS IN FILE   
  NONE                                                      MAPPING FUNCTION    
10.0                                                        ELEVATION CUTOFF    
One-way carrier phase leveled to code                       OBSERVABLES USED    
  6371.0                                                    BASE RADIUS         
 2                                                          MAP DIMENSION       
   450.0 450.0   0.0                                        HGT1 / HGT2 / DHGT  
    87.5 -87.5  -2.5                                        LAT1 / LAT2 / DLAT  
  -180.0 180.0   5.0                                        LON1 / LON2 / DLON  
    -1                                                      EXPONENT            
                                                            END OF HEADER       
[from data line 2145]
     6                                                      START OF TEC MAP    
  2015     5    27    10     0     0                        EPOCH OF CURRENT MAP
    87.5-180.0 180.0   5.0 450.0                            LAT/LON1/LON2/DLON/H
  134  157  156  155  153  149  149  148  149  147  147  146  147  144  144  142
  143  140  140  138  139  137  138  137  138  137  138  137  140  139  141  140
  144  142  146  143  147  144  147  144  147  143  146  143  147  145  148  146
  151  149  152  151  154  151  153  151  152  150  150  148  149  146  147  145
  146  144  146  146  148  145  142  126  134                                   
    85.0-180.0 180.0   5.0 450.0                            LAT/LON1/LON2/DLON/H
  153  143  153  155  153  149  152  151  154  150  152  148  150  146  147  142
  144  139  141  137  140  136  140  137  141  138  143  141  146  144  149  148
  154  152  157  155  159  156  158  154  157  153  155  151  155  152  155  153
  156  154  155  154  155  154  153  151  151  149  149  146  147  144  145  142
  144  143  145  143  146  144  149  144  153                                   
    82.5-180.0 180.0   5.0 450.0                            LAT/LON1/LON2/DLON/H
  146  148  155  158  156  156  156  159  159  159  157  158  156  155  152  152
  150  149  147  148  147  147  146  148  148  149  150  152  154  156  157  159
  162  164  165  167  168  168  167  167  166  165  164  163  164  164  163  163
  164  164  163  163  162  162  159  159  157  156  153  153  151  150  147  148
  147  148  147  148  149  152  153  155  146                                   
    80.0-180.0 180.0   5.0 450.0                            LAT/LON1/LON2/DLON/H
  145  150  151  155  152  154  152  157  154  155  152  154  150  150  146  147
  144  143  140  141  140  140  141  142  143  144  147  149  152  154  157  160
  163  164  167  169  169  169  169  169  167  167  165  166  165  166  166  167
  167  167  167  167  167  165  165  163  161  159  156  155  152  151  147  147
  144  145  142  144  143  147  150  152  145                                   
    77.5-180.0 180.0   5.0 450.0                            LAT/LON1/LON2/DLON/H
  144  147  148  153  152  155  154  156  155  154  152  151  149  147  144  142
  140  138  137  137  137  137  138  139  141  142  146  148  152  154  159  161
  166  168  173  174  177  176  177  176  175  174  174  174  175  176  176  177
  178  179  180  180  180  179  178  176  174  172  170  168  165  162  160  157
  154  152  150  147  146  149  149  149  144                                   
    75.0-180.0 180.0   5.0 450.0                            LAT/LON1/LON2/DLON/H
  142  147  149  153  152  152  152  153  151  149  147  145  142  140  137  135
  132  131  131  130  131  130  133  132  137  134  142  140  149  147  157  156
  166  165  173  173  177  176  178  177  176  175  176  176  178  179  181  182
  183  185  185  188  186  187  185  185  181  180  178  177  174  171  169  166
  162  160  157  153  152  152  156  153  142                                   
    72.5-180.0 180.0   5.0 450.0                            LAT/LON1/LON2/DLON/H
  146  147  147  150  148  147  145  144  142  139  136  134  131  128  126  123
  123  121  123  123  125  126  130  131  134  135  139  141  146  148  155  158
  165  168  175  176  179  179  180  179  179  178  179  180  182  184  185  187
  188  190  191  192  191  192  190  189  188  186  186  184  184  181  180  176
  173  170  167  162  160  155  157  153  146                                   
    70.0-180.0 180.0   5.0 450.0                            LAT/LON1/LON2/DLON/H
  147  145  144  145  142  140  136  135  131  130  126  125  121  120  117  117
  116  117  119  121  125  126  131  130  135  133  138  137  144  144  153  155
  164  167  173  175  179  179  180  179  180  179  180  181  183  185  186  188
  189  190  190  191  190  190  188  189  187  188  187  189  188  188  186  183
  181  178  174  170  169  163  167  159  147                                   
    67.5-180.0 180.0   5.0 450.0                            LAT/LON1/LON2/DLON/H
  150  145  142  138  132  127  123  119  117  114  112  110  109  107  107  106
  108  109  114  117  124  127  132  132  136  136  140  141  146  150  157  161
  169  173  179  180  184  183  185  183  185  184  186  186  189  190  192  192
  191  190  189  187  185  184  183  182  183  183  186  186  189  189  190  188
  188  184  183  178  178  170  169  163  150                                   
    65.0-180.0 180.0   5.0 450.0                            LAT/LON1/LON2/DLON/H
  154  148  140  135  126  119  113  109  105  103  101  102  100  100  100  101
  103  106  112  117  124  128  134  135  139  139  143  144  150  153  161  166
  173  180  183  186  187  188  189  188  189  189  190  191  191  194  192  193
  189  187  183  181  177  177  175  176  175  176  178  181  183  186  188  190
  189  190  188  186  186  179  182  172  154                                   
    62.5-180.0 180.0   5.0 450.0                            LAT/LON1/LON2/DLON/H
  161  154  143  133  120  111  102   95   91   89   88   90   90   91   91   93
   96   99  105  111  118  125  131  134  137  140  143  147  154  159  167  174
  181  187  190  192  194  193  196  195  198  196  199  198  200  200  200  196
  193  188  183  178  175  172  171  170  172  172  175  177  181  183  188  190
  192  193  193  192  193  188  186  183  161                                   
    60.0-180.0 180.0   5.0 450.0                            LAT/LON1/LON2/DLON/H
  168  161  147  137  123  109   99   90   86   82   83   83   84   85   87   87
   92   94  103  108  117  122  130  134  139  141  147  152  160  167  176  184
  190  198  199  202  200  202  202  203  204  205  205  207  207  209  205  202
  196  191  182  176  172  169  167  167  167  168  169  173  177  181  186  191
  194  197  197  200  202  197  198  192  168                                   
    57.5-180.0 180.0   5.0 450.0                            LAT/LON1/LON2/DLON/H
  179  173  158  144  127  112   98   88   81   78   76   77   75   77   77   80
   83   88   95  102  109  116  123  130  134  141  147  155  163  172  182  190
  198  202  206  206  207  207  210  210  214  214  219  219  222  221  220  214
  208  200  192  186  181  176  174  172  173  173  176  178  182  186  191  194
  198  200  203  204  208  205  203  205  179                                   
    55.0-180.0 180.0   5.0 450.0                            LAT/LON1/LON2/DLON/H
  188  181  166  155  138  121  105   93   85   79   77   75   72   72   72   74
   78   82   91   96  104  110  119  125  134  141  150  159  168  177  187  196
  202  209  209  213  211  216  216  221  221  226  229  232  232  233  230  224
  217  209  201  193  187  183  181  179  178  178  179  182  186  191  195  198
  200  205  206  211  214  211  212  212  188                                   
    52.5-180.0 180.0   5.0 450.0                            LAT/LON1/LON2/DLON/H
  199  192  179  168  150  132  114  102   90   83   78   75   69   67   65   67
   71   77   84   91   98  106  114  123  133  144  153  163  172  181  191  198
  206  210  214  215  218  221  226  229  234  237  244  245  247  246  245  238
  232  223  216  208  203  199  196  194  193  193  194  196  199  201  204  205
  207  208  210  212  216  215  215  221  199                                   
    50.0-180.0 180.0   5.0 450.0                            LAT/LON1/LON2/DLON/H
  202  194  184  177  165  147  130  117  103   94   88   81   74   69   66   67
   71   76   84   89   97  104  114  126  138  151  159  171  178  187  195  203
  208  214  215  220  223  231  236  243  246  253  256  260  260  261  258  253
  245  237  230  222  217  212  208  203  201  200  201  204  207  209  212  213
  212  214  213  217  218  216  218  220  202                                   
    47.5-180.0 180.0   5.0 450.0                            LAT/LON1/LON2/DLON/H
  204  198  188  183  173  160  143  131  116  105   96   89   78   72   67   67
   70   76   83   90   96  105  116  130  143  157  166  175  181  189  196  203
  208  212  218  222  230  238  248  255  261  265  270  271  272  271  272  265
  260  252  246  238  232  225  219  215  211  212  212  214  217  220  222  222
  220  220  217  218  218  216  214  219  204                                   
    45.0-180.0 180.0   5.0 450.0                            LAT/LON1/LON2/DLON/H
  197  189  180  180  176  166  153  144  132  121  110   99   90   81   76   74
   78   82   89   94  100  109  123  140  154  169  175  184  187  194  197  206
  208  217  222  231  239  250  261  271  277  283  285  286  284  284  282  277
  270  264  258  251  243  233  225  217  213  212  212  216  222  225  230  230
  229  227  224  222  219  213  214  214  197                                   
    42.5-180.0 180.0   5.0 450.0                            LAT/LON1/LON2/DLON/H
  192  182  172  173  172  167  158  151  142  132  121  110   99   91   83   82
   83   87   93   98  103  114  129  147  163  176  183  188  188  193  197  204
  210  218  229  240  255  266  280  289  298  302  303  303  299  296  295  288
  284  277  273  265  257  246  235  227  221  220  219  223  228  233  238  239
  237  235  229  224  218  212  206  208  192                                   
    40.0-180.0 180.0   5.0 450.0                            LAT/LON1/LON2/DLON/H
  185  173  161  163  164  162  157  155  148  144  135  125  114  103   96   92
   93   95   98  103  108  121  137  159  173  188  193  196  194  197  199  208
  212  226  238  254  267  281  293  306  314  319  321  320  317  314  313  307
  303  297  291  281  273  260  250  239  233  229  229  232  239  243  250  250
  250  244  239  231  224  213  212  205  185                                   
    37.5-180.0 180.0   5.0 450.0                            LAT/LON1/LON2/DLON/H
  185  168  154  152  153  153  152  151  148  145  140  132  122  114  105   99
   97   98  101  106  111  124  142  164  181  192  197  197  194  196  199  207
  216  230  247  264  282  295  310  320  331  335  341  339  340  335  336  330
  331  325  321  309  299  287  276  265  258  253  251  252  256  260  265  265
  263  257  249  241  230  219  209  203  185                                   
    35.0-180.0 180.0   5.0 450.0                            LAT/LON1/LON2/DLON/H
  189  169  150  147  144  143  142  144  144  146  144  141  134  126  115  109
  104  104  103  109  113  129  146  173  188  201  203  203  199  200  202  212
  219  239  252  274  288  306  318  331  339  346  350  353  356  355  358  355
  358  356  356  349  338  324  314  299  291  282  278  274  276  277  280  278
  277  271  265  255  244  230  221  209  189                                   
    32.5-180.0 180.0   5.0 450.0                            LAT/LON1/LON2/DLON/H
  195  174  155  144  140  135  133  134  136  139  140  141  135  129  118  111
  105  102  102  106  113  128  148  172  189  199  203  201  199  198  204  212
  222  239  257  275  293  308  323  334  345  351  359  365  373  375  381  384
  390  395  400  399  393  381  369  353  340  325  316  307  306  303  303  300
  295  288  279  266  255  242  226  213  195                                   
    30.0-180.0 180.0   5.0 450.0                            LAT/LON1/LON2/DLON/H
  203  184  164  151  141  134  129  129  130  135  137  141  137  133  123  115
  107  104  101  107  112  131  148  176  189  203  203  204  200  205  207  218
  225  245  260  278  292  310  325  337  349  354  364  372  383  390  400  410
  423  437  448  455  455  449  436  418  401  382  367  354  344  338  332  325
  317  307  293  282  268  257  241  223  203                                   
    27.5-180.0 180.0   5.0 450.0                            LAT/LON1/LON2/DLON/H
  210  197  179  163  153  143  136  132  131  133  136  139  137  133  124  115
  108  102  101  105  113  130  149  170  184  194  199  198  200  203  210  221
  232  250  265  283  295  309  324  337  349  359  369  381  396  408  423  437
  453  474  492  506  512  506  490  468  448  432  417  402  392  379  370  358
  345  330  313  294  282  268  252  230  210                                   
    25.0-180.0 180.0   5.0 450.0                            LAT/LON1/LON2/DLON/H
  220  217  196  180  167  158  149  144  139  140  139  141  137  134  126  119
  111  107  103  110  116  134  148  169  179  191  193  200  202  211  216  230
  239  258  271  289  301  313  328  339  357  364  376  391  406  424  436  456
  473  504  527  550  556  550  532  511  486  466  452  438  429  413  399  383
  367  350  333  314  298  284  267  244  220                                   
    22.5-180.0 180.0   5.0 450.0                            LAT/LON1/LON2/DLON/H
  230  234  218  199  187  176  168  161  155  152  149  148  144  139  129  122
  115  111  109  113  123  136  149  161  171  179  186  192  201  209  220  233
  244  262  277  295  309  319  335  346  362  371  382  398  418  438  452  471
  490  520  550  571  582  575  558  536  510  488  475  458  449  430  414  397
  381  363  344  323  308  292  274  245  230                                   
    20.0-180.0 180.0   5.0 450.0                            LAT/LON1/LON2/DLON/H
  241  253  240  223  209  199  188  179  171  166  161  155  149  141  133  125
  120  116  115  119  127  138  147  157  165  174  181  192  202  217  226  243
  251  270  283  303  317  331  345  356  370  380  388  407  423  445  455  478
  494  526  548  570  581  576  566  544  525  500  486  466  459  436  421  401
  384  364  344  323  307  293  277  252  241                                   
    17.5-180.0 180.0   5.0 450.0                            LAT/LON1/LON2/DLON/H
  244  259  257  243  232  220  212  199  189  180  173  166  159  151  141  133
  126  122  121  125  131  139  145  149  156  162  176  185  205  215  229  242
  258  274  294  312  332  346  362  371  383  390  399  412  429  444  457  473
  489  511  533  548  559  555  546  531  513  495  481  465  452  433  415  396
  379  358  338  314  300  287  273  244  244                                   
    15.0-180.0 180.0   5.0 450.0                            LAT/LON1/LON2/DLON/H
  247  258  257  250  244  234  226  216  203  191  181  172  164  155  147  140
  133  129  125  127  129  134  135  141  147  157  170  188  206  222  232  250
  263  284  303  326  341  359  370  381  388  399  403  421  431  448  455  472
  479  498  509  522  528  526  520  512  500  488  475  460  449  426  409  386
  370  347  329  307  293  282  269  249  247                                   
    12.5-180.0 180.0   5.0 450.0                            LAT/LON1/LON2/DLON/H
  243  251  252  246  241  234  227  218  209  197  189  178  170  162  155  147
  140  134  128  126  124  126  126  127  136  145  166  181  206  217  236  250
  274  294  319  339  354  371  381  393  398  406  411  422  437  444  457  461
  473  476  487  489  492  490  487  487  481  475  462  454  439  420  397  376
  355  333  314  292  282  273  261  238  243                                   
    10.0-180.0 180.0   5.0 450.0                            LAT/LON1/LON2/DLON/H
  242  242  238  233  226  221  215  210  202  194  186  178  168  162  156  151
  144  137  128  122  115  116  112  117  126  141  161  182  202  219  235  256
  278  304  324  347  360  379  388  402  402  411  410  425  431  445  447  458
  459  468  467  470  467  465  465  472  471  469  459  451  435  413  390  362
  340  317  298  281  271  264  253  241  242                                   
     7.5-180.0 180.0   5.0 450.0                            LAT/LON1/LON2/DLON/H
  234  233  228  220  214  205  202  195  191  184  180  171  167  160  158  151
  147  136  128  116  108  105  102  103  115  130  157  173  200  215  236  254
