data/unet/pred2910.15i
     1.0            IONOSPHERE MAPS     GNSS                IONEX VERSION / TYPE
pyspatialgeodesy        IME             05-JAN-18 20:20     PGM / RUN BY / DATE 
Map Name                                                    COMMENT             
Predicted global ionosphere maps (GIM).                     DESCRIPTION         
  2015    10    18     0     0     0                        EPOCH OF FIRST MAP  
  2015    10    19     0     0     0                        EPOCH OF LAST MAP   
  7200                                                      INTERVAL            
    13                                                      # OF MAPS IN FILE   
  NONE                                                      MAPPING FUNCTION    
10.0                                                        ELEVATION CUTOFF    
One-way carrier phase leveled to code                       OBSERVABLES USED    
  6371.0                                                    BASE RADIUS         
 2                                                          MAP DIMENSION       
   450.0 450.0   0.0                                        HGT1 / HGT2 / DHGT  
    87.5 -87.5  -2.5                                        LAT1 / LAT2 / DLAT  
  -180.0 180.0   5.0                                        LON1 / LON2 / DLON  
    -1                                                      EXPONENT            
                                                            END OF HEADER       
[from data line 858]
     3                                                      START OF TEC MAP    
  2015    10    18     4     0     0                        EPOCH OF CURRENT MAP
    87.5-180.0 180.0   5.0 450.0                            LAT/LON1/LON2/DLON/H
   76   99   81   76   80   76   79   76   81   78   82   80   83   81   83   81
   83   81   83   80   82   80   82   80   81   80   81   79   80   79   80   79
   80   79   80   79   80   79   81   80   82   81   83   82   84   83   85   84
   86   85   87   86   87   86   87   86   88   86   87   85   87   84   86   82
   86   81   85   80   86   78  102   80   76                                   
    85.0-180.0 180.0   5.0 450.0                            LAT/LON1/LON2/DLON/H
  106   94   72   74   75   73   75   75   77   77   78   80   80   82   81   83
   81   83   81   82   79   81   77   79   75   77   73   75   72   74   71   72
   70   72   71   71   71   72   73   74   75   76   77   78   80   81   82   83
   85   86   87   88   89   90   91   91   92   92   92   91   93   90   91   88
   89   86   86   82   83   76   93  109  106                                   
    82.5-180.0 180.0   5.0 450.0                            LAT/LON1/LON2/DLON/H
   93   70   65   64   60   59   60   62   65   66   70   71   74   75   78   78
   78   77   77   75   73   71   69   66   64   61   60   56   57   53   56   52
   56   53   58   55   60   58   63   62   67   66   71   71   76   75   80   80
   84   84   87   87   89   90   91   91   92   92   91   91   90   89   87   86
   85   83   81   80   80   74   85   96   93                                   
    80.0-180.0 180.0   5.0 450.0                            LAT/LON1/LON2/DLON/H
   99   77   70   67   63   62   61   65   66   71   73   79   80   84   85   88
   87   88   86   86   80   79   71   70   63   62   56   56   53   53   52   53
   53   55   55   57   58   60   61   64   65   68   70   74   76   79   81   85
   87   91   94   97   99  102  104  106  108  109  109  109  109  108  105  105
  103  101   97   96   91   84   93  102   99                                   
    77.5-180.0 180.0   5.0 450.0                            LAT/LON1/LON2/DLON/H
  106   79   69   65   58   56   55   58   59   64   67   73   75   80   81   84
   83   83   81   80   74   71   66   63   56   54   48   48   45   46   46   48
   47   50   50   53   53   55   56   59   60   63   64   69   70   75   77   82
   83   89   92   98  102  108  112  116  119  121  121  122  122  120  118  116
  113  110  108  106  102   95  103  105  106                                   
    75.0-180.0 180.0   5.0 450.0                            LAT/LON1/LON2/DLON/H
  108   86   73   66   59   54   52   53   55   58   62   66   72   74   79   78
   80   78   77   72   69   61   57   51   46   42   40   38   39   39   42   42
   45   46   49   49   51   52   54   55   57   58   62   64   67   71   75   78
   82   88   94  102  107  114  121  126  131  134  135  135  135  132  131  129
  126  124  122  119  115  108  114  116  108                                   
    72.5-180.0 180.0   5.0 450.0                            LAT/LON1/LON2/DLON/H
  121   94   84   76   65   59   55   55   54   57   59   64   66   71   73   75
   74   73   70   66   60   55   48   44   38   36   35   35   37   38   41   43
   45   47   48   50   50   51   51   53   54   56   58   62   65   69   73   77
   83   90   98  107  115  125  132  139  145  148  149  150  149  147  142  140
  137  137  135  135  131  126  132  129  121                                   
    70.0-180.0 180.0   5.0 450.0                            LAT/LON1/LON2/DLON/H
  129  109   97   86   74   65   62   57   58   56   60   60   64   64   69   68
   71   67   66   60   56   48   43   37   35   32   34   35   39   40   44   45
   48   48   50   49   50   49   48   49   51   53   56   60   65   70   74   82
   87   95  102  114  122  133  139  147  153  157  157  157  159  154  152  148
  147  145  145  145  144  138  143  140  129                                   
    67.5-180.0 180.0   5.0 450.0                            LAT/LON1/LON2/DLON/H
  140  119  110   98   82   74   67   64   61   60   59   59   59   60   61   62
   62   62   57   55   48   44   37   34   33   33   35   38   42   44   47   48
   49   49   48   48   45   45   43   45   45   49   52   58   61   67   73   80
   87   95  105  118  129  139  148  157  164  167  166  165  163  159  154  151
  148  148  148  151  151  151  154  149  140                                   
    65.0-180.0 180.0   5.0 450.0                            LAT/LON1/LON2/DLON/H
  145  130  118  106   92   80   75   69   69   64   64   59   60   56   58   56
   58   56   55   52   48   42   39   35   36   36   40   43   47   49   51   50
   50   48   46   44   41   40   37   39   41   45   49   56   62   69   75   85
   90  101  109  125  135  149  157  167  174  176  174  170  169  161  156  150
  148  145  148  149  151  150  157  151  145                                   
    62.5-180.0 180.0   5.0 450.0                            LAT/LON1/LON2/DLON/H
  148  134  125  112   95   87   79   77   72   71   67   64   61   58   57   56
   56   55   53   51   45   44   39   39   38   41   43   48   51   52   52   50
   49   45   43   40   37   35   33   35   37   43   48   56   62   71   77   85
   92  102  114  128  142  155  167  176  184  185  181  177  172  166  156  152
  145  143  143  146  146  149  156  151  148                                   
    60.0-180.0 180.0   5.0 450.0                            LAT/LON1/LON2/DLON/H
  149  138  125  115  100   89   84   79   79   73   73   66   65   56   58   54
   57   55   55   52   50   45   42   40   42   43   46   49   53   52   50   45
   43   38   36   33   32   30   28   30   34   40   47   56   65   74   79   88
   93  105  114  133  146  162  173  184  195  194  191  186  183  175  167  158
  153  148  147  145  145  145  154  151  149                                   
    57.5-180.0 180.0   5.0 450.0                            LAT/LON1/LON2/DLON/H
  150  140  131  118  100   92   85   83   79   78   73   71   66   61   59   57
   59   56   57   54   50   48   41   42   41   47   47   52   52   51   46   41
   38   34   32   31   30   29   28   31   35   42   49   60   67   76   82   88
   94  105  118  136  153  169  185  196  205  206  203  200  196  192  182  176
  166  160  154  152  149  150  157  153  150                                   
    55.0-180.0 180.0   5.0 450.0                            LAT/LON1/LON2/DLON/H
  157  151  138  127  108   97   89   84   83   77   76   70   69   60   62   56
   61   56   61   55   55   48   46   42   45   46   50   51   51   49   43   38
   35   31   32   30   32   31   31   32   38   43   53   62   71   80   84   92
   96  110  121  142  160  178  196  205  219  218  220  216  216  211  205  197
  187  178  172  167  163  160  166  163  157                                   
    52.5-180.0 180.0   5.0 450.0                            LAT/LON1/LON2/DLON/H
  170  162  157  140  119  106   95   89   83   80   75   72   68   64   63   61
   62   60   61   57   56   50   47   45   45   49   49   54   51   50   42   38
   35   34   36   38   39   41   40   42   45   51   59   69   77   85   90   96
  103  116  131  151  173  192  209  221  231  236  236  237  235  234  226  221
  209  203  192  187  182  179  183  178  170                                   
    50.0-180.0 180.0   5.0 450.0                            LAT/LON1/LON2/DLON/H
  190  185  176  164  139  123  108   98   90   82   78   71   70   62   64   58
   62   57   61   56   59   51   53   48   52   52   56   56   55   53   46   42
   41   40   45   47   51   51   50   50   53   57   66   75   84   93   99  107
  114  129  144  168  189  207  224  232  244  249  252  255  256  256  249  243
  233  224  214  207  203  197  201  195  190                                   
    47.5-180.0 180.0   5.0 450.0                            LAT/LON1/LON2/DLON/H
  207  202  198  185  163  144  123  109   97   88   80   74   68   66   63   62
   59   59   58   57   58   56   56   55   57   60   60   63   59   58   50   48
   46   49   54   59   62   63   61   61   61   67   74   84   94  104  112  122
  131  146  164  186  205  222  235  246  254  261  262  269  269  271  265  259
  246  238  228  223  218  214  217  211  207                                   
    45.0-180.0 180.0   5.0 450.0                            LAT/LON1/LON2/DLON/H
  222  217  211  203  185  168  147  127  111   97   87   76   73   66   66   59
   60   54   58   56   63   61   67   65   69   68   71   70   69   65   59   55
   56   57   65   69   73   73   71   69   69   74   82   92  107  118  130  141
  153  170  189  207  226  238  251  258  265  270  272  278  278  279  272  264
  252  242  233  228  226  221  225  219  222                                   
    42.5-180.0 180.0   5.0 450.0                            LAT/LON1/LON2/DLON/H
  229  223  222  216  200  186  167  145  124  109   94   85   78   74   69   66
   61   60   60   64   69   73   77   79   80   81   78   79   73   71   64   62
   60   63   68   74   77   79   76   75   75   81   89  103  120  136  151  164
  177  196  211  228  241  254  264  270  274  278  278  283  283  283  274  264
  248  239  230  228  227  226  228  222  229                                   
    40.0-180.0 180.0   5.0 450.0                            LAT/LON1/LON2/DLON/H
  228  223  217  216  207  196  181  161  140  120  106   92   88   78   78   69
   69   63   69   72   83   86   92   92   92   87   85   81   79   74   69   67
   67   67   72   77   79   83   79   79   81   87   98  115  137  155  173  186
  202  216  232  245  260  269  278  282  286  288  287  292  290  289  277  265
  248  238  231  230  228  225  229  218  228                                   
    37.5-180.0 180.0   5.0 450.0                            LAT/LON1/LON2/DLON/H
  220  213  211  209  200  197  185  170  148  130  113  104   97   91   87   83
   79   79   81   89   96  102  103  102   98   94   86   82   76   73   67   64
   65   64   70   75   80   83   82   83   86   93  109  129  153  173  190  205
  219  234  246  261  272  283  290  296  298  302  302  307  306  303  290  274
  257  246  238  237  234  230  230  218  220                                   
    35.0-180.0 180.0   5.0 450.0                            LAT/LON1/LON2/DLON/H
  218  209  196  194  189  186  179  167  151  134  122  109  107   97   99   90
   94   89   98  102  110  112  112  108  101   93   86   79   74   70   65   62
   63   63   66   72   76   81   81   86   91  101  120  142  168  185  204  217
  233  245  261  273  287  295  306  313  320  324  328  334  335  332  319  302
  281  271  261  259  252  244  241  226  218                                   
    32.5-180.0 180.0   5.0 450.0                            LAT/LON1/LON2/DLON/H
  228  211  193  184  173  173  164  158  143  132  120  114  110  107  107  105
  106  108  112  117  120  120  114  108  100   92   84   77   72   68   65   61
   63   61   67   72   77   83   84   91   98  110  129  153  177  195  212  226
  241  255  270  284  300  313  325  337  345  352  357  364  369  370  361  348
  330  316  306  299  290  274  261  248  228                                   
    30.0-180.0 180.0   5.0 450.0                            LAT/LON1/LON2/DLON/H
  256  230  202  185  170  162  154  145  135  125  119  112  113  106  112  107
  114  113  120  122  125  121  112  105   97   91   84   79   73   70   65   64
   64   65   71   75   80   84   89   95  104  113  136  157  183  199  220  232
  252  263  281  294  313  330  349  361  374  385  395  407  414  421  420  410
  399  387  376  364  350  325  305  284  256                                   
    27.5-180.0 180.0   5.0 450.0                            LAT/LON1/LON2/DLON/H
  312  263  231  204  179  165  148  138  125  119  111  109  107  107  109  111
  115  119  123  125  122  115  104   98   95   92   91   88   85   79   76   72
   74   73   78   81   85   90   92   99  106  117  137  160  181  200  218  231
  248  261  279  294  314  335  360  377  396  414  431  447  460  474  477  480
  472  468  459  447  431  407  360  343  312                                   
    25.0-180.0 180.0   5.0 450.0                            LAT/LON1/LON2/DLON/H
  378  319  273  237  205  182  160  144  131  120  114  107  108  102  106  104
  112  112  117  115  111  104   97   97  100  104  105  106  100   98   91   91
   90   92   92   92   92   94   97  102  109  121  137  161  183  199  219  228
  251  263  288  307  332  354  383  401  422  441  461  481  505  523  536  545
  547  547  543  531  516  491  444  412  378                                   
    22.5-180.0 180.0   5.0 450.0                            LAT/LON1/LON2/DLON/H
  456  402  343  286  248  220  189  166  145  133  120  114  108  104  102  102
  104  106  106  103   99   94   93  102  113  123  131  131  126  119  112  108
  106  107  102  100   95   98   97  100  105  117  132  155  179  197  216  228
  250  267  296  319  350  375  411  432  457  476  494  514  537  562  578  595
  601  611  609  604  592  574  528  489  456                                   
    20.0-180.0 180.0   5.0 450.0                            LAT/LON1/LON2/DLON/H
  535  485  422  362  310  265  231  203  178  157  144  130  125  113  109  101
  101   97   98   94   93   94  102  117  139  161  169  172  160  149  138  133
  128  123  115  108   97   99   94  100  104  118  131  156  180  202  221  238
  264  285  316  342  378  408  442  465  486  505  525  546  574  594  614  631
  643  653  659  657  655  642  614  564  535                                   
    17.5-180.0 180.0   5.0 450.0                            LAT/LON1/LON2/DLON/H
  601  547  488  431  382  339  291  255  226  203  182  165  150  137  122  113
  104  100   95   94   94  102  118  144  177  207  219  221  200  183  162  150
  141  131  121  114   98   99   91   93   95  108  124  150  181  205  228  249
  279  299  333  359  402  434  469  488  509  529  547  568  590  611  628  650
  658  671  676  682  687  688  664  615  601                                   
    15.0-180.0 180.0   5.0 450.0                            LAT/LON1/LON2/DLON/H
  642  599  544  491  444  403  358  320  283  256  234  215  193  173  153  137
  125  115  111  108  112  125  150  185  224  258  271  265  241  212  187  166
  153  140  128  120  100  102   87   93   89  104  122  151  185  214  240  264
  293  316  351  382  426  459  484  505  521  543  558  580  598  617  635  654
  662  670  678  685  696  703  697  646  642                                   
    12.5-180.0 180.0   5.0 450.0                            LAT/LON1/LON2/DLON/H
  659  627  580  540  497  459  417  381  344  316  290  271  245  223  196  177
  159  149  138  137  143  164  194  234  273  305  309  300  266  233  200  173
  155  141  129  120  104   99   88   84   86   97  118  149  187  218  247  271
  301  325  361  395  438  469  491  509  523  547  561  579  593  612  625  642
  644  654  656  669  682  694  693  650  659                                   
    10.0-180.0 180.0   5.0 450.0                            LAT/LON1/LON2/DLON/H
  658  638  604  574  542  512  474  444  406  387  359  336  308  281  246  223
  202  187  178  178  189  209  242  282  315  331  330  308  275  235  204  176
  157  142  129  123  106  104   88   90   84   96  117  150  188  219  250  274
  304  330  367  405  444  471  490  509  520  547  558  579  591  610  621  635
  635  641  644  656  669  675  684  646  658                                   
     7.5-180.0 180.0   5.0 450.0                            LAT/LON1/LON2/DLON/H
  645  640  621  603  578  558  522  495  459  436  412  394  364  331  298  276
  250  238  226  229  237  262  291  326  342  349  331  305  269  231  200  175
