data/unet/pred0960.15i
     1.0            IONOSPHERE MAPS     GNSS                IONEX VERSION / TYPE
pyspatialgeodesy        IME             05-JAN-18 20:20     PGM / RUN BY / DATE 
Map Name                                                    COMMENT             
Predicted global ionosphere maps (GIM).                     DESCRIPTION         
  2015     4     6     0     0     0                        EPOCH OF FIRST MAP  
  2015     4     7     0     0     0                        EPOCH OF LAST MAP   
  7200                                                      INTERVAL            
    13                                                      # OF MAPS IN FILE   
  NONE                                                      MAPPING FUNCTION    
10.0                                                        ELEVATION CUTOFF    
One-way carrier phase leveled to code                       OBSERVABLES USED    
  6371.0                                                    BASE RADIUS         
 2                                                          MAP DIMENSION       
   450.0 450.0   0.0                                        HGT1 / HGT2 / DHGT  
    87.5 -87.5  -2.5                                        LAT1 / LAT2 / DLAT  
  -180.0 180.0   5.0                                        LON1 / LON2 / DLON  
    -1                                                      EXPONENT            
                                                            END OF HEADER       
[from data line 429]
     2                                                      START OF TEC MAP    
  2015     4     6     2     0     0                        EPOCH OF CURRENT MAP
    87.5-180.0 180.0   5.0 450.0                            LAT/LON1/LON2/DLON/H
  197  205  205  208  208  209  209  211  210  212  209  209  205  205  201  200
  196  196  192  190  188  186  183  180  178  176  173  170  169  166  165  162
  163  161  161  159  161  159  162  161  166  164  168  167  172  172  174  174
  177  177  178  178  179  179  179  178  180  178  178  177  179  178  179  178
  182  181  183  182  184  181  179  189  197                                   
    85.0-180.0 180.0   5.0 450.0                            LAT/LON1/LON2/DLON/H
  200  206  206  213  215  215  217  218  219  219  220  217  216  213  211  205
  203  197  196  189  188  182  180  173  172  166  164  158  157  152  151  148
  149  147  147  147  149  150  152  154  157  159  162  163  166  168  169  170
  172  173  174  174  174  175  175  175  176  176  175  175  177  177  177  176
  181  180  182  182  187  182  187  189  200                                   
    82.5-180.0 180.0   5.0 450.0                            LAT/LON1/LON2/DLON/H
  207  209  218  222  226  225  230  230  235  234  237  233  235  229  228  220
  218  209  206  197  193  184  179  170  166  158  153  145  142  136  135  131
  133  132  136  137  142  145  150  154  160  163  167  169  173  173  176  175
  177  176  177  176  177  176  177  177  179  178  179  179  183  181  183  183
  189  188  191  192  198  192  195  192  207                                   
    80.0-180.0 180.0   5.0 450.0                            LAT/LON1/LON2/DLON/H
  214  216  225  231  235  236  241  244  248  249  252  250  249  244  240  233
  227  218  212  202  195  184  178  165  161  148  144  132  130  122  121  116
  119  118  124  125  134  136  146  149  160  162  170  171  176  174  178  176
  177  175  176  175  175  175  176  177  179  180  182  183  187  187  190  191
  196  198  201  203  206  204  204  205  214                                   
    77.5-180.0 180.0   5.0 450.0                            LAT/LON1/LON2/DLON/H
  216  222  229  237  238  243  246  253  255  261  262  265  261  259  250  245
  234  227  217  209  198  189  178  168  158  148  138  129  123  116  113  110
  111  111  116  120  127  133  143  149  158  163  171  174  178  177  179  177
  177  174  175  173  175  174  179  179  184  184  189  190  196  196  201  202
  209  209  215  215  218  216  218  216  216                                   
    75.0-180.0 180.0   5.0 450.0                            LAT/LON1/LON2/DLON/H
  224  228  235  241  242  246  250  256  261  268  271  272  270  265  257  247
  235  225  214  203  195  182  176  162  156  143  136  125  118  110  106  103
  103  105  110  115  122  129  138  145  153  158  165  168  172  171  174  171
  172  170  172  172  174  175  180  182  187  188  194  195  202  203  209  211
  217  219  223  225  226  226  230  228  224                                   
    72.5-180.0 180.0   5.0 450.0                            LAT/LON1/LON2/DLON/H
  230  233  239  241  241  242  245  252  259  268  271  275  271  269  255  246
  231  220  206  198  188  181  173  165  157  148  139  129  120  112  106  102
  101  101  106  110  116  122  128  135  142  148  152  156  159  160  163  163
  164  166  170  173  179  183  190  193  199  200  205  206  212  212  216  218
  223  224  229  230  232  236  241  240  230                                   
    70.0-180.0 180.0   5.0 450.0                            LAT/LON1/LON2/DLON/H
  240  239  243  248  243  244  245  254  259  270  273  277  272  264  251  236
  222  206  194  184  180  172  172  163  161  150  144  132  124  113  107  100
   98   97  101  104  110  115  120  124  129  132  136  138  140  141  144  146
  150  156  163  173  181  189  197  202  208  210  213  215  219  219  223  223
  228  228  235  236  239  241  247  247  240                                   
    67.5-180.0 180.0   5.0 450.0                            LAT/LON1/LON2/DLON/H
  249  244  248  245  241  237  242  246  257  264  270  272  265  259  239  227
  205  193  177  174  168  170  168  167  164  157  149  138  128  118  109  101
   95   93   93   94   95   99  101  105  106  110  110  113  114  118  124  130
  137  148  159  174  186  197  206  213  218  221  223  225  227  227  228  229
  231  232  235  237  241  248  252  251  249                                   
    65.0-180.0 180.0   5.0 450.0                            LAT/LON1/LON2/DLON/H
  257  249  251  248  241  239  240  249  256  267  268  271  259  251  231  213
  194  178  169  163  165  163  168  164  165  155  150  138  130  117  107   99
   92   88   88   87   89   90   92   92   95   94   94   95   97  100  107  115
  128  143  161  178  195  208  220  226  233  234  237  237  238  236  237  235
  237  236  240  239  245  247  253  255  257                                   
    62.5-180.0 180.0   5.0 450.0                            LAT/LON1/LON2/DLON/H
  264  253  251  245  239  234  238  241  256  261  269  266  259  246  226  207
  185  174  162  163  161  166  165  166  162  155  147  137  127  117  107   99
   89   85   81   79   78   79   77   79   77   78   76   79   79   87   95  108
  122  143  163  186  205  222  234  244  248  251  251  252  250  249  247  245
  242  241  241  242  248  251  256  256  264                                   
    60.0-180.0 180.0   5.0 450.0                            LAT/LON1/LON2/DLON/H
  272  258  256  247  237  232  233  239  248  258  262  263  252  242  223  208
  189  178  169  165  167  164  165  160  157  147  141  130  123  112  104   95
   88   82   79   75   76   75   76   74   75   74   73   73   74   80   91  105
  126  148  175  198  220  237  252  260  268  269  270  270  269  268  265  261
  256  252  250  249  253  252  259  262  272                                   
    57.5-180.0 180.0   5.0 450.0                            LAT/LON1/LON2/DLON/H
  279  267  260  250  239  232  233  236  247  252  262  258  255  243  229  215
  202  190  180  178  174  172  167  161  153  145  136  128  120  113  104   97
   90   84   82   78   77   77   76   77   76   75   72   73   74   82   92  109
  128  155  180  207  228  249  262  275  282  287  290  292  295  291  290  284
  279  272  268  265  267  265  268  271  279                                   
    55.0-180.0 180.0   5.0 450.0                            LAT/LON1/LON2/DLON/H
  297  283  277  264  254  242  240  239  246  249  254  253  248  241  231  223
  214  207  197  191  185  176  169  158  151  140  134  127  122  114  107   99
   94   89   87   83   85   84   86   86   87   85   83   82   83   90  101  117
  138  163  190  214  237  255  272  282  295  301  307  313  318  319  317  314
  305  301  292  289  290  287  289  297  297                                   
    52.5-180.0 180.0   5.0 450.0                            LAT/LON1/LON2/DLON/H
  314  306  298  289  276  263  258  252  255  253  255  253  252  245  240  234
  229  221  213  205  195  183  171  162  153  146  140  136  129  124  115  109
  103   97   97   94   97   98   98   99   98   97   94   93   94  101  111  127
  144  169  193  220  242  263  279  291  305  314  325  332  342  342  346  343
  339  333  328  324  324  320  317  321  314                                   
    50.0-180.0 180.0   5.0 450.0                            LAT/LON1/LON2/DLON/H
  339  334  333  325  313  296  284  273  267  259  255  251  250  246  243  239
  235  231  222  214  203  191  178  167  161  154  150  146  142  135  126  118
  113  108  108  106  110  110  113  113  114  113  111  108  109  113  124  137
  155  177  202  227  250  268  284  298  313  325  337  349  358  362  366  368
  366  364  360  358  360  353  349  353  339                                   
    47.5-180.0 180.0   5.0 450.0                            LAT/LON1/LON2/DLON/H
  357  357  357  356  349  333  318  300  287  273  264  257  256  252  251  246
  242  233  226  216  208  196  186  177  171  168  164  161  155  148  138  129
  122  116  117  116  120  122  124  125  125  124  122  119  120  125  134  147
  163  184  208  234  258  277  295  312  329  343  355  365  374  377  383  386
  386  388  386  387  388  383  375  373  357                                   
    45.0-180.0 180.0   5.0 450.0                            LAT/LON1/LON2/DLON/H
  374  377  379  384  382  370  354  335  314  290  274  262  259  255  253  247
  241  232  223  215  210  205  199  195  190  184  180  172  165  155  143  133
  125  120  119  121  123  127  128  131  131  131  129  128  130  132  143  154
  171  192  216  243  265  286  303  326  343  359  371  382  388  392  395  400
  402  406  408  413  415  410  400  394  374                                   
    42.5-180.0 180.0   5.0 450.0                            LAT/LON1/LON2/DLON/H
  386  385  388  394  398  390  381  363  340  313  290  275  270  263  259  248
  241  228  221  215  216  214  215  213  211  202  196  182  171  156  143  130
  121  115  117  115  121  120  126  125  132  128  130  127  132  135  147  157
  175  193  221  247  273  293  316  337  357  372  385  395  401  405  409  413
  412  415  418  426  433  428  416  406  386                                   
    40.0-180.0 180.0   5.0 450.0                            LAT/LON1/LON2/DLON/H
  406  403  401  407  410  407  400  387  367  339  312  290  283  270  263  248
  239  225  219  215  222  225  230  228  224  213  201  186  169  154  140  132
  122  124  118  126  120  132  126  136  131  136  132  133  136  141  151  162
  179  199  225  251  276  301  321  347  364  383  396  409  418  423  429  432
  433  435  438  446  453  451  437  422  406                                   
    37.5-180.0 180.0   5.0 450.0                            LAT/LON1/LON2/DLON/H
  422  416  413  414  417  413  409  397  384  357  333  313  301  288  274  255
  244  228  226  224  235  238  243  235  230  211  200  178  163  145  136  129
  121  121  122  121  128  129  138  133  140  134  139  135  142  146  156  167
  182  201  226  251  278  300  324  344  366  382  399  417  432  444  454  460
  460  462  463  469  475  470  454  437  422                                   
    35.0-180.0 180.0   5.0 450.0                            LAT/LON1/LON2/DLON/H
  451  448  437  432  431  425  418  409  396  376  355  334  321  306  287  265
  250  235  234  236  248  252  254  242  228  210  195  177  161  155  145  151
  142  154  143  152  142  155  146  151  143  148  143  149  150  156  164  176
  192  209  234  256  283  306  326  346  364  385  403  431  457  478  496  507
  509  511  511  512  514  507  492  465  451                                   
    32.5-180.0 180.0   5.0 450.0                            LAT/LON1/LON2/DLON/H
  482  482  469  456  449  435  427  413  404  386  370  352  340  322  302  279
  263  249  250  253  264  261  260  242  229  207  196  181  172  169  162  174
  169  181  174  175  175  173  177  166  171  162  164  158  159  160  165  177
  190  211  233  260  286  306  326  343  363  382  402  436  471  506  529  557
  562  572  569  573  568  554  533  504  482                                   
    30.0-180.0 180.0   5.0 450.0                            LAT/LON1/LON2/DLON/H
  536  535  521  501  484  466  450  434  419  401  383  368  354  338  314  293
  273  262  262  265  273  266  260  242  229  213  208  200  196  202  201  216
  219  223  215  213  203  207  195  197  184  189  179  180  168  167  165  179
  195  221  240  266  287  314  332  349  368  390  411  450  495  548  588  629
  645  657  655  658  652  633  607  574  536                                   
    27.5-180.0 180.0   5.0 450.0                            LAT/LON1/LON2/DLON/H
  600  606  591  562  536  505  486  461  446  420  405  386  372  350  328  306
  289  277  276  272  275  262  256  243  238  234  237  244  240  255  253  271
  265  272  255  254  232  227  216  211  203  198  185  183  168  164  158  163
  177  203  230  254  283  306  330  348  368  387  412  459  509  578  631  690
  713  728  729  735  738  715  687  655  600                                   
    25.0-180.0 180.0   5.0 450.0                            LAT/LON1/LON2/DLON/H
  683  711  694  664  627  588  554  518  490  458  434  412  393  370  346  324
  304  291  283  276  271  261  261  256  263  269  283  290  300  306  317  317
  317  309  300  277  265  242  236  225  217  213  204  197  185  172  163  159
  171  190  215  245  274  307  334  356  382  401  428  479  539  617  679  734
  772  788  797  804  810  784  775  749  683                                   
    22.5-180.0 180.0   5.0 450.0                            LAT/LON1/LON2/DLON/H
  762  816  803  773  737  691  648  601  558  513  476  444  421  396  373  349
  328  308  298  278  275  266  276  289  310  333  351  364  374  387  383  384
  368  356  333  307  282  255  241  225  216  207  201  197  188  172  158  153
  163  183  211  245  282  315  345  381  407  432  456  502  559  639  702  748
  785  811  830  842  856  834  837  818  762                                   
    20.0-180.0 180.0   5.0 450.0                            LAT/LON1/LON2/DLON/H
  838  882  880  872  840  808  765  708  657  591  541  497  464  436  409  386
  358  335  311  294  286  289  306  338  368  398  416  428  431  435  425  408
  394  362  348  311  290  260  243  230  213  202  196  191  185  166  155  147
  162  178  210  247  291  322  363  395  439  465  498  542  595  664  712  759
  793  818  843  857  877  851  869  880  838                                   
    17.5-180.0 180.0   5.0 450.0                            LAT/LON1/LON2/DLON/H
  885  931  937  938  918  883  850  804  759  690  623  565  517  481  446  421
  395  368  344  316  314  326  358  404  443  474  485  493  479  472  436  421
  389  363  339  306  285  259  243  226  210  197  191  187  173  153  138  135
  147  176  216  258  299  339  381  423  461  503  534  587  623  678  716  761
  787  817  843  865  885  868  878  908  885                                   
    15.0-180.0 180.0   5.0 450.0                            LAT/LON1/LON2/DLON/H
  908  950  965  971  964  932  912  872  831  770  711  642  583  536  496  468
  439  420  388  368  358  387  425  478  506  532  524  515  480  450  410  382
  361  331  307  279  257  239  222  211  192  182  174  166  154  138  127  126
  144  181  220  269  305  344  390  428  478  519  568  607  645  681  708  746
  761  797  821  853  879  851  881  913  908                                   
    12.5-180.0 180.0   5.0 450.0                            LAT/LON1/LON2/DLON/H
  906  949  964  979  983  965  946  915  880  820  769  709  650  599  550  524
  493  476  451  435  430  463  502  545  564  568  537  501  453  407  370  347
  325  296  274  252  236  224  212  204  187  176  167  155  144  125  119  119
  143  181  230  273  310  356  403  445  488  541  576  620  648  687  707  732
  740  765  785  826  855  843  867  902  906                                   
    10.0-180.0 180.0   5.0 450.0                            LAT/LON1/LON2/DLON/H
  891  919  940  954  968  966  951  936  905  857  803  748  701  650  600  571
  542  529  510  499  498  529  558  583  583  559  501  449  393  351  325  305
  288  264  241  231  212  205  193  186  168  164  158  152  140  129  117  124
  142  188  233  277  317  367  412  452  499  543  589  624  658  693  710  725
  728  749  758  800  825  821  848  881  891                                   
     7.5-180.0 180.0   5.0 450.0                            LAT/LON1/LON2/DLON/H
  869  896  908  918  931  930  922  910  892  857  817  765  724  678  633  603
  577  571  559  562  560  590  596  602  574  511  446  386  342  315  301  290
