data/unet/pred2110.15i
     1.0            IONOSPHERE MAPS     GNSS                IONEX VERSION / TYPE
pyspatialgeodesy        IME             05-JAN-18 20:20     PGM / RUN BY / DATE 
Map Name                                                    COMMENT             
Predicted global ionosphere maps (GIM).                     DESCRIPTION         
  2015     7    30     0     0     0                        EPOCH OF FIRST MAP  
  2015     7    31     0     0     0                        EPOCH OF LAST MAP   
  7200                                                      INTERVAL            
    13                                                      # OF MAPS IN FILE   
  NONE                                                      MAPPING FUNCTION    
10.0                                                        ELEVATION CUTOFF    
One-way carrier phase leveled to code                       OBSERVABLES USED    
  6371.0                                                    BASE RADIUS         
 2                                                          MAP DIMENSION       
   450.0 450.0   0.0                                        HGT1 / HGT2 / DHGT  
    87.5 -87.5  -2.5                                        LAT1 / LAT2 / DLAT  
  -180.0 180.0   5.0                                        LON1 / LON2 / DLON  
    -1                                                      EXPONENT            
                                                            END OF HEADER       
[from data line 5148]
    13                                                      START OF TEC MAP    
  2015     7    31     0     0     0                        EPOCH OF CURRENT MAP
    87.5-180.0 180.0   5.0 450.0                            LAT/LON1/LON2/DLON/H
  161  126  122  118  116  111  112  109  111  108  109  106  109  107  109  107
  110  108  110  109  111  109  110  108  110  108  109  106  108  105  106  102
  104  101  102   99  101   98   99   95   98   95   97   94   97   95   97   95
   98   96   99   98  101  100  103  102  106  105  108  107  111  110  112  112
  115  115  117  117  123  123  126  157  161                                   
    85.0-180.0 180.0   5.0 450.0                            LAT/LON1/LON2/DLON/H
  134  130  129  125  122  116  116  112  114  110  111  108  111  109  110  109
  112  111  113  111  113  111  111  109  110  107  107  104  104  101  101   97
   98   95   95   91   92   89   89   85   87   85   86   84   86   85   86   86
   88   89   91   92   95   97   99  100  103  104  107  107  111  112  114  114
  118  118  121  122  127  123  122  126  134                                   
    82.5-180.0 180.0   5.0 450.0                            LAT/LON1/LON2/DLON/H
  136  136  136  133  130  124  125  121  123  119  120  117  119  117  118  116
  119  117  119  116  118  115  116  111  113  108  109  104  106  100  102   96
   99   93   95   90   92   87   89   84   87   83   86   83   87   84   88   86
   91   90   94   93   99   98  103  102  108  107  112  111  117  115  120  118
  124  122  128  126  134  128  130  128  136                                   
    80.0-180.0 180.0   5.0 450.0                            LAT/LON1/LON2/DLON/H
  140  145  143  142  138  136  135  135  134  133  131  130  129  128  127  126
  127  126  126  125  125  123  122  119  119  115  114  111  111  107  107  104
  105  102  102  100  100   97   97   95   96   93   94   93   95   94   97   96
  100   99  103  103  108  108  111  112  116  116  120  120  124  124  127  127
  130  130  134  134  139  136  136  135  140                                   
    77.5-180.0 180.0   5.0 450.0                            LAT/LON1/LON2/DLON/H
  149  149  146  145  142  141  141  141  141  140  138  137  135  133  132  131
  130  130  129  129  128  126  125  123  121  118  116  113  112  110  109  108
  108  107  107  105  106  103  103  100  101   98  100   98  100  100  103  104
  107  107  110  112  114  116  118  120  123  125  128  130  132  133  134  135
  136  137  138  139  141  139  139  135  149                                   
    75.0-180.0 180.0   5.0 450.0                            LAT/LON1/LON2/DLON/H
  150  150  146  145  144  142  144  143  144  142  143  138  138  133  134  130
  132  129  131  128  130  127  128  125  124  120  118  115  114  112  113  112
  113  112  113  111  111  109  109  106  105  103  105  104  107  107  111  112
  117  117  121  122  125  126  129  130  133  134  137  138  140  140  141  140
  140  140  140  140  142  139  137  134  150                                   
    72.5-180.0 180.0   5.0 450.0                            LAT/LON1/LON2/DLON/H
  151  148  144  142  140  139  141  141  143  142  143  140  138  135  133  130
  130  128  129  129  129  128  128  126  124  120  117  114  112  111  111  111
  113  113  114  113  113  110  109  106  105  103  104  104  108  110  114  117
  122  124  127  128  130  131  133  134  136  138  139  141  142  142  141  140
  139  137  137  137  139  137  136  134  151                                   
    70.0-180.0 180.0   5.0 450.0                            LAT/LON1/LON2/DLON/H
  147  144  140  140  139  139  142  144  146  147  148  145  143  139  137  133
  133  130  132  131  132  132  132  129  127  122  119  115  113  111  112  112
  114  115  116  115  114  110  108  105  103  101  103  104  108  112  118  122
  127  131  133  135  136  137  137  138  140  141  142  144  144  144  142  141
  139  137  137  136  137  134  134  132  147                                   
    67.5-180.0 180.0   5.0 450.0                            LAT/LON1/LON2/DLON/H
  149  144  139  138  136  137  140  143  147  149  150  149  147  144  141  137
  136  134  135  134  136  135  135  132  130  125  120  115  112  110  110  110
  113  113  114  112  111  107  103   99   97   95   96   98  103  109  116  122
  127  131  133  135  135  135  135  135  137  139  140  142  143  143  141  139
  137  135  134  134  136  134  134  132  149                                   
    65.0-180.0 180.0   5.0 450.0                            LAT/LON1/LON2/DLON/H
  151  146  142  140  138  139  142  146  150  153  156  156  155  151  149  144
  143  140  141  141  142  142  142  140  136  131  125  119  115  112  112  112
  114  114  114  111  108  103   99   93   90   88   90   92   98  105  112  119
  126  129  132  132  133  132  132  132  135  137  140  142  144  143  141  138
  136  134  134  133  135  133  135  134  151                                   
    62.5-180.0 180.0   5.0 450.0                            LAT/LON1/LON2/DLON/H
  162  155  148  144  140  140  142  146  150  154  158  159  159  158  155  151
  149  147  146  146  148  148  149  147  143  138  131  125  119  115  114  114
  114  113  112  108  105   98   92   86   83   80   82   84   91   97  106  112
  119  122  125  125  126  125  126  127  131  134  138  141  143  142  140  137
  135  132  134  134  137  136  140  138  162                                   
    60.0-180.0 180.0   5.0 450.0                            LAT/LON1/LON2/DLON/H
  171  164  158  154  149  147  148  150  154  157  161  164  164  164  161  158
  157  155  154  155  155  157  157  156  152  148  139  133  127  123  120  119
  118  115  113  108  103   97   90   83   80   77   79   81   87   93  101  107
  113  116  119  120  121  120  122  124  130  134  139  142  145  144  142  139
  138  136  138  139  142  141  146  145  171                                   
    57.5-180.0 180.0   5.0 450.0                            LAT/LON1/LON2/DLON/H
  186  179  172  168  161  158  156  157  158  161  163  166  167  169  167  165
  164  162  162  162  163  165  165  165  161  157  149  143  136  132  128  125
  122  119  114  109  103   97   90   84   81   78   79   81   86   90   97  101
  107  110  113  115  117  118  121  125  130  136  141  144  146  146  144  142
  141  141  144  147  151  152  155  154  186                                   
    55.0-180.0 180.0   5.0 450.0                            LAT/LON1/LON2/DLON/H
  197  190  189  184  178  174  170  167  166  166  168  170  172  173  172  172
  170  170  169  171  171  174  173  174  169  167  160  155  147  143  138  134
  129  124  119  113  107  102   96   91   88   86   87   87   89   91   96   99
  104  106  111  113  117  120  125  129  137  141  147  149  151  150  149  147
  148  148  153  156  160  160  164  164  197                                   
    52.5-180.0 180.0   5.0 450.0                            LAT/LON1/LON2/DLON/H
  207  203  203  201  196  192  187  182  177  176  174  176  175  177  176  177
  176  178  178  179  179  181  181  181  178  176  170  165  159  153  147  141
  134  129  122  117  111  107  103  100   98   97   96   95   95   95   97   98
  103  106  112  116  122  127  133  139  145  150  154  156  156  156  154  154
  154  156  161  165  170  170  173  173  207                                   
    50.0-180.0 180.0   5.0 450.0                            LAT/LON1/LON2/DLON/H
  215  212  217  217  215  212  207  201  195  190  187  185  183  183  183  184
  184  186  187  189  188  190  188  189  185  184  179  175  168  163  155  147
  140  133  127  122  118  115  114  112  111  110  108  105  103  100  102  101
  106  109  116  121  129  135  143  149  156  159  162  162  164  162  162  162
  164  166  171  176  181  179  181  181  215                                   
    47.5-180.0 180.0   5.0 450.0                            LAT/LON1/LON2/DLON/H
  222  219  227  232  233  232  228  222  215  209  204  200  196  194  193  193
  194  196  197  199  198  199  198  198  194  192  187  182  175  168  160  151
  142  135  130  126  123  122  122  121  121  119  117  113  110  106  107  106
  110  113  121  128  136  144  152  159  165  168  171  170  171  170  170  170
  173  176  181  186  190  188  188  188  222                                   
    45.0-180.0 180.0   5.0 450.0                            LAT/LON1/LON2/DLON/H
  228  226  237  244  248  251  250  247  241  234  228  221  214  210  207  206
  206  208  209  211  210  210  209  207  204  200  194  188  180  171  161  152
  143  137  133  130  130  130  130  130  129  127  124  120  116  112  112  111
  114  118  125  132  142  149  159  165  173  176  178  178  179  178  179  181
  184  189  194  197  201  198  196  195  228                                   
    42.5-180.0 180.0   5.0 450.0                            LAT/LON1/LON2/DLON/H
  235  231  244  253  261  267  270  269  266  261  254  245  237  231  227  225
  224  225  226  226  226  223  221  218  214  209  202  194  184  173  163  152
  145  139  137  136  136  136  136  134  133  130  129  123  121  117  117  115
  118  121  129  135  145  153  163  170  178  181  184  184  186  185  188  190
  195  199  205  208  211  207  205  206  235                                   
    40.0-180.0 180.0   5.0 450.0                            LAT/LON1/LON2/DLON/H
  246  240  254  264  273  283  289  292  294  290  285  275  266  258  250  248
  244  245  244  244  241  239  234  231  225  219  210  200  187  175  163  153
  146  142  141  141  142  140  140  137  136  133  131  126  124  121  120  119
  122  123  130  135  145  152  164  171  182  185  190  190  194  194  198  201
  207  212  217  220  223  219  216  220  246                                   
    37.5-180.0 180.0   5.0 450.0                            LAT/LON1/LON2/DLON/H
  262  253  266  276  286  296  305  312  315  316  312  305  295  286  278  272
  269  267  265  261  257  252  247  242  236  228  219  206  193  178  166  157
  151  148  148  147  147  144  142  137  135  131  132  127  127  123  123  121
  124  124  129  132  141  150  163  173  185  191  195  198  201  204  209  213
  219  225  231  234  237  234  232  238  262                                   
    35.0-180.0 180.0   5.0 450.0                            LAT/LON1/LON2/DLON/H
  285  276  287  294  302  312  323  331  339  341  340  334  325  316  305  298
  293  290  285  280  272  266  258  252  245  237  226  213  198  183  170  160
  155  152  152  151  149  145  141  137  135  133  133  130  129  125  124  122
  124  123  125  127  136  144  159  172  188  194  201  205  211  214  219  225
  231  238  244  249  254  254  254  263  285                                   
    32.5-180.0 180.0   5.0 450.0                            LAT/LON1/LON2/DLON/H
  311  304  313  317  323  332  341  350  357  360  359  355  347  340  330  323
  316  311  305  296  288  277  269  260  253  244  234  220  205  189  175  165
  160  157  157  154  151  145  140  136  136  134  136  133  132  127  127  123
  123  120  121  121  128  138  154  170  187  198  207  213  221  225  232  237
  244  250  259  266  273  277  278  288  311                                   
    30.0-180.0 180.0   5.0 450.0                            LAT/LON1/LON2/DLON/H
  338  337  349  350  353  360  368  376  380  384  382  378  371  365  356  349
  340  333  325  314  302  291  279  270  260  252  241  229  212  196  180  169
  161  157  156  152  148  141  137  133  136  135  138  135  133  126  123  118
  118  114  114  112  120  129  147  164  184  198  208  219  228  234  240  245
  250  258  268  281  293  301  308  317  338                                   
    27.5-180.0 180.0   5.0 450.0                            LAT/LON1/LON2/DLON/H
  359  370  380  384  386  392  396  401  403  405  402  398  390  385  377  370
  361  353  343  329  316  302  290  277  267  257  247  235  218  200  182  168
  159  153  150  146  140  134  131  130  134  136  138  135  131  123  118  112
  111  106  106  104  111  120  138  155  178  193  207  220  232  239  246  250
  256  264  277  293  308  322  331  338  359                                   
    25.0-180.0 180.0   5.0 450.0                            LAT/LON1/LON2/DLON/H
  371  390  404  411  415  421  423  427  429  431  428  426  419  415  405  399
  387  378  364  349  332  317  301  288  274  263  251  239  222  202  181  165
  153  145  139  133  127  122  121  122  129  133  135  132  125  116  109  104
  103  100  100  100  107  116  135  151  173  190  205  220  233  241  249  253
  259  269  285  304  325  343  356  360  371                                   
    22.5-180.0 180.0   5.0 450.0                            LAT/LON1/LON2/DLON/H
  376  400  413  427  434  442  443  447  449  450  450  448  444  439  431  424
  412  400  383  365  348  329  312  294  279  264  252  237  220  198  175  155
  142  131  122  115  109  106  107  112  121  126  128  124  116  105   99   94
   95   93   95   95  104  113  132  147  171  187  205  219  236  244  254  258
  266  276  292  312  334  352  365  369  376                                   
    20.0-180.0 180.0   5.0 450.0                            LAT/LON1/LON2/DLON/H
  375  400  418  437  449  458  463  469  471  475  475  477  472  471  461  455
  441  427  407  390  366  348  327  306  284  267  249  234  213  192  166  145
  129  116  106   97   92   89   92   99  109  115  116  112  104   93   86   84
   86   87   90   93  101  111  128  145  168  185  203  220  237  247  258  265
  275  285  302  321  343  361  374  374  375                                   
    17.5-180.0 180.0   5.0 450.0                            LAT/LON1/LON2/DLON/H
  371  396  417  440  456  469  474  484  487  494  494  496  494  491  484  474
  463  446  427  404  380  357  335  310  285  261  242  223  203  179  155  132
  116  103   92   84   78   76   79   86   94   99   99   94   86   77   72   71
   76   78   83   86   96  106  126  143  166  185  205  221  241  251  266  274
  286  297  312  329  346  358  368  371  371                                   
    15.0-180.0 180.0   5.0 450.0                            LAT/LON1/LON2/DLON/H
  368  388  409  432  452  466  475  490  497  508  511  515  512  512  502  496
  481  467  445  423  393  370  343  315  284  258  234  214  193  169  145  124
  109   98   88   80   73   70   71   75   82   83   83   78   71   64   63   63
   68   73   78   82   92  104  122  141  163  183  204  222  240  254  269  282
  295  308  321  336  348  359  369  370  368                                   
    12.5-180.0 180.0   5.0 450.0                            LAT/LON1/LON2/DLON/H
  366  383  402  421  439  454  465  483  493  507  512  519  518  516  509  500
  490  472  454  425  396  366  339  306  275  244  222  200  182  159  139  121
  109  100   92   85   77   72   70   71   73   71   68   63   59   56   57   58
   64   66   72   77   89  101  120  139  163  185  207  224  245  259  279  291
  307  317  331  340  349  357  366  370  366                                   
    10.0-180.0 180.0   5.0 450.0                            LAT/LON1/LON2/DLON/H
  367  377  391  405  420  433  446  466  479  498  504  515  514  516  509  506
  493  480  457  430  393  363  331  297  264  234  210  190  173  154  138  126
  118  113  106  100   91   84   78   73   70   63   60   55   55   52   54   56
   61   63   68   73   84   97  114  133  158  182  204  225  245  262  282  298
  313  326  337  346  351  359  371  374  367                                   
     7.5-180.0 180.0   5.0 450.0                            LAT/LON1/LON2/DLON/H
  376  384  393  399  409  419  431  448  459  475  483  494  497  500  498  494
  486  471  450  417  381  345  312  277  248  219  201  184  171  157  147  138
