data/unet/pred3260.15i
     1.0            IONOSPHERE MAPS     GNSS                IONEX VERSION / TYPE
pyspatialgeodesy        IME             05-JAN-18 20:20     PGM / RUN BY / DATE 
Map Name                                                    COMMENT             
Predicted global ionosphere maps (GIM).                     DESCRIPTION         
  2015    11    22     0     0     0                        EPOCH OF FIRST MAP  
  2015    11    23     0     0     0                        EPOCH OF LAST MAP   
  7200                                                      INTERVAL            
    13                                                      # OF MAPS IN FILE   
  NONE                                                      MAPPING FUNCTION    
10.0                                                        ELEVATION CUTOFF    
One-way carrier phase leveled to code                       OBSERVABLES USED    
  6371.0                                                    BASE RADIUS         
 2                                                          MAP DIMENSION       
   450.0 450.0   0.0                                        HGT1 / HGT2 / DHGT  
    87.5 -87.5  -2.5                                        LAT1 / LAT2 / DLAT  
  -180.0 180.0   5.0                                        LON1 / LON2 / DLON  
    -1                                                      EXPONENT            
                                                            END OF HEADER       
[from data line 3861]
    10                                                      START OF TEC MAP    
  2015    11    22    18     0     0                        EPOCH OF CURRENT MAP
    87.5-180.0 180.0   5.0 450.0                            LAT/LON1/LON2/DLON/H
  133   96   93   94   96   93   96   94   96   94   97   96   98   97  100   98
  100   99  101  100  102  101  103  102  103  102  103  102  103  102  103  101
  102  100  101   99  100   97   98   96   97   94   96   93   95   92   94   92
   94   91   93   91   94   91   93   92   94   92   94   93   95   93   95   93
   95   93   95   93   98   92  102  118  133                                   
    85.0-180.0 180.0   5.0 450.0                            LAT/LON1/LON2/DLON/H
   85   76   74   80   81   82   81   83   82   84   84   86   86   87   87   88
   88   89   89   91   90   91   90   92   91   92   91   92   91   92   91   92
   90   91   89   90   88   89   86   88   84   86   82   84   80   82   78   81
   77   80   76   80   76   80   76   80   76   81   77   81   77   81   78   81
   78   81   78   80   81   76   86  106   85                                   
    82.5-180.0 180.0   5.0 450.0                            LAT/LON1/LON2/DLON/H
   74   61   65   67   68   70   70   73   73   76   77   80   80   84   83   86
   85   88   86   89   87   89   88   89   88   89   87   88   87   88   86   87
   85   87   84   85   82   83   80   80   76   76   73   73   71   72   69   70
   68   70   67   69   68   70   68   70   68   70   68   70   68   69   68   69
   67   68   66   68   68   64   69   78   74                                   
    80.0-180.0 180.0   5.0 450.0                            LAT/LON1/LON2/DLON/H
   63   53   52   57   56   60   59   64   64   68   69   73   74   77   78   82
   82   85   84   86   85   87   85   86   84   85   83   84   82   83   81   83
   81   83   80   82   79   80   75   75   70   70   65   65   62   63   60   62
   60   63   61   64   62   65   63   65   63   66   63   65   62   64   61   63
   59   61   56   59   57   53   60   63   63                                   
    77.5-180.0 180.0   5.0 450.0                            LAT/LON1/LON2/DLON/H
   52   43   45   45   47   49   51   54   57   60   65   69   73   76   81   83
   86   88   90   90   90   89   88   86   84   81   80   77   77   75   76   75
   75   75   75   74   72   71   68   64   60   57   54   52   50   50   50   51
   52   53   54   56   58   60   61   61   62   62   62   61   61   59   59   57
   56   54   54   52   53   47   51   52   52                                   
    75.0-180.0 180.0   5.0 450.0                            LAT/LON1/LON2/DLON/H
   48   42   38   43   42   47   47   52   54   61   64   71   75   81   86   91
   94   97   98   99   98   97   94   92   88   84   81   76   74   72   71   71
   71   72   71   71   68   67   61   59   52   52   46   46   42   45   44   47
   47   52   53   55   57   60   61   61   62   62   62   61   59   59   56   56
   53   53   50   51   49   44   50   52   48                                   
    72.5-180.0 180.0   5.0 450.0                            LAT/LON1/LON2/DLON/H
   45   42   38   40   41   43   45   49   54   60   67   74   83   89   97  101
  107  109  113  112  114  109  108  101   98   90   87   79   77   71   72   69
   71   69   71   69   67   63   59   53   48   43   42   39   39   39   41   42
   46   47   52   54   58   59   62   60   62   59   61   58   58   55   57   53
   54   51   52   50   50   45   52   44   45                                   
    70.0-180.0 180.0   5.0 450.0                            LAT/LON1/LON2/DLON/H
   49   46   41   44   44   45   48   52   58   66   74   84   93  102  110  116
  122  126  130  132  132  129  124  119  111  104   96   89   82   78   75   72
   71   71   69   68   63   61   54   50   43   41   36   38   35   39   38   44
   44   50   51   55   56   59   59   59   57   57   55   54   53   52   52   51
   51   51   52   52   51   45   54   48   49                                   
    67.5-180.0 180.0   5.0 450.0                            LAT/LON1/LON2/DLON/H
   46   47   44   45   45   46   49   55   63   73   84   96  107  115  125  132
  138  144  150  152  154  149  146  136  130  118  110   99   92   82   80   74
   73   69   69   65   61   56   52   46   40   37   35   35   35   38   40   42
   45   47   51   51   54   52   55   52   51   49   49   47   47   45   48   46
   48   47   51   50   51   47   57   43   46                                   
    65.0-180.0 180.0   5.0 450.0                            LAT/LON1/LON2/DLON/H
   47   49   45   46   47   49   53   61   71   84   97  111  121  132  140  148
  155  162  170  175  177  175  167  158  146  136  122  112  100   92   84   79
   73   69   64   61   56   52   47   43   38   37   34   36   35   40   39   44
   43   47   46   48   45   47   44   44   40   41   39   40   39   40   41   42
   43   45   47   48   49   45   55   44   47                                   
    62.5-180.0 180.0   5.0 450.0                            LAT/LON1/LON2/DLON/H
   42   45   45   47   48   52   59   69   82   96  112  126  137  147  156  163
  170  177  186  191  196  193  187  176  165  151  140  125  114  101   95   84
   78   69   64   58   53   48   43   39   35   34   34   35   36   38   40   41
   41   41   40   38   38   34   36   32   33   30   33   31   34   33   36   37
   39   39   42   42   44   42   51   35   42                                   
    60.0-180.0 180.0   5.0 450.0                            LAT/LON1/LON2/DLON/H
   41   46   45   47   50   56   64   79   91  111  125  143  151  162  168  177
  182  189  197  203  208  206  201  190  176  164  151  139  126  115  104   95
   83   74   65   58   51   46   41   39   36   36   36   39   38   41   39   40
   37   38   34   33   30   29   27   27   26   27   28   29   31   32   34   35
   37   37   39   40   39   37   46   31   41                                   
    57.5-180.0 180.0   5.0 450.0                            LAT/LON1/LON2/DLON/H
   37   42   45   51   55   63   73   87  103  122  139  155  166  174  181  186
  193  198  205  210  213  211  207  196  185  173  163  152  143  132  124  111
   98   83   71   61   54   47   43   40   38   39   41   42   43   43   41   39
   37   33   32   28   28   24   27   23   27   25   30   29   33   32   36   35
   37   36   39   37   39   37   44   24   37                                   
    55.0-180.0 180.0   5.0 450.0                            LAT/LON1/LON2/DLON/H
   42   48   48   56   61   72   82   98  114  135  151  167  175  183  190  195
  201  205  211  214  216  213  209  200  191  182  174  166  158  150  140  128
  112   96   81   68   61   52   50   45   46   46   49   49   50   48   45   41
   37   34   32   28   28   25   27   26   28   31   34   36   37   39   41   41
   43   43   44   43   41   38   47   27   42                                   
    52.5-180.0 180.0   5.0 450.0                            LAT/LON1/LON2/DLON/H
   45   50   56   66   73   83   96  109  128  146  163  175  186  190  200  203
  210  212  217  217  216  212  207  201  196  189  185  181  176  168  158  144
  128  108   92   76   68   60   57   54   54   55   57   58   58   56   52   47
   43   37   37   33   34   31   35   35   40   40   45   44   47   47   49   49
   52   50   53   51   51   47   52   30   45                                   
    50.0-180.0 180.0   5.0 450.0                            LAT/LON1/LON2/DLON/H
   57   62   67   80   88   99  109  124  139  157  170  181  190  196  206  210
  217  220  224  222  220  212  209  205  202  198  197  196  192  182  170  155
  138  118  101   86   78   69   68   64   66   64   67   66   68   66   63   57
   52   48   46   44   44   45   46   50   53   56   58   60   60   61   62   62
   64   64   66   65   62   57   62   45   57                                   
    47.5-180.0 180.0   5.0 450.0                            LAT/LON1/LON2/DLON/H
   67   72   80   92  104  114  125  138  152  167  179  188  197  203  214  219
  228  230  233  229  224  217  213  210  209  207  208  207  201  190  176  160
  141  121  104   91   83   77   75   73   73   72   75   76   77   75   72   68
   65   62   61   60   62   63   66   68   72   73   75   74   75   73   74   73
   76   75   79   78   76   70   72   57   67                                   
    45.0-180.0 180.0   5.0 450.0                            LAT/LON1/LON2/DLON/H
   79   87   93  110  120  132  141  154  164  179  186  195  202  209  219  230
  239  243  243  237  232  225  221  220  219  219  218  215  204  191  176  157
  138  119  106   95   90   85   84   81   81   80   83   83   86   85   84   81
   79   78   77   77   77   79   80   83   84   87   86   86   84   85   84   84
   85   87   90   90   88   81   85   77   79                                   
    42.5-180.0 180.0   5.0 450.0                            LAT/LON1/LON2/DLON/H
   85   93  104  122  134  144  155  165  176  187  196  203  210  216  228  239
  249  251  251  246  240  235  233  233  232  230  228  218  204  185  168  148
  130  114  103   96   92   90   89   88   86   86   87   88   91   91   91   90
   90   89   89   89   89   89   90   91   92   91   92   89   90   87   89   86
   89   88   94   93   95   89   92   86   85                                   
    40.0-180.0 180.0   5.0 450.0                            LAT/LON1/LON2/DLON/H
   86   98  109  129  141  154  162  174  184  196  203  211  215  225  235  249
  256  259  258  253  249  246  244  245  242  241  232  219  197  177  158  140
  124  111  105  100  100   99   99   96   95   93   94   93   97   97   98   97
   96   96   94   93   91   90   89   91   91   91   90   89   89   89   89   89
   90   90   93   94   94   89   94   89   86                                   
    37.5-180.0 180.0   5.0 450.0                            LAT/LON1/LON2/DLON/H
   81   91  107  126  142  153  168  178  192  202  212  219  225  232  244  254
  262  263  264  261  258  257  257  256  254  248  240  218  196  172  157  141
  131  123  119  117  116  115  113  109  104  102  100  100  101  102  103  102
  100   98   95   92   89   87   86   86   87   86   87   85   86   86   87   85
   85   83   85   85   87   83   88   84   81                                   
    35.0-180.0 180.0   5.0 450.0                            LAT/LON1/LON2/DLON/H
   74   86   96  119  135  151  167  182  196  211  220  229  234  245  252  262
  266  267  268  266  265  266  265  265  261  257  243  225  201  183  170  160
  156  149  148  145  144  140  137  129  123  117  114  110  110  109  109  106
  102   98   92   88   84   83   81   81   81   81   81   82   83   84   85   83
   83   79   79   78   77   74   78   76   74                                   
    32.5-180.0 180.0   5.0 450.0                            LAT/LON1/LON2/DLON/H
   65   74   87  107  131  146  169  183  204  216  231  238  249  255  263  267
  272  273  275  275  276  275  274  271  268  262  255  238  223  209  204  201
  201  200  197  190  181  172  165  154  145  137  130  125  121  119  117  113
  107  100   93   88   84   85   85   85   85   84   83   83   84   85   87   85
   82   77   74   72   72   69   68   64   65                                   
    30.0-180.0 180.0   5.0 450.0                            LAT/LON1/LON2/DLON/H
   61   71   82  103  126  143  166  183  205  219  235  245  256  264  269  272
  274  276  278  279  281  280  277  275  274  275  270  265  258  257  258  263
  265  265  254  243  225  209  197  183  175  162  156  146  141  135  132  127
  120  110  102   96   94   95   98   99   99   98   98   95   94   93   92   89
   86   80   75   71   67   67   62   61   61                                   
    27.5-180.0 180.0   5.0 450.0                            LAT/LON1/LON2/DLON/H
   65   72   84  105  128  149  172  192  213  227  243  253  267  272  277  278
  280  282  286  288  290  286  282  278  283  286  296  299  305  313  330  345
  355  350  334  312  281  248  228  209  199  189  179  170  162  154  150  143
  134  123  113  107  107  109  114  116  119  117  115  112  108  105  102   98
   92   86   81   73   70   68   66   59   65                                   
    25.0-180.0 180.0   5.0 450.0                            LAT/LON1/LON2/DLON/H
   65   76   88  110  130  157  179  202  221  234  249  257  272  278  283  283
  285  287  291  293  294  289  284  285  293  309  322  340  356  378  406  428
  440  425  400  366  328  286  254  233  222  211  204  193  187  178  174  166
  156  143  134  129  130  133  138  139  141  138  135  126  122  116  113  108
  102   95   90   83   78   80   74   68   65                                   
    22.5-180.0 180.0   5.0 450.0                            LAT/LON1/LON2/DLON/H
   72   87  103  124  147  173  196  219  236  251  262  271  281  290  293  294
  294  296  300  303  302  296  292  297  312  334  360  390  423  458  503  520
  524  494  457  412  366  318  275  247  235  225  219  209  202  192  188  182
  175  167  160  153  150  152  155  158  156  153  145  139  134  131  128  119
  111  104   98   92   89   84   81   76   72                                   
    20.0-180.0 180.0   5.0 450.0                            LAT/LON1/LON2/DLON/H
   86  106  120  147  169  198  217  242  252  269  276  284  294  303  309  307
  307  305  310  309  311  303  304  315  338  374  410  455  500  536  571  572
  572  537  487  432  376  328  282  252  237  231  226  219  211  207  203  203
  192  186  179  175  173  177  179  181  179  172  161  147  139  133  128  126
  119  112  104  102   94   95   90   86   86                                   
    17.5-180.0 180.0   5.0 450.0                            LAT/LON1/LON2/DLON/H
   98  121  140  172  197  227  244  262  271  283  288  300  308  319  323  325
  320  322  321  324  321  321  325  349  382  428  475  527  570  599  618  610
  602  557  506  446  382  330  284  256  242  233  230  221  217  209  207  208
  206  204  197  194  193  197  199  202  198  190  175  161  150  140  134  126
  122  116  111  103  100   94   96  104   98                                   
    15.0-180.0 180.0   5.0 450.0                            LAT/LON1/LON2/DLON/H
  114  136  163  201  228  259  274  293  297  309  308  320  327  338  344  348
  346  343  341  336  337  340  358  392  438  492  544  590  624  632  636  619
  601  555  505  438  378  321  280  253  241  237  230  223  213  212  210  218
  219  219  216  214  212  212  213  210  207  196  181  165  154  144  135  127
  118  115  111  107   99  100   96  105  114                                   
    12.5-180.0 180.0   5.0 450.0                            LAT/LON1/LON2/DLON/H
  118  147  181  218  249  276  294  307  320  332  337  348  353  362  368  377
  375  372  365  362  361  375  398  444  498  560  603  635  645  640  632  606
  579  537  488  429  372  320  279  257  243  237  225  216  206  209  211  225
  230  236  233  229  223  219  217  212  207  197  183  170  159  148  139  127
  117  109  108  101  102   98  101  111  118                                   
    10.0-180.0 180.0   5.0 450.0                            LAT/LON1/LON2/DLON/H
  124  155  193  235  264  294  310  332  348  366  367  380  383  397  399  412
  407  405  394  391  394  413  447  502  564  614  636  647  644  629  613  583
  557  515  474  424  372  325  290  269  255  244  233  221  212  213  222  235
  246  248  245  235  228  221  216  211  205  197  187  174  164  151  143  127
  116  105  100   99   95   96  100  102  124                                   
     7.5-180.0 180.0   5.0 450.0                            LAT/LON1/LON2/DLON/H
  122  161  200  234  268  294  322  340  369  386  396  407  416  427  434  443
  442  439  431  431  440  469  509  569  613  641  641  637  619  600  576  551
