data/unet/pred1720.15i
     1.0            IONOSPHERE MAPS     GNSS                IONEX VERSION / TYPE
pyspatialgeodesy        IME             05-JAN-18 20:20     PGM / RUN BY / DATE 
Map Name                                                    COMMENT             
Predicted global ionosphere maps (GIM).                     DESCRIPTION         
  2015     6    21     0     0     0                        EPOCH OF FIRST MAP  
  2015     6    22     0     0     0                        EPOCH OF LAST MAP   
  7200                                                      INTERVAL            
    13                                                      # OF MAPS IN FILE   
  NONE                                                      MAPPING FUNCTION    
10.0                                                        ELEVATION CUTOFF    
One-way carrier phase leveled to code                       OBSERVABLES USED    
  6371.0                                                    BASE RADIUS         
 2                                                          MAP DIMENSION       
   450.0 450.0   0.0                                        HGT1 / HGT2 / DHGT  
    87.5 -87.5  -2.5                                        LAT1 / LAT2 / DLAT  
  -180.0 180.0   5.0                                        LON1 / LON2 / DLON  
    -1                                                      EXPONENT            
                                                            END OF HEADER       
[from data line 429]
     2                                                      START OF TEC MAP    
  2015     6    21     2     0     0                        EPOCH OF CURRENT MAP
    87.5-180.0 180.0   5.0 450.0                            LAT/LON1/LON2/DLON/H
  209  215  213  216  216  216  217  217  218  218  219  219  219  220  220  219
  219  219  218  217  216  215  214  213  212  211  210  208  207  206  205  204
  204  202  203  201  202  201  202  201  201  201  202  202  202  202  202  203
  201  202  201  202  200  201  200  200  200  200  200  200  201  202  202  203
  204  205  204  205  206  206  207  213  209                                   
    85.0-180.0 180.0   5.0 450.0                            LAT/LON1/LON2/DLON/H
  210  215  213  220  220  221  221  223  222  224  224  225  224  225  224  224
  223  223  222  221  219  218  216  215  213  212  210  209  206  205  203  202
  201  200  200  200  199  199  199  199  198  200  199  200  199  200  200  200
  199  199  199  198  198  197  198  197  198  197  198  198  199  200  201  202
  204  205  205  206  208  201  205  205  210                                   
    82.5-180.0 180.0   5.0 450.0                            LAT/LON1/LON2/DLON/H
  211  212  217  221  224  222  226  224  227  225  228  226  228  226  228  226
  227  224  225  223  223  220  219  216  215  212  211  207  206  202  202  199
  199  196  197  195  196  194  196  194  196  194  197  194  197  195  197  195
  197  195  198  196  198  196  198  197  198  197  199  198  200  199  202  201
  205  204  207  206  211  204  206  202  211                                   
    80.0-180.0 180.0   5.0 450.0                            LAT/LON1/LON2/DLON/H
  211  212  217  221  223  225  226  227  227  227  227  227  226  225  225  223
  223  221  222  219  219  215  215  210  209  204  203  197  196  191  191  187
  187  185  187  185  187  187  189  189  191  191  194  194  195  195  196  197
  197  197  199  198  199  198  199  199  199  198  199  199  200  199  200  200
  203  202  205  205  208  205  206  204  211                                   
    77.5-180.0 180.0   5.0 450.0                            LAT/LON1/LON2/DLON/H
  205  210  212  219  219  222  223  223  223  223  223  222  220  220  218  218
  216  216  214  214  211  211  208  206  202  199  194  190  186  183  180  178
  177  178  179  180  182  183  187  188  190  192  195  195  197  198  200  200
  201  202  203  203  203  203  203  203  201  202  200  201  199  200  199  199
  200  201  202  204  206  206  205  203  205                                   
    75.0-180.0 180.0   5.0 450.0                            LAT/LON1/LON2/DLON/H
  205  208  213  217  220  220  223  222  222  222  221  218  216  213  212  208
  208  205  206  203  204  200  200  194  192  185  183  176  174  169  170  167
  169  170  175  177  182  185  190  192  196  197  202  202  206  206  209  209
  211  211  212  212  212  211  210  209  207  207  204  204  201  200  199  198
  199  198  201  200  205  203  207  203  205                                   
    72.5-180.0 180.0   5.0 450.0                            LAT/LON1/LON2/DLON/H
  200  205  209  214  214  215  218  217  218  217  216  212  208  204  199  196
  192  192  189  190  188  189  185  183  177  173  168  164  160  158  157  159
  160  166  171  177  182  187  192  195  198  201  205  207  209  211  213  214
  215  216  216  217  215  215  213  212  209  208  204  203  200  200  197  197
  196  197  197  201  204  206  205  204  200                                   
    70.0-180.0 180.0   5.0 450.0                            LAT/LON1/LON2/DLON/H
  203  206  210  213  215  215  219  218  220  218  218  213  207  201  195  189
  185  182  182  181  182  181  180  175  172  166  163  158  156  154  157  158
  163  168  177  182  189  193  200  202  206  208  214  215  218  219  222  223
  224  225  225  225  223  222  220  218  214  213  208  208  203  202  198  198
  197  197  198  200  206  203  207  203  203                                   
    67.5-180.0 180.0   5.0 450.0                            LAT/LON1/LON2/DLON/H
  199  202  205  208  208  209  213  213  216  215  216  211  205  197  188  182
  174  173  170  173  171  173  170  169  163  160  154  153  150  152  153  158
  163  171  177  185  189  195  198  203  205  209  213  216  219  221  224  224
  226  225  226  224  223  220  218  215  212  209  206  202  200  197  195  195
  193  194  195  200  204  206  204  201  199                                   
    65.0-180.0 180.0   5.0 450.0                            LAT/LON1/LON2/DLON/H
  202  202  205  205  206  206  210  211  214  215  216  212  206  199  190  182
  176  172  171  171  172  171  170  167  164  159  157  154  155  155  160  164
  170  176  183  187  193  196  201  203  208  210  215  216  221  223  226  227
  229  227  228  225  225  222  222  217  216  211  209  205  204  200  198  196
  196  197  198  201  208  204  207  201  202                                   
    62.5-180.0 180.0   5.0 450.0                            LAT/LON1/LON2/DLON/H
  202  200  199  200  199  200  204  206  211  213  216  213  210  202  194  186
  178  176  171  174  171  173  168  168  162  161  157  158  157  161  164  169
  172  177  180  184  185  190  191  196  199  204  208  212  216  219  222  223
  225  223  223  221  220  218  217  214  211  207  205  201  200  197  195  194
  193  195  196  202  208  209  206  200  202                                   
    60.0-180.0 180.0   5.0 450.0                            LAT/LON1/LON2/DLON/H
  204  201  201  201  198  197  200  202  206  209  212  212  211  205  199  192
  187  182  180  179  178  175  173  169  168  164  164  163  165  167  170  172
  174  175  177  177  179  181  185  188  194  198  206  208  214  216  221  221
  223  221  222  220  221  219  220  216  215  211  209  206  205  201  200  197
  198  197  201  205  213  209  211  202  204                                   
    57.5-180.0 180.0   5.0 450.0                            LAT/LON1/LON2/DLON/H
  207  203  202  201  198  196  198  199  204  207  212  213  214  211  207  203
  198  195  191  190  185  184  177  176  171  171  169  171  171  174  173  174
  170  169  165  166  164  168  170  176  181  189  196  202  208  213  217  219
  221  219  219  217  219  219  219  216  215  210  209  205  205  200  200  197
  197  196  200  205  213  214  211  203  207                                   
    55.0-180.0 180.0   5.0 450.0                            LAT/LON1/LON2/DLON/H
  212  211  213  211  206  203  202  201  202  205  209  211  213  211  211  207
  206  202  201  196  194  187  184  178  177  174  176  176  178  177  175  171
  166  161  157  155  156  157  161  165  173  180  190  195  204  208  214  216
  220  219  221  221  224  223  225  223  220  217  214  211  209  206  205  202
  203  202  206  210  218  216  218  210  212                                   
    52.5-180.0 180.0   5.0 450.0                            LAT/LON1/LON2/DLON/H
  220  219  221  222  218  214  211  207  207  207  210  211  214  215  216  216
  215  213  211  209  204  198  191  187  183  184  182  185  182  180  174  168
  159  153  147  146  145  148  152  157  165  173  183  191  200  206  212  216
  223  224  228  228  231  230  230  227  225  218  217  210  210  205  206  202
  205  202  208  211  220  222  221  215  220                                   
    50.0-180.0 180.0   5.0 450.0                            LAT/LON1/LON2/DLON/H
  229  232  238  243  239  235  230  223  216  214  210  212  213  214  216  216
  218  216  216  212  209  202  198  192  191  189  189  189  186  181  173  164
  155  147  142  139  141  142  147  151  159  165  175  183  194  200  210  216
  226  229  235  237  242  241  241  237  233  226  221  216  213  210  210  209
  211  211  214  219  226  225  229  226  229                                   
    47.5-180.0 180.0   5.0 450.0                            LAT/LON1/LON2/DLON/H
  238  243  251  258  257  253  249  240  232  225  220  218  219  220  220  222
  222  223  222  220  217  211  207  202  200  199  196  195  187  181  169  161
  150  145  140  140  140  142  145  149  156  162  171  179  189  199  210  219
  232  239  248  251  255  255  253  246  240  231  226  218  217  211  214  210
  215  213  219  223  231  234  237  236  238                                   
    45.0-180.0 180.0   5.0 450.0                            LAT/LON1/LON2/DLON/H
  248  256  266  278  278  278  273  265  252  243  232  228  224  223  223  222
  223  221  222  220  218  214  211  208  207  205  203  197  191  180  171  161
  155  149  148  145  146  144  148  149  154  158  166  172  184  193  209  221
  237  246  258  261  267  265  265  256  250  240  234  226  223  218  219  219
  222  224  229  235  242  241  248  250  248                                   
    42.5-180.0 180.0   5.0 450.0                            LAT/LON1/LON2/DLON/H
  259  267  276  286  290  290  288  280  270  258  248  240  236  233  230  229
  227  226  226  223  221  217  216  214  213  211  207  201  191  181  169  163
  158  156  156  154  153  151  151  151  154  156  163  169  180  191  206  221
  239  251  263  268  274  274  273  266  259  248  241  231  227  221  222  221
  227  229  237  244  254  255  260  263  259                                   
    40.0-180.0 180.0   5.0 450.0                            LAT/LON1/LON2/DLON/H
  275  283  288  299  301  303  302  298  287  278  264  256  248  243  238  233
  230  226  225  221  217  215  213  215  215  214  211  201  194  181  174  167
  168  166  168  165  163  157  156  152  153  155  158  165  175  187  205  222
  241  255  268  274  280  279  278  271  266  257  251  243  239  232  232  232
  237  243  251  261  270  269  274  278  275                                   
    37.5-180.0 180.0   5.0 450.0                            LAT/LON1/LON2/DLON/H
  295  301  302  309  309  309  308  305  299  291  279  270  263  256  248  241
  236  230  227  221  217  213  215  215  218  217  214  205  196  185  178  174
  175  174  176  171  169  162  159  155  157  156  161  165  176  187  204  222
  241  255  268  273  281  281  284  279  278  269  265  256  251  243  241  240
  246  251  261  272  284  287  292  296  295                                   
    35.0-180.0 180.0   5.0 450.0                            LAT/LON1/LON2/DLON/H
  319  322  322  327  325  323  320  318  311  305  293  285  276  268  258  249
  240  233  226  218  212  210  210  215  218  218  215  206  198  188  182  180
  182  180  181  175  171  163  161  158  159  162  162  169  175  188  201  220
  237  252  264  270  277  277  282  281  282  279  278  272  268  259  256  254
  259  264  274  287  301  308  313  315  319                                   
    32.5-180.0 180.0   5.0 450.0                            LAT/LON1/LON2/DLON/H
  344  349  349  351  347  339  334  330  323  316  304  298  287  278  266  255
  246  234  227  216  212  209  213  217  224  222  222  211  206  194  189  183
  184  183  181  177  171  167  162  164  168  170  172  174  179  186  198  213
  230  243  255  261  269  271  278  281  289  289  293  287  284  275  269  263
  266  268  282  294  315  324  333  338  344                                   
    30.0-180.0 180.0   5.0 450.0                            LAT/LON1/LON2/DLON/H
  371  379  382  385  379  370  360  355  347  338  325  314  302  290  275  262
  250  238  226  215  209  209  214  222  228  229  227  220  212  204  195  189
  186  181  178  171  168  161  161  162  167  172  172  174  174  181  189  204
  217  230  241  247  256  260  271  278  289  296  301  300  297  287  280  270
  270  273  286  303  324  341  352  357  371                                   
    27.5-180.0 180.0   5.0 450.0                            LAT/LON1/LON2/DLON/H
  393  407  416  420  415  402  392  384  374  363  348  335  318  304  284  269
  254  239  228  215  212  212  222  230  241  239  239  228  222  210  200  189
  182  175  169  165  158  158  156  163  169  176  177  176  174  174  178  188
  199  212  223  232  242  251  265  278  293  301  309  309  307  299  292  280
  278  276  294  307  332  347  365  377  393                                   
    25.0-180.0 180.0   5.0 450.0                            LAT/LON1/LON2/DLON/H
  413  429  443  452  450  440  430  424  412  399  382  363  344  323  301  281
  263  247  234  222  217  220  231  243  250  250  246  235  225  215  200  185
  172  162  155  150  147  147  146  153  160  166  166  164  161  156  161  167
  182  194  209  220  234  244  260  275  292  302  312  315  314  306  299  289
  283  285  296  315  336  358  377  390  413                                   
    22.5-180.0 180.0   5.0 450.0                            LAT/LON1/LON2/DLON/H
  420  437  459  471  477  468  464  456  446  428  410  390  369  344  317  295
  274  257  242  230  227  230  243  253  262  256  251  236  225  210  191  170
  153  139  131  128  126  131  133  140  149  154  154  151  145  140  141  149
  163  178  195  210  227  242  258  273  289  300  312  316  321  315  315  302
  301  295  309  316  340  356  380  401  420                                   
    20.0-180.0 180.0   5.0 450.0                            LAT/LON1/LON2/DLON/H
  417  434  460  480  489  491  490  489  479  461  440  417  396  369  341  312
  289  269  253  241  237  243  253  264  266  258  246  230  217  202  180  156
  135  121  115  112  115  119  124  129  136  137  139  134  132  123  129  133
  152  166  190  207  228  243  261  275  290  302  315  323  326  326  324  318
  313  311  315  326  340  360  381  401  417                                   
    17.5-180.0 180.0   5.0 450.0                            LAT/LON1/LON2/DLON/H
  405  422  455  477  493  498  505  507  502  485  464  437  413  386  357  327
  301  281  265  252  249  252  262  267  266  252  235  218  203  185  161  135
  114   99   94   94   98  104  108  112  115  117  116  115  112  109  113  122
  139  159  184  208  230  250  266  282  296  306  320  324  333  331  337  330
  331  324  331  331  349  362  380  402  405                                   
    15.0-180.0 180.0   5.0 450.0                            LAT/LON1/LON2/DLON/H
  388  403  435  457  478  489  501  510  510  499  482  455  429  398  374  344
  319  294  278  265  260  263  266  267  257  238  217  198  181  163  142  119
  101   89   89   88   96   99  105  103  107  106  108  104  104   99  107  115
  137  160  190  215  240  259  278  293  307  320  329  338  341  347  348  347
  345  343  343  345  353  369  380  397  388                                   
    12.5-180.0 180.0   5.0 450.0                            LAT/LON1/LON2/DLON/H
  376  389  417  437  456  472  488  501  505  500  486  464  436  405  377  352
  324  302  283  269  263  262  262  255  240  216  192  171  154  137  120  101
   88   77   79   81   86   91   92   91   89   91   91   91   91   91   98  110
  132  160  192  222  246  269  289  307  324  331  344  347  356  357  364  360
  362  357  361  358  368  376  385  399  376                                   
    10.0-180.0 180.0   5.0 450.0                            LAT/LON1/LON2/DLON/H
  371  376  402  410  430  442  462  476  485  487  478  460  435  404  377  348
  325  300  285  269  261  257  251  238  218  191  165  143  128  116  105   90
   85   77   80   81   85   87   86   85   86   82   87   84   86   83   91  102
  127  155  190  220  245  267  290  310  332  344  354  363  368  375  377  379
  376  376  374  373  378  387  390  398  371                                   
     7.5-180.0 180.0   5.0 450.0                            LAT/LON1/LON2/DLON/H
  372  377  394  403  410  423  440  456  464  469  463  450  426  397  368  340
  314  294  275  261  251  244  231  213  191  162  136  117  107  100   92   85
