data/unet/pred2260.15i
     1.0            IONOSPHERE MAPS     GNSS                IONEX VERSION / TYPE
pyspatialgeodesy        IME             05-JAN-18 20:20     PGM / RUN BY / DATE 
Map Name                                                    COMMENT             
Predicted global ionosphere maps (GIM).                     DESCRIPTION         
  2015     8    14     0     0     0                        EPOCH OF FIRST MAP  
  2015     8    15     0     0     0                        EPOCH OF LAST MAP   
  7200                                                      INTERVAL            
    13                                                      # OF MAPS IN FILE   
  NONE                                                      MAPPING FUNCTION    
10.0                                                        ELEVATION CUTOFF    
One-way carrier phase leveled to code                       OBSERVABLES USED    
  6371.0                                                    BASE RADIUS         
 2                                                          MAP DIMENSION       
   450.0 450.0   0.0                                        HGT1 / HGT2 / DHGT  
    87.5 -87.5  -2.5                                        LAT1 / LAT2 / DLAT  
  -180.0 180.0   5.0                                        LON1 / LON2 / DLON  
    -1                                                      EXPONENT            
                                                            END OF HEADER       
[from data line 3861]
    10                                                      START OF TEC MAP    
  2015     8    14    18     0     0                        EPOCH OF CURRENT MAP
    87.5-180.0 180.0   5.0 450.0                            LAT/LON1/LON2/DLON/H
  164  135  133  134  135  133  135  133  136  135  137  135  138  136  139  137
  139  137  139  137  139  136  138  135  137  133  135  132  134  130  132  129
  131  127  129  125  128  124  127  123  126  122  125  122  124  121  123  121
  123  120  122  120  122  120  122  119  122  120  123  121  123  121  124  122
  125  123  127  125  130  125  136  149  164                                   
    85.0-180.0 180.0   5.0 450.0                            LAT/LON1/LON2/DLON/H
  126  122  123  129  129  131  129  132  130  133  131  134  132  135  132  136
  133  136  134  136  134  136  133  134  131  132  128  129  126  127  123  125
  122  123  120  121  118  120  117  120  116  119  115  118  115  117  113  116
  113  115  112  115  113  115  112  115  113  115  113  115  114  116  115  117
  116  119  118  121  120  118  125  142  126                                   
    82.5-180.0 180.0   5.0 450.0                            LAT/LON1/LON2/DLON/H
  120  117  124  124  128  126  129  129  132  131  133  133  135  135  137  136
  138  138  139  139  138  138  137  137  134  133  130  129  125  125  121  122
  118  120  117  118  116  118  116  117  115  116  115  115  114  114  113  113
  111  111  110  110  110  110  110  109  109  109  110  109  109  109  110  110
  111  111  113  113  115  110  113  118  120                                   
    80.0-180.0 180.0   5.0 450.0                            LAT/LON1/LON2/DLON/H
  113  117  116  120  120  121  122  124  125  126  127  128  130  131  132  133
  135  135  136  137  138  137  137  136  133  132  128  127  122  121  116  117
  112  114  111  113  111  114  111  114  112  114  112  113  111  112  110  110
  108  108  106  107  105  105  104  104  102  103  101  102  101  102  101  103
  102  105  104  107  108  103  108  112  113                                   
    77.5-180.0 180.0   5.0 450.0                            LAT/LON1/LON2/DLON/H
  105  108  112  111  114  114  117  117  118  119  121  121  123  123  126  126
  128  129  132  133  134  135  135  134  132  129  126  123  118  116  112  111
  108  107  106  107  107  108  109  109  109  110  110  109  108  107  106  105
  103  102  102  101  100   99   99   98   97   96   96   96   95   95   96   96
   98   98  100  101  103   98   99  105  105                                   
    75.0-180.0 180.0   5.0 450.0                            LAT/LON1/LON2/DLON/H
  100  105  106  109  109  112  111  114  113  116  115  118  117  120  120  123
  123  126  128  132  133  136  135  136  132  131  125  123  116  114  109  108
  104  105  103  105  104  108  107  110  108  110  107  108  104  106  102  102
   99  100   97   98   95   96   93   94   90   92   89   91   88   92   90   93
   91   96   95   99   98   96   97  107  100                                   
    72.5-180.0 180.0   5.0 450.0                            LAT/LON1/LON2/DLON/H
   96   99  106  103  107  107  109  109  111  110  112  112  113  113  115  115
  117  119  124  127  131  134  136  136  134  131  128  122  117  112  109  105
  103  102  103  103  105  107  108  108  108  107  106  104  102  100   99   96
   95   93   93   92   91   89   89   87   86   85   84   84   84   85   86   87
   89   90   93   94   97   93   95  102   96                                   
    70.0-180.0 180.0   5.0 450.0                            LAT/LON1/LON2/DLON/H
   94   98  101  104  105  107  108  109  109  111  111  112  111  112  113  114
  115  117  122  126  131  134  138  138  136  133  129  125  117  114  109  107
  103  104  103  106  105  110  109  111  107  108  103  102   97   97   93   93
   90   91   88   89   86   86   82   83   79   80   78   79   78   81   80   83
   83   87   88   92   94   90   94  106   94                                   
    67.5-180.0 180.0   5.0 450.0                            LAT/LON1/LON2/DLON/H
   95   96  103  101  106  106  109  109  111  110  113  112  113  111  113  112
  113  114  120  124  130  134  139  139  139  135  133  128  123  117  114  109
  107  106  107  108  110  111  113  112  110  107  104  100   96   93   91   88
   87   85   85   82   81   79   78   76   74   73   73   73   73   75   76   78
   80   83   86   90   93   90   94  102   95                                   
    65.0-180.0 180.0   5.0 450.0                            LAT/LON1/LON2/DLON/H
   95   97  101  104  106  109  110  112  113  115  116  117  117  117  117  116
  117  118  122  126  132  136  140  140  140  138  135  132  127  124  119  116
  112  113  112  114  113  117  115  116  110  109  103  100   94   93   89   88
   85   85   81   81   76   75   72   71   68   69   67   69   68   71   71   75
   75   80   81   87   89   87   92  105   95                                   
    62.5-180.0 180.0   5.0 450.0                            LAT/LON1/LON2/DLON/H
   95   96  103  102  108  108  113  112  116  116  120  120  122  121  122  121
  121  121  125  128  133  136  141  140  142  139  140  136  135  132  129  125
  123  121  121  120  121  122  122  120  117  113  108  103   98   95   91   89
   86   84   81   78   74   71   68   66   65   64   65   65   66   66   67   70
   71   75   79   83   88   86   93  100   95                                   
    60.0-180.0 180.0   5.0 450.0                            LAT/LON1/LON2/DLON/H
   95   97  101  105  109  111  113  114  117  119  122  125  127  128  129  129
  128  128  129  131  134  136  139  139  141  139  140  139  138  138  136  135
  130  130  127  129  126  129  126  127  121  119  112  109  102  100   94   93
   88   88   82   79   73   70   67   65   64   64   64   64   64   65   63   67
   66   72   72   80   83   83   89  101   95                                   
    57.5-180.0 180.0   5.0 450.0                            LAT/LON1/LON2/DLON/H
   94   96  103  104  110  109  113  113  116  117  123  125  128  130  133  133
  132  131  132  133  134  135  138  138  139  139  142  142  144  144  146  144
  142  140  138  137  136  136  136  133  130  126  121  116  111  107  102   99
   94   90   85   80   74   70   68   66   66   65   66   65   65   63   62   62
   62   66   70   77   81   82   89   93   94                                   
    55.0-180.0 180.0   5.0 450.0                            LAT/LON1/LON2/DLON/H
   94   98  102  108  112  113  115  114  116  118  122  125  129  132  135  136
  135  134  134  133  133  133  135  134  137  136  140  142  146  148  150  151
  148  147  144  145  142  145  142  143  138  136  129  126  119  117  110  108
  101   97   89   85   78   74   71   70   70   70   71   70   68   66   63   63
   60   66   67   75   78   80   87   96   94                                   
    52.5-180.0 180.0   5.0 450.0                            LAT/LON1/LON2/DLON/H
   94   98  106  110  116  116  119  117  119  118  121  123  127  129  133  135
  135  134  134  133  131  131  132  133  134  136  139  144  148  153  156  158
  157  155  154  152  152  152  153  151  148  144  139  135  128  125  119  114
  107  101   94   87   82   77   76   74   77   76   79   76   74   69   66   64
   63   64   67   74   78   80   87   91   94                                   
    50.0-180.0 180.0   5.0 450.0                            LAT/LON1/LON2/DLON/H
   95  102  108  117  122  124  126  124  123  122  123  124  127  131  134  136
  136  135  135  133  132  130  132  131  133  134  139  143  149  154  158  160
  159  159  157  158  158  161  160  161  156  154  147  144  136  134  126  122
  114  109  101   94   89   85   83   83   85   86   87   85   82   77   73   71
   68   70   70   76   79   79   87   98   95                                   
    47.5-180.0 180.0   5.0 450.0                            LAT/LON1/LON2/DLON/H
   98  104  114  121  129  131  135  133  133  129  130  127  130  130  133  133
  135  133  134  132  131  130  131  132  133  136  140  146  150  157  161  164
  164  163  164  164  166  168  170  168  165  160  155  150  143  139  133  127
  120  113  108  100   96   91   91   91   94   94   96   93   91   84   82   78
   77   76   76   80   82   81   89   97   98                                   
    45.0-180.0 180.0   5.0 450.0                            LAT/LON1/LON2/DLON/H
  101  110  118  129  136  141  146  145  145  142  141  138  137  138  139  139
  139  137  137  136  135  134  136  136  138  140  145  150  154  158  162  165
  165  165  166  170  173  178  178  178  173  169  161  158  150  147  139  134
  127  121  115  108  104  100   99   99  103  104  106  103  101   97   94   92
   89   89   86   87   86   84   92  107  101                                   
    42.5-180.0 180.0   5.0 450.0                            LAT/LON1/LON2/DLON/H
  104  112  124  134  145  150  157  158  161  157  157  152  151  146  147  144
  144  140  142  140  140  139  142  143  145  148  151  156  159  163  166  169
  170  170  174  177  183  186  190  186  182  174  169  162  155  151  145  139
  133  127  122  116  112  108  108  107  110  111  114  112  111  107  107  103
  102   99   95   93   91   86   94  108  104                                   
    40.0-180.0 180.0   5.0 450.0                            LAT/LON1/LON2/DLON/H
  107  117  126  138  148  156  165  169  173  173  173  170  167  163  160  158
  155  152  152  151  150  151  153  154  156  159  162  165  167  170  172  174
  174  176  180  187  193  198  199  197  189  182  174  168  161  155  149  144
  139  134  128  123  119  114  112  113  115  117  119  120  121  120  120  119
  117  113  107  101   96   90   98  115  107                                   
    37.5-180.0 180.0   5.0 450.0                            LAT/LON1/LON2/DLON/H
  111  116  130  139  151  159  170  176  184  186  190  186  184  178  175  169
  166  162  162  160  160  159  163  164  166  169  172  177  178  179  182  182
  184  186  193  197  207  209  213  206  200  190  184  175  167  160  154  148
  142  137  134  128  124  119  117  117  118  120  123  124  126  128  129  129
  127  122  115  106   99   92   99  115  111                                   
    35.0-180.0 180.0   5.0 450.0                            LAT/LON1/LON2/DLON/H
  112  120  127  140  150  160  170  179  189  196  201  203  201  196  191  186
  182  178  176  175  173  173  175  176  179  182  186  190  191  192  194  195
  196  200  207  213  220  224  223  218  208  199  191  181  173  164  157  149
  143  138  134  128  124  120  117  116  117  119  122  126  130  134  138  139
  138  132  123  113  101   95  101  117  112                                   
    32.5-180.0 180.0   5.0 450.0                            LAT/LON1/LON2/DLON/H
  114  120  129  139  149  157  168  177  190  198  208  211  213  208  205  200
  196  191  189  187  185  183  186  185  189  193  199  204  206  208  210  213
  217  221  230  233  240  238  237  227  220  207  198  186  177  165  157  146
  141  135  132  127  123  119  117  116  117  118  121  126  129  136  139  142
  140  135  126  114  103   95  102  117  114                                   
    30.0-180.0 180.0   5.0 450.0                            LAT/LON1/LON2/DLON/H
  117  125  128  139  147  155  163  173  185  197  208  216  220  219  217  213
  210  206  204  201  199  197  198  197  200  205  212  218  222  226  230  236
  241  248  257  258  258  254  247  239  227  215  204  191  180  167  158  146
  139  132  128  124  121  119  118  116  117  115  121  123  129  135  140  143
  143  139  130  119  105  100  103  118  117                                   
    27.5-180.0 180.0   5.0 450.0                            LAT/LON1/LON2/DLON/H
  122  126  131  141  147  153  161  169  182  192  206  214  222  224  224  223
  221  219  218  215  212  208  208  206  209  214  225  233  241  247  255  262
  273  280  288  283  280  267  260  244  233  220  206  190  176  163  152  140
  130  125  121  120  120  120  121  121  120  120  120  125  126  132  135  140
  139  136  128  118  105   99  105  119  122                                   
    25.0-180.0 180.0   5.0 450.0                            LAT/LON1/LON2/DLON/H
  127  132  133  145  150  156  161  168  177  189  200  211  221  228  232  234
  236  235  236  233  230  225  221  217  220  226  238  248  259  267  278  289
  302  308  309  302  291  278  262  249  234  222  205  190  174  163  149  138
  127  121  117  117  119  122  125  125  126  120  123  121  125  127  132  134
  136  135  130  122  110  106  107  122  127                                   
    22.5-180.0 180.0   5.0 450.0                            LAT/LON1/LON2/DLON/H
  131  133  139  149  156  163  167  173  182  189  201  211  223  229  238  242
  246  247  249  249  247  241  235  231  233  238  252  265  278  290  304  315
  327  329  326  313  302  284  267  252  236  222  204  188  172  160  148  136
  125  119  115  115  118  123  127  130  130  128  124  125  122  126  124  130
  128  132  126  123  111  105  110  124  131                                   
    20.0-180.0 180.0   5.0 450.0                            LAT/LON1/LON2/DLON/H
  134  139  144  158  164  173  177  182  188  194  203  213  225  234  243  252
  259  262  265  266  266  259  254  248  249  254  268  282  297  308  322  332
  339  337  329  317  302  289  269  256  237  224  204  192  174  165  152  142
  130  123  118  117  119  128  133  139  137  130  126  121  121  119  118  121
  123  126  127  124  117  112  113  128  134                                   
    17.5-180.0 180.0   5.0 450.0                            LAT/LON1/LON2/DLON/H
  135  138  150  163  174  184  191  195  200  203  211  219  233  240  252  257
  268  271  279  280  282  277  272  267  267  273  287  301  315  326  340  346
  353  346  339  324  312  299  283  265  245  230  212  198  182  173  162  152
  140  130  124  120  124  132  140  145  143  137  129  125  119  120  113  116
  114  123  121  124  114  108  112  127  135                                   
    15.0-180.0 180.0   5.0 450.0                            LAT/LON1/LON2/DLON/H
  131  141  151  169  180  194  201  208  212  215  220  228  239  250  259  269
  277  285  291  294  297  296  291  287  288  294  305  318  329  340  350  356
  359  353  342  329  317  309  292  278  255  239  221  206  194  183  176  165
  155  141  132  127  130  141  149  155  150  140  130  121  117  113  109  107
  108  114  118  119  115  108  113  125  131                                   
    12.5-180.0 180.0   5.0 450.0                            LAT/LON1/LON2/DLON/H
  126  134  150  168  184  198  210  219  225  227  233  239  252  261  272  278
  288  292  301  304  311  310  312  310  313  316  326  334  345  353  364  366
  370  362  353  338  331  323  310  297  275  257  236  223  208  201  191  183
  170  157  145  140  142  153  159  162  155  144  131  125  116  113  105  105
  102  111  111  116  108  102  105  121  126                                   
    10.0-180.0 180.0   5.0 450.0                            LAT/LON1/LON2/DLON/H
  118  133  148  172  186  204  215  226  231  235  240  248  259  269  277  285
  292  299  306  312  317  321  322  327  330  335  338  348  354  364  367  370
  367  361  352  341  334  329  318  307  288  269  251  235  225  214  208  197
  186  170  156  149  149  158  161  164  155  144  132  122  116  110  103  100
   97  102  105  107  105   95  102  111  118                                   
     7.5-180.0 180.0   5.0 450.0                            LAT/LON1/LON2/DLON/H
  109  123  143  165  184  202  216  229  236  241  248  256  269  277  286  291
  301  305  314  317  324  327  333  338  344  346  353  356  367  369  374  369
