data/unet/pred1200.15i
     1.0            IONOSPHERE MAPS     GNSS                IONEX VERSION / TYPE
pyspatialgeodesy        IME             05-JAN-18 20:20     PGM / RUN BY / DATE 
Map Name                                                    COMMENT             
Predicted global ionosphere maps (GIM).                     DESCRIPTION         
  2015     4    30     0     0     0                        EPOCH OF FIRST MAP  
  2015     5     1     0     0     0                        EPOCH OF LAST MAP   
  7200                                                      INTERVAL            
    13                                                      # OF MAPS IN FILE   
  NONE                                                      MAPPING FUNCTION    
10.0                                                        ELEVATION CUTOFF    
One-way carrier phase leveled to code                       OBSERVABLES USED    
  6371.0                                                    BASE RADIUS         
 2                                                          MAP DIMENSION       
   450.0 450.0   0.0                                        HGT1 / HGT2 / DHGT  
    87.5 -87.5  -2.5                                        LAT1 / LAT2 / DLAT  
  -180.0 180.0   5.0                                        LON1 / LON2 / DLON  
    -1                                                      EXPONENT            
                                                            END OF HEADER       
[from data line 429]
     2                                                      START OF TEC MAP    
  2015     4    30     2     0     0                        EPOCH OF CURRENT MAP
    87.5-180.0 180.0   5.0 450.0                            LAT/LON1/LON2/DLON/H
  188  187  183  182  181  176  177  176  179  177  178  174  177  173  173  168
  169  165  165  162  164  161  163  160  163  161  162  159  162  159  159  155
  158  154  156  151  155  150  153  148  153  149  152  148  154  151  155  152
  157  155  158  156  160  159  162  160  163  163  165  164  166  166  167  166
  167  169  174  176  178  175  174  185  188                                   
    85.0-180.0 180.0   5.0 450.0                            LAT/LON1/LON2/DLON/H
  196  200  190  188  188  183  185  183  187  184  186  183  185  183  183  181
  181  180  179  179  179  180  177  179  177  178  173  176  172  173  168  169
  166  166  163  163  162  162  160  160  159  160  159  160  160  161  161  162
  164  165  166  166  168  168  170  170  172  171  174  173  175  174  176  175
  176  177  182  182  183  181  180  186  196                                   
    82.5-180.0 180.0   5.0 450.0                            LAT/LON1/LON2/DLON/H
  199  197  195  200  194  192  191  193  193  194  192  195  193  195  191  193
  190  192  189  191  190  189  186  185  183  179  176  173  171  167  164  162
  160  159  156  157  156  158  155  158  156  159  156  161  159  164  161  167
  165  170  168  174  171  176  174  180  177  182  181  186  183  187  185  188
  184  189  189  193  191  191  188  187  199                                   
    80.0-180.0 180.0   5.0 450.0                            LAT/LON1/LON2/DLON/H
  208  201  202  201  201  197  198  197  200  200  201  202  204  203  203  202
  202  201  200  200  201  199  197  194  191  184  179  173  170  164  161  158
  158  155  155  155  157  156  157  158  160  161  162  163  166  167  170  172
  175  176  179  180  182  184  185  187  188  190  191  193  193  194  195  195
  195  197  198  198  195  197  194  189  208                                   
    77.5-180.0 180.0   5.0 450.0                            LAT/LON1/LON2/DLON/H
  216  212  209  209  206  204  203  204  206  208  210  212  214  213  213  211
  210  208  207  207  206  204  201  198  192  185  177  171  164  160  156  155
  153  154  154  157  158  160  160  162  164  166  168  171  174  177  180  183
  187  189  193  194  196  196  199  198  200  199  202  201  203  202  204  202
  203  203  208  204  199  204  200  191  216                                   
    75.0-180.0 180.0   5.0 450.0                            LAT/LON1/LON2/DLON/H
  223  218  216  214  214  209  210  208  211  212  214  215  217  216  215  212
  210  208  206  204  205  201  200  195  192  183  177  169  165  160  158  156
  157  157  160  160  163  164  165  165  167  168  170  173  177  181  185  189
  192  196  199  201  202  204  204  206  204  207  207  209  209  211  212  214
  213  216  220  217  210  215  212  203  223                                   
    72.5-180.0 180.0   5.0 450.0                            LAT/LON1/LON2/DLON/H
  232  225  220  218  214  210  209  208  210  212  215  215  215  212  211  207
  205  201  199  196  195  192  189  185  180  172  166  158  154  150  149  148
  151  152  155  157  159  160  160  161  162  163  165  168  173  179  183  188
  192  197  200  202  202  203  202  201  200  200  202  202  204  205  209  210
  214  216  225  222  218  222  220  209  232                                   
    70.0-180.0 180.0   5.0 450.0                            LAT/LON1/LON2/DLON/H
  236  228  225  221  219  213  212  212  215  216  220  219  221  215  213  206
  205  198  197  192  193  186  184  177  171  164  156  152  147  145  145  145
  148  150  154  155  158  157  159  157  160  158  162  163  171  175  182  186
  193  195  200  200  202  200  200  197  197  195  197  197  200  201  206  209
  213  217  226  225  221  227  227  218  236                                   
    67.5-180.0 180.0   5.0 450.0                            LAT/LON1/LON2/DLON/H
  240  231  224  221  216  210  209  209  213  216  220  219  219  213  208  200
  195  190  187  184  183  179  175  167  162  153  149  142  142  138  141  138
  142  142  145  145  146  146  145  144  144  145  147  151  158  165  172  179
  186  190  195  197  197  196  196  193  191  189  192  191  195  196  203  204
  210  212  223  220  219  227  229  221  240                                   
    65.0-180.0 180.0   5.0 450.0                            LAT/LON1/LON2/DLON/H
  242  233  226  221  216  208  206  209  214  219  224  224  224  216  212  201
  196  188  186  181  182  175  173  163  157  149  142  140  137  138  137  137
  137  136  136  134  134  133  133  131  134  134  139  143  152  159  167  175
  182  188  193  194  196  194  196  191  190  187  191  189  193  194  201  202
  207  210  218  217  215  224  229  223  242                                   
    62.5-180.0 180.0   5.0 450.0                            LAT/LON1/LON2/DLON/H
  241  232  223  218  210  200  198  200  208  214  221  223  222  216  210  201
  194  188  184  181  178  173  167  160  153  145  140  135  136  135  136  132
  133  127  126  122  121  118  117  116  118  121  125  131  142  151  162  171
  183  187  194  195  199  197  198  192  193  189  193  190  193  193  198  198
  202  204  212  209  209  221  228  223  241                                   
    60.0-180.0 180.0   5.0 450.0                            LAT/LON1/LON2/DLON/H
  243  233  226  218  209  198  194  197  205  213  220  223  225  219  215  204
  200  192  189  184  182  174  170  160  154  145  141  137  138  137  138  133
  131  123  119  112  110  107  107  106  110  112  119  124  136  146  157  169
  177  184  189  191  194  193  195  192  194  191  195  193  195  197  199  201
  203  206  210  209  206  217  225  219  243                                   
    57.5-180.0 180.0   5.0 450.0                            LAT/LON1/LON2/DLON/H
  245  238  229  222  209  196  191  191  198  205  213  218  221  220  217  210
  205  199  195  189  186  178  172  164  158  151  148  144  146  145  145  138
  133  122  116  107  105  102  101  102  104  107  111  118  130  140  151  160
  171  175  182  183  190  188  192  191  195  193  199  195  199  200  205  205
  209  209  215  211  209  219  227  222  245                                   
    55.0-180.0 180.0   5.0 450.0                            LAT/LON1/LON2/DLON/H
  257  248  243  233  220  206  196  194  196  202  208  214  220  221  222  217
  214  207  202  196  191  183  177  169  166  158  157  153  155  153  153  144
  139  125  118  109  107  104  104  105  107  108  113  118  129  138  148  157
  165  172  177  181  187  191  196  198  203  205  209  211  211  216  217  221
  222  225  228  225  222  231  236  232  257                                   
    52.5-180.0 180.0   5.0 450.0                            LAT/LON1/LON2/DLON/H
  270  268  261  254  240  223  213  203  200  199  203  208  215  221  224  223
  221  215  209  202  195  188  183  177  174  170  169  167  168  166  163  155
  145  133  122  115  112  111  109  111  111  112  115  119  129  138  149  156
  167  171  179  183  193  196  204  206  214  214  222  221  226  227  232  234
  240  242  246  243  244  248  252  249  270                                   
    50.0-180.0 180.0   5.0 450.0                            LAT/LON1/LON2/DLON/H
  294  293  287  280  270  254  237  224  213  207  203  207  212  220  226  227
  225  218  211  204  196  192  188  185  184  180  181  178  179  175  173  162
  153  139  132  124  124  122  122  121  122  119  121  123  132  140  150  160
  166  175  178  188  196  205  213  220  225  229  234  236  237  242  245  252
  258  262  268  268  270  273  275  275  294                                   
    47.5-180.0 180.0   5.0 450.0                            LAT/LON1/LON2/DLON/H
  315  322  318  315  304  287  273  253  237  223  215  211  214  222  227  230
  226  220  212  203  197  193  192  191  192  190  190  189  189  185  180  170
  157  147  137  133  131  133  130  130  127  126  125  127  134  142  154  162
  173  177  186  191  205  212  225  231  239  239  246  242  247  249  258  266
  277  285  294  297  303  301  300  303  315                                   
    45.0-180.0 180.0   5.0 450.0                            LAT/LON1/LON2/DLON/H
  341  346  346  344  336  320  304  284  264  247  231  225  224  228  232  232
  227  219  209  202  196  196  196  198  199  199  198  196  195  191  185  174
  164  153  148  142  144  142  142  138  136  130  130  130  137  143  154  165
  174  184  190  202  212  226  236  247  251  255  257  256  257  262  270  281
  292  303  314  323  331  334  333  336  341                                   
    42.5-180.0 180.0   5.0 450.0                            LAT/LON1/LON2/DLON/H
  362  368  370  368  363  349  333  315  294  273  257  246  242  241  240  236
  228  220  210  203  200  200  202  204  207  206  204  201  197  193  185  178
  169  161  155  152  151  151  147  144  139  135  132  135  139  147  159  168
  180  187  198  207  224  235  251  259  267  267  273  267  274  276  289  298
  315  325  337  346  358  360  360  366  362                                   
    40.0-180.0 180.0   5.0 450.0                            LAT/LON1/LON2/DLON/H
  388  393  391  385  379  366  353  336  319  298  281  268  262  256  251  242
  232  222  213  207  205  206  207  210  211  208  205  200  198  193  188  182
  176  170  166  161  160  156  154  149  146  139  138  137  144  148  161  170
  184  195  206  220  234  247  260  271  278  282  286  285  290  294  303  316
  330  344  358  368  383  389  394  393  388                                   
    37.5-180.0 180.0   5.0 450.0                            LAT/LON1/LON2/DLON/H
  411  409  407  396  389  377  365  351  338  322  306  294  285  276  267  254
  243  231  222  216  216  214  216  216  216  212  209  205  204  200  195  190
  188  182  176  171  167  163  158  155  151  147  143  143  147  153  163  172
  187  197  211  223  242  252  266  272  285  286  297  296  307  308  323  329
  349  357  375  387  406  415  423  423  411                                   
    35.0-180.0 180.0   5.0 450.0                            LAT/LON1/LON2/DLON/H
  457  445  437  418  408  391  379  366  358  345  333  320  310  294  281  266
  255  242  235  230  228  226  225  222  219  216  214  211  213  208  208  203
  203  197  192  183  178  168  165  161  161  155  154  151  155  154  166  173
  190  203  218  232  248  257  270  279  290  297  308  315  327  333  347  356
  369  381  400  415  438  452  464  463  457                                   
    32.5-180.0 180.0   5.0 450.0                            LAT/LON1/LON2/DLON/H
  507  489  478  454  437  416  401  388  381  370  358  346  333  315  299  283
  272  259  253  247  245  241  237  233  233  232  234  233  234  232  229  226
  221  218  207  201  189  181  174  173  172  168  165  162  161  161  166  176
  192  205  222  236  252  264  275  284  299  306  321  327  342  349  366  376
  395  405  426  438  465  482  502  508  507                                   
    30.0-180.0 180.0   5.0 450.0                            LAT/LON1/LON2/DLON/H
  585  568  552  523  501  471  448  429  419  406  392  377  361  337  316  298
  286  272  266  261  258  252  248  246  249  251  256  254  258  253  254  248
  242  234  224  214  205  190  188  180  183  174  175  168  169  163  170  176
  194  207  225  238  254  267  282  296  315  326  343  351  370  379  400  413
  435  447  463  475  501  519  541  571  585                                   
    27.5-180.0 180.0   5.0 450.0                            LAT/LON1/LON2/DLON/H
  653  658  636  614  591  552  519  487  468  446  427  406  383  356  331  311
  297  286  276  271  265  262  260  263  271  279  285  286  285  280  275  266
  252  244  228  221  209  201  194  189  189  183  181  177  173  170  171  178
  192  207  224  238  255  271  289  305  329  344  364  376  393  408  429  452
  472  487  498  509  528  551  585  632  653                                   
    25.0-180.0 180.0   5.0 450.0                            LAT/LON1/LON2/DLON/H
  736  760  749  735  714  678  635  590  551  510  477  442  413  380  352  327
  310  295  285  275  272  269  275  283  300  309  316  314  308  299  286  277
  260  251  238  226  220  203  202  189  192  181  181  173  173  164  170  172
  191  202  224  239  262  281  304  325  348  369  387  405  423  444  467  490
  516  533  544  553  573  597  637  703  736                                   
    22.5-180.0 180.0   5.0 450.0                            LAT/LON1/LON2/DLON/H
  793  834  845  847  834  796  745  698  650  590  539  486  448  408  377  347
  325  306  290  277  273  274  285  303  325  336  339  330  319  299  282  265
  251  243  232  227  219  210  202  194  189  182  176  171  165  160  159  166
  184  201  224  247  275  296  325  346  375  389  412  429  451  473  497  527
  550  572  583  593  612  639  685  757  793                                   
    20.0-180.0 180.0   5.0 450.0                            LAT/LON1/LON2/DLON/H
  833  872  905  927  941  913  867  808  748  689  623  556  504  453  416  380
  352  322  299  282  280  286  305  327  350  357  354  339  319  300  278  265
  249  242  234  224  221  204  199  185  180  169  165  158  158  148  153  156
  182  199  230  257  289  316  345  369  393  414  436  461  480  504  531  564
  588  611  623  636  651  677  723  796  833                                   
    17.5-180.0 180.0   5.0 450.0                            LAT/LON1/LON2/DLON/H
  839  888  937  979 1011  999  959  903  832  765  699  629  565  505  461  421
  386  348  317  293  291  299  322  343  362  362  349  324  300  276  257  245
  236  230  225  219  213  201  192  179  169  158  150  145  138  134  137  147
  177  202  235  265  301  330  364  385  415  436  460  484  506  531  557  589
  614  638  651  663  678  701  748  811  839                                   
    15.0-180.0 180.0   5.0 450.0                            LAT/LON1/LON2/DLON/H
  824  869  917  974 1027 1024 1002  947  895  830  764  696  627  560  513  466
  431  384  347  317  316  323  346  364  373  362  339  312  287  262  248  235
  232  223  219  209  206  195  184  169  156  145  140  132  131  122  132  139
  174  203  239  274  309  346  375  407  429  459  482  512  534  564  585  616
  637  665  675  691  700  717  757  809  824                                   
    12.5-180.0 180.0   5.0 450.0                            LAT/LON1/LON2/DLON/H
  784  833  872  924  981  993  983  944  904  856  801  737  673  605  552  503
  463  423  382  353  346  352  365  372  366  348  317  287  258  241  226  224
  218  213  208  201  199  188  175  158  142  133  124  120  116  114  120  133
  167  199  240  274  314  346  387  414  442  469  500  531  553  581  601  632
  656  683  696  708  715  727  755  793  784                                   
    10.0-180.0 180.0   5.0 450.0                            LAT/LON1/LON2/DLON/H
  744  775  799  836  888  906  913  893  872  846  806  756  703  640  584  531
  492  453  421  393  385  382  385  373  354  321  288  255  230  215  213  207
  210  204  207  200  201  182  166  148  133  121  119  111  114  108  118  126
  160  190  233  274  311  351  384  419  441  475  506  549  571  601  622  654
  675  705  715  730  732  738  749  771  744                                   
     7.5-180.0 180.0   5.0 450.0                            LAT/LON1/LON2/DLON/H
  710  720  731  756  796  814  821  817  811  800  780  744  705  648  595  542
  503  471  445  426  414  402  391  364  331  290  252  223  201  198  200  204
