data/unet/pred3410.15i
     1.0            IONOSPHERE MAPS     GNSS                IONEX VERSION / TYPE
pyspatialgeodesy        IME             05-JAN-18 20:20     PGM / RUN BY / DATE 
Map Name                                                    COMMENT             
Predicted global ionosphere maps (GIM).                     DESCRIPTION         
  2015    12     7     0     0     0                        EPOCH OF FIRST MAP  
  2015    12     8     0     0     0                        EPOCH OF LAST MAP   
  7200                                                      INTERVAL            
    13                                                      # OF MAPS IN FILE   
  NONE                                                      MAPPING FUNCTION    
10.0                                                        ELEVATION CUTOFF    
One-way carrier phase leveled to code                       OBSERVABLES USED    
  6371.0                                                    BASE RADIUS         
 2                                                          MAP DIMENSION       
   450.0 450.0   0.0                                        HGT1 / HGT2 / DHGT  
    87.5 -87.5  -2.5                                        LAT1 / LAT2 / DLAT  
  -180.0 180.0   5.0                                        LON1 / LON2 / DLON  
    -1                                                      EXPONENT            
                                                            END OF HEADER       
     1                                                      START OF TEC MAP    
  2015    12     7     0     0     0                        EPOCH OF CURRENT MAP
    87.5-180.0 180.0   5.0 450.0                            LAT/LON1/LON2/DLON/H
  104   76   70   65   67   63   67   64   68   64   67   64   67   63   66   61
   64   60   63   59   62   58   61   56   60   56   59   55   58   54   58   54
   58   55   59   56   61   58   62   60   64   62   67   64   68   66   69   67
   70   68   71   68   71   68   71   68   72   69   71   68   71   68   70   66
   70   66   70   68   75   70   80   92  104                                   
    85.0-180.0 180.0   5.0 450.0                            LAT/LON1/LON2/DLON/H
   84   50   51   49   50   45   50   47   50   47   50   46   48   44   46   42
   44   39   42   36   39   34   36   32   34   29   32   28   30   27   30   27
   30   28   33   32   37   36   41   41   46   45   51   50   54   52   57   55
   59   56   60   57   61   57   61   57   61   57   61   57   60   56   58   54
   57   53   57   52   58   47   50   80   84                                   
    82.5-180.0 180.0   5.0 450.0                            LAT/LON1/LON2/DLON/H
   75   48   49   50   49   46   49   47   51   48   50   47   49   45   47   43
   45   40   41   37   38   32   33   29   30   24   26   22   24   20   24   20
   25   21   28   26   33   32   39   40   46   46   52   52   57   56   61   59
   63   61   64   62   64   61   64   61   64   60   62   59   62   58   61   56
   60   56   60   56   60   51   56   80   75                                   
    80.0-180.0 180.0   5.0 450.0                            LAT/LON1/LON2/DLON/H
   75   55   54   57   53   52   53   54   54   54   54   54   55   54   54   53
   53   50   50   47   46   43   41   38   36   33   32   29   29   27   28   26
   29   28   32   34   38   40   45   48   52   55   59   61   64   65   68   68
   69   69   70   69   69   68   67   66   65   63   63   62   62   61   61   60
   61   61   63   63   63   58   62   84   75                                   
    77.5-180.0 180.0   5.0 450.0                            LAT/LON1/LON2/DLON/H
   80   56   56   57   54   52   53   53   55   55   56   57   58   57   58   57
   56   54   54   52   51   48   46   43   41   37   36   33   32   30   31   30
   31   31   35   36   40   42   47   50   53   56   60   63   65   67   69   69
   69   69   69   68   67   65   64   61   60   57   56   54   54   52   54   53
   55   56   60   61   65   61   67   85   80                                   
    75.0-180.0 180.0   5.0 450.0                            LAT/LON1/LON2/DLON/H
   83   65   63   65   59   58   58   59   60   61   62   63   63   63   62   61
   59   59   58   57   55   54   53   50   48   45   43   41   39   38   38   38
   39   39   42   43   46   49   53   55   58   61   64   66   68   69   70   70
   69   68   67   65   63   61   59   57   54   51   49   47   46   46   47   49
   51   55   59   64   68   68   74   92   83                                   
    72.5-180.0 180.0   5.0 450.0                            LAT/LON1/LON2/DLON/H
   94   74   75   74   69   65   65   65   66   67   68   68   67   65   63   61
   58   57   56   55   55   54   54   53   52   50   48   47   45   45   45   45
   45   46   47   49   50   52   55   57   59   60   63   63   64   64   64   63
   61   59   58   56   54   52   50   48   46   42   41   39   38   38   41   43
   48   52   60   66   74   76   83   98   94                                   
    70.0-180.0 180.0   5.0 450.0                            LAT/LON1/LON2/DLON/H
  100   89   89   88   80   76   74   74   75   75   75   74   71   67   63   58
   55   52   52   50   52   53   55   55   55   53   53   52   51   51   52   51
   51   51   52   51   52   53   55   55   56   56   58   58   58   56   56   53
   52   49   48   46   45   44   43   41   40   38   36   35   35   36   39   43
   48   55   63   72   81   85   96  108  100                                   
    67.5-180.0 180.0   5.0 450.0                            LAT/LON1/LON2/DLON/H
  114  102  105  101   92   87   84   84   84   84   83   80   76   69   63   55
   50   46   45   45   47   49   52   53   54   55   55   55   55   55   55   54
   53   52   51   50   50   49   50   49   50   49   50   49   49   46   46   42
   41   38   38   36   38   38   39   39   39   38   38   37   39   39   43   46
   53   59   70   78   90   96  107  117  114                                   
    65.0-180.0 180.0   5.0 450.0                            LAT/LON1/LON2/DLON/H
  121  118  117  113  102   96   93   92   93   93   92   87   81   72   63   54
   48   42   41   41   44   46   49   51   53   54   54   55   55   55   55   54
   52   50   49   46   45   43   43   42   42   41   42   41   40   38   37   34
   32   29   30   30   33   35   38   40   42   43   44   46   48   50   54   58
   64   70   80   88   99  106  118  127  121                                   
    62.5-180.0 180.0   5.0 450.0                            LAT/LON1/LON2/DLON/H
  133  127  127  121  110  103  100   99  100  100   98   93   85   74   64   54
   47   42   40   40   43   44   47   48   49   49   50   50   51   50   50   48
   46   43   41   38   37   35   35   33   34   33   34   32   33   29   29   25
   25   22   24   24   29   32   38   41   46   48   53   56   61   63   68   70
   77   81   90   97  107  113  124  133  133                                   
    60.0-180.0 180.0   5.0 450.0                            LAT/LON1/LON2/DLON/H
  136  135  133  127  116  109  104  104  104  104  102   97   89   78   67   57
   51   46   44   43   45   44   44   44   44   43   43   43   44   44   42   41
   39   36   35   32   32   30   30   29   30   28   30   28   29   26   25   22
   21   19   21   22   27   31   37   42   49   55   62   68   74   79   84   87
   93   96  102  108  115  119  129  135  136                                   
    57.5-180.0 180.0   5.0 450.0                            LAT/LON1/LON2/DLON/H
  147  144  142  135  124  117  112  110  110  109  106  101   94   84   75   67
   61   57   54   52   51   48   44   41   39   37   36   36   36   36   35   34
   33   30   30   29   29   28   29   28   29   29   30   29   29   27   26   22
   21   19   21   22   27   30   37   41   51   58   68   76   85   91   98  102
  108  111  116  119  125  127  132  138  147                                   
    55.0-180.0 180.0   5.0 450.0                            LAT/LON1/LON2/DLON/H
  154  155  153  147  134  127  122  118  116  114  110  105   98   91   83   77
   73   69   66   61   57   51   45   39   35   32   31   30   32   31   32   30
   30   29   31   30   33   32   34   33   35   34   35   34   35   33   31   27
   26   23   24   23   28   30   36   42   52   61   73   83   94  102  111  116
  123  126  131  133  136  136  140  143  154                                   
    52.5-180.0 180.0   5.0 450.0                            LAT/LON1/LON2/DLON/H
  171  170  168  162  152  145  137  133  128  123  117  112  106  101   95   91
   87   84   78   72   65   56   48   40   35   32   30   31   32   33   32   32
   33   34   36   38   40   42   43   44   45   45   46   45   45   43   41   36
   33   30   29   28   31   33   38   43   53   61   74   85   99  108  119  127
  135  141  147  149  150  149  149  153  171                                   
    50.0-180.0 180.0   5.0 450.0                            LAT/LON1/LON2/DLON/H
  185  186  189  185  173  166  157  150  142  133  125  118  112  108  105  102
   99   94   87   78   69   59   50   42   37   34   34   34   36   37   37   37
   39   41   45   48   52   55   56   57   58   58   59   59   59   56   53   48
   44   40   38   37   38   40   44   48   57   65   76   88  103  114  127  137
  149  156  163  167  168  164  165  165  185                                   
    47.5-180.0 180.0   5.0 450.0                            LAT/LON1/LON2/DLON/H
  205  203  207  205  199  193  183  174  162  151  138  129  121  118  114  112
  107  101   92   83   73   64   55   49   44   42   42   43   44   45   45   46
   48   51   56   61   66   69   71   72   73   73   74   73   73   70   66   61
   56   52   49   48   49   50   53   56   63   69   80   91  107  119  133  146
  158  169  177  182  185  182  179  181  205                                   
    45.0-180.0 180.0   5.0 450.0                            LAT/LON1/LON2/DLON/H
  216  219  225  225  219  216  207  197  182  168  152  140  132  126  123  118
  112  103   94   85   76   69   62   58   55   53   52   53   53   53   52   53
   56   60   66   71   77   81   83   84   85   85   86   85   84   81   77   72
   68   64   61   60   62   63   65   67   72   78   88   98  113  126  139  152
  166  178  188  194  198  196  196  198  216                                   
    42.5-180.0 180.0   5.0 450.0                            LAT/LON1/LON2/DLON/H
  225  225  232  233  231  229  224  216  202  186  168  155  145  139  132  126
  116  107   96   90   83   80   75   73   70   67   65   63   62   60   59   59
   62   66   72   78   84   88   90   91   92   93   94   94   92   89   85   80
   77   73   72   71   74   74   77   77   83   88   97  107  121  133  146  159
  172  184  194  202  208  208  206  213  225                                   
    40.0-180.0 180.0   5.0 450.0                            LAT/LON1/LON2/DLON/H
  225  229  234  233  231  234  230  228  215  201  182  169  159  151  142  133
  121  110  101   97   94   93   91   88   84   79   74   70   66   64   62   63
   65   69   76   81   88   91   93   94   97   98  101  100   99   94   91   86
   83   81   80   81   84   85   88   89   95  100  110  120  133  144  156  168
  180  191  201  207  215  215  216  222  225                                   
    37.5-180.0 180.0   5.0 450.0                            LAT/LON1/LON2/DLON/H
  224  224  226  222  220  224  227  227  221  210  194  183  173  165  155  145
  131  122  114  114  111  113  109  105   97   89   81   74   69   66   65   66
   69   72   77   82   88   91   93   94   98  101  104  104  103   99   94   90
   87   85   85   86   90   91   95   97  104  111  123  133  147  158  168  179
  189  199  205  212  218  221  219  227  224                                   
    35.0-180.0 180.0   5.0 450.0                            LAT/LON1/LON2/DLON/H
  221  222  220  211  207  211  215  222  219  214  202  194  185  179  169  158
  145  136  132  131  132  130  124  115  103   92   82   75   71   69   69   71
   74   77   81   84   89   90   93   94   99  103  108  108  107  101   97   91
   88   85   86   86   90   92   97  100  109  118  132  144  160  170  181  191
  200  208  213  217  224  225  227  234  221                                   
    32.5-180.0 180.0   5.0 450.0                            LAT/LON1/LON2/DLON/H
  233  226  219  206  198  200  205  213  215  214  206  203  196  193  184  175
  163  158  153  154  151  146  133  119  103   91   82   76   75   76   78   82
   85   87   88   90   92   93   93   95  100  106  111  111  109  103   97   90
   87   83   84   82   86   87   94   98  111  122  140  154  171  183  193  204
  213  221  224  229  233  236  236  246  233                                   
    30.0-180.0 180.0   5.0 450.0                            LAT/LON1/LON2/DLON/H
  256  248  240  220  206  203  205  212  214  215  210  208  205  203  196  190
  181  176  172  169  162  150  132  113   97   87   82   81   84   89   95  100
  103  103  103  102  103  102  102  102  107  112  118  117  114  105   98   90
   87   81   80   78   80   82   89   96  111  125  145  161  180  192  204  217
  228  237  241  245  250  254  259  267  256                                   
    27.5-180.0 180.0   5.0 450.0                            LAT/LON1/LON2/DLON/H
  302  293  283  260  239  229  225  225  224  220  214  213  210  212  207  203
  196  192  185  177  162  143  120  101   88   84   86   93  101  110  118  124
  126  126  122  119  117  115  113  113  115  119  123  122  117  107   99   90
   85   78   76   72   72   73   81   91  107  124  148  168  189  202  216  230
  246  258  263  270  275  281  289  299  302                                   
    25.0-180.0 180.0   5.0 450.0                            LAT/LON1/LON2/DLON/H
  358  362  354  328  305  284  269  260  247  238  227  221  217  217  214  211
  205  200  188  173  151  127  103   88   83   87   98  111  124  135  145  149
  151  147  142  137  134  131  128  125  126  127  130  126  121  108   99   88
   81   73   70   64   62   65   73   85  104  123  147  169  191  206  221  241
  261  278  289  298  309  321  338  341  358                                   
    22.5-180.0 180.0   5.0 450.0                            LAT/LON1/LON2/DLON/H
  416  431  431  417  392  366  339  314  290  267  248  236  227  223  219  216
  208  200  183  160  132  107   87   81   85  100  118  138  153  165  173  176
  174  168  160  155  151  148  142  139  137  136  136  131  123  110   99   87
   79   69   64   56   54   57   68   80  103  125  150  172  194  209  227  249
  276  299  318  335  349  364  386  382  416                                   
    20.0-180.0 180.0   5.0 450.0                            LAT/LON1/LON2/DLON/H
  466  500  510  505  486  457  418  383  344  310  280  259  243  234  226  219
  210  197  174  146  115   94   83   87  103  126  150  171  186  196  199  199
  193  184  175  170  166  162  157  151  146  143  140  132  124  109   97   85
   78   69   63   57   56   61   73   89  110  134  155  177  197  214  233  260
  292  322  349  369  391  408  434  426  466                                   
    17.5-180.0 180.0   5.0 450.0                            LAT/LON1/LON2/DLON/H
  500  544  565  574  562  537  493  453  403  360  321  290  266  250  237  226
  212  195  166  137  108   94   95  112  135  163  188  206  216  220  219  216
  208  198  188  183  180  177  171  164  157  150  144  135  122  107   95   85
   79   70   66   61   62   69   86  102  125  152  172  193  210  227  247  275
  313  349  378  402  422  438  462  454  500                                   
    15.0-180.0 180.0   5.0 450.0                            LAT/LON1/LON2/DLON/H
  524  578  605  624  622  599  557  514  463  418  371  334  300  278  258  244
  227  204  171  142  119  116  129  154  182  210  227  238  238  237  231  225
  215  205  195  190  188  185  180  172  164  154  146  133  120  106   95   86
   81   75   73   72   75   85  102  120  144  167  187  205  223  239  260  291
  332  369  398  418  438  453  481  477  524                                   
    12.5-180.0 180.0   5.0 450.0                            LAT/LON1/LON2/DLON/H
  525  575  607  636  644  625  589  549  505  465  422  381  344  315  293  274
  255  230  198  172  158  165  185  215  240  257  262  257  249  243  237  229
  219  209  200  196  194  192  188  180  171  158  146  132  117  104   95   87
   84   80   80   81   88  100  119  139  162  184  202  220  238  253  273  306
  342  379  404  425  442  456  479  480  525                                   
    10.0-180.0 180.0   5.0 450.0                            LAT/LON1/LON2/DLON/H
  515  560  590  620  635  620  594  560  528  499  464  430  391  362  335  316
  293  270  240  219  212  227  250  279  292  295  280  266  251  245  238  233
  222  213  205  202  200  199  195  186  175  160  145  129  115  103   96   91
   88   86   89   93  101  113  134  153  174  193  211  230  247  264  287  318
  352  384  408  425  442  454  479  483  515                                   
     7.5-180.0 180.0   5.0 450.0                            LAT/LON1/LON2/DLON/H
  497  527  552  576  592  581  567  542  525  503  485  460  433  406  382  361
  342  319  297  283  284  298  319  332  329  310  283  261  247  243  241  238
