data/unet/pred0940.15i
     1.0            IONOSPHERE MAPS     GNSS                IONEX VERSION / TYPE
pyspatialgeodesy        IME             05-JAN-18 20:20     PGM / RUN BY / DATE 
Map Name                                                    COMMENT             
Predicted global ionosphere maps (GIM).                     DESCRIPTION         
  2015     4     4     0     0     0                        EPOCH OF FIRST MAP  
  2015     4     5     0     0     0                        EPOCH OF LAST MAP   
  7200                                                      INTERVAL            
    13                                                      # OF MAPS IN FILE   
  NONE                                                      MAPPING FUNCTION    
10.0                                                        ELEVATION CUTOFF    
One-way carrier phase leveled to code                       OBSERVABLES USED    
  6371.0                                                    BASE RADIUS         
 2                                                          MAP DIMENSION       
   450.0 450.0   0.0                                        HGT1 / HGT2 / DHGT  
    87.5 -87.5  -2.5                                        LAT1 / LAT2 / DLAT  
  -180.0 180.0   5.0                                        LON1 / LON2 / DLON  
    -1                                                      EXPONENT            
                                                            END OF HEADER       
[from data line 1287]
     4                                                      START OF TEC MAP    
  2015     4     4     6     0     0                        EPOCH OF CURRENT MAP
    87.5-180.0 180.0   5.0 450.0                            LAT/LON1/LON2/DLON/H
  154  179  177  179  179  177  176  174  174  173  174  171  173  171  173  171
  172  171  172  169  169  167  166  163  161  160  159  157  156  154  155  153
  155  153  156  153  157  154  158  156  158  156  159  156  158  155  157  154
  156  153  156  153  155  154  157  156  159  158  162  160  164  162  166  164
  167  165  169  167  171  166  177  160  154                                   
    85.0-180.0 180.0   5.0 450.0                            LAT/LON1/LON2/DLON/H
  178  174  165  170  170  164  166  163  165  161  165  160  164  159  164  158
  162  156  160  153  154  148  150  143  143  139  139  136  135  133  135  133
  134  134  137  136  139  139  143  143  146  146  149  149  151  151  154  155
  156  157  159  161  161  162  163  165  164  165  166  167  167  167  167  168
  168  168  168  169  167  164  169  171  178                                   
    82.5-180.0 180.0   5.0 450.0                            LAT/LON1/LON2/DLON/H
  182  178  177  178  176  171  172  169  170  169  170  170  170  170  171  170
  168  166  163  160  155  152  147  145  138  138  132  133  128  131  128  132
  130  135  134  140  141  147  149  155  156  160  162  165  164  165  167  168
  169  170  173  174  176  176  180  179  181  180  182  180  181  179  180  178
  178  176  176  175  174  173  169  165  182                                   
    80.0-180.0 180.0   5.0 450.0                            LAT/LON1/LON2/DLON/H
  190  192  184  182  179  175  176  173  173  171  173  171  173  171  173  169
  169  163  162  154  151  142  139  130  127  121  119  116  114  115  116  119
  122  126  131  137  143  150  155  161  164  169  173  176  180  182  186  187
  190  191  197  198  203  204  209  210  213  214  217  216  217  215  216  214
  213  209  208  203  203  194  183  186  190                                   
    77.5-180.0 180.0   5.0 450.0                            LAT/LON1/LON2/DLON/H
  190  190  185  183  179  174  173  171  170  169  170  169  169  168  168  166
  162  159  152  147  139  134  126  120  112  109  102  103   99  104  104  112
  115  125  130  140  146  158  162  173  174  186  189  198  199  205  208  213
  214  219  222  227  228  235  236  242  241  246  246  249  247  248  246  247
  243  243  239  236  230  219  201  201  190                                   
    75.0-180.0 180.0   5.0 450.0                            LAT/LON1/LON2/DLON/H
  199  200  195  187  180  174  172  166  164  161  161  160  160  159  159  155
  152  147  142  135  127  122  115  108  100   97   90   91   87   93   92  103
  107  120  127  141  148  162  168  179  185  195  200  208  213  218  223  228
  231  236  240  246  248  253  256  260  261  264  265  266  265  265  264  263
  262  260  259  253  249  240  225  223  199                                   
    72.5-180.0 180.0   5.0 450.0                            LAT/LON1/LON2/DLON/H
  207  203  201  191  181  171  168  159  158  150  153  147  150  147  148  144
  143  137  134  126  121  113  108  100   95   89   85   84   83   86   91   99
  108  120  131  143  155  168  176  188  196  206  215  224  231  236  242  247
  251  256  260  264  266  270  273  276  277  278  279  279  278  276  276  274
  274  272  273  268  266  254  239  233  207                                   
    70.0-180.0 180.0   5.0 450.0                            LAT/LON1/LON2/DLON/H
  219  213  208  197  183  173  165  157  150  144  141  138  136  133  133  129
  129  123  123  117  114  108  105   99   95   91   88   87   83   87   88   98
  105  119  128  144  155  170  179  193  203  215  227  235  245  249  258  262
  268  272  276  280  279  282  281  283  280  280  277  276  273  272  270  269
  269  269  269  266  265  257  246  242  219                                   
    67.5-180.0 180.0   5.0 450.0                            LAT/LON1/LON2/DLON/H
  220  214  212  198  183  172  165  153  149  138  139  131  130  125  125  120
  120  116  116  112  111  108  105  102   98   94   90   88   85   86   90   97
  107  117  128  142  154  167  179  192  207  222  235  246  257  263  273  278
  284  289  292  295  292  292  288  287  282  281  276  275  270  269  264  264
  262  263  264  261  261  252  242  237  220                                   
    65.0-180.0 180.0   5.0 450.0                            LAT/LON1/LON2/DLON/H
  223  216  212  200  185  175  165  156  146  138  132  127  122  118  117  113
  116  112  115  111  113  109  110  106  105  100   98   94   91   89   89   95
  102  113  121  136  147  161  172  188  205  223  241  255  267  276  285  292
  298  302  304  306  301  299  292  289  282  278  272  268  263  259  254  250
  247  247  246  246  244  242  235  234  223                                   
    62.5-180.0 180.0   5.0 450.0                            LAT/LON1/LON2/DLON/H
  220  214  210  199  186  173  164  153  147  136  134  128  123  117  114  110
  111  108  110  108  110  109  109  110  105  104   97   95   90   88   88   91
   99  106  116  128  141  153  170  185  204  225  246  263  279  290  302  309
  318  322  323  322  317  309  301  294  288  282  277  272  268  262  256  249
  245  239  239  235  236  229  224  224  220                                   
    60.0-180.0 180.0   5.0 450.0                            LAT/LON1/LON2/DLON/H
  220  212  208  199  186  176  163  155  145  137  129  126  119  116  113  111
  112  109  112  108  112  109  113  109  109  105  102   97   91   88   84   86
   90   99  106  120  133  149  163  182  204  228  254  272  292  305  318  328
  336  342  341  341  333  327  314  307  300  294  286  281  275  269  261  254
  247  240  236  231  229  223  218  221  220                                   
    57.5-180.0 180.0   5.0 450.0                            LAT/LON1/LON2/DLON/H
  222  212  210  201  190  178  166  154  144  134  128  123  119  115  112  109
  109  105  106  104  105  104  104  105  101  101   94   92   85   79   77   75
   82   88  100  111  131  146  166  183  209  235  262  282  305  318  335  344
  356  359  364  360  357  346  339  328  323  312  306  298  293  285  276  268
  260  251  245  238  236  223  216  217  222                                   
    55.0-180.0 180.0   5.0 450.0                            LAT/LON1/LON2/DLON/H
  236  223  224  214  202  189  173  160  146  136  127  124  120  119  116  115
  114  110  111  106  109  104  107  104  104  100   97   93   85   80   72   71
   74   84   95  109  127  148  165  185  213  239  271  291  316  332  351  364
  376  384  386  385  380  374  365  358  350  340  329  320  313  305  296  287
  279  268  261  253  249  237  229  227  236                                   
    52.5-180.0 180.0   5.0 450.0                            LAT/LON1/LON2/DLON/H
  257  248  244  233  220  202  185  167  149  135  125  121  118  117  115  113
  111  108  105  103  102  101  100  101   99   97   94   90   85   76   73   68
   76   82   98  112  134  153  174  192  220  249  279  301  328  345  367  380
  397  404  412  410  411  402  397  388  383  370  360  347  341  330  321  311
  300  290  282  276  271  258  243  238  257                                   
    50.0-180.0 180.0   5.0 450.0                            LAT/LON1/LON2/DLON/H
  285  274  272  260  246  224  200  179  158  140  130  124  123  122  121  120
  119  115  114  110  112  108  110  107  109  106  106  100   95   87   79   76
   80   90  104  122  140  163  180  199  228  256  287  309  336  356  378  397
  415  429  436  441  437  434  425  422  413  402  388  375  365  353  341  331
  319  309  302  296  292  278  264  257  285                                   
    47.5-180.0 180.0   5.0 450.0                            LAT/LON1/LON2/DLON/H
  307  298  296  287  273  248  222  196  171  151  134  128  123  123  121  121
  120  117  115  114  115  116  116  117  116  116  114  110  106   97   93   88
   95  100  117  131  153  173  191  209  235  264  294  316  343  365  391  409
  432  444  457  457  460  454  450  445  438  427  413  397  383  367  354  343
  329  322  315  313  308  295  279  275  307                                   
    45.0-180.0 180.0   5.0 450.0                            LAT/LON1/LON2/DLON/H
  322  314  310  304  295  270  243  212  188  165  148  139  134  131  129  127
  126  125  126  128  132  133  136  136  137  134  133  127  122  112  106  102
  106  113  126  143  159  181  196  215  242  268  300  321  351  375  402  424
  445  462  475  482  484  482  475  470  460  446  429  407  390  370  357  344
  331  325  321  319  316  307  297  291  322                                   
    42.5-180.0 180.0   5.0 450.0                            LAT/LON1/LON2/DLON/H
  320  317  316  310  301  281  256  229  204  184  163  151  142  137  131  130
  130  132  136  142  147  153  153  156  153  153  148  145  136  128  122  118
  121  125  137  151  169  186  205  223  250  277  310  333  365  389  419  438
  462  473  489  492  500  493  491  485  476  461  441  419  398  377  360  344
  331  323  320  321  320  314  300  301  320                                   
    40.0-180.0 180.0   5.0 450.0                            LAT/LON1/LON2/DLON/H
  316  306  308  301  293  274  256  233  216  195  179  164  155  149  141  138
  138  142  148  157  165  171  175  177  178  174  167  159  150  141  134  129
  130  134  141  156  168  190  204  227  255  283  319  342  377  403  432  452
  476  488  505  509  520  514  515  508  503  488  468  443  421  394  372  348
  331  318  315  313  315  310  300  299  316                                   
    37.5-180.0 180.0   5.0 450.0                            LAT/LON1/LON2/DLON/H
  303  290  287  278  264  247  234  224  213  201  186  176  166  158  149  145
  146  152  161  171  180  188  192  196  198  193  184  171  160  149  141  134
  133  133  142  152  170  188  210  234  263  295  334  358  394  419  451  469
  493  502  520  524  538  538  543  539  537  524  505  484  460  431  404  375
  352  335  327  320  321  315  300  302  303                                   
    35.0-180.0 180.0   5.0 450.0                            LAT/LON1/LON2/DLON/H
  312  276  261  242  226  211  207  202  202  195  191  181  174  166  158  156
  157  164  174  185  195  203  210  216  218  213  199  185  169  159  145  141
  133  135  136  151  163  188  213  239  270  305  347  375  412  438  470  487
  513  520  540  549  571  579  590  592  596  585  568  546  521  492  457  427
  394  374  356  345  342  327  313  311  312                                   
    32.5-180.0 180.0   5.0 450.0                            LAT/LON1/LON2/DLON/H
  332  286  257  225  196  183  176  178  181  186  182  183  179  174  169  166
  167  174  183  194  203  213  220  229  230  225  209  188  173  158  147  139
  135  132  137  146  164  188  219  248  280  317  359  388  425  452  483  502
  531  547  572  594  612  627  639  654  663  663  650  630  600  570  530  500
  464  437  416  398  387  361  345  336  332                                   
    30.0-180.0 180.0   5.0 450.0                            LAT/LON1/LON2/DLON/H
  373  309  273  232  192  166  158  155  162  168  172  175  176  173  169  171
  173  181  189  199  210  221  230  239  242  238  217  199  178  170  152  146
  138  134  137  145  165  192  228  257  289  323  365  395  429  456  487  510
  548  576  613  636  666  693  715  739  756  761  756  749  727  689  640  597
  554  531  498  491  461  439  403  383  373                                   
    27.5-180.0 180.0   5.0 450.0                            LAT/LON1/LON2/DLON/H
  426  359  319  270  221  194  170  165  157  163  162  173  174  176  175  175
  179  184  192  200  209  220  231  245  251  246  230  208  197  183  174  164
  157  148  150  157  175  203  238  268  297  329  363  393  419  442  471  505
  550  598  638  682  712  754  779  820  845  874  875  884  863  838  787  743
  681  639  601  580  545  508  462  439  426                                   
    25.0-180.0 180.0   5.0 450.0                            LAT/LON1/LON2/DLON/H
  489  439  384  330  274  238  209  194  182  175  167  171  174  177  177  180
  182  188  193  202  209  222  237  255  261  261  244  229  213  205  195  185
  179  165  163  166  186  210  245  273  306  333  372  392  420  435  466  495
  558  620  671  716  760  802  842  889  932  967  991 1003  998  961  916  865
  813  778  733  700  657  610  568  542  489                                   
    22.5-180.0 180.0   5.0 450.0                            LAT/LON1/LON2/DLON/H
  575  518  473  404  348  309  274  249  226  213  192  191  182  188  188  192
  192  195  197  203  212  225  241  265  276  275  262  246  229  213  208  198
  191  176  165  176  192  223  249  279  309  341  374  403  424  448  470  512
  569  655  698  754  791  842  879  936  970 1021 1045 1073 1070 1057 1005  964
  910  877  842  825  796  748  692  655  575                                   
    20.0-180.0 180.0   5.0 450.0                            LAT/LON1/LON2/DLON/H
  663  617  564  499  436  400  351  326  292  268  239  228  215  211  209  210
  211  212  209  214  217  232  249  275  287  289  277  254  233  218  213  197
  194  170  162  163  188  213  246  269  308  334  377  401  433  445  480  524
  596  667  714  760  806  850  886  935  972 1013 1044 1068 1079 1073 1048 1012
  975  945  922  907  889  868  817  768  663                                   
    17.5-180.0 180.0   5.0 450.0                            LAT/LON1/LON2/DLON/H
  744  711  672  598  540  488  439  402  366  331  302  284  264  254  245  238
  232  229  226  229  234  244  262  286  302  305  291  259  233  218  209  202
  186  167  153  154  178  213  247  276  310  348  388  423  451  472  504  559
  628  691  729  775  811  849  868  904  920  966  983 1017 1026 1042 1026 1017
  988  977  961  960  952  938  885  852  744                                   
    15.0-180.0 180.0   5.0 450.0                            LAT/LON1/LON2/DLON/H
  796  794  752  686  634  574  523  482  442  406  371  340  318  305  289  277
  262  260  254  257  260  272  285  305  321  320  292  256  225  203  195  178
  167  140  139  133  164  194  231  261  303  343  390  428  461  488  532  592
  646  689  727  767  797  825  831  849  849  878  889  915  935  944  958  950
  960  948  959  960  967  962  919  883  796                                   
    12.5-180.0 180.0   5.0 450.0                            LAT/LON1/LON2/DLON/H
  823  830  787  746  693  632  580  541  503  470  432  402  373  360  343  323
  299  289  279  281  285  293  309  324  329  317  285  251  218  199  186  170
  151  128  119  119  151  184  224  261  304  352  399  442  476  512  564  622
  663  708  734  765  782  798  791  791  778  790  800  822  839  862  872  894
  903  919  927  942  950  951  913  883  823                                   
    10.0-180.0 180.0   5.0 450.0                            LAT/LON1/LON2/DLON/H
  825  832  784  760  721  663  612  574  546  519  494  461  440  410  392  376
  345  322  304  297  294  301  311  318  314  300  264  234  197  175  160  135
  127  103  104  105  144  172  211  250  299  346  400  445  486  525  577  627
  664  696  720  740  750  759  747  738  723  732  739  757  778  792  821  828
  862  868  896  899  922  919  890  861  825                                   
     7.5-180.0 180.0   5.0 450.0                            LAT/LON1/LON2/DLON/H
  819  815  770  749  711  663  615  585  566  553  535  510  489  464  441  425
  391  362  326  311  297  295  297  302  299  285  252  221  194  172  144  127
