data/unet/pred3330.15i
     1.0            IONOSPHERE MAPS     GNSS                IONEX VERSION / TYPE
pyspatialgeodesy        IME             05-JAN-18 20:20     PGM / RUN BY / DATE 
Map Name                                                    COMMENT             
Predicted global ionosphere maps (GIM).                     DESCRIPTION         
  2015    11    29     0     0     0                        EPOCH OF FIRST MAP  
  2015    11    30     0     0     0                        EPOCH OF LAST MAP   
  7200                                                      INTERVAL            
    13                                                      # OF MAPS IN FILE   
  NONE                                                      MAPPING FUNCTION    
10.0                                                        ELEVATION CUTOFF    
One-way carrier phase leveled to code                       OBSERVABLES USED    
  6371.0                                                    BASE RADIUS         
 2                                                          MAP DIMENSION       
   450.0 450.0   0.0                                        HGT1 / HGT2 / DHGT  
    87.5 -87.5  -2.5                                        LAT1 / LAT2 / DLAT  
  -180.0 180.0   5.0                                        LON1 / LON2 / DLON  
    -1                                                      EXPONENT            
                                                            END OF HEADER       
[from data line 3432]
     9                                                      START OF TEC MAP    
  2015    11    29    16     0     0                        EPOCH OF CURRENT MAP
    87.5-180.0 180.0   5.0 450.0                            LAT/LON1/LON2/DLON/H
   73   86   82   83   81   80   80   80   80   80   81   81   81   81   81   80
   81   81   81   81   81   82   81   82   81   82   81   82   80   81   81   82
   82   83   83   84   84   85   84   86   85   87   86   88   87   88   87   89
   88   89   88   89   88   89   88   89   88   88   87   87   87   87   86   86
   85   85   84   85   85   84   85  100   73                                   
    85.0-180.0 180.0   5.0 450.0                            LAT/LON1/LON2/DLON/H
   57   71   59   62   60   62   61   62   63   64   66   66   68   68   69   70
   70   70   72   71   72   71   72   72   71   72   70   70   69   70   69   69
   68   69   68   68   67   68   67   68   68   69   69   70   70   71   71   71
   72   72   72   73   73   73   73   73   73   73   72   72   71   70   68   68
   66   66   64   64   62   61   61   62   57                                   
    82.5-180.0 180.0   5.0 450.0                            LAT/LON1/LON2/DLON/H
   53   47   43   42   43   42   43   44   46   47   49   50   53   54   56   56
   60   58   62   59   64   60   65   61   65   62   64   62   61   62   59   60
   56   59   54   58   53   58   52   57   52   58   54   59   56   60   58   61
   60   63   62   64   64   64   64   63   63   62   62   59   59   56   55   52
   52   49   48   46   46   39   52   47   53                                   
    80.0-180.0 180.0   5.0 450.0                            LAT/LON1/LON2/DLON/H
   44   39   37   37   38   39   41   43   46   48   49   52   53   57   57   60
   59   62   60   63   62   65   64   68   67   70   70   70   68   68   65   66
   61   63   57   59   53   56   49   53   47   52   47   52   48   54   51   57
   55   61   58   63   61   65   62   65   62   65   61   63   59   59   55   55
   50   51   45   45   39   41   41   39   44                                   
    77.5-180.0 180.0   5.0 450.0                            LAT/LON1/LON2/DLON/H
   34   34   31   30   33   35   40   41   45   46   49   50   53   54   58   57
   61   58   64   61   66   65   70   68   71   69   72   67   68   63   64   59
   59   55   54   51   48   46   43   41   38   38   38   38   39   41   42   45
   47   49   52   53   56   56   59   57   60   57   60   56   57   52   52   46
   46   41   41   34   34   27   32   31   34                                   
    75.0-180.0 180.0   5.0 450.0                            LAT/LON1/LON2/DLON/H
   33   31   32   31   35   36   43   41   49   48   55   54   60   60   64   64
   67   68   71   73   76   79   81   82   84   82   82   78   77   73   73   68
   68   63   61   56   53   48   45   39   37   36   35   34   36   38   41   41
   46   47   51   50   54   53   58   56   60   57   60   56   59   54   55   50
   49   45   44   37   37   35   40   34   33                                   
    72.5-180.0 180.0   5.0 450.0                            LAT/LON1/LON2/DLON/H
   37   36   35   34   36   38   43   43   49   51   57   59   63   66   71   71
   77   77   84   85   92   94   98   97   99   97   97   92   90   86   85   80
   79   75   71   65   59   51   46   38   35   31   31   29   33   34   38   39
   44   44   50   48   53   51   55   54   57   56   58   56   58   55   56   51
   52   48   48   41   40   33   38   33   37                                   
    70.0-180.0 180.0   5.0 450.0                            LAT/LON1/LON2/DLON/H
   37   38   38   34   39   38   44   43   51   52   61   62   70   72   79   83
   88   93   98  104  109  112  117  116  117  112  113  104  105   96   98   90
   92   83   83   73   69   57   50   39   36   28   30   26   32   30   38   34
   44   40   48   42   50   44   51   44   52   47   54   49   56   52   56   50
   53   49   50   42   44   39   45   37   37                                   
    67.5-180.0 180.0   5.0 450.0                            LAT/LON1/LON2/DLON/H
   43   45   41   40   40   41   44   46   50   53   60   63   72   74   85   86
   99  100  113  114  124  126  132  131  132  127  125  120  118  114  111  107
  103   98   92   84   74   63   53   43   35   30   28   27   30   32   35   36
   40   39   43   40   42   41   43   42   44   46   48   50   53   54   54   54
   53   53   51   48   46   40   44   35   43                                   
    65.0-180.0 180.0   5.0 450.0                            LAT/LON1/LON2/DLON/H
   40   44   44   38   43   39   44   41   50   49   60   62   73   77   86   95
  106  113  124  131  142  145  150  149  149  143  142  134  134  126  126  118
  117  107  103   91   84   70   61   49   41   34   33   30   33   32   38   36
   41   37   41   35   39   32   38   32   39   36   44   42   51   48   54   50
   55   50   54   46   48   42   47   38   40                                   
    62.5-180.0 180.0   5.0 450.0                            LAT/LON1/LON2/DLON/H
   44   47   44   41   43   40   43   42   47   48   57   60   71   75   88   92
  109  114  132  137  149  151  157  154  156  149  148  144  145  140  140  133
  131  120  113   99   88   76   64   54   44   39   36   35   35   36   37   37
   38   35   35   31   31   29   30   30   33   35   39   41   46   48   49   51
   50   51   50   48   45   41   45   35   44                                   
    60.0-180.0 180.0   5.0 450.0                            LAT/LON1/LON2/DLON/H
   37   42   44   38   43   37   42   37   43   42   53   57   69   75   87   96
  111  121  137  146  159  162  167  163  164  158  158  153  154  152  151  147
  142  131  121  108   96   82   72   62   54   48   44   43   43   42   42   40
   38   34   32   26   27   23   27   25   31   30   35   35   42   40   46   43
   47   45   49   44   46   42   47   37   37                                   
    57.5-180.0 180.0   5.0 450.0                            LAT/LON1/LON2/DLON/H
   39   47   47   43   46   43   43   40   43   44   52   57   69   76   89   97
  113  124  142  150  163  162  167  163  164  160  162  158  165  161  166  161
  157  142  132  116  103   87   78   69   61   56   53   50   48   46   44   40
   39   33   30   24   24   22   25   25   30   31   34   36   41   40   42   41
   42   43   43   44   43   41   46   36   39                                   
    55.0-180.0 180.0   5.0 450.0                            LAT/LON1/LON2/DLON/H
   40   47   50   45   49   43   46   39   44   43   54   59   73   79   93  100
  117  128  145  154  167  168  173  171  172  168  171  170  175  176  179  176
  168  155  141  126  112   98   87   80   72   70   66   64   59   56   51   47
   42   39   33   30   28   27   29   30   34   35   36   37   39   37   40   38
   42   42   47   45   48   46   52   43   40                                   
    52.5-180.0 180.0   5.0 450.0                            LAT/LON1/LON2/DLON/H
   50   57   58   55   57   55   53   50   51   52   61   67   79   85   97  107
  122  135  150  159  170  171  175  172  174  173  179  182  190  191  193  189
  180  165  150  137  123  110   98   91   84   82   77   74   68   62   58   52
   49   44   41   37   37   36   39   39   43   43   43   42   42   39   40   39
   41   44   46   50   49   50   57   47   50                                   
    50.0-180.0 180.0   5.0 450.0                            LAT/LON1/LON2/DLON/H
   59   63   65   61   66   61   63   56   59   61   70   76   87   92  104  114
  129  140  156  165  176  178  184  183  186  185  191  196  203  205  204  198
  185  171  157  145  133  122  112  107  100   97   93   89   82   76   69   64
   60   57   54   52   51   51   53   53   55   53   52   48   47   43   45   42
   48   49   57   57   61   60   68   59   59                                   
    47.5-180.0 180.0   5.0 450.0                            LAT/LON1/LON2/DLON/H
   72   74   74   73   73   73   72   70   72   74   82   87   97  102  114  124
  140  151  165  172  184  186  193  190  195  197  204  210  216  214  209  200
  187  173  161  151  141  133  124  119  111  109  104  100   93   86   80   75
   72   69   69   66   67   66   68   67   67   65   60   57   54   50   50   50
   52   57   60   65   66   67   76   65   72                                   
    45.0-180.0 180.0   5.0 450.0                            LAT/LON1/LON2/DLON/H
   78   76   76   74   78   75   79   76   81   85   93   99  109  115  126  136
  150  162  175  182  197  200  207  205  209  210  216  219  219  215  206  197
  185  174  165  157  152  144  138  131  126  120  117  110  105   97   92   87
   85   84   84   82   82   81   81   79   77   72   67   61   58   55   56   55
   61   63   72   72   77   74   84   75   78                                   
    42.5-180.0 180.0   5.0 450.0                            LAT/LON1/LON2/DLON/H
   80   79   78   78   76   78   80   84   90   98  109  115  127  129  141  150
  166  174  188  195  209  211  217  218  223  225  227  225  220  210  200  189
  180  171  164  160  157  152  146  139  132  127  121  118  111  106  100   97
   95   94   94   92   90   87   86   84   81   75   69   64   62   59   59   60
   63   68   71   76   75   76   84   71   80                                   
    40.0-180.0 180.0   5.0 450.0                            LAT/LON1/LON2/DLON/H
   72   71   71   68   72   70   77   81   93  108  121  130  140  145  156  166
  181  189  203  210  223  224  232  233  239  235  233  226  215  205  194  187
  179  175  170  169  167  163  157  149  141  134  129  123  119  111  107  103
  103  101  101   95   92   88   86   83   80   74   68   64   61   60   62   63
   68   70   75   76   77   72   81   68   72                                   
    37.5-180.0 180.0   5.0 450.0                            LAT/LON1/LON2/DLON/H
   61   66   63   65   62   66   72   82   97  114  132  141  156  159  172  181
  195  201  213  219  230  233  241  244  244  239  233  222  212  199  192  186
  184  182  181  181  180  175  168  158  147  138  131  127  121  116  110  107
  104  103   99   93   86   83   80   78   76   71   65   63   61   60   62   63
   65   68   66   69   64   64   71   56   61                                   
    35.0-180.0 180.0   5.0 450.0                            LAT/LON1/LON2/DLON/H
   48   55   54   50   56   55   64   72   93  117  139  152  168  173  188  194
  209  214  226  230  240  244  252  251  249  241  233  224  213  207  202  203
  204  207  206  205  199  192  182  171  158  147  138  132  127  121  115  111
  108  104   99   90   82   77   74   73   71   66   63   60   60   60   61   62
   64   63   64   62   60   56   62   46   48                                   
    32.5-180.0 180.0   5.0 450.0                            LAT/LON1/LON2/DLON/H
   34   47   42   46   43   49   54   68   90  116  143  159  178  185  200  209
  221  227  235  240  248  253  256  254  250  242  238  230  228  226  231  236
  245  247  246  238  230  216  202  188  173  160  147  140  133  128  122  116
  111  106   99   89   80   75   72   71   70   67   63   62   62   62   63   64
   63   63   60   58   52   50   52   35   34                                   
    30.0-180.0 180.0   5.0 450.0                            LAT/LON1/LON2/DLON/H
   27   39   38   34   37   39   47   60   83  110  141  160  181  191  209  218
  233  237  246  250  259  261  264  257  253  246  248  250  255  265  276  292
  304  306  300  284  264  247  227  209  193  180  167  158  151  145  139  133
  126  119  110  100   88   82   78   78   76   72   70   67   69   67   70   68
   70   65   66   58   55   49   51   31   27                                   
    27.5-180.0 180.0   5.0 450.0                            LAT/LON1/LON2/DLON/H
   27   38   34   34   28   35   39   58   78  107  137  162  185  200  216  228
  240  245  252  254  261  263  262  256  255  255  265  275  294  311  335  356
  371  371  358  329  302  275  256  236  219  205  191  180  170  163  158  150
  144  136  127  113  105   97   94   92   91   89   86   84   81   81   78   78
   75   74   68   63   56   55   53   34   27                                   
    25.0-180.0 180.0   5.0 450.0                            LAT/LON1/LON2/DLON/H
   33   42   42   29   23   24   30   55   78  103  131  155  179  199  217  231
  244  251  257  261  268  264  264  257  260  268  287  311  337  368  398  427
  441  438  417  383  345  312  287  267  250  234  221  210  203  195  187  179
  170  162  151  141  131  123  117  114  112  108  104  102  100   96   93   90
   90   87   86   75   72   66   64   48   33                                   
    22.5-180.0 180.0   5.0 450.0                            LAT/LON1/LON2/DLON/H
   48   52   47   33   21   20   23   48   74  106  127  154  180  203  221  234
  248  253  260  263  269  267  266  265  275  291  320  353  387  427  462  487
  497  487  460  422  384  348  317  296  278  264  249  240  230  224  216  208
  198  189  179  167  157  149  142  137  132  127  121  120  115  112  105  103
  100   99   95   89   80   81   71   61   48                                   
    20.0-180.0 180.0   5.0 450.0                            LAT/LON1/LON2/DLON/H
   59   59   57   45   29   21   25   41   65   99  129  150  177  200  219  237
  250  259  262  268  274  271  273  278  294  321  357  398  438  483  512  538
  540  529  493  458  419  385  352  327  308  291  277  267  257  250  242  235
  226  219  210  197  187  176  168  160  151  143  136  132  127  123  116  113
  111  108  109  100   95   91   87   74   59                                   
    17.5-180.0 180.0   5.0 450.0                            LAT/LON1/LON2/DLON/H
   69   68   60   55   42   31   29   43   59   95  122  157  180  207  228  244
  258  261  269  275  282  286  290  302  324  356  395  440  483  522  542  558
  558  536  500  467  437  408  379  355  331  315  295  284  273  265  259  253
  248  242  233  222  210  200  187  179  165  157  147  141  133  129  122  119
  117  115  112  105   99   98   86   78   69                                   
    15.0-180.0 180.0   5.0 450.0                            LAT/LON1/LON2/DLON/H
   70   64   61   57   54   48   41   50   65   92  118  152  188  216  237  259
  270  281  282  290  296  302  314  329  356  389  433  476  510  536  553  557
  549  524  492  467  444  424  397  376  353  337  318  304  289  279  268  263
  258  255  247  237  224  212  197  187  172  163  150  144  135  132  124  123
  119  115  115  104  101   97   91   75   70                                   
    12.5-180.0 180.0   5.0 450.0                            LAT/LON1/LON2/DLON/H
   63   67   62   64   60   56   54   64   76  106  128  166  198  236  256  278
  292  299  302  307  316  328  342  371  400  437  472  499  520  532  540  533
  519  496  471  457  444  428  408  389  369  353  334  317  299  282  268  261
  258  255  248  238  226  212  197  187  173  161  149  139  133  129  125  123
  119  113  107  101   92   93   79   64   63                                   
    10.0-180.0 180.0   5.0 450.0                            LAT/LON1/LON2/DLON/H
   53   55   60   63   64   68   67   85   99  129  153  187  220  257  278  306
  315  329  327  340  347  364  386  415  449  478  498  507  515  516  513  498
  484  466  455  453  447  438  421  407  387  369  349  330  308  283  264  253
  250  244  238  229  215  204  190  185  171  161  148  139  131  131  125  127
  118  112  105   96   86   81   72   51   53                                   
     7.5-180.0 180.0   5.0 450.0                            LAT/LON1/LON2/DLON/H
   41   54   57   60   62   70   79  103  126  160  185  222  251  286  308  337
  349  359  360  367  378  398  423  460  490  509  517  509  506  493  480  462
