data/unet/pred2920.15i
     1.0            IONOSPHERE MAPS     GNSS                IONEX VERSION / TYPE
pyspatialgeodesy        IME             05-JAN-18 20:20     PGM / RUN BY / DATE 
Map Name                                                    COMMENT             
Predicted global ionosphere maps (GIM).                     DESCRIPTION         
  2015    10    19     0     0     0                        EPOCH OF FIRST MAP  
  2015    10    20     0     0     0                        EPOCH OF LAST MAP   
  7200                                                      INTERVAL            
    13                                                      # OF MAPS IN FILE   
  NONE                                                      MAPPING FUNCTION    
10.0                                                        ELEVATION CUTOFF    
One-way carrier phase leveled to code                       OBSERVABLES USED    
  6371.0                                                    BASE RADIUS         
 2                                                          MAP DIMENSION       
   450.0 450.0   0.0                                        HGT1 / HGT2 / DHGT  
    87.5 -87.5  -2.5                                        LAT1 / LAT2 / DLAT  
  -180.0 180.0   5.0                                        LON1 / LON2 / DLON  
    -1                                                      EXPONENT            
                                                            END OF HEADER       
[from data line 429]
     2                                                      START OF TEC MAP    
  2015    10    19     2     0     0                        EPOCH OF CURRENT MAP
    87.5-180.0 180.0   5.0 450.0                            LAT/LON1/LON2/DLON/H
  110  104   98   91   93   88   91   88   92   88   91   87   90   86   89   85
   88   84   87   82   85   79   82   77   80   75   78   73   77   72   76   71
   77   73   78   74   80   77   82   79   86   82   88   84   90   86   91   88
   94   91   95   92   97   94   97   95   99   97   98   97   99   97   98   95
   98   95   97   95  104   96  102  107  110                                   
    85.0-180.0 180.0   5.0 450.0                            LAT/LON1/LON2/DLON/H
  101  109   92   94   92   91   90   91   90   91   90   91   90   91   89   90
   88   89   86   87   83   83   80   79   76   75   72   72   70   70   68   69
   68   69   69   71   72   73   74   76   78   80   81   83   84   86   87   89
   91   92   93   95   97   98   99  100  102  103  104  105  106  106  105  105
  105  104  104  103  104   99  103  113  101                                   
    82.5-180.0 180.0   5.0 450.0                            LAT/LON1/LON2/DLON/H
  102  102   97   97   93   89   89   88   90   88   91   90   94   91   95   92
   95   91   92   87   87   82   82   76   75   69   69   64   64   60   62   59
   61   59   63   61   66   65   70   69   76   74   80   78   85   82   88   86
   93   90   96   95  101  100  105  105  110  111  114  115  119  118  119  120
  121  120  119  118  119  107  113  117  102                                   
    80.0-180.0 180.0   5.0 450.0                            LAT/LON1/LON2/DLON/H
  105  101   97   92   93   85   87   84   87   85   89   90   93   94   97   97
   98   96   96   92   89   83   80   73   70   63   61   55   53   49   49   47
   49   47   51   51   55   55   60   61   66   66   72   71   76   75   81   79
   85   83   89   88   95   94  100  101  109  109  116  116  124  122  128  125
  131  127  130  126  126  115  114  117  105                                   
    77.5-180.0 180.0   5.0 450.0                            LAT/LON1/LON2/DLON/H
  114  112  103  102   91   89   84   86   83   88   88   94   94  100  100  104
  102  104  100   99   92   89   81   76   67   64   56   54   48   47   44   46
   44   47   47   50   51   55   57   61   62   66   67   70   70   72   72   74
   75   77   78   81   84   87   91   96  101  106  112  117  124  127  133  135
  139  139  141  140  139  128  128  126  114                                   
    75.0-180.0 180.0   5.0 450.0                            LAT/LON1/LON2/DLON/H
  126  118  113  108  100   92   90   87   87   88   91   94   98  100  103  103
  104  103  102   97   93   87   81   74   67   61   56   52   49   47   46   46
   46   48   48   51   52   55   56   59   60   62   64   65   65   65   66   65
   67   67   69   70   73   76   81   86   93   99  106  113  121  125  132  136
  142  144  148  149  148  143  139  137  126                                   
    72.5-180.0 180.0   5.0 450.0                            LAT/LON1/LON2/DLON/H
  142  134  128  120  110  103   97   94   92   93   94   97   97  101  100  103
  100  101   96   94   87   83   76   70   63   59   55   53   51   51   51   52
   52   54   54   55   56   56   57   58   59   60   61   60   60   59   58   58
   57   58   59   62   65   70   76   82   91   97  104  110  119  123  131  135
  143  147  154  156  161  155  156  153  142                                   
    70.0-180.0 180.0   5.0 450.0                            LAT/LON1/LON2/DLON/H
  153  145  140  135  124  114  108  102   99   97   97   96   96   95   95   93
   94   91   90   85   81   76   71   65   62   58   57   56   57   58   60   61
   61   62   60   60   58   58   57   57   57   58   58   57   57   55   55   53
   54   53   55   58   63   70   77   86   95  103  110  117  123  127  132  137
  144  150  157  165  169  164  165  163  153                                   
    67.5-180.0 180.0   5.0 450.0                            LAT/LON1/LON2/DLON/H
  162  157  156  148  135  127  118  114  108  106  101  100   94   93   88   88
   83   83   78   76   69   67   61   59   55   55   54   57   59   63   64   67
   67   65   64   61   58   55   53   52   52   52   53   52   52   51   50   49
   50   50   53   58   66   74   83   94  105  112  119  123  129  130  134  135
  142  146  156  163  172  170  172  172  162                                   
    65.0-180.0 180.0   5.0 450.0                            LAT/LON1/LON2/DLON/H
  168  162  160  156  145  136  129  122  118  111  107   99   94   86   81   76
   75   71   70   66   63   59   56   53   52   53   56   59   64   67   69   70
   69   67   62   59   54   51   48   47   47   48   49   50   51   51   51   51
   51   52   56   63   71   82   93  106  117  125  130  134  137  137  137  137
  139  142  149  158  166  168  174  175  168                                   
    62.5-180.0 180.0   5.0 450.0                            LAT/LON1/LON2/DLON/H
  169  166  164  159  148  139  133  129  124  119  110  103   93   85   76   73
   68   67   63   62   56   54   49   47   46   48   50   55   60   64   66   65
   64   59   55   49   46   40   39   37   40   40   44   45   48   48   50   50
   53   55   61   69   81   94  107  120  132  139  144  146  148  145  144  139
  140  139  146  150  159  163  170  174  169                                   
    60.0-180.0 180.0   5.0 450.0                            LAT/LON1/LON2/DLON/H
  167  163  161  157  148  140  135  132  129  122  114  104   95   83   76   70
   69   65   65   61   57   52   48   45   45   46   50   54   59   61   62   60
   57   52   47   43   38   36   33   33   35   38   41   45   48   50   51   53
   55   59   66   75   88  103  117  133  144  153  157  161  161  158  154  150
  146  144  145  149  155  158  168  172  167                                   
    57.5-180.0 180.0   5.0 450.0                            LAT/LON1/LON2/DLON/H
  170  167  164  159  148  141  135  133  130  125  115  107   95   87   79   77
   74   73   69   66   59   54   47   44   43   44   47   50   55   55   55   51
   50   43   42   36   36   32   33   31   37   37   44   45   51   51   55   55
   60   65   74   84   99  114  128  143  156  166  170  174  177  174  173  167
  163  156  157  154  160  162  170  174  170                                   
    55.0-180.0 180.0   5.0 450.0                            LAT/LON1/LON2/DLON/H
  176  172  169  162  152  143  136  135  132  125  118  108  100   91   86   82
   82   79   77   70   64   56   51   46   46   46   51   52   56   54   53   48
   46   42   40   39   38   38   37   38   40   44   47   51   53   55   56   58
   62   68   77   88  105  121  135  150  164  174  180  185  190  191  190  188
  183  178  173  170  170  169  176  180  176                                   
    52.5-180.0 180.0   5.0 450.0                            LAT/LON1/LON2/DLON/H
  194  191  188  180  166  154  144  140  135  129  119  112  102   99   93   93
   90   89   83   77   67   60   53   51   50   52   55   56   58   56   55   50
   50   48   49   49   52   50   53   51   55   55   60   59   64   62   66   66
   73   79   89  101  118  132  147  162  175  185  190  198  205  209  213  211
  209  202  198  190  190  188  193  193  194                                   
    50.0-180.0 180.0   5.0 450.0                            LAT/LON1/LON2/DLON/H
  213  211  205  196  181  168  153  146  138  130  121  113  107  101   99   96
   95   89   84   75   69   61   59   57   58   60   64   65   66   62   62   57
   58   56   60   62   65   66   66   66   66   66   68   69   70   69   70   73
   78   86   96  112  127  143  156  172  184  193  199  208  217  224  232  233
  233  227  222  216  213  210  214  211  213                                   
    47.5-180.0 180.0   5.0 450.0                            LAT/LON1/LON2/DLON/H
  242  238  234  222  208  190  174  159  149  138  128  120  112  110  104  103
   97   92   83   77   69   66   63   65   66   69   72   73   74   72   71   70
   71   73   78   81   87   86   88   84   86   82   87   83   87   82   87   87
   96  101  116  127  144  159  173  188  197  205  209  218  228  237  247  251
  251  248  245  237  238  233  236  232  242                                   
    45.0-180.0 180.0   5.0 450.0                            LAT/LON1/LON2/DLON/H
  258  255  252  241  227  211  193  176  160  148  136  127  120  114  109  102
   96   85   79   72   71   69   73   74   77   79   81   81   80   78   79   77
   81   82   88   94   98   99   98   96   94   93   93   92   92   92   94   98
  105  115  127  145  159  176  189  203  210  216  219  228  238  248  258  263
  266  265  261  256  253  248  250  248  258                                   
    42.5-180.0 180.0   5.0 450.0                            LAT/LON1/LON2/DLON/H
  272  269  267  259  249  233  218  197  178  163  149  140  129  124  113  107
   95   87   78   77   75   81   82   86   86   87   85   84   83   83   83   86
   87   94   98  106  109  110  110  106  107  102  106  103  108  105  113  114
  126  132  149  163  181  196  209  220  227  230  231  236  245  254  263  269
  271  271  268  263  265  259  262  261  272                                   
    40.0-180.0 180.0   5.0 450.0                            LAT/LON1/LON2/DLON/H
  275  271  270  266  257  246  231  214  197  178  165  152  143  133  122  109
   98   86   83   81   87   91   97   98   97   93   90   86   84   82   84   86
   90   96  102  107  112  112  112  109  110  107  110  110  114  115  121  126
  134  147  161  181  196  214  226  237  243  244  243  248  256  265  273  279
  279  279  276  272  272  268  269  266  275                                   
    37.5-180.0 180.0   5.0 450.0                            LAT/LON1/LON2/DLON/H
  276  273  266  264  259  251  242  228  214  196  181  167  157  145  131  118
  104   97   93   97  102  109  110  110  102   95   88   82   80   78   81   84
   90   95  101  106  111  111  114  112  114  110  116  116  125  124  134  135
  148  156  176  193  213  229  244  252  259  257  259  262  272  279  287  289
  289  286  282  281  283  280  279  277  276                                   
    35.0-180.0 180.0   5.0 450.0                            LAT/LON1/LON2/DLON/H
  283  276  269  264  258  253  244  235  225  210  196  182  170  156  142  127
  115  107  109  110  118  119  120  114  106   96   87   80   76   76   78   84
   89   95   98  103  105  108  111  113  114  113  116  119  125  128  135  141
  149  163  178  200  219  239  253  262  269  268  268  279  289  302  308  312
  309  309  305  305  305  305  299  294  283                                   
    32.5-180.0 180.0   5.0 450.0                            LAT/LON1/LON2/DLON/H
  304  296  280  270  262  256  251  244  234  223  211  195  183  167  153  139
  127  123  123  126  128  128  123  115  104   93   87   79   79   78   83   88
   95   96  100  101  105  106  113  113  118  115  119  120  128  128  137  138
  150  158  177  194  218  238  259  270  281  282  288  297  314  327  340  345
  345  344  341  345  347  349  337  327  304                                   
    30.0-180.0 180.0   5.0 450.0                            LAT/LON1/LON2/DLON/H
  340  331  315  291  275  264  256  249  240  231  220  206  190  175  159  145
  136  130  132  128  129  123  119  109  104   98   93   90   90   92   95  102
  105  108  105  107  106  111  115  118  119  118  118  120  123  127  130  136
  143  156  169  189  209  232  251  266  278  282  293  309  328  349  365  377
  382  387  392  398  410  417  408  380  340                                   
    27.5-180.0 180.0   5.0 450.0                            LAT/LON1/LON2/DLON/H
  400  399  370  339  309  289  273  263  253  243  231  216  199  181  165  151
  141  136  130  126  118  111  105  103  105  106  111  112  119  118  127  129
  133  129  126  118  119  118  124  124  126  121  122  120  125  123  131  130
  140  148  166  182  204  222  243  259  275  286  303  327  355  377  401  421
  431  442  450  466  483  499  491  452  400                                   
    25.0-180.0 180.0   5.0 450.0                            LAT/LON1/LON2/DLON/H
  479  483  445  403  362  327  297  281  264  253  238  224  204  184  166  150
  140  129  124  108  104   95   97  106  118  131  141  148  153  156  159  164
  163  159  148  142  134  135  133  135  129  126  120  118  118  120  121  124
  131  147  164  186  207  229  247  265  283  297  319  345  379  409  438  466
  482  498  513  536  563  583  583  539  479                                   
    22.5-180.0 180.0   5.0 450.0                            LAT/LON1/LON2/DLON/H
  569  567  526  481  434  386  343  310  288  271  253  235  216  192  170  154
  139  127  111   96   86   85   98  117  143  164  185  191  201  200  205  201
  200  189  177  162  155  147  147  143  139  129  124  118  118  113  117  117
  129  141  164  186  213  232  258  279  299  319  341  371  408  446  483  514
  534  554  574  602  636  657  662  616  569                                   
    20.0-180.0 180.0   5.0 450.0                            LAT/LON1/LON2/DLON/H
  652  656  620  569  514  454  400  358  321  296  271  254  230  207  180  159
  144  125  110   91   87   93  114  146  181  211  236  247  256  257  253  246
  235  221  202  187  172  164  156  153  143  136  123  117  112  108  104  108
  120  144  168  194  217  245  272  299  328  348  372  400  440  482  518  553
  578  603  628  661  701  725  730  691  652                                   
    17.5-180.0 180.0   5.0 450.0                            LAT/LON1/LON2/DLON/H
  703  722  696  651  597  527  468  415  378  342  312  284  258  232  205  180
  161  140  123  106  107  120  153  190  234  275  306  320  322  312  298  281
  257  238  216  196  183  169  162  155  145  135  123  113  106  100   97  102
  120  148  176  202  233  262  293  322  350  374  398  433  475  510  550  585
  615  641  668  696  735  757  767  725  703                                   
    15.0-180.0 180.0   5.0 450.0                            LAT/LON1/LON2/DLON/H
  735  755  734  702  658  595  535  479  432  396  360  334  299  267  236  211
  192  174  162  150  154  173  204  255  305  349  371  375  366  348  326  300
  269  248  223  208  191  181  167  159  144  137  117  110   99   91   89   96
  120  150  181  210  245  274  310  339  374  398  425  463  499  536  566  604
  632  662  685  715  750  768  777  750  735                                   
    12.5-180.0 180.0   5.0 450.0                            LAT/LON1/LON2/DLON/H
  733  763  753  730  698  648  592  535  490  452  421  390  362  325  291  263
  242  227  218  212  225  250  291  342  381  409  415  404  381  356  329  300
  270  249  228  211  197  183  171  160  147  135  119  108   97   89   85   97
  123  155  188  221  254  287  319  356  386  419  448  485  521  547  575  607
  634  657  679  702  735  746  753  732  733                                   
    10.0-180.0 180.0   5.0 450.0                            LAT/LON1/LON2/DLON/H
  721  748  750  743  721  681  636  584  540  504  478  450  418  390  355  332
  313  305  296  301  317  353  390  427  441  446  433  406  374  344  316  286
  262  245  228  214  200  190  177  166  146  136  116  104   91   79   80   89
  120  147  185  216  252  282  319  353  395  426  458  495  528  554  575  603
  622  648  664  689  711  718  722  718  721                                   
     7.5-180.0 180.0   5.0 450.0                            LAT/LON1/LON2/DLON/H
  691  731  745  750  745  709  675  633  590  555  526  502  477  449  424  406
  393  390  385  398  417  452  474  485  476  452  420  383  349  323  300  278
