data/unet/pred3600.15i
     1.0            IONOSPHERE MAPS     GNSS                IONEX VERSION / TYPE
pyspatialgeodesy        IME             05-JAN-18 20:20     PGM / RUN BY / DATE 
Map Name                                                    COMMENT             
Predicted global ionosphere maps (GIM).                     DESCRIPTION         
  2015    12    26     0     0     0                        EPOCH OF FIRST MAP  
  2015    12    27     0     0     0                        EPOCH OF LAST MAP   
  7200                                                      INTERVAL            
    13                                                      # OF MAPS IN FILE   
  NONE                                                      MAPPING FUNCTION    
10.0                                                        ELEVATION CUTOFF    
One-way carrier phase leveled to code                       OBSERVABLES USED    
  6371.0                                                    BASE RADIUS         
 2                                                          MAP DIMENSION       
   450.0 450.0   0.0                                        HGT1 / HGT2 / DHGT  
    87.5 -87.5  -2.5                                        LAT1 / LAT2 / DLAT  
  -180.0 180.0   5.0                                        LON1 / LON2 / DLON  
    -1                                                      EXPONENT            
                                                            END OF HEADER       
[from data line 858]
     3                                                      START OF TEC MAP    
  2015    12    26     4     0     0                        EPOCH OF CURRENT MAP
    87.5-180.0 180.0   5.0 450.0                            LAT/LON1/LON2/DLON/H
   52   80   62   61   57   56   56   56   56   56   56   56   55   55   55   54
   55   53   54   52   53   50   52   49   50   48   49   46   47   46   47   45
   46   46   47   46   47   47   49   48   49   49   51   51   52   52   53   53
   54   54   54   55   54   55   55   55   54   55   54   55   54   55   54   55
   54   55   55   56   58   56   77   54   52                                   
    85.0-180.0 180.0   5.0 450.0                            LAT/LON1/LON2/DLON/H
   84   71   48   52   50   47   48   47   48   47   48   47   47   46   46   45
   45   42   43   39   41   37   38   34   36   33   35   33   34   33   34   34
   35   36   37   38   39   40   41   42   43   44   45   46   46   46   46   47
   46   47   46   46   45   46   46   46   45   45   46   45   46   45   46   46
   47   46   48   48   50   46   67   85   84                                   
    82.5-180.0 180.0   5.0 450.0                            LAT/LON1/LON2/DLON/H
   74   49   45   42   42   37   40   39   42   38   42   38   41   36   38   33
   35   30   30   27   27   24   24   22   22   20   21   20   21   21   21   23
   23   25   26   29   29   32   33   35   36   37   38   39   39   39   40   38
   40   36   39   35   37   34   37   33   36   32   36   33   36   33   38   35
   39   35   40   36   39   35   52   70   74                                   
    80.0-180.0 180.0   5.0 450.0                            LAT/LON1/LON2/DLON/H
   78   57   48   47   46   46   45   48   48   49   48   50   49   48   46   44
   41   38   34   32   29   27   24   23   21   21   18   20   18   20   19   23
   22   26   26   31   31   35   35   39   40   42   43   45   44   44   43   43
   41   40   39   38   37   36   36   35   36   36   36   37   38   39   40   41
   42   42   43   43   42   40   51   69   78                                   
    77.5-180.0 180.0   5.0 450.0                            LAT/LON1/LON2/DLON/H
   76   52   46   46   43   44   44   47   47   51   50   54   52   53   50   49
   45   42   38   34   30   27   25   23   21   20   20   20   20   21   22   24
   25   27   28   32   33   36   38   41   42   44   46   46   45   45   44   42
   40   38   38   36   35   34   35   34   35   36   37   39   40   42   42   44
   44   45   45   45   43   40   53   68   76                                   
    75.0-180.0 180.0   5.0 450.0                            LAT/LON1/LON2/DLON/H
   73   50   41   39   38   38   40   42   45   48   50   53   54   54   53   50
   48   43   40   35   32   27   26   23   23   21   23   23   24   24   26   27
   27   29   31   33   34   37   39   41   42   45   46   46   45   44   43   39
   38   35   36   32   33   31   34   33   36   37   41   41   44   44   47   46
   48   47   49   47   47   41   52   70   73                                   
    72.5-180.0 180.0   5.0 450.0                            LAT/LON1/LON2/DLON/H
   76   43   41   38   36   35   37   39   42   46   49   53   54   55   54   52
   49   46   42   38   34   30   29   26   27   26   29   28   31   30   33   31
   34   32   36   35   38   37   42   41   44   44   47   45   45   42   42   38
   36   34   34   33   33   34   36   38   41   44   48   51   53   55   56   56
   56   55   55   53   50   47   60   73   76                                   
    70.0-180.0 180.0   5.0 450.0                            LAT/LON1/LON2/DLON/H
   79   45   40   36   33   31   34   34   40   42   47   49   53   51   53   49
   49   42   41   35   35   29   31   28   32   30   35   34   39   36   41   37
   40   36   41   37   40   38   43   40   44   42   46   43   44   40   41   36
   37   32   36   33   37   36   43   44   51   53   60   61   67   66   69   67
   67   65   65   62   62   53   65   79   79                                   
    67.5-180.0 180.0   5.0 450.0                            LAT/LON1/LON2/DLON/H
   86   45   43   41   32   31   29   33   34   39   42   47   48   49   49   47
   44   41   37   33   32   29   30   29   33   34   39   39   43   42   44   41
   42   38   40   36   38   35   39   37   41   39   42   39   40   37   37   35
   34   33   35   37   40   44   49   55   60   66   72   78   80   83   82   82
   80   78   76   73   71   66   78   85   86                                   
    65.0-180.0 180.0   5.0 450.0                            LAT/LON1/LON2/DLON/H
   92   55   50   47   38   34   31   32   34   36   39   42   45   46   46   44
   42   37   35   30   30   27   30   29   34   34   41   40   45   44   46   42
   42   37   38   33   35   32   35   33   37   35   39   36   37   35   36   34
   35   34   39   42   49   54   63   66   75   80   89   92   98   99   99   97
   95   92   89   87   83   75   86   92   92                                   
    62.5-180.0 180.0   5.0 450.0                            LAT/LON1/LON2/DLON/H
  101   60   57   54   42   38   31   33   30   34   35   39   41   43   42   42
   40   37   33   30   28   27   28   29   32   33   37   39   41   42   41   39
   37   33   32   28   29   27   29   28   31   30   34   32   34   32   34   34
   36   38   44   51   58   65   74   80   88   95  104  110  116  116  114  111
  106  103   98   96   92   88   98   97  101                                   
    60.0-180.0 180.0   5.0 450.0                            LAT/LON1/LON2/DLON/H
  106   72   67   61   51   43   37   34   32   31   32   34   37   37   39   38
   38   33   32   27   27   23   26   24   29   28   33   33   37   35   37   33
   34   29   30   26   26   23   26   24   27   27   31   30   33   31   34   34
   39   42   52   59   71   78   88   92  102  109  118  125  130  131  126  124
  118  113  107  104  101   94  104  102  106                                   
    57.5-180.0 180.0   5.0 450.0                            LAT/LON1/LON2/DLON/H
  114   78   75   70   57   50   39   38   31   32   29   32   33   36   37   38
   37   35   32   29   27   25   25   23   25   25   27   27   29   28   29   27
   27   25   26   23   23   21   23   22   25   25   30   29   32   32   35   37
   43   49   60   72   82   91   99  105  113  120  128  135  140  140  137  131
  125  119  113  109  107  104  112  107  114                                   
    55.0-180.0 180.0   5.0 450.0                            LAT/LON1/LON2/DLON/H
  119   91   85   77   68   56   49   40   35   30   28   27   30   31   34   34
   36   32   32   27   28   23   25   21   23   21   24   23   25   24   26   25
   26   25   28   26   27   24   26   24   27   27   31   30   34   34   39   42
   51   60   74   85   98  105  114  117  125  130  136  143  148  149  146  141
  135  130  124  120  116  110  117  114  119                                   
    52.5-180.0 180.0   5.0 450.0                            LAT/LON1/LON2/DLON/H
  130  101   93   87   75   65   55   49   40   35   29   29   29   32   34   35
   35   35   33   31   30   28   27   25   25   23   25   23   25   24   26   25
   28   28   31   31   32   30   31   29   32   31   35   34   38   39   46   51
   60   73   86   99  110  119  127  130  136  140  144  150  155  157  154  149
  142  137  131  127  124  122  126  122  130                                   
    50.0-180.0 180.0   5.0 450.0                            LAT/LON1/LON2/DLON/H
  135  112  101   94   85   73   66   56   49   38   33   29   31   30   33   32
   35   31   33   30   32   28   30   27   28   26   28   28   30   29   31   31
   34   35   39   39   41   38   39   36   39   38   41   40   45   47   55   62
   74   88  102  113  125  132  140  142  147  150  153  158  163  164  162  157
  152  147  143  140  136  129  131  128  135                                   
    47.5-180.0 180.0   5.0 450.0                            LAT/LON1/LON2/DLON/H
  146  120  110  104   93   84   73   66   56   49   40   35   34   33   33   33
   32   31   31   31   33   33   35   33   35   33   37   37   38   37   38   37
   41   42   47   47   50   46   47   43   46   44   47   47   52   57   66   74
   87  102  114  126  138  144  152  155  158  160  163  167  171  171  169  164
  158  153  149  147  143  139  136  134  146                                   
    45.0-180.0 180.0   5.0 450.0                            LAT/LON1/LON2/DLON/H
  149  126  116  110  101   92   84   74   67   55   49   41   40   36   37   32
   33   28   32   31   36   36   40   39   41   41   47   47   49   47   47   44
   46   48   54   54   57   54   55   52   54   53   56   55   62   68   78   87
  103  116  128  137  147  154  160  165  166  171  172  177  178  178  175  167
  163  158  156  154  148  142  140  137  149                                   
    42.5-180.0 180.0   5.0 450.0                            LAT/LON1/LON2/DLON/H
  156  129  120  115  105   98   89   82   73   66   57   52   46   44   39   35
   31   30   32   34   39   42   46   46   48   50   54   56   56   55   52   47
   49   50   56   57   61   59   60   58   60   59   63   64   71   78   88  102
  115  128  138  145  156  161  168  170  174  177  180  181  184  182  178  171
  164  159  157  153  148  145  140  141  156                                   
    40.0-180.0 180.0   5.0 450.0                            LAT/LON1/LON2/DLON/H
  153  129  117  112  105   98   92   85   79   70   65   59   57   50   47   40
   38   35   38   41   48   51   54   54   56   57   61   61   62   57   53   47
   47   49   55   58   61   61   63   62   65   66   70   72   80   88  101  114
  127  138  145  151  160  168  171  178  181  186  187  189  191  188  183  175
  170  163  161  157  149  142  141  139  153                                   
    37.5-180.0 180.0   5.0 450.0                            LAT/LON1/LON2/DLON/H
  153  124  113  107   97   93   87   84   78   75   70   67   64   61   56   52
   46   46   48   53   59   63   64   62   61   61   64   64   63   57   51   43
   43   45   52   55   60   61   64   65   70   72   78   80   90  100  113  127
  139  146  153  157  167  173  180  185  192  193  196  198  200  196  190  183
  176  171  167  162  154  149  142  141  153                                   
    35.0-180.0 180.0   5.0 450.0                            LAT/LON1/LON2/DLON/H
  151  123  107   99   91   85   82   79   76   73   72   70   71   69   67   61
   59   59   63   68   72   74   73   70   67   64   65   64   62   55   48   41
   39   43   48   54   57   60   63   66   71   77   84   89   98  111  125  138
  147  154  159  166  175  185  191  198  203  206  208  209  212  208  205  197
  191  185  182  176  165  155  150  144  151                                   
    32.5-180.0 180.0   5.0 450.0                            LAT/LON1/LON2/DLON/H
  156  122  104   94   81   76   70   69   67   67   67   70   71   74   72   71
   69   71   76   80   83   83   80   74   70   67   66   63   60   51   45   37
   38   39   47   51   56   58   63   66   74   81   91   95  108  121  136  149
  160  164  171  178  191  200  209  214  220  221  224  225  227  224  221  215
  209  204  200  191  183  176  166  158  156                                   
    30.0-180.0 180.0   5.0 450.0                            LAT/LON1/LON2/DLON/H
  165  132  108   94   81   73   67   64   63   61   63   66   71   74   76   77
   79   81   86   90   92   91   85   80   75   72   69   67   63   57   48   44
   39   45   47   53   53   59   61   67   73   82   90   99  113  129  146  159
  170  176  184  194  208  223  230  239  243  245  250  250  255  251  250  243
  238  233  228  222  212  197  191  175  165                                   
    27.5-180.0 180.0   5.0 450.0                            LAT/LON1/LON2/DLON/H
  187  151  124  107   88   78   68   63   58   56   57   60   65   71   74   78
   81   86   91   95   95   93   89   84   80   77   75   72   69   64   60   54
   52   51   54   55   56   57   62   67   74   81   92  100  120  136  156  170
  185  192  204  214  233  247  258  264  270  271  277  279  283  284  288  282
  278  272  268  258  252  234  221  205  187                                   
    25.0-180.0 180.0   5.0 450.0                            LAT/LON1/LON2/DLON/H
  211  177  153  129  109   93   80   71   64   58   56   57   61   66   70   74
   79   83   88   90   91   89   88   86   86   85   83   82   81   79   75   73
   68   65   60   61   59   59   61   68   72   79   88   99  120  141  161  179
  197  208  223  241  261  278  289  296  302  305  311  312  316  322  326  328
  324  319  311  302  293  275  257  240  211                                   
    22.5-180.0 180.0   5.0 450.0                            LAT/LON1/LON2/DLON/H
  254  218  196  172  142  123  105   94   80   70   63   59   59   61   64   67
   71   75   80   81   82   82   86   89   94   94   95   94   95   93   91   87
   81   75   68   65   62   61   62   67   72   76   86   98  127  148  176  191
  216  227  248  268  291  307  318  327  334  335  341  349  356  362  368  369
  369  365  357  346  345  317  293  284  254                                   
    20.0-180.0 180.0   5.0 450.0                            LAT/LON1/LON2/DLON/H
  304  256  239  213  189  158  139  121  106   91   77   70   64   62   61   62
   65   67   70   70   74   77   85   93  102  106  109  109  111  111  108  105
   95   88   76   71   67   64   62   66   68   71   80   97  126  156  183  203
  228  247  272  296  322  338  352  360  367  367  373  383  391  401  405  411
  409  405  395  391  390  374  336  329  304                                   
    17.5-180.0 180.0   5.0 450.0                            LAT/LON1/LON2/DLON/H
  354  322  295  264  240  217  185  163  142  125  105   93   82   75   70   67
   67   66   68   66   72   77   92  103  116  121  124  123  123  123  121  116
  106   96   83   75   71   67   65   66   68   68   80   97  134  163  194  212
  240  262  288  318  342  363  380  388  398  399  406  414  423  432  440  442
  438  432  423  420  425  418  374  374  354                                   
    15.0-180.0 180.0   5.0 450.0                            LAT/LON1/LON2/DLON/H
  392  372  353  320  287  256  230  208  181  159  140  122  108   96   86   80
   77   73   73   71   76   85  102  116  133  135  139  134  133  130  126  121
  108   98   84   78   73   70   66   66   63   63   76   98  136  169  199  220
  250  273  303  332  361  382  401  411  421  425  427  435  442  455  459  461
  456  450  443  443  449  450  417  414  392                                   
    12.5-180.0 180.0   5.0 450.0                            LAT/LON1/LON2/DLON/H
  417  400  387  363  332  303  270  251  229  210  184  164  146  132  120  110
  104   98   98   94  100  107  125  139  151  153  151  145  139  136  130  122
  111  100   88   81   77   73   70   68   66   65   77  100  141  172  203  223
  253  279  308  342  370  394  412  424  434  438  441  447  456  461  466  464
  461  456  452  453  463  469  448  446  417                                   
    10.0-180.0 180.0   5.0 450.0                            LAT/LON1/LON2/DLON/H
  432  417  406  385  364  338  312  290  269  248  225  205  188  170  157  145
  139  130  129  126  131  138  153  160  169  164  162  149  142  132  125  118
  108  100   89   86   80   78   74   73   69   70   82  106  147  178  208  228
  258  282  313  343  373  394  412  427  436  442  445  453  455  463  465  466
  462  459  457  459  469  475  465  462  432                                   
     7.5-180.0 180.0   5.0 450.0                            LAT/LON1/LON2/DLON/H
  435  427  416  397  376  356  335  320  303  286  265  247  228  212  197  187
  180  175  173  170  173  176  184  187  186  179  169  157  144  133  125  117
