data/unet/pred2160.15i
     1.0            IONOSPHERE MAPS     GNSS                IONEX VERSION / TYPE
pyspatialgeodesy        IME             05-JAN-18 20:20     PGM / RUN BY / DATE 
Map Name                                                    COMMENT             
Predicted global ionosphere maps (GIM).                     DESCRIPTION         
  2015     8     4     0     0     0                        EPOCH OF FIRST MAP  
  2015     8     5     0     0     0                        EPOCH OF LAST MAP   
  7200                                                      INTERVAL            
    13                                                      # OF MAPS IN FILE   
  NONE                                                      MAPPING FUNCTION    
10.0                                                        ELEVATION CUTOFF    
One-way carrier phase leveled to code                       OBSERVABLES USED    
  6371.0                                                    BASE RADIUS         
 2                                                          MAP DIMENSION       
   450.0 450.0   0.0                                        HGT1 / HGT2 / DHGT  
    87.5 -87.5  -2.5                                        LAT1 / LAT2 / DLAT  
  -180.0 180.0   5.0                                        LON1 / LON2 / DLON  
    -1                                                      EXPONENT            
                                                            END OF HEADER       
[from data line 1287]
     4                                                      START OF TEC MAP    
  2015     8     4     6     0     0                        EPOCH OF CURRENT MAP
    87.5-180.0 180.0   5.0 450.0                            LAT/LON1/LON2/DLON/H
  134  153  148  147  148  145  147  145  147  145  147  145  148  146  148  146
  148  147  147  146  147  146  147  146  146  146  146  145  146  146  147  147
  148  149  150  150  152  153  154  154  156  156  158  158  159  159  160  160
  161  160  161  159  160  158  158  155  156  153  153  150  153  149  151  148
  151  149  151  150  154  149  165  144  134                                   
    85.0-180.0 180.0   5.0 450.0                            LAT/LON1/LON2/DLON/H
  146  147  137  139  140  136  139  136  140  137  140  138  140  139  140  140
  140  140  139  139  138  139  138  137  136  136  135  134  133  133  133  132
  133  132  134  132  135  134  136  137  138  140  141  143  144  146  147  150
  150  153  152  154  154  154  153  152  152  150  149  147  148  146  145  143
  145  143  143  143  145  137  147  155  146                                   
    82.5-180.0 180.0   5.0 450.0                            LAT/LON1/LON2/DLON/H
  150  144  142  144  141  138  139  138  140  139  141  140  141  141  142  141
  141  140  140  138  139  135  137  133  134  130  132  129  131  128  130  128
  130  129  132  133  136  136  139  140  142  143  146  146  150  150  155  154
  160  158  163  161  166  162  166  162  165  161  161  158  160  156  156  151
  153  150  152  150  152  148  149  145  150                                   
    80.0-180.0 180.0   5.0 450.0                            LAT/LON1/LON2/DLON/H
  156  149  146  144  141  138  139  137  137  136  137  136  137  137  137  136
  136  135  134  133  131  130  127  126  122  123  120  121  120  121  121  122
  125  126  129  130  134  135  138  139  142  143  148  150  155  156  162  163
  169  168  173  171  175  172  174  169  171  167  166  163  164  161  159  157
  157  155  155  155  157  150  145  148  156                                   
    77.5-180.0 180.0   5.0 450.0                            LAT/LON1/LON2/DLON/H
  158  151  147  147  143  141  139  138  137  136  136  136  137  137  137  136
  136  134  134  131  129  125  122  119  115  114  112  113  111  115  115  119
  120  125  127  132  132  138  137  143  142  148  150  157  159  166  170  175
  179  183  186  188  189  189  188  187  186  183  180  178  177  175  172  171
  170  169  168  169  169  162  151  152  158                                   
    75.0-180.0 180.0   5.0 450.0                            LAT/LON1/LON2/DLON/H
  163  157  152  149  143  139  136  133  130  130  129  129  129  130  130  131
  130  130  128  126  122  119  113  111  104  105  101  104  102  107  109  114
  116  122  126  131  133  136  137  139  140  145  149  154  162  167  175  179
  185  189  192  194  195  194  192  191  189  186  184  182  181  179  177  176
  175  175  175  174  175  166  158  160  163                                   
    72.5-180.0 180.0   5.0 450.0                            LAT/LON1/LON2/DLON/H
  162  158  151  149  144  138  134  129  125  122  122  121  122  123  126  126
  127  127  126  124  119  115  109  105   98   97   94   95   96  101  104  111
  115  122  126  133  133  139  139  144  144  150  154  162  169  178  185  191
  196  199  201  202  202  200  197  195  193  189  187  185  186  183  182  182
  182  183  183  184  184  176  166  168  162                                   
    70.0-180.0 180.0   5.0 450.0                            LAT/LON1/LON2/DLON/H
  168  162  156  152  143  136  129  124  117  115  113  114  114  117  119  121
  123  124  124  121  116  112  105  100   92   91   86   88   88   94   98  106
  111  120  126  131  133  137  137  142  143  150  156  166  174  184  191  199
  203  205  206  206  203  200  195  192  189  187  183  183  183  183  181  183
  183  185  186  187  187  179  170  176  168                                   
    67.5-180.0 180.0   5.0 450.0                            LAT/LON1/LON2/DLON/H
  167  162  154  152  142  134  125  118  112  110  107  107  107  110  112  115
  116  118  117  116  111  108   99   95   87   85   81   83   84   91   97  106
  113  121  126  133  134  139  138  143  145  152  160  171  181  189  198  203
  207  206  206  203  199  194  189  186  183  180  179  179  180  181  181  184
  185  188  190  193  192  185  176  178  167                                   
    65.0-180.0 180.0   5.0 450.0                            LAT/LON1/LON2/DLON/H
  171  166  159  154  143  134  124  116  108  105  101  102  101  104  106  109
  111  112  112  110  106  101   95   89   83   80   77   78   79   86   91  101
  108  116  123  129  131  134  135  140  144  154  163  176  185  195  201  207
  208  208  204  200  194  187  181  177  173  171  168  171  171  175  174  179
  180  185  188  191  191  184  177  184  171                                   
    62.5-180.0 180.0   5.0 450.0                            LAT/LON1/LON2/DLON/H
  169  168  159  156  146  137  125  117  108  104   99   98   96   97   98   99
  100  101  101   99   97   92   88   83   77   75   72   74   76   82   89  100
  107  115  122  129  130  134  136  142  149  158  170  182  193  200  208  209
  211  208  205  199  193  186  179  176  171  170  167  170  171  174  174  178
  179  184  187  190  191  186  181  183  169                                   
    60.0-180.0 180.0   5.0 450.0                            LAT/LON1/LON2/DLON/H
  174  175  168  162  153  143  132  121  110  104   97   95   92   93   92   93
   93   92   92   89   88   83   82   77   77   73   73   74   75   80   86   95
  101  109  116  123  126  132  134  142  150  164  174  187  196  204  208  212
  211  210  204  199  193  187  180  176  172  170  167  169  170  172  171  174
  175  181  184  188  188  185  181  190  174                                   
    57.5-180.0 180.0   5.0 450.0                            LAT/LON1/LON2/DLON/H
  176  180  175  172  161  152  140  128  115  107   98   94   89   87   86   84
   84   81   82   77   78   73   74   71   71   68   68   69   71   76   81   90
   97  105  112  120  126  132  138  146  157  169  183  193  204  210  215  215
  217  214  211  207  203  199  192  189  183  182  176  179  176  179  175  178
  176  181  183  187  189  187  186  191  176                                   
    55.0-180.0 180.0   5.0 450.0                            LAT/LON1/LON2/DLON/H
  183  189  188  183  173  163  151  138  123  110   99   92   84   83   79   79
   76   74   72   70   70   68   70   69   72   71   72   73   74   78   80   88
   93  102  106  119  124  135  139  150  162  176  186  199  208  215  219  222
  223  222  219  217  214  211  207  202  198  193  190  188  185  183  179  178
  176  181  183  188  189  190  190  199  183                                   
    52.5-180.0 180.0   5.0 450.0                            LAT/LON1/LON2/DLON/H
  190  197  197  197  189  177  165  149  132  116  102   93   85   81   77   75
   73   69   69   65   67   65   69   69   72   71   73   74   75   77   80   86
   91  100  108  120  131  141  150  160  173  185  199  209  219  225  229  232
  235  236  236  234  232  229  225  220  213  210  203  202  196  193  187  185
  181  186  187  193  196  198  199  206  190                                   
    50.0-180.0 180.0   5.0 450.0                            LAT/LON1/LON2/DLON/H
  204  209  212  209  203  193  179  163  145  127  108   96   82   78   73   73
   69   69   66   66   67   68   73   76   79   81   81   83   82   83   83   88
   92  102  108  123  133  146  154  165  179  192  204  215  225  233  237  244
  249  252  252  251  247  243  238  233  228  220  215  210  206  200  194  191
  188  192  196  201  204  205  207  217  204                                   
    47.5-180.0 180.0   5.0 450.0                            LAT/LON1/LON2/DLON/H
  212  220  222  220  215  206  193  175  157  136  116  100   88   81   77   75
   74   72   73   71   74   74   81   82   87   85   88   87   89   87   89   90
   97  104  116  128  144  155  166  175  188  202  215  226  236  244  251  258
  266  270  271  268  263  257  250  242  236  229  222  217  212  207  201  200
  198  204  205  212  214  215  216  224  212                                   
    45.0-180.0 180.0   5.0 450.0                            LAT/LON1/LON2/DLON/H
  221  228  229  226  222  213  202  184  164  145  123  107   90   84   77   78
   75   77   76   79   80   85   90   94   96   97   97   97   96   96   94   97
  100  109  116  133  146  158  167  180  193  207  218  232  242  254  262  273
  281  286  285  280  272  264  255  248  241  233  227  221  217  211  207  208
  210  216  221  225  225  224  224  234  221                                   
    42.5-180.0 180.0   5.0 450.0                            LAT/LON1/LON2/DLON/H
  224  229  228  224  221  213  204  189  173  153  135  115  102   91   86   85
   85   85   88   89   94   95  102  103  105  103  104  102  103  100  102  101
  108  113  127  139  155  165  176  187  200  214  228  241  252  264  277  287
  297  301  300  294  285  274  265  255  247  239  233  228  223  220  217  221
  224  234  236  241  238  236  236  241  224                                   
    40.0-180.0 180.0   5.0 450.0                            LAT/LON1/LON2/DLON/H
  231  230  226  222  217  210  202  187  173  158  140  123  107   99   90   90
   89   92   93   98  101  107  111  113  113  113  111  110  108  108  108  109
  112  117  127  139  153  164  174  188  202  217  230  244  257  272  285  299
  309  312  310  304  295  286  274  267  260  252  245  240  237  234  232  237
  244  254  259  261  257  247  245  252  231                                   
    37.5-180.0 180.0   5.0 450.0                            LAT/LON1/LON2/DLON/H
  238  233  227  217  211  200  193  183  175  163  151  134  122  110  104   99
  101   99  104  104  112  114  120  119  119  116  115  113  113  110  113  111
  116  118  129  137  153  165  178  189  205  219  234  248  264  278  294  307
  319  322  323  318  313  305  298  291  286  278  270  265  259  257  255  263
  269  282  285  286  279  268  263  262  238                                   
    35.0-180.0 180.0   5.0 450.0                            LAT/LON1/LON2/DLON/H
  256  243  231  218  204  193  184  177  170  162  154  142  129  120  110  106
  104  105  107  112  117  124  126  129  126  125  121  121  118  118  116  116
  116  118  126  133  146  160  173  188  202  220  236  251  265  282  297  314
  326  333  334  334  332  332  329  328  321  316  306  299  292  288  287  294
  303  315  320  318  308  294  285  283  256                                   
    32.5-180.0 180.0   5.0 450.0                            LAT/LON1/LON2/DLON/H
  277  262  244  224  206  191  181  172  168  163  160  152  143  130  123  113
  114  108  114  112  123  125  132  133  130  128  125  123  123  120  121  116
  117  115  124  130  145  159  173  189  204  221  238  253  269  286  304  320
  336  343  352  355  363  366  371  373  369  364  353  343  332  327  322  330
  340  353  359  356  346  330  315  307  277                                   
    30.0-180.0 180.0   5.0 450.0                            LAT/LON1/LON2/DLON/H
  308  285  262  242  221  202  188  177  171  165  163  158  151  139  128  120
  116  114  115  119  127  135  140  144  141  139  133  132  128  126  120  116
  112  110  114  122  138  153  168  186  201  219  235  254  270  289  308  325
  343  356  368  381  396  410  419  426  422  417  402  392  379  371  365  371
  381  392  398  393  381  366  347  339  308                                   
    27.5-180.0 180.0   5.0 450.0                            LAT/LON1/LON2/DLON/H
  339  320  290  268  247  227  206  190  179  171  168  164  158  147  138  126
  124  116  120  120  132  139  148  152  149  146  141  136  133  126  124  113
  111  104  111  116  133  149  168  185  202  217  235  252  271  288  309  327
  348  364  384  402  426  444  461  471  471  466  451  439  423  413  405  410
  417  428  434  431  418  406  381  371  339                                   
    25.0-180.0 180.0   5.0 450.0                            LAT/LON1/LON2/DLON/H
  371  353  324  302  279  257  233  208  190  180  175  169  163  151  141  132
  127  123  124  129  140  152  159  164  160  156  148  142  133  127  118  111
  101   98  100  111  128  146  163  181  197  213  234  254  274  290  313  331
  354  374  399  425  451  477  497  512  513  511  493  480  462  451  443  445
  452  462  468  467  454  444  420  406  371                                   
    22.5-180.0 180.0   5.0 450.0                            LAT/LON1/LON2/DLON/H
  396  392  364  342  318  295  266  237  210  194  184  175  168  157  147  137
  132  126  127  131  145  158  168  174  173  168  160  147  139  125  119  103
   98   90   98  107  127  145  165  183  198  214  236  256  276  292  315  334
  360  383  412  440  469  494  514  529  532  529  515  502  486  476  469  471
  477  485  493  493  483  472  456  438  396                                   
    20.0-180.0 180.0   5.0 450.0                            LAT/LON1/LON2/DLON/H
  420  414  396  375  350  328  297  263  230  206  192  183  175  163  151  143
  138  136  136  142  155  168  176  184  182  175  161  147  131  123  108   99
   88   86   90  103  123  145  164  182  198  214  240  262  284  300  321  341
  369  395  422  451  476  501  517  532  535  534  523  515  503  494  488  489
  493  500  508  510  501  496  482  460  420                                   
    17.5-180.0 180.0   5.0 450.0                            LAT/LON1/LON2/DLON/H
  432  433  418  399  376  352  319  286  248  222  203  191  181  169  159  149
  146  142  142  148  158  172  182  191  188  180  166  147  133  117  105   91
   85   79   88  100  122  145  166  186  202  219  242  268  289  305  326  346
  374  398  425  449  472  489  501  512  515  515  511  507  500  496  493  495
  500  505  513  512  506  501  494  471  432                                   
    15.0-180.0 180.0   5.0 450.0                            LAT/LON1/LON2/DLON/H
  435  434  423  407  386  363  328  296  257  231  212  200  191  179  169  162
  157  157  155  160  167  178  186  192  188  177  158  141  122  110   95   84
   75   73   79   97  115  143  162  185  202  219  246  273  295  312  333  356
  381  405  427  447  462  476  485  494  497  501  501  502  499  499  498  500
  505  505  511  509  502  500  490  470  435                                   
    12.5-180.0 180.0   5.0 450.0                            LAT/LON1/LON2/DLON/H
  432  433  421  401  381  359  327  298  264  240  222  211  201  190  181  171
  167  163  160  162  166  176  180  184  178  168  149  132  113   98   86   74
   70   66   76   89  110  137  161  183  201  223  246  278  297  318  339  360
  386  407  426  442  453  461  466  474  479  484  486  490  491  495  494  497
  501  501  502  499  493  489  485  465  432                                   
    10.0-180.0 180.0   5.0 450.0                            LAT/LON1/LON2/DLON/H
  426  422  409  392  369  348  319  296  266  247  229  222  214  204  195  189
  182  180  174  174  172  176  176  178  169  158  141  123  108   96   84   75
   68   67   72   85  103  133  158  181  201  221  245  273  297  319  343  367
  392  412  428  443  451  460  464  474  480  488  489  494  494  497  496  498
  499  497  494  489  483  479  469  454  426                                   
     7.5-180.0 180.0   5.0 450.0                            LAT/LON1/LON2/DLON/H
  422  418  401  378  354  333  306  286  265  250  238  232  226  217  208  198
  191  184  177  172  165  165  158  159  148  139  124  110   96   85   77   69
