data/unet/pred0840.15i
     1.0            IONOSPHERE MAPS     GNSS                IONEX VERSION / TYPE
pyspatialgeodesy        IME             05-JAN-18 20:20     PGM / RUN BY / DATE 
Map Name                                                    COMMENT             
Predicted global ionosphere maps (GIM).                     DESCRIPTION         
  2015     3    25     0     0     0                        EPOCH OF FIRST MAP  
  2015     3    26     0     0     0                        EPOCH OF LAST MAP   
  7200                                                      INTERVAL            
    13                                                      # OF MAPS IN FILE   
  NONE                                                      MAPPING FUNCTION    
10.0                                                        ELEVATION CUTOFF    
One-way carrier phase leveled to code                       OBSERVABLES USED    
  6371.0                                                    BASE RADIUS         
 2                                                          MAP DIMENSION       
   450.0 450.0   0.0                                        HGT1 / HGT2 / DHGT  
    87.5 -87.5  -2.5                                        LAT1 / LAT2 / DLAT  
  -180.0 180.0   5.0                                        LON1 / LON2 / DLON  
    -1                                                      EXPONENT            
                                                            END OF HEADER       
[from data line 2145]
     6                                                      START OF TEC MAP    
  2015     3    25    10     0     0                        EPOCH OF CURRENT MAP
    87.5-180.0 180.0   5.0 450.0                            LAT/LON1/LON2/DLON/H
  108  130  128  131  135  135  141  141  147  147  152  152  156  155  157  154
  157  153  155  151  154  149  151  146  149  144  147  143  146  142  145  141
  143  140  142  139  141  138  139  137  137  135  134  133  131  131  129  129
  126  127  124  125  122  123  120  120  118  118  117  117  117  117  118  117
  119  118  120  119  121  122  130  111  108                                   
    85.0-180.0 180.0   5.0 450.0                            LAT/LON1/LON2/DLON/H
  123  118  127  132  137  137  143  146  153  155  160  162  165  167  167  168
  167  168  167  166  167  165  166  164  166  165  166  166  168  167  168  167
  169  168  169  167  167  166  163  162  158  157  153  151  146  144  139  136
  131  128  123  120  115  113  110  108  106  104  103  102  103  102  102  102
  105  104  108  108  114  116  130  112  123                                   
    82.5-180.0 180.0   5.0 450.0                            LAT/LON1/LON2/DLON/H
  107  113  118  124  128  133  138  145  150  155  158  162  163  165  165  166
  165  164  163  161  161  159  159  158  159  160  161  163  165  167  168  171
  173  176  177  178  179  179  178  175  173  170  168  162  160  153  150  143
  138  130  126  117  114  106  106   98   98   91   91   87   87   84   84   84
   85   86   88   90   97  101  111  105  107                                   
    80.0-180.0 180.0   5.0 450.0                            LAT/LON1/LON2/DLON/H
  100  105  106  112  118  125  131  138  142  147  150  152  154  152  154  149
  151  145  146  142  143  139  140  137  141  139  144  147  153  156  161  165
  169  174  177  182  183  186  185  186  183  183  179  177  172  168  164  158
  152  146  140  132  126  120  116  110  106  101   98   94   92   88   87   84
   84   84   84   85   89   90  102   92  100                                   
    77.5-180.0 180.0   5.0 450.0                            LAT/LON1/LON2/DLON/H
   95  102  103  107  113  119  125  129  134  135  138  137  137  132  130  126
  124  122  119  118  117  116  114  116  116  122  125  133  139  147  153  161
  167  175  181  188  192  196  198  199  200  200  199  198  195  192  189  184
  180  174  170  164  159  153  149  144  139  134  128  124  119  113  110  105
  102   98   96   93   94   94  103   91   95                                   
    75.0-180.0 180.0   5.0 450.0                            LAT/LON1/LON2/DLON/H
   97   98   97  103  105  114  116  123  123  126  124  123  119  116  110  108
  102  102   98   97   95   94   93   94   96  102  106  118  123  136  142  155
  161  174  181  193  197  208  208  217  215  222  220  223  219  221  217  216
  210  208  203  199  192  187  181  176  170  165  158  154  147  142  135  132
  125  122  115  113  106  103  108   93   97                                   
    72.5-180.0 180.0   5.0 450.0                            LAT/LON1/LON2/DLON/H
   98   99   96   98   99  104  109  113  114  115  112  109  104  100   95   91
   88   85   83   83   80   81   79   83   83   89   93  104  110  123  132  144
  154  166  177  189  199  210  218  226  231  237  239  243  243  244  242  240
  238  236  233  230  224  221  215  212  204  200  190  185  177  172  166  159
  152  143  136  128  121  114  115  104   98                                   
    70.0-180.0 180.0   5.0 450.0                            LAT/LON1/LON2/DLON/H
  100   95   92   93   95  101  103  109  107  109  103  101   96   91   87   82
   81   78   78   77   78   74   77   74   81   81   90   97  106  119  127  142
  150  165  175  190  200  216  224  240  241  255  255  265  264  268  266  265
  263  261  260  257  253  247  244  237  232  221  213  205  197  190  182  177
  169  163  152  145  134  122  118  108  100                                   
    67.5-180.0 180.0   5.0 450.0                            LAT/LON1/LON2/DLON/H
   99   96   89   90   90   93   99  102  102  103   98   95   90   86   83   81
   80   80   81   83   83   85   81   84   81   86   87   97  100  116  122  137
  145  160  171  186  199  214  229  243  252  263  269  280  281  286  284  283
  281  279  278  274  268  264  256  252  244  235  224  215  206  197  189  182
  176  167  159  148  139  123  118  112   99                                   
    65.0-180.0 180.0   5.0 450.0                            LAT/LON1/LON2/DLON/H
   99   88   82   82   83   89   92   98   97   99   95   92   88   84   83   80
   84   82   88   88   93   90   91   87   88   87   92   97  104  116  123  138
  144  160  170  185  201  217  234  251  261  277  282  294  295  299  297  298
  295  295  292  288  280  274  269  261  254  242  231  221  210  200  189  181
  171  166  154  147  136  121  113  110   99                                   
    62.5-180.0 180.0   5.0 450.0                            LAT/LON1/LON2/DLON/H
   95   84   76   76   74   79   83   89   91   93   90   89   84   82   82   81
   84   87   92   94   98   97   97   95   92   93   92   99  102  116  119  137
  142  158  167  185  199  218  234  254  270  284  296  306  309  312  311  310
  309  308  305  299  289  281  271  262  253  241  230  218  208  196  185  173
  166  155  148  137  129  113  110  107   95                                   
    60.0-180.0 180.0   5.0 450.0                            LAT/LON1/LON2/DLON/H
   96   78   71   68   66   70   74   79   81   83   82   82   80   79   80   81
   86   88   93   94   99   96  100   96  100   96  100  100  108  116  124  141
  147  164  173  188  205  222  243  261  281  298  310  319  322  323  323  322
  321  320  315  309  299  289  278  269  258  248  235  226  213  202  186  174
  161  152  140  133  124  111  104  106   96                                   
    57.5-180.0 180.0   5.0 450.0                            LAT/LON1/LON2/DLON/H
   96   81   71   65   59   60   60   65   67   72   71   75   72   74   75   78
   83   85   88   88   91   89   92   92   96   96   99  101  106  116  122  142
  149  169  177  197  210  231  250  272  291  308  322  328  332  333  333  333
  333  333  329  321  310  298  286  274  264  253  243  232  223  210  196  178
  164  150  140  130  123  109  108  106   96                                   
    55.0-180.0 180.0   5.0 450.0                            LAT/LON1/LON2/DLON/H
  106   87   76   65   57   54   53   54   56   59   61   64   63   67   67   73
   74   78   78   79   79   80   84   86   94   94  104  104  116  120  133  153
  162  185  194  212  224  244  264  286  308  325  341  347  349  348  350  349
  352  350  348  339  329  318  306  293  282  276  265  260  247  238  219  204
  183  169  154  145  136  122  116  114  106                                   
    52.5-180.0 180.0   5.0 450.0                            LAT/LON1/LON2/DLON/H
  119  104   87   74   60   53   47   47   46   51   52   57   57   63   65   69
   71   71   72   69   71   69   76   80   91   96  107  111  122  133  147  168
  178  201  209  233  242  265  280  304  323  341  355  362  364  363  365  366
  369  370  367  359  348  336  324  311  305  295  288  280  274  261  246  227
  209  190  174  160  151  139  135  127  119                                   
    50.0-180.0 180.0   5.0 450.0                            LAT/LON1/LON2/DLON/H
  138  123  104   91   74   61   53   46   43   46   47   51   52   56   57   64
   62   66   60   62   59   66   70   81   92   99  112  117  133  147  161  184
  195  218  227  251  260  282  296  322  340  359  374  381  385  384  385  385
  390  388  389  381  371  359  345  336  326  321  310  307  296  291  273  260
  237  220  199  186  170  155  147  144  138                                   
    47.5-180.0 180.0   5.0 450.0                            LAT/LON1/LON2/DLON/H
  158  146  130  114   92   76   64   54   48   49   49   54   54   58   59   64
   65   65   62   60   61   63   72   80   96  107  123  132  148  163  180  200
  215  239  251  274  283  303  318  339  357  375  390  396  399  399  399  398
  400  400  398  392  382  369  355  342  335  326  319  311  307  296  287  271
  255  233  217  198  185  170  168  163  158                                   
    45.0-180.0 180.0   5.0 450.0                            LAT/LON1/LON2/DLON/H
  173  162  147  135  115  100   84   72   65   61   59   61   59   62   61   66
   64   68   61   63   58   67   71   86   99  114  130  142  157  172  188  209
  222  248  260  284  295  317  331  353  372  391  408  415  419  419  420  419
  419  416  415  408  397  384  368  356  345  336  323  321  309  308  291  283
  259  246  222  209  190  175  167  171  173                                   
    42.5-180.0 180.0   5.0 450.0                            LAT/LON1/LON2/DLON/H
  176  167  160  155  138  123  106   92   83   77   75   74   73   73   72   76
   75   78   73   74   70   75   81   93  109  124  141  156  169  184  198  217
  234  260  276  299  315  335  352  372  393  411  425  432  435  435  436  434
  432  427  423  415  404  389  373  358  345  329  318  305  299  289  280  268
  253  237  217  201  186  173  170  175  176                                   
    40.0-180.0 180.0   5.0 450.0                            LAT/LON1/LON2/DLON/H
  170  163  157  158  147  139  126  116  107   99   95   92   87   84   81   83
   83   85   81   82   77   82   82   95  106  123  140  157  171  184  199  214
  233  259  281  307  324  350  364  387  408  429  443  450  454  455  456  454
  450  445  438  432  420  408  391  377  361  345  324  314  295  290  271  264
  243  232  208  195  173  157  153  165  170                                   
    37.5-180.0 180.0   5.0 450.0                            LAT/LON1/LON2/DLON/H
  150  148  146  153  146  143  134  127  118  112  108  105  101   98   95   97
   95   98   94   93   87   88   89   97  108  125  140  160  170  186  193  218
  233  266  290  322  345  370  391  414  436  453  464  470  473  475  476  474
  471  465  461  454  446  434  419  401  381  360  339  320  303  287  271  255
  238  221  198  179  161  138  141  147  150                                   
    35.0-180.0 180.0   5.0 450.0                            LAT/LON1/LON2/DLON/H
  131  131  128  137  136  137  136  131  128  122  121  115  114  108  107  104
  106  106  103  101   94   94   89   97  104  119  136  155  171  182  198  215
  244  270  306  337  363  391  412  436  456  476  485  492  495  496  499  500
  500  501  500  500  492  487  474  457  437  412  386  362  339  315  290  272
  251  232  203  180  153  129  132  142  131                                   
    32.5-180.0 180.0   5.0 450.0                            LAT/LON1/LON2/DLON/H
  123  114  112  119  121  123  122  119  119  119  120  119  118  118  115  117
  115  116  113  110  102   96   93   94  104  116  134  157  171  190  201  232
  256  294  325  366  394  424  446  471  490  508  518  520  523  524  531  531
  537  542  552  561  569  571  563  544  520  487  453  424  394  366  337  309
  287  258  231  192  167  135  133  127  123                                   
    30.0-180.0 180.0   5.0 450.0                            LAT/LON1/LON2/DLON/H
  121  105   97  102  107  109  113  109  113  111  117  115  122  117  123  120
  122  120  115  111  102   97   91   95  101  117  134  157  179  201  230  262
  298  327  361  393  432  460  486  502  520  537  547  549  548  557  563  577
  600  626  640  649  655  659  655  646  632  607  581  548  501  451  404  371
  341  315  282  250  210  173  155  157  121                                   
    27.5-180.0 180.0   5.0 450.0                            LAT/LON1/LON2/DLON/H
  143  114  103  102  104  106  109  102  105  105  111  113  118  120  124  126
  126  125  122  116  109  102   95   96  107  119  147  168  197  226  261  285
  318  343  387  419  460  492  519  537  555  573  584  584  590  598  622  654
  683  708  736  752  772  780  787  781  767  749  720  684  633  581  528  465
  412  380  341  309  271  231  194  176  143                                   
    25.0-180.0 180.0   5.0 450.0                            LAT/LON1/LON2/DLON/H
  166  153  130  114  113  108  110  103  105  102  109  108  117  116  126  121
  127  121  121  115  109  101   98  102  110  128  152  185  220  255  289  315
  345  384  419  459  496  526  555  569  588  603  608  619  622  656  685  726
  758  798  832  864  890  906  907  904  892  883  857  825  775  714  634  573
  527  473  418  385  345  303  272  243  166                                   
    22.5-180.0 180.0   5.0 450.0                            LAT/LON1/LON2/DLON/H
  211  203  179  159  140  131  121  114  112  109  112  112  116  118  124  125
  128  125  125  119  115  110  109  108  125  131  171  201  246  275  307  333
  370  406  451  488  528  556  580  596  617  631  646  654  682  704  742  781
  826  870  909  936  963  978  986  983  977  967  949  922  877  813  749  677
  607  558  517  474  425  390  350  300  211                                   
    20.0-180.0 180.0   5.0 450.0                            LAT/LON1/LON2/DLON/H
  270  269  240  211  186  174  159  139  134  121  126  117  125  119  126  122
  128  121  124  118  119  112  113  110  124  141  180  219  260  286  321  357
  404  443  487  528  560  584  606  620  638  660  676  698  724  748  782  822
  868  900  937  959  984  996 1002 1003  997  992  975  961  917  871  800  748
  685  630  576  532  497  468  432  376  270                                   
    17.5-180.0 180.0   5.0 450.0                            LAT/LON1/LON2/DLON/H
  339  332  302  269  238  223  201  184  167  149  143  134  133  129  131  127
  130  125  127  121  125  117  123  111  133  151  199  233  268  294  332  375
  424  468  514  551  582  608  620  638  659  683  710  736  758  785  815  849
  880  910  935  952  968  974  983  978  978  968  960  941  915  868  815  755
  711  667  624  574  532  507  500  421  339                                   
    15.0-180.0 180.0   5.0 450.0                            LAT/LON1/LON2/DLON/H
  393  396  370  330  293  261  241  231  210  179  163  144  142  135  134  131
  131  128  128  126  127  123  122  116  135  154  194  227  273  306  350  393
  448  496  543  575  601  619  630  646  672  701  734  757  785  804  834  851
  872  882  896  897  907  909  921  922  917  913  906  889  861  826  772  737
  691  670  629  587  547  529  528  453  393                                   
    12.5-180.0 180.0   5.0 450.0                            LAT/LON1/LON2/DLON/H
  431  449  410  378  336  296  269  252  242  218  191  166  156  147  138  135
  132  128  122  122  125  129  138  128  141  158  195  237  282  318  359  405
  464  509  552  584  604  625  635  652  681  710  744  773  799  823  843  857
  857  852  844  833  829  829  834  839  827  825  813  805  784  759  724  698
  661  640  607  572  548  534  542  471  431                                   
    10.0-180.0 180.0   5.0 450.0                            LAT/LON1/LON2/DLON/H
  459  474  445  403  368  329  295  276  267  248  222  193  170  158  146  143
  134  135  126  130  127  132  128  121  132  153  198  244  293  323  367  415
  469  513  551  583  603  623  637  654  682  706  743  770  806  830  851  856
  845  824  803  778  767  761  762  756  756  739  737  732  716  709  674  657
  617  607  571  551  532  529  542  477  459                                   
     7.5-180.0 180.0   5.0 450.0                            LAT/LON1/LON2/DLON/H
  475  492  460  430  392  346  313  286  281  267  247  218  188  172  163  158
  149  147  136  137  130  133  126  123  136  167  217  278  302  335  374  418
