data/unet/pred1030.15i
     1.0            IONOSPHERE MAPS     GNSS                IONEX VERSION / TYPE
pyspatialgeodesy        IME             05-JAN-18 20:20     PGM / RUN BY / DATE 
Map Name                                                    COMMENT             
Predicted global ionosphere maps (GIM).                     DESCRIPTION         
  2015     4    13     0     0     0                        EPOCH OF FIRST MAP  
  2015     4    14     0     0     0                        EPOCH OF LAST MAP   
  7200                                                      INTERVAL            
    13                                                      # OF MAPS IN FILE   
  NONE                                                      MAPPING FUNCTION    
10.0                                                        ELEVATION CUTOFF    
One-way carrier phase leveled to code                       OBSERVABLES USED    
  6371.0                                                    BASE RADIUS         
 2                                                          MAP DIMENSION       
   450.0 450.0   0.0                                        HGT1 / HGT2 / DHGT  
    87.5 -87.5  -2.5                                        LAT1 / LAT2 / DLAT  
  -180.0 180.0   5.0                                        LON1 / LON2 / DLON  
    -1                                                      EXPONENT            
                                                            END OF HEADER       
[from data line 3432]
     9                                                      START OF TEC MAP    
  2015     4    13    16     0     0                        EPOCH OF CURRENT MAP
    87.5-180.0 180.0   5.0 450.0                            LAT/LON1/LON2/DLON/H
  190  196  195  195  196  195  196  195  197  197  199  197  199  198  199  198
  199  198  200  198  200  198  200  198  199  196  197  194  195  191  192  189
  190  187  189  186  187  185  187  185  187  186  188  187  189  188  191  191
  193  192  195  193  196  194  197  195  198  196  197  196  198  196  197  196
  197  196  198  196  196  195  199  201  190                                   
    85.0-180.0 180.0   5.0 450.0                            LAT/LON1/LON2/DLON/H
  187  198  194  196  197  196  198  197  199  199  202  201  204  202  205  203
  205  203  206  204  206  204  206  202  204  201  202  198  199  195  196  192
  193  190  191  188  189  186  188  186  188  187  189  188  190  190  193  192
  196  195  199  197  202  199  204  201  205  203  206  203  206  203  204  201
  204  201  203  200  200  194  194  186  187                                   
    82.5-180.0 180.0   5.0 450.0                            LAT/LON1/LON2/DLON/H
  195  189  188  187  188  188  189  190  191  193  195  196  198  198  199  199
  200  200  201  201  201  201  201  200  199  200  198  198  196  196  192  192
  187  189  184  185  181  182  179  180  178  180  180  182  182  186  186  190
  190  194  194  197  198  200  201  202  203  202  202  202  202  200  200  198
  198  197  198  196  196  186  190  179  195                                   
    80.0-180.0 180.0   5.0 450.0                            LAT/LON1/LON2/DLON/H
  176  172  169  171  170  173  173  177  177  181  182  186  186  190  189  192
  191  194  194  196  195  197  195  197  195  197  195  196  194  195  192  192
  188  188  185  183  180  179  176  176  174  175  174  176  176  178  179  182
  183  185  187  188  190  191  192  192  192  192  190  190  188  187  183  184
  180  182  178  179  175  174  167  164  176                                   
    77.5-180.0 180.0   5.0 450.0                            LAT/LON1/LON2/DLON/H
  154  153  149  151  152  154  157  158  162  164  169  171  174  176  179  180
  182  183  186  186  189  189  192  192  195  195  198  198  200  198  198  194
  193  189  188  183  182  177  176  172  172  170  172  170  173  172  175  175
  177  177  178  179  180  180  181  182  181  180  178  177  174  172  168  166
  162  161  157  157  153  148  146  143  154                                   
    75.0-180.0 180.0   5.0 450.0                            LAT/LON1/LON2/DLON/H
  131  135  133  136  139  143  144  149  150  156  158  164  165  169  171  173
  175  177  180  183  186  190  193  197  199  204  206  209  211  211  210  207
  205  201  199  193  192  186  186  180  180  176  178  175  177  175  178  175
  177  174  176  173  175  172  175  171  172  168  167  162  161  157  154  150
  147  145  143  142  140  137  136  131  131                                   
    72.5-180.0 180.0   5.0 450.0                            LAT/LON1/LON2/DLON/H
  120  126  124  129  132  134  139  140  145  148  152  156  158  161  164  167
  169  173  176  180  183  189  194  200  205  212  216  220  222  222  221  218
  215  211  207  202  200  196  194  191  189  187  187  185  184  182  181  179
  176  174  171  169  166  165  163  163  160  159  154  154  147  146  139  138
  132  132  127  129  124  122  124  121  120                                   
    70.0-180.0 180.0   5.0 450.0                            LAT/LON1/LON2/DLON/H
  107  116  117  123  126  128  132  134  139  141  147  151  155  159  163  168
  170  174  177  182  186  191  196  203  209  217  220  226  226  228  225  223
  218  214  212  206  206  201  202  197  198  194  196  190  192  185  186  178
  176  168  166  159  157  152  152  148  148  143  143  139  137  132  129  125
  122  119  117  118  118  115  119  113  107                                   
    67.5-180.0 180.0   5.0 450.0                            LAT/LON1/LON2/DLON/H
  101  112  112  118  121  124  129  131  135  139  145  151  156  162  168  173
  176  179  182  186  188  192  197  203  209  214  222  224  228  226  225  221
  218  213  211  208  207  204  205  202  202  200  200  197  196  191  187  179
  171  163  155  148  141  138  133  132  129  129  125  126  120  121  114  115
  110  111  108  110  106  106  110  107  101                                   
    65.0-180.0 180.0   5.0 450.0                            LAT/LON1/LON2/DLON/H
   94  106  107  112  117  121  127  129  135  140  148  155  162  171  176  183
  184  190  189  192  193  197  200  205  210  217  221  226  224  226  220  220
  213  213  211  209  209  206  209  205  208  204  208  202  202  195  190  180
  170  159  148  139  131  127  122  120  117  116  114  114  110  110  106  104
  101  100   99   99  100   99  103  101   94                                   
    62.5-180.0 180.0   5.0 450.0                            LAT/LON1/LON2/DLON/H
   87  100  101  107  112  119  124  130  134  142  149  159  168  177  183  189
  191  194  196  194  196  196  200  201  207  209  216  216  219  217  216  212
  211  208  209  206  208  207  210  209  210  211  210  209  204  200  192  183
  169  158  144  134  122  117  111  109  106  107  104  106  100  102   95   97
   91   93   90   92   88   86   88   94   87                                   
    60.0-180.0 180.0   5.0 450.0                            LAT/LON1/LON2/DLON/H
   78   86   91   96  106  114  120  127  132  142  150  162  169  181  185  193
  194  198  196  197  196  197  199  201  206  207  215  215  218  216  216  214
  212  211  212  209  213  211  216  213  217  215  218  212  211  204  197  186
  173  161  146  135  123  117  110  108  105  104  103  103   99   98   93   91
   86   85   84   84   82   80   80   84   78                                   
    57.5-180.0 180.0   5.0 450.0                            LAT/LON1/LON2/DLON/H
   71   77   79   85   95  105  113  122  130  139  149  160  169  180  186  192
  195  196  198  194  195  193  196  195  201  200  210  211  216  216  219  217
  218  215  217  213  216  215  220  218  221  222  222  219  214  209  200  191
  178  167  152  142  129  123  116  115  112  113  108  109  101  100   91   89
   81   81   77   77   72   69   66   73   71                                   
    55.0-180.0 180.0   5.0 450.0                            LAT/LON1/LON2/DLON/H
   64   66   70   77   89  101  110  121  128  140  149  162  169  181  184  194
  192  197  196  194  193  191  194  195  201  203  212  217  222  226  227  230
  228  229  228  227  228  227  230  229  232  232  232  228  223  217  209  200
  189  180  166  157  145  139  133  129  128  125  122  118  112  108  100   95
   88   85   81   80   76   72   68   68   64                                   
    52.5-180.0 180.0   5.0 450.0                            LAT/LON1/LON2/DLON/H
   67   70   68   76   85   97  109  121  131  143  153  165  173  183  188  195
  197  200  200  196  197  191  196  194  204  205  220  225  234  240  245  246
  246  243  244  239  243  239  245  243  248  247  247  241  235  227  220  211
  201  194  182  176  165  163  155  155  149  148  141  138  127  123  110  106
   97   95   88   87   80   75   71   69   67                                   
    50.0-180.0 180.0   5.0 450.0                            LAT/LON1/LON2/DLON/H
   77   76   77   82   90  103  114  128  138  151  161  173  178  188  192  201
  202  208  207  204  201  198  201  202  211  219  231  241  248  259  262  267
  265  265  262  259  259  258  261  261  264  263  262  255  248  239  231  222
  214  208  200  194  187  183  179  176  172  167  162  155  147  140  131  125
  118  115  110  108  102   94   92   82   77                                   
    47.5-180.0 180.0   5.0 450.0                            LAT/LON1/LON2/DLON/H
   98   94   89   92   97  111  121  138  148  163  173  183  189  195  201  209
  213  217  216  212  211  206  211  212  222  228  241  248  257  268  273  277
  276  274  274  270  274  272  278  278  282  280  277  268  259  250  240  232
  223  218  211  207  199  198  193  193  188  185  177  173  163  160  147  145
  135  136  127  129  120  117  112  106   98                                   
    45.0-180.0 180.0   5.0 450.0                            LAT/LON1/LON2/DLON/H
  119  114  108  107  114  127  137  153  166  180  189  199  202  207  213  221
  227  232  232  231  229  228  228  233  238  247  253  263  268  284  283  293
  287  290  286  288  288  290  293  296  297  294  289  280  269  257  248  237
  228  221  215  208  203  199  198  196  196  191  188  184  177  173  165  162
  155  154  150  152  149  145  143  131  119                                   
    42.5-180.0 180.0   5.0 450.0                            LAT/LON1/LON2/DLON/H
  138  134  123  126  128  141  148  166  179  196  206  215  218  220  225  232
  237  241  243  243  243  242  242  246  250  255  262  267  276  283  286  290
  289  292  295  297  303  306  311  313  314  310  303  292  279  266  255  243
  232  223  213  207  198  196  191  193  190  192  188  188  183  184  177  177
  170  171  163  169  162  163  158  158  138                                   
    40.0-180.0 180.0   5.0 450.0                            LAT/LON1/LON2/DLON/H
  150  149  141  136  144  151  162  177  195  210  222  232  234  239  242  249
  253  256  260  262  262  263  263  267  267  272  276  282  285  294  293  299
  299  306  311  316  323  326  330  331  330  326  317  302  287  271  259  246
  236  223  212  201  192  186  185  182  185  184  185  186  185  187  185  186
  183  180  176  177  175  174  172  167  150                                   
    37.5-180.0 180.0   5.0 450.0                            LAT/LON1/LON2/DLON/H
  151  150  138  142  141  155  162  182  200  219  234  245  248  251  253  257
  257  259  261  264  266  271  271  276  275  278  282  285  291  295  296  303
  311  321  333  341  348  353  352  350  343  338  327  314  296  282  267  253
  238  224  210  197  187  180  179  177  177  178  179  183  183  187  186  190
  184  183  172  176  167  170  168  171  151                                   
    35.0-180.0 180.0   5.0 450.0                            LAT/LON1/LON2/DLON/H
  148  148  137  131  136  143  159  177  203  224  245  258  262  267  267  272
  270  273  272  279  282  291  293  300  300  303  306  310  313  320  324  336
  348  362  377  388  395  395  389  380  369  357  344  329  316  296  285  264
  253  233  220  205  198  188  187  182  184  180  183  182  185  188  193  192
  192  184  180  172  170  162  165  158  148                                   
    32.5-180.0 180.0   5.0 450.0                            LAT/LON1/LON2/DLON/H
  139  131  119  120  121  133  148  173  204  230  252  267  274  278  277  280
  275  275  275  281  287  300  305  318  318  329  332  341  348  358  371  388
  409  429  446  457  455  450  432  422  402  390  372  361  341  328  310  296
  281  263  250  237  228  219  216  212  209  204  199  196  192  193  190  191
  185  180  173  168  157  154  149  147  139                                   
    30.0-180.0 180.0   5.0 450.0                            LAT/LON1/LON2/DLON/H
  131  123  112  110  111  117  137  162  200  230  256  274  285  293  293  295
  290  293  294  305  312  328  335  349  354  366  374  389  400  421  439  466
  490  513  532  535  529  510  489  468  446  427  411  396  383  365  348  328
  314  297  283  276  267  266  262  264  261  256  243  232  224  215  213  206
  204  194  188  173  164  149  149  133  131                                   
    27.5-180.0 180.0   5.0 450.0                            LAT/LON1/LON2/DLON/H
  118  118  105  101  100  112  125  157  195  232  262  280  295  304  308  310
  307  307  311  317  328  342  351  369  375  397  407  433  455  487  517  557
  581  611  614  612  587  569  539  517  488  470  452  441  416  400  382  373
  358  345  333  325  319  316  311  309  305  301  299  296  281  262  246  231
  221  208  200  190  177  164  149  132  118                                   
    25.0-180.0 180.0   5.0 450.0                            LAT/LON1/LON2/DLON/H
  110  125  109  108  101  120  133  162  193  235  264  286  302  317  327  331
  330  334  338  352  361  375  381  398  408  429  448  481  513  557  598  644
  675  694  694  671  644  615  587  564  536  516  489  474  453  443  427  423
  406  402  387  389  378  380  367  366  355  347  340  333  316  301  281  275
  257  244  226  214  194  176  162  138  110                                   
    22.5-180.0 180.0   5.0 450.0                            LAT/LON1/LON2/DLON/H
  109  133  118  110  108  117  137  165  200  241  272  297  314  332  349  356
  360  364  371  382  389  398  400  418  426  458  488  535  579  632  684  734
  765  769  756  723  690  657  628  605  578  553  524  505  478  467  451  446
  436  430  426  423  425  420  417  413  409  407  400  393  368  351  322  308
  284  272  257  249  226  200  183  150  109                                   
    20.0-180.0 180.0   5.0 450.0                            LAT/LON1/LON2/DLON/H
  124  144  132  121  114  135  149  184  215  258  284  315  332  357  373  388
  394  401  408  422  424  429  428  441  457  489  528  578  634  694  756  796
  821  816  795  752  714  680  658  643  612  588  553  536  504  491  471  470
  461  465  462  467  471  468  469  466  467  463  463  453  435  407  378  359
  333  312  284  278  259  239  204  167  124                                   
    17.5-180.0 180.0   5.0 450.0                            LAT/LON1/LON2/DLON/H
  155  180  162  148  137  143  161  188  220  256  292  325  347  366  389  406
  424  435  450  457  456  449  445  461  480  525  569  623  683  740  799  823
  845  833  806  760  723  690  674  663  642  615  584  551  517  488  463  453
  447  454  460  472  477  489  490  495  496  499  495  490  460  436  404  387
  357  339  307  285  265  253  227  185  155                                   
    15.0-180.0 180.0   5.0 450.0                            LAT/LON1/LON2/DLON/H
  172  195  177  159  152  160  170  200  232  262  296  332  365  386  407  436
  451  468  478  488  480  472  469  488  514  561  606  653  714  764  808  829
  837  823  794  756  724  702  690  684  660  640  604  563  512  476  452  438
  440  448  461  468  481  486  501  502  508  505  504  493  463  440  412  392
  367  340  310  277  265  257  233  195  172                                   
    12.5-180.0 180.0   5.0 450.0                            LAT/LON1/LON2/DLON/H
  189  203  182  164  155  159  177  201  233  266  291  326  359  387  413  438
  457  481  500  507  501  493  494  520  552  604  643  680  732  765  804  810
  814  796  773  745  725  715  708  703  686  660  621  568  507  464  435  424
  429  443  456  463  470  484  494  503  504  503  488  472  438  418  389  372
  343  319  287  266  252  240  227  194  189                                   
    10.0-180.0 180.0   5.0 450.0                            LAT/LON1/LON2/DLON/H
  189  201  187  165  151  154  174  209  243  278  305  337  372  399  430  455
  475  506  523  532  527  524  528  562  596  641  675  703  737  756  779  780
  777  764  749  738  734  734  730  729  715  687  646  586  527  469  448  431
  445  451  468  459  475  474  494  494  492  482  464  440  408  384  356  332
  302  276  254  233  236  231  208  190  189                                   
     7.5-180.0 180.0   5.0 450.0                            LAT/LON1/LON2/DLON/H
  184  186  174  159  149  147  170  207  253  289  315  349  380  408  438  461
  479  508  528  547  546  551  556  602  643  681  711  724  741  745  756  753
