data/unet/pred0660.15i
     1.0            IONOSPHERE MAPS     GNSS                IONEX VERSION / TYPE
pyspatialgeodesy        IME             05-JAN-18 20:20     PGM / RUN BY / DATE 
Map Name                                                    COMMENT             
Predicted global ionosphere maps (GIM).                     DESCRIPTION         
  2015     3     7     0     0     0                        EPOCH OF FIRST MAP  
  2015     3     8     0     0     0                        EPOCH OF LAST MAP   
  7200                                                      INTERVAL            
    13                                                      # OF MAPS IN FILE   
  NONE                                                      MAPPING FUNCTION    
10.0                                                        ELEVATION CUTOFF    
One-way carrier phase leveled to code                       OBSERVABLES USED    
  6371.0                                                    BASE RADIUS         
 2                                                          MAP DIMENSION       
   450.0 450.0   0.0                                        HGT1 / HGT2 / DHGT  
    87.5 -87.5  -2.5                                        LAT1 / LAT2 / DLAT  
  -180.0 180.0   5.0                                        LON1 / LON2 / DLON  
    -1                                                      EXPONENT            
                                                            END OF HEADER       
[from data line 429]
     2                                                      START OF TEC MAP    
  2015     3     7     2     0     0                        EPOCH OF CURRENT MAP
    87.5-180.0 180.0   5.0 450.0                            LAT/LON1/LON2/DLON/H
  153  151  142  136  137  135  137  138  142  143  146  148  152  153  156  156
  159  159  160  158  159  156  156  153  153  151  152  150  150  148  149  147
  148  147  148  147  149  149  152  151  154  154  157  156  158  158  160  159
  161  161  162  161  162  162  163  163  165  165  165  166  167  167  165  165
  163  162  161  160  164  156  155  167  153                                   
    85.0-180.0 180.0   5.0 450.0                            LAT/LON1/LON2/DLON/H
  155  164  149  148  148  144  147  145  151  149  154  153  158  158  161  161
  163  162  163  161  161  159  158  155  154  150  150  146  145  141  141  138
  139  136  139  137  140  139  143  143  146  147  150  151  154  156  158  160
  162  163  165  165  166  166  168  169  172  172  174  174  176  175  176  173
  174  171  171  169  173  164  171  168  155                                   
    82.5-180.0 180.0   5.0 450.0                            LAT/LON1/LON2/DLON/H
  161  162  156  157  150  151  149  153  152  156  156  159  160  164  165  168
  168  170  170  169  167  164  162  157  154  148  146  140  137  132  131  128
  128  126  128  128  131  131  135  137  141  144  148  151  154  157  159  161
  163  165  168  168  171  170  174  174  178  178  181  181  185  184  187  185
  188  185  187  186  190  180  178  171  161                                   
    80.0-180.0 180.0   5.0 450.0                            LAT/LON1/LON2/DLON/H
  167  164  164  159  158  152  155  154  157  156  160  160  164  165  169  169
  170  170  171  168  167  162  161  154  151  142  140  130  128  120  121  114
  116  113  117  116  121  121  127  128  134  135  142  143  149  148  154  153
  158  156  163  161  168  166  174  173  181  180  187  187  194  193  198  198
  201  200  201  201  201  191  186  181  167                                   
    77.5-180.0 180.0   5.0 450.0                            LAT/LON1/LON2/DLON/H
  177  176  173  169  162  157  156  156  156  158  159  161  162  166  166  169
  167  169  168  167  163  162  157  154  146  142  133  129  121  119  114  115
  111  114  113  118  118  124  125  130  131  136  138  142  142  145  146  148
  150  152  154  157  159  163  167  172  177  183  188  192  198  201  204  206
  209  210  213  212  212  205  201  194  177                                   
    75.0-180.0 180.0   5.0 450.0                            LAT/LON1/LON2/DLON/H
  188  187  184  179  171  165  162  162  162  163  163  163  163  163  163  161
  161  159  159  156  155  152  150  144  140  134  129  123  120  115  116  111
  114  112  117  116  122  122  128  128  133  132  136  135  137  136  138  138
  139  139  142  143  147  150  158  164  173  179  187  192  201  203  209  210
  216  218  222  223  223  219  218  213  188                                   
    72.5-180.0 180.0   5.0 450.0                            LAT/LON1/LON2/DLON/H
  208  205  204  199  191  182  179  174  173  170  168  164  162  157  153  149
  145  143  142  141  140  139  139  135  133  128  126  121  119  117  115  115
  113  116  115  120  119  124  122  126  125  128  127  128  126  126  126  126
  127  127  129  133  137  143  150  159  168  177  183  190  196  200  205  209
  215  219  226  228  233  233  236  233  208                                   
    70.0-180.0 180.0   5.0 450.0                            LAT/LON1/LON2/DLON/H
  224  222  219  216  206  199  194  192  189  187  184  179  173  164  154  145
  136  131  127  126  127  127  129  126  126  123  121  118  117  115  116  114
  116  114  117  116  118  116  119  118  120  118  120  118  118  115  116  114
  114  114  118  122  129  138  148  161  172  181  188  194  201  202  208  208
  217  220  229  235  240  245  251  250  224                                   
    67.5-180.0 180.0   5.0 450.0                            LAT/LON1/LON2/DLON/H
  237  235  234  232  225  217  214  209  207  204  200  193  179  167  150  138
  123  116  110  111  112  115  117  118  118  117  116  114  113  112  111  112
  111  111  109  108  107  105  104  104  103  104  103  103  101  100   99   99
  101  103  109  117  128  140  153  167  182  193  199  205  209  209  210  212
  214  220  227  234  243  251  258  261  237                                   
    65.0-180.0 180.0   5.0 450.0                            LAT/LON1/LON2/DLON/H
  244  245  242  240  233  228  224  223  221  220  217  208  195  177  158  138
  122  109  104  103  106  109  113  113  115  112  111  109  108  107  107  104
  104   99   99   93   92   88   87   87   88   88   90   89   91   88   90   89
   93   95  105  114  130  145  163  179  197  209  217  221  224  221  221  218
  220  221  230  236  245  255  265  268  244                                   
    62.5-180.0 180.0   5.0 450.0                            LAT/LON1/LON2/DLON/H
  247  248  243  241  238  232  231  233  233  233  228  222  206  187  164  144
  123  112  103  103  104  109  109  112  108  107  102  100   98   96   95   93
   91   87   84   78   75   70   70   70   72   73   75   74   74   73   74   78
   84   91  103  117  137  156  176  196  215  229  238  244  246  244  242  236
  233  231  235  237  247  254  265  271  247                                   
    60.0-180.0 180.0   5.0 450.0                            LAT/LON1/LON2/DLON/H
  251  249  242  239  233  229  227  231  232  235  233  227  214  195  176  154
  136  123  116  113  114  113  112  108  105   98   94   88   87   85   85   81
   81   74   70   64   61   57   57   58   63   64   67   65   68   64   68   69
   79   86  102  120  145  165  187  207  228  243  256  263  269  266  265  258
  255  247  248  247  253  259  268  276  251                                   
    57.5-180.0 180.0   5.0 450.0                            LAT/LON1/LON2/DLON/H
  256  255  246  241  233  227  226  228  230  235  233  230  218  203  184  168
  151  142  133  130  126  124  117  112  103   95   88   81   78   75   75   73
   72   67   63   58   56   53   54   57   61   62   64   62   62   59   60   65
   74   85  104  124  151  173  195  218  239  257  271  283  289  293  295  290
  285  277  273  266  270  271  276  282  256                                   
    55.0-180.0 180.0   5.0 450.0                            LAT/LON1/LON2/DLON/H
  272  269  261  249  238  230  224  225  225  230  230  228  220  208  196  182
  172  162  155  149  142  134  125  114  103   93   85   78   75   72   74   70
   70   64   63   58   58   56   59   61   67   66   69   65   65   59   62   63
   74   86  107  129  157  180  203  224  246  264  282  296  309  318  324  323
  321  313  308  298  297  293  291  297  272                                   
    52.5-180.0 180.0   5.0 450.0                            LAT/LON1/LON2/DLON/H
  296  297  287  276  261  247  237  233  230  230  228  225  219  212  202  195
  185  180  171  162  153  142  131  120  108   99   91   85   82   79   78   77
   75   72   70   68   69   69   73   75   79   79   79   75   73   67   66   68
   78   92  114  136  165  188  209  231  252  273  291  309  327  339  350  357
  358  357  351  343  338  329  316  318  296                                   
    50.0-180.0 180.0   5.0 450.0                            LAT/LON1/LON2/DLON/H
  331  329  327  309  297  278  264  250  241  237  230  227  218  213  207  202
  196  188  179  168  157  145  134  125  116  108  102   96   94   90   89   85
   84   81   82   82   85   85   89   90   94   90   91   86   85   76   76   75
   86  100  124  149  176  199  218  239  259  277  295  314  333  349  362  373
  382  383  382  377  376  371  351  348  331                                   
    47.5-180.0 180.0   5.0 450.0                            LAT/LON1/LON2/DLON/H
  363  368  365  355  343  324  305  284  269  252  240  228  221  212  208  203
  196  189  178  168  156  148  140  133  129  123  119  115  110  106  101   99
   96   95   97   98  101  103  107  107  109  105  105  100   99   91   90   89
  100  114  139  164  191  211  231  250  269  285  302  318  337  352  368  382
  395  403  407  407  406  404  387  380  363                                   
    45.0-180.0 180.0   5.0 450.0                            LAT/LON1/LON2/DLON/H
  396  403  402  393  386  368  347  319  295  272  253  238  224  216  208  203
  194  184  173  161  153  146  145  142  142  138  137  130  126  118  112  105
  103  102  106  109  115  116  120  119  119  114  115  110  110  103  104  104
  116  132  157  184  209  231  249  268  282  294  307  321  334  349  363  378
  396  408  417  422  427  428  412  404  396                                   
    42.5-180.0 180.0   5.0 450.0                            LAT/LON1/LON2/DLON/H
  411  418  414  410  405  391  374  349  325  296  274  248  235  220  211  201
  191  179  167  160  154  155  156  158  158  156  151  144  134  125  116  109
  107  108  113  118  125  128  133  133  133  127  127  123  123  119  122  124
  137  151  178  203  231  254  274  292  304  312  318  325  337  346  361  375
  396  411  426  435  441  442  434  421  411                                   
    40.0-180.0 180.0   5.0 450.0                            LAT/LON1/LON2/DLON/H
  428  430  423  416  411  401  387  367  343  314  286  261  242  228  213  203
  191  178  168  162  162  164  170  171  174  166  161  148  139  125  116  109
  110  112  119  124  133  135  142  141  144  138  137  134  134  132  136  139
  152  165  191  219  247  271  292  308  323  327  331  336  342  352  364  379
  400  417  433  444  456  457  449  435  428                                   
    37.5-180.0 180.0   5.0 450.0                            LAT/LON1/LON2/DLON/H
  434  433  417  405  398  389  379  364  346  323  300  273  258  238  225  209
  198  185  179  177  180  188  192  193  186  176  162  148  136  123  116  111
  115  118  126  132  138  143  150  152  153  149  146  142  144  142  148  150
  162  173  199  227  259  286  306  326  335  343  343  348  354  364  382  397
  417  435  451  465  475  478  473  449  434                                   
    35.0-180.0 180.0   5.0 450.0                            LAT/LON1/LON2/DLON/H
  457  448  423  398  385  373  364  352  340  324  305  283  266  248  233  220
  207  198  194  195  202  206  208  199  190  172  159  145  137  128  125  124
  129  133  140  141  149  150  160  160  163  159  155  151  150  148  152  152
  161  171  194  220  254  280  308  325  342  347  352  359  366  385  404  426
  446  465  483  497  512  516  513  486  457                                   
    32.5-180.0 180.0   5.0 450.0                            LAT/LON1/LON2/DLON/H
  494  476  441  407  384  364  351  338  327  317  307  289  277  258  246  230
  223  214  214  219  224  227  219  207  190  173  159  152  151  149  151  152
  156  160  160  162  161  163  166  169  169  166  160  154  151  147  148  148
  157  167  187  213  241  272  295  316  332  343  351  366  382  404  437  460
  487  504  522  538  553  559  561  532  494                                   
    30.0-180.0 180.0   5.0 450.0                            LAT/LON1/LON2/DLON/H
  584  551  504  454  419  389  361  341  325  316  307  295  283  269  254  243
  234  228  227  231  235  230  221  203  190  175  170  170  179  181  190  192
  198  195  196  188  183  175  176  176  176  172  163  156  148  141  137  133
  141  154  175  201  234  259  284  303  328  343  364  382  413  442  478  512
  546  572  595  610  626  635  631  616  584                                   
    27.5-180.0 180.0   5.0 450.0                            LAT/LON1/LON2/DLON/H
  686  667  610  550  499  447  408  373  350  332  318  306  297  283  269  254
  247  237  236  237  234  228  215  206  198  198  204  218  233  248  257  264
  255  248  232  220  203  192  183  182  176  171  157  144  131  120  114  112
  119  135  160  190  227  257  281  303  328  359  379  414  438  480  516  566
  608  644  672  691  710  722  716  709  686                                   
    25.0-180.0 180.0   5.0 450.0                            LAT/LON1/LON2/DLON/H
  838  822  773  710  657  584  509  453  407  380  352  337  316  303  283  268
  253  243  234  229  222  215  211  209  218  232  260  291  317  337  348  344
  326  305  279  251  226  206  189  184  174  168  155  139  122  111   97   96
   99  121  149  189  223  254  283  305  343  372  414  447  484  523  570  626
  674  717  753  781  805  812  833  827  838                                   
    22.5-180.0 180.0   5.0 450.0                            LAT/LON1/LON2/DLON/H
  965  974  954  900  827  740  655  572  502  452  413  383  361  336  314  292
  269  250  234  220  211  209  213  231  257  300  341  380  408  426  428  415
  382  350  312  278  237  212  192  183  170  159  143  126  109   97   87   86
   93  110  143  180  229  267  300  337  373  424  460  515  543  598  630  690
  732  775  812  837  859  875  919  916  965                                   
    20.0-180.0 180.0   5.0 450.0                            LAT/LON1/LON2/DLON/H
 1047 1067 1082 1054 1002  914  823  726  647  573  506  459  420  390  355  321
  290  262  235  217  208  213  233  275  328  384  434  469  490  496  485  461
  418  372  328  287  243  214  188  177  159  146  130  115  100   90   82   86
   93  113  146  191  238  283  322  358  408  455  519  558  611  649  693  736
  772  813  845  871  896  913  956  973 1047                                   
    17.5-180.0 180.0   5.0 450.0                            LAT/LON1/LON2/DLON/H
 1078 1113 1159 1158 1131 1050  968  873  775  694  610  548  496  455  413  374
  331  293  259  238  233  250  285  346  415  476  520  537  543  527  503  463
  413  370  321  279  235  202  174  157  137  122  109   98   96   85   84   83
   98  118  162  206  260  307  350  397  443  501  551  608  648  697  726  765
  788  818  842  872  896  912  946  973 1078                                   
    15.0-180.0 180.0   5.0 450.0                            LAT/LON1/LON2/DLON/H
 1042 1094 1160 1191 1187 1135 1066  979  896  799  719  649  583  536  484  438
  390  347  305  290  292  325  378  449  517  564  583  585  559  527  482  433
  387  346  302  263  228  196  169  149  132  115  109   99   97   85   83   83
  101  131  174  226  272  324  372  425  474  529  593  640  679  716  737  768
  777  805  818  852  874  889  916  954 1042                                   
    12.5-180.0 180.0   5.0 450.0                            LAT/LON1/LON2/DLON/H
  960 1024 1095 1143 1161 1141 1111 1040  975  884  799  735  670  616  557  509
  458  419  384  377  389  432  487  555  600  613  607  573  531  482  429  385
  346  307  269  241  213  189  165  150  128  117  107   99   99   87   85   81
  102  136  184  234  281  333  386  441  490  550  605  654  682  715  728  745
  754  773  784  812  833  852  867  901  960                                   
    10.0-180.0 180.0   5.0 450.0                            LAT/LON1/LON2/DLON/H
  855  895  955 1025 1068 1093 1085 1059 1003  938  859  795  741  694  632  579
  531  499  479  484  515  559  612  647  659  637  593  537  474  416  364  325
  295  266  245  229  208  188  172  152  139  122  122  114  105   93   87   88
  110  146  189  240  283  338  391  445  491  545  601  647  677  703  710  730
  732  755  760  780  794  809  818  846  855                                   
     7.5-180.0 180.0   5.0 450.0                            LAT/LON1/LON2/DLON/H
  750  785  823  868  923  959  984  983  977  936  888  835  790  753  702  651
  604  581  576  597  630  675  698  696  662  607  540  471  406  349  311  280
