data/unet/pred2250.15i
     1.0            IONOSPHERE MAPS     GNSS                IONEX VERSION / TYPE
pyspatialgeodesy        IME             05-JAN-18 20:20     PGM / RUN BY / DATE 
Map Name                                                    COMMENT             
Predicted global ionosphere maps (GIM).                     DESCRIPTION         
  2015     8    13     0     0     0                        EPOCH OF FIRST MAP  
  2015     8    14     0     0     0                        EPOCH OF LAST MAP   
  7200                                                      INTERVAL            
    13                                                      # OF MAPS IN FILE   
  NONE                                                      MAPPING FUNCTION    
10.0                                                        ELEVATION CUTOFF    
One-way carrier phase leveled to code                       OBSERVABLES USED    
  6371.0                                                    BASE RADIUS         
 2                                                          MAP DIMENSION       
   450.0 450.0   0.0                                        HGT1 / HGT2 / DHGT  
    87.5 -87.5  -2.5                                        LAT1 / LAT2 / DLAT  
  -180.0 180.0   5.0                                        LON1 / LON2 / DLON  
    -1                                                      EXPONENT            
                                                            END OF HEADER       
[from data line 1287]
     4                                                      START OF TEC MAP    
  2015     8    13     6     0     0                        EPOCH OF CURRENT MAP
    87.5-180.0 180.0   5.0 450.0                            LAT/LON1/LON2/DLON/H
   95  124  124  120  124  119  124  121  127  124  129  126  132  128  133  129
  134  130  134  131  134  131  133  130  133  130  132  129  131  127  129  125
  128  123  126  120  125  119  124  118  124  119  123  118  124  119  124  119
  125  120  125  121  126  122  126  123  128  124  128  124  128  125  128  123
  127  123  127  123  129  120  133  100   95                                   
    85.0-180.0 180.0   5.0 450.0                            LAT/LON1/LON2/DLON/H
  114  130  119  120  124  119  123  121  125  123  126  125  128  126  128  128
  128  127  128  127  127  126  125  124  123  122  121  120  118  117  116  115
  114  112  111  111  110  110  110  110  111  110  111  112  114  114  115  116
  117  118  119  120  121  122  122  123  124  125  125  126  126  126  125  125
  125  124  124  124  124  116  124  123  114                                   
    82.5-180.0 180.0   5.0 450.0                            LAT/LON1/LON2/DLON/H
  109  118  116  122  119  122  120  126  125  129  128  132  131  133  131  133
  131  132  130  130  128  127  125  124  123  121  119  118  116  115  113  113
  110  110  108  109  107  108  107  109  109  111  111  114  115  117  117  120
  121  123  123  126  127  128  128  129  130  130  130  131  130  130  128  129
  126  126  124  125  122  119  121  115  109                                   
    80.0-180.0 180.0   5.0 450.0                            LAT/LON1/LON2/DLON/H
  114  114  116  114  117  112  118  117  121  120  124  123  127  124  127  125
  127  124  125  122  121  118  117  114  113  110  109  106  105  103  103  101
  101   99  101   98  100   98  100   99  103  101  106  106  111  111  117  117
  124  123  130  129  135  133  137  135  138  135  137  134  135  130  131  126
  126  122  123  120  119  112  113  111  114                                   
    77.5-180.0 180.0   5.0 450.0                            LAT/LON1/LON2/DLON/H
  111  111  109  111  112  112  114  116  117  117  118  120  120  121  120  121
  120  119  117  116  113  111  107  106  102  101   97   97   94   94   92   93
   91   92   90   92   91   93   93   96   97  101  103  108  112  117  123  128
  134  138  142  145  149  149  151  150  149  147  145  143  141  138  135  132
  129  126  125  122  119  113  113  109  111                                   
    75.0-180.0 180.0   5.0 450.0                            LAT/LON1/LON2/DLON/H
  119  110  108  107  107  106  107  109  108  109  109  112  110  112  111  113
  110  111  108  108  103  102   97   96   90   90   86   86   83   85   83   86
   84   86   86   88   88   89   90   92   94   98  104  109  117  123  131  137
  143  147  153  155  158  157  159  156  156  152  152  148  145  142  139  136
  132  129  128  125  122  114  117  113  119                                   
    72.5-180.0 180.0   5.0 450.0                            LAT/LON1/LON2/DLON/H
  119  110  104  105  103  100  100   99  100   99  100  100  101  101  102  102
  102  101  100   98   95   92   88   85   80   79   76   76   75   75   76   78
   79   81   82   84   84   86   87   91   93   99  106  115  123  133  140  147
  151  155  158  160  163  162  162  160  159  157  155  152  149  146  142  138
  135  132  131  128  126  118  117  113  119                                   
    70.0-180.0 180.0   5.0 450.0                            LAT/LON1/LON2/DLON/H
  127  113  108  105  101   96   96   94   94   94   94   95   95   96   96   97
   96   96   93   92   89   86   81   78   73   72   68   69   69   71   72   76
   77   80   81   83   84   86   88   92   97  104  115  125  137  144  152  156
  161  161  164  162  164  159  160  155  156  150  151  147  147  143  142  138
  137  134  134  132  131  121  120  118  127                                   
    67.5-180.0 180.0   5.0 450.0                            LAT/LON1/LON2/DLON/H
  130  116  107  105   99   95   91   90   88   89   89   90   92   92   94   93
   94   92   91   88   86   83   78   74   69   67   64   64   65   68   70   74
   77   79   81   83   85   86   89   94  100  112  124  137  147  155  161  164
  166  165  165  161  160  156  153  150  149  147  145  144  142  142  140  140
  137  138  137  138  135  127  123  121  130                                   
    65.0-180.0 180.0   5.0 450.0                            LAT/LON1/LON2/DLON/H
  136  121  114  107   99   94   90   87   85   85   85   87   88   89   89   90
   89   88   85   83   80   77   71   68   62   60   56   58   58   63   65   72
   74   78   79   81   83   84   90   97  108  120  136  147  159  164  169  169
  169  164  162  155  153  146  144  139  139  135  136  134  135  133  135  134
  135  135  138  137  138  131  127  128  136                                   
    62.5-180.0 180.0   5.0 450.0                            LAT/LON1/LON2/DLON/H
  141  126  116  111  100   96   88   87   82   84   82   84   85   87   88   87
   86   84   82   78   75   72   67   63   58   56   54   54   55   59   64   69
   73   75   78   79   82   85   91  104  114  130  144  158  167  171  175  172
  172  165  161  155  150  145  140  135  133  131  130  130  130  131  130  131
  131  134  136  139  139  135  131  131  141                                   
    60.0-180.0 180.0   5.0 450.0                            LAT/LON1/LON2/DLON/H
  145  133  126  118  107  100   93   89   83   83   80   82   82   84   84   83
   82   80   76   72   69   66   60   57   52   51   48   49   50   54   58   65
   69   74   76   79   84   88   98  109  125  140  156  166  176  180  181  178
  175  168  162  156  153  145  141  135  134  130  130  129  130  129  128  127
  129  129  134  136  139  138  134  138  145                                   
    57.5-180.0 180.0   5.0 450.0                            LAT/LON1/LON2/DLON/H
  153  143  134  130  118  110  100   96   88   86   81   82   81   82   81   80
   78   74   72   66   64   60   57   54   52   49   48   47   49   52   56   62
   67   72   76   81   87   96  105  120  134  152  164  177  185  187  189  185
  184  177  174  168  165  159  154  149  146  142  138  137  135  133  131  129
  129  130  133  138  141  142  139  141  153                                   
    55.0-180.0 180.0   5.0 450.0                            LAT/LON1/LON2/DLON/H
  162  154  151  143  133  122  112  104   95   90   83   82   79   79   78   75
   74   69   66   60   59   55   53   51   50   48   46   45   46   49   53   58
   64   70   77   82   92  100  114  128  145  160  174  185  194  196  197  194
  192  188  185  181  179  172  167  158  156  150  148  144  142  138  135  132
  131  129  135  137  143  146  143  151  162                                   
    52.5-180.0 180.0   5.0 450.0                            LAT/LON1/LON2/DLON/H
  168  168  163  161  151  141  128  119  105   99   88   84   79   78   75   73
   71   66   63   57   56   52   53   51   51   50   49   48   48   49   52   57
   62   70   79   88   99  113  125  142  157  173  184  196  203  206  207  205
  206  203  202  198  197  190  185  177  171  166  161  158  153  149  143  140
  136  136  137  143  147  152  150  159  168                                   
    50.0-180.0 180.0   5.0 450.0                            LAT/LON1/LON2/DLON/H
  179  182  180  176  171  159  148  133  119  107   94   87   79   76   72   69
   69   64   63   57   58   55   57   55   56   54   54   52   53   53   55   59
   66   74   85   95  108  121  137  152  170  182  196  206  214  218  219  220
  220  218  216  213  209  202  197  188  183  175  171  164  163  156  152  146
  144  141  145  147  155  160  155  170  179                                   
    47.5-180.0 180.0   5.0 450.0                            LAT/LON1/LON2/DLON/H
  186  191  191  191  185  177  165  152  135  121  104   94   84   79   75   73
   71   69   67   64   64   63   64   63   65   64   64   61   61   60   60   63
   69   78   91  102  116  133  147  165  179  194  207  217  224  230  234  235
  237  235  232  227  223  214  208  199  192  186  181  176  172  169  163  160
  154  154  155  160  165  169  165  176  186                                   
    45.0-180.0 180.0   5.0 450.0                            LAT/LON1/LON2/DLON/H
  192  196  200  201  199  188  179  164  148  130  112   99   88   80   75   72
   72   71   72   70   73   72   75   74   77   74   75   71   71   68   69   71
   77   87  101  115  129  145  158  174  189  201  215  223  233  239  244  246
  247  244  240  233  227  217  210  199  194  185  182  178  176  171  168  163
  163  160  165  166  175  176  172  185  192                                   
    42.5-180.0 180.0   5.0 450.0                            LAT/LON1/LON2/DLON/H
  194  196  200  203  203  194  187  174  159  142  122  109   96   88   82   79
   80   80   82   81   83   85   86   87   88   87   86   84   81   80   79   79
   86   95  110  123  136  153  165  183  195  213  225  235  244  249  256  257
  259  255  250  242  234  224  215  206  199  192  186  184  182  179  177  175
  174  175  178  181  189  186  181  188  194                                   
    40.0-180.0 180.0   5.0 450.0                            LAT/LON1/LON2/DLON/H
  195  195  197  197  197  190  184  174  162  147  130  116  104   92   87   83
   83   84   88   88   93   95   98   98  100   98   98   94   93   90   90   91
   96  106  119  133  145  161  173  188  201  215  229  238  248  254  261  263
  267  262  259  249  242  231  223  214  207  199  194  190  188  184  182  182
  185  186  191  193  199  195  189  196  195                                   
    37.5-180.0 180.0   5.0 450.0                            LAT/LON1/LON2/DLON/H
  196  191  189  185  182  177  175  168  163  151  139  127  115  105   98   94
   94   94   99  100  106  108  110  110  110  109  106  105  102  101  100  101
  105  112  124  135  146  162  172  188  197  216  227  243  252  262  269  273
  277  275  272  265  259  250  242  234  227  220  213  208  203  199  196  197
  199  202  207  207  212  205  198  199  196                                   
    35.0-180.0 180.0   5.0 450.0                            LAT/LON1/LON2/DLON/H
  200  191  182  173  166  164  161  159  157  151  144  133  124  112  106   98
   98   98  103  105  111  115  118  118  119  116  115  112  111  109  110  110
  115  120  129  139  150  164  173  188  198  213  227  241  251  262  270  275
  284  283  287  281  282  274  270  262  255  246  237  228  221  214  209  209
  211  215  220  221  224  219  212  210  200                                   
    32.5-180.0 180.0   5.0 450.0                            LAT/LON1/LON2/DLON/H
  210  196  182  169  160  153  152  149  151  148  148  141  134  125  115  107
  104  103  108  111  118  122  125  127  126  125  122  120  118  118  118  119
  121  124  132  139  149  161  170  184  194  210  222  239  251  265  274  284
  293  297  302  304  307  305  305  298  293  282  272  258  247  236  230  228
  229  233  239  239  242  236  229  222  210                                   
    30.0-180.0 180.0   5.0 450.0                            LAT/LON1/LON2/DLON/H
  229  212  194  177  162  155  148  147  147  149  149  147  142  132  123  112
  109  106  111  114  122  126  130  132  133  130  129  125  125  124  124  125
  125  126  129  137  146  158  168  180  191  204  219  234  248  261  274  285
  298  305  316  324  334  336  340  333  328  315  305  290  275  261  250  246
  245  250  253  253  255  252  245  240  229                                   
    27.5-180.0 180.0   5.0 450.0                            LAT/LON1/LON2/DLON/H
  251  231  217  194  180  166  159  150  151  150  154  152  149  139  129  118
  113  108  112  117  125  131  136  139  139  139  135  134  130  131  129  128
  126  123  126  130  141  152  163  177  186  200  212  230  244  259  275  288
  302  313  327  342  359  369  378  374  369  354  340  322  307  289  276  268
  266  268  271  271  272  273  263  259  251                                   
    25.0-180.0 180.0   5.0 450.0                            LAT/LON1/LON2/DLON/H
  277  262  243  224  205  190  174  165  157  156  154  156  149  144  131  123
  116  114  117  122  131  136  141  144  146  144  142  137  135  133  131  128
  122  118  116  121  130  143  156  172  184  194  208  225  242  258  276  291
  307  323  341  362  382  400  410  411  404  388  370  349  332  314  298  287
  281  282  285  283  284  291  285  282  277                                   
    22.5-180.0 180.0   5.0 450.0                            LAT/LON1/LON2/DLON/H
  297  283  274  255  236  215  199  180  171  161  157  155  152  143  135  124
  119  115  119  124  133  141  146  151  152  153  148  144  137  134  129  122
  116  108  109  110  120  132  148  167  180  194  205  223  241  260  278  296
  314  335  355  378  401  422  432  435  429  414  395  375  358  341  325  312
  305  304  305  302  303  311  305  303  297                                   
    20.0-180.0 180.0   5.0 450.0                            LAT/LON1/LON2/DLON/H
  319  307  296  286  268  246  223  201  184  171  160  158  150  148  138  134
  126  126  129  133  142  146  151  156  157  155  151  143  137  129  123  114
  104   97   96   99  108  124  141  162  177  191  205  221  241  263  282  302
  323  346  367  392  412  432  442  446  441  428  412  395  381  364  349  335
  327  321  324  314  313  320  319  320  319                                   
    17.5-180.0 180.0   5.0 450.0                            LAT/LON1/LON2/DLON/H
  334  327  319  307  293  270  247  219  200  179  167  157  152  146  140  134
  131  129  133  136  144  149  154  159  158  156  148  139  129  121  114  102
   95   85   85   87  100  117  140  160  178  192  208  223  245  267  288  309
  332  355  377  398  416  432  438  442  437  431  419  410  399  388  375  364
  352  347  345  334  327  339  332  336  334                                   
    15.0-180.0 180.0   5.0 450.0                            LAT/LON1/LON2/DLON/H
  349  342  329  318  302  286  261  236  212  192  175  165  157  154  147  148
  143  144  144  148  151  154  156  160  157  152  143  130  121  110  102   89
   82   73   74   80   92  113  136  160  177  193  211  228  253  275  296  319
  343  367  385  405  417  430  434  438  436  435  427  426  418  411  397  387
  375  369  366  348  338  348  345  351  349                                   
    12.5-180.0 180.0   5.0 450.0                            LAT/LON1/LON2/DLON/H
  360  357  341  322  304  287  268  241  221  200  184  170  162  158  153  151
  150  148  149  148  152  151  154  154  151  142  131  119  108   98   91   78
   72   62   66   71   87  108  136  160  180  197  218  235  261  283  306  329
  354  374  392  404  415  424  426  429  431  433  431  434  431  427  416  406
  395  389  383  367  354  369  362  367  360                                   
    10.0-180.0 180.0   5.0 450.0                            LAT/LON1/LON2/DLON/H
  369  361  339  319  297  282  262  244  218  205  189  178  170  166  162  164
  163  163  159  157  155  153  151  150  143  132  122  108  101   89   83   70
   66   59   61   70   85  109  136  163  182  199  220  238  263  286  309  334
  360  380  393  406  415  425  428  435  438  444  444  450  447  442  429  420
  409  403  400  383  371  382  379  384  369                                   
     7.5-180.0 180.0   5.0 450.0                            LAT/LON1/LON2/DLON/H
  380  375  349  322  297  280  261  239  220  208  196  187  179  174  170  170
  168  165  160  153  150  144  142  136  130  119  108   97   90   81   76   64
