data/unet/pred1990.15i
     1.0            IONOSPHERE MAPS     GNSS                IONEX VERSION / TYPE
pyspatialgeodesy        IME             05-JAN-18 20:20     PGM / RUN BY / DATE 
Map Name                                                    COMMENT             
Predicted global ionosphere maps (GIM).                     DESCRIPTION         
  2015     7    18     0     0     0                        EPOCH OF FIRST MAP  
  2015     7    19     0     0     0                        EPOCH OF LAST MAP   
  7200                                                      INTERVAL            
    13                                                      # OF MAPS IN FILE   
  NONE                                                      MAPPING FUNCTION    
10.0                                                        ELEVATION CUTOFF    
One-way carrier phase leveled to code                       OBSERVABLES USED    
  6371.0                                                    BASE RADIUS         
 2                                                          MAP DIMENSION       
   450.0 450.0   0.0                                        HGT1 / HGT2 / DHGT  
    87.5 -87.5  -2.5                                        LAT1 / LAT2 / DLAT  
  -180.0 180.0   5.0                                        LON1 / LON2 / DLON  
    -1                                                      EXPONENT            
                                                            END OF HEADER       
[from data line 2574]
     7                                                      START OF TEC MAP    
  2015     7    18    12     0     0                        EPOCH OF CURRENT MAP
    87.5-180.0 180.0   5.0 450.0                            LAT/LON1/LON2/DLON/H
  149  160  161  160  159  159  160  160  161  160  160  159  160  159  160  159
  160  158  159  158  159  157  157  156  157  155  155  154  155  153  154  153
  153  152  152  152  152  152  151  152  151  152  151  151  150  151  150  150
  149  149  148  147  147  145  145  144  145  144  145  144  146  146  147  147
  150  150  152  151  152  152  160  142  149                                   
    85.0-180.0 180.0   5.0 450.0                            LAT/LON1/LON2/DLON/H
  149  152  155  154  155  155  157  157  158  158  158  158  158  158  158  158
  159  158  159  158  159  157  158  157  159  156  158  156  157  155  156  154
  155  153  154  152  153  151  152  150  150  149  149  147  148  145  146  144
  144  142  143  141  141  140  140  138  138  138  137  137  138  138  138  138
  140  141  142  143  144  146  154  156  149                                   
    82.5-180.0 180.0   5.0 450.0                            LAT/LON1/LON2/DLON/H
  145  145  148  142  149  144  153  148  155  149  155  150  155  150  155  150
  155  150  154  151  155  151  154  151  155  152  155  152  155  152  154  152
  153  150  151  149  150  148  149  145  148  143  147  141  145  138  143  135
  140  133  139  133  136  131  134  130  132  128  130  126  129  125  128  124
  128  126  131  127  134  131  142  143  145                                   
    80.0-180.0 180.0   5.0 450.0                            LAT/LON1/LON2/DLON/H
  134  140  139  141  143  145  147  149  149  149  149  150  148  149  146  148
  145  146  145  146  145  146  146  147  146  147  147  147  147  147  147  147
  147  147  147  147  147  147  147  146  147  145  146  143  145  143  144  141
  142  140  141  140  138  138  136  136  132  133  129  130  126  127  123  125
  123  125  124  125  126  126  128  135  134                                   
    77.5-180.0 180.0   5.0 450.0                            LAT/LON1/LON2/DLON/H
  126  130  131  133  134  138  138  141  140  141  140  140  138  138  136  136
  134  135  134  136  135  137  137  139  139  140  140  141  141  143  143  144
  144  145  145  147  146  147  146  147  146  147  146  148  146  148  146  147
  145  147  147  147  145  144  143  142  139  137  134  133  130  128  125  124
  121  121  120  118  119  119  120  128  126                                   
    75.0-180.0 180.0   5.0 450.0                            LAT/LON1/LON2/DLON/H
  114  120  122  126  128  131  132  133  131  133  130  131  126  127  124  125
  122  124  123  126  125  130  129  132  131  134  134  136  136  139  139  142
  140  145  144  148  146  150  149  151  150  152  152  152  153  153  154  152
  153  153  153  153  151  152  148  149  143  144  137  138  131  131  125  124
  120  119  117  115  114  113  115  122  114                                   
    72.5-180.0 180.0   5.0 450.0                            LAT/LON1/LON2/DLON/H
  108  115  114  118  119  124  123  125  123  123  119  119  115  114  111  111
  108  110  110  114  115  118  120  122  124  125  127  128  130  132  134  136
  138  141  143  146  147  150  151  153  153  155  156  157  156  158  157  158
  157  158  158  158  156  156  154  153  149  147  143  141  137  134  131  128
  124  121  119  115  113  110  111  117  108                                   
    70.0-180.0 180.0   5.0 450.0                            LAT/LON1/LON2/DLON/H
  102  105  106  109  112  115  117  118  116  117  114  113  108  108  104  104
  102  104  105  108  109  113  115  118  119  121  122  124  125  128  129  133
  134  139  141  147  147  153  153  156  156  158  158  159  159  159  159  158
  158  158  159  159  159  160  158  160  155  156  150  151  144  144  138  136
  130  127  123  118  116  112  112  114  102                                   
    67.5-180.0 180.0   5.0 450.0                            LAT/LON1/LON2/DLON/H
  102  103   99  101  100  105  106  108  107  108  105  105  101  100   98   97
   97   98  100  103  105  108  110  113  115  116  117  119  120  122  124  127
  130  135  139  144  147  152  154  156  157  159  159  159  159  159  158  157
  156  157  158  159  160  162  163  163  162  160  158  156  153  150  146  142
  139  134  131  124  121  113  113  113  102                                   
    65.0-180.0 180.0   5.0 450.0                            LAT/LON1/LON2/DLON/H
  102   98   95   94   92   95   98  100  101  103  102  103  101  101   99   99
   99  101  101  104  105  108  109  113  113  116  115  118  118  121  121  126
  127  135  138  145  147  153  154  157  157  159  159  159  158  159  157  157
  155  156  157  160  162  165  166  168  167  168  165  166  162  161  156  155
  149  147  140  134  129  122  118  114  102                                   
    62.5-180.0 180.0   5.0 450.0                            LAT/LON1/LON2/DLON/H
  105   98   90   87   83   84   84   88   90   94   94   97   96   98   97   98
   98   99  100  102  103  105  106  110  110  112  113  115  115  118  120  124
  127  134  137  143  147  151  154  156  157  159  159  159  159  158  157  155
  154  154  156  160  163  167  170  172  174  174  173  172  171  169  167  164
  159  156  150  143  137  128  124  115  105                                   
    60.0-180.0 180.0   5.0 450.0                            LAT/LON1/LON2/DLON/H
  108   96   89   84   78   76   76   78   81   85   89   93   95   97   98  100
  101  103  103  105  105  106  107  111  111  114  114  117  116  120  121  128
  129  136  139  145  149  153  154  156  156  158  158  161  159  160  158  156
  155  156  157  162  166  170  174  176  179  178  179  179  179  178  176  175
  170  168  160  153  146  137  130  117  108                                   
    57.5-180.0 180.0   5.0 450.0                            LAT/LON1/LON2/DLON/H
  111  101   89   80   74   70   68   68   69   75   78   85   87   92   93   98
   98  101  100  103  102  104  104  108  108  112  112  115  115  120  122  129
  130  137  140  146  150  154  157  158  160  162  164  165  166  164  163  160
  159  159  161  166  170  174  178  181  184  183  184  184  185  184  183  180
  176  173  167  160  153  144  137  120  111                                   
    55.0-180.0 180.0   5.0 450.0                            LAT/LON1/LON2/DLON/H
  114   98   91   81   72   67   64   62   63   66   71   77   82   87   90   96
   97  101  101  103  103  106  106  111  111  115  115  119  119  125  126  133
  135  142  145  151  153  159  159  162  162  167  168  171  172  171  168  164
  164  165  166  172  177  181  186  187  190  189  190  189  190  190  188  187
  181  179  172  166  159  151  140  123  114                                   
    52.5-180.0 180.0   5.0 450.0                            LAT/LON1/LON2/DLON/H
  120  106   94   83   76   68   64   60   58   60   62   70   74   81   85   91
   93   98   98  101  101  104  106  111  112  117  117  121  121  126  129  136
  138  145  149  154  158  162  165  167  170  173  178  179  182  179  178  173
  172  173  173  179  183  188  190  192  194  194  194  193  195  194  193  189
  184  180  174  168  162  154  145  126  120                                   
    50.0-180.0 180.0   5.0 450.0                            LAT/LON1/LON2/DLON/H
  122  108  100   90   80   74   68   62   58   57   59   64   70   75   81   87
   92   97  100  102  104  108  112  118  119  125  124  128  127  133  135  142
  145  152  156  164  166  174  173  178  177  184  186  192  191  191  187  184
  181  181  181  187  191  194  197  197  200  199  199  199  200  199  197  193
  187  182  175  170  164  157  145  129  122                                   
    47.5-180.0 180.0   5.0 450.0                            LAT/LON1/LON2/DLON/H
  127  115  107   98   89   82   77   68   64   60   59   63   66   73   77   85
   89   97   99  104  105  111  115  122  124  129  128  131  131  135  138  144
  150  157  163  170  178  182  186  187  189  194  199  203  206  205  201  197
  192  192  188  191  193  196  197  199  201  202  203  203  205  203  201  196
  190  182  176  167  163  156  147  130  127                                   
    45.0-180.0 180.0   5.0 450.0                            LAT/LON1/LON2/DLON/H
  128  118  114  109   99   93   87   78   72   67   66   66   68   71   76   82
   89   96  102  107  111  118  123  131  133  139  136  140  137  141  143  150
  155  165  171  183  190  199  199  203  202  210  210  217  217  217  211  207
  200  196  191  192  190  193  192  196  198  202  205  207  209  208  206  201
  194  186  178  170  162  155  144  132  128                                   
    42.5-180.0 180.0   5.0 450.0                            LAT/LON1/LON2/DLON/H
  127  120  116  114  107  103   97   89   83   78   74   74   72   74   75   82
   88   97  103  111  115  124  129  137  139  143  141  142  140  143  146  152
  160  169  180  191  204  211  216  219  220  224  226  231  232  232  225  219
  211  205  196  194  190  192  189  195  197  203  207  211  214  213  211  205
  198  188  180  169  162  153  147  134  127                                   
    40.0-180.0 180.0   5.0 450.0                            LAT/LON1/LON2/DLON/H
  129  118  117  118  114  110  105   97   94   89   88   84   82   79   81   84
   93  100  109  117  125  134  140  148  149  152  148  149  147  148  151  157
  167  176  189  203  218  228  234  237  237  241  241  248  248  248  242  233
  223  214  204  198  193  192  191  196  200  208  213  218  220  221  217  213
  205  196  186  176  164  155  146  137  129                                   
    37.5-180.0 180.0   5.0 450.0                            LAT/LON1/LON2/DLON/H
  128  120  118  116  115  113  110  105  102   99   97   94   88   85   82   87
   93  103  112  124  132  142  148  155  156  157  153  152  150  152  155  163
  174  183  201  215  235  247  257  262  264  267  267  273  272  276  268  262
  250  237  226  216  210  207  204  208  211  218  224  229  232  231  225  220
  211  201  190  180  169  157  152  142  128                                   
    35.0-180.0 180.0   5.0 450.0                            LAT/LON1/LON2/DLON/H
  132  120  115  115  113  111  110  107  106  104  103  100   95   89   88   89
   98  107  119  130  141  151  157  164  164  165  161  161  159  161  166  174
  186  197  215  233  256  270  279  286  287  294  294  304  301  308  300  296
  280  266  251  240  231  226  223  224  227  233  238  242  242  241  234  230
  219  211  198  187  173  164  156  147  132                                   
    32.5-180.0 180.0   5.0 450.0                            LAT/LON1/LON2/DLON/H
  137  127  118  113  111  110  110  109  108  106  105  101   96   89   87   90
   97  109  121  135  146  156  163  168  168  168  166  166  166  170  177  186
  199  212  233  253  279  295  305  315  320  329  330  338  336  341  335  334
  320  306  292  279  271  261  257  252  253  252  254  256  255  251  242  235
  223  213  201  189  178  169  166  155  137                                   
    30.0-180.0 180.0   5.0 450.0                            LAT/LON1/LON2/DLON/H
  146  134  122  116  112  108  108  105  106  104  104  100   95   89   87   90
   99  111  125  140  152  163  168  174  172  175  173  176  177  183  191  201
  216  228  251  275  299  317  328  339  343  352  354  365  361  369  363  364
  353  345  330  321  310  301  293  284  279  274  271  267  264  256  249  242
  231  221  208  198  186  180  176  162  146                                   
    27.5-180.0 180.0   5.0 450.0                            LAT/LON1/LON2/DLON/H
  157  147  133  126  120  115  112  109  107  106  105  100   95   88   84   88
   97  111  126  143  156  167  172  177  175  176  176  181  185  194  204  216
  231  245  270  290  317  332  348  356  367  375  381  387  389  396  394  395
  388  381  373  365  359  348  339  322  309  296  288  280  272  262  254  244
  235  222  211  199  192  185  185  172  157                                   
    25.0-180.0 180.0   5.0 450.0                            LAT/LON1/LON2/DLON/H
  163  155  141  133  126  120  117  112  109  105  103   98   94   86   82   85
   95  112  126  145  158  170  172  178  175  179  181  188  195  203  217  227
  246  259  282  305  322  344  357  372  381  391  396  403  405  413  413  416
  409  407  398  398  393  387  372  354  332  313  297  284  273  263  251  243
  234  226  213  207  193  193  190  179  163                                   
    22.5-180.0 180.0   5.0 450.0                            LAT/LON1/LON2/DLON/H
  174  166  155  150  141  135  130  125  117  112  107  103   97   92   87   88
   95  111  128  146  159  170  172  176  175  180  184  193  203  212  224  238
  257  275  298  314  331  345  365  379  394  402  408  413  416  423  424  426
  425  424  423  427  430  424  409  386  359  333  311  288  276  261  252  241
  234  221  213  199  193  188  190  178  174                                   
    20.0-180.0 180.0   5.0 450.0                            LAT/LON1/LON2/DLON/H
  179  173  167  160  151  146  139  133  127  118  113  107  102   93   91   89
   95  109  125  147  158  169  167  171  171  177  186  195  209  217  232  244
  269  287  305  320  329  346  359  378  389  401  404  410  414  421  423  428
  431  434  436  446  448  445  430  405  376  347  321  294  276  259  246  238
  227  220  209  202  191  190  188  179  179                                   
    17.5-180.0 180.0   5.0 450.0                            LAT/LON1/LON2/DLON/H
  179  176  174  168  160  156  151  145  135  127  121  116  108  102   98   99
   99  111  124  143  156  164  163  166  168  178  188  202  214  225  239  258
  280  301  314  323  333  342  358  370  386  396  400  406  409  418  420  426
  429  438  441  451  454  453  435  418  387  360  329  303  280  260  247  235
  225  213  205  194  186  182  184  172  179                                   
    15.0-180.0 180.0   5.0 450.0                            LAT/LON1/LON2/DLON/H
  186  184  179  176  168  165  158  153  142  133  125  122  116  106  103  101
  103  110  122  140  149  160  155  161  163  177  190  204  220  232  250  268
  290  307  316  328  333  343  351  365  374  385  390  397  401  412  416  425
  427  437  440  448  446  447  431  418  390  365  335  308  282  260  243  232
  220  212  205  198  187  185  182  174  186                                   
    12.5-180.0 180.0   5.0 450.0                            LAT/LON1/LON2/DLON/H
  182  179  177  174  166  165  160  155  145  136  129  125  121  113  109  105
  106  113  121  137  145  153  152  157  164  180  195  210  226  243  260  282
  299  318  328  337  343  348  354  362  370  379  382  390  393  407  410  418
  416  422  425  432  428  430  419  412  390  371  340  315  287  262  244  230
  216  208  201  192  183  179  179  167  182                                   
    10.0-180.0 180.0   5.0 450.0                            LAT/LON1/LON2/DLON/H
  177  172  170  165  162  159  156  153  144  137  129  126  122  114  110  105
  108  112  120  133  139  151  149  160  166  186  202  219  239  256  276  295
  309  329  337  349  351  357  356  366  365  376  373  383  385  401  404  411
  409  414  415  422  418  419  409  405  386  370  343  318  290  262  241  229
  214  209  203  198  186  182  177  170  177                                   
     7.5-180.0 180.0   5.0 450.0                            LAT/LON1/LON2/DLON/H
  170  166  161  155  149  148  144  140  135  128  123  121  118  113  109  103
  104  110  117  130  137  147  151  161  174  191  209  228  247  269  290  307
