data/unet/pred2090.15i
     1.0            IONOSPHERE MAPS     GNSS                IONEX VERSION / TYPE
pyspatialgeodesy        IME             05-JAN-18 20:20     PGM / RUN BY / DATE 
Map Name                                                    COMMENT             
Predicted global ionosphere maps (GIM).                     DESCRIPTION         
  2015     7    28     0     0     0                        EPOCH OF FIRST MAP  
  2015     7    29     0     0     0                        EPOCH OF LAST MAP   
  7200                                                      INTERVAL            
    13                                                      # OF MAPS IN FILE   
  NONE                                                      MAPPING FUNCTION    
10.0                                                        ELEVATION CUTOFF    
One-way carrier phase leveled to code                       OBSERVABLES USED    
  6371.0                                                    BASE RADIUS         
 2                                                          MAP DIMENSION       
   450.0 450.0   0.0                                        HGT1 / HGT2 / DHGT  
    87.5 -87.5  -2.5                                        LAT1 / LAT2 / DLAT  
  -180.0 180.0   5.0                                        LON1 / LON2 / DLON  
    -1                                                      EXPONENT            
                                                            END OF HEADER       
[from data line 5148]
    13                                                      START OF TEC MAP    
  2015     7    29     0     0     0                        EPOCH OF CURRENT MAP
    87.5-180.0 180.0   5.0 450.0                            LAT/LON1/LON2/DLON/H
  162  130  129  126  125  123  125  124  126  125  126  124  125  124  124  122
  122  120  120  118  118  116  116  113  114  111  111  108  109  105  106  102
  104  101  103   99  102  100  102  100  103  101  104  102  106  104  107  105
  108  107  110  108  112  111  113  112  115  114  116  115  117  116  117  116
  118  117  119  118  122  121  125  152  162                                   
    85.0-180.0 180.0   5.0 450.0                            LAT/LON1/LON2/DLON/H
  136  134  138  137  136  133  137  135  138  137  138  136  137  135  135  132
  132  129  129  125  126  121  121  117  118  113  113  108  108  103  103   99
  100   96   98   94   97   95   97   95   99   98  100   99  103  102  104  103
  107  106  109  108  111  110  114  113  116  115  118  117  120  119  121  119
  122  121  124  123  128  122  121  122  136                                   
    82.5-180.0 180.0   5.0 450.0                            LAT/LON1/LON2/DLON/H
  138  139  141  141  142  139  144  142  147  144  147  143  146  142  144  138
  140  133  135  128  130  123  124  117  119  112  113  106  107  100  101   95
   98   93   96   91   95   92   96   94   99   96  101   99  104  102  106  104
  109  107  111  109  114  111  116  113  118  115  120  117  122  119  122  119
  124  121  127  125  130  124  124  123  138                                   
    80.0-180.0 180.0   5.0 450.0                            LAT/LON1/LON2/DLON/H
  141  142  142  145  144  145  148  150  152  153  154  153  153  152  151  148
  146  143  141  137  135  131  128  125  123  118  116  112  110  106  104  101
  101   98   98   97   98   97  100   99  103  102  105  105  109  108  112  111
  114  114  117  116  118  117  119  118  121  120  122  121  123  122  124  123
  125  125  128  129  132  129  127  128  141                                   
    77.5-180.0 180.0   5.0 450.0                            LAT/LON1/LON2/DLON/H
  143  140  139  142  141  144  147  150  152  155  156  157  157  157  155  153
  150  147  144  141  138  134  131  128  125  121  117  114  111  107  104  101
  100   98   97   96   96   96   98   98  101  102  105  107  110  111  114  115
  117  117  118  119  119  119  120  120  121  121  121  122  122  123  122  123
  123  123  125  126  128  125  125  124  143                                   
    75.0-180.0 180.0   5.0 450.0                            LAT/LON1/LON2/DLON/H
  138  133  132  135  136  138  142  146  150  153  156  158  159  159  157  155
  153  150  147  143  140  137  134  130  127  123  119  115  112  108  105  102
  100   98   97   96   96   95   97   98  100  102  106  108  111  113  117  118
  120  120  122  121  121  120  121  120  121  121  121  121  122  121  121  120
  120  119  121  122  124  121  119  119  138                                   
    72.5-180.0 180.0   5.0 450.0                            LAT/LON1/LON2/DLON/H
  134  127  126  128  128  130  135  140  145  149  153  156  157  158  157  155
  152  149  146  142  139  135  132  127  124  120  117  113  110  106  103  100
   98   95   95   93   93   92   93   93   96   98  102  104  109  111  115  117
  119  119  120  119  119  118  118  117  118  118  119  118  119  118  118  116
  116  115  116  116  118  115  115  116  134                                   
    70.0-180.0 180.0   5.0 450.0                            LAT/LON1/LON2/DLON/H
  127  121  121  123  123  125  131  136  142  147  152  156  158  159  159  157
  155  151  148  144  140  135  131  126  122  118  114  110  107  103  101   98
   95   93   92   89   89   87   88   88   90   92   97  100  104  108  112  114
  117  117  118  117  117  116  116  115  116  116  117  117  118  117  117  115
  115  113  115  114  116  113  112  114  127                                   
    67.5-180.0 180.0   5.0 450.0                            LAT/LON1/LON2/DLON/H
  130  123  121  121  121  123  128  133  139  144  150  155  160  161  162  161
  158  154  150  145  140  135  130  124  119  114  110  106  103   99   97   94
   92   88   87   84   82   79   80   79   82   83   88   91   97  100  105  107
  111  110  112  111  112  110  111  110  112  112  115  115  117  116  117  114
  114  112  114  113  115  112  112  113  130                                   
    65.0-180.0 180.0   5.0 450.0                            LAT/LON1/LON2/DLON/H
  132  126  124  124  123  123  128  132  138  143  150  155  160  164  165  165
  162  159  153  148  142  136  129  122  116  110  105  101   98   95   93   90
   88   84   82   78   76   72   72   70   72   74   79   83   88   92   97  100
  103  104  106  105  106  105  107  107  110  112  115  116  118  118  118  115
  116  114  116  115  118  116  116  116  132                                   
    62.5-180.0 180.0   5.0 450.0                            LAT/LON1/LON2/DLON/H
  141  135  131  129  127  125  128  131  137  142  149  155  162  165  168  167
  166  162  158  151  145  138  129  121  114  107  101   96   95   91   90   86
   85   80   78   72   69   65   64   61   64   65   71   74   80   83   89   91
   95   95   98   98  100  100  103  105  109  112  116  117  120  119  119  116
  116  115  117  117  122  120  122  120  141                                   
    60.0-180.0 180.0   5.0 450.0                            LAT/LON1/LON2/DLON/H
  146  142  139  137  133  130  131  133  137  141  147  154  160  166  168  171
  169  167  161  156  149  142  133  124  117  109  103   97   95   92   90   87
   84   80   76   70   66   61   59   57   59   61   66   68   74   77   82   83
   88   89   92   92   96   98  102  105  111  115  119  121  124  122  122  119
  119  117  120  122  127  127  129  127  146                                   
    57.5-180.0 180.0   5.0 450.0                            LAT/LON1/LON2/DLON/H
  155  151  147  144  139  136  134  135  137  141  146  152  159  165  169  171
  172  170  166  161  156  149  140  132  124  116  109  104  100   96   93   89
   86   81   76   70   66   61   60   58   60   61   65   67   72   74   78   80
   84   85   89   90   96   99  104  108  114  119  123  125  127  126  124  121
  120  120  123  126  132  133  136  133  155                                   
    55.0-180.0 180.0   5.0 450.0                            LAT/LON1/LON2/DLON/H
  157  157  155  153  147  143  141  139  139  141  145  150  156  163  167  172
  172  172  169  166  162  157  150  143  135  127  120  114  110  105  101   95
   91   85   80   74   70   66   65   63   65   66   70   70   74   74   78   77
   82   83   88   91   98  103  109  114  120  125  129  131  133  131  128  124
  124  123  127  130  137  138  142  138  157                                   
    52.5-180.0 180.0   5.0 450.0                            LAT/LON1/LON2/DLON/H
  162  162  160  158  153  150  147  145  144  144  146  150  155  161  166  169
  171  172  171  170  168  165  160  155  148  141  133  128  122  116  109  102
   97   91   86   81   78   75   74   73   75   76   78   78   80   79   82   81
   85   86   92   96  104  110  117  122  129  133  136  138  138  135  132  128
  127  126  130  134  141  143  147  143  162                                   
    50.0-180.0 180.0   5.0 450.0                            LAT/LON1/LON2/DLON/H
  162  162  164  163  160  157  155  153  151  150  150  152  155  160  163  167
  168  170  170  172  172  173  170  167  161  154  147  140  134  126  118  110
  104   98   94   91   89   87   87   86   88   88   89   87   88   86   88   85
   89   89   97  102  112  118  126  132  139  143  146  147  147  143  140  136
  135  134  138  140  147  148  152  147  162                                   
    47.5-180.0 180.0   5.0 450.0                            LAT/LON1/LON2/DLON/H
  166  166  167  167  165  164  164  163  161  159  158  158  159  161  163  165
  167  169  171  174  177  179  178  176  171  165  158  151  142  133  123  115
  108  104  101   99   99   99  100   99  101  100  101   98   98   95   96   94
   96   97  104  111  121  128  137  143  150  154  156  156  155  152  149  146
  145  144  147  150  155  155  157  153  166                                   
    45.0-180.0 180.0   5.0 450.0                            LAT/LON1/LON2/DLON/H
  169  168  171  173  172  172  174  173  172  171  168  168  166  167  166  167
  168  170  172  177  182  186  186  184  179  173  166  158  149  138  127  119
  113  110  109  110  111  111  112  112  113  111  111  108  107  103  103  100
  103  103  111  117  128  136  146  152  161  164  167  166  166  162  160  158
  159  159  162  162  166  163  164  159  169                                   
    42.5-180.0 180.0   5.0 450.0                            LAT/LON1/LON2/DLON/H
  179  177  180  181  181  181  183  184  184  182  181  178  176  175  173  173
  174  176  179  183  188  191  191  189  184  178  170  161  151  139  128  120
  116  115  116  118  121  121  123  123  123  122  121  119  117  113  113  109
  109  110  117  124  135  145  154  162  170  175  177  176  175  173  172  171
  173  174  177  178  180  176  176  171  179                                   
    40.0-180.0 180.0   5.0 450.0                            LAT/LON1/LON2/DLON/H
  192  190  192  192  191  190  192  193  194  194  192  190  187  185  182  183
  183  185  187  192  195  197  195  192  186  180  173  164  153  141  130  123
  121  122  126  129  133  134  134  134  134  133  132  129  127  123  121  117
  117  116  123  128  141  150  161  169  179  183  187  186  187  185  186  186
  189  192  195  196  197  192  190  184  192                                   
    37.5-180.0 180.0   5.0 450.0                            LAT/LON1/LON2/DLON/H
  216  208  210  207  205  202  203  203  205  205  204  201  199  197  194  195
  196  198  199  201  203  202  198  194  187  181  174  165  154  143  132  126
  125  128  133  138  142  143  144  144  145  145  144  143  139  136  133  128
  125  122  126  131  143  154  167  178  187  193  195  196  197  197  198  200
  204  208  211  213  215  211  207  202  216                                   
    35.0-180.0 180.0   5.0 450.0                            LAT/LON1/LON2/DLON/H
  242  233  233  228  221  217  214  213  214  214  213  212  209  207  205  208
  209  211  211  212  210  207  201  195  188  182  176  168  158  147  137  131
  132  136  143  149  153  154  155  155  157  158  158  156  152  147  143  136
  130  125  127  131  143  154  169  180  192  198  203  204  207  207  209  212
  217  222  227  231  234  230  226  226  242                                   
    32.5-180.0 180.0   5.0 450.0                            LAT/LON1/LON2/DLON/H
  276  259  260  253  245  238  233  230  230  229  228  224  221  219  218  220
  223  225  224  222  219  213  205  198  190  184  179  172  163  153  143  138
  139  143  150  155  159  159  161  162  166  168  169  166  163  157  150  142
  133  126  125  128  139  150  166  180  193  202  208  212  216  217  219  223
  229  235  241  246  251  250  247  251  276                                   
    30.0-180.0 180.0   5.0 450.0                            LAT/LON1/LON2/DLON/H
  305  292  291  284  276  268  260  255  251  249  245  242  237  235  232  235
  236  238  235  233  226  220  210  202  194  189  184  179  170  160  151  145
  146  149  155  159  163  164  166  169  174  177  178  176  170  163  154  144
  135  125  123  123  133  143  159  175  190  202  211  219  224  226  229  232
  239  244  252  259  267  269  269  277  305                                   
    27.5-180.0 180.0   5.0 450.0                            LAT/LON1/LON2/DLON/H
  332  321  322  318  310  301  293  286  281  277  271  265  259  254  251  251
  251  251  247  242  235  227  217  208  199  193  189  184  176  165  156  150
  148  149  153  156  159  161  165  169  176  179  182  178  172  162  152  141
  131  121  116  115  122  132  147  164  182  197  210  221  229  234  237  242
  247  254  262  271  280  285  287  297  332                                   
    25.0-180.0 180.0   5.0 450.0                            LAT/LON1/LON2/DLON/H
  348  351  355  353  348  342  333  326  320  315  306  299  289  283  275  273
  268  266  258  252  242  235  223  214  203  197  192  187  178  168  158  150
  146  145  147  149  152  153  159  164  171  176  177  174  166  155  144  133
  123  113  110  108  114  122  137  154  173  191  207  222  232  239  243  249
  255  261  271  281  292  300  308  317  348                                   
    22.5-180.0 180.0   5.0 450.0                            LAT/LON1/LON2/DLON/H
  357  366  375  379  379  376  370  364  359  355  348  338  327  316  306  297
  290  282  273  263  253  244  232  220  207  198  191  185  176  166  156  146
  139  136  135  136  138  140  146  152  160  164  166  161  154  141  130  118
  110  102  101   98  104  110  127  143  165  184  205  221  235  243  250  255
  263  270  280  289  301  310  320  331  357                                   
    20.0-180.0 180.0   5.0 450.0                            LAT/LON1/LON2/DLON/H
  360  376  388  397  404  409  406  405  401  399  390  381  368  356  340  328
  314  303  290  279  266  256  242  228  210  199  188  181  171  161  149  138
  130  124  121  121  122  124  129  135  143  146  148  143  135  122  111  100
   95   91   91   91   96  103  120  138  161  182  205  223  238  248  257  265
  273  281  292  302  312  323  335  344  360                                   
    17.5-180.0 180.0   5.0 450.0                            LAT/LON1/LON2/DLON/H
  361  375  389  402  414  424  427  431  430  430  424  418  406  393  376  359
  344  328  314  298  285  271  254  235  213  196  182  173  163  153  141  130
  121  114  110  108  107  107  111  116  123  125  126  120  114   99   89   79
   78   76   80   78   84   91  113  133  159  181  207  226  244  257  269  279
  289  298  308  316  326  333  344  354  361                                   
    15.0-180.0 180.0   5.0 450.0                            LAT/LON1/LON2/DLON/H
  362  375  389  403  420  432  441  448  451  454  453  451  440  429  408  392
  371  356  338  323  305  288  266  243  215  194  175  164  154  146  134  124
  114  107  103   99   97   95   97   99  103  103  104   98   92   80   72   66
   66   68   71   71   77   86  107  130  157  183  209  231  250  267  282  294
  307  317  327  335  342  349  360  368  362                                   
    12.5-180.0 180.0   5.0 450.0                            LAT/LON1/LON2/DLON/H
  365  376  389  402  418  432  440  449  454  461  464  467  461  453  437  420
  400  384  365  346  327  304  277  248  215  189  168  155  146  139  130  121
  113  108  103  100   95   91   88   87   87   86   85   80   76   68   64   59
   61   61   64   63   69   79  102  126  158  185  213  236  258  278  297  311
  326  338  346  354  359  364  373  382  365                                   
    10.0-180.0 180.0   5.0 450.0                            LAT/LON1/LON2/DLON/H
  375  382  391  402  417  428  437  445  452  460  467  475  471  468  453  442
  422  409  387  370  345  319  285  252  214  185  162  151  143  139  131  125
  118  115  111  107  102   95   89   84   82   78   77   73   72   65   63   59
   60   62   62   61   65   75   97  123  155  184  211  238  261  287  308  326
  340  352  363  370  375  380  392  398  375                                   
     7.5-180.0 180.0   5.0 450.0                            LAT/LON1/LON2/DLON/H
  387  393  400  408  418  425  430  436  440  448  457  467  469  468  460  452
  438  425  405  383  355  323  287  249  212  183  161  150  144  142  137  133
