data/unet/pred2410.15i
     1.0            IONOSPHERE MAPS     GNSS                IONEX VERSION / TYPE
pyspatialgeodesy        IME             05-JAN-18 20:20     PGM / RUN BY / DATE 
Map Name                                                    COMMENT             
Predicted global ionosphere maps (GIM).                     DESCRIPTION         
  2015     8    29     0     0     0                        EPOCH OF FIRST MAP  
  2015     8    30     0     0     0                        EPOCH OF LAST MAP   
  7200                                                      INTERVAL            
    13                                                      # OF MAPS IN FILE   
  NONE                                                      MAPPING FUNCTION    
10.0                                                        ELEVATION CUTOFF    
One-way carrier phase leveled to code                       OBSERVABLES USED    
  6371.0                                                    BASE RADIUS         
 2                                                          MAP DIMENSION       
   450.0 450.0   0.0                                        HGT1 / HGT2 / DHGT  
    87.5 -87.5  -2.5                                        LAT1 / LAT2 / DLAT  
  -180.0 180.0   5.0                                        LON1 / LON2 / DLON  
    -1                                                      EXPONENT            
                                                            END OF HEADER       
[from data line 3861]
    10                                                      START OF TEC MAP    
  2015     8    29    18     0     0                        EPOCH OF CURRENT MAP
    87.5-180.0 180.0   5.0 450.0                            LAT/LON1/LON2/DLON/H
  136  102  103  105  105  103  105  104  106  104  107  105  107  104  108  105
  108  104  108  104  107  103  107  102  106  101  105  100  104   98  103   97
  101   95   99   94   98   92   96   92   95   92   95   92   94   91   93   91
   92   90   91   90   91   91   92   91   92   92   93   93   94   94   95   95
   96   97   98   99  102  101  112  129  136                                   
    85.0-180.0 180.0   5.0 450.0                            LAT/LON1/LON2/DLON/H
   92   87   90   95   96   98   97  100   99  101  100  103  102  103  103  104
  103  104  104  104  104  103  103  102  101  100   99   99   97   96   95   94
   93   92   91   91   90   90   88   90   86   89   85   88   84   87   82   85
   80   84   79   82   79   82   79   82   80   83   81   84   82   85   83   86
   84   88   87   90   92   89  100  122   92                                   
    82.5-180.0 180.0   5.0 450.0                            LAT/LON1/LON2/DLON/H
   88   80   89   90   93   94   96   98   99  102  102  106  105  109  108  111
  110  112  111  113  111  112  110  111  106  107  103  103   98   99   94   95
   90   92   89   91   88   89   88   89   87   88   86   86   84   84   81   80
   78   78   76   76   75   76   74   75   74   76   75   77   76   78   77   78
   78   80   80   82   83   80   85   96   88                                   
    80.0-180.0 180.0   5.0 450.0                            LAT/LON1/LON2/DLON/H
   83   81   82   87   88   91   91   95   95   98   98  102  101  105  105  108
  107  110  109  112  110  111  108  110  105  105  100  100   93   93   88   89
   83   86   83   86   83   87   85   89   87   90   86   88   85   86   81   82
   78   79   75   76   74   75   74   73   74   74   75   74   75   75   76   75
   77   77   78   79   79   74   82   89   83                                   
    77.5-180.0 180.0   5.0 450.0                            LAT/LON1/LON2/DLON/H
   76   73   81   81   83   85   88   90   91   92   94   96   97   99  101  103
  104  106  108  109  110  110  110  110  107  105  101   99   93   91   86   86
   82   83   82   84   84   86   88   89   90   90   91   88   87   84   82   79
   77   76   74   73   71   72   71   70   70   71   71   71   71   72   72   72
   73   73   74   75   76   70   74   82   76                                   
    75.0-180.0 180.0   5.0 450.0                            LAT/LON1/LON2/DLON/H
   73   72   77   79   80   84   84   87   86   89   89   91   91   93   94   97
   98  101  103  107  107  110  109  110  106  105  100   98   91   89   82   82
   78   80   79   83   83   88   90   92   92   93   91   90   87   85   81   79
   75   75   72   71   70   70   69   68   68   67   67   67   67   68   69   69
   70   71   71   73   73   69   74   84   73                                   
    72.5-180.0 180.0   5.0 450.0                            LAT/LON1/LON2/DLON/H
   71   69   77   77   81   81   84   83   86   84   87   85   87   86   88   88
   92   93   98  101  105  106  109  107  108  104  102   97   92   87   83   80
   78   79   81   84   87   90   93   94   95   94   93   89   86   82   79   76
   73   72   70   69   68   67   66   65   64   64   64   63   64   64   66   65
   68   68   71   70   74   69   73   80   71                                   
    70.0-180.0 180.0   5.0 450.0                            LAT/LON1/LON2/DLON/H
   71   72   76   78   81   82   84   84   85   84   85   85   85   84   86   85
   89   90   96  100  105  107  111  110  110  107  104   99   92   87   82   80
   78   80   81   85   88   93   94   96   93   93   88   85   79   77   73   72
   68   69   67   67   65   66   63   64   62   63   60   62   61   64   63   65
   65   68   68   71   72   69   74   84   71                                   
    67.5-180.0 180.0   5.0 450.0                            LAT/LON1/LON2/DLON/H
   72   70   77   77   81   81   85   83   87   84   87   84   85   83   85   84
   86   88   94   99  104  107  112  111  112  109  107  101   95   89   85   81
   80   81   84   88   91   93   95   94   91   87   84   78   73   70   67   65
   63   64   64   64   64   63   62   60   59   58   58   56   59   57   61   59
   62   62   66   66   72   68   74   80   72                                   
    65.0-180.0 180.0   5.0 450.0                            LAT/LON1/LON2/DLON/H
   71   73   74   77   79   81   84   85   87   88   89   89   89   88   88   88
   90   92   99  103  109  111  115  115  115  114  110  107  100   96   89   87
   82   85   85   90   89   94   91   91   84   81   75   70   65   63   60   60
   58   61   60   62   60   62   59   60   56   57   55   56   54   57   56   58
   57   60   61   65   68   66   74   83   71                                   
    62.5-180.0 180.0   5.0 450.0                            LAT/LON1/LON2/DLON/H
   71   68   74   74   78   77   83   83   89   88   93   92   94   92   94   93
   96   97  104  108  112  115  119  118  119  116  116  111  107  102   97   92
   90   88   89   91   91   91   90   86   81   76   71   65   61   58   57   56
   56   57   58   58   58   58   57   55   53   51   51   50   52   51   52   51
   53   54   57   60   65   64   72   78   71                                   
    60.0-180.0 180.0   5.0 450.0                            LAT/LON1/LON2/DLON/H
   71   69   70   72   74   76   79   83   87   91   95   98   99  100  102  102
  104  106  112  115  119  119  122  123  122  121  120  118  113  111  104  102
   95   95   93   95   91   91   87   84   77   74   68   64   60   59   56   56
   54   56   55   56   54   55   52   52   49   50   47   49   46   49   45   48
   45   49   49   55   59   58   69   76   71                                   
    57.5-180.0 180.0   5.0 450.0                            LAT/LON1/LON2/DLON/H
   70   64   70   69   72   72   77   79   87   89   97   99  104  104  108  107
  110  112  118  120  123  123  125  125  124  124  125  124  122  119  116  112
  107  103  100   98   94   92   89   84   79   74   71   67   64   62   61   59
   58   56   55   53   52   50   50   47   47   45   45   44   44   44   44   43
   42   44   46   50   55   56   66   69   70                                   
    55.0-180.0 180.0   5.0 450.0                            LAT/LON1/LON2/DLON/H
   71   65   67   70   71   72   75   79   84   90   96  102  106  109  113  114
  117  119  123  124  126  124  126  126  126  126  128  129  129  129  124  121
  114  110  105  104   99   97   92   89   83   80   76   74   71   71   67   65
   61   59   55   53   50   49   47   46   45   46   45   46   43   45   41   43
   39   42   42   48   51   52   63   68   71                                   
    52.5-180.0 180.0   5.0 450.0                            LAT/LON1/LON2/DLON/H
   70   64   70   71   75   73   78   79   87   89   98  101  107  109  115  115
  118  119  124  124  126  123  125  125  125  127  130  134  134  136  133  131
  124  120  114  112  107  105  101   96   92   89   87   85   83   81   77   73
   69   63   59   54   52   48   49   47   50   48   50   48   48   46   45   43
   42   43   44   48   51   53   61   63   70                                   
    50.0-180.0 180.0   5.0 450.0                            LAT/LON1/LON2/DLON/H
   73   69   73   78   80   80   84   85   90   94  100  104  108  111  115  117
  120  121  125  124  126  122  125  124  127  128  133  137  140  142  140  138
  131  128  123  120  117  115  110  108  103  101   97   96   93   91   86   81
   73   68   61   57   53   52   51   53   53   56   55   56   53   54   50   50
   46   48   47   51   52   52   61   67   73                                   
    47.5-180.0 180.0   5.0 450.0                            LAT/LON1/LON2/DLON/H
   73   71   79   83   89   89   94   95  100  100  106  107  112  112  117  116
  121  119  125  123  124  121  124  124  127  130  135  142  143  148  145  146
  139  138  133  132  129  128  125  122  116  112  109  107  103  100   95   88
   81   74   68   63   61   58   61   61   65   65   67   66   65   62   60   57
   55   54   55   56   57   56   61   66   73                                   
    45.0-180.0 180.0   5.0 450.0                            LAT/LON1/LON2/DLON/H
   77   78   84   93   99  102  107  107  111  110  113  114  116  117  120  121
  123  123  126  125  127  123  128  127  132  134  141  145  149  151  151  151
  147  145  143  143  142  141  137  134  128  123  118  116  111  108  102   96
   88   82   76   72   70   70   71   74   76   79   79   79   76   75   71   69
   66   66   63   64   62   58   66   75   77                                   
    42.5-180.0 180.0   5.0 450.0                            LAT/LON1/LON2/DLON/H
   76   79   91   99  109  113  119  120  124  122  124  124  126  125  129  127
  130  127  131  128  131  127  131  131  136  139  146  150  153  157  155  159
  153  156  153  157  155  156  152  147  140  132  127  122  118  115  110  105
   99   93   88   85   83   84   85   87   90   91   92   90   89   85   84   80
   78   74   73   71   68   63   68   77   76                                   
    40.0-180.0 180.0   5.0 450.0                            LAT/LON1/LON2/DLON/H
   80   86   95  108  118  125  131  133  136  135  136  136  137  138  140  138
  139  136  137  136  137  135  139  140  146  147  155  157  161  162  164  165
  164  165  168  170  171  171  167  160  151  143  135  130  126  124  119  116
  109  106  101   99   97   99   99  102  102  104  103  103  101   99   96   93
   89   87   82   80   73   68   74   86   80                                   
    37.5-180.0 180.0   5.0 450.0                            LAT/LON1/LON2/DLON/H
   81   87  100  111  123  130  138  141  146  146  148  149  151  152  155  153
  152  148  148  145  146  143  148  149  156  157  164  166  169  170  173  176
  173  179  180  187  186  187  182  173  164  153  147  139  136  132  130  126
  123  118  116  112  111  111  112  113  113  113  114  112  112  109  107  102
   99   93   89   83   78   72   77   89   81                                   
    35.0-180.0 180.0   5.0 450.0                            LAT/LON1/LON2/DLON/H
   86   94  103  116  126  136  144  150  154  157  161  161  166  167  172  169
  168  162  161  157  155  154  158  161  168  170  177  178  182  182  187  190
  193  197  202  205  208  204  199  189  179  170  161  156  150  147  143  139
  134  130  125  122  119  119  118  119  119  120  119  120  119  117  114  111
  105  101   94   89   81   77   83   98   86                                   
    32.5-180.0 180.0   5.0 450.0                            LAT/LON1/LON2/DLON/H
   91   96  105  116  128  135  146  152  159  164  169  173  177  182  186  187
  184  178  175  169  167  164  169  172  180  183  191  191  195  197  203  208
  212  217  222  228  227  224  216  207  197  188  182  174  168  161  157  149
  145  137  132  125  122  119  119  118  119  120  121  122  123  122  120  114
  109  101   96   88   84   78   88  101   91                                   
    30.0-180.0 180.0   5.0 450.0                            LAT/LON1/LON2/DLON/H
   99  106  110  120  130  139  149  156  165  171  178  183  190  196  203  202
  200  194  190  183  180  176  180  184  192  198  206  208  213  218  227  234
  245  249  258  256  255  246  238  227  219  211  204  198  189  180  171  161
  152  141  131  123  117  115  114  115  116  118  119  122  124  125  123  118
  111  104   97   93   87   85   92  107   99                                   
    27.5-180.0 180.0   5.0 450.0                            LAT/LON1/LON2/DLON/H
  109  112  118  124  134  141  153  161  171  177  184  192  201  210  216  218
  215  210  205  199  194  189  193  197  207  212  223  227  237  242  254  265
  277  285  288  288  280  269  258  247  240  232  227  217  207  193  182  166
  153  137  126  114  109  106  107  109  112  115  118  122  125  126  124  118
  111  101   97   90   89   85   98  108  109                                   
    25.0-180.0 180.0   5.0 450.0                            LAT/LON1/LON2/DLON/H
  120  125  124  134  140  151  161  171  180  187  195  202  214  222  231  231
  231  227  223  218  213  206  207  213  221  230  241  250  261  271  286  299
  313  316  321  315  308  291  276  265  258  252  243  234  218  203  185  168
  151  132  119  106  101   97   99  103  108  112  115  119  123  125  124  119
  112  105   98   94   91   93  100  115  120                                   
    22.5-180.0 180.0   5.0 450.0                            LAT/LON1/LON2/DLON/H
  131  130  137  144  154  160  173  181  192  196  204  212  224  234  244  247
  247  246  243  238  233  226  226  229  239  248  264  274  289  301  317  329
  340  344  343  336  324  307  291  278  270  261  253  238  221  201  185  165
  146  126  114  101   97   94   95   99  106  111  114  119  122  124  124  120
  114  107  100   96   92   93  105  117  131                                   
    20.0-180.0 180.0   5.0 450.0                            LAT/LON1/LON2/DLON/H
  136  142  143  156  165  176  185  198  205  210  216  224  234  245  257  263
  266  266  264  261  255  248  247  250  260  270  287  300  317  330  346  355
  364  362  359  350  339  321  305  287  277  266  255  238  219  199  182  164
  146  130  120  106  100   99  100  104  108  113  116  119  123  123  124  120
  116  111  103  101   91   97  101  123  136                                   
    17.5-180.0 180.0   5.0 450.0                            LAT/LON1/LON2/DLON/H
  139  143  156  165  183  190  202  210  220  220  228  233  244  255  269  278
  287  289  288  283  278  270  270  272  284  296  314  329  344  358  373  380
  387  382  378  365  352  333  316  298  283  270  256  238  211  195  175  165
  148  138  124  113  108  109  114  116  118  118  121  123  123  125  124  123
  118  113  103   98   87   87   98  119  139                                   
    15.0-180.0 180.0   5.0 450.0                            LAT/LON1/LON2/DLON/H
  134  149  156  177  189  206  212  225  230  235  239  245  255  266  283  295
  309  312  312  307  302  294  294  299  312  323  339  355  372  386  401  406
  412  405  399  385  370  348  328  306  286  268  248  228  203  190  177  171
  156  148  140  130  127  128  130  135  132  133  129  129  128  124  124  120
  118  114  106   99   86   85   95  115  134                                   
    12.5-180.0 180.0   5.0 450.0                            LAT/LON1/LON2/DLON/H
  126  143  161  180  202  212  226  232  242  244  251  257  268  280  294  308
  324  335  337  332  328  320  323  328  339  351  362  380  396  412  423  428
  432  425  419  404  392  367  346  322  299  275  248  227  202  195  185  184
  171  168  159  154  150  151  150  152  147  143  137  133  129  126  120  119
  113  109   97   89   76   73   80  104  126                                   
    10.0-180.0 180.0   5.0 450.0                            LAT/LON1/LON2/DLON/H
  119  143  158  185  202  222  228  241  246  253  259  267  279  291  306  317
  337  347  355  351  349  344  347  352  364  372  386  403  421  433  442  444
  448  439  435  422  413  388  365  337  311  281  250  230  209  208  204  203
  192  187  180  172  168  170  165  167  158  153  142  136  132  125  122  115
  114  110  104   90   79   70   77   94  119                                   
     7.5-180.0 180.0   5.0 450.0                            LAT/LON1/LON2/DLON/H
  112  133  160  184  210  227  241  246  256  263  270  278  291  304  319  331
  349  359  369  366  369  364  369  374  384  396  409  426  442  450  455  456
