data/unet/pred3130.15i
     1.0            IONOSPHERE MAPS     GNSS                IONEX VERSION / TYPE
pyspatialgeodesy        IME             05-JAN-18 20:20     PGM / RUN BY / DATE 
Map Name                                                    COMMENT             
Predicted global ionosphere maps (GIM).                     DESCRIPTION         
  2015    11     9     0     0     0                        EPOCH OF FIRST MAP  
  2015    11    10     0     0     0                        EPOCH OF LAST MAP   
  7200                                                      INTERVAL            
    13                                                      # OF MAPS IN FILE   
  NONE                                                      MAPPING FUNCTION    
10.0                                                        ELEVATION CUTOFF    
One-way carrier phase leveled to code                       OBSERVABLES USED    
  6371.0                                                    BASE RADIUS         
 2                                                          MAP DIMENSION       
   450.0 450.0   0.0                                        HGT1 / HGT2 / DHGT  
    87.5 -87.5  -2.5                                        LAT1 / LAT2 / DLAT  
  -180.0 180.0   5.0                                        LON1 / LON2 / DLON  
    -1                                                      EXPONENT            
                                                            END OF HEADER       
[from data line 429]
     2                                                      START OF TEC MAP    
  2015    11     9     2     0     0                        EPOCH OF CURRENT MAP
    87.5-180.0 180.0   5.0 450.0                            LAT/LON1/LON2/DLON/H
   79   66   63   53   54   48   51   48   51   48   50   47   48   46   48   46
   47   45   47   45   46   45   46   44   45   43   45   43   44   43   45   43
   46   44   47   45   49   47   51   49   53   51   55   53   57   55   58   56
   61   59   63   61   66   63   67   63   68   64   68   63   68   63   67   61
   66   60   66   61   69   60   67   75   79                                   
    85.0-180.0 180.0   5.0 450.0                            LAT/LON1/LON2/DLON/H
   66   71   50   54   48   45   43   44   42   43   41   42   39   41   39   40
   38   40   39   39   37   39   37   38   35   37   36   37   35   37   37   38
   38   39   41   42   44   45   48   49   51   52   55   55   57   56   58   57
   59   58   59   58   60   59   60   59   60   59   60   58   60   58   59   58
   59   58   60   58   60   53   61   82   66                                   
    82.5-180.0 180.0   5.0 450.0                            LAT/LON1/LON2/DLON/H
   67   63   62   56   53   45   47   42   45   40   43   38   42   38   42   38
   42   37   42   37   40   35   39   34   37   31   36   31   34   30   35   32
   36   34   40   40   46   46   52   53   58   58   63   64   67   65   67   66
   68   65   67   65   67   64   67   64   67   65   67   65   68   66   69   67
   70   68   71   69   71   64   74   89   67                                   
    80.0-180.0 180.0   5.0 450.0                            LAT/LON1/LON2/DLON/H
   76   68   64   59   56   48   48   44   43   41   41   40   40   40   41   42
   43   42   43   42   42   39   39   36   35   32   32   29   30   28   30   29
   32   32   37   38   45   46   54   55   62   61   68   65   71   66   69   65
   68   63   66   62   66   62   66   63   68   65   71   68   75   72   78   76
   82   79   85   82   84   75   78   91   76                                   
    77.5-180.0 180.0   5.0 450.0                            LAT/LON1/LON2/DLON/H
   82   79   74   72   61   60   52   53   47   49   45   48   45   49   47   51
   49   52   50   53   47   49   44   45   38   39   33   34   28   30   28   31
   29   34   35   42   44   53   55   63   62   69   67   71   67   69   64   65
   60   60   57   59   57   59   59   62   64   67   70   74   77   81   84   87
   90   93   95   98   96   93   95  102   82                                   
    75.0-180.0 180.0   5.0 450.0                            LAT/LON1/LON2/DLON/H
   94   89   84   80   71   64   60   56   52   50   48   49   47   50   49   52
   52   54   54   54   52   52   50   47   43   41   38   36   32   32   30   32
   31   35   37   42   46   53   57   62   64   66   67   66   64   61   59   55
   53   50   50   50   50   53   54   60   62   69   71   78   81   86   90   95
   99  104  107  112  113  109  109  110   94                                   
    72.5-180.0 180.0   5.0 450.0                            LAT/LON1/LON2/DLON/H
  105  101   95   89   76   71   62   60   53   53   49   50   46   49   47   49
   48   51   50   53   50   53   50   50   44   45   41   41   35   36   34   35
   33   36   38   43   45   52   54   60   59   63   61   61   56   53   48   45
   41   40   39   40   42   45   50   55   62   67   74   79   86   91   98  101
  108  111  118  122  127  123  125  122  105                                   
    70.0-180.0 180.0   5.0 450.0                            LAT/LON1/LON2/DLON/H
  118  112  106  101   87   79   70   65   59   56   51   49   45   45   42   44
   44   47   47   49   50   51   50   49   48   48   45   45   42   42   40   40
   38   40   41   44   47   51   55   57   58   58   57   54   50   45   41   36
   35   33   35   37   42   48   54   63   70   80   86   95   99  105  109  113
  117  121  128  134  140  138  138  134  118                                   
    67.5-180.0 180.0   5.0 450.0                            LAT/LON1/LON2/DLON/H
  131  123  119  110   94   87   77   73   64   62   53   50   42   41   36   37
   35   39   39   43   43   47   45   49   46   50   48   50   46   48   45   45
   41   43   42   45   45   49   50   54   51   53   49   47   40   37   31   30
   26   29   29   35   41   49   59   69   82   92  103  109  115  118  122  122
  127  128  136  140  148  147  146  143  131                                   
    65.0-180.0 180.0   5.0 450.0                            LAT/LON1/LON2/DLON/H
  140  132  126  121  106   98   88   83   75   70   59   55   44   42   33   34
   32   35   36   39   41   44   45   47   49   50   51   53   53   53   50   49
   45   44   43   43   44   46   48   49   49   48   45   41   37   32   30   28
   28   29   34   40   49   59   71   86  100  114  123  131  134  136  135  133
  133  134  139  145  151  151  153  151  140                                   
    62.5-180.0 180.0   5.0 450.0                            LAT/LON1/LON2/DLON/H
  146  137  132  124  110  103   94   91   81   76   64   57   45   39   31   29
   27   28   29   33   35   39   39   45   44   49   49   54   52   54   49   48
   42   41   38   39   38   41   41   44   41   42   38   36   30   29   25   27
   26   32   35   45   53   67   81   98  115  128  140  147  152  151  149  143
  143  139  142  143  149  150  153  154  146                                   
    60.0-180.0 180.0   5.0 450.0                            LAT/LON1/LON2/DLON/H
  149  141  133  129  116  109  102   98   92   85   72   65   52   45   36   34
   32   32   32   33   35   36   39   40   44   44   49   49   52   49   48   44
   41   37   35   34   35   36   39   40   40   39   37   35   34   31   32   32
   36   38   46   52   65   78   96  113  129  143  155  163  168  167  164  157
  153  147  146  146  150  152  156  158  149                                   
    57.5-180.0 180.0   5.0 450.0                            LAT/LON1/LON2/DLON/H
  157  149  141  132  117  111  104  103   96   90   78   69   57   50   41   40
   35   35   32   32   30   31   31   34   35   39   40   43   42   43   39   38
   33   32   28   30   30   33   35   37   37   36   35   34   33   34   33   37
   38   44   49   60   71   86  102  118  134  150  164  173  180  180  179  173
  170  162  161  157  159  161  161  162  157                                   
    55.0-180.0 180.0   5.0 450.0                            LAT/LON1/LON2/DLON/H
  166  158  147  140  127  120  113  111  104   97   84   76   65   58   52   50
   47   44   40   36   33   31   31   30   35   34   39   37   41   37   38   34
   32   29   29   29   31   34   36   38   38   39   38   39   40   41   43   46
   50   53   59   67   80   94  109  124  139  154  169  180  190  193  194  192
  189  184  180  175  173  176  176  174  166                                   
    52.5-180.0 180.0   5.0 450.0                            LAT/LON1/LON2/DLON/H
  185  177  164  152  135  128  120  115  108   99   87   79   70   66   61   60
   54   50   42   37   30   28   26   27   29   31   33   35   35   36   33   33
   30   31   30   33   34   37   39   39   41   41   41   42   43   47   48   53
   54   59   64   73   84   98  110  123  138  152  167  183  196  203  209  210
  213  208  206  198  199  197  195  187  185                                   
    50.0-180.0 180.0   5.0 450.0                            LAT/LON1/LON2/DLON/H
  201  196  181  170  153  144  134  128  116  105   89   83   74   71   68   67
   62   54   46   38   32   28   28   26   31   29   33   32   36   33   35   32
   34   33   35   37   41   42   44   44   45   46   46   48   51   54   58   61
   64   67   73   82   94  107  119  131  143  156  172  187  204  215  226  233
  240  236  234  227  224  220  216  205  201                                   
    47.5-180.0 180.0   5.0 450.0                            LAT/LON1/LON2/DLON/H
  227  224  207  192  173  161  148  136  122  108   93   83   77   75   73   70
   62   54   43   36   30   29   28   30   31   33   33   36   35   38   35   38
   37   41   42   46   48   49   50   49   50   50   51   52   55   58   61   65
   67   73   79   90  103  118  128  139  148  161  174  190  208  223  238  249
  260  261  259  253  250  243  236  222  227                                   
    45.0-180.0 180.0   5.0 450.0                            LAT/LON1/LON2/DLON/H
  243  241  224  211  192  179  162  151  132  118   97   91   82   82   77   73
   64   53   43   37   33   32   34   34   39   38   40   39   42   40   42   41
   45   47   51   53   56   56   56   56   56   57   58   59   62   66   68   72
   75   81   90  106  121  136  146  156  163  173  183  198  216  233  250  264
  277  278  279  270  267  257  249  236  243                                   
    42.5-180.0 180.0   5.0 450.0                            LAT/LON1/LON2/DLON/H
  258  257  240  226  210  195  176  160  141  124  104   95   86   85   79   74
   62   52   42   39   36   40   39   43   44   46   44   45   44   46   44   46
   48   53   55   58   60   60   61   59   61   62   63   64   67   70   71   75
   79   89  101  120  135  152  162  172  179  187  194  206  224  239  257  272
  285  290  287  282  280  269  261  247  258                                   
    40.0-180.0 180.0   5.0 450.0                            LAT/LON1/LON2/DLON/H
  265  262  246  231  217  203  182  169  147  133  111  104   94   92   83   76
   65   56   49   48   48   51   52   53   54   53   52   51   52   50   50   49
   53   55   59   62   64   64   63   65   67   70   71   73   75   78   78   82
   87   99  117  139  157  174  186  196  201  206  212  221  237  252  268  282
  298  300  300  291  289  277  265  251  265                                   
    37.5-180.0 180.0   5.0 450.0                            LAT/LON1/LON2/DLON/H
  276  271  250  235  222  206  188  172  154  136  119  108   99   95   86   79
   69   63   59   61   62   66   65   66   62   62   57   57   55   54   51   50
   50   53   58   60   64   64   67   67   73   75   79   80   81   82   82   87
   94  110  130  152  170  190  202  211  216  221  226  236  251  263  282  296
  307  311  307  302  300  291  278  262  276                                   
    35.0-180.0 180.0   5.0 450.0                            LAT/LON1/LON2/DLON/H
  293  282  263  239  224  206  188  175  156  142  124  118  107  103   94   87
   79   76   76   80   81   84   80   77   73   70   66   64   63   60   57   54
   54   57   60   64   66   69   69   72   76   82   86   88   88   89   87   92
  101  120  141  164  183  202  217  225  232  237  245  254  268  283  301  316
  330  335  334  327  326  316  297  279  293                                   
    32.5-180.0 180.0   5.0 450.0                            LAT/LON1/LON2/DLON/H
  322  311  280  255  236  213  197  179  164  146  132  121  113  108   99   94
   90   91   94   96   96   95   89   85   78   76   72   70   69   66   64   60
   61   64   68   70   75   75   79   77   85   86   93   91   92   91   91   95
  107  124  146  167  185  206  219  230  238  248  257  269  286  302  324  341
  353  364  366  369  366  357  335  311  322                                   
    30.0-180.0 180.0   5.0 450.0                            LAT/LON1/LON2/DLON/H
  368  356  327  285  255  225  204  185  171  153  137  129  119  114  105  102
  100  103  104  108  103  100   92   90   87   86   85   84   84   81   79   76
   75   78   77   81   80   82   82   83   87   91   96   95   96   94   94   99
  112  127  147  167  186  203  223  233  248  257  270  284  305  326  347  369
  384  400  409  417  426  420  395  360  368                                   
    27.5-180.0 180.0   5.0 450.0                            LAT/LON1/LON2/DLON/H
  423  414  376  336  300  263  236  210  190  169  152  136  127  118  111  107
  107  109  111  109  102   96   92   91   93   95   99   97  104  102  108  106
  110  109  107  104  104  100   99   92   95   91   97   94   96   93   95   98
  109  121  139  158  176  194  216  233  248  263  277  294  319  341  369  393
  411  430  445  462  479  485  466  429  423                                   
    25.0-180.0 180.0   5.0 450.0                            LAT/LON1/LON2/DLON/H
  511  491  459  408  369  323  278  240  209  181  162  147  134  125  115  112
  108  109  105  101   91   87   87   95  106  114  120  121  125  125  133  131
  135  134  125  122  113  108  102   97   95   94   95   92   93   91   91   93
  104  116  134  154  173  193  216  235  257  274  290  309  334  364  392  421
  442  464  485  511  542  554  541  511  511                                   
    22.5-180.0 180.0   5.0 450.0                            LAT/LON1/LON2/DLON/H
  585  580  536  490  446  396  348  295  247  211  184  164  147  133  121  115
  108  105   96   88   79   77   83   99  119  131  142  144  151  156  159  161
  160  158  145  136  126  118  112  101  101   93   94   88   89   85   87   90
   99  112  131  152  173  196  222  246  270  287  303  322  350  379  415  445
  469  493  519  555  598  615  609  582  585                                   
    20.0-180.0 180.0   5.0 450.0                            LAT/LON1/LON2/DLON/H
  661  667  638  591  551  486  429  365  304  248  208  182  163  146  131  121
  111  102   88   80   70   75   90  118  142  160  168  171  178  182  189  185
  180  169  149  138  125  114  111  102  101   96   94   90   89   84   84   86
   98  114  135  160  183  211  241  266  288  303  317  334  359  390  429  465
  491  519  548  590  637  661  660  641  661                                   
    17.5-180.0 180.0   5.0 450.0                            LAT/LON1/LON2/DLON/H
  690  719  684  655  620  573  506  436  367  305  247  213  185  166  147  133
  120  107   91   79   76   84  107  137  167  184  193  196  198  203  202  201
  184  175  153  140  126  119  112  103   99   94   91   84   82   77   76   82
   93  112  137  165  194  229  262  289  309  318  332  342  368  394  435  467
  495  521  548  585  641  666  673  660  690                                   
    15.0-180.0 180.0   5.0 450.0                            LAT/LON1/LON2/DLON/H
  686  719  705  694  666  626  585  513  441  367  303  253  217  192  172  155
  141  125  109  101  101  116  138  172  200  219  227  227  223  226  217  206
  184  165  144  127  124  113  113  104   97   94   88   83   78   71   71   76
   91  117  145  179  215  254  291  314  331  335  340  344  366  390  429  461
  484  503  525  558  603  636  649  658  686                                   
    12.5-180.0 180.0   5.0 450.0                            LAT/LON1/LON2/DLON/H
  633  677  679  677  667  644  612  568  509  437  367  310  264  231  206  186
  172  157  146  141  147  159  183  213  239  257  258  253  242  239  223  211
  182  163  136  125  115  108  105   98   94   88   83   74   69   63   63   72
   89  119  150  189  234  277  314  335  350  348  349  349  367  386  419  442
  462  473  488  506  545  572  596  615  633                                   
    10.0-180.0 180.0   5.0 450.0                            LAT/LON1/LON2/DLON/H
  554  592  613  639  647  644  625  595  553  496  435  376  327  285  255  229
  208  196  191  192  199  216  233  262  279  289  281  271  251  240  221  199
  181  157  143  125  121  113  106  103   93   91   82   74   68   59   61   71
   91  123  158  200  245  284  317  335  347  343  343  340  357  371  400  422
  437  445  454  467  492  512  528  560  554                                   
     7.5-180.0 180.0   5.0 450.0                            LAT/LON1/LON2/DLON/H
  469  493  524  560  593  603  603  584  563  524  481  435  391  352  317  290
  267  254  251  260  268  286  292  309  311  309  300  279  261  242  221  198
