data/unet/pred0870.15i
     1.0            IONOSPHERE MAPS     GNSS                IONEX VERSION / TYPE
pyspatialgeodesy        IME             05-JAN-18 20:20     PGM / RUN BY / DATE 
Map Name                                                    COMMENT             
Predicted global ionosphere maps (GIM).                     DESCRIPTION         
  2015     3    28     0     0     0                        EPOCH OF FIRST MAP  
  2015     3    29     0     0     0                        EPOCH OF LAST MAP   
  7200                                                      INTERVAL            
    13                                                      # OF MAPS IN FILE   
  NONE                                                      MAPPING FUNCTION    
10.0                                                        ELEVATION CUTOFF    
One-way carrier phase leveled to code                       OBSERVABLES USED    
  6371.0                                                    BASE RADIUS         
 2                                                          MAP DIMENSION       
   450.0 450.0   0.0                                        HGT1 / HGT2 / DHGT  
    87.5 -87.5  -2.5                                        LAT1 / LAT2 / DLAT  
  -180.0 180.0   5.0                                        LON1 / LON2 / DLON  
    -1                                                      EXPONENT            
                                                            END OF HEADER       
[from data line 2574]
     7                                                      START OF TEC MAP    
  2015     3    28    12     0     0                        EPOCH OF CURRENT MAP
    87.5-180.0 180.0   5.0 450.0                            LAT/LON1/LON2/DLON/H
  166  177  181  183  188  189  194  194  198  198  202  201  205  204  207  206
  209  208  213  212  216  215  219  218  221  220  222  220  221  219  220  217
  216  214  213  210  209  205  204  199  197  192  191  186  183  178  175  171
  167  163  161  158  157  155  156  155  156  155  155  156  157  158  159  160
  162  164  166  168  169  173  185  162  166                                   
    85.0-180.0 180.0   5.0 450.0                            LAT/LON1/LON2/DLON/H
  158  166  168  177  180  187  189  195  197  202  203  206  207  210  210  212
  213  215  216  219  221  224  227  229  231  233  234  236  235  236  235  235
  232  233  229  228  224  220  215  210  204  199  192  186  180  172  166  159
  154  147  146  140  139  134  135  132  133  131  131  131  134  134  136  138
  140  143  145  149  149  152  167  167  158                                   
    82.5-180.0 180.0   5.0 450.0                            LAT/LON1/LON2/DLON/H
  140  147  151  153  162  166  176  179  188  190  197  199  204  205  209  209
  213  214  216  221  222  227  229  236  237  242  243  247  246  248  247  248
  244  245  240  237  232  224  218  207  201  189  183  172  165  153  148  137
  134  124  124  115  117  108  112  104  110  102  108  103  110  106  112  109
  115  113  120  117  124  122  137  150  140                                   
    80.0-180.0 180.0   5.0 450.0                            LAT/LON1/LON2/DLON/H
  126  133  133  139  142  154  157  167  170  179  181  188  190  194  194  199
  197  203  202  208  209  215  218  225  228  234  238  242  244  248  250  253
  253  254  251  247  240  233  225  217  206  196  186  177  168  161  152  145
  138  132  128  123  121  116  116  112  113  110  112  110  114  112  115  116
  117  117  117  116  116  114  123  134  126                                   
    77.5-180.0 180.0   5.0 450.0                            LAT/LON1/LON2/DLON/H
  117  123  117  119  126  133  141  148  155  161  166  172  174  177  177  179
  179  181  180  183  184  189  192  197  201  208  213  221  227  235  242  248
  251  254  252  251  245  240  230  224  215  207  199  192  183  177  169  163
  156  153  149  148  144  142  139  137  135  133  131  131  129  129  127  127
  123  122  118  115  111  108  116  129  117                                   
    75.0-180.0 180.0   5.0 450.0                            LAT/LON1/LON2/DLON/H
  112  114  103  114  115  126  126  139  138  150  148  158  155  161  157  161
  157  161  159  162  161  166  168  175  177  188  195  206  215  227  237  248
  254  259  260  260  256  253  245  241  234  230  222  219  209  208  196  197
  186  188  182  185  179  180  175  174  168  166  160  156  153  148  146  141
  139  135  129  122  115  110  118  124  112                                   
    72.5-180.0 180.0   5.0 450.0                            LAT/LON1/LON2/DLON/H
  110  111   98  104  109  112  118  122  126  130  134  136  138  138  139  138
  138  138  138  140  141  145  150  156  162  172  183  194  207  218  233  243
  254  262  264  268  267  266  260  258  252  250  247  244  242  237  234  230
  227  226  226  226  224  222  219  215  209  203  195  188  181  173  168  162
  157  149  140  130  122  112  120  127  110                                   
    70.0-180.0 180.0   5.0 450.0                            LAT/LON1/LON2/DLON/H
  106  107   95  102  105  111  113  120  120  125  124  126  126  126  127  127
  128  130  131  132  135  138  145  149  157  165  175  187  202  214  231  243
  256  264  270  273  275  277  275  275  273  274  273  274  272  271  268  267
  266  266  265  264  261  256  249  244  234  227  215  208  198  191  182  173
  167  157  149  136  125  115  119  121  106                                   
    67.5-180.0 180.0   5.0 450.0                            LAT/LON1/LON2/DLON/H
  101   98   89   98  101  106  110  112  113  115  115  115  116  116  117  119
  122  124  127  130  133  137  142  148  155  164  174  186  199  210  226  238
  254  262  271  276  281  286  288  291  291  295  294  299  297  299  296  296
  293  291  288  285  278  269  259  247  234  222  209  202  192  185  176  171
  164  157  146  134  122  110  115  117  101                                   
    65.0-180.0 180.0   5.0 450.0                            LAT/LON1/LON2/DLON/H
   90   93   84   89   94  100  103  107  108  109  109  111  110  113  115  121
  124  130  131  136  137  143  146  153  158  166  174  186  198  209  225  239
  255  264  271  278  284  290  294  299  302  306  309  315  316  319  317  316
  313  309  303  294  284  271  257  239  224  209  195  185  177  172  165  158
  153  145  137  123  114  101  103  102   90                                   
    62.5-180.0 180.0   5.0 450.0                            LAT/LON1/LON2/DLON/H
   80   77   71   80   82   88   92   97   97  102  101  104  105  108  111  116
  121  126  130  134  137  142  146  153  158  166  174  184  195  205  221  233
  250  260  270  279  286  295  302  311  315  322  324  331  332  333  330  325
  320  312  304  292  280  260  243  222  207  189  176  165  157  153  145  142
  135  132  121  113  100   91   89   89   80                                   
    60.0-180.0 180.0   5.0 450.0                            LAT/LON1/LON2/DLON/H
   72   69   60   66   70   74   79   82   84   86   90   92   96  100  104  112
  116  125  127  134  136  142  144  153  156  166  172  184  192  205  218  234
  250  262  271  281  289  299  307  319  324  333  335  344  343  343  338  333
  325  316  305  292  277  256  237  218  202  186  173  162  154  148  142  136
  131  124  117  105   96   85   80   76   72                                   
    57.5-180.0 180.0   5.0 450.0                            LAT/LON1/LON2/DLON/H
   74   63   54   59   58   62   64   69   68   74   76   81   84   89   95  102
  106  113  116  123  128  134  139  147  153  162  169  179  188  201  216  231
  250  264  275  288  298  310  319  330  336  344  348  353  353  348  341  333
  325  313  305  290  276  254  237  219  208  192  183  171  166  158  150  143
  134  128  117  109   98   90   78   76   74                                   
    55.0-180.0 180.0   5.0 450.0                            LAT/LON1/LON2/DLON/H
   83   68   55   56   54   54   55   57   56   59   63   68   72   76   82   87
   94  101  106  116  119  130  135  147  152  165  169  182  189  207  219  239
  257  274  285  300  311  323  334  345  352  360  361  367  364  359  351  343
  334  325  316  305  290  273  256  242  232  222  213  205  198  191  181  169
  158  148  137  127  117  108   99   87   83                                   
    52.5-180.0 180.0   5.0 450.0                            LAT/LON1/LON2/DLON/H
  108   84   72   69   61   59   55   55   51   55   56   60   63   67   73   78
   85   92   98  106  114  125  135  148  156  169  176  189  198  214  229  248
  269  286  301  316  330  341  351  360  367  374  377  378  377  367  360  350
  345  335  333  321  313  298  287  272  264  252  246  237  235  225  217  201
  190  175  164  151  144  136  130  116  108                                   
    50.0-180.0 180.0   5.0 450.0                            LAT/LON1/LON2/DLON/H
  132  113   99   90   81   74   67   62   54   55   54   57   59   62   65   70
   76   82   90  100  110  126  137  155  163  181  186  205  210  230  245  269
  287  305  319  335  349  360  372  380  387  394  396  399  394  388  379  373
  365  362  355  349  339  329  315  306  294  286  275  271  266  260  249  237
  222  210  196  186  178  176  170  152  132                                   
    47.5-180.0 180.0   5.0 450.0                            LAT/LON1/LON2/DLON/H
  167  145  136  121  112   97   89   79   70   67   66   65   65   64   66   70
   75   83   91  103  115  131  147  163  178  195  207  222  231  250  265  286
  304  323  338  353  366  376  387  395  402  406  410  409  406  397  394  384
  383  375  374  363  356  342  332  317  306  295  288  285  284  278  269  254
  243  228  218  207  205  205  207  192  167                                   
    45.0-180.0 180.0   5.0 450.0                            LAT/LON1/LON2/DLON/H
  185  178  165  157  143  130  117  107   91   89   80   80   73   72   70   74
   79   86   97  110  126  144  160  181  195  216  227  246  256  277  288  306
  317  335  350  364  381  393  407  415  421  427  429  428  424  418  412  407
  402  397  390  380  367  355  338  325  304  295  284  285  284  283  274  265
  250  239  223  216  209  218  224  210  185                                   
    42.5-180.0 180.0   5.0 450.0                            LAT/LON1/LON2/DLON/H
  197  189  183  174  168  154  146  127  120  110  106   98   93   86   84   85
   89   98  108  123  141  161  178  197  216  234  252  267  281  295  303  317
  328  345  360  378  395  410  424  433  440  443  444  440  438  430  428  420
  417  408  401  388  374  357  339  315  292  275  261  259  257  258  252  247
  236  223  208  200  197  204  219  214  197                                   
    40.0-180.0 180.0   5.0 450.0                            LAT/LON1/LON2/DLON/H
  190  192  187  186  182  177  167  158  144  138  125  119  107  100   95   97
  102  111  122  139  155  174  192  211  229  250  266  290  299  309  314  323
  335  350  366  388  411  429  446  455  464  466  466  462  458  451  446  437
  429  419  410  397  381  363  338  311  282  262  247  240  238  234  231  223
  214  202  188  178  171  180  197  196  190                                   
    37.5-180.0 180.0   5.0 450.0                            LAT/LON1/LON2/DLON/H
  172  176  172  180  183  183  181  171  165  153  146  132  126  114  112  109
  118  123  140  153  170  186  203  216  237  252  278  296  310  318  322  332
  346  365  386  409  432  451  470  481  490  489  489  481  480  472  469  459
  450  441  431  421  403  382  352  319  288  265  247  236  228  223  214  208
  196  184  166  156  147  152  173  174  172                                   
    35.0-180.0 180.0   5.0 450.0                            LAT/LON1/LON2/DLON/H
  155  150  149  162  165  173  172  169  165  158  153  145  135  127  120  122
  127  135  147  160  176  192  207  221  237  258  279  301  313  322  330  340
  360  380  409  435  461  482  504  515  523  519  521  510  509  501  500  488
  482  469  466  455  446  427  401  373  341  314  292  275  254  243  226  218
  205  194  173  157  136  133  149  146  155                                   
    32.5-180.0 180.0   5.0 450.0                            LAT/LON1/LON2/DLON/H
  136  129  131  140  150  155  158  157  156  153  153  147  143  135  134  130
  139  140  155  164  181  194  211  222  240  256  279  297  309  326  338  356
  375  402  437  468  500  523  544  556  560  558  557  554  551  553  549  546
  539  535  525  526  516  509  483  457  423  395  369  344  320  294  275  256
  237  217  193  172  143  133  138  121  136                                   
    30.0-180.0 180.0   5.0 450.0                            LAT/LON1/LON2/DLON/H
  112  108  109  115  131  135  137  135  139  139  140  142  138  139  132  135
  135  140  148  161  179  197  213  231  244  263  277  296  310  329  346  368
  397  431  469  506  545  572  588  597  598  600  602  605  609  613  615  616
  624  625  640  648  649  642  627  601  575  542  504  468  423  391  342  325
  283  268  220  199  162  158  147  117  112                                   
    27.5-180.0 180.0   5.0 450.0                            LAT/LON1/LON2/DLON/H
  121  122  118  115  122  123  128  123  127  127  134  136  139  136  138  133
  138  135  148  159  185  198  223  233  254  265  281  297  316  339  360  390
  422  469  508  549  585  612  629  637  637  644  652  667  675  691  696  710
  723  739  754  759  762  756  744  730  706  681  653  610  567  524  463  422
  384  355  303  262  222  197  189  133  121                                   
    25.0-180.0 180.0   5.0 450.0                            LAT/LON1/LON2/DLON/H
  169  150  128  120  128  128  126  115  114  112  121  126  136  137  131  133
  128  131  138  157  182  206  227  247  260  277  285  314  331  363  392  426
  478  524  571  607  636  656  670  677  680  692  706  726  736  752  772  799
  820  837  849  855  856  856  841  832  807  793  766  741  687  630  554  523
  481  473  416  362  293  265  238  194  169                                   
    22.5-180.0 180.0   5.0 450.0                            LAT/LON1/LON2/DLON/H
  231  210  173  142  137  134  136  128  116  111  114  121  127  136  135  129
  130  127  143  164  195  217  247  259  277  286  300  326  355  389  425  478
  539  590  636  667  688  701  709  719  721  741  757  778  793  818  841  869
  894  911  923  925  929  924  916  901  885  863  838  815  779  733  655  602
  568  544  500  461  413  382  346  276  231                                   
    20.0-180.0 180.0   5.0 450.0                            LAT/LON1/LON2/DLON/H
  321  275  229  192  175  158  148  142  130  119  111  113  115  123  128  127
  124  127  142  168  197  230  251  277  283  306  326  357  389  428  483  532
  596  639  682  705  724  732  740  749  758  773  791  818  833  862  882  910
  935  947  958  957  958  947  937  912  888  871  847  836  806  783  720  682
  644  632  595  544  484  456  436  372  321                                   
    17.5-180.0 180.0   5.0 450.0                            LAT/LON1/LON2/DLON/H
  393  354  295  242  213  184  172  156  151  143  127  122  116  118  119  122
  125  123  144  170  202  233  266  283  296  313  340  377  410  465  517  577
  633  672  707  731  744  755  762  776  784  800  816  840  861  883  906  928
  949  955  957  952  945  932  912  881  846  820  804  793  778  747  701  671
  660  655  648  612  573  542  512  448  393                                   
    15.0-180.0 180.0   5.0 450.0                            LAT/LON1/LON2/DLON/H
  439  407  353  296  257  222  200  180  166  156  145  134  120  121  114  117
  119  127  145  174  203  241  268  300  307  332  359  403  450  502  559  606
  652  680  710  725  741  751  772  786  798  814  831  857  874  896  912  930
  938  940  934  921  908  889  859  819  770  735  707  693  679  660  639  628
  618  642  634  624  598  574  547  481  439                                   
    12.5-180.0 180.0   5.0 450.0                            LAT/LON1/LON2/DLON/H
  470  446  381  327  285  248  225  199  188  165  155  143  135  129  124  118
  114  116  143  168  202  238  271  293  307  338  373  428  473  530  578  621
  662  682  707  717  740  753  778  796  808  826  843  866  883  899  912  915
  915  907  891  874  856  838  802  750  674  620  586  575  568  575  565  564
  557  588  592  601  588  579  556  507  470                                   
    10.0-180.0 180.0   5.0 450.0                            LAT/LON1/LON2/DLON/H
  467  466  412  363  317  276  248  222  200  180  160  145  142  137  125  125
  110  118  134  171  205  240  265  296  316  356  399  459  506  552  589  617
  651  672  693  711  733  752  785  804  816  833  847  869  882  895  901  898
  892  866  842  814  803  773  741  669  577  525  490  487  492  512  506  519
  504  533  535  565  563  572  542  488  467                                   
     7.5-180.0 180.0   5.0 450.0                            LAT/LON1/LON2/DLON/H
  457  467  407  372  328  288  258  235  208  187  170  155  149  144  138  127
  110  115  128  156  189  229  261  296  325  374  419  480  523  560  592  613
