data/unet/pred1060.15i
     1.0            IONOSPHERE MAPS     GNSS                IONEX VERSION / TYPE
pyspatialgeodesy        IME             05-JAN-18 20:20     PGM / RUN BY / DATE 
Map Name                                                    COMMENT             
Predicted global ionosphere maps (GIM).                     DESCRIPTION         
  2015     4    16     0     0     0                        EPOCH OF FIRST MAP  
  2015     4    17     0     0     0                        EPOCH OF LAST MAP   
  7200                                                      INTERVAL            
    13                                                      # OF MAPS IN FILE   
  NONE                                                      MAPPING FUNCTION    
10.0                                                        ELEVATION CUTOFF    
One-way carrier phase leveled to code                       OBSERVABLES USED    
  6371.0                                                    BASE RADIUS         
 2                                                          MAP DIMENSION       
   450.0 450.0   0.0                                        HGT1 / HGT2 / DHGT  
    87.5 -87.5  -2.5                                        LAT1 / LAT2 / DLAT  
  -180.0 180.0   5.0                                        LON1 / LON2 / DLON  
    -1                                                      EXPONENT            
                                                            END OF HEADER       
[from data line 4719]
    12                                                      START OF TEC MAP    
  2015     4    16    22     0     0                        EPOCH OF CURRENT MAP
    87.5-180.0 180.0   5.0 450.0                            LAT/LON1/LON2/DLON/H
  197  185  175  177  175  177  178  179  180  181  182  182  182  182  182  181
  180  180  179  180  178  179  177  177  175  175  173  172  170  170  168  168
  166  166  165  164  163  163  162  162  161  161  161  161  160  161  160  161
  161  162  163  164  165  167  167  169  169  170  170  172  171  172  171  172
  171  172  172  173  172  173  177  186  197                                   
    85.0-180.0 180.0   5.0 450.0                            LAT/LON1/LON2/DLON/H
  176  182  183  186  184  184  187  188  191  192  195  196  198  198  199  198
  197  196  195  194  194  192  191  189  186  184  181  179  176  174  171  170
  167  166  164  163  160  160  158  158  156  157  156  157  156  158  158  160
  160  163  163  167  167  171  171  174  175  177  178  180  179  181  180  181
  181  181  181  180  181  179  177  190  176                                   
    82.5-180.0 180.0   5.0 450.0                            LAT/LON1/LON2/DLON/H
  162  171  172  175  174  176  178  183  186  190  194  198  200  203  202  203
  200  201  197  199  195  196  191  191  185  184  178  177  172  170  165  164
  160  158  155  154  151  151  148  149  147  148  147  149  147  150  149  152
  152  155  156  160  161  165  166  171  171  175  175  179  177  180  178  181
  178  180  176  177  173  173  169  180  162                                   
    80.0-180.0 180.0   5.0 450.0                            LAT/LON1/LON2/DLON/H
  157  166  164  168  168  173  176  183  186  194  198  206  207  211  210  211
  209  209  206  206  203  201  197  195  190  187  183  179  175  171  167  163
  160  156  153  150  148  146  145  143  143  142  142  142  143  143  144  146
  147  150  152  156  158  162  164  168  170  173  175  177  179  179  179  179
  178  177  175  171  169  166  161  166  157                                   
    77.5-180.0 180.0   5.0 450.0                            LAT/LON1/LON2/DLON/H
  151  159  157  159  163  167  174  181  189  197  207  213  217  218  220  217
  217  213  213  209  208  202  202  196  194  190  188  184  181  176  172  167
  164  159  156  152  150  147  146  144  143  141  141  140  141  140  142  141
  144  144  147  149  153  155  159  162  166  167  171  172  175  174  175  173
  173  171  170  165  163  158  157  159  151                                   
    75.0-180.0 180.0   5.0 450.0                            LAT/LON1/LON2/DLON/H
  152  157  155  157  160  167  175  184  194  206  217  226  228  232  229  229
  223  221  216  214  210  206  203  199  197  194  193  190  187  182  178  173
  169  164  160  156  153  149  147  144  143  141  140  139  138  137  137  137
  138  138  140  141  144  146  151  153  157  159  162  163  165  165  166  165
  165  163  163  158  158  156  156  160  152                                   
    72.5-180.0 180.0   5.0 450.0                            LAT/LON1/LON2/DLON/H
  157  161  158  160  164  170  180  191  205  218  231  238  240  240  237  232
  225  219  214  208  205  200  197  196  196  196  197  196  193  189  184  179
  173  169  164  160  156  153  150  147  145  143  142  140  139  137  136  135
  135  134  135  136  137  139  142  145  147  150  153  155  157  158  158  159
  159  159  159  158  157  157  159  166  157                                   
    70.0-180.0 180.0   5.0 450.0                            LAT/LON1/LON2/DLON/H
  169  170  169  168  172  177  187  197  213  228  243  252  253  255  243  240
  228  221  211  204  198  193  193  191  194  193  196  193  193  186  183  175
  172  164  162  155  153  148  146  142  141  138  138  135  134  131  131  128
  128  126  127  127  129  129  132  134  137  139  142  145  148  149  150  151
  153  154  156  155  158  161  165  175  169                                   
    67.5-180.0 180.0   5.0 450.0                            LAT/LON1/LON2/DLON/H
  179  181  179  179  180  184  192  203  219  235  252  262  264  260  248  240
  226  215  206  196  189  185  185  186  187  188  188  187  183  179  173  169
  163  158  152  148  144  140  137  134  132  130  128  127  125  123  122  120
  119  118  118  118  119  120  122  124  127  130  133  137  140  143  144  146
  148  151  154  156  160  164  170  181  179                                   
    65.0-180.0 180.0   5.0 450.0                            LAT/LON1/LON2/DLON/H
  192  194  193  191  191  192  198  207  222  238  257  269  272  270  253  247
  227  218  205  197  189  185  185  183  185  182  182  177  174  167  164  156
  152  145  141  134  130  125  123  119  117  115  114  112  111  109  108  107
  107  106  107  106  109  109  111  113  117  120  124  128  132  135  138  141
  144  146  151  153  160  165  172  186  192                                   
    62.5-180.0 180.0   5.0 450.0                            LAT/LON1/LON2/DLON/H
  201  201  200  200  199  199  202  210  222  238  257  270  275  271  258  248
  229  219  205  199  191  188  185  184  182  178  174  169  165  159  154  148
  142  136  129  124  118  114  110  108  105  104  102  101  100   98   97   96
   95   96   96   97   98  100  101  105  108  113  116  122  126  132  133  138
  139  144  146  151  156  164  171  187  201                                   
    60.0-180.0 180.0   5.0 450.0                            LAT/LON1/LON2/DLON/H
  207  206  206  206  203  202  204  208  219  234  251  267  277  276  262  256
  236  229  212  210  203  200  196  192  187  179  174  166  162  156  153  147
  142  134  127  120  113  107  103  100   98   95   93   92   89   88   86   85
   86   86   87   87   89   90   93   96  102  107  112  117  123  129  132  137
  140  144  147  150  156  161  170  188  207                                   
    57.5-180.0 180.0   5.0 450.0                            LAT/LON1/LON2/DLON/H
  210  208  209  211  208  207  206  210  216  230  245  261  272  273  267  261
  246  238  223  221  211  211  203  197  189  180  172  165  163  158  156  152
  147  140  131  124  114  109  103  102   98   97   93   91   87   84   81   80
   78   80   80   83   83   87   88   93   96  104  107  116  121  131  134  144
  146  152  152  155  157  163  168  190  210                                   
    55.0-180.0 180.0   5.0 450.0                            LAT/LON1/LON2/DLON/H
  219  217  219  222  221  221  218  220  223  233  244  257  267  272  269  268
  257  252  238  235  223  221  212  208  199  189  183  177  175  172  172  168
  164  155  147  135  126  117  112  109  105  103   99   96   90   86   82   80
   78   79   79   81   83   85   88   92   97  102  109  116  125  133  143  151
  158  163  166  166  167  168  175  198  219                                   
    52.5-180.0 180.0   5.0 450.0                            LAT/LON1/LON2/DLON/H
  234  235  240  248  250  250  245  245  243  249  253  262  268  273  277  278
  276  273  260  255  239  234  219  218  207  204  196  194  192  193  192  189
  183  174  162  152  139  133  125  123  120  118  114  109  102   97   90   87
   83   83   82   86   86   91   91   98  101  108  112  122  128  142  151  165
  171  180  183  185  184  185  187  215  234                                   
    50.0-180.0 180.0   5.0 450.0                            LAT/LON1/LON2/DLON/H
  257  261  277  288  295  295  288  284  278  278  277  280  282  286  293  300
  301  295  282  271  255  247  233  233  226  225  223  223  225  222  220  213
  206  193  180  164  155  145  141  136  135  132  129  124  118  110  103   98
   93   92   92   94   96   98  102  106  111  115  121  129  140  152  166  179
  191  202  210  213  214  211  215  241  257                                   
    47.5-180.0 180.0   5.0 450.0                            LAT/LON1/LON2/DLON/H
  286  298  319  332  340  344  338  333  323  319  311  307  306  309  315  322
  326  317  303  289  271  262  250  253  247  252  248  253  251  249  241  233
  220  206  189  175  163  157  152  151  149  148  145  141  134  127  119  114
  108  107  104  107  107  112  113  119  122  128  130  141  149  164  178  194
  207  222  234  242  243  244  250  276  286                                   
    45.0-180.0 180.0   5.0 450.0                            LAT/LON1/LON2/DLON/H
  321  336  356  369  384  387  389  382  374  363  353  344  338  336  340  346
  347  337  318  298  276  267  260  265  266  273  274  279  278  272  261  245
  229  210  195  176  168  160  160  156  158  155  156  152  149  141  135  129
  124  121  121  121  125  126  131  133  138  141  146  154  166  178  195  210
  226  244  259  268  270  274  287  311  321                                   
    42.5-180.0 180.0   5.0 450.0                            LAT/LON1/LON2/DLON/H
  354  371  385  399  412  422  426  426  421  415  403  391  380  374  373  372
  371  351  336  310  295  281  276  283  284  293  290  296  287  281  263  247
  227  210  194  181  170  166  162  162  160  161  162  163  160  156  150  145
  140  139  137  140  140  145  146  151  153  157  161  170  182  198  213  230
  247  267  284  297  303  311  324  347  354                                   
    40.0-180.0 180.0   5.0 450.0                            LAT/LON1/LON2/DLON/H
  385  396  413  422  439  444  456  454  459  452  447  433  421  410  405  401
  391  374  349  330  308  300  291  298  296  304  296  302  288  281  262  246
  228  213  199  187  179  172  170  165  167  165  171  171  173  168  166  159
  158  154  155  153  157  158  162  163  167  168  174  182  198  212  231  247
  267  287  306  324  335  347  359  376  385                                   
    37.5-180.0 180.0   5.0 450.0                            LAT/LON1/LON2/DLON/H
  410  426  438  452  459  468  475  480  484  486  481  472  462  452  445  433
  422  399  382  357  347  330  329  321  321  317  308  304  287  278  258  247
  231  221  212  205  197  190  181  175  169  171  175  180  181  180  175  172
  168  167  165  168  168  173  172  175  174  177  180  192  208  227  243  262
  281  303  324  346  362  378  390  402  410                                   
    35.0-180.0 180.0   5.0 450.0                            LAT/LON1/LON2/DLON/H
  436  452  466  471  480  481  490  492  502  503  506  498  494  484  476  467
  452  436  416  398  382  372  359  353  340  336  314  309  286  279  265  261
  252  247  240  237  228  224  206  194  185  180  189  189  196  191  188  183
  178  176  175  177  179  183  182  184  180  182  185  199  218  237  258  275
  297  316  337  359  376  395  409  421  436                                   
    32.5-180.0 180.0   5.0 450.0                            LAT/LON1/LON2/DLON/H
  463  485  494  504  505  509  510  514  521  526  529  526  525  517  511  499
  491  472  460  438  430  407  401  377  370  349  335  318  302  297  291  296
  295  294  292  284  277  262  241  227  205  201  199  204  204  201  193  187
  179  177  176  181  185  189  188  187  185  184  191  207  230  251  271  291
  311  329  345  367  384  408  426  440  463                                   
    30.0-180.0 180.0   5.0 450.0                            LAT/LON1/LON2/DLON/H
  490  514  530  532  538  535  539  538  544  545  550  547  549  542  539  529
  521  508  495  482  467  450  431  411  389  375  349  341  323  330  333  350
  356  359  352  342  324  304  271  253  233  222  219  218  216  209  198  191
  182  183  182  188  189  193  186  186  175  178  179  201  223  256  278  303
  323  341  355  373  391  415  441  454  490                                   
    27.5-180.0 180.0   5.0 450.0                            LAT/LON1/LON2/DLON/H
  517  553  572  581  583  585  584  584  584  581  580  577  578  571  567  555
  549  534  527  508  498  470  458  426  420  395  388  372  375  378  396  413
  429  425  423  401  381  346  315  286  266  253  245  239  233  222  211  205
  199  197  197  202  203  203  198  190  186  176  181  190  221  251  286  309
  337  354  373  391  407  434  460  476  517                                   
    25.0-180.0 180.0   5.0 450.0                            LAT/LON1/LON2/DLON/H
  551  593  624  635  646  645  648  641  636  627  619  612  607  598  592  580
  572  560  553  535  520  496  478  458  452  442  435  434  436  454  471  494
  501  491  468  440  406  375  341  319  298  281  271  263  251  239  223  216
  207  209  207  213  207  208  197  193  179  178  176  196  214  253  282  321
  340  367  378  401  417  445  475  497  551                                   
    22.5-180.0 180.0   5.0 450.0                            LAT/LON1/LON2/DLON/H
  585  637  675  704  720  730  729  719  699  686  666  654  642  629  618  604
  593  579  569  545  531  502  496  470  486  469  493  483  512  517  547  548
  547  519  485  446  410  379  353  333  315  298  288  277  267  254  241  235
  224  227  220  226  216  214  201  196  190  180  184  193  225  255  292  324
  353  379  397  416  433  462  496  523  585                                   
    20.0-180.0 180.0   5.0 450.0                            LAT/LON1/LON2/DLON/H
  616  671  710  750  780  802  809  801  782  758  727  697  679  657  644  628
  613  595  581  562  544  520  515  505  521  521  538  542  559  568  578  579
  557  523  471  431  393  368  344  330  316  305  295  286  275  266  254  248
  239  235  235  233  229  218  205  190  184  176  183  197  223  258  291  325
  354  388  410  433  449  478  515  545  616                                   
    17.5-180.0 180.0   5.0 450.0                            LAT/LON1/LON2/DLON/H
  634  692  733  779  815  849  868  868  852  832  795  764  726  701  683  664
  647  622  600  573  553  531  531  527  550  550  569  551  566  553  559  551
  523  486  433  394  365  345  326  317  305  302  295  295  288  281  270  264
  254  253  245  245  231  224  203  190  176  175  177  195  224  250  288  324
  359  393  420  447  465  500  537  563  634                                   
    15.0-180.0 180.0   5.0 450.0                            LAT/LON1/LON2/DLON/H
  641  703  737  784  825  868  893  907  897  882  851  820  783  749  725  699
  677  649  620  591  575  557  560  560  582  572  584  565  551  525  507  493
  456  419  375  348  326  309  297  295  287  290  288  294  292  289  279  273
  267  261  254  246  234  219  198  185  170  174  176  198  219  251  286  328
  363  403  429  461  485  525  563  585  641                                   
    12.5-180.0 180.0   5.0 450.0                            LAT/LON1/LON2/DLON/H
  641  702  730  775  812  855  890  912  919  909  886  862  831  804  775  751
  725  692  659  624  604  586  588  578  592  579  574  535  497  458  430  409
  379  355  331  317  302  292  285  285  282  287  289  296  299  296  287  282
  276  269  259  247  224  208  185  179  169  176  175  189  213  247  288  332
  369  406  435  470  492  532  571  591  641                                   
    10.0-180.0 180.0   5.0 450.0                            LAT/LON1/LON2/DLON/H
  640  699  717  756  789  830  869  899  912  913  900  885  865  840  817  794
  764  731  695  658  633  608  613  604  614  594  572  515  456  407  365  339
  316  312  305  304  300  300  294  300  290  295  291  300  299  297  286  278
  272  264  250  235  208  192  175  174  161  165  163  179  203  246  290  339
  373  412  440  478  505  553  588  605  640                                   
     7.5-180.0 180.0   5.0 450.0                            LAT/LON1/LON2/DLON/H
  637  692  700  731  756  790  828  860  880  885  886  881  874  863  845  829
  803  773  736  701  672  652  647  636  627  593  544  474  407  356  317  300
