data/unet/pred1190.15i
     1.0            IONOSPHERE MAPS     GNSS                IONEX VERSION / TYPE
pyspatialgeodesy        IME             05-JAN-18 20:20     PGM / RUN BY / DATE 
Map Name                                                    COMMENT             
Predicted global ionosphere maps (GIM).                     DESCRIPTION         
  2015     4    29     0     0     0                        EPOCH OF FIRST MAP  
  2015     4    30     0     0     0                        EPOCH OF LAST MAP   
  7200                                                      INTERVAL            
    13                                                      # OF MAPS IN FILE   
  NONE                                                      MAPPING FUNCTION    
10.0                                                        ELEVATION CUTOFF    
One-way carrier phase leveled to code                       OBSERVABLES USED    
  6371.0                                                    BASE RADIUS         
 2                                                          MAP DIMENSION       
   450.0 450.0   0.0                                        HGT1 / HGT2 / DHGT  
    87.5 -87.5  -2.5                                        LAT1 / LAT2 / DLAT  
  -180.0 180.0   5.0                                        LON1 / LON2 / DLON  
    -1                                                      EXPONENT            
                                                            END OF HEADER       
[from data line 3432]
     9                                                      START OF TEC MAP    
  2015     4    29    16     0     0                        EPOCH OF CURRENT MAP
    87.5-180.0 180.0   5.0 450.0                            LAT/LON1/LON2/DLON/H
  208  212  216  216  219  216  218  217  218  217  217  216  215  215  215  215
  213  214  214  213  212  211  211  209  209  207  208  205  206  203  204  202
  202  201  201  199  199  197  197  196  196  195  196  196  196  196  197  196
  198  196  199  196  199  196  200  197  200  198  202  199  203  200  204  202
  205  204  208  206  207  206  205  217  208                                   
    85.0-180.0 180.0   5.0 450.0                            LAT/LON1/LON2/DLON/H
  200  203  206  210  210  209  211  211  210  211  209  210  207  210  207  209
  206  209  207  208  206  207  206  205  204  202  203  200  201  199  200  198
  199  196  197  194  196  192  194  189  192  188  191  187  190  187  190  187
  189  187  190  188  190  189  191  190  192  192  194  193  195  195  197  195
  197  198  200  197  198  196  194  202  200                                   
    82.5-180.0 180.0   5.0 450.0                            LAT/LON1/LON2/DLON/H
  199  191  197  199  199  198  200  200  202  200  201  200  201  201  203  202
  203  203  205  203  205  204  206  204  204  202  202  199  199  197  197  195
  195  192  192  190  189  187  186  184  182  180  180  178  178  177  178  177
  178  177  179  178  179  178  180  180  181  181  183  183  184  184  185  184
  185  185  187  184  186  184  190  187  199                                   
    80.0-180.0 180.0   5.0 450.0                            LAT/LON1/LON2/DLON/H
  189  178  183  187  187  189  189  189  189  188  188  188  190  190  191  191
  192  192  194  195  196  197  198  198  198  199  197  198  195  195  193  192
  190  188  187  185  183  182  181  179  178  176  176  174  175  173  174  172
  174  171  174  172  174  172  175  174  176  175  178  176  178  177  178  177
  179  178  180  176  178  175  181  174  189                                   
    77.5-180.0 180.0   5.0 450.0                            LAT/LON1/LON2/DLON/H
  180  167  170  172  171  173  174  174  173  172  171  172  172  173  172  174
  174  176  178  181  183  186  187  190  190  192  192  192  191  191  188  187
  183  183  179  179  176  176  174  174  173  172  171  171  170  170  170  171
  171  172  171  173  172  173  172  174  172  174  173  173  172  172  170  170
  169  169  169  167  166  163  169  159  180                                   
    75.0-180.0 180.0   5.0 450.0                            LAT/LON1/LON2/DLON/H
  169  162  167  169  172  173  175  175  173  173  170  170  169  169  167  166
  167  169  172  176  181  186  190  193  194  198  198  198  196  196  193  190
  187  184  181  178  176  175  175  174  175  174  175  174  176  175  177  176
  177  177  178  176  177  176  178  176  177  175  177  173  174  171  171  168
  170  167  169  163  164  161  166  152  169                                   
    72.5-180.0 180.0   5.0 450.0                            LAT/LON1/LON2/DLON/H
  164  162  168  171  172  172  175  174  174  171  170  167  165  163  162  162
  164  166  172  176  183  189  195  200  203  206  206  209  207  206  203  202
  196  194  189  188  183  183  180  180  179  178  178  177  177  177  177  178
  176  177  176  177  176  177  176  177  173  174  171  170  166  165  163  163
  161  162  162  159  158  156  160  145  164                                   
    70.0-180.0 180.0   5.0 450.0                            LAT/LON1/LON2/DLON/H
  156  159  169  174  179  180  184  183  184  183  180  178  173  171  168  169
  170  173  178  184  191  199  205  213  216  222  222  226  224  225  218  217
  211  207  203  199  197  194  192  191  190  188  188  186  187  186  186  185
  184  182  181  180  179  177  177  174  173  170  169  165  163  160  159  158
  159  158  158  155  156  155  160  141  156                                   
    67.5-180.0 180.0   5.0 450.0                            LAT/LON1/LON2/DLON/H
  151  159  171  176  180  183  188  189  191  190  188  185  182  177  178  175
  179  179  186  192  199  206  214  222  226  232  234  237  235  235  230  229
  221  220  214  214  209  208  204  203  199  199  196  194  191  191  189  186
  183  180  178  175  172  170  167  166  161  160  155  154  148  148  144  145
  144  145  146  146  147  147  152  135  151                                   
    65.0-180.0 180.0   5.0 450.0                            LAT/LON1/LON2/DLON/H
  139  151  163  174  182  186  191  194  196  197  197  198  197  196  194  194
  196  196  201  206  213  220  226  235  239  245  245  249  248  249  244  243
  238  236  230  228  224  221  217  214  210  209  205  202  199  196  193  188
  183  179  173  169  165  162  159  155  152  149  146  144  140  139  137  136
  136  136  137  135  137  139  144  128  139                                   
    62.5-180.0 180.0   5.0 450.0                            LAT/LON1/LON2/DLON/H
  125  137  154  165  175  179  186  189  194  195  199  201  202  202  202  203
  203  204  208  212  220  224  232  238  244  247  251  251  251  250  250  249
  247  245  242  241  234  232  227  226  220  219  214  212  205  203  196  191
  182  177  169  165  159  155  149  146  141  140  136  134  129  128  125  123
  121  121  121  121  119  119  126  115  125                                   
    60.0-180.0 180.0   5.0 450.0                            LAT/LON1/LON2/DLON/H
  108  118  135  153  165  173  179  184  189  192  196  200  203  205  207  208
  209  209  213  216  222  226  233  239  246  248  253  254  254  255  257  258
  258  258  255  253  247  242  238  234  231  227  223  218  213  207  199  192
  183  175  166  159  152  146  142  138  136  133  131  128  124  121  119  116
  114  111  111  108  104  104  108  100  108                                   
    57.5-180.0 180.0   5.0 450.0                            LAT/LON1/LON2/DLON/H
   94  102  119  137  152  160  171  176  183  185  191  196  200  202  206  209
  212  212  215  217  222  224  232  237  244  246  251  254  256  257  261  264
  266  267  266  264  258  253  248  244  239  237  232  229  221  217  206  200
  188  180  169  163  154  149  142  140  136  135  133  131  126  123  119  114
  110  106  104  100   94   89   91   87   94                                   
    55.0-180.0 180.0   5.0 450.0                            LAT/LON1/LON2/DLON/H
   86   91  103  124  139  153  164  173  178  183  187  193  195  201  204  210
  211  213  212  215  217  221  227  233  240  246  252  258  263  267  273  277
  281  282  280  276  270  264  259  254  249  245  241  236  231  224  215  207
  197  188  177  168  160  153  147  143  142  141  139  137  133  130  125  120
  116  111  108  102   94   93   90   85   86                                   
    52.5-180.0 180.0   5.0 450.0                            LAT/LON1/LON2/DLON/H
   86   86   98  116  133  146  161  169  179  182  188  193  197  199  205  210
  214  214  215  214  216  217  225  232  241  248  258  267  274  281  288  292
  297  297  295  290  282  276  271  266  262  259  253  250  241  236  225  220
  209  202  190  184  172  165  158  157  154  155  153  154  149  147  141  137
  130  125  120  113  105   98   96   88   86                                   
    50.0-180.0 180.0   5.0 450.0                            LAT/LON1/LON2/DLON/H
  101   95  102  115  132  147  161  173  181  188  190  197  200  209  210  219
  219  222  217  218  216  219  225  233  244  254  266  279  289  300  308  312
  315  315  311  305  297  292  287  283  279  274  268  261  255  247  238  230
  223  213  203  193  184  175  169  167  167  168  168  170  167  164  160  154
  149  142  138  132  125  116  113  108  101                                   
    47.5-180.0 180.0   5.0 450.0                            LAT/LON1/LON2/DLON/H
  122  110  110  123  138  153  172  181  194  196  203  206  211  215  220  226
  229  228  226  223  223  224  231  240  253  265  279  292  304  314  323  328
  330  327  323  317  310  306  302  298  294  290  282  277  268  260  250  244
  234  227  215  207  195  186  179  179  178  181  181  186  181  183  175  174
  164  160  156  152  145  137  134  127  122                                   
    45.0-180.0 180.0   5.0 450.0                            LAT/LON1/LON2/DLON/H
  144  130  123  132  146  162  179  192  201  209  213  221  226  236  237  245
  242  245  237  238  234  238  243  254  267  280  293  307  318  330  336  344
  344  345  341  337  333  327  323  317  311  305  296  289  278  269  259  251
  244  234  223  211  200  189  183  181  182  185  187  190  191  190  190  183
  181  174  175  169  166  160  159  151  144                                   
    42.5-180.0 180.0   5.0 450.0                            LAT/LON1/LON2/DLON/H
  161  143  137  142  154  169  189  203  217  221  230  233  244  251  254  259
  260  259  254  251  252  253  262  272  286  295  307  318  330  339  348  353
  359  358  360  356  356  351  348  338  331  320  311  302  292  280  269  262
  252  241  227  215  200  189  181  179  179  182  184  189  188  191  188  187
  182  181  177  177  173  171  169  163  161                                   
    40.0-180.0 180.0   5.0 450.0                            LAT/LON1/LON2/DLON/H
  171  151  145  147  156  172  190  208  218  228  236  245  257  269  274  280
  278  279  268  268  266  274  281  294  303  312  321  331  341  352  359  369
  374  381  386  389  391  388  381  370  356  342  329  318  307  294  283  272
  264  247  230  213  198  186  177  174  172  175  174  179  180  183  183  183
  183  179  180  176  179  176  177  170  171                                   
    37.5-180.0 180.0   5.0 450.0                            LAT/LON1/LON2/DLON/H
  170  148  148  153  161  175  193  212  226  235  247  256  269  279  288  293
  293  291  285  284  288  295  306  317  327  333  341  349  362  372  387  396
  413  420  433  435  439  429  423  404  391  369  356  340  331  313  303  291
  278  260  240  221  203  188  180  174  171  171  174  175  176  176  179  179
  178  174  172  170  169  169  167  166  170                                   
    35.0-180.0 180.0   5.0 450.0                            LAT/LON1/LON2/DLON/H
  167  150  143  147  155  170  188  208  224  236  248  257  271  283  294  301
  303  302  298  301  305  319  325  340  346  358  362  376  388  407  422  444
  461  479  487  493  490  478  462  441  422  401  383  371  357  343  328  315
  302  285  265  248  229  214  202  196  191  190  187  188  186  186  186  185
  183  176  174  167  166  165  164  161  167                                   
    32.5-180.0 180.0   5.0 450.0                            LAT/LON1/LON2/DLON/H
  160  143  140  142  153  164  187  205  227  237  256  263  278  287  299  305
  309  309  311  316  327  339  350  362  371  382  393  409  432  453  480  504
  527  542  553  556  551  534  511  484  463  438  425  410  401  386  375  362
  343  318  292  271  254  241  232  226  221  217  216  215  216  221  220  215
  208  194  186  173  167  164  158  157  160                                   
    30.0-180.0 180.0   5.0 450.0                            LAT/LON1/LON2/DLON/H
  158  152  143  141  147  155  178  196  221  235  257  267  281  291  304  309
  314  316  322  332  344  361  369  385  391  409  418  447  470  504  529  562
  586  609  618  623  609  590  563  534  506  487  465  458  443  431  404  394
  376  354  330  313  296  285  274  270  267  262  258  252  251  247  246  244
  242  237  220  196  184  175  171  161  158                                   
    27.5-180.0 180.0   5.0 450.0                            LAT/LON1/LON2/DLON/H
  154  157  156  151  151  158  178  195  224  241  269  280  300  303  320  324
  331  330  339  348  366  381  394  408  421  437  462  492  526  560  592  624
  652  676  689  690  674  648  618  587  558  538  521  511  485  466  446  434
  418  396  376  356  339  331  324  323  320  321  315  315  306  306  301  306
  293  274  255  240  218  188  176  170  154                                   
    25.0-180.0 180.0   5.0 450.0                            LAT/LON1/LON2/DLON/H
  154  164  160  156  161  168  188  202  228  244  272  286  307  318  332  340
  346  345  355  366  383  402  417  432  448  473  503  543  579  620  655  693
  720  748  758  755  730  703  668  640  609  591  571  556  521  497  465  451
  434  412  396  382  375  372  371  372  375  374  371  371  371  373  371  369
  357  339  312  283  261  237  209  186  154                                   
    22.5-180.0 180.0   5.0 450.0                            LAT/LON1/LON2/DLON/H
  183  192  180  168  163  173  195  214  236  257  282  298  324  337  358  361
  369  367  379  391  409  427  445  462  485  520  559  604  644  686  720  755
  782  796  792  777  747  723  696  668  642  623  603  580  547  516  484  461
  444  424  414  412  410  421  419  432  433  438  435  441  436  444  437  443
  426  411  373  341  299  269  252  205  183                                   
    20.0-180.0 180.0   5.0 450.0                            LAT/LON1/LON2/DLON/H
  214  214  197  178  167  174  195  226  255  273  290  304  328  341  364  374
  383  386  402  414  437  454  473  495  527  571  616  662  702  739  771  785
  803  807  796  773  746  720  700  674  657  636  620  595  560  520  484  457
  440  422  416  414  419  426  432  444  450  457  462  469  468  471  471  473
  468  449  418  381  339  294  276  233  214                                   
    17.5-180.0 180.0   5.0 450.0                            LAT/LON1/LON2/DLON/H
  231  222  196  183  171  179  199  230  258  281  298  310  330  346  373  388
  404  410  430  444  468  485  508  539  575  628  667  714  746  778  792  805
  805  805  788  766  739  721  697  681  666  655  631  599  554  505  463  437
  415  402  394  401  403  423  428  443  457  467  480  484  489  491  484  486
  480  461  430  399  357  318  294  253  231                                   
    15.0-180.0 180.0   5.0 450.0                            LAT/LON1/LON2/DLON/H
  246  229  207  186  168  167  189  223  258  283  300  313  331  347  371  393
  418  432  456  474  499  518  546  581  621  669  706  740  761  781  791  792
  785  776  757  736  717  703  690  676  669  654  626  585  542  486  444  413
  390  378  366  367  374  384  398  411  429  446  456  466  464  464  455  447
  443  425  409  381  351  322  308  270  246                                   
    12.5-180.0 180.0   5.0 450.0                            LAT/LON1/LON2/DLON/H
  235  234  207  191  170  167  182  210  252  279  294  313  329  344  372  398
  432  452  483  500  527  541  569  607  641  695  718  747  757  771  774  770
  760  745  722  710  698  697  688  680  671  650  614  569  516  465  418  391
  365  359  344  351  353  370  380  398  408  420  433  435  434  429  416  401
  389  383  372  355  335  307  301  254  235                                   
    10.0-180.0 180.0   5.0 450.0                            LAT/LON1/LON2/DLON/H
  209  215  198  176  162  159  170  199  243  280  302  314  335  352  375  401
  436  462  496  512  540  554  582  618  658  701  719  734  738  749  741  737
  718  704  683  686  683  684  676  673  663  645  604  556  503  450  408  380
  360  350  342  342  349  354  364  370  379  385  389  393  380  369  345  324
  317  313  318  310  299  284  279  242  209                                   
     7.5-180.0 180.0   5.0 450.0                            LAT/LON1/LON2/DLON/H
  194  198  180  161  157  149  168  194  244  277  296  315  336  353  378  406
  442  471  505  520  545  562  593  630  666  699  709  718  725  727  718  707
