data/unet/pred1070.15i
     1.0            IONOSPHERE MAPS     GNSS                IONEX VERSION / TYPE
pyspatialgeodesy        IME             05-JAN-18 20:20     PGM / RUN BY / DATE 
Map Name                                                    COMMENT             
Predicted global ionosphere maps (GIM).                     DESCRIPTION         
  2015     4    17     0     0     0                        EPOCH OF FIRST MAP  
  2015     4    18     0     0     0                        EPOCH OF LAST MAP   
  7200                                                      INTERVAL            
    13                                                      # OF MAPS IN FILE   
  NONE                                                      MAPPING FUNCTION    
10.0                                                        ELEVATION CUTOFF    
One-way carrier phase leveled to code                       OBSERVABLES USED    
  6371.0                                                    BASE RADIUS         
 2                                                          MAP DIMENSION       
   450.0 450.0   0.0                                        HGT1 / HGT2 / DHGT  
    87.5 -87.5  -2.5                                        LAT1 / LAT2 / DLAT  
  -180.0 180.0   5.0                                        LON1 / LON2 / DLON  
    -1                                                      EXPONENT            
                                                            END OF HEADER       
     1                                                      START OF TEC MAP    
  2015     4    17     0     0     0                        EPOCH OF CURRENT MAP
    87.5-180.0 180.0   5.0 450.0                            LAT/LON1/LON2/DLON/H
  178  148  141  136  137  136  138  138  141  142  143  143  145  146  146  146
  147  148  148  147  148  147  147  146  146  145  144  142  141  140  138  136
  136  134  133  130  131  129  129  126  128  126  126  124  126  124  125  123
  126  124  126  124  127  125  127  124  127  125  127  124  127  125  127  126
  128  127  130  133  143  143  142  169  178                                   
    85.0-180.0 180.0   5.0 450.0                            LAT/LON1/LON2/DLON/H
  152  151  147  144  144  143  147  148  152  153  155  155  159  159  161  161
  163  162  162  160  161  158  158  154  154  150  148  144  143  138  137  132
  133  129  129  125  126  123  123  120  122  120  120  118  122  120  122  121
  125  124  126  125  129  127  129  127  130  128  129  127  129  127  128  127
  129  129  132  136  146  145  141  142  152                                   
    82.5-180.0 180.0   5.0 450.0                            LAT/LON1/LON2/DLON/H
  147  146  144  142  141  143  147  151  154  156  157  160  162  165  165  167
  168  169  167  167  164  162  158  155  152  148  143  139  135  131  127  123
  122  119  117  115  115  113  113  112  114  113  114  114  117  116  118  118
  122  121  124  123  128  127  129  127  131  128  130  127  129  126  128  126
  129  127  131  135  148  145  138  142  147                                   
    80.0-180.0 180.0   5.0 450.0                            LAT/LON1/LON2/DLON/H
  144  145  143  143  141  146  149  156  158  162  163  167  169  173  173  176
  176  178  176  176  172  170  165  161  156  151  144  140  134  129  125  121
  118  115  114  112  113  112  112  112  114  114  115  115  118  118  119  119
  122  123  125  127  130  131  132  134  136  136  135  135  135  134  132  132
  131  132  133  139  148  149  143  144  144                                   
    77.5-180.0 180.0   5.0 450.0                            LAT/LON1/LON2/DLON/H
  147  148  145  148  144  151  155  163  165  171  172  177  178  182  181  185
  184  186  184  185  181  178  173  168  162  156  149  143  137  132  127  123
  119  117  114  114  113  113  113  115  115  116  115  116  116  117  116  118
  118  121  121  125  127  131  132  136  137  138  137  138  136  135  133  133
  130  133  134  141  148  151  149  151  147                                   
    75.0-180.0 180.0   5.0 450.0                            LAT/LON1/LON2/DLON/H
  154  157  157  154  152  156  161  167  170  175  179  183  185  187  188  189
  188  188  187  187  184  181  176  171  165  159  153  147  141  136  132  127
  124  121  119  117  117  117  118  117  118  118  117  116  116  114  115  112
  116  114  118  118  124  126  131  132  136  136  138  136  136  132  133  129
  131  130  136  141  152  157  159  163  154                                   
    72.5-180.0 180.0   5.0 450.0                            LAT/LON1/LON2/DLON/H
  169  175  173  173  167  169  171  177  179  185  189  194  194  196  194  193
  190  188  187  185  182  180  176  172  167  162  157  152  147  142  138  134
  130  127  125  122  121  121  120  120  119  119  118  117  116  115  115  114
  115  116  117  120  123  127  131  135  137  140  139  139  137  136  134  133
  133  136  140  149  158  168  172  174  169                                   
    70.0-180.0 180.0   5.0 450.0                            LAT/LON1/LON2/DLON/H
  181  190  190  185  180  178  181  185  191  197  204  209  208  207  202  197
  190  186  181  181  177  177  173  172  167  165  160  156  150  147  142  138
  134  131  127  125  123  122  122  121  122  121  121  119  120  118  119  116
  119  117  121  122  129  131  137  138  143  144  146  144  143  139  138  134
  135  137  143  149  161  171  179  184  181                                   
    67.5-180.0 180.0   5.0 450.0                            LAT/LON1/LON2/DLON/H
  196  201  200  197  188  186  187  192  199  208  215  220  219  214  205  195
  184  177  172  170  168  167  166  165  162  159  155  152  148  145  141  138
  133  129  125  121  119  117  117  116  117  117  118  116  118  117  118  118
  120  122  125  129  134  137  142  145  148  149  151  149  147  143  140  137
  136  139  144  152  161  174  183  186  196                                   
    65.0-180.0 180.0   5.0 450.0                            LAT/LON1/LON2/DLON/H
  198  204  205  198  190  185  187  193  202  214  222  228  225  218  206  191
  176  166  159  158  155  156  155  155  151  148  144  142  139  137  133  131
  126  122  117  114  111  110  109  109  110  112  112  112  114  114  116  117
  122  124  130  131  138  140  146  146  152  152  155  152  152  146  144  139
  138  138  143  148  157  170  181  186  198                                   
    62.5-180.0 180.0   5.0 450.0                            LAT/LON1/LON2/DLON/H
  196  201  198  194  183  180  181  188  199  211  221  228  226  217  202  185
  169  159  150  149  146  146  144  142  137  131  128  125  123  121  120  118
  114  110  105  101   98   97   97   97   99  100  101  101  104  105  109  112
  119  122  127  130  136  138  144  145  151  152  156  154  155  149  145  140
  138  136  139  143  151  162  174  178  196                                   
    60.0-180.0 180.0   5.0 450.0                            LAT/LON1/LON2/DLON/H
  189  195  193  187  177  172  172  181  192  206  216  225  223  215  200  183
  167  156  148  145  143  140  136  129  122  113  109  105  105  103  103  101
   99   94   91   86   85   84   85   87   90   91   92   92   94   96  100  104
  112  115  121  124  131  134  140  143  150  151  157  156  159  155  152  147
  144  142  142  145  149  159  169  174  189                                   
    57.5-180.0 180.0   5.0 450.0                            LAT/LON1/LON2/DLON/H
  188  191  190  186  173  168  167  174  183  196  207  216  216  211  199  185
  171  163  155  152  147  142  132  122  110  100   92   88   88   88   89   88
   86   82   79   75   74   75   77   80   83   85   85   84   85   86   90   93
  101  105  112  116  123  127  134  138  146  150  156  158  162  162  160  157
  153  151  149  151  153  161  171  174  188                                   
    55.0-180.0 180.0   5.0 450.0                            LAT/LON1/LON2/DLON/H
  192  198  197  192  182  175  172  173  181  190  201  209  211  211  203  195
  185  177  171  165  158  148  135  120  107   94   87   82   83   83   85   83
   82   77   75   72   73   74   78   81   84   84   84   81   81   80   83   85
   93   96  104  108  117  121  131  136  146  150  160  163  170  172  175  173
  173  169  170  168  168  173  185  186  192                                   
    52.5-180.0 180.0   5.0 450.0                            LAT/LON1/LON2/DLON/H
  210  213  213  212  200  195  187  185  186  192  197  206  208  213  212  211
  206  201  194  187  176  163  145  131  115  104   95   92   90   92   90   89
   85   82   79   78   79   82   84   88   89   90   87   85   82   81   81   83
   88   92   99  104  113  120  130  138  148  157  166  171  179  183  190  192
  194  197  196  195  194  197  206  208  210                                   
    50.0-180.0 180.0   5.0 450.0                            LAT/LON1/LON2/DLON/H
  237  242  244  240  232  223  216  207  203  200  203  207  211  220  225  230
  231  228  221  212  200  184  165  147  132  120  112  106  105  102  101   97
   94   90   89   90   93   96  100  101  103  100   97   92   90   85   86   85
   90   92   99  104  116  126  138  148  160  170  181  187  197  203  213  218
  226  227  231  230  231  231  241  245  237                                   
    47.5-180.0 180.0   5.0 450.0                            LAT/LON1/LON2/DLON/H
  274  278  283  281  274  267  257  245  232  223  217  218  220  231  241  252
  256  257  251  240  229  213  196  178  163  149  138  132  126  124  117  113
  107  105  103  106  108  112  114  115  114  112  108  105  102   98   96   95
   97   99  106  114  127  139  152  166  177  191  200  212  219  231  240  251
  255  262  263  267  268  272  279  288  274                                   
    45.0-180.0 180.0   5.0 450.0                            LAT/LON1/LON2/DLON/H
  315  323  323  321  315  311  303  287  270  254  243  237  238  249  261  273
  280  283  280  271  261  245  231  213  199  184  170  157  150  139  132  123
  118  113  115  117  122  125  127  128  128  125  123  120  118  113  112  109
  111  111  118  126  141  155  171  187  202  214  227  235  247  255  272  280
  292  297  303  305  309  311  323  332  315                                   
    42.5-180.0 180.0   5.0 450.0                            LAT/LON1/LON2/DLON/H
  354  366  364  362  358  357  348  332  312  293  275  265  261  271  282  293
  300  304  302  300  293  284  271  257  238  220  201  186  170  158  145  137
  128  127  125  129  132  134  135  135  136  136  137  135  135  132  129  126
  125  126  130  140  155  170  189  207  224  238  252  265  276  292  305  322
  330  340  342  347  350  354  364  371  354                                   
    40.0-180.0 180.0   5.0 450.0                            LAT/LON1/LON2/DLON/H
  402  412  398  394  388  391  383  372  352  332  310  297  293  298  308  315
  320  324  327  328  329  323  314  299  277  253  227  206  187  172  159  147
  141  136  136  136  139  140  141  142  144  145  149  150  151  148  146  141
  138  136  140  148  164  180  202  221  242  259  276  290  305  320  339  353
  368  377  385  389  394  399  413  411  402                                   
    37.5-180.0 180.0   5.0 450.0                            LAT/LON1/LON2/DLON/H
  450  450  434  423  416  419  410  405  386  367  342  328  321  324  328  332
  333  339  341  349  351  352  341  325  297  270  238  218  197  187  173  166
  156  155  150  152  150  149  149  150  151  155  159  163  164  162  157  151
  144  141  142  148  164  180  203  223  247  264  283  299  316  340  358  383
  395  412  419  434  441  453  459  451  450                                   
    35.0-180.0 180.0   5.0 450.0                            LAT/LON1/LON2/DLON/H
  511  513  482  457  442  437  427  423  408  391  367  352  345  346  347  350
  350  357  363  374  377  378  364  343  310  279  247  227  212  205  198  192
  186  181  176  171  169  164  165  163  165  168  173  176  176  172  167  157
  151  144  143  149  162  179  199  223  247  269  287  309  331  358  376  402
  417  435  452  471  494  506  519  501  511                                   
    32.5-180.0 180.0   5.0 450.0                            LAT/LON1/LON2/DLON/H
  581  582  548  514  485  468  450  444  429  415  388  377  364  366  361  363
  360  368  374  386  387  384  365  341  304  278  248  239  231  238  236  238
  231  228  216  209  199  194  190  189  186  188  189  189  185  178  169  160
  151  142  140  141  153  166  187  208  236  260  284  307  333  360  382  410
  430  458  478  508  534  561  573  562  581                                   
    30.0-180.0 180.0   5.0 450.0                            LAT/LON1/LON2/DLON/H
  660  674  640  602  564  527  498  478  458  436  413  397  388  385  379  379
  376  385  388  400  394  386  361  334  300  281  265  272  280  300  308  314
  308  297  281  259  243  230  226  220  214  210  207  202  194  182  174  161
  151  143  135  133  139  150  169  192  217  246  274  305  331  360  387  419
  448  481  510  546  586  620  645  636  660                                   
    27.5-180.0 180.0   5.0 450.0                            LAT/LON1/LON2/DLON/H
  729  756  738  709  663  618  572  541  507  482  449  437  419  418  402  403
  392  400  395  401  385  372  342  320  293  289  290  319  343  380  391  403
  389  374  345  320  295  277  264  256  244  235  224  213  200  186  176  161
  152  136  130  122  127  133  152  175  204  235  265  298  327  361  390  428
  460  505  543  588  634  676  710  705  729                                   
    25.0-180.0 180.0   5.0 450.0                            LAT/LON1/LON2/DLON/H
  801  855  853  838  800  742  688  638  597  555  519  493  477  462  445  435
  426  423  414  400  378  358  333  320  309  328  351  403  441  483  497  498
  473  440  404  365  337  310  294  280  263  250  236  221  206  192  180  166
  152  137  130  123  126  133  149  175  201  238  265  302  334  371  409  450
  487  534  584  634  684  731  784  779  801                                   
    22.5-180.0 180.0   5.0 450.0                            LAT/LON1/LON2/DLON/H
  856  936  956  951  918  862  803  749  695  652  607  581  551  535  501  489
  465  457  431  412  373  355  334  340  347  394  428  495  523  564  566  561
  521  477  427  390  357  331  311  295  276  259  242  223  210  192  180  162
  152  139  136  128  135  142  161  189  216  255  283  325  356  388  422  461
  501  555  610  665  720  769  831  824  856                                   
    20.0-180.0 180.0   5.0 450.0                            LAT/LON1/LON2/DLON/H
  911  994 1022 1026 1015  978  931  871  814  758  713  672  643  610  576  546
  520  492  462  425  393  376  374  399  430  492  536  590  607  627  617  596
  544  489  435  394  361  335  316  300  278  263  243  227  213  198  182  166
  156  150  142  139  142  154  171  201  229  271  304  347  376  410  445  481
  528  581  640  694  750  802  873  863  911                                   
    17.5-180.0 180.0   5.0 450.0                            LAT/LON1/LON2/DLON/H
  927 1016 1059 1073 1072 1042 1014  975  918  860  809  769  728  693  647  613
  571  537  498  466  432  437  443  491  523  586  611  642  633  627  596  557
  497  452  403  370  340  322  306  291  274  257  243  227  217  203  191  174
  168  154  151  141  149  155  178  207  237  279  320  360  394  433  465  505
  547  599  654  711  760  806  868  867  927                                   
    15.0-180.0 180.0   5.0 450.0                            LAT/LON1/LON2/DLON/H
  937 1019 1067 1093 1104 1081 1062 1028  995  942  894  844  807  758  712  667
  622  581  540  510  494  504  530  580  620  662  670  666  634  592  538  489
  436  393  352  322  305  294  286  274  260  248  238  228  222  211  200  187
  174  163  150  144  145  156  181  212  249  285  330  370  421  459  497  532
  573  618  670  715  758  800  857  866  937                                   
    12.5-180.0 180.0   5.0 450.0                            LAT/LON1/LON2/DLON/H
  893  988 1038 1077 1101 1093 1085 1061 1038 1002  967  920  877  824  765  716
  666  626  588  568  556  577  606  650  676  690  670  633  568  497  433  390
  347  313  285  271  266  267  262  254  243  232  229  223  219  211  203  188
  177  160  150  136  143  153  186  223  258  295  336  384  433  477  516  554
  595  642  684  723  752  781  832  841  893                                   
    10.0-180.0 180.0   5.0 450.0                            LAT/LON1/LON2/DLON/H
  867  945  999 1038 1069 1074 1079 1067 1053 1024 1000  961  926  867  812  752
  708  670  640  622  625  649  678  705  714  687  642  557  468  387  329  290
  267  248  245  244  250  251  249  240  230  223  223  220  219  210  201  185
  169  153  139  132  137  152  188  225  264  300  342  391  448  492  534  572
  617  659  699  727  750  773  819  826  867                                   
     7.5-180.0 180.0   5.0 450.0                            LAT/LON1/LON2/DLON/H
  820  896  947  989 1018 1034 1046 1053 1047 1033 1017  990  965  915  855  797
  748  718  693  691  688  711  718  722  691  633  550  444  350  285  238  226
