data/unet/pred2860.15i
     1.0            IONOSPHERE MAPS     GNSS                IONEX VERSION / TYPE
pyspatialgeodesy        IME             05-JAN-18 20:20     PGM / RUN BY / DATE 
Map Name                                                    COMMENT             
Predicted global ionosphere maps (GIM).                     DESCRIPTION         
  2015    10    13     0     0     0                        EPOCH OF FIRST MAP  
  2015    10    14     0     0     0                        EPOCH OF LAST MAP   
  7200                                                      INTERVAL            
    13                                                      # OF MAPS IN FILE   
  NONE                                                      MAPPING FUNCTION    
10.0                                                        ELEVATION CUTOFF    
One-way carrier phase leveled to code                       OBSERVABLES USED    
  6371.0                                                    BASE RADIUS         
 2                                                          MAP DIMENSION       
   450.0 450.0   0.0                                        HGT1 / HGT2 / DHGT  
    87.5 -87.5  -2.5                                        LAT1 / LAT2 / DLAT  
  -180.0 180.0   5.0                                        LON1 / LON2 / DLON  
    -1                                                      EXPONENT            
                                                            END OF HEADER       
[from data line 4290]
    11                                                      START OF TEC MAP    
  2015    10    13    20     0     0                        EPOCH OF CURRENT MAP
    87.5-180.0 180.0   5.0 450.0                            LAT/LON1/LON2/DLON/H
  119   91   72   76   75   75   75   76   76   78   78   80   79   81   81   82
   81   82   81   82   80   81   79   80   78   78   76   75   74   73   72   72
   70   70   69   69   68   68   67   67   66   66   65   65   64   64   64   64
   63   63   63   63   63   63   63   63   63   63   63   64   64   64   65   65
   65   67   67   67   70   71   67  110  119                                   
    85.0-180.0 180.0   5.0 450.0                            LAT/LON1/LON2/DLON/H
   63   65   63   67   67   68   69   70   72   73   75   76   78   79   80   80
   81   81   82   81   81   79   79   77   77   74   74   70   70   67   67   64
   64   61   61   59   59   57   57   56   56   55   56   55   56   55   56   55
   55   56   56   56   56   57   57   57   57   58   57   57   57   58   57   57
   57   58   59   58   61   60   59   78   63                                   
    82.5-180.0 180.0   5.0 450.0                            LAT/LON1/LON2/DLON/H
   61   62   60   62   63   64   64   68   69   73   75   79   80   84   84   88
   88   90   89   90   88   88   85   84   81   79   76   75   71   70   66   65
   61   62   58   59   55   56   53   54   52   53   51   52   50   51   49   50
   48   50   48   50   48   50   48   50   49   51   49   51   50   52   51   52
   51   53   52   54   54   53   52   59   61                                   
    80.0-180.0 180.0   5.0 450.0                            LAT/LON1/LON2/DLON/H
   62   57   56   55   58   58   62   64   69   71   77   78   84   85   90   91
   94   94   96   94   95   91   91   86   85   81   78   74   71   68   65   62
   60   58   57   56   55   54   53   52   52   51   51   49   49   48   48   46
   47   45   46   44   45   44   45   45   46   45   46   45   47   46   48   46
   48   46   49   46   49   45   45   51   62                                   
    77.5-180.0 180.0   5.0 450.0                            LAT/LON1/LON2/DLON/H
   58   54   49   50   52   53   56   59   64   67   74   77   83   86   91   93
   95   96   97   96   95   92   90   85   83   77   75   69   67   63   61   57
   57   54   54   53   53   52   52   51   51   49   49   47   47   45   45   43
   43   42   42   41   40   40   40   40   40   40   40   41   40   41   41   41
   41   41   42   42   42   40   39   40   58                                   
    75.0-180.0 180.0   5.0 450.0                            LAT/LON1/LON2/DLON/H
   58   50   49   50   52   54   58   61   67   71   78   82   88   91   96   98
  101  100  102   99   98   94   92   86   82   77   73   69   65   61   59   57
   56   55   55   55   56   56   56   56   55   54   53   51   50   49   48   46
   45   44   44   43   42   42   41   41   40   40   40   39   40   39   40   39
   40   40   42   40   43   39   42   46   58                                   
    72.5-180.0 180.0   5.0 450.0                            LAT/LON1/LON2/DLON/H
   59   54   50   52   53   54   58   62   68   73   80   85   91   94   99  101
  102  102  101   99   96   93   88   84   78   74   69   64   60   57   55   53
   53   53   54   55   56   57   56   57   55   55   52   51   49   48   46   45
   44   44   43   42   41   41   39   40   38   39   36   37   35   37   35   36
   35   37   37   39   39   38   41   43   59                                   
    70.0-180.0 180.0   5.0 450.0                            LAT/LON1/LON2/DLON/H
   61   53   53   52   55   56   62   65   72   76   85   88   96   98  103  102
  104  101  102   96   96   90   87   81   77   71   65   61   56   53   51   49
   50   50   52   53   56   56   56   55   54   52   50   48   47   45   45   43
   44   43   44   43   43   41   41   39   39   37   36   34   35   32   34   31
   34   33   37   34   40   37   44   47   61                                   
    67.5-180.0 180.0   5.0 450.0                            LAT/LON1/LON2/DLON/H
   63   59   56   57   58   60   64   68   74   79   87   92   98  101  104  104
  104  102  101   97   95   91   87   81   75   69   63   57   53   48   46   45
   45   46   47   49   50   52   50   50   47   45   42   40   38   38   38   37
   38   38   39   39   39   38   37   36   36   35   34   32   31   30   29   28
   28   29   31   33   35   36   43   46   63                                   
    65.0-180.0 180.0   5.0 450.0                            LAT/LON1/LON2/DLON/H
   66   58   59   58   62   63   69   71   80   83   92   96  104  105  109  106
  109  104  105  100  100   93   91   84   79   71   65   58   52   48   44   43
   43   43   44   46   47   46   45   43   40   37   35   33   33   32   33   33
   35   35   37   36   37   36   36   34   34   33   32   30   30   27   27   24
   26   24   29   27   35   33   45   51   66                                   
    62.5-180.0 180.0   5.0 450.0                            LAT/LON1/LON2/DLON/H
   66   64   62   64   65   66   70   73   80   85   93   99  105  107  110  109
  111  108  109  106  105  100   96   89   83   75   67   60   54   48   44   42
   41   40   40   41   40   39   36   33   29   26   24   23   23   23   24   25
   27   27   29   28   29   29   28   28   29   29   28   27   26   24   23   21
   21   21   23   26   30   33   44   49   66                                   
    60.0-180.0 180.0   5.0 450.0                            LAT/LON1/LON2/DLON/H
   70   63   66   65   69   69   76   77   85   88   97  101  110  110  115  114
  118  116  118  115  115  110  106   98   92   82   75   66   61   53   50   45
   43   41   40   39   38   35   32   28   26   22   22   19   21   20   23   23
   24   24   25   24   25   24   25   25   27   27   27   26   26   23   23   20
   22   20   24   22   31   31   45   53   70                                   
    57.5-180.0 180.0   5.0 450.0                            LAT/LON1/LON2/DLON/H
   73   72   70   73   76   74   79   80   87   90   98  103  110  111  117  118
  124  124  127  125  125  119  115  105   99   89   83   74   68   61   56   51
   48   44   42   39   37   32   30   25   23   20   20   18   20   19   20   19
   20   18   19   17   18   17   19   20   22   24   25   24   24   23   22   20
   20   20   23   25   29   34   46   51   73                                   
    55.0-180.0 180.0   5.0 450.0                            LAT/LON1/LON2/DLON/H
   80   76   78   79   84   84   90   90   96   97  105  107  114  116  122  125
  131  134  138  138  137  133  128  118  110  101   95   88   82   75   69   64
   58   54   49   47   43   40   36   32   30   28   28   27   28   27   26   24
   22   21   19   18   18   17   19   21   24   27   28   29   28   28   27   26
   27   27   30   30   37   38   51   57   80                                   
    52.5-180.0 180.0   5.0 450.0                            LAT/LON1/LON2/DLON/H
   84   86   84   91   95   94   98   99  104  105  111  112  117  119  125  128
  137  140  146  146  146  140  134  124  116  108  104   98   95   88   82   75
   69   62   58   53   50   46   44   39   38   36   38   36   37   35   33   29
   26   23   20   18   17   17   19   22   25   28   30   31   29   30   29   29
   30   32   35   37   41   46   57   61   84                                   
    50.0-180.0 180.0   5.0 450.0                            LAT/LON1/LON2/DLON/H
   92   93   96  101  107  110  115  115  120  120  124  122  125  126  132  135
  143  147  153  154  153  147  141  132  126  120  117  114  111  106   98   91
   82   76   70   67   63   60   57   55   53   53   53   53   52   49   45   40
   36   32   30   27   25   24   26   29   33   36   37   38   37   37   37   37
   40   41   46   47   53   55   66   72   92                                   
    47.5-180.0 180.0   5.0 450.0                            LAT/LON1/LON2/DLON/H
   97  102  103  113  117  121  125  129  133  135  135  134  135  134  138  141
  148  152  156  157  154  149  143  136  131  127  127  125  123  117  111  102
   93   86   81   77   74   70   69   66   66   64   66   64   64   59   55   50
   45   41   38   35   33   32   33   37   40   44   45   45   43   42   42   43
   45   49   54   57   61   66   75   80   97                                   
    45.0-180.0 180.0   5.0 450.0                            LAT/LON1/LON2/DLON/H
  106  110  117  124  131  136  143  146  151  152  154  150  150  147  151  151
  157  158  162  160  159  153  149  143  141  139  139  138  135  129  120  111
  101   95   89   87   84   83   80   79   77   77   77   77   75   70   66   61
   58   54   52   48   46   44   45   47   50   53   53   52   50   49   50   51
   54   58   63   67   72   77   87   92  106                                   
    42.5-180.0 180.0   5.0 450.0                            LAT/LON1/LON2/DLON/H
  109  119  123  133  138  143  150  156  162  166  166  165  164  163  163  164
  166  167  167  165  162  158  154  151  151  150  150  147  143  134  125  114
  106   99   96   92   91   88   87   84   83   82   83   81   80   75   73   67
   66   63   61   57   54   52   52   54   57   59   59   58   56   55   54   55
   58   62   68   74   80   87   96  101  109                                   
    40.0-180.0 180.0   5.0 450.0                            LAT/LON1/LON2/DLON/H
  121  129  138  144  151  158  167  172  180  183  185  184  184  180  182  179
  182  178  181  176  177  172  171  167  167  164  164  157  151  139  130  117
  110  103  101   99   97   96   92   89   87   87   87   87   85   82   79   75
   74   72   70   67   63   60   60   61   64   64   65   63   62   61   61   61
   65   68   74   80   88   95  105  112  121                                   
    37.5-180.0 180.0   5.0 450.0                            LAT/LON1/LON2/DLON/H
  129  139  144  152  158  161  169  176  184  189  193  195  196  196  195  196
  195  194  194  191  191  188  186  183  182  178  174  166  157  144  131  120
  112  107  106  104  102   99   95   90   88   87   88   88   87   84   81   78
   77   76   74   70   66   62   62   63   65   66   66   65   64   63   63   63
   65   68   75   83   93  102  112  120  129                                   
    35.0-180.0 180.0   5.0 450.0                            LAT/LON1/LON2/DLON/H
  144  153  160  167  171  177  183  191  199  205  210  213  216  214  216  213
  215  212  215  213  215  211  209  204  201  195  189  177  167  151  139  128
  122  119  116  114  110  107  100   96   92   92   92   94   91   89   85   83
   81   80   76   72   66   63   62   63   65   65   66   66   66   66   67   67
   69   72   79   87   99  108  121  130  144                                   
    32.5-180.0 180.0   5.0 450.0                            LAT/LON1/LON2/DLON/H
  153  164  169  178  182  182  188  194  202  208  214  218  221  222  224  224
  225  225  227  227  229  225  223  216  212  204  199  188  177  163  151  141
  135  132  129  124  118  112  106  100   96   95   96   96   94   91   87   84
   81   79   74   69   62   60   58   60   62   62   62   63   63   65   67   68
   69   73   81   91  105  117  127  138  153                                   
    30.0-180.0 180.0   5.0 450.0                            LAT/LON1/LON2/DLON/H
  169  180  188  199  201  207  209  216  221  225  230  232  236  235  238  238
  240  240  244  244  247  241  239  231  227  218  215  204  196  184  175  164
  159  155  151  143  133  126  118  112  107  107  108  108  105  100   96   90
   87   82   75   70   63   61   61   61   61   61   61   62   64   67   70   72
   75   80   90  101  115  128  141  152  169                                   
    27.5-180.0 180.0   5.0 450.0                            LAT/LON1/LON2/DLON/H
  179  189  203  215  223  223  226  230  235  238  241  242  242  242  242  244
  245  247  251  253  253  247  243  235  232  227  225  219  214  206  200  193
  186  181  172  163  149  139  131  124  119  118  119  118  114  108  102   95
   89   83   75   70   63   63   61   63   61   59   58   58   61   64   69   73
   77   85   96  108  124  139  151  162  179                                   
    25.0-180.0 180.0   5.0 450.0                            LAT/LON1/LON2/DLON/H
  198  207  228  242  251  260  262  265  266  267  266  264  262  259  259  257
  258  260  264  264  263  256  254  244  243  239  242  241  241  237  232  224
  217  208  199  185  169  158  148  142  136  135  134  133  128  121  114  106
  100   90   82   75   69   69   68   69   65   62   59   58   60   65   71   77
   83   94  107  123  140  155  170  183  198                                   
    22.5-180.0 180.0   5.0 450.0                            LAT/LON1/LON2/DLON/H
  210  220  247  263  280  292  299  302  300  301  295  291  285  278  274  271
  271  272  275  276  273  266  260  254  251  253  258  263  266  267  260  251
  240  230  218  202  186  173  164  156  151  147  146  143  138  131  123  114
  106   97   88   80   74   75   74   74   70   66   59   57   57   61   68   75
   84   96  112  129  149  167  182  199  210                                   
    20.0-180.0 180.0   5.0 450.0                            LAT/LON1/LON2/DLON/H
  226  237  267  287  307  325  338  342  344  344  336  328  317  307  302  296
  296  295  298  296  295  286  282  273  273  276  284  294  301  303  296  284
  266  250  235  218  198  186  176  167  161  157  154  152  147  140  133  124
  116  104   97   88   86   85   84   82   76   70   63   59   57   59   66   75
   86  101  120  141  161  178  195  217  226                                   
    17.5-180.0 180.0   5.0 450.0                            LAT/LON1/LON2/DLON/H
  236  253  287  308  333  351  367  376  380  383  375  371  359  349  340  332
  330  326  329  324  322  312  306  299  299  303  313  325  332  333  325  310
  290  268  249  227  208  193  181  173  165  160  158  155  151  146  140  132
  123  110  102   95   94   94   94   91   85   79   69   64   59   60   64   74
   84   99  118  141  162  184  201  229  236                                   
    15.0-180.0 180.0   5.0 450.0                            LAT/LON1/LON2/DLON/H
  252  271  305  331  353  376  393  406  413  419  414  414  406  402  393  388
  385  383  381  374  368  355  350  342  340  344  351  363  367  368  359  341
  318  289  264  241  218  202  186  178  168  164  160  160  158  156  151  143
  134  121  114  107  107  107  105  102   95   89   77   70   63   62   65   73
   86  103  124  147  167  188  207  233  252                                   
    12.5-180.0 180.0   5.0 450.0                            LAT/LON1/LON2/DLON/H
  259  286  321  346  372  392  410  425  436  448  448  456  457  460  458  453
  452  449  450  439  431  413  403  390  383  382  386  392  395  396  384  366
  336  307  279  254  228  210  194  183  173  167  163  163  164  162  160  151
  143  130  121  116  115  116  114  110  103   96   84   75   65   64   64   73
   83  100  118  144  162  191  206  239  259                                   
    10.0-180.0 180.0   5.0 450.0                            LAT/LON1/LON2/DLON/H
  273  298  333  361  385  410  428  446  458  477  482  501  506  518  515  519
  515  517  516  511  500  484  466  448  433  426  422  425  425  421  407  383
  352  322  293  269  245  224  209  194  184  176  173  172  175  173  170  160
  151  136  128  121  122  121  117  114  105   99   86   76   67   64   65   73
   83   99  119  141  161  186  208  238  273                                   
     7.5-180.0 180.0   5.0 450.0                            LAT/LON1/LON2/DLON/H
  278  309  342  372  400  422  443  456  473  491  506  526  540  553  559  566
  569  576  583  584  579  559  533  504  481  466  452  451  445  437  419  396
