data/unet/pred1510.15i
     1.0            IONOSPHERE MAPS     GNSS                IONEX VERSION / TYPE
pyspatialgeodesy        IME             05-JAN-18 20:20     PGM / RUN BY / DATE 
Map Name                                                    COMMENT             
Predicted global ionosphere maps (GIM).                     DESCRIPTION         
  2015     5    31     0     0     0                        EPOCH OF FIRST MAP  
  2015     6     1     0     0     0                        EPOCH OF LAST MAP   
  7200                                                      INTERVAL            
    13                                                      # OF MAPS IN FILE   
  NONE                                                      MAPPING FUNCTION    
10.0                                                        ELEVATION CUTOFF    
One-way carrier phase leveled to code                       OBSERVABLES USED    
  6371.0                                                    BASE RADIUS         
 2                                                          MAP DIMENSION       
   450.0 450.0   0.0                                        HGT1 / HGT2 / DHGT  
    87.5 -87.5  -2.5                                        LAT1 / LAT2 / DLAT  
  -180.0 180.0   5.0                                        LON1 / LON2 / DLON  
    -1                                                      EXPONENT            
                                                            END OF HEADER       
[from data line 4290]
    11                                                      START OF TEC MAP    
  2015     5    31    20     0     0                        EPOCH OF CURRENT MAP
    87.5-180.0 180.0   5.0 450.0                            LAT/LON1/LON2/DLON/H
  204  184  176  179  178  179  178  179  178  179  178  179  178  178  177  178
  176  177  175  175  173  173  171  170  168  166  165  163  162  160  159  158
  158  157  157  157  157  157  158  157  158  157  158  157  157  157  157  157
  157  158  157  158  158  158  158  158  158  159  158  159  159  161  160  162
  162  164  164  165  165  167  169  186  204                                   
    85.0-180.0 180.0   5.0 450.0                            LAT/LON1/LON2/DLON/H
  171  175  176  182  180  181  181  182  183  184  184  184  184  184  183  182
  182  181  180  178  177  175  174  171  169  167  166  163  162  159  158  156
  156  154  155  153  154  153  154  153  154  153  153  153  153  153  153  153
  154  154  155  155  156  156  156  157  157  157  157  158  158  159  158  160
  160  163  162  163  163  163  168  188  171                                   
    82.5-180.0 180.0   5.0 450.0                            LAT/LON1/LON2/DLON/H
  175  174  178  181  182  184  185  188  189  191  191  192  192  193  192  192
  191  191  188  188  185  184  180  178  174  172  168  166  162  160  156  155
  152  153  150  151  148  150  148  150  148  150  148  151  150  152  151  154
  154  156  156  158  158  160  159  161  160  161  160  161  160  162  161  162
  162  164  163  166  165  164  161  178  175                                   
    80.0-180.0 180.0   5.0 450.0                            LAT/LON1/LON2/DLON/H
  177  168  171  171  175  175  181  181  186  185  190  188  192  189  192  189
  192  188  190  186  186  182  181  176  174  169  166  161  159  153  151  146
  145  142  142  139  139  138  139  137  139  139  141  140  143  143  146  146
  149  149  153  151  155  153  156  154  157  154  156  153  156  153  155  152
  155  153  156  154  157  154  153  172  177                                   
    77.5-180.0 180.0   5.0 450.0                            LAT/LON1/LON2/DLON/H
  166  160  162  164  167  170  174  177  180  182  185  186  188  189  190  190
  189  189  188  187  185  182  180  176  172  167  164  159  155  149  146  141
  138  136  134  133  131  132  130  132  131  134  134  136  137  140  141  143
  144  146  147  149  149  151  151  151  151  151  150  150  149  149  148  148
  148  148  149  148  147  145  143  160  166                                   
    75.0-180.0 180.0   5.0 450.0                            LAT/LON1/LON2/DLON/H
  165  156  160  161  164  167  172  173  178  180  185  185  189  188  191  190
  191  190  191  189  189  186  184  181  177  173  169  164  159  154  149  145
  141  139  137  135  133  133  131  133  132  134  134  136  138  140  142  143
  145  146  148  148  149  150  151  151  151  151  151  150  150  149  148  147
  147  147  148  147  148  144  143  163  165                                   
    72.5-180.0 180.0   5.0 450.0                            LAT/LON1/LON2/DLON/H
  162  158  159  161  163  166  170  174  177  181  185  187  189  191  192  193
  193  193  193  193  191  190  187  184  180  175  171  165  161  155  150  146
  142  141  137  137  133  134  131  133  131  135  134  138  138  141  141  144
  143  146  145  148  147  149  148  151  149  151  150  152  151  151  150  150
  149  150  150  150  149  147  145  163  162                                   
    70.0-180.0 180.0   5.0 450.0                            LAT/LON1/LON2/DLON/H
  170  163  164  164  166  168  173  175  181  183  189  190  194  194  196  195
  197  196  197  196  197  195  193  190  185  180  175  171  166  161  158  155
  152  150  148  146  143  142  140  140  139  140  141  143  144  145  145  145
  146  146  146  146  147  147  148  149  151  152  154  155  158  157  159  159
  160  160  161  160  162  156  154  171  170                                   
    67.5-180.0 180.0   5.0 450.0                            LAT/LON1/LON2/DLON/H
  178  175  174  172  174  174  178  179  184  187  192  194  197  197  199  198
  198  199  199  199  200  198  197  193  189  182  179  172  169  164  163  160
  159  158  156  155  150  150  146  147  144  146  145  147  145  147  144  145
  141  143  140  142  139  143  141  146  145  150  150  156  157  161  163  165
  166  168  170  170  170  167  163  176  178                                   
    65.0-180.0 180.0   5.0 450.0                            LAT/LON1/LON2/DLON/H
  195  188  187  185  185  184  187  186  191  192  199  199  203  202  204  202
  203  202  203  202  205  202  203  197  195  187  185  178  177  173  175  173
  175  174  173  170  167  163  161  158  158  157  158  156  155  152  150  146
  143  139  138  136  136  136  137  139  142  145  150  154  160  164  169  173
  177  179  182  183  185  180  179  187  195                                   
    62.5-180.0 180.0   5.0 450.0                            LAT/LON1/LON2/DLON/H
  206  204  202  198  197  194  195  195  198  199  202  203  206  205  206  205
  205  203  204  203  205  203  204  200  197  192  188  184  183  182  184  185
  187  187  185  184  178  176  171  171  168  169  166  165  159  156  149  146
  139  136  130  130  127  129  127  132  132  139  141  150  156  164  170  175
  180  185  189  191  193  192  189  197  206                                   
    60.0-180.0 180.0   5.0 450.0                            LAT/LON1/LON2/DLON/H
  221  215  215  212  211  208  208  205  207  205  209  207  211  208  210  207
  209  205  207  204  207  204  207  201  202  195  195  190  192  192  197  199
  203  202  202  198  195  190  189  185  185  182  180  175  170  162  155  147
  140  134  128  125  121  121  120  122  125  129  135  143  152  160  169  175
  183  188  194  196  199  199  200  207  221                                   
    57.5-180.0 180.0   5.0 450.0                            LAT/LON1/LON2/DLON/H
  225  226  227  224  224  221  220  217  216  214  214  212  212  210  210  207
  207  204  203  201  202  199  202  199  200  197  197  196  199  202  207  211
  213  214  211  209  203  200  197  196  194  192  187  182  173  165  155  147
  137  131  123  119  115  115  113  116  116  123  127  136  145  155  164  172
  180  187  194  196  200  202  203  213  225                                   
    55.0-180.0 180.0   5.0 450.0                            LAT/LON1/LON2/DLON/H
  230  230  234  234  236  235  234  229  228  223  221  215  215  210  211  207
  208  203  203  198  202  197  202  198  203  199  202  201  208  210  218  221
  227  224  225  219  217  211  211  208  209  203  199  190  182  171  161  150
  141  133  125  120  114  113  110  112  113  118  123  131  141  150  161  169
  179  185  192  194  200  201  206  217  230                                   
    52.5-180.0 180.0   5.0 450.0                            LAT/LON1/LON2/DLON/H
  225  232  238  241  246  247  247  246  242  237  231  224  218  213  211  206
  205  199  197  193  194  192  196  196  201  200  205  206  214  219  227  230
  234  233  230  226  222  219  218  217  216  212  206  196  185  174  162  152
  142  135  127  121  116  114  110  112  111  116  119  127  135  145  153  162
  171  178  185  188  193  197  202  217  225                                   
    50.0-180.0 180.0   5.0 450.0                            LAT/LON1/LON2/DLON/H
  225  229  238  244  252  257  260  259  257  251  243  234  226  219  216  209
  208  201  200  193  196  192  199  198  206  206  212  214  222  227  236  239
  243  241  240  234  234  229  232  229  229  220  214  202  191  178  168  157
  149  141  134  128  123  120  116  117  116  119  122  128  136  142  152  159
  170  175  183  186  192  194  201  218  225                                   
    47.5-180.0 180.0   5.0 450.0                            LAT/LON1/LON2/DLON/H
  220  228  237  245  257  263  271  274  273  268  257  248  235  229  221  216
  210  202  198  191  193  192  198  201  208  210  217  219  228  232  242  244
  248  245  244  240  238  238  239  238  235  227  217  205  191  180  170  162
  154  148  140  136  129  127  122  123  121  124  125  130  134  141  148  156
  165  172  179  182  188  191  197  215  220                                   
    45.0-180.0 180.0   5.0 450.0                            LAT/LON1/LON2/DLON/H
  222  227  237  246  260  269  279  284  285  281  272  263  249  241  232  227
  221  212  209  201  203  201  208  210  218  220  226  229  236  241  249  253
  257  255  256  251  252  250  251  247  244  233  221  205  194  182  175  167
  161  156  150  145  139  136  133  133  132  134  135  138  141  144  153  159
  170  175  184  187  193  194  200  217  222                                   
    42.5-180.0 180.0   5.0 450.0                            LAT/LON1/LON2/DLON/H
  224  230  237  246  261  272  285  292  297  294  288  278  265  257  246  241
  231  223  214  208  208  208  214  218  225  227  233  236  244  249  257  261
  266  267  266  265  264  264  264  261  253  241  224  209  195  186  180  176
  170  166  159  155  149  146  142  143  142  144  143  145  145  149  154  162
  171  180  188  193  198  200  205  222  224                                   
    40.0-180.0 180.0   5.0 450.0                            LAT/LON1/LON2/DLON/H
  234  234  240  249  261  274  288  297  305  307  302  296  283  277  264  260
  247  238  231  225  227  226  232  233  239  240  245  249  257  263  272  278
  285  286  287  283  282  280  279  272  264  247  230  213  201  192  188  183
  179  175  169  165  160  156  153  153  153  153  154  153  154  154  161  167
  180  189  200  204  210  210  216  231  234                                   
    37.5-180.0 180.0   5.0 450.0                            LAT/LON1/LON2/DLON/H
  242  244  246  253  264  274  288  299  310  314  315  310  302  294  285  276
  265  254  245  239  238  239  243  245  249  251  257  262  272  282  292  301
  309  313  311  306  300  297  292  285  273  255  236  220  207  199  195  191
  187  183  177  173  167  165  161  161  160  161  159  159  157  158  162  173
  183  196  206  214  219  222  226  241  242                                   
    35.0-180.0 180.0   5.0 450.0                            LAT/LON1/LON2/DLON/H
  258  255  259  261  269  278  290  301  314  323  327  328  321  317  305  300
  283  278  264  262  259  261  264  266  271  274  280  287  298  307  319  328
  338  339  337  326  318  307  301  289  278  260  241  226  214  207  203  199
  194  189  183  179  174  171  167  166  164  164  163  161  160  160  167  176
  190  203  216  224  231  231  238  251  258                                   
    32.5-180.0 180.0   5.0 450.0                            LAT/LON1/LON2/DLON/H
  268  270  273  275  280  285  295  306  319  331  339  343  342  336  328  319
  307  296  286  282  281  281  286  287  292  296  305  316  327  338  348  357
  362  362  354  343  327  315  302  291  277  262  244  231  220  212  207  201
  195  189  183  179  175  172  168  167  164  163  161  160  158  160  165  177
  191  207  219  229  236  240  246  262  268                                   
    30.0-180.0 180.0   5.0 450.0                            LAT/LON1/LON2/DLON/H
  285  284  292  292  295  300  304  314  326  339  350  358  358  356  347  342
  327  322  310  311  307  311  310  316  321  329  341  353  364  369  374  377
  379  375  368  350  332  312  298  283  272  258  243  232  223  216  210  202
  195  188  180  175  171  168  166  163  160  158  156  155  154  156  163  175
  191  208  223  233  241  244  255  268  285                                   
    27.5-180.0 180.0   5.0 450.0                            LAT/LON1/LON2/DLON/H
  290  296  306  310  311  312  315  325  336  351  364  375  379  377  371  364
  354  347  340  338  337  335  337  340  348  361  373  387  393  395  394  393
  391  384  371  353  327  305  285  270  259  248  236  227  218  212  205  196
  187  178  171  166  162  160  159  158  154  153  150  149  147  151  157  171
  186  205  220  233  241  249  257  275  290                                   
    25.0-180.0 180.0   5.0 450.0                            LAT/LON1/LON2/DLON/H
  299  306  321  327  329  334  333  342  351  366  379  392  398  400  395  389
  380  376  372  371  369  366  365  367  376  392  405  417  418  416  410  402
  394  382  368  343  315  288  268  255  244  236  225  219  212  206  198  188
  176  167  160  154  151  149  150  149  148  147  145  144  142  144  151  165
  183  203  220  233  242  248  262  278  299                                   
    22.5-180.0 180.0   5.0 450.0                            LAT/LON1/LON2/DLON/H
  297  312  327  338  342  346  349  357  367  382  395  411  421  426  423  418
  411  406  404  403  399  395  391  394  401  415  427  435  435  428  418  404
  392  376  356  330  297  271  251  238  228  221  212  207  200  193  183  171
  161  152  144  139  137  138  140  141  141  140  139  137  135  137  143  157
  173  196  213  230  240  251  261  281  297                                   
    20.0-180.0 180.0   5.0 450.0                            LAT/LON1/LON2/DLON/H
  298  315  333  347  352  363  366  378  385  399  412  427  440  449  452  450
  447  445  442  440  434  428  422  424  427  440  449  454  448  437  419  401
  385  364  343  313  284  257  240  227  219  210  202  195  189  180  171  159
  148  137  133  126  126  125  129  133  135  136  133  132  130  130  136  149
  168  190  213  229  241  248  263  281  298                                   
    17.5-180.0 180.0   5.0 450.0                            LAT/LON1/LON2/DLON/H
  292  312  332  346  356  365  376  386  397  410  424  441  455  470  477  481
  480  480  476  474  465  459  448  445  446  453  456  455  448  432  414  392
  375  353  330  302  275  252  235  224  212  204  192  185  176  168  159  147
  137  129  123  118  116  118  122  128  131  132  129  128  124  125  128  141
  156  183  205  227  238  251  259  280  292                                   
    15.0-180.0 180.0   5.0 450.0                            LAT/LON1/LON2/DLON/H
  290  312  330  347  357  372  382  397  407  422  433  449  466  484  496  505
  509  510  508  504  495  485  475  469  466  466  464  458  445  429  408  387
  369  345  326  297  278  255  242  227  217  204  193  182  174  164  157  145
  135  124  119  113  110  111  117  122  126  126  124  122  120  118  121  131
  148  173  200  221  236  245  260  278  290                                   
    12.5-180.0 180.0   5.0 450.0                            LAT/LON1/LON2/DLON/H
  281  302  321  337  349  363  378  392  403  418  431  449  464  486  501  516
  525  530  528  525  514  505  491  484  474  469  460  448  437  421  404  384
  365  344  325  304  286  269  253  239  224  211  196  185  174  165  156  145
  134  124  118  112  107  106  110  115  120  120  117  118  115  114  114  123
  136  161  187  213  228  245  253  275  281                                   
    10.0-180.0 180.0   5.0 450.0                            LAT/LON1/LON2/DLON/H
  279  299  315  330  340  356  368  386  397  412  423  441  460  484  504  522
  535  544  546  543  533  521  507  495  483  473  460  446  430  419  402  386
  366  346  329  312  298  283  268  252  237  221  206  193  183  171  164  151
  140  128  119  113  106  105  105  112  114  114  112  110  110  106  107  112
  125  147  175  200  218  235  250  268  279                                   
     7.5-180.0 180.0   5.0 450.0                            LAT/LON1/LON2/DLON/H
  275  293  312  323  332  348  361  377  387  401  411  431  447  473  494  516
  532  545  548  548  536  525  508  496  480  466  450  434  423  411  399  383
