data/unet/pred2780.15i
     1.0            IONOSPHERE MAPS     GNSS                IONEX VERSION / TYPE
pyspatialgeodesy        IME             05-JAN-18 20:20     PGM / RUN BY / DATE 
Map Name                                                    COMMENT             
Predicted global ionosphere maps (GIM).                     DESCRIPTION         
  2015    10     5     0     0     0                        EPOCH OF FIRST MAP  
  2015    10     6     0     0     0                        EPOCH OF LAST MAP   
  7200                                                      INTERVAL            
    13                                                      # OF MAPS IN FILE   
  NONE                                                      MAPPING FUNCTION    
10.0                                                        ELEVATION CUTOFF    
One-way carrier phase leveled to code                       OBSERVABLES USED    
  6371.0                                                    BASE RADIUS         
 2                                                          MAP DIMENSION       
   450.0 450.0   0.0                                        HGT1 / HGT2 / DHGT  
    87.5 -87.5  -2.5                                        LAT1 / LAT2 / DLAT  
  -180.0 180.0   5.0                                        LON1 / LON2 / DLON  
    -1                                                      EXPONENT            
                                                            END OF HEADER       
     1                                                      START OF TEC MAP    
  2015    10     5     0     0     0                        EPOCH OF CURRENT MAP
    87.5-180.0 180.0   5.0 450.0                            LAT/LON1/LON2/DLON/H
  129  104   99   94   96   93   96   94   97   94   96   94   96   94   96   93
   95   92   93   90   91   88   89   85   87   83   85   80   83   78   81   76
   79   74   77   73   77   73   76   72   77   73   77   73   78   74   79   76
   81   78   82   79   84   82   86   83   88   85   89   85   90   87   90   87
   91   89   93   91   95   92  100  112  129                                   
    85.0-180.0 180.0   5.0 450.0                            LAT/LON1/LON2/DLON/H
  111   94   96   94   94   90   94   93   96   94   97   95   98   95   97   94
   95   92   91   88   87   83   81   76   75   70   69   64   64   58   59   54
   55   50   52   48   51   48   50   49   52   51   54   53   57   56   60   60
   65   65   70   70   75   74   78   77   81   80   82   81   84   82   85   83
   85   84   89   86   89   81   80   95  111                                   
    82.5-180.0 180.0   5.0 450.0                            LAT/LON1/LON2/DLON/H
  102   90   94   96   94   93   96   96  100   99  102  102  105  103  105  102
  103   98   98   93   93   86   84   77   76   68   67   60   60   53   53   48
   49   44   47   44   47   44   48   47   51   49   53   53   57   56   61   61
   66   66   71   71   75   76   79   79   82   82   84   84   86   85   87   86
   88   87   91   89   90   82   82   92  102                                   
    80.0-180.0 180.0   5.0 450.0                            LAT/LON1/LON2/DLON/H
  102   94   97  100   99  100  103  105  108  110  113  115  117  117  117  117
  115  112  109  105  101   96   91   85   80   73   69   63   60   55   53   50
   49   47   47   47   48   48   50   51   53   53   56   57   60   61   64   65
   68   70   73   75   78   80   83   85   87   89   90   92   93   93   93   94
   94   94   96   95   94   89   87   96  102                                   
    77.5-180.0 180.0   5.0 450.0                            LAT/LON1/LON2/DLON/H
  106   96   99  103  101  102  105  108  112  115  118  120  122  122  122  122
  120  116  112  108  103   97   91   85   79   72   67   62   57   53   51   49
   48   46   47   46   47   47   49   50   51   52   54   55   57   58   60   62
   64   65   68   70   73   75   79   82   85   87   90   92   94   95   96   96
   96   96   98   97   97   93   91   95  106                                   
    75.0-180.0 180.0   5.0 450.0                            LAT/LON1/LON2/DLON/H
  107  100  102  106  105  107  110  113  116  119  123  125  126  126  125  123
  120  116  112  107  102   96   91   85   78   72   68   63   58   55   53   51
   50   49   50   50   50   50   51   51   51   52   53   53   53   54   55   57
   57   59   61   63   65   69   72   77   80   85   88   93   95   97   98  100
   99  100  100  102  101   99   94   99  107                                   
    72.5-180.0 180.0   5.0 450.0                            LAT/LON1/LON2/DLON/H
  113  103  107  109  107  108  110  114  116  119  121  124  122  122  119  117
  112  107  103   98   93   88   84   79   73   69   65   62   58   56   56   55
   54   53   54   53   52   52   52   52   50   50   50   51   50   51   51   51
   51   51   53   54   56   59   64   69   74   79   85   89   93   96   98  100
  100  101  103  104  106  104  100  103  113                                   
    70.0-180.0 180.0   5.0 450.0                            LAT/LON1/LON2/DLON/H
  113  106  111  113  110  111  113  115  118  120  122  123  120  118  113  108
  102   96   93   88   84   79   77   72   67   63   61   59   57   57   58   58
   58   58   58   57   55   54   53   51   49   48   48   47   46   45   44   43
   41   41   41   42   45   48   53   59   66   74   81   87   92   96   99  101
  101  102  104  106  109  108  106  110  113                                   
    67.5-180.0 180.0   5.0 450.0                            LAT/LON1/LON2/DLON/H
  119  111  116  117  113  112  114  116  119  122  123  123  119  115  107  100
   92   86   81   77   74   70   67   64   60   57   56   56   55   56   58   59
   59   59   58   57   54   52   50   49   45   45   43   44   41   41   39   37
   35   33   33   33   36   39   45   51   61   69   79   87   93   97  101  102
  103  103  105  107  111  112  111  115  119                                   
    65.0-180.0 180.0   5.0 450.0                            LAT/LON1/LON2/DLON/H
  120  117  121  121  115  114  114  117  119  122  123  123  118  113  103   95
   85   79   73   70   66   63   60   56   53   51   50   50   51   53   55   57
   57   57   55   53   49   47   44   42   39   39   38   39   38   37   36   33
   31   28   27   27   30   34   40   48   59   70   81   90   98  102  106  107
  107  106  107  109  113  115  115  120  120                                   
    62.5-180.0 180.0   5.0 450.0                            LAT/LON1/LON2/DLON/H
  127  121  124  123  116  113  113  115  119  123  125  125  120  113  103   94
   84   76   71   67   63   59   55   51   47   44   43   44   45   47   50   51
   51   49   47   45   41   38   35   35   32   33   33   35   35   36   35   33
   31   27   26   25   28   32   39   47   60   71   85   94  103  108  112  112
  112  110  110  110  114  116  118  123  127                                   
    60.0-180.0 180.0   5.0 450.0                            LAT/LON1/LON2/DLON/H
  127  124  126  123  115  111  110  113  116  121  124  125  120  114  104   96
   86   79   73   69   64   59   54   48   42   38   37   37   38   40   42   43
   42   41   39   36   33   31   29   28   28   30   32   34   36   36   37   35
   34   30   28   27   30   33   41   49   63   75   90  100  109  114  119  119
  119  116  115  114  116  118  120  124  127                                   
    57.5-180.0 180.0   5.0 450.0                            LAT/LON1/LON2/DLON/H
  135  129  130  126  116  111  109  111  115  120  124  125  122  117  109  102
   94   88   83   78   71   64   56   48   41   36   34   33   33   35   37   37
   36   34   33   31   28   28   27   29   30   33   35   38   39   41   42   41
   41   38   34   33   35   39   46   55   68   80   96  106  116  122  127  128
  128  125  123  121  122  123  124  127  135                                   
    55.0-180.0 180.0   5.0 450.0                            LAT/LON1/LON2/DLON/H
  137  136  136  131  120  113  110  111  114  119  122  124  122  120  113  109
  102   98   92   86   78   69   59   49   41   35   32   31   31   32   33   33
   33   31   31   30   30   30   33   35   37   41   43   46   47   49   50   50
   51   47   44   41   43   46   54   62   76   87  102  111  121  127  134  136
  139  137  136  133  133  133  132  133  137                                   
    52.5-180.0 180.0   5.0 450.0                            LAT/LON1/LON2/DLON/H
  149  146  146  142  129  122  117  117  118  121  123  125  124  124  120  118
  113  110  103   96   87   77   65   54   46   40   37   36   35   37   37   38
   37   37   37   38   38   42   45   48   51   54   56   57   57   58   59   60
   60   58   55   52   53   55   63   72   86   97  110  118  128  135  142  146
  150  150  151  148  147  145  145  143  149                                   
    50.0-180.0 180.0   5.0 450.0                            LAT/LON1/LON2/DLON/H
  158  158  159  153  143  133  127  125  124  124  123  124  124  124  122  122
  119  116  109  102   92   81   70   59   51   46   43   41   41   42   42   42
   43   43   45   46   50   53   58   61   64   66   67   68   68   68   69   70
   71   70   67   64   65   67   74   84   98  109  120  127  136  142  150  156
  162  164  166  164  162  161  160  155  158                                   
    47.5-180.0 180.0   5.0 450.0                            LAT/LON1/LON2/DLON/H
  171  171  171  168  157  150  143  140  134  132  127  128  125  128  127  129
  125  123  115  108   98   88   78   69   62   57   54   52   52   52   52   53
   53   55   57   61   65   70   73   77   78   79   79   80   79   80   80   82
   83   82   80   77   78   81   89   99  112  123  133  138  145  151  159  166
  173  177  179  179  178  176  175  170  171                                   
    45.0-180.0 180.0   5.0 450.0                            LAT/LON1/LON2/DLON/H
  178  183  182  177  169  162  158  152  145  137  132  128  127  128  129  131
  128  125  118  111  102   93   85   78   72   67   64   61   60   59   60   61
   62   65   70   75   81   85   89   89   91   90   91   91   92   93   93   94
   96   95   92   89   90   92  101  111  125  135  144  147  153  158  168  174
  183  187  192  192  191  191  190  186  178                                   
    42.5-180.0 180.0   5.0 450.0                            LAT/LON1/LON2/DLON/H
  186  189  188  186  177  174  169  165  155  150  139  136  132  135  134  136
  132  129  121  116  108  102   95   89   82   77   72   68   66   66   67   68
   71   75   81   88   93  100  102  103  102  101  101  102  104  105  106  106
  107  106  103  100  100  103  112  123  137  146  154  157  162  167  175  182
  189  195  199  201  202  201  201  201  186                                   
    40.0-180.0 180.0   5.0 450.0                            LAT/LON1/LON2/DLON/H
  189  195  193  189  184  180  176  171  165  155  145  140  138  140  139  139
  135  131  125  120  115  109  102   95   87   80   74   69   67   68   70   73
   77   82   88   96  103  108  112  110  110  108  110  111  115  117  117  117
  117  115  110  107  107  110  120  132  146  155  165  166  172  175  184  190
  198  202  208  210  211  211  210  212  189                                   
    37.5-180.0 180.0   5.0 450.0                            LAT/LON1/LON2/DLON/H
  195  199  196  195  187  185  181  179  170  163  152  151  147  150  148  148
  142  138  132  129  123  118  109  100   89   80   72   68   67   69   73   76
   81   86   93  100  107  113  116  116  115  114  116  119  123  125  125  123
  121  118  113  110  110  115  125  137  153  163  171  174  180  184  192  199
  204  209  215  217  220  220  219  224  195                                   
    35.0-180.0 180.0   5.0 450.0                            LAT/LON1/LON2/DLON/H
  205  209  205  198  190  186  185  180  174  166  160  156  156  157  157  154
  148  144  139  135  130  123  112   98   84   73   65   62   64   68   74   78
   84   89   96  102  111  117  121  120  120  120  123  126  131  132  132  128
  124  119  113  110  110  115  126  138  153  163  173  177  186  190  201  206
  214  217  225  228  230  232  233  238  205                                   
    32.5-180.0 180.0   5.0 450.0                            LAT/LON1/LON2/DLON/H
  227  226  225  216  201  197  191  188  180  177  170  169  167  169  166  164
  156  152  146  141  133  123  108   92   76   65   59   60   64   71   78   84
   88   93   99  105  112  119  122  122  123  124  128  132  135  136  134  128
  122  115  108  104  105  111  121  133  148  159  169  176  186  195  207  215
  223  228  237  240  243  247  249  256  227                                   
    30.0-180.0 180.0   5.0 450.0                            LAT/LON1/LON2/DLON/H
  261  259  259  244  227  217  207  202  196  191  186  183  183  180  176  170
  163  156  147  139  129  116   99   81   67   60   59   64   72   82   89   95
   99  102  107  112  118  123  127  127  128  129  133  136  137  136  131  123
  115  107  101   97   99  106  117  128  142  154  164  173  186  198  214  224
  239  246  259  261  265  268  274  281  261                                   
    27.5-180.0 180.0   5.0 450.0                            LAT/LON1/LON2/DLON/H
  302  303  305  291  274  260  246  235  227  221  214  211  205  200  188  179
  167  158  145  134  119  104   87   73   64   64   68   81   91  103  109  114
  114  117  118  122  125  129  131  131  131  132  134  135  134  130  123  116
  107   99   92   88   91   99  112  123  137  148  160  171  186  202  221  237
  256  268  284  289  294  296  302  307  302                                   
    25.0-180.0 180.0   5.0 450.0                            LAT/LON1/LON2/DLON/H
  353  363  366  352  337  320  303  287  275  265  255  244  234  220  204  187
  173  156  140  122  105   88   76   69   70   78   91  107  120  129  133  135
  134  134  134  134  135  137  138  137  137  136  136  133  128  121  114  104
   96   87   78   75   80   90  105  118  131  144  155  167  184  202  228  248
  272  290  311  319  325  330  340  346  353                                   
    22.5-180.0 180.0   5.0 450.0                            LAT/LON1/LON2/DLON/H
  401  416  421  414  403  391  371  352  335  320  304  288  272  250  225  203
  181  161  137  117   96   84   78   81   90  107  123  140  150  158  158  157
  154  151  148  146  144  144  142  142  140  137  134  128  121  112  103   95
   87   77   71   69   75   85  103  119  132  146  157  170  186  207  234  257
  286  309  334  346  357  365  376  380  401                                   
    20.0-180.0 180.0   5.0 450.0                            LAT/LON1/LON2/DLON/H
  445  466  472  470  473  465  448  425  407  384  365  340  318  289  260  228
  203  175  147  120  103   93   96  106  124  142  161  173  181  180  177  173
  169  164  159  154  150  148  146  145  144  138  133  123  114  102   94   82
   77   66   63   60   67   78   95  115  134  150  163  177  193  214  242  267
  300  329  359  374  386  398  418  419  445                                   
    17.5-180.0 180.0   5.0 450.0                            LAT/LON1/LON2/DLON/H
  474  490  499  507  516  520  506  492  473  451  426  403  374  342  304  270
  236  207  172  147  130  130  134  151  167  186  195  204  201  197  188  182
  176  172  165  160  154  153  150  150  146  141  131  120  107   96   85   76
   69   63   59   56   64   74   94  117  140  159  173  187  204  223  250  275
  312  344  379  396  410  425  444  448  474                                   
    15.0-180.0 180.0   5.0 450.0                            LAT/LON1/LON2/DLON/H
  495  508  520  533  557  566  564  552  539  518  495  467  437  401  363  325
  291  254  222  193  186  183  193  204  221  230  232  226  217  203  192  184
  179  175  171  165  160  159  157  156  154  145  137  120  110   93   84   72
   69   61   57   55   62   75   97  122  148  171  187  204  220  238  265  292
  329  364  399  417  432  445  474  477  495                                   
    12.5-180.0 180.0   5.0 450.0                            LAT/LON1/LON2/DLON/H
  504  514  530  547  573  591  595  591  579  566  543  526  494  468  428  399
  358  325  285  261  250  255  260  268  276  270  257  237  217  204  189  185
  180  179  174  171  168  168  167  166  162  154  141  126  109   94   81   72
   67   60   56   55   64   77  101  125  156  178  199  215  234  252  278  305
  341  376  412  429  444  461  487  495  504                                   
    10.0-180.0 180.0   5.0 450.0                            LAT/LON1/LON2/DLON/H
  511  523  535  550  581  599  615  612  609  593  583  562  541  514  482  453
  418  386  353  333  329  331  337  335  329  305  272  239  215  199  189  185
  185  184  181  178  176  177  177  174  171  160  149  130  116   98   85   76
   71   64   58   59   67   80  103  127  159  180  205  223  246  266  293  321
  353  385  421  439  454  472  506  510  511                                   
     7.5-180.0 180.0   5.0 450.0                            LAT/LON1/LON2/DLON/H
  524  533  541  551  575  596  609  612  610  600  590  579  564  548  521  500
  471  446  420  408  407  410  406  391  363  319  269  231  207  198  190  192
