data/unet/pred0330.15i
     1.0            IONOSPHERE MAPS     GNSS                IONEX VERSION / TYPE
pyspatialgeodesy        IME             05-JAN-18 20:20     PGM / RUN BY / DATE 
Map Name                                                    COMMENT             
Predicted global ionosphere maps (GIM).                     DESCRIPTION         
  2015     2     2     0     0     0                        EPOCH OF FIRST MAP  
  2015     2     3     0     0     0                        EPOCH OF LAST MAP   
  7200                                                      INTERVAL            
    13                                                      # OF MAPS IN FILE   
  NONE                                                      MAPPING FUNCTION    
10.0                                                        ELEVATION CUTOFF    
One-way carrier phase leveled to code                       OBSERVABLES USED    
  6371.0                                                    BASE RADIUS         
 2                                                          MAP DIMENSION       
   450.0 450.0   0.0                                        HGT1 / HGT2 / DHGT  
    87.5 -87.5  -2.5                                        LAT1 / LAT2 / DLAT  
  -180.0 180.0   5.0                                        LON1 / LON2 / DLON  
    -1                                                      EXPONENT            
                                                            END OF HEADER       
[from data line 858]
     3                                                      START OF TEC MAP    
  2015     2     2     4     0     0                        EPOCH OF CURRENT MAP
    87.5-180.0 180.0   5.0 450.0                            LAT/LON1/LON2/DLON/H
  107  119  103  101  101   99  100  100  100   99  100   97   98   95   96   93
   95   93   93   91   90   90   88   88   86   87   85   86   83   85   84   85
   84   86   87   88   89   89   91   90   93   91   95   92   96   94   96   95
   97   96   97   96   98   97   98   97   99   98   99   98  101   99  101   98
  102   99  102  101  105  103  119  113  107                                   
    85.0-180.0 180.0   5.0 450.0                            LAT/LON1/LON2/DLON/H
  129  116   98  100  101   98   98   97   99   98  100   98   99   97   97   97
   95   95   92   91   86   87   82   82   78   79   77   77   75   77   77   78
   79   81   82   84   85   89   89   92   93   96   96   99   98  102  100  104
  103  106  104  108  107  110  109  112  112  115  113  115  116  116  115  115
  115  113  113  111  113  107  117  125  129                                   
    82.5-180.0 180.0   5.0 450.0                            LAT/LON1/LON2/DLON/H
  121  106   99  101   96   94   95   97   98   99  100  101  101  101  101  101
  100   98   97   92   90   83   82   74   72   66   66   61   62   59   62   61
   66   66   73   74   79   82   86   87   90   90   94   92   96   94   99   98
  102  102  107  107  112  113  117  117  123  122  125  124  127  126  126  125
  126  124  123  122  123  119  125  119  121                                   
    80.0-180.0 180.0   5.0 450.0                            LAT/LON1/LON2/DLON/H
  132  116  111  108  103   98   99  100  102  103  105  105  108  108  111  110
  111  107  106  100   97   88   84   75   70   65   62   60   58   59   60   63
   65   71   75   81   86   91   97   99  104  102  106  103  106  104  107  108
  111  112  116  118  123  126  132  134  142  143  149  149  156  154  157  156
  157  156  153  151  148  135  133  124  132                                   
    77.5-180.0 180.0   5.0 450.0                            LAT/LON1/LON2/DLON/H
  142  121  116  109   99   93   92   93   94   97   99  104  107  113  116  119
  120  119  115  110  103   92   85   72   68   59   58   53   53   54   57   61
   65   72   77   85   91   99  104  107  110  109  111  108  108  105  108  107
  111  113  117  123  128  135  141  149  156  162  167  172  177  180  181  183
  181  180  176  173  169  156  147  134  142                                   
    75.0-180.0 180.0   5.0 450.0                            LAT/LON1/LON2/DLON/H
  150  135  125  115  104   96   93   91   91   93   97  101  106  113  119  124
  125  125  121  115  108   94   87   72   67   60   58   57   56   60   62   70
   74   84   89   97  104  111  116  117  120  116  117  111  110  106  108  106
  110  109  115  119  129  133  145  150  163  168  179  182  193  194  201  199
  201  198  196  192  188  173  164  150  150                                   
    72.5-180.0 180.0   5.0 450.0                            LAT/LON1/LON2/DLON/H
  168  150  142  124  108   99   95   92   92   93   97  100  108  112  121  124
  128  124  123  114  109   94   90   75   74   65   68   63   70   69   78   80
   89   94  101  109  115  120  120  120  115  112  106  101   98   96   98   98
  101  104  109  118  128  138  148  158  170  181  189  198  205  211  214  217
  216  218  212  212  208  197  186  171  168                                   
    70.0-180.0 180.0   5.0 450.0                            LAT/LON1/LON2/DLON/H
  180  172  159  140  123  111  103   97   94   95   97  100  102  108  111  118
  116  117  112  110  103   96   90   83   80   78   78   81   81   87   89   96
   99  105  110  116  121  124  123  119  114  107  102   95   93   92   93   94
   98  100  110  119  134  142  157  165  182  190  201  208  217  222  225  227
  229  229  227  228  226  212  209  190  180                                   
    67.5-180.0 180.0   5.0 450.0                            LAT/LON1/LON2/DLON/H
  200  190  178  159  137  123  112  104  100   97   99   98  102  102  108  106
  107  102  103   97   97   92   92   89   88   88   90   92   96   99  103  105
  107  110  112  116  118  118  115  112  104   99   90   87   83   81   84   85
   90   97  111  124  141  152  167  180  194  205  212  221  228  233  236  237
  237  239  238  240  238  231  224  208  200                                   
    65.0-180.0 180.0   5.0 450.0                            LAT/LON1/LON2/DLON/H
  211  206  194  176  157  140  127  118  109  107  104  104   99   99   94   94
   90   88   87   88   89   91   93   94   96   98  100  103  105  107  108  108
  107  107  107  107  106  106  102   98   94   87   82   74   73   71   75   79
   89  101  118  134  156  168  186  197  215  221  230  236  244  246  248  246
  247  246  245  247  247  240  238  223  211                                   
    62.5-180.0 180.0   5.0 450.0                            LAT/LON1/LON2/DLON/H
  228  221  211  193  169  155  138  127  117  112  108  107  101   97   93   86
   82   78   79   79   84   87   90   96   97  103  105  109  110  111  109  106
  102   99   96   95   92   90   86   86   80   76   68   65   63   63   66   73
   90  106  128  148  171  186  204  218  231  240  247  254  259  259  257  255
  254  251  249  249  249  247  244  235  228                                   
    60.0-180.0 180.0   5.0 450.0                            LAT/LON1/LON2/DLON/H
  242  231  224  206  185  167  149  138  124  120  113  110  100   95   86   81
   76   74   73   76   77   82   86   92   96  100  104  106  108  106  104  100
   95   90   85   82   79   75   72   70   64   59   52   51   52   53   59   74
   94  115  141  163  190  204  224  237  251  257  265  269  274  271  270  266
  266  259  256  253  254  250  250  241  242                                   
    57.5-180.0 180.0   5.0 450.0                            LAT/LON1/LON2/DLON/H
  264  245  239  222  195  178  157  143  128  121  113  109  100   96   89   84
   79   76   72   72   72   74   78   83   86   93   93   99   97   98   93   90
   83   78   72   66   65   61   61   56   56   50   48   45   48   49   62   78
  103  126  155  179  206  223  241  253  266  273  280  284  287  284  280  277
  272  267  261  259  259  258  258  252  264                                   
    55.0-180.0 180.0   5.0 450.0                            LAT/LON1/LON2/DLON/H
  281  259  252  238  211  190  168  151  132  124  113  108   98   91   87   82
   84   78   79   75   75   72   71   74   75   80   81   84   86   84   84   79
   76   68   64   58   59   56   56   54   52   50   46   46   47   53   67   87
  114  139  172  196  226  240  259  269  282  288  295  298  301  300  296  293
  288  282  274  271  270  265  263  257  281                                   
    52.5-180.0 180.0   5.0 450.0                            LAT/LON1/LON2/DLON/H
  304  274  270  256  227  209  182  163  139  126  114  106   97   93   90   92
   91   90   84   78   72   66   63   63   63   66   68   72   74   76   75   73
   70   64   62   58   61   59   62   59   61   58   58   55   58   64   81  100
  128  154  188  213  240  255  271  281  294  301  308  311  314  315  309  308
  301  297  289  286  282  278  273  274  304                                   
    50.0-180.0 180.0   5.0 450.0                            LAT/LON1/LON2/DLON/H
  330  304  291  279  250  229  200  176  148  132  115  105   93   87   88   85
   92   84   87   75   74   65   61   59   59   60   61   65   66   68   69   69
   70   67   67   65   70   68   70   69   70   68   65   64   67   78   95  118
  148  176  212  236  262  275  291  301  312  319  323  326  328  329  325  325
  319  317  308  306  299  291  287  283  330                                   
    47.5-180.0 180.0   5.0 450.0                            LAT/LON1/LON2/DLON/H
  348  319  312  300  272  252  221  197  163  142  122  108   97   91   90   92
   92   91   85   79   70   66   61   62   60   63   62   65   67   70   72   74
   75   75   77   77   81   81   83   82   82   80   77   78   84   95  114  138
  167  200  232  257  277  292  307  318  327  332  335  337  338  340  333  335
  328  330  324  321  316  307  299  301  348                                   
    45.0-180.0 180.0   5.0 450.0                            LAT/LON1/LON2/DLON/H
  360  339  326  322  297  272  242  214  178  154  127  112   97   89   89   85
   90   80   84   73   78   72   76   76   78   77   76   76   77   78   79   80
   82   83   87   88   90   91   91   92   90   89   87   89   98  113  134  162
  196  226  258  279  300  314  328  339  346  351  350  350  347  346  339  338
  334  336  330  332  325  315  312  306  360                                   
    42.5-180.0 180.0   5.0 450.0                            LAT/LON1/LON2/DLON/H
  353  330  328  325  307  286  256  230  195  169  142  124  108   99   94   92
   90   87   85   85   86   91   95  102  100  102   95   95   91   92   89   90
   88   91   92   96   97   99  100  101   99   98   97  101  113  129  151  186
  218  250  273  297  314  332  342  353  360  362  360  358  355  353  342  342
  335  338  336  338  333  321  315  312  353                                   
    40.0-180.0 180.0   5.0 450.0                            LAT/LON1/LON2/DLON/H
  346  328  315  315  302  285  260  235  205  178  152  131  117  102  100   90
   92   83   91   90  105  111  122  127  129  125  119  112  107  101   98   95
   95   94   98   99  102  103  103  106  103  103  105  113  127  146  174  210
  244  269  293  312  333  349  363  373  379  380  376  374  367  361  350  346
  341  341  340  341  336  322  319  303  346                                   
    37.5-180.0 180.0   5.0 450.0                            LAT/LON1/LON2/DLON/H
  328  305  298  291  281  268  252  233  209  188  162  147  130  119  111  105
  102  101  105  114  125  137  145  152  151  148  135  129  118  112  104  100
   95   96   96  100  102  106  107  111  109  112  116  124  137  159  189  226
  255  279  298  320  340  360  374  386  392  393  390  389  383  378  365  362
  354  354  352  350  345  329  322  305  328                                   
    35.0-180.0 180.0   5.0 450.0                            LAT/LON1/LON2/DLON/H
  331  301  279  266  248  238  225  213  198  181  164  149  138  125  121  111
  113  108  122  129  146  156  167  171  168  161  149  138  127  118  112  105
  100   99   99  101  100  105  107  113  112  117  123  132  147  172  205  238
  267  286  306  325  349  369  391  405  417  420  422  420  415  407  399  393
  389  385  383  375  371  349  342  315  331                                   
    32.5-180.0 180.0   5.0 450.0                            LAT/LON1/LON2/DLON/H
  349  305  280  252  227  216  203  196  182  175  161  155  143  138  133  130
  129  134  141  154  166  175  180  179  174  167  154  147  136  129  120  114
  108  107  106  106  106  108  112  118  119  125  129  137  152  176  208  239
  268  288  308  327  353  378  402  420  436  444  451  455  454  454  445  445
  439  440  434  428  417  400  376  359  349                                   
    30.0-180.0 180.0   5.0 450.0                            LAT/LON1/LON2/DLON/H
  409  346  310  268  230  208  189  178  166  159  153  144  143  136  137  133
  139  141  156  163  178  179  180  174  165  160  153  149  147  139  131  126
  121  120  116  112  111  114  114  122  123  124  129  138  156  180  210  239
  268  290  313  336  366  389  422  442  463  474  483  494  499  507  510  517
  520  521  520  511  501  476  447  425  409                                   
    27.5-180.0 180.0   5.0 450.0                            LAT/LON1/LON2/DLON/H
  493  431  382  322  266  234  203  183  163  156  148  145  141  142  141  145
  148  158  165  173  177  172  163  154  149  150  151  155  157  153  148  145
  140  137  129  118  117  116  121  123  125  126  129  137  154  178  209  237
  268  289  317  343  375  405  433  460  484  499  513  531  544  563  575  596
  602  615  612  611  596  575  537  516  493                                   
    25.0-180.0 180.0   5.0 450.0                            LAT/LON1/LON2/DLON/H
  610  564  506  436  359  298  251  213  182  160  148  138  139  134  139  138
  146  150  162  163  165  153  143  138  138  147  159  167  175  172  170  168
  162  153  146  129  124  119  120  123  119  121  125  134  153  179  213  243
  273  297  326  356  393  429  462  488  515  533  552  576  594  625  648  685
  704  726  731  728  720  696  668  628  610                                   
    22.5-180.0 180.0   5.0 450.0                            LAT/LON1/LON2/DLON/H
  718  688  631  556  478  405  337  278  230  195  172  156  149  145  145  145
  148  153  156  156  148  138  128  131  140  158  175  191  203  199  201  190
  184  167  160  143  135  123  120  116  115  119  125  137  153  185  219  253
  284  309  344  379  417  463  496  525  550  576  601  627  656  693  728  766
  794  813  826  825  829  816  782  727  718                                   
    20.0-180.0 180.0   5.0 450.0                            LAT/LON1/LON2/DLON/H
  831  816  750  685  603  535  460  392  318  262  216  187  169  157  153  147
  149  146  151  146  140  132  131  141  162  186  213  227  237  228  219  204
  189  171  166  150  141  126  114  110  107  112  122  136  161  194  234  268
  303  330  368  409  456  501  535  562  589  615  642  677  709  752  785  826
  853  883  898  906  920  914  885  840  831                                   
    17.5-180.0 180.0   5.0 450.0                            LAT/LON1/LON2/DLON/H
  905  917  871  802  723  654  576  502  424  355  292  247  222  202  187  173
  166  159  154  151  142  145  150  174  205  234  257  268  266  250  238  212
  198  179  173  159  147  128  115  107  103  107  118  138  169  207  250  286
  326  358  399  448  493  537  567  594  623  656  688  717  752  783  816  846
  875  896  927  935  964  966  932  891  905                                   
    15.0-180.0 180.0   5.0 450.0                            LAT/LON1/LON2/DLON/H
  940  970  934  903  822  773  679  610  531  464  397  346  295  263  238  216
  197  183  175  172  172  181  201  233  273  304  315  304  289  262  241  217
  198  182  176  160  147  128  112  104   98  101  116  138  176  216  260  300
  344  379  423  472  517  557  587  617  652  688  716  745  771  800  820  849
  866  894  917  939  966  975  945  929  940                                   
    12.5-180.0 180.0   5.0 450.0                            LAT/LON1/LON2/DLON/H
  930  962  960  946  898  845  765  689  610  550  493  447  396  354  314  284
  255  235  221  219  221  239  269  317  352  365  351  325  294  263  243  218
  203  186  178  165  151  133  121  110  103  102  114  145  186  230  275  316
  361  397  439  486  530  564  599  625  671  702  732  752  774  792  811  824
  844  857  883  900  934  948  923  908  930                                   
    10.0-180.0 180.0   5.0 450.0                            LAT/LON1/LON2/DLON/H
  887  912  919  937  904  886  815  763  682  635  578  532  489  444  398  362
  326  305  289  293  307  334  371  407  427  402  369  322  286  254  232  212
  199  185  179  166  156  143  129  120  112  108  124  150  194  235  280  321
  368  404  446  491  533  563  598  625  671  705  730  753  770  789  801  815
  819  833  847  870  895  908  894  884  887                                   
     7.5-180.0 180.0   5.0 450.0                            LAT/LON1/LON2/DLON/H
  810  830  857  860  862  835  807  755  708  664  626  590  557  521  483  442
  408  389  379  388  399  424  451  470  462  418  365  314  279  246  228  210
