data/unet/pred1900.15i
     1.0            IONOSPHERE MAPS     GNSS                IONEX VERSION / TYPE
pyspatialgeodesy        IME             05-JAN-18 20:20     PGM / RUN BY / DATE 
Map Name                                                    COMMENT             
Predicted global ionosphere maps (GIM).                     DESCRIPTION         
  2015     7     9     0     0     0                        EPOCH OF FIRST MAP  
  2015     7    10     0     0     0                        EPOCH OF LAST MAP   
  7200                                                      INTERVAL            
    13                                                      # OF MAPS IN FILE   
  NONE                                                      MAPPING FUNCTION    
10.0                                                        ELEVATION CUTOFF    
One-way carrier phase leveled to code                       OBSERVABLES USED    
  6371.0                                                    BASE RADIUS         
 2                                                          MAP DIMENSION       
   450.0 450.0   0.0                                        HGT1 / HGT2 / DHGT  
    87.5 -87.5  -2.5                                        LAT1 / LAT2 / DLAT  
  -180.0 180.0   5.0                                        LON1 / LON2 / DLON  
    -1                                                      EXPONENT            
                                                            END OF HEADER       
[from data line 1287]
     4                                                      START OF TEC MAP    
  2015     7     9     6     0     0                        EPOCH OF CURRENT MAP
    87.5-180.0 180.0   5.0 450.0                            LAT/LON1/LON2/DLON/H
  181  202  193  193  194  192  194  193  196  195  198  196  199  196  199  196
  199  196  198  194  197  193  194  190  192  187  189  185  188  184  186  182
  187  183  187  183  189  185  189  186  191  187  191  188  192  188  191  186
  191  186  189  186  190  186  189  185  189  185  188  185  189  185  188  185
  189  185  188  184  189  180  202  194  181                                   
    85.0-180.0 180.0   5.0 450.0                            LAT/LON1/LON2/DLON/H
  183  187  184  190  189  188  190  191  193  193  195  195  196  196  197  196
  196  195  194  192  192  189  188  184  184  181  180  177  178  176  176  173
  176  174  176  174  178  176  178  176  180  178  181  179  183  180  182  180
  184  182  183  181  185  183  184  182  185  182  183  181  184  181  183  180
  183  180  181  178  180  174  183  192  183                                   
    82.5-180.0 180.0   5.0 450.0                            LAT/LON1/LON2/DLON/H
  175  178  177  183  181  181  183  184  187  187  190  190  193  193  195  194
  195  194  193  191  190  187  185  181  180  177  175  173  173  171  171  170
  172  171  173  172  176  175  177  176  181  179  183  182  186  184  188  186
  190  189  191  190  194  192  192  191  193  191  189  188  188  187  185  184
  184  182  180  178  177  176  177  176  175                                   
    80.0-180.0 180.0   5.0 450.0                            LAT/LON1/LON2/DLON/H
  181  180  176  178  177  179  182  184  186  188  190  192  194  194  195  195
  195  194  192  189  187  183  179  175  172  169  167  165  164  164  164  165
  166  168  169  171  175  176  178  179  183  184  187  188  192  193  195  196
  200  200  202  202  206  205  206  204  206  203  201  199  199  196  194  191
  190  186  182  178  178  172  172  172  181                                   
    77.5-180.0 180.0   5.0 450.0                            LAT/LON1/LON2/DLON/H
  179  178  174  173  175  178  180  182  184  187  189  192  193  195  195  196
  195  193  190  187  183  177  173  169  165  161  159  158  158  158  159  163
  166  170  172  176  181  183  185  187  190  192  194  197  200  203  205  208
  211  213  215  218  220  220  221  221  222  219  217  214  214  210  208  204
  202  196  191  184  182  177  173  172  179                                   
    75.0-180.0 180.0   5.0 450.0                            LAT/LON1/LON2/DLON/H
  185  184  176  178  175  179  177  181  179  184  183  187  186  189  187  189
  186  185  181  177  171  167  160  157  150  148  144  144  144  147  149  156
  161  167  171  176  182  184  188  188  192  193  197  199  204  206  210  211
  216  216  220  220  224  223  226  224  227  223  223  220  221  218  216  213
  211  206  200  193  191  181  181  178  185                                   
    72.5-180.0 180.0   5.0 450.0                            LAT/LON1/LON2/DLON/H
  188  188  180  180  179  178  177  176  177  177  179  180  180  181  181  180
  179  176  173  167  164  156  152  144  140  135  133  134  136  142  147  158
  164  174  178  186  189  194  194  197  196  200  201  206  209  213  215  219
  221  223  224  226  227  228  229  229  230  228  229  227  228  225  225  221
  220  215  211  205  203  194  188  188  188                                   
    70.0-180.0 180.0   5.0 450.0                            LAT/LON1/LON2/DLON/H
  195  196  188  186  181  181  175  176  173  174  173  174  173  174  173  172
  171  169  165  162  156  151  142  137  130  127  124  127  131  138  147  159
  169  178  187  193  199  201  201  202  204  206  209  213  218  221  223  225
  227  226  227  225  227  225  226  224  227  225  226  225  227  225  226  223
  224  219  217  211  211  200  197  196  195                                   
    67.5-180.0 180.0   5.0 450.0                            LAT/LON1/LON2/DLON/H
  198  199  191  189  185  179  177  173  172  169  169  168  168  167  167  164
  164  159  158  153  150  142  136  128  123  120  119  124  129  142  152  169
  178  191  198  207  210  213  210  212  212  215  218  224  228  232  233  234
  233  230  228  225  222  220  217  217  216  217  217  220  223  224  225  225
  225  224  220  219  218  209  202  203  198                                   
    65.0-180.0 180.0   5.0 450.0                            LAT/LON1/LON2/DLON/H
  204  204  198  192  186  181  174  170  166  165  162  161  160  159  158  155
  154  151  148  145  140  135  126  121  115  113  114  119  129  140  156  171
  185  197  206  213  217  218  217  217  218  222  226  232  237  240  240  239
  237  232  228  222  219  213  211  207  208  206  208  210  213  216  218  219
  220  219  218  215  218  207  205  208  204                                   
    62.5-180.0 180.0   5.0 450.0                            LAT/LON1/LON2/DLON/H
  205  207  199  195  189  182  177  172  168  164  161  158  156  153  151  147
  145  142  140  136  133  126  121  115  113  111  113  120  128  144  159  178
  189  203  210  219  221  222  221  222  224  228  233  239  244  246  246  243
  239  234  227  222  214  211  204  203  199  201  200  205  207  213  215  219
  219  219  217  217  217  211  207  212  205                                   
    60.0-180.0 180.0   5.0 450.0                            LAT/LON1/LON2/DLON/H
  212  209  203  197  193  185  178  171  165  161  155  152  148  145  141  138
  135  132  130  127  124  119  114  109  107  106  111  117  129  141  159  174
  189  201  210  216  222  223  224  226  229  234  239  246  250  252  250  247
  242  236  229  223  218  212  208  204  202  200  199  202  204  208  210  212
  213  213  212  210  212  205  206  215  212                                   
    57.5-180.0 180.0   5.0 450.0                            LAT/LON1/LON2/DLON/H
  215  215  207  204  197  191  182  175  166  160  153  149  144  140  136  132
  129  125  123  119  117  112  109  104  104  104  109  116  126  139  154  170
  182  196  205  215  219  223  225  228  232  237  244  249  255  256  256  251
  247  241  234  231  224  222  216  215  210  210  207  209  209  213  212  215
  213  214  211  211  211  207  207  215  215                                   
    55.0-180.0 180.0   5.0 450.0                            LAT/LON1/LON2/DLON/H
  224  222  216  211  207  198  189  179  169  161  152  146  140  136  131  127
  123  120  118  115  112  109  106  102  103  103  109  115  126  135  150  162
  175  186  199  207  217  219  225  226  232  237  245  252  258  260  259  255
  251  246  243  240  238  235  233  229  228  224  222  219  218  218  215  215
  213  213  211  212  212  210  212  222  224                                   
    52.5-180.0 180.0   5.0 450.0                            LAT/LON1/LON2/DLON/H
  233  233  229  224  219  209  198  185  174  163  152  143  135  131  126  122
  119  115  114  110  109  104  104  101  104  104  111  116  127  135  145  157
  168  182  191  205  214  221  227  230  235  241  249  256  262  265  266  263
  261  258  257  258  256  257  253  253  249  247  242  239  234  231  226  224
  221  221  218  220  222  220  223  232  233                                   
    50.0-180.0 180.0   5.0 450.0                            LAT/LON1/LON2/DLON/H
  248  249  245  240  234  224  214  197  184  170  155  144  133  129  123  120
  117  116  113  111  109  107  106  106  109  111  116  121  129  136  145  153
  166  176  191  202  217  221  231  232  239  244  255  262  270  273  276  275
  274  272  272  273  274  275  275  273  271  267  262  254  249  242  237  232
  231  230  230  232  233  234  235  248  248                                   
    47.5-180.0 180.0   5.0 450.0                            LAT/LON1/LON2/DLON/H
  259  263  261  256  249  237  227  208  193  174  159  142  131  124  120  116
  117  114  116  111  113  108  111  110  116  117  125  125  134  137  146  152
  164  177  189  204  218  228  237  243  249  255  265  273  282  287  292  291
  291  290  291  293  293  295  294  294  289  287  279  274  264  256  248  245
  243  244  244  247  251  253  253  263  259                                   
    45.0-180.0 180.0   5.0 450.0                            LAT/LON1/LON2/DLON/H
  272  277  275  271  263  252  241  224  205  185  165  147  132  125  117  117
  116  117  118  117  116  115  117  120  126  128  133  134  140  142  151  156
  169  179  195  207  225  232  244  249  258  264  277  285  296  301  309  309
  309  308  308  311  310  311  309  307  303  300  293  285  275  264  256  253
  252  254  256  260  265  268  266  280  272                                   
    42.5-180.0 180.0   5.0 450.0                            LAT/LON1/LON2/DLON/H
  281  284  284  280  273  263  251  234  217  193  173  153  138  127  122  119
  122  122  128  125  128  125  131  133  142  143  148  146  150  150  157  162
  173  186  199  214  229  242  252  263  272  281  294  303  316  323  331  331
  333  330  330  329  328  326  323  322  316  313  305  297  284  273  265  263
  263  268  270  275  281  284  285  293  281                                   
    40.0-180.0 180.0   5.0 450.0                            LAT/LON1/LON2/DLON/H
  294  293  289  283  277  269  260  245  228  204  181  161  143  133  123  123
  125  129  133  136  137  138  142  148  156  159  163  160  163  160  168  171
  183  191  206  217  235  245  258  268  281  293  308  319  333  340  348  348
  348  347  344  345  341  342  337  334  328  322  315  305  294  282  276  274
  280  283  287  290  295  296  298  307  294                                   
    37.5-180.0 180.0   5.0 450.0                            LAT/LON1/LON2/DLON/H
  307  302  296  289  281  276  267  253  236  212  191  170  153  139  132  129
  133  137  145  147  153  154  161  169  178  180  180  175  173  170  175  181
  190  199  210  222  235  250  263  277  289  304  316  331  344  352  360  361
  362  359  358  357  356  356  353  350  346  339  332  321  312  303  297  299
  303  310  311  313  314  315  318  320  307                                   
    35.0-180.0 180.0   5.0 450.0                            LAT/LON1/LON2/DLON/H
  324  311  300  290  283  278  270  257  241  219  197  180  162  149  138  137
  139  146  153  159  163  170  177  188  197  198  197  188  186  180  185  189
  197  203  211  222  235  249  263  279  293  309  324  339  354  361  369  371
  371  372  369  372  369  374  371  372  368  365  355  346  334  325  321  324
  332  338  338  336  334  331  333  338  324                                   
    32.5-180.0 180.0   5.0 450.0                            LAT/LON1/LON2/DLON/H
  343  329  311  298  287  280  271  259  244  225  208  190  175  160  150  145
  148  152  162  167  177  185  198  209  219  219  215  204  199  194  196  199
  203  208  211  221  231  246  262  278  295  309  324  338  353  362  371  373
  377  377  378  382  385  392  393  398  398  396  390  380  370  361  355  358
  364  370  364  362  353  355  355  354  343                                   
    30.0-180.0 180.0   5.0 450.0                            LAT/LON1/LON2/DLON/H
  370  352  324  309  295  287  276  263  247  231  212  199  182  170  157  154
  154  161  170  179  188  202  211  227  236  235  231  216  210  202  202  202
  202  203  204  213  224  238  252  272  287  301  314  328  343  354  364  370
  377  382  385  395  404  417  425  434  437  438  430  421  407  394  387  386
  392  395  386  381  370  373  374  378  370                                   
    27.5-180.0 180.0   5.0 450.0                            LAT/LON1/LON2/DLON/H
  396  381  354  336  314  301  283  268  253  239  224  210  197  183  171  164
  164  168  178  187  202  216  232  247  257  253  248  231  221  210  206  202
  198  197  198  203  214  227  243  260  280  289  305  314  332  340  355  362
  373  380  390  404  420  438  451  465  470  474  468  462  449  438  426  425
  424  421  410  400  390  398  400  395  396                                   
    25.0-180.0 180.0   5.0 450.0                            LAT/LON1/LON2/DLON/H
  420  412  384  364  341  325  304  284  267  251  238  226  211  198  182  177
  173  179  187  199  214  229  246  262  269  265  256  237  225  213  203  195
  188  183  186  190  203  215  230  250  267  280  292  303  316  328  343  356
  368  380  395  416  437  460  479  492  505  508  506  499  486  472  464  457
  457  447  436  424  414  417  428  420  420                                   
    22.5-180.0 180.0   5.0 450.0                            LAT/LON1/LON2/DLON/H
  444  435  416  395  368  351  325  305  282  269  252  245  230  217  198  191
  186  190  196  209  225  243  263  278  282  274  262  242  224  211  195  184
  174  170  170  177  189  203  218  234  257  270  286  294  311  320  338  351
  368  382  403  427  454  476  496  511  525  529  529  524  514  505  496  489
  482  471  458  445  434  441  446  436  444                                   
    20.0-180.0 180.0   5.0 450.0                            LAT/LON1/LON2/DLON/H
  463  463  442  421  392  375  346  327  303  288  272  264  250  239  219  210
  203  206  209  222  237  257  273  287  285  274  257  237  218  201  185  169
  159  150  152  157  173  192  205  225  246  264  279  289  306  318  335  351
  368  386  407  435  463  486  507  521  535  537  540  539  531  527  518  513
  506  494  482  470  459  459  468  448  463                                   
    17.5-180.0 180.0   5.0 450.0                            LAT/LON1/LON2/DLON/H
  472  474  456  433  408  386  362  342  320  307  289  287  270  264  243  234
  222  223  224  235  248  268  283  293  286  269  247  225  202  188  167  152
  136  128  129  137  158  179  200  217  240  261  279  292  310  323  343  359
  378  396  418  444  470  488  504  518  527  531  534  537  536  534  528  524
  516  506  494  485  474  473  472  453  472                                   
    15.0-180.0 180.0   5.0 450.0                            LAT/LON1/LON2/DLON/H
  473  479  463  438  415  394  373  354  334  322  305  301  290  282  268  257
  247  245  242  251  257  277  284  292  278  257  231  204  184  166  149  129
  114  106  110  120  142  171  193  215  238  261  285  297  320  335  359  374
  394  407  428  450  469  486  498  510  521  527  531  538  537  538  531  529
  521  514  505  498  490  485  483  458  473                                   
    12.5-180.0 180.0   5.0 450.0                            LAT/LON1/LON2/DLON/H
  465  469  452  434  409  391  370  353  336  328  313  310  301  298  285  280
  268  267  258  264  266  279  280  281  262  236  203  180  154  141  120  105
   91   86   93  104  131  160  191  215  239  266  289  308  330  351  375  393
  410  423  441  457  471  484  490  502  510  522  526  536  537  538  531  529
  519  516  508  504  497  492  484  461  465                                   
    10.0-180.0 180.0   5.0 450.0                            LAT/LON1/LON2/DLON/H
  457  458  437  414  394  374  359  342  329  324  316  316  311  309  298  291
  281  275  267  266  264  273  268  264  243  207  180  152  136  121  104   91
   77   76   80   94  114  153  182  211  237  263  292  312  341  361  390  406
  424  436  452  465  477  486  491  504  516  530  534  544  544  545  537  533
  525  520  513  510  503  496  488  465  457                                   
     7.5-180.0 180.0   5.0 450.0                            LAT/LON1/LON2/DLON/H
  450  447  423  400  375  360  341  330  315  316  309  313  312  312  303  294
  285  282  271  268  261  261  252  241  213  184  149  130  108  100   86   76
