data/unet/pred1620.15i
     1.0            IONOSPHERE MAPS     GNSS                IONEX VERSION / TYPE
pyspatialgeodesy        IME             05-JAN-18 20:20     PGM / RUN BY / DATE 
Map Name                                                    COMMENT             
Predicted global ionosphere maps (GIM).                     DESCRIPTION         
  2015     6    11     0     0     0                        EPOCH OF FIRST MAP  
  2015     6    12     0     0     0                        EPOCH OF LAST MAP   
  7200                                                      INTERVAL            
    13                                                      # OF MAPS IN FILE   
  NONE                                                      MAPPING FUNCTION    
10.0                                                        ELEVATION CUTOFF    
One-way carrier phase leveled to code                       OBSERVABLES USED    
  6371.0                                                    BASE RADIUS         
 2                                                          MAP DIMENSION       
   450.0 450.0   0.0                                        HGT1 / HGT2 / DHGT  
    87.5 -87.5  -2.5                                        LAT1 / LAT2 / DLAT  
  -180.0 180.0   5.0                                        LON1 / LON2 / DLON  
    -1                                                      EXPONENT            
                                                            END OF HEADER       
[from data line 5148]
    13                                                      START OF TEC MAP    
  2015     6    12     0     0     0                        EPOCH OF CURRENT MAP
    87.5-180.0 180.0   5.0 450.0                            LAT/LON1/LON2/DLON/H
  209  192  196  198  199  197  199  198  201  200  201  200  201  199  199  197
  196  193  191  188  185  182  179  175  173  171  170  167  167  165  165  162
  163  161  162  160  161  160  161  160  161  161  163  163  165  165  166  166
  169  169  171  172  174  175  177  178  181  182  183  183  185  186  187  187
  189  189  189  188  191  188  185  200  209                                   
    85.0-180.0 180.0   5.0 450.0                            LAT/LON1/LON2/DLON/H
  193  200  206  209  209  207  209  209  210  210  210  209  209  208  207  205
  203  201  199  195  192  188  185  181  179  175  173  169  169  165  165  162
  162  160  160  158  159  158  159  158  160  160  162  163  165  166  168  169
  172  173  176  177  180  182  184  186  188  190  191  192  193  195  195  196
  197  198  198  199  201  197  195  186  193                                   
    82.5-180.0 180.0   5.0 450.0                            LAT/LON1/LON2/DLON/H
  202  207  210  214  213  212  213  213  214  214  214  214  213  212  210  208
  205  202  199  195  192  187  184  179  176  171  169  165  163  158  157  153
  154  151  152  150  152  150  153  152  155  155  159  159  163  164  168  168
  173  174  179  179  184  184  188  188  192  191  194  193  197  196  198  196
  199  198  202  201  206  202  199  196  202                                   
    80.0-180.0 180.0   5.0 450.0                            LAT/LON1/LON2/DLON/H
  207  212  214  218  217  218  218  220  220  221  221  221  219  219  216  215
  211  209  204  203  197  195  189  187  180  177  172  168  163  160  156  153
  151  150  150  150  150  151  152  154  156  158  161  164  167  170  173  176
  179  182  185  188  190  192  194  196  197  198  199  200  201  202  202  203
  203  205  207  208  211  210  207  207  207                                   
    77.5-180.0 180.0   5.0 450.0                            LAT/LON1/LON2/DLON/H
  207  211  212  215  215  216  219  220  222  224  225  226  224  223  221  219
  215  212  208  205  200  197  192  189  184  180  175  170  165  161  157  154
  152  152  152  153  154  157  158  161  162  166  168  172  174  179  181  185
  188  191  194  197  199  201  202  204  204  205  204  205  204  206  204  205
  204  205  206  207  209  208  208  210  207                                   
    75.0-180.0 180.0   5.0 450.0                            LAT/LON1/LON2/DLON/H
  205  208  209  211  211  212  216  217  221  223  226  226  226  225  222  219
  215  211  207  203  199  195  191  186  181  176  172  166  163  158  156  154
  154  154  156  157  160  162  165  168  171  173  177  179  183  186  190  192
  196  198  202  204  206  207  208  208  208  208  207  207  206  206  205  205
  205  205  206  206  209  208  208  210  205                                   
    72.5-180.0 180.0   5.0 450.0                            LAT/LON1/LON2/DLON/H
  203  204  204  205  205  205  210  213  218  221  225  226  227  225  222  218
  214  209  204  200  196  191  187  182  177  171  167  162  159  156  154  154
  154  156  159  161  164  167  170  172  174  177  179  182  185  188  192  196
  199  202  204  206  208  208  208  207  207  206  205  204  204  204  203  202
  201  202  203  203  206  207  208  211  203                                   
    70.0-180.0 180.0   5.0 450.0                            LAT/LON1/LON2/DLON/H
  200  201  201  200  200  200  206  209  216  219  224  226  227  225  222  218
  213  207  202  197  193  188  185  179  174  168  164  159  157  155  155  156
  158  160  164  166  169  171  174  175  177  178  181  182  187  189  195  198
  202  204  208  209  211  210  210  209  207  206  205  204  204  204  204  203
  203  203  205  205  208  209  210  211  200                                   
    67.5-180.0 180.0   5.0 450.0                            LAT/LON1/LON2/DLON/H
  202  202  199  198  196  196  201  205  212  218  224  228  229  228  224  220
  214  207  202  195  191  185  181  175  169  163  160  155  154  153  154  156
  159  162  166  169  171  172  173  174  173  173  175  177  181  186  191  196
  200  204  207  209  211  210  210  208  208  206  205  204  205  205  205  205
  205  206  207  209  212  214  213  214  202                                   
    65.0-180.0 180.0   5.0 450.0                            LAT/LON1/LON2/DLON/H
  205  204  201  197  195  193  198  202  210  217  225  230  232  232  229  224
  218  211  204  198  192  186  181  175  169  163  159  156  154  154  156  159
  162  165  168  169  171  170  171  168  168  166  168  169  175  179  186  190
  197  201  206  209  211  212  212  212  211  210  209  208  209  208  209  208
  209  210  212  214  219  220  219  219  205                                   
    62.5-180.0 180.0   5.0 450.0                            LAT/LON1/LON2/DLON/H
  214  210  204  200  196  194  197  201  209  217  226  233  237  237  235  230
  224  216  209  201  196  188  183  177  172  166  162  158  157  157  159  161
  163  165  167  167  167  165  163  161  159  157  158  160  165  170  177  184
  191  196  203  206  211  213  215  216  216  216  215  214  215  214  214  214
  215  215  218  221  227  229  227  226  214                                   
    60.0-180.0 180.0   5.0 450.0                            LAT/LON1/LON2/DLON/H
  221  216  211  205  201  196  198  200  209  216  225  233  238  241  239  235
  229  223  215  207  200  194  188  184  179  175  170  168  165  165  165  167
  168  167  168  165  164  159  158  153  151  148  150  151  157  161  170  176
  184  190  199  204  211  215  218  223  223  224  223  222  222  221  222  221
  222  223  226  230  237  239  237  236  221                                   
    57.5-180.0 180.0   5.0 450.0                            LAT/LON1/LON2/DLON/H
  233  225  219  213  206  202  201  203  209  216  224  232  238  242  242  240
  236  229  222  214  208  201  197  193  190  186  183  179  176  174  173  171
  170  167  165  160  157  152  150  146  145  143  144  145  149  154  162  169
  178  186  195  202  211  217  224  230  234  237  237  237  236  235  234  233
  234  235  237  241  249  251  248  248  233                                   
    55.0-180.0 180.0   5.0 450.0                            LAT/LON1/LON2/DLON/H
  243  235  231  225  217  211  210  209  213  217  223  230  236  241  243  243
  240  235  228  221  216  211  207  205  203  201  197  194  189  186  182  178
  175  169  165  159  156  151  149  146  145  142  143  143  147  150  158  165
  174  183  194  201  212  221  231  240  246  252  254  255  253  252  250  249
  249  250  251  255  262  263  260  262  243                                   
    52.5-180.0 180.0   5.0 450.0                            LAT/LON1/LON2/DLON/H
  259  248  247  242  235  228  224  222  222  223  225  229  233  238  242  244
  244  239  235  229  225  221  219  218  217  215  212  207  202  195  189  183
  178  170  164  158  155  152  152  150  150  148  148  147  149  151  157  163
  172  181  192  202  215  225  241  253  264  272  278  278  277  274  272  270
  270  269  270  272  279  278  275  278  259                                   
    50.0-180.0 180.0   5.0 450.0                            LAT/LON1/LON2/DLON/H
  274  268  268  263  257  251  247  243  240  236  233  231  233  237  240  243
  244  242  238  235  233  232  231  231  231  228  224  218  211  202  195  186
  182  173  169  161  161  160  161  160  161  158  157  155  154  154  159  163
  170  178  190  200  216  229  248  266  281  293  298  300  299  295  292  290
  289  289  289  292  297  295  290  296  274                                   
    47.5-180.0 180.0   5.0 450.0                            LAT/LON1/LON2/DLON/H
  294  287  289  286  282  277  273  268  262  255  246  241  238  239  241  243
  245  243  243  241  242  242  243  243  243  239  234  226  217  207  198  190
  184  177  172  167  168  168  172  172  173  170  168  164  162  160  163  164
  170  176  189  200  217  232  257  278  299  312  321  322  321  317  314  310
  310  309  310  312  317  313  308  312  294                                   
    45.0-180.0 180.0   5.0 450.0                            LAT/LON1/LON2/DLON/H
  310  309  310  309  307  305  302  299  292  282  269  258  251  249  248  249
  249  248  248  250  252  255  256  256  255  249  243  233  223  210  202  192
  189  183  182  179  183  185  189  190  190  186  182  177  173  169  168  167
  170  175  186  197  216  233  261  287  311  330  341  344  343  339  333  332
  329  331  331  336  339  335  328  332  310                                   
    42.5-180.0 180.0   5.0 450.0                            LAT/LON1/LON2/DLON/H
  325  324  327  328  328  328  327  325  320  310  295  281  270  264  260  257
  257  255  256  258  263  265  267  265  262  255  248  238  227  214  205  198
  195  192  193  193  198  202  209  209  210  204  200  192  187  180  178  174
  176  178  188  199  219  237  267  292  322  343  358  362  362  357  354  349
  349  349  352  357  362  356  348  347  325                                   
    40.0-180.0 180.0   5.0 450.0                            LAT/LON1/LON2/DLON/H
  339  346  348  350  350  351  351  352  350  341  326  312  297  288  279  275
  270  268  267  270  275  278  279  275  271  262  256  244  234  220  212  205
  206  204  209  211  218  223  229  230  230  224  219  211  204  194  189  182
  182  182  192  201  221  240  269  297  329  353  370  379  379  377  373  370
  367  368  371  377  385  380  373  365  339                                   
    37.5-180.0 180.0   5.0 450.0                            LAT/LON1/LON2/DLON/H
  353  364  367  368  369  368  370  371  371  363  351  337  325  312  302  292
  288  282  282  283  288  288  288  282  277  268  261  250  240  228  221  217
  218  219  225  228  237  240  248  248  251  245  240  229  221  208  202  193
  192  191  199  208  226  243  271  298  331  354  375  382  386  382  382  376
  376  376  381  387  399  396  390  377  353                                   
    35.0-180.0 180.0   5.0 450.0                            LAT/LON1/LON2/DLON/H
  368  386  389  388  389  386  389  389  392  385  376  364  354  342  328  317
  308  302  298  300  302  302  299  293  288  279  274  263  254  241  236  232
  235  238  244  247  253  256  262  263  267  264  260  249  238  223  214  203
  201  198  206  212  229  245  269  296  327  353  376  388  393  394  393  390
  387  387  390  398  412  411  411  394  368                                   
    32.5-180.0 180.0   5.0 450.0                            LAT/LON1/LON2/DLON/H
  382  399  404  405  406  401  404  404  407  402  394  385  377  365  353  339
  329  320  317  316  317  314  310  303  298  290  286  278  269  259  252  249
  251  252  258  259  264  263  269  269  277  275  275  263  251  235  224  212
  208  205  210  216  230  244  266  286  316  340  364  375  386  387  392  389
  390  388  393  401  417  420  422  407  382                                   
    30.0-180.0 180.0   5.0 450.0                            LAT/LON1/LON2/DLON/H
  395  414  418  418  420  414  418  418  424  419  415  408  403  393  379  366
  352  343  334  332  329  326  323  317  314  306  303  294  287  276  268  262
  261  262  264  266  266  266  270  272  279  281  282  274  260  244  231  218
  212  208  212  215  227  239  259  279  307  331  356  369  383  389  397  398
  398  397  401  410  429  430  439  423  395                                   
    27.5-180.0 180.0   5.0 450.0                            LAT/LON1/LON2/DLON/H
  406  424  429  431  432  430  434  436  441  439  436  431  427  417  405  390
  376  362  353  346  342  337  334  329  327  319  313  304  294  283  272  263
  259  257  259  258  258  256  261  264  274  278  282  274  261  243  230  216
  209  204  205  206  218  229  250  271  297  319  340  353  366  376  388  392
  397  399  404  414  431  437  444  434  406                                   
    25.0-180.0 180.0   5.0 450.0                            LAT/LON1/LON2/DLON/H
  420  435  443  446  452  451  458  460  466  465  465  461  458  450  438  423
  404  388  371  361  353  348  346  342  339  329  322  307  296  279  265  250
  244  241  241  241  237  239  242  250  260  268  274  267  253  235  221  209
  200  194  191  194  202  214  237  262  290  313  334  348  364  375  391  399
  406  409  415  425  444  446  459  447  420                                   
    22.5-180.0 180.0   5.0 450.0                            LAT/LON1/LON2/DLON/H
  431  448  461  468  475  478  485  488  493  493  492  489  486  479  468  451
  431  411  391  376  367  361  358  352  346  334  319  301  283  264  245  229
  221  216  215  213  210  212  215  225  236  246  252  246  235  216  204  191
  185  179  177  176  186  198  223  249  279  303  324  340  356  371  387  399
  408  415  421  431  449  453  462  456  431                                   
    20.0-180.0 180.0   5.0 450.0                            LAT/LON1/LON2/DLON/H
  449  464  477  487  499  506  515  520  524  525  523  521  517  510  498  482
  461  439  413  394  382  375  370  361  352  330  311  287  266  243  223  207
  199  192  188  183  181  183  187  197  206  215  221  215  205  191  181  174
  167  164  160  162  169  185  209  237  268  295  319  339  359  376  396  409
  419  426  434  443  462  462  475  464  449                                   
    17.5-180.0 180.0   5.0 450.0                            LAT/LON1/LON2/DLON/H
  466  479  494  505  516  528  537  545  551  552  551  548  544  537  523  507
  486  462  436  415  399  390  381  369  350  325  295  267  244  220  202  189
  179  168  161  156  154  156  162  170  176  183  185  182  175  166  160  155
  152  148  147  147  157  172  199  225  258  287  315  338  361  380  399  414
  425  434  443  456  471  473  475  471  466                                   
    15.0-180.0 180.0   5.0 450.0                            LAT/LON1/LON2/DLON/H
  486  497  502  512  525  537  549  559  566  570  571  569  567  558  547  527
  507  483  457  432  414  399  387  368  343  307  276  243  220  199  184  171
  160  149  145  140  138  139  145  151  155  157  157  154  150  144  141  138
  136  134  134  136  148  165  191  220  254  285  316  342  368  387  407  422
  436  448  462  472  488  483  490  481  486                                   
    12.5-180.0 180.0   5.0 450.0                            LAT/LON1/LON2/DLON/H
  508  512  514  519  526  538  547  559  567  574  577  579  579  573  560  542
  521  499  474  450  426  408  387  363  329  288  252  220  200  184  171  161
  152  144  140  136  133  135  137  140  137  135  133  131  129  127  127  125
  126  123  124  127  141  160  187  217  254  286  319  348  374  393  412  427
  443  460  474  488  499  499  497  494  508                                   
    10.0-180.0 180.0   5.0 450.0                            LAT/LON1/LON2/DLON/H
  529  533  527  526  530  537  544  552  560  566  572  576  579  574  565  548
  531  508  485  458  432  405  379  347  307  264  227  199  183  170  161  156
  152  149  148  146  146  147  147  143  136  128  122  118  120  119  120  118
  118  116  117  122  135  156  183  215  254  289  322  352  380  401  419  433
  450  465  485  497  512  509  520  511  529                                   
     7.5-180.0 180.0   5.0 450.0                            LAT/LON1/LON2/DLON/H
  551  552  547  543  537  541  540  546  550  555  560  567  571  570  561  549
  532  515  490  464  431  402  367  328  284  239  203  179  167  160  159  158
