data/unet/pred3060.15i
     1.0            IONOSPHERE MAPS     GNSS                IONEX VERSION / TYPE
pyspatialgeodesy        IME             05-JAN-18 20:20     PGM / RUN BY / DATE 
Map Name                                                    COMMENT             
Predicted global ionosphere maps (GIM).                     DESCRIPTION         
  2015    11     2     0     0     0                        EPOCH OF FIRST MAP  
  2015    11     3     0     0     0                        EPOCH OF LAST MAP   
  7200                                                      INTERVAL            
    13                                                      # OF MAPS IN FILE   
  NONE                                                      MAPPING FUNCTION    
10.0                                                        ELEVATION CUTOFF    
One-way carrier phase leveled to code                       OBSERVABLES USED    
  6371.0                                                    BASE RADIUS         
 2                                                          MAP DIMENSION       
   450.0 450.0   0.0                                        HGT1 / HGT2 / DHGT  
    87.5 -87.5  -2.5                                        LAT1 / LAT2 / DLAT  
  -180.0 180.0   5.0                                        LON1 / LON2 / DLON  
    -1                                                      EXPONENT            
                                                            END OF HEADER       
[from data line 3003]
     8                                                      START OF TEC MAP    
  2015    11     2    14     0     0                        EPOCH OF CURRENT MAP
    87.5-180.0 180.0   5.0 450.0                            LAT/LON1/LON2/DLON/H
   80   90  100   98  101   98  103  100  105  103  107  105  110  108  112  109
  113  111  114  111  114  112  114  111  113  110  111  108  110  107  107  105
  105  103  102  101   99   98   95   96   93   93   89   91   87   89   85   88
   84   86   83   86   84   86   84   87   86   89   87   91   90   92   91   94
   94   96   95   98   97   98  103   86   80                                   
    85.0-180.0 180.0   5.0 450.0                            LAT/LON1/LON2/DLON/H
   80   94   89   93   94   98   99  102  103  106  107  110  112  113  115  117
  118  118  118  119  119  119  117  118  116  115  112  111  110  107  104  101
   99   94   92   88   87   83   81   77   77   73   73   69   71   68   70   67
   70   68   72   69   74   72   76   74   78   76   80   78   82   81   84   83
   86   85   87   86   90   90   93   86   80                                   
    82.5-180.0 180.0   5.0 450.0                            LAT/LON1/LON2/DLON/H
   79   73   78   84   83   88   88   92   92   95   96  101  102  105  107  110
  111  114  114  117  117  119  118  120  119  120  116  118  112  112  105  103
   96   92   85   81   73   70   63   60   55   52   50   48   48   46   49   47
   51   48   54   51   58   54   60   56   63   60   64   63   66   66   67   69
   69   72   71   75   71   75   76   70   79                                   
    80.0-180.0 180.0   5.0 450.0                            LAT/LON1/LON2/DLON/H
   61   58   57   64   64   68   69   73   72   76   76   82   83   87   88   94
   95  101  101  109  107  113  110  117  113  117  113  116  111  110  104  102
   94   89   81   76   66   61   53   49   43   41   37   37   36   37   37   40
   42   43   46   48   50   51   52   53   54   54   54   55   55   56   55   56
   56   57   56   58   55   56   58   53   61                                   
    77.5-180.0 180.0   5.0 450.0                            LAT/LON1/LON2/DLON/H
   48   46   44   47   47   50   51   53   54   56   59   63   66   68   72   76
   79   84   89   95   99  104  108  112  113  115  116  119  117  116  112  109
  101   95   85   78   67   59   51   46   40   36   35   33   34   34   37   40
   42   45   47   50   53   55   56   57   57   56   56   55   55   54   53   53
   51   51   50   49   47   46   47   39   48                                   
    75.0-180.0 180.0   5.0 450.0                            LAT/LON1/LON2/DLON/H
   41   39   36   35   39   38   41   39   43   42   46   47   52   52   58   60
   67   70   79   83   92   97  105  109  113  116  120  122  122  121  119  115
  111  103   94   86   75   66   56   49   43   38   36   35   37   37   42   43
   47   48   52   54   57   58   60   59   60   59   60   57   57   55   54   51
   51   49   48   46   45   43   47   33   41                                   
    72.5-180.0 180.0   5.0 450.0                            LAT/LON1/LON2/DLON/H
   43   42   38   37   37   35   38   35   37   36   38   40   43   45   50   55
   59   66   73   83   91  100  108  115  120  126  129  134  134  135  133  131
  127  121  113  104   94   84   75   67   59   54   51   50   51   51   52   56
   56   59   60   63   62   64   62   64   63   63   63   62   60   59   57   56
   54   53   52   52   50   49   48   39   43                                   
    70.0-180.0 180.0   5.0 450.0                            LAT/LON1/LON2/DLON/H
   47   48   43   41   41   39   40   38   39   37   39   40   43   43   49   52
   58   63   73   84   96  107  117  126  132  138  142  146  149  149  147  145
  143  137  132  123  114  103   93   84   76   70   65   63   64   63   64   64
   64   64   62   63   61   60   59   61   60   62   62   63   62   61   60   58
   58   56   57   56   57   56   56   45   47                                   
    67.5-180.0 180.0   5.0 450.0                            LAT/LON1/LON2/DLON/H
   53   55   51   49   46   42   42   40   40   38   40   42   44   46   50   56
   60   69   77   94  106  118  129  139  145  151  155  159  160  162  161  162
  159  156  150  144  134  126  115  107   97   90   85   81   79   77   77   75
   72   69   64   62   57   55   51   53   52   55   56   58   58   58   58   57
   57   58   59   61   63   63   60   55   53                                   
    65.0-180.0 180.0   5.0 450.0                            LAT/LON1/LON2/DLON/H
   57   59   51   50   48   45   45   43   43   41   43   44   47   48   54   57
   64   73   86  101  114  128  139  149  156  160  163  167  169  172  173  175
  176  173  168  161  154  143  134  124  115  105   97   91   88   84   81   76
   70   65   57   51   46   41   39   39   40   44   45   49   50   52   52   53
   53   55   57   59   63   65   62   58   57                                   
    62.5-180.0 180.0   5.0 450.0                            LAT/LON1/LON2/DLON/H
   53   57   50   49   45   42   42   40   41   40   42   44   47   51   56   60
   66   77   90  106  120  133  146  155  162  167  169  174  175  178  181  182
  185  181  177  171  164  155  146  138  128  119  108  101   95   89   84   75
   68   58   53   44   38   32   28   30   30   34   37   42   43   45   46   46
   47   47   50   55   58   61   59   59   53                                   
    60.0-180.0 180.0   5.0 450.0                            LAT/LON1/LON2/DLON/H
   52   50   43   42   41   39   39   37   38   36   39   41   46   48   55   59
   69   79   94  108  124  136  149  159  166  169  173  176  179  182  188  189
  194  190  188  179  175  164  158  147  139  128  117  107  101   91   83   73
   63   54   45   37   31   23   21   21   24   27   32   37   39   41   40   40
   40   40   43   46   51   54   55   55   52                                   
    57.5-180.0 180.0   5.0 450.0                            LAT/LON1/LON2/DLON/H
   47   44   36   36   34   31   32   31   31   30   32   36   40   47   53   60
   69   80   95  110  124  138  151  162  167  173  175  181  183  190  194  197
  199  196  190  185  178  171  165  157  148  138  127  116  108   97   89   76
   69   55   50   38   34   26   24   23   25   29   33   39   41   42   42   39
   38   37   40   43   47   48   49   50   47                                   
    55.0-180.0 180.0   5.0 450.0                            LAT/LON1/LON2/DLON/H
   50   40   35   32   34   31   31   27   29   26   29   31   37   43   53   59
   71   82   97  109  125  137  153  162  170  174  179  185  191  197  203  204
  210  203  199  190  186  179  173  165  159  148  138  125  117  104   95   82
   73   64   56   48   43   35   33   31   34   37   42   47   49   49   47   43
   41   38   40   41   46   46   51   53   50                                   
    52.5-180.0 180.0   5.0 450.0                            LAT/LON1/LON2/DLON/H
   54   46   38   39   37   34   34   31   29   27   28   32   36   45   56   64
   76   87  103  117  130  144  155  166  171  179  181  193  197  207  209  215
  215  210  201  196  191  187  182  177  170  161  152  140  131  118  108   97
   89   77   73   65   61   54   51   50   50   55   58   62   63   63   60   56
   51   48   48   50   53   53   58   57   54                                   
    50.0-180.0 180.0   5.0 450.0                            LAT/LON1/LON2/DLON/H
   70   57   53   50   52   48   46   40   38   33   34   35   42   48   61   70
   86   95  112  122  138  147  160  167  176  180  189  198  207  213  219  222
  224  217  210  203  201  195  193  186  184  174  166  152  146  132  123  112
  104   96   90   83   80   73   70   68   71   74   77   81   82   81   79   72
   70   63   64   62   66   64   72   73   70                                   
    47.5-180.0 180.0   5.0 450.0                            LAT/LON1/LON2/DLON/H
   83   78   70   71   69   65   63   57   54   48   46   46   51   57   69   82
   97  110  124  138  150  160  167  178  182  191  194  207  211  220  221  227
  223  220  213  211  208  207  204  200  195  187  180  169  160  148  140  128
  120  112  107  101   95   88   84   83   85   90   92   97   96   98   95   92
   87   81   81   80   84   84   94   88   83                                   
    45.0-180.0 180.0   5.0 450.0                            LAT/LON1/LON2/DLON/H
  101   97   91   88   90   84   82   74   69   63   62   60   67   69   84   95
  114  123  139  147  161  168  178  185  192  198  205  211  217  220  223  225
  223  219  217  216  217  215  214  208  206  195  190  176  171  156  150  137
  130  121  114  109  102   95   89   89   91   96  100  106  107  110  110  105
  104   96   97   93   98   96  105  108  101                                   
    42.5-180.0 180.0   5.0 450.0                            LAT/LON1/LON2/DLON/H
  109  113  106  107  107   98   99   91   90   82   82   78   84   86   99  112
  127  139  150  164  173  184  189  198  200  209  210  217  216  219  217  219
  216  215  219  222  226  226  225  219  214  203  197  185  177  165  157  143
  132  121  112  106   96   88   82   81   86   92   98  105  105  110  109  109
  105  102  102  102  108  108  121  115  109                                   
    40.0-180.0 180.0   5.0 450.0                            LAT/LON1/LON2/DLON/H
  115  119  115  113  115  109  108  101  100   96   95   92   99   99  115  123
  141  148  163  174  187  195  202  208  213  215  217  220  221  219  217  215
  215  217  224  230  238  239  239  229  224  208  201  187  182  167  159  142
  129  116  107   97   89   78   74   73   79   88   94  101  102  106  109  107
  107  102  103  102  107  110  116  115  115                                   
    37.5-180.0 180.0   5.0 450.0                            LAT/LON1/LON2/DLON/H
  108  114  111  114  114  109  111  105  107  104  108  105  112  113  127  136
  150  161  172  188  197  208  212  219  219  224  220  225  220  220  214  217
  219  227  238  249  258  262  259  247  236  219  208  194  186  172  162  144
  130  115  104   94   82   73   69   69   78   85   93   99   96   98   97   99
   96   96   93   96   99  103  110  106  108                                   
    35.0-180.0 180.0   5.0 450.0                            LAT/LON1/LON2/DLON/H
   98   99  101  100  106  102  104  100  105  106  110  112  119  123  138  146
  162  168  184  195  205  214  219  224  225  227  225  227  224  223  222  227
  236  249  263  277  287  291  285  270  255  234  221  204  197  181  173  153
  142  127  117  105   94   84   79   79   88   97  103  106  103  100   99   95
   94   90   88   87   88   89   95   91   98                                   
    32.5-180.0 180.0   5.0 450.0                            LAT/LON1/LON2/DLON/H
   82   83   82   90   87   89   90   90   94   99  107  112  122  126  143  151
  168  178  191  204  213  220  224  229  227  231  227  231  227  230  233  246
  261  282  300  317  326  329  320  301  282  259  243  227  216  202  192  173
  163  153  147  137  127  116  110  111  117  123  126  127  120  116  106   99
   92   87   80   80   77   75   76   77   82                                   
    30.0-180.0 180.0   5.0 450.0                            LAT/LON1/LON2/DLON/H
   74   68   69   73   77   76   80   77   86   90  102  109  119  129  148  160
  176  186  200  213  220  227  228  231  231  235  234  239  240  248  257  275
  298  324  347  364  373  375  363  341  320  297  280  265  252  241  230  217
  208  202  200  195  188  178  169  166  167  166  164  160  152  143  134  122
  109   99   89   83   75   67   67   62   74                                   
    27.5-180.0 180.0   5.0 450.0                            LAT/LON1/LON2/DLON/H
   71   61   57   64   63   67   66   69   73   81   89  102  114  126  145  159
  179  192  208  220  229  233  233  235  233  240  241  253  255  271  283  310
  336  367  390  410  417  416  404  386  367  348  330  319  307  299  288  281
  272  275  277  278  271  260  248  241  237  228  217  210  195  185  168  153
  139  125  113  103   91   79   65   71   71                                   
    25.0-180.0 180.0   5.0 450.0                            LAT/LON1/LON2/DLON/H
   79   66   57   60   61   63   65   64   71   75   86   95  110  123  146  163
  186  198  215  229  235  240  237  240  237  244  251  267  280  301  322  348
  380  410  434  452  456  455  441  427  411  399  383  375  364  362  353  352
  347  361  363  368  359  350  338  325  313  293  276  261  241  228  208  189
  173  165  147  137  119  101   85   71   79                                   
    22.5-180.0 180.0   5.0 450.0                            LAT/LON1/LON2/DLON/H
   86   85   68   66   63   66   67   66   69   74   80   92  103  123  145  166
  189  204  221  233  241  248  244  247  244  254  265  290  307  335  357  390
  418  448  467  483  485  482  474  464  457  450  441  435  429  424  418  411
  412  417  428  425  420  397  385  356  349  317  303  280  265  242  226  216
  202  192  181  166  152  136  118  103   86                                   
    20.0-180.0 180.0   5.0 450.0                            LAT/LON1/LON2/DLON/H
  109   98   76   76   72   76   72   73   71   75   82   92  106  125  150  170
  194  210  226  239  246  254  250  255  251  267  282  314  338  365  394  417
  447  471  492  500  499  497  494  495  494  496  488  488  480  478  470  466
  463  469  471  461  449  426  412  384  371  341  324  305  284  265  243  234
  226  219  212  202  187  170  156  125  109                                   
    17.5-180.0 180.0   5.0 450.0                            LAT/LON1/LON2/DLON/H
  129  120   90   81   83   84   82   80   81   82   88   97  112  133  156  180
  199  215  231  242  252  257  258  262  264  284  306  340  364  393  423  450
  474  496  510  517  515  516  519  525  531  535  531  527  523  518  512  503
  498  496  487  472  458  436  422  395  385  356  348  326  310  287  269  256
  241  237  235  227  217  199  189  165  129                                   
    15.0-180.0 180.0   5.0 450.0                            LAT/LON1/LON2/DLON/H
  155  135  101   91   86   93   91   91   84   89   89   96  115  135  164  183
  207  220  239  248  258  263  268  274  283  308  332  365  389  416  450  473
  497  511  523  526  523  528  534  548  557  563  556  552  545  537  528  515
  502  491  478  457  439  415  401  379  373  352  346  332  318  299  276  258
  247  246  245  239  234  217  206  185  155                                   
    12.5-180.0 180.0   5.0 450.0                            LAT/LON1/LON2/DLON/H
  163  151  116   98   90   88   93   93   90   90   98  106  125  151  177  202
  220  239  254  268  272  279  281  291  304  327  356  380  410  445  477  498
  517  529  536  541  541  551  556  574  580  588  576  569  556  543  524  504
  482  463  440  419  397  373  355  343  339  332  318  311  293  284  263  255
  245  242  245  237  234  223  214  199  163                                   
    10.0-180.0 180.0   5.0 450.0                            LAT/LON1/LON2/DLON/H
  170  157  121  107   92   87   84   92   89   95   96  107  127  152  182  206
  231  253  271  286  292  296  301  313  327  356  381  403  436  464  494  507
  523  532  539  544  547  558  567  583  591  594  580  566  549  530  509  484
  452  424  392  365  339  317  305  298  295  294  290  288  276  269  254  246
  239  238  239  231  226  218  208  193  170                                   
     7.5-180.0 180.0   5.0 450.0                            LAT/LON1/LON2/DLON/H
  162  163  126  106   94   80   82   83   91   91  102  111  138  165  195  222
  244  276  289  312  312  325  318  337  342  372  398  424  460  488  509  520
