data/unet/pred1630.15i
     1.0            IONOSPHERE MAPS     GNSS                IONEX VERSION / TYPE
pyspatialgeodesy        IME             05-JAN-18 20:20     PGM / RUN BY / DATE 
Map Name                                                    COMMENT             
Predicted global ionosphere maps (GIM).                     DESCRIPTION         
  2015     6    12     0     0     0                        EPOCH OF FIRST MAP  
  2015     6    13     0     0     0                        EPOCH OF LAST MAP   
  7200                                                      INTERVAL            
    13                                                      # OF MAPS IN FILE   
  NONE                                                      MAPPING FUNCTION    
10.0                                                        ELEVATION CUTOFF    
One-way carrier phase leveled to code                       OBSERVABLES USED    
  6371.0                                                    BASE RADIUS         
 2                                                          MAP DIMENSION       
   450.0 450.0   0.0                                        HGT1 / HGT2 / DHGT  
    87.5 -87.5  -2.5                                        LAT1 / LAT2 / DLAT  
  -180.0 180.0   5.0                                        LON1 / LON2 / DLON  
    -1                                                      EXPONENT            
                                                            END OF HEADER       
[from data line 3432]
     9                                                      START OF TEC MAP    
  2015     6    12    16     0     0                        EPOCH OF CURRENT MAP
    87.5-180.0 180.0   5.0 450.0                            LAT/LON1/LON2/DLON/H
  203  203  203  205  207  207  208  209  211  212  213  214  215  216  217  217
  217  215  215  213  212  210  209  206  205  203  203  201  202  200  201  200
  201  200  201  200  201  200  201  200  200  199  200  199  199  198  199  198
  198  198  199  199  201  201  202  203  204  204  205  205  206  206  207  206
  207  207  208  205  203  201  207  213  203                                   
    85.0-180.0 180.0   5.0 450.0                            LAT/LON1/LON2/DLON/H
  193  199  202  207  209  209  212  212  215  215  218  218  220  220  222  221
  222  221  222  220  219  217  216  214  212  211  209  209  207  207  205  204
  203  203  202  201  201  200  200  198  198  197  198  196  198  196  198  196
  197  197  199  198  201  201  203  202  205  204  207  204  208  205  208  205
  209  206  209  206  204  199  203  197  193                                   
    82.5-180.0 180.0   5.0 450.0                            LAT/LON1/LON2/DLON/H
  197  196  196  198  201  203  205  208  209  213  214  217  218  221  221  223
  222  223  222  222  220  219  216  215  211  211  206  206  202  203  199  199
  196  197  194  194  192  192  190  191  190  191  191  191  191  192  191  192
  191  193  193  195  196  198  198  199  199  200  200  200  200  200  201  200
  201  201  203  202  202  193  200  191  197                                   
    80.0-180.0 180.0   5.0 450.0                            LAT/LON1/LON2/DLON/H
  183  185  186  193  194  197  198  202  203  206  208  211  213  215  217  219
  218  220  219  221  219  219  216  216  212  212  208  208  203  203  198  198
  193  194  190  191  187  189  186  188  187  189  188  190  189  191  190  193
  192  195  194  197  196  198  197  199  197  198  195  197  194  196  193  195
  193  195  193  196  192  192  188  182  183                                   
    77.5-180.0 180.0   5.0 450.0                            LAT/LON1/LON2/DLON/H
  173  179  180  184  187  190  192  195  196  199  200  203  205  207  210  212
  213  214  216  217  218  217  217  216  214  211  210  206  203  199  197  193
  191  188  187  185  184  183  184  184  185  186  187  189  189  190  191  192
  193  194  195  197  196  197  197  197  195  195  192  192  189  189  186  187
  186  187  186  188  185  181  180  177  173                                   
    75.0-180.0 180.0   5.0 450.0                            LAT/LON1/LON2/DLON/H
  167  174  178  180  186  186  190  190  193  193  197  197  201  199  205  204
  209  209  214  214  218  217  220  218  218  215  213  209  206  201  198  194
  192  189  188  186  186  184  186  185  188  188  190  190  192  192  194  194
  196  195  198  197  198  198  198  197  196  195  192  191  189  188  186  185
  184  184  184  184  184  182  179  176  167                                   
    72.5-180.0 180.0   5.0 450.0                            LAT/LON1/LON2/DLON/H
  170  181  181  183  186  187  190  191  193  194  196  197  197  198  200  202
  205  208  212  215  218  221  224  224  225  223  221  217  213  207  203  197
  194  191  189  187  186  186  187  189  189  191  191  193  192  195  194  196
  195  198  198  200  199  201  199  200  196  196  190  191  186  187  183  184
  181  183  181  184  181  180  181  180  170                                   
    70.0-180.0 180.0   5.0 450.0                            LAT/LON1/LON2/DLON/H
  174  181  186  188  192  191  195  194  196  195  198  195  197  194  199  198
  205  205  214  215  224  225  231  231  233  230  229  224  219  213  208  203
  199  195  193  191  190  189  191  191  192  192  193  192  193  192  194  194
  196  197  200  200  202  202  203  201  200  197  194  191  190  188  186  184
  183  183  183  184  185  184  185  183  174                                   
    67.5-180.0 180.0   5.0 450.0                            LAT/LON1/LON2/DLON/H
  184  193  194  195  199  199  202  201  203  201  201  200  199  200  200  203
  205  210  215  221  228  232  238  240  242  240  238  233  228  221  215  208
  202  198  195  193  191  191  192  193  192  194  193  194  191  192  191  193
  193  197  199  203  203  206  204  205  200  199  193  193  189  189  184  185
  181  184  182  187  186  187  190  188  184                                   
    65.0-180.0 180.0   5.0 450.0                            LAT/LON1/LON2/DLON/H
  190  195  201  204  209  209  211  209  211  206  208  203  205  201  205  204
  210  212  221  224  235  238  245  245  248  246  245  240  235  229  223  216
  211  206  203  199  198  197  198  197  198  197  197  195  194  192  192  191
  194  196  202  204  208  208  209  207  205  201  198  195  194  192  190  187
  186  186  186  188  192  193  195  191  190                                   
    62.5-180.0 180.0   5.0 450.0                            LAT/LON1/LON2/DLON/H
  197  204  208  211  215  217  219  219  218  215  214  212  210  210  210  212
  214  218  225  229  238  243  249  251  253  251  250  246  242  237  231  225
  218  213  209  205  203  202  202  202  201  201  199  199  195  194  192  194
  195  201  204  211  214  218  217  216  211  207  202  200  197  195  191  191
  187  189  186  191  190  193  198  193  197                                   
    60.0-180.0 180.0   5.0 450.0                            LAT/LON1/LON2/DLON/H
  194  202  207  212  219  219  223  221  222  218  219  215  216  212  216  215
  220  221  229  231  240  243  251  251  254  252  252  250  247  244  238  233
  227  221  217  213  211  208  209  209  208  208  207  206  204  202  201  201
  203  206  212  216  222  223  224  222  217  213  206  204  201  200  195  192
  189  188  186  187  190  192  196  192  194                                   
    57.5-180.0 180.0   5.0 450.0                            LAT/LON1/LON2/DLON/H
  192  203  208  213  217  219  221  223  223  222  221  219  219  219  220  222
  225  226  231  232  238  241  247  250  254  253  253  251  250  246  243  237
  233  226  223  218  216  214  214  214  214  215  215  214  212  210  209  209
  209  214  218  224  228  232  231  231  225  221  213  211  206  202  195  192
  186  185  179  182  180  183  188  184  192                                   
    55.0-180.0 180.0   5.0 450.0                            LAT/LON1/LON2/DLON/H
  179  193  202  207  215  217  220  220  222  220  221  219  221  220  226  225
  231  229  232  231  236  237  244  248  254  255  255  255  252  251  246  244
  239  233  230  225  223  222  223  224  225  228  229  229  228  226  225  224
  224  227  230  234  238  240  240  239  232  229  219  217  208  206  197  194
  186  183  177  177  176  177  180  177  179                                   
    52.5-180.0 180.0   5.0 450.0                            LAT/LON1/LON2/DLON/H
  172  187  197  205  214  217  220  223  223  224  223  224  224  227  231  235
  238  238  237  235  236  237  242  247  254  256  257  255  254  251  251  246
  244  238  238  233  234  234  236  239  241  244  247  245  245  243  241  239
  238  240  240  244  245  249  248  248  242  239  229  226  215  211  200  195
  184  181  171  173  167  167  170  168  172                                   
    50.0-180.0 180.0   5.0 450.0                            LAT/LON1/LON2/DLON/H
  159  175  189  197  209  215  220  221  223  223  224  224  227  230  238  242
  248  246  246  241  241  239  246  251  259  260  261  259  256  255  252  251
  249  246  245  242  244  245  249  253  256  260  262  262  261  259  256  254
  251  252  252  253  255  256  255  254  248  246  235  233  221  218  207  201
  192  185  177  175  169  166  167  161  159                                   
    47.5-180.0 180.0   5.0 450.0                            LAT/LON1/LON2/DLON/H
  156  169  181  193  207  215  223  226  228  230  229  233  233  239  244  253
  257  259  256  251  248  248  253  258  265  266  266  261  259  253  253  250
  251  249  253  252  256  259  265  269  273  277  280  277  276  272  270  265
  262  260  258  257  257  257  256  257  253  252  243  241  229  224  213  207
  196  192  182  181  171  166  163  162  156                                   
    45.0-180.0 180.0   5.0 450.0                            LAT/LON1/LON2/DLON/H
  150  161  175  188  203  215  224  229  232  234  237  240  243  247  256  264
  271  272  270  265  262  261  267  272  277  278  275  271  264  260  256  257
  257  258  263  265  271  276  282  287  290  293  294  293  290  287  282  278
  272  269  264  261  258  258  256  259  256  257  248  249  236  234  224  217
  211  202  199  191  185  175  172  164  150                                   
    42.5-180.0 180.0   5.0 450.0                            LAT/LON1/LON2/DLON/H
  150  161  170  187  202  216  229  236  241  246  248  254  255  260  266  277
  283  289  285  283  276  278  280  286  290  290  286  280  273  266  262  262
  266  270  281  285  296  300  307  310  311  312  313  310  308  303  299  291
  286  279  272  266  261  260  259  262  259  261  255  255  244  244  233  227
  220  215  208  206  196  186  179  178  150                                   
    40.0-180.0 180.0   5.0 450.0                            LAT/LON1/LON2/DLON/H
  153  160  170  184  200  215  230  238  248  253  261  265  271  275  282  292
  299  304  303  300  296  297  300  305  307  305  300  295  286  281  277  279
  284  291  304  314  322  329  332  334  333  333  331  329  322  318  312  307
  299  291  281  273  266  264  262  266  265  268  262  266  255  256  246  242
  237  229  229  219  216  199  193  184  153                                   
    37.5-180.0 180.0   5.0 450.0                            LAT/LON1/LON2/DLON/H
  158  165  170  183  197  215  230  243  254  262  271  277  283  288  293  304
  312  320  319  320  315  318  319  322  321  318  313  307  301  296  297  303
  313  324  340  348  360  362  365  362  361  357  355  350  343  336  331  324
  319  309  298  288  279  274  271  273  272  275  269  272  264  265  255  252
  244  240  234  232  222  211  201  201  158                                   
    35.0-180.0 180.0   5.0 450.0                            LAT/LON1/LON2/DLON/H
  167  168  170  179  196  211  229  241  257  264  277  286  295  301  309  319
  327  335  333  335  329  334  334  338  337  336  330  329  326  327  331  339
  353  365  379  389  396  399  398  398  392  390  383  381  369  363  354  348
  337  328  314  304  294  288  283  284  283  286  281  284  276  278  272  267
  261  252  250  239  237  218  212  204  167                                   
    32.5-180.0 180.0   5.0 450.0                            LAT/LON1/LON2/DLON/H
  178  175  172  180  191  210  226  243  258  270  283  294  303  310  316  329
  338  351  351  357  351  356  356  361  360  359  355  355  355  362  370  385
  401  415  428  435  440  438  436  430  426  420  416  411  402  393  385  373
  363  350  335  323  313  304  299  297  294  297  293  297  289  289  278  276
  265  259  250  245  236  224  218  216  178                                   
    30.0-180.0 180.0   5.0 450.0                            LAT/LON1/LON2/DLON/H
  191  186  179  180  192  206  226  239  256  269  284  297  309  318  326  340
  350  363  364  370  365  370  369  376  376  378  376  381  387  394  410  426
  443  457  468  477  478  478  469  465  458  456  451  448  436  427  415  400
  384  367  351  337  326  316  309  305  301  303  301  305  299  301  293  288
  279  266  261  248  245  226  226  218  191                                   
    27.5-180.0 180.0   5.0 450.0                            LAT/LON1/LON2/DLON/H
  203  195  187  187  194  208  225  245  259  274  288  302  314  326  333  348
  361  376  382  387  384  385  387  391  394  396  401  408  418  432  450  472
  492  506  517  521  518  508  498  489  483  479  478  472  459  447  432  418
  400  387  371  356  344  331  328  323  320  318  310  309  304  303  293  291
  275  268  254  249  238  229  229  226  203                                   
    25.0-180.0 180.0   5.0 450.0                            LAT/LON1/LON2/DLON/H
  210  201  190  188  197  207  225  244  259  274  287  303  317  332  343  360
  372  390  396  400  398  398  398  403  406  414  422  435  449  462  484  504
  526  542  550  553  543  533  519  510  504  503  501  495  482  467  451  435
  421  400  377  353  340  325  318  311  310  311  312  309  296  296  286  285
  274  264  255  245  239  225  233  223  210                                   
    22.5-180.0 180.0   5.0 450.0                            LAT/LON1/LON2/DLON/H
  212  202  193  194  197  212  228  250  264  280  291  307  322  341  351  367
  384  399  410  415  416  414  415  418  425  433  448  463  481  497  517  539
  559  570  576  565  555  539  530  520  517  514  512  505  488  474  455  442
  424  398  368  349  335  323  313  305  305  303  307  303  288  281  271  266
  257  252  239  236  223  219  227  226  212                                   
    20.0-180.0 180.0   5.0 450.0                            LAT/LON1/LON2/DLON/H
  207  196  191  194  201  214  235  253  270  282  293  310  324  344  357  378
  393  413  423  432  433  434  433  438  446  458  473  489  506  520  538  554
  568  578  575  566  552  541  531  526  522  521  518  510  494  473  456  437
  410  379  351  330  317  305  295  289  289  286  286  285  269  261  249  247
  241  238  230  223  215  204  219  214  207                                   
    17.5-180.0 180.0   5.0 450.0                            LAT/LON1/LON2/DLON/H
  198  185  182  189  194  213  232  256  273  286  297  312  327  346  362  384
  402  422  438  448  451  450  452  454  463  477  495  514  528  541  554  563
  573  568  563  546  536  526  522  520  518  516  512  501  481  461  440  416
  381  355  328  314  304  294  288  280  282  276  277  269  253  240  229  223
  221  216  209  202  193  191  203  206  198                                   
    15.0-180.0 180.0   5.0 450.0                            LAT/LON1/LON2/DLON/H
  183  172  170  173  186  199  227  247  273  287  302  315  331  351  366  390
  408  431  448  461  463  466  466  472  480  495  515  533  546  554  558  560
  559  554  544  533  523  520  518  519  518  518  512  501  477  456  427  395
  363  335  313  300  287  278  272  265  263  255  251  243  228  220  211  207
  204  204  198  193  184  175  192  188  183                                   
    12.5-180.0 180.0   5.0 450.0                            LAT/LON1/LON2/DLON/H
  171  157  154  161  165  185  207  239  264  286  301  316  333  352  369  391
  411  437  456  470  475  477  481  484  495  512  530  549  558  563  560  553
  549  539  533  520  517  514  519  520  520  518  511  496  474  444  412  378
  345  321  305  293  283  271  268  259  262  252  244  234  223  214  204  195
  190  182  181  171  163  160  172  170  171                                   
    10.0-180.0 180.0   5.0 450.0                            LAT/LON1/LON2/DLON/H
  155  140  138  140  149  157  191  214  256  277  301  316  334  352  370  391
  411  439  460  476  483  489  492  498  508  525  543  559  569  570  560  550
  540  536  527  527  521  525  525  532  527  527  514  503  471  442  408  374
  344  320  307  295  282  272  266  259  255  245  238  226  215  209  201  194
  183  179  172  166  157  155  162  146  155                                   
     7.5-180.0 180.0   5.0 450.0                            LAT/LON1/LON2/DLON/H
  140  127  123  124  132  142  165  202  242  271  293  312  331  348  365  386
  407  434  459  474  486  491  497  503  520  536  552  568  579  575  566  553
