data/unet/pred1330.15i
     1.0            IONOSPHERE MAPS     GNSS                IONEX VERSION / TYPE
pyspatialgeodesy        IME             05-JAN-18 20:20     PGM / RUN BY / DATE 
Map Name                                                    COMMENT             
Predicted global ionosphere maps (GIM).                     DESCRIPTION         
  2015     5    13     0     0     0                        EPOCH OF FIRST MAP  
  2015     5    14     0     0     0                        EPOCH OF LAST MAP   
  7200                                                      INTERVAL            
    13                                                      # OF MAPS IN FILE   
  NONE                                                      MAPPING FUNCTION    
10.0                                                        ELEVATION CUTOFF    
One-way carrier phase leveled to code                       OBSERVABLES USED    
  6371.0                                                    BASE RADIUS         
 2                                                          MAP DIMENSION       
   450.0 450.0   0.0                                        HGT1 / HGT2 / DHGT  
    87.5 -87.5  -2.5                                        LAT1 / LAT2 / DLAT  
  -180.0 180.0   5.0                                        LON1 / LON2 / DLON  
    -1                                                      EXPONENT            
                                                            END OF HEADER       
[from data line 1716]
     5                                                      START OF TEC MAP    
  2015     5    13     8     0     0                        EPOCH OF CURRENT MAP
    87.5-180.0 180.0   5.0 450.0                            LAT/LON1/LON2/DLON/H
  115  129  136  136  135  131  132  131  135  133  137  136  141  140  144  143
  147  146  148  146  148  146  148  145  148  146  149  147  150  149  151  149
  152  150  152  150  152  151  152  150  151  150  151  149  151  150  151  149
  151  149  151  149  152  150  151  149  150  148  148  145  145  142  142  139
  139  137  138  137  139  133  136  119  115                                   
    85.0-180.0 180.0   5.0 450.0                            LAT/LON1/LON2/DLON/H
  119  132  134  138  135  134  137  140  143  143  146  147  151  152  155  155
  157  156  158  157  158  156  157  156  157  156  158  157  159  158  159  158
  160  159  161  159  161  159  161  159  161  160  161  160  162  161  162  162
  163  163  163  162  163  161  160  159  158  156  155  152  151  148  146  142
  141  138  137  134  136  128  132  111  119                                   
    82.5-180.0 180.0   5.0 450.0                            LAT/LON1/LON2/DLON/H
  116  123  126  130  130  130  135  139  143  144  148  150  154  155  158  159
  161  161  162  161  161  160  160  159  159  158  158  158  158  158  158  158
  158  160  159  161  161  163  162  164  163  165  165  167  167  169  168  169
  168  168  167  167  165  164  161  160  157  155  152  150  146  143  138  135
  130  126  123  120  121  120  115   99  116                                   
    80.0-180.0 180.0   5.0 450.0                            LAT/LON1/LON2/DLON/H
  118  122  128  127  128  131  136  140  144  146  149  152  155  156  158  160
  162  161  161  161  161  159  158  157  158  155  156  154  156  153  156  154
  159  157  164  162  170  168  173  171  177  174  179  177  181  180  182  180
  181  179  178  176  175  172  170  166  165  160  158  153  152  145  142  135
  133  127  125  119  123  118  116  100  118                                   
    77.5-180.0 180.0   5.0 450.0                            LAT/LON1/LON2/DLON/H
  120  127  130  129  131  132  139  141  145  145  148  149  153  153  156  156
  159  157  158  158  157  155  154  151  149  147  145  144  143  143  143  145
  147  152  156  163  166  173  175  181  182  187  188  191  193  196  196  198
  197  197  196  194  194  191  190  187  185  180  178  174  171  165  160  155
  150  145  142  136  135  130  128  108  120                                   
    75.0-180.0 180.0   5.0 450.0                            LAT/LON1/LON2/DLON/H
  132  135  137  136  136  138  141  143  144  143  145  144  145  144  145  144
  145  144  145  144  144  141  139  135  132  129  127  126  126  126  127  131
  134  141  148  157  164  173  178  183  188  193  197  201  205  209  212  214
  215  215  215  215  215  214  212  210  208  205  203  199  196  192  188  181
  176  170  165  158  156  146  146  126  132                                   
    72.5-180.0 180.0   5.0 450.0                            LAT/LON1/LON2/DLON/H
  145  146  145  145  144  142  144  142  142  138  138  136  136  133  133  129
  131  129  131  129  130  127  125  120  118  113  113  110  112  112  116  119
  127  133  143  152  162  172  179  185  192  197  204  209  215  220  225  228
  231  232  233  232  233  232  232  231  229  229  226  224  220  216  211  206
  201  195  190  182  178  167  167  143  145                                   
    70.0-180.0 180.0   5.0 450.0                            LAT/LON1/LON2/DLON/H
  156  152  153  151  150  145  146  143  142  137  135  131  129  125  124  120
  121  119  122  121  123  121  120  116  114  110  109  107  109  110  115  120
  128  136  147  156  168  176  185  189  197  201  209  214  222  227  233  238
  239  241  240  243  242  244  243  244  241  242  238  237  233  229  225  223
  218  215  208  200  196  181  184  164  156                                   
    67.5-180.0 180.0   5.0 450.0                            LAT/LON1/LON2/DLON/H
  158  155  154  150  147  141  140  136  135  129  127  122  121  115  115  111
  112  110  114  114  116  115  116  113  112  110  110  110  112  114  120  126
  134  142  151  160  170  178  186  190  197  203  212  219  229  235  241  244
  246  247  247  248  247  248  246  247  244  244  240  239  235  232  228  227
  223  220  215  206  203  189  189  163  158                                   
    65.0-180.0 180.0   5.0 450.0                            LAT/LON1/LON2/DLON/H
  163  155  152  146  141  134  132  129  127  123  120  117  114  110  107  105
  105  105  108  110  112  114  114  114  114  114  114  116  118  122  127  134
  141  148  157  165  174  181  188  191  199  203  213  220  231  236  241  244
  243  245  241  244  240  243  239  240  236  237  232  231  227  225  222  222
  220  219  215  207  206  192  194  175  163                                   
    62.5-180.0 180.0   5.0 450.0                            LAT/LON1/LON2/DLON/H
  161  155  146  138  132  122  120  114  114  109  110  106  107  102  102   98
  100   99  104  104  108  108  111  111  113  114  117  119  123  128  133  139
  144  152  158  166  173  180  186  190  198  204  216  222  235  237  241  242
  242  242  240  241  239  240  237  237  233  232  227  226  220  218  213  214
  212  211  210  203  204  193  193  169  161                                   
    60.0-180.0 180.0   5.0 450.0                            LAT/LON1/LON2/DLON/H
  167  155  147  137  127  116  109  104  101   99   99  100   99   98   95   95
   94   96   97  100  101  104  104  107  108  113  115  121  125  131  135  140
  145  151  157  165  173  180  187  193  201  208  219  227  236  239  241  241
  240  240  236  237  235  236  233  233  229  227  222  219  215  209  206  203
  204  204  205  201  207  196  200  183  167                                   
    57.5-180.0 180.0   5.0 450.0                            LAT/LON1/LON2/DLON/H
  179  168  156  142  131  114  106   95   93   87   90   89   93   90   92   88
   91   88   93   91   94   92   96   95  100  104  111  116  121  126  130  135
  139  146  152  161  170  178  188  196  207  216  229  236  248  247  250  246
  247  243  242  241  243  242  241  240  236  233  227  221  216  210  204  202
  202  203  207  206  214  206  208  187  179                                   
    55.0-180.0 180.0   5.0 450.0                            LAT/LON1/LON2/DLON/H
  202  186  175  160  142  124  108   96   86   82   80   84   85   88   85   86
   84   85   84   85   83   83   82   85   88   96  102  111  115  122  125  130
  135  143  150  162  170  183  193  206  216  230  242  251  259  260  260  260
  255  254  249  252  251  253  251  250  245  242  236  231  224  217  211  209
  208  211  215  219  230  223  228  215  202                                   
    52.5-180.0 180.0   5.0 450.0                            LAT/LON1/LON2/DLON/H
  230  221  206  189  168  144  126  104   92   80   78   77   82   82   85   80
   82   79   81   78   78   73   74   73   80   87   97  105  111  115  118  123
  130  139  150  162  174  189  203  218  232  246  262  270  279  277  280  275
  275  269  268  267  269  268  268  264  262  256  252  244  241  232  229  225
  224  227  232  237  249  247  253  236  230                                   
    50.0-180.0 180.0   5.0 450.0                            LAT/LON1/LON2/DLON/H
  256  245  233  218  197  173  148  125  103   90   79   81   80   84   82   82
   79   80   78   78   74   71   67   68   73   84   91  103  108  114  116  123
  130  143  155  170  183  201  217  234  248  266  282  290  298  297  297  298
  291  292  285  290  287  289  285  280  275  268  265  259  257  250  246  243
  242  246  249  257  269  268  280  266  256                                   
    47.5-180.0 180.0   5.0 450.0                            LAT/LON1/LON2/DLON/H
  283  273  263  247  232  205  180  150  126  104   93   86   88   85   88   82
   84   80   82   78   77   70   68   67   74   84   96  104  113  116  121  126
  139  151  166  182  198  218  234  254  270  290  307  315  324  322  326  320
  319  314  311  310  309  305  300  291  286  278  276  270  272  267  267  264
  263  264  267  273  283  285  297  282  283                                   
    45.0-180.0 180.0   5.0 450.0                            LAT/LON1/LON2/DLON/H
  293  280  276  263  253  231  207  175  146  123  107  101   96   97   93   92
   88   89   87   86   81   77   72   73   78   91  102  114  120  126  129  139
  149  165  178  195  214  234  252  271  293  311  330  336  346  345  349  345
  343  339  334  336  330  326  313  304  295  288  285  282  282  281  279  279
  276  278  276  282  289  290  304  294  293                                   
    42.5-180.0 180.0   5.0 450.0                            LAT/LON1/LON2/DLON/H
  296  282  278  272  267  246  228  195  168  144  129  116  112  107  106   99
  100   96   99   94   94   85   85   83   91  102  116  125  135  137  146  152
  164  177  193  211  229  249  270  293  317  335  356  362  376  375  381  375
  375  364  360  357  352  344  329  316  304  296  292  289  290  290  291  291
  289  286  285  285  288  288  297  284  296                                   
    40.0-180.0 180.0   5.0 450.0                            LAT/LON1/LON2/DLON/H
  278  263  257  256  259  246  230  205  181  161  144  135  129  126  119  116
  110  111  108  108  104  100   96   97  104  116  128  140  147  153  159  170
  179  196  209  228  245  266  291  314  342  360  385  391  406  405  416  410
  412  400  397  392  386  377  360  345  327  316  305  304  301  303  301  303
  299  297  290  289  287  280  283  271  278                                   
    37.5-180.0 180.0   5.0 450.0                            LAT/LON1/LON2/DLON/H
  260  240  228  227  231  224  220  202  188  171  160  152  149  142  138  128
  126  120  123  118  119  112  113  112  120  130  143  151  160  164  174  182
  194  207  221  238  255  279  307  335  364  388  413  425  442  447  459  458
  459  448  442  434  429  418  403  383  363  345  333  325  321  318  318  317
  315  311  304  298  291  280  271  249  260                                   
    35.0-180.0 180.0   5.0 450.0                            LAT/LON1/LON2/DLON/H
  230  212  191  187  188  191  192  185  179  170  164  163  163  160  154  147
  140  136  133  131  129  127  125  129  135  148  157  166  173  181  190  201
  208  222  234  250  269  296  330  361  395  417  445  456  476  482  496  500
  504  500  498  496  489  485  467  452  426  406  384  370  355  348  341  342
  338  337  329  321  310  289  271  247  230                                   
    32.5-180.0 180.0   5.0 450.0                            LAT/LON1/LON2/DLON/H
  232  207  180  164  162  162  167  167  168  165  167  170  175  175  170  162
  155  147  146  142  143  138  142  143  154  161  171  177  184  192  201  211
  218  227  242  257  278  311  346  383  411  439  464  484  502  521  538  553
  564  571  576  582  583  579  563  540  514  485  461  435  418  399  389  383
  380  378  371  362  347  321  290  262  232                                   
    30.0-180.0 180.0   5.0 450.0                            LAT/LON1/LON2/DLON/H
  254  229  192  166  152  148  152  154  159  159  166  174  183  187  184  176
  168  161  158  155  154  154  156  161  168  178  183  190  193  203  210  220
  225  235  249  267  293  329  367  404  433  459  487  505  528  548  572  599
  619  636  647  656  663  663  657  644  627  604  576  546  510  479  454  449
  442  442  433  425  406  376  337  303  254                                   
    27.5-180.0 180.0   5.0 450.0                            LAT/LON1/LON2/DLON/H
  315  284  244  204  184  164  163  161  165  166  173  182  193  198  196  189
  180  173  169  166  167  168  173  178  185  189  193  194  199  205  215  219
  229  237  257  276  303  342  376  414  440  468  491  519  538  575  608  649
  674  694  712  733  749  756  754  744  727  708  682  656  626  586  553  535
  521  516  503  492  474  444  410  359  315                                   
    25.0-180.0 180.0   5.0 450.0                            LAT/LON1/LON2/DLON/H
  395  378  323  278  245  221  201  196  190  185  188  195  206  209  210  201
  194  186  182  179  181  184  188  194  199  204  201  201  202  211  218  226
  236  250  270  295  329  367  399  432  457  480  505  529  558  599  638  680
  714  743  777  805  833  847  850  848  833  817  789  763  728  690  654  632
  614  607  593  579  549  512  469  438  395                                   
    22.5-180.0 180.0   5.0 450.0                            LAT/LON1/LON2/DLON/H
  495  477  422  381  337  303  273  250  241  226  222  221  225  226  223  218
  208  201  196  194  196  199  204  209  212  210  206  201  200  202  213  219
  236  253  274  305  338  380  405  437  459  486  507  538  568  619  660  711
  750  788  825  859  889  907  916  917  911  895  874  852  820  785  745  720
  699  692  678  663  635  597  545  529  495                                   
    20.0-180.0 180.0   5.0 450.0                            LAT/LON1/LON2/DLON/H
  567  562  509  474  428  394  357  322  294  273  261  253  250  248  240  235
  225  217  211  208  209  212  216  221  220  216  208  201  195  198  206  224
  243  266  292  326  363  398  420  439  466  488  514  547  590  633  688  732
  779  818  860  892  921  935  945  946  945  930  917  898  877  846  815  787
  772  756  747  726  696  655  613  580  567                                   
    17.5-180.0 180.0   5.0 450.0                            LAT/LON1/LON2/DLON/H
  618  621  580  549  511  474  435  405  371  333  303  291  283  272  262  249
  240  229  224  220  220  221  225  225  221  213  203  191  186  186  197  220
  242  270  302  336  370  397  417  440  465  497  527  568  608  655  703  750
  792  828  863  891  911  919  922  922  922  914  908  898  891  870  848  827
  810  800  783  762  725  679  637  606  618                                   
    15.0-180.0 180.0   5.0 450.0                            LAT/LON1/LON2/DLON/H
  620  631  607  592  557  525  479  444  414  378  341  315  304  298  282  269
  256  246  234  228  225  227  225  224  217  204  190  180  170  177  191  222
  248  284  318  356  380  404  419  443  475  510  552  591  632  675  729  761
  798  824  851  869  878  881  878  877  874  869  868  869  869  862  850  831
  819  805  792  760  724  675  633  599  620                                   
    12.5-180.0 180.0   5.0 450.0                            LAT/LON1/LON2/DLON/H
  599  623  605  603  580  553  514  481  450  418  389  357  333  316  304  285
  274  257  247  232  228  223  221  213  202  188  174  160  156  160  182  211
  248  283  320  352  377  396  417  446  485  530  575  615  651  692  737  768
  796  812  828  832  830  823  817  816  816  814  816  824  835  833  828  815
  803  792  775  743  701  652  608  573  599                                   
    10.0-180.0 180.0   5.0 450.0                            LAT/LON1/LON2/DLON/H
  570  599  586  600  575  556  520  493  464  433  408  372  345  320  311  293
  288  272  256  245  227  223  211  204  187  171  151  143  139  155  173  210
  246  286  320  355  372  395  413  450  492  540  585  620  659  689  737  760
  786  797  808  806  796  789  781  780  777  777  774  789  796  804  798  791
  777  767  745  713  672  627  590  538  570                                   
     7.5-180.0 180.0   5.0 450.0                            LAT/LON1/LON2/DLON/H
  557  577  571  577  565  546  520  499  477  447  426  395  365  340  325  306
  291  278  263  242  226  207  201  186  171  153  138  131  133  145  168  202
