data/unet/pred3150.15i
     1.0            IONOSPHERE MAPS     GNSS                IONEX VERSION / TYPE
pyspatialgeodesy        IME             05-JAN-18 20:20     PGM / RUN BY / DATE 
Map Name                                                    COMMENT             
Predicted global ionosphere maps (GIM).                     DESCRIPTION         
  2015    11    11     0     0     0                        EPOCH OF FIRST MAP  
  2015    11    12     0     0     0                        EPOCH OF LAST MAP   
  7200                                                      INTERVAL            
    13                                                      # OF MAPS IN FILE   
  NONE                                                      MAPPING FUNCTION    
10.0                                                        ELEVATION CUTOFF    
One-way carrier phase leveled to code                       OBSERVABLES USED    
  6371.0                                                    BASE RADIUS         
 2                                                          MAP DIMENSION       
   450.0 450.0   0.0                                        HGT1 / HGT2 / DHGT  
    87.5 -87.5  -2.5                                        LAT1 / LAT2 / DLAT  
  -180.0 180.0   5.0                                        LON1 / LON2 / DLON  
    -1                                                      EXPONENT            
                                                            END OF HEADER       
[from data line 3003]
     8                                                      START OF TEC MAP    
  2015    11    11    14     0     0                        EPOCH OF CURRENT MAP
    87.5-180.0 180.0   5.0 450.0                            LAT/LON1/LON2/DLON/H
   52   67   73   72   72   72   72   73   72   74   73   74   73   75   73   76
   74   76   74   76   74   76   74   75   74   75   74   75   73   75   73   75
   72   75   72   75   72   74   72   74   72   75   72   75   72   74   71   74
   70   72   70   70   70   69   69   68   69   67   68   67   69   66   68   66
   68   66   69   67   67   67   78   65   52                                   
    85.0-180.0 180.0   5.0 450.0                            LAT/LON1/LON2/DLON/H
   61   69   61   58   59   57   60   58   61   59   62   59   63   61   65   62
   66   64   68   65   69   66   70   66   69   67   70   67   69   67   68   66
   67   65   66   64   65   63   64   62   64   61   64   60   63   61   63   60
   63   60   63   60   64   62   64   61   65   62   64   61   63   61   62   59
   61   59   60   59   62   61   64   52   61                                   
    82.5-180.0 180.0   5.0 450.0                            LAT/LON1/LON2/DLON/H
   49   53   45   48   43   45   42   45   43   46   44   48   46   50   48   52
   51   56   54   58   57   62   60   65   63   68   64   69   65   69   64   67
   61   64   58   61   55   56   50   51   47   48   46   46   46   46   46   45
   47   48   50   50   53   54   56   57   57   58   57   57   56   55   53   53
   51   51   48   48   44   44   44   32   49                                   
    80.0-180.0 180.0   5.0 450.0                            LAT/LON1/LON2/DLON/H
   33   40   34   37   33   36   34   37   36   38   37   39   39   42   42   46
   47   50   51   54   56   59   59   63   63   66   65   68   64   66   62   64
   59   61   55   56   51   51   45   45   41   42   39   40   39   41   39   42
   42   46   46   51   51   56   55   59   57   60   57   58   55   55   50   51
   46   46   42   43   38   34   35   21   33                                   
    77.5-180.0 180.0   5.0 450.0                            LAT/LON1/LON2/DLON/H
   18   33   30   28   28   28   28   28   27   27   27   28   28   30   32   35
   38   41   46   49   52   55   58   62   62   66   65   67   64   65   61   61
   56   56   51   51   45   44   39   37   33   32   30   29   29   30   31   34
   35   40   43   48   50   55   56   60   59   61   59   58   56   53   51   47
   45   41   39   35   32   27   27   14   18                                   
    75.0-180.0 180.0   5.0 450.0                            LAT/LON1/LON2/DLON/H
   20   28   28   28   28   27   28   26   26   24   25   23   25   26   29   31
   35   39   44   47   52   56   59   61   64   67   68   68   67   66   64   60
   58   55   52   48   44   40   36   32   30   27   27   24   26   26   29   30
   35   38   43   46   51   54   58   60   61   61   61   58   57   52   52   47
   46   41   40   36   34   28   30   17   20                                   
    72.5-180.0 180.0   5.0 450.0                            LAT/LON1/LON2/DLON/H
   25   35   35   33   34   32   33   32   30   29   27   27   26   29   31   36
   39   45   48   54   57   64   64   72   72   79   76   81   76   80   73   72
   66   64   58   56   49   47   41   38   34   32   29   28   28   29   30   32
   35   40   43   49   50   56   57   62   61   63   60   60   57   55   53   50
   49   46   45   42   39   34   33   22   25                                   
    70.0-180.0 180.0   5.0 450.0                            LAT/LON1/LON2/DLON/H
   34   35   40   39   40   39   40   37   36   32   32   30   32   32   36   39
   45   48   55   59   66   72   76   82   85   91   90   93   90   91   87   83
   79   74   70   64   59   54   48   43   39   35   34   31   32   30   33   33
   38   39   43   45   49   52   54   57   58   59   59   58   57   54   54   52
   52   49   50   47   47   41   42   33   34                                   
    67.5-180.0 180.0   5.0 450.0                            LAT/LON1/LON2/DLON/H
   38   41   45   44   46   44   47   44   43   40   39   38   39   41   44   47
   50   55   60   66   71   79   83   90   92   98   99  102  101  102   98   95
   91   86   82   77   71   67   61   57   51   49   45   43   41   40   39   40
   40   42   42   45   45   48   48   52   51   54   52   55   52   53   53   53
   54   54   54   54   52   48   46   39   38                                   
    65.0-180.0 180.0   5.0 450.0                            LAT/LON1/LON2/DLON/H
   38   38   45   46   49   49   52   48   49   45   45   44   46   46   50   51
   54   58   62   69   74   83   86   95   98  106  109  115  115  117  112  109
  104   98   93   85   81   74   70   63   61   56   54   50   49   45   44   40
   40   36   38   35   39   36   40   39   42   43   44   46   46   47   48   48
   50   51   52   53   53   48   49   43   38                                   
    62.5-180.0 180.0   5.0 450.0                            LAT/LON1/LON2/DLON/H
   32   35   40   41   45   46   49   47   48   46   47   48   50   51   54   55
   56   58   62   68   73   81   87   95  102  109  116  122  126  127  125  121
  116  109  103   96   91   86   81   78   74   72   67   65   60   57   53   48
   44   39   35   33   30   30   29   32   32   35   36   40   39   41   41   44
   44   48   49   50   49   46   45   37   32                                   
    60.0-180.0 180.0   5.0 450.0                            LAT/LON1/LON2/DLON/H
   21   26   30   33   37   40   44   42   45   41   45   45   50   49   54   53
   55   55   58   64   70   78   84   94  102  112  120  129  135  139  138  135
  129  122  114  106  100   91   89   84   83   79   78   73   70   62   56   47
   42   33   30   24   23   20   22   23   26   28   31   32   34   33   34   34
   37   37   41   42   42   37   40   31   21                                   
    57.5-180.0 180.0   5.0 450.0                            LAT/LON1/LON2/DLON/H
   16   21   22   25   29   31   34   33   34   34   37   41   46   47   51   51
   52   53   55   61   67   77   85   96  106  118  128  140  147  152  153  150
  146  139  131  123  115  108  103  103   99   98   93   90   83   75   68   57
   50   39   33   26   22   20   20   23   24   28   30   33   31   31   29   30
   30   32   34   37   36   33   32   22   16                                   
    55.0-180.0 180.0   5.0 450.0                            LAT/LON1/LON2/DLON/H
   14   19   17   19   23   25   27   24   27   25   31   33   41   40   46   45
   49   49   54   60   67   78   87   99  111  122  134  145  155  160  164  162
  160  151  145  134  129  121  118  114  113  109  108  101   97   86   76   63
   54   41   36   28   27   24   27   27   31   35   37   37   37   33   32   26
   29   26   32   32   33   30   32   21   14                                   
    52.5-180.0 180.0   5.0 450.0                            LAT/LON1/LON2/DLON/H
   23   26   22   24   24   23   23   20   19   20   24   29   35   37   42   45
   48   52   58   68   76   88   99  112  124  136  147  159  168  176  181  180
  178  168  161  152  145  140  135  134  131  131  125  121  112  102   92   78
   68   56   50   44   40   39   39   41   43   47   47   49   45   42   37   35
   31   31   33   36   37   34   36   23   23                                   
    50.0-180.0 180.0   5.0 450.0                            LAT/LON1/LON2/DLON/H
   42   37   31   30   32   29   26   21   20   17   22   25   32   31   38   41
   48   54   64   75   87   99  111  123  136  146  158  168  182  189  195  193
  191  180  173  163  161  154  152  147  147  142  141  133  126  113  104   91
   81   70   64   59   59   56   58   58   61   63   63   63   60   54   51   44
   45   40   47   46   48   46   49   39   42                                   
    47.5-180.0 180.0   5.0 450.0                            LAT/LON1/LON2/DLON/H
   59   55   45   47   46   41   37   29   25   22   23   26   31   33   39   46
   54   67   78   95  105  120  130  144  152  163  171  187  195  205  206  205
  199  191  181  176  171  169  165  162  159  158  153  149  140  129  117  106
   97   88   84   81   79   78   76   78   77   79   77   79   73   71   63   62
   57   56   57   61   63   63   67   55   59                                   
    45.0-180.0 180.0   5.0 450.0                            LAT/LON1/LON2/DLON/H
   77   69   61   61   63   57   51   43   37   31   31   31   35   35   44   50
   64   75   92  106  122  134  146  157  168  173  187  195  206  206  208  203
  201  192  186  181  181  177  175  170  170  165  163  154  149  136  127  115
  108  102   98   95   95   92   90   89   88   89   88   87   86   83   81   75
   76   71   75   75   80   78   81   77   77                                   
    42.5-180.0 180.0   5.0 450.0                            LAT/LON1/LON2/DLON/H
   84   82   75   78   77   71   68   58   53   46   44   43   45   45   54   62
   78   94  111  128  139  153  161  174  178  191  195  207  206  208  202  201
  194  190  184  186  186  184  182  179  176  172  169  162  155  144  134  124
  116  111  107  104  101   97   92   90   87   88   88   90   90   91   88   89
   84   83   82   87   90   88   92   86   84                                   
    40.0-180.0 180.0   5.0 450.0                            LAT/LON1/LON2/DLON/H
   90   87   83   86   87   81   78   70   68   61   60   56   58   55   65   74
   92  105  124  135  151  160  173  183  194  200  210  210  212  203  201  192
  192  186  189  191  197  194  195  189  188  179  175  165  161  147  141  129
  123  115  110  104  100   93   88   85   83   84   85   89   91   93   95   93
   94   89   92   91   94   91   93   88   90                                   
    37.5-180.0 180.0   5.0 450.0                            LAT/LON1/LON2/DLON/H
   81   81   81   87   86   84   83   79   79   74   73   70   71   68   79   90
  108  122  137  150  162  175  183  196  201  212  212  215  208  202  193  192
  189  195  198  208  214  215  213  205  199  189  182  174  167  157  148  137
  129  121  113  105   96   88   82   78   79   80   84   88   90   93   92   96
   90   91   86   89   89   86   88   79   81                                   
    35.0-180.0 180.0   5.0 450.0                            LAT/LON1/LON2/DLON/H
   71   74   74   76   79   76   77   75   80   78   81   78   82   81   93  103
  123  132  150  159  174  185  196  205  213  218  221  218  215  207  207  206
  213  221  233  243  252  249  245  228  220  203  198  186  181  169  164  149
  143  132  124  112  102   92   86   83   83   86   89   93   95   95   96   94
   93   88   84   81   79   76   76   64   71                                   
    32.5-180.0 180.0   5.0 450.0                            LAT/LON1/LON2/DLON/H
   47   58   57   63   62   64   67   71   77   77   84   83   89   94  107  121
  136  150  162  177  186  200  207  218  223  229  228  229  225  224  227  236
  248  263  281  293  303  299  288  267  247  229  219  209  201  191  183  172
  164  154  145  134  121  112  106  103  105  106  110  112  111  108  101  100
   89   85   75   73   69   66   62   48   47                                   
    30.0-180.0 180.0   5.0 450.0                            LAT/LON1/LON2/DLON/H
   38   54   46   43   47   47   58   56   67   66   80   79   93  100  119  132
  151  163  178  190  203  213  222  229  238  240  242  242  247  251  264  274
  295  311  333  344  354  348  337  311  289  264  253  240  233  222  213  204
  196  188  180  171  161  151  145  141  142  143  146  146  143  136  127  115
  103   93   82   74   67   61   55   34   38                                   
    27.5-180.0 180.0   5.0 450.0                            LAT/LON1/LON2/DLON/H
   27   42   32   14   13   14   36   52   60   63   73   75   92  102  125  145
  163  181  194  212  220  232  236  246  250  255  255  265  272  289  305  326
  348  369  390  401  407  401  387  365  340  317  300  288  278  269  259  253
  245  240  233  226  217  207  200  195  194  192  192  190  183  173  158  144
  126  111   99   88   81   73   58   38   27                                   
    25.0-180.0 180.0   5.0 450.0                            LAT/LON1/LON2/DLON/H
   43   51   33   17    6    4   20   32   50   51   61   67   83   98  131  152
  178  192  209  223  235  243  253  257  265  268  276  286  302  323  351  373
  402  420  443  452  453  447  431  413  389  371  353  343  333  327  318  316
  310  312  305  304  294  290  281  277  270  265  255  245  230  215  198  181
  162  149  131  121  107   95   80   49   43                                   
    22.5-180.0 180.0   5.0 450.0                            LAT/LON1/LON2/DLON/H
   52   60   48   28    8   -5    4   12   36   38   60   65   83   97  132  155
  185  203  222  237  247  258  263  270  273  284  294  317  335  368  392  424
  449  474  492  503  500  496  479  464  443  429  414  404  392  386  378  377
  377  379  383  384  384  377  371  361  354  344  331  320  302  278  251  230
  213  195  182  162  146  127  117   81   52                                   
    20.0-180.0 180.0   5.0 450.0                            LAT/LON1/LON2/DLON/H
   88   85   59   54   40   27   21   17   30   25   33   43   70   94  125  159
  190  210  231  246  260  269  274  280  284  301  317  346  367  401  438  468
  499  517  536  542  538  532  518  511  494  488  473  464  447  439  427  428
  425  431  438  441  437  427  416  398  383  370  359  350  335  318  291  270
  249  239  224  210  179  157  145  109   88                                   
    17.5-180.0 180.0   5.0 450.0                            LAT/LON1/LON2/DLON/H
  114  102   87   74   53   44   37   26   29   21   33   32   63   90  135  164
  203  219  244  256  268  275  278  284  294  317  340  367  395  430  471  502
  530  547  562  570  568  565  557  552  542  543  528  519  499  489  476  473
  472  476  479  474  472  458  443  423  400  385  371  363  348  337  316  302
  285  273  263  244  219  194  172  143  114                                   
    15.0-180.0 180.0   5.0 450.0                            LAT/LON1/LON2/DLON/H
  144  125   95   94   72   60   49   44   45   36   34   39   63   94  138  175
  211  232  255  266  276  283  285  300  308  342  358  393  417  461  498  526
  548  558  572  582  579  584  576  585  581  588  575  568  547  533  512  506
  499  495  489  485  477  464  444  427  402  392  376  371  353  344  323  316
  297  289  281  268  249  222  195  164  144                                   
    12.5-180.0 180.0   5.0 450.0                            LAT/LON1/LON2/DLON/H
  152  146  118  101   93   76   63   56   51   49   51   50   76  104  154  193
  232  259  281  291  299  298  303  317  331  358  379  406  440  481  517  541
  557  566  580  588  593  599  604  617  619  627  612  606  580  563  537  524
  509  492  481  469  461  446  428  416  397  392  375  372  350  343  316  310
  296  289  283  273  258  234  207  178  152                                   
    10.0-180.0 180.0   5.0 450.0                            LAT/LON1/LON2/DLON/H
  162  154  120  112   95   98   83   80   70   67   71   77   96  121  163  201
  242  270  295  305  313  315  321  337  351  379  394  425  459  494  526  545
  556  560  572  581  588  600  610  631  635  643  628  616  590  567  535  516
  490  471  454  439  426  413  397  396  382  381  358  350  328  321  302  295
  288  284  279  266  260  233  210  176  162                                   
     7.5-180.0 180.0   5.0 450.0                            LAT/LON1/LON2/DLON/H
  156  160  130  117  106  100   99   90   84   82   92  100  121  146  179  221
  256  295  310  333  332  345  336  364  376  398  420  446  483  511  538  549
