data/unet/pred3210.15i
     1.0            IONOSPHERE MAPS     GNSS                IONEX VERSION / TYPE
pyspatialgeodesy        IME             05-JAN-18 20:20     PGM / RUN BY / DATE 
Map Name                                                    COMMENT             
Predicted global ionosphere maps (GIM).                     DESCRIPTION         
  2015    11    17     0     0     0                        EPOCH OF FIRST MAP  
  2015    11    18     0     0     0                        EPOCH OF LAST MAP   
  7200                                                      INTERVAL            
    13                                                      # OF MAPS IN FILE   
  NONE                                                      MAPPING FUNCTION    
10.0                                                        ELEVATION CUTOFF    
One-way carrier phase leveled to code                       OBSERVABLES USED    
  6371.0                                                    BASE RADIUS         
 2                                                          MAP DIMENSION       
   450.0 450.0   0.0                                        HGT1 / HGT2 / DHGT  
    87.5 -87.5  -2.5                                        LAT1 / LAT2 / DLAT  
  -180.0 180.0   5.0                                        LON1 / LON2 / DLON  
    -1                                                      EXPONENT            
                                                            END OF HEADER       
[from data line 858]
     3                                                      START OF TEC MAP    
  2015    11    17     4     0     0                        EPOCH OF CURRENT MAP
    87.5-180.0 180.0   5.0 450.0                            LAT/LON1/LON2/DLON/H
   63   90   76   74   74   71   73   71   73   70   72   70   71   70   70   69
   69   68   67   66   65   64   64   62   62   61   61   59   60   58   60   58
   60   58   61   59   62   61   64   62   66   65   68   67   70   69   72   72
   75   74   76   77   79   79   80   80   82   81   82   80   82   80   81   79
   81   79   81   79   82   75   95   66   63                                   
    85.0-180.0 180.0   5.0 450.0                            LAT/LON1/LON2/DLON/H
   96   85   64   68   66   65   64   65   64   65   64   66   64   66   64   65
   63   63   60   60   57   56   54   52   50   48   48   46   46   45   46   45
   47   45   48   47   51   50   54   53   57   56   60   59   63   63   67   67
   71   71   74   74   78   78   80   81   83   83   84   85   86   86   85   85
   85   83   82   81   79   72   84   97   96                                   
    82.5-180.0 180.0   5.0 450.0                            LAT/LON1/LON2/DLON/H
   85   58   53   54   48   47   48   50   52   53   54   55   57   57   58   57
   57   55   53   50   47   44   40   37   33   30   29   27   26   24   25   25
   26   26   29   31   33   35   38   40   43   45   47   49   53   54   58   59
   63   65   69   70   75   76   78   80   82   83   84   86   86   87   85   87
   85   84   81   80   77   69   76   90   85                                   
    80.0-180.0 180.0   5.0 450.0                            LAT/LON1/LON2/DLON/H
   90   57   53   51   47   48   48   51   52   56   57   63   64   67   68   70
   69   67   64   61   56   51   45   39   34   30   27   25   23   22   22   23
   24   26   28   31   33   37   38   42   44   47   49   52   53   57   59   63
   65   69   71   76   78   82   84   87   90   92   94   97   98  100   99  100
   97   96   92   90   84   76   77   91   90                                   
    77.5-180.0 180.0   5.0 450.0                            LAT/LON1/LON2/DLON/H
   93   54   49   44   36   38   37   42   43   49   52   60   62   67   69   71
   71   69   66   62   57   51   44   37   30   24   23   19   18   17   18   20
   22   24   27   31   33   36   38   42   43   46   48   50   51   54   56   60
   60   65   67   74   75   81   84   90   92   98  100  104  105  107  107  108
  107  103  101   95   88   79   83   92   93                                   
    75.0-180.0 180.0   5.0 450.0                            LAT/LON1/LON2/DLON/H
   93   53   43   36   33   29   31   32   36   41   47   54   59   63   68   69
   71   68   67   61   57   48   43   33   26   20   20   16   17   17   21   23
   26   29   33   35   37   39   41   42   43   45   46   48   49   51   54   56
   58   61   64   70   73   80   85   90   95  100  104  109  113  116  118  119
  118  116  111  106   97   87   88   97   93                                   
    72.5-180.0 180.0   5.0 450.0                            LAT/LON1/LON2/DLON/H
  104   60   48   41   33   28   27   30   31   37   42   50   55   59   64   66
   68   66   65   60   55   47   41   33   27   21   21   19   21   21   26   28
   33   34   39   39   41   41   43   42   43   42   44   44   46   48   50   52
   55   59   62   68   72   79   84   93  101  110  117  124  130  133  135  135
  134  133  129  122  113  104  101  103  104                                   
    70.0-180.0 180.0   5.0 450.0                            LAT/LON1/LON2/DLON/H
  110   67   52   45   39   29   30   27   31   32   38   43   49   51   57   57
   61   58   59   54   51   43   38   30   28   23   25   24   28   29   36   37
   42   43   46   46   46   44   44   41   41   40   42   42   44   46   48   50
   55   59   64   70   77   85   93  101  113  122  132  140  148  151  154  152
  151  149  147  142  132  116  115  113  110                                   
    67.5-180.0 180.0   5.0 450.0                            LAT/LON1/LON2/DLON/H
  125   81   66   56   46   37   35   33   31   33   33   38   40   44   46   49
   51   51   51   48   44   39   35   30   30   27   30   30   35   37   42   44
   48   48   49   47   46   42   41   38   37   36   37   40   41   45   47   51
   55   61   67   76   83   92  102  114  127  140  149  159  166  171  172  172
  168  165  160  157  148  137  129  123  125                                   
    65.0-180.0 180.0   5.0 450.0                            LAT/LON1/LON2/DLON/H
  129   91   73   64   55   46   42   37   35   34   33   34   35   36   37   39
   41   42   43   41   39   34   34   30   31   31   35   37   43   45   49   51
   52   50   49   46   43   40   36   33   32   33   34   37   41   44   48   53
   59   68   77   85   95  104  118  129  143  154  164  172  179  181  185  181
  179  173  170  167  158  144  138  133  129                                   
    62.5-180.0 180.0   5.0 450.0                            LAT/LON1/LON2/DLON/H
  143  107   86   76   62   52   45   42   40   37   33   33   30   32   31   34
   36   37   38   37   36   33   32   30   33   34   39   42   46   49   50   50
   49   46   45   40   38   33   31   28   29   30   34   38   42   47   51   57
   66   76   85   95  106  118  132  144  158  169  177  184  188  192  190  190
  185  182  173  170  162  156  147  140  143                                   
    60.0-180.0 180.0   5.0 450.0                            LAT/LON1/LON2/DLON/H
  143  114   89   78   65   55   48   44   41   36   32   29   28   25   27   28
   32   32   36   34   35   30   31   29   34   35   40   43   47   46   47   44
   43   40   39   36   33   30   27   26   27   30   34   39   45   50   57   65
   77   87   99  108  122  133  149  161  174  184  190  194  198  199  199  196
  193  185  178  174  167  157  153  146  143                                   
    57.5-180.0 180.0   5.0 450.0                            LAT/LON1/LON2/DLON/H
  156  125  101   88   70   59   49   44   40   35   30   27   23   23   23   26
   31   33   35   34   33   29   29   27   32   34   39   40   42   42   40   37
   37   33   34   30   31   28   29   28   31   35   41   45   52   58   67   77
   89  100  112  123  137  150  166  177  189  197  200  205  206  208  205  204
  197  191  182  178  172  170  163  152  156                                   
    55.0-180.0 180.0   5.0 450.0                            LAT/LON1/LON2/DLON/H
  158  135  111   95   76   64   52   46   40   35   31   27   25   23   25   27
   33   34   37   35   34   28   29   27   32   33   39   39   41   38   37   32
   34   31   34   32   33   32   33   33   36   40   47   52   60   65   78   88
  103  115  129  140  158  172  187  195  204  207  211  213  216  217  214  212
  207  200  193  188  182  177  174  163  158                                   
    52.5-180.0 180.0   5.0 450.0                            LAT/LON1/LON2/DLON/H
  178  153  128  110   87   75   60   52   43   37   30   27   23   24   25   30
   34   38   39   37   34   29   29   27   32   34   39   39   39   36   33   31
   33   33   38   38   41   40   42   42   46   50   57   62   70   78   91  104
  119  134  148  162  181  195  206  212  217  220  221  224  225  227  222  221
  215  211  201  198  192  193  189  176  178                                   
    50.0-180.0 180.0   5.0 450.0                            LAT/LON1/LON2/DLON/H
  189  167  143  125  103   89   71   61   50   42   35   30   29   27   30   33
   40   40   42   38   37   31   31   30   36   37   44   42   44   39   39   35
   40   39   46   47   51   51   53   53   56   60   66   71   80   89  106  120
  139  152  172  188  207  216  224  226  231  231  234  236  239  239  237  235
  230  223  216  212  205  203  202  190  189                                   
    47.5-180.0 180.0   5.0 450.0                            LAT/LON1/LON2/DLON/H
  204  184  163  144  122  108   89   75   60   51   41   35   33   32   34   37
   40   42   42   41   39   36   37   37   41   44   49   48   48   46   44   42
   47   49   56   59   64   64   66   65   69   72   78   82   91  105  121  140
  158  177  196  213  226  236  240  242  243  244  243  246  246  247  244  244
  236  233  223  222  214  213  213  201  204                                   
    45.0-180.0 180.0   5.0 450.0                            LAT/LON1/LON2/DLON/H
  211  191  172  156  138  125  107   92   74   63   51   45   42   40   42   42
   46   45   47   45   47   45   49   49   54   55   60   58   60   55   55   52
   57   60   66   70   72   73   72   74   75   79   85   91  102  118  139  157
  181  199  219  232  243  250  253  253  253  250  250  250  251  253  250  248
  242  236  230  225  218  214  216  202  211                                   
    42.5-180.0 180.0   5.0 450.0                            LAT/LON1/LON2/DLON/H
  206  192  178  166  147  137  122  110   90   77   62   55   50   49   49   49
   49   51   52   54   56   60   62   64   65   67   67   67   65   63   61   60
   64   66   72   75   79   79   79   79   83   87   94  100  116  134  155  178
  199  219  235  248  256  263  263  261  259  255  251  251  252  254  250  249
  239  235  225  223  213  209  211  200  206                                   
    40.0-180.0 180.0   5.0 450.0                            LAT/LON1/LON2/DLON/H
  196  182  165  161  149  143  131  121  102   91   75   70   64   64   62   59
   61   61   66   68   75   78   82   81   82   79   78   74   73   70   69   68
   69   71   74   78   78   81   79   83   85   92   99  111  128  149  174  195
  217  235  249  260  268  273  272  270  267  261  258  256  258  259  255  252
  242  236  228  222  211  204  205  192  196                                   
    37.5-180.0 180.0   5.0 450.0                            LAT/LON1/LON2/DLON/H
  175  162  149  146  135  135  126  121  107   99   86   82   77   78   75   74
   74   77   82   89   94  100   98   99   92   90   83   80   76   74   72   69
   72   71   76   76   81   82   85   89   95  101  111  123  144  166  190  213
  231  248  260  271  279  284  285  282  279  273  269  268  267  267  261  258
  247  242  231  226  214  203  202  188  175                                   
    35.0-180.0 180.0   5.0 450.0                            LAT/LON1/LON2/DLON/H
  169  151  130  129  122  123  118  116  106  101   92   91   89   92   90   90
   93   95  102  108  114  116  115  110  103   96   90   84   81   77   74   72
   71   70   71   72   77   80   83   90   97  106  116  133  152  176  199  219
  238  252  263  274  286  293  298  298  297  292  287  285  285  286  281  278
  268  263  251  242  227  213  208  190  169                                   
    32.5-180.0 180.0   5.0 450.0                            LAT/LON1/LON2/DLON/H
  170  148  126  116  103  105  101  103   96   97   91   95   94  100  100  103
  104  112  116  125  127  130  124  118  108  102   93   89   84   82   79   74
   72   68   71   72   80   83   89   96  106  114  128  143  162  182  205  225
  242  254  265  277  293  305  316  319  320  317  313  313  313  316  314  313
  303  299  288  278  261  242  236  211  170                                   
    30.0-180.0 180.0   5.0 450.0                            LAT/LON1/LON2/DLON/H
  195  165  132  115   99   95   89   89   85   87   86   92   96  104  107  111
  116  120  128  130  135  133  129  119  114  106  103   96   94   89   86   79
   78   73   79   78   87   87   92   97  107  118  129  148  163  186  207  227
  242  255  269  284  305  323  339  346  351  348  347  346  350  358  364  368
  365  358  349  336  322  295  278  251  195                                   
    27.5-180.0 180.0   5.0 450.0                            LAT/LON1/LON2/DLON/H
  245  206  170  136  111   97   86   82   79   82   82   90   94  104  109  114
  118  125  128  132  132  130  125  121  116  116  112  110  105  103   97   92
   88   84   88   88   91   92   96  103  110  121  134  150  167  183  205  220
  237  253  274  294  318  340  360  372  380  384  383  386  391  410  421  433
  436  437  429  420  410  388  348  316  245                                   
    25.0-180.0 180.0   5.0 450.0                            LAT/LON1/LON2/DLON/H
  330  268  229  183  143  120  101   90   84   80   82   86   92  100  106  111
  117  117  120  117  117  114  115  116  121  124  127  124  123  117  115  108
  106  101  103   98  101   95   98  103  108  118  128  149  166  188  207  223
  243  263  287  314  339  366  387  402  412  422  422  427  437  461  480  500
  513  519  521  516  505  483  438  400  330                                   
    22.5-180.0 180.0   5.0 450.0                            LAT/LON1/LON2/DLON/H
  434  371  304  246  200  164  138  119  106   99   95   96   96  102  104  109
  109  109  104  101   97  103  107  118  127  140  144  147  142  138  131  126
  121  116  113  109  106   99   93   98  100  111  121  142  167  188  213  230
  257  280  307  335  367  397  422  440  453  463  462  478  487  514  534  559
  573  590  596  601  589  573  529  496  434                                   
    20.0-180.0 180.0   5.0 450.0                            LAT/LON1/LON2/DLON/H
  547  489  418  348  283  231  184  158  136  123  115  111  109  108  110  110
  107  100   91   84   82   92  106  122  141  159  170  171  164  156  148  143
  134  129  125  115  107   97   89   89   90  100  113  137  168  195  224  248
  277  303  334  366  399  432  459  479  491  504  505  519  532  558  581  605
  624  644  662  671  670  658  630  582  547                                   
    17.5-180.0 180.0   5.0 450.0                            LAT/LON1/LON2/DLON/H
  633  581  519  455  384  316  250  213  182  167  152  142  136  134  130  127
  117  105   92   84   86   99  117  141  166  190  202  200  186  173  158  152
  141  134  127  114  105   95   85   80   82   91  106  135  173  205  239  268
  297  327  363  400  441  476  498  523  535  553  557  570  578  597  615  637
  652  678  693  712  717  719  688  642  633                                   
    15.0-180.0 180.0   5.0 450.0                            LAT/LON1/LON2/DLON/H
  684  653  600  539  470  403  327  280  236  217  194  181  174  169  163  154
  142  127  111  103  106  120  142  169  200  223  233  225  204  183  165  155
  144  134  121  107   95   86   77   74   73   84  101  133  175  213  253  282
  320  351  394  435  476  505  528  552  563  582  586  597  607  622  636  653
  667  686  700  719  731  736  721  677  684                                   
    12.5-180.0 180.0   5.0 450.0                            LAT/LON1/LON2/DLON/H
  691  682  643  598  535  470  398  347  297  270  243  232  223  220  211  205
  187  169  150  144  146  162  184  210  236  253  255  239  214  191  168  156
  146  130  116  103   96   89   82   76   76   87  106  143  187  230  268  302
  338  376  416  465  497  524  541  561  575  593  601  612  619  627  635  643
  649  663  674  688  703  716  705  671  691                                   
    10.0-180.0 180.0   5.0 450.0                            LAT/LON1/LON2/DLON/H
  681  681  662  627  580  523  457  406  359  326  293  283  276  272  265  256
  241  222  205  197  200  213  230  251  266  273  265  243  213  186  164  148
  136  122  109  102   94   91   83   79   79   92  113  149  196  236  280  314
  355  389  435  476  504  527  541  560  572  594  604  617  624  628  631  631
  635  638  642  654  662  671  673  656  681                                   
     7.5-180.0 180.0   5.0 450.0                            LAT/LON1/LON2/DLON/H
  650  664  659  637  599  553  494  449  404  370  337  324  315  320  316  315
  299  284  265  257  254  261  272  282  285  282  264  237  207  180  160  144
