data/unet/pred2960.15i
     1.0            IONOSPHERE MAPS     GNSS                IONEX VERSION / TYPE
pyspatialgeodesy        IME             05-JAN-18 20:20     PGM / RUN BY / DATE 
Map Name                                                    COMMENT             
Predicted global ionosphere maps (GIM).                     DESCRIPTION         
  2015    10    23     0     0     0                        EPOCH OF FIRST MAP  
  2015    10    24     0     0     0                        EPOCH OF LAST MAP   
  7200                                                      INTERVAL            
    13                                                      # OF MAPS IN FILE   
  NONE                                                      MAPPING FUNCTION    
10.0                                                        ELEVATION CUTOFF    
One-way carrier phase leveled to code                       OBSERVABLES USED    
  6371.0                                                    BASE RADIUS         
 2                                                          MAP DIMENSION       
   450.0 450.0   0.0                                        HGT1 / HGT2 / DHGT  
    87.5 -87.5  -2.5                                        LAT1 / LAT2 / DLAT  
  -180.0 180.0   5.0                                        LON1 / LON2 / DLON  
    -1                                                      EXPONENT            
                                                            END OF HEADER       
[from data line 2574]
     7                                                      START OF TEC MAP    
  2015    10    23    12     0     0                        EPOCH OF CURRENT MAP
    87.5-180.0 180.0   5.0 450.0                            LAT/LON1/LON2/DLON/H
   99  113  115  117  115  117  116  120  119  123  122  126  124  128  125  129
  127  131  128  132  129  133  130  133  130  133  131  133  130  131  129  129
  125  126  122  123  118  119  114  115  111  111  108  107  104  104  101  102
   99  101   99  100   99  100   99  101  100  102  100  103  101  104  102  105
  104  107  106  109  110  111  123  103   99                                   
    85.0-180.0 180.0   5.0 450.0                            LAT/LON1/LON2/DLON/H
  107  108  107  105  108  107  112  112  117  117  121  120  124  123  127  126
  129  128  130  129  132  131  133  132  133  134  135  135  135  136  135  135
  134  132  131  128  128  123  123  117  117  111  110  104  104  100   99   97
   96   94   95   93   94   93   94   93   95   94   95   94   96   95   97   96
   99   98  101  100  102  102  113  109  107                                   
    82.5-180.0 180.0   5.0 450.0                            LAT/LON1/LON2/DLON/H
  101   98   98   94   99   96  104  102  109  106  113  110  116  113  120  116
  122  118  125  122  127  125  131  129  135  132  138  135  141  137  143  136
  142  133  139  129  134  123  126  117  116  108  106   99   96   91   89   85
   83   82   80   79   77   78   77   78   78   79   79   80   81   80   82   82
   84   84   87   85   90   87   95   91  101                                   
    80.0-180.0 180.0   5.0 450.0                            LAT/LON1/LON2/DLON/H
   85   81   79   78   81   81   87   87   92   91   96   95   98   98  101  101
  103  103  107  107  112  113  119  119  126  126  133  133  140  139  145  141
  146  141  144  137  137  131  129  122  118  113  108  103   98   95   91   88
   85   83   81   79   77   76   75   74   73   73   73   74   74   74   75   74
   76   75   77   75   77   71   74   79   85                                   
    77.5-180.0 180.0   5.0 450.0                            LAT/LON1/LON2/DLON/H
   72   68   63   60   62   64   66   70   71   74   76   78   79   81   82   84
   84   87   89   93   96  101  106  112  117  123  129  135  141  145  150  150
  153  151  151  146  144  138  134  128  122  117  111  107  103   99   97   94
   91   89   86   85   81   81   77   77   75   75   73   75   73   75   74   74
   73   72   72   69   68   64   65   69   72                                   
    75.0-180.0 180.0   5.0 450.0                            LAT/LON1/LON2/DLON/H
   61   54   54   49   52   53   58   58   62   64   67   68   69   71   71   73
   73   75   77   83   86   94  100  108  114  122  129  138  144  152  156  160
  161  163  161  161  155  153  144  143  133  133  125  125  120  119  116  114
  111  109  106  103   98   94   90   86   82   80   77   76   73   74   72   73
   72   71   71   67   66   61   60   62   61                                   
    72.5-180.0 180.0   5.0 450.0                            LAT/LON1/LON2/DLON/H
   59   53   45   43   44   45   49   51   55   57   62   63   66   66   69   70
   72   75   77   82   86   95  101  111  117  129  136  147  153  162  168  172
  175  175  175  173  172  167  164  159  155  152  149  144  143  139  139  134
  134  129  127  121  117  109  103   96   90   85   82   79   77   76   75   74
   74   74   73   69   67   60   60   65   59                                   
    70.0-180.0 180.0   5.0 450.0                            LAT/LON1/LON2/DLON/H
   58   48   46   38   42   42   48   48   54   54   59   60   62   64   65   67
   70   72   76   81   87   96  103  114  120  131  138  150  155  168  172  180
  180  186  184  188  184  187  180  182  173  178  170  174  166  169  164  163
  158  154  147  140  131  122  112  104   94   88   80   78   74   73   73   72
   73   72   74   70   68   62   61   65   58                                   
    67.5-180.0 180.0   5.0 450.0                            LAT/LON1/LON2/DLON/H
   60   51   43   39   40   39   43   45   50   51   56   56   62   61   66   67
   72   75   80   86   92  101  108  118  124  135  142  152  160  170  177  183
  189  192  197  197  201  199  200  197  196  195  195  193  193  189  191  183
  181  169  164  149  141  126  116  104   93   84   74   71   68   68   68   69
   71   72   71   69   67   61   63   69   60                                   
    65.0-180.0 180.0   5.0 450.0                            LAT/LON1/LON2/DLON/H
   59   49   44   39   41   41   44   45   50   50   54   56   58   62   63   68
   70   76   80   89   95  105  110  120  125  136  143  155  162  174  180  188
  194  200  206  209  214  216  216  219  214  219  213  217  212  213  207  201
  193  183  171  155  140  124  111  100   87   78   67   62   58   59   61   61
   65   66   69   67   65   63   64   69   59                                   
    62.5-180.0 180.0   5.0 450.0                            LAT/LON1/LON2/DLON/H
   57   50   43   42   40   40   41   44   46   48   51   53   57   59   64   67
   73   77   83   90   97  105  112  120  127  136  144  154  165  175  185  193
  203  210  218  221  227  228  232  232  234  230  231  226  226  219  216  205
  198  183  172  150  135  117  105   91   81   70   60   57   53   54   54   55
   58   59   62   62   63   59   63   69   57                                   
    60.0-180.0 180.0   5.0 450.0                            LAT/LON1/LON2/DLON/H
   53   46   42   39   38   39   39   41   42   44   46   49   50   55   56   62
   63   71   74   84   89  101  106  117  122  133  139  152  162  175  187  198
  212  220  229  233  238  240  243  247  244  245  238  240  231  227  220  210
  201  187  171  150  132  113  100   88   78   68   61   56   53   51   52   52
   54   55   59   59   58   58   59   63   53                                   
    57.5-180.0 180.0   5.0 450.0                            LAT/LON1/LON2/DLON/H
   52   49   40   42   37   37   36   38   38   40   42   44   48   51   56   58
   62   66   71   76   83   93  102  112  119  129  139  151  163  178  192  207
  221  232  240  246  250  252  255  254  256  249  247  241  236  228  222  211
  203  187  173  150  132  115  101   91   82   76   68   66   61   60   55   55
   55   55   56   56   57   54   56   60   52                                   
    55.0-180.0 180.0   5.0 450.0                            LAT/LON1/LON2/DLON/H
   54   47   41   39   37   37   34   35   34   37   36   40   39   46   44   52
   50   58   57   67   73   87   94  109  115  129  137  152  163  181  195  216
  231  245  253  262  265  268  268  269  265  262  255  252  243  237  230  221
  212  199  182  162  144  127  113  104   96   91   86   83   79   75   71   65
   64   62   63   62   60   59   59   56   54                                   
    52.5-180.0 180.0   5.0 450.0                            LAT/LON1/LON2/DLON/H
   61   56   45   46   41   41   37   38   36   37   39   41   42   44   46   49
   51   54   57   65   72   84   95  108  118  130  142  156  171  186  204  224
  242  255  267  275  281  279  279  275  274  268  265  261  254  246  240  231
  224  212  200  180  163  145  133  124  118  115  111  109  103  101   91   87
   79   76   73   71   69   65   65   69   61                                   
    50.0-180.0 180.0   5.0 450.0                            LAT/LON1/LON2/DLON/H
   69   62   54   50   48   47   42   42   37   41   38   43   39   45   40   47
   44   52   51   62   67   86   94  112  120  136  145  163  176  196  214  238
  255  272  282  295  296  297  292  290  287  285  280  276  269  261  255  247
  241  230  218  201  183  168  155  146  139  136  132  133  131  128  121  113
  102   96   92   87   82   81   79   75   69                                   
    47.5-180.0 180.0   5.0 450.0                            LAT/LON1/LON2/DLON/H
   85   78   67   64   60   58   53   51   49   49   49   50   49   48   49   50
   53   56   61   68   77   91  105  119  131  144  157  171  186  200  222  243
  264  277  294  303  308  305  303  301  300  297  293  289  284  277  270  262
  256  245  234  219  201  184  170  160  153  152  148  151  149  150  141  136
  124  120  111  108  100   94   93   98   85                                   
    45.0-180.0 180.0   5.0 450.0                            LAT/LON1/LON2/DLON/H
   92   89   81   74   74   69   64   62   57   60   56   59   52   55   50   57
   54   63   63   77   83  102  111  130  138  154  163  181  191  209  226  248
  266  285  299  314  317  322  319  321  316  316  308  306  300  294  288  279
  271  261  248  233  215  195  179  167  160  156  155  157  158  160  156  151
  142  139  131  128  121  116  114  113   92                                   
    42.5-180.0 180.0   5.0 450.0                            LAT/LON1/LON2/DLON/H
  104  101   92   88   83   79   75   70   70   68   70   68   67   63   66   66
   72   75   81   88   99  113  125  139  150  163  175  188  198  211  226  243
  261  279  299  315  326  334  336  338  333  331  324  320  313  308  300  292
  282  268  255  239  218  194  177  163  155  152  150  154  155  158  155  152
  145  141  137  135  131  126  127  131  104                                   
    40.0-180.0 180.0   5.0 450.0                            LAT/LON1/LON2/DLON/H
  107  105  100   91   93   85   84   79   76   79   76   79   72   73   70   75
   76   85   89  103  109  125  134  149  156  171  178  194  200  213  221  237
  252  274  295  320  335  351  353  357  351  349  340  336  328  322  315  307
  294  282  265  248  222  198  177  160  152  148  148  150  151  153  149  146
  140  136  132  130  128  126  132  132  107                                   
    37.5-180.0 180.0   5.0 450.0                            LAT/LON1/LON2/DLON/H
  105  105  100   95   92   89   85   82   81   84   86   86   85   82   85   86
   92   95  103  111  121  132  143  153  163  175  186  198  206  213  220  230
  246  268  298  326  348  366  372  375  370  365  357  352  344  338  330  320
  308  293  276  256  230  202  182  164  156  150  150  150  149  148  142  136
  130  124  120  115  116  114  124  129  105                                   
    35.0-180.0 180.0   5.0 450.0                            LAT/LON1/LON2/DLON/H
  100   94   88   85   89   85   85   82   82   86   87   92   87   89   86   92
   95  105  109  123  130  142  149  159  166  180  190  204  210  218  226  237
  252  280  306  341  365  389  396  400  394  389  381  375  371  366  357  347
  334  319  301  283  254  227  203  185  177  171  172  167  161  155  145  137
  126  120  113  105  103  101  113  118  100                                   
    32.5-180.0 180.0   5.0 450.0                            LAT/LON1/LON2/DLON/H
   92   85   81   78   81   81   80   80   81   87   90   96   96   96   98   99
  103  107  115  125  137  146  154  160  170  183  200  213  226  232  246  252
  275  297  332  369  396  415  425  427  423  415  408  404  402  399  394  387
  377  365  348  329  303  274  252  231  223  216  215  205  194  179  166  152
  140  128  117  106   99   96  102  109   92                                   
    30.0-180.0 180.0   5.0 450.0                            LAT/LON1/LON2/DLON/H
   95   78   70   69   74   74   76   73   78   82   88   95   94   98   95  102
  100  111  114  132  141  156  158  167  174  191  207  225  240  253  266  285
  303  337  363  404  424  448  456  461  458  451  446  447  448  450  449  444
  438  427  414  399  379  356  333  314  304  294  283  264  240  218  197  184
  169  159  142  127  109  104  105  100   95                                   
    27.5-180.0 180.0   5.0 450.0                            LAT/LON1/LON2/DLON/H
  100   84   72   71   74   74   74   72   75   80   87   95   99  101  101  100
  101  105  114  129  145  156  163  170  181  197  217  235  256  268  293  311
  342  371  406  446  459  480  487  492  492  489  488  495  500  506  510  515
  511  511  500  490  469  446  423  407  399  393  379  354  325  292  265  247
  227  211  189  165  142  124  119  104  100                                   
    25.0-180.0 180.0   5.0 450.0                            LAT/LON1/LON2/DLON/H
  102   84   75   73   77   74   74   69   72   76   83   91   93   98   95   99
   97  107  113  136  149  169  170  181  187  206  222  245  264  295  319  357
  385  424  448  484  494  515  517  527  531  535  542  550  563  571  583  585
  587  583  582  568  553  525  504  489  478  472  455  432  390  360  326  310
  290  275  241  216  180  159  145  117  102                                   
    22.5-180.0 180.0   5.0 450.0                            LAT/LON1/LON2/DLON/H
  118  107   91   83   81   81   79   74   75   76   83   88   93   95   95   94
   96   99  114  134  154  171  179  190  198  213  232  255  280  315  355  395
  436  473  495  522  533  548  547  557  566  577  592  611  628  644  649  657
  657  659  655  644  623  594  563  545  530  525  510  490  454  419  381  359
  342  324  299  264  223  191  170  135  118                                   
    20.0-180.0 180.0   5.0 450.0                            LAT/LON1/LON2/DLON/H
  150  128  110   98   95   91   89   79   77   74   78   83   83   86   83   88
   85  100  112  141  158  182  185  201  203  222  235  270  293  345  389  436
  475  512  532  553  557  572  567  585  603  621  643  664  689  699  709  708
  717  716  717  701  674  644  611  592  568  562  546  530  493  470  433  417
  396  379  350  315  274  233  198  172  150                                   
    17.5-180.0 180.0   5.0 450.0                            LAT/LON1/LON2/DLON/H
  186  147  132  116  110  103  101   92   87   81   81   78   81   80   80   80
   86   94  117  144  167  186  196  207  215  232  251  283  313  365  417  464
  509  543  560  576  577  585  586  605  625  651  676  703  728  742  743  745
  741  742  731  715  687  659  626  595  569  554  535  521  497  482  454  444
  432  413  384  353  316  277  241  215  186                                   
    15.0-180.0 180.0   5.0 450.0                            LAT/LON1/LON2/DLON/H
  224  177  150  137  124  117  108   97   88   80   75   72   71   71   71   75
   82   96  120  151  174  194  201  214  223  248  268  302  333  382  432  480
  526  559  576  587  590  597  608  626  648  677  705  734  758  766  761  755
  745  734  716  704  670  652  606  571  531  512  489  483  470  463  444  445
  435  426  399  376  348  317  281  256  224                                   
    12.5-180.0 180.0   5.0 450.0                            LAT/LON1/LON2/DLON/H
  250  206  179  158  142  123  116  103   94   84   76   73   70   71   73   76
   87  104  131  161  181  198  204  222  237  263  288  322  353  402  450  495
  537  566  583  595  599  607  620  627  662  688  719  745  764  765  753  741
  722  705  689  669  646  614  572  526  485  452  423  416  409  409  401  406
  405  400  388  372  355  334  310  283  250                                   
    10.0-180.0 180.0   5.0 450.0                            LAT/LON1/LON2/DLON/H
  266  236  206  182  159  143  123  113   94   84   71   69   60   65   65   76
   87  109  136  166  187  203  214  233  250  275  304  341  377  425  466  506
  545  565  586  594  608  613  632  637  676  701  728  750  764  760  747  730
  708  690  669  651  619  589  537  497  446  408  376  368  364  369  366  375
  374  374  367  362  355  340  325  299  266                                   
     7.5-180.0 180.0   5.0 450.0                            LAT/LON1/LON2/DLON/H
  275  255  223  202  175  158  139  118  105   89   79   74   70   69   74   81
  100  120  147  176  195  212  219  240  259  291  323  364  408  446  481  509
