data/unet/pred2100.15i
     1.0            IONOSPHERE MAPS     GNSS                IONEX VERSION / TYPE
pyspatialgeodesy        IME             05-JAN-18 20:20     PGM / RUN BY / DATE 
Map Name                                                    COMMENT             
Predicted global ionosphere maps (GIM).                     DESCRIPTION         
  2015     7    29     0     0     0                        EPOCH OF FIRST MAP  
  2015     7    30     0     0     0                        EPOCH OF LAST MAP   
  7200                                                      INTERVAL            
    13                                                      # OF MAPS IN FILE   
  NONE                                                      MAPPING FUNCTION    
10.0                                                        ELEVATION CUTOFF    
One-way carrier phase leveled to code                       OBSERVABLES USED    
  6371.0                                                    BASE RADIUS         
 2                                                          MAP DIMENSION       
   450.0 450.0   0.0                                        HGT1 / HGT2 / DHGT  
    87.5 -87.5  -2.5                                        LAT1 / LAT2 / DLAT  
  -180.0 180.0   5.0                                        LON1 / LON2 / DLON  
    -1                                                      EXPONENT            
                                                            END OF HEADER       
[from data line 1287]
     4                                                      START OF TEC MAP    
  2015     7    29     6     0     0                        EPOCH OF CURRENT MAP
    87.5-180.0 180.0   5.0 450.0                            LAT/LON1/LON2/DLON/H
  113  139  140  139  140  137  140  140  142  141  142  141  142  141  142  140
  141  139  140  138  139  137  138  136  137  135  135  133  134  132  133  131
  132  130  131  129  131  130  131  130  132  131  133  132  133  133  134  133
  135  134  135  135  136  136  136  136  137  136  137  135  137  134  136  133
  135  132  135  132  137  131  144  113  113                                   
    85.0-180.0 180.0   5.0 450.0                            LAT/LON1/LON2/DLON/H
  127  135  126  133  132  131  133  135  136  137  138  138  139  139  139  138
  138  137  136  135  135  134  132  131  130  129  128  126  126  124  123  122
  122  121  121  121  121  121  121  122  122  123  124  124  125  126  127  127
  129  128  130  129  130  130  131  130  131  130  131  129  131  129  129  128
  129  127  128  127  126  119  131  130  127                                   
    82.5-180.0 180.0   5.0 450.0                            LAT/LON1/LON2/DLON/H
  124  124  123  125  126  126  131  132  136  135  138  137  139  138  139  137
  137  135  135  132  133  130  129  127  127  124  124  122  122  121  120  120
  120  120  119  120  120  121  120  122  122  124  124  126  127  129  130  131
  132  133  133  134  134  134  134  133  134  132  132  130  131  128  128  125
  126  123  125  122  122  119  126  119  124                                   
    80.0-180.0 180.0   5.0 450.0                            LAT/LON1/LON2/DLON/H
  131  124  119  121  121  122  126  128  131  132  134  134  135  134  134  133
  131  129  128  125  124  121  119  117  115  113  112  109  110  107  108  106
  108  107  109  108  111  110  114  113  118  116  122  121  126  126  131  130
  135  134  138  136  139  138  139  137  138  136  136  134  133  130  129  126
  125  122  122  121  120  113  117  118  131                                   
    77.5-180.0 180.0   5.0 450.0                            LAT/LON1/LON2/DLON/H
  128  120  117  119  121  121  124  125  127  129  130  131  131  132  130  131
  128  128  123  122  117  117  111  111  106  106  101  103   99  101   99  102
  101  104  103  107  106  110  110  114  116  120  122  128  130  135  138  142
  144  147  147  150  149  151  149  149  147  146  143  142  139  137  134  132
  129  127  126  125  123  115  117  113  128                                   
    75.0-180.0 180.0   5.0 450.0                            LAT/LON1/LON2/DLON/H
  135  120  116  116  115  116  115  118  117  120  119  122  121  124  122  123
  120  120  116  115  109  108  103  101   96   96   90   91   88   90   89   92
   93   95   96   99  101  103  106  108  112  116  121  125  131  136  141  144
  147  149  151  151  152  152  151  150  149  148  146  144  142  139  136  134
  130  130  127  127  124  117  119  114  135                                   
    72.5-180.0 180.0   5.0 450.0                            LAT/LON1/LON2/DLON/H
  133  119  115  114  113  112  111  111  110  111  111  113  112  115  113  115
  112  114  109  109  104  102   96   94   88   87   83   83   81   83   84   87
   88   92   93   97   97  101  103  107  110  118  122  131  136  143  147  153
  154  157  157  158  157  157  155  156  153  154  150  150  146  145  139  138
  134  133  131  131  129  121  121  116  133                                   
    70.0-180.0 180.0   5.0 450.0                            LAT/LON1/LON2/DLON/H
  137  122  119  116  112  110  108  107  104  105  104  107  106  109  108  109
  108  108  106  104  100   97   92   88   84   81   78   77   77   78   80   84
   87   90   93   96   97  100  102  107  111  118  125  134  141  147  152  155
  156  156  155  154  152  150  148  148  146  146  144  145  143  143  139  139
  136  135  134  135  133  125  123  122  137                                   
    67.5-180.0 180.0   5.0 450.0                            LAT/LON1/LON2/DLON/H
  138  123  119  119  113  110  106  103  100   99   98  100   99  102  102  104
  103  104  100  100   95   93   87   84   79   77   73   74   74   76   79   83
   87   91   93   97   97  100  102  108  113  123  131  141  148  155  158  160
  160  158  155  153  149  147  144  144  142  143  141  144  142  144  140  142
  138  140  139  141  140  130  127  127  138                                   
    65.0-180.0 180.0   5.0 450.0                            LAT/LON1/LON2/DLON/H
  145  130  129  124  119  113  107  103   97   97   94   96   95   97   98   98
   98   98   96   95   92   89   84   81   75   73   69   70   70   73   76   82
   85   90   92   96   96   99  101  109  115  125  135  145  153  160  162  163
  159  156  149  145  139  136  133  132  131  132  131  133  133  135  134  136
  135  138  139  141  141  134  129  134  145                                   
    62.5-180.0 180.0   5.0 450.0                            LAT/LON1/LON2/DLON/H
  145  134  129  129  122  118  110  105   98   96   92   93   92   93   93   93
   92   91   88   87   83   82   77   74   70   68   65   65   66   70   74   79
   84   89   92   95   96  101  104  111  119  130  141  151  160  166  168  167
  163  157  151  145  140  137  132  131  130  131  130  131  132  134  133  135
  134  138  140  144  146  140  135  140  145                                   
    60.0-180.0 180.0   5.0 450.0                            LAT/LON1/LON2/DLON/H
  151  141  141  136  131  124  118  109  102   97   92   91   90   90   89   88
   87   85   82   80   78   75   71   69   65   64   60   61   61   66   69   76
   80   86   90   94   97  101  105  113  123  134  146  157  166  171  171  169
  164  158  149  143  139  134  131  128  128  127  126  127  127  128  128  129
  130  134  137  142  146  141  136  144  151                                   
    57.5-180.0 180.0   5.0 450.0                            LAT/LON1/LON2/DLON/H
  149  146  143  144  139  135  125  118  107  103   95   93   89   87   85   81
   80   76   73   70   68   65   63   61   60   58   58   57   60   62   67   72
   79   84   91   95  101  107  111  120  131  142  154  164  174  177  179  175
  173  166  161  155  152  150  144  143  139  138  134  135  133  134  131  132
  132  136  140  145  150  145  140  146  149                                   
    55.0-180.0 180.0   5.0 450.0                            LAT/LON1/LON2/DLON/H
  157  154  155  154  151  145  139  129  118  108   99   93   88   84   81   77
   75   71   69   64   63   60   59   58   56   56   54   56   56   59   62   68
   73   80   86   93  100  107  115  124  136  146  160  170  179  183  185  182
  179  175  171  167  165  160  155  150  147  143  140  138  137  135  133  132
  132  134  138  143  148  146  140  149  157                                   
    52.5-180.0 180.0   5.0 450.0                            LAT/LON1/LON2/DLON/H
  155  158  160  165  162  158  149  141  128  118  103   97   88   83   78   73
   71   66   64   60   59   55   56   54   56   55   56   55   58   59   63   67
   74   80   90   99  110  118  127  137  148  159  170  179  190  192  197  193
  193  189  189  187  187  183  177  171  165  160  153  152  147  147  142  142
  139  142  145  150  154  151  145  152  155                                   
    50.0-180.0 180.0   5.0 450.0                            LAT/LON1/LON2/DLON/H
  163  165  168  174  173  169  163  154  142  129  114  101   90   81   75   71
   69   66   65   61   62   59   61   60   61   60   60   60   60   61   63   67
   72   80   89  100  113  123  136  144  157  163  179  186  197  200  206  204
  205  204  205  204  205  200  193  185  177  169  160  156  154  152  151  148
  147  147  149  153  157  155  147  158  163                                   
    47.5-180.0 180.0   5.0 450.0                            LAT/LON1/LON2/DLON/H
  164  168  173  181  182  179  173  163  150  139  121  107   92   83   76   71
   71   68   69   66   67   65   68   66   69   67   68   66   67   66   68   69
   76   83   96  109  125  137  150  160  170  177  191  197  210  213  221  219
  223  222  225  223  223  217  209  199  189  180  169  167  162  164  160  162
  159  161  162  166  168  165  154  163  164                                   
    45.0-180.0 180.0   5.0 450.0                            LAT/LON1/LON2/DLON/H
  171  173  178  186  187  186  181  171  160  148  132  114   98   85   77   74
   74   74   76   75   78   76   81   79   82   79   79   76   74   72   71   73
   77   85   97  112  128  141  157  165  176  182  198  203  215  219  228  229
  233  235  237  236  234  227  217  206  195  185  175  171  168  169  168  168
  167  168  169  172  174  169  159  170  171                                   
    42.5-180.0 180.0   5.0 450.0                            LAT/LON1/LON2/DLON/H
  174  176  179  186  187  186  183  174  164  155  139  122  103   91   82   79
   80   81   85   85   89   89   92   92   92   90   88   84   82   78   78   77
   83   91  105  122  140  155  169  179  189  195  208  213  225  228  239  240
  244  246  250  249  245  238  226  215  202  194  182  180  176  180  178  182
  180  184  184  187  189  182  171  178  174                                   
    40.0-180.0 180.0   5.0 450.0                            LAT/LON1/LON2/DLON/H
  184  183  185  186  185  184  180  176  169  161  149  132  114   99   88   85
   87   89   94   96   99  101  104  104  105  102   99   95   90   86   83   83
   87   95  108  124  142  157  173  182  195  201  215  219  230  234  245  247
  253  256  260  260  255  248  235  226  215  207  197  193  190  192  192  195
  196  198  199  201  201  193  182  190  184                                   
    37.5-180.0 180.0   5.0 450.0                            LAT/LON1/LON2/DLON/H
  196  190  189  186  182  178  176  172  169  163  154  140  123  108   97   92
   94   95  100  103  108  111  114  115  113  109  106  100   96   90   89   87
   93  100  114  131  149  165  181  193  204  215  226  234  244  248  259  261
  266  269  275  275  272  266  254  246  236  229  218  214  208  211  209  213
  213  218  218  221  219  212  200  203  196                                   
    35.0-180.0 180.0   5.0 450.0                            LAT/LON1/LON2/DLON/H
  216  203  202  192  184  176  172  170  167  166  160  150  135  119  106  101
   99  101  105  109  114  119  122  124  121  118  113  109  102   98   93   94
   97  104  115  130  147  162  179  190  206  216  231  238  249  255  268  271
  278  281  289  293  294  291  282  275  268  260  249  242  236  234  232  233
  236  238  240  240  238  229  219  221  216                                   
    32.5-180.0 180.0   5.0 450.0                            LAT/LON1/LON2/DLON/H
  237  218  216  201  189  178  173  167  166  165  162  154  144  129  115  107
  105  104  108  112  118  126  129  131  128  123  119  112  108  102  100   97
  102  107  118  131  148  165  178  194  205  222  233  248  257  269  280  288
  294  299  309  315  320  321  316  313  305  299  286  278  268  264  258  261
  261  265  264  264  260  252  242  241  237                                   
    30.0-180.0 180.0   5.0 450.0                            LAT/LON1/LON2/DLON/H
  264  243  236  218  202  186  177  169  168  167  167  160  152  137  122  112
  108  106  109  114  121  129  135  137  134  129  124  119  112  109  104  103
  103  108  114  127  141  158  173  186  202  216  232  246  260  270  285  290
  303  308  323  332  343  349  353  354  351  343  330  319  306  297  289  288
  289  289  290  286  282  275  266  265  264                                   
    27.5-180.0 180.0   5.0 450.0                            LAT/LON1/LON2/DLON/H
  289  270  259  241  223  202  188  178  172  169  166  162  155  142  128  116
  111  106  109  114  123  134  140  145  140  134  128  122  118  112  109  105
  105  105  112  123  137  156  169  186  197  214  227  248  259  276  287  298
  308  319  335  347  362  371  382  388  388  382  370  356  343  331  323  317
  318  317  318  314  310  303  296  290  289                                   
    25.0-180.0 180.0   5.0 450.0                            LAT/LON1/LON2/DLON/H
  317  299  284  266  249  224  205  189  180  173  171  164  158  145  132  120
  113  108  111  117  127  138  146  150  146  138  131  125  118  115  110  106
  102  104  105  118  130  150  165  180  195  208  227  244  262  274  291  298
  314  324  344  361  380  396  410  419  421  416  404  392  378  366  356  350
  347  344  343  337  333  329  323  317  317                                   
    22.5-180.0 180.0   5.0 450.0                            LAT/LON1/LON2/DLON/H
  338  325  312  293  272  247  224  202  189  179  172  165  157  146  134  122
  115  109  114  119  132  144  152  157  151  143  132  126  119  114  109  103
   99   96  100  109  124  145  162  180  191  208  221  245  260  278  293  306
  322  337  359  378  399  416  430  438  442  435  427  414  404  393  386  376
  375  368  368  362  356  353  347  339  338                                   
    20.0-180.0 180.0   5.0 450.0                            LAT/LON1/LON2/DLON/H
  359  348  332  316  297  269  243  213  196  182  174  165  158  147  137  127
  120  115  120  126  140  151  160  163  157  146  133  126  117  113  105  101
   92   92   89  104  116  143  159  180  192  206  223  243  264  279  296  309
  327  345  367  391  412  431  445  453  455  451  443  434  425  415  408  399
  396  389  384  377  367  365  360  356  359                                   
    17.5-180.0 180.0   5.0 450.0                            LAT/LON1/LON2/DLON/H
  366  360  348  332  313  286  256  223  202  187  176  165  158  149  140  130
  124  119  124  129  145  154  164  165  157  144  129  121  110  104   97   89
   84   79   83   92  111  136  158  177  190  203  218  242  260  279  293  311
  332  351  376  396  417  433  443  449  450  447  442  436  433  428  423  414
  410  401  397  388  380  376  370  366  366                                   
    15.0-180.0 180.0   5.0 450.0                            LAT/LON1/LON2/DLON/H
  371  365  353  339  322  295  264  231  208  191  181  169  161  153  145  139
  135  132  136  141  153  163  169  169  158  144  127  116  104   99   88   84
   72   73   70   88  102  134  153  177  188  204  217  241  261  279  294  315
  334  358  378  402  415  433  439  448  447  447  444  442  441  440  437  429
  422  412  405  396  386  383  375  375  371                                   
    12.5-180.0 180.0   5.0 450.0                            LAT/LON1/LON2/DLON/H
  370  369  360  346  328  303  272  238  214  197  187  175  167  158  152  145
  142  138  142  144  155  161  167  162  150  134  116  104   91   86   78   72
   67   66   69   82  102  128  153  172  187  200  214  237  257  278  295  317
  340  361  385  402  416  426  431  437  440  440  439  439  441  444  441  433
  426  417  411  402  395  392  383  380  370                                   
    10.0-180.0 180.0   5.0 450.0                            LAT/LON1/LON2/DLON/H
  371  369  358  345  325  303  274  242  219  203  194  183  177  168  163  158
  157  154  156  155  160  163  163  156  143  127  111   98   87   83   74   72
   62   65   63   82   97  128  147  170  183  198  209  233  256  277  298  320
  346  370  391  410  418  432  433  443  445  448  447  448  449  451  447  440
  432  423  416  407  403  398  388  388  371                                   
     7.5-180.0 180.0   5.0 450.0                            LAT/LON1/LON2/DLON/H
  374  373  363  348  327  306  278  249  225  211  201  191  185  178  172  167
  163  160  157  155  156  155  153  145  131  116   99   89   79   74   70   65
