data/unet/pred2410.15i
     1.0            IONOSPHERE MAPS     GNSS                IONEX VERSION / TYPE
pyspatialgeodesy        IME             05-JAN-18 20:20     PGM / RUN BY / DATE 
Map Name                                                    COMMENT             
Predicted global ionosphere maps (GIM).                     DESCRIPTION         
  2015     8    29     0     0     0                        EPOCH OF FIRST MAP  
  2015     8    30     0     0     0                        EPOCH OF LAST MAP   
  7200                                                      INTERVAL            
    13                                                      # OF MAPS IN FILE   
  NONE                                                      MAPPING FUNCTION    
10.0                                                        ELEVATION CUTOFF    
One-way carrier phase leveled to code                       OBSERVABLES USED    
  6371.0                                                    BASE RADIUS         
 2                                                          MAP DIMENSION       
   450.0 450.0   0.0                                        HGT1 / HGT2 / DHGT  
    87.5 -87.5  -2.5                                        LAT1 / LAT2 / DLAT  
  -180.0 180.0   5.0                                        LON1 / LON2 / DLON  
    -1                                                      EXPONENT            
                                                            END OF HEADER       
[from data line 2574]
     7                                                      START OF TEC MAP    
  2015     8    29    12     0     0                        EPOCH OF CURRENT MAP
    87.5-180.0 180.0   5.0 450.0                            LAT/LON1/LON2/DLON/H
   95  100   99  102   99   99   98   98   97   96   94   94   93   92   91   90
   90   88   89   88   88   87   88   88   87   88   88   89   88   89   88   89
   87   88   87   88   87   88   88   89   88   90   89   90   89   90   89   90
   89   91   90   92   91   93   92   94   93   95   94   96   95   97   96   97
   97   98   98   99   99  100  108   97   95                                   
    85.0-180.0 180.0   5.0 450.0                            LAT/LON1/LON2/DLON/H
  100  100   97   92   94   92   94   92   93   89   91   88   90   86   89   85
   88   84   87   84   86   83   86   83   84   82   84   82   83   82   83   82
   82   81   83   81   83   82   84   83   85   84   86   85   87   86   88   86
   88   86   88   86   88   87   89   87   90   88   91   89   92   90   93   90
   94   92   95   92   95   96  100  103  100                                   
    82.5-180.0 180.0   5.0 450.0                            LAT/LON1/LON2/DLON/H
   98   95   97   94   94   93   92   92   90   89   87   87   85   84   83   83
   81   81   80   82   80   81   80   82   80   81   80   81   80   81   80   81
   79   80   80   81   80   81   81   82   82   83   83   83   84   83   83   82
   83   81   83   81   83   81   84   82   85   82   86   83   86   83   87   84
   88   86   90   87   91   89   91   89   98                                   
    80.0-180.0 180.0   5.0 450.0                            LAT/LON1/LON2/DLON/H
   89   86   90   89   90   86   90   85   88   82   85   80   82   76   80   76
   79   74   79   76   79   75   79   77   80   76   81   78   81   78   82   79
   81   78   81   79   82   80   83   82   85   83   86   85   87   86   87   85
   86   85   85   84   85   84   86   84   85   84   85   84   84   83   84   82
   84   83   85   84   86   83   80   84   89                                   
    77.5-180.0 180.0   5.0 450.0                            LAT/LON1/LON2/DLON/H
   81   81   80   80   80   79   79   78   75   74   72   72   69   68   67   69
   66   68   67   71   69   73   71   76   73   77   75   79   75   79   77   80
   77   80   77   80   78   81   80   82   81   83   83   84   83   85   84   85
   82   85   83   84   82   84   82   83   81   82   80   80   77   77   75   75
   74   75   74   75   76   74   73   76   81                                   
    75.0-180.0 180.0   5.0 450.0                            LAT/LON1/LON2/DLON/H
   72   71   74   74   74   71   73   69   69   64   64   61   61   58   60   58
   60   59   63   63   67   67   71   71   74   73   76   76   78   77   79   79
   79   80   80   80   80   81   83   83   83   84   86   85   86   86   87   86
   86   86   87   85   85   85   85   82   81   79   78   74   74   71   71   67
   67   66   68   67   69   68   66   73   72                                   
    72.5-180.0 180.0   5.0 450.0                            LAT/LON1/LON2/DLON/H
   65   65   67   67   67   65   66   63   63   59   59   56   56   54   55   54
   56   56   59   60   63   65   67   70   71   74   74   77   77   80   79   82
   81   83   83   83   83   84   86   86   86   87   88   89   89   90   90   90
   88   89   88   88   86   87   84   84   80   80   76   75   71   69   67   64
   63   62   61   60   61   60   63   67   65                                   
    70.0-180.0 180.0   5.0 450.0                            LAT/LON1/LON2/DLON/H
   60   58   62   61   62   60   62   58   59   54   54   52   52   49   51   50
   53   53   57   58   63   64   69   70   74   74   76   77   79   80   81   82
   82   83   84   84   85   86   88   88   88   90   91   92   92   94   94   93
   92   92   92   91   90   89   88   85   84   81   79   75   73   69   68   63
   61   58   58   57   58   57   58   65   60                                   
    67.5-180.0 180.0   5.0 450.0                            LAT/LON1/LON2/DLON/H
   54   55   56   57   57   56   57   54   55   51   52   50   50   49   50   51
   52   54   57   60   63   66   68   71   72   74   74   77   76   80   79   82
   82   85   86   87   88   89   91   90   91   92   95   95   96   97   97   96
   95   94   93   92   90   90   89   88   85   85   82   79   77   73   70   64
   62   57   56   52   54   51   56   58   54                                   
    65.0-180.0 180.0   5.0 450.0                            LAT/LON1/LON2/DLON/H
   54   49   53   54   54   52   55   52   53   50   50   49   49   49   50   51
   53   54   57   60   64   65   69   70   73   73   75   76   77   79   80   81
   81   84   86   87   88   89   91   90   91   94   95   97   97  100   99   99
   97   98   97   96   94   94   93   92   91   91   89   87   83   80   76   70
   66   61   58   54   54   52   54   58   54                                   
    62.5-180.0 180.0   5.0 450.0                            LAT/LON1/LON2/DLON/H
   50   51   50   52   51   50   49   49   49   47   48   47   49   49   51   53
   55   57   59   62   64   66   67   68   69   70   72   74   74   77   77   80
   80   83   85   87   89   90   92   91   93   95   97   98  100  101  102  100
  100   99   99   97   97   96   96   96   95   96   94   94   89   87   81   76
   70   65   61   55   54   51   55   54   50                                   
    60.0-180.0 180.0   5.0 450.0                            LAT/LON1/LON2/DLON/H
   53   49   51   51   51   47   49   46   47   44   45   46   48   49   52   55
   57   59   61   63   65   65   67   67   69   69   71   72   75   76   78   80
   82   84   87   88   90   90   92   92   94   96   99   99  101  101  104  102
  103  102  103  101  102  101  102  101  101  101  101   99   97   93   88   82
   75   69   64   58   57   54   54   55   53                                   
    57.5-180.0 180.0   5.0 450.0                            LAT/LON1/LON2/DLON/H
   54   55   52   52   50   46   45   42   41   40   41   42   44   46   51   55
   57   60   61   65   63   65   64   65   65   68   69   72   73   77   78   81
   82   86   88   90   92   93   96   96   98  100  103  103  104  105  107  106
  108  108  109  107  108  107  108  106  106  107  105  106  101  100   93   89
   80   75   69   64   60   56   59   54   54                                   
    55.0-180.0 180.0   5.0 450.0                            LAT/LON1/LON2/DLON/H
   58   55   54   53   52   47   45   39   38   34   35   37   39   43   47   52
   56   60   61   63   63   63   64   65   67   68   71   74   76   79   82   84
   87   90   93   96   99  101  104  104  107  107  111  108  110  108  112  110
  114  113  116  115  116  114  114  112  112  111  110  108  106  103   99   93
   85   80   74   67   64   60   59   57   58                                   
    52.5-180.0 180.0   5.0 450.0                            LAT/LON1/LON2/DLON/H
   61   62   57   56   55   49   46   39   35   29   30   30   34   37   43   48
   52   56   58   64   62   64   63   66   66   70   72   78   77   82   83   88
   89   95   98  103  107  110  113  115  118  119  120  118  119  118  121  119
  124  124  127  125  127  124  124  121  121  119  117  116  112  109  103   99
   91   86   79   72   69   63   65   59   61                                   
    50.0-180.0 180.0   5.0 450.0                            LAT/LON1/LON2/DLON/H
   64   64   60   59   58   52   48   39   34   25   26   24   28   31   37   41
   46   52   56   61   63   65   66   68   70   75   78   83   85   88   91   94
   97  101  106  112  117  121  127  128  132  132  132  128  128  126  126  125
  128  129  132  132  133  131  130  128  127  126  123  121  118  114  110  105
   98   93   86   78   74   68   66   63   64                                   
    47.5-180.0 180.0   5.0 450.0                            LAT/LON1/LON2/DLON/H
   66   67   64   62   63   56   53   43   37   28   25   23   26   28   33   37
   42   48   53   60   62   65   67   73   74   81   83   91   88   96   93  101
   99  109  113  122  126  133  139  140  145  144  145  142  140  138  137  136
  138  138  142  140  141  139  138  136  135  135  133  130  126  122  117  112
  105  100   92   83   78   71   71   66   66                                   
    45.0-180.0 180.0   5.0 450.0                            LAT/LON1/LON2/DLON/H
   68   67   64   63   64   60   59   48   42   31   29   24   27   26   32   33
   40   45   52   60   65   69   72   77   82   87   91   97   97  101  101  105
  108  115  122  131  139  145  154  156  161  159  160  156  155  150  148  145
  145  144  145  144  144  142  141  140  140  142  141  138  135  130  125  119
  113  109  101   92   84   77   72   73   68                                   
    42.5-180.0 180.0   5.0 450.0                            LAT/LON1/LON2/DLON/H
   69   69   65   65   68   64   65   56   51   42   38   33   33   31   33   35
   39   44   51   62   66   72   75   82   86   93   97  104  101  107  104  112
  110  124  129  143  149  157  166  170  175  174  178  173  172  166  164  159
  158  154  153  149  147  144  144  144  146  149  148  148  144  139  132  128
  120  115  108   97   89   80   76   77   69                                   
    40.0-180.0 180.0   5.0 450.0                            LAT/LON1/LON2/DLON/H
   72   68   66   65   68   68   70   62   60   50   48   41   42   36   39   36
   42   45   55   64   72   77   82   87   93   99  102  109  108  112  110  117
  120  130  139  151  161  170  181  185  193  191  195  190  190  181  181  172
  170  162  160  153  152  149  150  151  154  158  158  158  156  150  144  138
  131  125  118  107   96   87   82   86   72                                   
    37.5-180.0 180.0   5.0 450.0                            LAT/LON1/LON2/DLON/H
   75   73   66   66   70   70   74   69   68   62   60   55   53   47   46   43
   45   50   58   69   76   82   86   91   95  102  106  113  112  117  115  125
  126  141  149  164  173  184  194  201  208  210  213  210  209  204  201  194
  190  181  176  167  163  159  160  161  164  169  169  170  165  160  152  147
  139  132  126  114  106   94   90   93   75                                   
    35.0-180.0 180.0   5.0 450.0                            LAT/LON1/LON2/DLON/H
   83   75   68   66   69   71   77   73   75   69   70   65   64   56   55   48
   52   54   65   75   83   88   92   95   99  105  109  118  117  123  123  133
  138  151  163  177  189  198  211  216  226  226  229  225  226  222  221  214
  210  198  192  183  179  175  176  177  177  181  179  179  174  168  160  154
  145  139  130  123  112  106  101  105   83                                   
    32.5-180.0 180.0   5.0 450.0                            LAT/LON1/LON2/DLON/H
   91   84   72   70   70   72   78   77   79   75   77   74   73   66   63   57
   58   63   72   83   89   94   95   98   99  107  111  120  121  128  130  142
  149  164  177  193  204  217  226  236  241  247  245  247  243  245  240  238
  231  224  215  207  202  199  201  199  200  198  194  190  182  175  165  158
  149  141  135  126  120  111  109  112   91                                   
    30.0-180.0 180.0   5.0 450.0                            LAT/LON1/LON2/DLON/H
  104   93   81   74   76   76   81   78   81   77   79   76   78   71   70   63
   67   70   82   92   99  101  101  102  103  111  114  125  129  140  144  157
  165  182  197  212  226  235  246  252  258  261  262  264  265  266  264  261
  257  250  242  239  234  234  230  232  227  222  214  203  193  180  172  162
  154  145  138  132  124  120  117  121  104                                   
    27.5-180.0 180.0   5.0 450.0                            LAT/LON1/LON2/DLON/H
  116  107   92   86   83   82   83   82   81   78   78   77   80   77   76   71
   73   79   88  101  105  108  104  106  105  113  116  129  136  150  157  171
  181  199  212  230  244  254  261  269  272  277  278  283  283  288  284  287
  281  281  275  278  273  274  266  261  254  245  234  218  203  186  174  161
  153  142  138  131  129  121  122  127  116                                   
    25.0-180.0 180.0   5.0 450.0                            LAT/LON1/LON2/DLON/H
  131  119  106   98   95   91   91   85   84   77   78   74   79   75   77   72
   77   83   96  109  115  116  113  111  110  118  123  138  148  166  175  191
  203  220  236  252  264  272  276  280  284  287  291  296  302  306  306  309
  306  311  309  324  316  320  305  299  284  271  253  235  214  195  178  165
  154  146  138  136  129  130  127  132  131                                   
    22.5-180.0 180.0   5.0 450.0                            LAT/LON1/LON2/DLON/H
  144  132  119  112  105  102   98   92   86   80   76   75   77   77   77   77
   80   88  100  115  120  121  117  117  114  124  129  146  159  178  191  208
  218  238  255  273  283  290  295  298  303  308  309  318  318  328  326  335
  331  341  344  361  358  361  343  332  311  291  266  243  222  199  186  166
  159  144  142  135  139  134  138  142  144                                   
    20.0-180.0 180.0   5.0 450.0                            LAT/LON1/LON2/DLON/H
  155  145  132  125  120  115  111  101   93   80   78   72   76   73   77   75
   80   89  103  120  127  128  124  124  123  133  139  159  174  196  210  228
  242  262  276  293  300  308  313  318  322  327  329  337  340  354  355  367
  362  379  380  400  393  393  369  355  332  311  284  258  233  212  194  179
  165  157  148  149  144  149  147  155  155                                   
    17.5-180.0 180.0   5.0 450.0                            LAT/LON1/LON2/DLON/H
  168  154  143  135  130  125  121  110  100   88   79   75   75   77   76   78
   80   91  103  120  127  131  127  130  129  140  148  168  186  210  226  245
  261  286  300  320  331  345  350  357  359  364  362  372  371  386  381  395
  390  402  412  427  420  417  390  372  345  324  295  269  243  221  207  189
  179  164  158  153  155  151  161  170  168                                   
    15.0-180.0 180.0   5.0 450.0                            LAT/LON1/LON2/DLON/H
  176  163  153  145  145  139  136  123  113   94   86   76   78   75   77   74
   80   87  101  119  128  134  133  138  139  152  162  184  202  228  244  267
  282  302  315  335  347  360  361  371  368  380  377  392  392  410  405  419
  416  426  434  447  442  435  407  387  358  337  310  285  257  234  219  203
  192  182  175  178  170  174  177  196  176                                   
    12.5-180.0 180.0   5.0 450.0                            LAT/LON1/LON2/DLON/H
  189  170  164  157  151  147  142  130  122  105   94   84   80   79   78   79
   80   90  100  119  126  137  137  146  149  163  175  197  217  240  258  280
  303  322  340  360  374  387  390  398  398  410  410  424  421  435  427  442
  436  449  454  460  455  448  416  398  366  346  318  295  266  248  231  217
  205  193  185  178  178  172  184  204  189                                   
    10.0-180.0 180.0   5.0 450.0                            LAT/LON1/LON2/DLON/H
  195  179  176  164  164  153  155  139  136  111  104   87   85   79   80   77
   79   86   96  114  128  139  144  155  162  178  193  214  232  256  272  299
  316  335  351  371  381  393  392  405  402  418  413  430  426  443  440  457
  452  470  468  477  463  454  423  403  375  352  328  307  284  261  248  233
  221  210  202  199  195  192  195  223  195                                   
     7.5-180.0 180.0   5.0 450.0                            LAT/LON1/LON2/DLON/H
  207  184  182  170  165  151  150  135  135  119  109   95   89   85   83   82
   81   90   97  119  130  146  152  166  175  194  208  231  245  265  283  307
