data/unet/pred2730.15i
     1.0            IONOSPHERE MAPS     GNSS                IONEX VERSION / TYPE
pyspatialgeodesy        IME             05-JAN-18 20:20     PGM / RUN BY / DATE 
Map Name                                                    COMMENT             
Predicted global ionosphere maps (GIM).                     DESCRIPTION         
  2015     9    30     0     0     0                        EPOCH OF FIRST MAP  
  2015    10     1     0     0     0                        EPOCH OF LAST MAP   
  7200                                                      INTERVAL            
    13                                                      # OF MAPS IN FILE   
  NONE                                                      MAPPING FUNCTION    
10.0                                                        ELEVATION CUTOFF    
One-way carrier phase leveled to code                       OBSERVABLES USED    
  6371.0                                                    BASE RADIUS         
 2                                                          MAP DIMENSION       
   450.0 450.0   0.0                                        HGT1 / HGT2 / DHGT  
    87.5 -87.5  -2.5                                        LAT1 / LAT2 / DLAT  
  -180.0 180.0   5.0                                        LON1 / LON2 / DLON  
    -1                                                      EXPONENT            
                                                            END OF HEADER       
[from data line 4290]
    11                                                      START OF TEC MAP    
  2015     9    30    20     0     0                        EPOCH OF CURRENT MAP
    87.5-180.0 180.0   5.0 450.0                            LAT/LON1/LON2/DLON/H
  159  130  115  120  118  119  119  121  122  124  125  127  129  130  132  133
  134  135  135  135  135  135  134  133  132  131  129  128  126  124  122  121
  120  119  117  116  115  115  113  113  111  112  110  111  109  110  108  109
  108  109  108  110  109  110  110  111  110  111  110  111  110  112  111  112
  111  113  113  114  116  116  113  145  159                                   
    85.0-180.0 180.0   5.0 450.0                            LAT/LON1/LON2/DLON/H
  110  105  106  109  112  110  114  114  119  120  125  125  130  131  135  135
  138  138  139  139  140  139  138  136  135  133  130  128  126  123  121  118
  116  113  112  109  109  106  106  103  103  100  102   99  101   97  100   97
  100   97  101   98  102  100  103  100  103  101  103  100  103  100  103   99
  103  100  105  101  106  103  104  121  110                                   
    82.5-180.0 180.0   5.0 450.0                            LAT/LON1/LON2/DLON/H
  102   98   98  105  104  109  109  116  117  124  126  133  135  142  142  148
  148  153  151  154  151  152  148  147  143  140  135  132  126  124  118  116
  111  109  104  103   99   98   94   94   91   91   89   89   88   89   88   90
   89   91   91   93   93   95   94   96   95   97   94   96   93   96   92   95
   91   94   92   95   93   94   91  102  102                                   
    80.0-180.0 180.0   5.0 450.0                            LAT/LON1/LON2/DLON/H
   94   84   86   90   95   96  103  106  115  118  127  130  139  142  149  151
  156  157  160  159  161  158  157  153  150  144  139  133  128  121  117  111
  107  102   99   95   92   88   86   82   81   78   78   75   76   74   76   74
   77   76   79   78   81   80   82   81   83   81   82   79   81   78   80   77
   79   77   80   77   79   76   80   86   94                                   
    77.5-180.0 180.0   5.0 450.0                            LAT/LON1/LON2/DLON/H
   80   79   79   84   88   93   99  106  113  120  127  135  141  148  154  159
  162  165  167  167  166  164  161  157  152  145  140  130  125  116  112  105
  100   95   91   86   83   79   76   72   69   66   65   63   63   62   63   63
   64   65   67   67   69   68   70   69   70   69   69   68   68   67   67   66
   66   65   66   66   66   66   67   70   80                                   
    75.0-180.0 180.0   5.0 450.0                            LAT/LON1/LON2/DLON/H
   75   73   78   83   88   95  102  108  116  123  132  139  148  154  162  166
  171  173  175  174  173  170  167  161  156  149  141  132  125  117  111  105
  100   96   92   87   83   79   75   70   66   63   60   59   57   58   57   59
   58   60   60   61   60   62   60   61   60   61   60   60   60   59   60   59
   60   60   62   61   63   61   67   71   75                                   
    72.5-180.0 180.0   5.0 450.0                            LAT/LON1/LON2/DLON/H
   76   81   83   91   95  100  108  115  123  130  139  146  154  160  167  171
  175  177  178  177  176  172  169  162  156  148  140  130  123  115  109  104
  100   96   92   88   84   78   73   68   62   59   55   53   51   52   51   52
   52   52   52   52   51   50   50   49   49   49   48   48   48   49   50   50
   52   52   55   56   59   60   66   70   76                                   
    70.0-180.0 180.0   5.0 450.0                            LAT/LON1/LON2/DLON/H
   83   84   91   95  101  107  115  121  128  136  144  151  159  164  170  174
  177  178  179  178  176  173  170  163  158  149  141  131  123  116  111  106
  103  100   97   93   88   82   76   70   64   59   55   53   52   52   51   51
   51   50   49   47   45   43   41   39   39   38   39   38   42   40   45   43
   48   48   54   55   62   62   73   78   83                                   
    67.5-180.0 180.0   5.0 450.0                            LAT/LON1/LON2/DLON/H
   91   96   98  107  111  117  124  130  138  144  153  159  166  170  174  176
  178  178  179  177  176  172  170  163  157  148  141  131  123  115  111  107
  105  101   98   94   88   82   75   69   62   58   53   52   49   50   48   50
   47   47   43   40   36   33   30   28   27   27   28   30   31   34   36   38
   42   45   50   55   61   64   74   81   91                                   
    65.0-180.0 180.0   5.0 450.0                            LAT/LON1/LON2/DLON/H
  100  101  107  113  118  124  131  136  143  150  157  163  169  173  177  177
  179  178  179  177  177  174  171  166  161  151  144  134  128  119  115  110
  109  104  101   96   89   82   75   68   61   57   54   53   51   52   51   50
   48   45   42   37   33   28   26   22   23   22   25   25   29   30   35   35
   41   42   51   54   64   67   81   89  100                                   
    62.5-180.0 180.0   5.0 450.0                            LAT/LON1/LON2/DLON/H
  106  109  111  121  125  132  138  143  151  156  164  168  175  177  180  179
  180  178  179  177  177  175  172  167  162  154  146  138  131  125  120  115
  112  106  101   95   87   80   71   65   58   55   52   52   51   52   51   50
   46   44   38   33   27   23   20   18   18   18   20   22   25   28   31   34
   38   42   48   55   63   70   82   92  106                                   
    60.0-180.0 180.0   5.0 450.0                            LAT/LON1/LON2/DLON/H
  111  111  116  124  129  136  142  147  154  159  165  170  176  178  180  180
  180  179  179  178  179  177  176  171  167  158  153  144  141  133  130  123
  118  111  104   95   87   78   70   63   59   56   56   57   57   56   55   52
   49   43   39   32   28   23   22   19   22   21   25   26   31   32   36   36
   41   43   52   57   68   73   87   96  111                                   
    57.5-180.0 180.0   5.0 450.0                            LAT/LON1/LON2/DLON/H
  116  118  120  130  136  142  149  153  160  164  171  175  180  183  184  184
  183  182  181  180  180  180  177  173  168  162  157  153  149  145  140  133
  126  116  107   97   87   77   69   64   61   60   61   63   63   61   60   55
   51   44   40   34   29   25   24   23   25   26   29   31   33   35   37   39
   42   46   53   60   69   78   90   99  116                                   
    55.0-180.0 180.0   5.0 450.0                            LAT/LON1/LON2/DLON/H
  118  121  128  137  144  151  158  161  167  170  175  178  183  184  187  186
  186  184  183  183  183  182  181  176  172  166  165  162  163  159  156  147
  138  125  113  101   90   80   73   69   68   69   72   74   75   72   69   63
   58   51   47   41   38   34   34   34   37   39   42   43   45   44   47   45
   50   52   60   65   76   82   96  104  118                                   
    52.5-180.0 180.0   5.0 450.0                            LAT/LON1/LON2/DLON/H
  125  130  135  147  155  163  169  174  177  181  182  186  187  190  189  191
  188  188  185  185  184  183  180  177  172  170  169  170  172  172  168  158
  147  132  119  106   95   86   79   77   77   80   83   85   86   82   78   71
   66   59   56   50   48   46   47   47   51   53   55   55   55   54   53   53
   55   59   67   74   84   94  104  112  125                                   
    50.0-180.0 180.0   5.0 450.0                            LAT/LON1/LON2/DLON/H
  132  140  150  161  170  178  185  187  191  191  193  192  194  193  195  194
  192  190  188  186  186  183  181  177  175  173  175  178  183  183  180  169
  155  139  125  112  101   93   89   88   90   94   98  101  100   96   91   84
   79   74   71   66   64   62   63   65   68   70   72   71   70   68   67   65
   68   71   80   86   97  103  115  127  132                                   
    47.5-180.0 180.0   5.0 450.0                            LAT/LON1/LON2/DLON/H
  144  154  162  175  184  193  199  204  205  207  204  205  202  204  201  202
  198  197  192  191  187  185  181  178  175  175  178  183  187  188  183  172
  157  141  127  116  107  102   99   99  101  105  108  111  109  105  100   94
   90   86   84   80   79   75   76   78   82   85   85   83   80   78   76   75
   76   82   89   98  106  117  126  140  144                                   
    45.0-180.0 180.0   5.0 450.0                            LAT/LON1/LON2/DLON/H
  152  165  177  189  198  209  216  218  222  221  221  218  217  214  213  212
  209  205  201  197  194  189  187  182  181  181  185  188  193  191  185  171
  156  140  128  119  113  109  108  108  110  114  117  120  119  116  112  106
  103  101   99   96   93   90   90   93   96   98   98   96   94   90   88   87
   90   95  104  111  121  128  140  156  152                                   
    42.5-180.0 180.0   5.0 450.0                            LAT/LON1/LON2/DLON/H
  160  172  183  198  208  218  226  232  235  238  236  235  230  230  225  226
  220  218  211  208  203  198  194  191  189  189  191  193  194  190  181  167
  152  139  129  123  119  117  116  115  115  118  120  123  121  119  115  113
  110  110  108  105  102   98   97   99  103  105  105  102   99   97   94   94
   96  103  110  119  127  138  148  168  160                                   
    40.0-180.0 180.0   5.0 450.0                            LAT/LON1/LON2/DLON/H
  165  179  193  206  215  226  234  241  247  250  251  250  248  244  242  239
  237  231  227  221  218  212  210  205  204  202  204  201  199  190  180  163
  150  138  133  129  128  126  124  122  120  122  122  124  124  122  121  119
  119  118  116  112  107  103  101  103  107  109  110  108  107  104  104  103
  107  112  121  129  137  143  155  175  165                                   
    37.5-180.0 180.0   5.0 450.0                            LAT/LON1/LON2/DLON/H
  167  180  192  206  216  227  236  246  254  261  264  265  262  261  257  255
  251  247  243  238  234  230  226  222  219  217  215  210  204  193  180  165
  154  146  143  141  141  138  135  131  126  125  123  125  122  123  119  120
  117  118  114  110  105  101  100  102  105  108  109  109  108  107  106  108
  109  116  122  131  138  145  157  179  167                                   
    35.0-180.0 180.0   5.0 450.0                            LAT/LON1/LON2/DLON/H
  172  187  200  213  220  234  242  253  263  272  277  280  280  278  275  271
  268  263  261  256  254  249  247  242  240  235  233  225  219  205  194  181
  173  168  166  165  161  155  149  144  136  133  129  130  127  126  123  121
  119  115  112  105  101   99  100  102  106  108  109  110  111  112  112  114
  116  121  129  136  142  146  158  180  172                                   
    32.5-180.0 180.0   5.0 450.0                            LAT/LON1/LON2/DLON/H
  178  190  200  214  224  235  245  257  269  281  289  296  295  295  290  287
  283  278  275  272  270  267  265  261  259  256  252  246  237  228  218  211
  205  203  199  195  186  177  166  157  150  145  140  139  134  131  124  120
  111  108  100   96   91   93   94  101  103  107  106  107  107  109  109  112
  114  121  128  138  144  151  161  185  178                                   
    30.0-180.0 180.0   5.0 450.0                            LAT/LON1/LON2/DLON/H
  188  201  212  226  234  248  256  268  280  292  302  309  310  310  305  302
  297  294  291  288  286  282  279  276  276  276  276  272  266  262  256  252
  249  245  239  227  212  199  186  176  166  160  155  153  146  143  133  125
  114  105   96   90   88   90   94   99  103  105  105  106  106  109  110  113
  116  126  138  149  156  160  171  195  188                                   
    27.5-180.0 180.0   5.0 450.0                            LAT/LON1/LON2/DLON/H
  202  210  224  239  250  261  268  280  290  303  313  324  324  326  321  318
  313  308  304  300  296  290  287  285  287  293  298  299  301  304  304  304
  297  291  275  258  236  221  206  195  185  180  174  171  162  155  142  129
  115  104   92   87   84   89   91   98   99  102  101  101  100  104  104  108
  112  123  138  154  165  175  186  210  202                                   
    25.0-180.0 180.0   5.0 450.0                            LAT/LON1/LON2/DLON/H
  221  230  249  262  270  282  289  299  310  323  332  341  344  345  340  339
  332  329  321  317  309  301  295  295  299  312  321  333  342  350  355  357
  352  340  313  285  256  237  222  212  203  197  191  187  178  169  154  139
  123  109   98   91   90   92   97  101  104  103  101   99   99  100  103  108
  114  128  146  166  180  189  204  222  221                                   
    22.5-180.0 180.0   5.0 450.0                            LAT/LON1/LON2/DLON/H
  237  247  267  281  291  301  309  320  330  344  353  365  366  369  367  367
  361  354  344  336  327  315  306  305  314  330  348  367  379  392  398  403
  392  372  335  299  262  240  227  219  212  208  204  199  191  180  166  149
  134  118  107  102  100  103  104  108  108  107  102  100   96   97   96  102
  109  125  145  169  186  202  216  235  237                                   
    20.0-180.0 180.0   5.0 450.0                            LAT/LON1/LON2/DLON/H
  253  266  290  303  315  327  335  345  353  367  376  389  393  397  394  397
  392  388  376  368  354  342  330  330  338  358  376  397  415  427  439  439
  425  392  344  301  260  236  223  217  210  208  204  201  194  186  175  161
  146  131  121  115  114  113  115  115  115  112  107  102   98   97   98  102
  112  129  151  176  193  207  223  241  253                                   
    17.5-180.0 180.0   5.0 450.0                            LAT/LON1/LON2/DLON/H
  260  276  301  318  333  348  356  366  375  388  398  414  423  429  430  435
  434  431  420  408  393  378  367  363  369  386  403  424  439  456  462  458
  431  389  330  283  245  220  207  201  197  195  193  192  189  184  179  170
  159  145  136  129  128  128  126  125  121  117  111  105   99   98   97  100
  107  123  145  171  188  209  222  246  260                                   
    15.0-180.0 180.0   5.0 450.0                            LAT/LON1/LON2/DLON/H
  269  287  315  336  353  374  380  391  396  412  422  448  458  473  470  476
  474  473  464  458  439  425  411  408  407  417  431  447  464  472  475  458
  425  370  310  262  226  206  192  188  184  182  181  181  181  180  179  173
  167  155  149  141  141  137  134  129  124  118  112  107  101   99   98  102
  107  125  147  171  188  204  222  245  269                                   
    12.5-180.0 180.0   5.0 450.0                            LAT/LON1/LON2/DLON/H
  267  292  319  344  367  385  399  407  415  428  449  473  497  509  513  514
  510  509  506  500  489  480  464  454  447  449  454  469  475  478  466  442
  398  342  282  241  212  192  182  176  173  169  169  170  172  173  177  176
  174  166  159  154  151  147  138  131  123  118  111  105   99   98   97   99
  104  118  137  161  176  198  215  247  267                                   
    10.0-180.0 180.0   5.0 450.0                            LAT/LON1/LON2/DLON/H
  276  299  330  356  381  404  419  430  437  456  473  506  520  542  539  547
  545  550  548  548  537  530  516  501  488  482  483  488  490  477  459  423
  378  319  267  234  213  200  191  184  177  171  169  167  169  172  178  180
  179  173  167  162  158  150  139  129  120  115  108  103   98   97   97   99
  103  116  136  156  172  191  212  244  276                                   
     7.5-180.0 180.0   5.0 450.0                            LAT/LON1/LON2/DLON/H
  278  311  340  369  398  420  439  447  458  472  497  523  543  558  564  573
  577  583  586  590  581  573  555  538  519  508  501  500  488  469  441  403
