data/unet/pred3030.15i
     1.0            IONOSPHERE MAPS     GNSS                IONEX VERSION / TYPE
pyspatialgeodesy        IME             05-JAN-18 20:20     PGM / RUN BY / DATE 
Map Name                                                    COMMENT             
Predicted global ionosphere maps (GIM).                     DESCRIPTION         
  2015    10    30     0     0     0                        EPOCH OF FIRST MAP  
  2015    10    31     0     0     0                        EPOCH OF LAST MAP   
  7200                                                      INTERVAL            
    13                                                      # OF MAPS IN FILE   
  NONE                                                      MAPPING FUNCTION    
10.0                                                        ELEVATION CUTOFF    
One-way carrier phase leveled to code                       OBSERVABLES USED    
  6371.0                                                    BASE RADIUS         
 2                                                          MAP DIMENSION       
   450.0 450.0   0.0                                        HGT1 / HGT2 / DHGT  
    87.5 -87.5  -2.5                                        LAT1 / LAT2 / DLAT  
  -180.0 180.0   5.0                                        LON1 / LON2 / DLON  
    -1                                                      EXPONENT            
                                                            END OF HEADER       
[from data line 3003]
     8                                                      START OF TEC MAP    
  2015    10    30    14     0     0                        EPOCH OF CURRENT MAP
    87.5-180.0 180.0   5.0 450.0                            LAT/LON1/LON2/DLON/H
   85  110  112  111  109  111  110  112  111  112  111  112  110  111  110  110
  109  109  108  107  106  105  104  103  102  102  101  102  100  101   99  100
   97   97   94   94   91   92   89   90   87   88   86   88   85   87   85   88
   86   89   87   91   89   93   92   95   94   98   96  100   98  102  101  103
  103  106  105  105  105  109  119   96   85                                   
    85.0-180.0 180.0   5.0 450.0                            LAT/LON1/LON2/DLON/H
  101  116  116  116  118  116  120  117  122  118  122  118  122  117  120  115
  117  112  114  110  112  108  109  104  106  102  104  100  101   98   99   95
   96   91   92   86   86   81   80   76   74   72   71   69   69   69   69   70
   71   72   75   75   79   79   84   84   89   88   93   92   97   96  100   98
  103  102  106  105  110  110  111  102  101                                   
    82.5-180.0 180.0   5.0 450.0                            LAT/LON1/LON2/DLON/H
  105  109  116  119  119  120  122  122  124  123  125  123  126  122  123  119
  119  115  115  111  111  109  108  107  106  107  106  106  105  105  103  100
   98   93   90   84   79   74   68   64   58   56   51   51   48   48   48   49
   52   53   57   58   64   66   71   73   77   80   82   85   88   90   92   94
   97  100  102  106  107  107  101   92  105                                   
    80.0-180.0 180.0   5.0 450.0                            LAT/LON1/LON2/DLON/H
   93   97   99  105  102  105  103  107  107  110  109  111  111  111  110  110
  108  108  106  106  106  106  106  108  108  110  110  111  110  111  108  107
  103  100   94   89   81   76   66   62   53   51   46   45   42   43   43   46
   47   51   54   59   61   67   69   75   75   80   79   83   83   86   85   88
   87   91   91   95   93   94   83   83   93                                   
    77.5-180.0 180.0   5.0 450.0                            LAT/LON1/LON2/DLON/H
   75   86   84   87   84   88   86   91   91   94   96   96   99   97  101   98
  101   99  102  102  105  106  109  113  114  119  120  124  123  125  124  123
  119  114  107   99   91   82   75   65   58   52   48   44   43   42   44   46
   48   52   55   59   62   67   70   74   75   78   78   81   79   82   80   82
   80   83   81   83   80   82   70   71   75                                   
    75.0-180.0 180.0   5.0 450.0                            LAT/LON1/LON2/DLON/H
   66   71   72   72   71   72   72   75   77   81   85   88   91   93   95   97
   99  100  102  104  107  111  116  120  124  127  133  136  140  140  143  140
  139  133  129  120  112  101   92   81   72   64   60   53   52   51   53   53
   56   58   61   62   65   68   71   73   76   77   80   78   80   77   78   74
   76   73   77   73   74   72   66   65   66                                   
    72.5-180.0 180.0   5.0 450.0                            LAT/LON1/LON2/DLON/H
   57   69   67   67   65   65   66   70   72   79   83   89   93   95  100  100
  104  105  110  114  118  125  129  136  140  149  153  161  164  168  169  169
  166  162  156  148  140  130  120  108   98   90   83   78   75   74   74   72
   72   72   73   72   71   72   71   73   72   77   75   78   75   76   72   73
   70   71   70   70   68   66   58   61   57                                   
    70.0-180.0 180.0   5.0 450.0                            LAT/LON1/LON2/DLON/H
   54   60   62   60   59   59   61   63   68   72   78   84   91   96  101  106
  111  115  121  126  131  138  143  151  156  165  171  180  184  189  191  192
  190  186  182  174  166  153  144  131  123  112  107   99   96   92   93   87
   86   82   80   75   71   67   67   65   67   67   70   71   73   71   72   67
   69   64   68   63   64   61   58   58   54                                   
    67.5-180.0 180.0   5.0 450.0                            LAT/LON1/LON2/DLON/H
   50   61   59   58   57   54   57   59   64   68   76   84   91   98  107  110
  120  125  133  141  145  153  157  168  172  181  188  196  199  205  205  207
  203  201  197  191  183  174  164  153  142  136  128  122  117  111  108  103
   98   91   85   75   69   62   59   56   55   57   57   63   64   67   65   66
   63   64   62   62   61   59   56   56   50                                   
    65.0-180.0 180.0   5.0 450.0                            LAT/LON1/LON2/DLON/H
   48   55   55   56   52   53   52   55   57   63   67   78   84   96  102  114
  121  131  139  147  154  161  167  177  182  190  195  203  206  211  213  214
  214  211  207  201  194  186  179  168  159  150  144  136  131  121  115  104
   99   86   79   66   56   48   43   39   41   41   46   50   56   57   61   58
   61   58   61   58   59   55   53   48   48                                   
    62.5-180.0 180.0   5.0 450.0                            LAT/LON1/LON2/DLON/H
   43   54   51   53   49   50   50   52   55   60   64   74   82   92  102  109
  121  130  143  153  162  172  176  187  189  197  199  207  209  213  214  216
  214  214  209  204  197  191  184  177  168  161  153  145  136  126  117  105
   96   82   73   58   49   39   33   29   29   31   35   42   47   52   54   55
   54   55   54   55   52   50   49   45   43                                   
    60.0-180.0 180.0   5.0 450.0                            LAT/LON1/LON2/DLON/H
   40   46   46   48   43   44   43   40   47   45   54   57   70   77   90  105
  114  131  140  155  163  174  179  188  190  197  199  207  208  212  214  217
  217  217  213  208  203  196  190  183  176  168  159  149  139  124  114   98
   88   73   61   47   37   27   23   18   22   23   30   35   43   45   50   48
   50   49   50   49   48   44   43   34   40                                   
    57.5-180.0 180.0   5.0 450.0                            LAT/LON1/LON2/DLON/H
   38   46   44   48   43   43   39   37   37   40   45   52   59   68   83   95
  110  122  137  151  165  175  182  190  191  197  198  206  208  214  215  220
  221  222  217  213  206  201  194  190  181  174  163  153  140  126  114   99
   88   72   64   49   42   33   28   26   25   27   32   39   44   48   48   48
   45   45   44   45   43   43   41   33   38                                   
    55.0-180.0 180.0   5.0 450.0                            LAT/LON1/LON2/DLON/H
   43   47   47   47   44   39   38   28   32   28   37   36   48   52   71   82
  104  123  135  153  163  178  181  189  190  195  199  207  210  217  223  230
  232  233  227  223  217  211  204  198  190  181  171  158  145  129  116  100
   89   76   66   56   49   42   38   37   39   39   43   48   51   53   52   50
   49   47   47   48   47   44   44   34   43                                   
    52.5-180.0 180.0   5.0 450.0                            LAT/LON1/LON2/DLON/H
   53   54   52   56   53   55   49   45   39   40   39   45   47   57   68   84
  102  122  137  154  167  179  182  190  189  196  198  210  214  224  231  239
  240  240  236  232  227  221  215  208  200  191  181  169  155  140  126  111
  103   91   85   76   70   65   62   61   61   61   62   66   64   66   62   61
   56   56   54   57   55   55   53   49   53                                   
    50.0-180.0 180.0   5.0 450.0                            LAT/LON1/LON2/DLON/H
   69   67   65   64   64   63   62   54   51   45   46   44   53   55   74   87
  110  129  143  161  169  181  182  189  189  195  200  211  219  230  240  247
  250  250  246  243  239  234  228  219  212  202  193  179  166  150  136  122
  113  106  100   95   90   87   83   83   83   83   83   84   83   80   77   74
   72   71   71   73   71   68   70   65   69                                   
    47.5-180.0 180.0   5.0 450.0                            LAT/LON1/LON2/DLON/H
   82   85   79   83   79   80   76   77   71   71   66   67   70   79   92  109
  125  142  156  170  177  188  186  194  190  199  202  215  223  236  245  252
  254  254  252  249  247  243  239  231  222  212  203  191  177  162  152  137
  130  121  116  111  108  104  101  102  102  103  100  103   97   98   92   92
   86   88   86   91   88   90   88   88   82                                   
    45.0-180.0 180.0   5.0 450.0                            LAT/LON1/LON2/DLON/H
   96  100   97   94   93   90   88   86   80   81   74   81   80   94  104  125
  139  156  165  178  182  190  190  193  194  199  205  215  225  235  244  249
  253  254  255  255  254  253  248  240  231  221  212  198  187  170  160  145
  136  127  122  117  113  108  106  107  109  110  110  111  110  110  108  106
  106  105  106  108  107  104  106  106   96                                   
    42.5-180.0 180.0   5.0 450.0                            LAT/LON1/LON2/DLON/H
  105  113  107  109  102  103   97   99   92   94   88   92   96  106  121  139
  156  169  178  190  192  200  196  202  198  205  207  218  223  231  236  241
  243  247  252  257  259  260  256  249  238  229  218  205  191  176  165  149
  140  128  121  113  106  100   96   98  101  105  106  112  111  116  114  117
  112  115  113  118  114  117  117  116  105                                   
    40.0-180.0 180.0   5.0 450.0                            LAT/LON1/LON2/DLON/H
  108  115  113  110  107  102   98   97   94   96   93  100  103  120  132  152
  166  179  185  195  198  202  202  202  202  204  210  214  219  221  224  227
  231  240  251  262  268  270  266  258  247  235  224  209  198  181  169  151
  139  124  116  104   96   86   83   85   91   96  103  109  110  116  117  121
  120  120  120  122  120  117  116  116  108                                   
    37.5-180.0 180.0   5.0 450.0                            LAT/LON1/LON2/DLON/H
  103  113  109  109  102  101   96   98   95   99  100  104  113  126  142  159
  174  185  193  203  205  211  206  210  206  210  208  213  211  213  211  218
  223  239  256  273  281  285  280  271  257  245  230  216  203  187  174  155
  143  126  116  103   92   82   77   79   88   94  100  108  109  112  112  116
  111  112  106  111  107  108  107  107  103                                   
    35.0-180.0 180.0   5.0 450.0                            LAT/LON1/LON2/DLON/H
   96   99  101   95   94   85   84   81   86   89   96  105  115  133  148  164
  179  188  196  205  208  211  211  209  209  208  210  209  209  207  209  218
  231  253  278  297  308  309  305  292  277  261  244  230  217  200  185  167
  155  140  131  116  105   91   86   85   95  102  110  115  113  114  113  113
  111  107  104  100   97   95   95   94   96                                   
    32.5-180.0 180.0   5.0 450.0                            LAT/LON1/LON2/DLON/H
   83   87   86   87   80   77   72   75   76   85   92  102  116  134  150  166
  179  191  199  209  214  220  216  218  211  214  210  213  210  216  220  236
  254  285  310  331  340  343  335  323  304  288  269  254  239  222  208  190
  179  167  163  151  143  128  122  117  123  129  133  135  131  129  120  117
  108  105   93   92   83   84   77   81   83                                   
    30.0-180.0 180.0   5.0 450.0                            LAT/LON1/LON2/DLON/H
   73   70   75   71   70   61   62   59   67   71   83   96  115  134  154  169
  185  194  206  215  222  226  224  220  217  215  219  223  229  240  253  275
  298  330  357  373  382  381  376  362  344  326  306  292  275  261  245  231
  221  216  215  211  201  187  176  166  166  167  167  165  158  151  144  132
  123  110  102   89   81   74   72   68   73                                   
    27.5-180.0 180.0   5.0 450.0                            LAT/LON1/LON2/DLON/H
   57   67   65   69   64   62   57   62   62   72   80   94  110  131  151  168
  185  199  212  225  232  237  230  228  220  225  228  243  255  277  294  323
  345  378  399  415  418  419  411  404  389  378  358  344  328  319  306  299
  294  295  298  299  290  275  255  239  225  216  204  201  189  181  168  156
  140  126  111   99   88   84   68   74   57                                   
    25.0-180.0 180.0   5.0 450.0                            LAT/LON1/LON2/DLON/H
   55   71   68   65   60   58   55   53   60   63   78   92  112  134  157  174
  194  208  222  238  241  244  237  233  230  235  249  269  291  321  344  371
  397  426  448  461  462  460  454  446  437  426  412  396  382  375  366  362
  360  364  366  370  364  351  331  315  302  285  268  247  223  206  197  184
  174  159  140  125  110  100   84   73   55                                   
    22.5-180.0 180.0   5.0 450.0                            LAT/LON1/LON2/DLON/H
   59   86   72   68   60   61   59   59   59   63   74   91  108  132  151  175
  194  214  232  248  252  255  244  245  240  255  272  307  334  369  393  423
  446  472  487  498  494  492  485  487  482  482  468  456  439  428  418  415
  415  419  427  424  417  393  377  351  346  327  322  300  273  249  227  215
  203  192  181  163  146  133  114  101   59                                   
    20.0-180.0 180.0   5.0 450.0                            LAT/LON1/LON2/DLON/H
   79   85   70   65   63   64   60   65   59   62   69   88  106  131  155  179
  202  222  237  255  259  262  254  256  258  276  304  343  380  410  445  469
  495  506  523  528  523  519  517  515  516  512  506  496  484  474  465  461
  460  463  465  456  440  420  395  374  364  346  338  324  299  276  255  236
  229  217  210  195  173  152  141  117   79                                   
    17.5-180.0 180.0   5.0 450.0                            LAT/LON1/LON2/DLON/H
   95  105   79   69   64   67   65   68   65   66   70   84  102  130  150  182
  200  227  245  264  266  274  267  273  281  308  338  380  414  451  484  509
  524  535  542  545  535  535  533  541  542  547  539  533  523  513  502  492
  485  478  474  457  444  417  396  374  368  352  346  328  311  286  268  248
  242  241  235  217  202  175  164  144   95                                   
    15.0-180.0 180.0   5.0 450.0                            LAT/LON1/LON2/DLON/H
  113  110   84   74   64   70   65   71   66   70   73   80   98  127  149  184
  206  230  250  271  273  282  280  292  308  335  369  404  446  476  513  527
  542  543  548  546  538  540  543  552  562  565  560  554  544  535  519  505
  486  474  454  440  414  391  365  351  340  337  333  329  317  305  286  272
  259  250  247  232  215  190  178  159  113                                   
    12.5-180.0 180.0   5.0 450.0                            LAT/LON1/LON2/DLON/H
  122  124   96   80   70   72   69   73   69   76   79   84  101  130  151  186
  210  239  258  278  283  297  302  320  340  368  395  436  469  504  529  538
  542  544  544  544  539  545  553  569  578  584  580  572  562  548  531  506
  480  447  417  390  360  332  308  296  292  298  302  309  305  302  287  276
  264  256  251  244  225  204  189  166  122                                   
    10.0-180.0 180.0   5.0 450.0                            LAT/LON1/LON2/DLON/H
  127  127   98   84   69   68   66   69   66   72   79   88  104  129  155  190
  217  249  269  291  298  311  323  344  368  390  426  460  498  522  535  534
  535  529  532  537  537  549  559  579  586  596  586  585  570  560  534  507
  458  416  364  328  293  268  247  242  243  257  270  288  291  291  278  268
  257  253  248  238  225  198  186  165  127                                   
     7.5-180.0 180.0   5.0 450.0                            LAT/LON1/LON2/DLON/H
  128  136  106   86   72   67   65   70   69   78   87   94  116  134  163  194
  224  257  276  296  307  326  342  371  390  425  455  493  516  533  533  533
