data/unet/pred0210.15i
     1.0            IONOSPHERE MAPS     GNSS                IONEX VERSION / TYPE
pyspatialgeodesy        IME             05-JAN-18 20:20     PGM / RUN BY / DATE 
Map Name                                                    COMMENT             
Predicted global ionosphere maps (GIM).                     DESCRIPTION         
  2015     1    21     0     0     0                        EPOCH OF FIRST MAP  
  2015     1    22     0     0     0                        EPOCH OF LAST MAP   
  7200                                                      INTERVAL            
    13                                                      # OF MAPS IN FILE   
  NONE                                                      MAPPING FUNCTION    
10.0                                                        ELEVATION CUTOFF    
One-way carrier phase leveled to code                       OBSERVABLES USED    
  6371.0                                                    BASE RADIUS         
 2                                                          MAP DIMENSION       
   450.0 450.0   0.0                                        HGT1 / HGT2 / DHGT  
    87.5 -87.5  -2.5                                        LAT1 / LAT2 / DLAT  
  -180.0 180.0   5.0                                        LON1 / LON2 / DLON  
    -1                                                      EXPONENT            
                                                            END OF HEADER       
[from data line 3003]
     8                                                      START OF TEC MAP    
  2015     1    21    14     0     0                        EPOCH OF CURRENT MAP
    87.5-180.0 180.0   5.0 450.0                            LAT/LON1/LON2/DLON/H
   55   75   80   84   81   84   82   84   81   83   80   82   79   80   77   77
   75   76   73   74   71   72   69   70   66   68   63   65   61   62   57   59
   55   56   52   53   50   51   48   49   47   47   46   46   46   46   45   45
   45   46   46   48   49   51   52   54   56   57   58   60   63   64   65   67
   68   71   71   74   73   76   84   71   55                                   
    85.0-180.0 180.0   5.0 450.0                            LAT/LON1/LON2/DLON/H
   67   80   78   74   77   76   77   76   77   75   76   74   75   73   73   71
   71   68   67   65   64   62   59   57   56   54   52   50   49   47   45   43
   43   39   39   36   37   34   35   31   34   31   33   30   34   32   35   33
   38   37   41   40   45   44   48   48   52   52   55   55   58   58   60   60
   63   63   66   67   71   71   79   65   67                                   
    82.5-180.0 180.0   5.0 450.0                            LAT/LON1/LON2/DLON/H
   71   71   69   72   71   72   72   72   73   71   73   70   72   68   69   65
   66   61   61   57   58   53   54   50   51   48   48   45   45   43   41   39
   37   35   32   30   27   25   23   21   20   17   18   16   18   16   20   18
   24   22   28   26   33   33   38   37   43   43   46   46   50   49   51   51
   54   55   56   58   58   60   65   56   71                                   
    80.0-180.0 180.0   5.0 450.0                            LAT/LON1/LON2/DLON/H
   62   59   57   61   62   62   65   65   67   67   68   69   69   68   67   66
   64   62   60   59   56   55   53   53   51   51   49   50   48   48   46   46
   43   42   37   36   30   30   23   24   18   20   15   17   15   18   17   22
   22   27   27   32   34   38   38   41   42   44   44   46   45   48   46   49
   48   51   49   52   51   52   56   44   62                                   
    77.5-180.0 180.0   5.0 450.0                            LAT/LON1/LON2/DLON/H
   49   49   48   49   49   52   54   57   58   60   63   64   66   65   67   64
   64   61   61   58   58   55   56   55   57   57   59   60   61   62   61   61
   57   56   52   49   44   40   35   32   27   24   22   20   19   19   21   22
   24   28   30   34   36   39   41   44   45   46   46   46   46   46   45   45
   44   44   43   43   41   40   43   34   49                                   
    75.0-180.0 180.0   5.0 450.0                            LAT/LON1/LON2/DLON/H
   44   33   40   39   43   43   47   48   53   54   59   60   64   64   67   64
   65   61   62   59   60   59   62   63   67   68   75   76   81   83   85   83
   81   77   73   66   61   55   49   43   38   34   31   28   28   27   28   28
   31   32   36   37   40   42   45   45   48   47   49   46   47   45   45   43
   42   41   40   40   38   35   39   25   44                                   
    72.5-180.0 180.0   5.0 450.0                            LAT/LON1/LON2/DLON/H
   34   31   34   36   35   39   41   46   48   53   57   62   65   67   68   68
   66   65   64   64   64   67   69   75   79   86   91   97  102  107  109  111
  108  108  101   96   87   80   72   65   58   53   49   45   43   41   39   40
   39   41   41   44   44   46   46   48   47   48   46   48   46   46   44   44
   42   42   41   39   36   32   32   22   34                                   
    70.0-180.0 180.0   5.0 450.0                            LAT/LON1/LON2/DLON/H
   36   25   33   32   35   35   41   41   47   49   54   58   63   64   67   66
   65   66   65   70   71   77   80   88   93  100  107  113  119  124  127  130
  130  128  125  118  112  103   95   86   79   72   67   61   58   53   51   47
   45   42   41   41   41   40   41   40   42   41   43   43   45   45   45   45
   44   42   41   40   38   31   35   21   36                                   
    67.5-180.0 180.0   5.0 450.0                            LAT/LON1/LON2/DLON/H
   29   28   33   33   35   37   40   43   46   50   53   60   63   66   67   67
   66   67   69   75   78   88   92  104  108  119  122  131  133  141  142  148
  147  149  145  142  134  126  120  111  105   97   91   85   78   72   67   61
   55   50   47   43   40   37   35   34   34   36   36   41   41   44   45   46
   45   45   43   41   38   33   32   23   29                                   
    65.0-180.0 180.0   5.0 450.0                            LAT/LON1/LON2/DLON/H
   32   28   34   34   36   37   40   40   45   44   49   52   56   58   61   61
   61   65   69   76   83   93  101  113  119  128  133  139  143  147  152  155
  158  161  161  157  154  145  137  127  122  114  108   98   92   82   74   64
   56   45   39   31   30   23   22   19   23   23   29   31   38   40   44   45
   45   43   43   40   39   33   36   23   32                                   
    62.5-180.0 180.0   5.0 450.0                            LAT/LON1/LON2/DLON/H
   23   31   33   35   38   39   40   41   42   43   45   49   51   53   54   55
   57   61   69   78   86  100  108  124  129  140  141  149  149  156  155  162
  164  170  171  170  166  158  149  140  133  128  120  114  102   91   80   69
   57   47   38   31   24   19   14   14   15   18   22   27   32   36   40   41
   42   42   40   40   37   33   32   21   23                                   
    60.0-180.0 180.0   5.0 450.0                            LAT/LON1/LON2/DLON/H
   22   28   32   33   36   35   38   35   37   34   38   38   40   40   42   45
   47   54   63   74   86   98  112  125  135  142  146  150  153  156  159  163
  170  173  178  177  175  166  157  146  141  133  128  117  109   93   82   66
   54   40   34   23   19   11   10    8   12   12   19   22   31   31   38   37
   39   37   38   36   35   30   33   18   22                                   
    57.5-180.0 180.0   5.0 450.0                            LAT/LON1/LON2/DLON/H
   15   30   30   34   35   35   35   33   33   32   32   33   33   34   35   38
   43   52   63   77   89  107  119  136  142  151  152  158  157  162  161  170
  173  179  182  184  177  170  161  154  146  140  132  124  113   99   87   70
   59   46   41   30   24   16   14   13   15   17   22   26   32   32   36   35
   36   34   34   35   33   31   29   14   15                                   
    55.0-180.0 180.0   5.0 450.0                            LAT/LON1/LON2/DLON/H
   19   27   32   33   36   33   34   27   30   20   28   20   28   22   29   31
   38   48   62   74   91  106  124  136  146  152  157  160  164  165  170  175
  182  186  191  190  185  178  168  162  154  146  139  129  118  101   89   73
   61   50   44   36   31   24   23   21   25   26   33   33   40   38   40   37
   37   35   36   36   36   32   34   17   19                                   
    52.5-180.0 180.0   5.0 450.0                            LAT/LON1/LON2/DLON/H
   20   34   34   38   38   37   35   29   26   18   19   17   20   19   26   31
   40   52   69   86  101  120  135  149  153  161  164  172  172  179  180  187
  189  196  196  196  189  183  175  170  161  155  145  138  125  111   98   85
   75   64   60   51   48   41   39   39   40   44   47   49   51   48   47   44
   41   41   41   44   42   41   39   25   20                                   
    50.0-180.0 180.0   5.0 450.0                            LAT/LON1/LON2/DLON/H
   40   38   43   43   45   40   40   27   32   15   25   11   24   13   29   30
   44   57   77   93  113  127  143  152  159  165  172  177  184  187  193  195
  202  204  205  202  199  192  184  179  172  165  155  146  134  119  108   96
   88   80   73   68   64   60   58   58   62   62   68   66   69   61   61   54
   53   50   53   54   55   52   52   38   40                                   
    47.5-180.0 180.0   5.0 450.0                            LAT/LON1/LON2/DLON/H
   49   53   52   53   53   49   45   40   35   28   26   24   25   24   32   42
   54   71   91  112  130  146  155  165  168  177  180  192  194  201  200  205
  205  208  206  209  206  200  192  187  180  173  163  155  143  132  122  114
  107  101   96   90   83   79   75   77   76   81   81   82   79   76   71   67
   63   63   64   67   68   67   65   56   49                                   
    45.0-180.0 180.0   5.0 450.0                            LAT/LON1/LON2/DLON/H
   66   60   63   61   62   56   54   45   44   37   40   33   39   33   43   50
   67   84  107  127  146  156  167  174  180  184  192  199  206  207  208  207
  209  207  211  211  211  206  200  196  190  184  172  163  151  142  133  126
  121  117  110  104   95   88   84   83   87   87   92   89   91   84   82   76
   75   72   75   76   79   78   78   69   66                                   
    42.5-180.0 180.0   5.0 450.0                            LAT/LON1/LON2/DLON/H
   70   69   69   70   70   64   62   55   53   50   50   48   49   49   55   66
   82  104  125  147  160  172  180  187  190  198  201  211  211  212  207  207
  202  206  210  216  216  214  209  204  197  189  179  169  159  150  144  138
  133  128  121  113  102   93   85   84   84   88   88   91   89   88   84   82
   77   77   78   82   84   84   85   80   70                                   
    40.0-180.0 180.0   5.0 450.0                            LAT/LON1/LON2/DLON/H
   79   70   74   73   75   68   69   61   61   56   60   56   61   59   70   79
  100  119  143  159  173  182  190  197  203  207  213  214  217  211  206  202
  202  205  212  219  223  222  220  215  209  200  189  177  167  158  153  146
  141  134  125  114  103   91   84   81   84   83   87   88   90   87   86   82
   81   78   81   82   85   85   88   80   79                                   
    37.5-180.0 180.0   5.0 450.0                            LAT/LON1/LON2/DLON/H
   75   69   70   75   73   71   70   67   66   67   68   69   70   72   82   98
  116  137  155  172  181  192  200  207  211  216  217  219  215  212  203  205
  205  217  225  236  239  241  237  230  222  212  200  187  177  168  163  156
  150  141  130  118  104   92   83   80   79   81   82   87   84   85   81   81
   76   73   72   74   75   79   80   77   75                                   
    35.0-180.0 180.0   5.0 450.0                            LAT/LON1/LON2/DLON/H
   74   62   69   72   74   70   73   67   69   67   75   73   80   79   96  107
  132  146  167  176  191  197  207  213  219  223  225  225  224  218  217  221
  230  244  253  263  266  266  262  253  242  229  218  204  194  183  177  168
  161  151  141  127  115  101   93   87   85   84   85   84   83   83   80   77
   72   68   64   63   65   68   71   67   74                                   
    32.5-180.0 180.0   5.0 450.0                            LAT/LON1/LON2/DLON/H
   67   58   60   67   65   66   65   65   67   71   74   78   81   88  103  122
  141  157  171  183  195  205  211  219  222  228  229  232  231  233  236  251
  267  284  293  303  303  302  294  285  269  258  243  231  218  205  194  184
  177  166  158  147  138  128  119  113  107  103   99   97   91   90   83   83
   72   66   57   56   53   59   58   57   67                                   
    30.0-180.0 180.0   5.0 450.0                            LAT/LON1/LON2/DLON/H
   65   50   54   59   60   59   62   58   63   63   74   73   83   86  109  125
  149  160  179  185  202  206  213  219  225  231  238  245  252  259  273  292
  314  333  342  346  343  341  330  318  302  290  277  267  255  241  226  211
  198  189  184  179  174  169  162  157  148  140  132  123  116  108  102   94
   86   77   67   63   57   57   54   52   65                                   
    27.5-180.0 180.0   5.0 450.0                            LAT/LON1/LON2/DLON/H
   67   56   53   56   51   54   53   55   55   63   67   73   79   89  109  133
  152  170  183  193  205  212  215  221  222  235  244  261  274  293  312  340
  366  390  394  396  389  383  371  359  340  329  313  306  292  283  266  252
  236  227  219  220  220  218  212  206  196  185  174  160  151  140  131  125
  110  100   88   80   72   69   60   56   67                                   
    25.0-180.0 180.0   5.0 450.0                            LAT/LON1/LON2/DLON/H
   79   66   60   61   56   55   55   52   54   54   64   66   79   86  111  134
  159  173  192  199  214  217  219  220  226  239  259  279  303  327  356  387
  423  447  446  444  432  425  408  396  377  366  349  342  329  320  302  292
  278  274  269  277  278  284  276  274  260  252  231  219  200  191  177  170
  157  147  131  122  104   95   82   69   79                                   
    22.5-180.0 180.0   5.0 450.0                            LAT/LON1/LON2/DLON/H
   88   87   77   72   66   63   59   56   53   56   59   68   77   91  110  139
  160  182  197  210  221  225  223  227  228  248  269  298  329  361  399  440
  477  497  496  484  477  461  454  436  423  408  396  387  373  362  344  332
  320  317  315  322  329  337  341  345  339  335  312  296  270  252  228  217
  203  192  176  163  147  129  113   83   88                                   
    20.0-180.0 180.0   5.0 450.0                            LAT/LON1/LON2/DLON/H
  112  107   92   89   80   76   71   64   60   57   60   63   76   86  111  134
  164  183  207  219  233  233  232  231  238  255  285  317  361  394  446  483
  520  531  526  513  505  492  483  468  459  445  437  426  415  400  382  367
  356  351  352  360  369  379  386  385  369  358  339  326  299  288  264  261
  245  234  220  207  188  166  148  103  112                                   
    17.5-180.0 180.0   5.0 450.0                            LAT/LON1/LON2/DLON/H
  123  135  118  104   96   87   84   75   70   66   65   72   78   93  113  141
  165  192  214  232  243  247  243  244  249  273  305  346  389  428  477  508
  542  546  542  526  521  504  505  490  488  475  471  464  455  443  422  404
  386  378  377  385  395  404  403  386  373  361  349  338  317  307  285  280
  272  271  257  243  225  199  180  124  123                                   
    15.0-180.0 180.0   5.0 450.0                            LAT/LON1/LON2/DLON/H
  140  152  131  120  105   98   90   84   76   69   66   65   77   88  114  136
  169  194  223  242  256  260  263  260  271  295  334  373  422  458  504  523
  551  546  543  528  525  509  511  500  501  492  490  484  477  467  449  432
  412  400  391  392  395  394  384  368  357  345  334  325  310  301  283  284
  280  278  271  260  248  221  199  147  140                                   
    12.5-180.0 180.0   5.0 450.0                            LAT/LON1/LON2/DLON/H
  139  155  140  124  115  102   97   86   80   72   70   70   79   94  117  148
  177  206  234  256  271  277  283  285  299  327  364  402  445  480  515  529
  546  541  540  529  527  516  517  509  511  504  505  502  497  488  476  458
  436  413  397  383  376  361  350  334  326  312  305  294  283  272  263  267
  266  269  266  261  247  223  202  149  139                                   
    10.0-180.0 180.0   5.0 450.0                            LAT/LON1/LON2/DLON/H
  139  150  126  118  109   99   91   84   79   72   68   68   78   90  117  145
  180  210  243  268  290  297  310  315  333  358  393  425  465  488  518  519
  528  523  527  516  520  514  517  513  514  510  508  502  496  489  474  460
  432  407  378  355  334  309  297  285  281  275  272  264  254  249  245  242
  247  246  251  242  235  206  188  151  139                                   
     7.5-180.0 180.0   5.0 450.0                            LAT/LON1/LON2/DLON/H
  124  141  120  103  101   86   84   75   76   70   71   70   84   95  122  153
  188  224  258  284  310  323  340  351  370  393  422  448  474  492  512  510
