data/unet/pred3200.15i
     1.0            IONOSPHERE MAPS     GNSS                IONEX VERSION / TYPE
pyspatialgeodesy        IME             05-JAN-18 20:20     PGM / RUN BY / DATE 
Map Name                                                    COMMENT             
Predicted global ionosphere maps (GIM).                     DESCRIPTION         
  2015    11    16     0     0     0                        EPOCH OF FIRST MAP  
  2015    11    17     0     0     0                        EPOCH OF LAST MAP   
  7200                                                      INTERVAL            
    13                                                      # OF MAPS IN FILE   
  NONE                                                      MAPPING FUNCTION    
10.0                                                        ELEVATION CUTOFF    
One-way carrier phase leveled to code                       OBSERVABLES USED    
  6371.0                                                    BASE RADIUS         
 2                                                          MAP DIMENSION       
   450.0 450.0   0.0                                        HGT1 / HGT2 / DHGT  
    87.5 -87.5  -2.5                                        LAT1 / LAT2 / DLAT  
  -180.0 180.0   5.0                                        LON1 / LON2 / DLON  
    -1                                                      EXPONENT            
                                                            END OF HEADER       
     1                                                      START OF TEC MAP    
  2015    11    16     0     0     0                        EPOCH OF CURRENT MAP
    87.5-180.0 180.0   5.0 450.0                            LAT/LON1/LON2/DLON/H
  121   97   92   89   88   86   89   88   90   89   91   89   90   89   89   87
   88   86   87   85   85   83   84   81   82   79   80   77   78   75   76   73
   74   71   73   70   73   70   73   70   73   70   74   71   75   72   76   74
   78   77   80   79   82   81   84   82   85   83   85   83   85   83   85   82
   84   82   85   84   91   88   95  110  121                                   
    85.0-180.0 180.0   5.0 450.0                            LAT/LON1/LON2/DLON/H
  104   83   86   85   85   79   83   80   84   81   85   82   84   81   84   80
   83   79   82   77   79   74   76   71   72   66   68   62   63   58   60   55
   57   52   55   52   55   52   56   54   58   56   61   59   64   62   67   66
   71   70   75   74   79   77   82   80   84   81   85   82   85   81   84   80
   84   80   84   80   88   77   81  102  104                                   
    82.5-180.0 180.0   5.0 450.0                            LAT/LON1/LON2/DLON/H
  102   89   91   92   88   85   86   84   86   84   87   86   87   86   88   87
   88   86   86   84   83   80   79   75   73   68   66   62   60   55   54   50
   50   47   48   46   49   47   51   50   54   53   59   58   64   63   69   69
   74   73   79   78   83   82   86   85   89   86   90   87   91   88   91   88
   91   89   93   90   94   87   90  105  102                                   
    80.0-180.0 180.0   5.0 450.0                            LAT/LON1/LON2/DLON/H
  107  100  100  100   94   92   90   89   88   88   89   89   90   91   92   93
   92   93   92   92   90   88   85   82   77   73   69   66   61   58   55   52
   50   48   48   48   48   48   50   51   54   55   59   61   64   66   69   71
   74   75   78   79   82   82   85   85   87   87   89   89   91   92   93   95
   97   98  100  101  102   99  100  113  107                                   
    77.5-180.0 180.0   5.0 450.0                            LAT/LON1/LON2/DLON/H
  119  110  111  108  102   98   96   93   92   91   91   91   91   92   93   94
   94   95   95   96   94   93   90   87   82   78   72   69   63   60   55   53
   50   49   48   47   47   47   49   49   51   52   55   56   59   60   63   63
   66   67   70   71   73   73   75   76   77   78   79   81   83   85   88   91
   94   98  101  104  107  105  107  117  119                                   
    75.0-180.0 180.0   5.0 450.0                            LAT/LON1/LON2/DLON/H
  129  127  125  123  116  112  108  105  101   99   97   96   94   93   92   92
   91   92   92   94   93   93   90   89   84   81   75   72   67   64   60   58
   55   54   53   53   52   52   52   52   53   53   55   55   56   57   58   59
   60   61   62   63   64   64   65   66   66   68   69   72   74   78   81   87
   92   98  103  108  111  112  117  125  129                                   
    72.5-180.0 180.0   5.0 450.0                            LAT/LON1/LON2/DLON/H
  150  147  146  140  133  127  123  117  113  109  105  100   95   90   87   83
   81   80   80   81   81   82   80   79   76   74   70   68   64   62   60   59
   57   57   56   55   55   54   54   53   53   52   54   52   53   51   52   50
   52   51   53   52   54   52   54   53   55   55   58   60   65   68   75   81
   89   96  105  111  118  121  127  137  150                                   
    70.0-180.0 180.0   5.0 450.0                            LAT/LON1/LON2/DLON/H
  165  166  167  161  152  146  140  135  130  124  117  109   99   89   82   74
   70   65   65   64   66   65   66   65   64   63   62   61   61   60   60   60
   60   59   59   58   57   56   55   54   53   52   52   50   49   46   46   44
   44   43   44   43   44   43   44   45   46   48   51   55   60   65   72   79
   88   97  108  116  124  130  140  149  165                                   
    67.5-180.0 180.0   5.0 450.0                            LAT/LON1/LON2/DLON/H
  186  185  186  179  172  166  161  156  151  144  135  123  108   94   81   68
   61   54   53   50   52   52   53   53   53   53   53   54   54   56   57   58
   58   57   57   55   54   53   52   50   50   49   49   46   44   41   41   38
   37   35   36   35   37   36   38   38   42   44   50   54   61   66   74   81
   91  100  112  121  131  140  150  161  186                                   
    65.0-180.0 180.0   5.0 450.0                            LAT/LON1/LON2/DLON/H
  199  200  202  196  186  181  177  174  170  164  153  139  120  100   82   67
   57   49   46   43   44   44   45   45   45   45   46   47   49   51   53   54
   54   53   52   50   49   47   46   46   46   45   45   43   41   38   37   34
   33   31   31   30   31   31   33   37   41   47   53   60   68   75   81   88
   97  106  117  127  137  146  159  170  199                                   
    62.5-180.0 180.0   5.0 450.0                            LAT/LON1/LON2/DLON/H
  207  208  209  203  195  190  188  186  184  179  170  155  134  111   90   72
   61   51   47   44   45   43   43   42   42   41   41   43   45   46   47   47
   46   45   43   41   40   39   38   38   39   40   41   40   38   36   34   31
   30   27   27   26   28   27   32   35   44   50   59   67   78   84   92   97
  106  114  124  134  144  154  165  178  207                                   
    60.0-180.0 180.0   5.0 450.0                            LAT/LON1/LON2/DLON/H
  208  211  214  207  197  193  191  191  191  188  180  166  147  123  100   81
   70   60   54   50   49   46   44   41   40   39   39   40   41   42   42   41
   40   38   36   34   33   32   33   34   36   38   40   40   39   37   35   32
   30   28   26   26   26   27   31   38   47   56   66   77   89   96  104  110
  118  125  133  142  151  159  170  182  208                                   
    57.5-180.0 180.0   5.0 450.0                            LAT/LON1/LON2/DLON/H
  210  213  215  209  200  194  192  193  195  192  187  175  158  135  114   97
   85   76   69   64   59   54   50   46   43   42   41   42   41   41   39   37
   35   33   31   30   29   29   30   33   36   39   42   43   43   41   38   35
   33   31   30   29   30   30   35   40   51   60   73   84   98  107  117  124
  132  138  146  153  162  169  177  189  210                                   
    55.0-180.0 180.0   5.0 450.0                            LAT/LON1/LON2/DLON/H
  217  222  227  218  205  199  195  195  195  192  187  177  163  145  127  112
  101   91   84   76   69   62   55   50   47   45   45   45   45   44   41   38
   36   33   32   31   32   33   35   37   41   45   48   50   50   48   45   42
   39   37   36   35   36   37   41   46   56   66   79   92  107  117  128  137
  147  155  162  169  176  184  189  199  217                                   
    52.5-180.0 180.0   5.0 450.0                            LAT/LON1/LON2/DLON/H
  235  236  243  233  220  211  204  200  198  192  187  177  166  153  139  127
  116  107   97   88   79   71   62   57   54   53   53   53   52   50   46   43
   40   39   38   39   40   42   43   46   50   54   57   60   60   57   53   50
   47   46   45   46   46   46   49   53   62   72   85   97  113  125  138  150
  162  172  181  188  195  200  203  215  235                                   
    50.0-180.0 180.0   5.0 450.0                            LAT/LON1/LON2/DLON/H
  258  259  267  258  243  232  221  213  205  195  186  176  167  156  146  136
  126  116  105   94   84   75   67   62   61   60   61   62   62   59   55   52
   50   49   50   52   55   56   57   58   62   65   69   71   71   68   64   60
   58   58   58   59   60   59   62   65   73   81   93  105  120  132  148  162
  177  189  198  206  212  217  218  230  258                                   
    47.5-180.0 180.0   5.0 450.0                            LAT/LON1/LON2/DLON/H
  282  280  291  284  274  262  251  236  223  207  192  179  170  161  153  145
  132  121  108   98   88   81   74   71   69   70   70   71   70   68   64   61
   59   60   62   66   69   70   70   71   73   76   80   82   82   79   74   71
   70   71   73   74   74   74   75   78   84   92  102  113  126  139  155  172
  188  202  213  221  227  231  230  243  282                                   
    45.0-180.0 180.0   5.0 450.0                            LAT/LON1/LON2/DLON/H
  296  300  311  308  300  293  280  266  246  225  203  187  176  166  158  148
  135  121  109   99   91   85   81   77   76   76   76   77   76   73   70   68
   68   69   73   76   81   80   81   80   82   84   89   91   91   89   85   83
   83   85   87   89   90   90   91   93   99  105  114  123  135  147  163  179
  197  212  223  231  237  241  241  250  296                                   
    42.5-180.0 180.0   5.0 450.0                            LAT/LON1/LON2/DLON/H
  297  300  315  318  318  314  307  291  273  246  221  201  187  177  166  155
  138  125  111  104   98   96   91   89   86   84   81   81   79   77   74   72
   73   75   79   83   86   86   85   84   86   89   93   96   98   96   94   93
   95   96   99  101  103  104  105  107  113  119  127  135  146  157  172  187
  203  218  228  237  243  247  245  256  297                                   
    40.0-180.0 180.0   5.0 450.0                            LAT/LON1/LON2/DLON/H
  287  292  306  311  315  318  314  306  287  264  238  216  199  187  174  160
  144  129  118  113  110  109  106  101   96   90   85   83   81   79   77   75
   76   77   82   84   87   86   85   84   87   91   97  101  104  104  104  103
  104  106  109  112  114  115  118  121  127  132  141  148  159  168  182  195
  210  222  232  239  245  248  248  258  287                                   
    37.5-180.0 180.0   5.0 450.0                            LAT/LON1/LON2/DLON/H
  272  271  284  290  297  302  307  303  293  272  251  231  213  201  185  171
  153  141  131  130  128  129  123  117  106   98   89   86   83   82   80   79
   78   80   81   84   84   85   83   85   88   93   99  104  108  110  111  110
  111  112  116  118  121  123  127  130  138  145  154  162  172  181  193  204
  217  227  236  243  250  254  253  266  272                                   
    35.0-180.0 180.0   5.0 450.0                            LAT/LON1/LON2/DLON/H
  262  263  270  272  274  282  288  291  285  275  258  243  227  214  198  183
  168  156  149  147  147  145  137  126  113  101   92   88   87   87   86   85
   85   84   85   84   85   84   85   86   91   96  104  108  112  114  115  114
  114  115  117  119  123  126  131  137  147  155  165  173  185  194  206  216
  230  240  250  259  265  270  275  283  262                                   
    32.5-180.0 180.0   5.0 450.0                            LAT/LON1/LON2/DLON/H
  274  269  272  265  263  264  272  275  277  270  261  249  238  227  211  199
  184  176  168  167  162  157  145  132  116  105   97   96   96   99   98   99
   95   96   92   93   90   92   91   96   98  103  108  111  114  114  114  113
  113  112  113  115  119  123  131  140  152  163  175  186  199  209  222  234
  249  261  274  285  296  304  313  319  274                                   
    30.0-180.0 180.0   5.0 450.0                            LAT/LON1/LON2/DLON/H
  308  307  306  291  279  275  274  276  274  272  264  257  248  238  224  213
  200  194  186  181  170  159  145  130  118  110  108  111  115  119  120  119
  117  114  111  109  106  106  107  109  112  114  117  116  116  114  112  109
  108  104  104  104  109  115  126  137  152  165  179  191  208  222  239  256
  275  292  310  325  341  355  378  373  308                                   
    27.5-180.0 180.0   5.0 450.0                            LAT/LON1/LON2/DLON/H
  374  374  370  349  331  314  304  295  291  282  276  266  257  246  233  224
  214  208  196  186  167  152  137  127  119  120  126  135  142  148  149  148
  145  142  138  134  129  129  128  130  129  129  126  121  117  111  108  102
   99   94   93   91   96  102  116  130  149  165  181  195  213  232  254  276
  301  324  346  369  393  420  445  435  374                                   
    25.0-180.0 180.0   5.0 450.0                            LAT/LON1/LON2/DLON/H
  463  479  469  448  422  398  371  350  331  315  301  287  273  258  244  235
  225  216  199  180  156  138  127  125  130  142  159  174  185  189  188  184
  179  175  169  164  157  155  152  151  149  144  137  127  118  110  105   98
   93   86   83   82   85   94  109  127  146  163  180  196  217  240  266  296
  328  358  387  419  455  487  522  507  463                                   
    22.5-180.0 180.0   5.0 450.0                            LAT/LON1/LON2/DLON/H
  562  587  582  573  548  511  465  429  395  368  344  319  298  275  258  244
  232  218  195  170  143  128  124  136  154  182  206  227  237  237  233  222
  214  206  198  190  181  176  173  171  166  157  145  132  120  110  105   96
   92   83   79   75   80   89  107  127  149  167  187  206  229  253  282  312
  349  383  419  458  503  543  574  568  562                                   
    20.0-180.0 180.0   5.0 450.0                            LAT/LON1/LON2/DLON/H
  650  682  686  694  684  650  595  540  487  447  408  374  339  307  280  260
  242  222  194  165  139  131  139  167  199  237  266  285  289  283  271  258
  245  234  221  212  201  193  188  184  176  164  149  134  121  111  106   98
   92   83   75   72   74   88  106  131  155  179  202  225  251  276  305  334
  373  410  451  497  551  593  619  620  650                                   
    17.5-180.0 180.0   5.0 450.0                            LAT/LON1/LON2/DLON/H
  697  743  762  791  796  766  715  655  589  534  483  441  395  353  317  287
  262  235  202  175  155  158  181  220  264  302  324  328  322  304  288  271
  259  248  231  222  209  200  193  187  177  164  147  132  121  113  108  100
   93   83   72   67   71   86  113  141  171  200  228  253  279  302  331  360
  398  436  479  523  578  619  644  645  697                                   
    15.0-180.0 180.0   5.0 450.0                            LAT/LON1/LON2/DLON/H
  714  766  799  840  866  859  816  757  693  631  571  521  472  427  377  336
  303  268  235  207  199  211  247  298  344  369  371  356  335  309  289  272
  260  248  232  221  208  199  191  184  174  161  144  130  123  115  110  100
   95   83   73   69   74   95  125  157  191  227  257  282  306  329  355  386
  423  462  502  544  589  630  657  659  714                                   
    12.5-180.0 180.0   5.0 450.0                            LAT/LON1/LON2/DLON/H
  691  744  786  837  872  878  856  812  757  702  645  595  546  500  450  405
  361  323  291  269  271  296  344  394  424  418  392  355  325  297  279  266
  256  242  226  215  202  193  185  178  167  157  142  131  125  119  112  102
   95   85   76   74   82  105  138  171  211  248  278  301  328  350  377  407
  441  477  514  549  587  620  642  644  691                                   
    10.0-180.0 180.0   5.0 450.0                            LAT/LON1/LON2/DLON/H
  654  695  739  794  839  854  850  829  794  753  706  660  617  577  530  486
  443  407  375  364  376  414  457  485  486  444  389  336  302  279  267  260
  250  236  222  211  197  189  182  174  165  154  144  134  131  122  116  107
  101   93   87   87   94  117  147  182  223  260  286  311  340  365  393  423
  455  487  519  550  580  604  620  619  654                                   
     7.5-180.0 180.0   5.0 450.0                            LAT/LON1/LON2/DLON/H
  598  629  670  721  766  784  791  788  779  758  730  697  666  632  593  552
  513  481  459  458  476  509  536  536  503  428  354  297  268  255  256  255
