data/unet/pred1730.15i
     1.0            IONOSPHERE MAPS     GNSS                IONEX VERSION / TYPE
pyspatialgeodesy        IME             05-JAN-18 20:20     PGM / RUN BY / DATE 
Map Name                                                    COMMENT             
Predicted global ionosphere maps (GIM).                     DESCRIPTION         
  2015     6    22     0     0     0                        EPOCH OF FIRST MAP  
  2015     6    23     0     0     0                        EPOCH OF LAST MAP   
  7200                                                      INTERVAL            
    13                                                      # OF MAPS IN FILE   
  NONE                                                      MAPPING FUNCTION    
10.0                                                        ELEVATION CUTOFF    
One-way carrier phase leveled to code                       OBSERVABLES USED    
  6371.0                                                    BASE RADIUS         
 2                                                          MAP DIMENSION       
   450.0 450.0   0.0                                        HGT1 / HGT2 / DHGT  
    87.5 -87.5  -2.5                                        LAT1 / LAT2 / DLAT  
  -180.0 180.0   5.0                                        LON1 / LON2 / DLON  
    -1                                                      EXPONENT            
                                                            END OF HEADER       
[from data line 3432]
     9                                                      START OF TEC MAP    
  2015     6    22    16     0     0                        EPOCH OF CURRENT MAP
    87.5-180.0 180.0   5.0 450.0                            LAT/LON1/LON2/DLON/H
  196  203  200  201  203  202  204  203  205  204  206  205  207  206  208  206
  207  206  207  205  206  204  204  203  203  202  202  201  201  200  199  198
  198  198  197  197  196  196  195  194  193  193  193  193  193  193  194  195
  195  197  198  199  199  201  201  203  203  204  204  204  204  204  204  204
  205  204  204  201  200  199  210  206  196                                   
    85.0-180.0 180.0   5.0 450.0                            LAT/LON1/LON2/DLON/H
  191  199  202  206  207  207  209  209  211  211  212  212  214  214  214  214
  214  214  214  213  213  212  211  210  210  208  208  206  206  204  204  202
  203  200  202  199  200  198  199  196  198  196  198  196  198  197  199  198
  200  199  203  201  204  203  206  204  207  205  207  205  207  205  207  205
  207  206  207  204  203  197  204  190  191                                   
    82.5-180.0 180.0   5.0 450.0                            LAT/LON1/LON2/DLON/H
  202  200  200  200  202  203  206  206  209  208  210  210  212  212  212  212
  212  212  212  212  212  211  210  209  207  207  204  203  201  201  197  197
  194  194  192  192  190  189  188  187  186  187  187  187  187  189  189  191
  191  193  194  195  196  197  198  199  199  200  199  199  199  199  198  199
  198  199  198  199  198  193  203  187  202                                   
    80.0-180.0 180.0   5.0 450.0                            LAT/LON1/LON2/DLON/H
  194  190  194  199  198  204  204  208  207  211  210  213  211  215  212  215
  212  216  213  216  214  216  213  214  211  211  207  207  204  203  199  199
  195  195  192  191  188  189  186  187  185  187  186  188  188  190  190  192
  192  194  194  196  196  196  196  197  197  197  196  197  195  196  194  196
  193  196  193  196  190  193  191  182  194                                   
    77.5-180.0 180.0   5.0 450.0                            LAT/LON1/LON2/DLON/H
  190  187  188  194  195  201  204  206  207  208  209  210  210  210  210  210
  211  211  212  213  214  214  214  214  213  212  210  208  205  203  199  197
  194  193  190  189  185  186  183  185  183  186  186  188  188  190  190  193
  192  194  193  195  194  195  194  195  194  194  192  193  191  191  189  190
  188  189  186  186  181  181  183  178  190                                   
    75.0-180.0 180.0   5.0 450.0                            LAT/LON1/LON2/DLON/H
  187  185  189  190  194  198  203  203  205  206  207  207  208  207  207  208
  208  210  211  213  214  216  216  217  216  215  213  211  209  206  203  199
  196  193  192  188  187  183  185  182  185  183  187  186  189  188  192  190
  193  191  194  192  194  192  194  192  193  191  191  189  190  188  188  186
  186  186  185  184  181  183  183  179  187                                   
    72.5-180.0 180.0   5.0 450.0                            LAT/LON1/LON2/DLON/H
  191  190  191  195  197  201  205  206  207  207  207  207  205  205  203  204
  203  206  208  211  212  215  216  217  216  216  214  212  209  207  204  201
  197  195  192  190  187  186  185  185  186  187  189  189  190  192  192  193
  192  193  193  193  192  194  193  194  192  193  191  192  190  191  187  189
  186  188  185  186  182  183  187  188  191                                   
    70.0-180.0 180.0   5.0 450.0                            LAT/LON1/LON2/DLON/H
  196  195  197  198  200  202  206  206  208  207  208  205  204  201  200  199
  199  201  204  207  210  212  213  215  214  214  212  212  209  208  204  202
  199  197  194  191  189  186  186  184  186  185  188  187  190  188  191  189
  190  189  191  189  191  190  192  191  193  191  192  191  192  190  191  190
  191  191  192  192  190  192  192  194  196                                   
    67.5-180.0 180.0   5.0 450.0                            LAT/LON1/LON2/DLON/H
  205  203  202  205  205  208  210  211  211  210  209  207  204  201  198  197
  196  198  200  204  207  210  211  213  212  211  210  209  208  206  204  203
  200  198  195  193  189  188  186  186  186  187  187  188  187  188  187  187
  185  187  187  189  188  190  190  192  191  192  190  193  191  192  191  193
  193  195  195  197  195  196  200  203  205                                   
    65.0-180.0 180.0   5.0 450.0                            LAT/LON1/LON2/DLON/H
  212  210  212  212  211  213  215  215  215  214  213  210  207  203  200  197
  196  196  198  200  203  205  207  208  208  207  207  207  206  205  204  204
  201  200  198  194  192  188  188  185  187  185  188  185  187  185  185  183
  183  183  185  185  187  187  189  189  191  190  191  192  192  193  194  195
  197  199  201  203  203  205  205  207  212                                   
    62.5-180.0 180.0   5.0 450.0                            LAT/LON1/LON2/DLON/H
  218  216  216  217  215  216  217  217  218  217  217  214  212  208  204  201
  198  197  197  199  201  203  204  206  207  206  206  206  205  205  205  205
  203  202  200  197  192  191  188  188  186  187  187  187  184  184  180  181
  179  182  182  186  186  190  190  193  192  194  191  194  192  194  192  195
  196  200  202  206  206  207  212  212  218                                   
    60.0-180.0 180.0   5.0 450.0                            LAT/LON1/LON2/DLON/H
  212  213  218  217  218  218  219  219  220  221  221  219  216  214  209  207
  202  200  197  197  197  199  201  202  204  203  205  204  205  205  207  207
  208  207  206  201  198  193  192  190  190  189  190  188  186  183  181  180
  180  181  184  186  189  191  192  194  194  195  192  194  192  193  192  194
  195  197  200  202  204  208  210  210  212                                   
    57.5-180.0 180.0   5.0 450.0                            LAT/LON1/LON2/DLON/H
  205  210  213  216  216  217  219  218  220  219  222  220  220  217  216  211
  208  203  199  196  196  196  198  200  203  203  204  204  205  206  208  210
  210  211  209  205  201  198  196  195  194  194  193  192  186  185  180  180
  179  183  184  190  190  196  196  199  197  199  192  194  189  191  186  189
  186  190  189  194  194  198  206  203  205                                   
    55.0-180.0 180.0   5.0 450.0                            LAT/LON1/LON2/DLON/H
  190  199  208  212  218  218  220  219  221  222  224  222  224  222  222  219
  214  211  204  201  197  197  198  200  203  204  206  206  208  210  212  215
  217  217  216  212  209  205  204  202  203  202  201  198  194  190  186  185
  184  187  189  193  195  199  199  202  198  198  192  192  186  186  181  181
  178  177  177  177  180  185  191  189  190                                   
    52.5-180.0 180.0   5.0 450.0                            LAT/LON1/LON2/DLON/H
  174  189  198  207  212  217  218  220  221  221  224  223  226  224  227  224
  223  216  211  204  199  198  198  201  203  206  207  209  210  214  217  220
  222  223  224  221  219  216  215  213  213  212  210  207  201  197  192  191
  190  192  193  197  198  202  200  205  199  199  190  189  181  182  174  174
  166  166  162  162  162  166  176  175  174                                   
    50.0-180.0 180.0   5.0 450.0                            LAT/LON1/LON2/DLON/H
  158  174  188  199  211  215  222  223  227  227  229  228  231  230  234  232
  232  227  221  216  210  207  206  208  210  212  213  215  217  221  224  228
  231  232  233  232  230  228  228  226  226  225  224  219  215  209  205  202
  201  201  200  202  200  203  199  203  198  198  189  188  179  179  170  168
  161  155  152  147  148  150  158  157  158                                   
    47.5-180.0 180.0   5.0 450.0                            LAT/LON1/LON2/DLON/H
  146  163  174  190  201  213  219  226  229  233  235  235  236  237  239  241
  242  239  233  226  219  215  212  213  214  217  218  222  224  229  233  237
  240  242  245  244  244  242  242  240  240  237  236  232  227  223  218  216
  212  211  207  207  201  202  198  201  196  196  188  187  178  178  168  166
  155  152  143  140  135  134  143  145  146                                   
    45.0-180.0 180.0   5.0 450.0                            LAT/LON1/LON2/DLON/H
  138  151  165  180  197  209  222  229  237  243  245  245  245  245  248  251
  253  253  247  242  234  231  226  225  224  227  228  232  235  240  244  247
  250  253  256  257  258  256  257  255  254  252  250  245  242  236  234  229
  225  220  215  209  203  202  196  200  194  197  189  190  180  181  171  169
  161  153  147  138  134  129  134  135  138                                   
    42.5-180.0 180.0   5.0 450.0                            LAT/LON1/LON2/DLON/H
  133  143  152  171  187  204  216  230  238  248  252  254  253  255  256  260
  262  265  259  256  247  242  236  234  233  234  237  242  246  252  256  260
  265  268  273  274  279  277  279  274  274  267  266  260  258  253  250  245
  239  233  223  217  206  204  198  199  196  198  192  192  184  184  176  175
  165  162  150  144  134  128  132  135  133                                   
    40.0-180.0 180.0   5.0 450.0                            LAT/LON1/LON2/DLON/H
  128  133  143  159  178  196  213  229  241  256  261  268  266  269  267  273
  272  277  271  271  261  257  248  246  242  245  247  255  258  268  269  277
  280  288  293  298  301  301  300  296  291  286  281  277  274  269  265  258
  251  241  232  221  213  207  203  203  200  203  196  199  189  193  182  185
  177  173  163  154  143  137  134  135  128                                   
    37.5-180.0 180.0   5.0 450.0                            LAT/LON1/LON2/DLON/H
  127  129  131  149  166  187  204  224  238  256  264  272  273  277  276  282
  281  285  280  280  271  266  257  253  252  253  258  266  274  283  289  297
  304  314  323  328  333  329  327  318  315  306  303  294  293  285  281  272
  264  253  241  232  220  218  212  215  210  212  206  208  200  201  193  194
  187  185  172  166  151  144  140  142  127                                   
    35.0-180.0 180.0   5.0 450.0                            LAT/LON1/LON2/DLON/H
  127  122  124  137  154  177  196  218  234  259  267  283  283  292  287  295
  291  297  290  292  281  278  266  266  262  269  273  285  292  307  312  326
  335  349  359  367  368  365  355  349  338  331  322  316  311  304  297  288
  279  266  254  242  234  227  223  222  221  221  217  218  209  212  202  203
  194  192  183  176  163  158  146  148  127                                   
    32.5-180.0 180.0   5.0 450.0                            LAT/LON1/LON2/DLON/H
  130  122  119  132  145  167  187  209  229  253  268  282  289  298  297  304
  302  307  302  302  293  288  278  276  275  281  289  303  315  331  343  356
  371  384  398  401  405  396  389  375  366  353  345  335  332  323  314  302
  290  278  265  256  246  242  236  236  231  232  226  224  220  217  211  207
  201  196  189  182  170  164  157  158  130                                   
    30.0-180.0 180.0   5.0 450.0                            LAT/LON1/LON2/DLON/H
  132  122  116  125  140  158  177  200  220  246  263  283  291  307  304  315
  309  316  307  309  298  296  283  285  285  297  306  325  339  357  369  386
  401  418  428  435  434  429  414  404  387  376  362  354  346  338  326  313
  301  287  276  265  257  249  242  238  234  232  228  227  222  220  213  209
  201  196  188  182  175  170  161  160  132                                   
    27.5-180.0 180.0   5.0 450.0                            LAT/LON1/LON2/DLON/H
  138  127  120  128  137  153  171  190  214  237  259  279  293  309  312  323
  319  326  319  320  311  306  298  298  302  312  327  347  365  381  394  410
  428  442  453  457  459  448  435  420  405  390  380  367  358  347  334  320
  304  292  279  270  258  250  241  235  229  224  224  221  220  215  211  204
  200  191  186  181  174  172  166  163  138                                   
    25.0-180.0 180.0   5.0 450.0                            LAT/LON1/LON2/DLON/H
  141  131  127  128  136  148  164  182  202  227  250  275  290  310  316  329
  327  336  326  328  317  315  307  311  315  328  344  364  383  397  411  425
  443  459  468  473  467  458  439  428  410  400  387  377  362  349  333  319
  304  291  279  267  255  245  236  228  220  216  213  212  211  208  206  199
  195  186  180  173  170  166  166  160  141                                   
    22.5-180.0 180.0   5.0 450.0                            LAT/LON1/LON2/DLON/H
  147  138  134  137  138  149  161  178  196  219  243  267  290  308  317  332
  335  344  337  341  332  332  325  330  333  346  361  378  392  409  419  437
  455  467  473  472  466  451  434  421  408  398  387  375  361  344  327  312
  296  284  270  260  244  235  221  213  205  203  201  199  198  194  193  187
  183  176  171  166  163  164  164  157  147                                   
    20.0-180.0 180.0   5.0 450.0                            LAT/LON1/LON2/DLON/H
  146  139  139  140  142  148  159  175  191  212  234  262  283  303  317  334
  341  349  347  350  345  342  341  342  350  360  375  390  403  416  424  441
  454  464  466  465  452  440  422  413  402  393  385  371  356  337  318  302
  286  273  260  246  231  218  203  196  190  190  190  187  188  182  184  177
  175  166  162  156  155  151  155  150  146                                   
    17.5-180.0 180.0   5.0 450.0                            LAT/LON1/LON2/DLON/H
  146  140  141  144  145  151  160  176  190  208  227  251  275  296  311  330
  342  352  354  359  354  356  351  359  361  373  381  397  404  420  427  444
  451  458  457  451  438  425  410  404  394  386  376  361  345  325  307  288
  274  260  246  232  212  197  182  178  174  177  177  175  172  169  169  164
  161  154  149  146  142  144  145  141  146                                   
    15.0-180.0 180.0   5.0 450.0                            LAT/LON1/LON2/DLON/H
  138  131  136  139  143  148  162  174  189  204  220  241  263  288  306  324
  339  352  358  362  364  365  366  370  376  383  392  405  410  424  426  443
  443  452  446  441  426  415  404  399  392  382  373  356  340  318  300  280
  266  250  235  216  198  181  167  164  163  167  168  164  162  156  157  152
  150  142  138  132  129  126  130  130  138                                   
    12.5-180.0 180.0   5.0 450.0                            LAT/LON1/LON2/DLON/H
  128  122  124  126  133  143  158  174  188  203  217  235  255  280  295  317
  334  350  358  364  366  372  371  380  382  393  394  409  410  424  427  438
  438  443  439  434  421  412  403  399  391  378  367  347  330  308  290  269
  257  240  224  205  185  168  154  152  154  160  160  157  153  148  147  144
  141  134  128  122  115  115  116  114  128                                   
    10.0-180.0 180.0   5.0 450.0                            LAT/LON1/LON2/DLON/H
  115  105  109  107  116  128  149  166  185  200  212  226  244  266  287  309
  327  347  357  366  371  376  380  390  396  402  405  415  419  432  434  447
  440  447  440  435  424  415  408  403  393  380  364  343  326  304  286  266
  253  235  220  198  178  160  147  147  149  154  155  150  145  140  137  133
  129  120  115  107  102  102   99   96  115                                   
     7.5-180.0 180.0   5.0 450.0                            LAT/LON1/LON2/DLON/H
   99   92   94   91   99  110  131  156  179  199  212  224  240  261  281  303
  321  341  352  363  365  375  381  395  400  409  409  420  428  439  442  445
