data/unet/pred1560.15i
     1.0            IONOSPHERE MAPS     GNSS                IONEX VERSION / TYPE
pyspatialgeodesy        IME             05-JAN-18 20:20     PGM / RUN BY / DATE 
Map Name                                                    COMMENT             
Predicted global ionosphere maps (GIM).                     DESCRIPTION         
  2015     6     5     0     0     0                        EPOCH OF FIRST MAP  
  2015     6     6     0     0     0                        EPOCH OF LAST MAP   
  7200                                                      INTERVAL            
    13                                                      # OF MAPS IN FILE   
  NONE                                                      MAPPING FUNCTION    
10.0                                                        ELEVATION CUTOFF    
One-way carrier phase leveled to code                       OBSERVABLES USED    
  6371.0                                                    BASE RADIUS         
 2                                                          MAP DIMENSION       
   450.0 450.0   0.0                                        HGT1 / HGT2 / DHGT  
    87.5 -87.5  -2.5                                        LAT1 / LAT2 / DLAT  
  -180.0 180.0   5.0                                        LON1 / LON2 / DLON  
    -1                                                      EXPONENT            
                                                            END OF HEADER       
[from data line 429]
     2                                                      START OF TEC MAP    
  2015     6     5     2     0     0                        EPOCH OF CURRENT MAP
    87.5-180.0 180.0   5.0 450.0                            LAT/LON1/LON2/DLON/H
  201  207  205  208  210  209  211  211  212  212  214  213  215  214  215  214
  215  215  215  214  214  213  213  212  212  211  211  210  210  209  209  208
  208  207  209  208  208  208  209  208  209  209  209  209  209  210  210  210
  209  210  210  210  209  209  208  208  207  207  206  206  206  206  205  205
  205  205  203  203  203  204  202  207  201                                   
    85.0-180.0 180.0   5.0 450.0                            LAT/LON1/LON2/DLON/H
  200  205  202  210  211  212  214  215  216  218  219  220  221  221  222  221
  221  221  221  220  220  218  218  216  215  214  214  213  212  211  211  210
  210  209  210  210  210  210  211  211  210  211  211  211  210  211  211  211
  209  210  209  209  207  207  207  206  205  205  204  203  203  202  202  201
  202  201  201  199  202  195  201  197  200                                   
    82.5-180.0 180.0   5.0 450.0                            LAT/LON1/LON2/DLON/H
  198  199  206  212  215  214  218  218  222  222  226  225  228  226  228  226
  228  225  227  223  224  221  221  217  218  214  215  211  212  208  209  206
  208  205  208  206  209  207  209  207  209  207  210  207  209  207  209  207
  209  207  209  206  208  205  207  204  205  203  204  202  203  200  202  199
  202  199  201  199  204  197  199  189  198                                   
    80.0-180.0 180.0   5.0 450.0                            LAT/LON1/LON2/DLON/H
  199  197  203  208  211  213  218  219  222  223  226  227  228  228  229  227
  227  225  225  222  222  217  217  213  212  207  208  203  203  199  201  198
  200  199  202  201  204  203  206  205  207  206  208  207  208  208  208  208
  207  207  207  207  206  205  205  204  203  202  201  200  199  197  197  195
  196  193  194  193  196  192  195  190  199                                   
    77.5-180.0 180.0   5.0 450.0                            LAT/LON1/LON2/DLON/H
  195  196  198  205  207  211  216  218  221  223  226  227  228  229  228  227
  226  224  223  220  218  215  213  209  206  202  201  197  196  194  194  193
  195  195  199  200  202  204  206  206  207  208  208  208  208  209  209  210
  209  210  210  210  210  209  209  208  207  206  204  203  201  200  198  197
  196  195  194  193  195  193  194  186  195                                   
    75.0-180.0 180.0   5.0 450.0                            LAT/LON1/LON2/DLON/H
  196  193  198  201  207  208  214  215  221  222  227  227  229  227  228  225
  224  220  220  216  215  210  210  203  202  195  195  189  189  186  188  187
  191  193  198  201  205  207  211  210  213  212  214  213  215  214  216  215
  217  217  219  217  218  216  217  214  213  210  209  206  205  201  200  197
  197  194  195  192  195  189  195  187  196                                   
    72.5-180.0 180.0   5.0 450.0                            LAT/LON1/LON2/DLON/H
  194  192  193  199  200  204  208  211  216  219  222  224  223  224  221  220
  216  215  211  211  207  205  202  198  193  190  185  182  178  177  177  180
  183  189  193  199  201  206  207  210  209  212  211  213  213  215  215  217
  217  219  219  219  218  218  216  215  213  212  209  207  205  203  200  200
  197  197  195  197  197  196  196  188  194                                   
    70.0-180.0 180.0   5.0 450.0                            LAT/LON1/LON2/DLON/H
  197  192  196  198  202  203  210  212  217  220  224  224  225  223  221  218
  215  212  211  208  207  205  203  198  195  188  186  179  176  174  175  178
  182  188  196  200  205  208  212  212  214  214  216  216  218  219  222  223
  225  225  228  226  227  225  225  221  220  216  215  211  210  206  205  202
  202  200  201  200  202  195  199  191  197                                   
    67.5-180.0 180.0   5.0 450.0                            LAT/LON1/LON2/DLON/H
  197  193  192  196  196  200  205  209  213  217  219  222  220  221  216  215
  208  208  204  206  203  205  200  199  193  189  182  178  172  172  171  176
  178  185  190  197  199  203  204  207  207  209  210  212  214  217  221  223
  226  227  230  228  227  225  223  221  218  216  213  211  208  207  204  204
  202  204  203  206  207  205  202  194  197                                   
    65.0-180.0 180.0   5.0 450.0                            LAT/LON1/LON2/DLON/H
  201  195  195  196  197  199  203  206  210  214  217  219  220  219  216  212
  208  206  204  204  204  203  203  198  195  188  184  177  173  170  171  172
  176  180  187  190  195  197  200  200  203  204  207  209  214  218  224  227
  232  233  236  233  234  230  231  227  226  222  220  216  215  211  210  207
  209  207  209  209  213  206  208  198  201                                   
    62.5-180.0 180.0   5.0 450.0                            LAT/LON1/LON2/DLON/H
  203  198  194  196  194  196  199  202  205  210  212  217  216  218  213  211
  205  204  201  203  201  204  200  200  194  192  184  181  174  173  170  171
  171  174  176  179  180  183  184  187  188  192  196  202  208  215  223  228
  233  235  237  236  235  232  231  229  227  224  221  218  215  212  210  208
  207  208  209  213  217  215  213  203  203                                   
    60.0-180.0 180.0   5.0 450.0                            LAT/LON1/LON2/DLON/H
  209  203  202  202  199  198  199  199  202  205  209  212  214  214  213  209
  207  204  203  202  203  202  201  197  195  190  188  182  179  174  173  169
  168  165  167  166  168  168  171  172  178  182  190  197  208  216  226  232
  239  241  245  244  245  242  242  239  238  235  232  228  225  220  218  215
  215  213  214  216  221  215  219  207  209                                   
    57.5-180.0 180.0   5.0 450.0                            LAT/LON1/LON2/DLON/H
  214  209  205  207  204  202  201  199  200  202  206  209  211  213  212  211
  208  206  204  204  202  202  198  198  192  192  187  187  182  180  174  169
  161  157  151  150  148  150  151  156  161  170  180  192  203  216  226  235
  242  246  249  251  251  251  249  246  244  240  237  233  229  224  221  217
  215  214  214  218  223  222  221  212  214                                   
    55.0-180.0 180.0   5.0 450.0                            LAT/LON1/LON2/DLON/H
  222  218  220  221  218  214  210  205  202  201  202  204  208  209  211  211
  212  210  210  207  206  201  199  194  193  189  190  188  187  181  177  166
  157  145  142  136  136  136  140  143  152  161  174  187  202  215  228  237
  247  252  257  259  264  264  264  263  259  256  251  246  241  235  231  226
  224  220  221  222  227  223  227  217  222                                   
    52.5-180.0 180.0   5.0 450.0                            LAT/LON1/LON2/DLON/H
  232  228  228  233  231  226  221  213  209  204  205  205  208  210  213  215
  216  216  216  214  211  206  200  196  192  193  191  194  190  187  178  167
  152  142  130  127  124  127  130  137  144  155  168  185  198  214  226  239
  249  258  265  270  274  275  276  274  271  265  258  251  245  238  234  229
  226  223  223  225  230  229  229  224  232                                   
    50.0-180.0 180.0   5.0 450.0                            LAT/LON1/LON2/DLON/H
  242  239  248  252  250  246  238  229  219  212  207  206  209  211  214  217
  220  221  223  221  219  210  204  196  195  192  195  193  194  186  180  163
  152  135  128  121  122  122  126  130  140  148  163  177  194  209  224  237
  250  260  270  277  284  286  288  286  282  276  268  261  254  247  242  238
  236  233  232  233  238  233  236  232  242                                   
    47.5-180.0 180.0   5.0 450.0                            LAT/LON1/LON2/DLON/H
  254  250  256  265  264  259  254  243  233  223  218  215  217  219  222  226
  229  232  233  232  228  220  212  203  199  197  197  198  195  190  179  166
  149  138  127  124  122  127  128  135  139  148  158  174  187  205  218  235
  248  262  274  284  292  295  297  293  289  281  273  263  256  248  244  240
  240  237  237  239  245  242  243  242  254                                   
    45.0-180.0 180.0   5.0 450.0                            LAT/LON1/LON2/DLON/H
  269  264  273  278  278  278  272  264  251  241  231  226  225  226  229  232
  236  239  242  241  237  228  219  209  205  199  201  197  196  186  179  164
  153  139  133  128  131  130  135  132  140  141  155  164  182  196  215  229
  246  260  275  286  296  300  302  298  294  287  277  268  261  255  251  250
  249  250  250  254  257  252  256  256  269                                   
    42.5-180.0 180.0   5.0 450.0                            LAT/LON1/LON2/DLON/H
  286  279  282  288  287  287  285  278  270  258  250  242  241  241  243  246
  248  252  253  252  248  237  229  218  213  208  206  201  196  188  177  166
  154  146  141  139  140  142  143  144  145  147  154  164  177  194  209  227
  243  261  275  289  299  304  307  303  301  291  283  272  266  259  258  255
  260  258  263  264  272  268  271  272  286                                   
    40.0-180.0 180.0   5.0 450.0                            LAT/LON1/LON2/DLON/H
  309  300  302  301  299  301  300  298  292  283  271  263  258  257  256  257
  259  260  261  259  254  243  233  222  218  210  209  199  195  184  178  167
  163  154  154  150  154  151  153  146  149  144  151  157  173  186  205  221
  240  257  273  286  297  303  307  306  305  299  290  281  275  269  267  269
  274  276  280  286  291  287  294  296  309                                   
    37.5-180.0 180.0   5.0 450.0                            LAT/LON1/LON2/DLON/H
  335  325  322  318  314  312  313  312  310  303  295  286  282  278  276  274
  273  271  270  265  261  249  240  229  225  219  215  205  198  188  181  175
  170  165  164  163  163  162  160  155  154  150  153  160  173  186  201  219
  235  254  269  284  293  301  307  310  314  310  306  298  293  286  286  285
  293  292  304  307  317  314  321  323  335                                   
    35.0-180.0 180.0   5.0 450.0                            LAT/LON1/LON2/DLON/H
  367  362  359  349  342  338  337  338  334  329  322  314  308  302  297  290
  285  279  275  268  261  249  240  231  227  221  217  207  200  189  187  180
  181  176  177  173  174  170  168  160  157  151  155  159  171  182  198  214
  232  248  264  275  284  290  299  308  318  321  321  315  309  302  300  304
  308  313  320  331  339  346  353  357  367                                   
    32.5-180.0 180.0   5.0 450.0                            LAT/LON1/LON2/DLON/H
  399  401  398  388  378  370  368  366  364  357  351  343  338  330  322  310
  300  289  279  269  261  250  244  237  236  231  227  217  209  200  195  192
  189  186  183  181  179  177  171  164  161  157  159  163  173  181  195  209
  227  245  260  272  280  288  298  311  325  334  339  338  333  327  326  323
  331  331  341  348  360  368  383  388  399                                   
    30.0-180.0 180.0   5.0 450.0                            LAT/LON1/LON2/DLON/H
  431  441  443  435  424  415  407  405  398  393  383  377  370  363  351  335
  318  301  285  270  259  248  243  241  240  237  232  222  215  205  203  199
  197  192  189  183  181  175  171  163  160  156  159  162  171  178  190  203
  219  235  251  262  273  281  295  312  333  347  355  356  354  348  345  346
  349  352  357  367  381  394  415  419  431                                   
    27.5-180.0 180.0   5.0 450.0                            LAT/LON1/LON2/DLON/H
  454  473  483  479  469  459  449  442  433  424  415  408  402  393  380  360
  338  315  292  272  258  248  248  247  250  249  244  236  225  217  211  208
  201  195  187  183  176  174  165  161  159  158  160  162  170  173  183  192
  208  224  239  252  263  277  295  316  338  354  365  370  371  368  367  367
  370  371  377  387  404  417  438  447  454                                   
    25.0-180.0 180.0   5.0 450.0                            LAT/LON1/LON2/DLON/H
  476  500  519  523  518  509  496  487  473  463  448  442  434  429  411  392
  363  335  305  278  259  250  249  252  253  252  247  238  228  217  213  206
  200  190  183  174  170  164  160  153  151  147  150  152  159  161  170  179
  194  212  230  244  258  272  294  318  340  359  372  381  384  387  389  392
  393  394  396  407  425  438  466  470  476                                   
    22.5-180.0 180.0   5.0 450.0                            LAT/LON1/LON2/DLON/H
  488  516  543  552  553  546  535  525  510  497  482  472  464  456  439  415
  384  350  317  286  264  256  257  260  261  260  252  242  228  219  209  201
  189  180  167  162  155  154  146  144  139  138  141  142  149  149  157  167
  184  203  224  242  258  275  298  321  342  359  374  385  394  399  405  409
  410  408  412  422  440  453  474  484  488                                   
    20.0-180.0 180.0   5.0 450.0                            LAT/LON1/LON2/DLON/H
  494  521  552  568  573  570  562  555  541  529  513  503  494  486  467  442
  407  372  331  297  271  261  259  261  258  254  245  231  219  209  200  187
  176  162  152  145  143  140  136  129  127  123  127  128  134  133  141  153
  172  195  221  243  262  282  303  326  342  360  374  386  397  406  416  422
  423  424  425  434  451  460  482  486  494                                   
    17.5-180.0 180.0   5.0 450.0                            LAT/LON1/LON2/DLON/H
  486  511  544  561  572  570  569  564  556  547  535  526  519  506  487  457
  420  380  340  306  279  268  262  262  257  250  234  220  206  196  182  169
  154  142  131  127  125  124  119  115  113  110  112  112  116  116  125  139
  162  189  219  247  270  291  312  330  345  357  370  381  397  407  421  427
  433  431  433  441  454  464  475  481  486                                   
    15.0-180.0 180.0   5.0 450.0                            LAT/LON1/LON2/DLON/H
  473  494  521  541  552  556  560  561  558  553  546  540  534  521  500  471
  433  394  352  316  286  270  261  256  248  233  217  201  190  176  164  149
  137  125  116  113  113  112  110  104  104  100  102  100  104  102  112  126
  152  183  218  249  276  299  320  338  350  363  373  388  400  414  427  435
  441  441  442  448  460  463  473  477  473                                   
    12.5-180.0 180.0   5.0 450.0                            LAT/LON1/LON2/DLON/H
  457  472  495  507  523  526  537  540  544  542  542  539  536  519  500  468
  432  391  353  318  288  271  258  250  235  216  197  181  168  155  142  130
  118  106  101   97  100   98   97   94   93   89   89   89   90   90   99  115
  143  177  214  250  279  303  326  345  362  370  384  393  408  418  432  440
  449  450  451  455  461  465  467  472  457                                   
    10.0-180.0 180.0   5.0 450.0                            LAT/LON1/LON2/DLON/H
  450  456  472  480  490  497  508  516  523  528  530  526  524  508  489  458
  424  387  350  315  284  263  250  236  219  198  180  161  150  138  128  118
  106  100   93   93   92   91   90   87   88   84   86   83   85   83   93  106
  136  168  208  240  273  299  327  353  369  386  396  412  421  432  443  450
  459  459  460  463  469  469  472  478  450                                   
     7.5-180.0 180.0   5.0 450.0                            LAT/LON1/LON2/DLON/H
  448  451  461  462  469  473  487  493  504  507  509  504  499  483  463  434
  402  368  337  304  276  256  240  223  202  180  161  145  136  128  121  110
