data/unet/pred3270.15i
     1.0            IONOSPHERE MAPS     GNSS                IONEX VERSION / TYPE
pyspatialgeodesy        IME             05-JAN-18 20:20     PGM / RUN BY / DATE 
Map Name                                                    COMMENT             
Predicted global ionosphere maps (GIM).                     DESCRIPTION         
  2015    11    23     0     0     0                        EPOCH OF FIRST MAP  
  2015    11    24     0     0     0                        EPOCH OF LAST MAP   
  7200                                                      INTERVAL            
    13                                                      # OF MAPS IN FILE   
  NONE                                                      MAPPING FUNCTION    
10.0                                                        ELEVATION CUTOFF    
One-way carrier phase leveled to code                       OBSERVABLES USED    
  6371.0                                                    BASE RADIUS         
 2                                                          MAP DIMENSION       
   450.0 450.0   0.0                                        HGT1 / HGT2 / DHGT  
    87.5 -87.5  -2.5                                        LAT1 / LAT2 / DLAT  
  -180.0 180.0   5.0                                        LON1 / LON2 / DLON  
    -1                                                      EXPONENT            
                                                            END OF HEADER       
[from data line 3861]
    10                                                      START OF TEC MAP    
  2015    11    23    18     0     0                        EPOCH OF CURRENT MAP
    87.5-180.0 180.0   5.0 450.0                            LAT/LON1/LON2/DLON/H
  120   82   79   82   82   79   82   80   83   81   84   84   86   86   88   88
   90   90   91   91   93   92   93   92   94   92   94   92   93   91   92   90
   91   88   90   87   89   86   88   85   87   85   87   85   87   85   87   86
   88   87   88   88   89   89   90   89   90   89   90   89   90   87   88   86
   87   84   85   83   87   81   90  107  120                                   
    85.0-180.0 180.0   5.0 450.0                            LAT/LON1/LON2/DLON/H
   69   62   61   66   67   68   67   69   69   71   71   74   74   77   77   80
   79   82   81   84   82   85   83   85   83   85   82   84   82   83   80   82
   79   80   76   78   75   76   72   75   72   74   71   74   72   75   72   76
   73   78   74   79   76   80   77   81   79   82   79   81   78   80   76   78
   74   75   72   73   73   66   77   92   69                                   
    82.5-180.0 180.0   5.0 450.0                            LAT/LON1/LON2/DLON/H
   56   48   48   50   49   50   51   54   55   58   60   64   67   71   73   77
   78   81   81   84   83   85   84   86   83   84   81   83   80   81   77   79
   74   76   71   72   67   68   64   65   62   63   60   63   61   64   62   66
   65   69   67   71   71   74   73   76   75   77   75   76   73   74   71   71
   67   66   63   62   60   56   61   64   56                                   
    80.0-180.0 180.0   5.0 450.0                            LAT/LON1/LON2/DLON/H
   45   37   36   40   39   42   42   47   48   54   57   63   66   72   75   79
   81   84   85   88   87   89   87   88   85   85   82   83   80   81   77   78
   73   73   68   68   63   63   57   58   53   55   51   54   52   56   55   59
   59   64   63   67   67   71   70   73   72   74   72   73   70   71   66   67
   61   61   55   56   52   45   52   49   45                                   
    77.5-180.0 180.0   5.0 450.0                            LAT/LON1/LON2/DLON/H
   34   30   29   30   30   33   34   39   43   49   55   62   68   74   80   85
   88   92   94   96   95   96   94   93   89   88   85   83   81   79   78   75
   73   70   67   64   59   56   51   48   43   42   40   41   40   43   44   48
   50   54   57   60   64   65   69   68   71   70   71   69   68   66   65   62
   59   56   53   50   47   40   43   37   34                                   
    75.0-180.0 180.0   5.0 450.0                            LAT/LON1/LON2/DLON/H
   32   30   26   29   29   32   34   40   45   52   59   68   74   82   89   96
  100  104  107  108  106  105  101   99   94   92   88   85   82   80   79   77
   74   72   68   64   57   53   46   42   37   35   33   33   32   37   37   44
   45   51   52   57   57   61   62   64   64   65   64   64   62   62   60   59
   55   54   50   49   45   36   43   36   32                                   
    72.5-180.0 180.0   5.0 450.0                            LAT/LON1/LON2/DLON/H
   30   31   29   28   30   31   35   40   46   55   64   73   84   93  104  110
  117  120  125  124  123  119  115  110  103   98   94   89   87   84   83   80
   77   74   69   64   56   51   43   38   32   29   27   27   27   30   33   36
   40   43   47   50   54   55   58   58   60   58   60   57   58   56   57   54
   54   51   51   48   46   40   44   30   30                                   
    70.0-180.0 180.0   5.0 450.0                            LAT/LON1/LON2/DLON/H
   37   36   33   34   35   36   40   46   53   63   73   86   97  109  119  128
  135  140  143  143  140  136  129  122  113  107  100   96   90   89   85   83
   79   76   70   65   55   49   40   36   28   28   24   27   26   31   31   37
   37   43   43   47   47   50   50   51   50   51   50   51   50   51   51   51
   51   51   50   50   48   40   48   36   37                                   
    67.5-180.0 180.0   5.0 450.0                            LAT/LON1/LON2/DLON/H
   38   39   38   38   39   40   45   51   60   71   85   99  112  125  136  145
  153  158  162  161  159  152  145  136  126  117  110  102   97   92   90   86
   81   76   70   62   54   46   39   32   27   25   24   26   28   31   33   35
   37   38   39   41   40   41   41   41   41   41   42   42   43   43   46   46
   48   47   50   49   49   44   50   34   38                                   
    65.0-180.0 180.0   5.0 450.0                            LAT/LON1/LON2/DLON/H
   42   45   41   43   43   46   51   59   69   83   98  115  128  142  152  162
  168  173  176  177  175  171  160  150  137  128  117  109  100   97   91   88
   81   76   66   59   50   43   34   30   24   25   23   29   28   35   34   38
   35   39   35   37   33   34   31   33   30   33   32   35   35   39   40   43
   43   46   47   49   47   43   52   39   42                                   
    62.5-180.0 180.0   5.0 450.0                            LAT/LON1/LON2/DLON/H
   41   44   43   46   48   51   58   68   80   96  112  130  144  156  167  174
  180  184  189  191  192  187  178  165  151  139  129  118  110  103   97   90
   83   74   66   56   48   39   32   27   24   24   26   30   32   34   36   35
   35   32   31   28   26   24   24   23   24   24   26   28   31   33   37   38
   41   41   44   43   45   42   50   33   41                                   
    60.0-180.0 180.0   5.0 450.0                            LAT/LON1/LON2/DLON/H
   42   47   45   49   51   57   65   77   90  108  125  143  157  168  176  182
  187  190  196  200  202  198  189  177  161  149  137  128  117  110  102   96
   86   78   66   57   47   39   31   28   26   27   30   34   34   37   35   36
   31   30   27   25   22   21   20   20   20   22   24   27   30   32   35   38
   39   40   41   42   41   39   47   33   42                                   
    57.5-180.0 180.0   5.0 450.0                            LAT/LON1/LON2/DLON/H
   42   46   47   53   58   64   74   87  101  119  137  155  168  177  184  189
  193  196  203  207  209  205  197  186  172  159  149  139  130  122  116  106
   95   82   72   59   50   41   35   31   30   32   35   38   39   39   38   35
   32   26   26   20   21   17   19   18   20   20   26   27   32   33   37   38
   40   39   41   40   41   39   46   27   42                                   
    55.0-180.0 180.0   5.0 450.0                            LAT/LON1/LON2/DLON/H
   46   52   52   59   65   75   85   98  113  130  148  162  175  181  190  192
  198  200  208  209  213  208  202  191  180  169  160  151  143  136  128  119
  106   93   80   67   58   48   45   39   40   40   44   44   44   43   40   38
   33   30   28   24   23   22   23   22   25   27   31   33   36   39   41   43
   44   45   46   45   43   40   48   33   46                                   
    52.5-180.0 180.0   5.0 450.0                            LAT/LON1/LON2/DLON/H
   50   55   59   69   78   87   99  111  126  141  157  170  180  187  195  199
  204  207  212  215  214  211  204  196  188  179  173  166  159  150  143  132
  119  103   89   75   67   59   55   52   51   52   54   54   53   50   46   42
   39   34   35   29   31   27   30   29   34   34   40   40   44   45   48   48
   51   50   53   51   52   48   54   35   50                                   
    50.0-180.0 180.0   5.0 450.0                            LAT/LON1/LON2/DLON/H
   61   66   69   81   92  103  113  126  137  151  164  173  183  190  201  204
  212  213  220  216  217  210  207  199  196  189  185  180  173  163  154  142
  129  112   99   86   79   70   70   65   66   63   66   64   62   58   54   51
   47   45   44   42   41   41   42   43   46   50   52   54   54   56   57   59
   61   62   64   64   61   57   63   50   61                                   
    47.5-180.0 180.0   5.0 450.0                            LAT/LON1/LON2/DLON/H
   68   74   81   95  107  118  130  141  152  163  173  180  189  196  205  212
  219  223  225  224  218  214  209  206  202  199  197  193  184  172  161  146
  131  115  102   92   85   80   79   77   76   75   75   74   72   69   66   63
   61   59   59   57   56   55   59   59   65   65   69   66   67   65   67   66
   70   70   74   74   74   69   74   59   68                                   
    45.0-180.0 180.0   5.0 450.0                            LAT/LON1/LON2/DLON/H
   77   86   91  111  122  136  145  157  164  175  181  187  195  202  212  221
  230  231  234  227  225  217  215  211  211  210  207  203  190  176  163  147
  132  116  106   98   95   91   92   90   89   86   86   84   82   80   78   77
   76   77   74   74   70   73   72   75   76   79   78   77   74   74   74   76
   78   81   84   85   83   79   84   76   77                                   
    42.5-180.0 180.0   5.0 450.0                            LAT/LON1/LON2/DLON/H
   79   88  100  120  135  148  160  170  178  186  192  198  203  209  220  231
  239  242  241  237  230  225  222  220  219  217  215  206  190  173  158  140
  125  112  103   99   97   97   97   96   95   92   91   89   89   89   89   88
   89   89   88   85   83   81   81   82   85   84   84   80   79   77   79   78
   82   82   88   88   90   83   89   81   79                                   
    40.0-180.0 180.0   5.0 450.0                            LAT/LON1/LON2/DLON/H
   81   93  103  126  140  157  169  179  188  195  201  207  210  217  228  238
  248  248  249  243  240  235  233  230  228  226  219  208  187  170  151  134
  122  111  105  103  104  105  106  105  103   99   98   96   98   96   99   98
   97   97   93   91   84   84   80   84   83   85   82   81   78   79   79   81
   83   85   88   90   89   83   89   82   81                                   
    37.5-180.0 180.0   5.0 450.0                            LAT/LON1/LON2/DLON/H
   73   84   99  121  139  155  172  184  195  204  212  216  220  227  237  246
  254  256  257  254  251  247  245  240  236  231  222  207  186  166  151  136
  127  119  115  115  115  116  116  114  110  106  103  102  103  103  105  103
  102   99   95   91   85   82   80   81   82   81   81   79   78   78   81   79
   82   80   84   82   83   77   83   74   73                                   
    35.0-180.0 180.0   5.0 450.0                            LAT/LON1/LON2/DLON/H
   67   78   90  113  132  150  168  184  198  209  220  225  231  238  246  252
  260  260  264  262  262  259  255  251  244  239  227  213  190  174  160  152
  146  141  141  140  140  137  137  130  126  119  116  111  112  111  112  109
  105   99   94   88   82   80   76   79   77   79   77   77   76   79   80   81
   81   79   79   77   76   68   73   62   67                                   
    32.5-180.0 180.0   5.0 450.0                            LAT/LON1/LON2/DLON/H
   57   67   82  104  125  143  166  183  203  215  229  234  243  247  255  259
  265  267  271  272  272  268  264  257  250  245  236  224  207  197  190  189
  188  187  185  180  175  166  161  152  144  136  129  125  122  120  118  113
  107   99   93   87   82   81   80   80   80   77   77   76   77   79   82   81
   81   77   75   70   70   62   63   49   57                                   
    30.0-180.0 180.0   5.0 450.0                            LAT/LON1/LON2/DLON/H
   51   64   79   99  123  140  163  181  202  217  232  242  251  257  261  264
  268  270  276  277  278  275  268  263  258  257  253  249  241  239  240  245
  250  248  241  228  216  200  189  179  171  159  153  143  139  132  129  120
  114  104   98   92   91   91   92   93   92   92   90   89   87   87   86   84
   83   80   76   71   65   59   58   44   51                                   
    27.5-180.0 180.0   5.0 450.0                            LAT/LON1/LON2/DLON/H
   43   60   79   96  120  136  162  183  205  223  238  248  259  263  268  269
  272  276  281  283  284  277  270  265  264  271  275  282  282  291  300  315
  323  320  307  285  259  234  220  202  194  181  172  161  153  143  139  129
  122  111  106  101  104  105  109  111  111  111  109  107  104  102  100   95
   91   85   81   73   68   62   60   44   43                                   
    25.0-180.0 180.0   5.0 450.0                            LAT/LON1/LON2/DLON/H
   50   68   85  102  123  144  166  188  211  229  243  254  265  271  274  274
  276  278  283  285  284  278  270  270  275  292  304  320  330  347  365  384
  394  385  367  337  305  266  242  224  212  200  191  178  168  159  152  142
  136  128  125  123  126  126  127  129  126  126  125  122  120  115  111  105
   99   93   87   82   73   70   66   54   50                                   
    22.5-180.0 180.0   5.0 450.0                            LAT/LON1/LON2/DLON/H
   60   81  101  120  140  158  179  199  219  241  252  265  273  279  282  281
  281  283  285  287  285  276  271  275  290  314  335  361  382  409  438  460
  472  456  429  384  344  294  260  236  225  212  203  188  179  168  165  160
  158  153  146  142  145  146  146  145  142  137  133  127  128  125  128  119
  109  100   95   88   84   77   75   64   60                                   
    20.0-180.0 180.0   5.0 450.0                            LAT/LON1/LON2/DLON/H
   80  100  113  137  156  176  195  215  233  253  263  274  283  289  291  289
  288  285  288  286  284  279  278  290  315  344  376  408  440  469  500  510
  516  489  459  407  357  308  267  241  228  216  207  195  187  182  181  179
  175  172  168  168  165  168  164  165  159  154  148  140  135  128  125  121
  117  107  100   97   88   87   82   74   80                                   
    17.5-180.0 180.0   5.0 450.0                            LAT/LON1/LON2/DLON/H
   93  112  133  160  185  202  220  236  253  270  275  289  295  302  304  302
  297  294  293  291  289  287  295  316  346  386  427  466  500  521  540  543
  540  509  477  420  365  314  274  248  234  222  213  201  193  188  185  191
  190  193  190  190  186  187  182  183  177  171  162  154  147  138  132  120
  115  108  105   95   94   88   89   87   93                                   
    15.0-180.0 180.0   5.0 450.0                            LAT/LON1/LON2/DLON/H
  107  126  145  179  204  227  247  264  280  294  298  310  316  322  324  319
  317  308  307  300  302  304  322  349  393  436  484  518  548  552  561  549
  540  507  469  413  360  311  277  252  240  229  220  206  193  190  190  200
  205  208  208  203  201  196  195  194  186  180  168  158  149  142  133  120
  111  104  102   99   93   93   89   92  107                                   
    12.5-180.0 180.0   5.0 450.0                            LAT/LON1/LON2/DLON/H
  105  133  157  191  223  245  267  282  301  318  328  340  343  347  346  341
  337  329  323  318  322  333  356  393  437  490  530  557  570  565  562  542
  526  496  456  402  353  310  278  259  241  234  215  207  191  196  194  210
  215  221  217  211  203  199  194  193  188  181  169  159  150  142  133  121
  110  100   99   93   94   91   91   92  105                                   
    10.0-180.0 180.0   5.0 450.0                            LAT/LON1/LON2/DLON/H
  107  140  165  203  234  259  287  303  325  345  354  365  367  377  376  372
  364  354  349  343  352  366  399  442  489  533  561  574  577  563  547  522
  501  475  437  395  347  312  282  266  249  235  216  205  193  197  204  215
  225  224  224  214  208  198  195  192  188  181  169  160  150  143  134  120
  109   97   94   91   88   88   90   82  107                                   
     7.5-180.0 180.0   5.0 450.0                            LAT/LON1/LON2/DLON/H
  102  142  172  205  240  265  296  313  340  363  378  388  397  407  408  404
  400  387  383  376  392  410  438  479  520  558  568  572  564  542  523  496
