data/unet/pred1400.15i
     1.0            IONOSPHERE MAPS     GNSS                IONEX VERSION / TYPE
pyspatialgeodesy        IME             05-JAN-18 20:20     PGM / RUN BY / DATE 
Map Name                                                    COMMENT             
Predicted global ionosphere maps (GIM).                     DESCRIPTION         
  2015     5    20     0     0     0                        EPOCH OF FIRST MAP  
  2015     5    21     0     0     0                        EPOCH OF LAST MAP   
  7200                                                      INTERVAL            
    13                                                      # OF MAPS IN FILE   
  NONE                                                      MAPPING FUNCTION    
10.0                                                        ELEVATION CUTOFF    
One-way carrier phase leveled to code                       OBSERVABLES USED    
  6371.0                                                    BASE RADIUS         
 2                                                          MAP DIMENSION       
   450.0 450.0   0.0                                        HGT1 / HGT2 / DHGT  
    87.5 -87.5  -2.5                                        LAT1 / LAT2 / DLAT  
  -180.0 180.0   5.0                                        LON1 / LON2 / DLON  
    -1                                                      EXPONENT            
                                                            END OF HEADER       
[from data line 4290]
    11                                                      START OF TEC MAP    
  2015     5    20    20     0     0                        EPOCH OF CURRENT MAP
    87.5-180.0 180.0   5.0 450.0                            LAT/LON1/LON2/DLON/H
  213  196  187  191  189  190  189  191  191  193  193  195  195  197  196  198
  197  198  198  199  197  198  198  198  196  196  195  194  192  190  190  188
  187  186  185  184  183  183  182  183  183  183  183  183  184  184  184  184
  185  185  184  184  184  184  183  184  183  184  182  183  182  184  182  184
  183  186  185  187  186  188  187  201  213                                   
    85.0-180.0 180.0   5.0 450.0                            LAT/LON1/LON2/DLON/H
  174  176  180  184  183  183  186  187  190  191  194  195  197  199  200  201
  202  203  203  203  202  202  202  200  199  198  197  195  193  190  189  187
  185  183  182  180  180  179  179  178  179  179  180  180  181  181  182  182
  183  183  182  183  182  182  181  181  181  181  179  180  178  179  177  178
  177  179  178  180  178  180  179  199  174                                   
    82.5-180.0 180.0   5.0 450.0                            LAT/LON1/LON2/DLON/H
  171  169  177  181  180  182  183  188  189  193  195  199  200  204  205  209
  208  211  209  211  208  210  206  207  202  204  199  199  192  193  187  187
  181  183  177  180  176  179  176  180  177  181  179  184  182  186  185  188
  186  189  187  189  187  189  186  188  185  186  183  185  181  182  179  181
  178  180  177  179  176  176  169  180  171                                   
    80.0-180.0 180.0   5.0 450.0                            LAT/LON1/LON2/DLON/H
  168  161  170  172  174  173  178  180  185  186  193  195  200  201  206  207
  210  209  212  210  211  208  208  204  203  199  198  192  190  184  182  176
  175  171  171  168  169  168  170  170  173  173  176  177  180  180  183  182
  184  183  186  184  186  184  186  183  184  181  182  179  179  176  176  173
  174  171  171  168  169  166  163  172  168                                   
    77.5-180.0 180.0   5.0 450.0                            LAT/LON1/LON2/DLON/H
  163  159  165  168  167  171  173  179  181  186  190  196  199  204  207  210
  212  212  214  213  213  211  210  207  204  201  198  193  189  183  179  173
  169  165  164  162  161  162  164  165  167  169  172  174  175  177  178  179
  180  180  181  182  181  182  181  182  179  180  178  178  175  175  173  173
  171  170  169  168  165  163  155  161  163                                   
    75.0-180.0 180.0   5.0 450.0                            LAT/LON1/LON2/DLON/H
  161  155  165  167  169  169  174  174  180  182  190  192  200  201  206  207
  211  208  212  210  213  209  211  207  207  201  201  192  190  181  179  170
  168  161  162  158  159  159  162  162  165  165  168  168  170  170  172  171
  172  171  173  172  174  172  174  172  173  172  173  170  171  169  170  168
  169  167  168  165  166  164  159  163  161                                   
    72.5-180.0 180.0   5.0 450.0                            LAT/LON1/LON2/DLON/H
  164  162  169  173  171  174  175  179  181  187  190  197  200  203  205  207
  207  208  208  209  209  211  210  211  207  207  201  198  191  186  180  173
  169  164  162  159  159  160  162  162  164  165  166  166  165  166  165  164
  164  164  163  164  164  165  164  165  164  165  164  166  164  166  165  168
  167  169  169  170  169  170  164  166  164                                   
    70.0-180.0 180.0   5.0 450.0                            LAT/LON1/LON2/DLON/H
  172  167  178  179  180  178  180  180  185  186  193  195  200  199  203  201
  204  201  204  203  207  207  210  209  210  207  205  198  195  187  183  173
  171  164  165  160  163  161  165  163  167  164  166  163  164  160  161  157
  158  155  156  154  156  155  157  156  158  157  159  159  161  162  164  166
  167  169  171  172  174  176  175  174  172                                   
    67.5-180.0 180.0   5.0 450.0                            LAT/LON1/LON2/DLON/H
  182  178  184  189  185  186  184  186  187  191  194  199  201  202  202  203
  200  201  200  203  204  208  209  212  210  211  206  203  196  191  185  179
  174  170  167  166  165  166  167  167  167  166  165  162  159  157  154  151
  149  147  146  146  146  146  147  148  148  150  151  153  154  158  159  164
  165  170  172  176  178  183  180  179  182                                   
    65.0-180.0 180.0   5.0 450.0                            LAT/LON1/LON2/DLON/H
  192  186  193  196  194  191  189  188  189  191  195  199  202  202  203  202
  201  200  202  204  207  209  212  213  214  211  209  202  198  190  187  178
  177  172  173  168  171  170  173  171  173  169  167  161  159  152  150  144
  143  139  139  137  139  138  140  139  142  142  145  147  150  153  158  162
  166  170  174  178  182  187  188  187  192                                   
    62.5-180.0 180.0   5.0 450.0                            LAT/LON1/LON2/DLON/H
  202  195  198  202  198  196  192  191  192  194  197  201  203  206  205  207
  204  205  204  209  208  213  212  215  212  210  205  201  195  191  186  183
  180  179  176  177  176  178  178  177  176  172  167  161  154  149  143  138
  134  131  130  128  129  129  131  131  133  134  137  140  144  149  154  160
  164  171  175  180  184  192  191  190  202                                   
    60.0-180.0 180.0   5.0 450.0                            LAT/LON1/LON2/DLON/H
  206  200  203  206  203  199  195  193  193  193  196  200  203  204  206  206
  206  204  206  208  211  212  213  212  211  206  203  196  195  188  190  185
  187  183  186  183  186  184  187  183  184  176  173  163  157  147  144  134
  133  127  127  123  125  122  126  122  126  125  131  133  140  145  154  159
  167  172  178  183  188  194  198  196  206                                   
    57.5-180.0 180.0   5.0 450.0                            LAT/LON1/LON2/DLON/H
  214  208  206  210  208  204  200  198  197  197  199  202  204  207  207  209
  208  209  208  212  212  214  212  212  208  204  200  196  193  192  192  194
  193  195  194  194  193  193  192  191  188  183  177  168  159  153  145  139
  133  129  125  121  120  118  119  117  119  120  124  128  134  143  151  160
  167  177  183  189  192  201  200  201  214                                   
    55.0-180.0 180.0   5.0 450.0                            LAT/LON1/LON2/DLON/H
  218  215  215  217  215  212  207  205  204  202  203  205  206  208  208  210
  209  209  210  211  212  212  212  211  209  204  203  199  200  197  202  201
  206  204  207  202  204  200  202  197  197  187  183  171  164  154  149  140
  137  129  127  120  119  114  116  111  115  113  120  123  133  141  153  162
  173  183  191  197  202  209  213  211  218                                   
    52.5-180.0 180.0   5.0 450.0                            LAT/LON1/LON2/DLON/H
  230  227  226  229  228  224  219  214  213  210  210  209  211  210  210  211
  211  211  211  210  211  211  211  210  209  207  206  205  205  207  209  213
  214  217  215  215  211  211  209  206  202  194  187  178  168  161  153  148
  140  135  129  123  119  116  115  112  112  113  116  123  130  142  152  166
  176  189  198  206  210  221  221  222  230                                   
    50.0-180.0 180.0   5.0 450.0                            LAT/LON1/LON2/DLON/H
  238  238  241  243  242  242  235  232  228  223  221  218  217  214  213  212
  213  211  210  208  209  208  211  210  213  211  215  212  217  216  223  222
  228  225  228  223  224  218  220  212  211  199  194  182  175  165  160  152
  147  139  135  127  124  118  119  113  115  111  119  121  132  141  156  169
  184  196  207  215  223  232  236  235  238                                   
    47.5-180.0 180.0   5.0 450.0                            LAT/LON1/LON2/DLON/H
  253  252  256  260  264  262  261  254  252  245  240  233  229  222  220  218
  217  215  212  210  209  210  211  214  216  220  222  224  225  228  230  232
  234  235  234  233  229  229  225  221  215  208  198  191  179  174  166  162
  154  149  141  136  130  126  125  121  120  118  121  126  132  144  157  174
  188  203  214  224  231  242  243  247  253                                   
    45.0-180.0 180.0   5.0 450.0                            LAT/LON1/LON2/DLON/H
  262  264  273  277  281  282  280  279  275  269  261  253  246  237  233  229
  228  222  220  214  215  213  218  219  227  228  234  233  238  236  240  238
  243  241  245  241  242  237  237  228  226  214  207  196  189  179  177  169
  165  156  152  143  140  134  134  128  128  123  127  127  136  145  160  176
  193  208  222  233  242  252  258  263  262                                   
    42.5-180.0 180.0   5.0 450.0                            LAT/LON1/LON2/DLON/H
  276  278  288  293  300  300  304  302  305  297  292  280  273  260  255  246
  242  235  228  224  221  224  227  233  237  241  244  244  244  244  244  244
  247  250  253  255  253  252  247  243  235  227  214  206  196  191  185  182
  175  169  161  155  149  145  143  138  135  133  132  134  138  148  161  179
  195  211  227  239  250  262  265  275  276                                   
    40.0-180.0 180.0   5.0 450.0                            LAT/LON1/LON2/DLON/H
  284  290  303  307  317  315  322  322  326  321  318  308  301  288  280  270
  262  249  244  234  237  237  245  248  255  256  258  254  255  251  253  251
  258  262  270  271  273  270  268  259  251  238  227  216  207  201  197  191
  187  179  174  165  160  155  153  147  144  138  138  136  141  148  163  178
  197  213  232  247  259  269  276  284  284                                   
    37.5-180.0 180.0   5.0 450.0                            LAT/LON1/LON2/DLON/H
  298  302  313  322  332  332  340  339  348  342  346  335  333  319  311  297
  286  271  259  253  252  259  263  269  272  274  273  269  267  263  264  265
  274  283  295  298  300  297  291  280  268  256  243  231  222  217  212  206
  199  192  184  177  169  163  158  154  148  144  141  140  141  150  162  180
  196  215  233  248  262  273  276  291  298                                   
    35.0-180.0 180.0   5.0 450.0                            LAT/LON1/LON2/DLON/H
  304  313  325  332  342  341  351  350  361  356  361  355  353  344  336  323
  312  293  283  272  279  282  294  295  301  299  300  295  294  291  295  297
  311  323  337  339  340  330  320  304  294  278  267  251  243  234  228  219
  213  203  195  186  179  170  164  158  154  149  147  144  147  152  166  182
  203  220  240  255  268  277  287  296  304                                   
    32.5-180.0 180.0   5.0 450.0                            LAT/LON1/LON2/DLON/H
  311  319  329  342  349  351  362  363  378  372  386  375  382  366  363  346
  336  320  306  304  307  318  323  327  328  330  330  331  331  334  340  348
  362  372  381  378  373  356  339  322  310  298  285  271  261  251  242  233
  225  214  204  195  186  178  169  163  159  156  153  151  154  159  169  186
  205  226  243  257  269  280  283  299  311                                   
    30.0-180.0 180.0   5.0 450.0                            LAT/LON1/LON2/DLON/H
  316  327  338  348  356  355  367  369  385  381  398  389  396  385  378  370
  359  346  338  331  343  346  358  353  359  358  367  369  380  386  398  407
  417  419  422  410  399  371  351  327  317  302  296  283  276  263  254  241
  233  217  209  198  191  180  177  168  169  162  161  156  160  161  175  190
  214  233  254  264  276  282  292  305  316                                   
    27.5-180.0 180.0   5.0 450.0                            LAT/LON1/LON2/DLON/H
  326  332  344  357  366  371  381  386  404  405  425  417  430  409  408  389
  384  374  366  367  372  379  382  383  384  391  401  412  425  438  455  464
  470  462  454  431  411  377  348  319  308  296  292  285  278  268  258  246
  237  224  212  199  186  177  170  168  168  169  171  172  173  173  185  198
  217  240  258  270  279  288  295  312  326                                   
    25.0-180.0 180.0   5.0 450.0                            LAT/LON1/LON2/DLON/H
  333  338  353  367  378  389  400  408  424  429  444  440  451  433  425  418
  410  402  400  396  405  404  411  405  415  422  443  457  482  499  519  518
  517  495  475  438  411  368  333  300  288  280  282  278  276  264  257  243
  233  212  205  191  184  172  168  163  165  165  171  167  175  182  192  201
  222  242  265  277  289  294  306  320  333                                   
    22.5-180.0 180.0   5.0 450.0                            LAT/LON1/LON2/DLON/H
  340  344  361  380  397  417  435  444  462  470  486  487  499  482  473  455
  449  438  434  434  438  441  438  440  446  466  486  513  540  559  571  559
  543  507  473  429  392  344  307  274  267  266  272  272  272  264  254  237
  224  210  198  194  186  184  179  179  178  181  180  178  177  183  198  211
  224  247  267  285  295  303  311  329  340                                   
    20.0-180.0 180.0   5.0 450.0                            LAT/LON1/LON2/DLON/H
  346  348  370  390  414  439  460  473  492  504  519  527  537  528  517  504
  493  483  478  472  477  473  473  469  484  500  532  557  588  598  600  579
  551  505  461  416  374  326  289  263  257  257  265  263  264  247  237  222
  213  204  197  194  187  186  182  184  185  187  188  184  182  183  191  204
  220  235  260  278  297  303  314  335  346                                   
    17.5-180.0 180.0   5.0 450.0                            LAT/LON1/LON2/DLON/H
  347  352  375  395  425  452  481  499  523  533  553  566  581  581  574  564
  550  544  532  526  517  515  505  509  518  543  574  600  621  618  607  577
  538  487  445  400  359  314  281  266  263  268  269  264  256  246  230  221
  210  205  196  194  188  187  184  187  189  191  190  186  180  181  183  201
  213  231  249  273  293  308  318  343  347                                   
    15.0-180.0 180.0   5.0 450.0                            LAT/LON1/LON2/DLON/H
  348  355  381  401  430  457  486  507  531  544  565  584  603  615  612  613
  601  598  587  573  563  550  548  543  558  578  607  623  635  624  602  567
  521  475  434  396  346  311  284  275  267  265  268  264  260  244  236  225
  216  207  198  194  186  186  183  186  188  188  187  181  173  169  171  180
  196  211  235  257  284  299  319  345  348                                   
    12.5-180.0 180.0   5.0 450.0                            LAT/LON1/LON2/DLON/H
  345  359  386  403  430  453  481  503  527  544  564  586  611  630  640  648
  644  644  631  623  602  592  581  580  591  611  632  637  637  614  584  544
  504  464  431  391  356  328  311  295  288  281  281  278  277  263  252  240
  226  212  199  192  184  181  180  179  180  180  180  175  167  164  164  174
  183  203  224  251  277  303  321  352  345                                   
    10.0-180.0 180.0   5.0 450.0                            LAT/LON1/LON2/DLON/H
  346  359  389  404  428  446  472  490  515  530  552  573  600  626  644  663
  669  675  669  659  641  624  613  608  617  627  640  639  628  601  568  529
  495  462  426  399  374  355  340  327  318  309  308  299  302  284  273  256
  241  219  204  191  183  177  171  169  168  167  166  160  154  146  146  148
  160  176  205  230  265  293  319  349  346                                   
     7.5-180.0 180.0   5.0 450.0                            LAT/LON1/LON2/DLON/H
  345  368  398  413  432  445  464  475  497  516  538  561  588  617  643  668
  683  695  693  686  664  649  632  627  633  636  643  632  616  586  555  521
