data/unet/pred2470.15i
     1.0            IONOSPHERE MAPS     GNSS                IONEX VERSION / TYPE
pyspatialgeodesy        IME             05-JAN-18 20:20     PGM / RUN BY / DATE 
Map Name                                                    COMMENT             
Predicted global ionosphere maps (GIM).                     DESCRIPTION         
  2015     9     4     0     0     0                        EPOCH OF FIRST MAP  
  2015     9     5     0     0     0                        EPOCH OF LAST MAP   
  7200                                                      INTERVAL            
    13                                                      # OF MAPS IN FILE   
  NONE                                                      MAPPING FUNCTION    
10.0                                                        ELEVATION CUTOFF    
One-way carrier phase leveled to code                       OBSERVABLES USED    
  6371.0                                                    BASE RADIUS         
 2                                                          MAP DIMENSION       
   450.0 450.0   0.0                                        HGT1 / HGT2 / DHGT  
    87.5 -87.5  -2.5                                        LAT1 / LAT2 / DLAT  
  -180.0 180.0   5.0                                        LON1 / LON2 / DLON  
    -1                                                      EXPONENT            
                                                            END OF HEADER       
     1                                                      START OF TEC MAP    
  2015     9     4     0     0     0                        EPOCH OF CURRENT MAP
    87.5-180.0 180.0   5.0 450.0                            LAT/LON1/LON2/DLON/H
  144  108  103   98   99   94   97   93   97   94   96   93   96   93   96   94
   97   95   97   95   98   95   98   94   98   94   97   93   97   93   96   92
   95   92   95   91   94   90   93   90   92   89   92   89   92   90   92   90
   93   91   93   90   93   91   93   91   94   92   95   92   96   94   97   95
   99   97  100   99  105  103  109  137  144                                   
    85.0-180.0 180.0   5.0 450.0                            LAT/LON1/LON2/DLON/H
  115  102  102   99   98   93   95   93   95   93   94   92   95   93   95   94
   96   94   97   94   97   94   96   93   95   91   94   90   92   88   91   86
   89   84   87   83   85   81   84   80   83   79   82   79   83   80   83   81
   84   83   85   83   86   85   87   85   89   88   91   90   94   93   96   95
   99   97  101   99  105   98   96  105  115                                   
    82.5-180.0 180.0   5.0 450.0                            LAT/LON1/LON2/DLON/H
  112  105  108  107  105  100  104  102  106  102  105  103  106  103  106  103
  106  103  105  102  104  100  102   98   99   95   96   93   92   90   89   87
   86   84   84   82   82   79   80   77   79   76   78   76   79   77   81   78
   83   81   85   83   88   86   91   89   94   92   97   96  102  100  105  103
  108  106  110  108  113  106  103  108  112                                   
    80.0-180.0 180.0   5.0 450.0                            LAT/LON1/LON2/DLON/H
  114  112  115  116  114  114  115  117  118  118  118  119  120  119  119  118
  118  116  116  114  113  111  110  107  106  103  101   99   97   95   93   92
   90   88   87   86   85   83   82   81   81   80   80   79   81   81   83   82
   86   86   89   89   93   93   96   96  100  101  104  105  109  110  113  114
  117  116  119  119  121  117  112  114  114                                   
    77.5-180.0 180.0   5.0 450.0                            LAT/LON1/LON2/DLON/H
  119  117  119  120  118  118  121  122  123  124  125  125  125  125  125  124
  123  121  120  118  116  113  112  109  107  104  103  100   98   95   94   93
   91   90   88   88   86   85   84   82   81   79   78   78   79   79   81   82
   85   86   88   90   93   94   97   98  100  102  105  107  110  113  115  117
  119  120  121  122  124  120  117  115  119                                   
    75.0-180.0 180.0   5.0 450.0                            LAT/LON1/LON2/DLON/H
  119  117  119  121  120  121  123  125  127  128  129  130  130  129  128  127
  125  124  122  120  117  115  113  111  108  105  103  101   98   96   95   94
   92   91   91   90   88   87   85   82   80   78   77   76   77   77   79   80
   83   84   87   88   91   92   95   96   98  100  104  106  109  112  115  118
  120  121  123  124  126  124  118  117  119                                   
    72.5-180.0 180.0   5.0 450.0                            LAT/LON1/LON2/DLON/H
  121  116  118  120  119  120  123  126  129  131  133  134  133  132  130  128
  126  123  121  118  115  113  111  108  105  102  100   97   94   93   91   91
   89   88   88   87   85   83   80   77   74   71   70   69   70   70   73   74
   77   78   82   82   85   85   89   89   93   94   99  101  106  108  113  115
  118  119  122  122  126  123  120  118  121                                   
    70.0-180.0 180.0   5.0 450.0                            LAT/LON1/LON2/DLON/H
  117  114  116  119  118  120  123  127  131  134  136  137  136  134  132  129
  125  122  119  116  112  109  107  104  100   96   94   90   87   85   85   83
   82   81   81   79   77   74   71   67   64   61   61   60   62   62   65   67
   70   71   75   75   78   79   82   83   88   89   95   98  103  106  111  113
  116  118  121  122  125  124  120  119  117                                   
    67.5-180.0 180.0   5.0 450.0                            LAT/LON1/LON2/DLON/H
  122  116  117  119  117  119  123  127  132  136  138  140  139  137  133  130
  125  121  117  114  110  106  103   99   94   90   86   83   79   77   76   75
   73   72   72   70   67   64   60   56   53   50   50   50   51   52   56   56
   61   61   65   65   70   70   75   76   82   85   92   95  102  104  110  111
  115  116  120  121  125  123  121  120  122                                   
    65.0-180.0 180.0   5.0 450.0                            LAT/LON1/LON2/DLON/H
  123  121  121  122  119  120  123  128  133  138  140  142  141  140  136  132
  127  123  118  114  109  105  101   96   90   85   80   76   72   69   68   66
   66   64   64   61   59   55   51   47   44   42   42   42   45   45   48   50
   53   54   58   59   63   65   70   73   80   84   92   96  103  106  111  113
  116  117  121  122  126  126  124  124  123                                   
    62.5-180.0 180.0   5.0 450.0                            LAT/LON1/LON2/DLON/H
  135  132  130  128  123  122  124  128  133  138  141  143  144  142  139  135
  130  126  121  117  112  107  102   95   88   82   76   71   67   63   62   60
   59   56   56   53   50   46   43   40   38   36   37   38   40   41   44   44
   48   48   52   53   58   60   67   71   79   84   93   98  105  109  114  115
  119  119  123  124  129  128  129  128  135                                   
    60.0-180.0 180.0   5.0 450.0                            LAT/LON1/LON2/DLON/H
  143  145  142  139  132  128  128  130  134  138  141  144  145  144  141  138
  134  131  127  123  118  112  106   98   90   83   76   71   65   61   59   56
   54   52   51   48   45   42   40   37   37   37   38   39   41   42   44   44
   47   47   51   52   58   61   69   74   83   89   98  103  111  114  119  120
  123  124  127  129  134  134  135  134  143                                   
    57.5-180.0 180.0   5.0 450.0                            LAT/LON1/LON2/DLON/H
  162  162  158  153  145  140  136  135  137  140  143  145  147  147  145  143
  141  139  135  132  128  122  114  106   97   89   81   75   70   65   62   57
   54   51   49   46   44   41   40   39   40   42   43   45   46   47   48   47
   49   48   52   53   59   64   72   79   88   96  104  110  117  121  125  126
  129  129  133  134  139  141  143  140  162                                   
    55.0-180.0 180.0   5.0 450.0                            LAT/LON1/LON2/DLON/H
  175  178  177  171  162  154  148  143  142  142  144  146  148  149  148  148
  147  146  144  141  138  132  124  114  105   96   89   83   77   72   67   61
   57   54   52   50   49   48   48   49   52   54   56   57   58   57   57   55
   56   55   58   59   66   71   81   88   99  105  114  118  125  126  130  130
  134  133  138  139  145  148  151  149  175                                   
    52.5-180.0 180.0   5.0 450.0                            LAT/LON1/LON2/DLON/H
  192  193  193  189  180  172  163  156  151  148  147  148  150  151  151  152
  153  155  154  153  149  143  134  125  115  107  100   94   88   82   76   70
   65   61   59   58   58   58   59   61   64   67   68   69   69   67   65   63
   63   62   64   67   74   80   90   98  107  114  121  124  129  130  133  133
  135  136  141  143  149  153  159  157  192                                   
    50.0-180.0 180.0   5.0 450.0                            LAT/LON1/LON2/DLON/H
  199  205  208  206  199  192  182  172  163  157  152  151  152  153  154  156
  158  160  161  160  157  151  142  132  123  116  109  104   97   91   84   78
   72   69   67   67   68   70   73   75   79   81   82   81   82   79   77   75
   74   73   76   78   86   93  103  111  120  125  131  132  136  135  137  136
  138  138  144  146  152  157  165  165  199                                   
    47.5-180.0 180.0   5.0 450.0                            LAT/LON1/LON2/DLON/H
  206  210  215  216  212  208  199  190  178  170  161  159  157  158  158  160
  163  167  168  169  165  160  150  142  133  127  120  115  108  101   94   87
   82   78   77   78   80   83   86   88   91   92   92   91   90   87   86   83
   83   83   85   90   97  105  114  122  130  134  138  139  140  139  140  138
  139  140  146  149  155  160  169  169  206                                   
    45.0-180.0 180.0   5.0 450.0                            LAT/LON1/LON2/DLON/H
  201  210  217  221  222  222  216  206  195  183  174  168  165  164  163  165
  167  171  173  174  171  166  157  148  141  134  129  122  115  107  100   93
   88   86   86   88   92   95   98  100  102  102  102   99   99   96   94   93
   93   93   95   99  107  115  124  131  139  142  146  145  146  143  144  140
  142  141  148  149  155  161  172  174  201                                   
    42.5-180.0 180.0   5.0 450.0                            LAT/LON1/LON2/DLON/H
  199  206  213  221  225  229  227  221  209  200  188  182  177  176  171  173
  173  179  179  182  178  175  165  158  149  143  136  129  120  112  103   98
   93   93   93   97  100  103  106  106  108  107  107  105  104  101  101   99
  100   99  102  106  114  121  130  138  145  149  151  151  151  148  148  145
  146  146  151  153  157  164  175  178  199                                   
    40.0-180.0 180.0   5.0 450.0                            LAT/LON1/LON2/DLON/H
  193  203  210  220  228  236  239  235  227  215  204  196  191  187  183  183
  184  187  188  190  188  183  174  165  157  148  141  131  121  112  104   99
   95   97   98  103  107  110  112  112  113  112  112  110  109  107  106  106
  106  106  108  112  120  127  137  144  153  156  159  158  159  156  157  154
  156  154  160  161  165  171  182  185  193                                   
    37.5-180.0 180.0   5.0 450.0                            LAT/LON1/LON2/DLON/H
  197  204  209  219  226  237  243  244  238  230  217  210  203  200  195  195
  194  198  198  201  197  194  182  174  163  155  145  134  122  112  103   99
   97   99  102  106  110  112  115  114  116  116  117  116  114  112  111  110
  110  109  112  115  122  130  141  150  159  164  167  167  168  168  168  167
  168  167  172  174  178  183  193  196  197                                   
    35.0-180.0 180.0   5.0 450.0                            LAT/LON1/LON2/DLON/H
  207  213  217  223  229  240  249  252  250  243  232  223  216  212  208  206
  205  208  209  210  207  201  191  180  170  158  147  133  120  109  101   97
   96   99  102  106  111  113  116  117  119  121  123  123  120  118  116  114
  113  111  112  114  121  129  140  150  161  167  172  174  178  178  182  179
  183  182  188  191  195  201  211  217  207                                   
    32.5-180.0 180.0   5.0 450.0                            LAT/LON1/LON2/DLON/H
  235  233  237  238  239  247  254  260  259  255  245  237  230  226  222  219
  218  219  218  219  214  209  196  185  172  161  147  133  118  106   98   95
   95   99  102  106  110  113  116  118  122  126  128  128  125  121  118  115
  113  109  108  108  114  123  134  145  157  165  174  180  186  190  194  195
  198  200  206  211  217  224  234  242  235                                   
    30.0-180.0 180.0   5.0 450.0                            LAT/LON1/LON2/DLON/H
  269  266  270  265  262  266  271  277  278  274  264  257  249  246  239  237
  233  232  229  228  221  212  199  187  174  161  148  131  116  103   96   93
   95   98  101  105  109  112  116  120  126  130  133  132  127  123  118  114
  110  105  101   99  105  114  127  138  151  160  172  180  191  197  206  208
  216  218  228  235  245  254  264  277  269                                   
    27.5-180.0 180.0   5.0 450.0                            LAT/LON1/LON2/DLON/H
  311  309  312  305  298  295  297  301  303  298  289  281  273  268  262  257
  251  245  240  234  224  213  198  185  171  159  145  130  113  101   94   93
   94   98  100  104  108  112  116  121  128  133  135  133  127  121  115  109
  103   96   91   89   93  103  117  130  143  154  168  179  194  204  217  223
  232  240  251  260  273  285  293  309  311                                   
    25.0-180.0 180.0   5.0 450.0                            LAT/LON1/LON2/DLON/H
  351  359  363  354  346  338  339  338  339  333  322  312  299  295  285  282
  270  262  249  239  226  211  194  179  166  153  142  126  112   99   93   91
   95   97  100  104  109  114  119  124  131  135  136  133  125  118  109  102
   94   87   82   81   85   97  111  125  138  151  164  178  195  208  225  235
  249  258  274  285  302  318  332  347  351                                   
    22.5-180.0 180.0   5.0 450.0                            LAT/LON1/LON2/DLON/H
  388  401  410  407  399  389  385  384  383  377  364  353  338  329  318  308
  295  279  261  244  227  210  190  174  159  148  137  123  109   99   92   93
   94   99  101  107  111  117  121  127  132  134  133  128  119  110  101   93
   85   79   75   74   80   92  106  121  136  150  165  179  200  217  238  251
  268  280  297  309  328  344  359  376  388                                   
    20.0-180.0 180.0   5.0 450.0                            LAT/LON1/LON2/DLON/H
  421  437  449  449  448  438  432  429  431  426  414  401  383  371  354  341
  321  301  276  256  234  213  191  172  157  144  135  122  110  101   97   96
  100  103  107  113  119  124  128  130  132  131  129  121  110   99   90   81
   76   70   69   70   77   88  103  119  136  151  167  184  206  227  250  266
  286  302  320  334  351  368  389  404  421                                   
    17.5-180.0 180.0   5.0 450.0                            LAT/LON1/LON2/DLON/H
  444  456  470  476  478  473  468  467  467  467  461  451  436  421  399  379
  355  326  298  272  247  223  197  177  157  146  134  125  113  108  103  105
  107  113  116  123  128  132  133  132  129  125  119  110   99   88   78   72
   68   66   66   68   73   85  102  121  141  159  177  196  219  241  265  284
  306  325  343  357  373  385  401  419  444                                   
    15.0-180.0 180.0   5.0 450.0                            LAT/LON1/LON2/DLON/H
  456  467  479  485  492  488  487  487  493  496  497  492  479  467  443  421
  388  357  322  294  265  238  210  184  165  149  140  130  123  118  116  117
  120  125  129  135  140  142  140  134  127  118  112  101   91   79   72   66
   67   65   67   68   73   85  104  126  148  169  188  209  233  256  280  303
  327  347  367  382  395  403  421  435  456                                   
    12.5-180.0 180.0   5.0 450.0                            LAT/LON1/LON2/DLON/H
  459  465  477  486  491  492  492  496  504  512  517  517  512  501  481  458
  424  387  347  316  286  258  226  198  173  159  146  141  134  133  130  133
  136  140  143  147  149  149  143  134  123  113  104   94   84   75   69   65
   66   65   65   67   71   85  107  131  156  179  202  225  250  273  297  322
  346  368  389  406  417  421  430  444  459                                   
    10.0-180.0 180.0   5.0 450.0                            LAT/LON1/LON2/DLON/H
  458  464  473  482  490  488  490  495  507  516  525  529  530  522  505  485
  450  414  372  339  309  280  246  212  186  168  158  152  149  146  146  148
  151  152  153  155  155  152  144  131  120  106  100   89   82   73   70   66
   67   66   65   66   70   83  106  130  158  183  209  236  263  288  316  340
  365  388  411  427  441  442  452  459  458                                   
     7.5-180.0 180.0   5.0 450.0                            LAT/LON1/LON2/DLON/H
  458  462  471  481  484  484  482  489  498  509  517  524  527  522  510  494
  466  432  392  357  326  295  259  225  197  181  169  166  162  161  161  161
