data/unet/pred1510.15i
     1.0            IONOSPHERE MAPS     GNSS                IONEX VERSION / TYPE
pyspatialgeodesy        IME             05-JAN-18 20:20     PGM / RUN BY / DATE 
Map Name                                                    COMMENT             
Predicted global ionosphere maps (GIM).                     DESCRIPTION         
  2015     5    31     0     0     0                        EPOCH OF FIRST MAP  
  2015     6     1     0     0     0                        EPOCH OF LAST MAP   
  7200                                                      INTERVAL            
    13                                                      # OF MAPS IN FILE   
  NONE                                                      MAPPING FUNCTION    
10.0                                                        ELEVATION CUTOFF    
One-way carrier phase leveled to code                       OBSERVABLES USED    
  6371.0                                                    BASE RADIUS         
 2                                                          MAP DIMENSION       
   450.0 450.0   0.0                                        HGT1 / HGT2 / DHGT  
    87.5 -87.5  -2.5                                        LAT1 / LAT2 / DLAT  
  -180.0 180.0   5.0                                        LON1 / LON2 / DLON  
    -1                                                      EXPONENT            
                                                            END OF HEADER       
[from data line 429]
     2                                                      START OF TEC MAP    
  2015     5    31     2     0     0                        EPOCH OF CURRENT MAP
    87.5-180.0 180.0   5.0 450.0                            LAT/LON1/LON2/DLON/H
  187  189  192  193  192  191  191  190  190  189  189  187  187  186  186  183
  184  182  182  179  179  176  176  172  172  169  170  166  168  165  166  165
  167  166  168  167  170  169  172  171  173  173  174  173  175  174  175  174
  175  174  175  174  175  174  175  174  176  175  176  175  177  176  177  177
  180  180  180  180  180  180  176  184  187                                   
    85.0-180.0 180.0   5.0 450.0                            LAT/LON1/LON2/DLON/H
  186  194  188  193  191  189  189  188  188  187  187  185  185  183  183  181
  180  178  178  175  174  171  170  166  165  162  162  159  160  157  159  157
  159  158  161  160  163  163  165  165  167  168  169  170  171  172  172  172
  172  173  173  174  173  173  172  173  172  173  172  173  173  174  174  175
  176  178  178  178  178  174  179  174  186                                   
    82.5-180.0 180.0   5.0 450.0                            LAT/LON1/LON2/DLON/H
  188  187  190  193  192  188  191  190  192  190  193  190  191  189  190  187
  187  184  184  180  178  174  172  168  166  162  162  158  158  155  156  154
  157  155  158  157  161  160  163  162  166  164  169  167  171  170  173  172
  175  173  177  175  177  175  178  175  177  175  177  176  178  176  178  176
  179  177  181  178  181  175  177  164  188                                   
    80.0-180.0 180.0   5.0 450.0                            LAT/LON1/LON2/DLON/H
  188  185  190  193  194  193  194  196  196  197  197  197  196  195  195  192
  191  187  186  181  179  173  171  164  164  157  157  151  152  147  150  146
  149  148  152  152  156  156  161  161  166  165  170  170  174  173  178  177
  181  179  183  182  184  182  184  182  183  180  182  179  181  177  180  177
  180  177  181  178  179  175  176  165  188                                   
    77.5-180.0 180.0   5.0 450.0                            LAT/LON1/LON2/DLON/H
  180  182  184  193  192  194  195  198  198  199  200  200  199  198  197  195
  193  190  187  184  179  175  170  165  160  156  152  149  145  143  143  143
  145  146  150  152  156  157  162  163  167  167  171  172  176  177  181  183
  185  186  188  189  189  188  188  187  186  184  183  181  180  179  178  177
  177  176  178  178  176  175  173  160  180                                   
    75.0-180.0 180.0   5.0 450.0                            LAT/LON1/LON2/DLON/H
  176  176  182  186  191  191  195  196  199  199  201  200  200  197  198  192
  193  186  187  179  179  170  169  160  158  149  148  141  141  136  139  137
  142  142  148  149  154  155  160  161  166  166  171  172  178  179  185  186
  191  191  194  193  194  191  191  187  186  182  182  178  178  174  174  171
  172  170  172  171  172  167  173  159  176                                   
    72.5-180.0 180.0   5.0 450.0                            LAT/LON1/LON2/DLON/H
  169  170  173  180  181  184  188  189  193  193  196  194  195  191  191  187
  185  181  178  175  171  167  163  158  152  147  141  138  134  133  134  136
  140  143  148  151  155  157  160  162  164  165  169  172  177  181  186  189
  193  195  196  196  195  193  191  187  185  181  179  176  175  172  171  168
  168  166  167  166  166  167  168  156  169                                   
    70.0-180.0 180.0   5.0 450.0                            LAT/LON1/LON2/DLON/H
  167  165  169  172  176  176  182  183  189  190  195  193  194  190  189  184
  183  178  177  172  172  165  163  156  151  143  139  133  131  129  132  133
  139  142  148  151  155  156  158  159  161  162  166  169  176  181  189  192
  198  198  203  200  201  196  195  190  188  183  182  177  177  173  172  169
  170  167  168  166  166  163  168  156  167                                   
    67.5-180.0 180.0   5.0 450.0                            LAT/LON1/LON2/DLON/H
  165  163  163  168  168  169  173  175  181  183  189  187  189  185  183  179
  175  173  170  171  166  165  159  155  146  141  132  130  125  127  127  132
  135  141  145  150  151  153  153  154  154  156  160  165  171  179  186  192
  197  200  201  200  198  195  192  188  185  181  179  177  175  174  172  171
  170  169  170  170  168  167  168  155  165                                   
    65.0-180.0 180.0   5.0 450.0                            LAT/LON1/LON2/DLON/H
  170  164  162  164  165  163  168  170  177  180  186  186  188  185  183  179
  177  174  173  170  170  165  162  156  149  140  133  129  126  126  126  130
  134  137  142  143  145  145  145  144  145  148  154  160  169  177  187  193
  200  202  205  202  203  196  197  190  190  185  184  180  181  178  179  176
  177  175  176  174  174  169  171  158  170                                   
    62.5-180.0 180.0   5.0 450.0                            LAT/LON1/LON2/DLON/H
  177  169  164  166  164  162  165  167  172  175  183  184  187  184  183  179
  176  173  170  171  168  167  161  156  147  140  131  128  123  124  123  127
  128  131  133  135  134  135  134  134  135  140  147  156  165  177  185  193
  198  200  201  199  198  194  192  189  188  184  184  181  181  179  178  176
  176  176  177  177  177  175  174  160  177                                   
    60.0-180.0 180.0   5.0 450.0                            LAT/LON1/LON2/DLON/H
  185  175  172  173  170  165  165  166  170  173  179  182  186  184  184  180
  178  174  173  172  172  168  165  158  152  143  137  133  130  129  127  127
  125  124  125  123  124  124  125  126  129  135  145  156  167  178  188  195
  201  202  203  201  201  197  197  194  195  192  190  188  188  185  186  183
  184  181  184  183  185  179  181  167  185                                   
    57.5-180.0 180.0   5.0 450.0                            LAT/LON1/LON2/DLON/H
  195  186  182  183  179  174  171  170  171  173  178  181  187  187  188  184
  182  177  176  173  171  169  165  160  153  146  139  136  133  131  127  125
  119  117  113  113  111  114  114  117  121  130  141  155  167  180  189  197
  203  204  205  203  205  201  202  200  200  196  196  191  192  186  187  183
  184  181  184  184  188  187  186  173  195                                   
    55.0-180.0 180.0   5.0 450.0                            LAT/LON1/LON2/DLON/H
  206  198  199  199  196  190  184  179  177  176  178  180  185  186  188  185
  184  179  177  174  172  170  166  162  158  152  149  147  146  143  137  131
  123  115  110  107  106  106  109  113  121  130  144  156  171  182  193  199
  206  207  210  210  212  211  212  212  211  208  205  202  199  196  192  191
  190  190  192  195  198  196  197  185  206                                   
    52.5-180.0 180.0   5.0 450.0                            LAT/LON1/LON2/DLON/H
  216  211  210  213  210  204  199  192  188  183  183  183  187  188  191  189
  190  185  184  178  176  169  168  161  160  155  154  153  152  149  140  132
  120  113  106  105  103  104  106  111  118  129  143  158  172  186  197  205
  212  215  219  220  225  225  228  224  223  217  214  206  205  197  197  191
  194  190  196  198  205  205  205  197  216                                   
    50.0-180.0 180.0   5.0 450.0                            LAT/LON1/LON2/DLON/H
  226  223  228  232  231  226  219  212  205  196  191  188  190  190  191  190
  190  186  185  181  178  172  169  163  161  159  160  161  162  158  151  140
  128  116  110  106  107  106  110  115  122  132  147  160  175  187  200  207
  218  221  227  230  236  238  242  240  237  230  224  217  210  205  200  199
  199  201  204  210  214  215  217  210  226                                   
    47.5-180.0 180.0   5.0 450.0                            LAT/LON1/LON2/DLON/H
  234  233  236  243  242  238  234  226  219  208  202  197  196  195  195  195
  196  194  194  189  186  177  173  165  164  161  165  165  168  163  155  143
  130  121  114  112  111  111  113  116  121  132  145  160  173  189  201  212
  223  230  237  243  249  252  255  252  247  238  232  221  217  208  208  203
  207  206  213  216  222  225  226  223  234                                   
    45.0-180.0 180.0   5.0 450.0                            LAT/LON1/LON2/DLON/H
  244  244  251  258  260  259  253  248  238  228  219  213  207  204  202  200
  200  198  197  192  189  179  174  167  166  163  167  169  172  166  160  147
  138  128  124  122  122  121  122  122  127  133  147  159  173  187  202  213
  228  234  246  252  262  265  268  263  258  248  241  230  224  216  215  214
  217  220  225  230  235  235  239  237  244                                   
    42.5-180.0 180.0   5.0 450.0                            LAT/LON1/LON2/DLON/H
  254  254  257  264  267  265  263  256  251  240  232  225  219  214  210  209
  208  208  206  202  197  187  180  171  170  167  171  171  173  167  162  150
  143  135  133  130  130  128  126  126  127  135  145  158  170  187  202  218
  232  243  253  263  273  279  280  275  269  257  250  238  233  226  226  224
  230  230  237  241  247  249  251  251  254                                   
    40.0-180.0 180.0   5.0 450.0                            LAT/LON1/LON2/DLON/H
  268  267  268  273  275  275  272  271  264  258  248  242  235  229  222  219
  216  214  212  207  200  188  182  172  173  169  174  172  175  168  164  154
  150  144  145  142  142  139  135  132  134  138  148  158  170  186  203  219
  236  246  258  267  280  286  290  287  282  273  266  257  251  244  243  242
  246  249  255  259  265  263  268  267  268                                   
    37.5-180.0 180.0   5.0 450.0                            LAT/LON1/LON2/DLON/H
  285  282  281  281  281  276  277  273  272  265  261  254  248  241  234  230
  227  224  222  216  208  196  189  181  181  179  181  179  178  172  167  159
  158  153  156  152  151  145  140  137  138  143  151  160  171  187  204  222
  237  248  260  270  281  290  297  295  294  286  284  278  274  267  265  264
  268  269  275  278  284  284  283  284  285                                   
    35.0-180.0 180.0   5.0 450.0                            LAT/LON1/LON2/DLON/H
  309  305  302  297  294  287  284  284  280  281  274  272  265  260  250  246
  238  235  228  220  210  199  193  186  187  186  187  184  183  175  172  165
  165  163  166  162  160  152  147  145  145  150  156  163  173  186  203  220
  236  246  257  265  277  287  296  303  305  306  304  302  299  293  291  288
  289  293  296  303  311  310  310  310  309                                   
    32.5-180.0 180.0   5.0 450.0                            LAT/LON1/LON2/DLON/H
  336  332  330  324  317  305  300  296  293  288  287  284  281  276  268  261
  252  244  236  226  216  205  202  199  202  202  203  198  193  184  178  172
  172  170  171  167  162  157  151  150  151  157  162  166  172  183  199  215
  229  239  249  255  267  275  291  299  312  314  321  320  321  315  312  310
  311  313  318  324  336  335  335  336  336                                   
    30.0-180.0 180.0   5.0 450.0                            LAT/LON1/LON2/DLON/H
  371  371  375  362  352  336  326  320  315  311  305  305  300  295  285  276
  263  256  241  232  219  212  210  212  215  218  215  210  203  193  186  179
  178  175  175  169  164  157  155  154  157  160  164  164  169  174  187  199
  214  222  231  239  250  263  277  291  307  318  327  333  335  332  331  326
  329  332  338  348  363  363  364  368  371                                   
    27.5-180.0 180.0   5.0 450.0                            LAT/LON1/LON2/DLON/H
  398  405  413  407  396  379  367  357  348  337  329  324  319  314  302  290
  275  261  247  234  225  219  224  229  236  236  234  227  218  204  193  185
  180  177  174  169  162  159  155  158  160  164  163  161  161  164  175  183
  196  199  209  212  227  238  260  275  301  311  327  333  339  338  339  339
  341  346  352  363  378  383  384  390  398                                   
    25.0-180.0 180.0   5.0 450.0                            LAT/LON1/LON2/DLON/H
  432  440  455  454  450  436  423  410  395  379  364  355  348  339  326  309
  289  271  252  242  230  230  236  247  250  252  244  236  224  210  199  187
  180  175  170  163  158  154  154  155  159  158  157  150  150  149  157  164
  174  181  190  202  214  230  250  270  293  313  326  339  343  347  348  349
  352  359  368  380  398  400  407  416  432                                   
    22.5-180.0 180.0   5.0 450.0                            LAT/LON1/LON2/DLON/H
  444  457  478  488  490  485  477  465  450  426  404  388  378  366  347  329
  307  283  262  248  240  242  252  262  266  264  256  243  228  214  199  187
  177  170  163  158  152  153  152  156  154  154  147  143  140  140  144  150
  160  166  179  189  208  224  247  265  290  305  324  331  344  347  352  356
  360  366  375  389  405  411  415  426  444                                   
    20.0-180.0 180.0   5.0 450.0                            LAT/LON1/LON2/DLON/H
  460  471  495  510  522  524  523  518  504  480  453  429  413  396  375  351
  326  300  271  258  249  256  264  275  274  269  255  240  225  208  194  180
  169  160  153  147  145  144  147  146  145  141  137  131  130  127  132  137
  149  159  175  192  212  232  250  268  291  308  324  337  347  357  363  370
  371  380  387  400  414  416  422  437  460                                   
    17.5-180.0 180.0   5.0 450.0                            LAT/LON1/LON2/DLON/H
  450  461  491  512  530  540  549  553  545  523  494  465  444  422  399  372
  343  315  286  271  260  268  274  281  276  266  247  229  212  199  183  171
  158  150  142  138  138  140  139  140  134  132  126  124  120  118  121  128
  142  156  178  197  220  241  259  276  296  310  326  336  351  360  372  381
  383  390  394  406  414  418  419  434  450                                   
    15.0-180.0 180.0   5.0 450.0                            LAT/LON1/LON2/DLON/H
  448  456  484  500  523  539  558  569  570  554  528  496  473  446  423  392
  363  331  302  284  272  275  277  279  268  252  230  212  198  183  172  159
  150  140  135  132  134  135  136  130  128  120  118  114  114  109  115  120
  138  157  184  208  231  251  270  285  305  316  332  346  361  375  388  399
  402  408  410  419  424  422  422  437  448                                   
    12.5-180.0 180.0   5.0 450.0                            LAT/LON1/LON2/DLON/H
  436  442  465  477  499  515  543  558  569  558  538  510  486  462  437  406
  375  342  314  295  279  277  273  269  252  230  206  190  175  167  156  148
  139  132  127  125  127  129  126  124  115  113  109  109  107  105  107  116
  137  160  191  217  239  261  280  299  315  329  343  358  373  389  402  413
  417  425  424  430  429  429  424  438  436                                   
    10.0-180.0 180.0   5.0 450.0                            LAT/LON1/LON2/DLON/H
  443  442  456  458  474  486  513  534  550  546  533  510  490  465  442  409
  381  348  320  299  280  271  262  252  230  207  185  167  159  153  149  143
  136  129  126  124  125  124  122  116  112  104  106  106  108  103  107  114
  138  163  196  223  247  268  292  311  332  345  360  377  392  409  420  431
  437  442  442  445  445  437  435  446  443                                   
     7.5-180.0 180.0   5.0 450.0                            LAT/LON1/LON2/DLON/H
  448  444  447  443  450  457  480  497  515  515  508  492  474  454  432  404
  375  344  316  295  273  260  246  232  208  186  163  151  144  143  141  136
