data/unet/pred1850.15i
     1.0            IONOSPHERE MAPS     GNSS                IONEX VERSION / TYPE
pyspatialgeodesy        IME             05-JAN-18 20:20     PGM / RUN BY / DATE 
Map Name                                                    COMMENT             
Predicted global ionosphere maps (GIM).                     DESCRIPTION         
  2015     7     4     0     0     0                        EPOCH OF FIRST MAP  
  2015     7     5     0     0     0                        EPOCH OF LAST MAP   
  7200                                                      INTERVAL            
    13                                                      # OF MAPS IN FILE   
  NONE                                                      MAPPING FUNCTION    
10.0                                                        ELEVATION CUTOFF    
One-way carrier phase leveled to code                       OBSERVABLES USED    
  6371.0                                                    BASE RADIUS         
 2                                                          MAP DIMENSION       
   450.0 450.0   0.0                                        HGT1 / HGT2 / DHGT  
    87.5 -87.5  -2.5                                        LAT1 / LAT2 / DLAT  
  -180.0 180.0   5.0                                        LON1 / LON2 / DLON  
    -1                                                      EXPONENT            
                                                            END OF HEADER       
[from data line 1287]
     4                                                      START OF TEC MAP    
  2015     7     4     6     0     0                        EPOCH OF CURRENT MAP
    87.5-180.0 180.0   5.0 450.0                            LAT/LON1/LON2/DLON/H
  176  198  190  193  195  196  197  198  197  199  199  200  200  201  201  202
  202  203  203  204  204  205  205  205  205  206  205  207  205  207  206  207
  205  207  206  206  205  206  205  205  203  204  203  203  201  201  200  199
  198  197  198  197  196  196  196  195  194  193  193  192  192  190  190  189
  190  188  189  187  189  183  200  196  176                                   
    85.0-180.0 180.0   5.0 450.0                            LAT/LON1/LON2/DLON/H
  190  190  182  189  191  189  193  192  193  192  195  194  195  194  196  195
  197  195  199  197  199  197  200  197  200  197  201  198  200  198  201  199
  202  199  203  200  202  200  203  200  202  199  201  198  199  196  197  195
  196  193  194  192  193  190  192  189  190  187  187  185  186  184  184  182
  184  183  183  182  182  174  182  187  190                                   
    82.5-180.0 180.0   5.0 450.0                            LAT/LON1/LON2/DLON/H
  182  190  186  190  191  190  193  192  193  192  194  192  194  193  195  194
  196  195  198  198  199  199  201  201  201  201  203  203  204  204  206  206
  207  208  209  209  210  210  210  209  209  208  208  205  206  202  203  200
  200  197  199  196  197  194  196  193  193  189  189  186  186  182  182  180
  180  178  180  179  181  177  174  176  182                                   
    80.0-180.0 180.0   5.0 450.0                            LAT/LON1/LON2/DLON/H
  192  198  191  192  193  193  195  195  194  193  193  192  191  191  192  192
  193  194  196  196  197  197  199  198  199  197  200  198  201  200  204  203
  207  207  211  211  213  213  214  214  213  212  211  210  208  208  206  206
  204  204  204  203  202  202  201  200  198  196  194  191  190  186  183  181
  180  178  178  176  179  172  170  180  192                                   
    77.5-180.0 180.0   5.0 450.0                            LAT/LON1/LON2/DLON/H
  190  197  192  198  198  200  199  198  194  194  190  189  186  187  186  188
  187  192  190  196  192  197  193  196  191  194  190  193  189  195  193  199
  199  205  205  211  210  215  213  216  214  215  213  214  211  212  210  211
  209  211  209  211  208  211  208  210  205  206  201  201  197  195  190  189
  186  185  183  183  183  178  175  178  190                                   
    75.0-180.0 180.0   5.0 450.0                            LAT/LON1/LON2/DLON/H
  194  201  196  199  200  201  200  198  193  191  186  184  179  179  177  179
  179  183  185  188  188  189  189  187  184  182  180  179  179  181  186  189
  195  199  205  208  211  213  215  216  215  216  215  216  215  216  215  215
  214  216  215  216  215  216  214  215  212  211  208  206  203  200  195  194
  190  190  186  187  185  178  177  184  194                                   
    72.5-180.0 180.0   5.0 450.0                            LAT/LON1/LON2/DLON/H
  193  199  196  202  199  202  197  195  186  183  176  173  167  167  165  167
  168  173  175  181  179  183  177  179  171  172  165  168  163  171  170  181
  183  195  197  207  207  214  212  216  214  217  214  217  214  218  215  218
  215  219  216  219  214  219  213  217  210  214  207  210  204  205  198  198
  193  193  188  190  187  181  181  186  193                                   
    70.0-180.0 180.0   5.0 450.0                            LAT/LON1/LON2/DLON/H
  194  200  197  199  200  199  197  192  186  180  173  167  160  159  158  161
  162  167  170  174  175  175  173  169  166  160  159  156  157  160  166  174
  183  192  200  206  212  215  218  219  220  221  222  224  224  226  226  226
  225  225  224  223  220  220  217  216  213  212  210  209  208  206  203  201
  199  197  194  192  190  180  180  192  194                                   
    67.5-180.0 180.0   5.0 450.0                            LAT/LON1/LON2/DLON/H
  190  193  191  196  193  195  189  186  176  173  164  159  150  148  146  149
  152  157  160  165  165  166  162  160  153  151  147  148  147  155  159  171
  176  190  195  206  208  216  216  221  220  224  224  228  227  230  229  230
  226  227  222  223  215  215  208  209  202  205  199  203  199  203  199  201
  198  198  193  192  188  180  181  189  190                                   
    65.0-180.0 180.0   5.0 450.0                            LAT/LON1/LON2/DLON/H
  191  193  190  192  192  190  188  182  176  169  163  155  147  143  141  143
  145  151  153  157  156  155  152  149  144  141  140  140  144  150  159  169
  180  190  200  207  212  217  221  225  227  231  234  238  239  242  241  241
  236  234  229  225  218  214  207  203  198  196  193  195  195  197  196  198
  197  197  195  191  189  177  178  192  191                                   
    62.5-180.0 180.0   5.0 450.0                            LAT/LON1/LON2/DLON/H
  190  191  188  191  187  187  180  178  169  166  157  152  142  138  134  134
  136  138  141  142  142  140  137  134  130  129  129  134  139  148  157  170
  177  190  196  206  210  216  220  225  229  235  238  244  244  248  245  245
  238  236  227  224  213  209  198  195  186  186  180  184  183  187  187  191
  191  193  191  191  187  179  182  191  190                                   
    60.0-180.0 180.0   5.0 450.0                            LAT/LON1/LON2/DLON/H
  196  197  194  196  194  190  187  179  174  167  161  152  145  138  133  130
  130  129  129  128  127  124  122  118  119  118  123  128  139  146  159  169
  180  189  198  206  212  218  223  230  236  243  249  255  257  260  258  257
  250  245  236  230  220  213  202  197  188  185  180  179  180  181  182  185
  188  190  190  190  190  180  183  197  196                                   
    57.5-180.0 180.0   5.0 450.0                            LAT/LON1/LON2/DLON/H
  201  200  200  202  197  196  188  181  173  168  159  152  141  134  125  121
  118  116  115  112  111  108  106  105  106  108  113  121  132  143  152  165
  174  184  192  200  207  213  220  227  235  243  250  258  260  264  261  260
  252  249  238  235  222  218  204  201  189  187  178  178  175  178  176  181
  182  185  186  189  191  186  191  201  201                                   
    55.0-180.0 180.0   5.0 450.0                            LAT/LON1/LON2/DLON/H
  214  215  215  217  213  209  203  193  183  175  166  154  144  133  125  117
  114  110  108  104  102   98   99   96  101  103  112  118  131  140  151  161
  171  178  189  198  206  214  222  230  239  249  256  265  268  273  270  270
  263  260  252  248  238  233  223  216  205  199  191  188  183  182  180  180
  181  182  185  189  194  190  196  210  214                                   
    52.5-180.0 180.0   5.0 450.0                            LAT/LON1/LON2/DLON/H
  224  227  229  232  226  221  213  203  188  180  166  155  140  129  116  111
  106  103  101   97   96   92   92   92   96   99  107  114  125  134  144  154
  163  172  182  192  203  212  223  231  241  250  259  266  270  274  273  274
  268  268  260  260  250  248  236  232  219  217  203  202  191  190  182  183
  180  183  185  190  198  199  206  218  224                                   
    50.0-180.0 180.0   5.0 450.0                            LAT/LON1/LON2/DLON/H
  237  244  245  249  245  239  230  218  204  189  176  159  144  129  119  112
  108  104  102   99   99   94   97   95  102  103  112  116  126  131  142  149
  160  168  179  191  205  215  227  237  246  257  263  271  275  280  280  283
  280  282  277  277  271  269  259  253  241  236  224  219  208  203  194  190
  188  187  189  193  203  202  212  225  237                                   
    47.5-180.0 180.0   5.0 450.0                            LAT/LON1/LON2/DLON/H
  240  249  253  259  253  250  239  228  211  195  177  161  141  126  113  108
  105  103  104  101  102   99  102  102  106  108  112  116  121  125  134  142
  153  165  177  190  206  218  232  241  251  258  266  271  277  279  283  285
  287  290  290  291  286  283  273  268  256  252  239  237  223  219  205  202
  195  195  195  198  210  211  220  231  240                                   
    45.0-180.0 180.0   5.0 450.0                            LAT/LON1/LON2/DLON/H
  246  255  257  261  261  257  250  238  224  205  188  168  150  132  120  113
  111  110  110  109  111  109  114  113  119  118  123  121  125  126  134  141
  154  166  179  195  211  225  239  249  257  264  269  276  280  286  290  298
  301  309  309  312  306  303  292  286  273  268  257  253  242  235  223  218
  210  208  206  210  216  214  223  235  246                                   
    42.5-180.0 180.0   5.0 450.0                            LAT/LON1/LON2/DLON/H
  247  251  253  257  256  256  250  241  226  210  190  173  151  134  119  114
  111  111  114  113  117  117  123  125  130  129  129  126  126  125  132  139
  154  167  185  198  218  231  248  255  266  268  276  278  287  291  300  306
  315  320  323  324  319  313  304  296  287  283  273  269  258  251  242  237
  231  228  224  223  227  222  229  239  247                                   
    40.0-180.0 180.0   5.0 450.0                            LAT/LON1/LON2/DLON/H
  254  251  247  250  252  251  250  242  231  216  199  182  163  145  130  124
  120  120  119  120  124  126  134  138  144  141  140  135  135  132  139  145
  160  173  189  205  224  237  253  260  270  274  280  284  292  299  309  321
  330  338  338  340  334  331  321  317  307  305  295  292  282  276  265  261
  255  253  246  245  242  231  235  245  254                                   
    37.5-180.0 180.0   5.0 450.0                            LAT/LON1/LON2/DLON/H
  260  248  244  243  242  242  242  236  227  216  200  188  168  153  134  128
  121  120  120  120  125  129  140  147  153  151  148  142  140  138  144  151
  165  178  196  210  228  240  256  264  275  277  285  288  299  307  321  332
  344  350  353  354  350  348  340  336  328  326  318  315  305  299  289  285
  281  280  274  270  265  251  249  256  260                                   
    35.0-180.0 180.0   5.0 450.0                            LAT/LON1/LON2/DLON/H
  276  259  249  243  241  240  240  235  229  218  207  195  180  166  147  138
  128  125  123  122  127  133  145  155  163  162  159  153  152  151  155  162
  174  185  202  214  231  240  255  265  275  280  287  293  302  313  327  342
  352  362  365  370  367  368  362  362  354  356  346  346  335  330  320  317
  314  311  306  301  294  273  270  278  276                                   
    32.5-180.0 180.0   5.0 450.0                            LAT/LON1/LON2/DLON/H
  297  276  266  254  247  241  239  234  226  218  205  197  183  172  153  143
  131  125  121  119  126  132  147  159  170  171  169  164  161  161  165  170
  180  190  201  214  227  240  252  264  274  280  286  293  303  315  331  346
  358  367  375  380  384  389  387  390  386  386  379  372  363  353  343  339
  336  335  330  330  323  305  297  302  297                                   
    30.0-180.0 180.0   5.0 450.0                            LAT/LON1/LON2/DLON/H
  328  308  292  279  268  259  252  242  233  221  211  200  190  178  160  149
  135  128  122  122  129  138  153  166  179  183  180  177  173  173  175  179
  186  190  200  208  223  234  248  259  271  277  282  290  300  313  327  343
  356  369  378  390  398  410  411  419  416  421  412  408  394  382  367  360
  355  353  351  350  346  329  326  328  328                                   
    27.5-180.0 180.0   5.0 450.0                            LAT/LON1/LON2/DLON/H
  353  340  328  315  299  286  271  254  238  226  210  202  189  182  165  154
  140  131  127  125  134  143  160  176  189  192  190  185  182  179  178  178
  180  182  187  199  211  225  239  253  263  273  278  285  295  309  323  338
  353  364  378  392  408  424  431  443  442  447  440  434  421  404  387  375
  367  366  363  364  360  353  348  349  353                                   
    25.0-180.0 180.0   5.0 450.0                            LAT/LON1/LON2/DLON/H
  380  375  364  353  338  321  301  276  254  236  221  208  196  185  170  159
  144  137  132  135  145  157  173  189  200  203  198  193  186  181  178  172
  172  168  175  183  199  213  230  243  257  266  274  280  290  302  318  331
  345  359  375  396  415  438  448  464  463  469  463  458  444  429  405  392
  378  375  370  371  367  367  367  370  380                                   
    22.5-180.0 180.0   5.0 450.0                            LAT/LON1/LON2/DLON/H
  397  401  397  386  370  353  328  303  273  249  226  213  197  190  175  167
  153  147  145  148  161  173  190  203  212  210  204  194  184  174  165  155
  151  149  153  167  183  201  217  233  246  259  267  278  287  300  314  328
  343  357  376  396  417  438  451  467  470  475  472  467  457  441  420  403
  389  383  378  380  379  381  380  381  397                                   
    20.0-180.0 180.0   5.0 450.0                            LAT/LON1/LON2/DLON/H
  411  419  415  410  395  375  349  325  294  265  239  223  208  197  183  175
  162  159  157  163  175  188  205  216  223  218  205  190  175  162  149  140
  135  131  134  151  166  189  204  223  238  255  267  277  289  299  314  326
  341  356  373  395  414  436  447  463  465  472  470  470  463  453  432  417
  400  393  384  387  385  388  388  393  411                                   
    17.5-180.0 180.0   5.0 450.0                            LAT/LON1/LON2/DLON/H
  410  422  420  416  402  386  361  339  307  280  249  232  213  204  190  185
  174  172  171  178  189  203  216  225  226  215  197  177  158  142  128  116
  108  106  110  122  147  169  190  209  226  247  263  277  288  301  317  329
  344  358  375  393  411  427  437  449  453  460  463  464  461  455  441  428
  413  404  397  396  396  398  395  393  410                                   
    15.0-180.0 180.0   5.0 450.0                            LAT/LON1/LON2/DLON/H
  406  413  411  409  397  381  358  339  311  289  259  242  228  216  205  197
  187  184  183  190  200  210  223  226  223  206  183  161  140  127  110  100
   87   87   85  106  123  158  173  199  217  244  264  281  296  308  326  338
  350  363  375  392  404  419  425  436  440  449  454  458  458  457  447  440
  425  419  407  408  403  402  397  400  406                                   
    12.5-180.0 180.0   5.0 450.0                            LAT/LON1/LON2/DLON/H
  395  400  395  389  375  362  342  328  308  291  265  248  234  224  212  207
  195  193  188  195  202  211  217  216  206  186  159  137  118  102   89   76
   68   63   72   82  109  137  165  189  211  236  264  284  299  315  332  345
  356  366  377  389  400  410  415  425  431  442  448  453  454  455  450  445
  434  427  419  417  414  411  401  397  395                                   
    10.0-180.0 180.0   5.0 450.0                            LAT/LON1/LON2/DLON/H
  386  382  375  366  352  338  321  312  299  288  267  251  241  233  226  216
  208  201  197  199  204  207  208  200  186  163  139  121  105   93   79   68
   58   56   58   73   89  127  151  181  202  230  262  284  304  317  337  348
  360  369  377  389  396  408  410  424  431  445  450  456  456  459  455  453
  444  438  429  427  422  414  403  403  386                                   
     7.5-180.0 180.0   5.0 450.0                            LAT/LON1/LON2/DLON/H
  382  375  363  349  332  317  301  294  285  279  264  250  241  234  226  220
  209  203  193  195  192  192  186  175  157  135  114   99   87   75   69   56
