data/unet/pred1930.15i
     1.0            IONOSPHERE MAPS     GNSS                IONEX VERSION / TYPE
pyspatialgeodesy        IME             05-JAN-18 20:20     PGM / RUN BY / DATE 
Map Name                                                    COMMENT             
Predicted global ionosphere maps (GIM).                     DESCRIPTION         
  2015     7    12     0     0     0                        EPOCH OF FIRST MAP  
  2015     7    13     0     0     0                        EPOCH OF LAST MAP   
  7200                                                      INTERVAL            
    13                                                      # OF MAPS IN FILE   
  NONE                                                      MAPPING FUNCTION    
10.0                                                        ELEVATION CUTOFF    
One-way carrier phase leveled to code                       OBSERVABLES USED    
  6371.0                                                    BASE RADIUS         
 2                                                          MAP DIMENSION       
   450.0 450.0   0.0                                        HGT1 / HGT2 / DHGT  
    87.5 -87.5  -2.5                                        LAT1 / LAT2 / DLAT  
  -180.0 180.0   5.0                                        LON1 / LON2 / DLON  
    -1                                                      EXPONENT            
                                                            END OF HEADER       
[from data line 2574]
     7                                                      START OF TEC MAP    
  2015     7    12    12     0     0                        EPOCH OF CURRENT MAP
    87.5-180.0 180.0   5.0 450.0                            LAT/LON1/LON2/DLON/H
  155  169  168  166  166  163  164  162  165  163  165  163  166  163  165  163
  166  163  165  162  166  162  165  163  166  162  165  162  165  162  164  162
  164  162  163  162  162  160  161  159  160  156  158  154  157  152  156  150
  155  149  154  148  153  148  152  147  152  147  152  147  152  148  153  149
  154  152  158  154  156  153  158  136  155                                   
    85.0-180.0 180.0   5.0 450.0                            LAT/LON1/LON2/DLON/H
  154  155  153  150  150  145  148  146  148  146  148  147  149  147  149  147
  150  148  151  148  152  149  154  150  155  152  156  153  156  154  157  154
  157  154  156  154  156  153  155  151  154  150  154  149  154  149  154  149
  154  149  155  150  156  150  156  150  155  148  155  148  154  148  155  148
  153  148  154  146  146  145  151  158  154                                   
    82.5-180.0 180.0   5.0 450.0                            LAT/LON1/LON2/DLON/H
  146  148  149  142  143  136  140  137  142  138  143  140  144  141  144  140
  145  141  145  142  146  143  148  145  150  147  151  150  154  152  155  154
  155  155  156  155  155  155  155  154  153  153  153  153  153  152  153  153
  154  154  156  156  156  155  156  155  154  152  153  152  151  150  151  149
  148  147  147  141  140  139  140  148  146                                   
    80.0-180.0 180.0   5.0 450.0                            LAT/LON1/LON2/DLON/H
  139  141  141  139  140  138  141  141  144  144  146  146  147  147  148  147
  148  146  148  146  149  148  151  150  153  152  155  155  157  156  159  156
  159  156  159  156  158  153  156  151  154  149  152  149  153  149  154  151
  156  151  158  154  159  153  159  153  157  150  155  149  153  147  151  145
  147  142  145  137  134  133  134  142  139                                   
    77.5-180.0 180.0   5.0 450.0                            LAT/LON1/LON2/DLON/H
  134  134  135  133  136  137  140  141  142  144  145  147  146  148  147  148
  147  148  148  149  149  150  152  152  153  154  156  156  157  157  159  158
  160  159  160  158  158  156  155  152  152  150  151  151  151  151  154  154
  156  156  158  159  159  158  159  157  156  154  154  152  151  148  149  145
  144  141  141  133  131  128  131  139  134                                   
    75.0-180.0 180.0   5.0 450.0                            LAT/LON1/LON2/DLON/H
  129  128  130  127  133  131  138  136  141  140  144  143  146  143  147  144
  147  145  149  146  150  148  152  150  153  152  156  156  158  158  161  161
  163  161  163  161  162  158  158  154  154  151  152  151  152  152  155  155
  157  156  160  158  160  157  160  156  157  153  156  151  152  147  150  145
  145  141  142  134  132  130  133  138  129                                   
    72.5-180.0 180.0   5.0 450.0                            LAT/LON1/LON2/DLON/H
  128  124  129  124  131  131  135  136  137  138  139  141  140  141  141  142
  141  143  143  144  144  145  147  147  148  148  151  152  156  156  161  161
  165  164  166  164  165  160  160  156  155  152  153  151  153  153  156  156
  158  159  160  160  160  159  158  157  156  155  155  154  153  151  151  147
  146  142  143  135  135  130  136  139  128                                   
    70.0-180.0 180.0   5.0 450.0                            LAT/LON1/LON2/DLON/H
  128  127  129  125  130  127  133  131  136  133  137  136  139  137  140  138
  140  138  140  139  141  141  143  143  145  145  148  149  153  155  161  162
  167  166  169  168  167  163  162  158  157  153  155  153  155  154  157  156
  159  157  159  157  158  156  157  155  157  154  157  155  157  154  155  152
  150  148  146  142  139  137  140  140  128                                   
    67.5-180.0 180.0   5.0 450.0                            LAT/LON1/LON2/DLON/H
  128  124  130  124  127  124  129  127  131  130  132  133  134  134  135  134
  135  133  134  133  135  135  137  137  139  140  143  145  148  151  158  161
  167  166  170  168  169  163  163  158  158  154  156  155  156  157  157  157
  156  156  155  155  153  153  152  153  153  156  157  160  159  162  160  160
  155  155  151  147  146  140  145  139  128                                   
    65.0-180.0 180.0   5.0 450.0                            LAT/LON1/LON2/DLON/H
  129  129  128  127  127  121  125  121  126  123  129  129  134  132  135  133
  135  131  133  131  133  132  134  135  137  139  141  145  148  153  158  163
  169  169  172  170  170  166  165  160  159  156  158  155  158  155  159  154
  156  151  153  150  151  149  151  151  154  156  161  164  168  169  170  168
  164  163  159  154  151  147  148  144  129                                   
    62.5-180.0 180.0   5.0 450.0                            LAT/LON1/LON2/DLON/H
  128  122  126  123  120  112  113  109  114  114  119  123  128  128  130  129
  130  126  127  125  127  126  130  130  134  136  140  143  147  152  158  162
  169  168  173  169  171  165  165  160  161  159  161  161  161  162  159  159
  154  153  149  149  147  148  148  151  152  158  161  169  171  178  176  179
  172  172  164  160  156  151  152  141  128                                   
    60.0-180.0 180.0   5.0 450.0                            LAT/LON1/LON2/DLON/H
  127  121  120  120  113  105  101   98  101  101  108  113  121  122  126  125
  127  124  125  122  125  124  128  131  135  139  143  146  151  156  162  166
  172  173  176  174  174  169  169  163  165  161  165  162  167  163  165  158
  157  150  151  147  150  149  152  155  159  163  170  176  181  186  187  185
  182  177  171  164  160  153  152  143  127                                   
    57.5-180.0 180.0   5.0 450.0                            LAT/LON1/LON2/DLON/H
  128  116  117  113  102   92   87   82   85   85   94  102  108  114  117  120
  121  119  120  118  120  120  126  129  135  139  145  149  155  159  166  168
  175  176  180  177  178  174  175  171  174  172  177  178  179  178  176  170
  164  159  155  154  154  157  159  164  167  173  179  185  190  194  195  194
  189  184  176  169  165  157  154  138  128                                   
    55.0-180.0 180.0   5.0 450.0                            LAT/LON1/LON2/DLON/H
  130  120  114  112   97   86   77   73   72   73   80   88   98  102  110  111
  116  113  116  115  119  120  127  133  139  145  151  156  162  166  173  176
  181  182  185  183  184  180  181  178  180  180  187  185  190  184  184  174
  170  162  161  159  162  167  171  176  179  186  190  194  198  201  202  198
  193  186  180  170  165  158  156  140  130                                   
    52.5-180.0 180.0   5.0 450.0                            LAT/LON1/LON2/DLON/H
  134  123  117  110   97   84   74   67   64   63   70   76   86   93   98  105
  107  110  112  115  118  121  127  135  140  148  154  160  167  172  178  182
  187  188  193  190  193  189  191  190  192  193  200  198  202  197  195  186
  180  172  170  170  173  178  183  187  194  196  201  201  204  204  205  199
  195  186  180  170  167  160  160  138  134                                   
    50.0-180.0 180.0   5.0 450.0                            LAT/LON1/LON2/DLON/H
  141  130  122  115   99   88   75   67   61   58   60   66   75   83   91   96
  105  106  112  115  121  125  131  139  145  153  160  166  174  179  186  190
  195  197  201  201  204  201  203  202  204  204  211  210  213  206  206  194
  190  180  179  179  182  190  194  202  205  209  210  210  209  210  207  202
  196  188  182  173  169  164  165  142  141                                   
    47.5-180.0 180.0   5.0 450.0                            LAT/LON1/LON2/DLON/H
  146  137  131  122  109   96   86   72   65   58   59   61   69   77   86   95
  101  109  113  121  124  131  135  143  147  156  161  169  176  184  190  196
  202  205  210  211  217  216  216  215  218  218  223  221  226  218  220  207
  203  193  194  192  195  200  206  211  215  219  219  217  215  211  209  203
  198  189  184  174  173  169  171  144  146                                   
    45.0-180.0 180.0   5.0 450.0                            LAT/LON1/LON2/DLON/H
  152  145  138  131  117  105   91   83   73   66   60   60   63   72   80   91
  101  110  118  126  132  139  143  149  154  161  167  175  182  189  197  202
  209  214  219  224  230  231  230  231  232  231  234  232  235  229  231  219
  214  205  202  200  202  208  211  219  221  225  223  220  216  213  208  203
  198  192  187  179  176  176  177  152  152                                   
    42.5-180.0 180.0   5.0 450.0                            LAT/LON1/LON2/DLON/H
  156  151  147  141  131  117  107   94   86   74   70   64   67   70   83   95
  105  118  124  135  140  148  149  155  157  164  169  177  184  192  199  207
  215  223  230  238  245  248  249  249  250  249  251  248  253  247  250  234
  229  216  215  208  211  213  219  224  227  230  229  226  221  215  213  207
  203  198  193  187  185  183  186  156  156                                   
    40.0-180.0 180.0   5.0 450.0                            LAT/LON1/LON2/DLON/H
  164  158  152  146  134  126  113  106   94   87   78   74   71   74   81   94
  106  119  130  140  149  156  160  163  166  169  176  182  191  198  206  214
  224  234  242  255  262  269  267  271  270  272  270  273  271  269  265  254
  246  236  227  222  221  222  225  229  233  235  233  230  226  222  217  213
  210  206  202  196  192  193  194  167  164                                   
    37.5-180.0 180.0   5.0 450.0                            LAT/LON1/LON2/DLON/H
  169  161  156  150  142  132  124  112  105   93   89   79   79   76   85   96
  112  127  137  151  158  168  169  173  172  178  181  188  195  203  211  223
  235  249  260  277  283  293  293  297  296  299  300  301  300  299  292  282
  274  259  254  243  242  240  244  246  249  250  249  244  242  237  235  230
  224  221  214  208  203  203  204  171  169                                   
    35.0-180.0 180.0   5.0 450.0                            LAT/LON1/LON2/DLON/H
  176  169  157  149  139  134  122  116  106  101   92   89   82   82   83   96
  109  126  138  155  166  176  180  183  185  186  193  195  206  211  222  233
  247  264  276  298  305  320  319  325  323  327  326  327  322  322  313  310
  299  291  278  274  267  269  267  273  276  276  273  270  262  261  251  247
  237  233  224  219  213  213  212  182  176                                   
    32.5-180.0 180.0   5.0 450.0                            LAT/LON1/LON2/DLON/H
  181  175  165  155  145  135  128  117  112  103  101   93   91   84   87   95
  111  130  143  163  174  186  192  195  197  200  204  207  215  223  233  247
  262  284  298  321  329  344  344  350  347  350  349  349  347  347  342  341
  334  328  319  312  307  304  304  305  308  306  305  299  292  287  278  271
  257  249  235  228  220  221  219  185  181                                   
    30.0-180.0 180.0   5.0 450.0                            LAT/LON1/LON2/DLON/H
  193  184  176  164  152  142  128  121  110  106   97   98   90   91   88   97
  107  127  142  164  179  195  201  207  210  211  219  220  232  238  250  262
  280  304  319  344  354  369  370  374  371  370  368  366  362  364  361  365
  359  360  353  352  344  348  342  348  345  345  337  332  321  314  300  290
  276  262  247  236  231  230  229  198  193                                   
    27.5-180.0 180.0   5.0 450.0                            LAT/LON1/LON2/DLON/H
  201  192  188  173  165  155  142  129  121  112  109  103  101   97   96  100
  108  128  146  170  184  200  211  214  220  221  229  233  246  254  267  282
  305  330  346  367  376  387  388  392  388  389  384  384  379  385  383  393
  389  396  392  395  392  395  394  394  389  383  373  363  350  334  318  303
  287  270  253  240  234  238  236  200  201                                   
    25.0-180.0 180.0   5.0 450.0                            LAT/LON1/LON2/DLON/H
  205  203  196  182  175  160  151  138  130  122  114  112  102  101   96  101
  108  125  144  170  187  208  215  222  224  228  237  246  262  271  287  305
  325  347  364  382  391  401  402  404  400  398  395  396  390  399  398  410
  407  421  418  432  429  442  435  439  423  416  395  385  364  348  327  310
  292  271  259  243  242  237  240  205  205                                   
    22.5-180.0 180.0   5.0 450.0                            LAT/LON1/LON2/DLON/H
  208  215  208  200  190  179  168  152  143  134  130  121  115  109  104  110
  112  131  145  174  191  208  216  220  224  228  243  254  274  284  308  321
  349  367  386  396  405  410  411  411  407  407  402  405  401  413  415  430
  433  444  450  463  464  474  466  464  443  429  406  389  366  348  327  306
  289  269  255  239  238  235  242  204  208                                   
    20.0-180.0 180.0   5.0 450.0                            LAT/LON1/LON2/DLON/H
  219  223  216  205  196  189  179  165  158  143  139  130  124  116  108  110
  115  130  150  176  195  212  217  221  223  234  248  264  283  300  319  337
  359  380  394  403  410  414  417  416  412  409  405  407  404  420  422  443
  447  465  470  487  484  492  475  472  447  433  402  383  354  336  311  294
  276  262  250  239  234  232  236  205  219                                   
    17.5-180.0 180.0   5.0 450.0                            LAT/LON1/LON2/DLON/H
  222  229  223  214  207  195  187  178  171  159  151  143  136  126  116  120
  122  139  149  179  194  211  214  215  220  232  252  268  292  310  338  354
  383  398  411  417  421  423  427  426  424  424  422  425  427  438  444  457
  464  478  484  497  494  494  476  464  438  420  391  366  338  317  296  277
  266  251  244  231  228  226  233  204  222                                   
    15.0-180.0 180.0   5.0 450.0                            LAT/LON1/LON2/DLON/H
  223  214  215  207  203  194  191  181  179  167  164  150  144  133  123  120
  124  138  155  177  195  209  211  215  219  235  252  273  295  325  347  375
  400  418  427  430  435  437  440  442  438  441  439  445  448  458  466  476
  482  491  492  500  493  486  465  450  423  403  372  347  315  297  273  264
  248  243  234  231  221  226  223  202  223                                   
    12.5-180.0 180.0   5.0 450.0                            LAT/LON1/LON2/DLON/H
  218  208  204  203  199  195  193  188  186  179  172  161  151  141  127  126
  128  143  153  175  189  205  208  212  219  233  250  273  303  333  364  389
  420  437  447  452  454  457  455  458  452  458  456  466  467  479  480  489
  488  493  490  492  485  476  456  440  413  390  358  331  302  283  266  253
  242  232  224  217  210  208  213  191  218                                   
    10.0-180.0 180.0   5.0 450.0                            LAT/LON1/LON2/DLON/H
  212  192  190  184  187  180  187  182  187  177  178  165  161  147  135  129
  129  143  158  176  193  205  211  216  223  235  248  278  308  345  375  405
  433  450  458  461  463  464  462  466  459  465  464  473  475  485  488  491
  492  492  486  481  472  458  442  426  403  379  347  318  290  273  256  248
  233  229  216  216  202  206  200  191  212                                   
     7.5-180.0 180.0   5.0 450.0                            LAT/LON1/LON2/DLON/H
  198  183  177  174  173  171  175  175  179  176  175  167  158  145  133  125
  125  141  153  174  189  204  211  218  226  239  257  282  317  350  384  410
