data/unet/pred0120.15i
     1.0            IONOSPHERE MAPS     GNSS                IONEX VERSION / TYPE
pyspatialgeodesy        IME             05-JAN-18 20:20     PGM / RUN BY / DATE 
Map Name                                                    COMMENT             
Predicted global ionosphere maps (GIM).                     DESCRIPTION         
  2015     1    12     0     0     0                        EPOCH OF FIRST MAP  
  2015     1    13     0     0     0                        EPOCH OF LAST MAP   
  7200                                                      INTERVAL            
    13                                                      # OF MAPS IN FILE   
  NONE                                                      MAPPING FUNCTION    
10.0                                                        ELEVATION CUTOFF    
One-way carrier phase leveled to code                       OBSERVABLES USED    
  6371.0                                                    BASE RADIUS         
 2                                                          MAP DIMENSION       
   450.0 450.0   0.0                                        HGT1 / HGT2 / DHGT  
    87.5 -87.5  -2.5                                        LAT1 / LAT2 / DLAT  
  -180.0 180.0   5.0                                        LON1 / LON2 / DLON  
    -1                                                      EXPONENT            
                                                            END OF HEADER       
[from data line 5148]
    13                                                      START OF TEC MAP    
  2015     1    13     0     0     0                        EPOCH OF CURRENT MAP
    87.5-180.0 180.0   5.0 450.0                            LAT/LON1/LON2/DLON/H
  119   96   91   87   90   87   93   90   95   92   96   93   97   94   97   95
   98   95   98   94   97   93   95   91   94   89   92   88   90   86   89   85
   88   84   87   84   87   84   88   85   89   87   91   89   92   89   92   89
   91   89   90   87   88   86   87   84   85   83   84   81   83   80   82   79
   81   79   82   81   89   86   92  105  119                                   
    85.0-180.0 180.0   5.0 450.0                            LAT/LON1/LON2/DLON/H
  102   80   85   86   88   85   91   89   95   92   98   94   99   95  101   96
  101   96  101   95   98   91   95   88   91   83   87   80   83   76   80   74
   78   73   77   73   78   75   81   78   83   82   87   86   90   87   91   87
   90   85   88   83   85   80   83   78   80   75   77   73   75   70   73   69
   72   68   73   71   79   71   71   95  102                                   
    82.5-180.0 180.0   5.0 450.0                            LAT/LON1/LON2/DLON/H
   98   85   89   95   95   96   99  101  104  105  108  108  110  110  112  111
  112  110  111  108  107  104  102   98   94   90   87   83   80   76   75   72
   72   70   73   72   76   75   81   81   87   87   93   93   97   96   98   96
   96   93   93   89   89   84   85   80   81   75   77   71   74   69   72   67
   72   69   74   73   81   76   78   94   98                                   
    80.0-180.0 180.0   5.0 450.0                            LAT/LON1/LON2/DLON/H
  102   95  101  107  106  110  113  117  118  121  122  123  123  123  123  124
  123  124  123  123  120  118  114  110  104   99   94   89   83   80   76   74
   72   72   73   75   77   80   84   88   92   96  100  103  105  106  106  106
  104  101   99   95   92   88   86   82   80   78   76   74   74   73   73   74
   75   77   80   83   87   86   88  101  102                                   
    77.5-180.0 180.0   5.0 450.0                            LAT/LON1/LON2/DLON/H
  115  109  116  122  123  127  131  134  136  136  137  135  133  131  130  129
  128  127  127  126  125  123  119  115  108  102   95   90   82   78   73   71
   69   69   71   74   77   81   86   91   96  100  105  109  110  112  112  111
  107  104  100   97   91   88   83   80   76   74   72   71   70   71   72   74
   77   79   84   88   95   95   99  108  115                                   
    75.0-180.0 180.0   5.0 450.0                            LAT/LON1/LON2/DLON/H
  130  132  139  146  147  153  156  158  156  155  151  147  141  136  131  127
  124  123  122  122  120  119  117  113  107  102   95   88   81   76   71   69
   68   70   72   77   81   87   93   98  103  108  112  115  116  117  116  113
  109  105  100   96   90   86   81   78   74   71   69   68   68   69   71   75
   80   85   92   99  107  110  116  123  130                                   
    72.5-180.0 180.0   5.0 450.0                            LAT/LON1/LON2/DLON/H
  156  160  169  174  176  179  182  181  179  172  167  158  149  139  130  121
  115  110  108  107  107  107  106  104  100   94   89   82   76   70   67   65
   66   68   72   77   83   89   95  101  105  110  112  114  113  112  109  105
  100   96   90   86   81   77   73   70   66   64   62   61   63   64   70   75
   83   90  100  109  120  126  134  142  156                                   
    70.0-180.0 180.0   5.0 450.0                            LAT/LON1/LON2/DLON/H
  183  190  202  206  205  207  206  204  198  191  183  171  159  142  129  114
  104   95   91   89   90   90   92   90   89   85   81   76   72   68   65   64
   65   68   72   78   84   90   96  101  105  108  109  109  106  102   98   92
   87   81   77   73   70   68   66   63   62   60   59   59   61   65   71   78
   88   97  110  121  134  144  156  163  183                                   
    67.5-180.0 180.0   5.0 450.0                            LAT/LON1/LON2/DLON/H
  219  221  233  234  233  232  232  228  223  215  205  191  174  154  132  113
   96   84   77   75   77   78   80   80   79   77   74   70   67   64   63   62
   63   66   70   75   79   86   90   95   97  100   99   98   93   89   81   76
   69   65   61   60   58   58   58   57   57   55   56   57   61   65   74   82
   94  105  119  133  148  161  173  182  219                                   
    65.0-180.0 180.0   5.0 450.0                            LAT/LON1/LON2/DLON/H
  248  251  263  263  258  257  254  251  245  238  228  213  193  168  143  117
   98   81   75   70   73   72   74   72   73   69   68   65   64   61   60   60
   61   64   67   70   74   78   82   85   87   87   87   83   78   71   66   58
   54   49   48   47   49   50   53   53   55   56   57   59   66   72   81   91
  104  116  131  145  162  177  191  202  248                                   
    62.5-180.0 180.0   5.0 450.0                            LAT/LON1/LON2/DLON/H
  271  271  284  281  279  274  273  268  265  258  251  234  214  187  158  130
  108   91   82   77   77   76   74   72   69   65   61   59   57   55   54   54
   56   57   58   61   63   65   67   70   70   71   68   66   61   57   51   46
   41   39   39   40   44   47   52   53   58   58   62   65   74   81   92  104
  118  131  146  161  178  192  203  218  271                                   
    60.0-180.0 180.0   5.0 450.0                            LAT/LON1/LON2/DLON/H
  284  288  299  297  292  287  282  278  274  271  266  253  233  207  179  151
  128  110  101   94   91   85   80   73   68   61   56   52   51   48   48   47
   49   49   52   52   55   54   57   56   58   55   55   52   51   45   43   37
   36   33   36   38   44   47   53   56   61   64   69   76   87   96  108  121
  138  151  166  179  193  206  218  235  284                                   
    57.5-180.0 180.0   5.0 450.0                            LAT/LON1/LON2/DLON/H
  294  297  310  308  302  293  288  280  279  273  273  262  248  224  200  175
  156  138  126  116  110  101   91   81   71   62   53   48   44   42   40   40
   42   43   44   46   46   47   48   48   47   46   46   46   44   43   41   39
   36   36   39   42   47   51   56   60   67   72   79   89  102  114  130  145
  162  174  188  198  210  222  231  250  294                                   
    55.0-180.0 180.0   5.0 450.0                            LAT/LON1/LON2/DLON/H
  297  309  322  321  312  301  289  281  274  272  271  265  255  238  219  198
  181  164  152  139  128  115  102   88   76   65   54   46   42   38   37   36
   39   40   44   45   48   48   50   48   49   47   50   49   51   49   49   45
   44   42   46   48   53   56   62   67   74   81   90  103  119  134  152  167
  184  197  210  219  229  240  252  267  297                                   
    52.5-180.0 180.0   5.0 450.0                            LAT/LON1/LON2/DLON/H
  304  316  333  332  322  307  294  280  273  265  266  259  256  243  232  216
  202  185  173  158  146  130  115  100   86   73   60   52   44   40   37   37
   40   43   47   52   54   57   57   57   57   58   59   61   63   64   61   58
   56   55   55   56   60   63   68   73   81   90  102  117  136  154  172  188
  207  221  233  241  251  260  268  283  304                                   
    50.0-180.0 180.0   5.0 450.0                            LAT/LON1/LON2/DLON/H
  305  328  342  345  334  320  302  288  275  265  259  254  249  243  237  224
  213  197  183  169  156  140  125  111   98   85   72   62   54   48   45   45
   48   52   59   64   70   71   75   73   76   75   78   78   83   81   80   74
   72   67   67   66   69   72   76   82   91  102  115  131  153  171  190  208
  227  241  253  262  269  277  284  294  305                                   
    47.5-180.0 180.0   5.0 450.0                            LAT/LON1/LON2/DLON/H
  309  329  349  353  346  333  319  301  287  270  260  248  244  238  236  226
  216  200  186  173  161  148  135  124  113  101   88   78   68   62   57   57
   60   65   71   80   85   90   91   92   93   93   94   96   98   98   94   89
   86   80   77   75   76   79   83   90  100  111  126  145  167  185  204  224
  242  256  268  277  284  287  289  299  309                                   
    45.0-180.0 180.0   5.0 450.0                            LAT/LON1/LON2/DLON/H
  305  329  346  355  352  346  334  321  304  287  269  255  245  239  235  226
  215  199  184  172  162  153  144  137  127  117  105   93   83   75   70   69
   72   76   85   92  100  103  107  106  109  107  110  110  112  109  107  101
   98   91   88   85   85   88   92  100  111  123  138  157  179  196  216  235
  251  266  276  284  288  291  293  300  305                                   
    42.5-180.0 180.0   5.0 450.0                            LAT/LON1/LON2/DLON/H
  305  317  337  347  352  353  349  339  327  307  287  266  252  243  238  226
  214  198  183  173  165  160  155  150  141  131  118  106   95   86   80   78
   79   84   91   99  105  111  114  115  117  118  119  119  119  117  115  111
  108  102   99   95   94   97  102  109  120  132  148  167  190  208  228  246
  261  273  282  287  292  292  290  300  305                                   
    40.0-180.0 180.0   5.0 450.0                            LAT/LON1/LON2/DLON/H
  303  312  323  332  339  347  347  348  339  325  304  283  265  254  245  232
  217  200  186  177  173  170  166  160  150  138  124  111  101   92   86   83
   84   87   94  100  107  112  117  119  124  125  127  125  126  122  120  117
  116  111  108  105  105  107  112  119  131  142  161  180  205  224  244  261
  275  285  291  295  297  298  298  305  303                                   
    37.5-180.0 180.0   5.0 450.0                            LAT/LON1/LON2/DLON/H
  314  312  317  319  326  336  344  348  348  337  321  298  282  267  256  242
  227  210  197  190  186  182  175  165  151  136  121  109   99   92   87   84
   83   86   91   98  103  110  114  122  127  132  132  133  130  127  124  123
  122  119  116  114  113  116  120  127  137  151  169  191  218  240  261  279
  295  304  310  313  317  315  313  320  314                                   
    35.0-180.0 180.0   5.0 450.0                            LAT/LON1/LON2/DLON/H
  344  336  327  316  314  322  331  342  346  343  330  314  297  284  271  257
  241  225  214  208  201  194  181  165  145  126  111   99   94   89   87   85
   85   86   92   97  103  110  117  124  133  137  141  138  137  130  129  125
  126  123  122  120  120  122  124  130  139  151  172  196  228  258  286  311
  331  345  350  353  355  353  353  353  344                                   
    32.5-180.0 180.0   5.0 450.0                            LAT/LON1/LON2/DLON/H
  400  385  366  343  328  327  334  344  350  348  340  324  311  295  284  268
  255  243  235  227  216  202  181  157  134  115  100   92   90   90   90   91
   91   95   98  105  110  119  124  133  140  146  147  147  141  135  130  125
  125  123  124  123  125  125  126  129  135  150  171  203  240  277  317  351
  380  399  408  414  417  415  411  405  400                                   
    30.0-180.0 180.0   5.0 450.0                            LAT/LON1/LON2/DLON/H
  491  483  449  407  379  362  359  361  363  358  348  334  319  306  292  278
  265  257  250  241  224  202  174  145  123  104   95   93   96  100  105  107
  110  113  118  122  126  132  138  143  150  152  153  148  142  134  128  123
  123  122  122  122  123  122  122  123  128  142  173  214  259  308  356  406
  446  476  493  504  508  508  503  479  491                                   
    27.5-180.0 180.0   5.0 450.0                            LAT/LON1/LON2/DLON/H
  605  608  565  518  470  441  417  408  396  384  367  350  331  312  297  280
  270  263  257  245  222  194  162  136  116  105  102  108  117  127  134  140
  143  145  147  149  147  150  150  155  156  156  153  148  139  131  124  118
  116  114  113  112  110  111  111  113  120  140  180  230  278  333  390  451
  502  543  570  586  599  609  596  567  605                                   
    25.0-180.0 180.0   5.0 450.0                            LAT/LON1/LON2/DLON/H
  726  762  718  664  611  560  517  482  452  426  401  376  350  326  302  284
  270  263  254  238  211  180  153  131  123  122  130  143  158  171  181  185
  188  188  187  180  172  170  167  171  167  161  155  145  136  127  122  116
  111  107  104  101   97   95   98  103  119  147  193  245  296  356  422  493
  558  609  644  669  693  709  704  664  726                                   
    22.5-180.0 180.0   5.0 450.0                            LAT/LON1/LON2/DLON/H
  812  877  860  815  753  695  633  583  530  491  451  420  382  349  317  289
  271  258  246  224  194  166  146  140  146  160  178  200  219  233  243  244
  244  240  230  217  202  196  183  182  174  163  152  141  131  122  116  108
  100   96   89   86   80   82   84   97  121  159  206  257  311  378  449  525
  591  642  678  706  738  771  776  731  812                                   
    20.0-180.0 180.0   5.0 450.0                            LAT/LON1/LON2/DLON/H
  871  964  972  948  907  842  771  705  638  579  524  479  434  391  347  309
  282  262  241  215  187  164  158  167  190  218  244  271  291  300  304  298
  295  286  275  256  236  223  205  193  180  162  151  137  130  119  110  100
   91   84   75   72   67   70   79  100  136  177  228  278  338  408  482  556
  622  667  702  728  766  800  824  777  871                                   
    17.5-180.0 180.0   5.0 450.0                            LAT/LON1/LON2/DLON/H
  870  975 1010 1005  984  939  885  814  740  672  607  554  500  451  394  347
  310  279  251  220  194  182  189  216  256  292  321  337  349  345  340  333
  324  316  301  284  257  237  213  196  174  156  140  129  120  109   99   91
   84   77   70   66   63   66   79  104  148  196  247  300  367  434  499  568
  623  666  696  721  755  792  815  778  870                                   
    15.0-180.0 180.0   5.0 450.0                            LAT/LON1/LON2/DLON/H
  834  940  994 1018 1018  989  955  903  836  766  703  643  585  528  465  412
  364  321  285  251  229  226  246  290  335  375  387  392  387  372  364  349
  341  327  312  291  263  236  210  184  161  139  128  114  104   90   85   79
   78   72   68   66   68   75   92  121  168  216  269  321  391  453  514  571
  621  655  682  701  731  755  785  753  834                                   
    12.5-180.0 180.0   5.0 450.0                            LAT/LON1/LON2/DLON/H
  751  842  911  962  995  987  970  933  883  826  768  715  660  603  540  483
  432  383  342  305  289  295  327  377  421  443  440  421  405  384  367  351
  340  325  306  282  253  229  201  174  146  125  111   99   88   80   77   75
   74   72   69   72   76   87  106  136  182  230  282  338  399  455  507  559
  600  632  651  668  688  704  728  703  751                                   
    10.0-180.0 180.0   5.0 450.0                            LAT/LON1/LON2/DLON/H
  660  720  793  860  913  936  940  925  893  857  820  776  730  676  621  565
  516  468  423  384  367  383  415  467  488  489  463  427  402  375  361  341
  330  311  291  265  240  212  189  159  136  114  105   90   84   74   77   73
   79   76   78   79   88  102  124  153  198  241  292  343  403  452  501  540
  579  601  621  633  646  649  669  652  660                                   
     7.5-180.0 180.0   5.0 450.0                            LAT/LON1/LON2/DLON/H
  562  605  669  730  782  814  839  843  840  829  817  797  767  725  679  633
  588  547  508  475  460  475  501  528  531  502  465  417  390  366  351  334
