data/unet/pred1240.15i
     1.0            IONOSPHERE MAPS     GNSS                IONEX VERSION / TYPE
pyspatialgeodesy        IME             05-JAN-18 20:20     PGM / RUN BY / DATE 
Map Name                                                    COMMENT             
Predicted global ionosphere maps (GIM).                     DESCRIPTION         
  2015     5     4     0     0     0                        EPOCH OF FIRST MAP  
  2015     5     5     0     0     0                        EPOCH OF LAST MAP   
  7200                                                      INTERVAL            
    13                                                      # OF MAPS IN FILE   
  NONE                                                      MAPPING FUNCTION    
10.0                                                        ELEVATION CUTOFF    
One-way carrier phase leveled to code                       OBSERVABLES USED    
  6371.0                                                    BASE RADIUS         
 2                                                          MAP DIMENSION       
   450.0 450.0   0.0                                        HGT1 / HGT2 / DHGT  
    87.5 -87.5  -2.5                                        LAT1 / LAT2 / DLAT  
  -180.0 180.0   5.0                                        LON1 / LON2 / DLON  
    -1                                                      EXPONENT            
                                                            END OF HEADER       
[from data line 2574]
     7                                                      START OF TEC MAP    
  2015     5     4    12     0     0                        EPOCH OF CURRENT MAP
    87.5-180.0 180.0   5.0 450.0                            LAT/LON1/LON2/DLON/H
  155  163  165  161  165  161  167  164  171  168  174  171  175  173  175  173
  175  172  174  171  174  169  172  167  171  167  171  167  170  167  170  167
  169  166  167  165  166  164  164  162  162  160  160  158  158  155  156  153
  155  152  153  150  152  148  150  146  148  144  145  141  143  139  141  138
  142  139  143  140  144  142  156  137  155                                   
    85.0-180.0 180.0   5.0 450.0                            LAT/LON1/LON2/DLON/H
  147  153  149  150  150  151  157  158  164  165  169  169  172  173  174  174
  174  173  173  171  172  170  171  169  171  170  172  171  173  172  174  172
  173  171  171  169  168  166  165  161  160  158  156  153  152  149  148  146
  146  145  144  143  143  142  141  139  139  136  136  133  134  130  132  129
  132  129  132  130  133  135  149  154  147                                   
    82.5-180.0 180.0   5.0 450.0                            LAT/LON1/LON2/DLON/H
  139  145  144  139  145  145  152  152  161  160  167  165  173  169  175  170
  176  171  175  170  174  170  173  171  174  173  177  176  179  179  181  180
  181  179  178  176  175  172  170  166  165  160  158  153  154  149  150  146
  148  146  147  145  147  143  145  141  142  138  138  134  134  130  129  127
  127  125  125  124  127  127  133  139  139                                   
    80.0-180.0 180.0   5.0 450.0                            LAT/LON1/LON2/DLON/H
  131  140  137  139  142  149  153  158  164  166  171  171  174  173  174  173
  172  171  169  170  168  169  168  170  170  174  175  178  180  182  185  185
  186  186  185  184  182  181  176  175  171  169  164  163  160  159  157  156
  156  157  157  158  157  158  157  157  154  154  149  149  143  142  136  136
  129  130  125  126  122  124  120  133  131                                   
    77.5-180.0 180.0   5.0 450.0                            LAT/LON1/LON2/DLON/H
  126  136  135  138  140  148  152  158  162  165  168  170  170  170  169  168
  165  164  162  162  160  161  161  164  164  170  171  177  180  185  188  191
  193  193  194  192  192  188  186  183  180  177  174  173  171  172  171  172
  173  174  176  176  177  177  177  175  173  171  167  164  159  155  150  146
  140  138  132  129  124  122  118  129  126                                   
    75.0-180.0 180.0   5.0 450.0                            LAT/LON1/LON2/DLON/H
  121  127  131  137  142  147  152  156  160  161  164  164  164  163  162  160
  158  157  156  156  154  157  156  160  160  166  169  175  180  187  193  197
  200  202  202  202  200  198  194  192  187  186  182  183  180  184  183  187
  188  192  194  196  197  197  196  194  191  189  184  181  174  171  163  159
  151  147  140  135  128  124  121  128  121                                   
    72.5-180.0 180.0   5.0 450.0                            LAT/LON1/LON2/DLON/H
  119  123  127  131  136  143  144  149  150  152  152  154  153  152  151  149
  148  147  147  147  148  150  153  155  158  163  168  175  182  188  196  199
  204  206  209  207  208  204  203  198  196  192  192  191  192  195  196  201
  205  209  213  213  216  214  215  210  210  204  202  194  191  182  179  169
  164  155  151  140  135  127  125  128  119                                   
    70.0-180.0 180.0   5.0 450.0                            LAT/LON1/LON2/DLON/H
  117  115  118  124  128  132  136  138  140  141  141  142  141  141  140  140
  139  139  140  143  144  148  151  155  158  163  168  174  181  187  196  201
  207  209  212  212  212  209  206  203  199  197  195  196  197  200  202  206
  211  216  220  221  223  221  220  217  215  211  208  203  200  193  187  180
  173  166  158  150  142  133  129  127  117                                   
    67.5-180.0 180.0   5.0 450.0                            LAT/LON1/LON2/DLON/H
  117  114  112  112  116  120  122  125  126  128  127  128  127  128  127  129
  129  132  134  139  142  147  151  155  158  163  167  172  177  183  191  196
  204  207  211  212  214  211  211  206  206  201  203  202  204  207  207  211
  213  217  219  219  219  217  216  211  210  205  205  200  200  194  191  183
  178  168  164  152  148  137  135  126  117                                   
    65.0-180.0 180.0   5.0 450.0                            LAT/LON1/LON2/DLON/H
  118  109  104  106  104  107  110  111  114  114  116  117  117  117  118  121
  124  128  133  138  144  149  153  157  161  163  167  170  174  180  185  193
  200  206  211  213  215  214  212  210  208  206  205  205  205  206  208  206
  209  208  209  205  205  201  201  197  198  195  196  194  196  193  191  185
  180  173  168  158  151  142  137  126  118                                   
    62.5-180.0 180.0   5.0 450.0                            LAT/LON1/LON2/DLON/H
  118  109   98   94   92   92   93   94   96   99   99  103  103  106  107  112
  115  122  126  134  139  145  148  152  155  159  160  163  167  170  179  184
  194  198  206  209  214  212  214  211  212  212  210  211  211  211  209  206
  204  202  199  195  193  189  188  185  185  184  185  186  186  185  182  180
  174  171  164  157  151  142  138  123  118                                   
    60.0-180.0 180.0   5.0 450.0                            LAT/LON1/LON2/DLON/H
  122  105   93   90   85   81   82   79   84   82   87   88   93   94   99  103
  110  116  123  130  137  141  145  148  151  153  156  158  162  167  172  181
  189  197  205  211  216  217  219  218  217  217  215  217  214  211  210  201
  200  194  192  186  184  180  180  177  179  179  182  184  187  185  184  181
  177  173  168  160  152  146  137  124  122                                   
    57.5-180.0 180.0   5.0 450.0                            LAT/LON1/LON2/DLON/H
  125  109   94   86   82   77   75   71   73   72   76   78   81   84   87   95
  100  110  114  123  125  132  133  139  140  145  146  151  155  161  170  176
  188  194  205  210  219  221  225  226  225  226  227  227  226  223  220  210
  207  201  197  193  189  186  184  182  184  185  188  190  190  191  186  184
  176  174  167  162  154  147  137  123  125                                   
    55.0-180.0 180.0   5.0 450.0                            LAT/LON1/LON2/DLON/H
  132  112   95   88   80   75   72   66   66   64   67   68   73   74   83   88
   98  104  113  117  123  125  129  131  135  139  144  148  154  159  168  177
  187  198  210  218  227  233  235  236  235  237  237  237  236  233  228  219
  213  208  204  200  196  195  194  193  194  196  199  202  202  201  195  192
  182  180  171  167  158  154  143  128  132                                   
    52.5-180.0 180.0   5.0 450.0                            LAT/LON1/LON2/DLON/H
  142  123  107   96   88   80   77   70   68   64   65   64   68   70   77   85
   92  102  107  114  115  120  121  126  128  135  139  146  152  159  169  177
  191  200  215  223  235  241  247  249  250  251  253  252  252  248  243  232
  227  221  219  215  215  212  212  211  212  214  218  220  219  217  209  202
  192  186  179  173  166  160  153  136  142                                   
    50.0-180.0 180.0   5.0 450.0                            LAT/LON1/LON2/DLON/H
  154  136  119  110  100   92   86   78   75   68   68   63   67   66   75   81
   97  102  112  115  119  119  123  125  131  136  142  148  155  162  172  180
  194  208  223  236  247  258  261  265  264  266  264  264  262  258  252  245
  239  238  235  235  233  232  230  228  229  232  234  237  235  233  224  217
  204  197  187  181  173  171  164  148  154                                   
    47.5-180.0 180.0   5.0 450.0                            LAT/LON1/LON2/DLON/H
  168  150  140  130  121  109  104   95   88   82   78   74   71   71   77   86
   98  109  115  122  122  126  126  132  134  142  146  153  157  165  173  183
  196  210  229  242  258  270  278  283  284  285  283  284  280  279  270  263
  259  257  257  254  254  250  247  242  242  244  246  248  245  242  233  223
  210  202  193  185  180  177  179  161  168                                   
    45.0-180.0 180.0   5.0 450.0                            LAT/LON1/LON2/DLON/H
  174  164  152  150  141  133  122  112  105   96   93   83   81   75   81   88
  105  115  126  131  134  135  138  141  146  151  155  160  164  171  178  187
  201  217  237  257  273  290  295  305  305  307  304  303  298  295  287  283
  276  278  272  272  265  261  252  247  245  247  248  250  247  244  235  227
  214  206  196  189  181  183  184  174  174                                   
    42.5-180.0 180.0   5.0 450.0                            LAT/LON1/LON2/DLON/H
  178  168  165  161  158  147  141  128  121  113  109  101   92   88   88   98
  110  125  133  143  144  149  149  156  156  163  162  167  167  173  178  189
  203  222  246  268  289  309  319  329  332  334  332  330  325  321  313  308
  303  298  292  285  276  267  256  248  245  243  244  243  239  235  226  219
  207  200  192  186  181  180  186  177  178                                   
    40.0-180.0 180.0   5.0 450.0                            LAT/LON1/LON2/DLON/H
  174  169  161  166  163  160  151  142  135  127  123  114  107   98   98  104
  118  131  143  151  156  160  164  167  170  173  173  174  174  178  185  195
  212  233  260  290  311  335  345  359  362  366  364  360  354  348  339  335
  327  325  310  303  287  274  262  253  246  244  242  241  234  229  220  213
  204  198  191  183  175  173  176  174  174                                   
    37.5-180.0 180.0   5.0 450.0                            LAT/LON1/LON2/DLON/H
  168  159  156  157  160  157  155  144  142  136  134  127  120  112  107  113
  123  138  148  159  162  169  171  177  178  181  178  180  178  185  191  208
  224  251  283  313  335  359  373  387  395  401  400  397  389  382  373  367
  360  354  343  331  315  300  286  273  262  255  250  243  235  226  216  208
  201  193  187  178  168  162  166  163  168                                   
    35.0-180.0 180.0   5.0 450.0                            LAT/LON1/LON2/DLON/H
  163  155  143  151  152  154  152  148  148  143  143  135  130  118  116  119
  129  141  152  162  168  174  180  183  187  188  187  189  189  197  206  223
  244  274  303  335  358  385  404  422  436  444  448  444  439  430  421  413
  405  399  384  373  354  341  322  309  293  281  270  259  247  235  224  217
  210  203  193  179  166  159  157  158  163                                   
    32.5-180.0 180.0   5.0 450.0                            LAT/LON1/LON2/DLON/H
  160  151  139  142  144  146  147  145  147  147  148  145  139  128  124  125
  134  146  156  167  171  178  182  186  189  193  196  199  203  212  224  245
  269  300  329  360  385  415  437  460  476  490  495  498  492  488  477  473
  463  459  444  438  420  410  388  372  346  331  309  291  272  257  244  235
  226  218  203  188  170  165  158  149  160                                   
    30.0-180.0 180.0   5.0 450.0                            LAT/LON1/LON2/DLON/H
  160  144  136  141  143  142  146  143  148  150  155  150  146  133  130  126
  133  144  155  166  173  181  187  190  195  200  207  212  220  230  245  266
  290  324  349  383  410  442  468  493  517  530  545  544  547  540  537  531
  526  519  510  506  494  486  465  449  422  402  372  349  321  304  285  277
  263  253  233  216  194  177  165  153  160                                   
    27.5-180.0 180.0   5.0 450.0                            LAT/LON1/LON2/DLON/H
  148  152  139  136  138  139  139  136  138  142  150  154  149  140  132  127
  133  143  158  170  179  189  192  197  202  209  221  226  239  250  271  294
  323  352  383  414  439  471  496  526  551  568  583  590  593  595  592  597
  592  600  587  591  580  574  556  538  514  489  460  430  393  366  340  327
  308  293  264  241  219  202  190  153  148                                   
    25.0-180.0 180.0   5.0 450.0                            LAT/LON1/LON2/DLON/H
  157  167  150  148  146  146  142  136  135  138  144  148  149  143  133  125
  130  136  154  169  182  191  197  199  206  213  228  237  255  272  298  323
  351  381  412  439  464  494  524  551  580  590  615  622  637  634  643  652
  661  669  667  669  666  659  642  618  590  563  527  488  449  411  388  367
  348  329  307  282  256  227  219  185  157                                   
    22.5-180.0 180.0   5.0 450.0                            LAT/LON1/LON2/DLON/H
  176  196  179  167  164  157  152  142  134  130  133  137  137  134  128  124
  127  136  156  176  190  203  205  209  213  224  239  256  280  304  337  359
  390  415  443  469  487  516  540  569  592  603  626  635  654  660  673  690
  701  720  723  731  728  722  703  680  652  616  580  535  492  448  417  396
  382  369  347  325  300  270  262  227  176                                   
    20.0-180.0 180.0   5.0 450.0                            LAT/LON1/LON2/DLON/H
  207  227  219  205  190  180  170  157  146  141  130  130  127  124  116  121
  125  135  155  173  193  204  212  214  221  233  255  276  304  331  367  390
  418  437  463  480  496  521  546  571  596  608  635  646  666  672  690  710
  728  746  748  755  751  744  720  697  663  637  589  549  510  476  441  418
  402  394  378  361  338  305  308  268  207                                   
    17.5-180.0 180.0   5.0 450.0                            LAT/LON1/LON2/DLON/H
  238  258  253  239  225  205  190  169  158  139  135  125  116  112  106  112
  122  136  152  171  186  202  209  215  226  246  276  302  334  363  399  419
  444  461  479  490  502  529  552  574  593  612  634  649  658  673  684  708
  725  741  744  747  743  734  711  686  657  603  569  535  504  470  444  418
  404  402  395  385  368  347  349  309  238                                   
    15.0-180.0 180.0   5.0 450.0                            LAT/LON1/LON2/DLON/H
  267  291  283  268  260  232  210  186  173  151  133  128  115  109  100  109
  115  135  148  164  182  194  204  214  232  263  298  327  356  395  421  443
  460  478  490  500  512  538  558  577  601  618  640  648  659  669  678  695
  707  717  714  718  712  707  679  660  605  561  523  495  463  435  407  387
  379  387  391  399  388  375  374  335  267                                   
    12.5-180.0 180.0   5.0 450.0                            LAT/LON1/LON2/DLON/H
  292  310  300  281  268  253  235  211  186  160  140  123  120  108   99  105
  109  129  140  156  169  186  197  211  240  278  318  350  388  419  445  455
  473  484  497  505  521  546  563  582  607  626  639  650  653  663  664  672
  674  673  668  667  675  672  651  611  566  521  492  460  431  399  367  350
  345  361  378  392  393  389  384  351  292                                   
    10.0-180.0 180.0   5.0 450.0                            LAT/LON1/LON2/DLON/H
  303  311  302  282  268  249  237  215  190  165  144  129  123  116  104  108
  107  123  136  150  163  179  195  215  249  298  334  373  407  441  453  470
  479  496  504  517  530  554  575  590  617  633  646  651  654  656  654  653
  643  638  624  631  631  634  621  595  545  507  465  429  400  364  335  317
  316  326  342  359  368  373  378  349  303                                   
     7.5-180.0 180.0   5.0 450.0                            LAT/LON1/LON2/DLON/H
  306  307  297  275  257  241  228  209  188  164  150  133  126  116  106  108
  106  118  129  142  152  169  186  219  261  312  351  390  426  446  466  472
