data/unet/pred1130.15i
     1.0            IONOSPHERE MAPS     GNSS                IONEX VERSION / TYPE
pyspatialgeodesy        IME             05-JAN-18 20:20     PGM / RUN BY / DATE 
Map Name                                                    COMMENT             
Predicted global ionosphere maps (GIM).                     DESCRIPTION         
  2015     4    23     0     0     0                        EPOCH OF FIRST MAP  
  2015     4    24     0     0     0                        EPOCH OF LAST MAP   
  7200                                                      INTERVAL            
    13                                                      # OF MAPS IN FILE   
  NONE                                                      MAPPING FUNCTION    
10.0                                                        ELEVATION CUTOFF    
One-way carrier phase leveled to code                       OBSERVABLES USED    
  6371.0                                                    BASE RADIUS         
 2                                                          MAP DIMENSION       
   450.0 450.0   0.0                                        HGT1 / HGT2 / DHGT  
    87.5 -87.5  -2.5                                        LAT1 / LAT2 / DLAT  
  -180.0 180.0   5.0                                        LON1 / LON2 / DLON  
    -1                                                      EXPONENT            
                                                            END OF HEADER       
[from data line 1716]
     5                                                      START OF TEC MAP    
  2015     4    23     8     0     0                        EPOCH OF CURRENT MAP
    87.5-180.0 180.0   5.0 450.0                            LAT/LON1/LON2/DLON/H
  171  182  195  190  197  193  201  199  207  205  213  211  219  217  224  222
  229  227  233  231  236  232  236  233  236  233  237  234  238  236  241  241
  245  246  249  251  251  253  251  252  250  251  247  248  244  244  241  241
  237  237  234  234  229  228  223  223  218  217  212  212  208  207  204  202
  201  198  198  195  195  189  198  173  171                                   
    85.0-180.0 180.0   5.0 450.0                            LAT/LON1/LON2/DLON/H
  172  180  181  186  192  189  198  200  209  210  218  218  226  226  233  232
  238  237  242  240  245  242  246  243  246  243  248  246  250  250  255  255
  259  261  264  265  267  267  268  267  267  265  266  263  263  259  260  255
  255  249  250  244  242  235  234  227  224  218  216  211  209  204  202  198
  197  192  192  187  188  179  190  168  172                                   
    82.5-180.0 180.0   5.0 450.0                            LAT/LON1/LON2/DLON/H
  165  166  167  172  172  178  183  191  196  203  207  214  217  223  224  229
  229  233  231  236  232  236  232  235  231  236  233  239  237  243  243  249
  249  254  255  259  259  262  262  264  263  265  263  264  262  261  258  256
  252  250  246  244  238  235  228  225  217  213  206  203  196  194  187  186
  180  179  174  172  169  164  165  162  165                                   
    80.0-180.0 180.0   5.0 450.0                            LAT/LON1/LON2/DLON/H
  162  155  156  160  160  169  174  183  189  197  202  208  213  216  220  221
  224  223  224  223  222  220  218  216  215  215  214  217  218  221  224  228
  233  237  243  247  251  253  257  258  260  262  264  265  265  266  265  264
  261  259  256  253  248  243  238  233  227  221  216  210  206  199  196  189
  187  178  176  167  165  155  157  158  162                                   
    77.5-180.0 180.0   5.0 450.0                            LAT/LON1/LON2/DLON/H
  163  160  153  153  156  162  171  176  184  191  197  203  207  211  213  216
  216  217  215  214  210  208  203  200  195  195  193  195  195  200  203  210
  214  224  230  238  242  250  253  260  262  269  271  278  279  285  284  287
  284  285  281  280  274  271  265  262  255  251  244  241  233  230  222  218
  210  204  195  185  178  168  168  162  163                                   
    75.0-180.0 180.0   5.0 450.0                            LAT/LON1/LON2/DLON/H
  172  162  157  157  157  161  167  172  179  183  189  192  197  198  202  202
  205  202  202  197  195  188  184  177  173  170  169  169  172  176  184  190
  200  208  217  225  233  240  247  255  261  269  277  286  293  300  304  307
  308  309  307  304  299  295  290  286  281  277  272  269  264  259  254  248
  242  232  224  211  205  188  185  180  172                                   
    72.5-180.0 180.0   5.0 450.0                            LAT/LON1/LON2/DLON/H
  185  174  163  159  160  160  165  167  173  176  181  183  186  187  190  191
  191  191  189  185  180  172  167  159  153  148  145  146  149  157  165  177
  185  198  206  217  225  235  243  252  261  273  284  298  308  320  327  334
  335  338  335  335  329  324  317  312  307  302  298  296  292  290  285  281
  273  265  256  242  232  214  203  192  185                                   
    70.0-180.0 180.0   5.0 450.0                            LAT/LON1/LON2/DLON/H
  192  174  163  159  157  156  159  162  166  170  173  176  179  178  181  178
  183  178  181  174  174  164  161  150  143  134  132  132  137  146  158  169
  183  192  205  212  222  230  242  251  266  279  295  311  326  339  349  355
  359  360  360  357  352  345  337  330  324  319  315  312  310  307  303  299
  293  285  276  261  250  229  219  207  192                                   
    67.5-180.0 180.0   5.0 450.0                            LAT/LON1/LON2/DLON/H
  197  177  161  152  150  147  151  152  158  160  166  167  171  169  171  168
  172  170  172  168  167  158  154  144  136  127  124  124  130  140  152  169
  180  194  202  214  220  232  241  254  269  286  304  324  341  355  364  370
  372  372  370  367  360  352  342  334  327  322  317  316  312  311  305  302
  297  291  285  272  260  241  226  208  197                                   
    65.0-180.0 180.0   5.0 450.0                            LAT/LON1/LON2/DLON/H
  196  171  155  145  138  135  136  141  145  151  155  160  162  162  161  159
  163  161  166  162  163  156  152  142  136  127  126  124  133  141  157  170
  186  195  207  212  224  230  245  258  279  297  320  340  359  371  382  385
  388  385  382  377  368  357  345  335  327  321  316  314  311  306  302  297
  292  287  282  271  263  244  233  214  196                                   
    62.5-180.0 180.0   5.0 450.0                            LAT/LON1/LON2/DLON/H
  198  174  152  136  127  121  121  122  129  133  141  144  150  149  151  148
  151  148  153  150  151  146  143  136  130  124  122  123  130  141  155  173
  185  199  206  217  223  236  247  267  286  308  335  356  375  384  393  394
  394  390  384  377  367  355  341  331  323  317  311  308  303  298  290  285
  280  276  275  267  262  248  236  214  198                                   
    60.0-180.0 180.0   5.0 450.0                            LAT/LON1/LON2/DLON/H
  203  179  154  136  121  112  108  110  113  122  127  135  138  141  140  139
  140  136  139  136  138  133  132  126  123  117  118  118  129  137  156  169
  186  196  208  214  227  235  256  272  300  323  355  374  396  401  408  407
  404  401  394  390  376  364  349  338  327  322  315  312  306  299  288  280
  274  271  270  265  264  252  245  231  203                                   
    57.5-180.0 180.0   5.0 450.0                            LAT/LON1/LON2/DLON/H
  225  201  173  143  125  108  101   96  100  104  112  117  124  126  128  125
  127  122  122  118  117  114  113  110  108  107  108  111  119  130  146  163
  178  192  202  214  224  240  258  282  310  337  369  389  407  414  418  415
  412  411  403  399  386  376  361  351  341  334  327  321  314  303  292  280
  275  270  273  269  273  267  261  246  225                                   
    55.0-180.0 180.0   5.0 450.0                            LAT/LON1/LON2/DLON/H
  250  227  197  167  141  119  103   95   91   95   99  108  111  116  115  115
  113  109  106  102   98   94   94   93   96   96  101  104  114  123  141  156
  175  189  202  212  228  243  268  293  327  358  393  410  429  435  438  435
  429  427  419  418  406  400  384  378  365  361  351  345  334  323  308  298
  289  285  288  286  291  286  289  279  250                                   
    52.5-180.0 180.0   5.0 450.0                            LAT/LON1/LON2/DLON/H
  290  264  238  203  173  140  122  104   96   92   95   99  104  106  108  105
  104   99   94   89   83   81   80   82   85   89   95  101  110  120  138  153
  172  189  203  217  229  250  273  306  340  374  405  424  443  452  455  455
  450  449  442  441  429  426  414  408  400  394  387  377  367  350  337  323
  314  307  310  309  315  314  322  304  290                                   
    50.0-180.0 180.0   5.0 450.0                            LAT/LON1/LON2/DLON/H
  315  302  279  242  215  177  153  127  111  101   96  100  100  105  103  103
   99   95   90   84   79   76   75   78   83   89   98  102  113  123  142  158
  179  196  212  222  237  255  283  317  358  395  428  447  467  475  479  478
  476  476  468  469  460  457  446  441  432  427  417  410  397  383  366  352
  339  334  333  331  337  331  344  328  315                                   
    47.5-180.0 180.0   5.0 450.0                            LAT/LON1/LON2/DLON/H
  340  328  315  285  256  222  194  160  139  120  109  106  106  106  106  104
  101   96   91   87   82   81   80   84   88   94  102  108  118  130  148  165
  187  205  220  231  243  263  290  329  368  407  439  460  480  491  496  500
  500  501  494  493  485  482  471  466  455  448  437  428  416  402  387  372
  360  351  347  344  347  346  358  341  340                                   
    45.0-180.0 180.0   5.0 450.0                            LAT/LON1/LON2/DLON/H
  343  337  327  310  289  260  233  199  169  145  128  120  115  115  112  112
  107  106  102  100   94   92   92   95  101  107  116  120  132  144  163  181
  203  220  233  243  255  273  304  340  384  423  458  479  501  511  518  523
  526  528  524  523  513  510  497  488  473  463  447  437  422  410  394  386
  372  364  355  349  348  343  351  338  343                                   
    42.5-180.0 180.0   5.0 450.0                            LAT/LON1/LON2/DLON/H
  341  326  319  314  301  284  262  232  205  175  155  141  133  129  126  124
  121  120  121  118  117  112  113  113  118  122  127  132  143  156  175  192
  214  229  243  252  264  285  313  352  393  434  468  493  515  528  540  547
  551  553  550  545  535  527  512  503  486  473  453  439  422  410  395  389
  377  369  355  347  336  329  332  320  341                                   
    40.0-180.0 180.0   5.0 450.0                            LAT/LON1/LON2/DLON/H
  310  292  295  296  297  290  274  249  224  197  175  160  150  144  140  140
  138  142  145  148  144  141  137  135  137  138  142  146  157  170  186  206
  223  239  251  263  276  296  328  365  410  449  487  513  538  552  568  575
  584  585  584  578  564  552  536  521  503  485  463  447  426  416  399  395
  383  374  358  346  331  315  304  290  310                                   
    37.5-180.0 180.0   5.0 450.0                            LAT/LON1/LON2/DLON/H
  277  258  259  264  271  270  267  249  232  212  196  182  172  166  162  160
  162  164  172  172  173  165  161  155  154  153  153  156  163  172  190  204
  224  238  253  266  282  309  340  380  424  463  500  528  556  579  600  612
  624  629  626  618  599  582  565  550  536  517  496  474  453  436  421  416
  405  396  375  359  335  311  284  258  277                                   
    35.0-180.0 180.0   5.0 450.0                            LAT/LON1/LON2/DLON/H
  241  235  223  227  233  239  240  232  225  212  202  193  188  182  181  180
  184  189  197  200  199  192  181  174  167  163  162  164  166  176  184  203
  216  238  252  271  293  323  357  399  442  482  520  548  583  607  635  652
  660  665  663  658  643  629  614  599  588  571  552  529  503  488  469  467
  457  450  427  409  376  336  295  260  241                                   
    32.5-180.0 180.0   5.0 450.0                            LAT/LON1/LON2/DLON/H
  245  234  216  204  205  206  211  209  209  206  202  202  201  200  198  198
  202  207  213  215  216  206  200  187  181  175  170  169  170  171  178  187
  204  225  246  269  297  334  371  413  457  500  536  571  612  646  674  692
  707  718  721  716  707  692  685  671  660  643  625  608  588  575  558  553
  535  519  492  473  445  401  341  295  245                                   
    30.0-180.0 180.0   5.0 450.0                            LAT/LON1/LON2/DLON/H
  298  275  244  218  202  194  192  192  194  195  200  204  208  210  211  212
  218  219  225  225  225  219  210  200  188  183  176  173  168  168  167  179
  193  220  245  277  311  351  390  432  472  517  553  594  634  675  708  733
  761  778  793  794  796  789  790  778  777  758  744  717  700  673  656  640
  625  604  583  557  521  465  409  355  298                                   
    27.5-180.0 180.0   5.0 450.0                            LAT/LON1/LON2/DLON/H
  412  368  313  261  228  211  199  192  193  194  202  210  217  223  225  227
  229  230  230  229  229  224  220  210  202  191  184  174  167  166  174  184
  206  228  259  291  329  368  404  444  483  525  563  610  648  697  736  779
  813  841  865  873  886  881  892  883  889  871  863  833  813  784  762  739
  719  690  664  640  618  574  506  460  412                                   
    25.0-180.0 180.0   5.0 450.0                            LAT/LON1/LON2/DLON/H
  519  475  392  339  301  264  236  218  212  209  213  219  225  233  237  240
  240  239  236  234  233  231  227  219  209  202  189  183  169  174  182  199
  218  249  285  318  360  394  433  465  499  534  575  618  658  709  757  807
  854  895  930  954  968  975  985  990  997  991  983  966  938  911  882  852
  827  794  764  736  716  674  622  551  519                                   
    22.5-180.0 180.0   5.0 450.0                            LAT/LON1/LON2/DLON/H
  615  586  529  434  371  338  314  282  251  243  237  243  247  247  250  250
  251  247  243  239  237  235  231  228  218  205  187  171  161  173  192  213
  233  270  304  341  377  413  453  482  512  544  582  622  665  720  769  828
  881  929  973 1000 1022 1033 1045 1052 1064 1064 1067 1051 1037 1008  983  953
  925  894  862  827  803  765  718  675  615                                   
    20.0-180.0 180.0   5.0 450.0                            LAT/LON1/LON2/DLON/H
  693  666  614  552  489  433  374  353  325  297  271  264  261  268  261  263
  257  255  247  248  242  242  234  229  212  198  171  158  153  169  188  213
  248  286  324  361  402  440  474  505  531  564  599  634  678  728  784  839
  899  946  989 1020 1041 1056 1065 1072 1086 1089 1101 1088 1085 1057 1041 1006
  985  947  920  887  863  828  790  744  693                                   
    17.5-180.0 180.0   5.0 450.0                            LAT/LON1/LON2/DLON/H
  740  719  684  633  587  538  486  436  396  365  341  314  292  281  274  266
  263  257  257  252  250  243  232  218  198  183  163  147  150  169  190  221
  257  297  335  372  415  455  489  522  553  583  620  651  693  745  791  844
  895  938  975 1002 1022 1030 1038 1042 1055 1063 1076 1077 1081 1066 1059 1030
 1013  978  949  915  888  853  818  780  740                                   
    15.0-180.0 180.0   5.0 450.0                            LAT/LON1/LON2/DLON/H
  754  739  719  689  659  618  570  531  477  424  376  361  327  304  286  273
  258  263  252  266  254  251  230  215  190  169  151  135  141  157  182  217
  259  304  342  381  421  462  498  536  573  607  644  669  713  747  798  836
  881  909  942  968  984  989  991  991 1004 1009 1027 1029 1046 1037 1040 1018
 1005  966  937  890  859  818  791  754  754                                   
    12.5-180.0 180.0   5.0 450.0                            LAT/LON1/LON2/DLON/H
  728  732  728  721  699  673  629  591  547  498  439  404  380  350  318  297
  280  268  262  254  253  240  221  198  178  157  141  122  126  149  172  213
  261  304  341  386  419  458  497  543  585  623  661  692  726  760  798  829
  857  877  898  916  926  924  923  921  931  934  951  955  980  978  992  977
  966  930  895  848  809  761  740  711  728                                   
    10.0-180.0 180.0   5.0 450.0                            LAT/LON1/LON2/DLON/H
  691  699  699  708  692  683  646  621  579  548  487  440  403  374  343  315
  298  282  269  271  261  253  225  198  175  150  133  115  120  137  161  207
  260  301  342  378  413  451  493  544  588  628  670  692  741  762  798  817
  839  851  867  879  884  879  872  869  874  879  889  899  920  933  944  941
  923  895  843  800  742  694  673  649  691                                   
     7.5-180.0 180.0   5.0 450.0                            LAT/LON1/LON2/DLON/H
  653  671  672  694  682  677  654  628  601  562  516  470  428  400  378  356
  330  309  285  282  270  245  221  186  169  143  129  117  121  135  155  203
