data/unet/pred2400.15i
     1.0            IONOSPHERE MAPS     GNSS                IONEX VERSION / TYPE
pyspatialgeodesy        IME             05-JAN-18 20:20     PGM / RUN BY / DATE 
Map Name                                                    COMMENT             
Predicted global ionosphere maps (GIM).                     DESCRIPTION         
  2015     8    28     0     0     0                        EPOCH OF FIRST MAP  
  2015     8    29     0     0     0                        EPOCH OF LAST MAP   
  7200                                                      INTERVAL            
    13                                                      # OF MAPS IN FILE   
  NONE                                                      MAPPING FUNCTION    
10.0                                                        ELEVATION CUTOFF    
One-way carrier phase leveled to code                       OBSERVABLES USED    
  6371.0                                                    BASE RADIUS         
 2                                                          MAP DIMENSION       
   450.0 450.0   0.0                                        HGT1 / HGT2 / DHGT  
    87.5 -87.5  -2.5                                        LAT1 / LAT2 / DLAT  
  -180.0 180.0   5.0                                        LON1 / LON2 / DLON  
    -1                                                      EXPONENT            
                                                            END OF HEADER       
[from data line 5148]
    13                                                      START OF TEC MAP    
  2015     8    29     0     0     0                        EPOCH OF CURRENT MAP
    87.5-180.0 180.0   5.0 450.0                            LAT/LON1/LON2/DLON/H
  129   97   92   86   88   83   86   81   85   80   83   78   82   76   80   74
   79   73   77   72   76   71   76   70   75   70   75   70   74   69   74   69
   74   69   74   69   75   70   76   72   78   74   80   76   81   78   83   80
   84   81   86   83   87   85   88   86   89   87   90   88   91   88   91   88
   92   89   93   91   96   93  101  120  129                                   
    85.0-180.0 180.0   5.0 450.0                            LAT/LON1/LON2/DLON/H
  106   85   88   83   81   74   76   71   73   68   69   64   67   61   63   58
   60   56   58   53   56   52   55   51   53   49   52   48   51   47   50   47
   50   47   51   49   53   52   56   56   60   60   64   62   67   65   70   68
   73   70   75   73   78   75   80   78   83   80   84   82   86   84   87   85
   88   86   90   87   92   85   84   97  106                                   
    82.5-180.0 180.0   5.0 450.0                            LAT/LON1/LON2/DLON/H
  101   87   90   90   86   81   82   79   81   77   77   74   75   71   71   67
   68   63   65   61   62   57   59   54   55   51   52   49   50   45   48   44
   46   43   47   45   48   47   51   51   54   54   57   58   61   61   64   66
   68   68   71   72   74   75   77   78   80   80   83   83   85   84   87   86
   90   88   93   91   95   89   90   98  101                                   
    80.0-180.0 180.0   5.0 450.0                            LAT/LON1/LON2/DLON/H
  104   95   98   99   94   92   92   92   92   91   89   89   88   87   84   83
   81   80   77   76   73   70   68   66   63   60   58   56   54   52   51   49
   49   48   49   48   50   50   52   53   55   56   59   60   62   63   66   67
   70   71   74   75   77   79   81   83   84   86   87   89   90   91   92   93
   94   95   97   98  100   98   96  104  104                                   
    77.5-180.0 180.0   5.0 450.0                            LAT/LON1/LON2/DLON/H
  110   99  101  102   97   95   96   96   96   95   95   95   94   93   92   90
   88   86   84   81   78   74   72   68   66   62   60   57   55   51   51   48
   47   45   47   45   47   46   49   50   52   53   56   57   59   60   63   65
   67   69   71   74   76   79   81   84   85   87   88   90   90   91   92   93
   93   94   97   98  101   98   99  102  110                                   
    75.0-180.0 180.0   5.0 450.0                            LAT/LON1/LON2/DLON/H
  108  101  101  102   97   97   96   98   97   98   98   99   98   98   96   95
   93   91   88   86   82   79   75   73   68   66   63   61   57   56   53   51
   49   48   48   47   47   48   49   51   52   53   55   57   58   60   62   64
   66   68   70   73   75   78   81   84   85   88   89   90   90   92   92   93
   93   94   96   98  101   99   98  103  108                                   
    72.5-180.0 180.0   5.0 450.0                            LAT/LON1/LON2/DLON/H
  112  101  103  103   98   98   99  100  101  102  103  103  103  103  102  101
   98   96   94   91   87   84   81   77   73   70   68   65   62   60   59   56
   54   52   52   50   49   49   51   51   52   53   55   57   58   59   62   63
   64   66   69   72   74   77   79   82   84   86   87   89   89   90   90   90
   90   91   93   94   98   97   97  102  112                                   
    70.0-180.0 180.0   5.0 450.0                            LAT/LON1/LON2/DLON/H
  108  101  104  104  101  100  102  103  104  106  107  108  108  108  107  105
  103  100   98   94   91   87   83   79   75   72   69   68   65   64   63   61
   58   56   55   53   51   50   51   50   51   51   54   55   57   58   60   61
   62   63   66   68   71   73   77   79   81   83   86   87   88   88   89   89
   89   90   92   94   98   97   98  105  108                                   
    67.5-180.0 180.0   5.0 450.0                            LAT/LON1/LON2/DLON/H
  111  102  105  106  103  102  105  106  108  110  112  113  114  113  113  111
  109  106  103   99   95   91   86   81   77   73   71   68   67   66   66   64
   61   58   57   53   51   49   49   48   48   49   51   53   54   56   58   58
   59   60   63   65   68   70   74   77   80   82   85   86   88   88   89   88
   89   88   91   92   96   96   97  104  111                                   
    65.0-180.0 180.0   5.0 450.0                            LAT/LON1/LON2/DLON/H
  109  104  107  108  105  104  106  107  110  113  115  117  118  117  116  114
  112  109  107  102   98   93   87   81   76   72   69   68   66   66   65   64
   61   58   54   51   48   46   44   44   44   46   48   51   52   54   56   57
   58   59   62   64   67   69   74   77   81   84   87   89   91   91   92   91
   91   90   92   93   97   97   98  106  109                                   
    62.5-180.0 180.0   5.0 450.0                            LAT/LON1/LON2/DLON/H
  114  107  109  110  106  104  106  107  111  114  118  119  121  120  118  117
  114  113  109  106  101   95   88   81   75   70   67   65   64   63   63   61
   58   54   51   47   43   40   39   39   40   41   44   47   49   50   52   53
   54   55   59   61   64   67   72   76   81   84   88   90   92   92   93   91
   92   91   93   93   97   97   99  106  114                                   
    60.0-180.0 180.0   5.0 450.0                            LAT/LON1/LON2/DLON/H
  113  111  112  113  108  105  105  107  110  114  117  120  121  120  119  117
  116  113  112  107  103   95   87   79   72   66   63   61   59   59   57   56
   52   49   44   41   36   35   33   34   34   37   39   43   44   45   46   48
   49   51   54   58   62   66   72   76   82   85   89   91   94   94   94   93
   93   93   95   95   98   98   99  107  113                                   
    57.5-180.0 180.0   5.0 450.0                            LAT/LON1/LON2/DLON/H
  122  118  118  117  111  107  106  107  111  114  118  120  121  121  119  118
  116  116  113  110  104   97   88   78   71   64   60   57   56   55   54   50
   47   43   40   36   33   31   31   31   32   34   37   39   41   41   43   43
   45   47   51   53   59   64   70   75   81   85   89   91   93   93   94   93
   94   95   98   98  101  101  102  107  122                                   
    55.0-180.0 180.0   5.0 450.0                            LAT/LON1/LON2/DLON/H
  124  124  125  124  116  111  109  108  111  114  117  119  120  119  118  117
  116  116  115  111  106   98   89   78   70   63   59   55   53   51   49   45
   42   39   37   33   31   30   30   30   31   33   35   37   37   39   39   40
   41   44   47   51   57   63   70   76   82   86   90   91   94   93   95   94
   97   98  102  103  105  105  105  111  124                                   
    52.5-180.0 180.0   5.0 450.0                            LAT/LON1/LON2/DLON/H
  135  133  133  131  123  118  115  113  114  116  118  120  120  120  118  117
  116  117  116  114  109  103   93   83   74   66   62   57   55   51   49   44
   41   38   36   34   34   33   33   33   34   36   37   38   38   39   40   40
   42   44   47   51   57   63   71   77   84   87   91   92   94   94   95   96
   99  102  107  109  111  111  111  113  135                                   
    50.0-180.0 180.0   5.0 450.0                            LAT/LON1/LON2/DLON/H
  138  139  142  141  134  128  123  121  119  119  119  120  120  119  118  116
  116  117  118  116  114  107   99   89   81   73   69   64   61   56   52   45
   42   39   39   37   38   38   39   38   39   38   38   38   38   38   39   39
   41   43   47   51   59   66   75   82   89   92   95   96   99   98  100  101
  105  108  114  117  119  117  117  118  138                                   
    47.5-180.0 180.0   5.0 450.0                            LAT/LON1/LON2/DLON/H
  147  148  150  150  145  140  136  132  128  126  125  125  124  123  121  120
  119  119  121  121  119  115  107  100   92   86   81   76   72   66   60   53
   49   46   45   45   47   47   47   47   45   44   42   42   40   40   41   42
   44   46   50   54   63   72   83   90   96  100  103  104  105  106  106  108
  111  116  122  125  127  125  123  122  147                                   
    45.0-180.0 180.0   5.0 450.0                            LAT/LON1/LON2/DLON/H
  146  151  157  159  156  153  150  145  139  134  131  129  127  126  124  122
  121  122  124  126  126  123  117  110  105   99   96   90   85   77   71   62
   58   54   55   55   57   57   58   56   55   50   49   45   45   43   45   45
   47   48   52   57   68   78   92   99  107  109  112  113  116  116  118  118
  121  124  131  133  135  132  129  127  146                                   
    42.5-180.0 180.0   5.0 450.0                            LAT/LON1/LON2/DLON/H
  152  156  161  165  164  165  164  160  153  148  141  138  135  133  131  129
  128  129  131  134  134  134  129  124  118  114  110  105   99   91   83   75
   70   68   68   69   70   71   70   69   65   62   58   55   52   52   52   52
   53   54   56   63   74   88  102  111  118  121  123  125  128  129  129  130
  131  134  139  141  141  138  135  133  152                                   
    40.0-180.0 180.0   5.0 450.0                            LAT/LON1/LON2/DLON/H
  151  157  165  169  171  174  175  172  167  159  151  146  142  139  137  135
  134  136  138  142  144  144  141  136  132  127  123  117  111  102   94   86
   83   80   82   82   83   83   84   80   78   73   71   66   65   63   62   61
   62   61   64   70   84   97  114  122  131  132  136  137  142  143  144  144
  144  144  148  149  149  146  142  140  151                                   
    37.5-180.0 180.0   5.0 450.0                            LAT/LON1/LON2/DLON/H
  159  162  168  173  175  180  183  183  178  172  164  158  153  151  147  145
  143  146  148  153  156  158  154  150  144  139  133  127  120  112  104   99
   96   96   97   98   97   98   96   95   91   88   84   80   76   73   71   69
   69   68   71   79   93  108  125  134  140  142  145  148  153  156  157  157
  156  155  157  158  157  155  152  149  159                                   
    35.0-180.0 180.0   5.0 450.0                            LAT/LON1/LON2/DLON/H
  167  169  175  177  179  184  190  191  189  183  176  169  165  161  156  153
  151  154  158  164  167  169  165  160  154  148  142  134  128  119  114  109
  109  108  111  109  110  109  109  106  105  102  100   94   89   83   79   76
   76   74   77   84  100  115  132  140  148  148  152  154  162  166  169  168
  167  164  166  165  167  165  164  163  167                                   
    32.5-180.0 180.0   5.0 450.0                            LAT/LON1/LON2/DLON/H
  188  186  187  187  186  191  195  198  196  193  186  181  177  172  167  164
  162  164  169  175  178  179  174  168  161  154  147  141  133  127  121  119
  119  122  123  124  122  122  121  120  118  117  112  105   96   87   81   77
   76   74   77   83   99  114  133  142  150  151  154  157  167  171  175  175
  175  172  174  174  177  178  181  182  188                                   
    30.0-180.0 180.0   5.0 450.0                            LAT/LON1/LON2/DLON/H
  209  207  207  201  199  200  204  205  205  201  196  191  188  182  176  171
  169  171  175  181  184  183  178  171  163  157  152  146  141  134  131  128
  130  131  134  132  132  130  130  128  130  128  124  115  104   92   83   79
   77   75   77   82   97  112  130  141  149  151  155  159  170  175  181  181
  183  181  185  185  190  193  202  208  209                                   
    27.5-180.0 180.0   5.0 450.0                            LAT/LON1/LON2/DLON/H
  238  231  230  224  216  216  217  218  216  213  206  203  197  192  185  179
  176  178  181  186  188  187  180  173  166  162  157  155  149  145  140  139
  138  140  139  139  136  136  134  135  136  134  129  119  107   92   82   75
   74   72   74   76   91  105  124  137  148  153  159  166  176  183  189  192
  196  196  200  203  209  215  223  235  238                                   
    25.0-180.0 180.0   5.0 450.0                            LAT/LON1/LON2/DLON/H
  266  257  256  245  236  232  233  232  231  227  222  216  212  204  196  188
  184  183  185  188  189  186  181  174  170  166  165  162  159  153  150  146
  146  144  144  141  140  136  135  134  137  135  132  119  107   90   80   71
   70   67   68   70   83   96  115  131  145  155  165  175  185  193  200  205
  212  216  222  226  236  242  253  271  266                                   
    22.5-180.0 180.0   5.0 450.0                            LAT/LON1/LON2/DLON/H
  291  283  282  267  256  250  249  248  249  247  242  236  228  220  209  200
  193  190  189  191  191  190  185  180  175  174  172  172  167  163  156  152
  148  146  142  142  137  136  132  133  133  133  127  117  104   88   76   67
   65   60   60   60   72   86  108  127  147  161  176  189  202  212  221  228
  238  245  251  259  267  276  285  302  291                                   
    20.0-180.0 180.0   5.0 450.0                            LAT/LON1/LON2/DLON/H
  322  319  308  287  276  266  264  261  264  264  263  257  251  241  229  216
  208  201  198  197  197  195  192  187  184  182  182  180  177  170  163  156
  151  146  143  139  136  130  130  126  131  127  126  114  104   87   78   68
   65   59   56   54   63   77  100  125  150  170  190  206  221  234  244  256
  267  277  284  293  304  310  320  337  322                                   
    17.5-180.0 180.0   5.0 450.0                            LAT/LON1/LON2/DLON/H
  351  347  334  316  303  292  283  278  279  280  282  279  274  266  254  240
  229  220  212  210  208  208  205  202  196  194  189  188  182  177  166  160
  152  147  142  138  134  131  128  128  128  129  124  116  104   90   78   71
   64   60   51   49   53   67   91  124  155  182  207  227  246  262  275  288
  300  314  322  333  341  346  349  363  351                                   
    15.0-180.0 180.0   5.0 450.0                            LAT/LON1/LON2/DLON/H
  384  380  365  343  335  319  309  298  299  299  302  299  298  291  282  270
  258  245  235  229  228  227  225  220  213  205  198  192  188  182  173  164
  158  151  146  140  137  131  130  127  130  127  126  116  109   92   82   70
   67   56   50   42   49   59   85  122  157  189  221  247  269  289  307  320
  336  348  359  368  378  378  380  387  384                                   
    12.5-180.0 180.0   5.0 450.0                            LAT/LON1/LON2/DLON/H
  412  409  396  388  374  361  343  334  328  327  326  323  321  316  308  297
  287  275  263  258  254  254  248  242  228  215  203  196  190  186  178  171
  162  156  149  144  138  135  133  133  133  132  128  124  114  102   88   77
   66   57   46   41   43   55   81  121  160  196  231  260  286  313  334  354
  367  382  391  402  408  405  401  407  412                                   
    10.0-180.0 180.0   5.0 450.0                            LAT/LON1/LON2/DLON/H
  441  439  433  421  417  398  385  372  367  360  355  349  347  342  335  325
  317  306  296  291  287  282  274  261  243  222  207  197  193  189  183  177
  169  162  155  149  144  140  139  139  138  136  133  127  120  107   94   77
   69   54   50   39   47   54   84  119  158  193  233  267  299  330  357  378
  397  408  418  424  434  428  427  428  441                                   
     7.5-180.0 180.0   5.0 450.0                            LAT/LON1/LON2/DLON/H
  460  466  467  472  462  455  436  425  411  401  388  380  374  369  359  352
  344  336  328  322  315  307  291  273  247  224  206  197  192  190  185  179
