data/unet/pred1040.15i
     1.0            IONOSPHERE MAPS     GNSS                IONEX VERSION / TYPE
pyspatialgeodesy        IME             05-JAN-18 20:20     PGM / RUN BY / DATE 
Map Name                                                    COMMENT             
Predicted global ionosphere maps (GIM).                     DESCRIPTION         
  2015     4    14     0     0     0                        EPOCH OF FIRST MAP  
  2015     4    15     0     0     0                        EPOCH OF LAST MAP   
  7200                                                      INTERVAL            
    13                                                      # OF MAPS IN FILE   
  NONE                                                      MAPPING FUNCTION    
10.0                                                        ELEVATION CUTOFF    
One-way carrier phase leveled to code                       OBSERVABLES USED    
  6371.0                                                    BASE RADIUS         
 2                                                          MAP DIMENSION       
   450.0 450.0   0.0                                        HGT1 / HGT2 / DHGT  
    87.5 -87.5  -2.5                                        LAT1 / LAT2 / DLAT  
  -180.0 180.0   5.0                                        LON1 / LON2 / DLON  
    -1                                                      EXPONENT            
                                                            END OF HEADER       
[from data line 1287]
     4                                                      START OF TEC MAP    
  2015     4    14     6     0     0                        EPOCH OF CURRENT MAP
    87.5-180.0 180.0   5.0 450.0                            LAT/LON1/LON2/DLON/H
  131  164  166  173  175  180  180  186  186  192  191  196  194  198  196  199
  197  200  198  200  197  200  197  198  194  197  193  195  191  194  190  193
  189  193  189  193  189  193  191  193  192  195  195  197  196  198  197  198
  196  197  194  194  191  191  188  188  184  185  180  181  176  177  171  172
  167  168  164  165  163  166  170  147  131                                   
    85.0-180.0 180.0   5.0 450.0                            LAT/LON1/LON2/DLON/H
  148  159  140  154  154  159  162  167  170  175  179  183  185  188  191  193
  193  194  195  196  194  194  192  191  188  187  185  184  181  182  180  181
  179  183  182  185  183  186  187  189  190  190  194  193  194  193  195  193
  193  190  191  187  186  182  182  179  178  175  174  171  169  165  163  158
  158  154  151  150  149  138  159  146  148                                   
    82.5-180.0 180.0   5.0 450.0                            LAT/LON1/LON2/DLON/H
  144  139  128  135  137  142  150  155  162  169  175  182  186  190  194  195
  198  197  199  197  195  194  191  189  183  181  176  174  170  169  167  169
  168  172  174  179  181  185  188  190  193  194  198  199  201  200  203  201
  203  200  201  198  197  194  193  190  188  184  180  176  174  169  164  159
  155  149  144  139  138  132  136  124  144                                   
    80.0-180.0 180.0   5.0 450.0                            LAT/LON1/LON2/DLON/H
  150  141  124  124  128  133  141  148  157  163  173  178  185  188  194  194
  197  195  197  193  192  186  184  177  173  165  163  156  154  151  152  153
  156  160  165  171  175  182  185  192  195  200  203  206  210  211  215  214
  218  216  220  217  219  217  217  214  213  209  206  200  197  189  184  175
  171  161  155  146  143  130  135  128  150                                   
    77.5-180.0 180.0   5.0 450.0                            LAT/LON1/LON2/DLON/H
  143  134  119  124  123  131  136  145  151  160  166  173  176  180  184  183
  185  183  184  179  178  172  168  161  155  149  144  140  137  134  134  138
  141  150  155  166  172  182  187  194  199  205  209  215  217  221  223  227
  229  233  235  237  238  240  240  241  239  237  234  231  226  221  212  206
  195  186  174  168  159  146  141  130  143                                   
    75.0-180.0 180.0   5.0 450.0                            LAT/LON1/LON2/DLON/H
  155  146  132  127  128  130  136  141  148  154  161  163  168  168  172  169
  171  168  170  166  164  158  155  148  143  136  133  126  125  121  124  123
  130  137  148  158  169  178  186  195  201  208  213  219  223  228  233  236
  242  244  251  251  257  257  261  260  261  259  257  253  250  245  239  233
  226  216  202  189  181  166  158  148  155                                   
    72.5-180.0 180.0   5.0 450.0                            LAT/LON1/LON2/DLON/H
  163  156  141  140  134  135  137  139  144  146  150  150  151  149  151  147
  149  146  149  147  147  144  142  136  132  125  121  115  113  112  115  118
  124  135  146  159  169  180  188  194  201  207  214  218  224  228  235  241
  246  252  256  261  263  267  270  272  273  273  272  269  267  263  256  250
  245  239  228  219  209  189  179  168  163                                   
    70.0-180.0 180.0   5.0 450.0                            LAT/LON1/LON2/DLON/H
  179  177  163  153  147  141  141  139  140  139  141  138  137  131  130  125
  125  125  128  130  133  132  133  129  126  120  119  111  113  108  114  114
  122  129  144  153  166  175  184  191  198  205  211  218  224  231  238  245
  252  256  265  267  273  274  279  279  282  281  280  278  277  273  268  264
  260  253  245  237  232  212  198  194  179                                   
    67.5-180.0 180.0   5.0 450.0                            LAT/LON1/LON2/DLON/H
  196  188  174  165  151  146  139  136  133  130  128  124  120  114  111  106
  105  107  111  118  120  125  124  124  120  115  113  107  108  106  111  115
  122  132  142  154  163  172  179  185  193  198  207  214  224  231  240  248
  253  261  267  272  275  280  282  284  284  283  282  279  278  275  271  267
  264  260  255  247  244  229  216  211  196                                   
    65.0-180.0 180.0   5.0 450.0                            LAT/LON1/LON2/DLON/H
  214  206  189  174  161  149  142  134  131  125  124  119  114  107  104   98
   98   97  103  107  114  117  122  121  120  117  116  111  112  109  113  114
  121  128  139  146  157  162  172  176  185  191  204  213  224  234  242  250
  254  260  266  270  273  277  279  281  282  281  278  276  274  270  266  263
  261  259  256  251  251  239  228  229  214                                   
    62.5-180.0 180.0   5.0 450.0                            LAT/LON1/LON2/DLON/H
  227  213  200  182  163  150  137  130  123  121  116  112  106  101   96   92
   90   94   97  106  110  117  118  119  116  113  112  107  109  107  113  114
  120  127  136  144  152  159  168  173  182  190  205  217  231  243  255  262
  266  270  274  277  279  282  285  285  286  283  281  276  273  267  262  256
  254  251  250  250  252  242  234  237  227                                   
    60.0-180.0 180.0   5.0 450.0                            LAT/LON1/LON2/DLON/H
  241  229  214  192  172  156  140  129  122  119  115  112  108  104  101   96
   97   96  102  105  111  113  115  115  112  110  108  106  105  105  107  110
  114  121  128  136  143  151  161  169  182  193  213  226  243  254  266  270
  273  276  280  282  284  286  290  290  292  290  287  282  276  269  260  253
  247  245  243  245  248  241  236  245  241                                   
    57.5-180.0 180.0   5.0 450.0                            LAT/LON1/LON2/DLON/H
  252  237  227  205  182  162  142  128  119  113  109  106  104  101   99   96
   96   97  100  104  106  107  106  102  100   95   97   94   99   97  103  103
  109  111  121  127  138  146  160  171  185  203  222  242  258  272  283  288
  290  292  294  295  298  300  305  305  307  305  301  297  290  282  271  261
  251  247  244  246  249  245  242  251  252                                   
    55.0-180.0 180.0   5.0 450.0                            LAT/LON1/LON2/DLON/H
  265  257  244  225  201  181  158  142  126  118  110  109  105  103  102  101
  102  102  105  107  108  105  103   97   95   91   92   90   92   92   95   96
  102  105  114  121  131  143  158  174  193  213  239  260  277  290  302  305
  308  307  310  311  314  318  323  326  329  329  325  321  313  303  290  277
  264  256  250  251  253  251  249  262  265                                   
    52.5-180.0 180.0   5.0 450.0                            LAT/LON1/LON2/DLON/H
  281  271  264  248  227  203  181  158  140  122  112  106  103   99   99   97
   99   99  102  101  100   95   92   85   84   80   83   83   86   87   89   93
   97  102  109  120  131  146  161  181  199  227  252  277  293  309  320  325
  330  330  332  335  339  346  349  354  354  356  353  351  344  335  321  307
  291  281  272  270  273  268  267  274  281                                   
    50.0-180.0 180.0   5.0 450.0                            LAT/LON1/LON2/DLON/H
  301  293  286  275  256  236  212  188  164  143  123  114  105  103  101  100
  101  103  106  104  103   97   94   87   89   85   90   86   91   86   92   90
  100  101  114  122  136  151  168  190  214  243  269  295  311  327  339  347
  352  353  356  360  366  373  377  379  380  380  377  377  370  364  350  338
  322  310  298  295  294  283  282  291  301                                   
    47.5-180.0 180.0   5.0 450.0                            LAT/LON1/LON2/DLON/H
  317  309  308  300  286  269  248  217  191  162  137  120  108  101   98   96
   99  101  104  103  100   94   89   85   87   87   90   91   90   90   90   95
   99  108  116  129  142  158  175  197  221  255  281  307  324  341  356  364
  372  374  378  384  389  397  398  400  397  397  392  392  387  383  372  363
  350  338  328  319  320  306  302  306  317                                   
    45.0-180.0 180.0   5.0 450.0                            LAT/LON1/LON2/DLON/H
  327  317  315  313  306  293  275  248  219  187  159  137  120  110  104  104
  105  107  112  110  110  103  102   98  103  102  109  103  105   98  102  101
  111  115  128  138  150  168  185  211  235  269  293  320  337  358  373  386
  393  399  402  411  415  422  421  420  415  411  405  404  397  397  384  380
  366  361  346  343  336  321  314  320  327                                   
    42.5-180.0 180.0   5.0 450.0                            LAT/LON1/LON2/DLON/H
  324  313  313  313  307  303  288  265  240  206  175  150  128  116  109  107
  108  113  116  118  114  111  108  107  111  114  116  114  110  107  106  109
  117  124  136  146  162  179  197  223  249  281  304  329  349  369  388  400
  411  416  423  431  435  442  438  436  427  421  411  408  401  398  389  384
  375  369  358  353  348  331  320  320  324                                   
    40.0-180.0 180.0   5.0 450.0                            LAT/LON1/LON2/DLON/H
  316  297  294  290  289  285  279  260  244  213  188  163  143  130  123  120
  124  125  133  131  133  126  127  124  129  127  130  124  122  115  116  118
  127  133  144  156  172  189  208  237  265  293  315  340  361  382  400  415
  425  435  441  450  456  463  461  457  449  439  429  423  414  409  398  394
  383  381  367  363  352  332  317  318  316                                   
    37.5-180.0 180.0   5.0 450.0                            LAT/LON1/LON2/DLON/H
  305  279  277  264  260  253  251  239  227  206  186  168  150  140  132  131
  132  139  142  147  145  142  140  138  140  139  138  133  129  124  126  131
  139  146  156  166  179  200  220  248  276  303  325  347  369  387  408  421
  436  442  451  459  469  477  480  479  474  465  455  447  437  429  415  409
  398  393  379  375  361  340  314  307  305                                   
    35.0-180.0 180.0   5.0 450.0                            LAT/LON1/LON2/DLON/H
  301  261  243  225  210  199  197  190  190  179  175  161  155  146  145  142
  149  150  160  161  164  160  158  155  154  151  147  141  136  133  136  140
  146  150  159  167  183  202  228  251  284  308  331  353  373  395  415  430
  443  451  462  473  488  503  517  519  522  513  509  501  489  476  462  449
  434  425  410  402  388  358  328  324  301                                   
    32.5-180.0 180.0   5.0 450.0                            LAT/LON1/LON2/DLON/H
  320  268  239  202  182  160  154  149  152  154  154  154  150  148  146  148
  153  160  169  175  177  176  174  170  168  162  157  150  146  144  145  150
  152  156  159  173  185  211  231  259  283  310  332  353  375  396  418  433
  448  457  471  486  505  525  552  566  580  576  577  570  558  542  522  505
  485  472  453  440  421  394  351  347  320                                   
    30.0-180.0 180.0   5.0 450.0                            LAT/LON1/LON2/DLON/H
  361  302  258  219  178  150  130  122  125  128  137  139  144  141  145  145
  154  160  173  179  187  188  188  186  182  176  168  162  155  152  151  153
  155  155  159  167  189  210  240  257  282  305  332  352  375  400  422  439
  459  467  488  502  533  557  599  630  657  662  673  668  664  644  618  590
  567  545  526  507  482  446  408  401  361                                   
    27.5-180.0 180.0   5.0 450.0                            LAT/LON1/LON2/DLON/H
  425  371  319  269  219  178  147  126  119  119  125  133  135  140  139  142
  147  155  166  177  188  194  198  200  198  192  185  175  168  162  160  160
  156  158  156  170  188  217  242  265  283  303  325  352  370  399  417  443
  464  484  508  524  560  595  637  672  708  735  757  762  757  736  716  692
  669  643  621  595  569  530  485  468  425                                   
    25.0-180.0 180.0   5.0 450.0                            LAT/LON1/LON2/DLON/H
  509  470  422  366  294  249  199  169  146  139  141  142  146  141  142  141
  147  154  165  177  191  199  207  213  214  210  201  195  184  180  173  171
  164  159  155  164  187  215  243  266  286  303  326  348  372  399  424  450
  484  499  532  549  597  631  674  717  763  801  837  843  850  827  810  780
  760  735  717  695  669  626  586  547  509                                   
    22.5-180.0 180.0   5.0 450.0                            LAT/LON1/LON2/DLON/H
  607  580  547  500  432  361  287  244  212  189  176  172  166  162  152  151
  149  155  161  176  189  205  217  231  234  234  226  217  206  197  188  179
  160  148  141  154  179  207  234  258  281  306  328  355  373  404  429  464
  493  520  559  587  623  661  696  745  792  844  886  909  922  904  890  860
  836  814  798  778  749  714  674  632  607                                   
    20.0-180.0 180.0   5.0 450.0                            LAT/LON1/LON2/DLON/H
  685  681  659  628  576  510  430  362  297  264  237  221  210  198  188  179
  175  174  175  183  193  207  225  241  251  251  240  235  216  206  192  177
  149  135  132  152  177  203  229  253  277  300  327  355  386  412  447  468
  507  536  584  610  647  677  715  760  811  859  902  932  953  948  942  916
  900  879  868  844  819  777  734  721  685                                   
    17.5-180.0 180.0   5.0 450.0                            LAT/LON1/LON2/DLON/H
  751  746  718  705  677  635  569  499  428  364  320  290  270  257  240  227
  212  206  198  201  205  221  239  258  265  265  257  240  217  200  180  160
  128  118  115  130  164  190  218  241  269  295  325  359  392  424  452  484
  522  566  611  643  670  704  729  768  806  852  886  920  938  953  954  947
  933  923  918  901  873  838  789  775  751                                   
    15.0-180.0 180.0   5.0 450.0                            LAT/LON1/LON2/DLON/H
  776  785  753  750  724  701  655  596  523  464  405  361  332  308  300  286
  273  257  240  233  225  239  255  271  273  278  266  243  215  195  175  154
  129  118  118  132  161  187  214  240  264  293  325  362  402  425  461  489
  535  577  622  648  680  706  728  763  786  825  842  874  891  912  930  932
  929  923  926  914  900  867  824  813  776                                   
    12.5-180.0 180.0   5.0 450.0                            LAT/LON1/LON2/DLON/H
  774  785  756  751  732  710  679  632  584  524  476  424  387  358  344  335
  323  307  284  272  256  258  263  273  275  276  263  237  206  183  163  145
  126  117  110  124  148  180  207  231  263  294  331  365  401  430  461  499
  541  588  627  663  684  710  721  744  756  780  791  819  836  869  890  910
  910  917  921  917  898  877  831  819  774                                   
    10.0-180.0 180.0   5.0 450.0                            LAT/LON1/LON2/DLON/H
  756  753  732  719  704  691  660  636  598  554  510  467  431  397  381  378
  371  355  323  303  283  277  268  278  271  263  245  219  191  171  155  137
  130  118  117  124  147  179  203  234  261  298  330  366  403  426  460  497
  544  584  629  656  686  705  717  731  738  755  758  779  795  825  851  870
  878  883  895  891  889  876  836  819  756                                   
     7.5-180.0 180.0   5.0 450.0                            LAT/LON1/LON2/DLON/H
  732  709  678  651  633  617  606  594  582  553  527  488  458  428  414  400
  396  381  343  314  289  282  273  268  256  245  231  209  178  162  144  134
