data/unet/pred0110.15i
     1.0            IONOSPHERE MAPS     GNSS                IONEX VERSION / TYPE
pyspatialgeodesy        IME             05-JAN-18 20:20     PGM / RUN BY / DATE 
Map Name                                                    COMMENT             
Predicted global ionosphere maps (GIM).                     DESCRIPTION         
  2015     1    11     0     0     0                        EPOCH OF FIRST MAP  
  2015     1    12     0     0     0                        EPOCH OF LAST MAP   
  7200                                                      INTERVAL            
    13                                                      # OF MAPS IN FILE   
  NONE                                                      MAPPING FUNCTION    
10.0                                                        ELEVATION CUTOFF    
One-way carrier phase leveled to code                       OBSERVABLES USED    
  6371.0                                                    BASE RADIUS         
 2                                                          MAP DIMENSION       
   450.0 450.0   0.0                                        HGT1 / HGT2 / DHGT  
    87.5 -87.5  -2.5                                        LAT1 / LAT2 / DLAT  
  -180.0 180.0   5.0                                        LON1 / LON2 / DLON  
    -1                                                      EXPONENT            
                                                            END OF HEADER       
[from data line 2574]
     7                                                      START OF TEC MAP    
  2015     1    11    12     0     0                        EPOCH OF CURRENT MAP
    87.5-180.0 180.0   5.0 450.0                            LAT/LON1/LON2/DLON/H
   94  100   98   96   95   93   94   93   94   93   93   93   93   92   92   92
   92   91   91   90   91   90   90   88   89   87   87   85   86   83   85   81
   84   80   83   79   83   78   82   78   83   79   83   80   84   82   85   83
   87   85   88   87   91   89   92   91   95   93   96   95   97   95   97   95
   97   95   98   95   96   93  104   82   94                                   
    85.0-180.0 180.0   5.0 450.0                            LAT/LON1/LON2/DLON/H
  100   97   95   91   94   92   94   93   94   92   94   92   94   92   93   91
   93   90   92   90   91   89   89   87   88   86   86   84   84   82   82   80
   80   78   78   77   77   76   78   76   78   77   79   79   81   81   84   84
   88   88   91   90   94   93   97   96  100   98  102   98  102   98  101   96
  100   96   99   94   97   94   98   98  100                                   
    82.5-180.0 180.0   5.0 450.0                            LAT/LON1/LON2/DLON/H
   93   87   86   85   82   83   81   83   82   83   82   84   83   84   84   84
   84   84   83   83   83   83   81   81   79   80   77   77   74   74   70   71
   67   68   64   66   62   65   62   65   63   66   65   69   67   72   72   77
   76   82   81   87   86   91   92   94   96   96   98   98   99   97   96   95
   94   92   91   88   86   84   83   78   93                                   
    80.0-180.0 180.0   5.0 450.0                            LAT/LON1/LON2/DLON/H
   78   69   70   66   67   65   67   67   68   68   71   71   73   73   75   75
   77   75   77   75   77   75   77   75   75   74   74   72   72   70   70   67
   66   64   64   61   61   59   60   59   60   59   61   61   63   64   68   69
   72   73   78   79   83   84   88   88   91   91   93   91   92   89   89   85
   85   80   81   75   75   68   66   73   78                                   
    77.5-180.0 180.0   5.0 450.0                            LAT/LON1/LON2/DLON/H
   66   59   53   53   50   53   50   55   52   57   56   60   59   63   63   67
   65   69   67   72   68   73   69   74   70   75   72   75   72   74   72   73
   69   70   67   68   64   65   62   63   60   63   61   64   62   66   64   68
   66   72   71   76   75   82   81   86   84   89   86   89   85   85   80   81
   75   75   70   68   63   59   56   57   66                                   
    75.0-180.0 180.0   5.0 450.0                            LAT/LON1/LON2/DLON/H
   59   49   48   44   44   41   44   43   46   45   49   48   53   52   57   58
   61   62   64   66   66   71   70   75   73   79   79   84   83   88   87   91
   87   91   86   88   81   82   77   78   73   75   71   72   68   69   68   70
   68   71   71   74   74   78   79   83   83   86   85   88   85   85   81   78
   75   72   69   64   61   56   53   55   59                                   
    72.5-180.0 180.0   5.0 450.0                            LAT/LON1/LON2/DLON/H
   59   56   46   45   42   43   42   45   44   46   47   49   50   52   55   57
   59   61   63   66   67   71   73   79   80   87   90   97  100  108  108  115
  113  118  113  114  106  106   99   98   93   93   88   87   83   83   78   79
   73   75   73   74   74   76   78   79   82   83   84   84   83   82   80   79
   76   74   70   66   62   55   55   52   59                                   
    70.0-180.0 180.0   5.0 450.0                            LAT/LON1/LON2/DLON/H
   63   58   55   50   51   49   50   48   49   48   51   50   53   53   55   55
   56   57   61   63   67   72   75   82   85   92   97  107  113  124  129  139
  141  147  146  148  141  139  131  130  120  121  111  110  102  101   95   91
   84   83   78   78   74   76   75   79   80   82   83   84   84   84   83   82
   80   77   76   70   67   62   61   60   63                                   
    67.5-180.0 180.0   5.0 450.0                            LAT/LON1/LON2/DLON/H
   68   67   59   60   57   58   56   57   55   55   55   57   57   58   58   59
   58   60   61   65   67   73   76   83   88   95  104  114  125  136  146  158
  165  172  175  177  174  172  166  161  153  146  139  133  127  121  113  105
   97   91   85   79   76   73   74   74   77   78   80   80   82   81   82   82
   81   80   78   74   71   65   66   66   68                                   
    65.0-180.0 180.0   5.0 450.0                            LAT/LON1/LON2/DLON/H
   69   68   67   64   67   65   66   62   64   59   63   61   63   61   62   59
   58   57   57   61   64   69   73   81   88   96  105  114  126  141  155  171
  185  196  202  206  206  204  197  193  181  176  163  159  148  143  129  122
  106  100   86   82   70   71   66   69   68   72   73   76   77   79   80   81
   82   80   80   74   72   68   68   72   69                                   
    62.5-180.0 180.0   5.0 450.0                            LAT/LON1/LON2/DLON/H
   68   67   62   67   65   68   66   68   65   64   64   63   65   64   64   62
   60   59   58   61   60   64   67   77   85   93  103  113  128  145  165  186
  205  216  225  229  231  224  220  211  202  192  185  178  169  159  149  135
  123  108   94   81   70   63   61   60   61   62   65   67   70   70   72   72
   75   75   75   71   68   63   65   70   68                                   
    60.0-180.0 180.0   5.0 450.0                            LAT/LON1/LON2/DLON/H
   63   60   61   60   67   66   70   65   69   62   67   64   68   66   65   62
   61   56   56   55   56   58   63   72   80   89  100  112  127  147  171  196
  219  232  244  250  255  247  241  231  220  214  207  202  193  182  165  151
  132  118   98   83   66   59   52   52   49   53   56   59   61   62   63   64
   67   67   68   65   61   58   59   62   63                                   
    57.5-180.0 180.0   5.0 450.0                            LAT/LON1/LON2/DLON/H
   56   53   49   54   54   59   57   61   59   59   61   61   63   62   64   60
   60   58   56   56   53   58   60   67   75   85   98  113  131  155  182  210
  235  247  260  265  268  260  252  241  234  226  224  219  216  202  188  167
  151  128  111   90   74   60   52   48   46   48   49   52   53   54   56   57
   61   61   63   59   57   50   51   54   56                                   
    55.0-180.0 180.0   5.0 450.0                            LAT/LON1/LON2/DLON/H
   51   46   44   42   49   49   53   51   55   54   57   57   58   58   58   54
   53   49   49   49   47   53   56   66   74   88  100  118  137  163  192  224
  249  264  277  283  285  276  269  259  251  248  244  243  236  226  205  185
  162  143  121  101   82   68   56   49   43   44   44   46   46   48   49   52
   55   57   60   58   53   51   47   42   51                                   
    52.5-180.0 180.0   5.0 450.0                            LAT/LON1/LON2/DLON/H
   52   45   37   40   39   42   41   45   45   46   49   50   54   51   55   50
   52   49   50   49   50   55   59   70   79   95  109  128  148  177  207  238
  264  280  290  292  294  287  284  274  268  260  258  253  251  236  223  200
  183  157  141  117  101   84   72   60   54   49   47   48   48   48   50   52
   57   59   63   61   58   49   48   45   52                                   
    50.0-180.0 180.0   5.0 450.0                            LAT/LON1/LON2/DLON/H
   58   49   43   37   42   39   41   39   43   44   48   49   49   49   47   46
   46   45   43   46   46   54   59   77   89  108  121  141  160  191  219  250
  273  289  296  301  303  300  296  291  282  276  268  267  260  249  234  218
  198  178  157  136  117  100   86   76   66   59   53   52   50   50   52   56
   62   65   72   70   68   64   61   49   58                                   
    47.5-180.0 180.0   5.0 450.0                            LAT/LON1/LON2/DLON/H
   73   62   50   47   43   41   39   40   41   43   48   48   50   48   49   47
   51   47   50   49   54   59   70   86  102  119  134  154  173  203  228  257
  275  287  291  297  302  303  301  298  292  282  275  268  262  249  238  223
  208  191  176  154  136  119  104   91   80   72   64   60   58   56   59   62
   71   76   83   82   81   75   74   71   73                                   
    45.0-180.0 180.0   5.0 450.0                            LAT/LON1/LON2/DLON/H
   90   79   66   57   55   48   48   43   48   47   53   53   52   54   51   54
   52   53   50   55   55   66   76   99  113  135  147  168  185  212  232  257
  267  279  281  291  297  305  305  306  298  292  280  275  264  257  244  234
  219  206  188  169  147  129  113  100   90   83   74   68   64   61   65   68
   80   87   97   97   97   98   95   88   90                                   
    42.5-180.0 180.0   5.0 450.0                            LAT/LON1/LON2/DLON/H
  104   93   78   70   63   55   52   50   53   53   57   54   57   54   57   56
   60   59   60   61   66   75   89  107  125  142  157  178  194  218  233  251
  258  266  270  281  292  302  307  308  304  294  287  276  268  256  247  234
  223  211  198  180  157  137  118  104   93   87   78   72   69   66   71   75
   86   93  103  106  108  107  109  111  104                                   
    40.0-180.0 180.0   5.0 450.0                            LAT/LON1/LON2/DLON/H
  112  102   91   81   78   65   65   58   62   60   66   63   64   64   63   67
   68   69   68   71   75   84   98  118  135  156  169  188  204  222  234  248
  253  261  268  283  297  311  315  318  314  308  297  289  276  269  256  245
  232  221  205  188  162  137  117  102   90   84   78   74   71   69   74   78
   91   97  109  110  114  117  119  116  112                                   
    37.5-180.0 180.0   5.0 450.0                            LAT/LON1/LON2/DLON/H
  111  102   94   86   81   73   69   66   69   68   73   70   73   70   73   75
   80   80   79   79   82   93  107  123  142  161  178  198  214  230  237  247
  256  266  280  296  312  326  333  335  335  327  319  307  295  282  270  254
  242  229  214  195  169  139  115   97   86   81   75   73   72   72   77   83
   93   99  107  108  111  111  115  119  111                                   
    35.0-180.0 180.0   5.0 450.0                            LAT/LON1/LON2/DLON/H
  106   95   92   83   85   76   78   68   74   71   77   75   78   78   81   85
   90   89   89   88   93  103  120  136  152  173  191  211  228  236  246  254
  270  287  308  327  343  357  362  366  362  360  347  342  326  316  297  285
  266  253  233  208  177  147  118   98   85   78   75   73   75   78   83   88
   97  101  106  105  102  104  104  105  106                                   
    32.5-180.0 180.0   5.0 450.0                            LAT/LON1/LON2/DLON/H
   96   85   80   81   79   78   78   74   77   78   82   81   84   85   87   93
   96   98   94   96   99  110  126  142  162  182  205  228  242  248  258  270
  295  322  355  375  395  403  408  407  406  400  391  382  368  355  337  322
  305  290  271  241  208  172  139  116  101   92   88   91   96  104  111  115
  119  117  115  107   99   92   89   90   96                                   
    30.0-180.0 180.0   5.0 450.0                            LAT/LON1/LON2/DLON/H
   95   80   71   72   80   78   86   77   83   79   87   85   86   85   87   92
   97  101  101  100  108  116  136  151  174  197  223  240  257  264  279  302
  332  375  414  444  463  468  465  461  456  455  447  443  429  417  395  379
  358  344  320  296  254  217  179  159  137  130  128  133  135  144  148  159
  157  155  140  131  111   97   90   79   95                                   
    27.5-180.0 180.0   5.0 450.0                            LAT/LON1/LON2/DLON/H
   92   81   71   77   80   84   84   84   84   84   88   87   88   85   86   92
   95   99   98  102  110  124  142  164  188  212  238  253  270  284  308  338
  379  432  485  518  540  537  537  523  530  527  527  517  502  484  462  440
  416  395  375  352  321  278  244  213  200  189  184  180  189  195  207  208
  208  198  182  161  145  123  105   79   92                                   
    25.0-180.0 180.0   5.0 450.0                            LAT/LON1/LON2/DLON/H
  107   97   87   81   86   79   82   74   82   77   89   86   88   81   81   82
   88   93   98  103  118  130  156  176  206  227  253  267  289  311  341  363
  419  490  553  582  599  596  587  578  583  586  591  583  571  551  524  500
  474  451  425  409  381  361  324  303  276  258  235  230  229  240  250  268
  263  257  228  208  168  147  127  103  107                                   
    22.5-180.0 180.0   5.0 450.0                            LAT/LON1/LON2/DLON/H
  135  127  116  106   95   83   81   79   80   81   84   85   89   82   79   77
   81   88   91  103  118  139  165  193  221  239  263  282  308  335  368  390
  457  531  594  619  637  633  633  622  636  634  644  635  627  602  579  551
  524  497  478  459  444  422  404  378  357  326  310  294  297  301  314  328
  334  319  293  259  223  187  161  138  135                                   
    20.0-180.0 180.0   5.0 450.0                            LAT/LON1/LON2/DLON/H
  182  153  149  138  124  104   94   80   83   74   77   73   80   74   74   67
   73   75   89  103  129  151  184  207  235  251  276  299  329  364  393  419
  494  557  606  633  647  648  645  650  661  667  677  668  663  638  620  591
  568  542  525  515  499  484  458  445  418  402  379  371  366  365  367  379
  383  377  352  319  279  242  210  193  182                                   
    17.5-180.0 180.0   5.0 450.0                            LAT/LON1/LON2/DLON/H
  227  190  178  163  152  134  112   98   89   82   75   74   77   77   76   70
   73   77   90  105  136  172  204  229  252  266  287  308  344  372  403  434
  501  559  604  624  638  637  648  651  679  684  693  686  679  657  640  621
  600  582  565  556  549  526  511  490  473  452  440  427  415  410  401  409
  404  400  381  353  321  291  257  245  227                                   
    15.0-180.0 180.0   5.0 450.0                            LAT/LON1/LON2/DLON/H
  248  228  209  187  168  147  133  117   96   90   78   72   70   68   71   64
   71   71   91  110  153  188  223  241  264  279  300  325  354  394  420  450
  505  551  584  604  614  621  630  647  666  679  684  680  669  656  646  637
  623  612  598  590  573  563  534  517  491  477  460  452  434  421  406  401
  397  394  384  372  347  324  299  288  248                                   
    12.5-180.0 180.0   5.0 450.0                            LAT/LON1/LON2/DLON/H
  264  256  230  217  188  167  147  128  103   95   73   67   56   58   63   63
   73   81  100  124  166  206  237  257  279  293  313  334  369  402  434  460
  503  538  563  577  588  597  614  627  653  662  667  663  653  650  644  647
  635  629  614  604  589  573  548  518  502  479  466  449  425  412  388  387
  376  382  372  369  350  339  321  301  264                                   
    10.0-180.0 180.0   5.0 450.0                            LAT/LON1/LON2/DLON/H
  235  253  240  219  191  163  144  133  106   95   76   62   50   49   55   61
   75   85  109  135  178  215  249  271  292  306  323  352  380  420  439  466
  492  519  538  557  572  590  605  622  633  645  646  645  637  641  644  653
  646  642  625  614  588  573  541  513  483  466  444  427  401  377  350  342
  338  344  342  342  330  330  314  288  235                                   
     7.5-180.0 180.0   5.0 450.0                            LAT/LON1/LON2/DLON/H
  212  237  225  214  190  170  150  134  115   97   83   66   52   49   56   65
   79   89  115  154  195  231  261  285  302  317  334  364  396  429  449  468
