data/unet/pred3190.15i
     1.0            IONOSPHERE MAPS     GNSS                IONEX VERSION / TYPE
pyspatialgeodesy        IME             05-JAN-18 20:20     PGM / RUN BY / DATE 
Map Name                                                    COMMENT             
Predicted global ionosphere maps (GIM).                     DESCRIPTION         
  2015    11    15     0     0     0                        EPOCH OF FIRST MAP  
  2015    11    16     0     0     0                        EPOCH OF LAST MAP   
  7200                                                      INTERVAL            
    13                                                      # OF MAPS IN FILE   
  NONE                                                      MAPPING FUNCTION    
10.0                                                        ELEVATION CUTOFF    
One-way carrier phase leveled to code                       OBSERVABLES USED    
  6371.0                                                    BASE RADIUS         
 2                                                          MAP DIMENSION       
   450.0 450.0   0.0                                        HGT1 / HGT2 / DHGT  
    87.5 -87.5  -2.5                                        LAT1 / LAT2 / DLAT  
  -180.0 180.0   5.0                                        LON1 / LON2 / DLON  
    -1                                                      EXPONENT            
                                                            END OF HEADER       
[from data line 2574]
     7                                                      START OF TEC MAP    
  2015    11    15    12     0     0                        EPOCH OF CURRENT MAP
    87.5-180.0 180.0   5.0 450.0                            LAT/LON1/LON2/DLON/H
   79   87   86   88   85   86   85   87   86   88   87   87   87   86   86   85
   85   84   84   83   82   81   81   80   79   79   78   78   76   77   75   75
   73   74   71   71   69   69   67   68   66   67   65   66   65   66   65   67
   67   68   68   69   70   71   71   72   73   74   74   75   75   76   76   77
   77   78   78   79   80   77   85   70   79                                   
    85.0-180.0 180.0   5.0 450.0                            LAT/LON1/LON2/DLON/H
   84   85   82   79   82   81   85   85   86   87   87   87   87   88   87   87
   85   85   84   83   82   80   79   77   77   75   74   72   72   71   70   68
   68   66   65   63   62   60   59   57   57   55   56   54   55   54   56   55
   57   57   60   59   63   62   66   66   70   68   72   70   74   71   74   71
   75   71   75   70   76   74   82   79   84                                   
    82.5-180.0 180.0   5.0 450.0                            LAT/LON1/LON2/DLON/H
   78   78   69   70   70   71   71   72   73   72   74   73   74   73   73   72
   72   70   70   69   69   68   67   66   65   65   64   63   62   62   60   59
   56   56   52   51   47   47   42   42   38   38   35   36   33   35   33   35
   34   37   37   41   41   46   46   51   51   55   55   58   57   59   58   60
   58   60   57   58   57   57   57   54   78                                   
    80.0-180.0 180.0   5.0 450.0                            LAT/LON1/LON2/DLON/H
   64   60   54   54   57   55   58   56   59   57   59   58   58   57   56   56
   55   55   54   54   54   54   56   56   58   57   60   58   60   58   60   57
   58   53   54   48   47   41   40   35   34   29   29   26   26   24   26   25
   27   28   31   33   37   39   43   44   46   47   49   48   50   48   50   47
   48   45   46   43   44   39   42   44   64                                   
    77.5-180.0 180.0   5.0 450.0                            LAT/LON1/LON2/DLON/H
   54   51   41   43   44   46   43   47   43   46   44   45   43   44   42   43
   41   42   41   43   42   44   45   48   49   54   53   58   56   61   58   62
   58   59   54   53   47   44   39   36   30   29   25   24   21   22   21   23
   23   27   28   33   35   39   42   45   46   49   48   50   47   47   45   44
   41   39   36   34   34   29   33   30   54                                   
    75.0-180.0 180.0   5.0 450.0                            LAT/LON1/LON2/DLON/H
   48   37   37   36   36   37   37   37   36   35   34   32   31   31   29   30
   28   30   30   32   34   36   40   44   47   54   57   63   64   68   69   71
   71   70   69   65   61   55   50   45   40   37   33   31   29   28   29   28
   31   32   36   38   42   45   49   50   52   52   53   51   50   46   45   40
   39   34   34   30   30   25   30   28   48                                   
    72.5-180.0 180.0   5.0 450.0                            LAT/LON1/LON2/DLON/H
   51   45   37   35   37   36   37   36   34   33   31   30   29   28   28   28
   29   30   31   33   35   39   42   48   52   61   64   73   75   81   82   86
   85   87   83   83   77   74   65   61   54   52   47   45   43   42   41   41
   41   43   44   47   49   52   54   56   57   57   57   55   53   50   49   45
   43   39   36   32   31   25   32   27   51                                   
    70.0-180.0 180.0   5.0 450.0                            LAT/LON1/LON2/DLON/H
   51   40   42   37   38   39   39   38   36   33   32   28   29   27   28   28
   30   30   32   35   37   42   46   55   61   70   74   83   86   93   95  100
  100  103  101  101   97   95   88   86   78   77   71   70   65   64   60   59
   57   56   56   55   56   56   57   56   57   57   58   56   56   53   53   50
   49   45   44   40   38   32   36   35   51                                   
    67.5-180.0 180.0   5.0 450.0                            LAT/LON1/LON2/DLON/H
   56   49   44   42   44   42   44   41   40   36   35   32   34   32   35   35
   39   39   42   44   48   50   56   63   69   78   83   92   97  104  107  111
  113  114  114  114  112  111  107  106  100   99   95   93   89   85   80   76
   72   68   64   61   57   55   53   52   51   51   52   52   52   52   53   52
   52   51   49   46   44   38   42   42   56                                   
    65.0-180.0 180.0   5.0 450.0                            LAT/LON1/LON2/DLON/H
   52   45   47   42   46   46   48   45   43   39   37   35   36   36   40   42
   45   45   48   49   52   56   62   71   76   87   90  101  103  112  112  120
  120  126  124  128  125  129  124  128  120  124  116  117  108  105   95   91
   81   77   68   62   55   50   46   44   42   42   42   43   45   46   50   50
   54   53   56   53   50   44   45   46   52                                   
    62.5-180.0 180.0   5.0 450.0                            LAT/LON1/LON2/DLON/H
   49   42   40   40   42   43   45   44   43   39   38   36   41   40   46   47
   51   50   52   53   55   58   65   73   81   89   95  104  108  115  118  124
  128  131  133  134  137  137  138  137  136  135  133  129  125  117  107   98
   88   79   69   59   50   44   38   36   33   33   33   35   37   39   43   46
   50   51   54   51   50   44   44   47   49                                   
    60.0-180.0 180.0   5.0 450.0                            LAT/LON1/LON2/DLON/H
   40   34   35   32   37   38   40   41   38   37   34   38   38   43   44   48
   50   49   50   50   51   56   62   74   82   94   98  108  110  119  122  131
  134  140  141  146  144  149  145  151  144  149  142  143  132  127  113  105
   90   81   67   58   46   40   33   31   26   26   26   28   30   33   37   39
   45   47   51   50   48   44   42   42   40                                   
    57.5-180.0 180.0   5.0 450.0                            LAT/LON1/LON2/DLON/H
   35   30   26   25   27   30   31   33   32   31   32   32   37   38   45   45
   48   45   45   44   47   51   59   72   82   94  100  110  114  124  130  139
  145  148  152  154  155  155  154  155  154  153  152  148  142  133  122  110
   98   85   72   59   49   41   35   31   28   28   27   29   30   31   34   37
   41   43   47   45   46   39   38   39   35                                   
    55.0-180.0 180.0   5.0 450.0                            LAT/LON1/LON2/DLON/H
   33   26   24   19   22   24   25   28   25   28   25   30   30   36   36   41
   39   38   36   38   39   47   55   72   81   97  102  114  120  132  140  151
  157  164  165  169  166  169  164  167  160  165  158  158  148  144  129  121
  105   95   80   69   57   48   40   38   34   35   34   36   35   36   36   37
   40   41   44   45   44   40   40   36   33                                   
    52.5-180.0 180.0   5.0 450.0                            LAT/LON1/LON2/DLON/H
   39   36   26   24   21   23   22   23   22   23   24   26   29   32   35   36
   36   33   32   34   37   47   58   74   86  101  109  122  130  144  153  164
  171  177  180  180  180  178  177  173  172  171  169  164  161  152  145  132
  124  109   98   84   73   63   56   53   51   51   50   51   49   48   45   44
   45   45   47   46   49   42   44   44   39                                   
    50.0-180.0 180.0   5.0 450.0                            LAT/LON1/LON2/DLON/H
   52   45   40   34   32   29   26   25   22   24   21   26   25   29   28   31
   29   28   27   32   35   48   61   80   92  106  116  130  139  154  166  177
  185  193  195  196  195  194  189  189  184  186  179  181  171  170  158  151
  138  127  114  102   90   81   73   70   68   69   69   70   67   65   60   57
   54   54   55   57   56   56   58   55   52                                   
    47.5-180.0 180.0   5.0 450.0                            LAT/LON1/LON2/DLON/H
   71   69   58   52   46   42   35   31   28   26   27   26   30   30   32   33
   31   30   30   35   43   57   71   89  102  117  127  140  151  163  173  183
  192  198  201  200  201  199  198  194  195  193  193  189  188  180  176  164
  156  141  130  116  106   94   87   84   84   85   85   86   83   81   77   71
   68   64   65   65   69   66   74   75   71                                   
    45.0-180.0 180.0   5.0 450.0                            LAT/LON1/LON2/DLON/H
   89   89   81   74   70   61   55   45   41   37   35   36   34   36   35   36
   34   34   34   40   50   67   82   98  111  125  135  148  157  170  179  189
  195  202  203  207  207  210  208  209  206  209  204  206  200  197  188  179
  167  153  140  126  114  104   94   91   90   92   94   97   97   97   93   87
   81   77   75   78   80   85   91   96   89                                   
    42.5-180.0 180.0   5.0 450.0                            LAT/LON1/LON2/DLON/H
  102  106   96   92   86   77   69   59   54   47   48   44   47   43   45   42
   42   40   43   50   62   78   94  108  120  134  144  156  164  172  178  182
  188  189  196  200  208  212  217  215  218  215  216  211  211  203  198  185
  175  158  145  131  118  104   94   88   87   89   93   97   98  101   98   95
   90   84   83   83   88   89  104  109  102                                   
    40.0-180.0 180.0   5.0 450.0                            LAT/LON1/LON2/DLON/H
  106  112  104  101   98   91   83   75   69   66   62   61   59   57   55   53
   51   49   52   60   74   91  104  118  128  143  151  164  167  176  176  180
  181  187  192  203  215  226  230  235  233  236  229  229  223  219  210  200
  184  166  150  134  117  103   88   81   79   83   88   94   98  102  102   99
   92   87   83   83   88   93  104  110  106                                   
    37.5-180.0 180.0   5.0 450.0                            LAT/LON1/LON2/DLON/H
   97  103   98   99   96   92   87   81   77   75   76   74   73   68   67   63
   59   58   60   70   83   99  112  125  135  148  158  168  171  174  174  174
  179  183  196  210  229  241  253  253  257  249  247  238  236  228  222  208
  195  175  157  139  121  104   87   79   76   80   84   91   94   98   98   98
   93   86   79   76   81   83   91  102   97                                   
    35.0-180.0 180.0   5.0 450.0                            LAT/LON1/LON2/DLON/H
   83   83   83   84   89   86   85   81   81   81   83   82   82   78   76   71
   67   64   69   78   93  109  121  134  142  157  166  176  178  181  180  182
  188  199  215  237  257  274  282  289  284  281  268  262  254  248  241  229
  217  199  179  160  140  121  104   93   89   90   95   97  100  102  102   98
   91   82   71   65   66   70   78   79   83                                   
    32.5-180.0 180.0   5.0 450.0                            LAT/LON1/LON2/DLON/H
   66   62   59   65   68   70   73   75   76   81   85   88   89   86   84   79
   74   72   73   84   99  117  128  142  150  166  176  185  190  192  194  198
  208  223  249  274  301  311  322  319  321  311  301  290  281  273  267  255
  245  232  218  198  181  160  143  131  124  123  123  122  119  119  113  107
   96   84   71   61   59   55   56   64   66                                   
    30.0-180.0 180.0   5.0 450.0                            LAT/LON1/LON2/DLON/H
   61   48   41   46   57   58   66   64   72   75   82   85   88   86   85   79
   75   72   77   90  109  128  139  153  162  177  188  198  205  214  220  232
  244  272  299  330  348  360  361  363  354  349  338  333  322  319  308  301
  287  279  267  256  240  224  207  193  182  176  170  164  156  151  140  130
  110   94   74   65   54   54   55   40   61                                   
    27.5-180.0 180.0   5.0 450.0                            LAT/LON1/LON2/DLON/H
   51   41   32   37   42   46   52   56   62   70   76   83   86   85   86   81
   77   76   81   96  117  137  151  166  175  190  201  215  225  237  249  265
  291  321  361  385  401  405  406  398  399  388  386  381  380  375  370  362
  352  345  339  333  321  300  282  264  253  242  234  224  213  199  183  165
  143  120  100   83   75   62   56   43   51                                   
    25.0-180.0 180.0   5.0 450.0                            LAT/LON1/LON2/DLON/H
   56   40   28   27   35   36   44   45   55   60   70   74   79   78   80   76
   74   75   85  103  128  150  165  177  187  199  214  227  241  262  278  309
  344  386  419  444  444  448  439  437  434  436  430  436  434  436  430  426
  417  417  412  412  399  385  361  344  325  313  296  284  267  251  231  211
  185  164  138  122   96   88   82   47   56                                   
    22.5-180.0 180.0   5.0 450.0                            LAT/LON1/LON2/DLON/H
   66   67   48   44   37   35   37   38   44   51   59   67   72   73   76   73
   74   75   88  109  136  160  177  189  199  211  224  240  258  281  316  350
  397  432  470  485  489  483  479  472  478  476  484  491  497  498  495  493
  488  489  489  491  483  460  437  410  393  377  369  354  335  311  284  260
  235  216  192  167  145  129  114   74   66                                   
    20.0-180.0 180.0   5.0 450.0                            LAT/LON1/LON2/DLON/H
   99   99   81   69   59   48   44   38   40   39   49   53   65   64   68   67
   70   75   91  115  143  169  184  198  206  220  230  251  272  306  349  396
  433  473  501  524  516  516  502  505  511  523  536  549  558  564  556  560
  553  558  555  552  535  516  481  450  421  405  397  393  383  369  336  315
  282  263  233  216  184  165  141  111   99                                   
    17.5-180.0 180.0   5.0 450.0                            LAT/LON1/LON2/DLON/H
  134  132  119  106   88   74   63   52   48   43   47   50   58   62   63   65
   69   78   95  121  150  177  191  204  214  227  240  260  292  326  381  421
  466  493  524  530  530  524  519  528  544  562  582  599  607  613  607  612
  603  602  596  585  575  543  509  462  439  415  416  413  407  395  369  348
  317  296  274  251  230  207  182  155  134                                   
    15.0-180.0 180.0   5.0 450.0                            LAT/LON1/LON2/DLON/H
  168  154  142  127  108   99   83   70   59   50   49   51   57   60   61   61
   67   78  100  126  158  179  198  209  219  236  248  281  310  354  404  442
  476  503  521  530  527  532  532  548  568  594  618  637  647  651  653  655
  649  640  628  614  598  572  525  480  444  426  418  420  411  404  381  363
  333  320  296  281  256  233  210  194  168                                   
    12.5-180.0 180.0   5.0 450.0                            LAT/LON1/LON2/DLON/H
  181  176  164  146  126  109  101   84   75   63   62   61   65   66   67   66
   73   89  109  137  162  187  201  218  228  247  268  297  334  375  422  452
  483  499  513  515  520  527  541  559  593  621  644  659  661  666  661  666
  655  646  634  619  599  560  518  461  428  404  403  402  395  389  369  351
  328  318  300  288  272  252  229  219  181                                   
    10.0-180.0 180.0   5.0 450.0                            LAT/LON1/LON2/DLON/H
  183  186  172  154  135  117  110   96   83   70   65   68   69   69   70   70
   75   92  114  139  163  182  201  220  238  263  281  317  353  395  435  459
  487  499  509  512  519  537  556  583  613  643  661  671  673  669  670  669
  660  650  635  615  582  540  486  441  399  383  374  378  371  363  341  328
  307  301  287  284  265  252  230  221  183                                   
     7.5-180.0 180.0   5.0 450.0                            LAT/LON1/LON2/DLON/H
  176  189  173  156  140  125  119  104   94   80   77   77   80   79   78   79
   90  105  128  151  170  188  208  234  257  282  306  339  376  409  440  458
