data/unet/pred1140.15i
     1.0            IONOSPHERE MAPS     GNSS                IONEX VERSION / TYPE
pyspatialgeodesy        IME             05-JAN-18 20:20     PGM / RUN BY / DATE 
Map Name                                                    COMMENT             
Predicted global ionosphere maps (GIM).                     DESCRIPTION         
  2015     4    24     0     0     0                        EPOCH OF FIRST MAP  
  2015     4    25     0     0     0                        EPOCH OF LAST MAP   
  7200                                                      INTERVAL            
    13                                                      # OF MAPS IN FILE   
  NONE                                                      MAPPING FUNCTION    
10.0                                                        ELEVATION CUTOFF    
One-way carrier phase leveled to code                       OBSERVABLES USED    
  6371.0                                                    BASE RADIUS         
 2                                                          MAP DIMENSION       
   450.0 450.0   0.0                                        HGT1 / HGT2 / DHGT  
    87.5 -87.5  -2.5                                        LAT1 / LAT2 / DLAT  
  -180.0 180.0   5.0                                        LON1 / LON2 / DLON  
    -1                                                      EXPONENT            
                                                            END OF HEADER       
[from data line 2145]
     6                                                      START OF TEC MAP    
  2015     4    24    10     0     0                        EPOCH OF CURRENT MAP
    87.5-180.0 180.0   5.0 450.0                            LAT/LON1/LON2/DLON/H
  180  211  223  233  234  240  238  245  241  248  245  251  247  252  249  253
  251  254  253  254  253  253  253  252  253  253  255  256  257  257  259  259
  259  258  257  257  253  253  249  248  244  242  238  237  233  232  228  227
  222  222  217  216  212  211  207  206  203  202  199  200  198  199  197  199
  197  201  199  202  198  201  198  163  180                                   
    85.0-180.0 180.0   5.0 450.0                            LAT/LON1/LON2/DLON/H
  199  196  206  217  219  225  227  233  234  239  240  244  244  248  248  250
  250  252  252  253  252  252  253  252  254  253  256  257  259  260  262  262
  262  262  261  260  258  256  253  250  246  243  240  236  231  229  225  222
  218  215  211  208  204  202  199  196  193  191  189  188  186  186  184  185
  185  186  186  188  188  186  196  176  199                                   
    82.5-180.0 180.0   5.0 450.0                            LAT/LON1/LON2/DLON/H
  181  187  187  197  204  213  219  227  230  238  239  245  245  251  249  254
  251  256  252  256  252  255  252  255  253  257  257  261  262  266  267  269
  271  271  272  272  271  269  267  263  259  255  250  243  239  232  228  222
  217  212  208  202  198  192  189  183  181  177  174  171  169  168  166  166
  165  165  164  166  168  169  174  176  181                                   
    80.0-180.0 180.0   5.0 450.0                            LAT/LON1/LON2/DLON/H
  177  181  179  188  199  211  215  227  226  236  233  241  237  243  239  243
  239  243  239  242  239  241  238  241  238  243  242  249  249  258  258  266
  267  273  273  277  276  278  276  275  271  268  263  257  251  245  240  234
  228  223  218  214  208  205  199  196  191  188  184  183  179  178  174  174
  169  170  166  167  166  162  168  169  177                                   
    77.5-180.0 180.0   5.0 450.0                            LAT/LON1/LON2/DLON/H
  172  180  176  186  193  206  211  220  222  228  227  231  227  229  225  226
  223  225  223  223  221  221  219  220  219  223  223  231  232  242  245  253
  257  264  268  273  277  280  284  284  284  282  282  278  275  270  269  261
  260  253  253  246  244  239  237  233  231  227  224  220  216  211  207  202
  198  193  188  183  178  172  174  171  172                                   
    75.0-180.0 180.0   5.0 450.0                            LAT/LON1/LON2/DLON/H
  172  175  170  180  185  197  200  211  209  217  213  216  211  212  207  208
  204  205  202  202  200  199  198  197  197  199  202  209  212  223  229  239
  246  255  263  271  277  284  289  293  297  299  301  302  299  298  296  293
  290  287  285  282  279  276  274  272  269  267  264  261  256  252  245  239
  230  223  212  205  196  185  187  178  172                                   
    72.5-180.0 180.0   5.0 450.0                            LAT/LON1/LON2/DLON/H
  170  173  164  171  175  186  189  198  199  204  200  201  196  196  193  191
  189  187  187  185  185  182  182  180  181  182  185  189  196  206  215  226
  236  247  257  267  276  285  293  302  308  315  319  322  323  323  324  323
  323  321  321  318  317  314  312  309  306  303  298  294  290  285  276  268
  259  249  236  225  211  196  190  180  170                                   
    70.0-180.0 180.0   5.0 450.0                            LAT/LON1/LON2/DLON/H
  165  162  155  160  160  169  173  182  184  188  187  187  185  185  181  180
  180  179  180  178  180  178  178  176  176  177  179  182  188  197  207  219
  229  241  252  266  274  287  296  308  317  327  334  339  342  345  347  348
  348  348  348  348  344  344  338  335  329  326  319  315  309  303  294  285
  275  264  250  237  221  202  199  183  165                                   
    67.5-180.0 180.0   5.0 450.0                            LAT/LON1/LON2/DLON/H
  161  152  142  145  144  150  155  163  167  173  173  173  170  170  168  168
  169  169  173  173  175  175  176  174  174  174  177  180  186  195  204  215
  225  238  248  262  271  285  297  313  323  337  346  352  355  360  363  366
  365  366  365  364  360  357  350  345  338  331  325  319  315  307  301  290
  281  268  254  240  222  203  192  173  161                                   
    65.0-180.0 180.0   5.0 450.0                            LAT/LON1/LON2/DLON/H
  155  138  129  128  128  133  139  147  152  159  161  163  161  161  159  160
  161  163  168  170  174  176  178  177  178  178  181  185  189  197  204  215
  224  237  245  260  267  285  297  316  327  342  352  360  365  370  374  375
  375  375  372  371  366  363  353  348  336  331  321  317  309  304  295  288
  276  266  251  239  221  200  193  169  155                                   
    62.5-180.0 180.0   5.0 450.0                            LAT/LON1/LON2/DLON/H
  155  132  117  113  109  110  117  123  130  136  140  144  142  144  143  147
  149  154  159  163  167  169  170  172  174  179  181  187  189  197  201  212
  219  233  243  259  270  289  304  324  336  351  361  370  375  381  382  383
  380  379  373  371  364  358  348  339  329  319  312  304  300  293  286  278
  269  260  248  236  219  201  186  163  155                                   
    60.0-180.0 180.0   5.0 450.0                            LAT/LON1/LON2/DLON/H
  155  132  112  104   98   96  100  105  113  119  125  129  129  131  130  133
  134  140  144  150  153  158  160  166  169  177  182  189  192  197  202  210
  218  231  242  260  270  292  310  332  348  364  377  384  393  396  397  393
  390  383  380  374  368  359  348  338  325  316  305  299  294  289  281  275
  265  258  248  237  223  204  194  172  155                                   
    57.5-180.0 180.0   5.0 450.0                            LAT/LON1/LON2/DLON/H
  168  143  118  105   93   87   86   89   93  100  105  111  112  115  114  118
  120  126  131  136  138  142  146  153  160  170  178  185  188  193  197  205
  213  228  242  261  276  301  320  344  361  379  390  399  408  410  407  401
  395  388  381  374  366  357  347  336  327  316  309  300  299  290  287  278
  272  262  254  243  233  218  205  183  168                                   
    55.0-180.0 180.0   5.0 450.0                            LAT/LON1/LON2/DLON/H
  187  165  137  119  101   89   85   84   88   92   99  102  106  106  107  108
  109  114  114  119  119  126  130  143  152  167  177  188  190  194  196  203
  212  229  243  264  281  309  332  359  380  398  413  423  432  432  429  421
  414  405  398  390  383  373  364  353  344  335  328  322  318  311  306  297
  290  281  272  262  253  235  227  208  187                                   
    52.5-180.0 180.0   5.0 450.0                            LAT/LON1/LON2/DLON/H
  212  189  166  144  123  104   93   89   88   90   93   98  100  103  101  102
  102  103  106  106  109  112  120  135  150  166  179  189  194  195  199  207
  216  235  249  272  292  321  346  374  398  416  430  441  449  450  445  438
  430  422  413  406  397  391  380  374  364  358  353  347  344  334  330  318
  311  299  291  282  275  262  250  232  212                                   
    50.0-180.0 180.0   5.0 450.0                            LAT/LON1/LON2/DLON/H
  243  215  198  176  154  132  115  103   99   97   99  101  104  103  103  100
  102  101  102  102  103  109  117  137  153  173  186  198  201  205  205  215
  224  243  255  279  298  330  359  390  418  436  451  462  470  471  467  461
  453  446  439  432  423  415  405  397  389  383  377  375  370  366  355  344
  333  321  308  299  292  276  276  261  243                                   
    47.5-180.0 180.0   5.0 450.0                            LAT/LON1/LON2/DLON/H
  261  236  221  203  186  161  143  123  114  108  107  109  110  110  107  105
  104  104  103  103  105  109  121  141  164  184  199  208  212  215  219  227
  236  255  265  290  307  339  370  403  433  451  465  474  481  482  481  477
  474  466  462  453  444  432  420  412  401  395  388  386  382  378  368  357
  340  327  313  305  296  286  291  275  261                                   
    45.0-180.0 180.0   5.0 450.0                            LAT/LON1/LON2/DLON/H
  278  250  239  223  209  191  172  155  139  129  124  123  122  120  119  115
  116  114  114  115  116  124  136  159  179  201  215  226  230  234  235  245
  250  266  273  297  315  350  383  419  450  468  482  489  494  496  499  499
  497  494  489  479  465  449  432  418  405  397  389  387  382  381  368  360
  340  326  306  299  291  281  291  285  278                                   
    42.5-180.0 180.0   5.0 450.0                            LAT/LON1/LON2/DLON/H
  269  248  241  234  224  208  197  179  166  153  142  140  136  135  130  129
  128  129  127  125  129  134  149  169  195  212  229  238  245  248  250  259
  264  280  287  309  328  363  398  436  470  486  502  506  513  513  522  522
  525  518  515  501  484  461  438  422  403  394  382  380  373  371  360  351
  329  312  289  276  267  257  268  266  269                                   
    40.0-180.0 180.0   5.0 450.0                            LAT/LON1/LON2/DLON/H
  247  227  230  233  231  223  212  202  187  175  163  157  154  150  146  144
  147  145  144  142  143  150  163  183  205  227  239  253  256  261  262  271
  274  287  294  320  341  381  418  459  490  513  526  535  541  547  555  558
  559  556  545  532  511  488  457  435  411  394  378  371  363  359  348  338
  315  296  270  256  237  222  232  240  247                                   
    37.5-180.0 180.0   5.0 450.0                            LAT/LON1/LON2/DLON/H
  216  207  210  220  225  227  222  213  200  190  178  174  167  166  159  158
  157  158  154  149  149  154  167  184  208  228  243  252  257  262  266  275
  284  298  310  333  360  403  445  488  524  548  564  572  580  587  595  599
  602  597  589  568  544  516  488  463  437  414  393  381  370  364  352  342
  320  298  271  250  223  203  203  199  216                                   
    35.0-180.0 180.0   5.0 450.0                            LAT/LON1/LON2/DLON/H
  190  183  190  203  214  221  220  217  204  198  189  185  182  178  174  172
  171  169  163  160  156  158  167  186  205  230  240  252  252  260  264  279
  289  307  321  350  382  434  475  525  556  588  601  618  623  638  639  643
  641  642  631  619  593  571  548  521  492  459  432  409  398  390  384  377
  357  332  302  277  244  211  202  195  190                                   
    32.5-180.0 180.0   5.0 450.0                            LAT/LON1/LON2/DLON/H
  193  180  180  192  201  211  211  211  203  201  193  194  190  189  182  180
  176  172  166  159  155  153  161  176  200  219  236  244  249  253  259  276
  293  320  341  380  417  474  521  565  602  627  648  664  680  687  697  704
  708  708  704  687  671  649  639  609  591  556  534  509  499  486  470  463
  434  407  363  330  295  257  220  197  193                                   
    30.0-180.0 180.0   5.0 450.0                            LAT/LON1/LON2/DLON/H
  217  201  190  191  197  204  208  207  202  201  200  201  201  199  195  191
  187  180  172  165  158  153  159  171  192  214  227  244  247  258  262  283
  301  335  363  408  452  510  549  599  628  663  689  710  728  741  759  766
  778  786  789  780  774  754  750  728  713  681  660  631  606  585  565  552
  525  500  451  408  370  321  276  242  217                                   
    27.5-180.0 180.0   5.0 450.0                            LAT/LON1/LON2/DLON/H
  268  255  231  214  208  207  208  205  204  204  205  209  208  209  201  198
  191  183  174  165  159  152  156  165  184  204  222  237  249  258  274  294
  321  361  403  452  498  543  585  623  659  692  730  751  777  795  818  831
  846  855  863  858  861  855  862  852  851  823  797  765  741  712  688  656
  623  576  532  491  454  409  360  301  268                                   
    25.0-180.0 180.0   5.0 450.0                            LAT/LON1/LON2/DLON/H
  340  320  286  249  238  225  222  214  214  209  211  213  214  213  209  203
  197  188  181  171  165  156  161  165  182  199  217  236  252  271  285  317
  343  389  434  487  530  572  605  642  675  714  752  782  815  840  871  885
  910  918  935  936  945  953  961  967  961  949  928  908  873  835  795  759
  721  688  635  593  547  492  453  393  340                                   
    22.5-180.0 180.0   5.0 450.0                            LAT/LON1/LON2/DLON/H
  413  387  358  306  279  258  244  233  227  224  219  219  219  217  212  206
  199  190  183  173  169  162  162  167  179  195  214  235  254  280  301  336
  369  419  472  528  566  603  629  662  692  733  765  802  838  869  904  927
  953  969  988  995 1010 1028 1046 1054 1058 1045 1026 1001  968  935  882  834
  791  754  713  681  638  579  528  470  413                                   
    20.0-180.0 180.0   5.0 450.0                            LAT/LON1/LON2/DLON/H
  464  443  414  372  336  298  279  262  251  243  235  235  224  221  213  205
  200  190  185  173  172  163  168  167  179  196  214  239  263  298  321  365
  398  464  516  570  601  632  653  675  708  741  776  811  848  883  918  941
  967  979 1003 1012 1029 1044 1067 1077 1087 1073 1063 1029 1003  951  911  851
  811  775  740  719  685  655  603  561  464                                   
    17.5-180.0 180.0   5.0 450.0                            LAT/LON1/LON2/DLON/H
  527  506  474  427  384  359  330  299  281  259  248  242  231  227  214  205
  198  189  184  175  168  169  164  170  177  193  207  237  266  308  347  389
  432  499  554  604  628  655  671  700  729  762  786  818  852  884  918  937
  955  966  980  992 1009 1024 1038 1050 1056 1049 1039 1013  988  943  892  835
  788  756  730  716  698  675  651  619  527                                   
    15.0-180.0 180.0   5.0 450.0                            LAT/LON1/LON2/DLON/H
  566  555  524  483  443  386  375  341  327  292  272  254  235  223  212  202
  197  184  175  165  163  163  162  163  170  185  213  244  285  332  377  426
  471  534  580  622  645  665  689  711  745  770  796  822  852  881  906  922
  930  936  946  949  971  978  992  994 1000  989  986  961  941  887  830  778
  720  701  672  674  665  654  652  639  566                                   
    12.5-180.0 180.0   5.0 450.0                            LAT/LON1/LON2/DLON/H
  588  589  562  525  481  429  395  377  362  324  297  264  245  214  201  188
  189  183  172  163  154  155  145  145  152  170  204  244  293  344  391  441
  488  541  583  622  645  666  694  727  758  784  806  833  858  879  898  907
  908  910  908  912  915  920  925  924  921  914  900  884  855  821  764  719
  661  642  620  623  628  626  638  632  588                                   
    10.0-180.0 180.0   5.0 450.0                            LAT/LON1/LON2/DLON/H
  581  580  559  528  501  440  419  380  384  352  327  289  263  227  205  188
  183  177  178  157  143  136  130  130  146  165  211  265  309  363  404  460
  506  552  587  612  639  659  695  723  762  788  812  834  853  871  884  889
  886  882  879  869  871  858  868  863  858  848  836  820  793  764  705  665
  611  596  569  582  580  596  609  620  581                                   
     7.5-180.0 180.0   5.0 450.0                            LAT/LON1/LON2/DLON/H
  580  581  562  536  506  463  427  403  387  353  331  295  267  236  216  192
  186  173  169  156  127  118  110  114  134  159  214  272  314  353  405  454
