data/unet/pred3500.15i
     1.0            IONOSPHERE MAPS     GNSS                IONEX VERSION / TYPE
pyspatialgeodesy        IME             05-JAN-18 20:20     PGM / RUN BY / DATE 
Map Name                                                    COMMENT             
Predicted global ionosphere maps (GIM).                     DESCRIPTION         
  2015    12    16     0     0     0                        EPOCH OF FIRST MAP  
  2015    12    17     0     0     0                        EPOCH OF LAST MAP   
  7200                                                      INTERVAL            
    13                                                      # OF MAPS IN FILE   
  NONE                                                      MAPPING FUNCTION    
10.0                                                        ELEVATION CUTOFF    
One-way carrier phase leveled to code                       OBSERVABLES USED    
  6371.0                                                    BASE RADIUS         
 2                                                          MAP DIMENSION       
   450.0 450.0   0.0                                        HGT1 / HGT2 / DHGT  
    87.5 -87.5  -2.5                                        LAT1 / LAT2 / DLAT  
  -180.0 180.0   5.0                                        LON1 / LON2 / DLON  
    -1                                                      EXPONENT            
                                                            END OF HEADER       
[from data line 2145]
     6                                                      START OF TEC MAP    
  2015    12    16    10     0     0                        EPOCH OF CURRENT MAP
    87.5-180.0 180.0   5.0 450.0                            LAT/LON1/LON2/DLON/H
   33   55   43   45   43   43   42   42   41   41   40   40   38   38   37   36
   35   35   33   33   31   32   30   31   28   30   28   28   26   28   26   27
   25   27   25   27   25   28   26   28   26   28   27   28   26   27   26   27
   26   26   25   26   25   26   26   26   26   27   27   28   29   30   30   32
   32   34   34   37   35   37   34   38   33                                   
    85.0-180.0 180.0   5.0 450.0                            LAT/LON1/LON2/DLON/H
   54   62   60   62   63   60   61   60   60   58   58   56   55   53   52   50
   49   48   47   46   45   46   44   46   43   46   44   46   43   46   44   46
   43   46   44   46   44   46   44   46   44   45   44   44   43   43   42   41
   40   40   40   40   40   40   40   41   41   41   43   43   45   45   47   48
   49   50   51   51   52   54   58   52   54                                   
    82.5-180.0 180.0   5.0 450.0                            LAT/LON1/LON2/DLON/H
   49   66   64   66   64   61   62   60   59   56   54   51   48   44   42   39
   37   35   34   33   32   33   33   34   34   36   36   37   36   38   36   38
   36   39   36   39   37   39   38   39   37   39   36   37   34   34   32   31
   29   30   29   30   29   30   30   32   32   34   34   36   36   38   39   41
   42   44   46   48   49   52   53   47   49                                   
    80.0-180.0 180.0   5.0 450.0                            LAT/LON1/LON2/DLON/H
   47   59   57   60   56   57   54   54   49   47   42   40   34   32   26   26
   21   22   19   21   19   22   22   25   25   29   29   31   30   32   31   33
   33   34   34   36   36   38   38   39   38   39   37   37   34   34   30   31
   27   28   25   27   25   27   25   28   25   28   26   30   27   30   29   33
   32   35   35   38   39   42   48   44   47                                   
    77.5-180.0 180.0   5.0 450.0                            LAT/LON1/LON2/DLON/H
   45   52   51   53   51   50   49   47   44   39   35   29   25   19   16   13
   11   10   11   12   14   17   20   22   25   27   30   30   31   31   33   32
   34   34   37   38   41   42   45   46   47   46   46   45   43   41   39   37
   35   34   33   32   31   30   30   29   28   27   28   27   27   26   26   26
   27   28   29   31   33   35   39   31   45                                   
    75.0-180.0 180.0   5.0 450.0                            LAT/LON1/LON2/DLON/H
   41   46   45   48   47   47   45   44   39   35   29   25   17   14    8    8
    4    7    7   11   14   20   23   28   29   33   32   34   31   34   31   33
   31   36   37   43   44   51   52   57   56   59   57   57   53   54   50   51
   46   47   44   44   40   41   37   37   34   34   32   31   29   28   28   26
   26   25   28   27   30   32   36   30   41                                   
    72.5-180.0 180.0   5.0 450.0                            LAT/LON1/LON2/DLON/H
   38   43   40   44   44   43   43   41   38   33   28   22   17   10    7    4
    4    5   10   13   20   24   31   35   39   40   40   39   36   35   33   32
   32   35   39   45   51   58   63   68   71   72   72   71   68   67   64   64
   60   60   56   56   52   51   47   46   42   40   38   36   34   32   31   29
   28   27   27   27   29   29   33   22   38                                   
    70.0-180.0 180.0   5.0 450.0                            LAT/LON1/LON2/DLON/H
   38   38   36   41   40   43   40   42   37   35   27   25   15   13    7    7
    4    9   12   19   24   32   37   43   45   47   44   42   37   36   31   30
   31   36   41   50   59   69   75   82   85   88   88   88   85   84   80   79
   76   75   72   71   67   64   60   56   52   49   46   44   41   40   38   37
   35   34   33   33   31   32   34   26   38                                   
    67.5-180.0 180.0   5.0 450.0                            LAT/LON1/LON2/DLON/H
   37   39   34   38   37   39   39   39   37   34   30   26   21   17   14   12
   13   15   20   24   32   38   45   49   51   51   49   44   39   34   30   28
   29   34   42   53   63   75   84   92   96  101  101  102   99  100   95   94
   90   88   84   80   75   71   65   60   56   51   48   45   43   42   41   40
   39   38   38   36   35   33   36   21   37                                   
    65.0-180.0 180.0   5.0 450.0                            LAT/LON1/LON2/DLON/H
   37   35   33   36   34   39   37   41   36   37   31   32   24   25   19   21
   18   24   24   31   35   43   48   53   53   54   49   45   38   33   28   27
   30   36   46   59   70   84   93  103  108  114  115  118  115  116  112  111
  106  104   98   94   87   79   73   66   61   56   53   51   48   47   45   46
   44   45   43   44   40   38   39   27   37                                   
    62.5-180.0 180.0   5.0 450.0                            LAT/LON1/LON2/DLON/H
   37   38   33   34   33   34   36   37   36   36   34   33   31   30   29   28
   28   28   30   33   37   41   46   49   50   49   46   41   35   30   28   28
   32   39   50   64   76   90   99  110  115  121  122  125  125  125  123  121
  119  113  108  100   92   81   73   64   59   52   51   47   47   45   45   44
   44   44   45   44   43   40   43   26   37                                   
    60.0-180.0 180.0   5.0 450.0                            LAT/LON1/LON2/DLON/H
   40   34   35   34   32   33   33   36   33   36   32   36   31   35   31   34
   30   32   28   32   31   37   38   42   42   43   40   37   32   30   29   32
   38   47   59   73   85   99  109  119  123  129  130  134  134  135  133  133
  129  123  117  108   99   87   78   68   63   56   54   50   49   47   45   46
   45   46   46   49   45   45   44   31   40                                   
    57.5-180.0 180.0   5.0 450.0                            LAT/LON1/LON2/DLON/H
   42   40   36   35   33   32   32   32   31   31   30   32   32   34   34   35
   33   31   29   28   27   28   30   32   33   34   34   33   32   32   35   40
   49   59   72   83   95  108  116  124  128  133  135  137  139  140  141  140
  138  132  126  114  104   90   81   69   65   58   57   52   50   47   46   44
   44   44   46   46   45   43   46   32   42                                   
    55.0-180.0 180.0   5.0 450.0                            LAT/LON1/LON2/DLON/H
   47   40   41   39   36   35   33   33   30   31   28   32   31   35   34   36
   32   31   24   24   20   22   20   24   24   27   27   30   32   37   42   51
   61   73   83   99  107  119  124  132  134  141  141  147  146  151  149  152
  146  144  134  123  112   99   89   79   75   68   66   60   57   52   50   48
   46   47   46   49   46   47   49   38   47                                   
    52.5-180.0 180.0   5.0 450.0                            LAT/LON1/LON2/DLON/H
   52   51   46   46   44   42   38   36   32   30   28   30   30   34   34   35
   32   29   24   22   18   19   18   19   20   22   25   29   34   41   51   62
   75   86   98  110  119  127  133  138  142  145  149  151  155  156  159  157
  157  151  147  134  124  109  100   90   86   79   76   71   66   60   56   53
   52   50   51   50   50   48   51   40   52                                   
    50.0-180.0 180.0   5.0 450.0                            LAT/LON1/LON2/DLON/H
   60   56   54   54   51   50   46   42   36   33   30   32   32   36   35   38
   33   32   25   24   19   22   18   21   20   25   25   33   39   50   60   75
   85  102  110  124  130  140  142  150  151  158  157  163  162  170  167  171
  165  166  157  148  135  123  113  107  100   97   90   86   80   75   70   66
   62   61   58   59   56   56   58   49   60                                   
    47.5-180.0 180.0   5.0 450.0                            LAT/LON1/LON2/DLON/H
   69   68   62   64   62   62   57   52   45   40   35   36   34   38   38   39
   37   35   31   29   28   28   28   28   28   29   31   37   44   55   67   80
   93  108  119  130  140  146  153  156  162  163  167  167  173  173  178  175
  177  172  168  155  145  132  125  117  113  107  103   97   91   85   80   76
   74   71   70   67   66   63   65   54   69                                   
    45.0-180.0 180.0   5.0 450.0                            LAT/LON1/LON2/DLON/H
   77   73   71   72   72   73   69   64   56   51   46   46   43   46   44   47
   43   44   40   42   40   44   40   42   37   40   38   46   52   64   73   88
   99  115  126  141  149  160  164  172  173  178  175  179  179  185  183  187
  184  181  171  162  151  141  131  126  119  116  107  106   97   97   91   90
   86   85   81   79   75   73   76   70   77                                   
    42.5-180.0 180.0   5.0 450.0                            LAT/LON1/LON2/DLON/H
   82   78   74   79   78   80   76   73   66   61   56   55   53   54   53   53
   52   51   52   53   55   56   56   53   50   48   49   52   59   67   78   87
  100  114  129  143  157  167  177  180  185  183  185  182  186  187  191  189
  189  181  175  162  154  141  133  123  118  112  107  104  101   99   97   96
   95   93   90   87   85   79   80   74   82                                   
    40.0-180.0 180.0   5.0 450.0                            LAT/LON1/LON2/DLON/H
   84   77   77   80   82   84   82   81   75   73   69   69   66   67   63   64
   61   62   62   66   68   71   69   68   60   59   57   63   70   78   85   96
  106  121  137  155  171  185  192  198  197  198  194  194  193  197  197  198
  193  188  178  170  159  147  135  125  116  111  104  102   98  103  100  105
  101  103   96   94   90   85   85   81   84                                   
    37.5-180.0 180.0   5.0 450.0                            LAT/LON1/LON2/DLON/H
   83   76   71   77   77   83   81   82   77   77   76   76   76   75   72   70
   69   70   72   75   79   82   81   76   70   65   66   70   79   86   94  101
  113  127  146  165  185  198  208  209  210  205  203  199  201  202  205  200
  199  191  186  174  168  151  141  125  118  107  103   99   99  101  103  105
  104  102   97   92   91   86   82   79   83                                   
    35.0-180.0 180.0   5.0 450.0                            LAT/LON1/LON2/DLON/H
   80   67   66   70   73   78   80   81   80   81   83   85   85   84   80   79
   75   77   79   84   87   91   86   83   74   73   76   83   93  100  107  116
  128  145  164  186  206  221  229  230  226  222  215  213  211  215  215  215
  211  208  203  195  185  171  156  141  128  118  111  106  104  105  104  108
  104  104   94   91   88   83   80   78   80                                   
    32.5-180.0 180.0   5.0 450.0                            LAT/LON1/LON2/DLON/H
   71   62   54   60   61   69   70   73   73   77   80   85   87   87   84   82
   80   82   84   88   91   92   88   81   76   74   83   93  106  116  124  135
  146  163  182  207  228  243  251  248  244  236  231  226  227  228  230  227
  229  225  227  219  214  198  186  170  159  146  139  131  126  123  119  115
  109  101   91   85   86   80   76   72   71                                   
    30.0-180.0 180.0   5.0 450.0                            LAT/LON1/LON2/DLON/H
   65   55   50   52   53   59   62   66   68   73   79   85   89   89   86   84
   83   85   86   90   91   92   87   83   79   82   92  107  124  138  149  162
  175  193  213  240  261  273  278  275  269  262  256  253  252  256  255  258
  255  259  260  262  257  247  233  217  203  191  181  172  163  154  143  133
  119  109   93   89   87   81   74   66   65                                   
    27.5-180.0 180.0   5.0 450.0                            LAT/LON1/LON2/DLON/H
   64   60   48   50   49   52   53   57   58   65   71   79   83   85   84   84
   83   86   86   88   88   86   83   78   79   84  101  119  140  158  170  184
  197  220  242  273  288  301  303  301  297  289  287  282  287  286  291  288
  293  295  307  309  313  305  294  276  261  248  237  223  210  195  180  161
  141  121  105   95   94   88   80   67   64                                   
    25.0-180.0 180.0   5.0 450.0                            LAT/LON1/LON2/DLON/H
   67   67   57   54   50   51   50   53   54   61   66   74   79   81   82   82
   83   85   85   86   84   83   80   80   81   90  110  131  157  177  191  209
  224  246  271  296  314  327  329  329  325  319  318  318  323  327  329  332
  334  344  357  370  381  379  370  352  333  313  296  276  257  239  218  197
  169  145  123  116  104   98   90   73   67                                   
    22.5-180.0 180.0   5.0 450.0                            LAT/LON1/LON2/DLON/H
   77   83   68   64   57   55   52   53   52   56   60   67   71   75   76   79
   79   82   81   81   78   76   77   78   86   98  116  141  165  189  206  226
  247  275  294  322  333  351  352  359  355  352  352  353  363  364  373  370
  384  388  411  420  441  444  444  424  405  379  358  334  311  284  260  235
  208  179  156  141  128  112  102   88   77                                   
    20.0-180.0 180.0   5.0 450.0                            LAT/LON1/LON2/DLON/H
   88   98   85   77   69   62   59   59   58   60   60   65   69   71   74   76
   80   81   83   80   78   77   80   82   94  104  125  150  174  199  219  246
  271  306  324  343  356  366  377  381  383  381  384  389  398  403  408  413
  421  433  452  469  488  499  500  485  462  435  409  385  358  330  301  273
  249  219  191  173  157  136  122  104   88                                   
    17.5-180.0 180.0   5.0 450.0                            LAT/LON1/LON2/DLON/H
  110  119  104   98   85   79   70   68   67   65   65   64   66   68   71   75
   78   82   81   81   78   80   84   91   99  115  132  158  185  210  238  262
  291  325  345  365  371  388  394  408  412  417  418  426  434  438  446  446
  459  462  485  494  516  521  526  511  493  465  439  412  385  359  334  309
  284  258  229  208  188  165  148  127  110                                   
    15.0-180.0 180.0   5.0 450.0                            LAT/LON1/LON2/DLON/H
  126  137  122  114  105   93   87   80   80   76   74   71   71   69   71   73
   78   80   83   80   81   81   89   95  107  120  139  168  193  223  250  275
  305  337  356  379  388  402  420  428  437  443  450  460  465  471  473  478
  482  489  502  512  524  525  524  507  492  464  441  411  389  363  347  326
  308  282  259  239  220  191  177  153  126                                   
    12.5-180.0 180.0   5.0 450.0                            LAT/LON1/LON2/DLON/H
  151  154  137  132  116  110  100   95   94   87   85   79   76   74   74   76
   77   82   81   83   80   85   91  102  113  128  152  178  208  237  263  284
  311  341  363  388  395  417  431  449  457  470  475  486  490  490  491  492
  494  495  505  507  516  509  503  485  466  443  420  396  374  356  342  330
  315  297  278  261  240  218  197  173  151                                   
    10.0-180.0 180.0   5.0 450.0                            LAT/LON1/LON2/DLON/H
  165  162  146  137  126  114  113  106  107   98   98   89   90   82   83   78
   84   82   88   84   88   88   96  105  118  138  162  194  221  247  269  285
  314  341  365  387  403  422  444  456  469  481  488  503  499  505  498  500
  494  494  495  499  502  496  488  470  454  431  407  384  366  347  338  326
  317  302  289  272  254  230  208  191  165                                   
     7.5-180.0 180.0   5.0 450.0                            LAT/LON1/LON2/DLON/H
  174  167  152  148  126  122  117  119  118  111  108  101  100   92   89   85
   85   85   88   88   90   92  100  106  125  145  176  207  232  256  272  290
