data/unet/pred2350.15i
     1.0            IONOSPHERE MAPS     GNSS                IONEX VERSION / TYPE
pyspatialgeodesy        IME             05-JAN-18 20:20     PGM / RUN BY / DATE 
Map Name                                                    COMMENT             
Predicted global ionosphere maps (GIM).                     DESCRIPTION         
  2015     8    23     0     0     0                        EPOCH OF FIRST MAP  
  2015     8    24     0     0     0                        EPOCH OF LAST MAP   
  7200                                                      INTERVAL            
    13                                                      # OF MAPS IN FILE   
  NONE                                                      MAPPING FUNCTION    
10.0                                                        ELEVATION CUTOFF    
One-way carrier phase leveled to code                       OBSERVABLES USED    
  6371.0                                                    BASE RADIUS         
 2                                                          MAP DIMENSION       
   450.0 450.0   0.0                                        HGT1 / HGT2 / DHGT  
    87.5 -87.5  -2.5                                        LAT1 / LAT2 / DLAT  
  -180.0 180.0   5.0                                        LON1 / LON2 / DLON  
    -1                                                      EXPONENT            
                                                            END OF HEADER       
[from data line 4719]
    12                                                      START OF TEC MAP    
  2015     8    23    22     0     0                        EPOCH OF CURRENT MAP
    87.5-180.0 180.0   5.0 450.0                            LAT/LON1/LON2/DLON/H
  176  128  113  116  116  115  116  117  117  118  118  118  119  119  119  119
  119  120  120  119  119  119  119  118  117  116  115  114  113  112  112  111
  110  110  109  108  108  107  107  106  105  104  104  103  102  102  101  101
  101  101  101  101  101  101  101  102  102  102  102  103  103  103  104  104
  105  106  107  108  109  109  113  150  176                                   
    85.0-180.0 180.0   5.0 450.0                            LAT/LON1/LON2/DLON/H
  121  111  112  116  116  117  118  118  119  120  121  121  121  122  122  122
  122  123  122  123  122  122  121  120  118  117  115  114  112  112  110  109
  108  107  106  105  104  104  103  102  100  100   99   98   97   96   95   95
   94   94   94   94   93   94   94   94   94   95   94   95   95   96   97   98
   98  100  101  102  104  105  107  130  121                                   
    82.5-180.0 180.0   5.0 450.0                            LAT/LON1/LON2/DLON/H
  114  112  113  117  116  118  119  122  121  124  124  126  125  127  127  128
  127  128  127  128  125  126  123  123  119  119  115  114  111  110  108  106
  105  104  103  102  102  100  101   99   99   97   98   95   97   93   95   92
   94   91   93   91   92   90   92   90   92   90   91   90   92   91   93   93
   95   96   98   99  101  101  105  121  114                                   
    80.0-180.0 180.0   5.0 450.0                            LAT/LON1/LON2/DLON/H
  117  115  113  116  117  120  121  124  125  126  128  129  130  131  132  133
  133  133  133  132  131  130  128  126  122  120  116  114  109  107  103  103
  100  100   98   99   98   98   96   96   95   94   93   93   91   91   90   90
   89   88   88   87   87   86   86   86   85   85   84   85   85   86   86   89
   89   92   93   95   97   98   99  109  117                                   
    77.5-180.0 180.0   5.0 450.0                            LAT/LON1/LON2/DLON/H
  112  113  110  112  114  116  120  121  124  125  128  129  131  131  134  133
  134  133  134  132  132  129  128  124  121  116  113  108  104  100   97   95
   94   93   92   92   92   92   92   91   90   89   88   88   86   86   85   85
   84   84   83   83   82   82   81   81   80   80   80   80   80   81   82   83
   85   87   89   90   93   92   95  104  112                                   
    75.0-180.0 180.0   5.0 450.0                            LAT/LON1/LON2/DLON/H
  107  110  106  110  111  114  118  120  123  125  128  130  131  132  133  134
  134  134  134  134  133  131  129  125  121  115  110  104   99   94   91   89
   87   87   87   87   87   87   87   86   85   84   82   82   80   81   80   81
   80   81   79   80   79   79   78   78   77   77   76   77   77   78   78   81
   81   85   85   88   90   91   94  104  107                                   
    72.5-180.0 180.0   5.0 450.0                            LAT/LON1/LON2/DLON/H
  102  106  104  107  108  111  115  118  121  124  128  128  131  130  132  130
  132  130  132  131  131  129  127  122  118  111  106   98   94   88   85   82
   81   81   82   83   82   83   81   81   78   77   74   74   73   73   73   74
   74   74   74   74   73   73   73   73   73   73   73   73   74   75   77   78
   80   82   84   85   88   88   92  102  102                                   
    70.0-180.0 180.0   5.0 450.0                            LAT/LON1/LON2/DLON/H
  100  103  101  104  106  109  114  117  122  125  129  130  132  131  131  130
  130  130  131  131  132  131  130  125  120  113  106   98   92   85   81   78
   77   77   78   78   78   78   76   74   71   68   66   65   65   65   65   67
   67   67   67   67   67   67   66   67   68   69   70   71   73   74   76   78
   79   82   84   85   88   87   90  103  100                                   
    67.5-180.0 180.0   5.0 450.0                            LAT/LON1/LON2/DLON/H
   98  101   99  101  101  105  111  115  120  124  128  130  131  129  130  127
  128  126  128  128  130  130  129  125  120  112  105   96   91   84   79   77
   75   75   75   76   75   74   71   68   64   61   58   57   56   58   57   59
   58   60   58   59   58   59   58   60   61   64   66   69   71   74   76   78
   80   82   84   85   88   88   90  103   98                                   
    65.0-180.0 180.0   5.0 450.0                            LAT/LON1/LON2/DLON/H
  100  103   99  100  102  104  111  115  121  125  131  132  134  132  131  129
  128  128  129  131  133  133  134  130  125  117  110  100   94   86   82   78
   76   75   75   74   73   70   67   63   58   55   52   52   50   52   52   54
   53   53   52   52   51   51   52   55   57   61   64   68   71   74   76   79
   81   84   86   88   91   90   93  106  100                                   
    62.5-180.0 180.0   5.0 450.0                            LAT/LON1/LON2/DLON/H
  106  106  102  102  102  104  110  114  120  125  130  132  134  132  132  129
  129  127  128  130  132  133  133  131  126  119  112  104   98   91   87   82
   79   78   76   74   71   68   64   60   54   52   48   48   46   49   47   50
   47   48   44   45   42   44   44   48   51   57   60   66   69   74   76   79
   81   85   87   90   92   94   96  110  106                                   
    60.0-180.0 180.0   5.0 450.0                            LAT/LON1/LON2/DLON/H
  113  114  109  109  109  109  113  115  122  125  131  133  137  135  135  133
  132  130  131  133  136  136  137  133  131  123  118  111  106   99   95   90
   86   83   79   76   72   68   63   59   55   52   49   49   49   50   49   49
   47   45   42   41   39   40   40   45   49   55   60   66   70   75   77   80
   83   87   90   93   98   98  103  116  113                                   
    57.5-180.0 180.0   5.0 450.0                            LAT/LON1/LON2/DLON/H
  123  123  118  117  114  114  116  117  121  124  130  132  136  135  136  133
  133  131  131  132  134  135  135  133  129  125  121  116  113  108  104   98
   93   88   83   78   73   70   65   62   58   57   53   54   52   54   51   51
   46   46   40   39   35   38   37   43   45   54   58   66   69   75   76   81
   82   88   91   97  101  104  106  124  123                                   
    55.0-180.0 180.0   5.0 450.0                            LAT/LON1/LON2/DLON/H
  133  134  131  130  128  125  125  123  126  126  132  133  138  137  139  137
  136  134  134  134  136  135  136  132  132  126  126  121  121  117  113  108
  101   94   87   82   77   74   71   69   66   65   63   63   62   61   58   56
   52   48   44   41   38   39   40   44   48   55   61   67   73   77   79   82
   85   90   95  100  107  109  115  133  133                                   
    52.5-180.0 180.0   5.0 450.0                            LAT/LON1/LON2/DLON/H
  143  144  142  142  139  136  134  131  131  130  134  134  139  138  139  137
  137  134  133  133  134  133  133  130  129  126  126  126  127  124  121  115
  108  100   93   86   82   79   78   76   75   75   72   72   69   68   64   62
   56   54   47   46   42   44   42   48   51   59   63   71   74   81   81   86
   86   93   97  104  110  114  118  141  143                                   
    50.0-180.0 180.0   5.0 450.0                            LAT/LON1/LON2/DLON/H
  151  152  153  155  154  151  149  144  143  139  141  140  144  143  144  142
  141  138  138  136  137  135  135  131  131  127  130  128  132  129  128  121
  113  105   97   91   88   86   86   86   86   85   84   82   79   76   72   69
   65   61   57   54   52   51   52   55   60   64   71   76   82   86   89   91
   94   99  104  109  117  119  127  148  151                                   
    47.5-180.0 180.0   5.0 450.0                            LAT/LON1/LON2/DLON/H
  156  160  160  164  164  164  161  157  154  150  149  148  149  148  148  145
  144  140  139  137  138  136  136  132  132  129  131  131  134  133  131  124
  118  108  102   96   94   92   93   94   94   94   92   90   86   83   77   75
   70   69   64   64   60   61   60   64   66   72   75   82   86   92   93   98
   99  105  109  116  121  125  128  153  156                                   
    45.0-180.0 180.0   5.0 450.0                            LAT/LON1/LON2/DLON/H
  161  163  167  172  176  176  176  173  171  165  164  161  161  158  157  153
  152  147  146  144  145  142  143  139  139  135  137  135  138  135  134  127
  120  111  106  101  100   99  100  101  102  102  101   97   93   88   84   82
   80   78   77   74   74   71   72   73   77   79   85   89   96  101  104  107
  110  115  120  124  130  130  137  159  161                                   
    42.5-180.0 180.0   5.0 450.0                            LAT/LON1/LON2/DLON/H
  162  166  169  176  181  185  187  187  184  182  179  176  173  170  166  162
  158  154  153  150  151  149  150  147  148  144  144  142  142  138  136  129
  123  116  112  108  108  107  108  109  109  109  107  104   98   94   89   88
   85   87   84   85   82   83   80   82   83   87   90   97  102  110  112  117
  120  126  130  135  137  139  140  165  162                                   
    40.0-180.0 180.0   5.0 450.0                            LAT/LON1/LON2/DLON/H
  166  168  172  181  188  192  198  199  202  199  198  194  191  185  181  175
  172  167  165  161  162  161  163  161  163  159  158  153  151  144  140  132
  128  121  119  116  116  115  115  116  115  115  113  110  105  101   97   96
   96   96   96   95   94   92   91   90   93   94   99  104  113  119  124  127
  132  138  143  146  149  146  149  173  166                                   
    37.5-180.0 180.0   5.0 450.0                            LAT/LON1/LON2/DLON/H
  172  174  176  183  190  198  205  211  214  217  215  213  207  201  194  188
  183  178  175  171  172  171  175  175  178  175  173  166  160  152  146  139
  133  128  126  125  123  122  121  122  121  122  119  118  111  109  103  104
  101  104  101  102   99   98   94   95   94   98  101  110  116  126  131  137
  142  149  155  159  160  159  157  183  172                                   
    35.0-180.0 180.0   5.0 450.0                            LAT/LON1/LON2/DLON/H
  182  182  184  191  198  206  214  222  229  234  234  233  227  220  212  204
  200  193  191  185  186  184  191  193  198  196  193  183  174  161  154  145
  140  134  134  132  131  128  127  128  127  129  127  126  121  118  114  113
  111  111  109  106  104  101   98   97   97   98  105  112  124  131  140  145
  152  159  166  169  172  168  168  195  182                                   
    32.5-180.0 180.0   5.0 450.0                            LAT/LON1/LON2/DLON/H
  197  196  196  201  208  216  226  236  243  250  252  252  246  239  229  221
  214  207  202  197  196  196  203  209  215  215  210  200  188  175  163  153
  147  142  141  139  136  133  131  132  131  134  132  133  127  125  119  119
  114  114  109  107  101  100   95   95   94   97  101  113  122  135  142  151
  158  168  175  181  184  183  183  213  197                                   
    30.0-180.0 180.0   5.0 450.0                            LAT/LON1/LON2/DLON/H
  215  214  214  219  224  232  241  250  259  266  270  271  266  258  249  241
  234  224  218  210  211  211  220  226  236  235  231  217  205  186  174  160
  154  146  144  140  138  134  133  133  135  137  138  136  132  127  123  119
  116  112  107  102   99   95   93   91   91   93   99  109  123  134  146  154
  164  174  185  191  198  197  201  231  215                                   
    27.5-180.0 180.0   5.0 450.0                            LAT/LON1/LON2/DLON/H
  237  237  237  242  247  254  262  271  279  286  290  292  288  281  271  262
  252  242  232  223  222  224  233  243  252  253  243  228  213  197  183  169
  159  151  145  142  137  135  132  135  135  139  137  137  130  126  119  117
  112  109  103   99   93   92   88   87   86   89   93  106  117  133  144  156
  167  180  191  201  208  213  218  251  237                                   
    25.0-180.0 180.0   5.0 450.0                            LAT/LON1/LON2/DLON/H
  260  257  264  267  273  280  288  296  304  310  315  316  311  305  294  284
  273  260  249  241  241  245  255  264  271  266  256  239  223  205  192  176
  165  153  147  142  139  135  135  136  136  137  135  131  125  118  112  107
  104  100   96   93   90   88   86   85   83   84   89   99  114  128  144  156
  171  183  198  207  220  224  234  266  260                                   
    22.5-180.0 180.0   5.0 450.0                            LAT/LON1/LON2/DLON/H
  280  280  291  297  305  312  321  327  335  341  343  345  339  335  323  313
  298  283  268  260  259  264  273  281  284  276  263  246  230  212  198  184
  171  161  151  147  141  141  136  138  134  135  129  125  115  110  102   99
   96   94   92   91   89   89   87   86   82   82   85   96  109  127  143  159
  174  190  204  217  231  239  248  282  280                                   
    20.0-180.0 180.0   5.0 450.0                            LAT/LON1/LON2/DLON/H
  301  300  315  321  333  340  347  355  362  368  369  371  369  365  356  347
  330  314  295  289  285  291  296  300  297  285  270  252  236  218  205  189
  177  165  158  151  149  147  143  141  135  129  122  113  105   97   91   88
   87   87   87   86   88   87   86   82   79   76   80   89  106  124  146  164
  181  197  214  226  244  250  263  296  301                                   
    17.5-180.0 180.0   5.0 450.0                            LAT/LON1/LON2/DLON/H
  316  319  334  342  353  363  370  378  384  392  394  399  396  397  388  383
  365  349  330  321  316  319  321  319  310  292  274  255  236  219  208  194
  183  173  164  161  156  154  149  145  134  127  115  107   95   89   82   81
   81   82   83   84   85   88   86   84   79   76   77   88  103  126  148  170
  189  206  224  239  256  264  275  308  316                                   
    15.0-180.0 180.0   5.0 450.0                            LAT/LON1/LON2/DLON/H
  332  334  350  356  370  377  385  391  397  406  410  418  417  423  417  415
  399  387  365  359  350  353  347  342  322  301  278  254  235  218  209  196
  189  179  173  169  166  163  157  149  137  125  113  101   92   84   80   79
   79   81   82   82   86   85   86   81   77   71   74   82  102  125  154  177
  198  216  236  248  267  276  289  320  332                                   
    12.5-180.0 180.0   5.0 450.0                            LAT/LON1/LON2/DLON/H
  342  349  361  370  380  389  394  400  407  417  422  432  434  443  441  442
  430  420  401  394  385  382  371  358  335  307  279  250  231  217  208  198
  193  186  183  180  176  173  165  155  141  129  113  104   92   87   81   81
   79   80   80   81   82   84   83   81   77   73   74   84  100  127  156  184
  206  226  247  262  281  291  304  335  342                                   
    10.0-180.0 180.0   5.0 450.0                            LAT/LON1/LON2/DLON/H
  357  365  375  381  391  394  399  405  411  421  426  438  442  454  454  459
  450  445  429  426  413  408  389  372  341  311  277  246  228  214  207  198
  197  191  192  189  186  181  172  160  146  132  118  107   99   92   88   86
   84   83   82   80   81   79   80   77   74   70   73   80  101  126  161  189
  216  237  261  274  296  310  325  353  357                                   
     7.5-180.0 180.0   5.0 450.0                            LAT/LON1/LON2/DLON/H
  367  384  387  396  401  406  408  412  415  424  428  440  444  457  461  467
  463  459  449  443  432  419  399  374  342  308  273  241  223  211  205  199
