data/unet/pred2400.15i
     1.0            IONOSPHERE MAPS     GNSS                IONEX VERSION / TYPE
pyspatialgeodesy        IME             05-JAN-18 20:20     PGM / RUN BY / DATE 
Map Name                                                    COMMENT             
Predicted global ionosphere maps (GIM).                     DESCRIPTION         
  2015     8    28     0     0     0                        EPOCH OF FIRST MAP  
  2015     8    29     0     0     0                        EPOCH OF LAST MAP   
  7200                                                      INTERVAL            
    13                                                      # OF MAPS IN FILE   
  NONE                                                      MAPPING FUNCTION    
10.0                                                        ELEVATION CUTOFF    
One-way carrier phase leveled to code                       OBSERVABLES USED    
  6371.0                                                    BASE RADIUS         
 2                                                          MAP DIMENSION       
   450.0 450.0   0.0                                        HGT1 / HGT2 / DHGT  
    87.5 -87.5  -2.5                                        LAT1 / LAT2 / DLAT  
  -180.0 180.0   5.0                                        LON1 / LON2 / DLON  
    -1                                                      EXPONENT            
                                                            END OF HEADER       
[from data line 429]
     2                                                      START OF TEC MAP    
  2015     8    28     2     0     0                        EPOCH OF CURRENT MAP
    87.5-180.0 180.0   5.0 450.0                            LAT/LON1/LON2/DLON/H
  109  100   93   85   90   83   89   85   91   86   92   87   93   88   93   88
   93   87   93   86   92   85   90   83   88   82   87   81   86   80   85   79
   85   79   85   79   85   79   85   80   85   80   85   80   86   81   86   82
   87   83   87   83   89   85   89   85   91   87   91   87   93   88   93   89
   93   90   95   93  103   94   99  117  109                                   
    85.0-180.0 180.0   5.0 450.0                            LAT/LON1/LON2/DLON/H
  103  114   91   93   95   92   95   93   97   95   97   96   98   96   98   97
   98   96   97   95   95   93   92   90   89   86   86   83   83   81   81   79
   79   78   79   78   78   78   78   78   79   78   79   79   80   80   81   81
   82   81   82   82   84   84   85   86   87   88   89   90   91   91   92   92
   92   93   95   96  101   97   97  106  103                                   
    82.5-180.0 180.0   5.0 450.0                            LAT/LON1/LON2/DLON/H
   99   99   88   95   93   99   96  103  101  105  102  106  103  106  103  105
  102  102   99  100   97   95   92   91   87   85   81   81   77   77   74   75
   72   73   71   74   71   73   71   74   72   74   72   76   74   76   74   78
   76   78   77   81   80   83   81   86   85   88   87   91   89   92   90   94
   91   95   95  101  102   99  104  107   99                                   
    80.0-180.0 180.0   5.0 450.0                            LAT/LON1/LON2/DLON/H
  104  102   92   92   99   97  102  102  105  104  106  106  109  107  109  107
  109  105  106  103  102   97   96   91   89   83   81   76   76   71   71   68
   69   66   68   67   69   68   69   69   71   70   71   71   73   71   73   72
   74   73   76   76   80   79   82   84   87   87   91   91   94   93   96   94
   96   95   98   99  103   97  101  101  104                                   
    77.5-180.0 180.0   5.0 450.0                            LAT/LON1/LON2/DLON/H
  103  100   91   99   97  102  102  106  104  108  106  110  107  111  109  112
  108  110  106  108  102  102   95   95   87   86   79   79   71   72   67   70
   65   69   66   70   68   71   70   73   70   72   71   73   71   72   71   73
   72   74   74   78   77   81   81   86   86   91   91   95   94   98   97   99
   97   99   99  101  100  100  101  103  103                                   
    75.0-180.0 180.0   5.0 450.0                            LAT/LON1/LON2/DLON/H
  102  103   92   94   98   98  101  103  104  105  105  107  107  107  107  108
  107  107  106  105  102   99   96   92   87   82   77   73   69   67   65   64
   64   65   66   68   69   70   71   71   71   71   71   70   70   69   70   70
   71   71   73   74   77   79   81   84   86   89   92   94   95   98   98   99
   97   99   99  101  101  100  104  103  102                                   
    72.5-180.0 180.0   5.0 450.0                            LAT/LON1/LON2/DLON/H
  105  100   97  102  101  101  103  103  104  104  103  104  103  103  102  102
  100  100   99   99   95   94   90   87   80   77   71   69   63   62   59   60
   58   61   60   64   62   66   65   67   65   66   65   66   65   66   67   68
   69   70   72   73   76   77   81   83   86   88   92   93   95   97   98   97
   97   96   98   99  101  100  105  105  105                                   
    70.0-180.0 180.0   5.0 450.0                            LAT/LON1/LON2/DLON/H
  106  109  102  104  106  105  105  106  104  104  102  102   99   99   96   97
   94   94   94   94   92   90   87   83   78   73   70   66   63   61   60   59
   60   60   62   63   64   64   65   65   65   65   65   65   67   67   69   69
   72   72   76   76   80   81   85   87   91   92   96   98   99  100  101  101
  100  100  101  105  106  106  111  108  106                                   
    67.5-180.0 180.0   5.0 450.0                            LAT/LON1/LON2/DLON/H
  112  110  110  112  109  107  107  107  105  104  101  101   97   95   91   91
   87   87   86   87   83   83   80   78   72   69   64   63   58   59   56   58
   55   57   55   58   55   58   55   57   54   57   56   60   61   64   65   68
   69   71   74   76   79   82   86   88   92   94   98  100  101  101  101  100
   99   99  101  104  106  107  112  111  112                                   
    65.0-180.0 180.0   5.0 450.0                            LAT/LON1/LON2/DLON/H
  114  119  116  117  116  112  111  109  108  106  104  102   98   95   90   88
   84   83   82   81   79   78   76   72   68   65   63   60   59   58   57   57
   56   56   55   54   52   52   51   51   51   52   54   56   61   63   68   69
   74   76   80   81   86   88   93   95   99  101  105  105  107  106  106  104
  104  103  106  108  113  112  118  115  114                                   
    62.5-180.0 180.0   5.0 450.0                            LAT/LON1/LON2/DLON/H
  120  120  120  121  115  112  109  109  107  108  104  103   96   94   87   85
   79   78   75   75   72   71   67   65   60   59   56   57   55   56   54   55
   52   51   48   46   43   43   40   42   41   44   45   50   53   59   62   68
   71   76   78   82   86   88   92   95  100  101  106  106  107  105  105  102
  102  102  105  107  111  113  118  117  120                                   
    60.0-180.0 180.0   5.0 450.0                            LAT/LON1/LON2/DLON/H
  121  126  122  123  119  115  112  111  110  109  107  104   99   95   89   85
   80   78   75   73   70   66   63   59   56   53   53   53   53   54   54   53
   50   48   44   42   38   37   36   36   38   39   43   47   53   58   64   70
   75   80   84   88   92   95   99  103  106  110  112  112  112  110  109  105
  105  104  108  110  115  116  122  119  121                                   
    57.5-180.0 180.0   5.0 450.0                            LAT/LON1/LON2/DLON/H
  126  127  127  127  120  115  113  112  110  111  108  107  100   97   90   86
   80   78   74   71   66   62   56   53   48   48   47   48   48   51   50   49
   46   43   39   36   33   32   32   32   35   36   40   44   51   56   62   68
   75   80   85   88   94   95  101  103  108  109  114  112  113  108  108  103
  104  103  108  108  113  115  121  119  126                                   
    55.0-180.0 180.0   5.0 450.0                            LAT/LON1/LON2/DLON/H
  128  132  129  130  126  121  118  117  115  114  112  110  104  101   94   91
   85   83   79   75   68   62   55   51   47   45   45   46   48   48   49   47
   44   42   38   36   33   33   33   34   35   38   41   46   51   58   65   73
   79   86   91   96  100  105  108  113  115  118  118  118  115  112  109  107
  106  107  111  113  116  118  125  122  128                                   
    52.5-180.0 180.0   5.0 450.0                            LAT/LON1/LON2/DLON/H
  135  137  138  138  132  128  124  122  120  119  116  115  108  106   99   97
   91   90   84   80   70   64   55   51   45   45   45   46   47   49   48   48
   45   43   41   39   38   38   39   39   41   41   44   46   52   58   66   73
   82   88   96  100  107  109  116  117  122  120  123  117  117  110  110  105
  108  107  113  112  116  120  126  125  135                                   
    50.0-180.0 180.0   5.0 450.0                            LAT/LON1/LON2/DLON/H
  138  144  144  147  144  139  135  132  128  126  123  119  114  110  104  102
   98   97   92   87   76   69   59   54   50   49   49   50   51   51   51   50
   48   48   46   47   47   49   50   51   52   52   53   56   59   66   72   81
   88   97  104  111  117  122  126  129  130  130  128  125  120  116  111  111
  111  114  118  121  123  126  132  128  138                                   
    47.5-180.0 180.0   5.0 450.0                            LAT/LON1/LON2/DLON/H
  145  149  155  159  154  151  148  144  139  135  130  125  119  116  110  109
  105  104   99   94   83   76   66   61   56   57   56   57   56   56   55   55
   54   55   56   57   59   60   61   61   61   60   59   59   63   67   75   82
   93  103  114  121  129  132  138  137  140  136  136  129  127  118  118  114
  119  119  125  126  129  132  136  134  145                                   
    45.0-180.0 180.0   5.0 450.0                            LAT/LON1/LON2/DLON/H
  150  157  162  166  166  161  159  154  148  143  138  132  126  122  118  115
  113  112  108  103   92   86   76   72   68   68   68   66   64   63   62   62
   63   66   68   71   74   76   77   76   76   72   71   70   71   76   81   90
   99  112  120  132  137  144  148  148  147  145  142  136  131  126  122  123
  124  128  133  136  138  140  145  140  150                                   
    42.5-180.0 180.0   5.0 450.0                            LAT/LON1/LON2/DLON/H
  157  163  169  172  171  168  166  162  157  151  146  138  133  128  124  121
  119  119  115  112  102   96   86   83   79   80   78   77   73   72   69   71
   72   77   79   84   85   86   85   84   81   78   76   74   76   77   82   92
  103  117  127  139  149  155  160  158  158  153  150  142  140  133  132  129
  133  134  139  141  143  147  150  149  157                                   
    40.0-180.0 180.0   5.0 450.0                            LAT/LON1/LON2/DLON/H
  163  170  172  174  174  170  168  165  160  155  149  143  139  134  130  127
  126  126  123  120  110  104   96   93   91   91   90   87   83   81   80   81
   85   90   94   97  101   99  100   95   94   89   87   85   85   88   91  104
  110  126  133  149  155  167  169  169  166  162  157  152  148  142  139  138
  140  143  149  152  154  155  160  156  163                                   
    37.5-180.0 180.0   5.0 450.0                            LAT/LON1/LON2/DLON/H
  171  174  175  175  172  167  167  163  161  156  154  148  145  140  138  134
  133  131  128  125  117  110  104  101   99  100   99   97   93   91   90   93
   97  103  106  109  109  107  105  101  100   95   95   90   90   93   98  108
  117  132  142  155  165  175  180  178  175  169  167  160  159  151  150  146
  149  150  158  159  162  166  169  167  171                                   
    35.0-180.0 180.0   5.0 450.0                            LAT/LON1/LON2/DLON/H
  181  184  178  174  170  165  162  160  156  153  151  148  147  144  143  139
  138  136  134  130  121  114  108  105  105  105  106  104  102  101  102  106
  111  116  119  120  121  116  115  110  110  105  105  101   99  101  102  115
  120  138  145  161  167  181  184  184  181  176  171  167  165  161  159  156
  157  160  168  171  175  179  186  184  181                                   
    32.5-180.0 180.0   5.0 450.0                            LAT/LON1/LON2/DLON/H
  196  195  190  182  176  166  164  159  157  153  152  150  153  151  151  146
  145  141  139  133  126  117  111  107  108  108  111  111  110  111  114  118
  123  128  131  131  129  126  123  119  121  116  118  109  109  108  112  119
  128  140  150  161  171  180  188  185  184  179  175  171  173  168  167  163
  166  168  179  180  186  194  200  200  196                                   
    30.0-180.0 180.0   5.0 450.0                            LAT/LON1/LON2/DLON/H
  216  212  203  194  186  176  170  164  160  156  153  153  155  155  154  149
  147  142  139  131  124  114  108  104  107  109  114  116  118  121  124  128
  133  137  140  139  138  134  131  126  128  123  122  118  113  113  113  122
  125  140  147  162  171  183  190  190  189  184  180  179  181  178  177  173
  177  181  191  195  200  210  221  222  216                                   
    27.5-180.0 180.0   5.0 450.0                            LAT/LON1/LON2/DLON/H
  236  232  227  219  210  197  190  181  175  167  163  161  161  162  161  154
  151  144  140  131  125  114  110  106  111  113  119  122  125  129  134  137
  141  144  145  145  143  140  135  131  131  126  127  121  119  114  114  119
  125  134  143  151  165  176  190  192  195  190  189  188  193  189  189  186
  190  195  207  209  219  225  236  242  236                                   
    25.0-180.0 180.0   5.0 450.0                            LAT/LON1/LON2/DLON/H
  259  254  252  242  235  221  213  203  194  183  175  169  168  166  164  156
  150  141  136  126  122  112  110  107  112  114  122  125  132  135  141  143
  147  148  149  147  145  142  139  134  135  129  129  122  118  112  110  117
  120  134  138  153  164  182  195  203  204  203  202  204  209  210  208  207
  209  217  226  234  240  254  260  269  259                                   
    22.5-180.0 180.0   5.0 450.0                            LAT/LON1/LON2/DLON/H
  279  281  284  281  269  256  244  235  224  209  196  186  180  176  170  162
  153  142  136  127  124  117  116  116  120  123  127  131  134  140  143  145
  145  147  144  144  141  140  136  133  131  130  126  122  118  110  101  106
  109  124  129  142  155  171  190  201  211  210  216  219  231  229  229  226
  229  234  246  253  264  275  281  292  279                                   
    20.0-180.0 180.0   5.0 450.0                            LAT/LON1/LON2/DLON/H
  302  303  314  311  308  293  285  268  259  235  222  205  197  188  180  166
  156  140  134  125  127  122  126  125  131  129  134  133  138  140  143  141
  139  139  134  136  132  132  130  128  128  126  124  118  111  102   98  103
  108  125  128  147  159  185  203  222  233  237  242  248  258  259  257  255
  256  263  269  280  286  304  309  321  302                                   
    17.5-180.0 180.0   5.0 450.0                            LAT/LON1/LON2/DLON/H
  318  326  339  345  341  335  323  311  295  276  253  232  218  205  193  179
  163  149  140  136  137  138  141  143  143  141  140  138  139  139  138  133
  129  124  121  119  118  118  118  120  117  119  115  114  103   98   88   95
   99  117  125  146  161  184  211  230  252  261  268  274  286  287  286  283
  281  288  295  306  317  327  333  346  318                                   
    15.0-180.0 180.0   5.0 450.0                            LAT/LON1/LON2/DLON/H
  339  342  362  366  372  371  367  354  340  310  287  257  242  222  208  189
  173  155  150  143  151  149  158  155  156  148  146  137  138  135  131  126
  114  112  102  104   98  102  103  104  105  105  106  101   95   88   88   93
  100  119  131  152  170  199  225  252  274  289  296  305  316  319  320  318
  316  323  329  337  345  355  360  374  339                                   
    12.5-180.0 180.0   5.0 450.0                            LAT/LON1/LON2/DLON/H
  353  359  379  386  391  397  396  392  377  353  322  292  269  246  226  206
  189  174  165  164  168  172  174  172  166  156  149  139  137  131  125  115
  105   96   89   86   85   87   90   92   93   94   96   93   89   85   83   88
   94  113  129  153  179  205  240  266  297  314  320  331  339  344  348  350
  350  357  361  371  377  386  388  405  353                                   
    10.0-180.0 180.0   5.0 450.0                            LAT/LON1/LON2/DLON/H
  376  378  395  393  402  412  418  420  414  391  364  327  302  270  251  225
  210  191  187  180  189  186  190  182  173  158  150  140  136  131  123  115
  101   96   84   84   77   80   78   81   82   84   86   86   86   84   85   90
   97  116  136  163  189  220  249  279  308  328  340  353  362  369  376  381
  383  390  393  402  408  412  416  429  376                                   
     7.5-180.0 180.0   5.0 450.0                            LAT/LON1/LON2/DLON/H
  400  400  406  405  410  419  430  435  433  416  392  360  330  298  271  246
  228  211  203  198  201  202  198  188  176  160  152  141  139  131  125  115
