data/unet/pred3050.15i
     1.0            IONOSPHERE MAPS     GNSS                IONEX VERSION / TYPE
pyspatialgeodesy        IME             05-JAN-18 20:20     PGM / RUN BY / DATE 
Map Name                                                    COMMENT             
Predicted global ionosphere maps (GIM).                     DESCRIPTION         
  2015    11     1     0     0     0                        EPOCH OF FIRST MAP  
  2015    11     2     0     0     0                        EPOCH OF LAST MAP   
  7200                                                      INTERVAL            
    13                                                      # OF MAPS IN FILE   
  NONE                                                      MAPPING FUNCTION    
10.0                                                        ELEVATION CUTOFF    
One-way carrier phase leveled to code                       OBSERVABLES USED    
  6371.0                                                    BASE RADIUS         
 2                                                          MAP DIMENSION       
   450.0 450.0   0.0                                        HGT1 / HGT2 / DHGT  
    87.5 -87.5  -2.5                                        LAT1 / LAT2 / DLAT  
  -180.0 180.0   5.0                                        LON1 / LON2 / DLON  
    -1                                                      EXPONENT            
                                                            END OF HEADER       
[from data line 3003]
     8                                                      START OF TEC MAP    
  2015    11     1    14     0     0                        EPOCH OF CURRENT MAP
    87.5-180.0 180.0   5.0 450.0                            LAT/LON1/LON2/DLON/H
   63   90   92   92   89   92   93   96   96  100  100  103  103  106  106  109
  109  111  112  113  114  115  115  116  115  115  113  113  109  109  105  105
  100  100   95   95   90   90   86   86   82   82   79   80   76   77   74   76
   73   76   72   76   72   76   73   78   75   79   77   81   79   83   80   84
   83   85   85   85   85   89   98   80   63                                   
    85.0-180.0 180.0   5.0 450.0                            LAT/LON1/LON2/DLON/H
   78   94   95   94  100   99  105  105  111  112  118  116  122  120  125  121
  127  123  129  123  129  123  129  122  127  120  124  117  119  111  112  105
  105   99   99   92   91   85   84   78   76   72   70   67   65   63   62   61
   60   59   59   58   60   58   61   60   64   62   66   64   69   67   72   70
   75   74   79   78   84   83   91   78   78                                   
    82.5-180.0 180.0   5.0 450.0                            LAT/LON1/LON2/DLON/H
   77   84   89   94   97  102  104  111  114  119  121  124  126  127  129  129
  130  131  131  132  132  133  132  132  132  130  130  126  125  121  117  114
  109  105   99   95   89   85   77   73   66   63   57   54   50   48   46   44
   44   42   44   42   45   43   47   45   48   48   51   51   54   54   57   59
   61   65   67   70   71   72   77   68   77                                   
    80.0-180.0 180.0   5.0 450.0                            LAT/LON1/LON2/DLON/H
   65   73   72   79   81   87   89   98   99  106  106  112  112  115  115  119
  119  121  121  125  125  128  129  131  132  131  131  129  127  124  120  116
  110  106   99   95   87   84   76   73   63   60   53   50   45   44   39   40
   37   40   38   41   40   43   41   44   42   45   42   46   44   48   45   51
   48   55   52   58   56   58   63   56   65                                   
    77.5-180.0 180.0   5.0 450.0                            LAT/LON1/LON2/DLON/H
   49   64   63   64   66   71   75   80   81   86   87   91   90   94   93   99
   98  104  103  112  111  120  119  127  125  131  128  132  127  128  122  120
  113  109  102   98   89   85   76   71   64   60   53   49   43   42   39   39
   39   41   42   44   46   46   49   48   49   48   49   48   48   47   48   47
   48   48   49   49   49   49   51   46   49                                   
    75.0-180.0 180.0   5.0 450.0                            LAT/LON1/LON2/DLON/H
   43   51   55   52   59   60   64   66   68   71   73   74   74   75   74   77
   77   82   85   92   97  106  111  119  124  130  133  135  132  132  129  127
  123  119  114  110  103   98   90   83   75   68   61   55   51   47   46   45
   47   48   52   52   57   56   60   58   61   59   61   57   58   54   55   51
   52   50   51   49   50   47   51   43   43                                   
    72.5-180.0 180.0   5.0 450.0                            LAT/LON1/LON2/DLON/H
   42   55   55   52   54   56   58   60   62   63   64   63   63   63   61   65
   64   73   77   89   97  110  118  130  134  145  145  151  147  149  142  143
  137  137  131  128  122  118  110  103   94   87   77   71   64   62   59   58
   57   60   61   65   66   68   70   70   71   70   69   67   64   62   59   57
   55   54   53   53   52   51   49   45   42                                   
    70.0-180.0 180.0   5.0 450.0                            LAT/LON1/LON2/DLON/H
   43   52   54   50   53   51   56   52   57   54   57   55   54   53   51   54
   56   64   70   88   97  117  126  140  145  154  157  163  161  162  157  160
  154  156  149  149  141  140  130  124  112  105   92   85   77   74   70   68
   67   66   66   67   69   69   72   71   74   72   74   71   70   66   64   60
   59   56   58   54   56   53   54   48   43                                   
    67.5-180.0 180.0   5.0 450.0                            LAT/LON1/LON2/DLON/H
   47   57   56   51   51   49   51   51   53   52   54   51   52   49   49   51
   54   65   74   95  108  130  142  157  163  174  175  182  178  181  176  178
  173  173  168  164  159  154  146  140  129  120  107   99   90   87   83   80
   76   73   71   68   68   65   67   67   69   69   69   69   67   65   62   60
   58   57   57   57   56   56   54   51   47                                   
    65.0-180.0 180.0   5.0 450.0                            LAT/LON1/LON2/DLON/H
   46   54   52   48   48   48   50   49   51   50   51   50   49   49   47   50
   54   64   79  100  119  142  156  174  178  194  193  202  193  197  187  193
  185  188  180  181  174  172  162  156  142  132  118  108  100   92   88   80
   76   69   64   60   58   54   55   55   58   59   62   61   61   59   58   55
   54   53   55   53   54   54   54   51   46                                   
    62.5-180.0 180.0   5.0 450.0                            LAT/LON1/LON2/DLON/H
   47   53   48   46   44   44   45   45   47   48   48   49   50   51   52   54
   59   72   88  110  131  154  170  187  196  207  210  215  211  210  204  203
  198  195  190  187  182  177  169  162  147  137  123  115  104   97   90   82
   75   65   60   52   50   44   44   44   47   48   50   53   52   52   50   49
   47   47   47   48   49   50   51   46   47                                   
    60.0-180.0 180.0   5.0 450.0                            LAT/LON1/LON2/DLON/H
   40   46   40   37   37   36   39   38   42   41   44   45   49   50   52   57
   63   76   93  114  136  158  175  192  199  210  214  221  216  215  209  210
  206  204  199  195  189  183  173  167  152  140  128  119  108   97   89   77
   69   58   51   45   41   36   35   35   37   40   44   45   47   46   46   44
   43   41   44   42   46   44   47   42   40                                   
    57.5-180.0 180.0   5.0 450.0                            LAT/LON1/LON2/DLON/H
   45   43   37   34   30   32   32   35   35   38   39   44   47   51   57   63
   74   86  104  123  143  165  179  195  201  211  215  222  220  222  219  220
  217  214  208  202  194  187  178  171  159  148  136  125  116  103   97   83
   76   61   57   47   44   37   35   35   36   41   42   48   48   48   47   44
   41   40   40   40   42   43   45   39   45                                   
    55.0-180.0 180.0   5.0 450.0                            LAT/LON1/LON2/DLON/H
   49   42   36   32   30   30   30   31   33   32   35   40   44   49   58   68
   81   95  113  130  149  167  179  191  197  204  208  216  217  222  221  226
  225  222  215  210  200  192  183  177  165  156  145  135  125  112  104   90
   81   68   62   54   51   45   43   41   44   47   51   54   56   56   55   51
   49   46   47   44   47   46   48   44   49                                   
    52.5-180.0 180.0   5.0 450.0                            LAT/LON1/LON2/DLON/H
   59   52   43   42   36   37   35   35   34   36   36   42   44   53   64   76
   90  107  123  139  155  170  179  188  192  202  203  213  215  223  227  233
  232  230  222  216  206  199  192  186  177  170  160  149  140  127  120  105
   98   85   79   72   67   63   60   60   59   63   64   70   70   71   68   65
   60   58   55   56   56   56   59   56   59                                   
    50.0-180.0 180.0   5.0 450.0                            LAT/LON1/LON2/DLON/H
   75   65   58   56   53   51   48   46   43   40   41   45   50   58   71   86
  102  121  136  152  163  175  181  187  191  196  201  208  214  220  227  233
  236  235  229  224  216  210  202  196  190  181  174  163  155  140  134  119
  113  102   96   89   85   81   79   78   79   80   83   86   88   88   86   83
   81   75   75   71   73   71   76   77   75                                   
    47.5-180.0 180.0   5.0 450.0                            LAT/LON1/LON2/DLON/H
   91   86   77   77   72   71   68   64   60   56   53   57   60   70   82   98
  116  135  150  164  172  180  184  191  192  200  201  211  214  223  228  235
  236  237  232  228  223  219  213  208  202  195  188  179  170  156  148  135
  127  119  114  109  103   99   95   94   93   96   96  101  101  103  101  100
   95   93   88   89   89   90   96   99   91                                   
    45.0-180.0 180.0   5.0 450.0                            LAT/LON1/LON2/DLON/H
  108  104   97   95   95   90   89   81   77   71   69   66   73   77   95  109
  130  146  161  172  179  186  189  193  197  201  206  210  215  220  225  230
  234  235  234  234  232  231  225  219  211  203  198  187  180  165  158  142
  137  127  123  116  111  105  100   99   99  103  105  110  111  114  113  111
  108  104  104  100  104  101  111  118  108                                   
    42.5-180.0 180.0   5.0 450.0                            LAT/LON1/LON2/DLON/H
  114  117  111  113  113  109  108  100   98   90   89   85   87   93  107  123
  142  158  172  182  188  195  197  202  203  210  211  217  215  219  219  224
  225  229  232  237  239  239  236  229  221  212  205  194  187  172  163  147
  139  129  123  116  108  100   93   92   94   97  102  108  110  114  114  113
  109  106  104  105  106  108  120  125  114                                   
    40.0-180.0 180.0   5.0 450.0                            LAT/LON1/LON2/DLON/H
  115  119  116  119  121  118  117  109  108  102  102   98  103  103  121  132
  155  164  181  187  197  201  205  208  212  214  217  217  215  212  211  213
  217  224  233  243  250  253  247  238  227  217  210  197  189  172  164  145
  138  126  122  110  103   88   83   80   86   91   97  105  106  110  110  108
  108  103  104  101  105  104  116  124  115                                   
    37.5-180.0 180.0   5.0 450.0                            LAT/LON1/LON2/DLON/H
  106  112  111  117  119  118  119  114  114  112  114  114  118  119  134  143
  162  172  186  195  203  208  211  216  217  221  218  219  210  208  201  207
  211  226  240  256  265  269  263  252  239  227  217  203  195  178  169  150
  142  130  124  112  100   86   78   76   84   89   97  102  102  101  100   99
   96   95   91   93   93   97  105  113  106                                   
    35.0-180.0 180.0   5.0 450.0                            LAT/LON1/LON2/DLON/H
   94   97   99  103  108  109  110  107  110  110  116  117  128  130  149  153
  172  175  193  198  210  212  218  219  220  221  221  218  211  206  204  210
  223  242  264  281  291  293  286  272  255  242  228  215  205  191  179  162
  156  143  140  126  115   99   90   87   93  101  107  111  107  103   99   96
   94   90   88   85   85   85   92   97   94                                   
    32.5-180.0 180.0   5.0 450.0                            LAT/LON1/LON2/DLON/H
   82   81   82   89   91   96   95   97  100  104  112  120  130  138  155  163
  175  183  193  205  212  218  218  222  219  223  219  222  214  215  214  231
  247  277  300  320  326  327  317  302  283  267  252  236  226  212  203  188
  182  173  170  159  148  132  123  118  125  130  136  134  128  118  108  101
   96   91   83   82   76   77   76   82   82                                   
    30.0-180.0 180.0   5.0 450.0                            LAT/LON1/LON2/DLON/H
   75   66   69   72   75   77   80   80   85   91  103  113  130  141  163  168
  185  186  204  210  221  221  224  220  218  220  222  227  229  234  243  266
  292  324  351  366  375  370  361  343  323  306  289  278  263  253  240  231
  222  219  215  209  199  185  175  169  170  174  173  171  159  146  134  123
  113  106   98   91   82   73   71   69   75                                   
    27.5-180.0 180.0   5.0 450.0                            LAT/LON1/LON2/DLON/H
   67   63   59   63   60   67   63   69   70   82   90  109  122  139  159  169
  183  192  204  218  224  229  223  224  217  224  227  241  248  266  282  316
  346  380  404  419  422  419  405  391  371  357  340  331  321  313  301  293
  284  282  277  272  263  249  239  229  227  221  214  203  191  178  165  153
  143  131  119  109   98   87   71   73   67                                   
    25.0-180.0 180.0   5.0 450.0                            LAT/LON1/LON2/DLON/H
   70   70   61   58   56   60   59   58   63   68   83   97  118  134  159  171
  188  196  215  226  235  234  230  224  222  226  239  257  277  301  331  363
  400  431  455  465  466  460  447  434  421  409  398  391  381  377  364  358
  348  348  345  345  339  330  318  310  301  293  272  252  224  208  195  186
  178  169  155  145  128  113   93   73   70                                   
    22.5-180.0 180.0   5.0 450.0                            LAT/LON1/LON2/DLON/H
   76   86   71   67   62   67   61   61   59   67   73   94  107  131  148  168
  186  201  218  233  239  243  233  231  225  239  254  285  311  343  375  407
  441  471  491  503  502  495  484  475  467  461  455  450  442  434  421  412
  403  401  400  400  396  386  376  361  352  340  326  302  272  246  227  218
  214  206  195  179  161  148  129   99   76                                   
    20.0-180.0 180.0   5.0 450.0                            LAT/LON1/LON2/DLON/H
   94   90   72   66   66   69   70   66   62   60   68   82  104  122  146  167
  190  205  225  241  248  248  241  237  239  253  279  313  345  374  408  441
  473  494  513  520  516  511  504  500  499  497  495  489  482  475  464  457
  447  444  446  444  439  415  393  373  358  345  332  316  292  271  250  236
  236  233  228  214  191  168  155  117   94                                   
    17.5-180.0 180.0   5.0 450.0                            LAT/LON1/LON2/DLON/H
  105  109   84   74   73   76   80   78   71   67   68   81   95  120  137  165
  187  209  228  245  251  254  246  249  253  278  306  341  369  401  439  470
  499  514  530  532  525  522  521  523  527  531  532  527  520  513  502  489
  477  471  466  459  436  409  381  363  349  339  329  315  294  280  261  253
  252  249  248  237  220  196  178  146  105                                   
    15.0-180.0 180.0   5.0 450.0                            LAT/LON1/LON2/DLON/H
  121  119   95   82   74   73   80   79   76   68   69   74   91  113  139  165
  190  213  236  252  261  263  262  267  279  305  335  361  391  428  468  492
  516  522  531  527  521  518  524  532  545  552  554  549  543  534  520  504
  485  472  457  430  398  369  337  325  312  314  311  303  283  270  255  250
  249  249  249  242  226  204  185  159  121                                   
    12.5-180.0 180.0   5.0 450.0                            LAT/LON1/LON2/DLON/H
  123  127  103   89   83   74   83   82   82   75   75   80   95  119  144  173
  202  226  247  261  269  275  275  291  304  334  357  385  418  455  490  508
  524  525  525  521  517  522  534  550  564  573  573  566  557  543  526  502
  474  445  415  377  345  314  290  281  277  284  285  276  262  253  243  241
  243  241  242  232  225  204  189  165  123                                   
    10.0-180.0 180.0   5.0 450.0                            LAT/LON1/LON2/DLON/H
  131  127  105   89   82   73   77   75   78   73   76   80   97  121  150  181
  211  239  260  276  283  290  295  314  332  355  380  405  442  472  500  512
  521  516  516  513  514  519  538  557  574  583  578  568  554  538  517  488
  446  410  371  329  292  261  242  237  244  259  261  257  247  240  231  228
  228  227  226  217  205  186  175  159  131                                   
     7.5-180.0 180.0   5.0 450.0                            LAT/LON1/LON2/DLON/H
  127  130  107   90   82   71   73   72   75   76   78   86  107  134  167  198
  229  260  279  293  299  305  315  338  357  383  404  434  467  493  508  516
