data/unet/pred2770.15i
     1.0            IONOSPHERE MAPS     GNSS                IONEX VERSION / TYPE
pyspatialgeodesy        IME             05-JAN-18 20:20     PGM / RUN BY / DATE 
Map Name                                                    COMMENT             
Predicted global ionosphere maps (GIM).                     DESCRIPTION         
  2015    10     4     0     0     0                        EPOCH OF FIRST MAP  
  2015    10     5     0     0     0                        EPOCH OF LAST MAP   
  7200                                                      INTERVAL            
    13                                                      # OF MAPS IN FILE   
  NONE                                                      MAPPING FUNCTION    
10.0                                                        ELEVATION CUTOFF    
One-way carrier phase leveled to code                       OBSERVABLES USED    
  6371.0                                                    BASE RADIUS         
 2                                                          MAP DIMENSION       
   450.0 450.0   0.0                                        HGT1 / HGT2 / DHGT  
    87.5 -87.5  -2.5                                        LAT1 / LAT2 / DLAT  
  -180.0 180.0   5.0                                        LON1 / LON2 / DLON  
    -1                                                      EXPONENT            
                                                            END OF HEADER       
[from data line 4719]
    12                                                      START OF TEC MAP    
  2015    10     4    22     0     0                        EPOCH OF CURRENT MAP
    87.5-180.0 180.0   5.0 450.0                            LAT/LON1/LON2/DLON/H
  158  104   85   88   88   87   88   88   89   88   89   89   90   90   91   90
   91   90   90   89   90   88   88   87   87   85   85   83   84   82   82   80
   80   79   78   77   77   76   75   74   74   73   72   72   72   71   71   70
   71   71   71   71   72   72   73   72   74   74   75   75   76   77   78   78
   79   80   81   81   83   83   88  130  158                                   
    85.0-180.0 180.0   5.0 450.0                            LAT/LON1/LON2/DLON/H
   90   75   76   81   83   83   85   86   87   88   89   90   91   91   92   93
   92   92   91   91   90   89   87   86   84   83   80   80   77   76   74   74
   72   71   69   69   67   66   65   64   63   62   61   60   60   59   58   58
   58   57   57   57   57   58   58   59   59   60   60   61   62   64   64   66
   67   68   69   70   72   73   75  102   90                                   
    82.5-180.0 180.0   5.0 450.0                            LAT/LON1/LON2/DLON/H
   80   77   82   85   88   87   93   93   97   96  102  101  105  103  107  105
  106  103  105  101  102   97   99   94   94   88   90   84   86   80   82   77
   79   74   76   72   73   69   70   66   68   63   65   61   63   59   61   58
   60   57   59   58   60   58   60   59   61   60   62   61   64   63   67   66
   69   68   72   71   75   73   77   91   80                                   
    80.0-180.0 180.0   5.0 450.0                            LAT/LON1/LON2/DLON/H
   84   81   80   85   86   89   92   96   98  102  104  108  109  110  111  111
  110  109  108  106  104  101   99   96   93   89   87   84   83   80   79   77
   76   74   73   72   71   69   67   66   64   62   61   60   58   57   56   55
   54   54   54   54   54   55   55   56   56   57   57   59   60   61   62   64
   65   67   67   70   71   74   72   83   84                                   
    77.5-180.0 180.0   5.0 450.0                            LAT/LON1/LON2/DLON/H
   83   82   81   84   86   89   93   98  102  106  111  114  116  117  118  117
  116  112  112  108  107  102  101   95   94   89   87   83   82   79   79   76
   76   75   75   73   72   70   68   66   64   61   59   57   56   54   53   52
   51   51   50   51   51   51   51   52   53   54   55   56   58   59   61   63
   64   66   67   68   71   72   73   82   83                                   
    75.0-180.0 180.0   5.0 450.0                            LAT/LON1/LON2/DLON/H
   82   84   80   87   86   93   95  102  105  113  116  121  121  124  121  122
  118  117  112  111  106  104   99   97   91   89   84   82   78   78   75   76
   73   75   73   74   70   70   66   65   60   59   55   55   51   51   49   50
   48   49   47   49   47   48   47   49   49   50   51   53   55   58   59   62
   63   67   67   70   71   75   78   85   82                                   
    72.5-180.0 180.0   5.0 450.0                            LAT/LON1/LON2/DLON/H
   84   87   85   89   89   94   99  104  110  116  122  124  126  125  125  122
  120  115  113  108  107  101  100   94   92   85   83   78   76   73   73   72
   73   72   73   72   71   68   66   62   59   55   53   50   49   47   47   46
   46   45   45   45   45   44   44   44   45   46   48   50   53   55   59   61
   65   67   70   70   74   78   80   90   84                                   
    70.0-180.0 180.0   5.0 450.0                            LAT/LON1/LON2/DLON/H
   86   90   87   93   93   99  101  108  112  120  123  127  127  127  124  122
  118  114  110  108  105  102   98   95   89   85   79   75   71   69   66   69
   67   70   68   70   66   66   61   59   54   52   48   46   44   44   43   43
   43   43   43   43   42   41   40   41   41   43   44   48   50   55   58   62
   65   69   70   74   76   82   86   94   86                                   
    67.5-180.0 180.0   5.0 450.0                            LAT/LON1/LON2/DLON/H
   90   94   92   95   97  100  104  109  115  120  125  127  128  125  123  118
  115  109  108  105  105  100  100   94   90   81   78   70   67   62   62   61
   62   62   63   63   62   59   57   53   50   46   43   41   40   40   40   40
   40   40   40   39   38   37   37   37   38   40   42   46   50   54   59   62
   66   70   73   76   80   85   88   97   90                                   
    65.0-180.0 180.0   5.0 450.0                            LAT/LON1/LON2/DLON/H
   91   98   95  101  100  104  107  112  116  122  125  129  128  127  123  119
  114  111  108  108  106  105  101   97   90   83   75   70   63   61   56   58
   55   58   55   57   54   54   49   48   43   41   37   37   35   37   36   38
   37   37   35   36   33   33   31   34   33   37   39   45   47   54   58   64
   67   72   73   78   80   86   91  101   91                                   
    62.5-180.0 180.0   5.0 450.0                            LAT/LON1/LON2/DLON/H
   95  102  100  104  105  107  110  113  118  121  126  128  129  126  124  119
  115  112  113  111  112  109  108  100   95   84   78   68   63   56   56   52
   52   49   50   48   48   45   44   41   39   37   35   34   34   34   35   36
   35   34   33   32   30   30   29   31   32   35   39   44   48   55   60   66
   70   74   75   78   81   86   91  102   95                                   
    60.0-180.0 180.0   5.0 450.0                            LAT/LON1/LON2/DLON/H
   96  108  105  111  110  112  112  116  118  123  126  131  130  130  126  124
  121  119  119  120  119  117  113  107   96   88   78   72   65   62   56   55
   50   50   45   46   42   43   39   41   38   38   35   36   35   36   35   36
   34   34   30   30   27   28   27   31   32   36   39   45   49   57   62   69
   73   78   78   81   83   87   94  106   96                                   
    57.5-180.0 180.0   5.0 450.0                            LAT/LON1/LON2/DLON/H
  104  116  113  118  119  117  119  118  122  123  128  131  132  132  131  129
  128  126  129  128  129  124  121  111  103   91   85   77   73   66   64   57
   55   49   47   44   44   43   43   43   43   43   42   42   41   41   40   40
   37   35   33   31   30   30   32   34   37   41   45   50   55   62   69   75
   80   85   85   86   88   91   95  110  104                                   
    55.0-180.0 180.0   5.0 450.0                            LAT/LON1/LON2/DLON/H
  112  127  125  132  130  129  127  126  127  129  132  135  136  137  137  138
  138  138  138  138  136  132  124  117  105   98   90   87   80   77   72   68
   61   57   50   50   47   50   48   53   52   54   51   53   50   51   47   47
   42   41   37   36   34   36   36   42   44   49   51   57   61   68   75   82
   88   93   93   95   96   99  105  120  112                                   
    52.5-180.0 180.0   5.0 450.0                            LAT/LON1/LON2/DLON/H
  129  143  140  147  146  142  141  136  137  135  138  139  141  143  145  147
  148  149  149  147  143  136  130  121  114  106  103   97   95   88   85   77
   72   64   59   55   57   58   62   64   67   67   66   66   64   63   60   57
   53   50   46   44   44   45   48   52   56   59   62   66   70   76   84   91
   99  104  107  108  110  112  115  132  129                                   
    50.0-180.0 180.0   5.0 450.0                            LAT/LON1/LON2/DLON/H
  143  159  160  167  165  163  157  154  150  148  147  148  149  152  155  158
  159  159  157  154  147  141  133  128  119  117  111  110  105  101   93   87
   79   72   65   67   65   71   73   80   80   83   81   81   78   77   72   70
   65   62   57   56   55   58   59   65   67   71   72   75   79   85   92  100
  108  117  121  125  127  129  133  150  143                                   
    47.5-180.0 180.0   5.0 450.0                            LAT/LON1/LON2/DLON/H
  165  178  179  188  187  185  181  174  170  164  162  161  161  164  166  170
  169  168  164  160  151  144  139  134  131  127  126  122  118  110  103   94
   87   78   75   73   77   80   87   90   95   96   96   95   92   90   87   83
   79   75   71   69   68   70   73   76   80   81   83   84   87   92  101  109
  121  130  138  144  148  150  148  168  165                                   
    45.0-180.0 180.0   5.0 450.0                            LAT/LON1/LON2/DLON/H
  180  196  199  208  208  208  201  197  190  187  181  180  178  180  181  182
  180  176  171  165  157  151  147  144  142  139  136  131  123  114  104   96
   88   83   79   82   83   92   95  104  104  109  108  109  105  103   99   96
   90   87   82   80   78   80   82   85   88   89   90   92   95  100  108  118
  128  141  152  161  168  170  171  190  180                                   
    42.5-180.0 180.0   5.0 450.0                            LAT/LON1/LON2/DLON/H
  197  209  212  221  223  221  220  214  213  205  202  197  198  196  198  195
  191  186  178  173  165  162  158  158  156  152  145  136  125  112  103   94
   89   84   85   86   92   97  104  107  112  113  117  115  115  111  109  104
  100   96   92   88   86   86   88   90   93   93   95   96  101  105  114  123
  137  150  165  176  185  188  186  208  197                                   
    40.0-180.0 180.0   5.0 450.0                            LAT/LON1/LON2/DLON/H
  206  219  223  232  234  237  237  236  232  228  220  218  214  215  212  209
  201  195  187  182  177  174  172  170  167  158  148  134  119  105   96   90
   87   87   87   95   98  107  109  115  115  120  121  124  121  120  116  113
  108  104   99   94   90   89   88   90   92   93   95   99  104  111  120  131
  143  158  173  187  197  201  202  222  206                                   
    37.5-180.0 180.0   5.0 450.0                            LAT/LON1/LON2/DLON/H
  216  222  226  235  242  245  252  250  252  243  239  231  232  227  227  219
  213  203  197  193  191  189  186  184  174  163  147  130  113   98   92   88
   90   92   97  102  110  113  116  116  119  120  125  124  125  121  120  115
  112  106  101   95   90   87   86   86   88   90   94  100  108  116  126  136
  150  165  181  194  205  211  210  232  216                                   
    35.0-180.0 180.0   5.0 450.0                            LAT/LON1/LON2/DLON/H
  220  228  230  242  248  255  262  265  266  261  253  249  246  244  241  234
  225  216  210  205  204  200  198  190  178  161  143  124  107   96   92   93
   98  103  109  116  120  124  122  124  121  125  126  129  127  125  122  119
  115  109  104   97   90   87   83   83   83   86   91  100  110  121  133  145
  159  173  188  201  212  220  222  241  220                                   
    32.5-180.0 180.0   5.0 450.0                            LAT/LON1/LON2/DLON/H
  230  231  236  244  255  259  272  272  278  270  266  258  260  256  256  247
  240  231  226  220  216  210  202  191  177  159  141  123  110  101  105  108
  118  123  130  132  135  134  132  128  128  128  131  131  131  126  124  119
  115  108  102   94   86   82   77   76   75   79   83   95  107  123  139  153
  167  181  194  207  217  226  226  250  230                                   
    30.0-180.0 180.0   5.0 450.0                            LAT/LON1/LON2/DLON/H
  238  241  247  255  262  270  278  282  286  281  275  271  270  270  267  261
  254  247  240  234  228  215  202  186  172  153  139  125  120  117  126  133
  144  146  149  147  148  144  141  137  134  134  136  136  133  128  124  119
  115  107  100   92   85   81   76   75   73   77   81   95  107  125  144  160
  177  191  204  214  225  234  236  260  238                                   
    27.5-180.0 180.0   5.0 450.0                            LAT/LON1/LON2/DLON/H
  256  258  265  270  277  281  291  291  297  290  288  282  285  282  282  274
  269  261  256  246  236  219  200  182  169  155  148  141  144  148  163  171
  179  175  172  164  161  158  156  150  147  144  145  142  138  130  125  117
  113  105   98   89   84   78   75   71   71   74   79   92  107  126  146  166
  184  198  211  222  233  243  244  273  256                                   
    25.0-180.0 180.0   5.0 450.0                            LAT/LON1/LON2/DLON/H
  277  281  288  292  294  299  303  308  310  307  304  302  302  303  300  294
  286  279  269  257  242  221  199  180  169  159  159  161  173  183  201  205
  208  198  188  175  173  169  169  165  163  160  159  154  148  138  130  121
  116  107  100   91   85   78   76   71   70   74   79   94  108  128  150  171
  191  205  220  233  246  257  264  293  277                                   
    22.5-180.0 180.0   5.0 450.0                            LAT/LON1/LON2/DLON/H
  307  313  316  318  319  320  324  326  333  330  331  325  329  326  323  314
  307  296  285  267  249  226  205  187  181  176  185  192  213  225  243  242
  240  226  209  193  185  180  181  181  181  180  177  172  162  150  137  126
  118  109  101   92   88   81   77   70   69   71   79   93  110  131  153  176
  197  213  230  246  261  276  286  318  307                                   
    20.0-180.0 180.0   5.0 450.0                            LAT/LON1/LON2/DLON/H
  335  343  347  347  345  346  346  353  358  360  360  358  359  354  348  339
  328  315  298  279  260  235  215  202  199  200  212  227  249  261  272  270
  262  242  219  199  192  186  189  192  195  197  197  191  182  165  149  133
  123  112  104   95   89   83   79   74   71   72   78   94  111  134  160  183
  206  222  242  262  283  303  318  344  335                                   
    17.5-180.0 180.0   5.0 450.0                            LAT/LON1/LON2/DLON/H
  365  375  378  378  376  376  377  383  393  394  399  395  396  389  383  369
  356  337  319  296  278  257  244  235  238  240  254  265  282  287  291  283
  270  247  224  205  194  191  193  198  202  206  205  202  191  177  155  139
  125  114  105   96   89   83   80   76   73   72   76   91  111  136  165  192
  212  231  254  276  301  326  346  369  365                                   
    15.0-180.0 180.0   5.0 450.0                            LAT/LON1/LON2/DLON/H
  391  401  403  404  404  408  407  418  426  434  436  435  434  427  417  403
  388  369  347  324  304  289  280  279  281  284  289  294  298  295  290  275
  262  238  218  203  197  195  200  204  210  212  213  210  203  186  167  148
  134  119  110   99   91   85   82   79   77   76   79   92  111  137  169  196
  222  240  267  290  317  347  369  390  391                                   
    12.5-180.0 180.0   5.0 450.0                            LAT/LON1/LON2/DLON/H
  411  426  425  430  432  438  440  449  461  470  477  475  474  464  454  437
  424  401  381  356  344  332  334  333  335  327  322  313  303  290  274  258
  243  226  212  207  201  203  204  209  212  214  212  210  202  190  169  153
  136  122  112  101   93   86   82   78   77   76   79   92  112  139  173  205
  229  249  275  299  328  358  387  408  411                                   
    10.0-180.0 180.0   5.0 450.0                            LAT/LON1/LON2/DLON/H
  428  443  443  447  452  461  464  478  489  505  512  515  512  502  488  475
  460  441  419  399  389  383  387  385  378  360  338  317  293  272  252  233
  223  214  213  212  213  212  214  214  217  213  211  204  199  185  170  154
  140  124  115  103   94   87   83   80   79   78   81   94  114  142  181  212
  239  258  284  305  334  366  396  417  428                                   
     7.5-180.0 180.0   5.0 450.0                            LAT/LON1/LON2/DLON/H
  439  461  456  465  470  481  489  499  513  529  540  546  544  533  519  504
  493  473  458  438  436  430  440  431  420  385  354  317  284  257  233  221
