data/unet/pred2910.15i
     1.0            IONOSPHERE MAPS     GNSS                IONEX VERSION / TYPE
pyspatialgeodesy        IME             05-JAN-18 20:20     PGM / RUN BY / DATE 
Map Name                                                    COMMENT             
Predicted global ionosphere maps (GIM).                     DESCRIPTION         
  2015    10    18     0     0     0                        EPOCH OF FIRST MAP  
  2015    10    19     0     0     0                        EPOCH OF LAST MAP   
  7200                                                      INTERVAL            
    13                                                      # OF MAPS IN FILE   
  NONE                                                      MAPPING FUNCTION    
10.0                                                        ELEVATION CUTOFF    
One-way carrier phase leveled to code                       OBSERVABLES USED    
  6371.0                                                    BASE RADIUS         
 2                                                          MAP DIMENSION       
   450.0 450.0   0.0                                        HGT1 / HGT2 / DHGT  
    87.5 -87.5  -2.5                                        LAT1 / LAT2 / DLAT  
  -180.0 180.0   5.0                                        LON1 / LON2 / DLON  
    -1                                                      EXPONENT            
                                                            END OF HEADER       
[from data line 1287]
     4                                                      START OF TEC MAP    
  2015    10    18     6     0     0                        EPOCH OF CURRENT MAP
    87.5-180.0 180.0   5.0 450.0                            LAT/LON1/LON2/DLON/H
   37   75   71   67   73   68   74   72   78   76   81   79   83   81   84   82
   83   81   82   80   81   80   81   80   81   81   81   81   82   82   83   83
   84   84   85   85   86   85   87   86   88   86   88   86   88   86   87   84
   86   82   84   80   82   77   79   73   76   69   72   66   71   64   68   61
   66   59   66   61   70   62   87   40   37                                   
    85.0-180.0 180.0   5.0 450.0                            LAT/LON1/LON2/DLON/H
   70   76   71   73   74   75   77   79   80   83   83   86   85   87   86   87
   85   86   84   84   81   82   79   80   77   78   76   77   75   77   75   78
   76   78   77   80   79   81   81   83   84   85   86   87   87   88   89   89
   89   88   89   87   88   86   87   84   85   81   83   79   81   76   78   74
   76   71   74   71   74   64   82   63   70                                   
    82.5-180.0 180.0   5.0 450.0                            LAT/LON1/LON2/DLON/H
   60   66   62   62   66   62   70   68   76   74   82   79   85   81   86   81
   84   78   81   75   77   71   73   67   70   64   67   63   66   62   67   64
   69   66   72   70   76   74   80   79   84   84   88   88   91   90   94   93
   95   93   95   92   93   89   90   85   86   80   81   75   78   70   72   65
   69   61   65   59   64   53   70   51   60                                   
    80.0-180.0 180.0   5.0 450.0                            LAT/LON1/LON2/DLON/H
   62   61   53   55   55   61   61   69   68   76   75   81   78   83   78   82
   76   77   71   72   65   65   59   59   54   55   51   53   50   53   52   55
   54   58   58   63   64   68   70   75   77   82   84   88   90   93   96   97
   99   99  101  101  102  100  100   98   96   94   90   88   84   81   76   74
   69   67   62   61   56   50   57   46   62                                   
    77.5-180.0 180.0   5.0 450.0                            LAT/LON1/LON2/DLON/H
   60   61   52   52   51   54   56   61   64   68   71   73   74   75   73   74
   69   68   62   61   55   53   48   47   44   43   42   43   42   44   45   47
   48   50   53   56   59   62   66   71   74   80   83   89   91   98  100  107
  108  114  114  118  117  119  117  116  114  110  107  103   98   94   88   86
   79   77   72   70   64   57   65   47   60                                   
    75.0-180.0 180.0   5.0 450.0                            LAT/LON1/LON2/DLON/H
   67   63   55   52   47   52   52   58   58   64   64   68   66   69   65   67
   60   60   53   53   45   45   39   39   36   36   35   36   37   38   40   41
   43   45   47   51   53   58   61   67   70   77   81   89   94  101  108  114
  118  124  128  134  135  139  138  139  135  132  125  122  117  111  104   98
   91   88   82   79   73   66   71   55   67                                   
    72.5-180.0 180.0   5.0 450.0                            LAT/LON1/LON2/DLON/H
   75   69   58   54   50   50   51   53   55   57   59   58   58   57   55   54
   49   48   42   41   36   34   32   31   31   31   32   33   34   35   36   38
   39   41   44   47   50   54   59   64   70   77   84   93  100  108  115  122
  129  135  142  148  154  158  161  162  161  156  150  144  137  130  122  116
  108  104   97   95   89   81   85   68   75                                   
    70.0-180.0 180.0   5.0 450.0                            LAT/LON1/LON2/DLON/H
   87   79   66   59   52   53   50   54   52   56   54   55   52   53   49   50
   45   46   40   42   35   37   33   35   33   34   34   36   37   38   39   39
   40   41   42   45   46   51   53   60   65   73   79   90   98  107  116  124
  132  142  151  163  169  177  180  185  183  181  172  165  157  148  140  133
  128  121  117  112  107   96   97   85   87                                   
    67.5-180.0 180.0   5.0 450.0                            LAT/LON1/LON2/DLON/H
   98   88   74   65   59   54   54   52   55   53   55   52   51   48   45   45
   40   41   37   38   35   35   35   36   37   38   40   41   42   42   41   41
   40   40   40   41   43   45   50   56   64   71   80   90   98  106  116  124
  134  143  157  168  178  184  190  193  195  191  186  178  170  161  151  145
  137  135  129  128  123  113  112   98   98                                   
    65.0-180.0 180.0   5.0 450.0                            LAT/LON1/LON2/DLON/H
  106   96   79   70   60   58   54   56   55   56   54   52   50   48   45   46
   43   46   43   48   44   48   44   49   46   50   48   52   49   50   46   46
   42   43   39   42   39   45   46   56   60   70   76   88   93  104  110  123
  129  145  157  174  182  192  196  202  202  201  191  186  177  168  157  149
  143  139  138  135  133  123  120  112  106                                   
    62.5-180.0 180.0   5.0 450.0                            LAT/LON1/LON2/DLON/H
  112   99   82   71   63   58   57   55   58   56   57   54   53   50   49   50
   48   51   47   51   47   49   47   50   51   52   52   51   50   47   45   41
   39   35   36   34   38   39   46   52   62   69   80   86   95  100  110  117
  130  141  159  173  186  193  202  204  209  201  195  186  180  171  160  154
  144  142  137  139  136  129  126  115  112                                   
    60.0-180.0 180.0   5.0 450.0                            LAT/LON1/LON2/DLON/H
  114  103   84   71   61   57   55   57   58   57   58   54   54   51   51   51
   52   54   55   57   55   58   53   58   54   58   53   55   48   48   40   40
   33   35   30   35   34   41   43   53   60   74   78   90   91  102  104  118
  125  144  158  177  189  199  205  210  212  209  197  191  183  176  163  156
  148  143  140  138  138  132  128  122  114                                   
    57.5-180.0 180.0   5.0 450.0                            LAT/LON1/LON2/DLON/H
  118  102   83   69   60   56   53   54   56   55   57   55   55   54   55   55
   57   58   57   58   54   54   49   52   52   53   52   48   46   39   36   29
   29   26   29   30   37   39   49   54   68   75   87   90   98  100  110  117
  132  146  168  183  199  205  216  216  223  214  208  199  195  187  176  167
  156  150  143  141  138  133  129  121  118                                   
    55.0-180.0 180.0   5.0 450.0                            LAT/LON1/LON2/DLON/H
  121  111   87   73   62   56   54   55   56   56   56   54   56   54   57   56
   60   58   61   59   59   56   53   54   51   55   49   50   39   39   29   30
   23   26   25   33   35   45   49   62   70   84   89  100  101  110  114  127
  138  160  178  196  212  221  230  232  234  229  220  214  210  204  194  183
  168  159  151  146  143  137  132  127  121                                   
    52.5-180.0 180.0   5.0 450.0                            LAT/LON1/LON2/DLON/H
  133  114   96   80   69   62   57   56   55   54   54   54   55   55   57   58
   60   60   59   57   54   52   47   49   46   48   46   43   38   32   27   24
   23   24   31   36   45   50   61   70   85   93  104  109  118  122  132  142
  157  176  197  214  233  240  250  249  251  245  238  231  227  223  214  206
  189  175  165  159  153  146  141  130  133                                   
    50.0-180.0 180.0   5.0 450.0                            LAT/LON1/LON2/DLON/H
  145  132  109   93   82   73   68   63   62   58   57   54   56   56   58   58
   61   57   61   55   58   51   52   50   52   53   50   48   39   36   28   27
   24   29   32   42   49   59   66   80   91  105  112  123  130  138  146  159
  176  195  217  236  252  261  268  269  268  262  253  248  245  240  234  223
  210  193  179  170  165  157  152  143  145                                   
    47.5-180.0 180.0   5.0 450.0                            LAT/LON1/LON2/DLON/H
  160  141  125  108   97   87   80   72   68   61   59   56   57   58   59   59
   59   58   57   56   54   53   50   52   53   56   54   50   44   37   31   28
   29   33   42   50   61   69   80   92  108  119  133  142  154  160  170  181
  199  215  237  252  268  275  281  280  278  271  263  260  255  254  246  239
  224  210  195  184  179  169  166  149  160                                   
    45.0-180.0 180.0   5.0 450.0                            LAT/LON1/LON2/DLON/H
  171  157  140  126  115  104   97   86   82   71   68   62   63   61   62   60
   61   58   61   57   62   58   63   62   67   66   66   62   53   47   38   36
   36   42   49   60   67   80   87  105  117  132  146  158  169  178  192  202
  219  236  255  269  280  289  291  291  286  280  270  266  262  258  252  242
  230  217  205  193  186  175  174  162  171                                   
    42.5-180.0 180.0   5.0 450.0                            LAT/LON1/LON2/DLON/H
  177  164  151  139  129  118  111   98   91   80   77   70   71   70   67   66
   62   63   62   65   65   68   68   73   73   76   73   69   60   52   44   40
   41   45   56   64   77   87  102  116  133  148  165  176  192  202  216  225
  241  253  270  280  291  295  296  294  289  283  273  270  264  261  252  243
  229  219  208  197  190  180  178  161  177                                   
    40.0-180.0 180.0   5.0 450.0                            LAT/LON1/LON2/DLON/H
  177  165  150  144  137  129  122  111  103   92   88   80   82   76   76   71
   70   68   73   74   81   82   88   89   93   91   86   81   70   63   53   52
   49   57   60   76   81  100  108  130  145  162  177  193  211  223  236  247
  259  271  284  295  302  306  305  305  299  294  282  278  271  264  255  242
  229  218  210  197  190  176  177  164  177                                   
    37.5-180.0 180.0   5.0 450.0                            LAT/LON1/LON2/DLON/H
  167  153  140  134  131  126  123  112  107   97   95   91   92   90   86   83
   77   79   78   85   86   94   92   99   95   96   87   80   70   59   52   45
   49   49   61   69   87  100  122  139  161  176  195  211  231  242  254  262
  274  283  299  307  316  319  321  321  318  313  303  296  286  276  264  248
  233  221  213  199  191  175  172  156  167                                   
    35.0-180.0 180.0   5.0 450.0                            LAT/LON1/LON2/DLON/H
  157  141  122  121  120  118  118  112  109  102  103   98  103   97  100   91
   92   88   95   96  106  106  109  108  105  101   91   84   71   65   53   52
   48   54   58   74   85  108  127  150  172  188  210  227  247  257  269  278
  290  303  319  334  343  350  353  356  355  353  342  335  318  302  282  263
  246  232  222  205  193  173  170  153  157                                   
    32.5-180.0 180.0   5.0 450.0                            LAT/LON1/LON2/DLON/H
  153  130  108  104  102  101  103  100  100   97  100  100  105  106  107  103
  101  100  102  107  109  112  106  108   99   96   86   77   71   59   54   47
   50   51   64   76   94  117  144  165  188  204  225  244  260  269  282  291
  308  323  347  361  379  386  397  401  406  404  397  386  372  350  326  300
  277  261  247  227  210  186  175  153  153                                   
    30.0-180.0 180.0   5.0 450.0                            LAT/LON1/LON2/DLON/H
  158  130  102   97   93   88   91   88   93   93   98   99  107  108  114  109
  114  110  116  114  119  115  110  108  102   96   86   80   68   63   52   52
   49   53   62   78   97  122  151  171  198  210  238  253  273  280  298  310
  332  353  380  399  419  431  443  450  457  463  457  451  432  413  383  355
  325  299  277  254  233  201  185  165  158                                   
    27.5-180.0 180.0   5.0 450.0                            LAT/LON1/LON2/DLON/H
  176  139  114  100   90   83   80   80   83   84   89   91   99  104  111  112
  115  114  115  115  111  108   99  102   94   93   87   79   74   63   60   52
   55   56   68   84  102  130  160  182  204  220  243  263  282  293  313  331
  362  384  417  436  463  472  489  497  509  519  519  515  501  481  452  421
  388  363  337  306  274  239  211  191  176                                   
    25.0-180.0 180.0   5.0 450.0                            LAT/LON1/LON2/DLON/H
  219  165  135  119  103   91   86   81   83   83   88   90   97  100  110  110
  117  113  115  110  107  103  101  104  103  103   95   90   78   74   65   63
   60   62   71   86  107  131  165  185  206  222  252  272  297  308  333  354
  389  415  453  481  508  523  537  547  563  578  583  584  570  554  525  497
  461  434  407  376  340  292  252  234  219                                   
    22.5-180.0 180.0   5.0 450.0                            LAT/LON1/LON2/DLON/H
  268  202  178  150  129  117  106  100   95   92   92   90   92   93   99  103
  105  105  100   98   92   95   95  108  110  114  111  104   99   89   82   73
   74   77   88   97  115  142  171  195  212  227  254  282  305  328  353  381
  418  452  495  528  556  568  582  596  615  635  643  645  635  619  595  568
  536  508  479  448  410  366  315  292  268                                   
    20.0-180.0 180.0   5.0 450.0                            LAT/LON1/LON2/DLON/H
  345  273  241  208  178  157  142  130  121  112  106  100   98   96  100  100
  105  101   99   95   95  101  109  124  131  137  131  128  113  107   87   84
   79   80   91   99  119  141  171  194  213  230  260  290  320  346  373  409
  446  489  532  565  591  602  615  631  648  665  674  681  682  676  656  631
  601  573  546  517  478  435  387  362  345                                   
    17.5-180.0 180.0   5.0 450.0                            LAT/LON1/LON2/DLON/H
  415  356  324  278  242  214  190  171  157  143  130  117  109  103  100   97
   95   93   86   88   88  105  118  139  153  161  160  152  134  117  101   94
   87   87   94  103  118  145  173  199  218  236  262  298  329  364  393  433
  472  514  552  581  600  609  622  639  656  668  677  683  691  694  689  673
  646  618  591  563  527  491  451  421  415                                   
    15.0-180.0 180.0   5.0 450.0                            LAT/LON1/LON2/DLON/H
  469  427  400  363  323  285  247  226  200  184  164  152  134  128  115  113
  105  104   98  101  107  126  145  171  186  197  191  181  152  139  117  108
   98   92   92   98  114  140  166  197  216  239  268  305  340  375  411  452
  489  524  555  580  591  598  606  625  638  655  662  673  683  693  691  688
  667  644  615  590  559  526  496  470  469                                   
    12.5-180.0 180.0   5.0 450.0                            LAT/LON1/LON2/DLON/H
  499  472  458  426  394  356  316  279  250  223  201  182  171  148  134  119
  110  101  103  110  121  142  168  195  215  222  212  189  164  144  127  112
  103   92   92   99  114  137  166  193  220  244  277  315  349  388  425  463
  494  524  549  565  571  573  581  595  611  628  640  650  664  676  682  682
  669  647  625  602  575  551  526  502  499                                   
    10.0-180.0 180.0   5.0 450.0                            LAT/LON1/LON2/DLON/H
  515  497  489  468  444  417  379  343  301  277  241  225  205  187  158  147
  125  122  112  126  138  168  194  225  241  243  225  202  177  156  138  120
  104   91   86   96  107  133  156  192  217  246  279  318  354  392  429  460
  488  512  530  540  543  551  556  576  589  610  614  628  644  661  668  672
  659  646  618  602  578  559  542  521  515                                   
     7.5-180.0 180.0   5.0 450.0                            LAT/LON1/LON2/DLON/H
  523  510  514  501  480  454  423  389  349  319  285  262  240  217  194  170
  154  136  131  131  150  170  204  229  243  242  223  200  176  152  134  113
