data/unet/pred2740.15i
     1.0            IONOSPHERE MAPS     GNSS                IONEX VERSION / TYPE
pyspatialgeodesy        IME             05-JAN-18 20:20     PGM / RUN BY / DATE 
Map Name                                                    COMMENT             
Predicted global ionosphere maps (GIM).                     DESCRIPTION         
  2015    10     1     0     0     0                        EPOCH OF FIRST MAP  
  2015    10     2     0     0     0                        EPOCH OF LAST MAP   
  7200                                                      INTERVAL            
    13                                                      # OF MAPS IN FILE   
  NONE                                                      MAPPING FUNCTION    
10.0                                                        ELEVATION CUTOFF    
One-way carrier phase leveled to code                       OBSERVABLES USED    
  6371.0                                                    BASE RADIUS         
 2                                                          MAP DIMENSION       
   450.0 450.0   0.0                                        HGT1 / HGT2 / DHGT  
    87.5 -87.5  -2.5                                        LAT1 / LAT2 / DLAT  
  -180.0 180.0   5.0                                        LON1 / LON2 / DLON  
    -1                                                      EXPONENT            
                                                            END OF HEADER       
[from data line 858]
     3                                                      START OF TEC MAP    
  2015    10     1     4     0     0                        EPOCH OF CURRENT MAP
    87.5-180.0 180.0   5.0 450.0                            LAT/LON1/LON2/DLON/H
  139  138  128  127  124  122  120  121  121  121  120  120  120  119  119  117
  117  115  115  113  113  111  110  108  108  106  106  104  104  103  103  102
  103  103  103  103  103  104  105  105  107  107  109  109  112  112  114  114
  117  117  118  118  120  120  121  121  123  123  124  123  126  125  125  125
  126  125  124  125  126  125  142  162  139                                   
    85.0-180.0 180.0   5.0 450.0                            LAT/LON1/LON2/DLON/H
  137  140  123  128  123  121  119  121  119  121  120  120  119  119  119  118
  117  115  113  111  108  107  103  102   99   98   95   95   92   93   91   93
   92   94   93   96   96   99   99  103  104  107  108  111  112  116  116  120
  120  124  124  127  127  130  130  132  132  134  133  134  135  135  134  134
  134  134  132  135  132  133  142  149  137                                   
    82.5-180.0 180.0   5.0 450.0                            LAT/LON1/LON2/DLON/H
  130  127  127  123  120  113  115  113  116  114  117  116  117  116  117  115
  115  112  110  107  104   99   96   91   88   84   81   77   75   72   72   71
   72   73   75   77   80   83   86   90   94   99  102  108  113  118  123  127
  133  136  141  144  148  149  152  152  154  152  152  150  151  148  147  143
  145  140  141  136  141  134  148  141  130                                   
    80.0-180.0 180.0   5.0 450.0                            LAT/LON1/LON2/DLON/H
  141  138  134  133  123  119  116  117  115  117  117  119  118  120  119  119
  118  116  113  109  105  100   95   88   84   77   73   68   64   61   60   60
   62   63   66   70   74   78   82   87   93   97  103  108  115  122  128  134
  141  145  150  154  158  160  163  164  166  165  165  163  164  161  160  157
  158  155  154  154  152  147  152  148  141                                   
    77.5-180.0 180.0   5.0 450.0                            LAT/LON1/LON2/DLON/H
  143  144  141  135  120  117  111  112  108  111  109  113  112  115  114  116
  114  114  110  107  101   96   88   81   74   67   60   55   49   47   47   47
   50   52   56   60   65   69   75   80   86   91   96  103  112  119  128  135
  142  147  154  158  164  169  173  176  178  179  179  179  179  178  175  174
  173  172  170  171  169  164  164  160  143                                   
    75.0-180.0 180.0   5.0 450.0                            LAT/LON1/LON2/DLON/H
  154  152  147  139  121  113  109  106  104  103  104  103  106  105  109  107
  110  107  107  101   98   90   85   75   69   59   53   44   42   38   40   38
   43   44   50   52   58   61   68   71   77   82   88   93   99  110  118  126
  134  142  151  158  166  172  180  182  186  186  188  186  188  186  186  185
  186  185  187  188  186  178  179  173  154                                   
    72.5-180.0 180.0   5.0 450.0                            LAT/LON1/LON2/DLON/H
  161  158  159  145  125  113  106  102   97   96   93   94   93   96   97  100
  100  101  100   97   93   88   82   73   67   58   52   45   41   37   39   38
   42   43   48   51   55   58   62   65   69   73   78   84   91  100  111  120
  130  139  151  159  169  177  185  190  192  194  193  192  192  191  191  191
  192  194  198  200  202  198  196  189  161                                   
    70.0-180.0 180.0   5.0 450.0                            LAT/LON1/LON2/DLON/H
  174  170  170  158  134  120  110  104   97   93   89   86   86   84   87   87
   92   90   94   90   91   84   81   72   68   59   55   47   45   40   43   41
   45   44   49   49   53   53   57   57   61   64   70   76   84   95  104  115
  125  138  150  163  173  183  191  196  200  200  198  197  196  194  193  193
  195  198  204  208  211  206  207  201  174                                   
    67.5-180.0 180.0   5.0 450.0                            LAT/LON1/LON2/DLON/H
  181  179  181  166  141  124  110  102   92   87   79   77   71   72   70   74
   75   80   81   83   82   80   77   72   67   62   58   53   50   48   47   46
   47   46   48   48   49   49   50   51   54   57   63   69   80   91  103  114
  127  139  155  168  181  190  198  203  205  204  201  197  195  192  189  189
  191  195  202  208  214  215  214  207  181                                   
    65.0-180.0 180.0   5.0 450.0                            LAT/LON1/LON2/DLON/H
  190  187  187  176  151  136  118  107   98   89   81   74   69   64   61   62
   66   68   74   75   79   76   76   71   69   63   63   58   57   53   53   49
   50   47   47   45   46   44   45   44   48   50   59   66   79   93  105  117
  130  145  160  173  184  195  203  208  210  208  204  200  196  192  188  186
  187  190  196  204  210  210  213  210  190                                   
    62.5-180.0 180.0   5.0 450.0                            LAT/LON1/LON2/DLON/H
  189  187  189  177  157  140  122  109   99   90   80   73   64   58   51   53
   53   59   63   68   69   70   68   68   65   64   62   62   59   58   53   51
   48   45   43   41   41   39   40   41   44   50   59   69   84   98  111  124
  138  152  167  179  192  201  210  215  217  215  207  202  197  191  185  180
  179  181  186  193  201  205  208  203  189                                   
    60.0-180.0 180.0   5.0 450.0                            LAT/LON1/LON2/DLON/H
  189  186  185  175  157  142  123  112  104   92   85   75   67   58   52   49
   52   53   59   60   66   62   64   60   62   59   62   59   61   56   54   49
   47   41   41   38   38   36   38   39   45   51   63   75   93  107  120  133
  146  160  174  186  198  207  216  221  224  220  214  207  204  197  189  183
  179  178  180  185  191  192  200  196  189                                   
    57.5-180.0 180.0   5.0 450.0                            LAT/LON1/LON2/DLON/H
  185  181  183  172  156  140  124  114  104   96   87   79   70   62   55   53
   53   55   57   60   60   59   57   57   56   57   58   60   58   56   51   47
   44   40   40   38   40   39   41   44   50   58   71   87  105  118  134  145
  159  171  183  196  207  218  226  232  233  232  224  220  213  208  200  193
  184  181  179  182  186  188  193  188  185                                   
    55.0-180.0 180.0   5.0 450.0                            LAT/LON1/LON2/DLON/H
  186  183  180  170  154  140  124  113  107   96   90   80   75   66   61   56
   58   56   59   57   59   53   54   51   54   53   58   56   58   53   51   45
   44   40   41   41   44   44   47   49   56   65   81   98  116  131  147  158
  169  182  194  206  218  227  237  241  246  244  240  235  230  225  217  209
  199  193  188  188  188  186  191  186  186                                   
    52.5-180.0 180.0   5.0 450.0                            LAT/LON1/LON2/DLON/H
  191  185  185  173  157  143  128  117  107  100   92   86   79   73   68   65
   65   64   63   62   59   57   54   54   56   58   61   62   61   58   52   48
   46   45   47   49   53   54   57   60   66   76   92  111  131  147  162  173
  184  197  208  221  231  242  249  257  259  259  254  251  247  244  237  228
  217  210  203  201  200  196  197  190  191                                   
    50.0-180.0 180.0   5.0 450.0                            LAT/LON1/LON2/DLON/H
  200  198  194  185  170  154  136  122  113  102   97   88   85   76   75   69
   71   66   67   62   64   57   60   58   65   63   70   67   69   64   60   54
   54   53   57   59   64   65   67   69   75   85  102  121  141  159  174  187
  198  211  223  235  246  256  265  270  272  271  268  267  264  262  255  248
  238  230  222  218  215  207  208  201  200                                   
    47.5-180.0 180.0   5.0 450.0                            LAT/LON1/LON2/DLON/H
  216  212  210  200  185  169  150  133  119  108   99   93   88   83   78   76
   74   72   70   67   67   67   69   71   76   79   82   81   79   75   69   65
   62   63   67   72   75   76   76   78   83   93  111  132  153  171  187  201
  213  227  238  252  262  273  280  286  284  283  280  278  275  273  267  261
  252  245  238  235  233  226  221  215  216                                   
    45.0-180.0 180.0   5.0 450.0                            LAT/LON1/LON2/DLON/H
  229  227  225  217  203  187  168  148  131  117  108   99   96   87   85   79
   80   73   75   71   76   76   83   85   92   91   95   91   90   84   80   74
   74   73   78   81   83   84   83   84   87   98  115  140  159  180  197  212
  226  241  254  267  279  288  294  297  294  292  286  284  279  278  271  267
  258  254  249  249  247  240  233  229  229                                   
    42.5-180.0 180.0   5.0 450.0                            LAT/LON1/LON2/DLON/H
  243  237  235  228  213  200  181  163  142  127  115  107  100   95   89   86
   83   80   80   81   84   91   95  101  102  104  102   99   95   90   85   82
   79   81   84   89   89   89   87   88   92  102  123  147  169  190  208  225
  239  255  269  283  294  302  307  308  304  298  291  286  282  278  272  266
  259  254  252  252  255  251  244  241  243                                   
    40.0-180.0 180.0   5.0 450.0                            LAT/LON1/LON2/DLON/H
  249  246  242  235  223  209  192  174  154  137  125  116  111  102   99   92
   92   87   90   90   98  101  109  110  114  109  108  102   98   93   90   87
   86   86   89   91   91   90   87   90   94  106  127  154  175  197  215  233
  250  266  282  295  306  312  316  316  313  307  298  294  286  282  272  266
  257  254  251  255  259  255  252  251  249                                   
    37.5-180.0 180.0   5.0 450.0                            LAT/LON1/LON2/DLON/H
  256  248  244  236  220  210  192  178  160  146  131  124  117  112  106  102
   99   97   99  102  107  113  117  118  117  111  106  101   96   93   90   88
   87   87   88   91   90   90   89   92   99  112  137  162  186  206  224  242
  257  273  289  302  312  320  325  327  326  322  315  309  302  294  284  273
  262  254  254  255  261  260  258  259  256                                   
    35.0-180.0 180.0   5.0 450.0                            LAT/LON1/LON2/DLON/H
  262  252  247  235  222  209  194  180  164  151  138  130  126  120  117  112
  111  109  111  113  119  120  122  120  118  110  104   98   94   92   90   89
   88   88   88   90   90   90   90   95  103  118  143  169  193  210  228  243
  261  276  291  303  317  327  337  342  345  345  342  339  332  323  310  296
  280  270  264  265  267  266  268  270  262                                   
    32.5-180.0 180.0   5.0 450.0                            LAT/LON1/LON2/DLON/H
  277  259  252  236  217  205  188  177  161  150  139  134  129  125  122  119
  118  117  120  122  125  125  124  120  114  107  101   96   94   93   92   91
   89   88   88   88   90   92   94  100  110  125  153  176  199  215  229  244
  258  272  286  298  312  326  340  352  364  373  375  375  371  363  350  334
  318  302  292  286  286  284  284  291  277                                   
    30.0-180.0 180.0   5.0 450.0                            LAT/LON1/LON2/DLON/H
  299  276  264  243  226  208  192  176  162  150  140  134  131  127  125  124
  125  124  127  126  128  124  122  117  112  106  103  101   99  100   98   96
   93   91   90   91   93   95   99  105  116  131  155  177  199  212  228  241
  258  271  284  297  307  324  342  361  380  399  410  418  417  413  401  385
  367  349  335  323  318  315  314  316  299                                   
    27.5-180.0 180.0   5.0 450.0                            LAT/LON1/LON2/DLON/H
  335  309  288  265  242  221  198  179  161  148  136  131  126  125  122  121
  123  122  125  123  123  120  118  117  115  115  115  115  115  114  111  107
  101   98   95   95   97   99  102  107  117  132  153  175  193  206  217  231
  246  258  272  284  301  318  341  361  386  414  437  451  458  458  451  438
  421  401  386  370  364  363  356  361  335                                   
    25.0-180.0 180.0   5.0 450.0                            LAT/LON1/LON2/DLON/H
  381  359  333  300  273  247  222  196  175  155  143  133  128  124  122  118
  119  118  119  116  116  113  115  119  125  132  138  140  138  133  128  120
  112  104  102  100  102   99  104  106  117  129  147  168  183  195  209  222
  240  251  269  286  304  325  348  373  403  432  454  478  489  497  499  489
  476  455  440  427  422  424  414  413  381                                   
    22.5-180.0 180.0   5.0 450.0                            LAT/LON1/LON2/DLON/H
  434  416  394  359  318  287  255  226  197  174  154  141  131  126  118  116
  112  109  107  103  105  106  115  129  144  160  172  177  173  162  149  137
  123  112  106  101  101   98  102  103  109  122  135  154  169  184  200  215
  233  247  271  290  315  338  363  392  424  454  477  498  514  525  528  525
  512  497  486  477  479  484  470  465  434                                   
    20.0-180.0 180.0   5.0 450.0                            LAT/LON1/LON2/DLON/H
  491  474  453  419  383  342  300  262  229  204  180  157  144  133  124  116
  111  101  100   96  101  109  126  150  176  195  212  214  208  189  169  149
  133  119  110  102  100   96   98   97  101  111  126  142  162  180  200  216
  237  255  281  304  331  355  382  412  442  472  492  514  533  543  550  550
  544  534  528  524  530  536  533  515  491                                   
    17.5-180.0 180.0   5.0 450.0                            LAT/LON1/LON2/DLON/H
  533  516  498  466  431  396  354  310  275  243  216  193  171  154  139  128
  117  106  100   97  103  116  142  174  204  229  245  247  235  212  184  154
  132  114  103   94   90   86   87   87   90   99  113  131  155  177  201  218
  246  264  295  317  346  373  402  431  454  482  501  523  535  544  552  557
  555  552  549  551  561  573  565  546  533                                   
    15.0-180.0 180.0   5.0 450.0                            LAT/LON1/LON2/DLON/H
  562  551  532  503  470  440  404  367  328  295  265  234  212  188  167  149
  136  122  115  112  119  137  170  204  241  269  284  279  257  224  192  157
  133  115   99   93   84   80   80   78   82   91  105  124  152  177  204  225
  255  279  311  336  365  395  421  444  465  489  501  519  528  537  548  557
  561  561  565  568  579  590  592  567  562                                   
    12.5-180.0 180.0   5.0 450.0                            LAT/LON1/LON2/DLON/H
  568  566  552  528  501  474  442  412  382  350  314  289  259  235  210  189
  171  155  146  141  148  167  196  234  269  294  300  290  257  222  186  151
  129  109   97   85   79   74   73   72   75   83   99  120  151  178  209  230
  266  290  324  352  383  413  432  448  464  483  491  506  513  521  532  543
  549  557  563  569  580  593  591  568  568                                   
    10.0-180.0 180.0   5.0 450.0                            LAT/LON1/LON2/DLON/H
  567  564  556  540  524  503  478  452  424  397  366  333  306  279  252  232
  216  201  188  183  186  201  225  260  289  302  300  278  243  203  170  138
  119  102   88   78   70   68   67   67   71   79   95  116  148  177  209  235
  271  300  333  366  399  422  437  452  465  482  490  504  509  518  528  539
  547  556  563  568  578  583  586  564  567                                   
     7.5-180.0 180.0   5.0 450.0                            LAT/LON1/LON2/DLON/H
  551  558  554  548  534  521  500  480  455  428  399  368  344  322  302  286
  268  253  239  230  228  237  251  275  292  293  278  249  216  179  153  126
