data/unet/pred0240.15i
     1.0            IONOSPHERE MAPS     GNSS                IONEX VERSION / TYPE
pyspatialgeodesy        IME             05-JAN-18 20:20     PGM / RUN BY / DATE 
Map Name                                                    COMMENT             
Predicted global ionosphere maps (GIM).                     DESCRIPTION         
  2015     1    24     0     0     0                        EPOCH OF FIRST MAP  
  2015     1    25     0     0     0                        EPOCH OF LAST MAP   
  7200                                                      INTERVAL            
    13                                                      # OF MAPS IN FILE   
  NONE                                                      MAPPING FUNCTION    
10.0                                                        ELEVATION CUTOFF    
One-way carrier phase leveled to code                       OBSERVABLES USED    
  6371.0                                                    BASE RADIUS         
 2                                                          MAP DIMENSION       
   450.0 450.0   0.0                                        HGT1 / HGT2 / DHGT  
    87.5 -87.5  -2.5                                        LAT1 / LAT2 / DLAT  
  -180.0 180.0   5.0                                        LON1 / LON2 / DLON  
    -1                                                      EXPONENT            
                                                            END OF HEADER       
[from data line 3861]
    10                                                      START OF TEC MAP    
  2015     1    24    18     0     0                        EPOCH OF CURRENT MAP
    87.5-180.0 180.0   5.0 450.0                            LAT/LON1/LON2/DLON/H
  114   76   74   78   78   77   78   79   81   82   84   85   87   88   90   91
   93   93   96   96   98   97  100   99  101   99  102  100  102   99  102   99
  101   98  101   98  100   97   98   95   97   93   95   91   93   89   91   86
   88   83   86   81   83   78   81   76   79   74   77   73   75   72   74   71
   73   71   72   71   75   71   79  106  114                                   
    85.0-180.0 180.0   5.0 450.0                            LAT/LON1/LON2/DLON/H
   60   53   54   59   60   62   62   65   66   70   70   74   74   79   78   83
   82   88   86   91   89   94   92   96   94   97   95   98   95   98   95   98
   94   97   93   96   92   95   90   93   88   90   85   88   83   84   79   81
   76   77   73   74   70   70   66   68   64   65   61   63   59   61   57   58
   55   57   53   55   56   55   65   88   60                                   
    82.5-180.0 180.0   5.0 450.0                            LAT/LON1/LON2/DLON/H
   47   41   42   47   47   50   51   54   57   61   64   68   71   76   78   82
   84   88   89   92   93   97   97  100   98  101   98  101   97  100   96   99
   94   98   93   96   92   95   91   92   89   90   86   87   83   83   79   78
   74   73   68   68   63   63   58   58   54   56   51   53   49   51   46   48
   43   45   41   43   41   41   46   57   47                                   
    80.0-180.0 180.0   5.0 450.0                            LAT/LON1/LON2/DLON/H
   41   37   37   41   42   44   46   51   54   59   63   67   72   76   80   84
   87   91   93   96   97  100   99  102   99  101   97   98   93   94   89   91
   87   89   85   88   84   88   84   87   83   85   81   82   79   79   75   74
   71   69   65   64   60   60   56   56   53   53   50   50   47   47   43   43
   40   41   37   38   37   33   43   45   41                                   
    77.5-180.0 180.0   5.0 450.0                            LAT/LON1/LON2/DLON/H
   38   35   36   37   40   41   44   47   51   55   60   65   70   75   80   86
   89   94   97  100  102  103  103  102   99   96   93   89   84   81   79   77
   74   75   73   74   73   74   72   74   72   73   71   71   69   68   67   65
   64   62   61   59   58   57   57   55   55   54   54   52   52   49   49   45
   44   42   41   40   39   36   40   41   38                                   
    75.0-180.0 180.0   5.0 450.0                            LAT/LON1/LON2/DLON/H
   43   41   38   42   41   46   45   51   51   59   61   69   72   80   85   92
   96  102  106  108  110  110  110  107  102   97   90   84   78   73   71   68
   65   64   63   64   61   63   60   64   60   64   60   63   59   62   59   61
   58   59   58   59   58   59   59   59   58   59   58   57   55   54   52   50
   47   46   44   44   43   37   47   46   43                                   
    72.5-180.0 180.0   5.0 450.0                            LAT/LON1/LON2/DLON/H
   51   47   47   46   46   49   50   54   55   62   65   73   77   85   92  100
  106  112  117  121  122  123  121  116  110  102   95   86   80   73   69   64
   61   58   57   56   54   54   53   54   52   52   52   52   52   51   52   51
   51   51   54   55   58   59   62   62   64   63   64   63   62   60   58   55
   54   51   52   50   51   47   55   47   51                                   
    70.0-180.0 180.0   5.0 450.0                            LAT/LON1/LON2/DLON/H
   60   54   51   53   51   55   54   61   60   69   71   81   85   95  102  112
  119  127  133  139  139  139  134  130  120  113  103   95   86   79   72   66
   60   55   52   51   47   47   46   46   44   45   43   44   41   44   43   47
   46   50   51   55   57   61   63   65   66   67   67   67   65   64   62   60
   58   58   58   58   59   53   63   54   60                                   
    67.5-180.0 180.0   5.0 450.0                            LAT/LON1/LON2/DLON/H
   65   60   57   56   54   57   58   64   67   76   80   91   96  107  114  125
  133  143  151  157  159  157  151  145  136  127  118  107   99   89   83   72
   67   57   54   48   45   42   41   39   37   37   36   38   38   39   40   41
   43   46   49   54   56   60   62   65   67   67   68   67   66   64   63   60
   59   58   59   58   61   58   67   54   65                                   
    65.0-180.0 180.0   5.0 450.0                            LAT/LON1/LON2/DLON/H
   65   62   57   58   56   59   61   69   74   85   91  103  109  121  129  141
  150  162  171  179  182  180  173  163  151  143  131  123  112  103   94   86
   76   67   59   52   45   42   38   36   33   34   32   34   32   36   35   39
   39   44   45   51   52   57   57   62   62   65   64   65   61   61   58   57
   55   55   55   56   59   55   66   54   65                                   
    62.5-180.0 180.0   5.0 450.0                            LAT/LON1/LON2/DLON/H
   61   57   54   53   52   57   60   72   80   94  103  116  124  136  144  157
  167  180  191  200  204  201  195  184  172  160  150  141  132  120  113   99
   91   76   69   56   49   40   38   34   33   31   31   32   32   33   35   36
   40   41   45   46   51   51   54   55   58   58   59   58   57   54   53   51
   49   47   48   48   51   50   60   46   61                                   
    60.0-180.0 180.0   5.0 450.0                            LAT/LON1/LON2/DLON/H
   53   54   49   50   48   55   61   75   86  104  115  130  137  150  158  170
  183  194  210  217  221  215  211  199  188  176  166  156  147  138  128  117
  103   90   78   67   55   47   41   38   36   35   35   36   35   36   35   39
   39   42   44   46   47   49   49   53   52   55   53   54   50   50   48   46
   44   43   41   42   44   43   53   39   53                                   
    57.5-180.0 180.0   5.0 450.0                            LAT/LON1/LON2/DLON/H
   48   49   47   49   50   57   65   81   97  115  130  142  152  162  172  184
  197  211  224  231  232  226  221  212  203  192  186  179  170  160  152  137
  124  104   93   77   66   53   48   43   42   41   42   43   42   42   42   42
   42   43   46   46   47   47   49   49   51   50   51   49   48   46   46   44
   42   40   39   37   40   41   50   31   48                                   
    55.0-180.0 180.0   5.0 450.0                            LAT/LON1/LON2/DLON/H
   46   51   48   52   53   62   72   89  107  127  142  156  164  175  182  193
  208  217  234  236  240  231  226  216  211  203  201  196  190  180  168  155
  139  121  106   90   77   65   59   54   53   51   54   53   54   53   52   50
   48   50   49   50   49   50   49   52   50   52   50   49   48   49   48   47
   44   42   41   40   41   41   51   31   46                                   
    52.5-180.0 180.0   5.0 450.0                            LAT/LON1/LON2/DLON/H
   51   53   54   59   63   72   85  101  122  140  159  170  180  185  194  204
  216  227  239  243  243  236  231  224  220  216  216  213  210  199  190  172
  159  136  122  102   89   76   70   65   63   63   64   65   65   64   63   62
   60   59   59   58   58   56   58   55   57   53   54   52   54   53   55   53
   52   48   48   45   47   46   56   32   51                                   
    50.0-180.0 180.0   5.0 450.0                            LAT/LON1/LON2/DLON/H
   58   63   62   69   74   86   99  117  137  156  172  182  189  194  202  209
  221  229  244  244  246  236  236  228  228  225  226  224  221  211  199  183
  167  148  131  114  101   90   84   78   78   75   77   77   79   77   77   76
   75   74   72   72   70   71   68   69   65   65   62   62   61   63   64   65
   64   61   59   56   54   53   60   41   58                                   
    47.5-180.0 180.0   5.0 450.0                            LAT/LON1/LON2/DLON/H
   67   70   72   79   89  100  115  132  153  170  187  195  202  204  212  218
  228  237  245  248  246  241  240  238  237  236  237  234  228  216  206  187
  174  153  138  121  109  100   93   89   87   85   85   85   86   86   86   86
   86   86   86   85   86   84   85   82   80   76   75   73   74   74   77   75
   76   71   70   64   64   60   66   49   67                                   
    45.0-180.0 180.0   5.0 450.0                            LAT/LON1/LON2/DLON/H
   74   80   79   91   99  115  128  148  166  184  197  205  211  214  218  223
  233  242  250  249  249  245  247  246  248  247  246  242  232  217  201  186
  170  153  137  126  117  110  104   99   96   93   93   92   94   93   96   96
   97   98   98   99   98  100   97   97   91   90   86   84   83   85   85   86
   84   81   79   74   71   67   69   61   74                                   
    42.5-180.0 180.0   5.0 450.0                            LAT/LON1/LON2/DLON/H
   77   81   86   98  112  125  142  159  177  193  207  216  224  225  230  235
  243  250  254  255  253  253  255  258  260  257  254  243  231  210  196  177
  165  146  135  127  120  115  108  104  100   97   95   95   95   96   98  100
  102  103  104  105  106  106  107  104  102   97   95   91   92   89   92   88
   87   82   81   75   75   68   73   68   77                                   
    40.0-180.0 180.0   5.0 450.0                            LAT/LON1/LON2/DLON/H
   75   79   84  102  116  135  150  167  183  200  213  223  231  235  239  244
  253  258  263  260  261  260  266  268  271  268  262  248  229  206  188  170
  155  142  132  130  126  122  117  112  107  101  100   98   99   99  102  103
  106  107  108  109  107  110  107  109  104  103   99   97   95   94   93   89
   85   80   78   73   72   68   72   66   75                                   
    37.5-180.0 180.0   5.0 450.0                            LAT/LON1/LON2/DLON/H
   67   74   84  102  120  137  155  171  188  204  219  231  241  246  254  258
  266  269  272  271  270  270  275  277  277  272  266  249  231  205  189  170
  156  144  139  137  134  132  126  122  115  109  105  103  102  102  104  105
  106  107  107  108  108  108  109  107  106  103  101   97   96   92   91   84
   79   71   68   64   66   61   66   65   67                                   
    35.0-180.0 180.0   5.0 450.0                            LAT/LON1/LON2/DLON/H
   60   68   79  100  119  141  159  175  191  208  224  234  247  253  263  268
  276  279  282  278  280  278  282  282  281  280  270  257  236  217  196  181
  166  160  154  154  152  147  143  137  132  124  119  113  112  110  111  111
  112  111  110  108  105  108  105  107  103  103  100   97   93   91   87   80
   72   64   59   57   57   55   60   59   60                                   
    32.5-180.0 180.0   5.0 450.0                            LAT/LON1/LON2/DLON/H
   50   60   72   92  116  139  161  179  196  211  227  240  255  264  275  281
  289  290  293  289  289  285  284  281  280  276  274  263  250  234  217  202
  189  183  179  179  172  167  161  156  150  145  139  132  127  123  122  121
  120  119  117  113  110  108  107  106  104  102   99   96   92   89   83   75
   67   58   54   49   51   51   56   51   50                                   
    30.0-180.0 180.0   5.0 450.0                            LAT/LON1/LON2/DLON/H
   40   55   72   91  117  145  168  188  204  216  235  244  260  269  280  287
  295  296  299  294  293  286  282  278  277  280  280  280  269  262  243  234
  219  214  207  206  198  189  183  177  175  170  168  160  155  149  145  142
  140  137  132  126  121  117  115  113  109  106  100   96   91   87   81   73
   65   60   51   49   47   50   54   46   40                                   
    27.5-180.0 180.0   5.0 450.0                            LAT/LON1/LON2/DLON/H
   30   53   76   96  123  150  174  195  211  225  241  250  267  275  289  294
  303  303  306  299  295  283  278  271  273  280  290  296  296  291  284  278
  270  262  251  240  228  218  207  201  199  198  197  191  184  176  170  165
  163  159  154  146  140  133  130  124  119  111  105   99   92   88   81   76
   70   62   56   49   49   50   55   42   30                                   
    25.0-180.0 180.0   5.0 450.0                            LAT/LON1/LON2/DLON/H
   32   59   81  103  128  158  188  211  226  238  252  259  276  282  294  299
  306  306  306  298  293  281  274  269  276  290  305  318  324  329  331  329
  325  313  299  285  263  246  233  226  225  224  225  218  212  204  200  194
  191  186  180  171  163  155  148  139  130  120  110  102   94   91   84   82
   75   71   62   59   51   55   55   39   32                                   
    22.5-180.0 180.0   5.0 450.0                            LAT/LON1/LON2/DLON/H
   37   65   87  112  143  175  205  230  243  254  264  272  288  292  301  304
  312  312  311  302  294  280  275  274  286  305  327  349  370  382  394  394
  388  373  353  332  308  280  259  247  246  245  243  238  231  224  220  217
  216  214  209  201  189  180  168  156  144  128  118  106  101   94   91   85
   80   73   68   61   59   57   60   39   37                                   
    20.0-180.0 180.0   5.0 450.0                            LAT/LON1/LON2/DLON/H
   52   75   94  123  155  193  223  250  263  276  281  287  298  304  312  313
  319  317  316  306  298  287  285  291  307  330  362  390  420  433  445  439
  431  411  385  363  336  306  279  260  255  254  253  246  240  234  233  232
  237  237  232  223  210  197  183  171  156  140  125  114  103   99   92   89
   84   79   74   71   61   62   61   43   52                                   
    17.5-180.0 180.0   5.0 450.0                            LAT/LON1/LON2/DLON/H
   56   81  101  130  173  209  243  270  284  300  301  309  317  321  326  323
  328  326  326  318  311  305  308  321  343  371  409  443  472  480  494  481
  469  448  418  390  359  328  301  276  267  261  260  248  240  234  233  236
  240  245  242  237  223  212  196  182  165  146  131  115  105   98   96   92
   92   83   81   74   69   66   65   50   56                                   
    15.0-180.0 180.0   5.0 450.0                            LAT/LON1/LON2/DLON/H
   63   89  104  139  178  220  254  287  304  321  325  335  337  346  346  345
  346  345  346  339  339  333  345  362  388  422  456  485  511  517  522  506
  490  463  430  401  370  339  308  283  270  262  254  243  231  225  225  229
  236  244  240  237  222  212  192  181  165  148  132  118  107  101   96   94
   92   85   81   80   72   69   69   52   63                                   
    12.5-180.0 180.0   5.0 450.0                            LAT/LON1/LON2/DLON/H
   58   92  107  143  185  227  267  297  321  339  352  362  368  374  377  374
  377  373  373  370  372  376  390  411  440  474  493  514  533  531  532  513
  496  467  440  410  381  347  318  293  277  263  245  229  211  203  199  214
  221  234  233  230  216  204  187  176  163  149  134  121  112  106  103   99
   97   89   87   83   80   75   71   53   58                                   
    10.0-180.0 180.0   5.0 450.0                            LAT/LON1/LON2/DLON/H
   66   97  111  151  188  234  275  312  338  362  371  388  389  404  402  410
  412  415  415  410  418  424  441  467  490  513  527  534  534  526  524  507
  488  465  439  414  386  354  325  302  280  266  241  224  202  195  190  203
  209  218  218  211  201  187  178  167  159  145  135  123  116  111  109  103
   99   90   91   88   83   80   77   53   66                                   
     7.5-180.0 180.0   5.0 450.0                            LAT/LON1/LON2/DLON/H
   65   99  116  152  195  236  281  314  349  376  395  406  417  430  436  443
  452  454  460  455  471  475  489  511  529  550  551  540  530  518  516  497
