data/unet/pred3250.15i
     1.0            IONOSPHERE MAPS     GNSS                IONEX VERSION / TYPE
pyspatialgeodesy        IME             05-JAN-18 20:20     PGM / RUN BY / DATE 
Map Name                                                    COMMENT             
Predicted global ionosphere maps (GIM).                     DESCRIPTION         
  2015    11    21     0     0     0                        EPOCH OF FIRST MAP  
  2015    11    22     0     0     0                        EPOCH OF LAST MAP   
  7200                                                      INTERVAL            
    13                                                      # OF MAPS IN FILE   
  NONE                                                      MAPPING FUNCTION    
10.0                                                        ELEVATION CUTOFF    
One-way carrier phase leveled to code                       OBSERVABLES USED    
  6371.0                                                    BASE RADIUS         
 2                                                          MAP DIMENSION       
   450.0 450.0   0.0                                        HGT1 / HGT2 / DHGT  
    87.5 -87.5  -2.5                                        LAT1 / LAT2 / DLAT  
  -180.0 180.0   5.0                                        LON1 / LON2 / DLON  
    -1                                                      EXPONENT            
                                                            END OF HEADER       
[from data line 3432]
     9                                                      START OF TEC MAP    
  2015    11    21    16     0     0                        EPOCH OF CURRENT MAP
    87.5-180.0 180.0   5.0 450.0                            LAT/LON1/LON2/DLON/H
   87   99   99  100  100  100  101  101  101  102  101  102  101  102  101  102
  101  101  101  101  100  100   99   99   98   98   97   97   96   95   94   94
   93   93   92   91   89   89   87   87   85   86   85   86   85   86   86   88
   87   89   89   91   90   92   92   94   93   95   94   96   95   96   95   96
   95   96   96   96   97   96   98  112   87                                   
    85.0-180.0 180.0   5.0 450.0                            LAT/LON1/LON2/DLON/H
   66   86   77   79   80   82   82   84   84   87   86   88   87   88   87   88
   86   87   84   86   83   85   81   83   79   81   77   79   75   76   73   75
   72   72   70   70   68   68   66   66   64   64   63   63   62   64   63   65
   64   67   67   68   70   72   73   73   74   75   75   75   74   74   73   73
   72   73   73   73   73   73   77   82   66                                   
    82.5-180.0 180.0   5.0 450.0                            LAT/LON1/LON2/DLON/H
   66   64   63   68   66   70   69   73   73   77   76   78   78   79   78   78
   78   77   77   75   76   74   73   71   71   70   69   69   67   68   65   66
   63   63   59   59   55   55   51   51   47   48   45   46   44   46   46   48
   50   52   55   56   60   60   64   63   65   65   65   64   64   63   63   61
   61   61   60   60   60   54   65   66   66                                   
    80.0-180.0 180.0   5.0 450.0                            LAT/LON1/LON2/DLON/H
   56   54   54   59   58   63   63   69   70   74   75   78   79   81   81   82
   82   81   79   79   77   76   74   74   72   73   70   72   69   71   67   69
   64   64   59   58   52   52   46   46   41   40   39   38   39   39   41   42
   45   46   49   51   55   56   59   60   62   62   63   60   61   59   58   56
   54   54   51   50   47   47   53   57   56                                   
    77.5-180.0 180.0   5.0 450.0                            LAT/LON1/LON2/DLON/H
   46   44   42   44   44   49   52   56   59   62   66   68   73   72   77   75
   78   75   78   75   77   75   77   74   75   73   74   72   72   71   70   69
   67   65   62   57   53   47   45   38   37   33   33   30   32   32   35   37
   41   43   49   50   56   56   61   59   62   61   61   58   58   55   54   50
   48   45   44   40   40   33   38   46   46                                   
    75.0-180.0 180.0   5.0 450.0                            LAT/LON1/LON2/DLON/H
   41   36   39   37   42   43   49   50   58   59   67   69   77   79   84   83
   86   84   87   85   88   86   90   87   89   85   86   84   83   83   82   81
   77   76   70   67   58   54   46   40   34   31   28   27   27   29   32   34
   41   42   51   50   58   56   63   57   63   59   61   56   57   52   53   46
   47   41   42   35   36   33   41   44   41                                   
    72.5-180.0 180.0   5.0 450.0                            LAT/LON1/LON2/DLON/H
   43   38   38   38   40   43   47   50   55   58   67   70   79   80   88   88
   93   91   96   94  101   99  105  101  104  100  101   97   95   92   92   89
   87   84   80   74   66   59   49   42   35   30   27   25   26   27   31   33
   40   44   51   53   58   58   60   59   59   59   56   57   53   54   50   48
   46   44   41   38   36   31   39   38   43                                   
    70.0-180.0 180.0   5.0 450.0                            LAT/LON1/LON2/DLON/H
   37   34   37   33   38   36   43   42   51   54   65   70   80   83   92   95
  101  104  110  112  119  120  126  120  123  114  115  107  107  101  101   98
   95   92   87   82   73   66   55   48   39   34   29   28   27   31   32   37
   40   46   49   52   56   55   57   54   56   54   53   51   52   50   51   47
   49   44   46   40   41   37   44   38   37                                   
    67.5-180.0 180.0   5.0 450.0                            LAT/LON1/LON2/DLON/H
   38   37   39   33   38   38   43   44   52   56   66   72   82   86   96  100
  110  112  123  126  137  138  144  140  139  131  128  122  118  114  111  107
  103   99   93   87   78   70   60   52   42   38   34   32   32   33   36   38
   42   43   48   47   50   48   48   47   47   46   46   47   47   49   49   50
   49   47   47   44   43   37   43   36   38                                   
    65.0-180.0 180.0   5.0 450.0                            LAT/LON1/LON2/DLON/H
   31   35   38   30   36   33   40   38   46   51   62   69   81   86   97  104
  116  123  134  142  154  158  163  156  156  145  141  132  128  120  118  112
  109  104   98   91   82   75   65   58   49   46   40   41   38   41   39   43
   41   44   41   43   40   39   37   36   36   36   38   37   42   42   47   45
   49   46   50   44   45   40   44   34   31                                   
    62.5-180.0 180.0   5.0 450.0                            LAT/LON1/LON2/DLON/H
   27   35   37   33   37   36   39   39   46   50   61   68   81   86  100  106
  120  126  142  150  164  168  173  168  165  155  150  143  139  133  129  124
  117  111  103   94   85   76   66   60   52   49   46   45   44   43   43   41
   40   37   36   31   31   26   27   23   27   27   30   32   36   38   42   43
   44   44   44   42   41   35   36   28   27                                   
    60.0-180.0 180.0   5.0 450.0                            LAT/LON1/LON2/DLON/H
   18   28   36   29   34   33   37   36   40   45   56   66   78   86   98  108
  121  130  147  158  172  176  182  177  173  161  156  149  147  141  140  135
  130  122  112  102   91   82   72   66   59   57   53   53   49   49   44   43
   36   35   28   26   21   19   16   16   19   21   25   27   32   33   38   38
   42   40   44   38   39   34   35   23   18                                   
    57.5-180.0 180.0   5.0 450.0                            LAT/LON1/LON2/DLON/H
   15   28   34   30   32   34   34   34   38   43   55   66   80   88  101  110
  125  134  153  163  177  180  186  182  177  168  163  159  159  157  159  156
  150  138  125  111   97   88   77   71   65   62   58   57   52   49   45   40
   35   29   26   19   19   12   15   12   18   20   26   28   33   32   36   35
   37   36   36   34   31   28   27   17   15                                   
    55.0-180.0 180.0   5.0 450.0                            LAT/LON1/LON2/DLON/H
   16   27   37   31   36   34   37   35   40   47   59   70   83   90  103  114
  128  140  157  167  180  184  191  186  182  174  171  167  171  170  175  171
  167  154  140  124  110   99   89   83   76   74   69   66   60   57   50   46
   38   35   29   25   21   19   18   19   24   27   32   33   37   35   39   35
   38   36   39   35   36   32   34   22   16                                   
    52.5-180.0 180.0   5.0 450.0                            LAT/LON1/LON2/DLON/H
   27   39   42   39   41   41   40   41   47   55   66   78   90   97  112  123
  138  149  166  174  186  189  195  189  187  180  180  179  185  187  192  189
  183  168  153  136  120  109   99   93   86   82   77   74   68   62   55   51
   45   40   37   32   31   27   30   31   37   39   43   45   45   43   42   39
   39   39   39   40   37   36   37   28   27                                   
    50.0-180.0 180.0   5.0 450.0                            LAT/LON1/LON2/DLON/H
   41   46   51   47   50   48   50   49   57   63   76   85   97  105  120  132
  147  159  173  181  191  194  198  195  193  188  191  193  202  202  209  203
  196  178  163  145  132  119  111  105   99   94   89   85   78   73   65   62
   57   55   52   49   47   45   47   49   54   56   58   58   58   53   52   48
   50   48   52   50   53   52   55   46   41                                   
    47.5-180.0 180.0   5.0 450.0                            LAT/LON1/LON2/DLON/H
   63   67   64   61   62   61   61   62   69   77   88   97  108  118  133  145
  161  170  185  190  200  199  202  200  199  199  202  206  213  212  214  207
  197  180  165  151  139  128  121  115  109  103   97   93   87   82   76   73
   70   69   69   66   67   64   67   69   73   74   74   73   69   66   62   60
   58   59   61   64   64   64   69   61   63                                   
    45.0-180.0 180.0   5.0 450.0                            LAT/LON1/LON2/DLON/H
   80   74   73   71   74   70   73   72   80   88  101  110  123  132  148  160
  176  186  198  204  208  209  209  208  210  212  214  217  221  216  216  204
  194  178  165  153  145  136  130  123  117  112  105  101   96   92   87   85
   84   85   84   82   81   79   81   81   85   85   85   81   79   75   72   68
   69   69   73   74   78   80   87   81   80                                   
    42.5-180.0 180.0   5.0 450.0                            LAT/LON1/LON2/DLON/H
   89   87   84   81   83   80   82   84   94  102  115  128  140  148  165  175
  192  199  212  215  217  217  216  218  219  221  222  220  218  207  205  192
  185  171  164  156  150  143  138  131  125  117  111  107  102   98   95   93
   93   93   91   90   87   85   84   87   89   90   87   86   83   81   77   77
   76   77   80   84   86   87   96   87   89                                   
    40.0-180.0 180.0   5.0 450.0                            LAT/LON1/LON2/DLON/H
   89   85   84   80   85   80   86   88  101  114  129  143  153  163  178  191
  206  216  225  227  227  226  225  228  229  230  226  219  210  197  191  182
  177  170  167  161  158  152  148  141  132  123  117  112  108  103  101   98
   97   96   93   90   86   82   83   83   87   85   85   82   82   81   81   80
   81   80   84   84   87   89   97   89   89                                   
    37.5-180.0 180.0   5.0 450.0                            LAT/LON1/LON2/DLON/H
   84   83   83   79   83   80   86   91  107  126  143  158  169  178  192  204
  219  227  235  237  235  235  232  236  236  235  227  215  205  191  188  185
  185  186  186  185  180  174  165  155  145  134  126  120  113  108  105  102
   99   96   91   86   80   77   75   77   80   80   79   79   78   80   79   80
   76   77   76   78   79   79   85   78   84                                   
    35.0-180.0 180.0   5.0 450.0                            LAT/LON1/LON2/DLON/H
   71   69   69   67   73   70   81   86  108  131  154  169  184  193  209  219
  234  241  248  247  246  243  242  242  241  237  225  213  201  194  193  204
  213  225  230  229  221  208  193  178  164  149  139  129  124  116  114  109
  106  100   93   86   78   74   72   73   77   78   78   76   77   78   79   77
   76   73   71   67   68   68   73   66   71                                   
    32.5-180.0 180.0   5.0 450.0                            LAT/LON1/LON2/DLON/H
   54   57   58   57   59   61   70   81  105  132  157  176  194  205  220  230
  244  250  255  255  253  252  246  246  242  238  230  221  217  218  233  252
  274  294  299  293  274  254  231  209  189  173  158  148  136  130  124  122
  117  111  103   94   86   79   77   79   81   81   80   80   80   80   80   79
   73   70   62   58   55   56   58   49   54                                   
    30.0-180.0 180.0   5.0 450.0                            LAT/LON1/LON2/DLON/H
   46   43   45   42   48   51   63   74  100  125  156  176  199  211  230  241
  255  260  266  265  265  261  254  249  244  243  240  242  244  264  287  327
  353  380  383  372  341  307  273  248  223  204  188  173  163  154  150  145
  143  135  129  118  110  101   99   97   99   97   96   93   93   91   91   87
   84   76   73   62   59   55   54   45   46                                   
    27.5-180.0 180.0   5.0 450.0                            LAT/LON1/LON2/DLON/H
   48   44   42   42   40   46   53   70   91  120  151  175  201  217  235  247
  261  264  270  272  272  267  258  249  247  247  255  267  288  320  362  414
  452  479  478  457  413  367  320  285  259  237  219  203  190  181  177  174
  171  166  160  150  144  136  133  128  126  119  115  110  109  106  105  101
   95   91   82   76   67   65   55   43   48                                   
    25.0-180.0 180.0   5.0 450.0                            LAT/LON1/LON2/DLON/H
   58   46   44   39   42   47   55   69   90  115  148  172  200  217  239  251
  266  272  280  282  282  276  264  257  253  260  272  300  328  379  438  501
  542  564  549  522  471  422  369  327  292  271  251  234  221  213  212  212
  213  209  205  197  192  182  177  168  163  154  144  139  133  130  124  118
  113  109  107  100   94   87   77   59   58                                   
    22.5-180.0 180.0   5.0 450.0                            LAT/LON1/LON2/DLON/H
   72   69   58   54   50   56   61   78   97  120  151  175  202  219  239  251
  267  272  282  286  288  275  267  261  263  276  300  337  384  454  516  578
  612  619  602  566  511  461  409  364  329  304  285  264  255  248  252  257
  266  263  258  244  237  219  212  197  191  174  171  168  167  159  155  143
  139  133  128  125  118  115   97   79   72                                   
    20.0-180.0 180.0   5.0 450.0                            LAT/LON1/LON2/DLON/H
   87   80   78   65   59   63   69   84  104  129  154  178  202  218  239  251
  270  276  287  288  289  280  270  264  269  291  321  375  431  512  568  622
  650  649  618  582  522  482  433  396  361  337  320  305  293  289  293  296
  294  290  284  277  268  253  236  221  209  195  188  185  182  185  182  176
  164  160  151  146  139  124  119   98   87                                   
    17.5-180.0 180.0   5.0 450.0                            LAT/LON1/LON2/DLON/H
   94   95   87   84   76   78   84  102  121  146  169  190  213  225  244  255
  274  278  290  287  288  279  273  275  291  326  365  423  489  552  605  644
  675  658  628  583  533  493  454  421  391  367  353  337  328  313  313  311
  318  314  315  309  303  285  267  245  232  215  210  197  198  192  198  194
  189  178  174  160  152  133  124  115   94                                   
    15.0-180.0 180.0   5.0 450.0                            LAT/LON1/LON2/DLON/H
  100   94   87   84   86   89   98  115  136  162  183  204  222  237  253  266
  286  289  298  294  292  284  279  294  324  369  417  477  529  573  610  640
  658  635  605  563  517  495  464  442  417  399  383  367  342  329  320  319
  320  321  320  320  315  304  281  267  248  236  224  218  209  205  202  202
  194  184  176  161  152  130  124  124  100                                   
    12.5-180.0 180.0   5.0 450.0                            LAT/LON1/LON2/DLON/H
   93   99   87   86   93  101  115  134  158  185  207  227  243  258  272  286
  301  302  305  302  299  297  304  332  370  418  466  510  552  575  611  622
  633  605  581  544  516  499  485  470  453  435  408  379  353  333  322  318
  318  320  321  325  322  313  297  281  267  252  241  227  223  213  211  206
  200  186  175  161  149  133  118  118   93                                   
    10.0-180.0 180.0   5.0 450.0                            LAT/LON1/LON2/DLON/H
   87   91   82   79   90  105  123  145  177  206  233  250  267  281  295  311
  321  323  319  320  315  324  339  376  423  469  504  528  553  569  590  588
  585  566  538  527  506  508  496  495  468  455  415  390  350  331  312  307
  303  307  307  316  314  314  295  285  269  259  247  235  223  216  212  209
  198  183  170  152  139  117  109  110   87                                   
     7.5-180.0 180.0   5.0 450.0                            LAT/LON1/LON2/DLON/H
   75   87   76   76   87  103  128  153  190  224  258  281  298  314  332  350
  357  357  352  349  350  357  379  419  466  508  535  547  567  564  579  562
