data/unet/pred0090.15i
     1.0            IONOSPHERE MAPS     GNSS                IONEX VERSION / TYPE
pyspatialgeodesy        IME             05-JAN-18 20:20     PGM / RUN BY / DATE 
Map Name                                                    COMMENT             
Predicted global ionosphere maps (GIM).                     DESCRIPTION         
  2015     1     9     0     0     0                        EPOCH OF FIRST MAP  
  2015     1    10     0     0     0                        EPOCH OF LAST MAP   
  7200                                                      INTERVAL            
    13                                                      # OF MAPS IN FILE   
  NONE                                                      MAPPING FUNCTION    
10.0                                                        ELEVATION CUTOFF    
One-way carrier phase leveled to code                       OBSERVABLES USED    
  6371.0                                                    BASE RADIUS         
 2                                                          MAP DIMENSION       
   450.0 450.0   0.0                                        HGT1 / HGT2 / DHGT  
    87.5 -87.5  -2.5                                        LAT1 / LAT2 / DLAT  
  -180.0 180.0   5.0                                        LON1 / LON2 / DLON  
    -1                                                      EXPONENT            
                                                            END OF HEADER       
[from data line 4719]
    12                                                      START OF TEC MAP    
  2015     1     9    22     0     0                        EPOCH OF CURRENT MAP
    87.5-180.0 180.0   5.0 450.0                            LAT/LON1/LON2/DLON/H
  168  112   89   92   91   89   91   91   93   93   94   94   94   94   94   94
   93   93   93   93   93   94   93   94   94   95   95   96   96   96   96   96
   96   97   97   97   97   98   98   98   99  100  101  101  102  102  102  102
  101  102  101  101  100  100   99   99   97   97   95   95   93   93   90   90
   88   89   87   88   87   88   89  138  168                                   
    85.0-180.0 180.0   5.0 450.0                            LAT/LON1/LON2/DLON/H
   96   78   74   78   76   76   76   77   79   79   81   81   83   83   84   82
   84   82   85   83   86   85   88   88   90   90   92   92   93   94   94   94
   94   95   95   95   95   96   96   96   97   97   98   99   99  100   99   99
   98   99   98   98   97   96   95   94   93   92   90   88   86   83   81   78
   77   75   74   72   72   71   72  103   96                                   
    82.5-180.0 180.0   5.0 450.0                            LAT/LON1/LON2/DLON/H
   80   67   64   68   67   66   68   72   74   77   78   82   83   86   86   88
   88   88   89   89   91   92   93   94   96   97   99  100  101  101  102  102
  102  102  103  103  104  104  104  105  105  106  107  107  108  108  108  109
  108  109  107  108  104  106  102  103   98   98   93   91   87   85   81   78
   75   72   69   66   64   58   61   86   80                                   
    80.0-180.0 180.0   5.0 450.0                            LAT/LON1/LON2/DLON/H
   75   64   60   63   65   65   70   73   79   81   85   88   92   93   94   95
   94   93   92   90   90   90   91   92   94   95   96   98   98  100   98  100
   99  100   99  101  100  101  100  102  101  102  101  103  103  103  104  104
  105  105  105  104  103  102  101   99   97   95   91   89   85   81   77   74
   70   66   63   58   56   52   53   75   75                                   
    77.5-180.0 180.0   5.0 450.0                            LAT/LON1/LON2/DLON/H
   68   61   59   62   65   67   74   79   86   90   96  100  104  104  106  102
  102   96   95   89   89   88   89   90   92   93   95   96   96   96   96   96
   96   96   96   97   96   96   95   96   94   95   93   94   93   94   94   95
   95   96   95   96   94   94   92   91   89   87   84   81   79   74   72   68
   66   62   59   54   53   48   50   72   68                                   
    75.0-180.0 180.0   5.0 450.0                            LAT/LON1/LON2/DLON/H
   71   67   69   75   80   85   94  101  109  114  120  123  125  124  121  115
  109  102   97   92   89   89   88   91   91   95   93   98   95   97   94   97
   93   95   93   95   93   95   92   93   90   90   87   86   85   83   82   82
   83   83   83   84   84   84   83   83   81   81   78   76   73   71   67   65
   62   60   57   55   54   54   57   76   71                                   
    72.5-180.0 180.0   5.0 450.0                            LAT/LON1/LON2/DLON/H
   83   81   84   93   99  107  117  127  135  142  145  148  146  143  137  129
  120  109  102   92   90   87   89   89   92   93   95   96   95   95   94   93
   92   91   91   91   91   91   90   90   87   86   83   81   78   76   74   73
   73   73   73   73   75   75   75   75   75   73   73   70   70   67   67   64
   63   61   61   60   62   63   68   84   83                                   
    70.0-180.0 180.0   5.0 450.0                            LAT/LON1/LON2/DLON/H
  100   98  104  115  124  132  145  156  166  174  177  179  174  168  157  148
  131  119  107   96   91   88   89   89   91   92   92   94   91   91   87   87
   83   84   81   83   81   83   81   82   78   78   74   73   70   68   65   64
   63   64   63   65   65   68   67   69   68   69   68   68   66   66   64   65
   63   65   65   67   69   73   80   95  100                                   
    67.5-180.0 180.0   5.0 450.0                            LAT/LON1/LON2/DLON/H
  118  118  122  135  144  154  167  180  191  202  205  206  199  189  176  162
  146  132  118  104   96   91   91   92   92   91   90   89   86   85   81   80
   75   74   72   72   71   71   71   72   71   70   68   65   63   61   59   58
   57   57   57   58   59   60   62   62   64   64   65   65   64   64   64   63
   64   66   69   72   79   82   90  105  118                                   
    65.0-180.0 180.0   5.0 450.0                            LAT/LON1/LON2/DLON/H
  133  134  141  152  162  173  189  203  216  226  230  232  222  213  196  182
  160  147  130  116  107   99   97   93   93   88   86   84   80   77   72   70
   63   63   58   59   56   59   57   60   59   60   57   57   54   52   50   49
   49   49   50   51   53   54   55   57   58   60   60   61   60   60   59   60
   61   65   68   74   81   88   99  115  133                                   
    62.5-180.0 180.0   5.0 450.0                            LAT/LON1/LON2/DLON/H
  145  149  153  167  178  190  205  219  232  246  252  253  244  234  218  201
  179  162  145  131  118  110  102   96   90   85   80   77   72   68   64   60
   55   51   48   47   46   46   46   48   50   51   50   49   47   45   42   42
   41   42   42   44   45   47   48   51   52   54   55   55   54   54   53   52
   54   57   64   71   81   92  103  122  145                                   
    60.0-180.0 180.0   5.0 450.0                            LAT/LON1/LON2/DLON/H
  157  160  166  179  193  204  218  231  246  256  259  261  254  248  232  220
  198  183  162  149  133  119  108   96   89   78   75   69   66   60   57   53
   47   45   39   40   37   39   37   41   42   45   43   45   41   41   38   38
   36   37   36   37   39   40   42   45   47   49   50   50   49   48   46   46
   48   52   60   70   82   95  110  131  157                                   
    57.5-180.0 180.0   5.0 450.0                            LAT/LON1/LON2/DLON/H
  169  176  182  198  211  222  237  249  260  268  267  269  263  258  248  237
  221  203  185  167  151  134  117  103   89   77   70   64   61   56   55   51
   47   42   39   36   37   35   34   36   38   40   41   41   40   39   36   36
   34   33   31   33   33   35   37   41   42   45   46   47   46   43   41   40
   43   48   59   70   86  102  116  140  169                                   
    55.0-180.0 180.0   5.0 450.0                            LAT/LON1/LON2/DLON/H
  186  191  204  221  238  249  261  268  272  272  271  270  265  264  256  252
  240  228  208  192  171  150  128  108   93   77   71   62   61   56   56   53
   49   47   42   42   39   39   37   40   40   44   43   47   43   45   40   41
   36   36   31   33   30   34   34   39   41   44   45   45   43   42   39   40
   43   51   63   77   96  115  132  156  186                                   
    52.5-180.0 180.0   5.0 450.0                            LAT/LON1/LON2/DLON/H
  207  216  234  257  274  284  290  293  290  288  281  278  272  269  265  264
  260  247  233  214  195  170  147  124  104   88   78   70   68   65   65   60
   59   53   54   49   50   46   44   44   46   47   50   51   50   49   46   45
   41   39   35   34   32   34   36   39   41   44   45   45   44   42   41   42
   49   57   73   91  114  133  149  177  207                                   
    50.0-180.0 180.0   5.0 450.0                            LAT/LON1/LON2/DLON/H
  229  240  268  289  308  314  315  314  309  300  292  283  276  274  272  276
  272  266  252  236  213  191  164  139  118   98   90   80   79   75   72   69
   64   63   60   61   57   57   52   54   52   56   56   61   59   61   56   56
   50   49   43   42   38   40   38   43   43   46   46   47   45   46   45   50
   58   72   89  112  136  157  174  202  229                                   
    47.5-180.0 180.0   5.0 450.0                            LAT/LON1/LON2/DLON/H
  253  269  298  323  337  344  342  341  332  324  309  298  288  284  283  283
  285  277  268  249  232  209  186  162  139  119  108   97   94   87   85   77
   75   70   72   70   72   68   67   64   65   66   69   70   72   71   69   66
   63   59   55   52   49   49   48   49   49   51   50   50   51   51   54   60
   73   88  111  136  160  179  196  227  253                                   
    45.0-180.0 180.0   5.0 450.0                            LAT/LON1/LON2/DLON/H
  274  293  325  344  359  365  366  366  357  345  328  315  304  296  293  294
  293  288  275  261  244  225  204  181  162  137  125  110  103   93   85   79
   74   73   72   77   77   79   75   76   72   74   75   79   80   81   79   79
   75   73   67   65   60   60   56   57   55   56   53   54   53   57   60   71
   85  107  133  159  184  204  221  252  274                                   
    42.5-180.0 180.0   5.0 450.0                            LAT/LON1/LON2/DLON/H
  292  314  337  355  368  378  382  386  379  366  350  336  324  311  307  302
  302  292  282  267  256  239  223  202  181  159  140  122  112   97   89   79
   76   72   77   79   87   87   88   84   84   83   86   87   90   89   90   88
   87   84   81   77   73   71   68   67   64   62   60   59   60   62   69   79
   98  124  151  178  202  223  239  273  292                                   
    40.0-180.0 180.0   5.0 450.0                            LAT/LON1/LON2/DLON/H
  304  326  340  356  369  381  388  394  389  381  368  358  343  332  321  316
  308  298  284  274  264  252  238  218  196  169  150  128  115   96   85   76
   71   71   74   82   88   94   91   92   89   89   91   94   97   98   99   99
   98   97   92   89   83   81   76   74   70   67   63   63   62   65   71   86
  106  136  164  192  216  238  256  289  304                                   
    37.5-180.0 180.0   5.0 450.0                            LAT/LON1/LON2/DLON/H
  313  333  338  353  363  375  385  390  390  386  380  372  362  348  337  326
  316  302  290  280  275  265  253  232  206  178  156  136  118  100   90   82
   79   77   83   86   95   97   98   95   96   94   97   99  102  102  104  103
  104  102   99   94   90   87   84   80   75   71   68   67   68   69   76   89
  113  143  172  200  225  248  267  304  313                                   
    35.0-180.0 180.0   5.0 450.0                            LAT/LON1/LON2/DLON/H
  326  342  343  350  357  367  377  383  388  389  387  385  377  367  350  340
  323  311  295  290  284  277  263  239  210  178  162  139  124  107  102   96
   95   95   96  100  103  106  103  102   99   99  101  104  107  107  109  108
  109  106  103   98   93   91   86   83   77   73   69   69   68   70   76   92
  117  149  179  206  231  257  280  317  326                                   
    32.5-180.0 180.0   5.0 450.0                            LAT/LON1/LON2/DLON/H
  342  357  351  355  356  364  370  377  384  386  389  389  385  375  362  348
  333  319  306  300  297  288  272  245  212  184  167  150  139  130  130  127
  131  126  127  121  124  119  117  110  108  106  108  110  111  109  110  108
  108  105  101   96   92   89   87   83   80   76   72   71   71   73   82   98
  126  158  189  216  242  272  300  338  342                                   
    30.0-180.0 180.0   5.0 450.0                            LAT/LON1/LON2/DLON/H
  368  381  376  372  371  373  377  381  387  388  391  392  388  382  367  358
  339  329  314  310  305  295  274  243  211  184  173  159  160  157  166  171
  175  166  159  149  145  139  131  126  121  118  120  120  122  117  116  112
  110  105  101   97   94   93   89   87   82   79   75   76   75   79   88  108
  139  173  206  231  260  293  325  363  368                                   
    27.5-180.0 180.0   5.0 450.0                            LAT/LON1/LON2/DLON/H
  400  416  407  405  403  405  405  405  402  398  397  394  390  382  372  362
  347  336  325  319  312  299  277  246  216  195  190  184  194  199  221  226
  232  215  202  177  167  155  151  141  134  129  127  126  124  120  119  113
  110  103   99   93   93   91   92   88   87   83   80   80   80   85   97  123
  159  196  229  259  289  327  359  393  400                                   
    25.0-180.0 180.0   5.0 450.0                            LAT/LON1/LON2/DLON/H
  442  460  458  456  458  457  453  448  437  425  413  406  397  389  376  368
  352  343  330  327  315  301  277  249  225  210  212  217  237  259  283  302
  299  283  252  220  196  179  169  160  149  141  136  134  131  123  119  114
  111  105   99   95   94   95   95   93   90   86   83   83   84   90  109  140
  183  223  262  295  332  368  401  429  442                                   
    22.5-180.0 180.0   5.0 450.0                            LAT/LON1/LON2/DLON/H
  484  510  513  516  520  519  510  499  482  461  438  423  411  400  387  375
  363  351  341  333  323  305  284  262  247  243  254  268  298  322  356  366
  368  339  307  261  236  208  196  184  171  161  152  149  142  135  126  118
  112  105  101   98  100  100  101   97   94   89   86   85   89   98  122  161
  211  257  298  338  374  414  446  464  484                                   
    20.0-180.0 180.0   5.0 450.0                            LAT/LON1/LON2/DLON/H
  530  565  573  580  588  589  573  563  541  521  486  464  438  425  407  392
  378  367  354  346  329  313  291  279  272  282  299  325  353  385  411  423
  422  397  350  307  268  239  221  208  189  179  167  164  153  146  133  123
  114  107  103  101  102  103  103  101   96   87   83   81   87   98  131  181
  238  290  343  382  423  459  492  503  530                                   
    17.5-180.0 180.0   5.0 450.0                            LAT/LON1/LON2/DLON/H
  561  611  624  640  651  654  642  631  610  591  551  523  484  456  435  419
  405  389  377  363  345  328  313  309  316  336  361  381  403  418  438  446
  447  415  373  327  292  261  245  230  212  200  185  176  165  155  142  131
  121  113  108  105  108  108  108  103   97   90   85   85   91  108  145  203
  264  325  376  418  456  496  526  532  561                                   
    15.0-180.0 180.0   5.0 450.0                            LAT/LON1/LON2/DLON/H
  582  637  659  678  697  704  702  695  681  667  637  604  560  518  487  464
  446  426  409  392  371  357  347  355  370  400  415  429  429  436  447  458
  450  419  374  336  301  275  257  244  225  210  192  181  167  159  144  136
  124  118  111  106  106  107  107  101   96   88   83   83   91  113  155  217
  281  343  396  436  477  517  548  552  582                                   
    12.5-180.0 180.0   5.0 450.0                            LAT/LON1/LON2/DLON/H
  582  650  669  698  719  729  733  738  739  738  714  687  639  594  552  520
  497  472  450  428  409  399  399  416  440  460  465  458  442  434  436  438
  423  394  360  328  300  280  264  254  235  218  200  184  170  159  146  135
  128  121  117  113  110  111  110  106  100   92   87   88   96  121  167  230
  293  353  400  442  480  524  555  558  582                                   
    10.0-180.0 180.0   5.0 450.0                            LAT/LON1/LON2/DLON/H
  577  635  661  686  710  719  724  739  753  765  758  739  704  662  624  589
  562  536  504  481  461  457  460  483  496  510  497  476  442  426  413  406
  389  371  344  322  297  280  266  255  238  221  202  186  170  159  142  135
  125  125  120  117  112  111  110  107  101   94   89   92  103  131  179  242
  299  353  396  436  477  519  551  554  577                                   
     7.5-180.0 180.0   5.0 450.0                            LAT/LON1/LON2/DLON/H
  558  621  637  667  683  694  701  722  747  772  770  765  736  710  677  649
  618  593  560  534  517  513  523  534  546  540  518  479  437  409  387  377
