data/unet/pred2220.15i
     1.0            IONOSPHERE MAPS     GNSS                IONEX VERSION / TYPE
pyspatialgeodesy        IME             05-JAN-18 20:20     PGM / RUN BY / DATE 
Map Name                                                    COMMENT             
Predicted global ionosphere maps (GIM).                     DESCRIPTION         
  2015     8    10     0     0     0                        EPOCH OF FIRST MAP  
  2015     8    11     0     0     0                        EPOCH OF LAST MAP   
  7200                                                      INTERVAL            
    13                                                      # OF MAPS IN FILE   
  NONE                                                      MAPPING FUNCTION    
10.0                                                        ELEVATION CUTOFF    
One-way carrier phase leveled to code                       OBSERVABLES USED    
  6371.0                                                    BASE RADIUS         
 2                                                          MAP DIMENSION       
   450.0 450.0   0.0                                        HGT1 / HGT2 / DHGT  
    87.5 -87.5  -2.5                                        LAT1 / LAT2 / DLAT  
  -180.0 180.0   5.0                                        LON1 / LON2 / DLON  
    -1                                                      EXPONENT            
                                                            END OF HEADER       
[from data line 3432]
     9                                                      START OF TEC MAP    
  2015     8    10    16     0     0                        EPOCH OF CURRENT MAP
    87.5-180.0 180.0   5.0 450.0                            LAT/LON1/LON2/DLON/H
  149  154  153  153  153  152  153  153  153  154  154  154  154  153  153  152
  152  151  151  150  150  149  149  148  148  147  146  146  146  145  145  144
  144  142  142  141  141  140  140  139  140  139  140  140  141  140  141  141
  142  142  143  143  144  144  145  145  146  145  146  146  147  146  147  147
  148  147  148  147  147  147  152  168  149                                   
    85.0-180.0 180.0   5.0 450.0                            LAT/LON1/LON2/DLON/H
  128  145  144  147  147  148  148  149  151  151  152  151  153  152  152  151
  152  150  151  149  150  148  147  146  146  144  143  141  141  139  139  137
  136  134  133  132  132  130  130  129  130  129  130  130  132  132  133  133
  135  135  136  137  138  138  139  139  140  140  141  141  142  141  141  141
  142  142  142  141  140  138  141  142  128                                   
    82.5-180.0 180.0   5.0 450.0                            LAT/LON1/LON2/DLON/H
  130  136  136  136  137  138  139  141  144  145  148  148  151  150  152  150
  152  150  150  148  149  146  146  144  143  141  139  138  137  136  134  133
  131  130  127  127  124  124  121  122  120  122  121  123  123  126  126  128
  128  131  131  133  133  135  134  135  134  136  135  135  135  135  134  134
  133  133  134  132  133  126  135  127  130                                   
    80.0-180.0 180.0   5.0 450.0                            LAT/LON1/LON2/DLON/H
  121  127  128  131  132  135  135  140  141  145  145  149  149  152  151  154
  152  154  151  153  150  152  147  149  144  146  141  143  138  139  134  136
  130  132  126  128  122  124  118  121  116  120  116  121  119  124  122  128
  126  131  129  134  131  135  133  136  133  135  131  134  130  132  129  130
  127  129  127  126  125  125  124  121  121                                   
    77.5-180.0 180.0   5.0 450.0                            LAT/LON1/LON2/DLON/H
  111  120  121  123  125  128  131  135  137  141  143  146  148  148  150  149
  151  150  151  150  150  149  148  147  146  144  143  142  140  138  136  135
  132  130  128  125  123  120  118  116  115  114  115  116  117  119  121  124
  124  128  128  131  130  131  130  131  129  129  128  128  125  125  123  123
  121  122  121  119  118  111  110  112  111                                   
    75.0-180.0 180.0   5.0 450.0                            LAT/LON1/LON2/DLON/H
  103  112  114  116  121  121  127  129  135  137  142  144  148  149  152  152
  154  154  154  155  154  154  152  151  150  149  147  145  144  143  141  139
  137  135  132  130  126  123  120  117  115  114  114  114  116  118  121  122
  126  127  129  129  130  129  130  127  127  124  124  121  121  118  119  115
  116  113  115  110  111  108  108  111  103                                   
    72.5-180.0 180.0   5.0 450.0                            LAT/LON1/LON2/DLON/H
   97  110  109  112  115  118  121  126  130  134  137  140  142  143  145  146
  148  148  151  150  151  150  150  150  150  149  148  147  146  145  143  142
  139  138  134  133  129  126  123  120  118  116  116  116  117  120  121  124
  124  127  126  127  124  125  120  120  116  116  113  113  110  111  109  108
  106  106  107  105  104   98   98  104   97                                   
    70.0-180.0 180.0   5.0 450.0                            LAT/LON1/LON2/DLON/H
   93  102  103  106  112  112  119  121  128  130  135  136  140  139  144  143
  146  146  148  149  150  150  151  151  151  151  150  150  149  149  147  146
  144  142  140  137  134  130  127  123  121  119  118  118  120  122  124  125
  126  126  126  123  122  118  116  112  109  106  105  104  103  102  101  100
  100   98   99   96   97   94   96  101   93                                   
    67.5-180.0 180.0   5.0 450.0                            LAT/LON1/LON2/DLON/H
   89  102  102  104  109  112  116  120  125  128  131  133  134  136  138  139
  141  142  145  146  148  148  150  150  151  151  152  151  152  151  150  149
  147  146  142  141  137  135  131  129  126  125  124  124  123  126  124  128
  124  126  121  120  115  112  106  103   98   97   95   95   93   94   92   93
   91   91   91   91   90   86   88   93   89                                   
    65.0-180.0 180.0   5.0 450.0                            LAT/LON1/LON2/DLON/H
   85   95   98  100  107  110  116  119  126  128  133  132  136  135  139  138
  143  142  145  145  149  148  151  151  153  153  155  154  155  156  155  155
  154  152  150  147  144  141  138  135  134  133  132  132  132  132  132  131
  130  127  124  119  115  108  103   98   94   92   91   90   90   90   89   88
   87   86   86   84   85   83   87   91   85                                   
    62.5-180.0 180.0   5.0 450.0                            LAT/LON1/LON2/DLON/H
   84   95   97   99  106  110  115  119  124  127  130  132  134  136  138  140
  142  143  144  145  147  147  150  151  154  153  157  156  160  159  161  160
  160  158  155  153  150  148  145  144  141  142  140  140  137  138  134  135
  131  130  123  120  113  108  101   97   93   92   90   90   89   88   86   86
   82   82   81   79   79   75   79   82   84                                   
    60.0-180.0 180.0   5.0 450.0                            LAT/LON1/LON2/DLON/H
   78   87   90   93  101  106  114  117  124  126  132  133  137  137  141  141
  144  143  146  144  148  146  150  151  155  156  159  161  163  165  167  170
  169  169  166  163  160  157  154  153  152  152  151  151  148  148  144  144
  139  136  130  126  119  113  106  101   97   95   95   94   92   89   87   84
   80   77   77   75   75   74   77   80   78                                   
    57.5-180.0 180.0   5.0 450.0                            LAT/LON1/LON2/DLON/H
   77   88   90   91   99  104  110  116  121  126  129  133  134  136  137  140
  141  142  142  142  143  144  147  149  154  156  163  164  170  172  177  178
  180  179  176  173  170  167  165  164  162  164  161  160  156  154  149  148
  143  141  134  131  124  119  111  109  104  104  101  101   96   92   85   82
   75   74   73   71   71   66   69   73   77                                   
    55.0-180.0 180.0   5.0 450.0                            LAT/LON1/LON2/DLON/H
   76   83   86   89   97  101  111  114  123  125  132  134  137  137  140  141
  143  142  142  141  142  142  147  148  155  158  166  169  175  180  185  190
  191  192  189  186  184  180  179  177  176  176  174  172  167  164  158  157
  150  149  141  138  131  126  120  117  115  113  111  108  104   97   90   83
   77   74   72   70   69   69   73   75   76                                   
    52.5-180.0 180.0   5.0 450.0                            LAT/LON1/LON2/DLON/H
   76   88   89   90   96  102  108  115  120  125  129  132  133  134  135  138
  139  140  139  139  139  141  144  149  156  161  169  174  182  187  194  198
  203  202  201  198  196  193  191  190  188  189  186  183  177  172  166  163
  156  154  146  144  138  135  128  128  124  124  121  118  110  103   93   86
   79   76   74   72   70   64   67   72   76                                   
    50.0-180.0 180.0   5.0 450.0                            LAT/LON1/LON2/DLON/H
   79   87   89   91   99  104  113  116  125  127  133  132  136  135  140  140
  143  141  143  140  142  141  148  151  161  166  175  181  189  195  202  209
  212  214  212  210  209  205  205  203  202  201  199  194  188  183  176  172
  165  163  154  153  148  145  140  138  136  134  131  126  118  109   99   91
   85   81   80   77   76   73   76   79   79                                   
    47.5-180.0 180.0   5.0 450.0                            LAT/LON1/LON2/DLON/H
   83   94   94   95  101  107  114  121  127  131  134  135  136  136  139  141
  144  144  145  143  144  145  151  156  166  172  181  186  194  199  208  213
  222  222  224  222  222  218  217  215  213  212  209  204  197  191  184  178
  171  167  160  159  154  151  146  145  141  141  136  132  122  113  103   96
   92   90   90   86   84   74   76   81   83                                   
    45.0-180.0 180.0   5.0 450.0                            LAT/LON1/LON2/DLON/H
   88   96   97  100  108  113  123  127  137  138  144  142  146  144  149  148
  153  150  154  149  153  152  160  164  175  180  190  195  202  208  216  224
  231  235  236  237  237  234  232  230  227  224  221  215  209  202  194  187
  179  175  168  165  161  158  154  151  149  147  143  137  128  119  111  104
  103  100  103   99   96   89   90   92   88                                   
    42.5-180.0 180.0   5.0 450.0                            LAT/LON1/LON2/DLON/H
   93  103  101  105  109  116  127  134  144  147  153  152  154  152  154  155
  158  157  158  157  158  159  164  170  181  188  197  203  210  216  225  234
  243  248  252  254  256  253  251  245  242  237  233  226  219  212  204  196
  185  179  169  169  162  161  153  153  150  149  144  139  131  123  119  114
  115  115  116  113  107   94   95   96   93                                   
    40.0-180.0 180.0   5.0 450.0                            LAT/LON1/LON2/DLON/H
   97  105  103  105  112  119  132  140  153  158  165  164  167  165  167  166
  168  166  166  164  166  167  173  179  189  197  206  213  219  228  236  250
  256  267  271  278  280  279  275  271  263  258  249  243  234  227  218  208
  197  186  175  171  166  162  157  156  154  152  148  145  138  132  129  127
  130  129  131  126  121  109  107  104   97                                   
    37.5-180.0 180.0   5.0 450.0                            LAT/LON1/LON2/DLON/H
  101  107  100  105  107  115  129  142  156  166  174  177  179  179  179  178
  177  175  174  172  174  174  180  185  195  204  214  222  230  241  253  267
  281  289  299  304  308  304  301  293  287  279  271  261  252  242  232  220
  206  193  179  174  166  162  155  156  151  151  148  147  142  141  139  141
  141  144  141  138  127  115  110  105  101                                   
    35.0-180.0 180.0   5.0 450.0                            LAT/LON1/LON2/DLON/H
  102  109  101  101  104  113  128  143  160  173  185  189  194  193  192  191
  188  186  185  184  186  185  190  194  202  211  223  234  245  261  274  294
  309  322  331  338  341  336  332  324  317  308  298  286  273  261  247  231
  217  202  187  177  168  161  156  152  150  149  148  149  148  149  150  151
  154  154  151  145  135  123  118  110  102                                   
    32.5-180.0 180.0   5.0 450.0                            LAT/LON1/LON2/DLON/H
  106  107   96   99   96  108  120  139  158  175  188  198  201  202  200  199
  197  196  194  194  195  197  200  204  210  220  231  246  261  282  304  325
  345  358  366  369  371  364  358  348  340  329  319  305  292  276  261  242
  224  208  191  182  170  164  155  152  146  147  145  149  149  154  154  160
  158  160  153  148  136  126  116  107  106                                   
    30.0-180.0 180.0   5.0 450.0                            LAT/LON1/LON2/DLON/H
  106  109   98   98   97  109  121  141  159  178  193  205  209  213  209  209
  204  203  202  204  204  206  207  212  216  229  241  263  282  309  333  362
  382  397  403  405  403  395  386  375  364  353  340  329  310  293  273  253
  232  210  193  181  170  162  155  151  147  145  144  147  151  155  161  164
  166  165  159  152  141  130  123  113  106                                   
    27.5-180.0 180.0   5.0 450.0                            LAT/LON1/LON2/DLON/H
  109  107   98   96   95  107  116  138  156  179  194  210  215  220  217  217
  212  212  209  212  212  216  217  222  227  240  255  279  305  336  368  398
  422  432  437  432  429  416  406  394  381  368  354  337  320  299  280  258
  236  214  193  181  169  161  155  150  146  144  144  146  149  156  160  166
  164  164  157  151  140  132  122  110  109                                   
    25.0-180.0 180.0   5.0 450.0                            LAT/LON1/LON2/DLON/H
  113  114  102   99   99  109  118  140  154  179  194  213  220  230  226  229
  221  223  219  222  221  225  227  234  238  256  274  303  330  367  402  437
  457  467  466  460  451  437  424  412  398  384  365  349  326  307  284  260
  237  214  193  178  166  158  153  148  144  141  139  141  146  152  159  162
  164  163  159  153  144  135  131  120  113                                   
    22.5-180.0 180.0   5.0 450.0                            LAT/LON1/LON2/DLON/H
  118  115  107  104  101  107  115  137  152  176  191  212  222  235  234  239
  234  234  232  235  234  240  242  248  253  271  293  322  354  391  427  457
  477  480  480  469  457  441  425  414  401  388  370  350  330  305  283  258
  235  211  189  176  163  156  151  149  144  140  137  137  141  147  152  157
  158  158  154  151  142  137  134  118  118                                   
    20.0-180.0 180.0   5.0 450.0                            LAT/LON1/LON2/DLON/H
  121  119  112  109  107  112  123  141  155  177  191  210  221  236  239  247
  243  247  245  250  248  256  256  266  271  293  315  346  377  417  448  476
  488  493  486  473  458  440  424  413  405  394  376  357  333  308  283  260
  237  214  192  177  164  156  152  150  147  141  136  132  133  135  142  145
  150  151  151  149  146  138  139  126  121                                   
    17.5-180.0 180.0   5.0 450.0                            LAT/LON1/LON2/DLON/H
  123  120  119  117  113  118  125  142  153  174  186  207  219  237  243  252
  253  258  260  267  267  276  279  286  294  314  338  364  397  430  458  479
  492  489  480  467  449  434  419  413  406  398  381  360  337  311  288  264
  241  219  196  180  164  157  153  154  149  144  137  129  125  126  131  135
  139  143  143  143  137  134  133  120  123                                   
    15.0-180.0 180.0   5.0 450.0                            LAT/LON1/LON2/DLON/H
  118  113  114  111  114  116  131  146  163  181  194  210  224  240  251  260
  262  269  271  278  279  289  294  304  315  336  359  386  412  440  459  480
  484  481  470  458  443  430  418  415  411  405  387  365  342  320  298  276
  251  230  204  186  168  161  156  157  155  148  139  128  122  120  122  124
  128  132  137  136  133  126  127  117  118                                   
    12.5-180.0 180.0   5.0 450.0                            LAT/LON1/LON2/DLON/H
  116  107  109  108  110  117  131  150  167  186  197  214  224  244  255  270
  275  284  287  294  295  306  313  326  339  357  378  402  422  443  460  474
  478  473  464  454  441  435  425  425  421  415  396  373  352  330  311  289
  263  239  213  191  175  166  160  162  159  152  141  129  121  116  118  117
  119  122  124  125  119  115  114  105  116                                   
    10.0-180.0 180.0   5.0 450.0                            LAT/LON1/LON2/DLON/H
  106   94   96   96  100  107  123  143  165  188  201  218  230  248  263  277
  287  296  299  305  305  315  322  343  355  380  397  418  430  450  461  472
  470  467  460  452  446  442  437  438  434  426  405  382  361  342  324  304
  275  250  219  198  180  170  162  162  159  152  142  130  120  117  115  115
  113  116  118  116  113  107  107   92  106                                   
     7.5-180.0 180.0   5.0 450.0                            LAT/LON1/LON2/DLON/H
  103   90   88   87   90   99  115  139  163  188  204  221  234  254  268  285
  294  309  312  319  318  328  337  358  375  397  414  428  441  453  464  468
