data/unet/pred1910.15i
     1.0            IONOSPHERE MAPS     GNSS                IONEX VERSION / TYPE
pyspatialgeodesy        IME             05-JAN-18 20:20     PGM / RUN BY / DATE 
Map Name                                                    COMMENT             
Predicted global ionosphere maps (GIM).                     DESCRIPTION         
  2015     7    10     0     0     0                        EPOCH OF FIRST MAP  
  2015     7    11     0     0     0                        EPOCH OF LAST MAP   
  7200                                                      INTERVAL            
    13                                                      # OF MAPS IN FILE   
  NONE                                                      MAPPING FUNCTION    
10.0                                                        ELEVATION CUTOFF    
One-way carrier phase leveled to code                       OBSERVABLES USED    
  6371.0                                                    BASE RADIUS         
 2                                                          MAP DIMENSION       
   450.0 450.0   0.0                                        HGT1 / HGT2 / DHGT  
    87.5 -87.5  -2.5                                        LAT1 / LAT2 / DLAT  
  -180.0 180.0   5.0                                        LON1 / LON2 / DLON  
    -1                                                      EXPONENT            
                                                            END OF HEADER       
     1                                                      START OF TEC MAP    
  2015     7    10     0     0     0                        EPOCH OF CURRENT MAP
    87.5-180.0 180.0   5.0 450.0                            LAT/LON1/LON2/DLON/H
  201  184  186  187  185  183  183  182  182  180  180  179  180  179  180  178
  179  178  178  176  176  174  173  171  171  170  169  168  168  167  166  165
  166  166  167  166  167  168  169  169  170  171  172  173  174  174  174  174
  174  174  173  172  172  171  171  170  171  171  171  171  173  174  175  175
  178  179  179  179  182  182  184  203  201                                   
    85.0-180.0 180.0   5.0 450.0                            LAT/LON1/LON2/DLON/H
  185  192  199  199  197  195  195  194  194  192  193  191  192  191  191  189
  190  188  188  185  185  182  181  178  178  175  175  172  172  170  170  169
  169  169  170  170  171  171  173  173  175  175  177  177  179  179  180  179
  179  178  179  177  178  177  177  176  178  177  178  178  181  181  183  183
  187  188  189  189  193  190  193  188  185                                   
    82.5-180.0 180.0   5.0 450.0                            LAT/LON1/LON2/DLON/H
  195  201  204  205  203  201  201  199  200  198  198  196  197  195  195  193
  193  190  190  186  186  182  181  177  176  172  172  168  169  165  166  164
  166  164  166  165  168  168  171  171  173  174  176  176  178  178  180  179
  180  178  179  178  179  177  179  177  180  178  180  179  182  182  184  184
  188  189  192  193  198  195  196  195  195                                   
    80.0-180.0 180.0   5.0 450.0                            LAT/LON1/LON2/DLON/H
  204  210  211  213  209  210  208  210  206  207  204  204  201  201  198  198
  195  194  191  190  186  185  181  179  174  172  169  167  164  163  162  162
  162  162  164  165  167  169  171  173  175  178  179  182  182  184  184  186
  185  186  184  185  183  183  182  183  182  182  182  183  184  186  186  189
  190  194  195  199  201  202  202  203  204                                   
    77.5-180.0 180.0   5.0 450.0                            LAT/LON1/LON2/DLON/H
  206  210  211  213  211  211  211  210  209  208  206  205  203  201  199  197
  195  194  192  190  188  186  183  180  176  172  169  167  164  163  162  162
  162  164  166  169  171  173  176  179  181  183  186  188  189  192  192  194
  192  193  191  190  187  187  185  185  183  184  183  184  185  186  187  189
  191  193  195  198  200  200  202  202  206                                   
    75.0-180.0 180.0   5.0 450.0                            LAT/LON1/LON2/DLON/H
  206  208  209  210  209  208  208  207  207  205  205  202  201  198  197  195
  194  192  192  190  189  187  185  181  177  173  170  167  165  162  163  162
  164  165  169  171  175  177  181  183  186  188  191  193  196  197  199  199
  199  197  196  193  190  187  186  183  182  181  181  181  183  183  185  186
  188  189  193  194  198  198  199  199  206                                   
    72.5-180.0 180.0   5.0 450.0                            LAT/LON1/LON2/DLON/H
  205  205  206  206  205  204  204  204  204  204  204  202  201  199  198  196
  195  194  194  194  192  191  188  184  179  175  171  168  165  163  163  163
  165  168  171  174  178  180  183  184  187  188  191  193  195  197  198  198
  198  197  195  192  189  186  183  181  180  179  178  179  180  181  183  183
  185  186  188  189  193  194  196  198  205                                   
    70.0-180.0 180.0   5.0 450.0                            LAT/LON1/LON2/DLON/H
  204  204  203  204  203  203  203  203  204  205  206  205  204  203  201  200
  198  199  198  199  197  196  192  189  183  179  175  172  168  167  167  167
  169  171  175  178  181  182  185  185  186  187  189  190  192  193  196  196
  196  195  194  191  189  186  185  182  182  180  181  181  183  183  184  185
  186  186  188  189  193  193  194  195  204                                   
    67.5-180.0 180.0   5.0 450.0                            LAT/LON1/LON2/DLON/H
  206  203  203  203  202  202  203  203  205  207  209  209  208  207  206  204
  203  203  203  203  202  200  197  193  188  183  179  175  172  170  171  171
  173  174  177  179  181  181  182  181  181  179  180  180  182  183  186  187
  189  188  188  187  186  184  183  182  182  182  183  183  185  186  187  187
  187  187  189  189  194  194  194  193  206                                   
    65.0-180.0 180.0   5.0 450.0                            LAT/LON1/LON2/DLON/H
  209  206  205  204  202  202  202  203  205  208  210  212  211  211  208  208
  206  207  206  207  205  205  200  197  191  187  182  179  176  176  175  176
  176  178  179  180  180  179  177  174  172  168  168  167  170  170  175  176
  180  180  182  181  182  180  182  181  184  184  187  187  190  190  191  190
  190  190  191  192  196  196  195  193  209                                   
    62.5-180.0 180.0   5.0 450.0                            LAT/LON1/LON2/DLON/H
  217  211  210  208  206  204  203  204  206  209  213  213  214  212  212  210
  209  209  210  210  210  208  205  201  196  191  188  185  184  182  182  181
  181  180  180  178  177  173  170  165  161  156  155  153  156  158  163  166
  170  172  175  175  177  178  180  182  185  187  190  191  194  194  195  193
  193  192  193  194  199  198  199  196  217                                   
    60.0-180.0 180.0   5.0 450.0                            LAT/LON1/LON2/DLON/H
  227  220  218  216  211  208  206  207  208  212  214  217  216  216  213  213
  210  212  212  214  213  213  208  206  200  198  194  194  192  191  189  188
  185  183  180  177  173  168  163  156  152  146  144  142  145  147  153  156
  162  163  169  170  174  176  180  184  188  192  195  197  199  198  199  198
  197  196  198  198  203  204  204  202  227                                   
    57.5-180.0 180.0   5.0 450.0                            LAT/LON1/LON2/DLON/H
  240  230  231  229  224  218  215  213  213  216  218  219  218  217  215  213
  212  212  214  215  217  216  214  210  208  205  205  204  204  202  200  195
  191  185  181  174  169  162  156  148  143  137  135  134  137  139  146  149
  155  158  164  167  173  176  183  188  194  198  202  202  204  203  204  202
  202  201  203  204  210  211  212  212  240                                   
    55.0-180.0 180.0   5.0 450.0                            LAT/LON1/LON2/DLON/H
  253  243  247  245  239  233  227  224  221  222  221  222  219  218  214  213
  211  213  213  217  218  220  217  216  213  213  213  215  214  213  209  204
  196  188  180  173  166  158  152  144  139  133  132  130  134  135  141  144
  151  154  161  166  173  180  187  195  201  206  208  209  209  208  208  207
  208  207  210  212  218  221  221  223  253                                   
    52.5-180.0 180.0   5.0 450.0                            LAT/LON1/LON2/DLON/H
  270  258  265  264  258  251  245  238  233  230  226  224  221  218  215  213
  212  213  215  218  222  223  224  222  222  222  225  226  228  224  219  211
  202  191  182  172  165  156  151  143  138  133  132  131  135  137  142  145
  152  155  163  168  178  186  196  204  212  216  218  216  216  213  213  213
  214  215  218  222  230  233  233  238  270                                   
    50.0-180.0 180.0   5.0 450.0                            LAT/LON1/LON2/DLON/H
  284  275  281  282  277  273  264  257  248  242  235  230  224  221  216  214
  212  214  215  221  225  229  229  229  228  230  234  237  237  234  226  216
  205  193  183  173  167  157  153  145  142  136  136  136  139  140  145  148
  154  158  166  173  184  193  204  214  222  226  226  224  223  220  220  221
  224  225  230  235  243  246  246  254  284                                   
    47.5-180.0 180.0   5.0 450.0                            LAT/LON1/LON2/DLON/H
  297  287  295  297  295  293  286  279  268  258  248  239  231  226  220  217
  215  216  218  224  230  234  236  236  238  239  243  245  246  241  233  220
  209  196  186  176  169  160  156  149  146  141  141  141  144  145  150  152
  159  163  172  178  191  200  213  223  233  237  238  235  233  229  230  231
  236  240  246  251  260  262  263  271  297                                   
    45.0-180.0 180.0   5.0 450.0                            LAT/LON1/LON2/DLON/H
  307  299  306  310  311  312  308  302  291  279  265  254  242  235  226  222
  219  220  222  228  235  241  242  243  244  246  249  251  250  244  235  223
  212  201  191  182  176  167  163  156  154  149  149  148  150  151  155  158
  164  169  177  183  195  205  218  228  240  245  247  246  243  242  242  246
  252  258  264  271  279  279  278  289  307                                   
    42.5-180.0 180.0   5.0 450.0                            LAT/LON1/LON2/DLON/H
  317  309  315  321  324  328  328  324  315  301  284  271  257  247  237  231
  228  227  230  236  244  248  251  251  252  253  256  256  255  247  239  228
  218  208  199  189  184  175  171  163  162  157  157  156  158  158  162  164
  171  174  181  186  198  206  219  229  244  250  256  256  257  257  261  266
  274  280  288  294  301  300  297  304  317                                   
    40.0-180.0 180.0   5.0 450.0                            LAT/LON1/LON2/DLON/H
  330  323  329  334  339  344  346  345  339  326  309  293  278  267  253  246
  240  240  241  248  254  261  262  262  261  263  263  263  260  254  244  236
  227  219  211  203  197  188  183  175  173  169  167  165  165  165  167  168
  173  174  179  183  194  203  216  227  242  252  261  265  269  274  279  287
  294  302  308  315  321  319  315  321  330                                   
    37.5-180.0 180.0   5.0 450.0                            LAT/LON1/LON2/DLON/H
  345  342  345  349  353  357  360  361  358  348  333  316  298  285  271  262
  256  255  257  262  269  272  274  273  274  274  275  274  271  263  255  247
  241  233  227  218  212  201  195  187  186  181  180  176  176  173  174  172
  175  174  177  180  190  198  211  222  238  251  265  273  282  289  297  304
  313  319  328  335  343  340  336  336  345                                   
    35.0-180.0 180.0   5.0 450.0                            LAT/LON1/LON2/DLON/H
  368  371  371  372  374  374  378  381  380  372  358  341  323  307  292  283
  275  274  275  280  284  288  287  288  288  291  291  290  284  277  269  261
  255  249  242  234  227  217  210  203  201  197  194  189  186  181  179  173
  174  169  171  173  182  190  203  216  231  247  265  278  291  301  308  318
  325  334  343  353  365  362  359  357  368                                   
    32.5-180.0 180.0   5.0 450.0                            LAT/LON1/LON2/DLON/H
  395  401  400  400  398  397  400  403  405  398  386  368  350  331  314  303
  296  294  295  298  300  300  299  299  302  305  307  305  299  291  282  274
  268  261  255  247  239  229  222  216  214  210  209  203  198  190  185  177
  173  167  166  166  175  184  198  210  228  244  264  279  294  305  315  324
  334  343  356  368  383  383  382  376  395                                   
    30.0-180.0 180.0   5.0 450.0                            LAT/LON1/LON2/DLON/H
  426  439  441  442  440  435  436  437  440  435  423  405  385  366  347  334
  325  322  320  320  318  317  313  314  316  321  322  320  314  304  292  282
  276  267  261  254  248  240  233  228  228  225  223  216  209  197  188  175
  170  160  159  157  167  174  189  201  220  238  260  277  295  307  317  328
  338  350  365  381  399  401  406  400  426                                   
    27.5-180.0 180.0   5.0 450.0                            LAT/LON1/LON2/DLON/H
  452  470  477  485  481  478  474  475  475  472  463  448  427  407  387  372
  361  354  349  343  337  330  326  325  327  330  332  329  322  310  297  285
  276  267  260  253  247  240  236  232  234  231  229  221  212  198  187  173
  164  154  151  150  158  166  180  194  214  233  256  273  290  301  313  324
  337  352  369  388  406  411  419  414  452                                   
    25.0-180.0 180.0   5.0 450.0                            LAT/LON1/LON2/DLON/H
  477  504  519  531  529  525  519  521  519  517  507  495  474  456  435  420
  404  394  381  370  358  348  340  338  338  339  339  335  324  311  295  280
  269  258  250  242  235  230  226  226  228  227  224  216  205  189  176  162
  154  144  143  141  149  156  172  185  207  226  251  268  286  296  309  321
  337  354  371  390  411  417  430  428  477                                   
    22.5-180.0 180.0   5.0 450.0                            LAT/LON1/LON2/DLON/H
  488  520  544  564  564  564  556  559  556  556  547  536  517  501  481  467
  449  436  417  398  378  362  350  343  340  337  333  327  315  300  282  265
  251  237  227  219  213  209  207  206  210  209  207  197  187  172  160  148
  141  134  134  133  141  149  165  181  202  223  247  263  280  289  301  314
  332  350  366  386  404  413  425  430  488                                   
    20.0-180.0 180.0   5.0 450.0                            LAT/LON1/LON2/DLON/H
  490  533  561  587  594  597  592  595  592  590  582  573  558  543  524  509
  489  473  447  421  393  371  356  343  333  325  316  308  295  280  259  242
  225  212  198  191  184  182  179  181  184  185  181  173  163  150  140  130
  126  122  124  126  135  144  161  177  200  220  244  260  278  287  301  316
  334  352  366  381  401  408  425  433  490                                   
    17.5-180.0 180.0   5.0 450.0                            LAT/LON1/LON2/DLON/H
  479  518  552  583  597  604  605  609  608  605  600  594  585  575  560  545
  524  501  471  438  404  378  357  340  321  307  293  283  266  250  230  211
  191  177  166  160  154  151  149  149  152  151  148  141  134  123  118  111
  110  107  112  114  125  134  155  174  197  218  241  258  274  287  301  318
  336  352  363  377  391  398  410  425  479                                   
    15.0-180.0 180.0   5.0 450.0                            LAT/LON1/LON2/DLON/H
  464  501  534  567  588  599  606  610  609  606  604  601  600  595  586  571
  548  520  485  445  408  376  353  329  305  283  264  247  231  217  199  181
  162  149  137  130  125  122  120  120  120  119  116  112  109  103   99   96
   95   95  100  104  114  125  147  166  191  212  237  255  276  290  309  326
  344  357  369  380  393  397  413  426  464                                   
    12.5-180.0 180.0   5.0 450.0                            LAT/LON1/LON2/DLON/H
  446  471  502  529  550  561  573  579  583  585  587  589  594  596  593  580
  559  529  490  450  410  378  349  319  288  260  234  214  199  187  171  154
  137  125  114  109  102  100   95   95   94   91   88   86   88   84   85   82
   83   83   88   91  103  115  137  160  186  209  235  256  276  295  314  332
  350  365  375  385  394  398  408  424  446                                   
    10.0-180.0 180.0   5.0 450.0                            LAT/LON1/LON2/DLON/H
  438  454  478  498  517  525  540  545  553  554  563  569  581  586  586  573
  553  520  483  440  400  365  333  300  265  229  201  181  170  161  148  134
  120  110  100   97   94   90   86   84   84   81   77   76   79   79   80   78
   78   77   81   84   95  106  128  152  181  205  233  255  279  301  324  343
  363  377  390  400  407  411  424  434  438                                   
     7.5-180.0 180.0   5.0 450.0                            LAT/LON1/LON2/DLON/H
  441  451  466  475  484  488  500  508  513  519  529  541  556  563  563  553
  533  507  470  431  391  356  319  282  244  204  175  158  150  141  133  122
