data/unet/pred0310.15i
     1.0            IONOSPHERE MAPS     GNSS                IONEX VERSION / TYPE
pyspatialgeodesy        IME             05-JAN-18 20:20     PGM / RUN BY / DATE 
Map Name                                                    COMMENT             
Predicted global ionosphere maps (GIM).                     DESCRIPTION         
  2015     1    31     0     0     0                        EPOCH OF FIRST MAP  
  2015     2     1     0     0     0                        EPOCH OF LAST MAP   
  7200                                                      INTERVAL            
    13                                                      # OF MAPS IN FILE   
  NONE                                                      MAPPING FUNCTION    
10.0                                                        ELEVATION CUTOFF    
One-way carrier phase leveled to code                       OBSERVABLES USED    
  6371.0                                                    BASE RADIUS         
 2                                                          MAP DIMENSION       
   450.0 450.0   0.0                                        HGT1 / HGT2 / DHGT  
    87.5 -87.5  -2.5                                        LAT1 / LAT2 / DLAT  
  -180.0 180.0   5.0                                        LON1 / LON2 / DLON  
    -1                                                      EXPONENT            
                                                            END OF HEADER       
[from data line 4290]
    11                                                      START OF TEC MAP    
  2015     1    31    20     0     0                        EPOCH OF CURRENT MAP
    87.5-180.0 180.0   5.0 450.0                            LAT/LON1/LON2/DLON/H
  136  111   94  100   99  101  101  106  107  113  115  120  122  126  127  130
  131  133  133  135  136  137  137  139  139  140  140  141  141  142  140  142
  138  139  134  134  127  126  120  119  113  113  108  108  104  105  102  104
  101  103  100  102   99  101   99  100   98   99   97   98   95   97   94   95
   92   95   92   94   94   95   89  129  136                                   
    85.0-180.0 180.0   5.0 450.0                            LAT/LON1/LON2/DLON/H
   79   79   77   81   82   83   85   88   95  100  106  111  117  121  124  127
  129  132  133  136  137  140  140  143  143  146  146  148  149  149  149  148
  146  143  139  134  130  123  119  113  110  104  103   98   99   95   97   93
   96   93   96   93   95   93   95   92   94   92   93   90   91   87   88   84
   85   81   82   78   82   77   75   96   79                                   
    82.5-180.0 180.0   5.0 450.0                            LAT/LON1/LON2/DLON/H
   62   62   61   66   67   71   72   81   85   95   99  109  113  121  125  132
  134  140  142  148  148  153  153  158  157  162  160  166  162  167  161  163
  155  155  146  143  133  130  120  118  109  108  101  101   95   96   92   93
   91   92   91   93   91   93   91   94   91   93   89   91   86   87   81   82
   76   77   71   72   68   64   58   71   62                                   
    80.0-180.0 180.0   5.0 450.0                            LAT/LON1/LON2/DLON/H
   55   46   46   45   50   49   56   61   71   78   90   96  107  114  124  129
  137  140  146  148  153  154  157  157  160  161  164  164  167  164  165  159
  159  151  148  139  133  123  118  109  103   98   94   89   86   84   83   82
   83   82   85   84   88   87   91   89   92   88   90   86   88   82   82   75
   75   68   68   59   58   49   47   58   55                                   
    77.5-180.0 180.0   5.0 450.0                            LAT/LON1/LON2/DLON/H
   49   42   39   38   39   40   46   51   62   71   85   94  107  115  126  133
  140  144  148  150  152  152  154  153  155  154  156  156  157  154  154  150
  149  141  139  129  125  114  110  100   96   90   86   82   80   78   78   78
   80   81   85   87   90   91   94   95   95   94   92   91   88   86   82   78
   74   69   66   61   56   47   43   48   49                                   
    75.0-180.0 180.0   5.0 450.0                            LAT/LON1/LON2/DLON/H
   62   50   50   46   48   48   56   60   73   81   97  106  122  129  145  148
  159  156  161  156  157  151  152  150  151  151  155  154  156  152  152  147
  145  141  136  130  123  117  111  104   99   95   90   87   84   84   82   85
   85   90   93   96   99  101  104  104  105  104  103   99   97   94   91   85
   83   77   74   69   66   58   56   59   62                                   
    72.5-180.0 180.0   5.0 450.0                            LAT/LON1/LON2/DLON/H
   82   76   70   67   67   66   71   76   87   97  113  127  142  153  165  171
  174  172  171  164  160  152  149  145  145  142  145  142  144  140  140  135
  134  129  127  121  118  113  110  105  100   98   94   92   89   88   87   89
   90   95   97  101  104  108  109  111  110  110  106  105  100   98   94   91
   87   85   83   80   77   72   71   71   82                                   
    70.0-180.0 180.0   5.0 450.0                            LAT/LON1/LON2/DLON/H
  107   96   94   89   89   88   94   97  110  120  138  152  170  181  195  198
  202  194  190  178  170  159  151  144  139  135  133  130  129  126  124  119
  117  114  112  108  107  104  103   99   98   95   95   93   92   91   91   93
   94   99  101  105  107  111  112  112  112  110  108  103  103   98   98   92
   93   90   92   89   89   87   90   91  107                                   
    67.5-180.0 180.0   5.0 450.0                            LAT/LON1/LON2/DLON/H
  121  119  117  116  116  114  119  123  135  147  165  180  198  212  224  229
  228  221  207  197  182  171  159  149  140  129  124  115  113  107  104   99
   97   94   91   91   88   89   87   88   86   88   86   88   86   87   85   88
   88   92   94   98   99  101  102  102  101  100   97   96   92   93   89   90
   87   89   90   91   92   93   97  103  121                                   
    65.0-180.0 180.0   5.0 450.0                            LAT/LON1/LON2/DLON/H
  133  128  133  132  136  135  142  146  160  173  193  209  230  245  257  261
  259  250  239  223  211  193  180  160  146  128  117  104   98   90   86   79
   76   73   71   69   69   69   70   70   72   74   76   77   78   79   79   80
   81   84   86   88   89   90   90   91   90   88   86   83   84   81   82   79
   82   81   86   85   90   93  102  111  133                                   
    62.5-180.0 180.0   5.0 450.0                            LAT/LON1/LON2/DLON/H
  125  126  135  140  147  147  157  161  177  190  212  232  254  270  281  286
  283  276  261  246  230  212  196  177  157  136  119  103   93   82   75   68
   63   59   55   53   50   52   51   55   55   60   61   64   64   63   64   63
   65   66   68   71   72   73   74   73   74   72   72   70   70   70   68   68
   66   68   69   72   76   81   93  108  125                                   
    60.0-180.0 180.0   5.0 450.0                            LAT/LON1/LON2/DLON/H
  119  118  134  143  153  161  171  180  196  212  233  254  275  292  303  308
  307  299  286  270  254  236  219  198  178  153  132  111   99   86   78   69
   63   57   53   48   45   42   43   44   48   50   55   55   58   55   56   52
   53   51   55   55   58   59   61   62   63   62   60   59   61   60   60   58
   58   56   58   56   62   67   83   98  119                                   
    57.5-180.0 180.0   5.0 450.0                            LAT/LON1/LON2/DLON/H
   99  103  122  137  153  162  177  187  208  226  249  268  289  305  318  325
  323  319  307  290  275  254  237  214  196  174  153  134  118  106   95   85
   76   67   59   53   47   42   39   40   41   44   47   49   50   46   45   40
   39   38   40   41   44   46   50   51   55   55   55   54   55   54   54   51
   49   48   45   45   46   51   69   87   99                                   
    55.0-180.0 180.0   5.0 450.0                            LAT/LON1/LON2/DLON/H
   95   98  124  146  164  181  197  215  232  252  268  286  302  316  328  336
  338  333  321  306  288  272  253  233  216  195  180  162  151  136  126  112
  102   89   79   69   61   53   49   47   49   50   55   55   57   51   49   42
   40   36   38   39   42   46   49   54   57   58   57   58   58   57   57   54
   51   47   45   40   42   44   61   80   95                                   
    52.5-180.0 180.0   5.0 450.0                            LAT/LON1/LON2/DLON/H
   92  100  125  152  175  197  219  238  257  272  288  301  314  328  337  348
  349  348  333  323  303  291  269  252  232  217  203  193  183  175  160  146
  127  113   99   88   78   69   64   60   60   61   64   64   65   60   55   49
   44   41   42   44   47   50   55   58   64   64   65   64   65   64   62   60
   55   53   48   46   44   47   63   83   92                                   
    50.0-180.0 180.0   5.0 450.0                            LAT/LON1/LON2/DLON/H
  110  117  149  177  201  229  251  273  288  303  311  321  330  338  346  353
  358  353  345  332  317  304  285  269  255  241  233  225  218  207  194  173
  153  134  119  107   98   89   84   79   78   78   81   81   83   78   74   67
   63   60   60   61   63   66   69   73   77   77   77   76   76   76   75   73
   69   67   65   63   63   65   79   99  110                                   
    47.5-180.0 180.0   5.0 450.0                            LAT/LON1/LON2/DLON/H
  130  145  171  200  228  259  280  302  317  330  333  343  344  353  356  365
  365  362  352  342  327  318  300  289  274  266  257  251  239  228  208  187
  161  141  125  116  109  103   99   95   93   92   94   95   96   93   89   84
   81   78   79   78   80   80   85   87   91   89   89   86   85   85   84   83
   80   79   79   81   84   89  101  121  130                                   
    45.0-180.0 180.0   5.0 450.0                            LAT/LON1/LON2/DLON/H
  165  179  208  232  260  291  311  332  345  355  359  364  364  366  368  372
  374  367  360  348  337  327  315  305  295  286  278  269  255  235  211  183
  156  136  124  118  116  114  111  107  104  102  104  104  106  105  104  101
  101   99  100   99   99   98  101  103  105  103  101   99   97   96   95   94
   92   94   97  102  110  119  132  149  165                                   
    42.5-180.0 180.0   5.0 450.0                            LAT/LON1/LON2/DLON/H
  187  207  229  257  283  310  329  349  360  374  373  384  378  385  381  388
  384  379  367  359  349  344  331  324  313  303  292  277  254  230  198  166
  140  123  117  115  119  119  120  115  111  107  107  108  110  110  111  110
  111  111  113  111  112  109  112  110  113  109  107  103  101  102  100  101
   99  103  107  117  128  143  152  177  187                                   
    40.0-180.0 180.0   5.0 450.0                            LAT/LON1/LON2/DLON/H
  213  231  254  278  299  325  341  361  373  385  389  397  398  400  400  403
  399  392  382  375  367  360  349  341  329  315  299  277  250  219  185  153
  132  120  118  122  127  131  130  125  117  111  110  109  112  112  114  113
  118  118  121  119  119  115  116  115  115  112  110  107  107  107  105  107
  105  108  113  123  141  158  177  199  213                                   
    37.5-180.0 180.0   5.0 450.0                            LAT/LON1/LON2/DLON/H
  219  241  257  283  303  323  339  357  370  387  391  405  403  412  409  415
  410  406  394  391  381  378  364  353  337  319  298  272  240  208  176  150
  138  132  137  141  149  148  148  137  127  117  113  111  111  111  112  113
  115  118  121  119  120  116  118  115  116  111  110  107  105  107  106  107
  102  104  105  118  136  158  179  211  219                                   
    35.0-180.0 180.0   5.0 450.0                            LAT/LON1/LON2/DLON/H
  229  248  266  290  307  327  339  359  374  390  401  411  416  420  424  427
  425  421  412  412  404  398  381  364  342  320  298  270  245  216  196  182
  179  181  184  188  190  185  175  161  145  133  125  122  120  117  116  114
  116  116  120  118  118  116  116  116  116  113  110  109  107  109  107  110
  103  103   99  107  124  148  177  207  229                                   
    32.5-180.0 180.0   5.0 450.0                            LAT/LON1/LON2/DLON/H
  225  243  261  289  306  320  331  350  368  388  400  416  417  428  428  435
  433  432  427  428  423  415  396  371  345  325  304  284  263  246  239  240
  248  254  258  255  250  234  218  195  174  158  149  143  138  131  125  119
  116  116  116  114  115  115  119  119  120  118  116  115  112  113  109  108
   99   94   87   92  108  133  168  207  225                                   
    30.0-180.0 180.0   5.0 450.0                            LAT/LON1/LON2/DLON/H
  233  246  273  299  314  330  339  357  373  392  407  419  424  434  438  443
  442  445  444  449  446  436  412  384  356  336  325  314  311  309  322  337
  354  360  358  343  325  295  270  241  216  199  187  181  172  161  151  140
  131  128  123  123  121  123  124  127  126  126  123  125  123  124  119  117
  108  102   93   95  104  131  166  211  233                                   
    27.5-180.0 180.0   5.0 450.0                            LAT/LON1/LON2/DLON/H
  240  253  282  310  328  340  349  363  377  397  409  423  427  438  438  445
  444  448  449  456  455  445  419  391  367  359  358  365  375  390  419  444
  460  465  460  435  401  364  327  289  259  239  225  218  209  197  180  166
  150  141  131  129  126  130  129  133  129  132  128  132  129  130  123  121
  112  106   98   97  107  133  180  224  240                                   
    25.0-180.0 180.0   5.0 450.0                            LAT/LON1/LON2/DLON/H
  261  272  307  337  352  371  376  388  397  414  423  435  441  449  448  452
  451  456  460  466  464  453  429  405  392  393  408  427  454  482  500  518
  535  537  526  501  463  415  370  330  297  275  262  257  247  235  216  199
  181  168  155  150  145  148  146  148  141  138  137  137  138  134  129  127
  123  120  117  116  127  147  194  234  261                                   
    22.5-180.0 180.0   5.0 450.0                            LAT/LON1/LON2/DLON/H
  279  301  336  363  388  400  410  413  422  435  441  453  454  458  456  460
  456  460  462  467  465  454  437  424  425  441  467  500  532  545  576  604
  630  622  595  543  488  443  395  355  324  303  291  285  275  262  246  228
  208  191  175  164  162  161  162  158  152  145  140  140  140  140  137  132
  133  130  130  132  146  171  217  256  279                                   
    20.0-180.0 180.0   5.0 450.0                            LAT/LON1/LON2/DLON/H
  309  330  371  399  423  445  448  455  457  474  477  487  483  487  482  482
  477  479  478  482  477  468  457  455  468  495  534  571  594  622  661  698
  708  703  650  576  496  443  394  360  330  316  305  304  296  288  273  256
  238  214  198  182  177  167  169  161  160  148  147  139  140  135  141  144
  147  150  152  156  174  201  247  281  309                                   
    17.5-180.0 180.0   5.0 450.0                            LAT/LON1/LON2/DLON/H
  324  355  397  427  462  479  491  495  504  516  522  523  520  519  515  511
  506  503  498  494  489  480  480  486  512  548  592  622  651  685  710  729
  728  707  650  566  484  426  373  341  317  310  304  302  298  290  281  268
  251  235  219  207  197  190  184  180  171  164  156  151  145  141  143  150
  155  157  166  172  193  225  270  309  324                                   
    15.0-180.0 180.0   5.0 450.0                            LAT/LON1/LON2/DLON/H
  342  366  413  445  486  512  527  542  553  570  571  576  569  567  563  559
  555  547  539  528  521  514  518  533  566  607  642  669  694  710  717  716
  697  666  598  519  442  380  332  309  296  294  287  283  282  280  276  269
  262  252  247  233  227  212  206  193  186  175  171  161  157  146  149  145
  153  155  167  174  201  237  286  323  342                                   
    12.5-180.0 180.0   5.0 450.0                            LAT/LON1/LON2/DLON/H
  340  377  421  459  500  528  557  574  596  609  618  627  625  623  620  616
  611  601  587  572  560  551  560  581  613  643  677  695  707  704  693  678
  639  587  524  455  387  336  298  283  270  268  260  258  255  258  258  259
  258  259  255  253  240  235  221  212  199  192  183  176  167  157  149  144
  149  152  165  176  205  245  294  335  340                                   
    10.0-180.0 180.0   5.0 450.0                            LAT/LON1/LON2/DLON/H
  344  372  426  463  512  544  580  610  635  657  665  680  682  685  683  680
  676  662  650  630  618  608  616  631  660  685  706  710  704  688  661  623
  571  522  466  408  352  312  284  271  259  252  253  244  246  247  254  254
  260  258  259  252  248  236  230  216  212  200  198  185  177  156  150  137
  143  144  161  173  208  244  294  339  344                                   
     7.5-180.0 180.0   5.0 450.0                            LAT/LON1/LON2/DLON/H
  338  382  432  481  523  560  598  627  659  678  697  713  722  732  731  734
  727  724  710  687  674  659  659  665  686  703  709  701  679  653  610  566
