data/unet/pred3390.15i
     1.0            IONOSPHERE MAPS     GNSS                IONEX VERSION / TYPE
pyspatialgeodesy        IME             05-JAN-18 20:20     PGM / RUN BY / DATE 
Map Name                                                    COMMENT             
Predicted global ionosphere maps (GIM).                     DESCRIPTION         
  2015    12     5     0     0     0                        EPOCH OF FIRST MAP  
  2015    12     6     0     0     0                        EPOCH OF LAST MAP   
  7200                                                      INTERVAL            
    13                                                      # OF MAPS IN FILE   
  NONE                                                      MAPPING FUNCTION    
10.0                                                        ELEVATION CUTOFF    
One-way carrier phase leveled to code                       OBSERVABLES USED    
  6371.0                                                    BASE RADIUS         
 2                                                          MAP DIMENSION       
   450.0 450.0   0.0                                        HGT1 / HGT2 / DHGT  
    87.5 -87.5  -2.5                                        LAT1 / LAT2 / DLAT  
  -180.0 180.0   5.0                                        LON1 / LON2 / DLON  
    -1                                                      EXPONENT            
                                                            END OF HEADER       
[from data line 2574]
     7                                                      START OF TEC MAP    
  2015    12     5    12     0     0                        EPOCH OF CURRENT MAP
    87.5-180.0 180.0   5.0 450.0                            LAT/LON1/LON2/DLON/H
   51   56   51   53   51   51   48   49   47   47   45   46   44   45   42   44
   42   43   41   43   40   42   40   42   40   42   40   41   40   40   39   39
   39   38   38   37   38   37   37   37   38   37   38   38   39   38   38   39
   40   40   40   41   42   43   43   44   45   45   46   46   47   48   48   48
   48   49   48   49   47   43   53   46   51                                   
    85.0-180.0 180.0   5.0 450.0                            LAT/LON1/LON2/DLON/H
   61   56   49   44   48   45   47   45   46   43   44   43   43   41   41   40
   40   39   39   38   39   38   39   38   39   38   39   38   40   38   39   38
   40   38   39   37   38   36   37   35   36   34   35   33   36   34   36   35
   38   36   39   38   41   41   44   43   45   44   47   46   48   47   49   47
   50   47   50   47   50   49   55   50   61                                   
    82.5-180.0 180.0   5.0 450.0                            LAT/LON1/LON2/DLON/H
   56   53   42   45   39   42   37   41   36   38   33   36   31   33   28   32
   27   31   26   31   26   30   26   31   26   31   27   32   28   33   29   33
   28   32   28   31   25   28   23   25   20   22   19   22   18   22   19   24
   21   26   24   31   28   35   32   39   35   41   37   43   39   44   39   45
   39   45   39   42   39   38   36   28   56                                   
    80.0-180.0 180.0   5.0 450.0                            LAT/LON1/LON2/DLON/H
   50   37   35   34   35   30   33   29   31   27   29   26   27   24   26   24
   26   24   25   24   25   23   25   24   26   25   28   27   30   28   32   30
   32   29   31   28   27   23   23   20   19   16   16   15   16   14   17   16
   21   19   25   24   29   28   32   32   36   33   37   35   37   34   37   34
   36   32   35   30   34   28   31   25   50                                   
    77.5-180.0 180.0   5.0 450.0                            LAT/LON1/LON2/DLON/H
   42   35   25   28   23   26   23   25   21   22   19   21   17   19   17   18
   17   17   18   18   18   19   19   21   20   24   25   28   28   32   32   35
   32   34   31   31   26   26   20   20   14   14   10   12    9   12   10   15
   14   19   19   24   24   28   27   31   29   31   29   31   28   29   27   28
   25   26   22   23   22   20   23   13   42                                   
    75.0-180.0 180.0   5.0 450.0                            LAT/LON1/LON2/DLON/H
   37   25   22   20   20   19   20   18   18   16   17   15   16   15   18   17
   19   17   20   18   20   18   21   20   23   24   29   30   34   35   40   40
   41   40   40   38   34   31   27   24   18   16   12   13   10   13   12   16
   16   20   21   24   25   27   28   30   29   29   29   28   27   26   25   23
   22   20   19   17   18   15   22   15   37                                   
    72.5-180.0 180.0   5.0 450.0                            LAT/LON1/LON2/DLON/H
   33   29   23   23   21   21   20   19   18   17   15   16   16   17   19   20
   21   21   22   22   22   22   23   23   25   28   32   35   40   43   47   50
   50   52   49   49   44   41   36   34   28   25   21   20   19   19   20   22
   24   26   27   29   30   30   31   32   31   31   30   30   29   27   26   24
   23   21   20   16   17   14   21   11   33                                   
    70.0-180.0 180.0   5.0 450.0                            LAT/LON1/LON2/DLON/H
   35   25   25   21   22   21   21   21   19   18   17   18   19   21   23   25
   25   26   26   26   26   25   25   25   26   29   34   38   43   50   54   60
   60   65   62   63   55   54   46   45   37   35   30   30   27   29   28   30
   30   31   31   32   31   30   31   29   30   29   31   29   30   28   29   25
   25   23   22   20   19   17   23   18   35                                   
    67.5-180.0 180.0   5.0 450.0                            LAT/LON1/LON2/DLON/H
   36   31   27   24   26   24   25   25   23   22   21   23   24   25   29   31
   33   32   33   30   31   29   29   27   29   30   35   40   46   55   60   68
   69   75   72   74   67   66   59   57   50   48   44   43   41   40   39   39
   39   38   37   35   33   30   28   27   27   27   29   30   31   30   31   29
   28   27   26   23   23   19   25   18   36                                   
    65.0-180.0 180.0   5.0 450.0                            LAT/LON1/LON2/DLON/H
   38   30   29   24   27   27   27   28   25   25   24   26   25   29   30   34
   34   35   33   33   31   30   28   28   27   30   33   40   45   58   63   74
   75   83   80   84   76   77   69   71   62   65   56   58   51   53   47   48
   42   42   36   34   28   25   21   21   21   23   26   27   30   31   33   31
   32   30   31   28   27   24   28   25   38                                   
    62.5-180.0 180.0   5.0 450.0                            LAT/LON1/LON2/DLON/H
   41   34   29   26   29   28   30   30   29   27   27   28   29   31   34   36
   37   35   35   32   32   30   30   29   29   29   34   40   48   60   66   78
   80   87   85   88   82   83   79   79   75   75   71   69   66   63   58   54
   49   46   40   34   29   23   20   18   20   20   25   26   30   30   33   32
   34   33   34   31   32   27   31   26   41                                   
    60.0-180.0 180.0   5.0 450.0                            LAT/LON1/LON2/DLON/H
   40   33   31   25   28   28   29   29   27   26   25   26   27   30   31   33
   32   30   28   27   27   26   27   27   27   30   33   41   50   63   71   82
   85   91   89   92   87   88   85   88   84   87   82   83   76   75   66   64
   54   50   40   35   25   21   15   16   15   18   21   25   28   29   33   31
   35   32   36   35   36   31   34   30   40                                   
    57.5-180.0 180.0   5.0 450.0                            LAT/LON1/LON2/DLON/H
   44   36   29   26   28   28   30   29   28   25   25   26   28   29   31   31
   30   26   25   23   25   25   28   28   30   33   38   47   56   69   77   88
   90   96   92   95   90   92   91   93   93   94   93   92   88   84   77   72
   62   55   46   39   31   25   22   19   20   22   26   28   31   30   33   31
   33   33   36   35   38   33   36   32   44                                   
    55.0-180.0 180.0   5.0 450.0                            LAT/LON1/LON2/DLON/H
   45   37   34   26   30   29   30   28   26   22   22   22   23   26   27   26
   23   19   16   16   17   21   25   29   32   38   45   55   66   79   88   98
  100  104  100  101   97   99   97  102  101  105  102  103   97   96   86   82
   69   65   50   46   34   32   24   26   23   28   28   31   32   32   33   31
   33   32   37   37   41   37   40   37   45                                   
    52.5-180.0 180.0   5.0 450.0                            LAT/LON1/LON2/DLON/H
   49   43   36   32   33   32   32   31   27   24   23   23   25   26   27   26
   22   18   15   15   18   23   30   35   41   47   55   67   78   91   98  109
  109  112  106  108  104  106  105  110  111  113  113  113  109  105   98   92
   82   75   65   57   50   43   41   38   39   38   42   40   42   37   38   34
   35   34   38   39   44   39   45   43   49                                   
    50.0-180.0 180.0   5.0 450.0                            LAT/LON1/LON2/DLON/H
   55   49   46   39   41   38   40   34   32   26   26   24   26   27   28   25
   21   16   12   13   17   24   33   42   49   59   67   80   91  104  112  121
  121  122  118  118  116  118  117  122  122  126  124  125  119  117  108  104
   93   89   77   72   61   57   52   51   49   50   50   51   49   46   45   41
   42   39   44   44   49   48   51   52   55                                   
    47.5-180.0 180.0   5.0 450.0                            LAT/LON1/LON2/DLON/H
   61   59   52   50   49   48   46   43   38   34   31   30   31   32   33   31
   26   22   18   19   23   32   42   51   60   70   78   91  101  114  120  128
  126  128  123  126  124  128  128  132  132  135  135  133  129  125  120  113
  106  100   93   84   77   69   67   63   63   61   63   60   60   54   54   49
   49   47   50   51   55   52   57   61   61                                   
    45.0-180.0 180.0   5.0 450.0                            LAT/LON1/LON2/DLON/H
   67   67   61   57   59   56   57   52   50   43   42   38   39   39   39   36
   33   27   25   26   31   40   51   64   71   82   88  101  111  122  127  132
  131  133  131  134  136  140  141  143  144  144  142  140  136  133  127  122
  116  111  102   94   86   80   75   71   69   68   68   67   66   63   62   58
   58   55   58   56   60   60   63   70   67                                   
    42.5-180.0 180.0   5.0 450.0                            LAT/LON1/LON2/DLON/H
   69   72   66   66   65   64   63   62   59   57   54   52   50   49   49   48
   43   39   35   38   42   52   63   75   83   92   97  109  115  124  126  131
  129  133  133  140  144  148  150  151  152  150  148  145  142  139  135  128
  123  116  108   99   90   82   77   73   70   70   71   69   71   67   69   65
   65   61   62   60   62   58   65   75   69                                   
    40.0-180.0 180.0   5.0 450.0                            LAT/LON1/LON2/DLON/H
   66   71   70   65   70   66   70   69   70   69   69   65   64   61   60   58
   55   51   49   51   56   68   77   89   95  103  107  117  122  128  128  132
  131  136  140  148  154  160  163  162  162  158  155  152  149  146  141  136
  130  122  114  103   93   83   77   71   69   67   69   69   72   70   72   69
   69   65   65   61   62   60   63   73   66                                   
    37.5-180.0 180.0   5.0 450.0                            LAT/LON1/LON2/DLON/H
   61   63   64   64   67   67   69   72   76   78   81   78   76   72   71   69
   66   63   61   64   68   80   88   99  104  112  116  124  125  129  126  130
  130  137  144  155  162  169  172  170  168  163  162  158  155  153  149  143
  137  128  119  106   95   83   76   69   66   66   69   70   73   73   74   73
   70   66   64   60   57   52   56   67   61                                   
    35.0-180.0 180.0   5.0 450.0                            LAT/LON1/LON2/DLON/H
   52   55   60   54   63   58   68   70   79   82   89   87   87   81   80   77
   75   73   73   78   82   94  101  110  114  121  125  132  132  134  130  134
  136  146  153  167  176  185  187  185  181  175  171  169  165  164  158  155
  147  140  130  118  104   90   79   71   66   67   69   73   74   75   75   71
   69   62   59   53   51   48   46   59   52                                   
    32.5-180.0 180.0   5.0 450.0                            LAT/LON1/LON2/DLON/H
   42   41   46   44   50   50   58   64   74   83   91   92   91   87   85   82
   80   80   82   88   92  103  110  118  123  129  133  138  137  138  137  141
  144  155  165  180  190  201  201  199  194  186  184  180  180  177  175  170
  165  157  149  135  123  106   93   81   75   76   80   83   83   82   79   75
   68   61   54   46   44   39   36   52   42                                   
    30.0-180.0 180.0   5.0 450.0                            LAT/LON1/LON2/DLON/H
   39   40   37   35   43   40   51   54   68   76   88   90   92   88   86   83
   83   85   87   95  101  112  120  127  133  138  143  147  150  153  155  161
  167  179  189  205  215  227  224  222  215  208  203  203  202  204  201  201
  193  191  180  170  152  136  118  106   98   99   99  102   99   95   86   77
   67   58   50   43   39   38   33   44   39                                   
    27.5-180.0 180.0   5.0 450.0                            LAT/LON1/LON2/DLON/H
   39   37   32   30   34   34   41   47   58   69   80   86   88   85   84   82
   82   84   88   99  106  119  126  135  139  145  150  157  161  169  173  183
  192  206  217  233  242  255  252  251  241  234  230  228  234  234  234  233
  232  229  224  213  200  179  162  145  138  135  137  136  129  121  107   93
   77   67   55   51   44   43   40   42   39                                   
    25.0-180.0 180.0   5.0 450.0                            LAT/LON1/LON2/DLON/H
   52   48   36   31   35   29   36   36   49   57   70   76   81   79   78   77
   79   83   89  101  111  124  133  141  147  152  161  169  180  189  200  212
  225  239  250  263  271  281  279  279  271  266  260  264  267  272  273  279
  274  280  270  268  249  233  209  193  182  178  174  169  158  146  128  113
   92   79   67   62   57   57   56   44   52                                   
    22.5-180.0 180.0   5.0 450.0                            LAT/LON1/LON2/DLON/H
   61   52   47   42   41   37   36   37   42   49   59   66   71   71   72   72
   73   79   86  101  111  127  134  145  148  159  169  180  193  204  221  236
  256  268  284  292  301  311  311  311  306  300  298  301  302  309  311  319
  318  324  319  315  302  286  262  243  230  222  215  206  190  174  155  139
  119  102   86   79   70   68   65   52   61                                   
    20.0-180.0 180.0   5.0 450.0                            LAT/LON1/LON2/DLON/H
   63   62   57   50   56   44   47   38   43   41   50   55   62   63   64   65
   68   76   86  103  116  132  142  151  158  167  182  192  209  223  242  261
  284  301  316  322  331  334  337  338  333  333  328  337  336  346  344  356
  354  363  358  358  344  328  302  286  265  257  242  233  214  196  177  160
  143  126  111   98   86   83   85   65   63                                   
    17.5-180.0 180.0   5.0 450.0                            LAT/LON1/LON2/DLON/H
   70   71   67   62   62   59   59   51   47   43   45   49   54   57   59   62
   64   73   83  103  116  134  143  155  162  174  189  202  220  233  262  281
  313  325  346  346  355  358  364  361  360  359  358  365  366  373  374  383
  386  393  392  390  375  358  329  307  288  273  260  246  229  215  198  183
  167  151  133  112   98   98   89   73   70                                   
    15.0-180.0 180.0   5.0 450.0                            LAT/LON1/LON2/DLON/H
   76   85   78   72   74   67   71   61   58   46   45   46   51   53   55   57
   62   71   86  105  121  138  149  161  171  185  205  218  239  255  283  304
  331  345  360  361  370  372  379  380  378  383  382  393  391  401  399  408
  407  414  409  406  388  371  342  317  291  278  259  249  231  222  206  194
  182  165  152  128  111  105  105   85   76                                   
    12.5-180.0 180.0   5.0 450.0                            LAT/LON1/LON2/DLON/H
   89   92   87   82   80   77   77   75   66   56   51   50   52   54   54   57
   61   75   88  109  125  143  154  169  182  200  221  236  257  270  300  317
  343  349  367  366  379  385  395  398  401  404  407  414  416  419  417  419
  418  418  410  405  386  370  339  312  283  264  250  239  229  219  210  201
  191  177  162  141  122  112  106   95   89                                   
    10.0-180.0 180.0   5.0 450.0                            LAT/LON1/LON2/DLON/H
   93   97   89   86   85   79   85   80   77   65   60   56   58   58   59   59
   66   78   94  114  132  150  163  179  200  222  246  258  277  289  314  324
  342  351  365  369  382  395  405  414  415  423  424  433  433  435  429  428
  420  415  402  397  376  360  326  299  267  251  236  229  218  212  204  199
  191  178  166  147  128  114  110  101   93                                   
     7.5-180.0 180.0   5.0 450.0                            LAT/LON1/LON2/DLON/H
  104   96   88   83   81   77   81   82   80   70   65   61   63   65   65   67
   70   86  103  123  143  160  178  197  222  245  263  275  290  304  321  325
