data/unet/pred2420.15i
     1.0            IONOSPHERE MAPS     GNSS                IONEX VERSION / TYPE
pyspatialgeodesy        IME             05-JAN-18 20:20     PGM / RUN BY / DATE 
Map Name                                                    COMMENT             
Predicted global ionosphere maps (GIM).                     DESCRIPTION         
  2015     8    30     0     0     0                        EPOCH OF FIRST MAP  
  2015     8    31     0     0     0                        EPOCH OF LAST MAP   
  7200                                                      INTERVAL            
    13                                                      # OF MAPS IN FILE   
  NONE                                                      MAPPING FUNCTION    
10.0                                                        ELEVATION CUTOFF    
One-way carrier phase leveled to code                       OBSERVABLES USED    
  6371.0                                                    BASE RADIUS         
 2                                                          MAP DIMENSION       
   450.0 450.0   0.0                                        HGT1 / HGT2 / DHGT  
    87.5 -87.5  -2.5                                        LAT1 / LAT2 / DLAT  
  -180.0 180.0   5.0                                        LON1 / LON2 / DLON  
    -1                                                      EXPONENT            
                                                            END OF HEADER       
[from data line 2145]
     6                                                      START OF TEC MAP    
  2015     8    30    10     0     0                        EPOCH OF CURRENT MAP
    87.5-180.0 180.0   5.0 450.0                            LAT/LON1/LON2/DLON/H
   81  103   95   97   95   94   94   94   94   95   95   95   95   95   94   94
   94   93   93   92   92   91   92   91   91   90   91   90   90   89   90   89
   90   89   90   89   90   89   89   88   88   88   87   87   87   86   86   86
   86   86   87   86   87   86   87   87   88   87   88   87   88   88   89   88
   89   89   90   91   92   89   90   86   81                                   
    85.0-180.0 180.0   5.0 450.0                            LAT/LON1/LON2/DLON/H
  107  107  113  114  112  111  112  111  111  109  110  108  109  107  107  106
  106  105  106  105  106  105  105  105  105  105  105  105  105  105  105  106
  105  106  105  106  106  107  106  106  106  106  106  105  106  105  106  104
  105  104  105  104  104  104  104  104  103  104  102  103  102  102  102  102
  102  102  104  103  105  103  111  100  107                                   
    82.5-180.0 180.0   5.0 450.0                            LAT/LON1/LON2/DLON/H
   96  109  113  114  113  111  112  111  110  108  107  105  104  102  101  100
   99   98   98   98   98   99   98   99   99  100   99  100   99  100  100  100
  101  101  101  102  102  103  103  104  104  104  104  105  105  104  105  104
  104  104  104  103  104  103  103  102  101  100   99   98   98   97   96   96
   97   97   99  100  102  102  107  103   96                                   
    80.0-180.0 180.0   5.0 450.0                            LAT/LON1/LON2/DLON/H
   96  100  102  104  103  102  102  101  100   98   97   94   92   89   88   86
   86   84   84   84   83   84   84   85   85   86   86   87   87   88   88   90
   90   92   92   94   94   97   97  100   99  103  102  105  103  107  104  107
  104  107  104  105  102  102   99   99   96   95   93   92   91   89   88   88
   87   88   89   90   90   91   95   99   96                                   
    77.5-180.0 180.0   5.0 450.0                            LAT/LON1/LON2/DLON/H
   89   92   94   95   92   95   92   93   90   89   85   83   80   78   76   74
   73   73   72   73   73   74   74   76   76   79   79   81   80   83   82   85
   84   87   86   91   90   94   94   98   98  103  103  107  106  109  108  110
  108  110  107  108  104  105  101  101   97   97   92   92   88   88   84   86
   82   84   82   85   84   86   91   84   89                                   
    75.0-180.0 180.0   5.0 450.0                            LAT/LON1/LON2/DLON/H
   83   83   84   87   84   86   85   85   82   80   76   74   69   68   64   64
   61   64   61   64   63   67   67   70   69   72   74   75   76   78   79   80
   81   83   83   86   87   90   92   96   97  102  104  108  108  112  112  114
  112  113  111  111  108  107  104  102   99   97   93   92   88   88   84   84
   80   81   79   80   80   84   86   82   83                                   
    72.5-180.0 180.0   5.0 450.0                            LAT/LON1/LON2/DLON/H
   77   78   79   79   78   78   78   77   75   72   69   65   62   59   58   57
   56   56   57   57   60   61   64   66   68   69   71   73   74   76   76   79
   78   82   81   86   85   90   91   95   97  102  105  109  110  114  115  116
  115  116  114  115  111  111  107  106  101  101   96   95   90   89   85   84
   80   80   77   77   76   77   82   74   77                                   
    70.0-180.0 180.0   5.0 450.0                            LAT/LON1/LON2/DLON/H
   75   70   72   74   72   74   73   73   69   68   63   61   56   56   53   54
   52   55   54   58   58   62   63   67   67   71   72   74   75   77   79   80
   81   83   83   87   87   91   93   97   99  104  107  112  113  116  116  119
  117  119  117  117  115  115  112  110  107  106  102  101   97   96   91   90
   85   84   80   80   78   78   79   74   75                                   
    67.5-180.0 180.0   5.0 450.0                            LAT/LON1/LON2/DLON/H
   69   67   68   67   66   67   67   66   63   61   58   56   54   53   52   52
   53   54   56   57   60   61   65   66   69   69   72   73   75   76   78   80
   80   83   83   87   87   90   92   96   98  102  106  110  112  114  116  116
  116  116  116  116  114  114  112  112  109  108  105  105  102  101   97   95
   89   87   83   81   78   75   77   67   69                                   
    65.0-180.0 180.0   5.0 450.0                            LAT/LON1/LON2/DLON/H
   69   64   65   65   63   65   64   64   61   61   57   57   53   55   52   55
   53   57   56   61   60   65   64   68   67   71   71   75   75   80   79   84
   83   88   87   91   90   94   95   99  100  105  107  112  112  116  115  117
  115  116  116  117  117  118  117  116  115  115  113  114  112  112  108  108
  100   99   92   89   83   80   78   69   69                                   
    62.5-180.0 180.0   5.0 450.0                            LAT/LON1/LON2/DLON/H
   67   66   63   61   59   58   58   56   56   54   54   52   53   52   54   55
   56   57   59   59   61   62   64   65   67   68   71   72   75   77   80   83
   84   88   90   93   94   95   97   99  102  105  108  111  113  113  114  113
  113  113  115  115  117  118  119  119  118  118  117  118  118  119  117  115
  109  106  100   95   89   81   80   68   67                                   
    60.0-180.0 180.0   5.0 450.0                            LAT/LON1/LON2/DLON/H
   71   65   63   60   57   58   56   56   53   53   52   53   52   55   53   57
   55   59   57   61   60   63   62   66   65   68   68   73   74   79   79   86
   86   92   91   98   96  101  100  105  105  110  109  115  113  117  114  115
  113  114  116  119  121  124  126  125  125  125  124  126  126  129  126  128
  121  119  110  107   98   92   84   74   71                                   
    57.5-180.0 180.0   5.0 450.0                            LAT/LON1/LON2/DLON/H
   73   71   63   59   56   53   53   49   50   46   48   47   49   49   52   52
   54   54   56   56   58   58   60   61   63   65   68   70   74   76   80   83
   86   92   94   99  100  103  105  108  110  113  115  118  119  120  118  118
  116  119  122  124  129  131  134  133  134  132  132  132  134  135  134  133
  129  127  120  114  107   95   89   75   73                                   
    55.0-180.0 180.0   5.0 450.0                            LAT/LON1/LON2/DLON/H
   80   73   63   60   55   55   50   49   44   43   42   44   43   46   46   49
   48   51   49   53   52   56   55   60   60   66   66   72   72   78   78   87
   86   96   95  104  102  110  108  115  114  122  122  128  126  130  127  128
  126  129  131  135  138  142  143  143  143  140  140  139  140  142  141  141
  136  136  128  125  115  108   95   86   80                                   
    52.5-180.0 180.0   5.0 450.0                            LAT/LON1/LON2/DLON/H
   84   82   67   63   58   54   51   46   43   38   39   37   40   40   43   43
   44   44   46   46   49   50   53   57   61   64   67   71   74   76   79   83
   88   94   98  105  109  113  117  121  126  130  136  137  141  141  140  139
  140  141  144  147  151  152  154  153  152  148  147  144  145  145  145  144
  140  139  134  130  121  110  102   89   84                                   
    50.0-180.0 180.0   5.0 450.0                            LAT/LON1/LON2/DLON/H
   92   83   69   66   59   58   52   49   41   38   33   35   34   37   36   39
   37   39   38   43   44   49   51   59   62   68   70   76   76   81   80   88
   88  100  100  113  113  123  123  133  135  145  147  155  155  160  156  158
  154  157  156  159  160  161  162  160  159  155  154  151  152  151  151  149
  146  146  140  137  127  121  106   99   92                                   
    47.5-180.0 180.0   5.0 450.0                            LAT/LON1/LON2/DLON/H
   94   92   75   70   62   60   56   51   44   39   36   34   35   35   35   35
   35   35   36   38   42   46   51   58   63   69   72   77   78   81   82   86
   91   98  105  114  121  128  136  141  150  155  164  168  173  174  174  173
  173  170  170  168  168  167  167  165  164  161  159  156  156  155  155  153
  150  149  145  140  130  121  111  101   94                                   
    45.0-180.0 180.0   5.0 450.0                            LAT/LON1/LON2/DLON/H
  101   91   77   71   66   65   59   57   48   45   38   39   36   37   34   36
   33   35   34   39   41   49   53   63   67   76   78   84   84   87   86   92
   93  105  109  124  128  141  145  157  162  173  179  188  189  194  191  193
  187  187  181  178  174  172  170  169  168  166  164  161  161  159  159  157
  155  153  148  144  133  127  113  109  101                                   
    42.5-180.0 180.0   5.0 450.0                            LAT/LON1/LON2/DLON/H
   97   96   82   77   69   67   64   61   55   52   47   46   44   42   39   38
   36   35   37   39   43   49   56   64   71   78   82   87   87   89   89   92
   96  105  114  128  138  148  158  166  176  184  194  199  203  206  206  206
  203  198  192  183  178  172  170  169  169  169  168  168  167  166  165  163
  160  158  152  145  132  123  116  109   97                                   
    40.0-180.0 180.0   5.0 450.0                            LAT/LON1/LON2/DLON/H
  100   91   80   76   72   72   69   68   63   61   57   57   53   52   47   46
   42   43   42   46   48   55   60   69   76   84   88   93   93   95   92   98
   99  112  120  136  146  160  168  182  189  201  206  215  216  223  220  223
  216  213  202  193  183  176  173  173  175  176  177  176  175  174  172  170
  167  164  156  148  135  128  116  113  100                                   
    37.5-180.0 180.0   5.0 450.0                            LAT/LON1/LON2/DLON/H
   96   94   83   78   73   72   71   71   69   70   67   67   63   61   56   52
   49   47   48   49   54   57   64   70   79   85   90   94   94   95   94   97
  102  114  125  141  155  167  180  191  202  210  219  223  227  231  233  234
  231  225  217  204  195  187  184  186  187  190  191  189  188  185  183  180
  175  171  162  150  136  126  119  111   96                                   
    35.0-180.0 180.0   5.0 450.0                            LAT/LON1/LON2/DLON/H
  101   91   81   76   74   71   75   72   77   74   78   75   75   70   65   61
   56   55   53   57   57   63   66   73   79   86   91   95   96   98   97  103
  107  122  133  151  163  181  192  207  217  227  231  239  240  248  248  252
  247  245  234  223  212  204  201  202  205  206  208  204  201  196  191  188
  181  178  167  156  140  132  122  116  101                                   
    32.5-180.0 180.0   5.0 450.0                            LAT/LON1/LON2/DLON/H
  103   93   84   77   73   72   73   75   75   79   80   82   79   77   70   67
   61   60   58   60   62   65   69   73   78   84   88   93   96   98  100  104
  111  126  140  158  174  189  205  218  232  239  246  251  256  261  266  268
  268  264  256  246  238  232  230  231  232  233  231  225  218  211  203  198
  190  186  174  161  145  133  127  117  103                                   
    30.0-180.0 180.0   5.0 450.0                            LAT/LON1/LON2/DLON/H
  119  101   90   84   78   72   78   73   82   78   87   82   87   80   81   73
   72   67   68   69   71   73   77   78   83   85   91   94   98  101  105  112
  121  137  153  172  189  206  222  237  248  259  263  273  276  285  289  295
  294  294  288  282  276  271  270  268  268  262  259  249  241  228  218  212
  204  200  185  172  154  142  134  124  119                                   
    27.5-180.0 180.0   5.0 450.0                            LAT/LON1/LON2/DLON/H
  133  110  101   97   86   81   80   80   81   84   86   88   87   85   83   79
   75   73   72   76   76   80   81   83   85   87   90   93   97  103  109  117
  128  145  165  183  203  220  238  251  265  273  285  293  302  309  317  322
  326  326  327  322  321  316  317  312  310  299  288  274  262  250  236  228
  219  213  199  184  164  151  144  129  133                                   
    25.0-180.0 180.0   5.0 450.0                            LAT/LON1/LON2/DLON/H
  158  128  116  116  103   94   91   82   89   82   92   86   93   85   89   82
   83   79   82   82   86   87   89   88   90   91   94   97  103  109  119  128
  143  160  181  198  220  236  254  264  278  289  300  314  323  334  342  351
  357  363  365  366  368  370  370  366  358  344  326  308  289  272  256  244
  234  228  212  197  177  164  155  143  158                                   
    22.5-180.0 180.0   5.0 450.0                            LAT/LON1/LON2/DLON/H
  179  142  137  137  126  118  108  101   96   93   94   92   93   90   90   86
   85   84   85   88   88   91   90   91   92   93   96   99  105  113  124  134
  152  167  193  206  234  245  265  273  290  300  314  328  343  354  367  375
  387  391  403  402  410  409  412  405  397  379  360  338  317  297  279  266
  254  246  230  213  192  176  169  155  179                                   
    20.0-180.0 180.0   5.0 450.0                            LAT/LON1/LON2/DLON/H
  201  163  156  159  152  144  136  126  121  107  109   98  101   92   96   88
   92   87   92   92   96   96   96   95   97   99  103  107  115  122  139  150
  168  184  207  224  246  256  274  284  303  313  329  344  362  377  389  402
  413  423  432  433  439  439  441  434  424  409  390  370  347  322  300  285
  273  264  248  228  208  192  183  175  201                                   
    17.5-180.0 180.0   5.0 450.0                            LAT/LON1/LON2/DLON/H
  214  175  171  180  167  161  148  139  128  119  113  105  104   95   99   92
   94   91   93   96   98   98   96   96   99  103  108  112  121  130  149  161
  184  195  223  235  258  271  286  299  316  332  346  366  384  403  418  428
  442  448  462  457  462  454  454  443  434  419  403  384  363  338  319  300
  290  275  261  240  220  203  196  189  214                                   
    15.0-180.0 180.0   5.0 450.0                            LAT/LON1/LON2/DLON/H
  220  191  189  197  187  181  168  160  151  141  133  121  120  107  110   97
   99   91   97   96  100   98   98   99  104  111  115  121  131  144  163  179
  198  214  237  254  273  287  301  317  333  349  365  383  405  424  437  453
  463  471  480  473  472  461  457  450  443  430  415  396  377  354  335  318
  304  294  277  257  237  219  210  211  220                                   
    12.5-180.0 180.0   5.0 450.0                            LAT/LON1/LON2/DLON/H
  224  201  195  204  191  185  169  162  149  143  131  124  118  107  107   97
   98   91   95   95   96   95   93   96  102  113  120  127  141  156  177  194
  213  228  250  271  284  306  307  336  339  370  376  404  419  443  455  471
  481  488  494  485  479  464  456  449  443  431  414  397  379  359  343  325
  315  298  285  264  248  228  220  220  224                                   
    10.0-180.0 180.0   5.0 450.0                            LAT/LON1/LON2/DLON/H
  225  218  211  215  199  197  177  171  157  155  144  136  129  118  118  103
  107   93  100   92   96   91   93   96  105  115  125  136  151  172  190  211
  225  243  262  282  293  311  316  339  350  374  387  407  423  442  452  471
  480  493  496  491  481  467  457  454  449  440  425  405  387  367  350  336
  323  311  295  276  261  243  231  237  225                                   
     7.5-180.0 180.0   5.0 450.0                            LAT/LON1/LON2/DLON/H
  230  222  210  211  190  191  173  167  149  145  135  129  121  110  111   97
  100   88   93   85   89   85   86   92  101  116  128  144  163  182  205  222
