data/unet/pred0930.15i
     1.0            IONOSPHERE MAPS     GNSS                IONEX VERSION / TYPE
pyspatialgeodesy        IME             05-JAN-18 20:20     PGM / RUN BY / DATE 
Map Name                                                    COMMENT             
Predicted global ionosphere maps (GIM).                     DESCRIPTION         
  2015     4     3     0     0     0                        EPOCH OF FIRST MAP  
  2015     4     4     0     0     0                        EPOCH OF LAST MAP   
  7200                                                      INTERVAL            
    13                                                      # OF MAPS IN FILE   
  NONE                                                      MAPPING FUNCTION    
10.0                                                        ELEVATION CUTOFF    
One-way carrier phase leveled to code                       OBSERVABLES USED    
  6371.0                                                    BASE RADIUS         
 2                                                          MAP DIMENSION       
   450.0 450.0   0.0                                        HGT1 / HGT2 / DHGT  
    87.5 -87.5  -2.5                                        LAT1 / LAT2 / DLAT  
  -180.0 180.0   5.0                                        LON1 / LON2 / DLON  
    -1                                                      EXPONENT            
                                                            END OF HEADER       
[from data line 3861]
    10                                                      START OF TEC MAP    
  2015     4     3    18     0     0                        EPOCH OF CURRENT MAP
    87.5-180.0 180.0   5.0 450.0                            LAT/LON1/LON2/DLON/H
  247  227  232  232  234  233  240  242  246  248  251  251  254  252  255  252
  255  252  256  252  255  250  252  248  249  244  244  239  238  233  231  227
  226  222  222  218  220  215  218  213  217  212  217  212  216  212  217  213
  217  213  218  213  218  214  218  215  219  216  220  217  221  218  222  219
  222  219  222  220  222  222  225  215  247                                   
    85.0-180.0 180.0   5.0 450.0                            LAT/LON1/LON2/DLON/H
  220  212  213  220  216  221  221  228  229  234  235  238  239  241  242  242
  244  243  245  243  246  243  245  240  241  236  235  231  228  224  221  217
  214  212  209  208  204  204  201  201  198  200  197  199  196  199  197  199
  197  200  199  201  200  202  201  203  203  205  205  206  206  208  207  208
  207  210  207  209  207  205  206  206  220                                   
    82.5-180.0 180.0   5.0 450.0                            LAT/LON1/LON2/DLON/H
  202  190  196  197  198  200  203  206  211  213  219  219  225  225  230  229
  233  232  236  236  238  238  238  237  235  233  229  227  221  219  213  212
  205  205  199  199  193  193  189  189  186  186  185  185  184  184  184  185
  186  187  188  189  191  191  192  192  194  193  194  194  195  194  194  193
  194  193  192  189  190  185  177  180  202                                   
    80.0-180.0 180.0   5.0 450.0                            LAT/LON1/LON2/DLON/H
  179  172  172  176  179  181  185  189  193  196  201  204  208  211  215  217
  222  222  226  227  229  230  230  229  226  225  220  219  213  211  205  203
  196  194  189  186  182  179  176  173  169  169  167  167  165  167  166  169
  168  172  172  176  176  178  178  180  180  181  180  180  180  179  178  176
  175  173  171  168  167  163  154  157  179                                   
    77.5-180.0 180.0   5.0 450.0                            LAT/LON1/LON2/DLON/H
  153  150  151  152  157  160  163  170  172  179  181  188  190  197  200  206
  209  214  217  220  222  223  224  223  222  219  217  212  211  205  202  194
  192  185  184  177  174  169  167  162  159  157  156  153  153  153  154  155
  157  160  162  164  167  167  169  169  169  168  168  166  165  162  161  158
  155  152  150  145  144  137  129  136  153                                   
    75.0-180.0 180.0   5.0 450.0                            LAT/LON1/LON2/DLON/H
  136  134  136  140  145  148  153  155  161  165  171  175  182  187  194  199
  205  210  216  217  222  221  225  221  223  218  218  212  210  205  200  195
  190  187  183  181  176  173  168  166  161  158  156  153  152  151  152  152
  154  155  157  158  160  160  162  160  161  158  157  153  152  148  145  141
  137  135  131  128  123  120  115  123  136                                   
    72.5-180.0 180.0   5.0 450.0                            LAT/LON1/LON2/DLON/H
  129  127  133  136  142  147  149  155  157  165  167  176  178  187  191  199
  206  214  219  224  227  230  230  230  228  224  222  216  213  206  203  196
  194  189  188  185  183  179  176  171  166  162  158  156  152  152  151  152
  152  155  154  156  155  156  154  153  150  148  145  141  137  133  131  127
  124  120  119  114  112  107  107  114  129                                   
    70.0-180.0 180.0   5.0 450.0                            LAT/LON1/LON2/DLON/H
  125  126  134  142  147  151  155  159  163  168  174  179  186  192  200  207
  217  225  233  238  244  243  247  242  242  236  234  226  223  215  210  202
  201  195  196  194  193  189  185  181  175  170  165  159  157  154  154  152
  153  152  153  151  151  149  147  143  141  137  133  128  126  119  118  112
  112  108  107  104  101   98  100  109  125                                   
    67.5-180.0 180.0   5.0 450.0                            LAT/LON1/LON2/DLON/H
  128  131  142  150  157  162  167  171  174  180  184  191  196  203  211  223
  232  243  249  257  260  262  262  260  256  254  247  243  234  226  219  210
  205  200  200  198  197  194  191  187  180  174  168  163  157  155  151  151
  149  149  146  146  143  140  136  132  128  123  120  114  111  106  105  100
   99   97   96   97   94   95   98  104  128                                   
    65.0-180.0 180.0   5.0 450.0                            LAT/LON1/LON2/DLON/H
  128  136  148  160  167  173  177  183  186  192  196  203  210  219  230  240
  255  259  273  272  280  275  279  272  272  267  263  257  249  240  230  222
  217  211  211  208  209  204  201  195  189  182  175  168  161  156  152  149
  146  143  140  137  134  129  125  120  116  110  108  103  101   98   95   93
   90   90   88   87   87   89   94   99  128                                   
    62.5-180.0 180.0   5.0 450.0                            LAT/LON1/LON2/DLON/H
  127  137  152  166  175  181  188  192  197  202  208  214  225  235  245  257
  266  277  282  287  288  289  289  286  285  283  278  274  264  257  244  237
  228  224  219  216  213  209  204  199  192  185  178  170  162  154  148  143
  139  135  130  126  122  119  113  109  104   99   97   93   91   88   86   85
   81   81   79   80   79   83   89   92  127                                   
    60.0-180.0 180.0   5.0 450.0                            LAT/LON1/LON2/DLON/H
  120  133  149  165  174  182  189  195  201  211  215  228  237  251  263  270
  282  284  296  291  298  292  295  288  291  284  288  280  279  267  262  252
  245  240  233  231  225  221  214  209  201  194  185  176  166  156  148  139
  134  127  122  118  114  111  105  101   97   93   91   89   86   86   82   82
   78   79   75   76   73   76   81   84  120                                   
    57.5-180.0 180.0   5.0 450.0                            LAT/LON1/LON2/DLON/H
  109  125  142  160  172  181  189  198  208  217  227  236  250  260  272  281
  285  290  292  293  291  293  289  291  286  291  287  292  285  286  277  276
  265  262  254  250  242  235  227  221  213  206  196  187  175  162  152  141
  134  125  118  112  108  105  101   97   96   93   93   91   90   89   87   86
   80   80   73   72   69   71   74   75  109                                   
    55.0-180.0 180.0   5.0 450.0                            LAT/LON1/LON2/DLON/H
  105  120  136  155  166  178  189  201  211  226  234  251  260  273  283  289
  294  293  294  288  291  286  288  283  286  285  291  290  296  291  295  288
  287  280  276  270  262  252  244  237  229  220  211  200  188  173  162  148
  139  129  122  116  112  110  108  107  106  106  105  106  103  102   98   97
   90   88   81   79   74   74   74   75  105                                   
    52.5-180.0 180.0   5.0 450.0                            LAT/LON1/LON2/DLON/H
  106  121  137  155  170  180  194  206  221  234  248  262  272  283  290  295
  300  297  296  286  288  282  286  286  286  297  295  307  303  316  310  315
  306  305  295  292  282  273  261  253  243  236  226  216  202  188  174  161
  151  141  132  127  123  122  121  122  123  125  125  125  122  121  115  116
  106  106   95   94   86   82   81   79  106                                   
    50.0-180.0 180.0   5.0 450.0                            LAT/LON1/LON2/DLON/H
  116  128  146  168  179  193  206  221  235  255  266  284  293  303  306  308
  309  302  298  290  286  285  286  289  293  298  306  313  321  328  330  330
  326  323  315  309  302  290  283  268  259  248  240  229  217  202  190  176
  167  156  150  143  140  139  140  143  146  148  150  148  146  141  137  134
  128  126  120  116  109  100   99   97  116                                   
    47.5-180.0 180.0   5.0 450.0                            LAT/LON1/LON2/DLON/H
  130  143  161  182  199  211  226  238  256  272  289  304  316  324  325  329
  325  320  312  300  300  294  300  298  308  314  323  333  338  349  343  349
  337  334  323  320  312  305  296  284  269  257  246  234  222  209  198  188
  179  171  164  159  155  156  156  161  164  170  170  172  168  164  157  156
  148  146  140  140  132  122  118  116  130                                   
    45.0-180.0 180.0   5.0 450.0                            LAT/LON1/LON2/DLON/H
  148  161  181  206  221  237  249  266  281  303  319  340  350  359  361  359
  353  342  326  314  308  305  309  313  323  328  339  345  353  357  356  354
  348  340  336  330  328  320  315  298  281  262  248  234  223  211  202  195
  190  183  178  172  169  169  171  174  179  184  187  187  186  180  176  171
  164  162  159  157  154  142  141  141  148                                   
    42.5-180.0 180.0   5.0 450.0                            LAT/LON1/LON2/DLON/H
  167  182  201  225  244  258  272  286  306  326  347  366  382  393  396  398
  388  374  354  341  334  331  336  340  351  353  361  363  367  367  363  361
  349  345  338  337  335  332  325  309  286  264  246  230  218  206  201  196
  196  192  188  182  179  178  178  182  184  190  192  195  193  191  186  183
  176  173  171  171  169  160  162  158  167                                   
    40.0-180.0 180.0   5.0 450.0                            LAT/LON1/LON2/DLON/H
  183  195  217  242  264  279  295  310  331  355  375  398  413  429  436  437
  428  406  384  364  358  352  356  363  368  374  376  379  380  376  372  362
  356  348  350  348  352  347  341  320  295  267  246  227  213  202  199  200
  202  202  198  193  187  185  183  185  187  191  192  195  195  195  189  187
  178  176  172  173  173  165  166  165  183                                   
    37.5-180.0 180.0   5.0 450.0                            LAT/LON1/LON2/DLON/H
  184  206  227  258  281  297  312  331  355  379  401  422  440  456  463  468
  456  441  416  400  388  382  385  388  395  395  399  397  397  389  382  378
  369  369  367  373  378  375  365  340  310  278  254  233  218  208  204  207
  210  212  210  204  200  194  191  190  190  191  190  193  194  192  190  183
  176  170  168  166  168  164  174  166  184                                   
    35.0-180.0 180.0   5.0 450.0                            LAT/LON1/LON2/DLON/H
  176  197  226  258  289  312  330  350  377  403  427  450  467  482  489  493
  485  471  452  431  420  408  409  410  415  416  421  419  421  411  412  406
  412  411  423  427  437  428  414  382  352  315  284  258  235  223  216  217
  218  218  212  205  197  196  194  198  199  202  198  195  194  191  185  179
  167  162  153  152  147  147  149  154  176                                   
    32.5-180.0 180.0   5.0 450.0                            LAT/LON1/LON2/DLON/H
  160  195  224  265  300  324  344  370  400  427  453  474  494  507  512  515
  507  496  484  471  457  449  442  440  442  443  452  451  457  456  463  472
  482  495  507  512  511  498  476  445  405  366  319  298  265  256  240  245
  243  245  237  232  225  221  219  217  216  210  208  202  206  195  194  177
  170  154  145  131  134  129  138  147  160                                   
    30.0-180.0 180.0   5.0 450.0                            LAT/LON1/LON2/DLON/H
  148  179  218  265  301  327  350  383  417  448  476  498  517  530  534  538
  532  526  515  506  496  484  479  470  472  473  487  491  506  515  535  551
  572  585  599  601  595  576  544  507  455  412  356  335  299  292  279  280
  283  276  266  255  249  249  247  250  249  250  244  236  229  215  203  183
  169  152  138  127  120  121  114  131  148                                   
    27.5-180.0 180.0   5.0 450.0                            LAT/LON1/LON2/DLON/H
  145  182  222  267  308  334  362  397  431  465  488  517  535  550  559  560
  558  554  547  540  531  517  511  502  506  511  527  540  561  583  613  640
  664  686  696  696  674  650  605  559  495  446  391  367  336  328  313  312
  310  301  297  284  289  285  291  291  290  288  287  283  283  270  256  227
  204  176  157  137  125  120  113  130  145                                   
    25.0-180.0 180.0   5.0 450.0                            LAT/LON1/LON2/DLON/H
  155  182  227  272  308  336  358  403  434  477  495  530  548  571  578  581
  582  581  578  573  567  551  542  531  537  545  570  591  630  656  696  723
  747  764  769  756  726  688  640  594  528  483  425  400  380  373  368  363
  363  346  340  330  329  332  325  328  319  311  301  296  285  272  262  242
  225  198  180  159  146  139  127  142  155                                   
    22.5-180.0 180.0   5.0 450.0                            LAT/LON1/LON2/DLON/H
  178  206  232  283  314  347  370  416  447  492  506  545  558  586  594  600
  598  603  604  609  598  584  571  565  571  591  624  664  701  728  759  786
  808  816  810  791  753  710  651  599  534  491  448  422  405  398  403  404
  405  402  396  392  386  385  384  369  354  334  321  307  298  282  272  254
  243  228  209  190  167  154  141  155  178                                   
    20.0-180.0 180.0   5.0 450.0                            LAT/LON1/LON2/DLON/H
  200  212  246  286  321  352  381  419  458  499  521  557  577  611  620  631
  630  642  639  643  629  612  601  596  614  642  690  726  762  788  815  833
  847  844  833  808  761  708  646  577  515  479  448  435  416  412  424  429
  432  433  436  433  423  427  416  407  382  358  336  317  301  284  272  259
  253  240  225  199  179  163  155  180  200                                   
    17.5-180.0 180.0   5.0 450.0                            LAT/LON1/LON2/DLON/H
  206  217  255  293  324  350  374  415  457  504  532  560  588  625  646  663
  670  682  686  683  660  646  632  643  668  712  748  783  816  838  852  856
  860  848  831  802  753  696  627  539  474  434  418  409  404  404  427  442
  452  460  462  460  456  450  441  421  406  372  348  322  307  282  278  266
  263  254  241  219  195  178  165  179  206                                   
    15.0-180.0 180.0   5.0 450.0                            LAT/LON1/LON2/DLON/H
  200  213  247  297  334  358  385  420  456  495  522  564  600  640  669  701
  720  737  738  727  710  690  686  700  734  766  802  833  861  868  869  860
  851  836  813  784  737  681  592  496  427  383  368  361  363  369  401  429
  451  463  476  471  466  456  443  422  404  379  353  317  298  272  268  256
  259  250  243  224  201  180  171  181  200                                   
    12.5-180.0 180.0   5.0 450.0                            LAT/LON1/LON2/DLON/H
  192  209  242  288  334  367  396  427  462  489  515  553  611  657  698  732
  760  779  777  768  754  744  745  764  787  818  848  867  880  875  868  844
  824  805  783  758  718  653  563  473  398  350  329  323  328  340  382  416
  452  462  468  468  458  447  430  404  385  359  342  309  287  266  258  249
  249  241  232  218  196  179  163  179  192                                   
    10.0-180.0 180.0   5.0 450.0                            LAT/LON1/LON2/DLON/H
  184  200  240  290  337  379  415  450  485  508  522  571  625  685  726  766
  798  820  825  826  811  808  811  830  848  868  881  882  888  868  849  821
  798  776  756  742  705  640  551  458  381  326  307  297  302  317  361  401
  442  449  464  461  452  442  422  395  371  341  315  291  267  248  240  229
  228  218  214  198  184  169  157  171  184                                   
     7.5-180.0 180.0   5.0 450.0                            LAT/LON1/LON2/DLON/H
  176  193  233  285  339  388  426  472  508  536  545  592  639  701  743  784
  810  839  855  863  857  856  862  877  886  890  889  883  872  850  828  801
