data/unet/pred2200.15i
     1.0            IONOSPHERE MAPS     GNSS                IONEX VERSION / TYPE
pyspatialgeodesy        IME             05-JAN-18 20:20     PGM / RUN BY / DATE 
Map Name                                                    COMMENT             
Predicted global ionosphere maps (GIM).                     DESCRIPTION         
  2015     8     8     0     0     0                        EPOCH OF FIRST MAP  
  2015     8     9     0     0     0                        EPOCH OF LAST MAP   
  7200                                                      INTERVAL            
    13                                                      # OF MAPS IN FILE   
  NONE                                                      MAPPING FUNCTION    
10.0                                                        ELEVATION CUTOFF    
One-way carrier phase leveled to code                       OBSERVABLES USED    
  6371.0                                                    BASE RADIUS         
 2                                                          MAP DIMENSION       
   450.0 450.0   0.0                                        HGT1 / HGT2 / DHGT  
    87.5 -87.5  -2.5                                        LAT1 / LAT2 / DLAT  
  -180.0 180.0   5.0                                        LON1 / LON2 / DLON  
    -1                                                      EXPONENT            
                                                            END OF HEADER       
[from data line 429]
     2                                                      START OF TEC MAP    
  2015     8     8     2     0     0                        EPOCH OF CURRENT MAP
    87.5-180.0 180.0   5.0 450.0                            LAT/LON1/LON2/DLON/H
  138  139  134  129  130  125  127  125  128  125  127  123  126  123  124  121
  124  120  122  118  120  116  117  112  115  110  112  106  111  106  110  104
  110  105  110  105  112  107  112  108  115  111  116  113  118  116  119  117
  122  120  123  121  126  124  127  125  128  127  129  127  131  129  132  130
  133  132  135  134  138  132  132  145  138                                   
    85.0-180.0 180.0   5.0 450.0                            LAT/LON1/LON2/DLON/H
  134  147  133  133  132  129  130  130  131  129  130  129  129  127  127  125
  126  123  122  120  120  116  114  112  111  108  107  105  104  103  103  102
  103  102  103  103  104  104  105  106  107  108  109  112  113  115  116  118
  120  122  122  124  126  127  127  128  130  130  131  132  133  133  134  134
  135  135  137  137  137  133  134  138  134                                   
    82.5-180.0 180.0   5.0 450.0                            LAT/LON1/LON2/DLON/H
  136  143  137  141  134  136  134  140  137  139  136  139  135  137  133  135
  132  131  126  126  122  121  115  114  110  109  104  104  101  101   98   99
   98   99   98   99   99  100  100  102  103  104  106  109  111  114  116  119
  122  124  126  128  131  132  133  135  137  138  139  141  141  143  143  144
  143  145  145  146  144  139  140  138  136                                   
    80.0-180.0 180.0   5.0 450.0                            LAT/LON1/LON2/DLON/H
  137  140  141  141  143  139  145  143  147  143  146  143  146  141  143  139
  141  135  135  131  130  123  120  115  112  107  104  101  100   96   96   94
   96   94   96   95   98   97  100  100  104  103  107  108  114  114  120  121
  127  127  132  133  138  137  140  140  144  143  146  146  150  148  151  149
  152  149  152  148  149  142  142  135  137                                   
    77.5-180.0 180.0   5.0 450.0                            LAT/LON1/LON2/DLON/H
  139  144  142  147  143  146  148  151  150  151  149  151  147  148  144  146
  141  142  137  139  133  131  124  122  113  111  105  104   98   99   95   98
   94   97   95   99   97  100   99  103  102  106  107  112  113  118  119  125
  127  131  133  137  139  141  143  146  147  149  150  152  153  154  155  155
  154  154  154  152  148  147  144  135  139                                   
    75.0-180.0 180.0   5.0 450.0                            LAT/LON1/LON2/DLON/H
  137  139  140  142  144  142  147  147  149  148  150  148  148  146  145  143
  143  140  140  136  135  130  126  121  114  110  104  100   97   95   94   93
   93   94   95   95   96   97   99   99  102  102  107  108  113  114  120  121
  127  127  133  133  138  138  142  142  145  146  149  149  152  152  155  153
  155  153  155  152  151  147  148  134  137                                   
    72.5-180.0 180.0   5.0 450.0                            LAT/LON1/LON2/DLON/H
  137  139  140  143  142  143  147  148  149  148  150  148  147  144  141  140
  137  136  134  134  130  128  123  119  111  107  102   98   93   92   92   92
   91   92   93   93   92   92   93   94   95   97  101  104  108  111  116  119
  123  125  130  131  135  135  139  140  143  143  147  147  149  150  153  152
  153  152  154  151  149  148  146  135  137                                   
    70.0-180.0 180.0   5.0 450.0                            LAT/LON1/LON2/DLON/H
  132  136  136  138  141  140  144  146  146  146  145  145  140  139  134  134
  130  130  128  129  127  126  122  118  110  106   99   96   90   91   89   91
   89   91   89   90   88   89   88   89   90   93   97  100  104  108  113  117
  120  123  127  129  132  133  136  137  140  141  143  145  146  148  150  150
  150  150  151  150  149  146  147  135  132                                   
    67.5-180.0 180.0   5.0 450.0                            LAT/LON1/LON2/DLON/H
  134  137  136  139  138  140  143  145  146  146  147  143  141  136  133  129
  126  123  122  123  121  120  117  113  105  100   93   90   86   86   86   87
   87   86   86   84   81   80   79   79   81   84   89   92   98  103  109  112
  117  119  123  124  128  129  133  134  138  138  141  141  143  143  146  146
  147  146  148  147  146  145  144  133  134                                   
    65.0-180.0 180.0   5.0 450.0                            LAT/LON1/LON2/DLON/H
  133  138  138  138  140  138  142  142  144  143  142  140  136  132  126  124
  118  119  116  118  117  117  113  109  102   97   90   87   83   84   83   85
   83   83   80   79   74   73   70   72   73   78   82   90   95  103  106  112
  114  117  120  122  125  128  132  135  138  139  141  141  142  142  143  144
  144  145  146  146  146  145  147  136  133                                   
    62.5-180.0 180.0   5.0 450.0                            LAT/LON1/LON2/DLON/H
  140  143  141  143  141  138  141  142  142  142  143  140  138  132  129  123
  120  116  114  114  113  112  108  105   96   92   85   82   77   79   78   79
   77   75   73   69   65   61   60   59   62   67   75   83   91   98  104  108
  112  114  117  119  124  127  134  137  141  141  143  142  142  141  142  141
  142  142  145  144  145  147  147  137  140                                   
    60.0-180.0 180.0   5.0 450.0                            LAT/LON1/LON2/DLON/H
  142  147  144  144  143  137  138  137  138  137  137  135  134  130  125  122
  116  114  110  112  109  109  105  102   94   89   83   80   77   77   76   77
   74   72   67   64   59   57   53   56   59   67   74   85   93  102  107  111
  113  115  117  120  125  131  138  142  146  147  148  147  146  144  143  142
  141  142  143  145  144  147  150  140  142                                   
    57.5-180.0 180.0   5.0 450.0                            LAT/LON1/LON2/DLON/H
  151  153  151  150  145  139  138  137  136  135  137  135  136  132  131  125
  122  117  115  112  111  108  105  101   94   90   84   81   77   76   74   72
   69   65   61   56   52   49   49   51   57   64   74   84   93  101  107  112
  114  115  117  120  127  133  143  147  153  153  155  152  151  147  147  143
  144  142  146  145  147  150  152  140  151                                   
    55.0-180.0 180.0   5.0 450.0                            LAT/LON1/LON2/DLON/H
  154  158  157  154  150  141  139  135  135  132  133  131  133  131  130  127
  124  121  116  115  110  110  105  103   96   94   89   86   82   81   77   75
   70   67   61   58   54   54   54   59   64   73   81   92  100  108  114  118
  120  120  122  125  132  139  149  155  160  162  162  160  157  154  150  148
  144  145  146  148  147  153  156  144  154                                   
    52.5-180.0 180.0   5.0 450.0                            LAT/LON1/LON2/DLON/H
  162  165  163  161  153  146  142  138  135  132  133  132  135  134  136  134
  133  129  126  121  118  113  110  106  102   99   97   93   89   85   81   76
   70   65   61   57   57   58   60   65   70   77   85   93  101  110  117  121
  123  125  127  130  138  144  155  159  166  165  168  162  162  156  155  149
  149  146  150  149  151  157  159  149  162                                   
    50.0-180.0 180.0   5.0 450.0                            LAT/LON1/LON2/DLON/H
  166  172  168  166  161  151  148  142  139  134  134  132  135  134  137  135
  136  133  129  126  121  118  113  112  107  108  104  102   97   93   86   82
   75   72   68   67   68   70   73   78   83   89   94  101  109  116  123  127
  131  133  135  138  145  151  160  165  170  170  171  168  166  162  158  155
  153  152  153  155  155  160  165  154  166                                   
    47.5-180.0 180.0   5.0 450.0                            LAT/LON1/LON2/DLON/H
  171  177  175  174  168  161  158  151  147  142  140  137  139  140  143  142
  144  140  139  133  129  123  121  117  117  114  115  110  107   99   94   85
   81   76   74   73   76   79   84   88   92   94   98  102  110  118  127  133
  137  139  141  144  150  155  165  167  173  170  173  167  168  162  162  157
  158  156  160  160  161  167  169  160  171                                   
    45.0-180.0 180.0   5.0 450.0                            LAT/LON1/LON2/DLON/H
  176  184  182  180  176  170  167  160  156  148  146  140  143  140  145  143
  146  144  143  139  134  129  126  124  122  123  121  119  112  108   99   95
   88   87   85   87   90   94   98  100  103  104  104  107  113  121  131  138
  144  147  149  152  156  161  169  170  172  171  172  169  168  165  165  163
  163  163  166  167  167  172  178  171  176                                   
    42.5-180.0 180.0   5.0 450.0                            LAT/LON1/LON2/DLON/H
  184  190  187  188  183  179  177  172  166  160  155  152  150  150  151  153
  155  154  153  148  143  136  132  128  129  127  129  123  120  110  105   99
   97   94   94   95   99  101  104  106  107  107  107  108  114  123  134  142
  150  154  155  159  165  168  174  173  176  173  174  170  172  168  170  166
  169  169  174  175  175  183  187  182  184                                   
    40.0-180.0 180.0   5.0 450.0                            LAT/LON1/LON2/DLON/H
  196  199  197  195  193  187  185  180  177  168  164  156  156  152  156  154
  158  156  157  151  147  138  135  131  131  131  130  128  122  116  108  106
  104  104  105  106  109  111  112  113  113  112  111  113  117  128  138  149
  157  162  164  168  173  176  179  178  179  177  176  175  176  175  176  175
  178  179  185  187  187  193  201  199  196                                   
    37.5-180.0 180.0   5.0 450.0                            LAT/LON1/LON2/DLON/H
  214  214  212  210  204  198  194  191  186  179  172  168  165  165  165  166
  168  166  166  159  152  143  138  134  134  133  134  129  126  118  114  111
  112  113  114  114  116  114  116  114  115  114  114  115  120  128  142  152
  162  167  172  176  182  185  187  185  187  184  185  183  187  184  189  186
  192  193  202  202  203  211  218  216  214                                   
    35.0-180.0 180.0   5.0 450.0                            LAT/LON1/LON2/DLON/H
  238  233  233  226  220  211  206  199  194  186  181  173  172  168  171  168
  171  168  167  159  153  142  138  133  135  135  136  133  128  123  118  116
  116  117  118  117  117  117  117  118  118  121  120  123  124  134  141  154
  162  170  175  181  186  191  192  191  192  192  194  195  198  199  202  202
  207  210  217  220  220  230  238  240  238                                   
    32.5-180.0 180.0   5.0 450.0                            LAT/LON1/LON2/DLON/H
  265  262  259  251  241  231  221  214  206  198  190  185  182  180  180  179
  179  176  172  162  154  145  140  136  138  139  141  137  133  127  124  123
  123  123  123  120  120  117  118  118  120  122  123  122  124  127  137  147
  158  165  174  180  187  192  194  196  199  201  205  207  213  214  219  218
  226  227  237  237  242  250  260  262  265                                   
    30.0-180.0 180.0   5.0 450.0                            LAT/LON1/LON2/DLON/H
  294  292  291  278  270  251  243  230  223  211  203  196  194  189  189  183
  183  173  168  155  149  139  138  135  141  142  146  141  138  132  127  125
  123  122  119  119  115  117  116  120  122  128  125  127  123  128  131  141
  148  159  167  177  186  195  198  203  208  214  219  226  230  234  237  241
  245  249  257  261  265  278  285  287  294                                   
    27.5-180.0 180.0   5.0 450.0                            LAT/LON1/LON2/DLON/H
  319  321  318  309  296  280  267  254  242  232  221  214  208  204  200  194
  188  177  166  152  145  138  139  140  147  151  153  149  146  138  133  128
  124  121  117  114  112  110  111  113  118  122  122  119  117  115  119  125
  135  145  159  169  184  192  201  206  218  224  236  240  248  250  257  258
  266  267  279  282  290  298  307  309  319                                   
    25.0-180.0 180.0   5.0 450.0                            LAT/LON1/LON2/DLON/H
  346  348  353  338  331  311  301  280  272  252  244  230  225  216  211  199
  191  173  160  143  137  133  138  141  151  154  157  153  149  140  133  128
  118  115  106  108  103  109  106  114  114  120  115  114  107  106  107  117
  127  140  155  172  187  201  210  219  230  239  250  257  266  270  276  276
  282  285  294  302  308  324  333  335  346                                   
    22.5-180.0 180.0   5.0 450.0                            LAT/LON1/LON2/DLON/H
  364  370  373  366  358  343  333  316  302  285  268  255  244  232  221  208
  195  176  159  143  137  136  142  150  157  162  161  158  151  142  133  123
  113  107  100  100  101  103  107  108  113  111  109  100   95   88   94  101
  117  130  153  170  190  203  215  222  239  247  260  269  280  286  293  292
  299  298  308  315  326  338  349  359  364                                   
    20.0-180.0 180.0   5.0 450.0                            LAT/LON1/LON2/DLON/H
  388  392  400  391  390  379  373  356  346  318  303  279  270  247  237  217
  202  178  162  143  141  140  149  154  162  162  160  154  147  139  128  118
  103   99   89   94   92   99   98  100   99   97   93   86   81   78   83   95
  112  130  155  180  199  217  227  238  252  260  271  281  292  300  309  309
  314  314  322  331  341  356  371  380  388                                   
    17.5-180.0 180.0   5.0 450.0                            LAT/LON1/LON2/DLON/H
  399  405  411  410  411  407  405  397  386  364  340  314  293  271  252  229
  210  187  169  154  149  152  156  164  164  164  156  151  142  135  124  112
  100   94   90   93   98  101  103   98   96   89   84   74   70   67   75   87
  110  130  163  187  211  225  238  248  264  274  286  297  308  320  329  333
  336  339  344  351  358  373  385  400  399                                   
    15.0-180.0 180.0   5.0 450.0                            LAT/LON1/LON2/DLON/H
  416  419  426  420  428  428  432  427  424  405  385  351  328  291  273  241
  222  196  181  164  163  161  167  166  165  158  149  141  133  127  115  108
   93   92   87   93   95   99   98   91   89   78   77   63   64   60   71   82
  109  132  168  195  215  234  245  261  276  291  302  314  324  339  347  355
  356  361  363  370  375  390  404  415  416                                   
    12.5-180.0 180.0   5.0 450.0                            LAT/LON1/LON2/DLON/H
  422  424  427  424  431  435  443  445  445  433  416  388  359  322  290  261
  236  212  195  182  175  175  171  170  160  152  140  134  127  122  114  107
   99   95   93   95   98   96   93   86   80   74   69   63   60   59   68   82
  109  136  175  200  223  240  256  273  292  309  321  334  345  358  366  374
  376  381  385  390  391  405  417  429  422                                   
    10.0-180.0 180.0   5.0 450.0                            LAT/LON1/LON2/DLON/H
  441  436  438  429  437  440  450  453  456  450  436  411  386  347  315  274
  253  226  212  195  192  182  180  169  158  144  133  127  120  120  113  111
  103  102  100  102  101   98   94   86   82   73   73   61   63   59   70   83
  111  139  178  205  227  242  261  280  301  320  336  352  363  377  385  395
  397  404  404  410  411  418  430  436  441                                   
     7.5-180.0 180.0   5.0 450.0                            LAT/LON1/LON2/DLON/H
  449  445  441  433  435  438  446  448  453  448  439  420  396  362  328  294
  265  243  225  211  201  194  182  171  155  141  130  124  122  123  122  117
