data/unet/pred1110.15i
     1.0            IONOSPHERE MAPS     GNSS                IONEX VERSION / TYPE
pyspatialgeodesy        IME             05-JAN-18 20:20     PGM / RUN BY / DATE 
Map Name                                                    COMMENT             
Predicted global ionosphere maps (GIM).                     DESCRIPTION         
  2015     4    21     0     0     0                        EPOCH OF FIRST MAP  
  2015     4    22     0     0     0                        EPOCH OF LAST MAP   
  7200                                                      INTERVAL            
    13                                                      # OF MAPS IN FILE   
  NONE                                                      MAPPING FUNCTION    
10.0                                                        ELEVATION CUTOFF    
One-way carrier phase leveled to code                       OBSERVABLES USED    
  6371.0                                                    BASE RADIUS         
 2                                                          MAP DIMENSION       
   450.0 450.0   0.0                                        HGT1 / HGT2 / DHGT  
    87.5 -87.5  -2.5                                        LAT1 / LAT2 / DLAT  
  -180.0 180.0   5.0                                        LON1 / LON2 / DLON  
    -1                                                      EXPONENT            
                                                            END OF HEADER       
[from data line 3861]
    10                                                      START OF TEC MAP    
  2015     4    21    18     0     0                        EPOCH OF CURRENT MAP
    87.5-180.0 180.0   5.0 450.0                            LAT/LON1/LON2/DLON/H
  266  250  255  255  257  253  255  253  255  253  255  254  256  255  257  256
  257  256  257  256  256  254  255  253  253  251  252  250  251  249  250  249
  250  248  249  249  249  248  249  249  250  251  253  255  257  259  260  263
  264  265  265  266  266  266  266  267  266  266  266  266  266  266  266  266
  267  267  267  262  261  254  256  235  266                                   
    85.0-180.0 180.0   5.0 450.0                            LAT/LON1/LON2/DLON/H
  248  243  246  248  248  247  249  248  249  249  250  250  251  252  252  253
  254  253  254  254  255  253  254  253  252  251  251  250  249  248  247  247
  246  246  246  246  246  246  246  247  247  247  249  249  251  251  253  252
  255  253  256  254  257  254  257  254  258  254  257  253  257  253  257  253
  257  253  257  251  251  243  251  243  248                                   
    82.5-180.0 180.0   5.0 450.0                            LAT/LON1/LON2/DLON/H
  247  234  237  236  238  238  241  241  242  242  243  245  245  247  247  250
  250  252  251  253  252  252  250  250  248  247  244  244  241  239  238  236
  234  233  234  233  234  234  235  236  237  237  239  240  241  241  242  243
  244  245  246  247  248  248  250  250  252  251  252  252  253  252  252  250
  251  249  250  245  243  234  236  238  247                                   
    80.0-180.0 180.0   5.0 450.0                            LAT/LON1/LON2/DLON/H
  240  228  223  225  225  226  229  229  231  230  233  233  237  237  241  241
  244  245  248  248  250  249  250  247  246  243  242  238  236  232  230  227
  225  224  224  224  225  226  227  228  230  231  233  233  235  234  235  234
  235  235  236  236  237  238  238  240  240  241  240  242  241  242  240  242
  239  242  238  239  231  230  221  225  240                                   
    77.5-180.0 180.0   5.0 450.0                            LAT/LON1/LON2/DLON/H
  231  217  215  213  215  217  222  221  225  225  228  230  233  235  238  241
  243  246  248  250  251  250  251  249  248  244  243  238  235  230  228  224
  222  220  221  221  223  224  227  228  230  232  233  234  233  233  231  231
  229  229  227  228  227  228  228  229  230  229  229  229  229  228  228  227
  226  226  225  223  221  216  218  224  231                                   
    75.0-180.0 180.0   5.0 450.0                            LAT/LON1/LON2/DLON/H
  227  213  207  209  210  212  217  217  221  221  226  226  231  233  238  238
  242  242  247  247  250  250  252  251  251  248  247  240  239  231  230  223
  224  219  223  221  226  225  232  230  236  233  237  232  235  229  231  224
  225  219  221  216  220  216  219  216  219  215  216  213  214  213  212  212
  212  214  214  215  211  212  208  216  227                                   
    72.5-180.0 180.0   5.0 450.0                            LAT/LON1/LON2/DLON/H
  225  212  206  209  209  213  217  219  222  225  228  232  234  239  239  243
  241  245  245  248  249  252  254  255  254  253  250  247  241  236  231  227
  225  223  225  226  229  232  236  238  240  240  239  238  234  232  227  225
  219  218  214  214  211  212  210  211  209  210  206  205  201  200  196  196
  195  197  198  199  201  201  206  216  225                                   
    70.0-180.0 180.0   5.0 450.0                            LAT/LON1/LON2/DLON/H
  224  216  209  214  214  216  220  221  226  227  233  235  242  242  245  242
  244  242  246  247  251  252  256  258  259  258  257  252  249  241  239  231
  231  227  232  230  237  237  244  243  246  243  243  236  234  225  224  215
  214  207  208  202  204  199  202  197  199  193  193  187  186  182  179  178
  177  180  183  188  190  197  199  208  224                                   
    67.5-180.0 180.0   5.0 450.0                            LAT/LON1/LON2/DLON/H
  220  216  214  218  219  223  224  227  231  236  241  247  249  252  250  250
  247  248  249  253  255  259  262  265  265  265  263  260  253  248  242  237
  234  232  233  234  238  240  245  245  246  242  239  233  227  221  214  209
  203  200  195  195  192  193  190  190  186  185  179  176  169  166  160  158
  156  160  162  169  175  182  194  200  220                                   
    65.0-180.0 180.0   5.0 450.0                            LAT/LON1/LON2/DLON/H
  211  218  215  223  225  227  232  233  239  242  250  252  258  257  259  256
  255  255  257  260  264  267  271  272  274  270  268  263  258  252  248  242
  240  237  240  238  244  243  248  245  246  239  236  226  220  210  205  196
  192  186  186  182  183  178  179  173  173  166  164  156  153  146  142  136
  135  138  142  151  159  170  182  185  211                                   
    62.5-180.0 180.0   5.0 450.0                            LAT/LON1/LON2/DLON/H
  198  210  213  221  225  228  230  235  237  245  250  257  261  266  265  266
  263  266  264  271  270  277  276  280  276  275  270  267  262  258  253  248
  246  243  243  242  244  243  246  243  241  236  228  219  210  201  193  186
  180  177  174  174  171  170  166  165  159  157  149  147  138  135  126  123
  118  120  123  131  139  151  169  171  198                                   
    60.0-180.0 180.0   5.0 450.0                            LAT/LON1/LON2/DLON/H
  184  203  210  220  226  230  233  236  241  246  254  257  265  267  271  272
  274  274  276  278  279  281  282  282  279  274  271  267  265  263  262  259
  257  253  255  250  253  248  250  244  242  234  227  215  205  193  185  177
  172  169  166  165  163  159  157  150  148  141  138  132  127  121  116  109
  104  104  106  113  124  135  157  161  184                                   
    57.5-180.0 180.0   5.0 450.0                            LAT/LON1/LON2/DLON/H
  170  192  207  214  222  227  231  234  237  244  249  255  262  268  273  279
  281  285  284  288  286  289  284  284  277  275  268  269  267  270  271  272
  269  267  264  260  259  255  254  249  244  237  228  216  205  193  183  175
  169  166  163  162  159  157  152  150  142  141  131  131  122  120  112  109
  102   99   99  104  111  120  143  148  170                                   
    55.0-180.0 180.0   5.0 450.0                            LAT/LON1/LON2/DLON/H
  165  191  205  216  224  233  237  239  243  245  253  255  264  267  276  281
  286  291  292  293  291  291  287  284  279  274  274  272  280  283  292  292
  295  288  288  278  277  268  266  259  255  246  239  225  214  200  191  182
  176  170  166  163  160  155  153  146  145  137  134  129  127  122  118  115
  109  105  103  106  113  120  144  147  165                                   
    52.5-180.0 180.0   5.0 450.0                            LAT/LON1/LON2/DLON/H
  165  190  207  220  232  238  245  246  249  250  254  255  262  268  277  285
  292  299  298  301  297  297  292  291  284  284  282  288  294  304  310  315
  313  308  302  295  290  282  279  273  268  262  252  241  228  215  204  193
  185  178  171  167  163  162  158  160  152  153  143  144  137  137  131  131
  123  120  115  115  120  123  143  150  165                                   
    50.0-180.0 180.0   5.0 450.0                            LAT/LON1/LON2/DLON/H
  179  201  219  236  250  260  264  265  267  263  266  262  270  273  286  293
  303  307  310  308  307  304  304  300  300  297  303  308  321  327  339  337
  340  329  327  315  312  302  299  289  285  275  268  255  244  230  220  207
  198  187  180  173  170  167  168  165  166  160  158  155  156  155  155  153
  150  145  143  140  143  144  163  166  179                                   
    47.5-180.0 180.0   5.0 450.0                            LAT/LON1/LON2/DLON/H
  195  216  232  249  265  273  281  281  283  279  279  275  279  284  296  306
  314  320  321  321  320  319  318  317  318  318  324  332  342  349  355  353
  350  343  338  331  326  318  314  305  298  290  279  267  254  241  230  217
  208  197  188  182  176  177  176  182  179  183  176  179  175  178  175  176
  172  170  163  161  161  159  179  185  195                                   
    45.0-180.0 180.0   5.0 450.0                            LAT/LON1/LON2/DLON/H
  218  237  254  272  288  300  307  309  309  305  304  297  304  304  321  326
  339  339  342  338  339  335  342  338  346  343  355  356  369  367  373  364
  366  355  356  345  345  334  333  320  313  300  289  273  262  248  239  228
  220  208  200  190  187  183  187  187  192  190  191  192  193  194  195  196
  193  190  188  182  184  180  196  200  218                                   
    42.5-180.0 180.0   5.0 450.0                            LAT/LON1/LON2/DLON/H
  237  253  269  285  303  312  325  326  332  325  326  320  325  333  345  355
  362  363  360  358  358  359  365  367  370  372  376  379  383  381  379  373
  371  365  363  359  359  352  347  333  318  302  285  271  259  248  240  231
  225  216  208  201  196  195  194  199  200  203  201  205  203  207  204  206
  202  203  198  197  199  195  214  213  237                                   
    40.0-180.0 180.0   5.0 450.0                            LAT/LON1/LON2/DLON/H
  254  272  286  303  319  333  343  351  352  352  350  351  357  370  384  394
  399  395  391  387  387  389  393  393  398  394  399  396  400  392  392  382
  385  377  383  377  382  374  369  350  332  308  289  276  263  254  247  241
  236  228  222  212  209  203  207  203  209  204  209  207  211  210  211  209
  209  205  206  201  208  203  219  217  254                                   
    37.5-180.0 180.0   5.0 450.0                            LAT/LON1/LON2/DLON/H
  258  275  294  310  329  337  353  360  367  369  374  376  387  400  418  428
  433  429  423  419  421  422  424  423  422  421  416  418  411  410  405  403
  403  405  406  409  411  407  395  371  347  318  290  274  254  253  241  243
  236  230  223  216  213  211  215  216  219  216  215  215  213  212  207  205
  200  195  194  190  197  200  222  220  258                                   
    35.0-180.0 180.0   5.0 450.0                            LAT/LON1/LON2/DLON/H
  259  284  301  322  335  352  364  379  389  402  407  417  425  440  454  468
  471  466  458  455  452  455  450  450  445  443  439  433  434  428  433  436
  449  452  465  463  470  460  448  415  370  335  298  283  258  258  242  248
  238  243  236  238  232  228  224  222  219  218  218  219  220  217  216  210
  205  197  192  189  189  194  210  214  259                                   
    32.5-180.0 180.0   5.0 450.0                            LAT/LON1/LON2/DLON/H
  252  279  300  321  339  354  374  395  413  431  442  452  458  471  486  496
  501  500  495  492  493  491  489  481  477  468  464  464  466  474  485  504
  521  532  536  535  525  508  479  442  395  353  316  294  272  265  257  264
  259  267  262  268  266  268  265  265  263  264  264  266  261  252  236  221
  207  196  188  187  184  183  208  215  252                                   
    30.0-180.0 180.0   5.0 450.0                            LAT/LON1/LON2/DLON/H
  252  280  300  329  346  370  387  416  436  462  472  486  492  505  516  528
  528  529  527  527  528  528  521  517  507  506  503  508  525  541  582  605
  640  647  651  627  597  568  533  496  444  398  356  328  300  285  269  272
  271  284  285  296  296  301  300  299  298  304  308  306  301  290  278  263
  248  223  201  188  187  183  198  212  252                                   
    27.5-180.0 180.0   5.0 450.0                            LAT/LON1/LON2/DLON/H
  248  273  299  324  351  373  403  431  459  482  497  512  522  534  547  557
  560  561  560  564  566  565  560  554  553  551  562  577  607  645  697  727
  751  750  738  709  666  621  575  538  490  440  409  378  354  338  325  318
  314  322  334  344  352  351  354  349  346  334  327  323  313  302  289  275
  262  246  230  218  203  193  199  213  248                                   
    25.0-180.0 180.0   5.0 450.0                            LAT/LON1/LON2/DLON/H
  262  269  300  321  355  379  411  449  472  500  517  538  549  566  576  588
  591  592  596  599  604  602  602  596  603  613  640  666  714  746  787  811
  828  825  797  767  721  681  618  568  506  472  435  418  396  386  363  360
  356  374  384  399  403  416  420  411  390  376  358  350  330  317  296  279
  263  250  232  223  211  209  215  223  262                                   
    22.5-180.0 180.0   5.0 450.0                            LAT/LON1/LON2/DLON/H
  273  282  303  324  356  382  414  452  480  509  536  557  577  591  609  618
  626  633  639  646  647  644  639  639  661  690  733  753  792  819  857  883
  903  892  860  807  755  706  638  589  529  488  459  445  433  425  409  404
  398  415  419  436  442  459  460  454  442  426  405  377  359  334  316  294
  279  263  247  234  220  212  223  233  273                                   
    20.0-180.0 180.0   5.0 450.0                            LAT/LON1/LON2/DLON/H
  278  284  316  333  366  382  421  454  491  519  551  576  600  620  630  641
  650  658  674  679  691  685  697  706  744  769  804  827  860  889  925  946
  954  935  894  832  769  713  646  586  528  484  453  437  426  419  410  404
  409  424  436  460  470  496  507  501  488  469  445  406  371  341  317  298
  284  270  252  235  224  215  227  232  278                                   
    17.5-180.0 180.0   5.0 450.0                            LAT/LON1/LON2/DLON/H
  260  281  312  350  381  400  433  476  501  533  561  590  614  636  649  664
  679  700  713  720  724  729  745  767  813  835  873  897  932  947  969  976
  975  943  896  831  768  706  632  561  501  456  432  419  415  409  414  414
  430  445  463  480  501  521  529  529  510  488  456  413  377  338  321  296
  291  275  263  243  225  213  223  220  260                                   
    15.0-180.0 180.0   5.0 450.0                            LAT/LON1/LON2/DLON/H
  242  271  299  338  385  412  449  483  521  541  572  594  625  652  677  705
  721  743  753  760  769  778  803  830  867  902  937  957  965  972  975  974
  958  921  868  806  753  687  609  531  463  418  395  383  385  384  396  406
  431  451  478  502  511  532  538  535  522  486  455  407  365  324  302  283
  276  266  259  235  218  197  207  204  242                                   
    12.5-180.0 180.0   5.0 450.0                            LAT/LON1/LON2/DLON/H
  224  253  281  322  375  410  452  488  525  557  580  604  632  662  701  740
  766  794  804  815  828  839  871  894  937  964  982  975  975  959  949  933
  913  874  833  777  732  658  591  506  439  391  367  360  367  375  400  419
  451  473  500  505  507  505  501  481  471  446  421  377  334  298  279  265
  263  256  243  222  202  183  180  186  224                                   
    10.0-180.0 180.0   5.0 450.0                            LAT/LON1/LON2/DLON/H
  202  228  262  302  355  407  450  495  538  570  592  616  644  673  719  762
  807  837  852  870  886  907  930  965  992 1001  994  981  957  932  907  889
  862  832  792  753  709  650  583  503  430  376  356  346  361  371  404  427
  469  490  512  515  497  490  468  451  427  405  372  342  301  269  252  242
  239  224  221  196  182  160  154  166  202                                   
     7.5-180.0 180.0   5.0 450.0                            LAT/LON1/LON2/DLON/H
  184  204  243  290  346  402  456  500  552  585  604  633  656  690  733  778
  824  852  881  912  939  962  993 1014 1025 1004  987  951  926  889  865  837
