data/unet/pred1000.15i
     1.0            IONOSPHERE MAPS     GNSS                IONEX VERSION / TYPE
pyspatialgeodesy        IME             05-JAN-18 20:20     PGM / RUN BY / DATE 
Map Name                                                    COMMENT             
Predicted global ionosphere maps (GIM).                     DESCRIPTION         
  2015     4    10     0     0     0                        EPOCH OF FIRST MAP  
  2015     4    11     0     0     0                        EPOCH OF LAST MAP   
  7200                                                      INTERVAL            
    13                                                      # OF MAPS IN FILE   
  NONE                                                      MAPPING FUNCTION    
10.0                                                        ELEVATION CUTOFF    
One-way carrier phase leveled to code                       OBSERVABLES USED    
  6371.0                                                    BASE RADIUS         
 2                                                          MAP DIMENSION       
   450.0 450.0   0.0                                        HGT1 / HGT2 / DHGT  
    87.5 -87.5  -2.5                                        LAT1 / LAT2 / DLAT  
  -180.0 180.0   5.0                                        LON1 / LON2 / DLON  
    -1                                                      EXPONENT            
                                                            END OF HEADER       
[from data line 1716]
     5                                                      START OF TEC MAP    
  2015     4    10     8     0     0                        EPOCH OF CURRENT MAP
    87.5-180.0 180.0   5.0 450.0                            LAT/LON1/LON2/DLON/H
  121  135  143  143  146  142  146  144  150  149  153  152  157  156  160  158
  162  160  163  162  165  164  167  167  170  170  172  173  175  175  176  175
  177  176  175  173  173  171  169  166  166  163  162  159  159  156  155  152
  153  149  150  147  149  145  147  143  146  142  143  140  141  137  137  134
  134  132  133  132  134  129  128  115  121                                   
    85.0-180.0 180.0   5.0 450.0                            LAT/LON1/LON2/DLON/H
  118  130  131  136  136  139  141  147  150  154  156  159  163  165  168  169
  172  171  173  173  174  173  173  173  174  174  173  175  175  176  174  176
  175  176  174  175  174  175  171  173  170  171  168  169  167  168  165  166
  164  164  161  162  160  160  156  156  153  151  147  145  141  139  134  133
  128  127  123  123  122  113  118  107  118                                   
    82.5-180.0 180.0   5.0 450.0                            LAT/LON1/LON2/DLON/H
  108  111  114  118  120  122  129  135  142  146  151  156  162  166  170  173
  176  177  177  178  177  176  174  175  173  173  172  174  174  175  175  177
  179  178  180  179  182  179  180  177  180  177  179  177  178  176  176  175
  175  173  172  171  169  167  164  163  159  156  152  148  144  139  134  129
  124  119  115  110  108  103   99  101  108                                   
    80.0-180.0 180.0   5.0 450.0                            LAT/LON1/LON2/DLON/H
  106  100  105  104  108  112  121  128  137  142  150  156  163  167  173  176
  180  179  181  179  179  175  173  170  169  165  166  165  169  167  171  172
  177  176  181  182  187  186  187  188  190  189  190  190  191  190  191  189
  191  188  189  188  189  185  183  180  178  172  167  162  157  150  145  138
  133  125  120  112  108   97   93   96  106                                   
    77.5-180.0 180.0   5.0 450.0                            LAT/LON1/LON2/DLON/H
  101   96   97   94   99  101  112  117  128  133  143  148  155  159  164  167
  169  169  169  166  165  160  159  153  151  146  147  145  147  148  154  157
  164  168  175  179  185  186  191  192  196  197  201  204  207  208  210  210
  213  211  213  213  214  211  211  208  206  201  198  192  187  179  173  163
  156  143  138  124  118  106  103   99  101                                   
    75.0-180.0 180.0   5.0 450.0                            LAT/LON1/LON2/DLON/H
  112   97   94   92   94   97  105  112  120  127  134  140  145  148  152  153
  155  154  154  151  148  143  140  133  130  124  125  121  125  126  136  139
  150  156  167  172  178  182  186  191  194  201  203  209  212  218  219  224
  226  231  231  236  236  238  237  236  234  231  228  223  217  211  205  196
  188  177  167  151  139  123  118  113  112                                   
    72.5-180.0 180.0   5.0 450.0                            LAT/LON1/LON2/DLON/H
  122  108  102   94   94   92   99  102  110  114  122  124  130  130  133  133
  134  133  134  131  130  126  123  117  114  107  107  103  108  110  121  128
  143  149  164  166  178  178  187  187  197  199  210  215  224  229  236  240
  246  250  253  256  258  260  260  259  257  254  252  247  243  236  233  224
  217  207  199  181  168  147  142  129  122                                   
    70.0-180.0 180.0   5.0 450.0                            LAT/LON1/LON2/DLON/H
  138  115  106   98   93   91   94   99  104  108  112  115  117  117  118  118
  119  119  120  118  118  114  112  105  102   94   95   91   97  101  114  123
  140  149  164  169  180  182  187  191  197  204  212  221  230  239  245  253
  258  265  266  273  272  276  272  272  268  265  261  258  254  251  246  242
  237  229  221  205  192  172  162  147  138                                   
    67.5-180.0 180.0   5.0 450.0                            LAT/LON1/LON2/DLON/H
  147  127  114  100   94   87   90   90   97   97  104  102  106  103  104  102
  103  104  106  106  106  104  102   96   93   87   88   85   92   97  113  123
  143  152  170  172  186  184  194  193  205  209  222  230  244  250  259  265
  273  278  280  285  283  284  280  277  270  265  260  256  251  247  245  242
  240  234  229  214  203  188  179  156  147                                   
    65.0-180.0 180.0   5.0 450.0                            LAT/LON1/LON2/DLON/H
  155  134  116  102   91   84   83   86   88   93   94   97   94   95   92   93
   92   95   97  100  100   99   97   92   89   84   84   84   90  100  114  127
  145  158  171  180  187  192  197  203  209  220  228  242  251  261  266  275
  279  287  284  290  285  286  278  272  262  254  248  243  238  234  232  233
  232  231  228  218  210  196  188  167  155                                   
    62.5-180.0 180.0   5.0 450.0                            LAT/LON1/LON2/DLON/H
  159  141  121  104   93   82   82   79   85   84   90   88   91   87   87   84
   86   87   90   92   94   92   92   87   85   80   83   82   92   97  115  126
  146  155  173  177  191  193  205  207  220  227  243  252  266  272  281  286
  291  296  293  295  289  286  278  267  258  248  243  234  229  221  218  216
  217  215  215  207  202  195  191  169  159                                   
    60.0-180.0 180.0   5.0 450.0                            LAT/LON1/LON2/DLON/H
  166  148  126  109   94   82   76   75   76   79   81   84   81   83   79   81
   79   83   83   87   86   86   84   81   80   77   79   81   88  100  114  129
  144  158  168  182  188  200  206  217  226  238  250  262  275  280  289  294
  300  304  300  302  294  289  278  266  256  245  238  229  223  213  208  205
  204  204  205  202  201  192  188  174  166                                   
    57.5-180.0 180.0   5.0 450.0                            LAT/LON1/LON2/DLON/H
  176  160  140  119  105   88   82   74   76   75   79   79   81   78   80   77
   79   79   82   82   82   80   78   75   74   73   76   78   87   95  112  124
  143  153  168  178  192  201  214  223  238  249  265  275  289  297  305  312
  315  319  314  314  308  301  293  278  271  258  253  240  234  218  213  202
  201  195  199  194  195  189  191  177  176                                   
    55.0-180.0 180.0   5.0 450.0                            LAT/LON1/LON2/DLON/H
  190  178  156  139  120  102   88   80   73   74   74   77   76   77   75   77
   75   79   76   79   74   75   70   70   67   69   70   75   81   93  107  124
  139  156  166  183  192  208  218  231  246  257  272  282  298  304  314  318
  325  329  326  329  322  318  307  296  286  278  271  259  249  234  224  213
  207  202  202  200  201  194  195  188  190                                   
    52.5-180.0 180.0   5.0 450.0                            LAT/LON1/LON2/DLON/H
  209  202  183  163  146  123  109   92   84   78   78   77   78   76   77   76
   77   76   77   75   73   70   68   67   66   68   70   74   81   89  104  121
  140  155  171  185  202  215  229  243  257  271  285  299  311  321  330  336
  341  344  345  344  342  336  330  319  313  304  300  286  277  258  245  229
  222  213  211  206  207  200  207  199  209                                   
    50.0-180.0 180.0   5.0 450.0                            LAT/LON1/LON2/DLON/H
  226  219  205  193  174  151  130  112   97   89   82   81   79   79   76   79
   76   80   75   78   72   73   68   72   68   72   71   76   80   89  104  121
  140  160  176  193  210  225  241  252  270  279  298  307  324  330  341  345
  352  355  356  358  357  352  347  338  330  324  317  307  296  279  265  249
  240  231  227  222  223  214  218  212  226                                   
    47.5-180.0 180.0   5.0 450.0                            LAT/LON1/LON2/DLON/H
  237  234  222  213  202  180  159  137  120  107   99   91   88   83   82   81
   83   81   83   81   80   77   77   78   78   79   80   81   86   93  109  125
  149  167  188  205  224  239  254  267  283  296  312  325  339  348  358  362
  368  368  371  369  371  364  362  351  348  338  333  320  312  295  284  268
  258  247  242  236  232  223  228  218  237                                   
    45.0-180.0 180.0   5.0 450.0                            LAT/LON1/LON2/DLON/H
  233  230  224  225  218  204  182  162  143  127  114  106   99   93   89   89
   89   91   90   93   89   92   89   93   90   93   89   91   94  100  115  133
  155  174  194  213  233  246  266  275  296  305  326  334  352  359  370  375
  380  381  381  380  379  375  369  361  353  345  335  324  313  299  285  273
  264  258  252  246  242  230  227  218  233                                   
    42.5-180.0 180.0   5.0 450.0                            LAT/LON1/LON2/DLON/H
  218  214  211  217  219  211  200  185  169  152  137  123  116  105  102   98
  101  102  106  106  108  106  109  107  110  106  106  103  107  109  127  143
  166  185  207  224  246  261  281  296  315  330  348  359  374  384  393  400
  404  403  402  397  395  386  379  367  360  348  340  326  316  298  288  273
  269  258  256  246  242  224  220  200  218                                   
    40.0-180.0 180.0   5.0 450.0                            LAT/LON1/LON2/DLON/H
  182  183  179  191  199  204  202  194  184  167  153  140  130  121  114  112
  114  117  119  122  123  125  125  127  125  125  120  118  117  124  139  156
  179  196  218  234  261  276  306  315  344  353  378  384  404  411  421  428
  430  431  426  421  414  405  395  383  371  360  348  332  319  300  287  273
  269  259  254  245  240  218  203  178  182                                   
    37.5-180.0 180.0   5.0 450.0                            LAT/LON1/LON2/DLON/H
  158  155  144  153  167  177  186  187  184  176  166  154  145  134  130  126
  130  131  136  135  140  136  141  137  139  132  130  124  126  132  148  166
  189  207  229  247  275  299  325  343  366  380  401  413  432  444  454  465
  470  471  466  459  451  437  429  413  403  385  374  357  344  323  305  292
  281  270  262  247  241  215  197  158  158                                   
    35.0-180.0 180.0   5.0 450.0                            LAT/LON1/LON2/DLON/H
  138  138  115  119  130  144  158  164  172  170  169  161  155  147  142  142
  143  146  148  150  150  149  147  147  144  141  136  132  133  140  156  174
  195  212  233  253  285  308  341  356  385  396  428  436  464  475  494  508
  517  519  515  507  501  490  487  477  466  448  430  409  389  365  339  324
  305  294  281  265  251  226  203  157  138                                   
    32.5-180.0 180.0   5.0 450.0                            LAT/LON1/LON2/DLON/H
  152  133  113  102  105  114  128  139  152  157  162  161  160  154  153  151
  154  155  157  156  157  150  151  145  144  137  134  130  134  143  156  175
  194  211  232  257  287  320  347  370  395  415  442  464  490  515  538  564
  575  587  586  589  591  594  591  589  582  569  551  528  501  464  432  402
  370  353  325  306  280  254  220  173  152                                   
    30.0-180.0 180.0   5.0 450.0                            LAT/LON1/LON2/DLON/H
  182  150  120   96   94  101  113  120  135  141  154  157  161  159  158  158
  160  160  162  161  159  155  152  147  142  137  132  130  132  141  154  171
  188  207  231  257  291  327  357  380  409  431  464  492  535  565  603  629
  653  660  665  663  669  671  679  686  688  682  662  647  613  584  533  497
  448  431  387  367  333  311  260  217  182                                   
    27.5-180.0 180.0   5.0 450.0                            LAT/LON1/LON2/DLON/H
  258  217  180  135  115  114  116  123  133  138  148  155  161  161  161  161
  163  162  162  159  157  152  151  144  140  134  130  128  130  139  149  163
  185  206  232  261  292  329  358  384  414  443  478  519  563  609  647  684
  702  716  725  735  748  766  785  806  816  816  799  779  745  712  660  624
  563  519  471  442  412  386  355  296  258                                   
    25.0-180.0 180.0   5.0 450.0                            LAT/LON1/LON2/DLON/H
  357  314  269  213  181  160  150  140  142  143  156  158  167  166  167  165
  165  163  162  159  158  154  153  145  141  134  130  124  126  129  143  158
  185  210  242  270  303  337  364  395  426  460  501  541  597  637  685  716
  742  754  777  791  821  843  878  904  932  935  931  910  876  840  782  736
  676  631  580  536  497  475  436  400  357                                   
    22.5-180.0 180.0   5.0 450.0                            LAT/LON1/LON2/DLON/H
  456  412  363  314  278  242  214  194  178  171  173  180  181  179  176  170
  169  163  160  156  155  153  154  148  142  137  129  123  123  128  141  157
  187  214  245  272  304  335  363  393  428  467  506  550  597  639  677  717
  746  773  799  825  856  887  920  954  983  996 1002  992  970  931  880  831
  771  722  664  621  581  563  528  498  456                                   
    20.0-180.0 180.0   5.0 450.0                            LAT/LON1/LON2/DLON/H
  526  499  452  397  361  333  295  255  225  206  199  198  203  196  193  183
  178  168  163  158  157  154  156  149  147  135  128  118  121  124  137  155
  188  220  251  278  309  336  367  395  433  469  509  544  592  629  669  696
  742  764  796  818  855  882  919  950  986 1002 1018 1011 1001  971  933  888
  836  784  733  680  639  614  605  575  526                                   
    17.5-180.0 180.0   5.0 450.0                            LAT/LON1/LON2/DLON/H
  581  564  526  488  460  411  366  331  288  253  233  223  218  214  208  198
  189  177  168  161  159  158  157  153  148  138  129  121  119  118  130  152
  187  220  253  277  304  331  362  392  427  467  498  534  575  616  650  680
  715  744  768  791  816  840  870  898  929  951  973  975  976  957  933  900
  860  817  770  725  681  650  638  621  581                                   
    15.0-180.0 180.0   5.0 450.0                            LAT/LON1/LON2/DLON/H
  596  588  562  547  522  488  436  388  342  303  263  245  233  227  220  216
  207  193  179  168  163  162  159  154  147  135  128  121  112  105  119  145
  187  221  251  277  300  333  359  394  429  464  499  531  572  606  647  664
  698  715  733  751  768  787  806  826  853  869  896  905  917  914  903  882
  854  821  782  739  694  652  640  626  596                                   
    12.5-180.0 180.0   5.0 450.0                            LAT/LON1/LON2/DLON/H
  577  579  573  572  561  528  492  443  393  353  310  275  252  240  233  222
  218  208  191  181  171  168  158  154  147  138  133  120  110  103  115  144
  184  219  250  272  299  327  357  393  426  465  500  534  572  608  641  662
  680  688  701  710  722  732  742  756  769  790  810  828  845  850  850  839
  823  799  768  729  689  636  615  607  577                                   
    10.0-180.0 180.0   5.0 450.0                            LAT/LON1/LON2/DLON/H
  553  561  561  578  572  553  515  478  429  386  347  315  280  254  241  232
  221  214  204  193  178  167  158  147  145  134  126  111   96   88  105  130
  176  210  242  266  294  325  353  392  427  464  499  535  571  599  634  646
  664  668  675  684  687  697  699  706  714  726  748  770  787  802  803  803
  792  779  752  716  673  616  592  573  553                                   
     7.5-180.0 180.0   5.0 450.0                            LAT/LON1/LON2/DLON/H
  527  541  544  558  562  549  519  488  451  410  374  342  307  274  256  240
  231  211  205  187  177  162  154  147  144  133  124  105   96   93  105  132
