data/unet/pred2830.15i
     1.0            IONOSPHERE MAPS     GNSS                IONEX VERSION / TYPE
pyspatialgeodesy        IME             05-JAN-18 20:20     PGM / RUN BY / DATE 
Map Name                                                    COMMENT             
Predicted global ionosphere maps (GIM).                     DESCRIPTION         
  2015    10    10     0     0     0                        EPOCH OF FIRST MAP  
  2015    10    11     0     0     0                        EPOCH OF LAST MAP   
  7200                                                      INTERVAL            
    13                                                      # OF MAPS IN FILE   
  NONE                                                      MAPPING FUNCTION    
10.0                                                        ELEVATION CUTOFF    
One-way carrier phase leveled to code                       OBSERVABLES USED    
  6371.0                                                    BASE RADIUS         
 2                                                          MAP DIMENSION       
   450.0 450.0   0.0                                        HGT1 / HGT2 / DHGT  
    87.5 -87.5  -2.5                                        LAT1 / LAT2 / DLAT  
  -180.0 180.0   5.0                                        LON1 / LON2 / DLON  
    -1                                                      EXPONENT            
                                                            END OF HEADER       
[from data line 3861]
    10                                                      START OF TEC MAP    
  2015    10    10    18     0     0                        EPOCH OF CURRENT MAP
    87.5-180.0 180.0   5.0 450.0                            LAT/LON1/LON2/DLON/H
  109   75   73   78   76   78   78   81   81   85   85   89   87   92   90   94
   92   95   93   95   92   94   92   93   90   91   89   89   87   86   86   84
   84   81   82   79   79   77   77   75   75   73   73   72   72   71   70   70
   69   68   68   67   67   66   66   65   65   65   65   64   65   64   65   65
   66   66   67   67   71   69   77   96  109                                   
    85.0-180.0 180.0   5.0 450.0                            LAT/LON1/LON2/DLON/H
   61   57   59   67   66   70   71   74   75   80   81   85   85   89   90   92
   92   94   93   94   92   94   91   92   89   89   87   87   84   84   81   81
   77   78   75   75   72   73   69   70   67   69   65   66   63   65   61   63
   59   61   57   58   55   57   54   55   52   54   51   53   51   53   51   53
   52   54   53   55   57   56   67   81   61                                   
    82.5-180.0 180.0   5.0 450.0                            LAT/LON1/LON2/DLON/H
   52   50   53   60   62   67   67   74   75   81   83   88   89   94   94   99
   98  102  100  103  100  103   98  100   95   96   91   91   86   86   81   81
   76   77   73   73   69   70   67   68   64   66   62   63   59   60   57   57
   54   54   52   51   49   49   47   47   44   46   43   44   42   44   42   45
   42   46   43   47   46   46   51   52   52                                   
    80.0-180.0 180.0   5.0 450.0                            LAT/LON1/LON2/DLON/H
   46   47   50   56   58   63   66   71   76   81   86   91   95  100  103  107
  108  111  111  113  111  113  109  110  105  105   99   98   91   90   84   83
   77   79   74   75   71   73   69   71   67   69   65   66   62   63   59   60
   56   56   53   53   51   51   48   48   46   47   44   44   43   44   43   44
   43   44   42   44   42   38   48   45   46                                   
    77.5-180.0 180.0   5.0 450.0                            LAT/LON1/LON2/DLON/H
   40   41   45   48   51   55   61   65   72   78   84   89   93   98  102  105
  107  110  110  111  110  112  109  107  103  101   97   92   88   83   82   77
   75   73   73   71   72   70   72   69   70   67   68   65   63   61   61   58
   57   54   54   52   51   50   49   47   46   45   44   43   42   42   42   42
   41   42   42   42   42   38   42   38   40                                   
    75.0-180.0 180.0   5.0 450.0                            LAT/LON1/LON2/DLON/H
   39   39   40   43   45   51   53   62   66   75   80   88   91   99  101  107
  107  111  109  111  109  110  106  105  100   98   92   90   83   81   77   75
   71   71   70   70   70   71   70   70   68   68   66   64   61   60   58   56
   54   54   53   52   51   50   48   47   45   45   43   42   42   42   42   42
   42   43   42   43   41   36   46   43   39                                   
    72.5-180.0 180.0   5.0 450.0                            LAT/LON1/LON2/DLON/H
   43   41   42   42   45   49   53   59   65   73   79   86   90   96   99  102
  103  105  105  105  104  105  102  100   96   93   89   82   79   74   72   68
   67   66   68   67   69   69   71   69   69   66   65   61   60   57   57   53
   55   52   54   50   52   50   50   46   46   44   44   41   43   41   44   41
   44   43   45   43   43   40   46   41   43                                   
    70.0-180.0 180.0   5.0 450.0                            LAT/LON1/LON2/DLON/H
   46   42   43   44   45   50   51   59   63   73   78   87   90   97   99  103
  104  105  105  104  104  103  102   98   95   90   85   80   75   72   68   65
   63   63   63   64   65   67   66   65   63   61   57   55   51   52   49   50
   49   51   51   52   50   51   48   48   45   45   43   43   42   44   43   45
   44   46   45   46   45   40   50   47   46                                   
    67.5-180.0 180.0   5.0 450.0                            LAT/LON1/LON2/DLON/H
   48   44   47   48   49   52   55   60   65   73   78   85   90   96   99  101
  102  103  103  103  103  102  101   98   94   88   84   75   71   65   62   58
   57   56   58   58   61   60   62   58   57   52   50   46   43   42   43   43
   45   46   49   48   50   48   48   45   45   42   42   40   42   41   44   42
   44   43   45   44   45   42   49   44   48                                   
    65.0-180.0 180.0   5.0 450.0                            LAT/LON1/LON2/DLON/H
   49   45   48   50   51   55   57   63   67   76   81   89   92   99  101  104
  105  106  107  107  106  106  104  101   97   91   85   78   71   66   61   58
   55   54   54   55   56   56   55   53   49   46   42   39   35   36   35   39
   39   44   44   47   46   47   44   44   41   41   38   40   38   41   40   41
   40   42   41   42   42   37   48   45   49                                   
    62.5-180.0 180.0   5.0 450.0                            LAT/LON1/LON2/DLON/H
   45   43   50   52   55   58   61   65   70   77   82   89   94   99  102  104
  107  109  112  113  114  111  111  106  103   95   90   79   74   65   62   55
   54   51   52   52   53   52   51   47   44   38   36   31   30   28   31   31
   35   37   40   41   42   41   40   37   37   35   36   34   36   35   38   36
   37   35   36   35   36   33   43   37   45                                   
    60.0-180.0 180.0   5.0 450.0                            LAT/LON1/LON2/DLON/H
   42   41   47   51   54   57   62   65   71   77   84   90   94   99  103  107
  112  113  119  120  122  120  119  113  108  101   94   85   78   71   65   61
   57   55   54   54   53   52   50   46   42   37   32   30   26   27   26   29
   30   34   35   37   36   38   35   35   32   33   31   33   32   34   34   34
   32   31   30   30   30   25   38   32   42                                   
    57.5-180.0 180.0   5.0 450.0                            LAT/LON1/LON2/DLON/H
   36   37   45   51   55   58   62   66   71   76   83   89   94   99  103  108
  114  120  127  132  133  130  128  121  117  106  101   90   85   77   74   68
   65   61   61   59   58   55   53   49   44   39   35   32   30   28   28   28
   30   31   33   32   33   31   31   29   30   28   30   29   32   31   34   30
   31   26   27   23   25   22   31   24   36                                   
    55.0-180.0 180.0   5.0 450.0                            LAT/LON1/LON2/DLON/H
   35   36   41   50   54   57   62   65   72   76   83   89   94  100  105  110
  118  125  135  137  143  136  135  127  120  112  105   98   93   88   83   80
   75   73   70   69   66   64   59   56   50   46   42   40   36   36   33   34
   31   33   32   32   31   31   29   30   28   30   29   31   31   34   33   33
   30   28   26   23   23   18   31   23   35                                   
    52.5-180.0 180.0   5.0 450.0                            LAT/LON1/LON2/DLON/H
   34   38   45   51   57   61   65   68   73   78   84   89   95   99  105  112
  120  131  139  147  148  146  140  133  126  117  113  107  105   99   98   94
   91   86   84   81   78   75   71   67   62   58   55   52   50   47   45   41
   40   37   36   34   34   31   32   30   32   31   33   33   35   35   38   35
   36   31   31   26   27   23   30   22   34                                   
    50.0-180.0 180.0   5.0 450.0                            LAT/LON1/LON2/DLON/H
   40   43   48   57   60   66   70   73   78   82   87   93   97  102  107  114
  123  133  144  149  153  148  144  136  129  122  118  115  113  111  109  106
  102   99   95   94   89   87   83   80   75   72   68   67   63   61   56   53
   47   45   41   40   38   39   36   38   36   39   37   40   39   42   42   44
   41   40   36   34   32   26   37   32   40                                   
    47.5-180.0 180.0   5.0 450.0                            LAT/LON1/LON2/DLON/H
   47   49   57   64   69   75   77   80   84   88   93   98  102  105  111  118
  126  136  145  152  152  151  143  139  132  128  126  124  124  121  121  118
  114  111  107  105  101   99   95   92   88   85   83   81   78   74   69   63
   58   55   52   51   49   48   47   47   46   46   46   47   47   48   50   50
   51   48   47   44   42   37   42   38   47                                   
    45.0-180.0 180.0   5.0 450.0                            LAT/LON1/LON2/DLON/H
   56   59   65   76   80   86   89   92   95   99  103  107  111  114  119  125
  133  142  151  156  157  153  149  143  138  136  134  135  132  131  129  126
  121  118  114  113  109  108  103  101   97   96   93   92   88   85   78   73
   66   66   62   63   60   60   58   59   56   57   55   56   55   58   57   60
   58   60   56   57   52   45   53   55   56                                   
    42.5-180.0 180.0   5.0 450.0                            LAT/LON1/LON2/DLON/H
   63   66   75   86   93  100  102  105  107  110  114  118  122  124  130  135
  142  150  158  163  163  160  155  152  148  145  147  144  144  139  136  132
  127  123  121  120  117  115  111  107  103  101   99   98   95   91   86   80
   77   75   75   75   74   73   72   70   68   67   65   65   65   65   66   67
   68   66   66   64   61   55   59   61   63                                   
    40.0-180.0 180.0   5.0 450.0                            LAT/LON1/LON2/DLON/H
   69   75   83   98  104  114  117  121  123  127  130  133  136  139  143  150
  155  165  170  176  175  174  170  166  162  162  161  160  154  150  143  139
  132  129  126  126  123  121  115  112  106  104  101  100   96   94   89   86
   82   83   83   86   84   85   81   81   76   76   73   73   71   73   71   74
   72   73   70   70   65   60   67   71   69                                   
    37.5-180.0 180.0   5.0 450.0                            LAT/LON1/LON2/DLON/H
   69   78   89  104  114  124  129  135  139  141  145  147  151  154  160  166
  173  180  188  192  193  191  189  185  182  180  180  175  169  161  156  148
  144  140  140  138  135  130  123  115  108  104  102  101   99   95   92   88
   87   88   90   92   93   91   90   86   83   81   79   78   77   76   77   75
   75   73   73   71   68   63   66   68   69                                   
    35.0-180.0 180.0   5.0 450.0                            LAT/LON1/LON2/DLON/H
   71   81   92  110  120  133  141  148  153  158  161  164  165  171  175  184
  191  200  207  213  214  212  208  205  201  200  197  194  186  178  170  166
  160  161  158  157  149  140  130  119  111  106  103  101   99   96   92   89
   89   91   92   94   94   95   90   89   85   84   82   82   81   81   80   79
   76   75   72   71   66   62   68   70   71                                   
    32.5-180.0 180.0   5.0 450.0                            LAT/LON1/LON2/DLON/H
   66   79   92  109  123  135  148  157  166  170  174  177  180  185  192  200
  210  218  228  232  234  232  228  223  221  217  217  213  208  201  197  192
  191  190  190  183  172  156  142  126  116  109  106  103  101   96   93   89
   90   90   92   93   93   92   90   87   84   83   82   82   82   81   82   78
   77   73   72   68   67   62   65   62   66                                   
    30.0-180.0 180.0   5.0 450.0                            LAT/LON1/LON2/DLON/H
   69   82   92  112  124  140  152  165  175  181  187  191  195  200  207  217
  227  235  244  247  249  246  242  239  237  237  237  238  234  233  230  230
  229  231  227  217  200  178  157  137  125  118  113  111  107  102   97   93
   92   90   92   92   92   92   91   89   85   85   84   85   84   85   82   81
   77   75   71   69   63   62   65   63   69                                   
    27.5-180.0 180.0   5.0 450.0                            LAT/LON1/LON2/DLON/H
   71   86   95  110  126  142  158  172  183  190  198  203  210  217  225  234
  244  251  258  260  262  258  256  251  251  249  257  259  265  266  273  273
  278  277  273  257  233  202  176  151  136  129  125  122  118  112  107  101
   97   93   92   92   93   93   93   92   90   88   88   90   89   87   85   81
   78   73   72   69   68   64   67   60   71                                   
    25.0-180.0 180.0   5.0 450.0                            LAT/LON1/LON2/DLON/H
   80   93  102  117  130  150  165  180  191  200  209  214  222  228  238  246
  256  262  268  270  270  266  262  261  262  269  276  287  296  303  309  314
  315  313  304  288  258  224  192  166  151  144  143  141  137  131  125  117
  111  104  102  102  102  103  101  100   97   96   95   95   95   94   91   87
   81   77   73   72   68   68   72   68   80                                   
    22.5-180.0 180.0   5.0 450.0                            LAT/LON1/LON2/DLON/H
   89  102  110  125  139  156  170  185  200  207  220  224  236  240  251  258
  267  273  277  280  279  275  273  271  276  282  296  309  324  334  343  345
  347  339  328  306  277  240  207  182  167  161  160  159  156  151  145  136
  128  120  117  117  118  117  116  112  110  105  104  103  102  101   96   92
   85   78   75   70   71   68   74   71   89                                   
    20.0-180.0 180.0   5.0 450.0                            LAT/LON1/LON2/DLON/H
  100  115  125  139  151  168  180  195  207  218  230  236  250  256  270  272
  283  284  290  291  290  286  283  286  292  305  319  336  349  360  367  369
  369  358  341  315  285  251  219  197  185  178  178  176  176  171  167  159
  150  141  138  136  136  134  131  127  122  117  114  111  112  108  105   99
   93   84   79   74   70   68   74   73  100                                   
    17.5-180.0 180.0   5.0 450.0                            LAT/LON1/LON2/DLON/H
  107  124  137  153  167  182  195  206  218  229  243  250  268  277  294  296
  307  306  310  309  306  301  302  306  316  328  343  359  372  380  388  388
  388  371  349  321  293  261  233  213  202  197  195  193  191  189  186  181
  173  165  160  156  153  152  148  143  135  129  126  123  122  118  113  108
   99   90   83   75   70   66   71   77  107                                   
    15.0-180.0 180.0   5.0 450.0                            LAT/LON1/LON2/DLON/H
  114  135  151  170  184  200  211  222  231  243  253  269  286  304  320  330
  337  336  342  338  338  332  332  339  348  365  376  389  398  405  408  405
  398  379  354  327  301  273  247  230  220  215  213  210  210  208  207  203
  197  190  183  177  169  168  160  154  145  138  134  131  130  125  122  114
  106   95   87   77   70   67   70   76  114                                   
    12.5-180.0 180.0   5.0 450.0                            LAT/LON1/LON2/DLON/H
  113  137  159  178  198  215  229  239  250  261  279  294  314  329  348  355
  367  369  379  382  381  377  376  382  391  401  410  417  419  420  419  411
  401  382  358  336  312  291  268  254  241  236  230  227  225  225  225  222
  217  210  204  194  187  180  169  162  151  144  138  136  134  131  125  119
  107   98   87   76   71   65   66   76  113                                   
    10.0-180.0 180.0   5.0 450.0                            LAT/LON1/LON2/DLON/H
  117  143  163  188  207  231  245  257  266  281  297  322  339  366  379  404
  411  422  429  428  428  422  426  433  439  446  448  449  445  441  432  422
  407  391  369  346  328  311  293  280  266  257  248  243  241  242  241  238
  231  224  212  203  191  184  172  162  152  144  139  136  135  130  128  119
  110   97   88   76   69   68   69   73  117                                   
     7.5-180.0 180.0   5.0 450.0                            LAT/LON1/LON2/DLON/H
  113  141  166  189  217  242  261  269  286  296  323  349  371  392  410  432
  447  458  465  472  470  468  468  470  474  475  473  467  461  451  438  428
