data/unet/pred2770.15i
     1.0            IONOSPHERE MAPS     GNSS                IONEX VERSION / TYPE
pyspatialgeodesy        IME             05-JAN-18 20:20     PGM / RUN BY / DATE 
Map Name                                                    COMMENT             
Predicted global ionosphere maps (GIM).                     DESCRIPTION         
  2015    10     4     0     0     0                        EPOCH OF FIRST MAP  
  2015    10     5     0     0     0                        EPOCH OF LAST MAP   
  7200                                                      INTERVAL            
    13                                                      # OF MAPS IN FILE   
  NONE                                                      MAPPING FUNCTION    
10.0                                                        ELEVATION CUTOFF    
One-way carrier phase leveled to code                       OBSERVABLES USED    
  6371.0                                                    BASE RADIUS         
 2                                                          MAP DIMENSION       
   450.0 450.0   0.0                                        HGT1 / HGT2 / DHGT  
    87.5 -87.5  -2.5                                        LAT1 / LAT2 / DLAT  
  -180.0 180.0   5.0                                        LON1 / LON2 / DLON  
    -1                                                      EXPONENT            
                                                            END OF HEADER       
[from data line 1716]
     5                                                      START OF TEC MAP    
  2015    10     4     8     0     0                        EPOCH OF CURRENT MAP
    87.5-180.0 180.0   5.0 450.0                            LAT/LON1/LON2/DLON/H
   58   73   75   76   74   73   73   73   73   73   73   73   74   74   74   74
   74   75   75   76   76   77   76   77   76   77   77   77   77   78   78   78
   77   78   77   77   77   77   76   76   76   77   76   77   76   77   76   77
   76   77   76   77   76   77   76   76   75   76   75   75   75   75   75   75
   75   75   75   77   79   78   76   72   58                                   
    85.0-180.0 180.0   5.0 450.0                            LAT/LON1/LON2/DLON/H
   65   88   78   88   79   85   80   88   81   88   81   87   80   86   80   86
   79   85   79   86   79   86   79   86   80   87   80   88   82   88   82   88
   83   88   83   87   84   87   83   86   83   86   83   86   83   87   84   88
   86   89   87   90   88   90   87   90   86   89   85   88   84   87   82   86
   81   85   80   85   82   83   81   74   65                                   
    82.5-180.0 180.0   5.0 450.0                            LAT/LON1/LON2/DLON/H
   72   86   78   83   83   83   84   87   87   87   87   87   86   86   84   85
   82   83   81   82   80   81   80   80   79   81   80   82   81   83   82   85
   83   86   84   87   84   88   84   89   84   89   86   91   87   92   89   94
   91   96   93   97   94   97   93   94   90   91   87   87   84   83   81   80
   78   78   76   76   74   73   75   64   72                                   
    80.0-180.0 180.0   5.0 450.0                            LAT/LON1/LON2/DLON/H
   65   75   72   76   76   79   80   83   83   84   83   83   81   80   78   78
   75   74   72   71   70   69   68   69   69   69   70   72   74   75   76   78
   80   80   83   83   86   85   88   88   90   90   94   93   98   97  102  101
  106  104  108  106  108  105  106  102  102   97   97   92   92   86   86   80
   81   75   75   69   71   62   66   59   65                                   
    77.5-180.0 180.0   5.0 450.0                            LAT/LON1/LON2/DLON/H
   55   69   63   63   66   67   71   72   73   72   73   71   71   68   67   64
   63   59   58   56   55   53   53   54   53   56   57   60   61   64   67   70
   72   74   76   79   80   84   85   89   90   95   96  101  103  108  110  114
  115  117  118  118  118  116  115  111  110  105  104   99   97   91   90   84
   81   75   73   65   65   58   60   45   55                                   
    75.0-180.0 180.0   5.0 450.0                            LAT/LON1/LON2/DLON/H
   50   59   54   56   56   60   62   66   65   66   66   65   63   62   59   57
   53   52   47   47   42   44   40   42   41   44   45   49   51   55   58   62
   66   70   73   77   81   84   89   93   99  103  109  114  119  123  126  130
  131  134  134  134  133  131  128  124  121  117  114  110  107  102   98   93
   88   82   77   69   67   55   56   43   50                                   
    72.5-180.0 180.0   5.0 450.0                            LAT/LON1/LON2/DLON/H
   46   56   48   48   51   52   56   57   59   57   58   57   55   53   50   48
   45   43   40   38   35   34   32   32   32   35   37   41   44   49   53   58
   61   66   71   76   80   86   91  100  105  114  121  129  133  140  142  147
  147  150  148  148  145  143  139  134  130  125  122  116  113  107  105   98
   94   86   82   72   67   58   58   41   46                                   
    70.0-180.0 180.0   5.0 450.0                            LAT/LON1/LON2/DLON/H
   47   51   44   45   47   48   52   52   54   53   53   53   51   49   46   46
   42   42   37   37   32   32   29   28   28   30   33   36   40   45   51   55
   61   66   72   79   85   92  100  109  119  127  138  145  153  156  163  164
  168  167  167  163  161  154  151  143  141  132  131  123  122  114  114  106
  104   95   92   81   77   61   60   44   47                                   
    67.5-180.0 180.0   5.0 450.0                            LAT/LON1/LON2/DLON/H
   45   52   43   41   43   44   47   47   48   48   48   48   47   46   44   44
   41   41   37   37   32   32   28   29   27   30   31   35   39   45   50   56
   61   68   75   82   89   97  106  117  127  138  147  158  165  172  175  181
  180  183  178  177  168  163  154  147  140  134  131  126  123  118  116  111
  108  100   97   85   80   67   65   47   45                                   
    65.0-180.0 180.0   5.0 450.0                            LAT/LON1/LON2/DLON/H
   51   52   42   41   42   41   45   44   45   44   45   45   45   45   44   45
   43   43   40   40   37   35   33   31   31   32   34   36   41   46   51   57
   64   72   80   88   97  106  116  127  138  149  161  171  182  187  193  193
  197  193  191  183  177  167  160  150  144  137  135  129  129  123  123  116
  114  106  103   92   88   72   69   54   51                                   
    62.5-180.0 180.0   5.0 450.0                            LAT/LON1/LON2/DLON/H
   52   57   44   40   42   39   41   40   40   40   40   42   42   43   43   45
   44   45   42   42   38   38   34   36   34   36   36   39   42   47   52   57
   64   72   83   90  101  110  123  132  145  156  170  181  192  198  203  206
  205  204  197  191  181  172  162  152  144  138  134  129  128  124  122  117
  114  108  105   95   91   78   74   57   52                                   
    60.0-180.0 180.0   5.0 450.0                            LAT/LON1/LON2/DLON/H
   63   61   48   45   43   40   41   39   39   37   38   38   40   41   43   44
   44   45   43   42   39   39   37   37   37   37   39   40   43   47   51   58
   65   76   86   96  107  118  130  141  152  165  180  191  205  210  217  216
  218  212  208  200  191  180  170  160  153  146  142  137  135  130  129  123
  122  114  111  102  100   85   79   68   63                                   
    57.5-180.0 180.0   5.0 450.0                            LAT/LON1/LON2/DLON/H
   70   70   58   51   49   43   42   38   36   34   34   36   37   39   41   42
   42   42   40   39   36   37   36   37   37   38   39   40   42   45   50   56
   65   75   87   97  112  122  136  146  159  172  188  202  213  222  227  228
  226  222  217  210  203  192  183  173  165  158  153  146  143  136  133  127
  123  116  114  107  104   93   86   72   70                                   
    55.0-180.0 180.0   5.0 450.0                            LAT/LON1/LON2/DLON/H
   84   78   66   61   55   50   46   41   38   35   35   35   35   36   38   38
   38   38   35   35   32   34   33   35   35   38   38   40   41   44   48   57
   64   79   90  105  117  133  142  156  165  181  197  211  224  234  239  240
  239  233  229  222  217  207  198  189  182  176  170  163  159  151  146  138
  134  126  124  117  116  104   99   90   84                                   
    52.5-180.0 180.0   5.0 450.0                            LAT/LON1/LON2/DLON/H
   98   93   81   73   68   58   53   46   42   38   35   35   34   36   35   36
   34   33   30   29   27   29   30   33   35   36   38   38   40   42   47   54
   65   78   93  107  123  135  148  158  172  187  205  220  234  245  249  251
  250  246  241  235  230  222  214  206  200  193  188  181  176  167  160  150
  143  134  131  124  121  115  111   99   98                                   
    50.0-180.0 180.0   5.0 450.0                            LAT/LON1/LON2/DLON/H
  112  101   93   86   78   68   61   55   49   44   40   38   37   36   35   34
   33   31   28   27   26   28   29   33   34   36   36   38   38   42   46   57
   67   85   97  116  128  144  151  166  175  194  211  227  244  255  260  263
  263  260  255  250  244  236  227  222  215  209  202  196  191  182  174  164
  156  146  143  134  135  125  123  115  112                                   
    47.5-180.0 180.0   5.0 450.0                            LAT/LON1/LON2/DLON/H
  123  115  109  101   92   80   74   65   58   52   47   45   40   40   37   37
   32   31   28   28   25   29   30   35   36   38   37   38   39   43   48   58
   70   87  103  119  134  145  158  168  182  199  218  236  251  264  271  274
  275  271  266  260  253  245  236  230  225  219  215  209  204  195  188  176
  168  157  153  143  141  133  134  123  123                                   
    45.0-180.0 180.0   5.0 450.0                            LAT/LON1/LON2/DLON/H
  128  115  114  107  101   88   82   73   66   61   55   52   48   46   44   42
   39   37   34   34   33   35   36   40   40   41   40   41   42   47   52   63
   76   94  108  128  138  155  162  177  187  207  223  242  259  273  280  284
  284  280  272  266  257  248  236  230  222  218  212  211  206  203  194  186
  177  168  162  153  149  137  139  131  128                                   
    42.5-180.0 180.0   5.0 450.0                            LAT/LON1/LON2/DLON/H
  128  117  114  111  106   96   89   80   74   68   63   60   56   55   51   51
   46   45   42   43   42   45   45   48   46   47   44   45   46   51   58   68
   83   98  115  130  145  155  168  179  195  212  230  250  265  279  289  292
  293  286  279  269  261  248  239  227  223  214  213  211  213  208  203  193
  188  176  169  155  149  136  138  129  128                                   
    40.0-180.0 180.0   5.0 450.0                            LAT/LON1/LON2/DLON/H
  119  107  106  102  102   93   89   81   78   72   68   67   65   64   62   60
   59   56   55   55   55   56   56   56   54   52   50   50   50   57   64   76
   91  107  121  138  149  164  173  189  202  221  238  257  272  287  297  303
  303  298  289  281  270  258  245  237  228  220  213  213  212  212  205  200
  193  186  176  163  153  135  132  126  119                                   
    37.5-180.0 180.0   5.0 450.0                            LAT/LON1/LON2/DLON/H
  111  100   95   93   92   87   86   81   78   74   73   73   72   74   73   73
   70   71   68   71   67   69   65   65   58   58   53   53   53   60   70   82
   97  111  127  140  155  167  180  194  210  229  245  265  279  295  306  313
  318  315  312  303  297  284  274  262  255  240  234  226  228  221  219  209
  205  192  185  165  155  133  130  116  111                                   
    35.0-180.0 180.0   5.0 450.0                            LAT/LON1/LON2/DLON/H
  102   89   81   77   78   74   76   73   72   72   71   76   77   82   82   84
   82   82   81   82   79   77   72   69   63   60   55   55   56   65   75   89
  103  119  130  147  159  175  186  203  217  237  254  270  287  303  317  326
  334  338  338  337  334  327  317  306  292  275  259  247  240  233  227  218
  212  202  191  177  161  140  128  118  102                                   
    32.5-180.0 180.0   5.0 450.0                            LAT/LON1/LON2/DLON/H
  101   90   76   68   67   64   68   67   68   69   72   77   82   87   91   93
   93   93   91   93   89   85   77   72   63   60   55   53   56   63   77   90
  107  119  135  147  163  176  191  208  225  244  261  280  297  315  331  344
  359  366  377  382  389  387  385  371  358  333  315  292  281  263  257  240
  232  216  205  184  174  146  138  116  101                                   
    30.0-180.0 180.0   5.0 450.0                            LAT/LON1/LON2/DLON/H
  109   95   76   65   63   61   62   63   62   65   66   76   81   90   93   97
   96   97   95   95   92   86   77   69   62   58   53   53   54   64   76   91
  107  123  137  152  167  184  197  215  234  253  272  289  311  330  352  370
  392  408  425  440  454  464  460  451  431  404  376  347  325  307  289  268
  253  234  217  205  190  165  149  132  109                                   
    27.5-180.0 180.0   5.0 450.0                            LAT/LON1/LON2/DLON/H
  126  113   90   76   69   65   64   62   63   62   69   75   85   91   99  100
  102   99   99   97   92   85   74   67   59   55   51   49   51   60   77   90
  109  124  140  152  168  185  203  223  242  264  284  303  326  350  375  402
  431  455  477  499  519  535  536  529  507  478  449  416  392  363  340  313
  289  261  241  226  213  182  170  150  126                                   
    25.0-180.0 180.0   5.0 450.0                            LAT/LON1/LON2/DLON/H
  152  138  112   95   85   77   72   69   66   67   66   76   80   92   93   98
   95   96   92   92   85   78   69   62   58   53   50   47   49   59   74   93
  110  129  142  162  175  198  214  236  256  278  299  321  346  374  406  439
  472  501  527  553  581  603  613  608  588  556  522  488  455  426  391  359
  327  295  269  254  239  212  195  181  152                                   
    22.5-180.0 180.0   5.0 450.0                            LAT/LON1/LON2/DLON/H
  184  174  149  130  117  101   94   85   82   76   78   79   87   91   97   96
   98   92   92   87   82   74   67   61   60   54   52   46   50   58   77   94
  115  136  156  173  190  207  228  249  271  292  313  337  368  396  435  466
  498  530  558  588  611  641  650  651  632  606  577  547  511  476  439  406
  368  333  303  286  272  245  227  213  184                                   
    20.0-180.0 180.0   5.0 450.0                            LAT/LON1/LON2/DLON/H
  211  208  187  168  154  134  124  111  102   96   88   89   86   91   88   93
   88   86   81   78   72   67   62   59   59   56   53   49   50   59   75   95
  117  145  163  189  202  226  243  267  288  307  331  358  390  423  458  488
  516  548  572  595  620  641  650  651  642  625  606  580  546  516  477  446
  402  371  335  321  308  281  262  253  211                                   
    17.5-180.0 180.0   5.0 450.0                            LAT/LON1/LON2/DLON/H
  256  256  230  209  190  171  157  142  131  120  113  104   99   93   93   89
   89   82   81   74   73   66   67   63   65   61   62   57   59   67   83  103
  127  153  178  201  222  243  263  282  303  323  349  376  410  438  470  493
  517  541  560  579  592  611  619  625  620  613  603  588  564  532  498  470
  432  400  370  352  339  318  305  286  256                                   
    15.0-180.0 180.0   5.0 450.0                            LAT/LON1/LON2/DLON/H
  289  291  268  246  227  206  184  170  152  144  131  123  111  103   91   87
   81   79   72   69   67   65   68   68   73   71   70   65   63   73   85  107
  129  162  181  211  232  261  278  301  320  343  370  399  429  458  482  503
  518  532  544  548  555  557  562  565  574  575  576  565  554  530  498  471
  443  425  392  383  364  347  331  318  289                                   
    12.5-180.0 180.0   5.0 450.0                            LAT/LON1/LON2/DLON/H
  321  323  300  282  264  240  218  204  180  168  149  138  125  112  105   90
   89   79   78   70   74   71   79   79   87   84   84   78   75   83   93  111
  135  162  188  214  246  272  295  315  337  362  385  413  442  468  489  501
  512  519  521  518  513  507  502  507  510  525  539  541  537  522  499  478
  453  438  418  402  391  370  358  334  321                                   
    10.0-180.0 180.0   5.0 450.0                            LAT/LON1/LON2/DLON/H
  332  329  309  295  281  263  241  226  205  188  165  151  132  120  104  100
   93   84   78   74   75   77   78   83   88   95   90   86   78   88   93  113
  134  165  184  221  246  279  300  327  350  376  399  425  453  478  496  506
  511  512  509  500  490  482  472  474  482  492  515  525  527  516  502  485
  462  446  424  411  400  381  363  351  332                                   
     7.5-180.0 180.0   5.0 450.0                            LAT/LON1/LON2/DLON/H
  351  337  321  307  295  281  269  254  235  216  189  171  145  127  113  102
  100   90   90   81   86   80   84   90  103  104   99   92   87   91  101  115
