data/unet/pred3640.15i
     1.0            IONOSPHERE MAPS     GNSS                IONEX VERSION / TYPE
pyspatialgeodesy        IME             05-JAN-18 20:20     PGM / RUN BY / DATE 
Map Name                                                    COMMENT             
Predicted global ionosphere maps (GIM).                     DESCRIPTION         
  2015    12    30     0     0     0                        EPOCH OF FIRST MAP  
  2015    12    31     0     0     0                        EPOCH OF LAST MAP   
  7200                                                      INTERVAL            
    13                                                      # OF MAPS IN FILE   
  NONE                                                      MAPPING FUNCTION    
10.0                                                        ELEVATION CUTOFF    
One-way carrier phase leveled to code                       OBSERVABLES USED    
  6371.0                                                    BASE RADIUS         
 2                                                          MAP DIMENSION       
   450.0 450.0   0.0                                        HGT1 / HGT2 / DHGT  
    87.5 -87.5  -2.5                                        LAT1 / LAT2 / DLAT  
  -180.0 180.0   5.0                                        LON1 / LON2 / DLON  
    -1                                                      EXPONENT            
                                                            END OF HEADER       
[from data line 2574]
     7                                                      START OF TEC MAP    
  2015    12    30    12     0     0                        EPOCH OF CURRENT MAP
    87.5-180.0 180.0   5.0 450.0                            LAT/LON1/LON2/DLON/H
   52   57   52   51   50   50   49   48   48   47   46   45   43   43   41   40
   39   39   38   37   37   37   37   37   36   37   36   37   36   38   36   38
   37   39   38   40   39   41   39   41   39   42   40   42   40   42   40   41
   39   40   39   40   39   40   39   40   40   40   41   40   42   41   43   42
   44   43   45   44   46   43   54   44   52                                   
    85.0-180.0 180.0   5.0 450.0                            LAT/LON1/LON2/DLON/H
   61   57   50   47   49   48   50   49   50   49   49   49   48   48   47   46
   45   44   43   41   41   40   40   38   39   38   39   38   39   38   39   38
   40   39   40   39   41   39   40   39   40   39   39   38   39   38   38   37
   38   37   38   37   39   38   40   39   42   41   43   42   45   43   46   44
   47   45   48   44   48   49   55   48   61                                   
    82.5-180.0 180.0   5.0 450.0                            LAT/LON1/LON2/DLON/H
   54   53   45   44   42   42   41   42   40   40   38   38   35   35   33   33
   30   31   29   30   28   30   28   30   27   30   27   31   27   31   28   32
   28   32   29   33   29   33   29   32   28   31   27   29   25   28   24   27
   23   27   23   27   24   29   26   31   28   33   31   36   32   38   35   39
   35   40   37   39   35   36   34   22   54                                   
    80.0-180.0 180.0   5.0 450.0                            LAT/LON1/LON2/DLON/H
   48   43   40   34   38   33   38   33   36   31   33   28   29   24   26   22
   24   21   24   21   24   22   26   23   26   24   26   24   26   25   28   26
   29   28   32   31   34   31   34   31   33   29   31   26   28   23   25   20
   23   18   22   18   22   19   23   21   24   23   27   25   27   26   28   27
   29   28   29   27   30   26   28   23   48                                   
    77.5-180.0 180.0   5.0 450.0                            LAT/LON1/LON2/DLON/H
   42   38   31   30   30   29   29   28   28   25   24   22   20   17   16   15
   15   15   18   17   19   19   21   21   21   22   22   22   22   23   24   25
   26   29   30   33   33   35   34   33   31   30   28   26   24   22   21   19
   17   16   16   15   16   16   17   18   18   19   20   21   21   22   22   22
   21   23   21   21   22   20   22   11   42                                   
    75.0-180.0 180.0   5.0 450.0                            LAT/LON1/LON2/DLON/H
   39   28   30   25   27   25   27   25   25   22   21   18   15   13   12   11
   11   11   14   13   18   17   21   18   22   19   22   19   22   21   27   25
   30   32   38   38   42   42   45   41   41   36   37   31   31   26   27   21
   22   18   21   17   19   17   19   18   18   18   20   18   19   17   19   16
   17   16   17   16   19   16   22   16   39                                   
    72.5-180.0 180.0   5.0 450.0                            LAT/LON1/LON2/DLON/H
   38   35   28   26   28   26   27   26   25   23   20   18   14   12   10    9
   10   11   13   15   17   20   22   23   23   24   23   23   24   24   27   29
   34   38   43   49   50   56   52   53   47   46   40   38   33   31   28   27
   24   24   23   22   21   20   20   19   20   19   20   19   20   18   19   17
   18   16   16   15   17   15   21   11   38                                   
    70.0-180.0 180.0   5.0 450.0                            LAT/LON1/LON2/DLON/H
   40   28   31   25   27   26   28   26   26   22   21   16   15   12   12   10
   11   11   14   15   21   22   26   25   29   26   29   25   28   27   32   32
   39   44   52   59   63   67   65   64   58   54   49   46   41   39   37   34
   33   31   31   27   27   25   25   22   22   21   22   21   22   21   21   20
   20   18   18   16   18   15   24   19   40                                   
    67.5-180.0 180.0   5.0 450.0                            LAT/LON1/LON2/DLON/H
   39   35   30   26   28   25   27   26   26   22   22   18   18   12   13    9
   11   10   14   14   21   22   28   27   32   29   32   28   30   29   33   36
   43   53   60   70   75   80   77   76   68   64   55   50   44   43   40   39
   37   36   34   31   28   25   24   21   20   19   21   21   23   22   24   22
   23   21   21   18   20   17   24   16   39                                   
    65.0-180.0 180.0   5.0 450.0                            LAT/LON1/LON2/DLON/H
   40   29   31   24   27   25   27   26   26   24   24   22   18   16   13   11
    8    8   11   12   17   20   25   29   31   33   33   33   32   34   36   42
   48   60   69   80   85   91   89   88   78   75   65   62   52   53   46   47
   42   43   37   35   29   27   23   21   19   20   22   23   25   25   28   26
   27   25   25   23   24   20   27   23   40                                   
    62.5-180.0 180.0   5.0 450.0                            LAT/LON1/LON2/DLON/H
   40   34   27   23   23   22   23   24   25   24   25   23   22   18   16   11
   10    7   10   11   16   19   24   28   31   32   34   35   34   37   40   48
   55   66   76   87   92   97   94   94   84   80   71   67   60   58   53   52
   48   46   40   36   30   26   21   19   18   18   20   22   26   26   29   28
   29   28   27   26   26   22   28   21   40                                   
    60.0-180.0 180.0   5.0 450.0                            LAT/LON1/LON2/DLON/H
   40   27   26   19   20   20   21   22   22   23   23   23   21   18   14   11
    7    5    5    6   10   14   19   25   27   32   34   39   41   46   50   58
   64   74   84   94   98  102  100   99   90   88   79   78   68   69   59   60
   50   50   40   37   29   25   21   19   19   20   22   24   28   29   32   30
   32   30   31   30   31   26   30   25   40                                   
    57.5-180.0 180.0   5.0 450.0                            LAT/LON1/LON2/DLON/H
   43   33   24   19   17   16   16   18   19   20   22   22   22   19   16   12
   10    6    8    7   11   12   19   23   29   32   38   45   50   57   62   71
   76   87   92  101  102  106  103  103   97   94   89   86   82   77   72   67
   60   54   47   42   34   29   25   24   23   24   26   28   32   32   34   33
   34   33   32   32   32   29   32   25   43                                   
    55.0-180.0 180.0   5.0 450.0                            LAT/LON1/LON2/DLON/H
   44   32   29   21   19   17   17   17   17   18   18   21   19   18   15   11
    9    5    5    4    6    9   14   20   25   34   42   53   61   70   76   85
   91   99  102  108  108  111  109  108  103  105   99  100   93   92   81   78
   65   61   49   44   36   34   30   29   29   31   33   34   37   36   39   35
   37   34   37   36   38   34   37   32   44                                   
    52.5-180.0 180.0   5.0 450.0                            LAT/LON1/LON2/DLON/H
   49   43   33   28   24   22   19   20   19   19   21   22   22   21   18   16
   13   10   10    9   10   13   17   22   30   37   48   61   71   84   91  102
  105  111  111  114  113  115  113  115  114  116  114  113  109  104   96   89
   78   70   60   54   48   44   42   40   40   40   43   43   46   43   44   41
   41   39   39   39   42   38   42   39   49                                   
    50.0-180.0 180.0   5.0 450.0                            LAT/LON1/LON2/DLON/H
   55   49   45   38   37   33   31   27   24   24   23   25   24   23   21   18
   16   13   13   12   13   15   20   25   32   43   55   69   82   95  104  113
  116  119  118  119  118  119  119  123  124  128  125  128  122  120  108  101
   88   80   69   63   57   54   52   51   52   51   53   52   54   51   52   47
   47   43   45   45   47   45   49   50   55                                   
    47.5-180.0 180.0   5.0 450.0                            LAT/LON1/LON2/DLON/H
   63   64   54   52   47   45   40   39   33   31   31   31   31   29   27   25
   22   21   21   22   23   25   29   34   41   51   63   78   90  104  112  120
  121  123  120  121  120  123  125  130  134  138  138  139  134  130  121  110
   99   88   80   72   68   64   63   61   61   60   62   60   63   59   60   55
   54   51   50   49   52   49   55   60   63                                   
    45.0-180.0 180.0   5.0 450.0                            LAT/LON1/LON2/DLON/H
   69   71   67   63   64   59   58   51   46   42   40   41   40   38   35   32
   30   29   30   30   32   34   38   43   50   61   71   85   96  107  115  121
  121  124  122  125  125  130  131  139  141  148  146  149  142  141  128  120
  106   97   88   82   75   72   70   67   67   65   66   65   67   64   65   61
   61   56   57   54   56   53   60   69   69                                   
    42.5-180.0 180.0   5.0 450.0                            LAT/LON1/LON2/DLON/H
   71   78   73   73   71   69   66   63   56   53   52   52   51   48   45   41
   39   38   40   41   43   45   50   56   63   73   81   92   99  108  111  117
  116  121  120  126  127  132  136  140  147  150  153  150  147  143  135  123
  113  102   95   87   81   76   74   70   69   67   68   67   70   68   71   67
   67   62   62   56   59   53   62   73   71                                   
    40.0-180.0 180.0   5.0 450.0                            LAT/LON1/LON2/DLON/H
   70   77   79   76   81   77   78   71   68   64   64   65   63   60   57   50
   50   46   49   49   53   56   63   71   79   87   93   99  104  107  109  113
  115  122  126  134  138  144  146  152  155  160  158  158  152  150  139  131
  120  111  101   94   87   81   76   69   68   64   66   65   68   68   71   69
   69   64   63   58   57   54   61   72   70                                   
    37.5-180.0 180.0   5.0 450.0                            LAT/LON1/LON2/DLON/H
   66   74   73   78   79   80   78   75   71   70   71   74   73   71   67   61
   58   55   57   59   62   67   76   87   93  101  103  108  107  107  105  110
  114  126  134  146  151  155  158  159  163  163  164  160  157  153  146  138
  130  120  112  102   94   85   80   72   68   66   65   66   69   69   74   72
   73   66   65   56   57   49   58   66   66                                   
    35.0-180.0 180.0   5.0 450.0                            LAT/LON1/LON2/DLON/H
   59   66   71   71   79   78   80   75   74   73   77   80   82   79   78   70
   69   63   67   66   73   78   90  101  108  113  115  115  113  110  109  115
  123  140  152  167  173  177  175  176  174  176  172  172  165  165  158  154
  145  138  128  117  106   97   87   76   70   67   66   67   68   71   73   72
   71   66   62   54   52   49   54   58   59                                   
    32.5-180.0 180.0   5.0 450.0                            LAT/LON1/LON2/DLON/H
   53   57   59   65   68   71   71   72   69   72   75   82   84   84   82   77
   73   70   72   73   79   88  100  113  119  124  124  124  119  116  115  127
  138  160  174  190  195  197  195  192  191  187  187  183  182  179  177  173
  168  161  152  140  128  116  105   93   83   77   74   74   74   74   77   75
   74   68   64   53   51   43   49   53   53                                   
    30.0-180.0 180.0   5.0 450.0                            LAT/LON1/LON2/DLON/H
   52   52   54   55   64   65   69   65   67   67   74   77   83   82   84   78
   77   73   77   77   86   96  111  123  129  132  133  132  130  131  134  149
  165  190  208  226  232  230  223  218  214  213  209  209  205  207  205  206
  201  198  189  177  163  147  134  120  106   97   90   87   84   82   83   80
   77   69   62   52   47   46   47   42   52                                   
    27.5-180.0 180.0   5.0 450.0                            LAT/LON1/LON2/DLON/H
   55   51   47   52   54   57   58   62   59   64   66   75   76   80   80   79
   77   76   77   80   89  102  116  129  133  137  138  141  143  149  157  174
  192  221  244  265  268  264  254  247  244  238  239  236  240  237  238  235
  234  232  228  219  208  191  174  155  140  127  118  111  105  101   96   90
   84   75   68   56   52   45   48   45   55                                   
    25.0-180.0 180.0   5.0 450.0                            LAT/LON1/LON2/DLON/H
   65   55   51   50   56   54   59   56   60   58   64   64   70   69   74   71
   73   72   77   80   93  107  123  134  138  141  145  154  160  172  183  200
  225  255  284  300  302  295  283  278  271  273  271  276  275  277  274  275
  272  273  269  263  254  240  222  203  183  166  150  137  127  118  112  104
   95   85   74   66   56   56   54   42   65                                   
    22.5-180.0 180.0   5.0 450.0                            LAT/LON1/LON2/DLON/H
   77   66   59   62   59   57   56   57   56   59   57   62   61   65   64   67
   67   70   73   82   93  113  125  137  140  145  152  162  176  188  203  223
  253  285  312  328  330  321  312  307  307  307  308  308  308  309  309  311
  311  315  313  310  299  288  269  251  232  208  190  171  156  142  131  123
  113   98   89   76   74   63   63   55   77                                   
    20.0-180.0 180.0   5.0 450.0                            LAT/LON1/LON2/DLON/H
   92   74   72   68   70   61   64   57   61   54   57   51   55   53   59   58
   64   65   74   83   99  118  132  141  144  151  159  175  189  206  223  244
  278  308  334  347  351  341  335  334  332  338  334  341  335  341  338  347
  346  356  353  353  343  332  312  296  271  246  219  196  179  164  152  143
  132  117  102   93   81   82   79   60   92                                   
    17.5-180.0 180.0   5.0 450.0                            LAT/LON1/LON2/DLON/H
   98   87   82   84   75   68   63   62   58   57   54   54   53   54   56   58
   61   66   73   85  101  123  135  147  150  158  169  183  204  217  238  259
  294  323  348  359  363  356  357  355  361  360  362  361  360  360  361  365
  368  378  380  381  372  361  344  324  303  276  247  221  200  183  173  160
  151  135  122  107  101   90   85   74   98                                   
    15.0-180.0 180.0   5.0 450.0                            LAT/LON1/LON2/DLON/H
   99   87   85   83   82   72   72   62   65   55   56   50   53   50   55   54
   61   65   75   90  108  131  145  156  160  170  181  199  217  234  255  277
  307  332  354  363  368  365  370  372  376  381  379  383  377  380  374  381
  382  393  393  393  382  372  353  337  312  290  257  233  213  198  185  177
  164  150  133  122  106  103  102   82   99                                   
    12.5-180.0 180.0   5.0 450.0                            LAT/LON1/LON2/DLON/H
   95   96   93   94   85   78   72   69   64   59   57   55   57   56   61   60
   65   68   79   93  117  139  156  165  170  181  195  213  230  246  265  287
  313  333  353  358  369  371  384  388  399  400  403  398  396  389  384  384
  386  395  394  393  383  372  353  334  310  288  260  237  222  208  197  187
  177  158  144  127  114  103  100   87   95                                   
    10.0-180.0 180.0   5.0 450.0                            LAT/LON1/LON2/DLON/H
   92   89   87   88   85   77   74   69   71   63   65   61   65   65   69   68
   72   76   87  106  123  152  167  178  185  197  213  230  245  263  279  298
  318  333  347  355  366  376  393  402  414  420  417  415  409  400  393  390
  389  394  390  386  376  363  343  325  302  284  259  240  225  215  204  197
  184  168  150  137  121  113  110   94   92                                   
     7.5-180.0 180.0   5.0 450.0                            LAT/LON1/LON2/DLON/H
   87   90   87   85   83   78   74   73   71   69   67   66   69   69   74   73
   78   81   94  111  136  160  179  191  200  215  229  246  258  276  287  302
