data/unet/pred2740.15i
     1.0            IONOSPHERE MAPS     GNSS                IONEX VERSION / TYPE
pyspatialgeodesy        IME             05-JAN-18 20:20     PGM / RUN BY / DATE 
Map Name                                                    COMMENT             
Predicted global ionosphere maps (GIM).                     DESCRIPTION         
  2015    10     1     0     0     0                        EPOCH OF FIRST MAP  
  2015    10     2     0     0     0                        EPOCH OF LAST MAP   
  7200                                                      INTERVAL            
    13                                                      # OF MAPS IN FILE   
  NONE                                                      MAPPING FUNCTION    
10.0                                                        ELEVATION CUTOFF    
One-way carrier phase leveled to code                       OBSERVABLES USED    
  6371.0                                                    BASE RADIUS         
 2                                                          MAP DIMENSION       
   450.0 450.0   0.0                                        HGT1 / HGT2 / DHGT  
    87.5 -87.5  -2.5                                        LAT1 / LAT2 / DLAT  
  -180.0 180.0   5.0                                        LON1 / LON2 / DLON  
    -1                                                      EXPONENT            
                                                            END OF HEADER       
[from data line 3861]
    10                                                      START OF TEC MAP    
  2015    10     1    18     0     0                        EPOCH OF CURRENT MAP
    87.5-180.0 180.0   5.0 450.0                            LAT/LON1/LON2/DLON/H
  183  155  155  159  157  158  158  160  161  164  164  167  168  170  170  171
  172  172  172  172  171  170  169  167  165  163  161  159  157  155  154  151
  151  147  147  143  144  140  141  136  138  134  136  133  135  132  134  132
  135  133  136  134  138  136  139  138  141  140  142  141  144  144  146  145
  148  148  150  149  152  153  162  159  183                                   
    85.0-180.0 180.0   5.0 450.0                            LAT/LON1/LON2/DLON/H
  140  142  146  154  152  156  155  160  160  165  165  170  170  174  174  176
  176  177  177  177  175  175  172  171  168  167  162  161  157  155  151  149
  146  144  140  138  135  133  129  128  125  125  122  122  121  122  121  122
  122  125  124  127  127  130  129  133  131  135  132  136  134  138  135  139
  137  141  139  142  143  140  149  150  140                                   
    82.5-180.0 180.0   5.0 450.0                            LAT/LON1/LON2/DLON/H
  123  125  132  135  138  140  143  147  151  155  159  164  167  171  173  177
  177  181  179  182  180  181  177  177  171  170  164  162  156  154  148  145
  140  137  132  129  123  120  115  113  110  108  106  105  104  104  105  105
  108  108  111  111  115  115  118  117  121  119  121  119  122  120  122  120
  123  122  123  122  125  117  122  121  123                                   
    80.0-180.0 180.0   5.0 450.0                            LAT/LON1/LON2/DLON/H
  101  107  110  116  120  123  128  134  140  145  151  157  163  167  172  175
  179  180  183  182  185  181  182  176  176  170  167  161  155  151  143  139
  132  129  121  118  111  108  101   99   92   92   87   88   85   86   85   87
   87   91   91   95   96  100  100  103  103  105  104  104  105  104  105  103
  105  103  103  103  102   97  101  100  101                                   
    77.5-180.0 180.0   5.0 450.0                            LAT/LON1/LON2/DLON/H
   77   84   89   94   99  105  110  118  125  133  140  149  155  162  167  173
  175  179  181  184  183  184  182  181  177  173  169  163  156  150  143  137
  130  125  119  114  107  102   96   91   85   82   79   77   75   75   75   76
   78   79   81   83   86   86   89   88   91   89   91   88   90   87   88   85
   86   84   83   81   80   75   78   80   77                                   
    75.0-180.0 180.0   5.0 450.0                            LAT/LON1/LON2/DLON/H
   64   70   74   82   86   94  101  112  119  130  137  147  153  161  166  172
  175  179  182  184  186  186  185  183  181  176  173  167  160  154  145  141
  133  129  122  117  110  104   98   92   86   82   77   75   72   72   71   73
   72   75   74   77   76   79   77   79   77   78   75   77   74   75   71   72
   69   69   66   67   64   61   66   69   64                                   
    72.5-180.0 180.0   5.0 450.0                            LAT/LON1/LON2/DLON/H
   60   63   69   76   83   90   99  109  118  128  138  147  155  162  169  174
  179  183  185  187  188  190  187  188  183  181  175  171  165  158  151  145
  139  134  128  124  117  111  104   98   91   86   81   78   75   74   73   73
   73   73   74   73   73   72   72   70   69   67   66   63   64   61   62   58
   58   55   55   55   53   50   57   58   60                                   
    70.0-180.0 180.0   5.0 450.0                            LAT/LON1/LON2/DLON/H
   61   63   71   78   85   94  102  114  123  135  143  153  161  169  174  180
  183  187  189  191  193  194  194  191  188  183  179  173  168  161  154  149
  142  138  133  129  123  117  111  104   98   92   86   83   78   77   74   74
   72   73   71   71   68   67   64   62   60   59   55   55   53   54   51   52
   50   52   49   50   48   45   53   57   61                                   
    67.5-180.0 180.0   5.0 450.0                            LAT/LON1/LON2/DLON/H
   65   68   77   85   94  103  112  122  131  142  152  160  168  174  180  184
  188  190  193  195  196  197  195  193  188  185  180  175  169  162  156  150
  146  141  137  133  128  122  116  109  103   96   90   85   81   77   75   74
   72   70   68   66   62   60   56   54   51   50   49   48   48   47   48   47
   46   47   45   47   46   44   52   55   65                                   
    65.0-180.0 180.0   5.0 450.0                            LAT/LON1/LON2/DLON/H
   69   74   83   95  104  114  123  133  142  153  162  169  176  181  186  189
  193  196  199  199  202  201  199  196  191  186  180  174  169  162  157  153
  146  144  139  136  131  125  119  112  104   98   92   87   81   78   75   72
   69   67   63   61   56   53   49   47   45   45   43   44   43   46   44   46
   44   46   43   45   42   43   52   56   69                                   
    62.5-180.0 180.0   5.0 450.0                            LAT/LON1/LON2/DLON/H
   71   76   88  101  111  122  130  139  148  158  166  173  179  184  188  192
  195  198  200  201  202  202  199  197  192  187  180  175  169  163  159  154
  150  144  141  136  132  125  120  113  106   99   92   87   82   77   74   71
   67   64   59   55   50   47   43   42   40   41   40   41   43   44   44   45
   44   44   42   43   43   43   51   53   71                                   
    60.0-180.0 180.0   5.0 450.0                            LAT/LON1/LON2/DLON/H
   71   79   91  108  116  129  137  146  154  162  169  176  182  186  190  192
  196  197  200  200  203  202  201  197  191  186  179  174  170  165  162  158
  152  148  142  139  132  127  119  113  106  100   94   89   84   79   75   70
   66   61   56   51   47   43   41   40   41   41   42   43   45   47   47   47
   45   45   42   42   40   40   51   51   71                                   
    57.5-180.0 180.0   5.0 450.0                            LAT/LON1/LON2/DLON/H
   70   79   92  107  119  131  139  148  155  163  169  175  181  185  188  191
  194  195  198  200  202  202  200  197  191  186  179  177  173  171  169  164
  160  153  148  141  134  127  120  114  107  103   97   93   88   84   79   74
   68   63   57   52   47   44   42   43   44   46   47   49   50   52   51   51
   48   48   44   44   43   42   49   48   70                                   
    55.0-180.0 180.0   5.0 450.0                            LAT/LON1/LON2/DLON/H
   72   83   95  114  124  138  146  154  161  168  173  179  183  185  188  189
  194  193  198  197  201  200  199  195  191  186  183  181  180  179  179  175
  170  164  155  147  139  132  124  119  113  109  105  102   97   93   87   81
   75   68   63   57   53   50   50   50   54   55   59   59   60   61   59   59
   55   54   50   48   46   45   53   50   72                                   
    52.5-180.0 180.0   5.0 450.0                            LAT/LON1/LON2/DLON/H
   76   87   99  117  131  144  153  162  167  174  178  181  185  188  190  193
  194  197  198  201  202  203  200  198  193  191  187  189  191  193  194  190
  184  174  165  155  145  138  131  126  120  118  115  114  110  106  101   94
   87   81   75   69   65   63   62   64   66   69   71   73   72   73   69   69
   65   64   60   60   56   54   60   59   76                                   
    50.0-180.0 180.0   5.0 450.0                            LAT/LON1/LON2/DLON/H
   86   99  109  130  141  157  165  175  181  187  188  191  192  194  195  197
  200  201  203  203  205  204  203  200  197  195  194  197  201  205  207  203
  197  185  175  164  154  146  141  135  132  130  129  127  125  120  115  108
  102   95   90   84   81   77   78   78   83   84   87   88   88   87   85   84
   80   81   77   76   70   65   74   74   86                                   
    47.5-180.0 180.0   5.0 450.0                            LAT/LON1/LON2/DLON/H
   97  109  121  140  153  168  178  187  193  198  200  200  202  204  205  208
  209  211  210  211  210  211  208  206  201  200  200  205  210  214  216  210
  202  189  179  168  160  154  149  145  141  141  140  140  137  132  126  120
  114  109  104  100   95   94   92   95   97  100  101  103  100  102   98   98
   95   95   93   92   87   81   88   94   97                                   
    45.0-180.0 180.0   5.0 450.0                            LAT/LON1/LON2/DLON/H
  109  123  133  155  166  184  193  203  209  215  215  215  215  216  218  220
  221  221  220  220  219  218  216  212  208  205  206  209  215  217  218  210
  203  190  181  172  166  161  157  151  150  147  149  146  145  140  135  127
  123  118  115  111  108  105  105  105  110  110  113  113  113  114  113  113
  111  112  111  110  106  101  105  106  109                                   
    42.5-180.0 180.0   5.0 450.0                            LAT/LON1/LON2/DLON/H
  117  130  142  161  175  191  203  213  220  225  227  228  229  232  233  236
  235  236  232  232  230  229  224  221  214  212  211  213  217  215  214  206
  198  186  180  173  170  166  162  157  153  151  151  150  147  143  137  131
  126  125  121  119  114  113  112  115  117  120  121  123  121  125  123  125
  123  124  123  123  119  113  116  122  117                                   
    40.0-180.0 180.0   5.0 450.0                            LAT/LON1/LON2/DLON/H
  121  136  146  169  180  198  210  222  230  237  239  241  243  244  248  248
  249  247  246  245  243  240  236  230  223  219  216  216  216  214  209  202
  194  187  183  180  179  175  172  164  159  154  154  149  148  141  137  129
  126  123  122  117  115  112  114  116  121  122  126  128  130  133  134  135
  133  134  132  132  127  123  123  125  121                                   
    37.5-180.0 180.0   5.0 450.0                            LAT/LON1/LON2/DLON/H
  119  133  146  164  180  196  211  224  234  243  248  253  255  260  261  263
  262  262  259  258  255  252  246  239  231  226  222  219  218  213  211  202
  199  194  196  194  194  189  181  172  164  157  154  151  148  142  135  129
  125  123  120  118  114  112  112  116  119  125  127  133  133  139  137  140
  136  135  132  131  127  121  123  127  119                                   
    35.0-180.0 180.0   5.0 450.0                            LAT/LON1/LON2/DLON/H
  115  130  144  164  176  195  209  225  238  249  257  263  268  270  274  272
  273  270  270  269  268  263  258  248  242  234  232  229  229  224  221  218
  219  219  224  222  220  210  201  187  177  168  164  158  154  145  139  130
  126  121  119  115  112  111  112  114  120  122  128  132  137  141  142  142
  137  135  131  129  123  118  118  119  115                                   
    32.5-180.0 180.0   5.0 450.0                            LAT/LON1/LON2/DLON/H
  109  122  140  157  173  187  206  221  239  251  263  273  279  286  285  286
  284  284  282  282  279  274  266  257  250  247  245  246  248  246  248  252
  259  265  267  263  252  237  221  208  194  185  177  173  167  159  150  141
  134  128  124  119  116  116  117  120  123  128  131  137  136  145  141  143
  135  132  124  121  115  108  110  116  109                                   
    30.0-180.0 180.0   5.0 450.0                            LAT/LON1/LON2/DLON/H
  109  119  139  158  170  188  204  225  243  259  271  282  291  295  298  296
  295  293  294  291  290  281  274  263  260  258  265  271  280  285  294  304
  315  321  323  309  293  268  250  232  220  208  202  194  190  178  170  160
  153  143  136  129  127  127  130  132  136  137  142  142  147  146  144  143
  135  130  123  118  108  104  104  108  109                                   
    27.5-180.0 180.0   5.0 450.0                            LAT/LON1/LON2/DLON/H
  112  120  141  159  173  191  208  228  247  263  278  291  301  309  309  312
  308  308  307  305  300  291  280  272  269  274  285  299  313  328  343  358
  370  377  372  355  328  303  276  257  242  234  227  221  213  203  192  182
  173  165  153  143  135  133  135  142  150  153  153  156  152  156  148  145
  133  128  118  113  105   98  101  108  112                                   
    25.0-180.0 180.0   5.0 450.0                            LAT/LON1/LON2/DLON/H
  122  130  150  169  180  198  212  236  254  274  288  303  314  321  325  323
  324  321  322  316  312  300  289  282  283  296  313  338  360  385  405  426
  437  440  430  403  368  332  306  282  268  259  254  248  238  229  219  211
  198  185  167  158  153  156  158  160  161  165  167  170  169  163  157  150
  139  131  122  115  105  100  101  105  122                                   
    22.5-180.0 180.0   5.0 450.0                            LAT/LON1/LON2/DLON/H
  132  139  159  180  192  207  221  241  258  276  291  307  321  332  336  342
  343  345  343  339  327  316  301  298  302  319  343  374  407  437  464  485
  496  491  472  440  399  359  325  304  286  276  270  264  254  245  236  227
  208  200  183  179  176  182  184  186  181  180  176  178  174  177  165  156
  144  134  124  117  108  104  105  115  132                                   
    20.0-180.0 180.0   5.0 450.0                            LAT/LON1/LON2/DLON/H
  142  151  172  192  201  218  228  249  262  283  296  314  331  345  353  359
  364  363  365  354  345  332  322  320  329  350  381  421  457  486  509  526
  534  520  498  463  422  376  339  314  297  287  276  273  259  255  237  232
  217  213  203  201  202  207  209  208  202  200  192  189  182  179  173  162
  150  140  131  124  113  108  107  115  142                                   
    17.5-180.0 180.0   5.0 450.0                            LAT/LON1/LON2/DLON/H
  142  157  179  198  211  225  239  254  269  284  299  317  338  351  366  371
  383  390  394  388  373  361  349  350  363  387  425  465  499  522  541  551
  554  537  508  471  429  384  343  316  291  280  262  259  244  240  225  227
  218  223  217  220  219  222  222  219  212  208  203  198  189  184  173  164
  151  139  130  123  114  107  109  122  142                                   
    15.0-180.0 180.0   5.0 450.0                            LAT/LON1/LON2/DLON/H
  140  157  180  201  213  232  246  266  276  296  305  328  347  368  381  396
  406  419  421  419  408  397  391  394  410  437  473  507  530  544  554  556
  552  529  503  467  428  385  344  311  280  265  243  238  221  219  210  215
  220  226  228  231  231  230  226  220  213  210  205  204  193  188  175  166
  152  140  132  122  110  106  103  112  140                                   
    12.5-180.0 180.0   5.0 450.0                            LAT/LON1/LON2/DLON/H
  128  152  174  199  214  234  252  272  288  303  321  343  368  385  404  420
  439  452  459  456  454  443  441  445  461  483  513  535  549  554  557  548
  536  513  489  451  416  376  339  304  265  246  220  210  192  193  191  207
  218  230  232  237  234  233  226  217  210  206  205  203  195  188  174  161
  146  135  124  115  106   98   99  104  128                                   
    10.0-180.0 180.0   5.0 450.0                            LAT/LON1/LON2/DLON/H
  118  140  165  188  208  233  253  280  296  319  338  365  386  411  426  454
  470  492  496  499  495  495  496  503  511  527  542  556  557  555  546  533
  512  492  468  440  409  378  343  307  266  239  211  195  177  180  186  207
  219  230  235  238  235  230  218  209  199  197  194  194  187  179  165  154
  141  129  121  113   99   95   91   85  118                                   
     7.5-180.0 180.0   5.0 450.0                            LAT/LON1/LON2/DLON/H
  100  126  153  179  206  234  261  287  312  334  363  386  411  432  450  476
  495  519  529  538  539  540  545  546  551  557  561  560  554  544  530  509
