data/unet/pred0950.15i
     1.0            IONOSPHERE MAPS     GNSS                IONEX VERSION / TYPE
pyspatialgeodesy        IME             05-JAN-18 20:20     PGM / RUN BY / DATE 
Map Name                                                    COMMENT             
Predicted global ionosphere maps (GIM).                     DESCRIPTION         
  2015     4     5     0     0     0                        EPOCH OF FIRST MAP  
  2015     4     6     0     0     0                        EPOCH OF LAST MAP   
  7200                                                      INTERVAL            
    13                                                      # OF MAPS IN FILE   
  NONE                                                      MAPPING FUNCTION    
10.0                                                        ELEVATION CUTOFF    
One-way carrier phase leveled to code                       OBSERVABLES USED    
  6371.0                                                    BASE RADIUS         
 2                                                          MAP DIMENSION       
   450.0 450.0   0.0                                        HGT1 / HGT2 / DHGT  
    87.5 -87.5  -2.5                                        LAT1 / LAT2 / DLAT  
  -180.0 180.0   5.0                                        LON1 / LON2 / DLON  
    -1                                                      EXPONENT            
                                                            END OF HEADER       
[from data line 1287]
     4                                                      START OF TEC MAP    
  2015     4     5     6     0     0                        EPOCH OF CURRENT MAP
    87.5-180.0 180.0   5.0 450.0                            LAT/LON1/LON2/DLON/H
  163  186  178  180  182  180  183  182  185  183  185  183  185  183  184  182
  184  180  182  179  181  178  181  177  181  177  181  177  180  178  180  178
  180  178  181  179  181  179  183  181  185  183  187  185  188  186  189  187
  189  187  190  188  190  189  190  189  189  188  188  186  186  182  182  179
  180  177  178  176  179  173  191  171  163                                   
    85.0-180.0 180.0   5.0 450.0                            LAT/LON1/LON2/DLON/H
  178  180  172  180  178  177  177  179  179  180  180  180  180  180  180  179
  179  178  176  176  173  173  170  170  167  167  165  165  163  162  162  162
  162  162  165  164  167  167  170  170  173  174  177  178  179  180  182  182
  182  183  185  185  186  186  189  188  190  189  189  188  188  187  185  183
  183  181  181  180  179  172  180  185  178                                   
    82.5-180.0 180.0   5.0 450.0                            LAT/LON1/LON2/DLON/H
  180  176  171  177  174  174  173  176  175  177  176  179  178  180  179  180
  178  177  174  172  169  166  163  159  157  154  154  151  152  150  152  151
  153  154  158  158  163  162  168  166  172  170  177  173  178  175  181  178
  183  181  187  185  190  189  193  193  197  195  197  194  196  193  192  189
  190  187  186  185  182  179  177  172  180                                   
    80.0-180.0 180.0   5.0 450.0                            LAT/LON1/LON2/DLON/H
  187  182  175  172  169  167  166  168  167  169  169  171  171  173  172  172
  170  168  164  161  156  152  148  143  139  136  133  133  130  133  132  136
  138  144  146  154  155  163  166  172  174  181  186  189  191  194  198  199
  202  203  208  208  212  213  217  217  222  220  223  219  222  216  217  211
  212  206  205  198  197  190  183  181  187                                   
    77.5-180.0 180.0   5.0 450.0                            LAT/LON1/LON2/DLON/H
  193  188  177  172  169  165  164  162  163  164  165  167  169  170  170  168
  167  162  159  152  148  140  136  129  126  121  119  118  118  121  122  129
  130  139  142  155  158  168  171  182  184  195  199  207  208  214  217  223
  224  229  230  235  235  238  240  243  246  247  249  248  248  244  242  238
  236  231  229  223  219  208  198  188  193                                   
    75.0-180.0 180.0   5.0 450.0                            LAT/LON1/LON2/DLON/H
  204  198  183  175  168  163  158  157  153  155  154  157  157  160  158  159
  155  152  146  141  132  129  120  118  108  108  102  105  101  109  109  119
  122  132  137  150  155  166  170  182  188  200  207  217  222  228  235  240
  244  247  251  253  256  258  262  264  267  267  269  268  268  264  261  257
  255  251  248  241  237  230  216  207  204                                   
    72.5-180.0 180.0   5.0 450.0                            LAT/LON1/LON2/DLON/H
  214  207  191  179  169  160  154  149  146  145  145  147  148  149  150  151
  149  146  140  135  127  121  113  107  101   97   94   93   93   98  101  111
  117  128  135  148  154  167  172  187  192  208  217  234  240  251  256  264
  266  272  274  277  278  280  281  284  286  287  287  285  285  280  277  272
  270  266  264  258  253  245  228  215  214                                   
    70.0-180.0 180.0   5.0 450.0                            LAT/LON1/LON2/DLON/H
  223  213  197  182  169  160  151  145  140  139  138  139  140  142  143  144
  143  141  137  133  126  122  113  109  100   98   92   94   90   96   96  106
  112  121  129  141  150  161  171  183  195  209  224  241  252  263  272  280
  286  290  294  296  296  296  296  295  295  292  291  286  286  280  277  272
  270  266  266  260  258  252  241  229  223                                   
    67.5-180.0 180.0   5.0 450.0                            LAT/LON1/LON2/DLON/H
  224  216  201  184  171  160  150  143  138  135  134  135  135  135  135  135
  134  133  130  126  122  117  112  106  101   95   93   90   90   90   93   98
  104  112  121  133  140  152  162  176  189  209  227  245  260  273  284  294
  303  307  312  311  311  307  306  302  299  295  292  287  284  278  273  268
  264  262  262  259  256  250  237  229  224                                   
    65.0-180.0 180.0   5.0 450.0                            LAT/LON1/LON2/DLON/H
  224  216  202  187  172  163  150  144  137  134  134  133  133  133  132  132
  132  130  128  124  122  118  114  110  104  100   94   94   87   89   86   91
   94  101  109  120  131  142  155  169  186  208  229  250  264  279  291  305
  313  322  325  326  321  316  308  304  299  293  287  280  275  267  259  252
  245  244  244  244  241  242  237  232  224                                   
    62.5-180.0 180.0   5.0 450.0                            LAT/LON1/LON2/DLON/H
  219  214  201  186  174  162  150  143  137  133  132  131  130  127  125  123
  124  121  121  118  117  113  111  106  103   96   95   88   88   82   84   82
   88   92  102  114  127  140  151  167  184  207  230  251  268  284  298  312
  324  333  339  339  334  327  317  310  304  297  290  282  275  265  255  245
  236  231  231  228  228  229  224  226  219                                   
    60.0-180.0 180.0   5.0 450.0                            LAT/LON1/LON2/DLON/H
  217  213  204  190  176  166  152  145  135  131  129  128  127  125  123  122
  121  119  118  114  114  110  108  104  101   96   93   87   82   78   73   74
   76   81   89  103  114  131  142  160  177  205  228  254  272  292  307  325
  336  348  350  353  345  340  327  320  313  305  296  287  280  269  257  245
  233  225  222  217  213  217  219  225  217                                   
    57.5-180.0 180.0   5.0 450.0                            LAT/LON1/LON2/DLON/H
  220  214  208  195  184  171  158  145  136  129  127  123  123  119  118  114
  115  111  111  107  108  103  104   98   99   92   92   84   84   75   75   69
   77   77   90  100  118  133  147  163  182  204  233  258  280  299  317  331
  346  355  364  364  361  353  343  336  330  321  313  306  297  289  275  261
  247  237  231  223  218  218  216  225  220                                   
    55.0-180.0 180.0   5.0 450.0                            LAT/LON1/LON2/DLON/H
  231  224  221  208  192  181  166  151  137  129  123  121  119  118  115  114
  112  111  108  105  105  101  101   97   97   92   91   85   80   73   69   65
   68   72   83   96  114  135  149  166  184  209  237  265  287  309  327  346
  359  372  376  382  376  371  359  355  349  342  335  327  320  311  301  286
  270  258  251  240  232  230  231  236  231                                   
    52.5-180.0 180.0   5.0 450.0                            LAT/LON1/LON2/DLON/H
  250  241  237  224  211  194  180  162  145  132  126  120  119  115  114  109
  109  104  104  101  102   98  100   97  100   95   97   88   86   76   73   66
   72   74   90  100  122  142  159  175  192  215  245  272  298  317  339  356
  374  384  393  396  395  388  380  374  372  365  359  353  347  341  330  317
  303  290  282  271  261  254  246  251  250                                   
    50.0-180.0 180.0   5.0 450.0                            LAT/LON1/LON2/DLON/H
  280  268  259  249  237  220  200  178  159  140  131  124  120  119  114  114
  111  110  109  108  108  106  106  104  107  104  107  100   97   87   81   73
   75   78   91  105  125  147  164  180  198  223  254  283  307  328  349  370
  389  404  413  420  419  413  399  398  391  389  379  376  370  365  356  345
  332  318  308  296  288  279  272  271  280                                   
    47.5-180.0 180.0   5.0 450.0                            LAT/LON1/LON2/DLON/H
  308  292  286  275  263  247  225  199  175  154  141  130  126  121  119  114
  114  111  114  113  116  115  115  114  117  116  117  113  109   99   92   81
   85   84  102  111  134  152  170  186  205  231  264  291  317  336  360  381
  404  418  429  436  437  430  420  415  410  405  396  390  383  378  370  361
  347  336  325  317  307  300  293  291  308                                   
    45.0-180.0 180.0   5.0 450.0                            LAT/LON1/LON2/DLON/H
  331  313  303  294  286  269  247  219  195  169  156  143  136  130  125  123
  122  123  126  128  132  132  134  134  135  135  135  131  124  114  102   92
   88   90  102  116  135  155  172  188  210  236  274  303  330  351  377  400
  421  438  449  460  461  456  445  443  433  425  411  400  389  383  373  365
  352  343  333  328  321  318  318  312  331                                   
    42.5-180.0 180.0   5.0 450.0                            LAT/LON1/LON2/DLON/H
  336  323  315  307  296  284  263  240  214  191  172  158  149  140  134  130
  130  131  137  141  148  150  153  153  152  152  148  143  134  121  110   96
   95   91  106  117  140  155  176  195  217  245  283  313  343  368  395  418
  438  456  467  478  480  477  470  466  455  443  425  408  391  380  369  359
  346  340  331  330  326  325  326  322  336                                   
    40.0-180.0 180.0   5.0 450.0                            LAT/LON1/LON2/DLON/H
  334  318  309  302  293  278  263  245  226  203  188  170  161  151  144  140
  141  144  151  156  165  168  171  174  172  171  163  158  143  135  115  108
   97   99  105  123  140  163  180  202  225  255  295  323  357  386  412  435
  454  473  485  497  502  503  495  495  486  473  453  432  410  390  372  358
  344  336  327  327  327  327  332  325  334                                   
    37.5-180.0 180.0   5.0 450.0                            LAT/LON1/LON2/DLON/H
  320  302  294  284  271  260  246  238  226  214  199  187  175  167  156  151
  151  156  163  170  180  185  188  190  187  182  174  158  147  128  116  101
   97   94  107  120  142  162  187  211  241  269  308  341  374  403  429  451
  470  489  501  515  524  528  526  527  521  508  489  467  444  419  396  373
  357  344  333  330  331  331  326  320  320                                   
    35.0-180.0 180.0   5.0 450.0                            LAT/LON1/LON2/DLON/H
  316  284  266  250  238  226  220  215  214  208  202  193  184  176  167  162
  163  168  176  184  194  201  207  209  205  200  181  172  145  137  111  109
   96  101  107  126  146  170  194  225  255  286  324  353  389  418  445  468
  488  508  527  551  567  579  580  581  578  564  544  524  502  480  452  423
  396  380  364  357  354  345  337  329  316                                   
    32.5-180.0 180.0   5.0 450.0                            LAT/LON1/LON2/DLON/H
  324  283  249  223  207  196  191  191  194  199  197  197  191  187  180  176
  175  181  188  197  206  214  219  222  219  204  191  164  151  134  117  112
  104  111  113  132  150  179  203  234  263  299  336  370  401  433  457  487
  513  539  569  596  620  634  640  648  650  645  630  613  591  568  543  508
  475  443  424  404  396  378  356  352  324                                   
    30.0-180.0 180.0   5.0 450.0                            LAT/LON1/LON2/DLON/H
  363  302  261  223  195  177  173  173  180  185  189  192  191  189  183  182
  182  189  196  204  215  225  232  237  231  223  198  188  166  160  148  144
  136  133  133  139  163  192  218  249  275  306  345  373  409  441  475  511
  547  584  617  649  688  712  729  745  748  752  732  727  699  682  648  619
  576  544  509  488  466  437  413  402  363                                   
    27.5-180.0 180.0   5.0 450.0                            LAT/LON1/LON2/DLON/H
  421  358  310  259  214  187  173  168  171  175  178  185  189  192  191  190
  190  195  201  207  214  226  235  239  239  228  213  206  193  189  179  173
  158  141  133  136  159  197  229  257  280  310  343  380  410  441  477  517
  562  618  659  702  744  779  802  830  839  855  842  847  820  797  752  711
  677  643  605  583  559  516  482  464  421                                   
    25.0-180.0 180.0   5.0 450.0                            LAT/LON1/LON2/DLON/H
  494  434  386  331  274  235  209  193  185  181  179  186  189  194  193  196
  196  200  205  212  218  234  241  255  248  252  236  233  209  202  185  173
  152  140  128  136  158  199  238  266  287  316  347  379  411  435  470  514
  577  638  691  741  796  837  869  902  931  948  957  960  945  914  864  820
  773  731  702  680  657  614  578  548  494                                   
    22.5-180.0 180.0   5.0 450.0                            LAT/LON1/LON2/DLON/H
  573  519  470  412  359  314  270  242  220  207  195  194  194  199  202  202
  204  206  208  213  220  232  246  258  258  265  250  237  212  209  184  175
  146  135  122  132  162  207  248  277  295  318  344  373  403  430  464  518
  588  667  714  773  818  866  899  946  972 1009 1018 1037 1020 1003  953  910
  861  821  786  768  746  714  677  651  573                                   
    20.0-180.0 180.0   5.0 450.0                            LAT/LON1/LON2/DLON/H
  648  604  554  496  444  400  358  327  289  265  241  231  221  220  220  222
  222  225  223  231  232  253  258  282  279  293  262  241  204  196  178  167
  147  135  125  131  158  205  243  271  295  323  353  382  414  434  476  532
  613  675  727  776  822  868  897  940  970 1005 1030 1041 1054 1032 1009  967
  930  891  859  843  826  802  771  748  648                                   
    17.5-180.0 180.0   5.0 450.0                            LAT/LON1/LON2/DLON/H
  712  678  638  577  524  480  433  405  375  346  317  294  269  261  255  254
  255  254  252  256  258  273  283  305  312  309  260  239  200  191  172  160
  145  129  126  127  163  206  243  272  300  333  363  402  428  463  503  567
  632  695  733  779  813  848  862  903  915  961  979 1008 1018 1028 1008  994
  958  934  907  901  889  868  836  826  712                                   
    15.0-180.0 180.0   5.0 450.0                            LAT/LON1/LON2/DLON/H
  757  748  698  643  592  540  496  465  444  423  398  379  345  334  311  313
  301  302  293  302  298  317  322  338  321  300  250  228  196  185  174  161
  157  134  126  120  155  187  226  261  300  340  380  423  452  486  537  597
  648  691  726  763  788  810  818  836  837  871  885  915  934  948  956  947
  938  919  910  913  914  905  879  860  757                                   
    12.5-180.0 180.0   5.0 450.0                            LAT/LON1/LON2/DLON/H
  774  765  733  675  631  584  539  512  495  482  465  444  420  395  376  354
  348  337  332  332  331  340  343  345  325  300  252  227  205  182  182  160
  153  123  112  113  148  182  224  263  303  352  392  445  473  516  567  623
  658  698  721  747  755  767  756  765  759  777  788  818  842  871  882  897
  892  899  893  907  912  907  881  868  774                                   
    10.0-180.0 180.0   5.0 450.0                            LAT/LON1/LON2/DLON/H
  782  785  736  692  645  600  558  535  529  523  511  496  473  460  432  413
  387  370  353  352  344  350  347  346  322  290  248  215  192  164  169  137
  139  101  104   99  139  168  208  251  294  347  398  451  489  538  586  627
  660  686  704  717  720  722  710  706  697  710  723  745  776  797  826  833
  851  853  867  877  893  890  873  855  782                                   
     7.5-180.0 180.0   5.0 450.0                            LAT/LON1/LON2/DLON/H
  781  773  733  692  646  600  562  546  547  547  544  525  510  493  475  453
  425  391  368  357  348  348  341  343  320  288  258  214  194  169  158  138
