data/unet/pred1420.15i
     1.0            IONOSPHERE MAPS     GNSS                IONEX VERSION / TYPE
pyspatialgeodesy        IME             05-JAN-18 20:20     PGM / RUN BY / DATE 
Map Name                                                    COMMENT             
Predicted global ionosphere maps (GIM).                     DESCRIPTION         
  2015     5    22     0     0     0                        EPOCH OF FIRST MAP  
  2015     5    23     0     0     0                        EPOCH OF LAST MAP   
  7200                                                      INTERVAL            
    13                                                      # OF MAPS IN FILE   
  NONE                                                      MAPPING FUNCTION    
10.0                                                        ELEVATION CUTOFF    
One-way carrier phase leveled to code                       OBSERVABLES USED    
  6371.0                                                    BASE RADIUS         
 2                                                          MAP DIMENSION       
   450.0 450.0   0.0                                        HGT1 / HGT2 / DHGT  
    87.5 -87.5  -2.5                                        LAT1 / LAT2 / DLAT  
  -180.0 180.0   5.0                                        LON1 / LON2 / DLON  
    -1                                                      EXPONENT            
                                                            END OF HEADER       
[from data line 3432]
     9                                                      START OF TEC MAP    
  2015     5    22    16     0     0                        EPOCH OF CURRENT MAP
    87.5-180.0 180.0   5.0 450.0                            LAT/LON1/LON2/DLON/H
  186  190  186  187  187  184  185  184  186  185  185  185  185  184  183  182
  182  180  179  177  178  175  176  173  175  171  173  170  172  169  171  169
  170  168  169  168  169  168  169  168  170  169  171  171  173  173  175  175
  177  176  178  178  180  179  181  180  182  180  182  180  182  179  181  178
  180  178  181  179  179  176  182  193  186                                   
    85.0-180.0 180.0   5.0 450.0                            LAT/LON1/LON2/DLON/H
  176  183  180  183  182  181  182  182  184  184  185  185  186  185  185  183
  184  181  182  178  180  176  177  173  175  171  173  169  171  167  169  165
  168  164  167  163  166  163  166  163  167  165  168  167  171  170  174  172
  176  174  178  176  180  178  181  179  182  179  182  179  181  178  179  176
  177  175  177  173  173  169  168  172  176                                   
    82.5-180.0 180.0   5.0 450.0                            LAT/LON1/LON2/DLON/H
  183  178  176  176  174  174  175  178  178  181  181  183  183  184  183  184
  181  182  179  180  177  177  174  175  171  171  169  169  166  165  163  163
  160  160  158  159  157  158  158  159  159  160  161  163  165  166  168  170
  171  173  174  176  177  178  179  180  180  181  181  181  180  180  178  177
  174  175  172  171  167  163  168  161  183                                   
    80.0-180.0 180.0   5.0 450.0                            LAT/LON1/LON2/DLON/H
  174  169  167  169  169  169  170  174  174  178  178  182  181  184  182  184
  182  183  180  182  177  178  174  175  171  171  167  167  164  163  160  160
  157  156  153  154  152  153  152  155  155  157  158  161  162  165  166  170
  171  173  174  177  178  179  179  181  180  181  180  180  179  178  176  175
  172  171  169  165  163  160  160  154  174                                   
    77.5-180.0 180.0   5.0 450.0                            LAT/LON1/LON2/DLON/H
  165  159  157  160  161  162  165  169  170  173  175  179  179  181  181  182
  180  180  178  179  176  176  173  174  171  171  169  169  166  164  162  161
  157  155  153  153  152  152  151  153  154  155  157  160  162  164  166  169
  170  172  173  176  175  177  176  178  176  176  175  176  174  173  171  171
  167  166  163  161  156  153  150  145  165                                   
    75.0-180.0 180.0   5.0 450.0                            LAT/LON1/LON2/DLON/H
  157  155  156  158  162  163  167  170  174  176  179  182  185  185  187  186
  185  184  182  181  179  179  178  178  177  177  177  177  176  174  172  169
  167  164  162  160  159  158  159  159  161  162  165  167  170  172  175  175
  177  177  179  179  180  179  180  179  179  178  178  176  176  174  173  170
  168  166  165  160  157  155  152  145  157                                   
    72.5-180.0 180.0   5.0 450.0                            LAT/LON1/LON2/DLON/H
  156  158  160  162  163  165  169  172  175  179  181  185  187  188  188  188
  187  185  183  181  179  179  178  179  179  181  181  183  182  182  179  177
  172  171  166  166  163  164  163  165  165  168  169  172  172  176  175  177
  175  177  174  177  174  176  173  175  171  173  169  171  168  169  166  166
  163  163  161  158  154  152  150  144  156                                   
    70.0-180.0 180.0   5.0 450.0                            LAT/LON1/LON2/DLON/H
  155  161  164  168  172  173  176  179  183  184  188  189  192  192  193  192
  192  189  188  186  185  183  183  184  186  188  190  193  193  194  191  190
  186  183  179  177  175  174  173  175  176  178  179  181  182  182  182  181
  179  178  176  175  175  174  173  172  171  169  169  168  167  167  167  165
  164  162  162  160  158  158  155  149  155                                   
    67.5-180.0 180.0   5.0 450.0                            LAT/LON1/LON2/DLON/H
  158  170  175  177  178  179  180  183  184  186  187  191  191  192  192  192
  192  189  189  187  188  186  186  188  189  191  194  196  197  197  195  196
  191  190  186  185  181  182  181  183  182  186  187  189  187  187  183  183
  177  178  173  174  169  170  166  167  163  164  161  162  159  160  159  159
  157  157  158  157  157  154  155  149  158                                   
    65.0-180.0 180.0   5.0 450.0                            LAT/LON1/LON2/DLON/H
  156  173  179  184  187  188  189  189  190  192  193  195  196  196  196  194
  194  192  192  190  193  191  193  192  195  196  197  200  201  202  201  200
  199  197  195  192  191  190  190  191  192  195  197  197  195  193  189  184
  180  177  174  172  171  168  167  165  164  162  161  159  158  158  157  155
  154  154  155  153  154  156  156  153  156                                   
    62.5-180.0 180.0   5.0 450.0                            LAT/LON1/LON2/DLON/H
  152  174  182  188  191  191  191  192  192  192  193  196  196  196  195  193
  193  189  191  190  193  191  194  194  197  197  199  200  201  201  200  201
  199  199  197  197  195  196  195  197  197  202  203  204  199  197  190  187
  179  179  173  175  170  170  166  166  162  161  157  156  153  152  150  148
  146  145  146  144  145  144  146  147  152                                   
    60.0-180.0 180.0   5.0 450.0                            LAT/LON1/LON2/DLON/H
  142  166  177  186  193  195  195  196  196  197  197  199  199  199  197  195
  194  191  192  190  195  193  197  196  199  199  200  200  202  201  202  202
  202  202  202  202  203  202  204  206  208  210  212  211  207  202  196  190
  184  181  178  177  177  174  172  170  168  163  160  155  153  150  148  144
  142  139  139  136  137  139  139  142  142                                   
    57.5-180.0 180.0   5.0 450.0                            LAT/LON1/LON2/DLON/H
  132  154  167  178  186  190  194  195  196  196  198  199  200  198  197  195
  194  190  192  190  194  191  195  195  197  197  200  200  201  202  203  205
  205  206  207  209  208  209  210  214  214  219  218  219  212  210  201  198
  189  190  184  188  182  183  178  176  171  166  161  157  151  148  144  140
  136  132  130  126  125  121  121  129  132                                   
    55.0-180.0 180.0   5.0 450.0                            LAT/LON1/LON2/DLON/H
  122  140  154  167  178  186  190  194  194  198  197  201  200  201  198  197
  194  191  191  189  193  192  195  195  198  198  200  202  205  206  208  209
  211  213  214  215  216  216  217  220  222  225  225  223  219  216  209  204
  198  196  193  192  191  188  185  181  176  171  165  158  155  150  147  140
  138  130  129  122  121  119  120  123  122                                   
    52.5-180.0 180.0   5.0 450.0                            LAT/LON1/LON2/DLON/H
  115  128  141  154  168  176  184  190  195  198  200  203  203  202  201  198
  196  191  192  189  193  191  195  194  197  198  203  206  209  211  212  216
  219  222  224  226  226  227  227  229  230  232  231  230  225  223  216  214
  206  208  201  203  196  196  188  186  179  174  167  164  156  154  147  143
  137  133  128  122  117  110  112  113  115                                   
    50.0-180.0 180.0   5.0 450.0                            LAT/LON1/LON2/DLON/H
  115  125  135  148  161  174  183  191  195  202  202  208  206  208  204  204
  198  197  193  193  192  194  195  197  199  204  209  214  218  221  224  228
  231  235  237  240  240  240  239  240  239  241  240  240  234  232  226  223
  217  215  209  207  204  200  194  190  184  178  172  167  163  158  155  149
  146  139  137  130  126  121  122  118  115                                   
    47.5-180.0 180.0   5.0 450.0                            LAT/LON1/LON2/DLON/H
  119  126  134  144  156  169  179  190  197  206  210  215  214  214  212  211
  206  203  200  197  197  196  198  201  205  211  217  223  227  232  236  241
  245  251  256  258  258  258  256  255  252  252  251  249  244  241  236  234
  226  225  216  216  206  206  197  197  188  185  177  177  167  167  160  158
  151  148  143  138  133  126  126  123  119                                   
    45.0-180.0 180.0   5.0 450.0                            LAT/LON1/LON2/DLON/H
  130  132  137  144  156  169  183  196  204  215  219  226  224  226  222  223
  216  214  209  206  203  203  205  209  214  222  228  236  241  247  252  259
  264  272  275  282  280  279  274  272  266  266  261  260  254  252  246  242
  237  231  222  217  211  207  203  199  197  191  186  183  177  174  170  165
  162  155  156  150  147  142  141  137  130                                   
    42.5-180.0 180.0   5.0 450.0                            LAT/LON1/LON2/DLON/H
  135  136  139  146  155  168  184  199  212  223  229  236  237  238  237  237
  232  227  223  218  215  213  217  220  227  233  241  247  255  262  270  277
  290  300  308  311  311  306  301  293  287  281  278  272  269  263  259  255
  247  239  228  223  214  212  205  207  201  202  194  195  186  187  180  177
  169  166  162  159  155  148  148  142  135                                   
    40.0-180.0 180.0   5.0 450.0                            LAT/LON1/LON2/DLON/H
  143  139  138  142  153  167  184  202  216  230  238  246  248  253  251  253
  246  242  235  231  228  227  232  236  243  250  257  264  270  281  290  306
  314  332  337  344  340  337  328  318  309  300  293  285  279  273  269  264
  257  246  233  226  219  216  213  213  212  209  206  203  197  194  188  181
  176  169  169  164  162  158  154  148  143                                   
    37.5-180.0 180.0   5.0 450.0                            LAT/LON1/LON2/DLON/H
  144  139  140  143  151  166  184  203  221  235  244  254  258  265  266  269
  262  258  250  246  243  244  248  255  261  267  273  279  287  298  312  328
  347  361  371  376  376  370  362  347  335  323  313  304  296  289  283  278
  268  256  243  232  224  218  217  220  217  218  214  214  207  208  200  195
  183  179  174  169  164  159  154  151  144                                   
    35.0-180.0 180.0   5.0 450.0                            LAT/LON1/LON2/DLON/H
  148  141  139  138  147  162  180  201  219  237  248  260  266  275  277  280
  273  271  263  260  259  263  268  277  280  289  290  299  305  323  340  363
  377  398  404  415  413  408  399  380  368  350  339  326  318  308  302  294
  284  268  253  242  233  229  226  228  227  229  226  224  219  217  210  200
  191  182  177  169  167  161  156  152  148                                   
    32.5-180.0 180.0   5.0 450.0                            LAT/LON1/LON2/DLON/H
  147  140  134  132  139  155  175  196  219  237  253  266  272  283  287  289
  284  281  275  275  276  282  287  296  299  305  308  315  327  346  368  391
  411  431  442  454  452  447  432  417  399  383  366  353  339  330  318  312
  297  283  266  256  248  241  238  236  235  236  232  233  229  228  220  213
  200  191  179  174  166  160  151  154  147                                   
    30.0-180.0 180.0   5.0 450.0                            LAT/LON1/LON2/DLON/H
  146  137  133  123  131  147  167  190  212  235  252  267  273  284  289  292
  287  287  282  288  289  300  304  316  316  327  329  342  355  380  403  432
  453  471  479  486  484  476  463  446  431  415  399  385  370  361  350  343
  325  306  279  270  257  256  250  255  253  258  250  246  240  235  228  217
  208  194  188  176  172  161  155  151  146                                   
    27.5-180.0 180.0   5.0 450.0                            LAT/LON1/LON2/DLON/H
  146  140  133  126  129  147  162  185  208  230  252  267  277  285  291  295
  292  294  293  300  305  314  319  329  332  343  349  367  386  419  450  480
  502  518  520  521  515  506  490  476  458  445  432  424  409  397  372  358
  335  314  290  276  264  252  243  239  239  245  256  268  261  252  239  228
  215  206  195  187  175  165  153  154  146                                   
    25.0-180.0 180.0   5.0 450.0                            LAT/LON1/LON2/DLON/H
  150  145  140  130  132  145  162  181  202  224  246  265  276  288  291  296
  295  300  302  314  318  329  333  344  350  365  375  400  428  464  497  525
  545  554  554  547  539  524  513  498  486  473  464  453  431  413  387  370
  342  323  298  286  267  254  235  226  216  222  229  240  255  265  251  232
  224  210  207  197  191  176  169  155  150                                   
    22.5-180.0 180.0   5.0 450.0                            LAT/LON1/LON2/DLON/H
  143  155  148  138  138  152  166  189  204  227  247  265  282  292  301  303
  308  310  318  328  336  342  344  356  365  387  405  438  472  507  540  563
  583  587  578  567  554  541  528  518  508  500  483  472  449  430  402  378
  354  329  307  284  264  246  226  215  209  214  218  227  232  250  261  244
  230  220  210  204  198  183  173  160  143                                   
    20.0-180.0 180.0   5.0 450.0                            LAT/LON1/LON2/DLON/H
  138  155  155  145  148  157  174  191  210  225  246  265  280  298  308  316
  317  324  331  347  353  361  362  377  392  416  439  475  508  541  573  591
  610  602  593  574  563  547  534  526  517  512  493  482  457  438  409  386
  357  334  310  288  271  251  232  216  204  210  210  217  217  225  234  247
  235  224  218  213  211  193  189  166  138                                   
    17.5-180.0 180.0   5.0 450.0                            LAT/LON1/LON2/DLON/H
  134  157  153  148  150  169  185  205  217  235  248  269  285  301  318  329
  340  346  358  370  377  382  382  398  415  444  473  508  537  564  591  608
  620  609  595  579  570  556  548  541  538  532  520  504  481  455  428  397
  369  338  314  298  273  256  233  226  217  217  213  211  206  206  210  223
  230  228  218  212  204  187  182  165  134                                   
    15.0-180.0 180.0   5.0 450.0                            LAT/LON1/LON2/DLON/H
  132  154  150  143  147  166  189  206  223  234  250  266  286  307  327  345
  359  372  381  396  400  407  407  426  443  473  502  530  559  578  601  610
  621  606  597  580  570  557  549  548  544  542  528  512  482  457  425  396
  367  340  318  302  287  267  250  238  228  227  216  210  199  197  196  205
  207  213  209  202  196  178  182  159  132                                   
    12.5-180.0 180.0   5.0 450.0                            LAT/LON1/LON2/DLON/H
  126  149  144  138  142  162  186  210  226  240  251  269  289  310  331  353
  374  389  402  413  420  425  427  445  467  496  521  545  567  579  595  602
  609  602  592  580  571  564  562  564  566  562  554  530  499  471  439  411
  385  358  333  319  295  277  256  247  237  233  221  207  193  188  187  192
  192  194  190  189  183  168  162  147  126                                   
    10.0-180.0 180.0   5.0 450.0                            LAT/LON1/LON2/DLON/H
  119  133  130  123  127  146  174  196  219  233  251  267  290  312  336  358
  383  400  414  426  431  439  444  463  485  510  530  549  565  569  580  583
  593  587  584  575  568  564  560  566  562  561  544  524  486  460  424  401
  375  354  332  315  297  279  262  254  246  241  224  207  191  184  180  182
  180  179  172  173  162  151  148  127  119                                   
     7.5-180.0 180.0   5.0 450.0                            LAT/LON1/LON2/DLON/H
  104  119  118  108  110  126  155  182  208  226  248  267  291  312  335  362
  387  405  418  430  438  446  453  474  497  519  538  551  559  563  571  575
