data/unet/pred1360.15i
     1.0            IONOSPHERE MAPS     GNSS                IONEX VERSION / TYPE
pyspatialgeodesy        IME             05-JAN-18 20:20     PGM / RUN BY / DATE 
Map Name                                                    COMMENT             
Predicted global ionosphere maps (GIM).                     DESCRIPTION         
  2015     5    16     0     0     0                        EPOCH OF FIRST MAP  
  2015     5    17     0     0     0                        EPOCH OF LAST MAP   
  7200                                                      INTERVAL            
    13                                                      # OF MAPS IN FILE   
  NONE                                                      MAPPING FUNCTION    
10.0                                                        ELEVATION CUTOFF    
One-way carrier phase leveled to code                       OBSERVABLES USED    
  6371.0                                                    BASE RADIUS         
 2                                                          MAP DIMENSION       
   450.0 450.0   0.0                                        HGT1 / HGT2 / DHGT  
    87.5 -87.5  -2.5                                        LAT1 / LAT2 / DLAT  
  -180.0 180.0   5.0                                        LON1 / LON2 / DLON  
    -1                                                      EXPONENT            
                                                            END OF HEADER       
[from data line 2145]
     6                                                      START OF TEC MAP    
  2015     5    16    10     0     0                        EPOCH OF CURRENT MAP
    87.5-180.0 180.0   5.0 450.0                            LAT/LON1/LON2/DLON/H
  172  205  208  223  223  233  229  240  234  246  238  250  241  253  244  256
  247  259  250  262  253  263  255  263  255  262  255  261  253  258  251  255
  249  253  248  252  247  250  244  246  240  241  234  235  227  228  221  220
  214  214  208  208  201  202  195  197  191  191  186  188  184  185  182  183
  183  184  183  183  181  183  183  160  172                                   
    85.0-180.0 180.0   5.0 450.0                            LAT/LON1/LON2/DLON/H
  188  190  200  215  218  225  227  234  234  241  241  247  245  252  249  256
  253  259  256  262  258  264  260  265  260  265  261  265  260  264  260  264
  259  263  259  263  257  260  254  256  249  249  242  241  234  232  224  223
  215  214  206  205  198  196  190  188  183  181  177  176  173  172  170  170
  170  171  171  171  172  169  180  172  188                                   
    82.5-180.0 180.0   5.0 450.0                            LAT/LON1/LON2/DLON/H
  169  181  181  194  198  206  210  215  219  223  226  229  232  234  237  238
  240  242  244  246  246  249  249  251  250  252  251  253  252  254  253  256
  255  257  256  256  255  254  252  249  247  241  240  232  230  222  220  211
  208  201  198  191  189  183  180  175  172  167  164  161  159  156  154  153
  153  153  153  155  156  157  162  175  169                                   
    80.0-180.0 180.0   5.0 450.0                            LAT/LON1/LON2/DLON/H
  170  178  178  188  194  203  205  212  212  218  216  222  218  224  220  226
  222  228  224  230  225  231  226  232  227  233  229  235  232  238  236  243
  242  249  247  254  250  255  249  253  245  247  239  239  230  228  218  216
  207  205  197  195  188  186  181  179  173  171  167  164  160  157  154  152
  149  149  147  148  148  146  156  166  170                                   
    77.5-180.0 180.0   5.0 450.0                            LAT/LON1/LON2/DLON/H
  168  180  180  194  196  208  207  216  212  217  211  216  210  213  208  211
  207  210  208  211  208  210  208  210  209  211  211  214  215  220  222  229
  231  238  240  247  247  251  250  252  249  249  245  243  239  235  229  225
  221  216  214  209  208  205  203  201  198  195  191  189  184  180  175  171
  167  163  159  156  155  149  156  172  168                                   
    75.0-180.0 180.0   5.0 450.0                            LAT/LON1/LON2/DLON/H
  173  179  178  191  193  203  204  210  206  208  202  203  196  198  191  194
  189  194  189  195  189  195  190  194  190  194  191  197  195  204  205  216
  219  228  233  241  244  249  250  253  251  253  251  252  248  248  243  242
  236  236  232  233  229  231  227  230  224  225  218  217  210  207  199  194
  185  182  173  171  165  159  169  176  173                                   
    72.5-180.0 180.0   5.0 450.0                            LAT/LON1/LON2/DLON/H
  176  183  181  190  193  203  202  207  200  201  192  190  182  180  175  175
  174  177  178  181  181  183  182  181  179  178  178  180  182  188  192  201
  207  218  226  234  239  246  249  254  255  260  260  263  261  263  260  260
  257  258  256  258  255  258  255  257  253  253  247  245  239  234  225  219
  209  202  192  184  179  169  175  186  176                                   
    70.0-180.0 180.0   5.0 450.0                            LAT/LON1/LON2/DLON/H
  178  178  175  185  188  196  195  198  192  190  182  178  170  167  162  164
  164  170  171  178  178  183  181  181  178  176  175  174  177  181  188  195
  207  214  228  233  244  247  258  260  268  269  276  277  277  279  277  278
  276  277  276  278  275  278  274  277  272  272  266  264  258  254  244  238
  226  220  206  199  188  177  184  184  178                                   
    67.5-180.0 180.0   5.0 450.0                            LAT/LON1/LON2/DLON/H
  174  177  169  179  180  188  187  189  183  180  173  166  158  153  152  152
  157  162  170  175  181  182  184  179  178  172  174  170  175  177  186  193
  204  214  228  235  245  252  261  267  274  281  285  290  289  293  290  293
  288  292  286  289  284  285  280  281  276  276  271  269  265  261  253  248
  238  230  217  206  196  183  186  183  174                                   
    65.0-180.0 180.0   5.0 450.0                            LAT/LON1/LON2/DLON/H
  171  165  158  165  167  173  173  175  171  169  163  156  150  147  146  149
  154  163  169  179  183  189  189  189  186  183  181  179  180  185  192  201
  211  220  233  241  253  260  271  277  287  293  300  303  303  304  301  302
  298  298  293  293  286  286  279  280  272  273  265  267  261  261  253  251
  241  238  223  215  201  186  189  177  171                                   
    62.5-180.0 180.0   5.0 450.0                            LAT/LON1/LON2/DLON/H
  170  164  151  153  153  158  158  160  157  156  151  148  142  141  142  146
  151  160  168  176  183  187  189  188  187  184  185  182  186  188  197  204
  215  223  237  245  258  266  277  285  293  302  306  313  310  314  308  310
  303  303  296  296  287  284  276  272  265  261  256  256  254  254  250  249
  241  238  227  218  208  192  189  178  170                                   
    60.0-180.0 180.0   5.0 450.0                            LAT/LON1/LON2/DLON/H
  169  157  143  143  140  142  141  143  141  142  140  139  136  136  137  141
  145  155  162  172  176  183  183  186  185  186  188  188  192  196  204  212
  223  232  245  256  268  276  288  294  304  310  316  318  317  317  313  312
  307  305  299  296  288  284  274  271  260  259  250  253  249  252  247  249
  243  244  234  229  216  198  194  181  169                                   
    57.5-180.0 180.0   5.0 450.0                            LAT/LON1/LON2/DLON/H
  176  163  144  136  127  125  122  122  121  122  123  124  125  127  128  133
  135  144  148  157  160  166  166  171  172  177  181  185  189  197  205  218
  226  241  251  266  274  286  294  303  309  317  319  324  320  323  317  317
  310  310  304  303  294  290  280  273  263  256  253  250  253  252  253  253
  251  250  244  237  230  213  207  195  176                                   
    55.0-180.0 180.0   5.0 450.0                            LAT/LON1/LON2/DLON/H
  188  173  153  141  126  119  111  109  106  108  109  113  114  117  118  123
  125  131  135  142  144  152  151  160  161  170  175  182  189  199  208  223
  233  249  261  275  285  294  306  311  320  323  328  328  328  328  324  322
  318  317  315  312  307  303  293  288  277  275  266  270  268  271  269  271
  267  269  262  259  250  232  228  216  188                                   
    52.5-180.0 180.0   5.0 450.0                            LAT/LON1/LON2/DLON/H
  210  190  172  152  134  118  107  100   95   94   95   97   99  104  106  111
  112  118  119  126  127  134  135  148  150  165  168  182  185  202  208  229
  236  260  271  290  297  309  317  321  327  331  335  338  338  339  335  333
  330  330  328  329  325  324  315  309  302  298  295  295  297  295  295  292
  289  287  282  277  272  258  252  239  210                                   
    50.0-180.0 180.0   5.0 450.0                            LAT/LON1/LON2/DLON/H
  235  206  190  170  147  127  111  101   93   89   89   90   92   94   96  101
  102  108  109  116  117  126  128  144  149  165  171  183  190  206  215  235
  246  266  283  297  310  316  330  332  342  344  354  355  358  357  353  350
  347  345  345  344  343  341  336  333  326  325  321  326  324  326  320  317
  311  308  300  297  288  274  272  262  235                                   
    47.5-180.0 180.0   5.0 450.0                            LAT/LON1/LON2/DLON/H
  246  225  211  190  169  145  125  109   98   92   88   88   90   90   91   94
   95  101  101  108  110  121  127  149  156  175  178  192  196  213  220  244
  253  279  292  310  321  332  343  350  358  364  372  376  377  375  370  365
  361  360  358  359  355  355  348  345  340  340  340  343  346  344  340  332
  324  315  308  301  296  287  289  272  246                                   
    45.0-180.0 180.0   5.0 450.0                            LAT/LON1/LON2/DLON/H
  259  233  226  207  192  168  147  126  114  102   96   93   94   92   93   94
   96  100  102  110  111  126  134  157  169  187  192  205  208  222  229  249
  261  282  299  312  331  340  362  368  384  389  401  403  405  401  395  390
  383  381  376  374  367  363  355  352  347  348  348  354  355  358  351  344
  332  321  308  300  291  280  292  275  259                                   
    42.5-180.0 180.0   5.0 450.0                            LAT/LON1/LON2/DLON/H
  255  238  233  220  210  187  171  148  133  120  109  105  101  100   99  100
   99  104  105  112  116  130  143  168  183  203  209  222  223  235  240  259
  268  290  305  325  341  363  383  401  415  424  431  433  432  427  420  413
  405  400  392  388  377  372  358  356  351  352  350  355  357  358  353  343
  331  314  299  284  277  269  282  266  255                                   
    40.0-180.0 180.0   5.0 450.0                            LAT/LON1/LON2/DLON/H
  253  229  229  219  216  200  188  169  158  141  133  123  120  114  112  111
  110  112  114  120  123  140  154  181  198  218  224  234  236  241  248  256
  271  288  309  331  357  381  411  426  447  455  466  468  465  461  455  449
  439  431  417  410  395  385  369  362  354  352  350  352  355  356  351  341
  328  309  289  273  258  244  260  250  253                                   
    37.5-180.0 180.0   5.0 450.0                            LAT/LON1/LON2/DLON/H
  237  216  212  209  214  206  202  186  176  162  152  143  135  130  123  122
  118  120  120  123  130  143  163  189  209  230  238  249  249  253  252  264
  270  291  306  341  367  403  430  456  474  489  497  501  499  495  490  485
  476  466  451  438  421  409  389  382  372  367  362  359  360  354  350  340
  327  306  285  263  246  228  243  236  237                                   
    35.0-180.0 180.0   5.0 450.0                            LAT/LON1/LON2/DLON/H
  231  200  192  193  197  200  201  192  186  178  171  164  156  148  140  136
  133  132  131  132  138  151  173  199  219  237  246  251  253  251  252  260
  268  292  314  350  384  416  452  473  500  510  525  531  533  535  533  533
  527  522  503  486  461  448  429  424  419  411  401  393  387  377  369  356
  342  320  295  272  248  226  236  237  231                                   
    32.5-180.0 180.0   5.0 450.0                            LAT/LON1/LON2/DLON/H
  233  193  181  180  180  186  187  187  185  184  182  180  171  163  152  146
  142  141  140  139  144  156  179  205  229  249  255  261  257  258  254  267
  277  303  333  369  404  441  470  500  521  543  556  570  574  581  583  588
  588  589  581  571  556  546  526  518  497  484  465  449  437  421  410  395
  380  357  330  302  276  246  254  243  233                                   
    30.0-180.0 180.0   5.0 450.0                            LAT/LON1/LON2/DLON/H
  244  205  188  184  179  187  184  191  188  191  191  190  187  178  169  160
  157  153  153  151  157  169  191  213  230  245  251  254  252  256  260  276
  299  324  354  386  425  458  491  517  542  559  578  597  611  624  636  647
  654  660  660  662  658  651  632  622  607  594  573  555  520  497  474  459
  439  418  389  362  329  295  286  273  244                                   
    27.5-180.0 180.0   5.0 450.0                            LAT/LON1/LON2/DLON/H
  263  237  212  202  193  197  194  197  192  193  194  194  193  187  178  169
  164  161  162  160  167  177  197  216  235  245  248  249  248  255  266  285
  315  344  381  415  451  489  515  545  563  590  606  632  646  666  676  689
  706  726  747  765  777  773  758  746  725  701  677  654  625  602  569  542
  502  481  447  425  392  359  335  297  263                                   
    25.0-180.0 180.0   5.0 450.0                            LAT/LON1/LON2/DLON/H
  295  295  267  245  226  219  210  210  203  201  201  202  201  198  193  186
  182  178  178  180  187  196  213  226  236  241  241  241  243  259  282  311
  347  381  412  451  482  511  536  559  576  600  622  651  672  694  710  728
  758  792  825  848  861  861  853  845  827  811  781  757  720  693  657  624
  592  560  520  490  461  423  399  353  295                                   
    22.5-180.0 180.0   5.0 450.0                            LAT/LON1/LON2/DLON/H
  337  360  326  305  282  264  247  235  223  217  210  209  206  203  199  196
  192  188  186  187  198  206  220  229  237  236  236  235  244  263  294  333
  377  411  449  480  510  537  552  574  589  616  640  671  696  719  741  765
  800  834  868  897  911  915  909  900  885  869  849  830  795  763  722  687
  644  611  578  555  524  497  470  409  337                                   
    20.0-180.0 180.0   5.0 450.0                            LAT/LON1/LON2/DLON/H
  392  411  391  360  339  310  290  267  256  239  230  220  212  210  207  207
  204  202  203  205  212  223  233  240  242  243  238  246  261  290  322  364
  405  441  473  508  528  554  563  584  601  628  655  689  725  745  765  791
  818  850  884  909  923  925  923  913  901  890  872  860  834  806  759  728
  683  651  617  594  571  547  541  469  392                                   
    17.5-180.0 180.0   5.0 450.0                            LAT/LON1/LON2/DLON/H
  438  456  441  414  382  352  325  303  281  263  252  238  227  219  212  213
  213  210  207  208  217  223  231  233  237  235  239  249  275  303  351  395
  436  467  498  529  549  572  583  605  623  654  682  721  747  767  787  808
  827  853  875  894  902  904  901  896  887  878  866  854  833  805  764  724
  676  640  613  597  583  566  568  503  438                                   
    15.0-180.0 180.0   5.0 450.0                            LAT/LON1/LON2/DLON/H
  473  490  473  439  421  380  353  323  307  286  271  254  241  226  218  214
  214  214  212  215  219  227  231  236  238  245  254  274  295  331  374  418
  456  485  512  546  567  591  603  625  650  677  711  743  760  783  796  814
  824  840  850  859  863  865  862  855  849  844  839  828  808  781  742  704
  649  611  585  579  573  570  573  523  473                                   
    12.5-180.0 180.0   5.0 450.0                            LAT/LON1/LON2/DLON/H
  478  499  477  452  426  392  362  336  319  299  281  265  253  235  224  216
  214  208  209  205  210  214  216  222  227  239  261  280  314  346  393  433
  469  496  524  557  581  605  622  648  671  703  728  757  775  791  806  817
  820  823  816  816  810  814  814  814  808  810  802  794  771  743  705  661
  610  571  547  543  540  540  557  520  478                                   
    10.0-180.0 180.0   5.0 450.0                            LAT/LON1/LON2/DLON/H
  473  495  474  446  429  394  372  343  329  306  290  273  262  248  230  220
  214  209  203  201  201  203  206  209  221  246  269  296  329  366  408  449
  485  511  535  570  590  609  632  652  683  705  734  758  774  794  799  810
  809  802  789  780  771  772  779  784  789  788  787  770  747  714  677  634
  575  527  499  499  511  522  543  512  473                                   
     7.5-180.0 180.0   5.0 450.0                            LAT/LON1/LON2/DLON/H
  474  495  473  445  425  395  369  349  331  311  291  274  264  251  232  216
  209  200  194  186  179  177  176  189  206  240  269  292  329  363  411  451
