data/unet/pred0700.15i
     1.0            IONOSPHERE MAPS     GNSS                IONEX VERSION / TYPE
pyspatialgeodesy        IME             05-JAN-18 20:20     PGM / RUN BY / DATE 
Map Name                                                    COMMENT             
Predicted global ionosphere maps (GIM).                     DESCRIPTION         
  2015     3    11     0     0     0                        EPOCH OF FIRST MAP  
  2015     3    12     0     0     0                        EPOCH OF LAST MAP   
  7200                                                      INTERVAL            
    13                                                      # OF MAPS IN FILE   
  NONE                                                      MAPPING FUNCTION    
10.0                                                        ELEVATION CUTOFF    
One-way carrier phase leveled to code                       OBSERVABLES USED    
  6371.0                                                    BASE RADIUS         
 2                                                          MAP DIMENSION       
   450.0 450.0   0.0                                        HGT1 / HGT2 / DHGT  
    87.5 -87.5  -2.5                                        LAT1 / LAT2 / DLAT  
  -180.0 180.0   5.0                                        LON1 / LON2 / DLON  
    -1                                                      EXPONENT            
                                                            END OF HEADER       
[from data line 2145]
     6                                                      START OF TEC MAP    
  2015     3    11    10     0     0                        EPOCH OF CURRENT MAP
    87.5-180.0 180.0   5.0 450.0                            LAT/LON1/LON2/DLON/H
   81  110  111  112  116  115  118  119  123  124  127  130  133  136  137  140
  141  142  143  144  144  145  144  145  145  145  145  144  144  143  143  142
  142  141  141  140  139  138  138  137  136  136  134  134  131  130  128  126
  124  122  120  118  117  115  115  113  113  111  111  109  110  107  108  106
  108  105  107  105  106  105  110   93   81                                   
    85.0-180.0 180.0   5.0 450.0                            LAT/LON1/LON2/DLON/H
   95   89  100  104  109  111  117  119  125  127  133  136  142  144  147  150
  152  154  155  157  159  160  161  162  164  165  166  167  168  169  168  170
  169  170  167  168  165  165  161  162  158  157  152  150  145  142  136  131
  126  120  114  110  105  101   97   95   91   89   86   84   82   81   80   79
   80   79   81   81   86   85  104   93   95                                   
    82.5-180.0 180.0   5.0 450.0                            LAT/LON1/LON2/DLON/H
   78   80   87   94   99  103  110  115  122  127  132  137  142  145  148  151
  153  155  157  158  160  161  163  164  167  167  169  170  172  172  174  174
  175  176  175  175  175  174  173  171  169  167  164  160  156  151  147  141
  136  128  123  113  109   99   95   88   85   79   74   72   68   67   62   62
   59   60   60   63   65   70   81   75   78                                   
    80.0-180.0 180.0   5.0 450.0                            LAT/LON1/LON2/DLON/H
   77   73   80   83   87   93   99  107  113  119  125  130  135  136  140  141
  144  144  146  146  148  148  151  151  154  154  157  158  163  163  169  169
  174  174  179  177  182  180  183  180  182  179  177  173  170  166  162  158
  151  147  139  134  125  120  111  105   97   92   85   80   75   70   65   61
   59   57   56   58   59   63   72   72   77                                   
    77.5-180.0 180.0   5.0 450.0                            LAT/LON1/LON2/DLON/H
   76   73   77   80   84   91   94  101  104  110  113  118  120  123  124  126
  126  126  127  127  127  129  129  132  134  136  139  143  147  153  158  163
  167  172  177  180  185  187  191  191  193  194  195  193  193  191  190  186
  184  180  177  172  167  160  155  146  140  130  124  114  108   98   92   85
   80   75   73   69   71   71   75   69   76                                   
    75.0-180.0 180.0   5.0 450.0                            LAT/LON1/LON2/DLON/H
   82   73   77   79   81   84   88   91   95   98  101  104  106  108  109  110
  108  109  107  108  107  109  109  111  112  116  120  126  134  141  149  155
  163  167  174  179  185  190  194  197  201  204  209  210  213  214  216  216
  214  213  211  208  202  198  190  185  176  169  158  150  139  132  121  115
  105  100   91   89   81   81   83   80   82                                   
    72.5-180.0 180.0   5.0 450.0                            LAT/LON1/LON2/DLON/H
   85   77   75   78   77   80   81   85   86   90   90   93   93   95   94   95
   93   93   91   92   91   92   91   93   94   98  103  111  120  130  140  149
  157  164  169  176  181  189  194  200  204  210  217  221  226  231  234  236
  236  236  236  234  230  227  222  219  211  205  192  183  170  161  149  141
  131  124  116  108  100   93   91   89   85                                   
    70.0-180.0 180.0   5.0 450.0                            LAT/LON1/LON2/DLON/H
   91   77   76   77   76   78   80   81   83   84   85   86   87   87   86   86
   85   85   84   84   83   84   83   85   86   91   95  105  113  127  137  149
  157  167  172  180  184  193  197  205  210  219  225  234  237  246  247  253
  250  254  252  254  248  247  244  241  236  228  217  207  195  184  169  160
  147  143  131  127  115  106  100   95   91                                   
    67.5-180.0 180.0   5.0 450.0                            LAT/LON1/LON2/DLON/H
   92   80   75   75   71   74   74   77   78   80   80   82   82   83   83   84
   82   83   81   82   81   82   81   83   84   88   91   98  107  120  133  144
  156  165  173  180  185  192  197  203  210  219  228  235  243  251  256  259
  260  261  264  263  262  259  257  254  248  239  228  217  204  192  177  166
  154  144  137  128  120  108  104   96   92                                   
    65.0-180.0 180.0   5.0 450.0                            LAT/LON1/LON2/DLON/H
   91   77   73   71   69   71   71   74   76   78   79   81   81   82   82   83
   82   83   82   83   82   83   82   84   83   87   89   97  104  120  133  149
  162  174  181  190  192  201  202  211  215  227  233  247  248  259  259  266
  263  268  268  270  268  265  264  259  256  244  232  219  205  192  177  165
  152  143  131  127  115  107   99   93   91                                   
    62.5-180.0 180.0   5.0 450.0                            LAT/LON1/LON2/DLON/H
   86   78   69   69   64   66   65   69   71   74   76   79   79   81   81   83
   82   83   82   83   82   82   81   83   83   85   87   94  101  115  131  148
  164  176  187  194  200  205  210  216  223  232  242  249  257  262  267  268
  270  269  272  269  271  265  263  257  251  240  228  214  199  186  170  158
  145  134  123  114  107   97   94   86   86                                   
    60.0-180.0 180.0   5.0 450.0                            LAT/LON1/LON2/DLON/H
   85   73   68   65   61   62   62   65   68   72   75   77   77   78   79   80
   80   80   80   80   79   78   77   79   79   82   84   93  100  116  132  154
  171  187  198  211  215  222  224  231  236  247  253  266  265  275  274  280
  276  280  276  274  272  267  264  258  255  243  233  218  205  191  175  161
  145  131  116  109  100   93   85   81   85                                   
    57.5-180.0 180.0   5.0 450.0                            LAT/LON1/LON2/DLON/H
   85   79   69   66   59   57   56   59   60   66   68   71   72   74   73   75
   74   75   74   73   71   70   69   71   73   78   82   91  100  115  134  157
  174  191  207  220  229  234  239  244  252  261  272  278  285  286  291  291
  292  289  287  281  277  270  266  259  256  246  238  223  211  197  182  167
  147  132  115  104   98   89   84   78   85                                   
    55.0-180.0 180.0   5.0 450.0                            LAT/LON1/LON2/DLON/H
   93   81   75   67   60   56   55   55   58   62   65   68   67   68   69   69
   69   68   67   64   61   59   59   62   65   73   80   93  102  121  139  167
  185  206  222  239  248  255  258  267  272  287  291  304  303  312  309  316
  311  314  308  302  293  285  281  274  273  266  255  247  233  220  202  185
  166  147  128  117  107  100   92   85   93                                   
    52.5-180.0 180.0   5.0 450.0                            LAT/LON1/LON2/DLON/H
  103   95   83   76   63   58   54   54   53   57   59   63   62   64   63   64
   62   63   60   57   54   52   52   55   62   71   81   95  106  127  147  174
  194  218  236  254  264  273  277  287  295  308  317  325  328  330  333  334
  336  334  331  322  314  303  299  291  289  281  274  264  254  240  223  205
  186  167  149  135  125  116  109   99  103                                   
    50.0-180.0 180.0   5.0 450.0                            LAT/LON1/LON2/DLON/H
  122  109   97   86   74   65   61   59   58   60   62   63   64   63   65   63
   63   61   59   54   51   48   49   52   61   73   86  102  115  137  157  186
  205  234  254  272  283  294  298  314  318  337  340  353  352  358  355  359
  357  356  352  341  332  319  313  306  302  295  283  278  268  259  243  227
  206  188  170  158  146  136  126  118  122                                   
    47.5-180.0 180.0   5.0 450.0                            LAT/LON1/LON2/DLON/H
  135  124  112  101   85   76   68   64   62   62   63   64   65   64   65   64
   64   65   62   59   55   51   51   55   64   77   92  107  123  144  165  190
  213  242  264  284  296  310  319  333  342  357  362  370  370  371  369  368
  369  366  362  350  341  325  318  307  302  292  283  275  270  262  250  235
  216  199  182  171  161  150  140  131  135                                   
    45.0-180.0 180.0   5.0 450.0                            LAT/LON1/LON2/DLON/H
  144  132  122  114  100   90   85   80   77   75   76   76   78   75   79   76
   79   77   78   73   71   65   64   65   75   86  103  119  136  155  172  199
  217  249  271  292  308  328  339  359  366  383  385  394  389  389  383  384
  380  377  372  360  349  332  322  308  300  285  275  267  262  256  243  229
  211  198  182  175  164  155  146  141  144                                   
    42.5-180.0 180.0   5.0 450.0                            LAT/LON1/LON2/DLON/H
  145  133  127  123  112  105   99   95   92   88   88   87   88   88   89   89
   91   90   91   86   84   77   74   74   81   92  109  124  142  159  176  196
  217  247  271  297  314  339  354  377  388  403  406  410  404  399  393  388
  385  380  376  365  354  336  322  304  291  275  262  250  246  236  225  207
  192  177  168  157  152  145  139  135  145                                   
    40.0-180.0 180.0   5.0 450.0                            LAT/LON1/LON2/DLON/H
  132  127  125  124  120  120  116  113  109  106  105  106  108  107  111  108
  111  109  109  104  101   92   87   85   90   98  116  131  151  166  180  197
  216  246  271  297  322  349  372  397  411  429  432  437  428  422  412  407
  401  398  392  386  372  357  339  321  304  282  264  246  237  221  206  185
  168  158  147  143  138  132  126  123  132                                   
    37.5-180.0 180.0   5.0 450.0                            LAT/LON1/LON2/DLON/H
  118  116  114  120  122  127  127  126  122  120  118  119  122  123  125  124
  125  122  121  114  111  100   96   90   94  101  117  133  147  161  174  188
  208  235  264  299  325  359  387  420  437  456  460  464  456  449  439  431
  429  423  422  414  407  390  374  353  335  311  289  262  241  217  195  171
  154  139  133  125  122  113  110  106  118                                   
    35.0-180.0 180.0   5.0 450.0                            LAT/LON1/LON2/DLON/H
  100  106  106  109  117  128  133  134  133  130  129  131  136  139  142  139
  138  133  131  123  119  106   99   93   94  100  115  133  148  162  171  188
  207  240  266  304  336  375  410  446  465  485  492  498  494  489  480  478
  474  473  470  466  457  447  433  418  396  367  336  308  279  247  216  188
  168  153  141  133  120  109  104   94  100                                   
    32.5-180.0 180.0   5.0 450.0                            LAT/LON1/LON2/DLON/H
   95  105   95  104  111  124  129  134  134  135  134  141  146  151  151  148
  143  137  132  126  118  107   98   91   90   95  111  127  144  157  172  189
  216  250  283  320  356  400  434  475  496  522  532  543  545  544  543  542
  543  544  549  548  547  539  532  517  499  465  430  397  357  314  273  242
  214  195  177  161  143  124  118   88   95                                   
    30.0-180.0 180.0   5.0 450.0                            LAT/LON1/LON2/DLON/H
   99  110   99   99  104  114  120  125  129  131  135  142  151  154  157  151
  148  138  133  123  116  103   95   89   89   95  110  132  151  171  184  205
  236  270  308  340  380  430  463  506  528  559  573  591  597  606  607  613
  614  625  635  638  640  644  648  646  637  607  576  541  493  437  386  339
  294  260  230  206  176  156  141  108   99                                   
    27.5-180.0 180.0   5.0 450.0                            LAT/LON1/LON2/DLON/H
  121  128  116  112  110  114  117  122  125  128  133  141  148  155  155  152
  145  136  128  121  112  103   92   86   87   94  116  143  172  185  206  229
  256  292  327  355  398  443  486  523  552  585  609  634  650  664  671  676
  685  696  713  725  745  761  782  785  781  755  721  677  631  578  530  486
  428  367  321  270  233  197  178  134  121                                   
    25.0-180.0 180.0   5.0 450.0                            LAT/LON1/LON2/DLON/H
  163  156  147  136  126  122  119  118  119  121  126  134  142  147  148  144
  141  129  125  113  111   99   95   90   92  104  126  162  183  208  232  260
  287  329  357  389  426  471  511  551  577  609  632  666  681  702  705  724
  738  767  788  816  834  859  874  889  894  881  856  819  776  723  669  606
  551  497  437  380  320  271  234  186  163                                   
    22.5-180.0 180.0   5.0 450.0                            LAT/LON1/LON2/DLON/H
  214  193  177  153  145  139  131  127  124  125  129  137  142  145  144  140
  135  128  119  112  106  101   98   94  106  113  143  169  194  216  234  273
  304  349  390  411  456  493  530  563  590  618  646  678  705  721  737  757
  785  814  842  865  888  913  937  955  964  958  939  910  871  817  760  708
  657  600  542  476  415  361  315  268  214                                   
    20.0-180.0 180.0   5.0 450.0                            LAT/LON1/LON2/DLON/H
  275  246  225  187  161  152  154  146  140  133  133  136  142  140  142  135
  133  121  119  106  107  101  101  106  111  126  146  173  198  231  255  298
  338  381  422  460  494  524  554  579  605  628  653  687  714  742  754  784
  806  831  853  871  891  914  942  962  974  971  958  931  900  854  805  758
  708  667  622  568  496  427  404  343  275                                   
    17.5-180.0 180.0   5.0 450.0                            LAT/LON1/LON2/DLON/H
  342  310  285  234  198  176  174  168  161  152  144  142  143  140  142  134
  133  125  118  109  107  105  113  110  124  130  153  166  202  240  265  316
  364  409  455  491  525  547  573  591  610  630  653  684  716  743  760  784
  804  821  832  840  853  872  900  924  934  932  924  903  878  834  796  755
  719  686  654  614  564  488  451  401  342                                   
    15.0-180.0 180.0   5.0 450.0                            LAT/LON1/LON2/DLON/H
  382  360  344  288  249  219  202  199  188  172  165  149  147  136  140  133
  135  125  121  111  113  112  116  116  120  129  145  175  213  253  287  335
  383  425  471  504  532  550  578  589  610  625  648  677  706  739  750  771
  775  779  777  770  779  790  810  828  847  847  844  824  803  768  733  704
  678  657  639  620  585  518  483  442  382                                   
    12.5-180.0 180.0   5.0 450.0                            LAT/LON1/LON2/DLON/H
  411  383  385  338  300  260  242  228  211  195  178  163  152  140  140  135
  132  127  115  116  116  117  125  112  116  117  145  184  224  265  303  349
  391  436  480  509  533  550  570  588  606  622  645  670  699  724  740  746
  746  737  723  705  697  702  714  732  750  754  747  744  724  702  668  651
  629  620  609  596  576  521  494  464  411                                   
    10.0-180.0 180.0   5.0 450.0                            LAT/LON1/LON2/DLON/H
  423  406  399  365  332  291  271  256  246  222  202  180  165  144  138  135
  128  134  121  127  128  123  122  117  118  133  163  205  242  277  320  357
  393  440  479  503  525  542  575  590  614  631  654  681  706  732  736  744
  728  717  691  670  657  655  664  668  675  674  673  668  658  633  604  580
  567  559  559  554  545  502  490  458  423                                   
     7.5-180.0 180.0   5.0 450.0                            LAT/LON1/LON2/DLON/H
  435  429  433  397  363  322  300  280  266  241  220  195  178  161  152  137
  138  135  129  132  131  126  115  110  111  134  173  225  258  297  328  359
