data/unet/pred1440.15i
     1.0            IONOSPHERE MAPS     GNSS                IONEX VERSION / TYPE
pyspatialgeodesy        IME             05-JAN-18 20:20     PGM / RUN BY / DATE 
Map Name                                                    COMMENT             
Predicted global ionosphere maps (GIM).                     DESCRIPTION         
  2015     5    24     0     0     0                        EPOCH OF FIRST MAP  
  2015     5    25     0     0     0                        EPOCH OF LAST MAP   
  7200                                                      INTERVAL            
    13                                                      # OF MAPS IN FILE   
  NONE                                                      MAPPING FUNCTION    
10.0                                                        ELEVATION CUTOFF    
One-way carrier phase leveled to code                       OBSERVABLES USED    
  6371.0                                                    BASE RADIUS         
 2                                                          MAP DIMENSION       
   450.0 450.0   0.0                                        HGT1 / HGT2 / DHGT  
    87.5 -87.5  -2.5                                        LAT1 / LAT2 / DLAT  
  -180.0 180.0   5.0                                        LON1 / LON2 / DLON  
    -1                                                      EXPONENT            
                                                            END OF HEADER       
[from data line 4719]
    12                                                      START OF TEC MAP    
  2015     5    24    22     0     0                        EPOCH OF CURRENT MAP
    87.5-180.0 180.0   5.0 450.0                            LAT/LON1/LON2/DLON/H
  224  193  183  186  186  186  186  187  187  187  186  187  186  186  185  185
  184  183  182  182  181  180  178  178  176  175  174  173  172  171  169  169
  168  167  167  165  165  164  164  163  162  162  162  161  161  162  162  162
  163  163  164  164  165  165  166  166  167  167  168  168  169  170  170  171
  172  174  175  175  174  175  181  202  224                                   
    85.0-180.0 180.0   5.0 450.0                            LAT/LON1/LON2/DLON/H
  204  199  199  203  202  203  204  205  206  206  207  206  206  205  205  204
  203  201  201  198  197  194  193  190  188  185  183  180  178  176  174  172
  171  169  168  167  166  166  164  165  163  165  164  165  165  167  166  168
  168  171  171  173  173  175  174  176  175  177  176  178  177  179  179  181
  181  184  184  185  185  185  186  202  204                                   
    82.5-180.0 180.0   5.0 450.0                            LAT/LON1/LON2/DLON/H
  203  199  200  204  205  207  209  212  212  214  214  215  214  215  213  214
  212  212  208  208  204  202  197  196  190  188  183  181  176  174  169  167
  164  163  161  160  158  158  157  157  157  157  158  159  160  162  163  165
  167  169  170  173  173  175  175  176  175  177  176  178  177  179  178  180
  180  183  183  185  183  185  183  200  203                                   
    80.0-180.0 180.0   5.0 450.0                            LAT/LON1/LON2/DLON/H
  205  199  200  200  205  207  211  212  216  215  219  218  221  218  220  217
  219  215  215  211  210  204  202  196  194  188  184  179  175  170  166  162
  160  157  156  154  153  152  152  152  152  153  153  155  157  159  161  163
  165  167  170  171  173  173  174  174  174  174  174  173  174  174  175  175
  178  178  181  179  181  180  178  188  205                                   
    77.5-180.0 180.0   5.0 450.0                            LAT/LON1/LON2/DLON/H
  200  197  194  196  200  204  208  210  214  215  219  219  221  220  222  220
  220  218  217  214  213  208  206  201  197  191  187  180  176  170  166  162
  159  156  155  152  152  150  151  149  150  149  152  152  155  156  160  162
  165  167  171  172  174  173  175  173  173  171  171  169  170  169  170  170
  172  173  176  174  175  175  173  184  200                                   
    75.0-180.0 180.0   5.0 450.0                            LAT/LON1/LON2/DLON/H
  197  194  193  194  198  201  206  208  213  214  218  218  221  219  221  218
  219  216  217  213  214  209  208  202  199  192  189  182  178  171  168  162
  160  157  156  154  153  151  151  150  149  149  150  151  152  154  157  160
  164  167  170  171  173  173  173  171  171  168  167  165  165  164  165  165
  167  169  173  171  173  173  173  182  197                                   
    72.5-180.0 180.0   5.0 450.0                            LAT/LON1/LON2/DLON/H
  195  194  191  193  196  200  204  207  211  214  218  218  220  219  219  217
  216  214  214  212  212  209  208  204  201  195  190  184  179  173  169  165
  163  161  160  158  157  155  154  152  151  149  150  150  151  152  155  158
  162  165  168  170  171  171  170  169  167  164  163  161  160  160  161  162
  164  167  170  171  172  174  173  185  195                                   
    70.0-180.0 180.0   5.0 450.0                            LAT/LON1/LON2/DLON/H
  198  196  194  196  199  201  206  208  214  215  220  219  222  220  220  216
  216  213  214  211  213  209  210  206  204  197  193  186  183  177  174  170
  169  166  167  164  164  160  159  156  154  150  149  146  147  147  150  151
  156  158  162  164  166  165  166  163  163  159  159  157  158  157  159  160
  164  167  173  173  176  177  177  188  198                                   
    67.5-180.0 180.0   5.0 450.0                            LAT/LON1/LON2/DLON/H
  204  203  200  200  202  204  208  211  215  218  221  223  224  222  221  218
  216  213  212  211  212  211  210  208  206  200  195  189  185  180  177  175
  174  172  172  170  168  165  162  158  154  150  146  144  142  141  142  145
  147  151  154  157  158  159  159  158  157  156  156  156  157  157  159  161
  165  169  174  177  179  183  181  194  204                                   
    65.0-180.0 180.0   5.0 450.0                            LAT/LON1/LON2/DLON/H
  213  211  210  210  211  212  214  216  220  222  226  226  229  226  226  221
  220  215  215  213  215  213  214  211  210  203  199  193  190  185  184  182
  181  179  179  176  173  168  166  160  155  148  144  139  137  134  135  135
  138  140  144  146  148  149  150  151  153  153  155  156  158  159  161  163
  167  171  178  180  185  188  188  199  213                                   
    62.5-180.0 180.0   5.0 450.0                            LAT/LON1/LON2/DLON/H
  223  221  221  220  219  220  220  221  223  226  228  230  231  230  228  225
  222  218  216  215  216  215  215  213  211  206  201  196  194  190  191  188
  189  186  184  179  175  170  166  160  155  149  143  138  133  130  129  129
  129  132  133  136  137  140  142  145  148  152  155  157  160  162  163  165
  168  171  178  181  185  191  192  206  223                                   
    60.0-180.0 180.0   5.0 450.0                            LAT/LON1/LON2/DLON/H
  232  230  231  230  230  228  228  227  229  228  230  230  233  231  230  226
  224  220  219  217  220  218  220  216  217  210  208  203  204  201  203  200
  200  195  192  184  179  171  167  160  155  148  143  136  133  128  126  125
  124  124  125  126  127  129  133  138  144  150  155  159  163  164  166  166
  169  171  178  179  186  191  196  209  232                                   
    57.5-180.0 180.0   5.0 450.0                            LAT/LON1/LON2/DLON/H
  237  237  240  240  239  238  236  234  232  231  230  231  231  230  229  227
  224  220  218  217  219  219  221  219  219  214  213  210  213  211  214  210
  209  202  196  188  179  172  166  161  156  151  146  140  135  131  127  125
  121  120  118  119  118  121  126  133  141  150  158  164  168  169  169  169
  170  172  177  179  184  192  196  214  237                                   
    55.0-180.0 180.0   5.0 450.0                            LAT/LON1/LON2/DLON/H
  243  242  249  250  252  249  249  246  243  239  237  235  234  232  231  228
  225  221  220  219  222  221  225  223  225  221  223  221  225  223  226  220
  217  208  202  191  183  174  170  164  161  154  151  144  141  135  131  126
  122  118  115  113  112  114  120  129  139  150  160  167  173  173  175  173
  175  175  179  180  186  191  199  217  243                                   
    52.5-180.0 180.0   5.0 450.0                            LAT/LON1/LON2/DLON/H
  246  249  255  258  261  262  261  259  254  249  244  240  237  235  233  229
  226  221  219  218  222  222  226  225  228  225  229  228  233  231  232  226
  221  211  204  194  184  178  172  169  166  161  157  152  147  141  136  130
  124  119  114  111  110  112  117  127  138  152  163  173  178  181  181  181
  181  181  183  183  188  194  200  223  246                                   
    50.0-180.0 180.0   5.0 450.0                            LAT/LON1/LON2/DLON/H
  252  252  263  266  273  273  277  274  272  264  260  252  249  244  241  235
  230  223  222  220  224  225  229  229  232  230  234  234  238  237  237  230
  225  215  208  197  190  183  180  175  173  168  164  158  154  148  143  136
  130  123  118  113  111  111  117  127  139  153  166  177  184  187  190  190
  192  192  193  190  194  198  209  230  252                                   
    47.5-180.0 180.0   5.0 450.0                            LAT/LON1/LON2/DLON/H
  257  260  269  273  281  285  290  291  290  285  276  269  262  256  250  244
  235  227  224  223  227  228  233  232  236  233  238  238  243  241  239  233
  227  218  212  204  197  192  189  185  181  176  171  166  160  155  150  143
  136  130  123  119  116  116  121  131  143  158  171  184  192  197  201  203
  206  207  208  205  207  211  217  240  257                                   
    45.0-180.0 180.0   5.0 450.0                            LAT/LON1/LON2/DLON/H
  268  265  276  279  290  294  304  307  310  306  301  291  285  275  269  258
  249  237  233  230  234  235  240  238  241  239  243  243  246  242  240  232
  228  220  217  209  208  202  201  194  190  182  176  169  164  159  155  149
  144  137  131  125  122  121  125  134  146  159  175  187  198  205  212  217
  224  226  227  224  226  225  234  251  268                                   
    42.5-180.0 180.0   5.0 450.0                            LAT/LON1/LON2/DLON/H
  277  277  284  288  298  306  316  324  329  329  324  318  309  300  290  277
  263  251  243  240  244  245  248  245  248  246  249  248  249  244  241  235
  230  226  225  222  223  218  216  208  200  191  182  176  170  165  162  157
  152  146  140  134  130  128  130  138  149  163  178  192  204  214  224  232
  242  245  246  244  245  245  250  267  277                                   
    40.0-180.0 180.0   5.0 450.0                            LAT/LON1/LON2/DLON/H
  294  290  296  298  309  316  328  338  346  349  348  343  338  327  317  299
  284  266  261  255  260  257  262  257  260  257  258  256  255  248  244  238
  236  233  236  233  236  230  229  217  210  196  188  180  175  171  168  164
  159  153  148  142  138  134  134  139  150  163  180  195  210  221  235  246
  257  263  264  263  264  262  269  280  294                                   
    37.5-180.0 180.0   5.0 450.0                            LAT/LON1/LON2/DLON/H
  308  308  312  313  322  330  342  353  362  368  368  366  362  354  342  323
  304  283  276  270  275  273  276  273  275  272  273  269  266  256  252  246
  245  244  248  247  250  244  240  227  218  204  194  187  182  179  176  172
  167  161  155  149  144  139  138  142  150  164  181  199  215  228  242  255
  267  276  277  278  279  280  282  297  308                                   
    35.0-180.0 180.0   5.0 450.0                            LAT/LON1/LON2/DLON/H
  329  328  333  334  341  349  356  369  377  384  386  386  385  379  370  350
  329  304  296  289  296  292  297  293  298  294  297  290  287  274  270  260
  259  255  260  258  260  250  246  232  223  210  204  196  193  189  186  181
  175  168  162  154  147  140  137  138  146  160  178  197  216  230  245  259
  272  282  284  287  290  292  299  309  329                                   
    32.5-180.0 180.0   5.0 450.0                            LAT/LON1/LON2/DLON/H
  343  349  354  357  363  370  377  388  395  403  403  406  406  404  395  376
  353  328  316  308  315  313  319  316  322  319  321  314  308  295  287  278
  273  269  270  267  266  255  247  234  226  215  209  205  202  198  193  186
  178  169  161  151  144  136  133  132  139  153  171  193  215  231  245  258
  271  282  288  292  297  302  309  323  343                                   
    30.0-180.0 180.0   5.0 450.0                            LAT/LON1/LON2/DLON/H
  359  367  375  382  386  395  397  409  412  422  421  426  426  426  418  401
  381  355  341  332  339  335  344  340  350  344  348  335  330  312  304  289
  284  275  272  267  264  253  243  231  226  218  215  212  211  207  202  191
  181  169  159  149  142  133  129  128  133  146  164  187  210  226  240  253
  264  276  285  291  298  306  322  333  359                                   
    27.5-180.0 180.0   5.0 450.0                            LAT/LON1/LON2/DLON/H
  367  382  394  406  412  419  422  432  435  444  443  449  448  450  442  429
  406  383  366  358  359  359  364  366  371  370  368  356  344  325  310  295
  285  276  265  257  251  241  234  225  221  217  215  214  213  209  202  190
  176  162  149  140  132  125  121  120  126  138  157  179  204  222  237  248
  260  271  281  291  299  310  323  341  367                                   
    25.0-180.0 180.0   5.0 450.0                            LAT/LON1/LON2/DLON/H
  375  392  410  424  432  442  443  455  456  465  461  468  467  470  463  454
  434  412  396  385  385  381  386  386  392  388  385  369  356  331  317  296
  285  268  255  241  232  225  220  215  218  216  218  217  215  210  200  186
  171  155  142  130  123  117  115  117  121  131  148  170  196  215  232  243
  255  267  278  290  302  315  334  350  375                                   
    22.5-180.0 180.0   5.0 450.0                            LAT/LON1/LON2/DLON/H
  377  398  420  439  449  461  468  480  484  493  489  493  492  497  489  483
  464  447  427  416  409  405  404  405  405  403  392  377  356  335  315  296
  276  256  234  217  209  205  204  204  207  209  212  212  208  202  190  174
  157  141  128  119  112  110  110  113  117  125  140  159  186  208  226  242
  255  269  281  294  306  321  336  355  377                                   
    20.0-180.0 180.0   5.0 450.0                            LAT/LON1/LON2/DLON/H
  380  398  422  440  457  471  484  500  508  521  517  522  518  522  516  510
  495  479  461  447  438  429  425  420  416  407  395  373  355  330  314  287
  267  235  212  193  190  189  199  201  209  209  214  210  208  197  185  166
  150  131  119  110  104  102  105  109  113  118  129  147  173  199  221  239
  254  271  284  297  309  325  342  359  380                                   
    17.5-180.0 180.0   5.0 450.0                            LAT/LON1/LON2/DLON/H
  380  400  420  442  457  478  493  516  528  547  546  553  546  549  542  541
  527  513  494  479  463  453  440  433  420  408  388  368  346  325  303  281
  253  223  196  181  181  187  195  203  209  211  210  208  200  191  175  160
  143  127  114  106  100  101  104  110  110  112  121  137  160  189  214  238
  257  277  293  306  318  330  345  362  380                                   
    15.0-180.0 180.0   5.0 450.0                            LAT/LON1/LON2/DLON/H
  385  400  417  437  455  472  493  517  537  557  563  572  568  569  563  563
  552  538  520  500  483  467  455  439  424  402  381  354  337  311  294  265
  238  205  183  172  181  190  205  212  219  214  213  203  198  183  173  155
  144  126  116  107  103  102  106  107  107  107  114  128  151  180  209  236
  259  281  298  314  325  339  353  367  385                                   
    12.5-180.0 180.0   5.0 450.0                            LAT/LON1/LON2/DLON/H
  390  407  417  437  446  465  482  510  530  558  566  580  576  582  575  580
  570  562  541  521  499  483  463  445  422  397  368  342  319  298  278  257
  229  206  185  186  194  208  219  228  227  223  212  204  194  184  170  157
  144  131  118  111  106  105  105  105  104  101  106  118  141  171  202  234
  262  287  305  320  334  345  360  373  390                                   
    10.0-180.0 180.0   5.0 450.0                            LAT/LON1/LON2/DLON/H
  399  416  420  434  440  450  466  491  517  543  557  569  570  575  573  580
  576  569  550  527  506  483  465  441  416  382  355  323  304  281  267  246
  225  204  195  197  211  224  242  245  245  231  219  204  197  181  171  153
  145  128  119  109  107  102  103  100   97   94   97  110  132  162  195  230
  260  286  305  322  339  355  372  380  399                                   
     7.5-180.0 180.0   5.0 450.0                            LAT/LON1/LON2/DLON/H
  412  432  430  442  438  445  451  474  492  522  535  551  550  559  558  570
  568  569  550  532  506  486  463  438  407  373  338  309  287  273  259  248
