data/unet/pred0720.15i
     1.0            IONOSPHERE MAPS     GNSS                IONEX VERSION / TYPE
pyspatialgeodesy        IME             05-JAN-18 20:20     PGM / RUN BY / DATE 
Map Name                                                    COMMENT             
Predicted global ionosphere maps (GIM).                     DESCRIPTION         
  2015     3    13     0     0     0                        EPOCH OF FIRST MAP  
  2015     3    14     0     0     0                        EPOCH OF LAST MAP   
  7200                                                      INTERVAL            
    13                                                      # OF MAPS IN FILE   
  NONE                                                      MAPPING FUNCTION    
10.0                                                        ELEVATION CUTOFF    
One-way carrier phase leveled to code                       OBSERVABLES USED    
  6371.0                                                    BASE RADIUS         
 2                                                          MAP DIMENSION       
   450.0 450.0   0.0                                        HGT1 / HGT2 / DHGT  
    87.5 -87.5  -2.5                                        LAT1 / LAT2 / DLAT  
  -180.0 180.0   5.0                                        LON1 / LON2 / DLON  
    -1                                                      EXPONENT            
                                                            END OF HEADER       
[from data line 3003]
     8                                                      START OF TEC MAP    
  2015     3    13    14     0     0                        EPOCH OF CURRENT MAP
    87.5-180.0 180.0   5.0 450.0                            LAT/LON1/LON2/DLON/H
  162  172  181  183  183  184  186  186  189  188  190  190  191  191  192  192
  193  192  193  193  193  193  193  192  192  191  190  189  188  186  185  183
  182  180  178  176  175  173  171  169  168  167  165  165  163  163  161  162
  160  161  160  160  159  161  160  162  162  163  163  164  164  166  165  168
  167  170  170  172  172  174  187  164  162                                   
    85.0-180.0 180.0   5.0 450.0                            LAT/LON1/LON2/DLON/H
  155  162  169  174  179  182  186  187  190  191  194  194  196  195  197  196
  198  196  198  196  198  195  195  193  193  190  189  187  186  183  181  179
  178  175  174  171  170  166  165  161  161  158  157  154  153  149  148  145
  143  140  138  136  135  134  133  133  131  132  131  133  133  135  136  139
  141  144  146  150  153  156  164  165  155                                   
    82.5-180.0 180.0   5.0 450.0                            LAT/LON1/LON2/DLON/H
  148  147  155  161  165  171  173  177  178  182  182  184  184  185  185  187
  187  189  189  192  191  194  193  195  193  194  190  191  186  186  180  181
  176  176  171  171  167  166  161  160  154  153  148  147  143  141  138  135
  132  128  128  122  124  118  123  116  121  114  119  113  119  115  121  119
  124  125  128  131  134  135  145  142  148                                   
    80.0-180.0 180.0   5.0 450.0                            LAT/LON1/LON2/DLON/H
  124  124  130  135  141  146  150  154  157  159  159  161  161  163  163  166
  166  169  171  174  176  178  180  181  181  182  180  180  177  177  174  174
  170  171  166  167  162  162  155  154  147  146  140  138  133  132  128  127
  123  122  119  117  115  115  114  114  112  113  110  110  107  108  105  107
  105  108  107  110  109  112  115  120  124                                   
    77.5-180.0 180.0   5.0 450.0                            LAT/LON1/LON2/DLON/H
  102  107  107  112  119  122  128  130  132  132  133  131  133  130  135  133
  140  139  147  148  157  158  166  167  172  173  175  176  176  177  175  176
  172  174  169  170  165  164  159  154  149  144  139  136  131  129  125  124
  120  121  118  119  116  119  116  118  115  116  113  113  109  109  104  105
   98   99   92   94   90   91   92   99  102                                   
    75.0-180.0 180.0   5.0 450.0                            LAT/LON1/LON2/DLON/H
   93   92   93   99  105  109  111  114  114  113  112  109  108  109  111  115
  120  126  133  140  149  155  164  169  175  177  179  180  182  182  183  183
  183  182  181  179  177  173  169  164  158  154  147  144  139  137  133  131
  129  127  127  125  126  125  126  123  123  122  121  120  116  114  110  106
  101   97   94   88   86   82   83   87   93                                   
    72.5-180.0 180.0   5.0 450.0                            LAT/LON1/LON2/DLON/H
   89   92   88   93   95   97  100   98   98   94   92   91   89   91   93   99
  106  115  125  135  147  156  168  175  183  188  190  194  192  195  193  195
  193  195  193  194  190  188  182  178  170  167  159  155  149  148  144  143
  141  142  140  139  137  138  135  136  132  133  129  129  124  123  117  114
  106  103   95   92   84   82   79   86   89                                   
    70.0-180.0 180.0   5.0 450.0                            LAT/LON1/LON2/DLON/H
   90   89   89   92   95   94   94   91   88   83   81   77   77   78   82   87
   97  109  124  139  154  168  180  192  198  204  204  207  208  208  209  206
  208  205  207  205  204  200  197  190  186  180  176  169  166  161  159  156
  154  153  151  150  147  146  142  139  136  132  130  127  124  122  118  115
  110  104  101   92   89   83   84   84   90                                   
    67.5-180.0 180.0   5.0 450.0                            LAT/LON1/LON2/DLON/H
   91   94   92   94   94   93   92   88   84   80   75   73   72   75   78   88
   98  116  132  151  165  180  194  205  214  219  218  223  218  221  215  217
  214  216  214  215  211  208  203  200  194  192  187  183  177  174  170  168
  165  163  159  155  151  146  140  135  129  126  120  121  115  117  109  111
  103  104   96   94   86   86   84   88   91                                   
    65.0-180.0 180.0   5.0 450.0                            LAT/LON1/LON2/DLON/H
   90   90   90   91   92   92   90   85   82   77   73   70   71   71   78   86
  100  119  137  154  173  189  205  217  224  231  230  234  228  228  225  224
  226  225  225  223  222  216  212  206  203  200  198  194  191  185  181  175
  171  167  161  155  147  139  130  123  115  110  106  102  101   99   99   97
   96   94   93   88   87   85   84   85   90                                   
    62.5-180.0 180.0   5.0 450.0                            LAT/LON1/LON2/DLON/H
   81   86   85   85   85   88   86   83   78   75   71   71   70   74   80   92
  104  125  142  164  177  198  210  223  229  236  232  238  229  233  228  234
  231  235  231  230  225  220  214  210  206  205  203  202  198  193  189  181
  177  168  162  150  142  129  120  109  101   94   86   84   79   81   79   82
   80   83   80   80   77   78   78   81   81                                   
    60.0-180.0 180.0   5.0 450.0                            LAT/LON1/LON2/DLON/H
   73   72   74   74   76   78   76   75   71   69   68   67   70   72   80   88
  103  122  141  159  179  195  211  221  228  233  233  237  232  238  238  242
  246  247  246  241  235  227  222  217  214  213  212  210  208  202  197  186
  182  171  163  150  138  125  113  101   91   82   75   70   68   68   69   70
   71   71   72   71   71   71   71   72   73                                   
    57.5-180.0 180.0   5.0 450.0                            LAT/LON1/LON2/DLON/H
   64   65   62   64   62   66   66   67   64   64   63   67   68   73   79   92
  103  124  138  161  174  194  206  219  223  230  229  236  233  242  245  256
  258  264  259  255  244  237  228  226  221  222  220  219  215  210  204  195
  189  178  170  154  145  128  117  105   94   84   74   71   66   67   64   65
   63   65   64   65   62   65   61   64   64                                   
    55.0-180.0 180.0   5.0 450.0                            LAT/LON1/LON2/DLON/H
   63   55   53   53   52   56   56   58   58   60   61   64   68   72   81   89
  104  118  136  153  171  186  201  210  218  223  229  234  240  251  261  272
  280  283  281  271  260  250  243  238  235  235  233  232  227  221  216  207
  200  189  182  168  159  146  135  124  112  102   91   85   78   77   73   72
   69   69   69   66   67   66   64   62   63                                   
    52.5-180.0 180.0   5.0 450.0                            LAT/LON1/LON2/DLON/H
   69   60   53   52   48   52   52   56   55   59   59   65   68   75   83   96
  108  127  139  161  173  192  201  215  219  231  234  247  254  269  281  296
  302  308  301  293  277  268  259  256  251  250  248  246  240  235  228  219
  213  201  197  183  177  167  157  147  136  128  116  110  100   98   91   88
   84   83   80   78   76   77   71   71   69                                   
    50.0-180.0 180.0   5.0 450.0                            LAT/LON1/LON2/DLON/H
   84   69   62   60   56   57   57   59   60   61   63   67   72   78   88   99
  115  131  147  165  180  196  208  219  230  238  251  260  275  288  306  318
  327  329  324  312  297  288  281  276  272  271  267  265  259  253  243  234
  226  215  209  197  192  182  175  165  159  151  143  138  131  128  120  116
  108  105  102   97   98   94   94   90   84                                   
    47.5-180.0 180.0   5.0 450.0                            LAT/LON1/LON2/DLON/H
  106   92   81   77   72   71   70   71   69   72   71   76   79   87   96  112
  127  146  160  182  194  214  222  240  248  263  272  289  297  314  324  336
  343  344  338  329  317  310  303  299  292  290  285  282  275  268  259  248
  237  224  217  204  198  186  179  171  167  161  159  157  154  153  147  142
  132  127  121  119  119  120  119  117  106                                   
    45.0-180.0 180.0   5.0 450.0                            LAT/LON1/LON2/DLON/H
  126  115  104   99   94   91   88   85   85   82   86   85   92   98  110  126
  144  161  179  197  213  229  243  256  272  284  298  308  319  328  336  343
  349  348  344  340  333  328  323  317  310  305  297  293  286  278  267  255
  243  228  219  204  197  181  173  162  161  160  162  165  166  169  164  160
  152  145  141  138  140  139  144  139  126                                   
    42.5-180.0 180.0   5.0 450.0                            LAT/LON1/LON2/DLON/H
  141  137  126  122  116  113  109  106  101  100  100  104  108  118  129  147
  163  183  201  221  234  252  264  283  295  313  320  332  335  340  342  346
  348  351  349  351  350  348  343  337  329  321  313  307  298  288  278  264
  250  233  219  200  190  168  156  141  141  140  147  154  161  164  164  160
  153  148  144  147  151  153  164  157  141                                   
    40.0-180.0 180.0   5.0 450.0                            LAT/LON1/LON2/DLON/H
  147  149  143  142  137  134  129  121  117  114  116  117  128  133  151  164
  187  202  223  237  252  265  282  297  312  326  335  344  344  345  344  348
  350  355  356  364  370  374  372  366  355  342  331  322  310  299  287  273
  256  240  222  204  186  162  142  121  118  115  126  134  142  150  149  150
  144  140  139  142  148  155  166  162  147                                   
    37.5-180.0 180.0   5.0 450.0                            LAT/LON1/LON2/DLON/H
  145  152  149  150  146  145  138  132  125  125  126  136  144  155  168  187
  207  224  241  253  266  278  293  309  323  337  345  353  354  353  351  357
  359  370  377  394  408  413  412  403  386  371  354  342  330  318  304  289
  273  256  237  214  193  166  141  114  109  103  117  121  131  134  138  133
  131  124  124  127  134  144  157  155  145                                   
    35.0-180.0 180.0   5.0 450.0                            LAT/LON1/LON2/DLON/H
  135  143  143  146  148  144  143  133  132  131  136  146  162  173  191  204
  227  239  256  263  276  285  302  313  329  340  349  359  360  364  365  376
  383  402  418  441  455  462  458  446  428  408  388  372  356  345  329  316
  296  283  262  246  220  197  171  145  131  120  125  125  131  128  129  125
  121  119  114  120  121  129  140  139  135                                   
    32.5-180.0 180.0   5.0 450.0                            LAT/LON1/LON2/DLON/H
  125  134  133  138  139  141  137  133  130  132  137  152  170  183  202  220
  238  254  265  273  282  293  307  318  333  345  355  368  375  385  392  412
  425  456  475  500  510  515  506  496  476  460  441  424  408  395  383  372
  361  350  335  315  282  250  215  190  180  174  182  185  178  164  154  146
  139  129  123  117  118  118  120  123  125                                   
    30.0-180.0 180.0   5.0 450.0                            LAT/LON1/LON2/DLON/H
  113  118  116  118  126  124  128  121  124  124  136  154  176  192  213  229
  250  260  274  279  293  299  316  323  337  345  357  371  390  406  427  455
  488  527  560  579  586  585  567  550  528  513  492  480  467  459  448  441
  429  425  406  395  369  351  318  298  275  268  260  248  231  214  201  194
  183  167  152  138  133  128  123  111  113                                   
    27.5-180.0 180.0   5.0 450.0                            LAT/LON1/LON2/DLON/H
  104  120  112  112  112  116  117  115  116  117  128  143  168  188  213  234
  254  268  281  289  301  311  321  331  340  349  361  383  407  438  464  506
  554  609  642  663  664  658  635  611  585  574  559  552  547  545  541  536
  529  528  520  509  494  481  456  432  407  390  371  352  321  298  260  244
  211  192  173  152  146  147  145  113  104                                   
    25.0-180.0 180.0   5.0 450.0                            LAT/LON1/LON2/DLON/H
  107  124  108  103  102  105  112  110  106  107  115  133  155  182  215  234
  260  269  286  294  311  321  335  340  347  355  374  404  439  473  522  571
  632  681  716  729  726  716  693  671  647  640  628  623  623  622  621  614
  613  613  618  624  624  619  593  573  544  522  488  458  414  390  347  334
  289  267  230  212  190  175  176  137  107                                   
    22.5-180.0 180.0   5.0 450.0                            LAT/LON1/LON2/DLON/H
  134  147  127  110  105   99  104  103  110  107  111  123  141  168  200  231
  259  274  292  305  323  339  351  355  357  368  390  434  472  524  579  645
  698  746  769  783  771  757  734  713  702  696  688  685  682  677  672  667
  663  667  664  673  673  673  647  627  594  578  549  535  489  463  435  420
  387  365  326  298  265  244  232  180  134                                   
    20.0-180.0 180.0   5.0 450.0                            LAT/LON1/LON2/DLON/H
  172  161  144  129  128  119  118  113  109  107  113  120  134  160  190  226
  259  278  298  313  338  356  368  372  374  388  422  462  514  576  639  699
  744  780  799  802  786  765  743  731  724  722  719  719  718  715  710  703
  698  694  694  698  695  693  673  648  620  602  578  562  537  530  510  504
  481  462  420  385  344  306  284  235  172                                   
    17.5-180.0 180.0   5.0 450.0                            LAT/LON1/LON2/DLON/H
  214  192  160  139  135  134  131  126  120  115  114  124  134  154  184  217
  253  282  306  324  346  366  379  384  392  401  429  481  542  616  673  734
  764  797  807  800  779  758  742  736  742  746  752  752  751  746  735  727
  711  702  687  679  661  645  629  605  589  571  563  551  543  537  535  534
  527  512  483  443  396  359  327  282  214                                   
    15.0-180.0 180.0   5.0 450.0                            LAT/LON1/LON2/DLON/H
  245  212  184  161  149  141  139  141  133  128  120  123  135  160  190  226
  253  285  309  335  355  380  387  401  395  411  451  509  576  641  695  736
  766  778  779  770  748  731  724  729  742  757  764  770  768  766  754  739
  720  694  669  619  593  558  547  519  512  507  512  516  519  530  533  536
  534  520  500  459  429  383  348  316  245                                   
    12.5-180.0 180.0   5.0 450.0                            LAT/LON1/LON2/DLON/H
  264  235  199  177  166  150  149  139  140  134  124  131  134  153  190  230
  260  287  311  340  361  382  380  386  383  413  465  533  600  659  701  730
  750  752  753  730  719  705  712  721  746  761  772  776  773  767  753  738
  711  669  608  535  485  448  425  407  404  403  422  457  474  496  492  509
  505  505  480  456  427  397  361  326  264                                   
    10.0-180.0 180.0   5.0 450.0                            LAT/LON1/LON2/DLON/H
  263  246  219  196  177  165  155  145  141  136  135  136  143  161  196  238
  272  307  330  360  375  398  385  396  406  444  502  569  629  672  701  716
  729  727  722  703  697  694  705  722  742  761  766  767  763  754  745  723
  693  642  561  468  410  359  335  320  323  327  358  408  438  467  471  474
  468  454  440  411  402  380  367  319  263                                   
     7.5-180.0 180.0   5.0 450.0                            LAT/LON1/LON2/DLON/H
  256  245  223  201  187  169  164  146  143  133  138  139  148  171  199  247
  279  321  337  366  374  380  371  387  417  466  537  602  654  680  697  707
