data/unet/pred2040.15i
     1.0            IONOSPHERE MAPS     GNSS                IONEX VERSION / TYPE
pyspatialgeodesy        IME             05-JAN-18 20:20     PGM / RUN BY / DATE 
Map Name                                                    COMMENT             
Predicted global ionosphere maps (GIM).                     DESCRIPTION         
  2015     7    23     0     0     0                        EPOCH OF FIRST MAP  
  2015     7    24     0     0     0                        EPOCH OF LAST MAP   
  7200                                                      INTERVAL            
    13                                                      # OF MAPS IN FILE   
  NONE                                                      MAPPING FUNCTION    
10.0                                                        ELEVATION CUTOFF    
One-way carrier phase leveled to code                       OBSERVABLES USED    
  6371.0                                                    BASE RADIUS         
 2                                                          MAP DIMENSION       
   450.0 450.0   0.0                                        HGT1 / HGT2 / DHGT  
    87.5 -87.5  -2.5                                        LAT1 / LAT2 / DLAT  
  -180.0 180.0   5.0                                        LON1 / LON2 / DLON  
    -1                                                      EXPONENT            
                                                            END OF HEADER       
[from data line 3003]
     8                                                      START OF TEC MAP    
  2015     7    23    14     0     0                        EPOCH OF CURRENT MAP
    87.5-180.0 180.0   5.0 450.0                            LAT/LON1/LON2/DLON/H
  131  144  149  149  147  146  146  146  146  145  145  144  144  144  143  143
  142  142  141  141  141  141  140  139  139  138  137  136  137  135  136  135
  136  135  136  136  136  136  136  136  136  136  136  137  137  138  138  139
  139  140  140  141  142  142  142  143  143  143  144  144  145  145  145  145
  146  145  147  145  144  142  153  137  131                                   
    85.0-180.0 180.0   5.0 450.0                            LAT/LON1/LON2/DLON/H
  131  138  131  131  132  132  132  132  132  132  130  131  130  130  128  129
  129  129  128  128  128  128  128  127  128  127  127  126  127  126  126  125
  125  124  124  123  124  123  123  122  123  123  124  123  126  125  127  127
  130  130  132  132  134  133  134  134  135  135  136  135  136  135  136  135
  136  135  136  134  134  132  134  138  131                                   
    82.5-180.0 180.0   5.0 450.0                            LAT/LON1/LON2/DLON/H
  137  128  129  127  128  126  128  127  128  127  127  126  127  126  126  126
  126  126  126  126  127  127  127  127  128  128  128  128  128  127  127  125
  125  123  123  120  121  117  120  115  120  116  121  118  124  122  127  126
  131  131  134  134  137  136  138  137  138  137  138  137  137  136  136  134
  135  133  133  130  129  127  132  123  137                                   
    80.0-180.0 180.0   5.0 450.0                            LAT/LON1/LON2/DLON/H
  125  122  117  122  120  121  121  123  123  124  123  124  124  124  124  124
  124  124  124  125  125  127  127  128  128  129  128  130  128  130  127  129
  124  125  120  121  116  117  113  114  112  115  114  118  119  123  124  128
  129  132  134  135  136  137  137  138  137  137  137  135  135  134  134  132
  131  130  128  125  122  122  117  117  125                                   
    77.5-180.0 180.0   5.0 450.0                            LAT/LON1/LON2/DLON/H
  112  110  108  110  111  114  115  117  117  118  117  119  118  118  119  119
  119  119  120  120  122  121  124  124  127  126  130  130  132  131  132  131
  128  126  122  120  115  114  110  111  108  111  111  115  116  121  123  127
  128  132  133  135  135  135  135  135  134  133  132  131  129  128  127  125
  123  122  120  117  113  110  110  108  112                                   
    75.0-180.0 180.0   5.0 450.0                            LAT/LON1/LON2/DLON/H
  104  101  100  104  107  109  112  113  116  116  118  118  120  119  121  119
  121  119  121  120  122  121  124  123  126  127  130  131  134  134  135  134
  132  129  125  121  117  113  110  108  108  109  111  114  118  121  125  128
  131  134  135  136  136  136  136  134  133  132  131  129  128  126  125  122
  121  118  117  112  111  108  102  105  104                                   
    72.5-180.0 180.0   5.0 450.0                            LAT/LON1/LON2/DLON/H
   96   94   95   96   99  103  105  108  110  112  114  116  116  117  116  117
  116  116  116  117  117  118  120  121  123  125  128  131  134  136  137  137
  136  133  130  125  120  116  112  110  109  111  113  117  120  125  128  131
  133  135  135  136  135  134  133  131  129  128  127  125  124  122  120  118
  115  113  110  107  104  101   99  100   96                                   
    70.0-180.0 180.0   5.0 450.0                            LAT/LON1/LON2/DLON/H
   94   90   89   92   96   99  103  105  109  111  115  116  119  118  120  118
  118  117  117  116  116  116  117  118  120  123  126  129  132  136  138  139
  138  136  132  128  123  119  115  114  113  115  117  122  125  130  132  136
  137  138  137  137  136  134  133  132  131  129  129  128  128  126  125  121
  119  114  112  106  104  100   96  101   94                                   
    67.5-180.0 180.0   5.0 450.0                            LAT/LON1/LON2/DLON/H
   92   88   86   86   89   93   97  101  104  108  112  116  117  118  118  118
  116  115  114  115  114  115  116  118  120  122  125  128  131  135  138  140
  140  138  136  131  127  122  119  118  118  120  123  128  130  134  136  138
  138  137  137  135  134  132  132  130  131  130  131  131  131  130  128  125
  121  117  112  108  103   97   96   97   92                                   
    65.0-180.0 180.0   5.0 450.0                            LAT/LON1/LON2/DLON/H
   95   89   84   86   90   91   97   99  104  108  113  115  119  119  121  119
  118  115  115  114  115  114  115  116  118  120  122  125  128  132  135  138
  139  139  136  133  128  126  122  123  122  127  128  133  135  139  139  139
  139  137  135  133  133  132  133  132  135  135  137  138  139  137  137  132
  129  123  118  109  106   99   96  101   95                                   
    62.5-180.0 180.0   5.0 450.0                            LAT/LON1/LON2/DLON/H
   96   89   85   83   86   88   91   96  100  105  109  114  117  119  120  120
  117  115  113  113  114  114  116  118  119  120  122  124  126  130  134  137
  140  139  138  135  132  129  127  127  129  132  134  138  139  140  140  139
  137  134  132  131  131  130  133  134  137  139  142  144  144  143  141  137
  132  126  119  112  105   97   97   98   96                                   
    60.0-180.0 180.0   5.0 450.0                            LAT/LON1/LON2/DLON/H
   97   89   83   83   87   87   91   93   99  102  108  112  116  117  118  117
  117  114  113  112  114  115  118  119  121  121  122  124  126  129  134  138
  141  142  141  139  136  135  132  135  136  141  141  145  144  144  142  139
  136  134  131  131  132  133  137  139  144  146  149  150  151  149  147  141
  136  128  123  113  107   96   96  100   97                                   
    57.5-180.0 180.0   5.0 450.0                            LAT/LON1/LON2/DLON/H
   98   89   84   83   86   85   89   91   94   99  102  107  111  113  115  115
  115  113  112  113  115  116  120  122  124  124  125  125  127  130  135  139
  142  144  145  143  141  140  140  142  143  147  149  150  148  145  143  139
  137  134  134  134  136  138  142  144  148  151  154  155  153  151  147  141
  134  127  120  112  105   94   95   96   98                                   
    55.0-180.0 180.0   5.0 450.0                            LAT/LON1/LON2/DLON/H
   98   87   81   83   87   86   89   91   94   96  100  102  106  107  111  111
  114  111  113  112  116  118  123  125  128  129  130  130  132  135  139  144
  148  150  151  150  148  149  148  151  153  156  156  156  153  150  145  142
  140  139  138  140  142  144  148  150  154  156  159  157  156  150  146  138
  131  124  118  110  103   92   92   96   98                                   
    52.5-180.0 180.0   5.0 450.0                            LAT/LON1/LON2/DLON/H
   98   89   84   83   87   87   90   92   95   96   97   99  101  103  107  110
  113  112  114  116  119  121  126  129  133  132  135  134  137  139  144  148
  153  155  157  157  157  158  158  161  161  163  162  160  158  152  150  145
  145  144  145  147  149  150  153  154  157  158  158  157  152  147  140  132
  125  118  113  106   99   90   91   92   98                                   
    50.0-180.0 180.0   5.0 450.0                            LAT/LON1/LON2/DLON/H
  100   89   83   86   89   90   93   95   98   97   98   98  100  100  106  108
  114  114  117  118  123  124  129  132  136  136  139  140  143  145  151  154
  160  163  166  167  169  170  172  173  174  173  172  169  165  160  156  155
  154  155  155  156  157  156  159  158  161  160  161  155  152  143  137  128
  121  117  111  104   99   91   90   92  100                                   
    47.5-180.0 180.0   5.0 450.0                            LAT/LON1/LON2/DLON/H
  101   93   88   88   91   93   97   99  101  102  100  101  101  103  107  112
  117  119  122  125  128  129  132  134  139  139  143  144  148  150  155  159
  165  169  174  177  180  183  184  186  184  184  182  178  173  167  165  163
  165  163  165  164  164  162  162  162  162  162  158  154  147  139  132  123
  118  113  109  103   97   90   91   90  101                                   
    45.0-180.0 180.0   5.0 450.0                            LAT/LON1/LON2/DLON/H
  105   94   90   92   95   97  101  105  107  108  108  106  108  108  113  116
  123  125  130  131  135  134  137  137  142  142  148  148  154  155  161  165
  172  178  184  189  194  196  198  197  197  193  192  187  183  178  175  174
  174  174  173  171  170  166  166  163  165  163  160  154  150  139  133  125
  121  117  112  106  101   94   93   95  105                                   
    42.5-180.0 180.0   5.0 450.0                            LAT/LON1/LON2/DLON/H
  103   98   93   93   94   97  102  108  111  114  114  115  115  116  120  124
  130  134  138  141  142  141  142  142  145  145  151  152  157  159  165  170
  178  186  193  202  206  213  211  213  209  207  203  200  195  190  188  185
  186  183  183  178  175  170  168  166  165  163  159  156  149  142  136  129
  125  120  116  110  104   97   98   95  103                                   
    40.0-180.0 180.0   5.0 450.0                            LAT/LON1/LON2/DLON/H
  109   98   92   93   95   97  102  109  115  119  123  124  127  127  131  134
  140  143  148  149  151  147  148  145  150  149  157  157  163  165  173  178
  189  198  209  219  227  232  235  231  229  222  219  214  211  206  203  199
  198  195  192  186  182  175  174  170  170  168  164  161  156  148  145  138
  135  130  125  117  111  104  101  102  109                                   
    37.5-180.0 180.0   5.0 450.0                            LAT/LON1/LON2/DLON/H
  106  100   93   91   91   92   97  104  112  120  126  131  135  138  141  144
  149  151  155  158  158  155  153  152  154  156  161  165  169  174  179  190
  199  214  227  243  254  261  263  260  253  247  240  235  229  224  220  215
  212  207  204  197  190  182  180  176  174  171  168  166  162  158  154  149
  145  139  133  124  116  109  108  103  106                                   
    35.0-180.0 180.0   5.0 450.0                            LAT/LON1/LON2/DLON/H
  110   98   89   89   88   88   91   96  105  117  127  136  143  146  151  153
  157  160  164  165  166  162  160  157  160  162  169  172  178  182  192  203
  218  235  255  275  289  296  296  291  285  275  266  259  252  244  236  229
  225  220  214  207  198  191  187  182  179  177  173  172  168  166  163  159
  154  148  141  129  122  113  111  111  110                                   
    32.5-180.0 180.0   5.0 450.0                            LAT/LON1/LON2/DLON/H
  107  100   91   86   84   82   85   89   97  107  122  133  144  150  155  158
  162  166  169  172  171  169  166  165  167  171  176  181  186  195  205  221
  234  260  281  303  314  321  321  317  310  302  293  286  276  268  256  249
  240  233  227  216  210  199  196  188  185  178  174  173  172  170  168  164
  158  151  142  132  123  116  118  112  107                                   
    30.0-180.0 180.0   5.0 450.0                            LAT/LON1/LON2/DLON/H
  112  101   91   88   84   79   79   80   87   98  112  128  142  151  158  162
  167  170  174  175  176  173  171  170  174  179  186  192  199  210  222  238
  259  284  308  327  339  343  343  338  331  324  316  309  299  293  279  272
  260  254  245  236  224  214  206  197  192  184  176  176  172  172  170  166
  160  150  142  131  125  117  118  118  112                                   
    27.5-180.0 180.0   5.0 450.0                            LAT/LON1/LON2/DLON/H
  113  107   97   92   87   82   78   77   82   92  106  121  136  148  156  161
  167  172  175  180  178  178  174  177  179  187  194  203  212  225  237  258
  277  306  324  344  350  355  354  349  344  337  330  325  316  310  297  289
  278  272  261  251  241  227  217  203  198  184  178  172  170  168  166  161
  151  145  136  130  122  119  124  118  113                                   
    25.0-180.0 180.0   5.0 450.0                            LAT/LON1/LON2/DLON/H
  121  113  102  100   93   87   80   75   76   83   95  109  125  140  150  157
  166  172  177  180  180  179  177  177  184  191  203  212  225  239  254  274
  296  318  336  350  356  359  358  355  351  346  339  337  327  324  309  305
  292  290  276  268  253  240  222  210  197  186  175  170  165  163  158  153
  144  139  132  127  121  121  122  125  121                                   
    22.5-180.0 180.0   5.0 450.0                            LAT/LON1/LON2/DLON/H
  123  120  112  109  102   97   89   81   79   82   91  107  121  134  146  154
  163  170  176  182  181  182  178  181  185  196  209  223  235  253  267  289
  308  328  339  350  350  354  352  353  349  348  342  342  333  331  317  315
  303  301  286  277  259  242  224  208  195  177  168  159  155  150  146  139
  132  128  123  119  117  120  126  124  123                                   
    20.0-180.0 180.0   5.0 450.0                            LAT/LON1/LON2/DLON/H
  129  124  118  119  113  108   99   90   83   82   87   98  112  124  135  145
  157  164  174  176  179  178  178  179  187  197  214  228  247  263  280  297
  315  328  336  342  340  341  341  341  341  338  337  335  332  330  320  319
  310  307  294  281  262  241  220  206  190  175  160  151  143  140  134  130
  123  120  116  115  113  119  120  125  129                                   
    17.5-180.0 180.0   5.0 450.0                            LAT/LON1/LON2/DLON/H
  125  124  121  121  115  113  106  101   92   87   88   96  108  125  134  144
  154  164  171  177  177  179  179  183  191  203  220  237  254  274  287  304
  317  327  330  333  327  333  331  337  334  336  331  333  330  329  322  322
  313  313  297  287  262  240  217  201  185  166  152  139  133  127  126  121
  118  115  112  110  110  112  116  119  125                                   
    15.0-180.0 180.0   5.0 450.0                            LAT/LON1/LON2/DLON/H
  122  117  115  118  115  116  112  108  100   95   92   96  105  117  129  137
  147  156  166  168  172  174  177  183  194  206  224  243  263  277  294  303
  313  317  319  318  317  319  323  327  328  326  325  322  325  321  320  315
  313  307  295  279  255  232  209  194  179  163  146  135  126  123  120  119
  117  115  111  108  104  108  108  114  122                                   
    12.5-180.0 180.0   5.0 450.0                            LAT/LON1/LON2/DLON/H
  110  107  105  105  103  108  108  109  103   99   95   98  104  117  128  138
  147  158  164  170  172  177  182  190  202  215  232  253  266  284  296  306
  313  316  317  319  315  323  326  334  330  334  326  328  326  324  319  316
  310  308  290  276  247  223  200  183  173  155  143  129  123  119  121  120
  118  114  110  104   99   98   98  102  110                                   
    10.0-180.0 180.0   5.0 450.0                            LAT/LON1/LON2/DLON/H
  101   91   89   90   89   95   98  102  101   99   98   98  105  114  126  132
  146  151  162  163  169  173  183  194  208  222  242  259  278  290  305  308
  317  315  319  318  320  325  330  336  333  333  325  322  321  316  312  306
  301  294  277  259  235  210  190  176  167  154  141  130  123  121  122  123
  120  115  110  102   94   92   89   90  101                                   
     7.5-180.0 180.0   5.0 450.0                            LAT/LON1/LON2/DLON/H
   90   82   76   75   73   77   83   88   91   93   94   97  105  116  126  136
  145  156  162  168  171  181  191  206  218  236  251  272  285  301  311  318
