data/unet/pred3360.15i
     1.0            IONOSPHERE MAPS     GNSS                IONEX VERSION / TYPE
pyspatialgeodesy        IME             05-JAN-18 20:20     PGM / RUN BY / DATE 
Map Name                                                    COMMENT             
Predicted global ionosphere maps (GIM).                     DESCRIPTION         
  2015    12     2     0     0     0                        EPOCH OF FIRST MAP  
  2015    12     3     0     0     0                        EPOCH OF LAST MAP   
  7200                                                      INTERVAL            
    13                                                      # OF MAPS IN FILE   
  NONE                                                      MAPPING FUNCTION    
10.0                                                        ELEVATION CUTOFF    
One-way carrier phase leveled to code                       OBSERVABLES USED    
  6371.0                                                    BASE RADIUS         
 2                                                          MAP DIMENSION       
   450.0 450.0   0.0                                        HGT1 / HGT2 / DHGT  
    87.5 -87.5  -2.5                                        LAT1 / LAT2 / DLAT  
  -180.0 180.0   5.0                                        LON1 / LON2 / DLON  
    -1                                                      EXPONENT            
                                                            END OF HEADER       
[from data line 2145]
     6                                                      START OF TEC MAP    
  2015    12     2    10     0     0                        EPOCH OF CURRENT MAP
    87.5-180.0 180.0   5.0 450.0                            LAT/LON1/LON2/DLON/H
   45   62   49   49   46   46   46   47   46   47   46   46   44   45   43   44
   42   42   40   41   40   41   39   40   40   41   40   41   40   42   40   42
   40   42   39   41   39   41   39   41   39   41   40   40   40   41   39   41
   39   41   40   41   40   41   41   41   41   41   41   41   42   41   42   41
   43   42   44   45   47   45   45   44   45                                   
    85.0-180.0 180.0   5.0 450.0                            LAT/LON1/LON2/DLON/H
   70   73   72   73   69   68   68   68   67   66   66   64   63   61   61   59
   59   57   57   55   56   54   55   53   55   53   55   53   55   52   54   52
   54   51   53   51   52   50   51   50   51   50   50   50   49   49   48   49
   48   50   49   51   51   53   52   55   55   57   57   58   60   60   62   62
   63   63   65   63   67   68   67   52   70                                   
    82.5-180.0 180.0   5.0 450.0                            LAT/LON1/LON2/DLON/H
   63   81   72   74   67   67   65   66   63   63   60   59   56   55   51   52
   48   49   46   47   45   46   45   46   46   46   46   47   47   46   46   46
   46   45   45   44   43   42   42   41   41   41   40   40   40   40   40   41
   41   42   43   44   44   46   46   49   49   52   52   54   55   57   57   59
   59   60   61   62   65   68   66   41   63                                   
    80.0-180.0 180.0   5.0 450.0                            LAT/LON1/LON2/DLON/H
   61   71   64   63   60   59   57   58   55   54   51   50   46   44   40   41
   37   38   34   37   34   37   35   39   37   40   39   42   41   42   42   42
   42   40   41   39   40   37   38   37   37   36   37   36   36   37   36   38
   37   40   38   42   40   43   41   45   44   47   46   50   49   52   51   54
   53   55   54   54   55   56   60   38   61                                   
    77.5-180.0 180.0   5.0 450.0                            LAT/LON1/LON2/DLON/H
   51   65   60   59   58   56   57   55   54   50   49   45   43   38   37   33
   33   30   30   29   30   29   32   32   34   34   36   36   38   37   40   38
   40   38   40   38   38   37   37   36   37   37   37   38   38   39   39   40
   40   42   42   43   43   43   45   44   46   45   48   47   50   49   51   50
   52   51   53   51   53   51   52   25   51                                   
    75.0-180.0 180.0   5.0 450.0                            LAT/LON1/LON2/DLON/H
   47   53   51   52   49   52   49   50   46   46   40   39   33   34   28   29
   26   27   26   28   27   29   28   31   29   33   31   35   35   38   38   40
   40   41   42   42   42   42   42   42   43   43   45   45   46   47   47   48
   48   50   48   50   47   50   46   49   45   48   45   48   45   48   46   48
   46   49   47   48   46   48   48   23   47                                   
    72.5-180.0 180.0   5.0 450.0                            LAT/LON1/LON2/DLON/H
   43   50   46   48   46   47   46   47   45   42   40   36   35   31   31   29
   30   28   31   30   32   31   33   33   33   32   33   34   36   36   40   40
   44   43   47   47   50   49   53   53   56   56   59   59   60   61   61   61
   60   60   58   57   55   54   51   49   47   45   46   44   45   44   46   45
   46   44   46   44   44   41   43   18   43                                   
    70.0-180.0 180.0   5.0 450.0                            LAT/LON1/LON2/DLON/H
   41   40   41   41   42   43   44   44   44   41   39   36   34   33   32   33
   33   36   36   39   39   39   38   38   35   34   32   34   33   37   37   44
   44   50   51   56   56   62   62   68   67   72   73   76   77   79   79   78
   76   74   71   68   64   60   56   53   49   47   44   45   43   45   44   46
   45   46   45   44   43   43   42   23   41                                   
    67.5-180.0 180.0   5.0 450.0                            LAT/LON1/LON2/DLON/H
   37   42   40   41   40   41   44   44   45   42   41   38   38   36   38   38
   41   41   45   45   47   45   43   41   36   33   30   29   30   32   36   40
   46   49   56   59   65   68   74   77   81   86   89   94   95   98   98   95
   92   87   82   75   68   62   56   51   47   43   42   40   40   40   42   42
   44   44   45   44   44   41   42   21   37                                   
    65.0-180.0 180.0   5.0 450.0                            LAT/LON1/LON2/DLON/H
   37   38   40   40   41   43   45   46   46   44   43   42   40   41   41   45
   45   50   50   53   52   50   46   42   36   32   27   28   26   33   34   45
   47   57   59   70   71   82   83   94   93  104  104  113  112  117  114  114
  107  102   93   85   75   66   60   53   49   44   42   40   40   41   41   43
   44   46   47   48   46   46   46   29   37                                   
    62.5-180.0 180.0   5.0 450.0                            LAT/LON1/LON2/DLON/H
   37   44   42   41   41   43   45   47   47   45   44   44   43   44   46   49
   51   52   55   54   54   50   45   40   33   29   23   22   24   27   33   40
   48   55   63   70   78   85   93   99  106  112  118  124  126  128  127  123
  118  109  101   88   78   65   57   50   45   41   39   37   37   36   38   39
   41   43   46   47   47   45   47   29   37                                   
    60.0-180.0 180.0   5.0 450.0                            LAT/LON1/LON2/DLON/H
   36   40   41   41   40   43   45   47   46   45   43   44   41   45   44   50
   50   52   51   52   50   46   42   38   31   27   21   24   23   32   35   48
   53   64   69   81   84   97  101  111  113  124  126  135  133  138  133  134
  125  118  107   95   82   69   61   52   48   43   43   40   40   39   39   40
   40   44   45   49   48   49   48   32   36                                   
    57.5-180.0 180.0   5.0 450.0                            LAT/LON1/LON2/DLON/H
   40   48   44   43   42   43   44   46   45   44   42   42   42   44   47   48
   50   48   48   45   43   39   36   33   27   25   21   22   25   30   38   47
   57   65   74   82   90   99  107  114  120  127  134  136  140  139  141  137
  133  124  115  100   88   73   65   56   52   48   47   45   43   40   39   38
   38   40   43   45   47   47   49   30   40                                   
    55.0-180.0 180.0   5.0 450.0                            LAT/LON1/LON2/DLON/H
   43   48   45   44   41   43   43   45   42   42   39   40   38   42   40   45
   41   42   36   37   32   34   31   33   28   29   25   30   31   41   46   60
   67   79   84   97  101  111  117  125  128  136  137  145  142  149  143  146
  136  135  120  111   95   84   73   66   63   60   60   56   54   49   46   43
   41   43   43   49   47   51   51   36   43                                   
    52.5-180.0 180.0   5.0 450.0                            LAT/LON1/LON2/DLON/H
   50   58   50   49   45   45   44   45   42   41   38   38   38   40   41   42
   41   37   33   29   29   27   30   31   31   32   32   35   38   45   53   64
   73   83   91  101  107  116  123  130  135  140  144  145  149  148  152  148
  149  141  136  121  109   95   86   77   75   71   71   67   64   58   52   48
   45   44   46   47   49   50   55   37   50                                   
    50.0-180.0 180.0   5.0 450.0                            LAT/LON1/LON2/DLON/H
   54   58   55   53   50   49   48   48   45   44   39   40   38   40   39   41
   36   34   26   26   22   28   28   37   36   42   40   46   49   58   63   77
   84   97  103  115  120  128  135  142  146  150  149  155  152  158  155  162
  155  157  144  137  119  110   97   93   88   86   84   82   78   72   66   61
   55   54   51   56   53   58   58   44   54                                   
    47.5-180.0 180.0   5.0 450.0                            LAT/LON1/LON2/DLON/H
   60   69   62   61   55   55   52   53   48   47   43   42   41   42   42   41
   38   34   29   27   27   29   35   39   43   46   49   52   55   62   68   79
   87  100  109  119  127  135  144  149  157  156  159  156  160  160  164  164
  168  163  159  146  135  120  109  100   96   92   91   87   84   79   74   68
   64   61   60   59   60   62   65   48   60                                   
    45.0-180.0 180.0   5.0 450.0                            LAT/LON1/LON2/DLON/H
   67   69   69   66   64   62   62   61   58   55   51   51   48   49   47   47
   41   40   33   35   32   40   39   49   47   55   54   62   63   71   76   88
   94  110  119  131  139  148  157  164  169  169  168  168  166  169  170  175
  171  172  163  155  139  129  112  107   97   96   91   91   86   82   80   76
   72   71   68   70   67   70   71   59   67                                   
    42.5-180.0 180.0   5.0 450.0                            LAT/LON1/LON2/DLON/H
   70   78   73   72   68   68   65   67   64   62   59   58   57   56   56   53
   51   47   45   43   44   46   49   51   55   57   60   64   68   73   78   87
   96  109  121  132  144  154  167  172  179  175  177  173  173  172  176  175
  175  170  166  155  144  128  114  103   95   89   85   82   81   78   78   77
   75   74   74   73   72   72   76   62   70                                   
    40.0-180.0 180.0   5.0 450.0                            LAT/LON1/LON2/DLON/H
   75   74   76   74   73   72   74   74   74   72   70   70   68   68   66   65
   61   61   56   60   56   60   57   60   58   63   64   71   75   81   85   95
  102  116  129  143  157  169  181  187  191  188  186  183  182  181  181  180
  177  173  165  157  143  131  113  104   91   87   79   77   76   74   76   77
   77   79   76   78   74   76   76   63   75                                   
    37.5-180.0 180.0   5.0 450.0                            LAT/LON1/LON2/DLON/H
   69   75   73   74   70   72   72   74   74   75   75   77   77   75   75   72
   72   70   69   69   68   66   64   62   61   63   67   73   80   84   89   96
  104  117  132  147  164  178  192  195  200  195  194  190  189  187  188  183
  181  174  172  160  152  136  124  108   99   89   83   76   74   71   74   75
   78   78   78   75   73   71   74   59   69                                   
    35.0-180.0 180.0   5.0 450.0                            LAT/LON1/LON2/DLON/H
   65   65   69   66   68   69   73   74   77   80   82   85   86   86   85   84
   82   83   81   83   80   77   70   68   63   68   72   83   90   98  101  109
  116  130  145  162  179  193  204  210  210  208  206  204  201  201  201  198
  193  189  182  177  165  155  139  128  113  106   94   88   81   78   77   80
   80   81   77   76   70   70   70   52   65                                   
    32.5-180.0 180.0   5.0 450.0                            LAT/LON1/LON2/DLON/H
   53   59   56   57   55   59   60   66   69   75   81   86   90   89   90   87
   88   88   89   90   86   82   73   67   65   67   77   88  100  107  113  118
  126  140  155  172  190  206  217  220  223  217  218  213  216  215  218  213
  212  208  207  200  197  184  174  158  149  137  128  117  108   97   93   90
   89   85   81   75   70   64   66   47   53                                   
    30.0-180.0 180.0   5.0 450.0                            LAT/LON1/LON2/DLON/H
   49   46   48   45   47   51   54   59   65   72   79   87   91   92   92   92
   91   93   93   96   91   86   75   71   66   75   85  104  116  128  133  141
  148  161  177  193  211  223  233  237  237  236  235  235  237  240  242  242
  241  243  242  242  236  228  213  200  187  176  163  154  143  136  123  118
  107  102   91   82   72   65   62   39   49                                   
    27.5-180.0 180.0   5.0 450.0                            LAT/LON1/LON2/DLON/H
   48   49   41   41   38   42   44   50   54   64   72   81   87   89   91   90
   90   92   92   94   89   83   74   67   69   77   95  112  129  141  150  157
  166  179  193  211  229  242  251  253  257  255  262  261  271  270  280  276
  285  285  292  292  292  281  269  251  242  230  221  207  193  180  168  157
  144  130  113   98   89   74   70   41   48                                   
    25.0-180.0 180.0   5.0 450.0                            LAT/LON1/LON2/DLON/H
   53   45   41   38   36   40   40   44   50   58   67   76   82   85   88   88
   89   90   90   91   86   80   72   70   73   87  105  126  145  158  169  179
  188  202  215  232  251  261  272  272  275  277  283  291  299  307  313  320
  324  334  337  343  341  335  324  308  298  284  273  257  243  227  210  200
  185  168  147  131  111   95   83   54   53                                   
    22.5-180.0 180.0   5.0 450.0                            LAT/LON1/LON2/DLON/H
   67   63   51   48   41   41   38   40   44   51   60   67   74   77   81   82
   83   84   83   84   79   74   70   69   78   90  111  130  150  164  180  191
  207  219  233  252  267  282  289  293  295  298  309  319  334  341  355  357
  374  377  392  390  399  392  386  369  359  344  330  313  296  275  260  244
  230  211  189  166  146  120  105   73   67                                   
    20.0-180.0 180.0   5.0 450.0                            LAT/LON1/LON2/DLON/H
   82   77   66   59   50   48   44   45   45   48   55   61   68   71   75   77
   79   79   78   77   73   69   69   72   82   95  118  136  157  173  190  207
  226  238  253  269  285  295  304  306  310  315  324  340  358  373  384  394
  405  415  426  430  436  429  427  411  406  389  376  356  338  316  297  283
  271  252  231  206  183  157  130  101   82                                   
    17.5-180.0 180.0   5.0 450.0                            LAT/LON1/LON2/DLON/H
  108  105   88   82   68   57   52   48   48   49   52   55   60   63   67   70
   73   73   73   72   68   67   67   71   81   95  115  135  156  173  195  212
  234  249  265  284  297  310  316  323  327  335  348  368  390  403  420  424
  440  444  459  456  464  458  455  444  436  422  405  385  367  343  326  311
  300  285  264  243  216  185  160  131  108                                   
    15.0-180.0 180.0   5.0 450.0                            LAT/LON1/LON2/DLON/H
  130  120  110   99   90   75   65   59   59   55   57   55   59   59   63   66
   69   71   70   70   68   69   71   75   87  100  122  139  157  178  198  222
  241  262  279  296  311  319  330  334  342  354  371  395  414  432  441  450
  457  464  471  471  473  468  465  457  452  437  423  403  386  363  346  330
  321  304  287  265  246  216  187  166  130                                   
    12.5-180.0 180.0   5.0 450.0                            LAT/LON1/LON2/DLON/H
  149  141  125  122  105   94   80   69   68   62   62   58   58   57   61   63
   67   69   69   70   69   70   72   77   89  103  120  139  161  180  205  226
  245  269  288  309  321  333  340  351  358  376  393  417  435  448  458  457
  465  463  469  464  465  461  457  451  444  432  418  399  385  365  349  331
  319  301  285  270  255  235  207  188  149                                   
    10.0-180.0 180.0   5.0 450.0                            LAT/LON1/LON2/DLON/H
  157  146  133  128  117  103   94   83   80   74   74   67   69   61   65   63
   68   68   71   71   74   75   82   88  100  114  132  150  167  192  214  239
  255  284  304  323  333  344  352  362  372  390  403  427  439  454  455  458
  457  457  456  453  451  449  444  440  432  421  408  394  381  361  345  324
  311  292  280  264  255  237  215  206  157                                   
     7.5-180.0 180.0   5.0 450.0                            LAT/LON1/LON2/DLON/H
  160  149  134  132  117  110   99   94   92   84   84   77   76   69   68   65
   68   68   73   73   78   78   84   91  105  120  142  162  181  205  224  243
