data/unet/pred0250.15i
     1.0            IONOSPHERE MAPS     GNSS                IONEX VERSION / TYPE
pyspatialgeodesy        IME             05-JAN-18 20:20     PGM / RUN BY / DATE 
Map Name                                                    COMMENT             
Predicted global ionosphere maps (GIM).                     DESCRIPTION         
  2015     1    25     0     0     0                        EPOCH OF FIRST MAP  
  2015     1    26     0     0     0                        EPOCH OF LAST MAP   
  7200                                                      INTERVAL            
    13                                                      # OF MAPS IN FILE   
  NONE                                                      MAPPING FUNCTION    
10.0                                                        ELEVATION CUTOFF    
One-way carrier phase leveled to code                       OBSERVABLES USED    
  6371.0                                                    BASE RADIUS         
 2                                                          MAP DIMENSION       
   450.0 450.0   0.0                                        HGT1 / HGT2 / DHGT  
    87.5 -87.5  -2.5                                        LAT1 / LAT2 / DLAT  
  -180.0 180.0   5.0                                        LON1 / LON2 / DLON  
    -1                                                      EXPONENT            
                                                            END OF HEADER       
[from data line 1716]
     5                                                      START OF TEC MAP    
  2015     1    25     8     0     0                        EPOCH OF CURRENT MAP
    87.5-180.0 180.0   5.0 450.0                            LAT/LON1/LON2/DLON/H
   24   44   43   42   44   42   45   42   46   44   47   44   47   45   47   45
   46   45   46   44   45   44   45   44   44   44   45   44   43   44   43   43
   42   42   41   41   38   39   38   38   37   37   37   37   37   37   38   37
   39   38   40   39   41   40   42   41   42   41   41   40   41   39   40   38
   38   37   39   38   40   35   36   34   24                                   
    85.0-180.0 180.0   5.0 450.0                            LAT/LON1/LON2/DLON/H
   29   61   54   61   58   60   59   63   62   64   62   64   61   63   60   61
   58   59   57   57   55   56   55   55   53   55   54   55   54   55   55   55
   53   54   54   53   52   52   52   51   51   51   52   51   52   52   54   53
   55   55   56   56   56   56   55   56   54   55   53   53   51   52   49   51
   47   50   48   51   49   47   48   38   29                                   
    82.5-180.0 180.0   5.0 450.0                            LAT/LON1/LON2/DLON/H
   33   62   54   56   56   57   58   62   61   64   61   63   60   61   56   56
   51   51   46   47   43   46   42   45   42   47   44   48   45   50   46   50
   46   50   45   50   44   50   43   50   44   52   46   53   48   55   51   58
   53   58   54   59   54   58   53   56   51   53   48   50   45   47   42   43
   39   41   40   41   39   37   40   29   33                                   
    80.0-180.0 180.0   5.0 450.0                            LAT/LON1/LON2/DLON/H
   30   51   48   50   51   55   57   61   61   63   62   63   60   59   54   51
   47   45   41   40   37   38   37   37   38   39   40   41   42   43   44   43
   45   43   44   40   42   40   41   39   42   42   45   45   50   50   55   56
   58   59   61   61   62   61   60   59   58   55   53   51   49   45   42   39
   36   35   34   32   32   24   31   26   30                                   
    77.5-180.0 180.0   5.0 450.0                            LAT/LON1/LON2/DLON/H
   25   49   45   46   48   51   55   58   59   61   60   61   57   56   51   48
   43   40   38   35   34   34   35   35   37   38   42   42   45   46   48   47
   48   46   45   43   42   40   40   40   40   43   45   49   52   58   61   65
   67   69   71   71   72   71   71   70   69   65   64   59   56   51   48   43
   39   35   33   28   28   22   26   14   25                                   
    75.0-180.0 180.0   5.0 450.0                            LAT/LON1/LON2/DLON/H
   26   40   36   40   42   47   51   54   56   58   58   58   56   55   51   47
   43   41   38   35   34   34   35   34   38   39   43   44   47   47   49   47
   46   45   44   41   41   38   40   38   42   43   50   53   60   66   74   78
   82   85   87   89   90   90   90   88   87   83   80   75   70   63   58   51
   46   39   34   30   28   20   23   15   26                                   
    72.5-180.0 180.0   5.0 450.0                            LAT/LON1/LON2/DLON/H
   27   43   33   34   37   39   44   47   50   52   54   54   53   51   50   46
   43   40   38   35   35   35   36   37   40   42   45   46   48   48   49   47
   46   44   42   39   38   38   37   38   42   48   53   62   69   79   87   94
   99  103  107  109  110  110  110  108  106  102   98   91   87   78   73   64
   58   48   43   34   31   24   24   14   27                                   
    70.0-180.0 180.0   5.0 450.0                            LAT/LON1/LON2/DLON/H
   29   39   29   32   33   38   41   45   48   51   55   55   57   55   55   51
   50   46   45   42   43   42   45   45   50   49   54   52   55   52   52   49
   48   44   43   39   40   38   43   43   54   59   69   78   89  100  110  116
  123  127  130  132  133  132  132  129  127  121  117  109  104   96   89   79
   72   61   54   44   40   29   28   20   29                                   
    67.5-180.0 180.0   5.0 450.0                            LAT/LON1/LON2/DLON/H
   34   47   32   30   32   33   37   39   43   45   50   52   54   54   55   53
   52   49   48   46   47   47   49   50   52   54   54   53   52   50   48   45
   42   40   36   36   36   39   44   50   59   68   80   93  106  118  127  134
  139  144  145  147  145  145  143  142  139  135  130  123  117  109  101   91
   83   71   64   53   48   37   35   24   34                                   
    65.0-180.0 180.0   5.0 450.0                            LAT/LON1/LON2/DLON/H
   35   45   32   32   32   35   36   39   41   45   49   53   55   58   59   59
   57   56   54   54   53   55   55   56   56   56   57   54   53   48   46   42
   40   37   37   37   41   44   54   60   73   84   97  110  121  132  140  147
  153  158  160  159  159  157  156  153  150  146  139  135  127  119  110  100
   89   78   69   59   53   40   39   30   35                                   
    62.5-180.0 180.0   5.0 450.0                            LAT/LON1/LON2/DLON/H
   36   53   36   33   35   34   36   36   39   41   45   48   53   55   57   58
   57   55   53   53   52   53   53   54   53   52   50   49   45   41   36   33
   31   31   32   37   42   50   62   74   86   96  109  121  132  141  148  156
  161  167  167  166  164  164  159  156  151  147  142  136  131  121  112  100
   90   77   69   58   54   43   42   31   36                                   
    60.0-180.0 180.0   5.0 450.0                            LAT/LON1/LON2/DLON/H
   35   48   36   35   35   36   36   36   37   38   41   47   50   54   55   58
   56   55   52   53   50   51   49   49   47   46   43   42   38   35   31   30
   29   30   35   42   53   65   79   91  103  114  122  135  143  153  158  167
  173  175  176  176  175  170  165  159  154  149  143  139  132  123  112  101
   89   76   67   57   53   40   39   31   35                                   
    57.5-180.0 180.0   5.0 450.0                            LAT/LON1/LON2/DLON/H
   35   52   40   37   38   37   37   35   35   35   37   41   45   48   50   51
   51   48   46   44   42   43   41   41   39   39   35   34   30   29   26   26
   27   32   39   50   65   80   94  108  120  129  138  147  154  163  168  177
  180  185  185  187  183  177  170  163  157  150  146  140  135  122  112   98
   86   71   63   52   50   41   39   29   35                                   
    55.0-180.0 180.0   5.0 450.0                            LAT/LON1/LON2/DLON/H
   32   50   40   39   39   40   39   37   35   34   35   39   42   45   47   47
   47   44   42   41   38   39   36   36   34   33   30   29   26   26   25   28
   30   37   48   63   81   96  112  126  136  146  152  161  168  174  181  187
  192  194  199  197  195  187  179  171  165  157  151  145  137  126  111   98
   84   70   60   52   49   38   39   30   32                                   
    52.5-180.0 180.0   5.0 450.0                            LAT/LON1/LON2/DLON/H
   37   57   46   43   44   44   41   39   35   34   33   35   38   41   42   42
   41   38   36   34   33   33   32   32   30   30   27   27   25   27   26   31
   35   44   56   75   93  113  129  143  153  161  168  177  182  190  191  199
  202  209  211  211  206  200  191  183  175  168  160  150  142  128  114   98
   86   72   64   54   52   43   44   32   37                                   
    50.0-180.0 180.0   5.0 450.0                            LAT/LON1/LON2/DLON/H
   40   59   50   48   48   49   45   43   39   37   35   37   40   42   44   42
   43   39   38   37   37   39   38   38   35   34   31   32   30   31   31   36
   41   52   67   87  109  127  144  158  169  177  186  192  201  203  209  209
  218  220  225  221  219  212  204  195  189  181  172  163  150  137  120  105
   91   79   70   64   61   50   50   38   40                                   
    47.5-180.0 180.0   5.0 450.0                            LAT/LON1/LON2/DLON/H
   52   73   60   57   57   56   53   49   44   42   40   42   42   45   45   45
   43   41   41   41   42   45   44   45   42   42   38   38   34   36   35   40
   45   58   75   99  119  141  157  172  183  194  200  210  213  219  218  223
  226  231  230  231  227  223  215  206  199  190  181  168  157  140  125  109
   97   85   78   72   70   62   62   47   52                                   
    45.0-180.0 180.0   5.0 450.0                            LAT/LON1/LON2/DLON/H
   57   72   62   63   63   62   59   55   53   50   50   50   52   53   54   52
   53   50   52   53   57   60   60   61   57   55   50   48   45   43   42   45
   52   66   86  111  132  151  168  183  195  204  214  220  230  231  236  234
  238  237  238  236  233  229  220  212  205  196  184  172  158  145  128  115
  102   92   87   82   81   72   70   57   57                                   
    42.5-180.0 180.0   5.0 450.0                            LAT/LON1/LON2/DLON/H
   66   83   69   68   70   69   67   65   61   61   59   61   61   63   61   60
   59   59   61   65   69   74   73   74   69   68   61   58   52   50   46   49
   55   70   91  116  137  158  175  190  201  213  221  231  239  246  245  244
  241  242  238  239  235  231  222  214  206  195  183  169  157  141  128  114
  104   95   91   86   86   79   78   66   66                                   
    40.0-180.0 180.0   5.0 450.0                            LAT/LON1/LON2/DLON/H
   66   77   67   67   70   70   71   69   70   68   71   73   75   74   73   71
   72   72   76   81   86   91   89   88   82   78   71   66   61   54   51   51
   60   76   99  124  145  164  181  197  210  220  235  240  256  258  260  257
  252  250  246  244  238  232  222  213  205  194  181  168  155  141  127  115
  106   96   92   88   87   79   77   67   66                                   
    37.5-180.0 180.0   5.0 450.0                            LAT/LON1/LON2/DLON/H
   66   78   67   67   71   71   74   77   77   80   81   85   85   86   83   81
   80   82   86   93  100  104  102  100   92   87   77   73   66   60   55   55
   63   79  102  125  148  168  185  201  213  227  239  253  266  271  273  269
  263  260  253  249  243  234  225  216  209  197  187  172  160  143  131  117
  107   97   91   84   82   75   75   64   66                                   
    35.0-180.0 180.0   5.0 450.0                            LAT/LON1/LON2/DLON/H
   63   73   62   62   66   68   73   76   80   83   88   92   95   95   93   91
   91   93  100  107  114  116  112  109   99   92   83   76   70   62   59   57
   68   85  109  134  155  174  190  207  222  234  253  265  282  289  293  290
  285  282  275  269  258  248  238  228  221  210  199  188  174  158  142  127
  113  100   91   83   79   68   66   56   63                                   
    32.5-180.0 180.0   5.0 450.0                            LAT/LON1/LON2/DLON/H
   59   73   61   61   66   68   73   77   81   87   92   97   99  101   99   98
   98  101  109  115  122  122  118  111  102   96   86   80   73   67   63   62
   72   88  114  138  161  180  198  214  231  247  265  279  300  310  319  319
  318  314  308  298  285  270  260  250  246  236  229  216  205  186  168  146
  128  111   99   87   83   70   68   48   59                                   
    30.0-180.0 180.0   5.0 450.0                            LAT/LON1/LON2/DLON/H
   57   70   58   57   60   63   67   72   76   82   88   95   99  102  104  102
  106  108  117  122  126  125  119  112  102   93   86   78   74   68   65   63
   76   93  120  149  166  188  206  225  244  262  282  300  323  335  348  349
  352  352  349  340  327  311  300  288  286  278  271  262  248  230  210  184
  161  139  122  107   96   81   66   48   57                                   
    27.5-180.0 180.0   5.0 450.0                            LAT/LON1/LON2/DLON/H
   73   83   79   73   70   68   70   72   74   79   84   91   97  101  103  104
  107  111  119  122  126  123  117  109   99   92   85   80   76   70   67   68
   79   97  125  156  175  197  217  237  260  279  301  321  346  364  383  386
  394  396  396  388  372  354  341  330  330  325  322  312  298  278  259  235
  209  180  161  142  121  100   84   67   73                                   
    25.0-180.0 180.0   5.0 450.0                            LAT/LON1/LON2/DLON/H
   91  101  100   93   84   79   74   73   74   75   79   84   91   97  101  103
  107  111  118  121  122  119  111  103   96   88   85   81   77   71   70   69
   82  103  132  164  188  209  225  250  274  297  323  345  378  393  418  418
  432  436  440  436  422  407  393  383  383  380  381  374  363  343  321  301
  275  244  218  196  165  136  105   95   91                                   
    22.5-180.0 180.0   5.0 450.0                            LAT/LON1/LON2/DLON/H
  133  143  139  130  120  102   96   87   83   80   80   83   88   93   98  101
  104  107  112  113  114  110  103   96   93   86   85   79   76   70   66   69
   81  107  140  171  197  217  238  262  289  313  340  366  395  416  441  447
  463  470  474  472  461  449  435  425  427  426  433  427  424  404  387  359
  337  306  279  254  226  193  159  138  133                                   
    20.0-180.0 180.0   5.0 450.0                            LAT/LON1/LON2/DLON/H
  180  204  201  184  162  136  119  106  100   88   86   83   88   91   96   98
  101  103  107  107  106  101   99   93   93   89   85   78   73   67   70   72
   86  110  152  181  207  229  248  274  300  326  360  384  418  433  462  468
  486  494  499  497  488  483  472  470  471  474  484  479  475  452  435  410
  387  361  336  311  291  266  217  187  180                                   
    17.5-180.0 180.0   5.0 450.0                            LAT/LON1/LON2/DLON/H
  240  264  273  253  217  177  158  139  129  113  104   95   95   93   96   97
   98   99   99  100   98   95   94   90   93   86   85   74   68   61   63   63
   82  114  153  188  212  236  258  284  308  339  369  396  424  444  470  481
  499  504  510  504  499  495  491  491  494  498  510  503  500  480  462  439
  419  397  375  353  337  316  284  246  240                                   
    15.0-180.0 180.0   5.0 450.0                            LAT/LON1/LON2/DLON/H
  284  315  309  291  254  218  192  177  164  146  132  117  110  103  102   98
   98   95   95   93   94   89   91   88   91   86   82   73   66   61   65   69
   92  120  161  191  223  244  268  292  320  347  381  403  432  450  474  481
  496  500  503  498  496  497  497  501  504  511  516  510  508  488  473  453
  439  420  401  379  361  348  331  294  284                                   
    12.5-180.0 180.0   5.0 450.0                            LAT/LON1/LON2/DLON/H
  309  335  322  305  277  249  228  216  203  188  170  152  137  123  115  105
  100   95   93   91   89   87   89   90   93   88   82   72   66   60   66   75
   93  129  164  201  225  253  272  299  323  355  379  405  429  448  467  475
  483  484  485  480  482  484  486  490  494  499  508  507  503  488  473  461
  449  435  419  397  380  362  357  329  309                                   
    10.0-180.0 180.0   5.0 450.0                            LAT/LON1/LON2/DLON/H
  305  328  316  304  283  266  253  246  236  222  206  185  168  148  136  121
  111   99   96   90   92   88   92   94   96   91   82   76   70   64   72   78
  104  135  174  205  234  260  279  304  332  353  381  398  425  441  461  463
  467  461  464  462  467  476  479  484  485  490  495  501  497  484  473  462
  453  441  425  404  385  370  358  335  305                                   
     7.5-180.0 180.0   5.0 450.0                            LAT/LON1/LON2/DLON/H
  296  308  304  299  288  276  269  262  254  245  230  212  194  174  158  144
  129  116  105   97   95   95   88   95   94   95   86   83   76   73   78   88
