data/unet/pred1590.15i
     1.0            IONOSPHERE MAPS     GNSS                IONEX VERSION / TYPE
pyspatialgeodesy        IME             05-JAN-18 20:20     PGM / RUN BY / DATE 
Map Name                                                    COMMENT             
Predicted global ionosphere maps (GIM).                     DESCRIPTION         
  2015     6     8     0     0     0                        EPOCH OF FIRST MAP  
  2015     6     9     0     0     0                        EPOCH OF LAST MAP   
  7200                                                      INTERVAL            
    13                                                      # OF MAPS IN FILE   
  NONE                                                      MAPPING FUNCTION    
10.0                                                        ELEVATION CUTOFF    
One-way carrier phase leveled to code                       OBSERVABLES USED    
  6371.0                                                    BASE RADIUS         
 2                                                          MAP DIMENSION       
   450.0 450.0   0.0                                        HGT1 / HGT2 / DHGT  
    87.5 -87.5  -2.5                                        LAT1 / LAT2 / DLAT  
  -180.0 180.0   5.0                                        LON1 / LON2 / DLON  
    -1                                                      EXPONENT            
                                                            END OF HEADER       
[from data line 2145]
     6                                                      START OF TEC MAP    
  2015     6     8    10     0     0                        EPOCH OF CURRENT MAP
    87.5-180.0 180.0   5.0 450.0                            LAT/LON1/LON2/DLON/H
  157  174  176  175  173  170  169  168  168  166  166  165  165  163  162  161
  162  161  163  164  168  169  174  174  179  179  182  182  184  184  186  186
  188  187  187  187  187  185  185  183  183  180  179  177  178  174  175  172
  172  169  169  167  168  165  165  164  165  163  164  163  164  163  164  163
  166  165  167  168  170  167  163  145  157                                   
    85.0-180.0 180.0   5.0 450.0                            LAT/LON1/LON2/DLON/H
  183  171  178  178  175  172  170  168  169  166  166  162  164  160  162  159
  162  160  165  165  170  171  176  178  182  185  187  189  190  192  192  194
  195  195  194  193  193  191  189  187  185  183  180  177  177  174  172  169
  169  166  166  164  166  163  164  162  164  162  163  161  165  162  164  163
  167  165  169  168  174  170  179  164  183                                   
    82.5-180.0 180.0   5.0 450.0                            LAT/LON1/LON2/DLON/H
  177  179  180  182  181  177  176  174  173  171  169  168  166  166  163  164
  164  165  165  168  170  173  176  179  182  185  188  191  194  195  197  197
  201  200  202  200  202  199  199  196  195  192  190  186  186  183  181  180
  178  178  176  176  176  176  174  174  173  173  172  173  172  172  171  172
  172  173  173  175  177  177  180  180  177                                   
    80.0-180.0 180.0   5.0 450.0                            LAT/LON1/LON2/DLON/H
  182  183  180  177  179  176  177  173  173  168  168  165  165  162  161  160
  160  161  161  164  165  168  172  174  179  182  185  188  192  194  197  199
  203  202  206  204  207  204  206  201  202  197  197  193  194  189  190  186
  186  183  184  181  183  180  182  179  181  177  179  176  178  174  175  173
  174  173  174  175  178  175  182  183  182                                   
    77.5-180.0 180.0   5.0 450.0                            LAT/LON1/LON2/DLON/H
  181  187  180  180  181  179  180  175  175  170  169  164  163  160  160  159
  160  162  164  167  169  173  175  179  182  185  188  192  195  198  203  206
  211  212  215  216  218  217  216  216  214  213  209  208  205  204  201  199
  198  196  196  196  196  195  196  194  194  192  192  190  190  187  187  183
  184  181  181  180  182  179  179  182  181                                   
    75.0-180.0 180.0   5.0 450.0                            LAT/LON1/LON2/DLON/H
  180  182  178  179  179  179  178  176  173  170  165  164  157  158  153  157
  156  160  163  167  171  173  176  179  181  185  186  191  193  199  202  208
  212  216  218  221  222  223  223  222  222  219  218  216  214  213  211  209
  207  205  205  205  204  204  204  204  203  202  201  200  198  196  193  191
  188  187  184  184  184  181  187  184  180                                   
    72.5-180.0 180.0   5.0 450.0                            LAT/LON1/LON2/DLON/H
  185  186  178  178  178  175  174  170  167  162  159  156  152  151  151  153
  155  160  165  172  174  180  180  183  183  186  187  192  195  200  205  213
  216  223  224  230  229  233  230  232  227  228  224  224  221  221  219  216
  216  213  214  212  213  211  212  211  211  211  211  210  209  207  205  202
  199  196  192  190  190  186  187  190  185                                   
    70.0-180.0 180.0   5.0 450.0                            LAT/LON1/LON2/DLON/H
  188  186  179  178  178  174  172  167  164  160  157  154  151  152  150  153
  153  161  164  171  174  179  181  184  184  187  188  192  194  201  204  215
  218  227  228  235  235  238  237  237  236  233  231  229  228  227  225  223
  221  218  217  215  215  212  212  211  212  212  212  213  213  213  211  211
  207  206  201  200  197  192  199  193  188                                   
    67.5-180.0 180.0   5.0 450.0                            LAT/LON1/LON2/DLON/H
  196  194  185  182  178  171  168  159  155  150  148  145  142  143  145  148
  152  159  165  171  176  180  183  185  185  187  188  192  195  202  208  218
  223  233  235  243  243  247  245  245  242  241  237  235  233  231  230  227
  225  222  221  217  216  214  212  212  212  213  213  214  215  216  217  216
  216  212  211  207  206  201  204  205  196                                   
    65.0-180.0 180.0   5.0 450.0                            LAT/LON1/LON2/DLON/H
  202  197  189  185  181  173  166  158  152  145  144  141  141  141  143  147
  150  157  163  170  174  179  182  185  186  189  190  196  199  207  212  225
  229  240  243  249  251  253  251  251  247  245  242  241  238  238  235  233
  229  226  222  218  215  212  210  211  210  213  212  217  216  219  219  222
  221  222  219  218  217  211  218  211  202                                   
    62.5-180.0 180.0   5.0 450.0                            LAT/LON1/LON2/DLON/H
  214  211  200  193  185  175  165  153  143  138  134  133  132  134  134  139
  142  149  155  162  167  173  177  179  182  185  189  194  201  209  218  227
  234  244  249  255  257  259  258  256  253  251  248  246  246  244  244  239
  237  231  227  222  217  214  211  213  212  213  213  215  217  217  220  221
  224  224  225  224  225  221  226  227  214                                   
    60.0-180.0 180.0   5.0 450.0                            LAT/LON1/LON2/DLON/H
  223  217  208  201  193  181  169  156  145  137  132  128  130  128  132  133
  140  143  152  155  163  167  172  175  180  185  191  198  207  216  225  236
  245  254  259  263  267  266  266  262  261  258  256  256  253  255  251  250
  244  240  233  228  222  218  216  216  216  219  217  222  220  224  223  227
  228  232  233  235  236  230  235  233  223                                   
    57.5-180.0 180.0   5.0 450.0                            LAT/LON1/LON2/DLON/H
  236  231  220  211  200  186  170  155  141  133  126  123  120  121  122  125
  128  134  139  145  148  155  159  166  172  180  189  198  210  219  232  241
  251  258  266  268  272  271  272  267  267  263  264  261  263  261  262  258
  255  248  244  237  233  227  224  223  223  224  223  225  225  225  227  229
  233  236  240  242  243  240  243  246  236                                   
    55.0-180.0 180.0   5.0 450.0                            LAT/LON1/LON2/DLON/H
  243  236  229  221  209  194  178  162  146  138  128  121  118  115  116  116
  121  124  132  134  142  146  155  162  170  180  191  203  215  227  239  249
  260  265  274  274  281  277  280  274  276  271  271  270  270  271  269  267
  263  259  252  249  242  239  235  235  233  235  233  236  234  237  235  240
  242  248  250  254  254  247  248  252  243                                   
    52.5-180.0 180.0   5.0 450.0                            LAT/LON1/LON2/DLON/H
  252  245  239  229  218  201  185  167  150  139  127  120  111  108  103  107
  107  115  117  126  128  139  145  157  165  180  190  207  219  233  244  256
  265  273  280  282  288  286  289  284  284  279  279  276  277  276  277  273
  271  266  263  257  254  250  247  245  244  244  241  241  240  242  241  247
  247  255  255  261  260  258  256  262  252                                   
    50.0-180.0 180.0   5.0 450.0                            LAT/LON1/LON2/DLON/H
  255  245  244  236  226  210  194  177  160  149  134  124  114  106  103  101
  106  110  118  122  130  138  150  162  173  188  198  214  224  238  249  261
  272  279  288  291  297  297  301  297  298  293  293  287  288  285  285  282
  279  276  272  269  264  262  258  258  254  254  249  251  247  252  251  258
  257  265  263  269  266  260  257  262  255                                   
    47.5-180.0 180.0   5.0 450.0                            LAT/LON1/LON2/DLON/H
  257  243  242  236  227  213  200  183  168  154  139  127  112  105   97   97
   99  107  112  121  127  139  151  167  177  193  203  219  227  241  249  266
  273  287  294  300  307  308  313  311  312  306  306  299  298  292  293  288
  286  282  280  278  273  270  266  264  261  259  255  254  253  258  257  265
  263  272  267  273  267  263  260  263  257                                   
    45.0-180.0 180.0   5.0 450.0                            LAT/LON1/LON2/DLON/H
  255  235  239  234  230  217  206  192  179  167  152  138  124  110  105  101
  106  111  120  127  138  149  164  180  191  206  213  226  231  245  253  269
  280  291  301  308  316  320  326  326  330  326  327  319  317  310  309  303
  299  296  291  290  283  282  275  274  267  265  259  258  259  263  265  273
  274  281  279  280  275  265  264  262  255                                   
    42.5-180.0 180.0   5.0 450.0                            LAT/LON1/LON2/DLON/H
  253  231  229  226  222  213  207  196  188  176  163  150  132  120  109  107
  108  117  125  134  145  158  174  191  202  214  223  231  236  247  255  273
  284  299  309  318  327  332  340  343  349  347  350  342  339  328  325  318
  315  311  306  304  295  291  284  279  274  268  266  264  264  270  273  284
  284  292  286  287  278  271  270  264  253                                   
    40.0-180.0 180.0   5.0 450.0                            LAT/LON1/LON2/DLON/H
  252  225  225  221  220  212  208  201  196  189  181  166  152  135  125  119
  121  125  133  141  154  169  186  202  213  225  231  238  242  252  262  278
  293  307  321  329  342  348  364  369  378  378  380  373  365  356  349  343
  341  338  334  330  320  314  305  299  291  283  277  273  276  278  287  296
  302  308  305  301  292  278  277  266  252                                   
    37.5-180.0 180.0   5.0 450.0                            LAT/LON1/LON2/DLON/H
  257  227  222  217  213  208  206  202  203  199  194  181  166  151  138  133
  130  134  139  146  161  175  196  210  224  231  240  245  250  260  270  288
  301  319  334  345  357  368  383  392  401  405  405  402  394  388  380  377
  372  373  367  364  352  346  334  325  316  305  298  292  291  295  300  313
  317  323  317  312  301  289  286  272  257                                   
    35.0-180.0 180.0   5.0 450.0                            LAT/LON1/LON2/DLON/H
  263  233  229  219  215  208  206  204  207  205  206  196  185  168  156  145
  142  140  144  149  166  182  204  220  232  243  249  257  262  273  283  299
  316  332  351  360  377  386  405  415  430  432  437  431  427  420  417  414
  416  416  414  410  401  394  381  371  357  343  330  320  317  316  322  331
  337  341  337  330  319  303  300  283  263                                   
    32.5-180.0 180.0   5.0 450.0                            LAT/LON1/LON2/DLON/H
  275  247  236  225  215  206  203  201  204  206  209  203  194  179  165  155
  147  145  146  151  166  184  209  225  242  251  260  269  273  288  295  314
  328  348  363  377  389  403  418  433  445  453  455  456  451  453  451  457
  460  466  465  463  455  447  434  426  410  393  375  357  349  344  345  349
  353  354  347  340  327  315  310  291  275                                   
    30.0-180.0 180.0   5.0 450.0                            LAT/LON1/LON2/DLON/H
  282  262  252  234  226  213  209  205  207  207  213  208  202  188  176  162
  154  145  147  149  167  183  211  227  244  256  266  277  285  298  307  321
  338  355  373  385  403  411  432  442  463  467  477  473  477  475  483  487
  499  507  516  517  514  506  494  483  469  451  431  411  394  383  376  374
  374  374  367  359  347  330  323  304  282                                   
    27.5-180.0 180.0   5.0 450.0                            LAT/LON1/LON2/DLON/H
  292  278  265  250  236  224  216  209  208  209  210  208  202  188  175  162
  152  146  145  150  163  184  210  230  246  262  271  285  293  308  314  330
  341  363  377  395  405  422  436  454  467  479  483  487  488  496  502  515
  528  545  557  569  571  567  554  539  520  502  479  457  434  415  403  394
  389  384  375  364  352  342  329  308  292                                   
    25.0-180.0 180.0   5.0 450.0                            LAT/LON1/LON2/DLON/H
  293  299  291  276  267  253  242  229  224  218  218  211  205  192  181  166
  158  146  149  149  168  183  212  227  244  258  271  284  290  306  310  326
  337  358  374  394  409  423  441  455  473  480  489  492  498  507  519  536
  557  577  594  610  609  604  593  582  567  547  522  498  472  450  431  417
  404  397  386  375  362  347  334  314  293                                   
    22.5-180.0 180.0   5.0 450.0                            LAT/LON1/LON2/DLON/H
  297  312  307  304  290  280  263  250  236  228  222  214  206  194  184  169
  160  150  151  154  168  185  206  224  239  258  264  283  285  305  304  326
  333  361  373  398  409  427  439  457  468  479  485  493  499  513  527  545
  568  589  607  622  617  611  600  593  580  566  541  518  491  466  443  424
  409  398  384  372  357  345  330  307  297                                   
    20.0-180.0 180.0   5.0 450.0                            LAT/LON1/LON2/DLON/H
  295  319  324  327  322  311  297  279  264  248  237  222  211  200  190  179
  168  159  160  161  175  186  206  216  233  246  258  272  277  293  297  317
  331  357  378  401  415  429  442  453  465  472  480  487  497  514  528  549
  567  585  598  607  611  608  596  590  580  572  554  532  505  480  452  429
  410  395  380  366  351  332  318  300  295                                   
    17.5-180.0 180.0   5.0 450.0                            LAT/LON1/LON2/DLON/H
  295  313  317  329  326  323  308  295  276  262  243  228  215  203  196  186
  178  170  170  170  178  185  198  208  224  240  249  266  267  285  290  313
  328  361  382  410  420  435  444  453  461  468  473  481  491  506  521  536
  551  559  567  570  570  571  563  566  559  555  540  524  498  473  445  421
  401  386  369  355  335  318  301  283  295                                   
    15.0-180.0 180.0   5.0 450.0                            LAT/LON1/LON2/DLON/H
  282  297  308  321  325  328  317  307  287  271  252  236  220  211  201  198
  187  183  179  179  182  183  193  199  218  229  242  253  259  273  285  307
  331  362  388  413  427  439  449  456  463  467  472  477  486  500  511  527
  531  536  532  535  533  535  537  539  540  537  529  514  493  469  441  415
  394  378  360  346  325  303  288  271  282                                   
    12.5-180.0 180.0   5.0 450.0                            LAT/LON1/LON2/DLON/H
  277  276  281  295  296  304  296  292  275  263  243  230  218  209  206  203
  198  194  188  184  180  177  182  190  207  225  234  246  252  270  283  310
  334  370  392  420  432  445  454  463  471  474  477  481  487  494  504  507
  510  503  500  498  497  499  501  507  510  509  503  492  473  452  424  402
  381  364  348  332  312  293  275  257  277                                   
    10.0-180.0 180.0   5.0 450.0                            LAT/LON1/LON2/DLON/H
  260  257  261  269  272  275  272  269  256  245  231  220  212  209  205  207
  200  198  189  182  175  166  172  177  197  211  228  237  250  264  281  309
  338  371  394  417  432  446  458  469  481  483  487  484  488  494  498  502
  497  492  482  483  479  485  488  496  501  502  496  485  467  444  419  394
  373  355  338  326  309  289  272  253  260                                   
     7.5-180.0 180.0   5.0 450.0                            LAT/LON1/LON2/DLON/H
  258  245  238  243  236  238  229  231  221  216  207  200  198  196  199  199
  199  193  186  174  164  155  155  164  182  202  218  235  247  266  283  314
