data/unet/pred0500.15i
     1.0            IONOSPHERE MAPS     GNSS                IONEX VERSION / TYPE
pyspatialgeodesy        IME             05-JAN-18 20:20     PGM / RUN BY / DATE 
Map Name                                                    COMMENT             
Predicted global ionosphere maps (GIM).                     DESCRIPTION         
  2015     2    19     0     0     0                        EPOCH OF FIRST MAP  
  2015     2    20     0     0     0                        EPOCH OF LAST MAP   
  7200                                                      INTERVAL            
    13                                                      # OF MAPS IN FILE   
  NONE                                                      MAPPING FUNCTION    
10.0                                                        ELEVATION CUTOFF    
One-way carrier phase leveled to code                       OBSERVABLES USED    
  6371.0                                                    BASE RADIUS         
 2                                                          MAP DIMENSION       
   450.0 450.0   0.0                                        HGT1 / HGT2 / DHGT  
    87.5 -87.5  -2.5                                        LAT1 / LAT2 / DLAT  
  -180.0 180.0   5.0                                        LON1 / LON2 / DLON  
    -1                                                      EXPONENT            
                                                            END OF HEADER       
[from data line 1287]
     4                                                      START OF TEC MAP    
  2015     2    19     6     0     0                        EPOCH OF CURRENT MAP
    87.5-180.0 180.0   5.0 450.0                            LAT/LON1/LON2/DLON/H
   71  108  107  104  106  101  107  102  111  106  114  108  116  110  116  110
  116  110  114  109  112  107  109  104  106  101  104   98  101   95   98   93
   96   92   96   91   95   90   96   91   97   92   99   94  101   96  103   99
  106  102  108  104  110  106  111  106  111  106  110  105  109  104  107  101
  105  100  104  100  104   96  112   78   71                                   
    85.0-180.0 180.0   5.0 450.0                            LAT/LON1/LON2/DLON/H
   99  104   98   96  101   96  100   98  101  102  103  106  105  109  107  111
  109  110  108  108  105  102  101   98   97   94   93   92   90   89   88   88
   86   86   86   86   86   86   87   88   89   90   93   95   97   98  101  103
  106  108  111  113  115  116  118  118  120  118  119  118  118  114  115  111
  111  106  108  105  103   92  105  104   99                                   
    82.5-180.0 180.0   5.0 450.0                            LAT/LON1/LON2/DLON/H
   95  100   96   94   96   92   97   94   98   95   99   99  103  103  106  106
  109  106  109  102  105   95   99   89   92   84   87   81   81   77   77   76
   76   74   75   76   76   77   79   81   83   86   89   93   96   99  103  107
  110  114  117  120  124  125  128  126  130  125  128  123  125  119  119  113
  112  106  106  101   97   90  101   85   95                                   
    80.0-180.0 180.0   5.0 450.0                            LAT/LON1/LON2/DLON/H
   94   91   91   86   85   84   86   87   88   90   91   95   95  100  101  103
  104  103  103  101   97   93   88   85   80   77   74   72   69   68   67   67
   65   66   66   68   67   70   71   75   77   81   85   90   94   98  105  108
  116  119  129  130  141  140  148  145  150  147  148  144  144  138  134  127
  121  115  112  107   99   89   90   82   94                                   
    77.5-180.0 180.0   5.0 450.0                            LAT/LON1/LON2/DLON/H
   97   94   87   84   83   78   81   78   83   80   87   87   93   95   99  100
  102  100  101   96   94   87   85   76   73   66   64   59   58   57   57   59
   58   60   60   62   61   64   64   68   71   76   81   87   93   99  105  112
  123  135  145  155  160  165  168  171  172  171  168  167  161  157  151  147
  139  132  125  118  109   98   99   84   97                                   
    75.0-180.0 180.0   5.0 450.0                            LAT/LON1/LON2/DLON/H
  107   98   86   83   78   78   76   78   78   81   81   86   86   93   93   98
   96   98   95   93   86   82   74   70   60   60   50   54   47   55   51   58
   55   62   58   64   58   65   60   66   65   74   77   87   93  103  111  125
  140  153  165  173  180  184  190  192  195  193  191  186  182  176  171  165
  159  152  143  136  126  113  110   99  107                                   
    72.5-180.0 180.0   5.0 450.0                            LAT/LON1/LON2/DLON/H
  118  103   89   80   80   70   74   64   73   65   75   71   79   79   84   84
   87   88   88   85   82   77   71   64   57   52   48   45   47   47   53   52
   57   57   60   59   60   60   61   61   64   69   77   85   95  109  121  140
  156  173  185  197  204  212  216  221  223  223  218  216  210  206  199  192
  182  175  166  159  148  134  127  116  118                                   
    70.0-180.0 180.0   5.0 450.0                            LAT/LON1/LON2/DLON/H
  130  115   96   90   82   77   75   73   73   73   73   75   76   77   78   83
   84   87   86   85   81   78   72   70   59   62   51   57   50   57   53   60
   57   64   59   64   59   62   61   64   66   72   80   89  103  116  134  150
  172  186  205  215  230  236  244  245  250  244  242  232  230  221  218  209
  204  193  187  178  172  154  147  136  130                                   
    67.5-180.0 180.0   5.0 450.0                            LAT/LON1/LON2/DLON/H
  143  127  108   94   88   75   76   64   71   61   70   63   72   69   75   75
   79   81   81   83   81   80   75   72   67   64   59   56   57   54   59   56
   62   60   63   60   60   59   60   63   67   73   82   94  109  126  144  162
  184  200  220  235  248  255  261  262  265  260  255  248  241  233  228  223
  218  213  207  201  192  178  164  152  143                                   
    65.0-180.0 180.0   5.0 450.0                            LAT/LON1/LON2/DLON/H
  154  135  115  103   93   85   83   77   76   73   69   69   68   70   71   74
   76   78   78   80   78   79   75   75   71   71   65   66   61   61   58   57
   58   54   54   49   51   48   52   55   62   72   82  100  117  137  155  171
  192  212  232  250  262  272  273  274  274  271  263  256  251  241  236  227
  222  218  214  209  206  190  181  166  154                                   
    62.5-180.0 180.0   5.0 450.0                            LAT/LON1/LON2/DLON/H
  159  144  119  106   92   87   80   77   76   69   70   65   69   65   69   68
   71   71   71   73   75   75   75   77   75   76   71   71   65   62   56   53
   51   44   45   40   42   39   44   49   59   68   85  103  124  142  161  178
  201  223  241  259  271  280  279  278  280  274  267  256  253  242  236  227
  223  219  216  213  212  198  185  173  159                                   
    60.0-180.0 180.0   5.0 450.0                            LAT/LON1/LON2/DLON/H
  164  145  120  102   90   79   78   73   75   69   67   66   64   64   66   65
   70   68   70   71   73   75   73   78   76   76   73   71   67   63   58   51
   50   41   42   33   37   35   43   48   59   73   92  115  134  155  169  187
  207  230  245  266  276  287  282  283  281  278  266  257  253  243  237  228
  224  219  216  213  214  204  194  181  164                                   
    57.5-180.0 180.0   5.0 450.0                            LAT/LON1/LON2/DLON/H
  170  155  124  111   88   83   72   75   71   70   66   63   62   61   63   64
   66   66   66   68   69   70   70   73   73   75   72   72   67   65   59   52
   48   39   37   31   34   34   43   50   64   83  104  126  148  163  180  196
  219  239  255  271  283  290  287  286  286  282  274  268  262  254  248  239
  232  226  221  218  216  207  195  185  170                                   
    55.0-180.0 180.0   5.0 450.0                            LAT/LON1/LON2/DLON/H
  178  156  130  108   94   77   72   66   65   60   60   57   58   57   60   61
   67   66   69   67   68   69   66   71   70   72   70   69   68   65   63   58
   55   47   45   38   41   39   49   58   74   96  118  142  159  177  193  212
  233  251  266  280  293  300  298  299  296  293  284  278  272  265  260  248
  241  232  227  221  219  213  204  191  178                                   
    52.5-180.0 180.0   5.0 450.0                            LAT/LON1/LON2/DLON/H
  197  176  148  128  110   97   83   77   69   64   59   54   53   54   59   62
   66   67   67   66   65   64   63   65   67   68   69   68   68   66   64   61
   59   51   50   45   48   50   57   71   86  114  136  158  176  190  211  231
  252  268  285  295  308  313  314  311  312  306  301  296  291  287  281  270
  260  248  240  234  231  227  213  202  197                                   
    50.0-180.0 180.0   5.0 450.0                            LAT/LON1/LON2/DLON/H
  214  189  165  144  125  107   95   83   74   65   56   52   52   56   60   66
   70   69   71   69   70   67   67   68   68   69   68   68   68   67   67   65
   65   59   57   51   57   56   68   80  102  128  152  172  189  207  230  251
  272  284  300  311  324  329  329  329  327  324  315  313  306  303  296  285
  273  260  251  245  246  239  232  217  214                                   
    47.5-180.0 180.0   5.0 450.0                            LAT/LON1/LON2/DLON/H
  234  214  191  172  154  137  121  104   90   77   66   56   57   58   63   65
   71   69   71   71   72   70   70   70   71   70   70   67   68   68   69   68
   70   65   64   62   66   71   80   99  119  148  168  188  206  228  254  273
  294  303  321  328  343  344  346  343  343  338  330  326  321  315  310  298
  287  275  265  259  258  255  246  233  234                                   
    45.0-180.0 180.0   5.0 450.0                            LAT/LON1/LON2/DLON/H
  246  224  206  189  172  153  136  119  102   87   76   68   65   69   71   76
   78   78   80   79   83   80   81   80   78   76   75   71   71   67   70   68
   72   69   70   69   76   81   94  112  137  163  184  203  223  247  270  283
  300  305  322  330  345  349  350  349  347  343  333  330  322  319  312  302
  290  280  270  266  266  259  260  243  246                                   
    42.5-180.0 180.0   5.0 450.0                            LAT/LON1/LON2/DLON/H
  252  233  218  204  192  177  159  141  122  104   92   83   81   80   82   83
   87   87   89   90   90   89   89   88   85   82   80   74   72   68   66   66
   69   70   74   77   85   91  105  128  153  180  200  222  245  269  285  298
  309  319  331  342  353  356  361  357  358  345  338  328  323  315  311  301
  290  280  271  268  265  261  255  240  252                                   
    40.0-180.0 180.0   5.0 450.0                            LAT/LON1/LON2/DLON/H
  246  222  207  201  193  182  165  148  130  114  101   94   90   90   90   92
   96   97  101  101  104  102  102  100   95   91   86   78   75   67   66   61
   66   67   72   76   86   97  113  143  169  196  215  237  260  283  295  309
  317  334  342  358  365  372  372  372  366  356  344  336  328  320  311  302
  290  282  272  267  262  251  245  234  246                                   
    37.5-180.0 180.0   5.0 450.0                            LAT/LON1/LON2/DLON/H
  226  207  190  186  187  180  167  154  139  126  113  107  103  102  102  103
  106  108  111  113  114  113  112  107  103   97   94   85   82   71   68   61
   64   64   71   76   89  101  124  155  183  212  230  254  272  293  304  320
  331  351  361  378  382  392  391  390  384  373  362  351  340  328  317  310
  296  290  275  269  256  242  227  218  226                                   
    35.0-180.0 180.0   5.0 450.0                            LAT/LON1/LON2/DLON/H
  211  184  165  166  166  164  158  149  138  128  119  115  113  112  112  113
  116  118  124  123  127  123  121  115  110  103   99   90   86   76   72   65
   67   65   70   73   88  106  134  169  199  228  253  272  292  308  322  336
  349  360  372  383  391  401  406  410  407  401  391  383  372  359  344  331
  318  307  293  283  266  244  227  215  211                                   
    32.5-180.0 180.0   5.0 450.0                            LAT/LON1/LON2/DLON/H
  207  172  153  143  145  147  142  138  131  126  120  119  117  118  118  122
  124  127  131  134  135  132  128  120  117  109  108  100   97   86   81   70
   71   66   73   76   92  109  143  178  212  241  267  287  303  319  331  348
  357  373  380  398  405  424  430  441  442  442  436  431  424  412  394  381
  365  355  338  320  295  267  238  226  207                                   
    30.0-180.0 180.0   5.0 450.0                            LAT/LON1/LON2/DLON/H
  231  175  148  137  131  128  126  122  121  118  117  118  119  119  121  122
  129  131  139  138  142  136  131  124  120  114  114  111  108  101   94   84
   82   76   79   82   95  114  143  181  218  245  273  290  307  322  336  353
  365  381  393  414  428  449  463  476  483  488  491  491  488  479  465  448
  436  423  410  386  358  314  278  260  231                                   
    27.5-180.0 180.0   5.0 450.0                            LAT/LON1/LON2/DLON/H
  282  205  172  144  128  124  117  115  115  113  115  113  117  118  119  121
  126  131  137  138  142  137  135  128  130  126  131  129  132  121  117   94
   98   85   93   94  102  118  150  185  225  253  275  293  310  327  345  363
  381  399  416  439  460  486  501  521  528  539  544  550  554  553  542  530
  522  515  511  486  457  413  359  338  282                                   
    25.0-180.0 180.0   5.0 450.0                            LAT/LON1/LON2/DLON/H
  359  267  223  185  155  141  129  120  119  117  118  117  119  115  117  115
  121  124  132  133  138  134  132  131  134  134  142  150  155  137  138  122
  125  113  110  109  116  126  150  186  223  255  280  297  317  336  355  374
  397  419  445  474  502  531  557  582  599  609  615  623  633  634  627  619
  616  614  611  585  560  515  472  435  359                                   
    22.5-180.0 180.0   5.0 450.0                            LAT/LON1/LON2/DLON/H
  451  369  306  243  202  179  157  145  137  129  129  115  116  104  110  108
  119  117  126  125  135  130  135  135  143  147  163  164  170  152  156  141
  141  128  114  109  118  131  154  187  227  256  286  304  331  350  374  396
  421  451  482  518  551  590  624  648  662  671  677  686  704  707  708  703
  710  706  714  689  666  624  597  549  451                                   
    20.0-180.0 180.0   5.0 450.0                            LAT/LON1/LON2/DLON/H
  544  469  407  335  274  234  203  192  182  169  162  148  134  117  112  108
  116  117  120  123  129  133  136  147  155  169  182  184  183  174  171  166
  160  150  139  125  131  136  155  190  224  256  287  312  347  367  396  419
  457  490  530  567  605  638  667  692  703  710  719  731  742  745  746  748
  757  762  773  760  746  715  692  656  544                                   
    17.5-180.0 180.0   5.0 450.0                            LAT/LON1/LON2/DLON/H
  632  566  510  436  374  322  276  245  222  211  200  187  169  142  131  116
  118  115  125  124  131  137  145  160  173  190  208  205  203  186  177  166
  159  151  134  125  123  140  161  192  233  260  296  327  365  391  420  453
  492  532  569  611  645  677  706  724  733  736  742  753  765  773  775  777
  789  797  816  814  806  789  760  731  632                                   
    15.0-180.0 180.0   5.0 450.0                            LAT/LON1/LON2/DLON/H
  690  642  595  530  473  415  368  327  295  271  248  233  219  194  170  152
  138  136  135  145  147  160  167  186  197  222  228  225  204  188  172  163
  163  153  144  126  132  141  166  205  234  268  303  339  384  412  449  481
  527  568  605  644  675  706  729  741  744  741  747  758  768  777  778  782
  792  806  819  825  823  816  795  775  690                                   
    12.5-180.0 180.0   5.0 450.0                            LAT/LON1/LON2/DLON/H
  725  704  673  615  563  503  453  409  375  344  310  289  264  248  218  196
  176  166  159  162  174  183  195  216  231  244  247  231  204  175  157  152
  142  136  129  123  134  148  177  208  243  276  312  354  394  429  463  498
  541  581  621  658  686  716  731  741  736  740  737  752  758  772  774  778
  787  799  810  814  812  814  794  782  725                                   
    10.0-180.0 180.0   5.0 450.0                            LAT/LON1/LON2/DLON/H
  738  741  713  673  624  572  522  475  440  404  368  348  317  298  267  251
  228  219  209  208  212  221  228  247  257  262  253  228  191  163  148  139
  136  127  128  120  131  150  184  219  250  286  322  364  409  439  476  506
  548  584  619  653  683  703  719  724  725  720  727  732  743  754  760  767
  773  782  782  785  781  786  774  764  738                                   
     7.5-180.0 180.0   5.0 450.0                            LAT/LON1/LON2/DLON/H
  735  752  729  704  666  613  569  525  488  454  420  400  370  353  322  307
  285  271  256  255  253  262  262  271  268  269  248  218  182  162  140  136
