data/unet/pred1850.15i
     1.0            IONOSPHERE MAPS     GNSS                IONEX VERSION / TYPE
pyspatialgeodesy        IME             05-JAN-18 20:20     PGM / RUN BY / DATE 
Map Name                                                    COMMENT             
Predicted global ionosphere maps (GIM).                     DESCRIPTION         
  2015     7     4     0     0     0                        EPOCH OF FIRST MAP  
  2015     7     5     0     0     0                        EPOCH OF LAST MAP   
  7200                                                      INTERVAL            
    13                                                      # OF MAPS IN FILE   
  NONE                                                      MAPPING FUNCTION    
10.0                                                        ELEVATION CUTOFF    
One-way carrier phase leveled to code                       OBSERVABLES USED    
  6371.0                                                    BASE RADIUS         
 2                                                          MAP DIMENSION       
   450.0 450.0   0.0                                        HGT1 / HGT2 / DHGT  
    87.5 -87.5  -2.5                                        LAT1 / LAT2 / DLAT  
  -180.0 180.0   5.0                                        LON1 / LON2 / DLON  
    -1                                                      EXPONENT            
                                                            END OF HEADER       
[from data line 429]
     2                                                      START OF TEC MAP    
  2015     7     4     2     0     0                        EPOCH OF CURRENT MAP
    87.5-180.0 180.0   5.0 450.0                            LAT/LON1/LON2/DLON/H
  195  197  196  197  196  197  198  198  198  199  199  199  199  200  199  200
  199  200  199  200  198  199  197  197  195  196  195  194  193  193  192  192
  191  191  190  190  189  189  189  188  188  188  189  189  189  189  189  189
  189  189  190  190  191  191  191  192  192  192  192  192  193  192  192  192
  193  193  192  191  191  192  192  200  195                                   
    85.0-180.0 180.0   5.0 450.0                            LAT/LON1/LON2/DLON/H
  196  203  198  203  202  201  203  203  203  204  205  205  205  206  206  206
  205  205  205  204  203  202  201  200  198  197  196  195  194  192  192  191
  190  189  189  188  188  187  188  187  188  188  189  190  190  192  191  193
  193  195  195  197  197  199  198  200  199  200  200  200  200  200  199  200
  200  200  199  198  198  192  197  191  196                                   
    82.5-180.0 180.0   5.0 450.0                            LAT/LON1/LON2/DLON/H
  201  200  204  206  207  204  208  206  209  207  212  209  212  210  213  210
  212  209  211  207  208  203  205  199  200  195  197  191  193  188  191  186
  189  185  188  184  187  184  187  185  188  186  190  188  192  191  195  194
  198  197  201  201  204  202  205  204  207  205  207  205  207  205  206  204
  207  204  206  203  206  198  199  185  201                                   
    80.0-180.0 180.0   5.0 450.0                            LAT/LON1/LON2/DLON/H
  203  199  201  202  203  202  206  205  208  208  211  211  212  213  214  213
  213  212  212  209  207  204  202  198  196  192  191  187  186  184  184  182
  183  181  183  181  182  180  183  181  185  183  188  187  192  192  196  196
  200  200  204  203  206  205  207  206  207  205  206  205  206  204  205  203
  205  202  203  200  201  196  198  189  203                                   
    77.5-180.0 180.0   5.0 450.0                            LAT/LON1/LON2/DLON/H
  198  195  194  198  198  200  203  204  206  207  210  211  212  213  214  214
  213  213  212  210  207  204  201  197  193  190  186  183  181  180  180  180
  181  181  183  182  183  183  184  184  185  186  189  190  193  195  198  200
  202  204  206  207  207  207  207  207  206  206  205  205  205  204  203  203
  203  202  202  199  199  196  198  185  198                                   
    75.0-180.0 180.0   5.0 450.0                            LAT/LON1/LON2/DLON/H
  196  190  192  192  195  194  199  199  203  204  208  208  211  211  214  212
  213  211  212  208  207  202  199  193  189  184  182  178  177  176  178  179
  182  183  186  185  188  186  188  186  189  188  193  193  198  199  204  204
  208  208  211  209  210  208  209  206  206  204  204  201  202  199  199  197
  199  196  198  194  196  190  195  184  196                                   
    72.5-180.0 180.0   5.0 450.0                            LAT/LON1/LON2/DLON/H
  192  186  184  187  186  188  190  193  195  199  202  205  205  208  208  209
  207  208  204  204  199  197  190  187  179  176  170  170  167  170  171  176
  179  184  185  188  187  188  186  187  186  188  190  193  196  200  203  205
  206  208  207  207  205  204  201  201  198  198  195  196  193  194  192  193
  192  192  190  191  190  188  192  181  192                                   
    70.0-180.0 180.0   5.0 450.0                            LAT/LON1/LON2/DLON/H
  191  183  183  182  184  183  189  190  195  197  203  203  207  206  209  206
  207  204  204  199  197  191  187  180  174  168  165  163  163  166  170  175
  180  186  189  191  192  191  190  189  190  191  195  197  202  205  210  211
  213  212  213  210  208  205  203  200  199  196  195  193  193  191  191  190
  192  190  191  189  190  183  191  180  191                                   
    67.5-180.0 180.0   5.0 450.0                            LAT/LON1/LON2/DLON/H
  188  181  177  179  177  179  182  186  189  195  199  202  204  205  205  204
  202  201  197  196  190  188  179  175  165  162  155  156  155  161  165  173
  178  186  187  191  189  188  186  185  185  188  191  196  200  205  209  211
  211  210  209  206  202  199  196  194  191  191  188  189  187  188  186  187
  187  188  186  188  187  185  188  178  188                                   
    65.0-180.0 180.0   5.0 450.0                            LAT/LON1/LON2/DLON/H
  191  182  180  178  179  178  183  184  189  193  199  201  205  204  205  202
  202  198  198  193  190  183  178  169  163  156  153  150  154  157  165  170
  178  182  186  186  185  182  181  179  182  184  191  196  204  208  214  214
  216  213  212  207  203  199  197  193  193  190  190  188  189  187  187  186
  187  187  188  187  189  182  191  179  191                                   
    62.5-180.0 180.0   5.0 450.0                            LAT/LON1/LON2/DLON/H
  194  185  180  182  178  179  180  183  185  191  195  200  203  205  205  204
  202  200  196  194  188  184  174  169  159  155  148  148  148  154  158  165
  170  175  175  176  172  170  168  167  171  176  184  192  200  207  212  213
  214  211  209  203  200  195  193  191  190  189  188  188  187  187  184  185
  184  185  185  188  189  187  192  181  194                                   
    60.0-180.0 180.0   5.0 450.0                            LAT/LON1/LON2/DLON/H
  201  193  191  189  188  185  187  185  187  190  195  199  203  203  205  203
  204  199  199  193  191  182  178  168  165  156  154  149  152  152  158  160
  165  165  165  162  159  155  155  155  162  169  180  190  200  208  214  215
  217  214  212  206  204  199  198  196  197  195  195  193  193  189  187  185
  186  185  188  188  192  187  198  187  201                                   
    57.5-180.0 180.0   5.0 450.0                            LAT/LON1/LON2/DLON/H
  207  201  198  200  196  193  191  189  188  190  193  197  201  204  207  207
  206  205  201  199  193  189  181  176  168  164  157  155  152  152  152  154
  153  152  150  145  142  138  140  142  150  160  172  185  196  205  212  214
  216  214  212  208  206  203  202  201  202  201  201  200  198  194  190  187
  187  186  188  191  196  196  203  194  207                                   
    55.0-180.0 180.0   5.0 450.0                            LAT/LON1/LON2/DLON/H
  215  212  214  213  211  206  203  197  195  193  194  195  199  202  206  205
  207  204  204  198  196  189  187  179  178  169  168  159  159  153  153  147
  147  140  138  131  129  125  128  132  143  153  168  181  194  204  213  216
  219  218  218  216  216  214  214  214  215  215  214  212  208  202  197  192
  190  188  191  193  200  198  209  202  215                                   
    52.5-180.0 180.0   5.0 450.0                            LAT/LON1/LON2/DLON/H
  223  222  223  228  224  221  215  209  203  198  197  196  199  202  206  208
  209  209  207  205  201  198  193  190  185  180  175  170  163  158  150  145
  137  131  126  121  119  117  120  126  137  149  163  177  190  201  211  216
  220  222  223  224  224  224  224  224  225  225  224  220  216  209  204  197
  195  193  196  199  207  209  217  212  223                                   
    50.0-180.0 180.0   5.0 450.0                            LAT/LON1/LON2/DLON/H
  230  232  238  242  240  236  230  221  214  207  203  200  200  201  205  206
  209  207  208  203  204  198  198  193  193  186  184  175  172  160  154  143
  137  127  123  117  115  114  117  124  136  146  160  174  188  199  210  217
  225  228  233  234  238  238  240  240  240  240  237  234  229  222  215  209
  206  204  204  207  214  213  222  219  230                                   
    47.5-180.0 180.0   5.0 450.0                            LAT/LON1/LON2/DLON/H
  237  238  244  254  252  251  243  235  226  219  213  209  208  208  209  212
  212  213  211  210  207  205  202  200  198  195  190  184  175  166  155  147
  137  130  125  120  118  116  118  126  134  145  157  171  183  196  207  218
  227  234  240  244  247  248  249  249  250  250  248  244  239  230  225  218
  218  215  218  219  228  226  233  231  237                                   
    45.0-180.0 180.0   5.0 450.0                            LAT/LON1/LON2/DLON/H
  244  245  255  263  264  263  259  250  241  232  226  221  218  215  214  214
  215  213  214  210  209  204  204  199  201  195  195  186  182  168  161  149
  144  135  131  126  124  121  123  127  135  143  155  166  180  192  207  218
  231  240  250  255  260  260  262  261  261  263  262  261  256  250  244  238
  238  235  236  237  241  236  241  240  244                                   
    42.5-180.0 180.0   5.0 450.0                            LAT/LON1/LON2/DLON/H
  256  250  257  268  270  272  269  264  257  249  243  237  234  230  227  226
  225  224  221  218  212  208  204  201  199  197  195  191  184  175  166  158
  152  147  143  138  135  131  129  133  137  146  154  167  177  192  205  221
  233  246  255  261  266  266  268  268  269  272  273  272  269  265  262  258
  259  258  259  258  261  254  256  254  256                                   
    40.0-180.0 180.0   5.0 450.0                            LAT/LON1/LON2/DLON/H
  269  261  268  274  277  280  281  278  275  268  262  256  251  246  239  235
  233  230  227  220  215  206  203  197  199  195  197  192  191  180  176  166
  165  159  157  150  145  138  135  136  140  145  154  163  175  188  205  220
  236  248  260  266  272  274  276  278  279  284  285  290  288  288  286  286
  289  288  288  286  286  273  271  269  269                                   
    37.5-180.0 180.0   5.0 450.0                            LAT/LON1/LON2/DLON/H
  289  274  276  281  282  286  289  289  289  285  282  276  272  266  260  254
  249  244  239  230  220  209  202  197  196  196  198  198  197  192  187  183
  181  177  173  167  159  150  144  144  145  152  157  168  176  191  205  223
  237  251  261  269  273  276  278  282  286  292  296  300  302  303  304  308
  310  313  312  312  311  300  290  286  289                                   
    35.0-180.0 180.0   5.0 450.0                            LAT/LON1/LON2/DLON/H
  316  302  302  301  298  302  304  305  306  305  303  300  293  287  276  269
  259  253  245  233  223  208  202  196  198  198  205  204  208  203  202  196
  197  192  189  178  168  157  150  147  150  155  161  167  175  186  201  218
  234  246  258  263  270  275  280  286  290  299  304  315  316  322  323  328
  332  335  336  339  338  325  318  314  316                                   
    32.5-180.0 180.0   5.0 450.0                            LAT/LON1/LON2/DLON/H
  352  342  338  332  327  325  326  325  326  325  325  323  319  311  300  289
  278  269  257  243  229  213  205  200  203  207  214  218  220  217  215  212
  211  207  200  189  176  165  157  156  158  164  167  172  176  186  198  213
  228  240  250  256  262  269  276  285  293  304  312  321  324  330  331  337
  340  345  349  355  359  351  346  337  352                                   
    30.0-180.0 180.0   5.0 450.0                            LAT/LON1/LON2/DLON/H
  389  390  384  378  369  366  361  360  354  355  352  353  347  339  323  307
  292  278  264  247  234  217  212  208  215  220  229  232  234  229  227  222
  222  213  207  191  180  167  162  160  164  168  170  171  173  178  187  200
  213  226  236  244  252  261  269  278  288  301  312  325  332  340  340  344
  347  355  360  373  379  375  373  369  389                                   
    27.5-180.0 180.0   5.0 450.0                            LAT/LON1/LON2/DLON/H
  415  424  424  422  418  409  401  394  387  382  381  380  377  369  352  334
  313  295  276  256  240  226  222  224  231  239  245  249  246  241  232  226
  220  212  200  187  175  167  163  165  168  172  172  171  170  171  179  188
  200  208  220  229  241  252  265  275  288  300  312  323  332  339  342  342
  345  350  359  369  383  389  392  388  415                                   
    25.0-180.0 180.0   5.0 450.0                            LAT/LON1/LON2/DLON/H
  440  454  457  461  457  450  438  431  421  417  411  412  406  402  383  362
  333  309  285  262  248  236  239  242  250  254  260  258  254  244  235  221
  214  199  190  174  167  158  159  160  165  167  167  162  158  157  162  169
  180  190  203  215  228  242  256  269  284  297  312  325  333  343  346  352
  351  360  365  380  393  404  412  413  440                                   
    22.5-180.0 180.0   5.0 450.0                            LAT/LON1/LON2/DLON/H
  447  468  480  488  488  481  470  462  453  445  438  434  431  427  412  388
  355  328  297  273  256  251  254  262  265  269  267  264  252  238  220  205
  188  178  166  158  152  150  151  155  159  160  158  153  148  146  150  156
  167  179  193  205  221  235  252  266  285  298  313  323  333  338  344  347
  351  356  364  378  395  409  422  424  447                                   
    20.0-180.0 180.0   5.0 450.0                            LAT/LON1/LON2/DLON/H
  454  477  489  503  506  502  496  491  483  477  465  460  454  450  434  412
  375  342  310  282  269  263  269  273  277  274  269  257  244  223  203  179
  166  150  143  136  133  133  136  139  144  143  141  136  131  128  133  140
  152  167  185  201  218  231  247  263  282  297  314  326  337  344  351  359
  362  369  376  391  406  420  433  440  454                                   
    17.5-180.0 180.0   5.0 450.0                            LAT/LON1/LON2/DLON/H
  446  469  488  502  511  510  510  509  506  501  491  483  474  466  450  425
  390  354  319  294  277  277  279  285  280  273  259  243  222  198  172  151
  136  125  119  115  115  115  120  123  127  127  125  120  117  117  122  131
  144  162  181  200  218  233  252  268  287  302  319  329  341  349  360  368
  374  381  387  399  411  423  435  440  446                                   
    15.0-180.0 180.0   5.0 450.0                            LAT/LON1/LON2/DLON/H
  444  464  477  494  502  507  511  517  520  520  512  503  493  482  462  437
  399  364  328  303  288  284  286  283  276  259  242  219  197  168  148  125
  113  102   97   95   93   97   98  102  106  107  108  105  105  105  113  122
  138  158  181  200  220  236  255  272  291  308  325  338  350  363  374  386
  393  401  405  416  426  435  447  450  444                                   
    12.5-180.0 180.0   5.0 450.0                            LAT/LON1/LON2/DLON/H
  436  450  464  475  487  492  501  511  520  522  517  511  500  487  465  438
  401  365  332  308  292  289  284  280  260  240  213  188  164  141  123  107
   95   87   83   79   79   77   80   81   86   89   92   94   96   99  107  117
  133  155  178  200  222  242  262  280  300  317  333  346  362  378  392  404
  413  421  423  431  437  443  450  449  436                                   
    10.0-180.0 180.0   5.0 450.0                            LAT/LON1/LON2/DLON/H
  438  447  452  461  469  477  485  498  507  513  510  504  494  481  459  432
  397  364  332  309  292  284  277  262  242  211  185  155  139  120  109   94
   86   79   75   73   70   68   66   67   72   75   82   85   91   92  102  112
  130  150  175  196  221  241  261  282  303  322  338  356  375  395  410  424
  432  439  441  447  454  456  466  462  438                                   
     7.5-180.0 180.0   5.0 450.0                            LAT/LON1/LON2/DLON/H
  441  448  451  453  459  463  470  480  488  494  492  488  477  463  440  413
  383  353  326  303  285  275  260  243  214  184  152  133  121  113  106   96
