data/unet/pred3080.15i
     1.0            IONOSPHERE MAPS     GNSS                IONEX VERSION / TYPE
pyspatialgeodesy        IME             05-JAN-18 20:20     PGM / RUN BY / DATE 
Map Name                                                    COMMENT             
Predicted global ionosphere maps (GIM).                     DESCRIPTION         
  2015    11     4     0     0     0                        EPOCH OF FIRST MAP  
  2015    11     5     0     0     0                        EPOCH OF LAST MAP   
  7200                                                      INTERVAL            
    13                                                      # OF MAPS IN FILE   
  NONE                                                      MAPPING FUNCTION    
10.0                                                        ELEVATION CUTOFF    
One-way carrier phase leveled to code                       OBSERVABLES USED    
  6371.0                                                    BASE RADIUS         
 2                                                          MAP DIMENSION       
   450.0 450.0   0.0                                        HGT1 / HGT2 / DHGT  
    87.5 -87.5  -2.5                                        LAT1 / LAT2 / DLAT  
  -180.0 180.0   5.0                                        LON1 / LON2 / DLON  
    -1                                                      EXPONENT            
                                                            END OF HEADER       
[from data line 858]
     3                                                      START OF TEC MAP    
  2015    11     4     4     0     0                        EPOCH OF CURRENT MAP
    87.5-180.0 180.0   5.0 450.0                            LAT/LON1/LON2/DLON/H
   75  107   89   88   86   84   85   84   85   84   84   83   83   81   82   80
   81   79   79   78   78   77   77   76   75   75   75   75   75   75   76   77
   78   79   81   82   84   85   86   87   89   89   89   90   90   90   90   90
   90   90   90   89   90   90   89   89   90   89   88   88   88   88   87   86
   86   86   86   87   87   84  103   80   75                                   
    85.0-180.0 180.0   5.0 450.0                            LAT/LON1/LON2/DLON/H
  109  100   80   86   81   82   81   82   81   82   80   80   78   79   77   78
   75   76   74   75   72   73   70   71   69   70   69   70   69   71   72   74
   75   78   79   82   84   87   88   92   92   95   94   97   95   98   95   98
   96   98   95   97   96   98   95   97   96   97   94   96   93   94   91   92
   89   89   87   89   87   83   98  112  109                                   
    82.5-180.0 180.0   5.0 450.0                            LAT/LON1/LON2/DLON/H
  100   82   80   79   78   73   77   75   77   75   77   75   76   73   74   71
   72   68   69   64   64   59   60   55   56   53   55   54   55   56   60   61
   65   67   73   76   82   85   91   93   97   97   99   99  101  100  101  100
  101   99  100   99  100  100   99  100  100  100   99   99   98   98   96   96
   94   92   91   89   88   83   96  103  100                                   
    80.0-180.0 180.0   5.0 450.0                            LAT/LON1/LON2/DLON/H
  109   92   88   86   83   82   81   82   81   82   81   82   80   81   79   80
   78   77   75   71   67   63   58   55   51   50   48   49   49   53   55   60
   64   70   75   82   88   96  101  106  109  111  112  113  113  113  111  111
  110  110  108  109  109  110  110  112  112  113  112  114  112  113  110  110
  107  106  103  103   98   90   98  104  109                                   
    77.5-180.0 180.0   5.0 450.0                            LAT/LON1/LON2/DLON/H
  115   98   90   88   81   80   79   78   77   77   77   77   77   77   76   77
   75   75   71   71   65   62   54   50   44   44   41   44   44   49   52   59
   64   72   79   88   94  103  106  111  112  114  115  116  114  114  110  110
  107  108  106  109  109  113  114  119  119  124  123  127  124  125  123  122
  119  117  114  109  104   97  106  107  115                                   
    75.0-180.0 180.0   5.0 450.0                            LAT/LON1/LON2/DLON/H
  117  103   95   89   85   81   79   76   75   74   74   73   72   72   73   72
   72   70   71   65   63   57   53   46   42   41   41   43   44   50   54   62
   68   78   85   95  101  106  110  111  112  111  110  108  106  104  101   99
   98   98  100  103  108  112  118  122  128  131  136  136  138  136  136  132
  129  127  124  120  113  105  111  113  117                                   
    72.5-180.0 180.0   5.0 450.0                            LAT/LON1/LON2/DLON/H
  123  106  100   93   87   83   79   74   72   70   69   68   67   67   68   67
   68   68   67   64   61   56   51   44   41   40   42   44   48   53   60   66
   74   82   90   96  101  104  106  106  106  103  101   97   96   92   89   86
   88   89   94   99  107  114  124  130  138  144  148  150  151  151  149  146
  142  139  136  130  126  120  123  122  123                                   
    70.0-180.0 180.0   5.0 450.0                            LAT/LON1/LON2/DLON/H
  128  112  102   96   89   84   80   75   74   69   68   65   65   62   64   62
   64   63   66   61   62   57   55   50   51   50   53   55   60   65   71   78
   83   90   94   97   98   98   98   97   96   94   92   89   85   81   77   77
   81   85   95  101  114  121  134  140  151  155  159  159  161  159  158  154
  150  147  144  141  136  128  130  128  128                                   
    67.5-180.0 180.0   5.0 450.0                            LAT/LON1/LON2/DLON/H
  132  112  103   96   88   83   77   74   70   67   64   63   61   59   59   58
   59   60   61   60   59   57   56   55   57   58   61   67   73   77   83   86
   89   91   92   91   90   87   87   85   85   80   80   75   73   69   69   71
   79   86   98  109  123  134  147  155  165  170  171  171  169  165  162  157
  152  149  147  144  142  137  135  135  132                                   
    65.0-180.0 180.0   5.0 450.0                            LAT/LON1/LON2/DLON/H
  135  115   98   91   83   77   73   70   69   66   64   61   59   55   56   54
   56   55   58   57   58   57   59   59   65   67   73   77   84   88   89   92
   90   91   86   85   79   77   71   71   67   67   66   65   64   63   64   70
   81   91  108  120  139  148  163  169  179  182  182  180  175  169  163  156
  150  147  145  145  141  137  135  135  135                                   
    62.5-180.0 180.0   5.0 450.0                            LAT/LON1/LON2/DLON/H
  135  109   92   84   74   70   65   66   63   62   59   59   56   55   54   54
   54   54   56   56   57   56   60   60   67   70   76   82   86   90   89   90
   87   83   78   72   67   60   58   52   54   52   57   57   61   62   65   74
   87   99  116  131  151  164  179  187  193  194  192  188  182  173  163  154
  146  142  140  140  139  136  134  135  135                                   
    60.0-180.0 180.0   5.0 450.0                            LAT/LON1/LON2/DLON/H
  134  108   86   76   67   60   57   58   58   57   56   55   55   53   54   56
   56   58   57   57   55   55   56   58   65   68   76   80   85   87   85   85
   78   76   65   63   55   51   44   43   42   46   50   56   60   65   70   84
   98  112  129  144  164  178  191  198  204  204  200  196  190  182  170  160
  151  147  144  143  140  135  134  136  134                                   
    57.5-180.0 180.0   5.0 450.0                            LAT/LON1/LON2/DLON/H
  138  108   88   75   61   54   47   50   49   52   50   51   50   52   53   57
   58   59   59   56   55   51   53   53   60   63   70   74   79   79   78   76
   71   65   61   54   50   44   42   38   41   44   54   59   67   73   82   95
  110  123  142  156  178  192  204  209  216  214  211  206  201  194  183  173
  161  155  150  146  144  142  138  141  138                                   
    55.0-180.0 180.0   5.0 450.0                            LAT/LON1/LON2/DLON/H
  143  117   98   82   69   57   49   48   48   47   47   46   49   49   53   58
   59   63   59   59   51   50   46   48   53   57   61   67   71   72   70   70
   62   62   55   55   50   48   45   44   45   52   58   67   74   84   94  109
  122  137  153  170  189  203  212  219  224  223  221  217  214  209  202  191
  181  171  167  161  157  151  153  151  143                                   
    52.5-180.0 180.0   5.0 450.0                            LAT/LON1/LON2/DLON/H
  167  140  122  105   86   72   58   53   47   46   43   44   44   47   50   56
   58   61   58   56   49   44   43   41   49   51   57   58   65   62   65   61
   61   60   61   59   60   58   59   57   60   64   71   78   85   97  109  122
  137  150  166  182  200  212  222  227  232  232  232  229  228  224  219  211
  200  192  183  178  173  173  171  170  167                                   
    50.0-180.0 180.0   5.0 450.0                            LAT/LON1/LON2/DLON/H
  183  167  154  131  111   93   77   67   57   51   45   43   43   44   49   53
   56   59   55   54   45   43   39   43   48   52   57   58   62   62   59   61
   60   63   65   67   70   70   71   69   71   74   80   88   95  111  121  135
  148  163  177  195  209  221  228  234  240  241  243  242  244  241  237  228
  220  210  204  194  191  184  190  181  183                                   
    47.5-180.0 180.0   5.0 450.0                            LAT/LON1/LON2/DLON/H
  215  203  190  172  146  124  103   89   73   63   50   47   42   45   47   53
   53   58   54   53   50   49   49   53   58   62   66   65   67   66   64   65
   66   71   75   79   84   86   88   87   87   89   92   99  108  123  136  149
  163  177  192  207  221  230  236  241  246  248  250  252  255  254  250  243
  232  225  216  209  205  203  205  199  215                                   
    45.0-180.0 180.0   5.0 450.0                            LAT/LON1/LON2/DLON/H
  232  227  220  201  177  153  130  115   96   81   63   58   50   50   50   54
   53   57   56   57   55   59   58   66   69   74   75   75   74   73   67   74
   73   79   85   89   95   95   97   95   93   95   97  106  115  132  144  162
  173  191  203  219  229  238  243  246  251  252  254  256  259  258  254  248
  238  229  220  215  211  208  215  205  232                                   
    42.5-180.0 180.0   5.0 450.0                            LAT/LON1/LON2/DLON/H
  246  238  233  220  196  177  154  137  117  100   83   71   62   58   56   57
   58   61   62   65   66   72   75   81   86   89   88   87   84   82   79   79
   83   87   94   98  101  104  103  103  100  101  104  111  124  141  156  173
  189  204  219  230  240  247  250  251  254  253  253  254  256  254  250  242
  233  222  215  210  211  213  215  212  246                                   
    40.0-180.0 180.0   5.0 450.0                            LAT/LON1/LON2/DLON/H
  247  236  232  219  201  186  166  152  133  118  100   89   79   75   71   71
   69   72   76   80   86   92   97  103  105  107  103  103   96   96   88   93
   91   97   98  103  105  104  104  102  100  103  106  118  128  148  163  185
  200  218  230  241  251  257  259  259  262  259  259  257  258  254  249  242
  233  226  218  218  215  219  217  207  247                                   
    37.5-180.0 180.0   5.0 450.0                            LAT/LON1/LON2/DLON/H
  241  224  218  206  188  177  164  156  140  130  115  105   99   93   91   87
   87   89   95   99  108  112  119  120  121  119  113  113  105  105   98  101
   99  102  102  105  106  108  105  105  103  108  112  124  140  158  176  196
  214  229  243  253  263  268  270  270  271  269  267  266  263  261  256  250
  242  232  229  226  226  223  222  209  241                                   
    35.0-180.0 180.0   5.0 450.0                            LAT/LON1/LON2/DLON/H
  244  215  203  180  163  151  140  141  129  131  117  117  114  112  111  109
  109  109  116  119  127  131  133  134  127  128  118  120  110  113  103  106
  100  103  101  104  106  106  103  104  103  110  115  133  145  165  181  202
  218  233  247  258  269  276  281  282  285  285  286  287  287  288  286  282
  278  270  266  262  255  246  234  215  244                                   
    32.5-180.0 180.0   5.0 450.0                            LAT/LON1/LON2/DLON/H
  246  208  194  161  147  118  125  116  121  117  116  117  120  122  122  123
  125  128  135  140  147  147  145  140  132  127  119  118  112  113  107  108
  103  105  102  105  105  106  104  106  107  116  125  140  156  173  187  205
  220  235  250  262  275  284  292  296  299  302  305  312  317  326  332  336
  336  332  329  322  310  287  271  248  246                                   
    30.0-180.0 180.0   5.0 450.0                            LAT/LON1/LON2/DLON/H
  288  230  213  166  137  109   97   90   96   99  103  114  117  126  128  133
  136  138  145  150  153  154  148  141  127  123  112  114  108  110  106  109
  106  107  106  105  106  106  104  108  110  121  128  148  158  178  191  206
  220  233  249  264  279  293  304  312  318  323  329  340  351  368  383  402
  408  418  414  412  394  359  326  289  288                                   
    27.5-180.0 180.0   5.0 450.0                            LAT/LON1/LON2/DLON/H
  333  269  242  190  163  112  111   86   98   91  100  105  112  120  124  131
  136  143  149  153  154  151  143  134  123  116  113  112  110  111  108  110
  106  109  106  108  106  108  105  110  113  123  134  150  164  179  193  207
  220  234  253  269  286  304  317  330  338  347  357  374  393  421  442  469
  485  501  505  505  496  455  407  365  333                                   
    25.0-180.0 180.0   5.0 450.0                            LAT/LON1/LON2/DLON/H
  443  359  325  252  205  147  122   93   91   80   89   93  103  112  115  123
  127  132  135  140  137  137  129  125  114  115  113  116  115  117  118  116
  117  112  111  108  106  109  105  112  115  126  134  151  163  179  192  207
  220  236  257  279  300  323  340  356  366  379  389  411  433  467  492  526
  546  572  583  595  590  551  502  451  443                                   
    22.5-180.0 180.0   5.0 450.0                            LAT/LON1/LON2/DLON/H
  536  475  426  339  281  208  176  127  122  100  103   98  105  105  107  111
  116  119  122  123  121  120  118  119  118  123  127  130  129  128  128  126
  123  117  113  111  107  110  106  109  113  121  128  144  160  176  195  209
  230  245  271  294  320  345  365  379  393  406  423  444  470  505  536  564
  587  613  637  652  660  633  583  536  536                                   
    20.0-180.0 180.0   5.0 450.0                            LAT/LON1/LON2/DLON/H
  632  603  560  472  401  310  255  184  163  129  124  111  112  106  104  103
  103  104  101  102   99  105  110  121  128  141  145  148  147  146  144  140
  134  126  117  114  106  112  103  107  108  116  125  138  158  178  202  222
  245  265  294  319  346  372  392  408  421  438  453  475  503  536  569  592
  613  638  662  686  697  680  647  606  632                                   
    17.5-180.0 180.0   5.0 450.0                            LAT/LON1/LON2/DLON/H
  694  699  658  597  526  437  355  282  233  193  174  157  148  135  123  111
  108  101   99   94   95  100  114  134  151  168  172  173  167  162  157  151
  142  131  120  114  107  107  102  100  101  106  116  132  157  182  213  235
  263  283  314  341  368  397  416  435  447  462  478  496  526  551  577  597
  615  635  659  681  702  698  680  637  694                                   
    15.0-180.0 180.0   5.0 450.0                            LAT/LON1/LON2/DLON/H
  727  757  732  691  624  546  470  385  331  277  246  218  200  181  158  140
  128  117  108  104  102  113  132  158  177  195  202  199  191  177  169  157
  146  132  121  115  106  104   99   97   97  101  113  129  159  187  223  246
  274  299  331  359  387  414  434  451  466  480  496  510  536  554  574  585
  602  612  628  652  669  683  675  657  727                                   
    12.5-180.0 180.0   5.0 450.0                            LAT/LON1/LON2/DLON/H
  712  747  744  705  655  585  531  471  422  376  333  296  267  243  211  190
  172  153  142  130  128  137  159  187  205  225  228  225  213  196  179  164
  150  136  122  115  107  103   96   90   91   94  108  129  166  198  232  258
  287  313  344  376  401  428  447  463  477  487  503  516  533  546  554  561
  565  573  582  604  626  647  653  637  712                                   
    10.0-180.0 180.0   5.0 450.0                            LAT/LON1/LON2/DLON/H
  665  695  696  685  629  594  542  513  469  438  404  374  339  304  270  245
  224  204  189  179  173  179  194  215  231  243  246  241  229  207  185  171
  154  138  125  117  110  102   97   90   91   93  109  131  170  201  237  262
  292  320  351  385  411  434  454  466  482  490  507  516  529  535  543  542
  548  546  557  570  593  612  619  617  665                                   
     7.5-180.0 180.0   5.0 450.0                            LAT/LON1/LON2/DLON/H
  599  619  642  617  597  552  534  497  483  456  441  421  401  375  335  310
  283  266  244  230  220  220  229  242  252  260  260  253  236  215  193  178
