data/unet/pred0700.15i
     1.0            IONOSPHERE MAPS     GNSS                IONEX VERSION / TYPE
pyspatialgeodesy        IME             05-JAN-18 20:20     PGM / RUN BY / DATE 
Map Name                                                    COMMENT             
Predicted global ionosphere maps (GIM).                     DESCRIPTION         
  2015     3    11     0     0     0                        EPOCH OF FIRST MAP  
  2015     3    12     0     0     0                        EPOCH OF LAST MAP   
  7200                                                      INTERVAL            
    13                                                      # OF MAPS IN FILE   
  NONE                                                      MAPPING FUNCTION    
10.0                                                        ELEVATION CUTOFF    
One-way carrier phase leveled to code                       OBSERVABLES USED    
  6371.0                                                    BASE RADIUS         
 2                                                          MAP DIMENSION       
   450.0 450.0   0.0                                        HGT1 / HGT2 / DHGT  
    87.5 -87.5  -2.5                                        LAT1 / LAT2 / DLAT  
  -180.0 180.0   5.0                                        LON1 / LON2 / DLON  
    -1                                                      EXPONENT            
                                                            END OF HEADER       
     1                                                      START OF TEC MAP    
  2015     3    11     0     0     0                        EPOCH OF CURRENT MAP
    87.5-180.0 180.0   5.0 450.0                            LAT/LON1/LON2/DLON/H
  178  147  139  135  135  132  133  132  135  134  135  134  137  137  137  135
  137  135  135  132  133  130  129  126  126  124  124  121  121  120  119  118
  119  118  119  119  121  120  122  122  124  124  127  126  129  129  131  130
  133  133  136  136  139  140  142  143  146  147  148  149  151  151  151  150
  150  149  147  148  152  152  153  181  178                                   
    85.0-180.0 180.0   5.0 450.0                            LAT/LON1/LON2/DLON/H
  155  153  151  149  149  145  146  145  147  147  148  148  151  150  150  148
  149  146  145  141  140  135  132  127  126  121  119  114  113  109  108  106
  107  105  107  106  109  109  112  112  116  117  120  121  125  125  129  128
  133  133  137  137  141  143  147  148  152  154  156  157  160  161  162  162
  164  162  163  162  168  164  164  162  155                                   
    82.5-180.0 180.0   5.0 450.0                            LAT/LON1/LON2/DLON/H
  156  158  157  156  155  152  153  152  156  155  158  158  162  161  162  159
  160  155  154  148  145  138  134  125  123  114  112  104  103   96   97   91
   95   91   96   94  100   99  105  104  110  110  116  116  121  121  126  125
  130  130  135  134  140  140  146  146  152  152  158  158  165  164  170  169
  174  172  175  174  180  176  175  174  156                                   
    80.0-180.0 180.0   5.0 450.0                            LAT/LON1/LON2/DLON/H
  166  171  170  171  166  167  166  170  171  174  175  179  180  182  181  180
  177  173  167  162  155  148  140  132  125  117  110  103   98   92   90   86
   88   87   90   91   97   98  103  105  110  111  115  116  120  119  123  123
  126  126  130  131  135  136  141  144  150  153  158  162  167  172  176  181
  184  188  190  192  195  191  187  189  166                                   
    77.5-180.0 180.0   5.0 450.0                            LAT/LON1/LON2/DLON/H
  179  183  182  181  175  174  175  178  180  184  187  191  194  196  196  194
  191  184  179  170  162  152  144  134  126  117  109  102   96   90   87   85
   85   86   89   92   97  100  105  108  112  113  116  116  116  115  115  115
  115  115  117  117  121  123  128  133  139  144  151  157  164  170  176  181
  187  190  194  197  201  197  196  200  179                                   
    75.0-180.0 180.0   5.0 450.0                            LAT/LON1/LON2/DLON/H
  193  197  198  193  185  183  183  186  189  194  199  205  209  211  211  207
  202  193  185  174  164  153  145  135  128  118  112  104   99   94   91   89
   89   89   93   95  101  104  109  111  115  115  116  112  111  107  105  101
  100   97   99   98  102  104  111  116  125  132  140  148  158  165  173  180
  187  191  197  201  206  205  206  213  193                                   
    72.5-180.0 180.0   5.0 450.0                            LAT/LON1/LON2/DLON/H
  213  215  215  208  197  195  192  195  198  203  209  214  219  219  219  212
  204  193  182  169  158  148  141  133  126  118  113  106  101   96   94   91
   91   91   94   95  100  102  107  109  111  110  110  105  101   95   91   84
   81   78   79   78   81   84   92   98  109  117  128  137  149  158  169  177
  185  190  197  202  209  213  218  227  213                                   
    70.0-180.0 180.0   5.0 450.0                            LAT/LON1/LON2/DLON/H
  230  232  237  228  214  208  205  207  209  215  220  226  228  228  223  214
  203  189  176  163  153  144  139  133  128  121  117  111  106  101   98   95
   94   92   94   94   97   99  103  103  104  102  101   95   89   81   76   67
   64   60   61   60   64   68   77   85   97  107  119  130  144  154  167  175
  185  190  198  205  213  221  229  244  230                                   
    67.5-180.0 180.0   5.0 450.0                            LAT/LON1/LON2/DLON/H
  248  247  252  242  228  221  216  216  218  224  229  233  234  230  222  210
  197  182  168  156  147  141  137  133  129  124  119  113  108  103   99   94
   91   89   88   86   87   87   89   88   89   86   84   77   71   62   57   50
   47   44   47   49   55   61   71   80   92  105  118  131  145  157  168  177
  185  191  197  206  216  228  237  253  248                                   
    65.0-180.0 180.0   5.0 450.0                            LAT/LON1/LON2/DLON/H
  258  262  268  257  243  235  228  227  228  234  237  240  238  232  220  207
  192  177  164  153  147  142  139  135  132  126  121  114  108  102   98   92
   88   83   80   77   75   74   74   73   74   71   69   63   57   50   45   39
   38   37   42   46   54   62   72   82   96  109  123  137  152  164  176  182
  190  194  200  207  220  232  243  262  258                                   
    62.5-180.0 180.0   5.0 450.0                            LAT/LON1/LON2/DLON/H
  269  268  273  264  250  242  234  232  233  238  241  242  239  231  218  205
  189  176  164  157  151  148  144  140  134  128  120  113  106  100   94   88
   83   77   71   66   62   59   58   58   59   57   56   51   46   39   36   32
   33   35   42   48   58   67   78   89  103  118  134  151  167  179  189  195
  199  202  205  212  224  236  243  265  269                                   
    60.0-180.0 180.0   5.0 450.0                            LAT/LON1/LON2/DLON/H
  276  279  283  273  261  252  244  241  241  244  245  245  239  231  218  207
  194  184  175  168  163  158  152  145  137  129  120  112  104   99   93   87
   81   74   67   62   56   52   51   51   53   52   52   49   45   40   36   35
   37   42   49   58   67   77   87   98  113  129  147  166  185  197  208  213
  217  218  218  222  231  241  247  270  276                                   
    57.5-180.0 180.0   5.0 450.0                            LAT/LON1/LON2/DLON/H
  289  287  290  282  270  262  252  249  247  248  247  245  240  233  222  214
  205  200  192  187  179  172  161  152  141  130  120  112  105  100   95   89
   83   76   68   63   56   53   51   52   53   55   55   53   49   46   43   43
   46   51   59   67   76   85   94  106  121  139  160  181  203  216  231  238
  242  242  240  241  247  252  254  276  289                                   
    55.0-180.0 180.0   5.0 450.0                            LAT/LON1/LON2/DLON/H
  302  303  306  299  288  280  270  265  261  258  255  250  244  237  229  225
  220  217  211  205  195  185  170  157  144  133  123  116  111  107  102   97
   90   83   76   71   65   62   60   61   64   65   66   64   61   57   54   54
   58   63   71   78   86   94  102  113  128  146  168  190  213  232  250  263
  269  271  270  270  273  276  274  291  302                                   
    52.5-180.0 180.0   5.0 450.0                            LAT/LON1/LON2/DLON/H
  321  323  326  321  311  304  294  287  280  274  266  258  249  243  239  238
  237  236  230  221  208  195  177  162  148  139  130  125  121  118  112  106
   99   92   85   82   76   75   72   74   76   78   78   76   73   70   68   69
   72   77   83   89   95  100  107  118  132  151  174  196  221  243  266  282
  295  300  303  304  306  305  301  312  321                                   
    50.0-180.0 180.0   5.0 450.0                            LAT/LON1/LON2/DLON/H
  342  353  356  351  344  337  327  319  309  297  284  271  260  253  249  251
  250  250  241  230  214  199  181  167  154  147  141  138  134  130  123  116
  108  101   96   93   91   90   88   89   91   92   92   90   89   85   84   84
   87   91   96  100  104  108  113  122  136  154  175  199  224  250  274  296
  312  323  331  336  342  340  332  334  342                                   
    47.5-180.0 180.0   5.0 450.0                            LAT/LON1/LON2/DLON/H
  362  380  383  382  376  373  362  355  342  326  306  289  274  264  260  261
  261  258  247  233  216  201  184  173  163  158  153  150  145  138  129  119
  110  104  101  101   99  100   98  101  101  103  103  103  102  100   99  100
  102  105  107  109  111  113  118  128  142  160  181  203  229  253  280  301
  321  335  349  358  367  362  355  352  362                                   
    45.0-180.0 180.0   5.0 450.0                            LAT/LON1/LON2/DLON/H
  379  404  408  410  408  405  396  389  375  357  334  313  293  281  274  273
  267  262  247  233  216  203  191  183  176  171  166  161  152  140  128  114
  106  100  101  102  104  106  107  108  110  111  114  113  115  114  115  115
  118  119  119  119  119  122  127  137  150  168  188  208  233  257  282  304
  323  339  355  367  380  379  373  366  379                                   
    42.5-180.0 180.0   5.0 450.0                            LAT/LON1/LON2/DLON/H
  390  414  421  426  426  425  417  412  399  381  357  335  314  300  289  283
  276  265  250  235  220  211  201  196  190  184  174  164  151  135  118  104
   96   94   95  100  103  108  109  113  113  117  119  121  123  125  126  127
  128  128  127  126  127  130  136  148  163  181  200  218  242  262  285  304
  322  334  351  364  380  382  381  375  390                                   
    40.0-180.0 180.0   5.0 450.0                            LAT/LON1/LON2/DLON/H
  399  419  425  428  430  428  422  420  410  395  373  353  334  319  306  297
  286  274  257  244  232  224  217  211  204  192  179  161  145  126  110   97
   93   93   99  103  110  112  115  117  121  123  126  127  132  132  134  134
  135  134  133  132  134  140  148  161  178  196  214  232  254  271  292  307
  322  333  348  362  378  386  391  382  399                                   
    37.5-180.0 180.0   5.0 450.0                            LAT/LON1/LON2/DLON/H
  407  421  428  426  425  424  419  418  412  402  384  368  353  339  326  314
  302  288  274  263  253  245  237  226  214  197  178  156  137  121  108  104
  103  112  114  122  123  126  124  128  128  133  133  136  137  138  137  137
  136  134  132  132  135  142  153  168  187  206  226  243  264  280  298  309
  322  329  344  356  376  388  397  388  407                                   
    35.0-180.0 180.0   5.0 450.0                            LAT/LON1/LON2/DLON/H
  420  430  433  426  422  418  413  414  411  406  393  381  369  358  346  335
  321  310  297  289  279  270  256  237  220  197  179  158  147  137  134  136
  143  149  155  154  154  147  147  144  146  144  146  144  145  141  139  135
  133  130  128  128  131  139  151  168  188  210  230  249  268  287  301  311
  318  324  338  353  378  396  413  402  420                                   
    32.5-180.0 180.0   5.0 450.0                            LAT/LON1/LON2/DLON/H
  444  450  456  445  435  426  419  418  416  413  403  396  386  379  367  357
  344  334  324  315  302  287  267  241  219  198  185  177  176  183  188  203
  211  220  215  210  196  186  175  171  165  162  157  155  150  144  136  130
  125  120  118  118  121  129  141  159  179  201  225  248  270  290  306  315
  319  324  337  355  387  410  431  425  444                                   
    30.0-180.0 180.0   5.0 450.0                            LAT/LON1/LON2/DLON/H
  484  491  497  485  475  460  447  441  435  432  421  415  406  399  389  379
  367  359  348  337  318  293  267  237  221  211  212  222  239  261  278  296
  308  309  297  277  250  224  209  198  190  181  174  166  160  148  138  126
  121  113  111  110  114  119  133  149  174  196  222  247  273  292  304  315
  322  328  341  361  393  426  456  467  484                                   
    27.5-180.0 180.0   5.0 450.0                            LAT/LON1/LON2/DLON/H
  541  552  556  547  534  516  497  484  473  463  450  441  432  425  415  404
  393  383  369  349  323  289  259  235  230  238  261  297  336  373  390  403
  399  388  364  340  302  269  240  226  211  198  184  174  162  150  135  124
  114  108  105  105  106  114  124  146  169  197  221  251  277  299  309  322
  330  339  356  379  411  451  489  521  541                                   
    25.0-180.0 180.0   5.0 450.0                            LAT/LON1/LON2/DLON/H
  602  619  620  616  606  592  571  556  536  519  496  483  467  456  441  429
  415  401  381  352  317  280  254  242  254  288  329  394  445  488  500  500
  483  450  418  384  344  305  268  248  231  211  193  178  168  151  137  122
  114  103  101   98  101  108  122  145  171  200  228  257  281  304  316  332
  341  354  377  402  439  483  535  586  602                                   
    22.5-180.0 180.0   5.0 450.0                            LAT/LON1/LON2/DLON/H
  667  688  695  696  686  672  652  637  615  590  560  535  514  496  476  461
  443  421  394  354  318  281  264  269  302  359  423  493  547  576  580  568
  535  493  445  404  357  321  279  260  234  214  188  175  161  150  135  124
  113  107  104  100  105  110  128  148  175  205  229  262  283  311  327  348
  360  380  406  438  479  523  586  656  667                                   
    20.0-180.0 180.0   5.0 450.0                            LAT/LON1/LON2/DLON/H
  716  747  764  771  767  763  747  737  713  685  645  613  580  552  525  503
  478  449  409  365  325  298  288  316  363  447  512  582  621  631  623  591
  550  494  448  402  363  321  281  260  236  208  185  168  163  149  138  124
  117  108  105  100  103  106  121  141  173  201  234  270  296  328  345  370
  393  414  448  481  535  571  637  709  716                                   
    17.5-180.0 180.0   5.0 450.0                            LAT/LON1/LON2/DLON/H
  755  803  826  833  835  830  819  819  802  771  728  689  651  617  585  555
  524  490  443  397  358  338  342  387  451  530  597  642  664  650  624  577
  524  473  426  382  341  304  268  248  218  198  172  161  157  149  138  128
  122  114  113  106  108  109  128  147  184  217  248  285  315  347  366  395
  421  450  483  524  574  611  669  734  755                                   
    15.0-180.0 180.0   5.0 450.0                            LAT/LON1/LON2/DLON/H
  777  829  857  872  884  885  883  888  882  855  810  766  723  689  653  619
  583  543  494  448  412  407  419  480  539  608  646  662  655  618  571  512
  468  419  382  334  300  266  243  222  200  177  165  154  158  148  141  130
  127  121  120  112  113  113  131  154  196  229  269  302  339  368  394  425
  456  484  517  556  605  632  678  733  777                                   
    12.5-180.0 180.0   5.0 450.0                            LAT/LON1/LON2/DLON/H
  769  828  857  875  888  899  907  922  926  908  872  826  786  746  711  678
  645  607  564  528  502  506  531  585  631  656  660  637  601  539  478  425
  386  351  318  285  253  238  219  207  184  171  158  157  158  152  144  135
  133  128  125  119  118  121  143  171  214  250  282  314  348  377  410  443
  477  503  540  576  624  639  668  712  769                                   
    10.0-180.0 180.0   5.0 450.0                            LAT/LON1/LON2/DLON/H
  751  801  830  847  862  879  903  933  947  940  913  875  836  800  769  738
  712  683  651  627  618  631  656  683  694  665  623  564  499  429  373  322
  301  273  262  240  225  211  207  194  183  170  168  165  169  161  155  145
  140  134  129  122  121  128  153  186  228  262  294  326  357  391  431  464
  498  527  564  599  637  647  661  692  751                                   
     7.5-180.0 180.0   5.0 450.0                            LAT/LON1/LON2/DLON/H
  719  761  782  801  813  839  869  915  941  948  934  905  875  846  820  796
  777  758  740  731  729  745  753  744  704  633  546  457  376  315  266  240
