data/unet/pred1960.15i
     1.0            IONOSPHERE MAPS     GNSS                IONEX VERSION / TYPE
pyspatialgeodesy        IME             05-JAN-18 20:20     PGM / RUN BY / DATE 
Map Name                                                    COMMENT             
Predicted global ionosphere maps (GIM).                     DESCRIPTION         
  2015     7    15     0     0     0                        EPOCH OF FIRST MAP  
  2015     7    16     0     0     0                        EPOCH OF LAST MAP   
  7200                                                      INTERVAL            
    13                                                      # OF MAPS IN FILE   
  NONE                                                      MAPPING FUNCTION    
10.0                                                        ELEVATION CUTOFF    
One-way carrier phase leveled to code                       OBSERVABLES USED    
  6371.0                                                    BASE RADIUS         
 2                                                          MAP DIMENSION       
   450.0 450.0   0.0                                        HGT1 / HGT2 / DHGT  
    87.5 -87.5  -2.5                                        LAT1 / LAT2 / DLAT  
  -180.0 180.0   5.0                                        LON1 / LON2 / DLON  
    -1                                                      EXPONENT            
                                                            END OF HEADER       
[from data line 3432]
     9                                                      START OF TEC MAP    
  2015     7    15    16     0     0                        EPOCH OF CURRENT MAP
    87.5-180.0 180.0   5.0 450.0                            LAT/LON1/LON2/DLON/H
  154  161  157  157  156  155  154  154  154  153  153  153  153  153  153  152
  153  152  152  151  152  150  151  150  150  148  149  147  148  146  146  145
  146  144  145  144  146  145  146  146  147  147  148  148  150  150  151  151
  153  152  154  154  156  155  157  156  158  157  158  158  159  158  158  158
  158  158  159  158  158  159  162  173  154                                   
    85.0-180.0 180.0   5.0 450.0                            LAT/LON1/LON2/DLON/H
  135  150  152  152  155  151  154  152  154  151  154  151  154  151  153  151
  153  150  152  149  152  148  150  147  149  145  146  143  145  141  142  139
  141  138  140  138  141  139  142  140  143  142  145  145  148  147  150  149
  152  151  153  152  155  153  155  154  157  155  157  155  158  155  157  154
  157  154  157  155  155  152  153  152  135                                   
    82.5-180.0 180.0   5.0 450.0                            LAT/LON1/LON2/DLON/H
  137  146  148  150  148  147  149  149  150  149  150  150  150  150  151  149
  150  149  150  148  149  148  148  147  147  145  145  143  142  141  139  139
  137  137  136  137  136  138  137  140  140  142  142  145  145  147  148  149
  150  151  151  151  151  152  151  151  152  151  151  150  150  149  149  147
  148  147  149  148  149  142  152  138  137                                   
    80.0-180.0 180.0   5.0 450.0                            LAT/LON1/LON2/DLON/H
  130  140  144  147  146  148  147  150  149  151  150  152  151  152  150  152
  150  151  150  151  150  151  150  151  150  150  148  148  146  145  142  142
  139  139  136  138  136  138  137  140  139  143  142  147  146  150  149  153
  152  154  153  155  153  155  153  154  152  153  150  151  148  148  145  145
  143  144  143  143  142  144  142  138  130                                   
    77.5-180.0 180.0   5.0 450.0                            LAT/LON1/LON2/DLON/H
  126  134  139  139  141  142  145  146  148  148  149  150  150  149  150  149
  149  147  148  148  150  149  151  150  151  150  149  149  147  145  143  141
  139  137  136  135  135  135  136  138  139  140  143  144  145  147  148  150
  149  152  151  153  151  152  150  151  149  149  146  145  142  141  139  138
  137  136  137  136  137  131  132  129  126                                   
    75.0-180.0 180.0   5.0 450.0                            LAT/LON1/LON2/DLON/H
  119  129  136  139  142  144  146  148  149  150  151  151  151  150  149  148
  148  147  148  148  150  151  153  154  155  156  155  155  153  152  149  146
  144  142  140  139  138  138  139  140  141  143  144  145  146  147  148  149
  149  150  150  150  150  150  150  150  149  148  146  144  142  140  139  136
  136  135  136  134  136  135  133  132  119                                   
    72.5-180.0 180.0   5.0 450.0                            LAT/LON1/LON2/DLON/H
  118  131  137  140  141  142  145  146  148  148  149  149  148  147  145  145
  143  143  143  145  147  149  152  153  156  155  157  155  155  151  150  147
  144  141  140  139  139  139  140  141  142  143  145  145  144  145  143  144
  143  145  144  145  144  145  143  144  142  142  139  139  135  135  133  133
  131  132  133  134  135  131  132  129  118                                   
    70.0-180.0 180.0   5.0 450.0                            LAT/LON1/LON2/DLON/H
  117  128  135  137  141  142  145  146  148  149  149  149  149  148  146  145
  143  142  142  145  147  149  153  155  158  158  159  158  156  155  152  149
  147  144  142  142  141  142  142  144  144  145  146  146  144  143  142  141
  140  141  142  142  144  144  145  144  144  143  142  140  138  137  135  134
  134  134  136  136  138  137  137  134  117                                   
    67.5-180.0 180.0   5.0 450.0                            LAT/LON1/LON2/DLON/H
  118  133  138  138  140  140  144  144  148  147  149  148  148  146  145  142
  141  139  140  142  145  146  150  151  156  153  158  154  156  150  151  147
  146  143  143  142  143  143  145  146  147  148  148  147  145  143  141  140
  137  140  140  142  142  144  143  144  142  142  139  140  137  137  134  135
  133  136  136  138  140  136  136  134  118                                   
    65.0-180.0 180.0   5.0 450.0                            LAT/LON1/LON2/DLON/H
  118  131  137  138  141  141  144  143  147  147  148  149  149  148  147  144
  143  140  141  141  144  146  149  150  154  151  154  151  153  149  149  147
  147  144  144  143  145  146  148  149  151  150  151  147  146  142  141  138
  139  140  143  144  147  148  149  148  148  147  146  144  143  141  140  139
  138  138  140  140  143  142  142  141  118                                   
    62.5-180.0 180.0   5.0 450.0                            LAT/LON1/LON2/DLON/H
  118  133  139  138  140  139  143  142  147  145  149  149  152  148  148  145
  144  140  142  141  145  144  147  146  149  145  148  144  147  144  146  144
  146  144  146  145  147  148  150  152  153  154  153  151  147  145  142  141
  140  145  146  150  151  154  153  154  152  152  147  146  142  142  139  139
  136  137  137  139  139  136  136  138  118                                   
    60.0-180.0 180.0   5.0 450.0                            LAT/LON1/LON2/DLON/H
  116  130  135  137  142  140  143  142  146  146  149  150  152  150  149  147
  146  142  143  142  145  144  146  144  147  143  145  141  145  143  146  146
  148  147  148  148  150  151  153  155  158  156  157  153  152  148  148  147
  149  152  155  159  161  162  161  160  160  157  156  151  150  146  144  141
  139  137  136  136  136  135  134  139  116                                   
    57.5-180.0 180.0   5.0 450.0                            LAT/LON1/LON2/DLON/H
  114  130  136  137  140  140  143  143  147  146  149  150  154  151  151  149
  148  144  144  144  145  143  145  143  143  140  140  139  141  141  145  147
  150  151  151  153  152  154  155  159  159  163  161  161  156  156  154  157
  157  163  164  169  168  170  167  166  161  160  155  152  147  145  141  138
  133  131  128  128  125  122  122  130  114                                   
    55.0-180.0 180.0   5.0 450.0                            LAT/LON1/LON2/DLON/H
  108  124  131  134  140  143  145  146  148  148  149  149  151  150  151  147
  148  144  144  141  143  141  144  141  144  142  143  141  144  145  150  153
  156  158  158  158  158  160  161  164  167  168  170  167  167  165  165  166
  169  174  177  179  177  177  173  169  166  161  159  153  152  147  144  138
  134  127  124  121  119  117  117  127  108                                   
    52.5-180.0 180.0   5.0 450.0                            LAT/LON1/LON2/DLON/H
  105  121  129  135  141  144  149  149  151  150  152  151  153  150  152  149
  149  144  145  142  144  141  144  143  145  143  144  145  148  150  155  158
  161  163  162  163  161  164  165  171  173  178  177  179  175  177  174  179
  179  184  183  185  180  179  172  169  163  160  154  153  148  146  140  135
  128  121  115  111  107  104  107  116  105                                   
    50.0-180.0 180.0   5.0 450.0                            LAT/LON1/LON2/DLON/H
  101  117  125  132  141  148  152  154  154  155  153  152  150  148  149  146
  148  143  144  140  142  140  144  143  147  148  150  151  155  157  162  166
  167  170  169  170  169  171  174  179  183  188  189  190  189  189  189  191
  192  193  192  189  183  178  172  167  162  158  156  152  153  148  146  137
  132  120  115  109  106  105  106  115  101                                   
    47.5-180.0 180.0   5.0 450.0                            LAT/LON1/LON2/DLON/H
  102  115  123  133  142  149  156  159  160  159  157  155  152  149  149  149
  150  147  147  145  145  143  145  147  150  152  155  157  161  164  167  170
  171  172  172  173  172  177  180  188  193  199  200  202  199  201  199  202
  200  202  196  194  183  181  170  167  158  157  153  153  151  151  146  141
  133  123  115  109  104  100  103  109  102                                   
    45.0-180.0 180.0   5.0 450.0                            LAT/LON1/LON2/DLON/H
  101  110  119  129  140  151  160  165  166  166  162  160  155  151  150  149
  152  149  151  148  149  147  150  151  155  157  160  163  167  171  173  176
  177  180  179  183  183  190  194  203  207  213  214  215  214  214  213  212
  211  207  202  195  187  180  174  166  161  157  157  156  159  158  157  150
  145  132  126  119  114  109  111  113  101                                   
    42.5-180.0 180.0   5.0 450.0                            LAT/LON1/LON2/DLON/H
  102  109  116  128  139  150  163  169  175  174  172  167  164  159  158  159
  161  160  161  159  159  156  158  158  161  164  168  172  175  178  180  180
  182  185  188  193  195  203  208  216  220  227  226  228  226  226  224  224
  218  215  205  201  188  187  176  173  163  163  159  162  163  165  162  159
  152  144  136  131  123  117  116  114  102                                   
    40.0-180.0 180.0   5.0 450.0                            LAT/LON1/LON2/DLON/H
  108  108  115  123  136  148  162  172  179  182  181  178  173  168  167  168
  169  169  170  168  168  165  167  166  169  172  175  181  182  187  186  189
  190  198  202  211  215  224  229  237  240  242  242  241  240  238  235  233
  228  220  212  203  196  189  185  179  172  168  166  168  172  174  174  171
  168  157  152  144  138  131  127  120  108                                   
    37.5-180.0 180.0   5.0 450.0                            LAT/LON1/LON2/DLON/H
  110  108  112  120  130  143  160  172  184  187  190  188  186  181  180  181
  180  183  182  182  180  177  176  176  177  180  184  191  192  197  198  202
  206  216  223  233  240  249  253  257  258  258  255  254  249  248  244  242
  236  231  220  214  202  200  191  189  178  176  171  176  179  182  181  182
  176  170  161  157  149  141  133  124  110                                   
    35.0-180.0 180.0   5.0 450.0                            LAT/LON1/LON2/DLON/H
  117  109  108  112  123  136  154  169  182  190  195  197  197  194  194  192
  193  193  193  192  191  189  189  189  190  194  195  204  205  213  214  223
  230  246  256  271  274  283  282  284  280  277  272  267  265  261  257  252
  247  238  230  220  211  205  201  194  187  182  178  182  188  191  191  192
  188  182  174  168  161  152  143  131  117                                   
    32.5-180.0 180.0   5.0 450.0                            LAT/LON1/LON2/DLON/H
  118  109  106  109  116  128  147  165  181  191  200  204  208  206  207  205
  203  204  203  205  204  203  203  204  204  207  210  220  225  233  239  251
  262  282  294  310  311  315  310  308  300  293  287  281  276  273  266  263
  255  248  236  228  217  213  204  199  189  187  181  188  191  195  192  195
  191  189  180  177  167  159  147  135  118                                   
    30.0-180.0 180.0   5.0 450.0                            LAT/LON1/LON2/DLON/H
  124  110  103  101  108  119  138  156  174  187  198  207  213  215  217  214
  212  211  212  212  214  215  216  219  218  223  227  241  250  264  272  289
  303  323  336  350  349  348  337  330  317  310  299  295  289  285  278  273
  265  255  244  234  223  216  209  200  192  184  183  187  194  197  199  199
  198  194  188  179  172  162  152  138  124                                   
    27.5-180.0 180.0   5.0 450.0                            LAT/LON1/LON2/DLON/H
  127  112  106  105  106  117  134  152  169  184  198  209  219  223  225  224
  221  220  220  224  225  228  228  233  233  241  249  268  284  300  310  327
  342  361  374  382  381  374  362  347  335  321  311  304  299  292  283  277
  265  254  240  230  218  211  203  197  188  184  181  187  191  195  194  196
  191  194  185  182  171  163  151  137  127                                   
    25.0-180.0 180.0   5.0 450.0                            LAT/LON1/LON2/DLON/H
  133  116  107  103  106  113  130  147  165  180  195  208  220  228  233  232
  230  228  229  232  235  238  241  245  249  259  275  298  317  332  342  360
  376  397  406  412  404  395  377  362  342  330  317  311  304  299  287  279
  265  251  236  222  209  201  194  187  182  175  176  177  186  186  192  190
  192  189  187  178  172  161  155  140  133                                   
    22.5-180.0 180.0   5.0 450.0                            LAT/LON1/LON2/DLON/H
  134  117  113  111  110  115  131  147  165  179  194  209  224  232  238  240
  239  240  240  245  247  250  252  259  265  281  302  328  348  363  374  393
  405  419  426  426  417  403  386  372  357  341  328  321  314  305  290  279
  260  243  225  212  197  193  184  182  176  174  170  174  177  180  180  181
  177  180  175  174  166  159  151  136  134                                   
    20.0-180.0 180.0   5.0 450.0                            LAT/LON1/LON2/DLON/H
  135  120  118  114  115  119  133  148  164  178  194  209  226  236  245  249
  249  251  250  255  257  260  264  272  283  305  327  353  372  389  398  414
  421  432  435  431  421  405  395  382  375  360  350  340  331  317  299  283
  261  243  224  206  189  178  171  172  170  165  164  162  167  165  168  165
  169  167  169  164  162  152  150  136  135                                   
    17.5-180.0 180.0   5.0 450.0                            LAT/LON1/LON2/DLON/H
  134  123  123  120  122  127  140  152  171  184  199  213  232  243  254  260
  262  265  266  270  272  274  279  290  304  326  351  378  400  415  424  434
  438  441  441  433  424  408  404  396  394  382  372  361  350  333  311  292
  267  249  225  203  181  168  162  166  166  166  160  160  158  156  153  152
  151  154  152  153  148  146  143  132  134                                   
    15.0-180.0 180.0   5.0 450.0                            LAT/LON1/LON2/DLON/H
  131  122  122  118  123  130  144  156  174  188  203  215  235  250  263  269
  274  278  279  283  284  289  293  308  322  345  368  398  416  429  434  439
  439  440  438  431  424  413  414  408  409  398  388  375  362  344  322  303
  279  260  235  211  186  172  163  167  169  165  159  155  149  146  140  136
  137  136  140  138  139  133  136  128  131                                   
    12.5-180.0 180.0   5.0 450.0                            LAT/LON1/LON2/DLON/H
  127  119  119  116  123  130  145  158  180  193  209  220  240  254  269  278
  286  291  293  296  300  302  310  320  338  358  387  412  431  442  446  446
  444  443  440  436  432  428  429  427  425  416  404  392  377  358  336  317
  293  273  241  216  193  178  172  173  177  172  162  155  148  137  133  126
  124  123  124  127  125  128  124  118  127                                   
    10.0-180.0 180.0   5.0 450.0                            LAT/LON1/LON2/DLON/H
  120  111  112  110  114  124  138  154  176  191  209  218  238  253  273  286
  297  305  307  309  310  317  321  336  349  376  398  421  435  442  444  441
  439  440  440  439  437  436  438  433  429  416  403  388  373  355  335  320
  298  281  254  230  205  189  178  181  178  179  163  155  141  136  125  124
  116  118  119  119  120  118  117  105  120                                   
     7.5-180.0 180.0   5.0 450.0                            LAT/LON1/LON2/DLON/H
  111  106  105  102  108  115  132  146  174  190  210  219  241  254  275  290
  305  313  320  321  326  329  338  349  367  386  410  426  442  446  448  441
