data/unet/pred2650.15i
     1.0            IONOSPHERE MAPS     GNSS                IONEX VERSION / TYPE
pyspatialgeodesy        IME             05-JAN-18 20:20     PGM / RUN BY / DATE 
Map Name                                                    COMMENT             
Predicted global ionosphere maps (GIM).                     DESCRIPTION         
  2015     9    22     0     0     0                        EPOCH OF FIRST MAP  
  2015     9    23     0     0     0                        EPOCH OF LAST MAP   
  7200                                                      INTERVAL            
    13                                                      # OF MAPS IN FILE   
  NONE                                                      MAPPING FUNCTION    
10.0                                                        ELEVATION CUTOFF    
One-way carrier phase leveled to code                       OBSERVABLES USED    
  6371.0                                                    BASE RADIUS         
 2                                                          MAP DIMENSION       
   450.0 450.0   0.0                                        HGT1 / HGT2 / DHGT  
    87.5 -87.5  -2.5                                        LAT1 / LAT2 / DLAT  
  -180.0 180.0   5.0                                        LON1 / LON2 / DLON  
    -1                                                      EXPONENT            
                                                            END OF HEADER       
[from data line 4290]
    11                                                      START OF TEC MAP    
  2015     9    22    20     0     0                        EPOCH OF CURRENT MAP
    87.5-180.0 180.0   5.0 450.0                            LAT/LON1/LON2/DLON/H
  141  112   93   98   95   96   95   96   96   98   98  100  100  101  102  103
  103  103  103  103  102  102  101  100   99   98   97   95   94   93   91   90
   88   87   85   85   83   84   82   83   81   83   82   84   83   85   85   87
   87   89   89   91   91   93   92   94   93   95   94   95   94   96   95   96
   95   96   96   95   96   97   94  132  141                                   
    85.0-180.0 180.0   5.0 450.0                            LAT/LON1/LON2/DLON/H
   89   85   86   88   90   89   91   91   94   94   96   97  100  100  102  102
  103  103  103  102  103  101  101   99   99   96   96   92   92   87   87   83
   83   79   79   75   77   73   75   72   74   72   75   74   77   77   79   80
   82   83   85   85   87   88   88   88   89   89   89   88   88   87   88   86
   88   86   88   86   89   86   88  108   89                                   
    82.5-180.0 180.0   5.0 450.0                            LAT/LON1/LON2/DLON/H
   85   83   83   85   85   87   87   91   92   95   96  101  102  106  105  109
  108  111  108  110  108  109  105  105  102  101   97   95   90   89   84   83
   79   78   74   73   70   69   67   67   66   66   67   68   69   71   72   74
   76   78   79   81   81   84   83   85   83   85   83   84   82   83   81   82
   80   81   80   81   80   81   78   92   85                                   
    80.0-180.0 180.0   5.0 450.0                            LAT/LON1/LON2/DLON/H
   82   72   73   73   75   75   80   81   85   87   92   94  100  102  107  108
  112  112  114  113  113  112  111  109  106  104  100   96   93   89   85   81
   78   74   71   66   65   61   60   57   57   56   58   57   60   61   64   65
   69   69   72   72   75   74   76   74   76   74   75   72   73   71   72   69
   71   68   71   68   71   68   68   80   82                                   
    77.5-180.0 180.0   5.0 450.0                            LAT/LON1/LON2/DLON/H
   72   66   64   65   66   68   71   75   80   84   89   93   99  103  109  112
  116  116  119  117  119  116  117  112  111  106  104   97   94   88   86   80
   77   72   69   64   62   57   55   52   51   50   51   51   53   55   57   60
   61   64   65   66   66   67   66   66   65   65   64   63   62   62   61   60
   60   59   60   59   60   58   56   64   72                                   
    75.0-180.0 180.0   5.0 450.0                            LAT/LON1/LON2/DLON/H
   66   59   58   62   63   66   71   73   79   83   90   95  103  108  115  117
  122  124  127  125  126  124  123  120  116  113  108  103   98   94   89   85
   80   77   73   69   64   61   56   53   50   49   48   49   50   52   54   56
   58   60   61   61   61   60   60   58   57   56   56   54   54   54   55   54
   55   55   57   56   58   55   58   65   66                                   
    72.5-180.0 180.0   5.0 450.0                            LAT/LON1/LON2/DLON/H
   66   62   61   64   64   68   70   76   80   87   93  101  107  114  119  123
  126  129  129  129  129  127  126  121  119  114  110  103  100   94   92   87
   84   80   76   72   66   63   56   53   48   47   44   46   45   48   48   51
   51   54   52   53   51   51   47   46   44   44   42   43   43   45   45   47
   48   50   52   53   54   53   56   60   66                                   
    70.0-180.0 180.0   5.0 450.0                            LAT/LON1/LON2/DLON/H
   68   62   64   65   67   69   73   76   83   87   97  102  112  116  123  125
  129  130  132  131  131  129  128  124  121  115  111  105  100   95   93   88
   86   82   79   75   71   65   60   54   50   47   46   45   46   47   48   49
   49   49   48   46   44   41   39   36   36   34   35   35   38   38   42   42
   47   47   52   52   57   54   60   64   68                                   
    67.5-180.0 180.0   5.0 450.0                            LAT/LON1/LON2/DLON/H
   72   69   68   72   71   73   76   81   86   93  101  108  115  120  125  128
  131  131  133  132  132  129  128  123  120  112  109  101   97   92   91   87
   87   83   81   77   72   67   60   55   49   47   44   45   43   45   44   46
   43   43   38   37   31   29   24   24   22   23   23   26   28   32   35   39
   41   45   49   53   56   56   61   63   72                                   
    65.0-180.0 180.0   5.0 450.0                            LAT/LON1/LON2/DLON/H
   78   71   73   73   75   75   80   82   90   94  104  109  118  121  127  128
  132  131  133  131  133  129  129  123  120  111  106   98   95   90   90   88
   87   85   83   79   73   67   61   55   50   48   46   46   46   46   46   44
   42   38   34   29   24   20   17   14   16   16   19   21   27   29   35   37
   42   43   50   52   59   57   66   69   78                                   
    62.5-180.0 180.0   5.0 450.0                            LAT/LON1/LON2/DLON/H
   80   77   75   79   79   80   83   87   93   98  107  112  120  123  128  129
  133  132  135  133  134  130  129  123  118  109  104   96   93   89   90   89
   90   87   85   79   73   67   60   54   49   47   45   45   44   44   43   41
   36   33   26   22   16   13    8    7    8   11   14   17   21   26   30   34
   38   41   46   51   55   58   64   69   80                                   
    60.0-180.0 180.0   5.0 450.0                            LAT/LON1/LON2/DLON/H
   83   77   78   80   82   82   86   87   94   98  106  110  118  120  126  127
  132  132  136  135  136  133  132  125  121  110  105   98   96   94   96   95
   96   93   90   83   77   69   63   56   53   50   49   48   48   46   45   40
   36   30   24   18   14    9    7    5    8    9   14   16   22   25   31   32
   38   39   47   49   57   57   67   75   83                                   
    57.5-180.0 180.0   5.0 450.0                            LAT/LON1/LON2/DLON/H
   84   83   81   86   87   88   90   92   98  101  108  111  119  120  126  127
  133  132  138  136  138  134  133  125  121  112  109  104  105  105  108  107
  107  102   97   89   82   73   67   61   57   54   54   52   51   48   45   39
   34   27   22   17   14    9    8    7    9   11   14   17   19   23   27   30
   33   37   42   48   54   55   65   74   84                                   
    55.0-180.0 180.0   5.0 450.0                            LAT/LON1/LON2/DLON/H
   85   85   85   89   92   93   97   97  101  104  108  111  117  119  125  128
  133  135  139  139  141  138  137  130  126  118  117  114  118  119  124  123
  124  116  110  100   92   82   77   70   68   64   65   62   60   55   51   44
   38   32   27   22   19   16   15   14   16   18   20   21   24   24   28   28
   33   36   44   49   57   57   70   82   85                                   
    52.5-180.0 180.0   5.0 450.0                            LAT/LON1/LON2/DLON/H
   90   94   92   99  101  103  105  108  111  112  115  115  119  121  127  129
  135  136  140  138  141  137  137  130  128  124  126  128  134  138  143  143
  139  131  122  111  102   94   88   82   79   76   75   71   68   62   56   48
   42   36   33   28   27   25   24   24   25   27   26   27   25   26   26   28
   32   38   45   52   58   61   72   86   90                                   
    50.0-180.0 180.0   5.0 450.0                            LAT/LON1/LON2/DLON/H
   94   99  102  107  111  114  117  117  120  120  121  120  122  123  128  132
  137  138  140  140  142  139  139  133  135  132  138  141  150  154  161  157
  155  142  134  123  115  107  103   96   95   90   89   84   81   73   67   59
   53   48   45   42   41   39   39   39   40   40   39   36   35   32   33   33
   38   43   53   59   68   68   81   95   94                                   
    47.5-180.0 180.0   5.0 450.0                            LAT/LON1/LON2/DLON/H
  102  110  110  120  123  127  130  133  134  134  134  132  133  133  136  138
  142  141  142  140  141  138  139  135  139  140  148  155  163  169  172  170
  161  152  141  133  124  118  114  109  106  102   99   95   89   83   76   69
   63   59   57   54   54   52   53   53   54   54   50   48   42   40   37   38
   41   48   57   66   74   78   87  101  102                                   
    45.0-180.0 180.0   5.0 450.0                            LAT/LON1/LON2/DLON/H
  108  114  121  130  134  139  143  146  148  149  148  145  145  144  147  148
  151  149  148  145  146  143  144  142  148  150  160  164  173  175  177  169
  163  151  144  137  133  128  125  120  118  113  110  106  101   94   88   81
   77   73   71   69   69   68   69   69   70   68   65   60   56   51   49   48
   53   59   70   77   86   89   99  113  108                                   
    42.5-180.0 180.0   5.0 450.0                            LAT/LON1/LON2/DLON/H
  117  123  128  139  144  149  155  159  164  166  167  164  163  162  163  163
  163  159  157  153  152  149  151  151  157  161  168  174  176  177  172  167
  156  150  143  140  138  135  133  128  124  120  115  111  106  101   95   91
   87   84   82   80   80   79   80   81   81   80   76   72   67   63   59   58
   60   67   76   87   94   99  105  119  117                                   
    40.0-180.0 180.0   5.0 450.0                            LAT/LON1/LON2/DLON/H
  122  126  134  144  149  155  162  169  176  181  183  182  181  179  179  179
  178  174  171  165  166  162  165  164  171  172  179  178  180  174  169  160
  155  148  147  146  145  144  142  137  132  126  123  118  114  109  105  101
   98   94   93   89   89   87   89   89   91   89   87   83   80   76   74   72
   75   79   88   96  104  107  114  128  122                                   
    37.5-180.0 180.0   5.0 450.0                            LAT/LON1/LON2/DLON/H
  126  128  134  146  152  159  168  177  188  196  201  201  200  198  198  196
  195  190  187  181  182  179  181  181  185  187  188  188  182  177  167  162
  157  155  155  155  156  153  149  143  135  129  124  121  116  113  109  106
  103  101   97   94   91   91   91   92   93   94   92   90   88   86   83   81
   81   85   92  101  107  110  116  130  126                                   
    35.0-180.0 180.0   5.0 450.0                            LAT/LON1/LON2/DLON/H
  126  129  137  147  153  160  171  181  195  205  213  215  216  215  216  215
  215  210  208  203  205  202  204  203  206  204  206  200  195  185  180  175
  176  175  178  176  176  170  163  153  145  136  131  126  122  119  116  112
  109  105  101   95   92   89   90   91   94   94   93   93   93   92   92   90
   91   93  100  106  112  114  123  135  126                                   
    32.5-180.0 180.0   5.0 450.0                            LAT/LON1/LON2/DLON/H
  129  132  138  151  156  164  175  187  202  215  225  230  232  232  233  231
  232  227  226  224  225  224  224  223  223  224  221  219  211  206  201  203
  205  209  209  206  197  186  173  161  150  141  133  129  125  121  117  114
  110  106  100   95   91   89   89   91   92   93   92   93   92   94   93   93
   92   95  100  106  112  116  124  139  129                                   
    30.0-180.0 180.0   5.0 450.0                            LAT/LON1/LON2/DLON/H
  133  140  148  158  164  173  182  193  209  221  233  240  244  245  247  247
  248  245  246  244  245  243  243  240  242  242  245  240  238  235  239  244
  254  254  253  239  224  203  187  172  161  151  143  137  132  127  123  118
  113  107  103   96   93   89   90   90   91   90   89   89   90   92   93   94
   96  100  106  113  119  122  133  150  133                                   
    27.5-180.0 180.0   5.0 450.0                            LAT/LON1/LON2/DLON/H
  147  152  160  171  178  185  194  205  218  233  243  252  256  259  261  261
  263  261  262  261  261  259  257  256  259  263  267  270  272  277  286  299
  308  306  292  268  239  215  193  178  165  157  149  144  136  130  123  117
  110  105   98   96   91   90   88   88   85   85   83   85   85   89   88   92
   93  100  107  116  124  132  143  164  147                                   
    25.0-180.0 180.0   5.0 450.0                            LAT/LON1/LON2/DLON/H
  162  172  181  190  199  208  215  224  233  244  256  264  272  274  279  280
  283  282  282  279  279  274  274  274  278  284  293  299  309  319  335  350
  359  355  332  300  259  229  202  188  174  165  157  152  144  137  129  121
  114  107  102   98   97   95   94   91   87   82   79   79   80   83   85   89
   93  103  114  125  135  146  159  182  162                                   
    22.5-180.0 180.0   5.0 450.0                            LAT/LON1/LON2/DLON/H
  182  193  200  213  223  231  237  243  250  260  269  280  288  294  299  302
  307  305  305  302  300  296  295  297  304  311  322  331  343  357  376  394
  402  391  360  322  272  234  205  191  179  171  164  159  152  144  134  126
  117  111  104  102   99  100   96   94   85   80   74   74   74   79   80   87
   91  103  116  131  144  160  175  201  182                                   
    20.0-180.0 180.0   5.0 450.0                            LAT/LON1/LON2/DLON/H
  203  217  226  240  250  260  263  271  274  284  291  302  310  317  324  331
  336  338  336  332  328  325  325  329  336  344  353  363  377  395  417  431
  433  415  376  334  278  238  208  196  187  180  174  169  163  156  147  138
  130  122  116  111  109  107  103   98   89   80   74   71   72   74   78   85
   93  106  122  139  152  171  189  215  203                                   
    17.5-180.0 180.0   5.0 450.0                            LAT/LON1/LON2/DLON/H
  224  239  249  269  281  290  294  298  303  308  317  327  337  345  354  361
  369  371  372  369  366  364  366  369  374  377  383  390  406  426  444  451
  444  420  374  327  272  232  205  196  189  185  182  179  173  167  159  150
  141  134  128  125  119  118  110  105   91   85   74   73   69   73   76   85
   92  106  122  140  156  177  197  227  224                                   
    15.0-180.0 180.0   5.0 450.0                            LAT/LON1/LON2/DLON/H
  243  259  275  295  308  322  326  334  337  346  353  366  374  385  392  404
  412  421  419  422  417  420  416  422  418  418  414  418  430  446  456  457
  440  412  364  317  264  232  209  199  196  193  194  190  187  181  174  165
  157  150  144  139  134  126  119  109   97   87   78   72   71   72   76   85
   95  108  125  144  157  179  201  230  243                                   
    12.5-180.0 180.0   5.0 450.0                            LAT/LON1/LON2/DLON/H
  255  270  289  310  327  345  353  363  369  378  389  401  412  423  433  446
  461  470  471  473  472  473  472  470  462  452  442  440  446  455  456  450
  427  394  348  301  256  230  213  205  201  201  202  201  198  193  186  177
  168  161  155  150  142  134  124  116  100   91   79   74   69   71   73   82
   92  106  123  139  155  178  200  235  255                                   
    10.0-180.0 180.0   5.0 450.0                            LAT/LON1/LON2/DLON/H
  268  283  304  323  341  364  372  383  389  404  412  431  443  460  472  494
  509  523  528  531  531  531  526  521  501  486  465  462  459  463  453  440
  413  379  335  292  258  236  226  218  216  213  217  213  214  205  199  187
  180  171  164  156  148  136  125  111  100   86   77   69   69   68   73   79
   91  105  124  142  156  179  205  233  268                                   
     7.5-180.0 180.0   5.0 450.0                            LAT/LON1/LON2/DLON/H
  271  292  316  335  354  377  386  398  405  421  432  451  469  487  505  527
  549  566  576  582  582  580  573  561  535  508  486  475  469  460  445  425
