data/unet/pred2740.15i
     1.0            IONOSPHERE MAPS     GNSS                IONEX VERSION / TYPE
pyspatialgeodesy        IME             05-JAN-18 20:20     PGM / RUN BY / DATE 
Map Name                                                    COMMENT             
Predicted global ionosphere maps (GIM).                     DESCRIPTION         
  2015    10     1     0     0     0                        EPOCH OF FIRST MAP  
  2015    10     2     0     0     0                        EPOCH OF LAST MAP   
  7200                                                      INTERVAL            
    13                                                      # OF MAPS IN FILE   
  NONE                                                      MAPPING FUNCTION    
10.0                                                        ELEVATION CUTOFF    
One-way carrier phase leveled to code                       OBSERVABLES USED    
  6371.0                                                    BASE RADIUS         
 2                                                          MAP DIMENSION       
   450.0 450.0   0.0                                        HGT1 / HGT2 / DHGT  
    87.5 -87.5  -2.5                                        LAT1 / LAT2 / DLAT  
  -180.0 180.0   5.0                                        LON1 / LON2 / DLON  
    -1                                                      EXPONENT            
                                                            END OF HEADER       
[from data line 2145]
     6                                                      START OF TEC MAP    
  2015    10     1    10     0     0                        EPOCH OF CURRENT MAP
    87.5-180.0 180.0   5.0 450.0                            LAT/LON1/LON2/DLON/H
   82  109  103  105  102  103  102  104  103  105  104  106  105  107  106  108
  106  108  106  107  105  106  104  104  103  103  102  102  102  102  102  103
  104  104  104  105  105  105  106  106  106  106  106  106  106  106  105  105
  105  105  104  104  102  102  101  101  100   99   98   98   97   97   96   96
   97   97   96   97   97   98   98   80   82                                   
    85.0-180.0 180.0   5.0 450.0                            LAT/LON1/LON2/DLON/H
  103   94   97  100   98   98   99  101  102  103  105  105  107  107  109  109
  110  110  110  111  111  113  112  114  114  117  117  120  120  124  123  126
  126  129  128  131  130  132  130  131  130  130  128  127  126  124  122  121
  119  117  115  112  110  108  106  103  102   99   96   94   93   91   88   88
   87   88   86   88   89   93  104   86  103                                   
    82.5-180.0 180.0   5.0 450.0                            LAT/LON1/LON2/DLON/H
   82   90   87   90   89   87   90   90   93   93   96   95   97   96   99   98
  100  100  101  102  102  104  105  107  108  112  112  116  117  121  123  126
  128  130  132  134  135  137  137  138  139  138  138  136  137  134  133  131
  130  126  124  119  117  112  110  104  102   96   92   88   86   83   80   78
   77   76   74   75   78   82   88   77   82                                   
    80.0-180.0 180.0   5.0 450.0                            LAT/LON1/LON2/DLON/H
   81   83   78   78   76   76   78   79   81   80   81   80   82   80   82   81
   83   82   84   84   86   86   88   90   93   97  100  105  108  112  116  119
  123  125  130  131  136  134  139  137  143  140  145  142  145  142  142  140
  139  136  133  130  125  122  117  113  106  102   95   92   85   83   76   76
   71   71   66   68   67   71   76   66   81                                   
    77.5-180.0 180.0   5.0 450.0                            LAT/LON1/LON2/DLON/H
   72   78   74   74   74   74   75   75   76   75   75   74   73   71   72   71
   71   71   73   73   75   75   78   79   83   86   90   96   98  106  108  115
  117  123  127  131  135  138  141  143  145  149  150  152  154  155  156  155
  155  153  151  147  144  140  135  130  124  118  111  106   99   94   87   84
   80   77   73   72   71   71   76   59   72                                   
    75.0-180.0 180.0   5.0 450.0                            LAT/LON1/LON2/DLON/H
   69   71   69   68   66   67   69   68   67   67   65   65   62   62   60   61
   60   61   61   64   64   68   68   74   75   81   82   91   91  103  103  114
  115  124  126  133  135  141  142  148  149  156  156  162  162  166  166  168
  167  167  166  164  161  158  154  150  143  137  129  122  115  108  100   95
   88   84   79   77   73   74   75   59   69                                   
    72.5-180.0 180.0   5.0 450.0                            LAT/LON1/LON2/DLON/H
   64   69   65   65   62   63   64   63   62   61   59   57   56   54   54   53
   54   54   56   58   60   62   66   69   73   76   81   85   92   97  103  110
  115  120  126  130  136  138  145  147  153  155  159  164  168  172  175  178
  180  182  182  183  180  179  173  171  164  158  149  142  133  125  116  109
   99   95   86   83   79   75   76   61   64                                   
    70.0-180.0 180.0   5.0 450.0                            LAT/LON1/LON2/DLON/H
   64   61   62   58   59   58   60   57   58   55   54   51   50   48   48   48
   50   51   53   57   59   63   65   70   73   78   81   87   90  100  101  112
  113  123  124  133  135  141  143  151  153  162  163  171  173  182  183  189
  191  196  197  198  197  195  191  187  180  174  164  158  147  141  130  124
  113  107   97   92   85   80   76   64   64                                   
    67.5-180.0 180.0   5.0 450.0                            LAT/LON1/LON2/DLON/H
   61   61   58   57   52   53   54   55   53   52   49   47   45   45   44   45
   47   50   53   57   61   64   68   71   74   78   82   86   91   97  102  109
  113  119  124  129  135  137  144  146  153  157  164  168  175  180  186  191
  195  200  202  203  202  200  196  193  186  180  170  164  155  148  138  130
  120  113  102   95   88   80   77   64   61                                   
    65.0-180.0 180.0   5.0 450.0                            LAT/LON1/LON2/DLON/H
   61   56   55   51   48   49   50   49   50   47   47   44   45   43   44   46
   48   51   54   59   62   68   69   75   76   82   83   90   91  101  102  113
  114  124  125  134  135  142  144  151  153  163  165  174  177  187  189  196
  199  205  206  207  205  202  197  194  187  181  172  166  156  151  140  134
  123  117  105  100   90   84   78   67   61                                   
    62.5-180.0 180.0   5.0 450.0                            LAT/LON1/LON2/DLON/H
   64   60   54   51   46   47   47   48   47   46   45   44   43   44   44   46
   47   51   53   58   61   65   67   72   74   79   81   87   90   97  101  110
  114  121  127  133  139  142  148  151  158  162  168  172  180  185  192  195
  201  203  205  202  201  196  192  188  183  175  167  161  153  147  137  129
  119  112  102   96   90   81   78   68   64                                   
    60.0-180.0 180.0   5.0 450.0                            LAT/LON1/LON2/DLON/H
   66   58   54   49   43   44   41   43   42   42   41   41   41   42   41   44
   45   48   49   54   56   61   63   69   71   77   78   86   88   99  101  114
  117  128  132  141  145  152  155  162  165  172  175  182  186  192  196  202
  205  209  208  207  202  198  192  187  182  174  166  160  151  146  135  128
  116  111  101   99   90   85   80   71   66                                   
    57.5-180.0 180.0   5.0 450.0                            LAT/LON1/LON2/DLON/H
   72   67   58   52   45   44   41   42   40   41   40   40   41   41   41   43
   43   44   44   47   49   53   55   61   65   71   75   81   85   93  100  111
  118  128  136  145  152  158  165  170  175  178  184  188  194  197  205  206
  212  211  213  206  205  197  194  186  183  173  168  160  154  145  136  126
  114  108  101   97   93   87   86   77   72                                   
    55.0-180.0 180.0   5.0 450.0                            LAT/LON1/LON2/DLON/H
   80   70   65   58   50   48   43   42   40   41   39   40   39   40   39   40
   38   39   37   40   41   46   49   57   60   69   73   81   84   96  101  116
  123  139  146  160  165  175  179  186  189  195  197  203  206  213  217  222
  224  225  225  221  216  210  204  197  193  184  178  171  162  155  142  133
  119  114  106  105  100   98   95   86   80                                   
    52.5-180.0 180.0   5.0 450.0                            LAT/LON1/LON2/DLON/H
   93   87   76   69   59   55   49   47   44   44   42   42   42   42   40   40
   38   37   35   37   38   43   47   55   61   69   74   80   86   94  102  116
  127  141  153  165  175  184  192  197  202  206  211  216  220  225  230  233
  236  235  236  231  229  220  218  208  206  196  191  181  175  164  154  143
  129  122  115  113  111  108  107   99   93                                   
    50.0-180.0 180.0   5.0 450.0                            LAT/LON1/LON2/DLON/H
  107   94   88   79   71   66   60   57   53   50   48   47   46   45   42   42
   38   37   33   36   37   44   47   59   63   74   77   86   89   99  107  124
  135  155  165  182  189  202  208  216  220  226  228  234  237  244  246  251
  251  253  251  249  244  239  232  226  220  213  207  201  191  184  169  160
  144  138  129  129  125  123  119  112  107                                   
    47.5-180.0 180.0   5.0 450.0                            LAT/LON1/LON2/DLON/H
  122  111  100   94   83   78   71   68   62   59   56   54   52   51   48   46
   43   42   39   42   44   50   56   65   71   79   83   89   93  100  111  125
  140  156  172  185  198  209  220  228  236  241  244  248  251  255  258  260
  262  261  261  257  253  246  241  234  228  221  217  210  204  195  183  173
  160  151  142  139  136  132  131  125  122                                   
    45.0-180.0 180.0   5.0 450.0                            LAT/LON1/LON2/DLON/H
  130  115  107  103   95   90   86   81   77   72   69   65   63   60   56   55
   50   50   48   53   54   62   65   76   81   89   94   98  101  108  118  135
  149  168  181  199  209  224  234  246  251  259  260  265  265  270  272  275
  273  274  270  270  263  259  251  245  237  232  224  222  213  208  195  186
  171  165  152  150  144  139  136  133  130                                   
    42.5-180.0 180.0   5.0 450.0                            LAT/LON1/LON2/DLON/H
  133  121  114  111  103  100   94   91   86   84   78   76   73   70   67   65
   62   61   61   65   67   73   77   84   88   95   98  103  106  112  120  136
  150  169  186  202  217  232  247  258  266  272  274  276  277  280  282  282
  280  277  275  271  266  260  252  246  239  233  227  223  217  211  202  191
  179  168  158  151  146  138  136  134  133                                   
    40.0-180.0 180.0   5.0 450.0                            LAT/LON1/LON2/DLON/H
  129  115  110  110  104  102  100   96   94   90   88   85   85   80   78   76
   73   72   73   78   80   86   87   93   97  102  106  111  112  119  127  143
  158  178  195  214  231  248  262  276  283  291  292  294  294  297  299  299
  294  290  287  284  278  272  263  256  248  242  235  231  222  218  207  198
  182  172  157  150  139  132  130  130  129                                   
    37.5-180.0 180.0   5.0 450.0                            LAT/LON1/LON2/DLON/H
  120  110  106  106  100  101   98   96   94   93   91   91   90   89   87   86
   82   82   82   86   87   91   90   93   95  101  105  112  115  122  129  145
  161  182  202  224  244  261  277  289  302  308  313  313  315  317  319  316
  313  307  303  299  292  285  277  269  261  253  244  236  228  222  211  199
  185  169  155  141  131  121  119  120  120                                   
    35.0-180.0 180.0   5.0 450.0                            LAT/LON1/LON2/DLON/H
  110   98   97   95   92   92   92   90   91   90   92   94   97   96   96   95
   92   91   91   93   94   94   92   92   96  102  108  115  121  129  138  153
  171  193  217  240  260  278  295  311  324  336  343  348  350  352  356  352
  352  346  345  338  331  320  309  298  290  278  269  260  250  241  226  212
  194  177  155  141  125  114  111  112  110                                   
    32.5-180.0 180.0   5.0 450.0                            LAT/LON1/LON2/DLON/H
  100   93   88   89   83   84   83   83   83   86   88   93   97  100  101  102
   98   97   95   97   94   92   86   86   88   95  106  117  126  136  146  161
  180  204  231  256  277  295  316  331  353  365  378  384  390  393  397  395
  395  393  393  387  380  366  355  339  327  310  297  284  273  263  248  232
  212  190  170  146  129  114  109  105  100                                   
    30.0-180.0 180.0   5.0 450.0                            LAT/LON1/LON2/DLON/H
   94   87   83   79   74   73   72   74   76   79   84   90   97  101  105  105
  103   99   98   96   96   90   87   84   89   95  107  119  132  145  158  173
  193  219  247  271  292  312  333  354  375  394  409  422  434  440  449  449
  454  451  455  448  444  429  416  400  386  367  350  332  314  299  282  266
  245  221  194  170  146  127  118  108   94                                   
    27.5-180.0 180.0   5.0 450.0                            LAT/LON1/LON2/DLON/H
   98   96   84   81   73   73   72   72   72   76   79   87   94  102  104  107
  103  100   96   94   90   86   80   79   85   94  108  123  139  155  169  187
  203  233  261  288  308  330  354  376  398  418  437  454  467  479  489  496
  504  507  517  517  519  505  490  464  446  421  401  377  359  338  317  295
  275  251  225  196  173  150  138  115   98                                   
    25.0-180.0 180.0   5.0 450.0                            LAT/LON1/LON2/DLON/H
  108  107   95   86   77   76   72   73   71   74   76   85   92  100  104  104
  103   97   95   90   89   84   82   83   89   98  111  126  144  164  178  199
  215  247  275  302  321  347  370  392  412  434  457  474  495  510  530  543
  559  573  591  600  606  592  575  548  523  492  467  440  414  390  365  337
  309  284  259  234  205  182  164  134  108                                   
    22.5-180.0 180.0   5.0 450.0                            LAT/LON1/LON2/DLON/H
  127  130  109  104   94   93   86   82   77   77   77   84   88   96   98  101
   97   93   88   86   83   82   80   84   93  104  116  132  153  172  191  212
  233  265  298  321  342  365  386  409  428  452  473  496  515  539  558  577
  595  619  643  656  655  643  624  603  583  551  517  483  455  429  400  371
  343  313  292  267  242  214  196  155  127                                   
    20.0-180.0 180.0   5.0 450.0                            LAT/LON1/LON2/DLON/H
  147  156  136  121  113  108  100   94   86   82   80   81   84   89   92   92
   91   84   83   79   81   81   85   90   97  108  120  136  154  178  195  222
  245  282  310  338  355  378  396  415  435  458  483  508  533  557  576  598
  617  642  666  673  671  663  647  629  610  587  563  527  497  468  435  402
  371  345  324  303  284  255  228  187  147                                   
    17.5-180.0 180.0   5.0 450.0                            LAT/LON1/LON2/DLON/H
  177  184  167  153  141  132  124  112  100   93   87   83   81   82   81   81
   79   76   73   74   75   79   85   94  103  116  127  145  164  184  208  235
  259  296  324  356  371  393  406  424  442  466  489  514  541  564  580  596
  613  630  652  657  655  647  634  623  607  590  569  539  507  475  441  412
  384  360  341  323  311  292  263  218  177                                   
    15.0-180.0 180.0   5.0 450.0                            LAT/LON1/LON2/DLON/H
  199  210  198  182  171  154  143  126  115  103   94   85   80   74   73   70
   71   64   65   63   69   74   84   96  108  121  134  153  171  195  219  245
  270  309  338  369  382  395  410  425  446  468  493  520  544  565  574  587
  591  604  613  615  620  613  607  596  588  576  561  540  514  480  444  412
  383  359  344  334  326  314  294  252  199                                   
    12.5-180.0 180.0   5.0 450.0                            LAT/LON1/LON2/DLON/H
  231  235  223  210  197  181  164  144  128  115  103   92   79   73   67   67
   68   63   61   59   64   71   83   98  113  127  142  162  180  205  227  256
  282  325  355  383  391  407  412  432  450  475  497  522  544  560  566  565
  567  565  569  565  568  563  560  556  552  548  536  520  494  464  429  399
  369  348  333  330  327  321  308  276  231                                   
    10.0-180.0 180.0   5.0 450.0                            LAT/LON1/LON2/DLON/H
  256  255  247  229  217  196  179  153  136  118  107   96   85   74   69   67
   68   63   62   56   58   63   74   92  110  130  146  165  185  208  233  258
  285  327  357  381  393  402  415  432  457  478  502  523  542  556  553  547
  543  537  534  528  531  532  533  535  535  534  525  511  491  460  426  388
  357  331  320  322  325  323  319  298  256                                   
     7.5-180.0 180.0   5.0 450.0                            LAT/LON1/LON2/DLON/H
  282  275  266  249  230  208  189  160  138  120  109   96   86   77   72   72
   69   64   63   63   62   65   76   92  112  132  150  169  185  212  235  261
