data/unet/pred2930.15i
     1.0            IONOSPHERE MAPS     GNSS                IONEX VERSION / TYPE
pyspatialgeodesy        IME             05-JAN-18 20:20     PGM / RUN BY / DATE 
Map Name                                                    COMMENT             
Predicted global ionosphere maps (GIM).                     DESCRIPTION         
  2015    10    20     0     0     0                        EPOCH OF FIRST MAP  
  2015    10    21     0     0     0                        EPOCH OF LAST MAP   
  7200                                                      INTERVAL            
    13                                                      # OF MAPS IN FILE   
  NONE                                                      MAPPING FUNCTION    
10.0                                                        ELEVATION CUTOFF    
One-way carrier phase leveled to code                       OBSERVABLES USED    
  6371.0                                                    BASE RADIUS         
 2                                                          MAP DIMENSION       
   450.0 450.0   0.0                                        HGT1 / HGT2 / DHGT  
    87.5 -87.5  -2.5                                        LAT1 / LAT2 / DLAT  
  -180.0 180.0   5.0                                        LON1 / LON2 / DLON  
    -1                                                      EXPONENT            
                                                            END OF HEADER       
[from data line 1716]
     5                                                      START OF TEC MAP    
  2015    10    20     8     0     0                        EPOCH OF CURRENT MAP
    87.5-180.0 180.0   5.0 450.0                            LAT/LON1/LON2/DLON/H
   41   53   54   55   53   56   57   61   62   66   67   69   70   72   73   75
   76   77   78   78   78   78   78   78   78   78   78   77   77   76   77   75
   76   75   75   74   74   74   74   73   73   73   73   72   71   70   70   68
   68   66   65   64   63   61   60   58   58   56   54   52   52   49   49   46
   47   45   46   47   51   49   52   43   41                                   
    85.0-180.0 180.0   5.0 450.0                            LAT/LON1/LON2/DLON/H
   45   61   54   59   58   59   63   66   70   74   77   81   83   86   88   90
   91   92   93   92   94   92   93   91   92   91   90   90   90   91   90   91
   90   91   91   91   92   92   92   92   93   92   92   91   91   90   89   87
   85   84   81   80   76   77   71   72   65   66   58   60   53   55   48   50
   46   46   44   44   48   45   48   32   45                                   
    82.5-180.0 180.0   5.0 450.0                            LAT/LON1/LON2/DLON/H
   44   54   40   46   44   50   51   61   62   71   72   79   81   86   86   90
   90   91   91   91   90   90   89   88   88   86   86   85   86   85   86   85
   87   87   89   90   91   92   93   94   95   96   97   98   99   98   99   97
   96   94   92   89   86   83   79   74   69   64   59   54   49   46   39   38
   32   33   26   29   26   26   35   24   44                                   
    80.0-180.0 180.0   5.0 450.0                            LAT/LON1/LON2/DLON/H
   36   43   31   34   35   40   45   51   57   62   68   71   76   77   80   81
   82   82   82   81   80   79   78   78   77   76   77   76   77   77   79   78
   81   81   84   86   89   90   93   94   98   99  103  104  109  109  112  110
  113  108  110  105  104   98   95   88   83   75   70   62   57   50   44   38
   32   29   24   22   20   17   24   16   36                                   
    77.5-180.0 180.0   5.0 450.0                            LAT/LON1/LON2/DLON/H
   33   44   33   34   36   40   45   51   55   60   63   67   67   69   70   68
   69   66   66   63   62   61   60   59   59   59   60   61   61   63   65   67
   69   71   75   77   81   83   88   91   97  101  108  111  118  120  126  126
  130  128  131  128  128  122  121  113  109   99   94   85   78   69   62   54
   46   39   33   29   25   20   27   14   33                                   
    75.0-180.0 180.0   5.0 450.0                            LAT/LON1/LON2/DLON/H
   31   42   31   33   34   35   41   45   50   53   57   58   60   60   60   57
   56   54   52   50   48   47   46   46   45   46   47   48   51   52   56   57
   61   64   68   73   77   82   87   94  101  109  117  124  132  138  144  148
  150  152  154  154  152  151  146  142  135  129  121  113  104   95   86   76
   66   56   48   41   35   27   30   15   31                                   
    72.5-180.0 180.0   5.0 450.0                            LAT/LON1/LON2/DLON/H
   38   48   33   35   35   35   40   42   46   48   50   51   52   51   50   47
   47   43   43   39   40   37   39   36   38   38   41   42   44   47   50   53
   56   60   64   69   74   79   88   94  105  112  125  133  144  151  161  166
  173  176  182  183  182  179  174  168  163  155  147  139  130  119  110   97
   87   75   66   56   49   38   40   27   38                                   
    70.0-180.0 180.0   5.0 450.0                            LAT/LON1/LON2/DLON/H
   43   48   37   37   37   37   43   43   48   45   51   46   51   44   49   40
   45   38   42   35   39   35   38   36   39   38   41   41   44   46   49   51
   56   58   63   68   74   81   90   99  109  120  132  142  155  164  175  182
  190  198  203  208  206  205  197  196  188  182  172  164  155  143  133  119
  109   96   87   75   68   53   52   39   43                                   
    67.5-180.0 180.0   5.0 450.0                            LAT/LON1/LON2/DLON/H
   53   61   44   42   41   41   44   44   46   46   45   45   43   42   41   40
   40   39   39   38   38   38   39   39   40   41   42   43   44   46   47   51
   52   57   60   66   71   79   88   97  110  120  135  144  158  168  181  190
  200  209  216  218  218  214  209  205  200  192  185  175  169  156  144  130
  119  107   98   86   79   65   63   49   53                                   
    65.0-180.0 180.0   5.0 450.0                            LAT/LON1/LON2/DLON/H
   58   57   45   43   40   40   44   43   47   44   48   42   47   40   46   39
   45   40   44   40   44   41   45   43   46   46   47   47   47   48   49   52
   53   57   61   67   73   81   90  101  111  126  136  150  161  174  185  195
  206  216  223  229  224  223  213  213  203  199  187  181  172  163  148  135
  125  114  105   94   87   74   71   58   58                                   
    62.5-180.0 180.0   5.0 450.0                            LAT/LON1/LON2/DLON/H
   62   65   48   44   42   42   44   45   46   46   45   45   43   42   42   41
   43   42   43   43   43   44   44   46   46   47   47   47   46   48   47   51
   52   56   59   66   71   81   90  101  115  127  139  149  161  173  186  197
  208  218  226  227  225  220  214  209  204  197  188  178  172  159  145  131
  120  110  102   93   88   76   73   60   62                                   
    60.0-180.0 180.0   5.0 450.0                            LAT/LON1/LON2/DLON/H
   61   58   46   41   39   37   41   41   44   44   46   43   46   42   46   43
   48   44   47   44   46   44   46   46   47   47   46   47   44   47   45   51
   51   57   61   70   77   87   97  110  121  134  143  155  164  177  187  200
  211  223  230  236  231  229  218  216  208  199  187  180  171  159  143  131
  119  110  100   93   87   75   73   61   61                                   
    57.5-180.0 180.0   5.0 450.0                            LAT/LON1/LON2/DLON/H
   62   66   50   44   41   39   41   42   44   44   45   45   44   44   44   44
   46   45   45   43   42   42   41   42   42   43   41   42   39   41   42   47
   50   57   63   74   81   93  103  116  128  139  148  157  167  178  191  203
  216  228  240  241  241  234  228  223  216  207  199  188  179  163  147  130
  117  106   97   90   85   76   73   62   62                                   
    55.0-180.0 180.0   5.0 450.0                            LAT/LON1/LON2/DLON/H
   66   67   54   47   42   39   42   40   42   42   44   43   45   43   46   45
   48   45   45   42   41   38   38   39   38   39   37   37   35   38   39   46
   53   64   73   84   95  105  117  129  141  150  158  167  175  186  197  211
  226  242  252  258  257  254  246  243  234  223  211  202  191  177  160  142
  124  112  102   93   90   79   79   67   66                                   
    52.5-180.0 180.0   5.0 450.0                            LAT/LON1/LON2/DLON/H
   77   82   68   59   54   50   48   46   45   44   44   44   45   45   46   47
   48   45   43   39   37   35   33   35   34   35   32   33   30   34   37   46
   56   70   82   95  106  118  129  142  153  163  171  178  186  197  210  226
  242  258  269  274  275  270  266  259  254  241  232  219  209  194  177  157
  137  121  109   98   94   87   88   81   77                                   
    50.0-180.0 180.0   5.0 450.0                            LAT/LON1/LON2/DLON/H
   92   92   79   72   64   60   56   52   48   45   45   44   46   45   47   47
   48   45   44   40   38   36   35   37   37   38   35   35   33   35   40   51
   66   83   98  113  124  136  147  160  172  180  188  193  202  212  227  245
  260  276  285  290  292  288  285  278  273  261  249  240  227  215  197  178
  156  137  122  112  109  100  101   96   92                                   
    47.5-180.0 180.0   5.0 450.0                            LAT/LON1/LON2/DLON/H
  111  111  100   92   85   77   71   63   57   52   48   47   47   47   47   47
   49   46   44   40   39   38   38   40   39   42   38   38   34   37   42   56
   73   93  113  128  140  152  163  177  188  196  203  209  218  230  246  262
  275  289  296  302  302  298  294  286  279  268  258  247  239  225  211  191
  172  149  133  121  117  111  114  113  111                                   
    45.0-180.0 180.0   5.0 450.0                            LAT/LON1/LON2/DLON/H
  124  119  112  108   99   92   84   74   67   60   56   53   53   51   52   51
   53   50   49   47   47   47   47   50   50   51   48   46   43   44   52   66
   87  109  130  145  158  171  184  196  207  213  221  227  240  253  269  281
  290  300  307  309  311  304  300  289  282  270  260  253  243  233  218  202
  181  162  144  132  127  120  123  123  124                                   
    42.5-180.0 180.0   5.0 450.0                            LAT/LON1/LON2/DLON/H
  131  124  120  118  113  106   99   87   79   71   66   62   60   58   58   57
   58   56   56   54   56   57   58   60   59   60   56   54   49   51   57   73
   95  120  142  158  175  188  202  214  224  232  238  248  259  273  285  294
  301  308  312  314  313  306  295  286  277  266  257  248  242  231  220  203
  186  164  151  134  129  123  127  127  131                                   
    40.0-180.0 180.0   5.0 450.0                            LAT/LON1/LON2/DLON/H
  125  117  114  117  114  112  105   96   87   79   75   71   71   67   68   66
   67   64   64   65   66   69   69   71   69   68   63   59   56   57   64   81
  104  129  151  171  189  203  217  228  241  247  260  270  285  294  306  311
  318  321  327  326  325  314  303  291  281  271  258  250  240  231  220  204
  187  167  150  135  126  118  122  121  125                                   
    37.5-180.0 180.0   5.0 450.0                            LAT/LON1/LON2/DLON/H
  112  106  104  108  109  108  106   98   93   87   84   80   79   77   77   75
   76   74   75   75   77   79   78   78   74   72   65   62   57   60   66   84
  107  131  157  178  201  215  233  245  258  270  282  292  305  313  323  327
  334  337  344  344  343  332  319  305  296  283  271  258  246  233  221  205
  189  167  152  130  122  112  114  108  112                                   
    35.0-180.0 180.0   5.0 450.0                            LAT/LON1/LON2/DLON/H
   96   90   84   91   95   99   98   96   93   91   88   87   87   86   87   86
   86   85   86   87   87   89   85   83   75   71   65   61   60   62   70   88
  108  135  158  184  206  225  244  255  275  286  307  315  331  337  349  353
  362  368  378  383  383  375  362  351  339  325  310  293  274  255  236  217
  198  178  156  135  120  108  107   97   96                                   
    32.5-180.0 180.0   5.0 450.0                            LAT/LON1/LON2/DLON/H
   87   85   74   77   82   84   87   86   88   87   88   88   90   91   93   95
   95   95   97   96   97   95   89   84   74   69   61   60   58   64   72   88
  108  131  159  184  213  233  255  269  290  305  323  332  349  358  373  380
  394  404  423  430  439  431  424  407  397  381  365  342  317  291  262  238
  216  195  173  143  128  114  112   94   87                                   
    30.0-180.0 180.0   5.0 450.0                            LAT/LON1/LON2/DLON/H
   86   84   67   67   70   71   74   75   79   79   83   86   90   93   97  100
  104  104  106  106  104  100   90   81   71   63   58   55   59   65   78   95
  113  135  158  189  215  241  264  281  305  320  343  354  376  388  408  417
  436  450  473  489  504  504  499  489  477  463  441  412  377  343  308  283
  255  230  206  179  153  137  130  111   86                                   
    27.5-180.0 180.0   5.0 450.0                            LAT/LON1/LON2/DLON/H
  111  100   86   79   75   74   72   71   74   75   79   82   87   91   96  100
  106  108  112  110  108  102   90   81   69   63   56   56   59   70   85  103
  121  143  165  193  222  250  275  294  319  334  355  371  396  411  435  447
  471  493  524  549  574  580  584  582  582  564  533  488  443  397  359  326
  298  276  251  219  194  173  164  139  111                                   
    25.0-180.0 180.0   5.0 450.0                            LAT/LON1/LON2/DLON/H
  141  127  113   97   91   83   79   74   74   72   75   77   82   87   93   99
  106  109  113  113  109  101   90   79   72   63   59   56   63   75   97  117
  137  158  178  204  231  262  290  312  337  351  377  393  420  434  462  478
  511  539  583  618  651  661  657  654  645  629  605  575  523  474  424  393
  361  345  316  289  254  222  212  195  141                                   
    22.5-180.0 180.0   5.0 450.0                            LAT/LON1/LON2/DLON/H
  191  173  158  131  117  108   98   90   84   79   77   78   80   85   90   95
  101  105  111  111  107  101   92   85   79   73   68   67   73   88  108  132
  156  175  193  213  244  274  305  328  352  369  392  413  441  460  489  511
  552  587  638  681  707  713  715  711  711  692  671  636  599  541  492  460
  434  411  386  357  326  297  276  254  191                                   
    20.0-180.0 180.0   5.0 450.0                            LAT/LON1/LON2/DLON/H
  245  224  199  171  152  138  123  110  101   92   85   80   81   82   86   89
   95   98  104  104  103   97   94   90   89   82   80   77   82   94  115  139
  164  186  201  226  253  287  320  348  374  394  419  441  471  489  516  544
  585  623  681  710  730  735  737  739  741  728  711  681  647  608  560  518
  487  469  450  428  404  381  351  322  245                                   
    17.5-180.0 180.0   5.0 450.0                            LAT/LON1/LON2/DLON/H
  319  294  263  222  198  180  163  147  134  118  107   95   90   86   86   86
   91   92   98  100  101   98   99   98  100   96   96   93   97  106  126  148
  176  195  214  233  264  296  331  360  387  412  440  464  494  516  544  576
  613  655  696  716  727  727  727  728  734  726  717  698  674  642  606  565
  529  503  484  460  450  439  418  379  319                                   
    15.0-180.0 180.0   5.0 450.0                            LAT/LON1/LON2/DLON/H
  383  359  313  270  241  219  203  182  168  151  134  117  106   95   92   85
   88   87   95   95   98  100  103  107  111  111  109  105  105  111  125  149
  179  201  219  244  273  313  345  381  411  437  467  489  517  539  569  590
  628  657  694  701  703  697  694  692  700  698  698  689  676  651  622  591
  558  530  513  487  478  471  455  427  383                                   
    12.5-180.0 180.0   5.0 450.0                            LAT/LON1/LON2/DLON/H
  430  414  364  323  287  263  245  225  209  186  171  147  133  113  107   95
   93   89   96   96  100  102  109  114  124  128  124  120  116  118  131  153
  182  206  227  249  282  315  350  385  417  449  479  503  531  556  582  605
  632  655  670  676  670  658  650  647  654  658  663  666  660  644  616  593
  563  543  522  500  490  484  475  452  430                                   
    10.0-180.0 180.0   5.0 450.0                            LAT/LON1/LON2/DLON/H
  457  441  397  364  329  297  279  259  243  220  197  174  156  135  118   99
   96   93  102   99  108  108  105  113  125  137  131  124  120  117  130  150
  182  205  228  254  287  326  358  395  429  462  491  513  539  561  586  599
  626  635  651  644  642  625  616  615  628  630  640  643  644  629  611  590
  571  550  535  511  500  494  480  469  457                                   
     7.5-180.0 180.0   5.0 450.0                            LAT/LON1/LON2/DLON/H
  466  451  413  396  370  339  317  297  279  253  233  203  183  156  137  110
  102   94  106  107  107   98  100  109  133  145  142  134  125  120  132  147
