data/unet/pred3650.15i
     1.0            IONOSPHERE MAPS     GNSS                IONEX VERSION / TYPE
pyspatialgeodesy        IME             05-JAN-18 20:20     PGM / RUN BY / DATE 
Map Name                                                    COMMENT             
Predicted global ionosphere maps (GIM).                     DESCRIPTION         
  2015    12    31     0     0     0                        EPOCH OF FIRST MAP  
  2015    12    31    22     0     0                        EPOCH OF LAST MAP   
  7200                                                      INTERVAL            
    12                                                      # OF MAPS IN FILE   
  NONE                                                      MAPPING FUNCTION    
10.0                                                        ELEVATION CUTOFF    
One-way carrier phase leveled to code                       OBSERVABLES USED    
  6371.0                                                    BASE RADIUS         
 2                                                          MAP DIMENSION       
   450.0 450.0   0.0                                        HGT1 / HGT2 / DHGT  
    87.5 -87.5  -2.5                                        LAT1 / LAT2 / DLAT  
  -180.0 180.0   5.0                                        LON1 / LON2 / DLON  
    -1                                                      EXPONENT            
                                                            END OF HEADER       
[from data line 2145]
     6                                                      START OF TEC MAP    
  2015    12    31    10     0     0                        EPOCH OF CURRENT MAP
    87.5-180.0 180.0   5.0 450.0                            LAT/LON1/LON2/DLON/H
   28   47   32   33   30   32   30   32   29   31   28   30   26   28   25   26
   24   24   23   22   22   22   21   21   20   21   20   21   19   21   19   20
   19   21   19   20   19   20   19   20   19   19   18   18   17   17   16   16
   15   15   15   14   14   14   14   13   14   14   14   14   15   14   16   15
   17   17   19   21   21   22   24   26   28                                   
    85.0-180.0 180.0   5.0 450.0                            LAT/LON1/LON2/DLON/H
   53   58   53   57   53   53   52   53   52   52   50   50   48   48   45   46
   43   45   42   43   41   43   39   42   39   41   38   40   37   40   37   39
   36   39   36   38   35   37   34   36   34   35   33   34   32   32   30   31
   30   30   29   30   29   30   29   31   30   32   31   33   33   35   35   38
   38   40   41   42   44   49   49   37   53                                   
    82.5-180.0 180.0   5.0 450.0                            LAT/LON1/LON2/DLON/H
   45   68   56   59   52   52   50   51   49   49   46   45   42   42   39   40
   36   38   36   37   35   37   35   37   34   36   34   35   32   33   31   32
   29   31   28   30   28   29   27   28   27   27   25   25   24   24   22   22
   21   22   20   22   21   23   21   24   22   25   24   27   26   30   29   33
   32   37   37   39   42   48   47   23   45                                   
    80.0-180.0 180.0   5.0 450.0                            LAT/LON1/LON2/DLON/H
   45   61   49   51   46   47   44   45   41   42   37   37   32   33   27   29
   25   28   24   29   25   31   27   32   29   32   29   32   28   30   27   29
   27   29   26   29   27   29   27   29   27   28   26   26   23   23   19   20
   17   18   15   17   14   17   13   17   13   18   14   19   16   21   18   24
   22   28   26   30   31   37   41   23   45                                   
    77.5-180.0 180.0   5.0 450.0                            LAT/LON1/LON2/DLON/H
   32   53   46   47   45   43   45   42   42   38   36   31   28   25   22   20
   19   19   19   20   22   23   26   27   28   28   29   27   26   25   24   23
   24   24   26   27   30   31   33   34   35   34   34   32   31   28   28   25
   24   22   22   20   20   18   18   16   16   14   15   13   15   14   16   16
   19   21   24   26   30   32   35   11   32                                   
    75.0-180.0 180.0   5.0 450.0                            LAT/LON1/LON2/DLON/H
   29   42   36   37   36   38   37   38   35   34   28   26   20   18   14   14
   11   13   13   17   18   22   25   28   29   29   30   27   26   24   24   22
   23   24   28   31   34   39   41   44   44   45   44   43   40   38   35   35
   31   31   29   28   26   25   23   21   18   17   15   14   12   12   12   13
   14   17   18   21   23   29   31   11   29                                   
    72.5-180.0 180.0   5.0 450.0                            LAT/LON1/LON2/DLON/H
   24   37   32   33   32   32   34   33   32   29   26   21   17   12   10    8
    8    8   11   13   18   22   28   30   33   32   32   29   27   23   22   20
   21   23   29   33   41   45   52   53   58   56   58   54   54   49   48   45
   44   41   40   37   36   33   32   28   25   21   19   16   15   12   13   12
   14   14   17   18   21   23   26    3   24                                   
    70.0-180.0 180.0   5.0 450.0                            LAT/LON1/LON2/DLON/H
   23   26   26   24   25   26   29   29   30   28   24   21   16   12    8    7
    6    8   11   15   20   26   32   35   38   37   36   31   27   23   20   19
   20   24   31   39   47   55   61   66   69   70   70   69   66   64   61   59
   57   54   52   49   47   44   42   38   35   30   27   23   20   17   16   15
   16   16   18   18   21   23   25    7   23                                   
    67.5-180.0 180.0   5.0 450.0                            LAT/LON1/LON2/DLON/H
   19   26   24   23   23   23   28   27   30   27   27   21   19   12   11    6
    7    6   11   14   22   27   35   37   41   39   38   31   27   21   19   16
   19   22   32   40   52   60   70   74   80   80   82   79   78   75   72   69
   66   63   61   58   55   52   49   45   41   36   32   27   24   21   20   19
   20   19   22   21   24   23   25    4   19                                   
    65.0-180.0 180.0   5.0 450.0                            LAT/LON1/LON2/DLON/H
   21   22   21   22   19   23   25   28   27   29   26   26   20   17   11   10
    7   10   11   17   21   29   34   39   41   41   38   33   26   22   17   18
   19   26   34   47   57   68   76   84   87   91   90   91   87   87   82   81
   75   73   69   67   63   60   56   52   47   43   37   35   30   29   26   26
   25   26   26   27   27   28   29   12   21                                   
    62.5-180.0 180.0   5.0 450.0                            LAT/LON1/LON2/DLON/H
   23   28   26   24   23   23   27   28   31   29   30   27   26   20   17   13
   12   10   13   15   20   24   31   34   38   36   34   29   25   20   18   18
   22   27   38   49   61   70   80   86   91   93   95   94   94   93   91   88
   84   79   75   70   65   61   57   52   47   43   39   36   33   30   29   28
   27   28   28   29   30   29   31   12   23                                   
    60.0-180.0 180.0   5.0 450.0                            LAT/LON1/LON2/DLON/H
   25   26   25   24   20   22   22   26   24   28   25   29   23   24   18   18
   12   13   10   14   14   20   22   28   29   31   30   29   25   23   22   25
   28   37   45   57   65   76   82   91   93   99   99  103  102  104  101   99
   92   89   81   78   70   66   61   57   51   48   43   42   37   37   33   33
   31   33   31   34   32   34   34   19   25                                   
    57.5-180.0 180.0   5.0 450.0                            LAT/LON1/LON2/DLON/H
   31   34   32   28   25   23   24   23   25   25   27   27   27   25   24   20
   17   12   11    9   11   12   16   17   21   22   24   24   24   23   27   29
   36   42   52   60   70   77   83   88   92   96  100  104  108  110  110  106
  101   94   87   80   72   66   62   57   53   49   47   44   41   38   36   33
   32   31   31   32   33   33   36   19   31                                   
    55.0-180.0 180.0   5.0 450.0                            LAT/LON1/LON2/DLON/H
   35   35   35   32   26   25   21   23   20   23   21   26   24   26   22   23
   15   14    8    8    4    8    7   12   12   18   19   24   25   31   34   42
   47   56   62   73   77   86   87   95   94  102  103  114  116  122  119  119
  111  106   95   89   78   73   68   63   60   56   54   51   48   45   42   40
   36   36   34   36   34   39   40   28   35                                   
    52.5-180.0 180.0   5.0 450.0                            LAT/LON1/LON2/DLON/H
   43   46   43   40   34   30   27   24   23   23   23   26   27   27   26   23
   20   15   12    8    7    5    7    7   11   12   17   21   28   32   41   47
   56   63   71   78   85   90   93   96   99  104  110  118  126  130  131  129
  123  115  106   96   86   79   74   70   66   63   61   59   55   51   47   43
   40   37   37   37   38   39   44   29   43                                   
    50.0-180.0 180.0   5.0 450.0                            LAT/LON1/LON2/DLON/H
   49   50   49   47   41   37   32   31   26   28   25   30   29   31   27   28
   22   21   15   14   10   11    8   12   10   16   18   26   32   42   49   60
   67   76   82   93   95  103  103  110  108  116  118  130  134  144  141  143
  134  128  116  109   98   92   85   80   78   75   73   70   66   62   57   54
   49   47   43   45   43   47   48   38   49                                   
    47.5-180.0 180.0   5.0 450.0                            LAT/LON1/LON2/DLON/H
   54   61   56   56   52   48   43   39   35   35   34   36   36   36   34   32
   29   26   25   21   21   19   19   17   18   19   23   28   36   43   54   61
   71   79   88   97  104  110  114  118  120  125  130  136  145  149  151  148
  144  135  127  117  109  101   93   88   84   81   78   76   71   68   64   61
   57   54   51   50   49   49   54   39   54                                   
    45.0-180.0 180.0   5.0 450.0                            LAT/LON1/LON2/DLON/H
   60   63   62   63   60   59   54   51   46   46   43   47   44   45   40   41
   35   37   33   36   32   35   30   32   27   30   30   38   42   52   59   69
   76   87   94  108  114  124  127  134  133  139  139  148  149  157  155  156
  149  144  134  128  117  112  102   98   91   88   84   82   77   75   71   69
   65   64   59   60   55   57   59   50   60                                   
    42.5-180.0 180.0   5.0 450.0                            LAT/LON1/LON2/DLON/H
   61   68   64   68   66   66   63   61   57   56   57   57   57   53   51   47
   46   44   47   46   48   47   46   43   41   39   40   42   48   53   61   66
   75   83   95  108  120  131  139  143  147  147  150  151  157  157  159  156
  153  147  141  133  124  115  106   99   93   88   84   80   76   74   72   71
   70   67   65   63   60   59   62   49   61                                   
    40.0-180.0 180.0   5.0 450.0                            LAT/LON1/LON2/DLON/H
   64   65   66   71   71   73   72   71   67   68   67   70   67   67   60   60
   55   58   58   62   61   64   60   60   54   53   50   54   57   63   67   73
   79   89  100  119  131  146  154  160  161  162  160  163  161  165  163  162
  158  154  148  144  133  126  113  106   97   92   85   81   75   74   72   73
   72   71   68   68   62   63   62   54   64                                   
    37.5-180.0 180.0   5.0 450.0                            LAT/LON1/LON2/DLON/H
   59   63   62   68   71   74   75   74   73   74   76   77   77   74   71   67
   65   66   70   71   74   74   73   70   66   62   60   61   65   68   72   74
   81   89  103  120  137  152  165  169  173  170  172  167  171  168  168  163
  163  158  158  150  144  132  121  109  102   94   88   81   75   71   70   70
   70   68   68   64   62   59   60   49   59                                   
    35.0-180.0 180.0   5.0 450.0                            LAT/LON1/LON2/DLON/H
   58   56   57   61   66   70   73   75   74   77   79   85   84   84   79   78
   75   78   80   84   84   87   83   82   75   73   71   75   77   81   84   87
   92  102  114  136  151  168  178  187  187  188  185  186  183  183  180  179
  176  175  173  169  158  149  136  126  114  107   97   89   80   74   72   69
   68   67   63   63   57   58   58   50   58                                   
    32.5-180.0 180.0   5.0 450.0                            LAT/LON1/LON2/DLON/H
   48   50   49   53   59   64   67   69   71   75   79   85   87   86   84   82
   81   83   86   89   90   90   88   84   79   76   78   81   87   91   96   98
  105  113  127  145  161  176  190  194  199  197  201  199  200  199  200  197
  199  197  198  191  184  171  162  149  142  129  119  105   92   82   77   73
   70   67   63   58   55   52   55   47   48                                   
    30.0-180.0 180.0   5.0 450.0                            LAT/LON1/LON2/DLON/H
   48   44   46   47   52   57   59   62   65   71   77   84   88   90   88   89
   87   91   92   96   94   95   90   88   82   83   86   94  100  107  112  119
  125  139  149  166  181  195  205  212  216  219  222  226  226  225  225  224
  227  230  229  227  216  208  195  187  176  168  154  139  120  106   93   85
   77   72   63   61   53   51   50   47   48                                   
    27.5-180.0 180.0   5.0 450.0                            LAT/LON1/LON2/DLON/H
   49   48   44   46   48   53   54   56   59   65   72   80   83   86   86   87
   87   91   92   94   92   91   87   84   82   83   89   98  107  117  125  134
  143  156  168  183  196  211  222  226  234  238  247  250  256  255  257  253
  257  259  262  260  255  246  237  227  220  210  197  178  160  141  126  108
   96   84   75   67   64   59   55   45   49                                   
    25.0-180.0 180.0   5.0 450.0                            LAT/LON1/LON2/DLON/H
   55   52   48   47   48   50   53   54   57   61   68   75   79   81   83   85
   85   90   90   93   89   89   84   83   81   87   93  105  116  128  141  153
  162  179  190  204  219  231  241  246  253  261  270  281  286  289  287  287
  288  294  295  299  292  291  278  275  262  254  237  219  197  178  158  142
  123  109   93   85   75   72   65   54   55                                   
    22.5-180.0 180.0   5.0 450.0                            LAT/LON1/LON2/DLON/H
   66   66   56   56   54   54   53   53   55   59   64   71   73   75   75   77
   78   81   82   84   82   81   79   78   80   85   93  104  116  131  147  161
  176  192  207  221  236  250  260  265  272  280  295  304  315  316  317  314
  319  323  331  330  332  328  325  318  310  298  279  259  238  216  199  178
  161  140  122  108   99   90   80   62   66                                   
    20.0-180.0 180.0   5.0 450.0                            LAT/LON1/LON2/DLON/H
   76   78   67   62   62   63   61   59   59   59   63   66   69   69   70   72
   73   76   75   78   75   77   75   79   80   88   95  105  118  136  154  170
  187  205  222  235  254  263  276  280  290  298  311  325  335  338  337  337
  341  346  354  356  358  360  359  356  349  333  315  293  273  252  231  212
  195  174  154  138  123  111   99   80   76                                   
    17.5-180.0 180.0   5.0 450.0                            LAT/LON1/LON2/DLON/H
   90   94   78   76   73   72   71   68   64   62   61   63   63   65   66   66
   67   68   68   68   68   70   73   75   80   84   93  100  113  131  151  169
  190  208  229  245  264  278  289  295  305  314  328  342  353  354  354  352
  360  363  376  375  382  381  387  383  377  359  340  317  299  277  261  241
  227  203  186  164  151  134  120   93   90                                   
    15.0-180.0 180.0   5.0 450.0                            LAT/LON1/LON2/DLON/H
  101   98   87   83   84   85   84   82   77   70   66   63   64   63   65   66
   67   67   65   66   66   71   74   79   82   87   93  101  116  133  156  174
  196  216  238  255  277  286  304  305  320  327  342  356  368  369  366  367
  371  379  387  390  395  399  405  403  397  376  356  334  316  297  280  264
  250  231  211  190  170  154  138  117  101                                   
    12.5-180.0 180.0   5.0 450.0                            LAT/LON1/LON2/DLON/H
  116  111   95   97   95   98   96   91   85   74   68   65   62   63   65   66
   67   66   64   63   64   68   74   77   83   85   95   98  116  131  154  170
  196  214  240  261  284  300  312  321  333  343  355  372  378  381  375  374
  382  383  393  389  398  399  407  406  400  379  358  336  321  302  290  275
  265  247  232  209  191  169  154  133  116                                   
    10.0-180.0 180.0   5.0 450.0                            LAT/LON1/LON2/DLON/H
  129  109   99  101  102  107  104  101   91   81   74   69   68   68   69   72
   73   71   69   67   69   71   78   81   85   89   97  106  125  140  164  178
  206  222  248  269  294  306  324  330  346  354  366  379  387  390  385  386
  389  394  396  393  396  399  406  405  399  377  357  335  319  303  291  281
  270  257  241  225  205  183  164  151  129                                   
     7.5-180.0 180.0   5.0 450.0                            LAT/LON1/LON2/DLON/H
  134  118  103  106  105  113  110  106   96   86   78   74   73   75   78   79
   80   76   76   71   74   74   81   81   87   89  103  111  134  147  169  182
