data/unet/pred2580.15i
     1.0            IONOSPHERE MAPS     GNSS                IONEX VERSION / TYPE
pyspatialgeodesy        IME             05-JAN-18 20:20     PGM / RUN BY / DATE 
Map Name                                                    COMMENT             
Predicted global ionosphere maps (GIM).                     DESCRIPTION         
  2015     9    15     0     0     0                        EPOCH OF FIRST MAP  
  2015     9    16     0     0     0                        EPOCH OF LAST MAP   
  7200                                                      INTERVAL            
    13                                                      # OF MAPS IN FILE   
  NONE                                                      MAPPING FUNCTION    
10.0                                                        ELEVATION CUTOFF    
One-way carrier phase leveled to code                       OBSERVABLES USED    
  6371.0                                                    BASE RADIUS         
 2                                                          MAP DIMENSION       
   450.0 450.0   0.0                                        HGT1 / HGT2 / DHGT  
    87.5 -87.5  -2.5                                        LAT1 / LAT2 / DLAT  
  -180.0 180.0   5.0                                        LON1 / LON2 / DLON  
    -1                                                      EXPONENT            
                                                            END OF HEADER       
[from data line 2574]
     7                                                      START OF TEC MAP    
  2015     9    15    12     0     0                        EPOCH OF CURRENT MAP
    87.5-180.0 180.0   5.0 450.0                            LAT/LON1/LON2/DLON/H
   92   97   94   96   93   94   93   94   93   94   93   95   94   96   94   96
   94   96   94   96   95   96   94   96   94   95   93   94   92   93   90   92
   89   90   88   89   87   88   85   87   85   86   83   85   84   85   83   85
   84   85   84   85   85   86   85   87   87   87   87   88   88   89   88   90
   89   91   91   91   91   88   98   84   92                                   
    85.0-180.0 180.0   5.0 450.0                            LAT/LON1/LON2/DLON/H
   94   92   89   84   87   85   89   86   90   87   90   87   91   89   91   89
   92   90   92   91   93   91   93   91   93   91   92   90   91   90   90   88
   88   87   86   84   84   82   82   80   81   78   80   77   80   77   80   78
   81   79   82   80   83   81   84   81   84   81   85   82   85   82   86   82
   86   83   87   84   86   86   91   91   94                                   
    82.5-180.0 180.0   5.0 450.0                            LAT/LON1/LON2/DLON/H
   87   83   82   79   78   76   77   76   77   75   76   75   77   76   79   78
   81   80   83   83   85   85   87   86   88   88   89   88   88   88   87   87
   85   84   82   81   77   77   73   73   70   70   68   70   68   70   69   72
   71   73   73   75   75   76   76   77   77   77   77   77   78   78   78   78
   78   78   78   78   76   75   77   73   87                                   
    80.0-180.0 180.0   5.0 450.0                            LAT/LON1/LON2/DLON/H
   74   69   72   69   70   68   71   68   70   68   70   68   71   70   73   73
   76   75   79   79   81   82   84   84   87   87   89   89   90   90   91   90
   89   87   86   83   81   77   76   72   71   69   69   68   70   69   72   72
   75   73   77   75   78   75   79   75   78   74   78   73   77   72   76   72
   75   72   74   70   71   67   67   65   74                                   
    77.5-180.0 180.0   5.0 450.0                            LAT/LON1/LON2/DLON/H
   66   63   59   60   58   60   58   60   57   59   58   60   59   62   62   66
   66   70   70   75   74   79   79   84   82   87   86   91   89   93   91   93
   89   89   85   84   79   76   72   71   67   67   66   68   67   70   70   74
   73   76   75   77   75   76   74   75   72   73   71   71   68   69   66   67
   64   65   62   63   60   58   58   55   66                                   
    75.0-180.0 180.0   5.0 450.0                            LAT/LON1/LON2/DLON/H
   58   53   55   53   52   53   54   52   53   51   53   52   54   54   57   58
   61   64   67   70   71   75   77   79   81   85   87   90   91   94   95   95
   93   92   90   86   82   78   76   73   70   71   71   72   73   75   77   79
   79   80   80   80   78   77   76   73   72   70   69   67   66   64   64   61
   60   59   58   56   56   54   54   51   58                                   
    72.5-180.0 180.0   5.0 450.0                            LAT/LON1/LON2/DLON/H
   55   51   48   48   48   48   48   48   47   47   47   48   49   51   53   56
   58   62   64   68   68   73   72   77   77   83   84   90   91   96   96   99
   97   97   93   90   85   83   79   77   75   76   77   78   80   82   84   85
   85   85   85   83   82   79   77   74   72   69   68   65   65   62   61   58
   58   56   55   52   53   49   52   48   55                                   
    70.0-180.0 180.0   5.0 450.0                            LAT/LON1/LON2/DLON/H
   52   46   49   45   45   45   46   44   45   43   44   44   46   47   51   53
   57   59   63   66   67   71   71   75   75   80   81   87   90   96   97  101
  100  102   98   96   91   88   84   84   82   84   85   88   89   92   93   94
   93   92   90   87   84   80   78   74   72   69   68   65   64   61   61   57
   57   54   55   52   52   49   49   47   52                                   
    67.5-180.0 180.0   5.0 450.0                            LAT/LON1/LON2/DLON/H
   50   45   45   43   44   43   43   42   42   41   42   43   45   47   50   54
   57   60   63   65   66   70   70   73   74   78   79   85   88   94   97  101
  102  103  102   99   96   92   90   88   90   91   93   96   98   99  100  100
   98   96   93   89   85   80   77   73   71   68   68   65   64   62   61   59
   58   55   54   51   51   46   49   46   50                                   
    65.0-180.0 180.0   5.0 450.0                            LAT/LON1/LON2/DLON/H
   48   42   44   42   41   41   42   41   41   40   41   42   44   47   50   54
   57   61   63   66   67   71   71   74   73   77   77   82   84   92   95  102
  102  107  104  105  100   99   95   97   96  101  101  106  106  109  107  106
  103  100   96   91   86   81   77   73   72   70   69   66   67   64   64   60
   60   57   57   53   52   48   48   46   48                                   
    62.5-180.0 180.0   5.0 450.0                            LAT/LON1/LON2/DLON/H
   44   40   37   37   37   36   37   36   37   36   38   39   43   46   50   55
   58   61   64   66   68   70   71   74   73   76   75   80   82   89   93  100
  103  106  106  106  104  102  101  101  103  105  109  111  113  113  111  109
  106  102   97   92   86   81   77   74   72   71   71   70   69   66   65   61
   61   58   57   52   52   46   48   43   44                                   
    60.0-180.0 180.0   5.0 450.0                            LAT/LON1/LON2/DLON/H
   41   34   35   32   32   32   33   32   32   31   34   36   40   43   48   53
   56   59   62   65   67   71   71   75   73   76   75   80   81   89   92  101
  104  109  108  111  108  109  106  109  109  114  114  118  117  119  116  115
  110  107  101   97   91   86   81   79   78   77   77   75   75   71   70   65
   65   61   60   55   53   47   46   43   41                                   
    57.5-180.0 180.0   5.0 450.0                            LAT/LON1/LON2/DLON/H
   37   34   29   28   28   25   27   25   26   25   29   30   36   39   45   49
   54   56   61   64   67   69   72   75   75   77   76   81   82   89   94  103
  107  112  113  115  113  113  113  114  116  118  122  123  124  124  121  120
  115  114  108  105   98   94   90   87   84   85   84   85   81   79   74   70
   67   63   61   56   53   46   45   39   37                                   
    55.0-180.0 180.0   5.0 450.0                            LAT/LON1/LON2/DLON/H
   36   30   27   24   24   21   22   19   20   19   22   25   30   34   39   43
   48   51   55   60   64   69   71   77   77   80   79   84   85   93   98  107
  112  118  118  122  119  121  119  122  123  128  128  132  130  132  128  128
  123  123  117  115  108  105  100   98   94   95   94   94   90   86   80   74
   71   65   63   57   54   46   45   40   36                                   
    52.5-180.0 180.0   5.0 450.0                            LAT/LON1/LON2/DLON/H
   37   36   27   26   24   21   21   18   18   16   19   20   27   29   36   39
   45   48   54   58   65   69   74   78   81   84   84   88   90   98  103  113
  117  124  125  127  126  128  127  129  131  134  135  137  136  138  135  136
  132  133  127  127  121  117  113  110  107  107  106  106  101   96   88   82
   75   71   66   60   55   48   47   40   37                                   
    50.0-180.0 180.0   5.0 450.0                            LAT/LON1/LON2/DLON/H
   41   37   32   28   28   25   24   18   18   14   17   18   23   26   31   35
   40   46   52   59   65   71   76   83   86   90   91   96   99  106  111  119
  124  130  130  134  133  137  136  141  141  145  143  146  144  146  143  145
  142  143  139  137  133  129  124  121  117  118  116  117  113  107   99   91
   83   77   73   65   61   52   51   46   41                                   
    47.5-180.0 180.0   5.0 450.0                            LAT/LON1/LON2/DLON/H
   50   50   38   36   34   31   30   24   22   18   19   18   22   23   28   32
   38   45   54   62   69   75   81   87   91   96   98  103  106  113  118  126
  129  135  136  140  142  145  147  150  151  152  151  152  150  151  149  151
  148  150  145  145  140  137  132  129  126  128  127  129  124  120  111  103
   93   88   81   75   67   59   58   51   50                                   
    45.0-180.0 180.0   5.0 450.0                            LAT/LON1/LON2/DLON/H
   58   55   48   44   43   40   39   32   30   24   24   21   24   24   29   33
   40   48   58   68   75   81   86   93   97  104  106  112  114  123  125  134
  135  143  142  151  151  159  158  163  162  164  161  162  158  160  157  159
  155  156  152  149  145  141  136  134  131  134  134  136  134  130  123  116
  107  100   92   83   77   67   65   61   58                                   
    42.5-180.0 180.0   5.0 450.0                            LAT/LON1/LON2/DLON/H
   67   67   56   53   51   48   47   43   40   34   31   28   28   28   30   35
   42   53   64   75   82   88   92   99  103  110  114  120  122  128  132  138
  140  145  149  156  161  167  171  173  174  173  170  167  166  165  163  163
  159  158  153  151  145  142  138  137  134  138  138  143  140  139  133  128
  119  112  102   94   85   76   73   68   67                                   
    40.0-180.0 180.0   5.0 450.0                            LAT/LON1/LON2/DLON/H
   75   71   66   60   60   58   57   52   50   44   42   37   38   36   39   42
   50   61   74   84   92   97  101  107  112  120  123  131  131  139  138  148
  147  157  158  170  175  186  187  193  190  191  184  183  177  180  174  176
  169  167  161  158  153  151  146  146  144  147  147  149  150  146  143  137
  131  124  116  104   95   83   81   78   75                                   
    37.5-180.0 180.0   5.0 450.0                            LAT/LON1/LON2/DLON/H
   80   78   67   67   63   62   61   59   57   52   49   46   45   44   46   50
   56   69   81   93  100  106  108  113  118  127  132  138  140  147  148  155
  157  165  172  182  194  202  208  210  209  206  201  196  193  192  190  187
  182  178  171  168  163  162  158  158  155  158  155  158  154  154  149  146
  140  133  124  113  100   90   85   84   80                                   
    35.0-180.0 180.0   5.0 450.0                            LAT/LON1/LON2/DLON/H
   83   78   71   66   66   64   66   62   63   58   58   53   55   54   57   58
   66   74   89  101  110  114  117  121  126  137  141  149  149  159  159  169
  170  182  189  204  216  232  235  239  233  230  221  219  212  219  213  215
  204  203  191  189  180  181  173  176  170  171  167  166  162  159  155  150
  145  139  131  119  106   93   91   92   83                                   
    32.5-180.0 180.0   5.0 450.0                            LAT/LON1/LON2/DLON/H
   83   80   68   69   63   62   62   63   62   61   59   59   61   63   65   67
   71   81   92  107  114  121  122  127  132  142  148  155  159  167  172  181
  189  199  216  229  250  259  265  263  259  250  246  239  240  242  244  242
  239  232  226  218  214  208  203  198  194  188  183  175  168  162  156  152
  147  141  132  122  108   95   90   95   83                                   
    30.0-180.0 180.0   5.0 450.0                            LAT/LON1/LON2/DLON/H
   86   80   72   68   67   63   66   63   65   61   65   63   69   69   74   73
   77   84   97  111  120  126  128  132  136  147  154  163  167  177  184  196
  207  224  241  263  279  290  289  291  282  279  271  270  270  277  278  283
  279  274  266  259  254  246  242  234  226  218  207  193  181  169  160  154
  148  144  135  126  111   99   96   98   86                                   
    27.5-180.0 180.0   5.0 450.0                            LAT/LON1/LON2/DLON/H
   91   84   72   74   67   64   63   63   62   62   62   65   69   74   77   77
   79   85   97  112  121  128  131  134  140  149  157  165  173  184  196  208
  227  247  274  292  310  316  317  312  308  302  299  297  303  311  319  325
  329  325  321  310  301  287  279  266  258  245  231  207  190  171  160  152
  147  142  135  127  114  102   98  101   91                                   
    25.0-180.0 180.0   5.0 450.0                            LAT/LON1/LON2/DLON/H
   97   90   80   76   73   68   68   63   65   61   64   63   71   73   78   77
   79   85   96  113  123  132  133  136  141  149  160  169  180  192  205  222
  241  270  294  317  326  335  330  332  326  329  326  334  338  353  361  375
  378  384  377  372  359  344  326  307  290  273  254  226  201  181  166  156
  151  148  141  136  123  116  107  107   97                                   
    22.5-180.0 180.0   5.0 450.0                            LAT/LON1/LON2/DLON/H
  110   99   89   89   80   74   70   66   64   62   60   63   66   72   75   76
   78   84   96  111  123  131  134  135  141  148  162  173  186  199  216  234
  264  289  319  337  345  351  348  349  350  352  357  363  375  387  400  413
  422  428  429  424  412  393  370  342  319  295  272  243  213  185  172  160
  157  151  148  143  135  124  122  116  110                                   
    20.0-180.0 180.0   5.0 450.0                            LAT/LON1/LON2/DLON/H
  125  114  106   99   93   84   78   72   70   63   64   60   65   66   71   70
   73   79   92  109  121  131  132  135  139  148  161  177  193  211  227  254
  279  311  332  354  358  364  361  366  368  377  380  395  403  422  431  450
  457  469  468  465  448  428  398  371  343  320  295  270  234  205  186  178
  170  168  162  159  148  143  134  130  125                                   
    17.5-180.0 180.0   5.0 450.0                            LAT/LON1/LON2/DLON/H
  140  128  119  115  107   94   87   80   73   69   62   60   59   63   66   68
   70   78   93  108  123  128  132  132  139  145  166  181  202  219  242  266
  300  325  348  363  369  378  379  387  390  398  406  417  431  444  455  467
  477  486  487  481  464  443  414  388  359  336  314  291  258  225  203  189
  185  179  174  166  161  152  149  143  140                                   
    15.0-180.0 180.0   5.0 450.0                            LAT/LON1/LON2/DLON/H
  152  145  132  127  120  107   96   87   81   74   68   61   59   58   61   62
   66   72   88  104  119  129  132  133  138  149  165  192  211  237  256  289
  310  342  356  377  380  393  397  407  412  422  430  444  457  469  475  485
  492  498  498  489  472  450  422  397  373  353  331  312  282  255  225  213
  202  198  189  186  177  170  162  165  152                                   
    12.5-180.0 180.0   5.0 450.0                            LAT/LON1/LON2/DLON/H
  163  150  138  136  125  113  105   95   86   78   70   62   58   56   59   61
   69   76   92  106  122  128  136  134  142  152  178  200  225  245  272  296
  322  344  366  383  391  405  414  425  429  440  447  460  469  475  478  484
  486  488  484  475  460  441  418  398  378  362  341  322  297  272  249  232
  223  214  205  196  189  179  173  174  163                                   
    10.0-180.0 180.0   5.0 450.0                            LAT/LON1/LON2/DLON/H
  164  155  143  140  129  119  110  100   91   84   76   69   64   59   63   62
   70   74   87   98  118  128  140  142  151  168  190  218  237  264  283  310
  327  355  371  388  400  412  425  435  444  453  460  470  475  479  480  482
  481  478  473  462  448  431  410  395  378  367  345  328  305  286  264  255
  241  234  220  215  201  192  183  188  164                                   
     7.5-180.0 180.0   5.0 450.0                            LAT/LON1/LON2/DLON/H
  168  150  140  135  123  116  109  100   95   88   81   72   69   62   65   64
   75   76   86   97  118  129  147  150  164  182  209  230  254  273  298  315
