data/unet/pred2030.15i
     1.0            IONOSPHERE MAPS     GNSS                IONEX VERSION / TYPE
pyspatialgeodesy        IME             05-JAN-18 20:20     PGM / RUN BY / DATE 
Map Name                                                    COMMENT             
Predicted global ionosphere maps (GIM).                     DESCRIPTION         
  2015     7    22     0     0     0                        EPOCH OF FIRST MAP  
  2015     7    23     0     0     0                        EPOCH OF LAST MAP   
  7200                                                      INTERVAL            
    13                                                      # OF MAPS IN FILE   
  NONE                                                      MAPPING FUNCTION    
10.0                                                        ELEVATION CUTOFF    
One-way carrier phase leveled to code                       OBSERVABLES USED    
  6371.0                                                    BASE RADIUS         
 2                                                          MAP DIMENSION       
   450.0 450.0   0.0                                        HGT1 / HGT2 / DHGT  
    87.5 -87.5  -2.5                                        LAT1 / LAT2 / DLAT  
  -180.0 180.0   5.0                                        LON1 / LON2 / DLON  
    -1                                                      EXPONENT            
                                                            END OF HEADER       
[from data line 2145]
     6                                                      START OF TEC MAP    
  2015     7    22    10     0     0                        EPOCH OF CURRENT MAP
    87.5-180.0 180.0   5.0 450.0                            LAT/LON1/LON2/DLON/H
  103  129  126  127  125  124  123  124  125  124  124  125  125  125  125  125
  125  125  124  124  123  123  122  122  121  121  121  121  121  121  121  120
  120  119  119  118  118  117  117  117  117  117  117  118  118  119  118  120
  120  121  120  121  122  122  122  122  123  123  122  123  123  122  122  122
  121  122  121  123  123  120  115  105  103                                   
    85.0-180.0 180.0   5.0 450.0                            LAT/LON1/LON2/DLON/H
  125  116  125  124  126  121  126  124  127  125  128  125  129  126  129  126
  130  126  130  125  130  126  129  126  129  126  129  126  130  127  129  126
  128  124  126  122  124  121  122  120  122  120  123  122  125  124  126  126
  128  128  129  129  131  130  130  130  131  130  129  129  129  127  127  125
  125  123  124  122  123  118  122  121  125                                   
    82.5-180.0 180.0   5.0 450.0                            LAT/LON1/LON2/DLON/H
  118  119  128  129  128  127  128  129  132  131  133  133  135  134  135  134
  135  134  135  133  135  133  134  133  134  133  134  133  135  133  134  133
  133  131  131  129  130  128  128  127  128  127  129  130  132  132  134  135
  136  136  137  138  139  138  138  138  138  137  136  135  135  133  132  131
  130  129  128  126  126  125  124  126  118                                   
    80.0-180.0 180.0   5.0 450.0                            LAT/LON1/LON2/DLON/H
  120  116  120  121  121  120  121  123  125  125  128  128  132  129  132  130
  133  129  131  129  130  127  128  127  127  126  127  127  129  128  130  129
  130  128  129  128  127  126  126  126  127  128  130  132  134  135  137  139
  140  141  142  142  142  142  142  142  141  140  139  138  136  135  133  132
  129  128  125  123  119  119  116  122  120                                   
    77.5-180.0 180.0   5.0 450.0                            LAT/LON1/LON2/DLON/H
  117  109  114  116  116  117  118  121  123  123  126  126  129  127  130  128
  129  126  127  125  125  123  123  122  122  121  122  124  126  127  130  130
  132  132  132  131  131  130  131  131  132  134  137  140  144  146  149  151
  154  153  155  154  155  154  153  152  151  150  149  147  146  144  142  139
  136  134  131  126  122  121  116  114  117                                   
    75.0-180.0 180.0   5.0 450.0                            LAT/LON1/LON2/DLON/H
  115  107  109  110  110  112  113  115  117  118  120  122  122  123  124  124
  123  121  121  118  117  114  114  112  112  112  115  117  121  123  129  130
  134  133  137  135  136  134  137  135  139  139  146  148  154  155  160  162
  164  164  164  164  163  162  160  159  157  157  155  154  152  151  149  146
  142  139  137  132  126  126  116  116  115                                   
    72.5-180.0 180.0   5.0 450.0                            LAT/LON1/LON2/DLON/H
  114  103  105  105  104  104  105  107  109  109  112  112  115  115  117  115
  115  112  112  108  106  102  101   98   99   98  102  105  112  117  123  128
  133  135  139  139  140  140  141  142  145  148  154  158  162  166  169  170
  171  170  169  167  165  163  161  159  158  157  158  157  156  155  154  151
  148  145  142  135  131  126  120  114  114                                   
    70.0-180.0 180.0   5.0 450.0                            LAT/LON1/LON2/DLON/H
  116  104  102  102   99  101  100  103  102  105  105  109  109  112  112  113
  111  110  107  104  101   98   95   93   92   92   96  100  108  115  123  129
  136  139  143  143  146  145  148  148  152  154  160  164  169  172  174  175
  173  171  167  165  161  158  156  155  155  156  157  158  159  160  159  159
  156  154  151  145  139  135  124  120  116                                   
    67.5-180.0 180.0   5.0 450.0                            LAT/LON1/LON2/DLON/H
  119  105  103   99   95   94   94   94   95   96   99  100  103  105  106  106
  105  103  101   98   95   91   89   85   86   85   90   93  101  110  120  128
  137  142  147  149  151  152  155  156  160  163  169  173  177  178  178  176
  172  167  162  157  152  149  147  146  147  149  152  154  157  159  160  160
  159  158  157  151  147  139  131  120  119                                   
    65.0-180.0 180.0   5.0 450.0                            LAT/LON1/LON2/DLON/H
  123  110  106  101   95   95   92   93   91   93   93   96   97  100  102  103
  102  101   99   97   94   91   88   86   85   85   90   95  102  113  123  133
  141  147  152  155  157  158  160  162  165  170  175  179  181  181  178  174
  166  160  152  147  142  139  139  139  142  144  149  152  156  159  162  164
  164  165  164  161  157  151  140  132  123                                   
    62.5-180.0 180.0   5.0 450.0                            LAT/LON1/LON2/DLON/H
  130  117  113  104   96   91   89   86   86   85   87   88   91   93   95   96
   96   95   93   91   88   86   84   83   83   85   89   95  102  112  122  132
  142  148  154  158  162  164  168  169  174  178  183  185  187  184  180  172
  164  155  147  140  136  133  134  135  139  142  146  149  153  156  159  162
  164  165  167  164  164  157  149  136  130                                   
    60.0-180.0 180.0   5.0 450.0                            LAT/LON1/LON2/DLON/H
  136  125  119  112  101   96   89   87   83   82   80   83   83   86   88   89
   90   89   88   87   87   86   86   87   88   91   96  102  109  119  128  138
  147  153  160  164  169  171  174  178  182  186  190  192  191  188  179  171
  160  152  142  136  132  132  134  135  141  143  148  149  153  155  158  161
  164  167  168  169  170  166  156  148  136                                   
    57.5-180.0 180.0   5.0 450.0                            LAT/LON1/LON2/DLON/H
  144  133  128  118  106   98   89   83   79   75   74   74   75   77   79   79
   80   79   79   79   80   81   83   86   90   95  100  108  114  123  132  140
  148  154  162  167  174  178  184  186  192  195  201  201  201  194  187  176
  167  157  151  144  142  140  143  143  148  149  152  152  152  153  156  158
  161  164  168  169  173  169  162  152  144                                   
    55.0-180.0 180.0   5.0 450.0                            LAT/LON1/LON2/DLON/H
  149  141  134  128  115  105   93   86   78   74   69   70   68   70   70   71
   70   70   71   73   75   80   83   91   95  103  108  119  123  132  138  146
  154  160  169  176  182  189  193  199  201  205  209  210  206  201  192  184
  172  166  158  154  151  149  152  151  155  155  157  154  153  152  154  156
  160  164  168  171  175  174  167  164  149                                   
    52.5-180.0 180.0   5.0 450.0                            LAT/LON1/LON2/DLON/H
  154  147  143  134  120  109   97   88   79   72   67   64   63   62   62   62
   61   61   63   66   70   77   83   92   99  107  115  124  130  137  143  149
  156  162  172  179  188  194  203  206  211  215  219  218  217  210  204  195
  188  182  177  172  169  167  167  166  166  165  163  159  155  153  153  153
  157  159  166  168  174  174  170  165  154                                   
    50.0-180.0 180.0   5.0 450.0                            LAT/LON1/LON2/DLON/H
  157  150  145  140  127  118  104   95   85   77   70   67   62   62   59   58
   56   56   58   62   68   77   84   96  102  114  121  133  137  145  150  156
  162  170  179  190  198  208  213  220  223  228  230  231  228  224  217  212
  204  199  193  188  183  178  175  172  171  170  166  162  158  155  155  155
  159  162  168  172  177  177  172  170  157                                   
    47.5-180.0 180.0   5.0 450.0                            LAT/LON1/LON2/DLON/H
  158  152  147  141  128  121  109  100   89   83   75   70   65   61   58   56
   53   54   55   60   66   76   85   96  104  116  124  135  141  148  152  158
  166  174  184  195  206  215  223  229  233  237  240  241  241  237  234  226
  222  217  212  206  199  192  185  181  178  176  172  168  163  160  159  158
  162  164  169  171  177  175  172  167  158                                   
    45.0-180.0 180.0   5.0 450.0                            LAT/LON1/LON2/DLON/H
  156  148  142  139  129  124  115  108   99   92   86   79   73   69   63   60
   57   56   59   63   70   80   89  100  108  121  128  140  145  155  158  167
  172  184  193  208  216  228  233  240  243  249  252  256  254  254  248  244
  237  231  224  216  206  195  186  180  175  175  172  171  166  166  166  167
  170  173  176  178  179  176  173  169  156                                   
    42.5-180.0 180.0   5.0 450.0                            LAT/LON1/LON2/DLON/H
  154  144  137  133  125  121  115  111  104  101   95   89   81   74   69   64
   61   60   63   67   73   83   92  102  111  121  128  138  146  155  161  169
  176  189  200  215  225  236  245  251  256  261  266  269  270  268  265  260
  254  247  238  227  215  203  191  185  181  180  178  178  175  176  176  177
  178  179  181  180  180  174  172  165  154                                   
    40.0-180.0 180.0   5.0 450.0                            LAT/LON1/LON2/DLON/H
  151  137  127  125  118  118  113  115  111  111  107  101   95   86   80   74
   71   69   71   75   81   90   99  109  117  126  133  144  151  162  167  176
  183  198  210  225  236  247  255  263  268  275  279  286  286  287  283  280
  273  265  254  241  226  210  198  191  187  188  186  189  186  189  188  191
  191  192  190  189  184  176  170  165  151                                   
    37.5-180.0 180.0   5.0 450.0                            LAT/LON1/LON2/DLON/H
  151  132  121  115  109  109  109  111  112  114  113  110  103   95   87   80
   76   75   77   79   84   93  102  112  119  127  134  144  154  164  171  180
  189  204  219  233  247  255  266  272  282  288  296  299  304  304  303  299
  293  284  271  258  242  229  218  212  207  207  205  205  202  204  203  203
  203  202  200  193  188  178  171  164  151                                   
    35.0-180.0 180.0   5.0 450.0                            LAT/LON1/LON2/DLON/H
  151  128  114  108  100  101  100  107  111  118  120  118  112  103   97   88
   85   82   83   85   89   99  108  117  125  133  140  151  161  171  178  187
  198  211  227  239  251  261  269  281  289  301  308  318  321  325  322  322
  316  309  296  281  268  254  245  238  233  231  227  226  221  221  219  220
  216  217  210  205  196  184  174  169  151                                   
    32.5-180.0 180.0   5.0 450.0                            LAT/LON1/LON2/DLON/H
  157  132  114  104   96   94   94  100  106  115  119  120  114  108  100   93
   88   86   85   86   90   98  108  118  126  134  142  153  165  174  183  192
  205  214  233  241  256  259  272  280  296  306  321  328  338  340  344  341
  338  332  323  311  299  288  278  271  265  260  254  250  242  239  235  232
  228  225  219  210  202  190  179  171  157                                   
    30.0-180.0 180.0   5.0 450.0                            LAT/LON1/LON2/DLON/H
  163  138  117  107   96   93   91   96  102  111  117  119  117  110  105   96
   93   88   87   87   91   99  109  120  130  141  149  161  170  179  186  194
  207  215  231  240  252  261  269  284  295  315  324  341  346  359  358  366
  361  362  355  349  342  330  321  309  300  291  282  273  265  258  251  247
  240  237  227  222  211  198  186  180  163                                   
    27.5-180.0 180.0   5.0 450.0                            LAT/LON1/LON2/DLON/H
  173  149  128  116  105   99   94   97  101  109  113  117  114  111  104   98
   92   89   87   87   90   98  108  120  130  141  151  161  171  179  189  196
  210  214  231  236  252  258  271  280  296  310  327  339  354  364  373  378
  381  382  382  381  378  371  363  350  338  323  308  294  283  275  267  257
  250  243  234  225  217  205  192  184  173                                   
    25.0-180.0 180.0   5.0 450.0                            LAT/LON1/LON2/DLON/H
  179  159  140  130  117  110  104  103  103  109  112  115  112  109  103   97
   91   87   85   84   88   96  108  120  132  145  154  166  171  180  186  195
  206  215  229  240  251  264  271  287  295  314  324  345  354  374  378  394
  396  409  409  415  412  408  398  385  369  352  333  314  298  287  277  269
  257  251  239  235  223  213  202  195  179                                   
    22.5-180.0 180.0   5.0 450.0                            LAT/LON1/LON2/DLON/H
  182  167  153  143  132  126  117  114  111  114  113  116  111  109  100   96
   89   87   83   84   87   95  105  118  127  140  149  160  168  175  187  193
  207  213  233  240  257  265  276  285  295  306  319  332  351  367  380  392
  403  415  423  428  428  424  414  400  385  367  348  327  309  294  285  274
  265  253  244  234  225  211  203  193  182                                   
    20.0-180.0 180.0   5.0 450.0                            LAT/LON1/LON2/DLON/H
  188  172  162  154  145  140  131  126  120  119  116  117  110  108   99   94
   89   85   84   82   87   93  104  117  128  140  149  160  163  174  182  192
  204  218  236  249  261  274  279  294  294  309  313  332  345  366  375  393
  402  418  425  432  432  428  419  406  391  375  358  338  319  304  294  283
  272  263  249  243  228  216  204  194  188                                   
    17.5-180.0 180.0   5.0 450.0                            LAT/LON1/LON2/DLON/H
  187  174  168  162  156  149  144  137  129  126  120  119  111  108   98   93
   87   85   82   83   86   93  101  114  121  134  141  151  160  170  183  191
  208  223  244  260  274  284  289  297  299  305  312  324  342  356  371  381
  393  402  410  415  417  413  404  394  382  370  357  340  325  307  301  287
  280  264  255  239  227  207  198  182  187                                   
    15.0-180.0 180.0   5.0 450.0                            LAT/LON1/LON2/DLON/H
  188  172  168  163  157  153  146  142  133  131  121  121  110  108   97   91
   88   83   85   82   87   92  101  111  121  132  138  150  157  174  180  197
  209  233  253  272  284  296  301  310  307  316  315  330  340  356  365  377
  385  392  399  402  404  397  389  381  375  369  358  347  331  317  308  297
  284  273  259  246  227  209  194  182  188                                   
    12.5-180.0 180.0   5.0 450.0                            LAT/LON1/LON2/DLON/H
  183  169  165  162  157  150  146  141  134  131  121  119  110  107   96   91
   85   84   81   81   83   88   96  106  114  125  131  145  157  173  185  199
  220  242  265  283  297  308  315  321  321  324  325  335  344  354  363  366
  373  372  378  377  379  371  365  360  358  355  350  342  331  318  312  299
  290  274  261  241  222  201  187  169  183                                   
    10.0-180.0 180.0   5.0 450.0                            LAT/LON1/LON2/DLON/H
  180  163  155  152  143  139  131  131  124  125  116  116  106  104   94   91
   85   83   81   81   84   87   97  105  113  124  131  149  158  181  186  209
  224  253  270  292  307  319  328  335  335  338  338  347  351  361  363  368
  369  367  368  365  363  354  347  348  349  350  347  342  331  321  312  301
  287  275  257  240  219  198  182  170  180                                   
     7.5-180.0 180.0   5.0 450.0                            LAT/LON1/LON2/DLON/H
  177  160  151  143  135  126  122  119  115  116  110  110  102  101   93   90
   84   83   78   79   79   82   90   98  108  119  131  147  162  180  193  210
