data/unet/pred2270.15i
     1.0            IONOSPHERE MAPS     GNSS                IONEX VERSION / TYPE
pyspatialgeodesy        IME             05-JAN-18 20:20     PGM / RUN BY / DATE 
Map Name                                                    COMMENT             
Predicted global ionosphere maps (GIM).                     DESCRIPTION         
  2015     8    15     0     0     0                        EPOCH OF FIRST MAP  
  2015     8    16     0     0     0                        EPOCH OF LAST MAP   
  7200                                                      INTERVAL            
    13                                                      # OF MAPS IN FILE   
  NONE                                                      MAPPING FUNCTION    
10.0                                                        ELEVATION CUTOFF    
One-way carrier phase leveled to code                       OBSERVABLES USED    
  6371.0                                                    BASE RADIUS         
 2                                                          MAP DIMENSION       
   450.0 450.0   0.0                                        HGT1 / HGT2 / DHGT  
    87.5 -87.5  -2.5                                        LAT1 / LAT2 / DLAT  
  -180.0 180.0   5.0                                        LON1 / LON2 / DLON  
    -1                                                      EXPONENT            
                                                            END OF HEADER       
[from data line 4719]
    12                                                      START OF TEC MAP    
  2015     8    15    22     0     0                        EPOCH OF CURRENT MAP
    87.5-180.0 180.0   5.0 450.0                            LAT/LON1/LON2/DLON/H
  178  128  113  116  116  116  117  117  118  119  119  120  120  121  121  121
  121  121  121  120  120  119  119  118  118  118  117  117  116  116  115  115
  114  114  113  113  112  111  110  109  108  107  106  105  104  104  104  104
  103  104  104  104  104  105  105  107  107  107  107  108  108  108  108  109
  109  110  110  111  111  110  114  149  178                                   
    85.0-180.0 180.0   5.0 450.0                            LAT/LON1/LON2/DLON/H
  122  111  111  114  115  115  116  117  118  119  120  121  122  123  123  124
  124  124  123  123  122  122  121  120  119  119  117  117  115  115  113  113
  112  112  110  110  108  107  106  105  104  102  102  100  100   98   98   97
   97   97   97   97   98   98   99   99  100  101  101  101  102  102  102  103
  103  104  105  105  107  105  109  132  122                                   
    82.5-180.0 180.0   5.0 450.0                            LAT/LON1/LON2/DLON/H
  116  112  113  116  116  117  118  120  120  123  123  126  126  128  128  130
  129  130  129  129  128  127  126  125  124  122  120  118  117  115  114  113
  112  111  110  109  109  107  107  105  105  103  103  101  101   99   99   97
   98   97   98   97   98   98   99   99  100  100  100  101  101  101  101  102
  103  104  105  105  106  104  107  125  116                                   
    80.0-180.0 180.0   5.0 450.0                            LAT/LON1/LON2/DLON/H
  120  116  113  116  116  118  119  122  123  126  127  130  130  132  133  134
  134  134  133  133  132  131  128  127  124  123  120  119  116  115  112  112
  110  110  108  109  107  108  105  106  103  103  101  100   98   96   95   94
   94   94   94   94   95   95   96   97   97   98   97   99   99   99   99  100
  100  103  103  104  105  103  103  116  120                                   
    77.5-180.0 180.0   5.0 450.0                            LAT/LON1/LON2/DLON/H
  119  117  114  114  115  115  119  120  124  126  130  131  134  134  137  136
  138  136  137  134  134  131  130  126  124  120  118  114  112  109  107  105
  105  104  105  103  104  103  103  101  101   98   98   96   94   92   91   90
   90   90   90   91   92   92   94   94   95   95   96   96   97   96   97   97
   99   99  102  101  104  100  102  112  119                                   
    75.0-180.0 180.0   5.0 450.0                            LAT/LON1/LON2/DLON/H
  119  117  113  116  116  119  121  124  127  130  133  136  138  139  140  140
  140  139  138  137  134  132  129  126  121  118  113  110  106  103  101  101
  100  100  101  101  101  101  100   99   97   95   93   91   89   87   86   86
   85   86   86   87   88   90   91   92   93   94   94   95   95   95   95   96
   97   99  101  102  104  102  104  116  119                                   
    72.5-180.0 180.0   5.0 450.0                            LAT/LON1/LON2/DLON/H
  118  118  114  116  115  118  121  124  128  131  135  136  139  139  140  139
  140  137  138  134  133  128  127  122  118  112  108  103  100   97   96   95
   95   95   96   97   98   98   98   96   93   91   89   86   84   82   81   80
   80   80   81   81   83   84   86   87   89   89   90   90   91   91   92   92
   94   96   99  100  104  102  105  117  118                                   
    70.0-180.0 180.0   5.0 450.0                            LAT/LON1/LON2/DLON/H
  119  117  115  117  118  119  123  126  131  134  138  140  142  142  142  141
  140  139  138  136  134  131  127  123  118  113  107  103   98   96   94   93
   93   93   95   94   96   94   94   91   88   85   83   80   78   76   74   74
   74   74   74   75   77   78   80   82   84   86   87   88   89   90   90   91
   93   96   99  100  104  102  106  120  119                                   
    67.5-180.0 180.0   5.0 450.0                            LAT/LON1/LON2/DLON/H
  120  119  116  116  117  119  123  126  131  134  139  140  142  141  142  140
  140  137  138  134  134  130  129  123  119  112  108  101   99   95   94   92
   92   92   92   92   92   91   89   86   82   79   76   74   70   70   68   67
   66   67   66   68   68   70   72   75   77   81   83   85   87   88   89   90
   92   95   98  100  105  104  106  121  120                                   
    65.0-180.0 180.0   5.0 450.0                            LAT/LON1/LON2/DLON/H
  123  120  118  118  119  119  124  126  133  136  140  142  144  143  143  142
  141  140  140  139  137  135  133  129  124  119  113  108  104  101   99   97
   96   94   94   91   90   87   85   80   77   73   71   68   66   64   62   61
   60   60   59   60   60   63   66   69   73   77   81   84   87   88   89   91
   93   95  100  102  107  105  110  125  123                                   
    62.5-180.0 180.0   5.0 450.0                            LAT/LON1/LON2/DLON/H
  126  123  121  119  119  119  124  125  132  134  140  141  144  143  144  142
  143  140  141  139  141  137  137  132  129  122  119  113  111  107  106  102
  102   98   96   92   89   85   81   77   73   69   67   65   62   60   58   57
   54   53   52   52   52   55   58   62   66   73   76   83   85   89   89   92
   93   96  100  103  108  109  112  128  126                                   
    60.0-180.0 180.0   5.0 450.0                            LAT/LON1/LON2/DLON/H
  130  128  126  125  125  123  126  127  132  134  139  141  144  144  145  144
  144  143  144  145  145  144  142  140  136  132  127  125  122  119  117  113
  110  104  101   94   90   85   81   76   72   69   67   65   63   60   57   55
   52   50   47   48   47   50   53   58   64   71   77   83   87   90   92   94
   96   99  104  106  113  112  118  134  130                                   
    57.5-180.0 180.0   5.0 450.0                            LAT/LON1/LON2/DLON/H
  137  136  134  131  129  127  130  128  133  133  138  139  143  142  144  143
  144  143  145  145  147  146  146  142  141  136  135  132  133  129  128  122
  119  111  106   98   93   87   82   78   75   72   70   68   65   63   59   56
   51   49   46   46   44   47   49   55   61   70   76   84   87   93   93   97
   98  102  106  110  115  118  122  139  137                                   
    55.0-180.0 180.0   5.0 450.0                            LAT/LON1/LON2/DLON/H
  144  144  144  143  141  138  139  136  138  137  139  140  142  142  143  144
  144  145  146  148  150  150  149  148  146  144  143  143  144  142  139  134
  127  119  112  103   97   92   87   84   80   78   76   75   72   69   65   60
   55   52   48   48   46   48   50   56   62   71   78   86   91   95   98  100
  103  107  112  115  122  122  130  147  144                                   
    52.5-180.0 180.0   5.0 450.0                            LAT/LON1/LON2/DLON/H
  152  155  154  153  151  149  148  145  144  141  142  140  142  141  142  141
  143  142  145  146  149  149  149  147  148  146  148  148  152  150  149  141
  135  125  117  108  102   96   92   89   87   84   83   82   79   75   70   66
   60   57   53   53   50   52   53   59   64   73   79   88   93   99  101  106
  108  113  117  122  126  130  134  155  152                                   
    50.0-180.0 180.0   5.0 450.0                            LAT/LON1/LON2/DLON/H
  160  163  165  166  164  164  162  160  156  152  150  147  146  144  143  143
  143  143  144  147  149  150  150  150  150  149  152  154  158  157  155  148
  140  130  121  113  107  102   98   96   94   93   92   90   87   83   77   73
   67   65   61   60   57   59   59   64   70   77   84   91   98  102  107  111
  117  121  128  130  137  136  143  165  160                                   
    47.5-180.0 180.0   5.0 450.0                            LAT/LON1/LON2/DLON/H
  167  173  173  175  174  175  174  171  168  163  159  155  152  148  146  143
  143  141  144  145  149  148  150  149  151  150  154  156  161  159  159  150
  143  132  124  116  112  107  104  101  100   98   98   95   92   87   83   79
   74   72   69   69   66   67   67   71   75   82   88   97  102  109  114  121
  126  133  138  143  145  147  148  174  167                                   
    45.0-180.0 180.0   5.0 450.0                            LAT/LON1/LON2/DLON/H
  176  180  182  184  185  187  188  187  185  181  175  170  165  159  154  150
  148  146  147  148  151  152  153  154  155  155  157  161  164  163  161  153
  144  134  127  120  117  112  110  107  106  105  103  101   96   93   87   84
   80   80   78   77   75   74   74   76   81   86   93  100  108  114  122  128
  137  143  151  152  158  155  158  183  176                                   
    42.5-180.0 180.0   5.0 450.0                            LAT/LON1/LON2/DLON/H
  182  185  187  189  191  193  197  198  198  196  191  185  178  171  164  158
  155  151  152  152  156  156  160  158  163  161  165  165  169  166  164  154
  146  136  130  124  121  116  114  110  109  106  106  102   99   94   90   87
   85   85   84   83   81   80   79   81   84   91   96  105  113  122  129  138
  147  156  163  168  169  169  166  193  182                                   
    40.0-180.0 180.0   5.0 450.0                            LAT/LON1/LON2/DLON/H
  191  189  191  193  197  200  207  210  214  215  211  207  197  189  180  173
  168  164  162  162  165  167  170  173  176  176  177  178  178  175  169  160
  151  142  136  130  127  122  118  114  111  109  107  105  100   96   91   91
   89   90   88   88   85   84   81   83   86   93   99  108  118  127  137  147
  158  167  177  178  182  178  178  201  191                                   
    37.5-180.0 180.0   5.0 450.0                            LAT/LON1/LON2/DLON/H
  197  194  194  195  198  204  211  219  227  232  230  225  216  206  195  188
  181  176  174  172  176  178  185  187  194  192  194  191  191  184  177  166
  157  147  142  136  133  127  123  117  115  111  111  107  103   98   95   94
   92   92   91   89   87   85   84   85   88   94  102  112  123  136  147  158
  170  181  189  193  193  193  186  210  197                                   
    35.0-180.0 180.0   5.0 450.0                            LAT/LON1/LON2/DLON/H
  207  200  201  201  205  209  220  229  242  249  251  248  239  229  217  209
  201  195  191  188  192  194  203  209  216  215  215  211  207  198  188  176
  165  155  150  143  138  131  125  120  115  113  111  109  104  101   97   96
   93   93   91   89   86   85   83   85   87   93  102  113  127  140  154  166
  179  190  199  201  204  199  197  217  207                                   
    32.5-180.0 180.0   5.0 450.0                            LAT/LON1/LON2/DLON/H
  217  211  209  211  213  219  228  241  254  265  269  268  259  249  236  226
  217  209  203  199  201  206  216  223  232  233  232  225  219  208  197  183
  173  162  156  149  143  134  129  121  119  115  115  111  107  102   99   97
   95   93   90   87   85   83   82   83   85   91   98  112  126  143  158  172
  185  197  205  210  211  211  205  226  217                                   
    30.0-180.0 180.0   5.0 450.0                            LAT/LON1/LON2/DLON/H
  230  223  224  225  228  231  240  251  267  278  287  286  279  268  255  247
  236  226  216  213  214  220  230  240  248  247  245  237  228  217  205  190
  179  167  159  150  143  133  126  119  116  114  113  110  106  102   98   97
   94   92   88   85   83   81   81   80   83   87   96  109  125  142  159  173
  187  200  210  215  219  218  216  237  230                                   
    27.5-180.0 180.0   5.0 450.0                            LAT/LON1/LON2/DLON/H
  243  241  243  246  248  251  258  268  281  295  303  306  298  289  276  267
  255  243  229  224  224  232  241  252  261  260  257  247  236  222  210  194
  182  170  161  151  142  132  125  118  115  112  112  108  103   99   95   93
   90   86   83   80   78   78   77   78   78   82   89  103  120  139  157  174
  188  203  213  221  225  228  226  248  243                                   
    25.0-180.0 180.0   5.0 450.0                            LAT/LON1/LON2/DLON/H
  259  259  268  272  274  277  282  289  301  314  323  325  322  313  302  293
  279  264  247  241  238  246  254  265  271  269  264  252  239  225  212  197
  183  169  158  145  135  124  118  111  110  107  107  103   99   95   91   89
   85   82   78   76   75   77   76   76   75   77   83   96  114  133  154  172
  188  202  215  224  232  235  238  259  259                                   
    22.5-180.0 180.0   5.0 450.0                            LAT/LON1/LON2/DLON/H
  272  278  289  296  301  305  309  315  325  338  345  351  348  343  333  323
  308  290  273  264  262  267  275  282  285  279  269  254  242  225  211  195
  182  165  154  140  130  118  113  105  104  102  101   97   92   88   83   79
   75   72   69   69   69   71   71   71   70   71   76   88  106  127  148  169
  186  204  218  231  239  245  247  270  272                                   
    20.0-180.0 180.0   5.0 450.0                            LAT/LON1/LON2/DLON/H
  286  293  308  315  323  327  330  337  346  358  366  374  374  373  366  358
  344  326  307  295  291  294  300  301  299  287  272  257  242  226  210  193
  178  159  148  132  124  110  106   99  100   96   97   92   89   82   79   75
   71   68   66   66   68   70   70   69   67   67   69   81   98  121  143  167
  187  205  222  235  246  252  258  279  286                                   
    17.5-180.0 180.0   5.0 450.0                            LAT/LON1/LON2/DLON/H
  293  305  319  327  337  344  348  357  364  379  387  398  399  400  393  388
  375  359  343  331  327  325  326  322  314  296  278  260  244  225  209  191
  177  156  147  131  122  110  105   99   99   96   95   91   85   80   74   70
   66   63   62   63   65   68   68   68   65   64   66   77   94  117  140  166
  187  209  227  242  254  261  264  287  293                                   
    15.0-180.0 180.0   5.0 450.0                            LAT/LON1/LON2/DLON/H
  303  315  328  335  347  353  359  367  376  392  402  415  418  423  417  415
  404  391  377  367  362  358  353  342  329  304  283  264  245  226  207  188
  174  151  146  130  126  113  111  105  104  100  100   93   88   81   76   71
   67   65   63   65   65   68   68   68   64   63   62   73   88  113  137  166
  191  213  232  247  260  267  273  295  303                                   
    12.5-180.0 180.0   5.0 450.0                            LAT/LON1/LON2/DLON/H
  309  323  333  339  350  358  363  375  384  401  411  428  432  440  438  439
  431  421  408  399  393  385  377  363  345  316  291  270  249  228  210  190
  178  159  152  141  135  127  123  118  115  112  107  101   93   86   79   72
   68   65   63   63   63   65   65   65   63   61   62   71   88  111  136  167
  192  216  237  253  266  274  280  305  309                                   
    10.0-180.0 180.0   5.0 450.0                            LAT/LON1/LON2/DLON/H
  319  331  340  343  353  359  365  375  385  402  413  430  437  449  450  455
  453  447  438  430  421  411  398  381  361  328  300  278  253  231  210  191
  181  162  160  150  152  143  141  135  132  125  122  112  105   95   87   78
   72   68   64   63   60   61   60   61   58   59   58   69   83  107  135  166
  195  219  241  257  271  279  289  315  319                                   
     7.5-180.0 180.0   5.0 450.0                            LAT/LON1/LON2/DLON/H
  328  343  348  352  357  362  367  377  384  402  410  429  435  449  452  462
  464  464  459  451  442  428  412  394  374  342  310  285  259  235  214  197
