data/unet/pred2120.15i
     1.0            IONOSPHERE MAPS     GNSS                IONEX VERSION / TYPE
pyspatialgeodesy        IME             05-JAN-18 20:20     PGM / RUN BY / DATE 
Map Name                                                    COMMENT             
Predicted global ionosphere maps (GIM).                     DESCRIPTION         
  2015     7    31     0     0     0                        EPOCH OF FIRST MAP  
  2015     8     1     0     0     0                        EPOCH OF LAST MAP   
  7200                                                      INTERVAL            
    13                                                      # OF MAPS IN FILE   
  NONE                                                      MAPPING FUNCTION    
10.0                                                        ELEVATION CUTOFF    
One-way carrier phase leveled to code                       OBSERVABLES USED    
  6371.0                                                    BASE RADIUS         
 2                                                          MAP DIMENSION       
   450.0 450.0   0.0                                        HGT1 / HGT2 / DHGT  
    87.5 -87.5  -2.5                                        LAT1 / LAT2 / DLAT  
  -180.0 180.0   5.0                                        LON1 / LON2 / DLON  
    -1                                                      EXPONENT            
                                                            END OF HEADER       
[from data line 858]
     3                                                      START OF TEC MAP    
  2015     7    31     4     0     0                        EPOCH OF CURRENT MAP
    87.5-180.0 180.0   5.0 450.0                            LAT/LON1/LON2/DLON/H
  153  151  137  138  138  136  135  134  136  134  134  132  133  132  132  131
  133  132  133  133  135  134  135  134  135  134  134  133  134  132  132  130
  132  129  130  128  130  127  128  125  127  124  126  123  125  123  125  124
  126  125  126  125  127  126  128  127  130  128  130  129  132  130  132  131
  134  134  135  136  138  137  151  168  153                                   
    85.0-180.0 180.0   5.0 450.0                            LAT/LON1/LON2/DLON/H
  156  155  139  147  145  143  142  142  141  141  139  139  138  139  137  139
  138  140  138  141  140  141  140  140  139  139  136  137  135  135  132  133
  131  132  129  131  130  130  128  129  128  129  127  128  127  129  127  129
  128  130  127  130  129  131  129  131  131  133  131  133  133  134  134  135
  137  137  138  139  140  137  148  158  156                                   
    82.5-180.0 180.0   5.0 450.0                            LAT/LON1/LON2/DLON/H
  145  140  141  148  144  142  140  141  139  140  135  137  134  137  132  136
  133  137  134  138  135  137  134  135  133  132  130  129  128  127  125  124
  123  123  122  122  122  123  121  122  121  122  120  123  122  125  124  126
  126  129  128  131  132  133  133  134  135  135  135  136  136  136  136  136
  137  138  138  139  142  138  148  146  145                                   
    80.0-180.0 180.0   5.0 450.0                            LAT/LON1/LON2/DLON/H
  148  144  149  153  152  149  149  148  148  145  144  142  141  139  138  137
  138  136  137  136  136  135  134  132  131  128  126  124  123  122  120  120
  121  121  121  122  123  124  124  125  125  126  125  127  128  129  130  132
  134  135  138  138  141  141  142  142  143  143  143  143  143  142  141  140
  141  140  141  142  144  139  147  146  148                                   
    77.5-180.0 180.0   5.0 450.0                            LAT/LON1/LON2/DLON/H
  152  143  148  152  151  150  150  150  148  146  143  142  138  137  135  136
  133  134  132  133  131  130  128  125  123  118  116  112  112  110  110  110
  112  113  115  116  119  119  121  122  124  123  125  127  129  130  135  137
  141  142  146  147  150  149  151  150  151  149  149  148  147  145  143  142
  141  140  140  141  143  138  146  141  152                                   
    75.0-180.0 180.0   5.0 450.0                            LAT/LON1/LON2/DLON/H
  150  143  146  150  152  149  151  147  146  142  139  135  130  127  124  123
  121  121  122  121  121  119  118  115  111  108  105  102  101   99  100  100
  103  105  108  110  113  114  116  117  119  121  123  125  128  132  136  139
  143  147  150  152  154  155  155  156  155  156  154  154  152  151  147  146
  142  141  140  141  141  137  144  143  150                                   
    72.5-180.0 180.0   5.0 450.0                            LAT/LON1/LON2/DLON/H
  152  142  147  151  151  150  149  147  143  140  134  128  122  118  113  112
  110  111  111  113  111  112  109  107  102  101   96   94   92   92   92   95
   96  100  102  106  108  111  112  114  116  119  121  125  128  134  139  145
  148  154  156  159  161  163  161  163  161  162  159  160  156  157  151  151
  145  145  142  143  142  140  145  144  152                                   
    70.0-180.0 180.0   5.0 450.0                            LAT/LON1/LON2/DLON/H
  149  142  145  150  152  149  150  146  144  136  131  122  115  109  105  103
  103  102  105  105  107  106  106  102  100   94   92   87   88   85   87   88
   93   95  101  102  107  107  111  111  114  116  121  124  130  137  143  149
  154  158  160  163  164  166  164  165  163  165  162  164  161  162  157  156
  151  150  148  148  145  140  146  148  149                                   
    67.5-180.0 180.0   5.0 450.0                            LAT/LON1/LON2/DLON/H
  149  141  145  149  150  149  148  146  141  135  128  120  112  107  101  100
   98   99  100  103  103  105  102  101   97   94   89   87   83   84   82   86
   89   94   97  101  103  106  107  109  112  115  120  127  134  144  148  156
  159  163  163  166  165  167  164  165  163  164  161  163  160  162  157  158
  152  154  151  151  148  144  147  147  149                                   
    65.0-180.0 180.0   5.0 450.0                            LAT/LON1/LON2/DLON/H
  150  143  144  148  148  147  148  145  141  135  128  119  114  107  102   97
   97   95   98   98  100  100  100   97   95   89   87   83   82   81   81   83
   86   89   93   95  100  101  105  105  110  114  120  129  138  148  153  159
  162  166  165  167  166  167  165  165  164  165  163  165  163  164  160  160
  156  157  155  155  151  145  149  152  150                                   
    62.5-180.0 180.0   5.0 450.0                            LAT/LON1/LON2/DLON/H
  153  146  146  148  147  146  145  144  139  135  128  122  114  109  102   99
   94   94   93   96   95   97   96   96   91   89   85   83   78   80   77   81
   82   86   88   91   93   97   99  103  106  114  122  133  142  153  157  164
  165  168  166  168  166  167  164  164  162  162  161  161  160  160  157  158
  155  157  156  157  155  149  150  151  153                                   
    60.0-180.0 180.0   5.0 450.0                            LAT/LON1/LON2/DLON/H
  157  150  148  150  147  145  145  143  139  136  130  125  120  113  108  101
   97   93   92   91   92   91   92   88   89   84   84   80   80   79   79   78
   80   79   82   83   88   90   96   99  107  115  125  137  147  158  162  170
  170  174  171  173  172  173  170  170  169  168  166  166  165  164  161  161
  159  160  159  162  158  152  154  157  157                                   
    57.5-180.0 180.0   5.0 450.0                            LAT/LON1/LON2/DLON/H
  163  155  157  156  151  150  148  146  141  138  132  129  123  119  111  107
   99   96   90   90   87   88   85   85   83   82   80   79   77   78   76   77
   76   76   77   78   83   86   93   99  107  121  132  146  155  167  172  178
  178  181  178  180  178  180  178  178  176  174  170  168  165  164  161  161
  160  163  164  167  165  160  160  159  163                                   
    55.0-180.0 180.0   5.0 450.0                            LAT/LON1/LON2/DLON/H
  171  166  167  166  161  158  155  151  146  141  137  133  129  123  117  109
  103   96   92   88   87   83   84   79   81   78   81   78   81   79   79   76
   76   71   75   74   82   84   94  100  112  125  138  152  163  175  181  187
  188  190  189  191  190  193  191  192  188  186  179  176  171  168  165  165
  164  167  169  173  172  167  167  168  171                                   
    52.5-180.0 180.0   5.0 450.0                            LAT/LON1/LON2/DLON/H
  180  176  180  180  174  171  166  161  154  150  143  141  134  130  121  115
  106  102   94   92   87   86   83   82   80   81   81   81   81   82   79   78
   74   73   73   74   81   86   96  107  117  136  148  163  173  187  194  201
  203  206  205  208  206  209  206  206  200  196  187  182  176  171  168  167
  166  170  173  179  181  178  175  176  180                                   
    50.0-180.0 180.0   5.0 450.0                            LAT/LON1/LON2/DLON/H
  194  197  199  200  196  189  183  174  167  160  154  149  143  136  129  119
  112  104  101   95   94   89   90   85   88   84   88   86   88   86   86   82
   81   75   78   77   86   90  104  114  127  143  158  171  183  196  207  214
  219  223  225  227  227  226  224  221  215  208  198  191  184  180  175  174
  173  177  181  189  191  187  185  188  194                                   
    47.5-180.0 180.0   5.0 450.0                            LAT/LON1/LON2/DLON/H
  208  209  219  217  212  207  199  192  182  175  167  163  154  147  137  128
  118  113  107  105  101  100   98   98   96   96   95   96   94   94   90   89
   85   83   82   85   90   99  108  123  134  153  166  182  193  209  220  231
  237  244  247  249  246  244  238  233  224  216  206  199  192  187  182  181
  179  183  187  196  201  199  194  198  208                                   
    45.0-180.0 180.0   5.0 450.0                            LAT/LON1/LON2/DLON/H
  224  228  236  237  231  223  216  204  197  187  180  173  166  156  146  136
  128  120  118  113  112  109  111  108  110  107  108  104  104  100  100   95
   94   90   94   93  101  106  119  128  143  159  174  189  203  218  232  243
  253  260  265  265  262  257  250  242  235  225  216  208  202  198  192  192
  190  194  198  206  210  207  204  209  224                                   
    42.5-180.0 180.0   5.0 450.0                            LAT/LON1/LON2/DLON/H
  235  235  250  247  243  235  230  221  213  205  197  192  182  174  160  149
  138  131  127  124  121  121  121  123  122  122  119  117  112  110  106  104
  100  101  102  104  108  115  123  134  148  164  178  196  211  228  242  256
  267  275  279  278  272  264  255  246  240  231  223  216  211  207  203  201
  201  204  209  215  220  218  214  219  235                                   
    40.0-180.0 180.0   5.0 450.0                            LAT/LON1/LON2/DLON/H
  249  250  258  258  252  247  242  236  229  220  213  206  196  186  173  160
  149  140  137  133  132  131  135  134  137  133  134  127  124  118  117  112
  112  110  113  112  118  120  129  136  151  167  183  200  215  232  247  261
  274  282  287  285  279  269  260  253  249  243  236  231  227  223  219  218
  216  220  224  230  232  228  226  230  249                                   
    37.5-180.0 180.0   5.0 450.0                            LAT/LON1/LON2/DLON/H
  259  254  266  260  256  251  251  246  242  236  230  224  214  207  190  177
  161  152  146  143  140  141  144  147  149  148  145  139  133  128  125  122
  120  120  120  120  122  124  130  136  151  165  183  200  216  233  249  264
  277  286  290  287  281  272  265  262  261  257  253  249  246  241  238  236
  236  239  243  246  249  245  241  246  259                                   
    35.0-180.0 180.0   5.0 450.0                            LAT/LON1/LON2/DLON/H
  277  272  274  268  262  258  258  257  254  250  246  239  231  220  204  188
  171  160  150  146  142  145  149  155  158  157  155  148  142  137  135  131
  129  127  127  125  125  125  128  134  147  166  183  200  215  230  246  261
  275  284  289  288  283  278  276  279  281  282  279  277  273  268  264  263
  263  265  268  270  268  263  260  265  277                                   
    32.5-180.0 180.0   5.0 450.0                            LAT/LON1/LON2/DLON/H
  299  287  288  276  268  265  265  264  264  261  259  255  247  237  218  204
  182  169  155  150  146  149  156  162  169  167  166  157  151  144  142  139
  135  132  131  127  126  124  127  132  148  163  182  199  213  229  243  258
  270  281  285  287  285  288  292  302  309  312  311  308  303  297  292  291
  291  295  298  299  296  291  289  294  299                                   
    30.0-180.0 180.0   5.0 450.0                            LAT/LON1/LON2/DLON/H
  327  317  312  296  284  279  277  276  272  271  267  265  257  248  228  211
  188  174  155  150  142  149  155  167  170  173  168  163  155  150  148  143
  138  131  129  124  123  120  121  128  140  159  176  194  207  220  234  250
  264  276  285  293  298  308  317  333  340  347  342  341  333  328  321  320
  321  325  330  330  327  323  325  323  327                                   
    27.5-180.0 180.0   5.0 450.0                            LAT/LON1/LON2/DLON/H
  355  345  339  322  307  302  296  292  286  281  275  271  263  255  235  219
  193  178  159  151  148  153  164  174  183  181  178  169  161  153  148  142
  133  127  123  119  118  116  118  122  136  152  171  189  201  214  226  243
  256  269  280  291  301  314  330  348  361  370  367  365  360  353  347  345
  347  352  360  361  363  361  361  359  355                                   
    25.0-180.0 180.0   5.0 450.0                            LAT/LON1/LON2/DLON/H
  380  376  367  352  335  329  319  314  302  296  284  280  268  261  240  223
  199  182  162  155  150  161  169  184  188  189  179  174  161  155  147  136
  128  117  113  108  107  107  106  114  122  141  158  178  190  202  217  234
  252  268  284  300  315  332  347  365  379  389  385  385  378  372  366  366
  369  377  385  389  394  395  394  387  380                                   
    22.5-180.0 180.0   5.0 450.0                            LAT/LON1/LON2/DLON/H
  402  399  395  386  373  366  358  346  330  315  300  288  273  262  242  226
  202  186  168  162  163  173  187  198  205  201  192  179  167  153  140  129
  117  108  101   98   96   96   97  102  111  127  147  166  182  196  213  230
  250  267  285  304  324  341  358  370  386  393  389  388  385  380  377  379
  385  392  403  408  416  418  415  411  402                                   
    20.0-180.0 180.0   5.0 450.0                            LAT/LON1/LON2/DLON/H
  413  418  420  415  409  406  397  389  366  345  317  300  279  264  243  228
  208  192  178  174  175  190  200  213  213  209  193  180  159  147  133  119
  107   94   87   83   80   82   81   86   92  107  125  150  170  189  207  226
  249  270  292  314  336  354  369  381  390  397  395  395  391  388  388  391
  399  408  421  427  434  435  430  424  413                                   
    17.5-180.0 180.0   5.0 450.0                            LAT/LON1/LON2/DLON/H
  421  431  437  439  438  441  437  429  404  376  340  310  284  264  243  229
  212  199  188  187  191  204  214  222  220  212  192  174  150  138  121  108
   93   84   74   72   71   73   72   75   81   90  111  136  163  182  204  221
  247  270  293  316  337  355  370  380  386  390  389  391  391  391  394  399
  406  415  425  431  438  440  431  427  421                                   
    15.0-180.0 180.0   5.0 450.0                            LAT/LON1/LON2/DLON/H
  419  431  443  447  453  460  460  454  431  401  357  323  290  266  244  232
  217  206  198  197  202  213  221  226  218  206  181  158  137  125  113   98
   86   74   65   64   60   63   60   62   66   74   95  123  152  178  199  221
  246  273  298  321  342  359  371  378  386  391  393  396  395  398  401  406
  414  422  431  436  439  441  437  431  419                                   
    12.5-180.0 180.0   5.0 450.0                            LAT/LON1/LON2/DLON/H
  414  425  436  442  448  459  459  459  438  411  367  327  293  267  246  233
  223  213  206  205  209  216  220  220  209  191  163  142  124  115  101   90
   75   67   59   59   56   59   56   57   60   67   89  115  147  173  197  218
  246  274  297  320  341  355  364  373  381  388  391  394  398  400  404  410
  413  420  426  428  429  435  428  429  414                                   
    10.0-180.0 180.0   5.0 450.0                            LAT/LON1/LON2/DLON/H
  405  413  424  428  437  442  445  443  428  405  364  329  292  267  247  236
  227  218  213  208  209  210  212  205  190  163  139  123  113  104   95   83
   72   64   58   56   53   54   51   49   53   59   82  109  142  170  193  216
  244  272  298  319  340  352  365  377  391  400  403  408  407  409  412  416
  420  424  428  427  424  431  430  430  405                                   
     7.5-180.0 180.0   5.0 450.0                            LAT/LON1/LON2/DLON/H
  401  404  411  410  411  416  413  414  399  383  349  317  287  265  247  238
  231  221  216  210  207  204  201  188  168  143  124  114  103   98   87   80
