data/unet/pred1830.15i
     1.0            IONOSPHERE MAPS     GNSS                IONEX VERSION / TYPE
pyspatialgeodesy        IME             05-JAN-18 20:20     PGM / RUN BY / DATE 
Map Name                                                    COMMENT             
Predicted global ionosphere maps (GIM).                     DESCRIPTION         
  2015     7     2     0     0     0                        EPOCH OF FIRST MAP  
  2015     7     3     0     0     0                        EPOCH OF LAST MAP   
  7200                                                      INTERVAL            
    13                                                      # OF MAPS IN FILE   
  NONE                                                      MAPPING FUNCTION    
10.0                                                        ELEVATION CUTOFF    
One-way carrier phase leveled to code                       OBSERVABLES USED    
  6371.0                                                    BASE RADIUS         
 2                                                          MAP DIMENSION       
   450.0 450.0   0.0                                        HGT1 / HGT2 / DHGT  
    87.5 -87.5  -2.5                                        LAT1 / LAT2 / DLAT  
  -180.0 180.0   5.0                                        LON1 / LON2 / DLON  
    -1                                                      EXPONENT            
                                                            END OF HEADER       
[from data line 1716]
     5                                                      START OF TEC MAP    
  2015     7     2     8     0     0                        EPOCH OF CURRENT MAP
    87.5-180.0 180.0   5.0 450.0                            LAT/LON1/LON2/DLON/H
  143  154  164  165  168  167  168  167  169  168  170  169  170  170  171  170
  170  170  170  169  169  167  167  164  164  162  162  160  161  160  161  161
  162  163  165  166  168  169  171  172  173  174  174  174  174  173  172  171
  170  167  167  163  163  158  158  154  155  150  151  148  151  148  150  148
  152  150  154  152  155  150  157  140  143                                   
    85.0-180.0 180.0   5.0 450.0                            LAT/LON1/LON2/DLON/H
  150  160  160  171  167  168  169  170  169  170  171  171  172  171  172  171
  172  170  172  170  170  168  168  167  166  165  165  164  164  164  165  165
  166  167  169  171  172  173  176  176  179  177  180  178  180  177  177  175
  174  172  170  168  166  163  162  159  158  156  155  153  153  151  151  151
  153  153  153  153  153  150  154  138  150                                   
    82.5-180.0 180.0   5.0 450.0                            LAT/LON1/LON2/DLON/H
  153  155  161  163  164  163  165  165  166  167  168  168  168  168  168  167
  167  166  166  165  165  163  164  161  162  160  161  159  161  159  163  161
  165  165  169  169  173  172  176  175  179  178  181  179  182  179  181  178
  179  176  175  172  171  167  166  163  162  158  157  154  154  151  150  148
  149  148  148  147  148  146  150  147  153                                   
    80.0-180.0 180.0   5.0 450.0                            LAT/LON1/LON2/DLON/H
  160  156  156  157  158  157  159  158  160  159  161  159  161  159  160  158
  159  157  158  156  157  154  154  151  152  150  150  149  150  151  152  154
  156  159  162  165  168  169  172  172  176  175  178  177  180  178  181  178
  181  177  179  176  176  172  172  168  166  162  159  157  155  151  149  147
  147  145  145  145  146  142  143  147  160                                   
    77.5-180.0 180.0   5.0 450.0                            LAT/LON1/LON2/DLON/H
  157  158  158  159  159  160  158  159  158  158  157  157  155  156  154  154
  153  152  151  151  149  148  147  144  143  141  142  141  142  143  146  149
  153  157  161  166  168  173  174  178  179  182  183  186  186  188  189  190
  191  191  192  191  190  188  186  184  181  176  173  169  166  160  158  154
  153  150  149  147  146  144  144  145  157                                   
    75.0-180.0 180.0   5.0 450.0                            LAT/LON1/LON2/DLON/H
  159  156  158  158  159  157  156  154  154  152  151  149  149  147  148  146
  146  145  146  144  144  141  141  137  135  133  133  132  133  135  139  143
  148  155  160  166  169  174  176  180  182  184  186  189  190  193  194  196
  196  197  198  198  197  196  195  192  190  184  181  177  174  169  165  161
  158  155  154  151  151  146  147  148  159                                   
    72.5-180.0 180.0   5.0 450.0                            LAT/LON1/LON2/DLON/H
  160  159  158  157  157  156  152  150  147  144  142  140  138  137  137  136
  136  137  137  138  137  135  133  130  127  124  124  122  125  126  133  137
  145  152  159  166  171  177  179  183  185  189  191  194  197  199  201  202
  204  204  204  203  203  201  200  197  196  190  188  183  182  176  173  167
  166  160  159  155  154  151  152  153  160                                   
    70.0-180.0 180.0   5.0 450.0                            LAT/LON1/LON2/DLON/H
  164  158  162  158  158  152  150  144  142  136  136  130  131  127  130  127
  131  129  135  133  136  132  133  127  126  121  123  120  124  123  132  136
  147  153  164  169  177  180  185  187  190  192  195  199  201  203  204  205
  206  205  205  203  203  199  200  196  197  190  190  185  186  180  179  173
  172  168  168  164  164  156  158  161  164                                   
    67.5-180.0 180.0   5.0 450.0                            LAT/LON1/LON2/DLON/H
  165  161  161  156  153  148  143  137  132  126  124  120  119  117  118  118
  121  122  125  127  128  127  126  123  121  118  119  117  121  123  132  138
  149  158  168  177  182  187  189  193  194  198  201  205  208  209  211  210
  210  207  205  202  200  196  194  192  190  186  185  183  184  181  180  176
  176  173  173  170  170  164  164  164  165                                   
    65.0-180.0 180.0   5.0 450.0                            LAT/LON1/LON2/DLON/H
  170  164  165  158  155  145  140  130  127  119  117  112  113  110  113  112
  117  117  122  122  126  123  125  121  123  119  122  120  127  127  139  142
  157  162  175  181  189  191  196  197  201  204  208  211  215  216  217  215
  213  208  205  199  197  191  189  184  184  179  180  178  182  178  179  177
  179  177  179  177  178  170  173  174  170                                   
    62.5-180.0 180.0   5.0 450.0                            LAT/LON1/LON2/DLON/H
  175  171  169  160  153  144  136  126  120  112  109  104  104  102  104  104
  107  108  111  113  115  115  116  116  117  117  121  123  129  133  144  152
  163  171  181  188  194  198  200  203  206  211  215  220  224  224  224  221
  218  211  207  199  194  188  183  179  176  174  172  175  175  176  176  177
  178  179  181  182  183  178  182  180  175                                   
    60.0-180.0 180.0   5.0 450.0                            LAT/LON1/LON2/DLON/H
  186  178  175  168  160  147  139  126  119  108  104   98   98   95   97   96
   99   99  103  103  107  106  108  108  113  114  122  124  135  138  153  158
  172  175  187  190  199  200  206  207  213  217  224  228  233  234  232  229
  224  217  209  202  196  188  184  178  175  171  171  170  174  173  176  175
  180  180  185  186  192  182  190  192  186                                   
    57.5-180.0 180.0   5.0 450.0                            LAT/LON1/LON2/DLON/H
  194  191  185  175  167  152  141  126  116  104  100   93   92   88   89   87
   90   88   90   89   92   91   95   96  102  107  116  123  133  142  153  164
  172  180  187  194  200  205  209  213  219  224  232  236  241  241  240  236
  231  223  216  208  201  194  187  183  176  174  168  171  169  173  171  175
  176  180  183  189  193  190  199  198  194                                   
    55.0-180.0 180.0   5.0 450.0                            LAT/LON1/LON2/DLON/H
  206  198  195  187  179  163  152  134  122  107   99   91   88   83   82   80
   80   78   79   79   80   80   84   88   94  102  115  123  138  145  160  167
  179  183  193  196  205  208  215  219  227  232  241  246  250  252  250  247
  240  234  225  220  212  206  200  193  188  181  177  175  176  174  176  175
  180  182  189  193  201  195  208  210  206                                   
    52.5-180.0 180.0   5.0 450.0                            LAT/LON1/LON2/DLON/H
  217  213  206  200  192  176  163  142  126  110  100   90   85   79   78   72
   74   70   72   68   71   70   76   80   89   99  112  124  136  148  159  170
  178  188  193  202  208  216  222  229  235  242  249  254  258  259  257  254
  248  244  237  233  226  222  213  207  198  194  185  185  180  181  177  181
  179  187  190  199  204  206  216  217  217                                   
    50.0-180.0 180.0   5.0 450.0                            LAT/LON1/LON2/DLON/H
  226  217  216  210  204  188  176  154  138  118  105   93   86   78   76   72
   72   68   69   66   68   68   74   80   89  100  115  126  141  150  164  172
  184  191  201  207  217  224  234  239  247  252  258  263  267  270  266  266
  259  257  249  248  241  237  228  222  214  206  199  195  192  189  188  188
  190  194  201  206  214  211  221  225  226                                   
    47.5-180.0 180.0   5.0 450.0                            LAT/LON1/LON2/DLON/H
  230  224  219  215  209  195  184  161  143  123  109   96   88   79   77   70
   73   68   71   67   69   69   76   82   93  104  117  129  140  152  162  174
  183  195  202  215  223  236  243  252  256  263  266  272  273  276  272  272
  267  266  261  260  253  250  241  235  224  218  209  206  200  199  195  196
  195  201  204  213  217  219  224  227  230                                   
    45.0-180.0 180.0   5.0 450.0                            LAT/LON1/LON2/DLON/H
  231  218  219  214  208  196  186  167  151  132  118  104   94   85   81   77
   78   76   78   76   78   79   85   93  103  112  124  133  146  154  167  177
  191  200  212  222  236  247  257  264  269  274  277  281  282  286  284  286
  280  281  275  274  266  261  251  243  234  227  220  215  211  208  205  205
  205  210  214  219  225  222  229  233  231                                   
    42.5-180.0 180.0   5.0 450.0                            LAT/LON1/LON2/DLON/H
  227  219  213  206  201  189  182  163  151  134  122  109  101   91   87   82
   86   83   86   83   87   88   96  104  113  122  128  138  146  157  168  182
  193  208  217  235  245  260  267  277  278  284  284  290  288  292  290  294
  289  291  285  285  275  270  258  252  242  237  230  226  220  217  214  215
  215  220  221  227  229  228  230  232  227                                   
    40.0-180.0 180.0   5.0 450.0                            LAT/LON1/LON2/DLON/H
  225  206  202  192  186  175  168  158  150  139  129  119  110  101   96   92
   95   94   97   95   99  101  111  118  128  131  138  142  152  160  175  187
  202  213  228  241  256  268  280  287  291  294  295  297  297  300  302  306
  306  308  303  300  291  283  270  261  253  247  241  236  231  227  223  224
  225  228  231  233  236  230  231  238  225                                   
    37.5-180.0 180.0   5.0 450.0                            LAT/LON1/LON2/DLON/H
  221  209  194  179  170  157  155  145  141  134  130  121  116  107  104   98
  101   99  103  101  107  110  120  128  135  140  141  147  153  165  178  193
  205  221  232  249  261  276  284  293  294  299  297  301  300  306  308  316
  317  321  317  316  304  298  284  278  268  263  257  252  246  240  236  235
  237  240  242  243  244  238  234  235  221                                   
    35.0-180.0 180.0   5.0 450.0                            LAT/LON1/LON2/DLON/H
  222  201  184  164  153  144  140  136  135  135  133  130  125  117  112  107
  108  106  110  108  115  119  131  138  147  147  150  149  159  169  186  199
  214  226  240  251  266  276  287  294  299  301  304  305  308  313  319  328
  335  341  341  340  331  324  313  305  296  291  281  275  263  255  248  248
  250  254  256  255  255  246  238  247  222                                   
    32.5-180.0 180.0   5.0 450.0                            LAT/LON1/LON2/DLON/H
  230  210  187  162  148  137  134  130  132  132  134  132  130  122  118  111
  112  108  112  110  118  124  136  143  150  151  152  155  161  175  191  206
  219  231  246  256  268  278  286  294  298  302  305  308  313  320  329  341
  350  359  361  362  356  354  344  340  331  325  312  301  288  276  268  265
  268  270  272  270  268  260  248  249  230                                   
    30.0-180.0 180.0   5.0 450.0                            LAT/LON1/LON2/DLON/H
  240  212  189  164  149  137  133  130  132  134  137  139  137  130  124  116
  115  110  114  112  123  129  144  149  156  154  158  157  167  180  198  210
  226  236  250  256  267  273  283  288  297  300  307  311  319  328  340  353
  367  376  383  388  388  388  383  380  373  365  353  339  320  303  290  287
  286  289  287  285  282  271  255  260  240                                   
    27.5-180.0 180.0   5.0 450.0                            LAT/LON1/LON2/DLON/H
  257  222  202  176  162  147  141  135  137  138  142  141  142  133  128  118
  117  111  114  113  125  132  146  149  155  154  157  159  167  182  198  212
  225  235  248  254  263  268  277  284  292  298  306  313  323  336  349  365
  379  391  400  409  413  417  415  416  409  401  387  368  350  329  315  305
  305  303  303  297  292  281  268  263  257                                   
    25.0-180.0 180.0   5.0 450.0                            LAT/LON1/LON2/DLON/H
  264  231  209  189  172  160  148  146  144  146  148  149  146  140  132  123
  119  113  116  117  130  140  153  155  160  157  158  159  167  181  197  210
  223  232  244  249  258  264  271  277  288  296  307  316  329  342  358  372
  388  400  415  428  438  446  445  445  440  431  420  402  381  362  344  334
  326  322  316  310  304  292  277  271  264                                   
    22.5-180.0 180.0   5.0 450.0                            LAT/LON1/LON2/DLON/H
  271  232  220  199  188  173  165  158  156  154  155  153  151  143  136  125
  121  115  116  121  134  144  155  157  160  156  156  155  160  173  185  198
  210  220  232  241  251  258  266  273  285  295  308  319  331  348  361  379
  392  409  422  440  451  461  461  463  456  448  438  421  402  380  365  350
  342  334  327  318  309  296  286  272  271                                   
    20.0-180.0 180.0   5.0 450.0                            LAT/LON1/LON2/DLON/H
  271  235  223  211  198  190  176  171  165  164  161  160  156  151  143  134
  128  120  123  126  141  151  161  162  163  157  154  149  150  158  169  182
  192  205  217  230  243  255  266  272  286  296  313  324  340  353  369  381
  397  412  430  448  462  472  473  473  468  460  452  438  420  401  384  370
  358  348  338  328  316  300  287  274  271                                   
    17.5-180.0 180.0   5.0 450.0                            LAT/LON1/LON2/DLON/H
  272  237  231  217  210  198  191  182  176  171  167  162  159  152  147  138
  133  125  125  130  141  151  158  159  158  152  146  137  135  141  148  162
  171  186  202  219  238  247  262  270  286  298  316  329  344  356  369  383
  396  413  426  446  453  465  464  468  464  461  456  444  430  410  394  379
  367  354  344  331  319  300  290  270  272                                   
    15.0-180.0 180.0   5.0 450.0                            LAT/LON1/LON2/DLON/H
  267  239  230  224  212  206  194  189  181  177  171  168  162  159  154  148
  143  135  134  136  146  153  158  157  155  148  138  126  122  124  131  146
  156  175  191  215  234  251  267  279  297  310  329  339  355  361  377  386
  400  412  426  443  451  461  461  464  463  461  459  452  439  424  405  391
  376  366  354  343  326  304  288  271  267                                   
    12.5-180.0 180.0   5.0 450.0                            LAT/LON1/LON2/DLON/H
  268  241  235  225  216  203  199  191  185  179  172  168  164  159  156  150
  147  139  137  137  143  148  150  147  145  136  125  112  106  107  114  128
  143  163  187  209  233  248  270  283  305  318  337  346  359  366  379  390
  402  414  422  438  440  449  446  453  455  458  457  452  442  426  408  393
  381  369  357  345  328  305  292  270  268                                   
    10.0-180.0 180.0   5.0 450.0                            LAT/LON1/LON2/DLON/H
  264  247  232  226  211  203  192  190  184  179  173  168  163  162  158  156
  153  146  143  141  144  146  145  140  135  124  112  101   94   95  103  120
  136  159  182  209  231  255  276  293  318  329  348  355  369  372  387  393
  408  417  428  440  442  450  448  455  458  461  460  457  446  431  411  398
  383  374  362  355  336  309  289  274  264                                   
     7.5-180.0 180.0   5.0 450.0                            LAT/LON1/LON2/DLON/H
  272  251  239  226  214  200  192  187  183  178  171  165  160  158  155  154
  152  146  142  139  138  137  134  126  118  106   97   90   85   86   94  111
