data/unet/pred0880.15i
     1.0            IONOSPHERE MAPS     GNSS                IONEX VERSION / TYPE
pyspatialgeodesy        IME             05-JAN-18 20:20     PGM / RUN BY / DATE 
Map Name                                                    COMMENT             
Predicted global ionosphere maps (GIM).                     DESCRIPTION         
  2015     3    29     0     0     0                        EPOCH OF FIRST MAP  
  2015     3    30     0     0     0                        EPOCH OF LAST MAP   
  7200                                                      INTERVAL            
    13                                                      # OF MAPS IN FILE   
  NONE                                                      MAPPING FUNCTION    
10.0                                                        ELEVATION CUTOFF    
One-way carrier phase leveled to code                       OBSERVABLES USED    
  6371.0                                                    BASE RADIUS         
 2                                                          MAP DIMENSION       
   450.0 450.0   0.0                                        HGT1 / HGT2 / DHGT  
    87.5 -87.5  -2.5                                        LAT1 / LAT2 / DLAT  
  -180.0 180.0   5.0                                        LON1 / LON2 / DLON  
    -1                                                      EXPONENT            
                                                            END OF HEADER       
[from data line 5148]
    13                                                      START OF TEC MAP    
  2015     3    30     0     0     0                        EPOCH OF CURRENT MAP
    87.5-180.0 180.0   5.0 450.0                            LAT/LON1/LON2/DLON/H
  174  138  130  124  124  119  121  117  121  117  118  113  116  112  113  108
  110  105  107  103  105  101  104   99  102   98  101   97  100   96   99   94
   97   93   96   91   95   91   95   92   96   94   99   96  102  100  105  103
  108  108  113  112  118  118  122  122  127  127  129  129  132  132  132  131
  132  131  132  133  139  138  137  167  174                                   
    85.0-180.0 180.0   5.0 450.0                            LAT/LON1/LON2/DLON/H
  151  144  142  137  133  129  129  125  128  124  124  119  121  116  116  110
  110  105  105  100  100   96   97   93   92   88   89   84   85   80   81   76
   77   72   74   69   72   69   74   72   78   77   84   83   91   91   98   99
  106  108  115  117  124  125  131  131  137  138  141  141  145  144  146  143
  145  143  145  145  153  148  141  144  151                                   
    82.5-180.0 180.0   5.0 450.0                            LAT/LON1/LON2/DLON/H
  154  152  149  148  144  141  140  139  139  137  137  135  135  131  129  125
  123  117  116  111  109  105  103   99   95   91   88   85   80   77   74   71
   68   66   65   64   65   65   69   71   76   79   86   89   96   98  105  108
  115  118  126  129  137  139  145  147  153  154  159  160  164  163  165  164
  165  163  164  164  171  165  158  160  154                                   
    80.0-180.0 180.0   5.0 450.0                            LAT/LON1/LON2/DLON/H
  163  167  165  165  158  159  155  159  157  159  157  159  157  156  152  149
  144  140  136  134  129  127  123  121  116  113  107  104   97   93   86   83
   77   76   73   74   74   77   80   84   89   93   99  104  109  113  118  122
  128  131  137  142  148  152  157  162  167  171  175  179  182  185  185  188
  186  188  187  190  191  187  177  178  163                                   
    77.5-180.0 180.0   5.0 450.0                            LAT/LON1/LON2/DLON/H
  180  184  180  181  173  174  171  174  173  176  176  178  176  175  170  167
  161  157  152  150  146  144  142  140  137  133  128  123  116  109  102   96
   90   86   84   84   86   88   93   97  102  106  112  116  120  123  127  128
  132  134  139  141  147  151  158  162  168  173  179  184  188  192  195  197
  198  200  202  202  205  200  195  195  180                                   
    75.0-180.0 180.0   5.0 450.0                            LAT/LON1/LON2/DLON/H
  197  201  201  197  188  186  184  186  187  190  191  193  191  189  184  178
  171  165  160  157  154  154  153  154  152  150  145  140  132  125  116  108
  100   95   93   93   95  100  104  109  114  119  123  126  128  129  129  128
  130  130  134  136  142  146  153  158  165  171  177  182  188  193  197  201
  205  208  212  214  217  214  210  214  197                                   
    72.5-180.0 180.0   5.0 450.0                            LAT/LON1/LON2/DLON/H
  218  220  219  213  203  201  197  200  201  205  207  208  206  202  195  186
  176  169  162  160  157  160  160  164  162  163  158  153  146  137  128  119
  110  103  100  100  101  106  110  116  121  125  128  129  129  126  125  122
  122  122  125  127  133  137  144  149  156  163  168  174  180  185  191  196
  201  206  213  217  224  224  226  234  218                                   
    70.0-180.0 180.0   5.0 450.0                            LAT/LON1/LON2/DLON/H
  236  239  242  233  221  217  214  215  217  221  222  224  221  216  205  192
  178  166  159  154  153  155  158  162  164  164  161  156  150  142  134  124
  115  107  103  102  103  107  112  117  122  125  126  125  123  118  114  109
  109  107  111  114  121  126  133  140  148  153  160  165  172  177  184  189
  196  202  211  219  226  233  240  253  236                                   
    67.5-180.0 180.0   5.0 450.0                            LAT/LON1/LON2/DLON/H
  253  254  257  249  237  231  227  226  227  231  234  235  233  224  211  195
  177  163  152  148  145  149  151  157  157  158  156  152  146  139  131  122
  112  105  100   98   98  101  105  109  113  114  116  112  110  102   98   91
   91   89   95   99  109  116  125  134  143  150  156  162  168  173  178  183
  190  197  207  216  227  237  249  263  253                                   
    65.0-180.0 180.0   5.0 450.0                            LAT/LON1/LON2/DLON/H
  268  273  274  263  252  245  240  237  238  242  245  247  242  233  217  198
  178  160  148  143  141  142  145  148  148  147  144  139  134  126  119  110
  102   95   90   86   86   86   91   93   99   99  101   96   93   84   78   72
   72   72   79   86   99  110  122  132  143  151  159  163  170  173  179  182
  190  197  207  218  228  243  257  274  268                                   
    62.5-180.0 180.0   5.0 450.0                            LAT/LON1/LON2/DLON/H
  280  283  284  273  260  252  246  242  242  245  248  249  246  237  221  202
  181  165  151  145  141  142  141  142  139  135  129  124  117  110  104   97
   89   83   76   73   71   72   74   78   82   83   84   79   75   67   61   55
   57   58   68   78   94  107  123  135  150  159  167  172  178  182  187  190
  197  203  212  220  232  246  259  277  280                                   
    60.0-180.0 180.0   5.0 450.0                            LAT/LON1/LON2/DLON/H
  295  300  299  285  272  261  253  247  247  248  250  250  247  239  224  207
  189  174  161  154  149  147  143  139  133  126  118  111  105   98   94   87
   82   74   69   63   62   60   64   65   70   70   72   66   65   55   51   44
   49   50   63   73   93  109  126  140  157  168  177  183  190  195  201  205
  212  217  226  234  244  256  267  283  295                                   
    57.5-180.0 180.0   5.0 450.0                            LAT/LON1/LON2/DLON/H
  312  314  313  299  284  271  260  252  249  249  249  248  245  238  229  214
  200  187  177  170  162  157  149  143  133  124  114  108  100   98   93   91
   83   79   71   67   62   62   61   64   65   66   66   63   60   55   50   48
   48   53   64   77   96  114  132  149  168  180  192  199  208  213  221  228
  236  243  250  256  263  270  275  288  312                                   
    55.0-180.0 180.0   5.0 450.0                            LAT/LON1/LON2/DLON/H
  333  338  335  319  304  291  277  265  260  255  251  246  242  235  230  219
  210  200  194  185  177  168  158  149  139  130  122  115  111  109  107  104
   97   90   83   76   72   69   70   68   72   70   73   69   70   63   60   55
   58   60   73   83  102  118  138  155  175  190  202  213  223  232  242  253
  263  272  280  284  287  291  295  303  333                                   
    52.5-180.0 180.0   5.0 450.0                            LAT/LON1/LON2/DLON/H
  359  364  360  348  331  319  300  288  276  267  257  250  244  239  233  226
  220  213  208  199  190  180  169  160  151  146  139  137  132  133  128  126
  117  111  101   96   90   89   86   86   86   87   87   86   85   82   79   76
   76   79   86   95  110  126  146  164  186  202  217  228  242  253  267  280
  293  304  313  317  319  319  319  326  359                                   
    50.0-180.0 180.0   5.0 450.0                            LAT/LON1/LON2/DLON/H
  388  400  393  381  370  357  339  323  306  291  276  263  254  245  238  230
  226  219  215  207  198  188  179  173  169  167  164  164  161  158  153  146
  136  126  119  110  108  105  105  102  104  103  106  105  106  106  104  102
  101  100  107  111  124  137  156  174  195  213  229  244  256  270  284  302
  319  334  348  354  357  357  361  360  388                                   
    47.5-180.0 180.0   5.0 450.0                            LAT/LON1/LON2/DLON/H
  421  433  425  421  407  398  376  362  340  324  300  284  271  261  252  243
  237  228  221  211  202  196  190  190  190  194  193  194  189  184  173  164
  151  142  132  128  124  125  123  123  123  124  126  128  130  132  132  130
  127  124  124  128  137  151  169  190  212  233  250  264  277  291  307  326
  346  368  385  397  398  398  397  394  421                                   
    45.0-180.0 180.0   5.0 450.0                            LAT/LON1/LON2/DLON/H
  456  472  461  453  444  436  418  401  381  361  336  312  297  282  272  259
  249  235  224  213  203  201  201  207  213  220  221  220  211  203  187  173
  159  148  140  136  136  135  136  136  140  140  144  147  151  155  156  154
  149  145  143  145  154  167  185  208  233  255  273  288  302  315  329  346
  368  393  412  427  432  432  437  422  456                                   
    42.5-180.0 180.0   5.0 450.0                            LAT/LON1/LON2/DLON/H
  486  501  489  485  471  467  447  440  415  398  366  345  323  311  297  284
  269  251  236  222  211  213  215  227  236  243  243  237  225  211  192  176
  159  150  141  141  142  147  147  152  154  158  160  164  168  173  174  173
  166  162  157  160  167  182  202  228  255  280  299  318  330  342  354  369
  386  410  428  448  455  455  456  440  486                                   
    40.0-180.0 180.0   5.0 450.0                            LAT/LON1/LON2/DLON/H
  515  535  519  510  498  491  475  468  451  435  406  384  364  346  331  312
  295  273  255  240  232  232  240  250  260  262  256  246  229  212  190  174
  160  151  146  148  152  157  162  164  170  171  177  181  186  189  191  189
  181  176  171  173  181  197  221  250  278  304  327  346  360  370  379  390
  401  419  437  455  467  469  475  455  515                                   
    37.5-180.0 180.0   5.0 450.0                            LAT/LON1/LON2/DLON/H
  535  556  542  536  519  514  493  492  472  466  435  421  392  380  358  344
  321  303  284  273  264  265  269  276  278  272  261  246  229  211  194  181
  168  163  161  166  171  179  180  185  185  190  191  197  199  203  202  199
  191  185  178  181  189  208  232  261  290  317  341  362  377  388  394  401
  407  422  436  457  471  478  484  469  535                                   
    35.0-180.0 180.0   5.0 450.0                            LAT/LON1/LON2/DLON/H
  559  585  572  563  548  536  514  509  491  486  466  453  433  418  396  377
  358  336  321  308  302  299  298  295  290  277  261  244  232  219  209  202
  198  197  200  204  207  211  212  213  213  213  213  217  217  219  215  211
  200  194  185  189  196  215  239  269  297  325  349  373  391  405  410  415
  417  428  443  464  485  496  510  493  559                                   
    32.5-180.0 180.0   5.0 450.0                            LAT/LON1/LON2/DLON/H
  578  605  601  595  580  563  540  530  510  508  488  483  460  452  424  412
  385  374  353  347  335  329  318  309  296  279  264  251  248  246  247  252
  256  260  262  264  263  261  253  251  245  242  237  237  232  229  222  215
  204  196  188  189  194  210  234  265  295  322  344  369  390  410  417  424
  425  437  451  477  501  517  535  524  578                                   
    30.0-180.0 180.0   5.0 450.0                            LAT/LON1/LON2/DLON/H
  621  647  652  646  638  611  587  566  543  535  516  509  492  481  462  448
  427  411  396  380  367  350  334  316  301  285  277  277  289  304  319  337
  344  347  343  338  329  320  308  300  288  280  268  263  251  244  232  224
  210  202  192  191  194  206  226  255  285  315  337  363  386  409  423  434
  440  453  473  501  532  549  577  581  621                                   
    27.5-180.0 180.0   5.0 450.0                            LAT/LON1/LON2/DLON/H
  667  699  708  710  697  671  639  612  583  566  547  538  519  507  488  478
  454  445  420  406  380  364  339  323  309  303  306  322  349  387  415  438
  441  437  421  405  388  375  360  352  334  320  299  288  269  256  241  229
  212  201  191  186  186  192  209  232  264  296  321  350  376  404  423  444
  459  483  514  546  582  604  625  642  667                                   
    25.0-180.0 180.0   5.0 450.0                            LAT/LON1/LON2/DLON/H
  736  768  785  788  778  742  711  673  642  613  591  576  557  541  521  507
  489  474  448  422  396  368  348  333  330  338  359  398  445  493  525  543
  537  521  489  461  436  420  404  394  376  357  328  311  286  268  248  233
  216  202  191  183  179  183  192  218  244  286  311  349  370  404  425  454
  476  516  559  600  637  663  704  724  736                                   
    22.5-180.0 180.0   5.0 450.0                            LAT/LON1/LON2/DLON/H
  786  842  864  869  860  826  788  743  701  665  636  614  594  576  556  538
  518  500  466  438  402  379  360  364  373  405  437  490  536  582  603  612
  593  567  522  489  456  443  423  417  395  377  343  323  296  275  250  228
  205  185  173  166  166  168  184  204  236  277  310  346  375  403  432  462
  494  541  595  644  687  717  770  789  786                                   
    20.0-180.0 180.0   5.0 450.0                            LAT/LON1/LON2/DLON/H
  844  913  944  949  943  904  866  814  769  724  693  664  642  619  598  578
  552  525  493  457  425  399  398  412  444  484  528  571  607  637  646  642
  618  581  535  497  464  447  427  418  397  377  343  325  296  273  246  222
  197  179  166  161  157  163  174  202  232  279  309  353  380  412  442  479
  514  564  623  676  723  761  828  848  844                                   
    17.5-180.0 180.0   5.0 450.0                            LAT/LON1/LON2/DLON/H
  866  948  982  997 1000  974  931  880  831  785  749  716  686  659  636  614
  586  557  520  485  452  443  449  487  522  568  594  617  626  633  623  608
  573  537  496  466  432  419  399  393  370  353  326  310  286  264  239  214
  192  172  165  156  158  155  173  197  236  283  318  360  386  417  450  488
  530  580  641  694  748  786  848  866  866                                   
    15.0-180.0 180.0   5.0 450.0                            LAT/LON1/LON2/DLON/H
  889  956  993 1017 1026 1013  985  930  884  836  801  766  736  704  678  652
  625  595  556  522  498  496  519  558  600  626  633  622  608  581  563  529
  502  471  446  413  389  372  362  352  334  323  301  289  269  252  230  211
  193  178  165  155  150  151  170  202  244  291  327  366  393  426  462  503
  547  599  652  699  746  789  847  868  889                                   
    12.5-180.0 180.0   5.0 450.0                            LAT/LON1/LON2/DLON/H
  873  943  974 1007 1025 1026 1006  968  923  880  841  810  778  749  722  692
  665  635  601  573  555  565  590  627  646  643  616  575  527  482  450  427
  404  384  368  347  332  321  314  306  293  287  274  263  249  233  218  198
  185  166  157  142  144  142  170  203  248  290  326  360  392  432  472  517
  566  616  669  706  746  779  830  850  873                                   
    10.0-180.0 180.0   5.0 450.0                            LAT/LON1/LON2/DLON/H
  878  922  953  987 1014 1025 1017  992  956  912  879  846  818  790  766  737
  708  680  654  633  625  637  661  673  666  623  568  481  422  363  343  324
  320  309  312  303  299  294  289  279  271  264  249  239  230  220  206  189
  174  157  142  134  135  143  171  207  254  291  330  363  405  445  492  536
  585  636  683  715  744  779  820  834  878                                   
     7.5-180.0 180.0   5.0 450.0                            LAT/LON1/LON2/DLON/H
  862  914  933  965  994 1017 1016 1012  979  950  915  885  854  827  805  779
  755  729  710  701  696  707  710  692  645  567  472  374  302  264  246  248
