data/unet/pred2800.15i
     1.0            IONOSPHERE MAPS     GNSS                IONEX VERSION / TYPE
pyspatialgeodesy        IME             05-JAN-18 20:20     PGM / RUN BY / DATE 
Map Name                                                    COMMENT             
Predicted global ionosphere maps (GIM).                     DESCRIPTION         
  2015    10     7     0     0     0                        EPOCH OF FIRST MAP  
  2015    10     8     0     0     0                        EPOCH OF LAST MAP   
  7200                                                      INTERVAL            
    13                                                      # OF MAPS IN FILE   
  NONE                                                      MAPPING FUNCTION    
10.0                                                        ELEVATION CUTOFF    
One-way carrier phase leveled to code                       OBSERVABLES USED    
  6371.0                                                    BASE RADIUS         
 2                                                          MAP DIMENSION       
   450.0 450.0   0.0                                        HGT1 / HGT2 / DHGT  
    87.5 -87.5  -2.5                                        LAT1 / LAT2 / DLAT  
  -180.0 180.0   5.0                                        LON1 / LON2 / DLON  
    -1                                                      EXPONENT            
                                                            END OF HEADER       
[from data line 3432]
     9                                                      START OF TEC MAP    
  2015    10     7    16     0     0                        EPOCH OF CURRENT MAP
    87.5-180.0 180.0   5.0 450.0                            LAT/LON1/LON2/DLON/H
   97  110  112  113  112  112  113  114  115  116  117  118  118  119  120  120
  120  120  121  121  121  120  121  120  120  119  119  118  117  117  116  116
  114  114  113  113  111  111  110  111  109  110  109  110  108  109  108  110
  109  110  109  111  109  111  110  111  110  111  109  110  109  109  108  109
  108  109  108  108  109  110  112  125   97                                   
    85.0-180.0 180.0   5.0 450.0                            LAT/LON1/LON2/DLON/H
   73   93   86   89   91   92   94   96   99  101  104  105  108  108  111  110
  113  112  114  112  114  111  113  110  112  108  110  106  107  103  104  101
  101   99   99   97   97   95   95   94   93   94   93   93   93   94   93   93
   93   94   94   93   95   94   94   93   93   92   92   90   90   88   88   86
   86   86   86   86   87   84   88   89   73                                   
    82.5-180.0 180.0   5.0 450.0                            LAT/LON1/LON2/DLON/H
   69   67   70   74   75   79   79   85   86   92   93   98   99  102  103  106
  107  108  108  108  109  109  108  107  106  106  103  102   99   99   95   94
   90   91   87   88   83   86   81   85   80   84   81   84   81   85   83   87
   85   88   87   89   89   90   88   87   86   85   82   81   78   77   74   73
   70   69   67   66   66   58   68   65   69                                   
    80.0-180.0 180.0   5.0 450.0                            LAT/LON1/LON2/DLON/H
   52   53   55   60   62   69   69   78   78   86   86   94   94  100  100  105
  104  108  106  110  107  110  106  109  105  106  102  103   97   99   92   93
   85   87   80   82   75   78   72   75   70   73   69   73   71   75   74   77
   78   81   82   84   85   86   85   85   83   81   78   75   72   70   66   64
   60   59   56   54   50   49   54   48   52                                   
    77.5-180.0 180.0   5.0 450.0                            LAT/LON1/LON2/DLON/H
   39   41   45   44   47   51   56   61   65   70   75   79   83   87   91   93
   97   97  101  100  102  102  103  102  101  100   99   96   93   90   87   84
   79   77   74   71   67   65   63   60   59   58   58   57   58   60   63   65
   69   71   76   77   81   80   81   79   79   76   73   69   66   62   59   54
   52   49   49   42   43   34   40   36   39                                   
    75.0-180.0 180.0   5.0 450.0                            LAT/LON1/LON2/DLON/H
   34   34   40   38   43   45   51   54   60   65   71   75   80   83   89   91
   95   96   99   98  101  100  103  100  103   99  101   96   95   90   89   84
   80   77   73   70   65   63   59   56   53   51   52   50   52   53   57   58
   64   65   72   71   78   75   79   74   76   71   71   63   63   55   56   48
   51   45   49   41   43   38   46   39   34                                   
    72.5-180.0 180.0   5.0 450.0                            LAT/LON1/LON2/DLON/H
   39   37   40   36   40   41   48   51   57   62   67   70   75   77   83   83
   88   88   92   93   98   99  102  103  105  106  105  103  100   96   92   87
   83   79   75   71   67   62   58   53   51   47   48   45   47   47   51   54
   58   63   68   70   73   74   74   74   69   70   63   62   56   54   51   48
   48   47   47   43   44   36   44   41   39                                   
    70.0-180.0 180.0   5.0 450.0                            LAT/LON1/LON2/DLON/H
   42   39   43   36   41   40   46   46   54   56   62   66   70   74   79   81
   85   87   91   94   99  103  107  107  112  110  112  106  106   99   97   90
   86   81   78   74   69   65   59   55   50   47   46   43   44   44   48   49
   56   57   64   62   69   65   69   62   65   58   59   51   55   47   52   44
   51   46   52   47   51   46   54   50   42                                   
    67.5-180.0 180.0   5.0 450.0                            LAT/LON1/LON2/DLON/H
   51   45   46   39   42   40   47   47   55   56   64   65   71   73   79   78
   84   83   88   92  100  106  112  114  117  118  118  116  112  107  101   96
   90   86   82   79   75   71   66   61   55   50   48   44   43   42   45   45
   50   53   57   58   60   60   58   58   54   54   49   48   46   46   45   45
   47   49   51   51   53   48   52   54   51                                   
    65.0-180.0 180.0   5.0 450.0                            LAT/LON1/LON2/DLON/H
   49   44   47   40   42   41   46   45   52   54   61   64   70   72   79   80
   86   87   94  100  109  115  122  125  128  128  128  123  121  113  108  101
   96   90   87   84   81   78   74   70   63   59   53   49   48   45   46   44
   48   47   52   48   53   47   50   43   45   40   43   37   42   38   44   39
   47   45   52   50   54   51   55   55   49                                   
    62.5-180.0 180.0   5.0 450.0                            LAT/LON1/LON2/DLON/H
   48   42   43   37   38   38   44   44   52   54   64   66   74   75   83   83
   91   91   99  103  115  120  128  132  135  134  133  129  126  120  114  107
  102   96   94   89   88   84   82   77   72   67   61   55   52   48   48   45
   47   46   46   44   43   42   38   38   35   36   34   35   35   37   38   39
   42   43   46   47   48   44   46   48   48                                   
    60.0-180.0 180.0   5.0 450.0                            LAT/LON1/LON2/DLON/H
   37   33   37   33   35   36   41   41   49   51   61   65   73   76   83   87
   95   98  108  115  125  130  135  136  138  137  135  131  129  123  119  113
  108  102   99   96   93   93   90   89   83   79   71   66   59   55   53   48
   48   43   42   37   37   32   32   28   31   28   32   30   34   33   37   35
   39   37   41   39   43   40   42   40   37                                   
    57.5-180.0 180.0   5.0 450.0                            LAT/LON1/LON2/DLON/H
   30   29   30   27   29   31   36   38   46   49   59   64   74   78   88   92
  100  103  116  122  135  136  141  139  139  136  134  131  130  128  126  123
  119  113  110  105  102  100   99   97   93   88   81   76   68   65   58   55
   51   46   42   38   35   32   29   27   29   28   30   31   33   33   35   35
   36   36   38   36   37   32   33   30   30                                   
    55.0-180.0 180.0   5.0 450.0                            LAT/LON1/LON2/DLON/H
   23   22   28   24   28   29   37   37   45   48   58   62   72   79   89   95
  105  111  122  130  140  142  145  140  138  134  133  132  134  134  136  133
  131  125  120  115  112  111  110  110  105  102   95   91   83   79   72   67
   59   53   47   43   39   37   36   34   36   35   38   36   39   37   40   36
   39   35   39   34   37   32   35   28   23                                   
    52.5-180.0 180.0   5.0 450.0                            LAT/LON1/LON2/DLON/H
   25   26   29   25   28   31   37   39   46   48   59   62   75   80   93  100
  111  118  130  136  146  142  147  139  137  131  133  132  138  142  146  147
  145  139  134  128  124  121  121  119  117  113  108  103   96   91   84   78
   70   63   56   51   48   46   46   46   48   47   48   48   48   46   46   44
   44   41   42   39   38   34   34   26   25                                   
    50.0-180.0 180.0   5.0 450.0                            LAT/LON1/LON2/DLON/H
   33   30   37   32   37   37   45   45   51   52   61   65   75   83   95  105
  116  125  135  142  147  145  144  139  136  132  133  137  143  149  155  156
  154  147  141  136  132  131  131  131  129  127  121  120  113  110  100   96
   84   78   68   64   59   59   58   60   61   61   60   58   58   55   55   53
   54   48   51   47   46   44   47   36   33                                   
    47.5-180.0 180.0   5.0 450.0                            LAT/LON1/LON2/DLON/H
   48   46   49   45   46   49   55   56   60   61   69   71   83   88  103  112
  126  133  144  149  153  146  147  140  143  136  141  142  151  157  163  163
  159  152  146  142  140  140  141  142  140  138  134  131  125  121  113  107
   97   90   82   78   75   74   74   76   76   76   74   71   69   67   66   64
   63   59   60   59   56   54   56   47   48                                   
    45.0-180.0 180.0   5.0 450.0                            LAT/LON1/LON2/DLON/H
   65   59   61   56   60   61   68   67   72   73   79   82   91   97  111  120
  133  142  150  155  155  152  150  147  148  147  150  153  158  163  165  162
  158  151  147  144  144  146  148  150  150  148  145  143  137  135  125  120
  108  103   94   92   87   89   87   90   89   88   84   81   77   76   75   76
   74   72   72   69   68   68   73   65   65                                   
    42.5-180.0 180.0   5.0 450.0                            LAT/LON1/LON2/DLON/H
   75   75   73   68   69   72   76   80   86   89   94   98  106  109  125  133
  148  153  162  166  166  162  162  160  163  162  166  165  168  166  164  159
  154  149  148  149  151  155  156  159  156  155  151  149  144  141  133  126
  117  110  103   99   97   96   95   97   95   94   89   88   84   84   84   86
   84   83   81   80   76   74   79   74   75                                   
    40.0-180.0 180.0   5.0 450.0                            LAT/LON1/LON2/DLON/H
   81   80   79   74   76   76   85   88   98  103  110  113  119  123  135  143
  154  159  167  171  172  172  173  174  175  178  179  176  172  167  160  154
  150  148  151  156  160  165  167  168  165  162  158  155  150  146  137  130
  121  115  107  104   99   99   96   97   97   94   92   88   87   88   89   91
   91   90   88   85   81   81   86   82   81                                   
    37.5-180.0 180.0   5.0 450.0                            LAT/LON1/LON2/DLON/H
   81   83   79   76   75   78   84   95  105  118  126  132  138  140  151  156
  167  169  179  181  186  185  188  188  192  193  196  189  182  171  163  156
  155  156  164  171  178  181  181  179  173  168  162  159  153  148  139  132
  122  116  109  105  101   99   95   95   93   93   89   90   87   90   90   94
   92   92   88   86   79   79   80   77   81                                   
    35.0-180.0 180.0   5.0 450.0                            LAT/LON1/LON2/DLON/H
   78   77   76   69   74   74   86   95  113  126  140  145  151  153  161  165
  172  176  182  186  192  193  196  197  201  203  205  198  187  178  169  165
  167  172  184  194  200  202  199  193  185  177  170  164  158  153  144  136
  126  120  111  106  100   97   92   90   90   88   88   87   88   89   90   92
   92   88   86   80   74   74   79   72   78                                   
    32.5-180.0 180.0   5.0 450.0                            LAT/LON1/LON2/DLON/H
   71   70   67   66   65   69   80   94  115  134  149  159  164  166  173  175
  184  184  195  195  203  201  207  206  212  212  217  210  203  195  192  191
  198  209  221  231  233  230  220  209  196  186  176  169  163  157  149  141
  130  124  115  110  102   98   94   92   90   90   88   91   91   93   92   93
   88   86   80   74   68   68   67   61   71                                   
    30.0-180.0 180.0   5.0 450.0                            LAT/LON1/LON2/DLON/H
   67   62   62   57   60   64   76   90  113  132  151  160  169  172  179  182
  189  192  199  201  209  209  216  215  220  222  226  224  222  224  228  235
  246  258  269  274  270  262  246  231  214  200  188  180  174  168  161  153
  144  136  127  120  111  107   99   99   96   98   96   98   97   98   97   95
   92   86   81   72   67   68   68   57   67                                   
    27.5-180.0 180.0   5.0 450.0                            LAT/LON1/LON2/DLON/H
   65   59   57   57   57   64   74   91  113  135  152  165  175  180  189  192
  200  203  211  212  221  220  226  223  229  231  238  243  251  260  275  286
  304  312  320  315  303  287  266  248  227  212  200  192  183  178  171  165
  156  150  141  134  124  117  112  109  108  108  109  111  109  107  106  102
   96   91   84   75   68   68   63   52   65                                   
    25.0-180.0 180.0   5.0 450.0                            LAT/LON1/LON2/DLON/H
   68   58   61   56   58   63   73   90  110  131  150  163  175  184  194  201
  211  217  228  231  241  237  241  236  241  244  255  269  287  305  328  342
  359  363  365  354  335  311  289  269  250  234  219  210  202  196  190  185
  181  174  167  157  148  138  131  126  123  123  122  124  122  120  114  109
  105   99   95   83   77   77   75   62   68                                   
    22.5-180.0 180.0   5.0 450.0                            LAT/LON1/LON2/DLON/H
   73   66   66   64   65   75   83  102  116  137  152  167  179  190  203  211
  225  230  247  249  260  254  256  249  253  261  278  300  326  348  379  392
  415  413  411  390  365  334  308  289  271  256  240  228  219  212  209  207
  205  201  194  184  171  160  151  146  139  136  133  134  131  129  124  118
  113  107  103   93   86   83   78   68   73                                   
    20.0-180.0 180.0   5.0 450.0                            LAT/LON1/LON2/DLON/H
   80   71   74   68   72   77   91  106  122  138  152  167  182  194  209  221
  236  246  266  270  282  279  277  272  276  290  310  336  365  391  423  441
  457  452  440  413  383  352  327  308  294  279  262  251  239  235  232  235
  235  233  226  213  201  186  179  168  162  152  147  144  141  136  131  126
  121  115  112  101   96   94   92   79   80                                   
    17.5-180.0 180.0   5.0 450.0                            LAT/LON1/LON2/DLON/H
   81   79   79   75   79   91  103  122  134  151  158  175  186  203  218  229
  247  257  281  286  302  299  300  298  307  325  347  373  402  427  458  471
  486  475  459  428  398  369  350  332  319  303  288  271  259  252  252  252
  254  252  247  236  223  210  198  191  177  171  159  156  146  143  135  132
  126  121  114  105   99   96   92   82   81                                   
    15.0-180.0 180.0   5.0 450.0                            LAT/LON1/LON2/DLON/H
   85   80   80   78   83   95  113  130  145  157  169  181  192  212  227  242
  261  271  295  296  314  311  316  324  338  361  383  405  432  455  477  482
  488  475  455  426  401  380  367  352  340  324  303  290  275  271  268  270
  271  269  264  252  240  227  215  202  192  180  171  160  151  145  137  133
  128  121  115  104   99   96   96   83   85                                   
    12.5-180.0 180.0   5.0 450.0                            LAT/LON1/LON2/DLON/H
   77   82   82   83   84  102  121  141  155  170  181  196  206  222  240  253
  275  283  308  312  328  328  338  352  370  391  411  430  455  469  482  480
  478  463  444  422  407  394  388  376  364  346  324  305  291  283  279  280
  278  277  269  261  247  236  223  212  195  185  170  163  151  145  136  134
  128  123  114  105   96   95   89   75   77                                   
    10.0-180.0 180.0   5.0 450.0                            LAT/LON1/LON2/DLON/H
   77   75   79   79   86   98  124  144  161  175  192  206  220  237  254  272
  287  302  322  326  341  343  357  375  399  416  434  449  465  471  471  465
  458  443  428  416  410  407  403  396  383  364  336  317  299  293  288  288
  288  283  277  267  253  242  229  217  200  185  171  159  149  141  136  132
  128  120  112  104   91   91   87   69   77                                   
     7.5-180.0 180.0   5.0 450.0                            LAT/LON1/LON2/DLON/H
   62   74   77   79   83   98  123  144  167  180  202  218  239  255  273  287
  306  319  338  340  353  360  378  400  423  440  454  465  472  470  465  455
