data/unet/pred1070.15i
     1.0            IONOSPHERE MAPS     GNSS                IONEX VERSION / TYPE
pyspatialgeodesy        IME             05-JAN-18 20:20     PGM / RUN BY / DATE 
Map Name                                                    COMMENT             
Predicted global ionosphere maps (GIM).                     DESCRIPTION         
  2015     4    17     0     0     0                        EPOCH OF FIRST MAP  
  2015     4    18     0     0     0                        EPOCH OF LAST MAP   
  7200                                                      INTERVAL            
    13                                                      # OF MAPS IN FILE   
  NONE                                                      MAPPING FUNCTION    
10.0                                                        ELEVATION CUTOFF    
One-way carrier phase leveled to code                       OBSERVABLES USED    
  6371.0                                                    BASE RADIUS         
 2                                                          MAP DIMENSION       
   450.0 450.0   0.0                                        HGT1 / HGT2 / DHGT  
    87.5 -87.5  -2.5                                        LAT1 / LAT2 / DLAT  
  -180.0 180.0   5.0                                        LON1 / LON2 / DLON  
    -1                                                      EXPONENT            
                                                            END OF HEADER       
[from data line 3432]
     9                                                      START OF TEC MAP    
  2015     4    17    16     0     0                        EPOCH OF CURRENT MAP
    87.5-180.0 180.0   5.0 450.0                            LAT/LON1/LON2/DLON/H
  177  186  185  184  185  184  187  187  189  189  192  192  194  194  196  195
  197  197  198  197  199  198  198  198  197  197  196  195  193  192  190  189
  187  185  184  182  181  179  177  176  174  173  171  169  169  166  166  162
  164  161  163  161  163  161  164  162  165  163  166  164  167  165  168  166
  168  167  170  170  174  173  175  174  177                                   
    85.0-180.0 180.0   5.0 450.0                            LAT/LON1/LON2/DLON/H
  163  179  180  183  182  183  186  189  191  193  195  197  199  200  202  203
  204  205  205  205  206  205  206  204  206  203  203  200  200  196  194  191
  189  185  183  179  178  174  173  169  168  165  165  162  162  159  159  159
  158  158  158  159  158  160  159  161  159  161  159  162  159  162  160  162
  159  163  161  163  165  165  162  163  163                                   
    82.5-180.0 180.0   5.0 450.0                            LAT/LON1/LON2/DLON/H
  162  164  168  170  170  172  175  180  181  185  186  190  192  195  196  199
  200  201  201  201  202  202  203  202  202  201  200  198  196  193  190  187
  184  181  177  173  170  167  164  161  159  157  155  154  153  152  152  152
  151  152  152  155  153  156  155  157  155  157  156  158  156  158  156  158
  155  156  155  155  155  154  156  151  162                                   
    80.0-180.0 180.0   5.0 450.0                            LAT/LON1/LON2/DLON/H
  147  150  151  153  155  158  160  165  167  171  173  177  179  182  184  187
  188  190  190  192  191  194  193  196  196  198  195  196  193  191  188  185
  181  177  173  168  165  161  157  155  152  150  148  148  146  147  146  148
  147  149  150  151  152  152  153  153  153  152  153  152  152  151  151  150
  148  147  146  144  144  139  142  142  147                                   
    77.5-180.0 180.0   5.0 450.0                            LAT/LON1/LON2/DLON/H
  133  134  136  136  141  143  150  151  157  158  162  164  168  170  175  175
  179  178  180  180  182  181  183  184  186  185  187  185  185  181  180  176
  174  169  166  161  158  154  152  149  147  145  144  144  144  145  146  147
  149  149  151  152  153  153  154  154  154  153  154  153  152  150  149  148
  144  144  141  138  135  131  129  133  133                                   
    75.0-180.0 180.0   5.0 450.0                            LAT/LON1/LON2/DLON/H
  124  127  128  131  134  138  143  145  151  151  157  158  165  166  172  173
  177  177  179  177  178  178  180  181  182  183  184  185  183  183  181  179
  176  173  170  166  163  159  156  154  152  150  149  148  148  149  150  150
  151  152  153  152  154  154  155  155  155  154  154  152  151  148  147  145
  143  141  139  135  133  128  130  130  124                                   
    72.5-180.0 180.0   5.0 450.0                            LAT/LON1/LON2/DLON/H
  123  126  129  128  133  134  141  142  147  150  155  158  163  166  171  173
  177  177  179  178  180  178  181  181  183  183  185  185  185  183  182  179
  177  174  171  168  165  162  158  157  155  155  155  155  157  157  158  158
  158  157  156  156  155  155  154  155  154  153  153  151  149  147  145  142
  140  138  135  132  129  125  125  125  123                                   
    70.0-180.0 180.0   5.0 450.0                            LAT/LON1/LON2/DLON/H
  117  124  127  129  134  138  144  146  152  154  162  164  171  173  177  179
  182  183  185  186  186  186  186  188  188  189  189  189  188  186  184  182
  180  177  175  172  170  167  165  164  163  163  162  163  164  165  164  164
  162  160  156  155  153  152  150  151  149  149  147  146  143  139  137  133
  132  129  129  126  125  122  126  123  117                                   
    67.5-180.0 180.0   5.0 450.0                            LAT/LON1/LON2/DLON/H
  114  122  131  131  137  140  147  150  155  159  164  169  173  178  181  184
  186  187  191  191  194  193  195  195  195  193  194  193  192  190  188  186
  184  181  179  176  173  171  168  168  166  166  165  167  167  167  165  164
  160  157  151  149  143  142  138  139  136  137  134  134  130  127  124  122
  120  119  120  119  120  116  119  116  114                                   
    65.0-180.0 180.0   5.0 450.0                            LAT/LON1/LON2/DLON/H
  106  116  123  128  135  142  149  153  159  163  169  174  179  182  185  187
  189  192  196  198  200  201  203  204  204  204  203  202  200  196  193  191
  190  187  185  183  182  177  177  173  173  170  170  168  169  166  164  160
  157  151  145  139  135  130  127  125  124  122  121  118  115  111  108  104
  103  101  104  102  104  106  112  109  106                                   
    62.5-180.0 180.0   5.0 450.0                            LAT/LON1/LON2/DLON/H
   96  106  114  119  129  136  145  149  156  162  168  174  178  181  183  186
  189  191  196  199  203  204  207  208  209  208  207  205  203  198  197  194
  194  192  191  189  189  185  183  179  176  173  170  171  167  165  160  158
  150  145  135  130  122  117  113  113  110  110  107  105   99   95   89   85
   82   81   83   84   85   88   93   92   96                                   
    60.0-180.0 180.0   5.0 450.0                            LAT/LON1/LON2/DLON/H
   82   91   97  107  117  128  139  144  152  156  164  170  174  177  180  183
  186  190  194  200  204  205  209  209  211  211  210  210  209  208  206  206
  205  204  202  201  198  195  191  188  184  180  178  175  173  166  161  155
  149  138  132  122  117  109  107  104  105  103  100   97   91   83   76   71
   69   67   70   70   71   76   80   79   82                                   
    57.5-180.0 180.0   5.0 450.0                            LAT/LON1/LON2/DLON/H
   70   78   83   93  105  115  127  133  143  148  158  165  170  173  175  178
  182  185  191  194  199  200  205  205  209  209  212  215  217  218  220  220
  220  219  219  216  213  206  203  198  194  190  186  184  178  173  165  158
  147  139  130  125  117  112  108  108  106  106  102  100   91   83   74   68
   64   60   61   60   62   64   66   61   70                                   
    55.0-180.0 180.0   5.0 450.0                            LAT/LON1/LON2/DLON/H
   66   68   74   82   94  106  119  124  137  142  152  158  163  168  171  175
  179  184  188  191  193  194  197  198  205  209  214  221  227  232  234  238
  237  238  236  234  230  224  217  212  207  203  199  197  191  186  177  170
  159  150  142  134  129  124  122  122  121  122  116  112  103   94   80   72
   67   63   62   59   60   65   66   58   66                                   
    52.5-180.0 180.0   5.0 450.0                            LAT/LON1/LON2/DLON/H
   67   67   72   82   93  101  114  119  131  137  148  155  163  167  173  176
  183  184  189  187  193  188  194  192  200  204  218  226  239  246  254  258
  259  258  256  251  247  239  232  226  221  216  214  211  206  200  192  185
  175  169  158  153  147  144  143  144  143  141  137  131  123  110  101   88
   83   73   75   67   69   67   70   57   67                                   
    50.0-180.0 180.0   5.0 450.0                            LAT/LON1/LON2/DLON/H
   81   75   80   87   98  106  117  123  134  141  151  158  164  170  176  180
  185  191  193  194  195  195  198  198  206  209  223  232  250  260  270  275
  274  275  271  269  263  256  247  242  237  234  231  229  224  219  211  205
  196  190  180  177  171  170  169  171  172  170  166  160  150  140  127  116
  103   94   93   83   86   83   84   76   81                                   
    47.5-180.0 180.0   5.0 450.0                            LAT/LON1/LON2/DLON/H
  101   94   95  103  108  116  124  131  142  150  160  166  173  178  188  193
  202  204  207  202  206  201  207  208  217  221  233  243  259  269  280  282
  284  283  282  278  273  265  257  252  248  244  243  240  237  232  227  221
  214  208  200  198  193  192  190  192  191  190  185  180  172  162  155  143
  134  124  119  109  110  102  107   95  101                                   
    45.0-180.0 180.0   5.0 450.0                            LAT/LON1/LON2/DLON/H
  126  110  109  113  124  129  139  144  158  165  176  180  188  193  204  210
  216  224  221  224  219  221  222  228  236  240  248  255  268  275  284  284
  289  288  288  285  282  277  270  265  260  256  254  251  249  245  242  237
  231  224  214  211  204  200  198  199  203  202  201  194  192  184  179  171
  162  151  143  134  131  125  129  125  126                                   
    42.5-180.0 180.0   5.0 450.0                            LAT/LON1/LON2/DLON/H
  147  131  126  129  134  144  153  162  176  187  196  201  207  212  224  233
  242  246  246  247  243  242  244  248  256  258  263  268  274  283  287  290
  289  293  291  295  291  290  284  279  272  267  265  261  260  256  253  246
  241  233  222  216  207  200  196  198  198  201  198  200  194  196  192  191
  183  175  167  160  156  147  155  139  147                                   
    40.0-180.0 180.0   5.0 450.0                            LAT/LON1/LON2/DLON/H
  161  139  135  134  142  152  168  180  197  211  220  225  231  239  251  263
  268  276  269  274  264  267  265  274  275  279  281  282  287  291  294  292
  294  297  302  305  307  308  307  302  295  287  283  276  275  267  265  255
  249  239  227  212  204  193  190  185  191  189  196  193  197  194  198  194
  191  185  178  172  167  160  165  158  161                                   
    37.5-180.0 180.0   5.0 450.0                            LAT/LON1/LON2/DLON/H
  166  143  136  137  144  157  177  196  220  234  246  252  257  265  276  289
  297  302  299  299  295  295  294  298  301  298  301  301  305  308  308  312
  309  321  325  335  336  342  340  333  326  315  310  299  295  285  281  269
  260  247  231  217  207  196  189  186  184  183  184  186  187  191  196  198
  197  192  189  183  180  175  184  163  166                                   
    35.0-180.0 180.0   5.0 450.0                            LAT/LON1/LON2/DLON/H
  162  139  131  132  138  152  175  201  230  252  265  273  282  291  299  313
  318  329  324  327  319  322  317  322  318  320  319  325  330  330  336  334
  346  351  367  376  384  389  389  382  369  356  346  332  324  311  305  293
  280  265  249  233  214  204  197  199  199  201  201  197  196  193  195  195
  196  190  185  182  181  180  179  166  162                                   
    32.5-180.0 180.0   5.0 450.0                            LAT/LON1/LON2/DLON/H
  160  135  127  125  135  147  171  203  244  269  288  302  309  320  323  339
  343  351  352  354  354  351  352  348  348  344  354  357  368  370  379  387
  398  416  428  445  448  461  455  452  432  416  399  383  370  358  352  335
  314  290  266  257  246  235  223  221  215  211  210  212  220  224  224  219
  213  202  195  186  184  179  177  158  160                                   
    30.0-180.0 180.0   5.0 450.0                            LAT/LON1/LON2/DLON/H
  154  125  109  112  119  135  159  193  240  275  300  319  332  342  346  359
  361  372  372  375  375  375  373  371  368  372  384  395  408  422  437  458
  474  497  510  526  524  535  527  525  500  487  462  446  425  403  385  371
  355  338  328  315  300  290  278  274  263  263  256  258  253  252  244  245
  225  210  192  186  179  176  175  150  154                                   
    27.5-180.0 180.0   5.0 450.0                            LAT/LON1/LON2/DLON/H
  154  122  108  103  113  127  153  194  246  285  320  342  354  367  369  381
  384  393  398  401  405  404  407  405  411  417  438  449  477  496  529  552
  576  594  604  608  600  602  594  587  563  545  522  500  475  464  452  443
  434  418  401  383  363  354  338  331  316  313  305  311  309  313  300  295
  275  259  225  204  187  177  171  150  154                                   
    25.0-180.0 180.0   5.0 450.0                            LAT/LON1/LON2/DLON/H
  133  111  100   99  102  121  148  192  238  289  325  351  369  381  389  400
  404  414  417  425  429  434  434  442  449  468  487  514  540  574  609  640
  667  686  692  691  680  671  656  651  624  612  578  559  534  524  507  498
  489  473  454  436  424  416  407  402  392  382  377  374  378  372  355  333
  307  286  264  249  218  199  178  153  133                                   
    22.5-180.0 180.0   5.0 450.0                            LAT/LON1/LON2/DLON/H
  134  123  112  105  107  119  153  202  249  296  335  362  384  404  413  430
  434  446  452  462  468  475  477  489  502  524  551  578  615  651  694  730
  750  759  761  746  730  710  693  683  667  655  621  590  561  541  526  516
  513  506  491  478  469  470  464  464  454  451  449  446  455  446  421  393
  359  329  289  259  230  223  197  164  134                                   
    20.0-180.0 180.0   5.0 450.0                            LAT/LON1/LON2/DLON/H
  144  139  124  110  109  124  157  204  258  302  342  368  393  416  435  453
  465  484  493  510  510  524  521  543  555  589  612  646  679  722  766  787
  808  807  806  783  759  732  716  705  692  675  647  613  584  560  546  532
  538  520  516  497  500  502  506  508  505  496  497  491  500  491  470  436
  386  357  316  281  248  229  221  172  144                                   
    17.5-180.0 180.0   5.0 450.0                            LAT/LON1/LON2/DLON/H
  171  168  149  134  125  137  155  198  243  288  331  363  397  425  452  477
  494  524  535  551  552  566  567  593  611  644  672  699  733  773  809  822
  838  827  825  799  773  742  727  716  704  683  657  617  585  547  535  515
  525  510  513  500  516  519  536  537  530  523  520  516  519  505  498  461
  410  374  330  298  260  235  223  188  171                                   
    15.0-180.0 180.0   5.0 450.0                            LAT/LON1/LON2/DLON/H
  182  172  162  148  142  147  174  206  250  285  333  365  408  438  472  496
  521  547  563  582  585  601  606  631  661  696  723  744  774  811  835  844
  849  837  830  800  779  750  739  729  719  696  666  623  582  536  514  489
  496  479  488  483  501  512  531  535  538  532  525  521  513  501  484  461
  419  384  340  306  272  248  224  186  182                                   
    12.5-180.0 180.0   5.0 450.0                            LAT/LON1/LON2/DLON/H
  182  173  156  154  157  164  183  223  249  289  318  361  404  440  476  504
  535  566  586  606  613  631  643  678  714  747  770  785  820  826  850  851
  855  837  825  796  778  759  748  737  728  698  666  613  566  510  481  464
  459  457  462  468  484  504  520  521  520  510  503  494  475  464  442  430
  390  364  324  297  263  237  228  187  182                                   
    10.0-180.0 180.0   5.0 450.0                            LAT/LON1/LON2/DLON/H
  172  172  150  134  143  161  191  229  274  306  343  378  427  465  504  528
  564  595  618  637  649  663  696  725  769  792  826  838  852  849  858  853
  848  833  816  796  780  769  764  755  747  717  682  622  566  502  476  451
  456  453  472  473  482  484  504  504  505  495  482  467  438  423  392  375
  348  313  289  265  252  235  214  172  172                                   
     7.5-180.0 180.0   5.0 450.0                            LAT/LON1/LON2/DLON/H
  151  160  137  135  133  154  190  239  278  320  359  399  440  482  519  552
  584  622  646  672  683  708  742  776  822  843  863  859  866  856  858  849
