data/unet/pred0880.15i
     1.0            IONOSPHERE MAPS     GNSS                IONEX VERSION / TYPE
pyspatialgeodesy        IME             05-JAN-18 20:20     PGM / RUN BY / DATE 
Map Name                                                    COMMENT             
Predicted global ionosphere maps (GIM).                     DESCRIPTION         
  2015     3    29     0     0     0                        EPOCH OF FIRST MAP  
  2015     3    30     0     0     0                        EPOCH OF LAST MAP   
  7200                                                      INTERVAL            
    13                                                      # OF MAPS IN FILE   
  NONE                                                      MAPPING FUNCTION    
10.0                                                        ELEVATION CUTOFF    
One-way carrier phase leveled to code                       OBSERVABLES USED    
  6371.0                                                    BASE RADIUS         
 2                                                          MAP DIMENSION       
   450.0 450.0   0.0                                        HGT1 / HGT2 / DHGT  
    87.5 -87.5  -2.5                                        LAT1 / LAT2 / DLAT  
  -180.0 180.0   5.0                                        LON1 / LON2 / DLON  
    -1                                                      EXPONENT            
                                                            END OF HEADER       
[from data line 2145]
     6                                                      START OF TEC MAP    
  2015     3    29    10     0     0                        EPOCH OF CURRENT MAP
    87.5-180.0 180.0   5.0 450.0                            LAT/LON1/LON2/DLON/H
  102  126  128  134  134  135  134  137  137  140  139  140  139  140  137  137
  135  137  136  140  142  146  149  152  157  157  162  159  162  157  160  155
  158  153  156  152  154  151  151  149  149  148  148  146  146  144  143  141
  140  137  136  134  132  130  129  127  126  124  124  122  122  121  120  120
  120  121  121  123  123  125  124  105  102                                   
    85.0-180.0 180.0   5.0 450.0                            LAT/LON1/LON2/DLON/H
  115  101  114  117  123  122  128  128  134  133  140  137  143  139  144  140
  144  142  149  148  157  157  168  167  178  177  183  183  184  186  182  184
  180  181  175  176  171  171  165  165  160  160  155  153  149  147  143  141
  136  134  130  127  124  119  117  111  111  105  104   99  100   95   95   92
   95   91   95   93  101   98  120  108  115                                   
    82.5-180.0 180.0   5.0 450.0                            LAT/LON1/LON2/DLON/H
  102   95  106  112  117  119  124  127  133  137  140  144  147  148  150  151
  152  153  157  159  164  166  172  173  179  180  185  185  190  189  192  189
  192  188  190  186  189  183  184  178  180  174  175  168  168  161  161  152
  151  142  141  132  131  122  120  111  109  100   98   92   90   86   83   82
   80   80   79   81   86   87   96  100  102                                   
    80.0-180.0 180.0   5.0 450.0                            LAT/LON1/LON2/DLON/H
  103   92  100  101  110  111  122  122  133  132  143  140  150  146  153  148
  154  149  155  152  159  156  163  162  168  169  176  175  184  180  190  186
  196  191  200  194  203  194  201  192  198  189  194  186  190  180  184  173
  174  163  164  152  152  140  138  127  125  113  111  101  100   91   90   83
   83   78   79   78   81   78   88   92  103                                   
    77.5-180.0 180.0   5.0 450.0                            LAT/LON1/LON2/DLON/H
  101   90   95   98  104  106  114  114  123  122  132  131  139  139  144  143
  145  144  147  146  150  149  153  152  156  155  159  159  166  169  177  180
  188  193  200  203  209  209  214  213  216  214  216  213  215  211  214  208
  209  202  203  196  194  186  183  174  168  158  150  140  133  123  116  108
  104   97   94   88   89   86   91   91  101                                   
    75.0-180.0 180.0   5.0 450.0                            LAT/LON1/LON2/DLON/H
  102   89   94   96  101  102  112  109  116  113  121  119  123  125  127  130
  131  132  133  133  133  133  133  133  133  137  140  144  152  159  169  175
  187  193  204  211  220  224  230  233  237  238  241  241  243  243  247  246
  249  246  249  245  245  238  234  227  219  210  199  190  179  170  158  149
  137  129  119  112  105   98  101   97  102                                   
    72.5-180.0 180.0   5.0 450.0                            LAT/LON1/LON2/DLON/H
  103   92   90   96   97   99  104  103  105  104  106  106  109  110  114  114
  119  118  123  120  125  121  124  121  124  125  128  135  140  151  158  172
  181  195  206  217  228  235  244  247  253  254  259  261  268  269  277  278
  284  285  289  289  288  286  280  276  268  262  248  239  225  216  202  191
  178  165  151  137  125  113  115  110  103                                   
    70.0-180.0 180.0   5.0 450.0                            LAT/LON1/LON2/DLON/H
  108   94   89   92   97   95  104   98  106   97  107   97  110  100  115  106
  119  112  122  116  122  117  122  118  121  122  127  133  141  151  161  173
  186  198  213  223  237  244  254  259  266  270  277  281  290  294  302  306
  313  317  322  323  323  321  315  310  302  293  281  270  257  247  232  222
  206  196  178  162  145  128  124  116  108                                   
    67.5-180.0 180.0   5.0 450.0                            LAT/LON1/LON2/DLON/H
  108   92   86   91   91   95  100  101  103  103  102  101  100  102  104  109
  111  116  118  122  120  124  120  125  120  125  125  137  141  158  165  183
  191  208  219  234  244  253  263  269  277  282  291  297  306  313  322  327
  333  337  340  342  339  337  329  325  315  308  293  282  269  258  246  235
  223  210  193  175  156  135  126  117  108                                   
    65.0-180.0 180.0   5.0 450.0                            LAT/LON1/LON2/DLON/H
  105   86   80   83   88   88   99   95  104   97  106   97  106   99  112  107
  120  116  127  123  129  125  126  124  125  127  130  141  147  163  171  187
  199  213  228  240  251  260  269  279  288  298  307  314  323  332  341  347
  353  356  357  355  350  344  336  328  319  307  293  282  267  258  244  237
  222  214  194  179  159  139  124  116  105                                   
    62.5-180.0 180.0   5.0 450.0                            LAT/LON1/LON2/DLON/H
  102   80   75   78   79   84   91   95  100  102  104  104  105  108  111  115
  117  123  123  129  124  129  122  127  122  129  130  141  148  164  175  193
  204  223  233  249  256  269  276  290  300  310  321  330  338  346  351  359
  361  363  360  358  350  343  333  323  311  297  283  269  258  246  235  227
  216  206  191  174  157  135  120  111  102                                   
    60.0-180.0 180.0   5.0 450.0                            LAT/LON1/LON2/DLON/H
  107   79   72   71   77   75   87   87   99   96  106   99  109  104  114  112
  122  122  127  125  124  123  120  123  121  129  132  145  150  170  178  199
  209  230  241  257  267  280  291  305  317  330  344  353  363  366  374  375
  379  376  373  365  357  344  336  321  312  296  282  268  256  244  232  222
  209  202  185  176  159  139  121  112  107                                   
    57.5-180.0 180.0   5.0 450.0                            LAT/LON1/LON2/DLON/H
  119   87   77   73   70   69   76   78   86   88   95   97  102  102  108  110
  115  116  117  116  113  112  110  112  114  122  127  142  150  170  183  204
  216  241  250  268  276  294  305  323  337  352  366  376  382  383  385  385
  385  383  375  369  355  345  332  319  310  294  284  270  262  248  237  223
  211  200  187  175  165  144  133  120  119                                   
    55.0-180.0 180.0   5.0 450.0                            LAT/LON1/LON2/DLON/H
  142  107   92   82   80   69   76   72   83   81   92   89   99   95  104  102
  109  105  108  102  101   99   99  104  109  120  127  146  153  177  188  212
  225  251  262  280  292  313  327  346  364  380  396  402  410  407  413  408
  409  401  396  384  375  360  351  338  330  318  306  295  286  274  260  246
  227  217  201  192  182  166  154  140  142                                   
    52.5-180.0 180.0   5.0 450.0                            LAT/LON1/LON2/DLON/H
  172  138  118  104   90   76   74   68   73   72   81   81   87   86   92   91
   96   92   94   88   87   85   88   93  101  113  124  144  155  179  194  219
  234  264  273  294  303  328  342  366  385  402  417  423  427  425  426  421
  420  414  405  397  384  373  364  353  349  337  329  318  311  296  285  267
  251  236  221  212  203  187  183  171  172                                   
    50.0-180.0 180.0   5.0 450.0                            LAT/LON1/LON2/DLON/H
  206  175  158  138  116   97   90   77   80   75   83   80   87   83   89   85
   89   85   85   80   80   80   84   92  104  117  132  153  164  190  204  231
  246  275  289  311  325  349  368  389  411  426  441  447  454  452  455  448
  447  437  433  420  411  398  392  385  381  375  368  359  350  334  316  297
  279  265  251  240  230  217  209  201  206                                   
    47.5-180.0 180.0   5.0 450.0                            LAT/LON1/LON2/DLON/H
  230  201  186  171  145  123  106   89   88   80   85   80   84   78   81   78
   82   80   82   78   80   80   86   94  106  123  137  160  173  197  214  239
  257  288  301  326  339  363  384  405  425  438  452  458  465  465  466  459
  457  448  442  428  419  407  401  393  390  384  378  372  363  350  333  313
  297  275  262  246  241  231  236  229  230                                   
    45.0-180.0 180.0   5.0 450.0                            LAT/LON1/LON2/DLON/H
  242  219  209  201  182  160  137  123  112  102  102   94   96   84   88   81
   86   82   86   84   86   90   94  107  118  135  149  172  187  212  226  252
  270  295  314  337  356  376  397  415  436  446  461  467  477  479  482  477
  474  465  460  447  439  425  417  407  403  397  389  383  373  360  342  324
  305  285  264  252  241  235  236  235  242                                   
    42.5-180.0 180.0   5.0 450.0                            LAT/LON1/LON2/DLON/H
  235  215  213  210  198  182  161  148  134  121  118  105  104   92   92   88
   91   91   96   95   99  101  108  118  129  147  162  184  199  224  241  268
  285  306  324  346  367  385  406  421  441  449  464  471  480  484  487  484
  483  474  469  457  447  431  417  403  393  385  373  367  356  345  331  312
  297  272  252  231  219  210  224  220  235                                   
    40.0-180.0 180.0   5.0 450.0                            LAT/LON1/LON2/DLON/H
  200  193  195  205  205  197  183  171  157  147  138  127  121  109  107  101
  104  104  108  108  112  114  118  128  138  155  170  193  210  235  250  276
  291  311  333  355  375  394  414  426  445  454  472  480  491  499  505  505
  502  496  489  481  469  452  433  417  403  389  374  365  353  340  323  306
  287  263  234  211  190  180  184  188  200                                   
    37.5-180.0 180.0   5.0 450.0                            LAT/LON1/LON2/DLON/H
  164  158  165  183  184  191  182  179  167  161  151  143  135  123  121  116
  120  119  126  125  127  126  126  134  143  159  176  199  217  241  260  284
  300  321  341  366  385  406  430  444  460  472  485  496  506  517  528  531
  531  526  522  512  501  481  463  442  423  405  386  375  359  345  328  307
  288  255  226  192  172  152  151  146  164                                   
    35.0-180.0 180.0   5.0 450.0                            LAT/LON1/LON2/DLON/H
  132  129  132  148  159  170  172  172  168  165  159  152  144  133  133  129
  134  133  138  134  135  129  128  131  142  155  175  198  220  244  260  280
  299  323  349  377  400  425  443  463  479  493  509  520  535  549  565  572
  577  576  578  571  563  549  529  509  486  464  440  421  397  382  355  340
  311  283  244  213  174  149  136  129  132                                   
    32.5-180.0 180.0   5.0 450.0                            LAT/LON1/LON2/DLON/H
  124  109  109  119  130  143  153  160  161  162  158  155  148  144  141  141
  143  145  145  144  136  133  127  133  140  158  175  201  220  250  261  288
  296  329  354  396  426  462  477  497  511  529  542  560  576  599  614  633
  637  648  651  661  653  651  628  614  589  567  542  514  481  454  422  399
  370  342  305  271  226  185  154  119  124                                   
    30.0-180.0 180.0   5.0 450.0                            LAT/LON1/LON2/DLON/H
  135  122  114  110  116  125  139  141  151  152  153  150  146  141  144  142
  148  145  149  142  139  130  129  129  142  154  175  195  219  247  263  283
  302  331  368  410  451  485  507  530  543  569  586  611  633  659  681  694
  719  734  758  763  776  768  762  736  719  691  665  629  593  556  521  496
  470  437  401  361  313  265  217  169  135                                   
    27.5-180.0 180.0   5.0 450.0                            LAT/LON1/LON2/DLON/H
  189  182  157  137  134  132  135  138  146  148  150  147  147  143  146  148
  151  149  150  144  139  135  131  135  144  159  174  199  218  250  265  291
  314  345  375  422  465  507  535  562  584  603  629  657  689  718  742  766
  791  816  841  859  871  872  869  852  836  816  790  758  716  678  637  598
  571  544  511  470  425  364  310  249  189                                   
    25.0-180.0 180.0   5.0 450.0                            LAT/LON1/LON2/DLON/H
  286  261  234  196  178  159  152  141  143  142  146  145  144  144  146  148
  152  147  151  143  143  137  141  139  153  162  184  202  229  252  274  303
  328  364  398  441  487  523  554  575  595  621  651  687  725  751  784  813
  852  882  917  941  957  964  964  957  945  930  911  885  845  799  744  711
  682  665  638  597  538  483  439  357  286                                   
    22.5-180.0 180.0   5.0 450.0                            LAT/LON1/LON2/DLON/H
  412  365  312  260  240  219  197  174  162  154  152  150  153  152  154  152
  156  151  152  148  146  147  147  153  157  172  184  213  237  263  287  314
  344  380  417  459  505  544  573  603  623  649  680  714  748  772  811  847
  892  927  968  991 1009 1017 1022 1015 1009  993  981  955  924  882  833  787
  753  727  704  673  643  592  530  469  412                                   
    20.0-180.0 180.0   5.0 450.0                            LAT/LON1/LON2/DLON/H
  495  472  411  348  310  268  250  233  208  181  169  158  158  156  159  157
  157  151  153  148  152  149  158  156  167  173  194  208  238  265  296  326
  364  405  443  489  531  569  602  621  649  671  707  731  772  793  832  867
  910  944  981 1000 1019 1024 1030 1025 1021 1008  998  972  941  904  859  816
  779  757  736  721  690  663  617  560  495                                   
    17.5-180.0 180.0   5.0 450.0                            LAT/LON1/LON2/DLON/H
  567  544  487  434  386  339  300  270  253  227  203  181  174  169  169  165
  164  160  160  157  154  155  155  164  166  178  191  218  246  283  309  350
  375  418  463  506  555  595  625  654  680  709  736  766  786  809  840  871
  907  936  965  979  995  995  999  992  989  976  970  946  924  887  847  801
  771  746  734  716  705  682  665  616  567                                   
    15.0-180.0 180.0   5.0 450.0                            LAT/LON1/LON2/DLON/H
  604  597  533  494  446  400  354  312  279  260  240  214  193  180  172  168
  165  158  154  152  158  152  159  159  167  169  195  218  253  289  315  362
  389  447  481  537  571  615  648  672  708  730  769  784  801  816  844  865
  892  910  928  928  937  929  934  928  923  914  912  893  874  842  794  756
  721  705  689  689  677  672  663  632  604                                   
    12.5-180.0 180.0   5.0 450.0                            LAT/LON1/LON2/DLON/H
  618  620  575  537  495  448  405  360  315  283  260  235  215  193  183  178
  172  165  158  155  160  159  158  156  157  173  198  235  264  306  322  368
  402  453  498  537  580  615  651  689  721  760  784  800  813  829  848  865
  876  883  882  879  870  862  853  850  842  836  829  822  800  775  736  706
  673  655  638  635  633  633  633  628  618                                   
    10.0-180.0 180.0   5.0 450.0                            LAT/LON1/LON2/DLON/H
  604  623  580  554  520  471  442  389  343  297  271  247  220  205  189  184
  174  168  154  154  152  148  145  142  151  170  203  244  277  309  333  381
  409  469  504  541  581  620  656  687  724  755  789  799  813  827  846  855
  858  848  842  824  815  798  790  782  775  776  768  769  746  727  688  661
  623  603  583  587  578  596  587  583  604                                   
     7.5-180.0 180.0   5.0 450.0                            LAT/LON1/LON2/DLON/H
  597  612  579  561  532  498  461  414  365  315  281  250  226  198  190  180
  179  173  166  158  153  141  135  133  146  178  214  265  289  321  338  380
