data/unet/pred3070.15i
     1.0            IONOSPHERE MAPS     GNSS                IONEX VERSION / TYPE
pyspatialgeodesy        IME             05-JAN-18 20:20     PGM / RUN BY / DATE 
Map Name                                                    COMMENT             
Predicted global ionosphere maps (GIM).                     DESCRIPTION         
  2015    11     3     0     0     0                        EPOCH OF FIRST MAP  
  2015    11     4     0     0     0                        EPOCH OF LAST MAP   
  7200                                                      INTERVAL            
    13                                                      # OF MAPS IN FILE   
  NONE                                                      MAPPING FUNCTION    
10.0                                                        ELEVATION CUTOFF    
One-way carrier phase leveled to code                       OBSERVABLES USED    
  6371.0                                                    BASE RADIUS         
 2                                                          MAP DIMENSION       
   450.0 450.0   0.0                                        HGT1 / HGT2 / DHGT  
    87.5 -87.5  -2.5                                        LAT1 / LAT2 / DLAT  
  -180.0 180.0   5.0                                        LON1 / LON2 / DLON  
    -1                                                      EXPONENT            
                                                            END OF HEADER       
[from data line 1287]
     4                                                      START OF TEC MAP    
  2015    11     3     6     0     0                        EPOCH OF CURRENT MAP
    87.5-180.0 180.0   5.0 450.0                            LAT/LON1/LON2/DLON/H
   -5   34   39   34   39   35   41   37   42   39   44   41   45   43   46   44
   47   46   49   48   50   49   51   49   51   50   52   50   52   51   53   52
   54   53   55   54   56   56   57   56   57   56   57   56   56   55   56   54
   54   53   54   53   53   53   53   51   52   50   51   48   49   46   47   44
   45   42   44   43   45   40   41   11   -5                                   
    85.0-180.0 180.0   5.0 450.0                            LAT/LON1/LON2/DLON/H
   34   29   36   33   39   34   43   39   48   43   51   47   54   49   57   51
   58   53   60   54   60   54   61   54   61   54   63   55   63   56   65   58
   67   61   68   64   68   65   69   67   69   67   70   68   69   67   70   68
   69   67   69   67   68   67   67   65   66   62   65   58   61   54   57   49
   52   45   49   43   46   33   47   16   34                                   
    82.5-180.0 180.0   5.0 450.0                            LAT/LON1/LON2/DLON/H
   31   34   46   47   45   46   48   50   52   53   55   56   58   57   60   59
   61   59   61   60   61   59   60   59   58   56   57   56   56   56   57   58
   58   59   61   63   63   66   66   69   68   70   69   72   70   72   70   72
   69   70   69   69   69   68   68   66   67   63   65   61   63   58   60   55
   57   52   55   49   48   41   49   12   31                                   
    80.0-180.0 180.0   5.0 450.0                            LAT/LON1/LON2/DLON/H
   31   30   44   38   37   35   39   40   43   44   47   49   50   51   52   53
   53   53   53   53   52   51   51   49   48   46   47   45   46   44   47   46
   50   49   53   54   57   58   62   63   66   66   70   69   72   71   75   73
   76   74   77   75   77   76   78   76   76   74   73   71   68   67   63   61
   58   56   54   51   45   39   39   18   31                                   
    77.5-180.0 180.0   5.0 450.0                            LAT/LON1/LON2/DLON/H
   34   34   41   38   36   35   36   38   39   41   44   46   47   48   50   50
   51   51   52   51   50   49   48   47   45   44   43   43   42   43   44   45
   47   48   50   52   55   57   58   62   62   67   67   71   70   76   75   80
   79   83   84   86   86   89   90   91   91   91   89   88   85   83   79   76
   71   69   66   62   55   48   51   29   34                                   
    75.0-180.0 180.0   5.0 450.0                            LAT/LON1/LON2/DLON/H
   40   38   45   39   35   34   33   35   34   37   37   41   39   43   41   45
   43   46   44   46   43   46   42   43   38   41   37   39   36   39   38   41
   40   43   44   48   49   53   55   58   59   63   66   70   73   77   83   84
   90   92  101  102  109  110  115  112  115  111  114  108  108  102   99   93
   88   84   80   76   70   61   62   37   40                                   
    72.5-180.0 180.0   5.0 450.0                            LAT/LON1/LON2/DLON/H
   53   52   51   45   42   34   36   33   35   33   37   36   38   38   39   39
   41   41   43   43   44   44   44   43   41   40   38   37   35   36   36   36
   37   37   39   40   43   44   48   48   52   54   61   65   72   78   88   94
  102  109  120  125  132  136  140  141  139  137  133  128  123  118  113  108
  102   97   93   90   82   75   73   50   53                                   
    70.0-180.0 180.0   5.0 450.0                            LAT/LON1/LON2/DLON/H
   60   62   58   51   44   39   36   35   33   34   33   34   31   33   31   33
   31   36   36   41   41   45   46   47   46   46   45   44   41   41   39   38
   36   36   36   36   38   39   42   44   47   51   59   65   75   83   96  102
  114  123  136  142  151  155  162  161  162  156  154  144  140  130  129  120
  117  108  106  101   95   87   83   65   60                                   
    67.5-180.0 180.0   5.0 450.0                            LAT/LON1/LON2/DLON/H
   69   67   64   55   50   40   39   35   36   33   36   33   33   32   31   31
   32   34   37   41   43   47   49   53   52   54   51   51   46   46   41   39
   36   33   32   30   31   31   33   35   41   46   57   64   79   90  104  113
  127  135  150  157  166  172  177  177  176  171  166  157  148  139  133  126
  120  114  110  106  100   93   91   74   69                                   
    65.0-180.0 180.0   5.0 450.0                            LAT/LON1/LON2/DLON/H
   70   70   67   56   48   42   39   38   36   37   36   36   33   32   29   29
   29   32   35   39   42   47   51   54   56   57   57   56   53   50   45   42
   36   33   30   28   28   28   30   34   40   48   61   72   86  100  114  125
  138  150  163  174  184  190  194  191  189  181  175  162  155  142  138  126
  121  113  111  106  101   95   93   80   70                                   
    62.5-180.0 180.0   5.0 450.0                            LAT/LON1/LON2/DLON/H
   72   67   62   53   46   41   38   37   37   36   38   36   35   34   32   33
   33   35   36   41   42   46   48   53   54   57   56   57   53   51   44   42
   35   32   27   25   23   24   26   31   39   49   63   78   94  107  122  132
  148  158  172  182  192  196  197  193  190  182  175  164  155  143  136  126
  118  110  106  103   98   92   92   79   72                                   
    60.0-180.0 180.0   5.0 450.0                            LAT/LON1/LON2/DLON/H
   73   67   60   49   39   34   32   33   33   35   35   36   35   35   34   34
   35   36   37   38   39   42   44   47   50   52   53   53   49   47   42   40
   34   32   27   26   24   25   27   35   45   56   72   89  105  118  132  144
  157  168  183  193  203  205  205  198  197  185  179  165  159  147  140  127
  120  109  104  100   94   89   90   78   73                                   
    57.5-180.0 180.0   5.0 450.0                            LAT/LON1/LON2/DLON/H
   76   69   57   47   37   33   29   30   31   32   34   33   34   34   35   37
   37   38   37   37   36   37   37   41   43   45   47   47   45   44   39   38
   34   31   27   26   26   28   33   41   53   67   83  101  116  129  142  152
  164  175  188  199  208  210  207  200  198  188  183  172  167  157  150  139
  128  118  110  104   98   93   94   78   76                                   
    55.0-180.0 180.0   5.0 450.0                            LAT/LON1/LON2/DLON/H
   88   76   60   48   36   31   28   28   28   30   30   32   31   32   34   37
   37   38   36   35   31   33   33   36   38   40   42   42   39   39   37   37
   34   32   30   31   32   34   42   51   65   80  101  114  130  141  154  163
  173  185  196  208  217  219  219  211  209  200  196  188  185  176  170  158
  147  133  123  113  104   99  102   87   88                                   
    52.5-180.0 180.0   5.0 450.0                            LAT/LON1/LON2/DLON/H
  105   95   75   62   50   43   37   34   32   31   30   29   30   30   34   36
   39   39   38   35   33   32   33   36   38   41   41   43   40   40   38   38
   36   35   34   37   39   44   52   63   77   97  114  130  141  153  162  170
  181  192  203  216  226  228  229  223  219  212  210  206  205  200  193  182
  169  156  143  132  123  115  118  102  105                                   
    50.0-180.0 180.0   5.0 450.0                            LAT/LON1/LON2/DLON/H
  124  110   89   78   65   57   50   45   40   37   32   32   29   32   32   37
   37   41   36   37   33   35   36   40   43   46   46   46   44   43   41   41
   41   42   43   46   51   56   65   75   93  110  128  141  154  163  171  179
  189  199  211  223  236  241  243  237  236  228  226  221  223  218  215  206
  194  177  164  152  141  129  133  118  124                                   
    47.5-180.0 180.0   5.0 450.0                            LAT/LON1/LON2/DLON/H
  145  134  114  104   94   84   74   65   56   49   43   38   34   34   37   40
   42   43   42   41   40   42   44   51   53   59   57   59   53   53   48   49
   47   50   52   58   65   73   81   93  107  126  140  153  164  173  180  188
  196  208  219  231  244  250  255  250  250  243  240  235  234  231  227  219
  209  195  181  170  159  149  150  134  145                                   
    45.0-180.0 180.0   5.0 450.0                            LAT/LON1/LON2/DLON/H
  156  145  129  125  117  105   96   86   74   64   55   50   44   44   43   47
   46   50   46   50   48   54   57   65   68   73   72   70   65   62   57   56
   55   58   62   68   77   84   94  106  122  138  153  163  175  182  191  197
  205  213  225  235  249  256  260  257  258  250  246  239  236  230  227  219
  210  199  184  174  164  151  154  142  156                                   
    42.5-180.0 180.0   5.0 450.0                            LAT/LON1/LON2/DLON/H
  158  152  140  142  141  131  121  109   97   84   74   66   60   58   56   56
   56   57   57   60   62   68   72   81   83   88   85   84   76   72   65   64
   61   65   71   78   87   96  105  121  134  151  162  174  184  194  201  208
  213  219  228  236  248  255  261  259  261  254  248  239  233  225  218  208
  198  189  179  170  160  149  152  139  158                                   
    40.0-180.0 180.0   5.0 450.0                            LAT/LON1/LON2/DLON/H
  148  138  130  136  138  132  128  117  108   96   88   81   77   73   70   69
   67   69   69   74   78   85   89   95   96   98   95   91   84   77   72   67
   66   69   74   82   92  104  116  133  148  162  174  184  195  204  212  217
  224  226  233  239  250  256  260  260  264  256  250  241  232  221  211  198
  186  177  167  160  148  133  137  126  148                                   
    37.5-180.0 180.0   5.0 450.0                            LAT/LON1/LON2/DLON/H
  127  121  111  120  126  127  126  122  117  110  105   99   95   92   90   86
   85   84   86   89   94   99  102  105  103  103   98   94   87   80   75   70
   70   71   78   85   97  111  127  146  160  175  186  196  207  217  222  227
  232  234  240  244  253  258  265  267  272  268  264  253  243  228  214  197
  184  176  166  157  141  128  126  110  127                                   
    35.0-180.0 180.0   5.0 450.0                            LAT/LON1/LON2/DLON/H
  107   94   82   91   99   99  107  105  108  103  106  103  105  101  103   99
   99   99  101  105  108  112  111  110  105  102   96   90   86   79   75   71
   70   71   77   87   99  117  136  155  172  186  200  207  218  226  232  236
  241  244  249  253  260  267  276  282  290  288  286  276  265  249  234  215
  198  185  174  160  140  119  115   93  107                                   
    32.5-180.0 180.0   5.0 450.0                            LAT/LON1/LON2/DLON/H
   94   75   66   69   74   78   84   87   93   95  102  107  112  112  112  110
  109  109  111  114  116  116  113  108  101   96   91   86   84   78   78   72
   74   74   82   89  107  126  145  168  181  199  209  222  228  236  241  248
  253  256  262  265  274  283  294  304  318  322  326  321  313  297  278  259
  238  224  205  188  161  133  124   93   94                                   
    30.0-180.0 180.0   5.0 450.0                            LAT/LON1/LON2/DLON/H
  101   66   56   55   52   52   64   65   75   74   87   93  107  108  113  111
  114  115  117  119  120  118  112  105   98   92   89   84   84   80   80   75
   74   74   77   89  105  126  150  171  189  203  216  228  237  247  254  262
  268  274  278  285  295  309  322  339  356  369  379  383  384  372  356  327
  302  276  251  225  194  165  141  114  101                                   
    27.5-180.0 180.0   5.0 450.0                            LAT/LON1/LON2/DLON/H
  129   94   72   55   51   44   47   46   58   64   74   83   96  103  109  108
  112  114  117  118  117  114  107  100   94   89   89   86   90   86   90   84
   88   81   89   94  112  130  156  178  192  209  219  233  243  253  263  273
  283  292  300  308  322  337  358  377  400  416  434  445  452  446  434  413
  386  358  326  290  254  217  188  166  129                                   
    25.0-180.0 180.0   5.0 450.0                            LAT/LON1/LON2/DLON/H
  180  131  100   85   77   60   56   51   53   52   66   70   84   90  100  100
  103  106  109  109  107  105  100   97   93   92   94   93   95   93   93   90
   87   85   86   94  109  129  154  173  192  204  216  230  243  257  269  284
  295  307  316  331  343  369  389  415  442  465  488  508  521  522  511  491
  466  439  408  372  335  285  251  230  180                                   
    22.5-180.0 180.0   5.0 450.0                            LAT/LON1/LON2/DLON/H
  255  182  153  119  109   96   92   72   67   57   63   66   78   81   87   87
   90   93   96   96   95   96   95   95   97   99  104  102  105  100  104   98
   96   89   88   95  107  127  150  175  188  207  216  230  245  264  282  297
  314  326  342  357  378  402  427  455  489  516  544  567  587  591  582  561
  539  509  485  449  419  373  334  315  255                                   
    20.0-180.0 180.0   5.0 450.0                            LAT/LON1/LON2/DLON/H
  333  246  216  184  158  145  135  119  104   82   79   76   83   79   82   78
   79   79   81   80   81   83   90   93  103  107  112  107  106  103  105  105
   99   94   92   94  105  120  144  165  185  202  218  235  250  274  293  315
  331  352  369  391  411  438  461  491  522  552  580  604  625  632  627  610
  589  561  538  507  486  451  422  398  333                                   
    17.5-180.0 180.0   5.0 450.0                            LAT/LON1/LON2/DLON/H
  400  330  296  252  226  209  190  166  148  125  113   97   96   85   85   78
   75   72   73   72   75   79   89  100  112  114  115  106  103   97   98   97
   93   92   85   91  100  115  138  165  188  210  227  248  267  293  314  335
  356  375  396  417  439  463  486  515  545  566  592  610  629  638  640  628
  610  583  565  541  528  505  488  466  400                                   
    15.0-180.0 180.0   5.0 450.0                            LAT/LON1/LON2/DLON/H
  443  392  367  331  301  278  247  225  196  171  153  136  127  107   98   82
   78   71   71   69   73   77   92   97  110  110  113  105  102   96   95   92
   90   86   83   83   95  110  135  162  191  215  236  259  284  312  333  355
  373  393  411  433  453  476  495  519  540  555  572  585  601  609  616  609
  599  576  565  545  544  529  527  507  443                                   
    12.5-180.0 180.0   5.0 450.0                            LAT/LON1/LON2/DLON/H
  473  441  424  395  369  342  308  277  245  216  196  179  169  141  125  100
   91   77   76   72   76   78   88   94  102  105  107  102   94   91   85   85
   80   80   79   81   94  111  136  166  199  226  249  275  300  327  347  368
  385  402  418  437  453  475  490  512  524  533  543  550  561  571  577  577
  574  560  554  542  545  539  547  533  473                                   
    10.0-180.0 180.0   5.0 450.0                            LAT/LON1/LON2/DLON/H
  487  459  449  421  410  388  360  327  294  262  230  218  205  180  158  127
  111   95   85   79   78   76   83   85   98  102  111  102  100   90   90   80
   82   74   74   78   92  111  136  169  201  230  257  282  310  336  356  378
  394  408  423  437  452  468  482  495  504  512  518  520  528  533  539  542
  544  538  536  527  535  534  543  531  487                                   
     7.5-180.0 180.0   5.0 450.0                            LAT/LON1/LON2/DLON/H
  490  474  467  440  427  409  390  360  331  297  270  250  234  216  193  159
  143  119  108   92   89   81   83   86   97  106  111  108  100   97   89   84
