data/unet/pred2430.15i
     1.0            IONOSPHERE MAPS     GNSS                IONEX VERSION / TYPE
pyspatialgeodesy        IME             05-JAN-18 20:20     PGM / RUN BY / DATE 
Map Name                                                    COMMENT             
Predicted global ionosphere maps (GIM).                     DESCRIPTION         
  2015     8    31     0     0     0                        EPOCH OF FIRST MAP  
  2015     9     1     0     0     0                        EPOCH OF LAST MAP   
  7200                                                      INTERVAL            
    13                                                      # OF MAPS IN FILE   
  NONE                                                      MAPPING FUNCTION    
10.0                                                        ELEVATION CUTOFF    
One-way carrier phase leveled to code                       OBSERVABLES USED    
  6371.0                                                    BASE RADIUS         
 2                                                          MAP DIMENSION       
   450.0 450.0   0.0                                        HGT1 / HGT2 / DHGT  
    87.5 -87.5  -2.5                                        LAT1 / LAT2 / DLAT  
  -180.0 180.0   5.0                                        LON1 / LON2 / DLON  
    -1                                                      EXPONENT            
                                                            END OF HEADER       
[from data line 2145]
     6                                                      START OF TEC MAP    
  2015     8    31    10     0     0                        EPOCH OF CURRENT MAP
    87.5-180.0 180.0   5.0 450.0                            LAT/LON1/LON2/DLON/H
   86  108  100  101   99   99   99   99  100  100  102  101  102  102  103  103
  103  103  104  103  104  104  104  104  104  104  104  104  104  104  104  104
  104  104  104  104  103  102  102  101  101   99  100   98   98   97   97   96
   96   95   96   95   95   94   95   94   95   93   94   93   94   93   94   93
   95   94   95   96   97   95   97   89   86                                   
    85.0-180.0 180.0   5.0 450.0                            LAT/LON1/LON2/DLON/H
  110  104  110  112  109  109  109  111  111  112  113  113  114  114  115  115
  116  116  117  118  118  119  119  121  120  122  121  123  122  124  123  124
  123  124  123  124  122  123  121  122  120  120  118  117  116  115  114  114
  112  112  111  111  109  110  108  108  106  106  104  104  104  103  102  102
  102  103  103  102  105  103  112   98  110                                   
    82.5-180.0 180.0   5.0 450.0                            LAT/LON1/LON2/DLON/H
   97  104  109  109  108  106  108  108  109  108  110  109  110  109  111  110
  112  112  114  114  116  116  119  118  120  120  122  121  123  121  124  121
  124  121  124  121  124  121  123  120  122  118  120  117  119  115  117  114
  115  113  114  111  111  108  108  105  105  102  102  100  100   98   97   97
   97   97   98   98  100  100  105   99   97                                   
    80.0-180.0 180.0   5.0 450.0                            LAT/LON1/LON2/DLON/H
   96   96   98  100   99   98   99   98  100   98   99   97   98   96   99   97
  100   99  103  101  106  104  108  106  110  108  112  109  113  111  114  112
  116  114  118  116  120  118  120  119  119  119  118  119  117  117  116  116
  115  114  113  111  110  108  107  104  103  100   98   95   95   92   92   90
   89   89   89   89   90   90   95   92   96                                   
    77.5-180.0 180.0   5.0 450.0                            LAT/LON1/LON2/DLON/H
   91   91   92   94   93   93   93   92   91   90   89   87   86   85   85   85
   85   87   88   90   91   94   95   97   97   99   99  101  100  101  101  103
  104  106  109  111  113  115  115  117  116  119  118  120  118  120  118  120
  117  119  116  117  113  114  110  109  105  104  100   99   95   95   91   91
   88   88   86   87   86   86   92   81   91                                   
    75.0-180.0 180.0   5.0 450.0                            LAT/LON1/LON2/DLON/H
   88   85   84   88   83   87   84   87   82   84   79   79   74   75   73   74
   74   77   79   81   84   87   89   91   91   94   92   94   91   94   90   95
   93   99   99  105  106  111  110  115  113  118  116  121  118  123  120  124
  120  124  121  123  119  120  116  116  111  110  104  103   99   98   94   93
   88   89   85   86   84   85   90   78   88                                   
    72.5-180.0 180.0   5.0 450.0                            LAT/LON1/LON2/DLON/H
   83   84   79   80   77   78   78   77   76   73   72   68   67   65   65   64
   66   68   72   75   79   81   86   88   89   89   89   89   85   86   83   85
   83   88   90   96   98  104  106  111  110  115  114  119  118  122  121  124
  123  125  124  126  124  125  123  121  119  116  112  109  105  102   98   96
   92   91   88   86   85   82   88   77   83                                   
    70.0-180.0 180.0   5.0 450.0                            LAT/LON1/LON2/DLON/H
   82   77   75   74   73   72   73   72   70   69   65   64   60   60   59   59
   61   64   68   72   78   82   87   89   91   92   90   90   85   88   83   85
   83   87   88   95   97  104  105  111  110  116  115  121  119  124  122  127
  126  130  129  132  129  131  128  128  124  122  118  116  112  111  105  104
   98   99   93   92   88   86   88   75   82                                   
    67.5-180.0 180.0   5.0 450.0                            LAT/LON1/LON2/DLON/H
   77   78   71   70   66   65   66   65   63   62   60   58   56   55   56   55
   58   60   67   70   78   81   88   88   92   90   91   88   86   85   82   84
   82   86   87   93   95  100  103  107  108  112  113  116  116  118  119  121
  123  126  128  130  130  130  129  129  127  125  121  120  116  115  110  108
  104  103   99   96   94   88   90   76   77                                   
    65.0-180.0 180.0   5.0 450.0                            LAT/LON1/LON2/DLON/H
   79   74   70   65   63   61   63   60   60   58   58   56   55   55   54   56
   57   61   66   71   77   84   88   93   93   96   91   93   87   90   84   89
   86   92   92   97   98  103  104  109  108  113  112  116  115  118  117  120
  122  126  128  132  131  134  131  132  129  129  125  125  121  122  117  117
  111  112  106  105  101   96   93   79   79                                   
    62.5-180.0 180.0   5.0 450.0                            LAT/LON1/LON2/DLON/H
   76   78   69   65   60   57   56   56   55   54   54   52   53   52   54   55
   58   60   65   69   76   80   87   89   93   93   94   92   92   91   92   93
   95   98  100  103  104  106  108  108  109  111  113  114  114  114  116  117
  120  123  128  131  132  134  133  134  132  131  128  129  126  126  122  122
  117  117  113  111  108  100   98   82   76                                   
    60.0-180.0 180.0   5.0 450.0                            LAT/LON1/LON2/DLON/H
   81   76   70   62   57   54   54   51   51   49   50   49   50   50   52   55
   55   59   61   66   71   77   82   87   91   95   94   97   93   97   94   99
   99  105  106  110  110  113  112  115  113  117  116  119  116  118  117  120
  122  127  131  136  138  141  140  141  139  139  136  137  135  136  131  131
  126  126  121  119  115  109  101   89   81                                   
    57.5-180.0 180.0   5.0 450.0                            LAT/LON1/LON2/DLON/H
   81   83   73   66   59   54   51   49   47   45   45   45   46   48   49   52
   53   56   57   61   65   70   77   80   86   88   91   93   94   98  100  104
  107  111  114  115  117  117  120  120  122  122  125  125  125  124  125  125
  128  132  137  142  145  148  148  149  147  146  145  145  143  143  140  137
  132  130  125  123  120  111  105   91   81                                   
    55.0-180.0 180.0   5.0 450.0                            LAT/LON1/LON2/DLON/H
   88   84   75   68   60   55   52   47   44   42   40   40   41   43   44   47
   47   50   51   54   57   63   70   76   82   87   90   95   96  101  101  107
  108  115  116  121  121  127  126  132  130  136  134  140  135  137  134  137
  137  143  146  152  155  158  158  159  158  156  154  155  154  155  150  148
  141  140  133  130  125  119  109   98   88                                   
    52.5-180.0 180.0   5.0 450.0                            LAT/LON1/LON2/DLON/H
   90   91   81   74   66   61   56   50   45   41   39   38   39   40   42   44
   45   46   46   49   52   58   65   72   79   83   88   93   94  100  101  107
  110  116  120  124  129  132  138  141  146  147  151  150  151  148  149  147
  149  152  156  162  165  169  169  169  167  166  164  165  164  165  161  157
  150  145  137  134  127  119  112  101   90                                   
    50.0-180.0 180.0   5.0 450.0                            LAT/LON1/LON2/DLON/H
   96   91   84   77   70   66   61   54   48   43   39   37   36   37   37   39
   39   40   41   44   48   54   62   71   78   85   90   96   97  103  102  109
  111  118  121  130  132  142  146  155  157  165  164  169  166  168  164  165
  163  167  168  174  176  179  179  178  177  175  174  175  175  176  171  168
  158  156  144  141  131  125  114  107   96                                   
    47.5-180.0 180.0   5.0 450.0                            LAT/LON1/LON2/DLON/H
   97   97   89   84   77   72   67   61   54   47   43   40   38   38   37   38
   38   39   39   42   46   54   62   73   79   87   90   95   96  101  101  106
  109  117  123  131  140  147  157  163  172  176  181  182  184  183  182  180
  178  178  180  182  184  184  185  184  183  181  181  181  184  183  180  174
  166  161  150  143  132  124  116  107   97                                   
    45.0-180.0 180.0   5.0 450.0                            LAT/LON1/LON2/DLON/H
  101   95   91   87   81   78   74   68   61   55   50   46   42   41   39   38
   38   38   39   42   48   56   64   75   83   91   94   99   99  104  103  109
  111  120  125  137  145  157  166  179  184  194  197  202  201  203  199  198
  193  191  189  190  188  188  186  185  184  183  182  186  187  190  184  183
  171  169  155  151  138  129  118  112  101                                   
    42.5-180.0 180.0   5.0 450.0                            LAT/LON1/LON2/DLON/H
   99   98   94   91   84   82   78   75   69   65   59   55   51   48   44   42
   40   41   42   44   50   58   66   76   84   92   95   99  100  103  103  108
  112  120  129  140  151  162  176  187  198  205  211  215  217  217  215  212
  207  202  199  194  191  188  185  184  182  182  182  184  187  189  187  184
  176  172  161  153  140  129  120  112   99                                   
    40.0-180.0 180.0   5.0 450.0                            LAT/LON1/LON2/DLON/H
  103   96   94   91   84   83   82   79   76   73   69   66   60   56   51   47
   45   45   45   49   54   62   68   79   85   94   97  102  103  108  106  114
  117  126  135  148  160  176  190  205  215  226  228  234  233  236  233  231
  224  217  209  202  195  192  187  188  185  186  186  188  190  194  191  191
  181  179  167  161  146  133  122  115  103                                   
    37.5-180.0 180.0   5.0 450.0                            LAT/LON1/LON2/DLON/H
  101   99   93   90   82   83   80   81   78   78   76   75   70   67   59   55
   51   50   50   53   58   65   71   80   86   94   98  102  104  108  109  116
  121  132  142  156  169  185  201  217  229  240  245  249  251  254  253  252
  245  236  227  217  208  202  197  198  197  198  196  198  198  197  195  192
  186  181  172  162  149  135  126  118  101                                   
    35.0-180.0 180.0   5.0 450.0                            LAT/LON1/LON2/DLON/H
  107   96   92   88   81   81   80   81   80   82   82   82   79   75   68   63
   57   56   55   58   62   67   72   80   84   93   96  104  103  112  111  122
  127  140  151  167  183  200  217  235  247  260  262  271  271  277  275  276
  269  261  251  242  234  229  225  226  227  226  222  218  214  213  206  202
  194  189  176  169  152  139  128  122  107                                   
    32.5-180.0 180.0   5.0 450.0                            LAT/LON1/LON2/DLON/H
  108   98   92   85   77   77   76   78   78   81   82   86   83   82   74   70
   63   62   61   64   65   71   73   79   83   90   95  100  103  111  113  127
  133  151  161  181  196  215  231  248  261  275  281  290  293  299  301  302
  298  292  284  276  270  265  261  262  261  261  253  248  238  231  221  212
  202  192  180  168  154  139  132  124  108                                   
    30.0-180.0 180.0   5.0 450.0                            LAT/LON1/LON2/DLON/H
  116   97   92   85   77   75   75   77   79   81   84   86   87   85   80   75
   70   69   69   70   74   76   79   81   85   89   93   99  104  114  117  132
  142  160  174  194  212  230  247  263  276  293  299  314  318  328  331  333
  331  330  330  327  325  319  316  316  314  308  297  286  274  260  245  230
  216  202  187  173  157  143  136  130  116                                   
    27.5-180.0 180.0   5.0 450.0                            LAT/LON1/LON2/DLON/H
  119  106   96   88   78   78   75   78   77   79   80   84   83   85   80   79
   75   76   75   78   80   83   83   85   86   88   91   97  102  111  118  135
  147  171  185  211  227  246  260  276  292  306  320  332  345  355  362  368
  370  375  379  385  382  379  374  371  365  355  339  324  307  291  272  254
  234  215  196  177  162  147  142  134  119                                   
    25.0-180.0 180.0   5.0 450.0                            LAT/LON1/LON2/DLON/H
  127  112  103   94   84   82   80   80   79   79   80   82   84   84   84   81
   81   81   83   85   88   91   89   90   88   91   91   96  103  114  124  143
  160  182  202  224  244  258  275  288  306  322  337  355  370  387  399  409
  414  423  430  435  436  432  428  423  420  403  386  362  342  319  297  274
  253  229  207  188  174  158  159  149  127                                   
    22.5-180.0 180.0   5.0 450.0                            LAT/LON1/LON2/DLON/H
  136  130  119  110   97   95   88   89   83   82   78   81   79   84   83   83
   82   85   86   91   92   96   93   93   89   90   91   94  105  113  128  146
  165  188  212  236  256  273  288  303  322  338  357  376  399  416  432  440
  449  459  468  474  477  471  466  457  452  433  411  385  362  339  314  292
  268  245  222  200  185  170  174  160  136                                   
    20.0-180.0 180.0   5.0 450.0                            LAT/LON1/LON2/DLON/H
  147  146  137  130  115  109  101   97   90   86   82   80   81   83   86   85
   88   87   93   95   99  100   97   96   91   92   91   98  107  120  136  157
  176  202  222  246  266  281  297  314  337  355  376  400  422  443  454  466
  473  486  494  501  503  497  491  481  474  456  436  409  385  359  335  309
  287  264  240  219  199  184  191  178  147                                   
    17.5-180.0 180.0   5.0 450.0                            LAT/LON1/LON2/DLON/H
  159  165  157  149  133  125  113  109   99   95   86   86   81   86   86   88
   88   89   90   95   95  100   94   93   88   89   93   98  114  125  148  164
  186  208  234  255  278  293  311  329  354  372  397  417  443  458  475  478
  492  498  511  513  517  508  500  485  475  455  433  408  384  362  341  321
  297  275  252  228  211  194  199  184  159                                   
    15.0-180.0 180.0   5.0 450.0                            LAT/LON1/LON2/DLON/H
  168  174  166  162  147  138  123  117  106  101   91   88   87   88   91   90
   92   89   92   93   96   95   91   88   85   88   94  104  120  135  157  179
  197  223  241  266  283  302  319  340  364  385  404  426  445  463  472  483
  490  502  509  514  516  513  500  488  474  457  435  412  390  368  350  332
  313  292  270  249  229  212  212  202  168                                   
    12.5-180.0 180.0   5.0 450.0                            LAT/LON1/LON2/DLON/H
  180  185  176  169  157  146  132  124  112  107   96   96   90   93   93   92
   92   88   88   88   88   86   81   80   80   87   95  106  129  145  170  186
  211  227  257  273  296  313  332  353  374  391  410  424  442  452  468  472
  485  488  500  501  506  502  493  478  464  448  424  401  378  363  346  334
  319  300  283  260  243  225  221  211  180                                   
    10.0-180.0 180.0   5.0 450.0                            LAT/LON1/LON2/DLON/H
  187  188  180  175  160  151  134  128  113  109   99   98   94   96   98   96
   94   88   87   82   83   78   74   73   75   87   98  115  137  154  177  198
  215  238  258  280  297  315  331  352  372  390  403  413  425  435  445  457
  463  475  485  491  495  492  482  473  463  448  427  404  383  366  352  340
  327  311  293  275  257  241  233  229  187                                   
     7.5-180.0 180.0   5.0 450.0                            LAT/LON1/LON2/DLON/H
  197  196  188  179  167  154  139  129  114  110  101  101   96  100  100   98
   94   86   82   78   74   70   66   66   74   85  105  121  145  162  186  203
