data/unet/pred2520.15i
     1.0            IONOSPHERE MAPS     GNSS                IONEX VERSION / TYPE
pyspatialgeodesy        IME             05-JAN-18 20:20     PGM / RUN BY / DATE 
Map Name                                                    COMMENT             
Predicted global ionosphere maps (GIM).                     DESCRIPTION         
  2015     9     9     0     0     0                        EPOCH OF FIRST MAP  
  2015     9    10     0     0     0                        EPOCH OF LAST MAP   
  7200                                                      INTERVAL            
    13                                                      # OF MAPS IN FILE   
  NONE                                                      MAPPING FUNCTION    
10.0                                                        ELEVATION CUTOFF    
One-way carrier phase leveled to code                       OBSERVABLES USED    
  6371.0                                                    BASE RADIUS         
 2                                                          MAP DIMENSION       
   450.0 450.0   0.0                                        HGT1 / HGT2 / DHGT  
    87.5 -87.5  -2.5                                        LAT1 / LAT2 / DLAT  
  -180.0 180.0   5.0                                        LON1 / LON2 / DLON  
    -1                                                      EXPONENT            
                                                            END OF HEADER       
     1                                                      START OF TEC MAP    
  2015     9     9     0     0     0                        EPOCH OF CURRENT MAP
    87.5-180.0 180.0   5.0 450.0                            LAT/LON1/LON2/DLON/H
  129   99   94   89   91   86   90   86   90   85   89   84   88   83   87   82
   86   81   85   80   84   79   83   78   82   77   81   76   80   75   78   74
   77   73   76   72   76   72   76   73   77   74   77   74   78   75   79   76
   80   77   80   77   80   77   80   78   81   79   82   79   83   80   83   81
   85   83   87   86   92   89   98  114  129                                   
    85.0-180.0 180.0   5.0 450.0                            LAT/LON1/LON2/DLON/H
  109   89   90   88   87   83   87   84   87   83   85   81   84   80   82   78
   80   75   77   73   75   70   72   67   69   65   65   62   63   59   60   57
   58   56   57   55   57   56   57   57   59   59   61   60   63   62   64   63
   66   65   66   65   67   66   67   67   69   68   70   70   72   72   73   73
   75   76   80   80   85   79   78   95  109                                   
    82.5-180.0 180.0   5.0 450.0                            LAT/LON1/LON2/DLON/H
  105   93   96   98   96   94   96   95   97   94   95   93   94   91   91   89
   88   85   84   80   80   75   74   70   69   64   64   59   60   55   56   52
   54   49   52   49   52   50   53   52   56   54   58   57   61   59   63   61
   65   62   66   64   69   66   70   68   73   71   75   73   79   76   81   78
   84   81   87   85   91   84   86   96  105                                   
    80.0-180.0 180.0   5.0 450.0                            LAT/LON1/LON2/DLON/H
  108  104  107  110  106  107  108  109  109  108  107  107  106  105  103  102
  100   98   95   93   89   86   82   80   76   72   68   65   62   59   57   55
   55   53   54   53   55   55   57   58   60   60   63   63   65   65   66   66
   68   67   69   69   72   72   74   75   78   78   81   81   84   84   87   87
   90   90   94   94   96   92   92  100  108                                   
    77.5-180.0 180.0   5.0 450.0                            LAT/LON1/LON2/DLON/H
  116  110  112  114  112  112  114  114  115  114  114  113  113  111  110  108
  106  103  100   97   95   90   87   82   79   73   70   65   62   58   56   53
   53   51   52   52   53   54   56   58   60   60   63   64   65   65   66   66
   67   67   68   68   70   70   72   74   76   77   79   81   83   84   87   88
   90   91   94   95   97   94   95   98  116                                   
    75.0-180.0 180.0   5.0 450.0                            LAT/LON1/LON2/DLON/H
  114  112  114  116  114  114  116  117  117  117  116  115  113  112  110  108
  106  104  101  100   95   93   88   85   79   75   70   66   61   59   56   55
   53   53   54   54   54   56   58   60   61   63   65   66   66   66   67   66
   66   66   66   67   68   69   71   72   74   76   79   81   83   84   87   88
   90   91   95   95   97   95   94  101  114                                   
    72.5-180.0 180.0   5.0 450.0                            LAT/LON1/LON2/DLON/H
  119  113  116  116  113  114  116  116  117  116  116  114  112  109  107  105
  103  101   99   97   94   91   87   82   77   72   68   64   60   57   56   54
   53   53   54   53   53   54   56   58   58   60   62   63   62   62   62   62
   60   60   60   61   61   63   66   68   70   72   75   78   79   81   84   86
   87   89   92   94   96   95   95  100  119                                   
    70.0-180.0 180.0   5.0 450.0                            LAT/LON1/LON2/DLON/H
  115  113  117  118  115  116  118  118  119  118  117  114  111  108  105  102
  100   97   96   94   91   88   84   79   74   69   65   62   59   57   56   55
   55   54   55   54   53   53   54   55   56   56   58   59   58   58   57   56
   54   54   55   56   57   59   63   66   69   72   76   78   80   81   85   86
   88   89   94   95   97   96   96  104  115                                   
    67.5-180.0 180.0   5.0 450.0                            LAT/LON1/LON2/DLON/H
  121  117  120  120  118  119  120  121  122  121  119  116  112  108  104  100
   98   95   94   91   88   85   81   76   70   66   63   60   57   56   56   55
   54   53   53   52   50   49   50   50   50   51   52   53   52   52   51   50
   48   48   49   50   52   55   60   63   67   71   75   78   80   82   85   86
   88   90   93   96   99   98   98  104  121                                   
    65.0-180.0 180.0   5.0 450.0                            LAT/LON1/LON2/DLON/H
  121  121  125  124  121  122  123  124  124  123  122  118  114  109  104  100
   97   94   92   89   86   82   78   72   67   63   60   57   56   56   56   55
   54   52   51   49   46   45   44   44   44   45   47   48   47   47   46   45
   43   43   44   46   49   54   59   65   70   75   79   83   85   87   89   90
   92   94   97  100  102  102  101  108  121                                   
    62.5-180.0 180.0   5.0 450.0                            LAT/LON1/LON2/DLON/H
  133  131  131  130  126  127  126  128  128  128  126  123  118  113  108  103
  100   97   94   90   86   81   76   70   65   61   58   56   55   55   55   54
   52   49   47   43   40   37   36   36   36   38   40   41   42   41   41   40
   39   38   40   42   46   51   58   64   71   75   81   85   88   89   92   93
   95   97  100  103  105  105  104  110  133                                   
    60.0-180.0 180.0   5.0 450.0                            LAT/LON1/LON2/DLON/H
  138  137  138  136  131  130  130  130  131  130  129  125  122  117  113  108
  105  101   97   93   88   82   76   69   65   59   57   55   54   54   53   52
   49   45   42   38   34   31   29   30   29   31   34   37   37   38   37   36
   35   35   36   39   43   49   57   65   71   78   83   88   90   93   95   97
   99  101  105  108  110  109  109  113  138                                   
    57.5-180.0 180.0   5.0 450.0                            LAT/LON1/LON2/DLON/H
  151  150  147  144  138  137  136  137  137  138  135  133  130  127  122  118
  114  110  105  100   94   87   80   73   67   62   59   56   55   53   52   49
   45   42   38   34   30   27   25   25   26   28   31   33   34   35   35   34
   33   33   34   36   41   46   56   63   71   77   84   88   92   94   98  100
  103  106  111  114  115  116  114  117  151                                   
    55.0-180.0 180.0   5.0 450.0                            LAT/LON1/LON2/DLON/H
  160  159  157  153  146  143  142  142  143  142  142  139  138  135  132  129
  126  120  115  108  102   94   86   77   71   65   62   58   56   53   51   47
   43   39   35   32   28   26   24   24   25   27   30   32   33   34   33   33
   32   32   33   35   39   46   54   63   71   78   84   88   92   96   99  103
  108  112  118  122  123  123  122  123  160                                   
    52.5-180.0 180.0   5.0 450.0                            LAT/LON1/LON2/DLON/H
  172  172  167  163  155  153  150  151  150  151  150  149  147  147  145  143
  138  133  126  119  111  103   94   86   78   73   68   63   59   56   51   47
   43   40   36   34   31   30   29   29   30   32   34   37   37   38   37   37
   35   35   35   37   41   47   56   65   74   80   86   90   94   97  102  106
  112  118  125  130  131  132  131  130  172                                   
    50.0-180.0 180.0   5.0 450.0                            LAT/LON1/LON2/DLON/H
  182  180  179  175  167  163  160  160  159  159  157  156  156  156  155  154
  150  144  136  128  120  111  102   93   86   79   74   68   63   57   51   46
   42   39   37   35   35   34   34   34   35   37   39   41   41   42   40   40
   38   38   38   40   44   51   60   70   78   85   89   93   95   99  103  108
  115  122  133  138  139  140  139  138  182                                   
    47.5-180.0 180.0   5.0 450.0                            LAT/LON1/LON2/DLON/H
  194  191  190  187  180  178  173  173  169  169  166  166  165  167  165  164
  160  154  146  139  129  121  110  103   94   88   81   75   68   61   53   47
   43   41   40   41   41   42   43   44   45   47   48   50   48   49   48   48
   45   45   45   48   52   60   69   80   88   95   98  100  102  104  108  113
  121  129  140  147  147  149  149  145  194                                   
    45.0-180.0 180.0   5.0 450.0                            LAT/LON1/LON2/DLON/H
  204  199  202  198  193  191  188  186  182  181  177  177  176  177  176  175
  170  165  156  149  139  130  119  110  102   95   88   80   71   63   54   48
   44   42   43   45   46   49   50   53   54   56   57   58   56   57   55   54
   53   52   53   54   59   66   79   89   99  103  107  107  108  108  112  117
  125  134  147  154  155  157  158  158  204                                   
    42.5-180.0 180.0   5.0 450.0                            LAT/LON1/LON2/DLON/H
  216  210  212  210  207  205  203  201  196  193  188  188  185  188  185  186
  180  177  168  162  151  141  128  120  110  104   95   87   76   66   57   51
   47   47   48   52   52   55   57   60   61   65   66   67   66   66   64   63
   61   61   60   62   67   76   89  101  110  115  117  117  116  117  119  123
  130  140  153  161  162  164  169  168  216                                   
    40.0-180.0 180.0   5.0 450.0                            LAT/LON1/LON2/DLON/H
  226  220  225  221  219  217  215  213  209  205  200  198  198  197  195  194
  191  188  182  176  163  151  137  127  117  109  100   91   79   68   58   53
   50   50   52   55   56   59   61   65   67   73   74   77   75   75   73   71
   68   66   66   67   73   82   96  108  120  124  128  127  127  126  127  129
  137  146  160  169  169  173  178  181  226                                   
    37.5-180.0 180.0   5.0 450.0                            LAT/LON1/LON2/DLON/H
  240  232  237  234  232  230  228  226  222  217  212  211  208  209  205  204
  201  201  196  191  179  166  148  136  124  116  104   95   82   72   62   58
   55   57   58   61   61   64   64   69   72   79   83   86   85   84   81   79
   75   74   72   74   79   90  103  117  127  134  137  138  138  137  137  139
  146  155  168  177  177  182  191  193  240                                   
    35.0-180.0 180.0   5.0 450.0                            LAT/LON1/LON2/DLON/H
  258  249  256  251  248  245  244  240  238  234  231  228  227  223  220  217
  216  214  211  204  193  176  157  141  128  118  108   97   84   73   64   60
   59   60   63   65   66   68   69   74   78   86   91   96   94   93   88   84
   80   77   75   75   82   91  106  119  132  138  144  144  147  145  147  147
  154  162  176  186  187  197  203  210  258                                   
    32.5-180.0 180.0   5.0 450.0                            LAT/LON1/LON2/DLON/H
  280  273  279  276  271  267  263  261  258  257  253  252  248  245  239  236
  233  230  226  218  202  186  163  148  132  123  110  100   86   77   68   66
   64   67   69   72   72   75   75   81   84   93   98  104  101   98   92   88
   82   79   76   76   82   92  106  120  132  139  145  147  150  152  153  156
  163  172  185  195  199  207  218  229  280                                   
    30.0-180.0 180.0   5.0 450.0                            LAT/LON1/LON2/DLON/H
  309  308  317  313  307  301  295  291  289  287  286  283  280  273  265  258
  253  247  239  226  208  187  165  147  133  122  110   99   87   77   70   68
   68   70   73   76   78   81   83   88   91   99  104  108  104   98   91   85
   80   75   73   72   79   88  103  115  129  137  144  148  155  156  162  164
  175  182  196  206  210  224  235  249  309                                   
    27.5-180.0 180.0   5.0 450.0                            LAT/LON1/LON2/DLON/H
  337  343  355  356  352  345  337  330  325  323  320  318  312  304  293  283
  272  262  248  230  207  186  162  147  132  122  110   99   87   80   73   72
   72   75   77   82   84   88   89   94   97  103  106  108  101   95   86   80
   74   70   68   68   73   82   95  110  123  134  142  151  158  165  171  177
  188  197  211  219  227  239  251  265  337                                   
    25.0-180.0 180.0   5.0 450.0                            LAT/LON1/LON2/DLON/H
  365  384  399  405  404  398  388  379  370  365  361  357  350  338  324  308
  293  275  254  228  203  178  157  141  129  118  107   97   87   80   76   75
   76   79   81   87   90   96   97  100  102  105  106  103   96   87   80   71
   68   63   62   60   66   74   88  101  116  127  138  148  160  172  184  191
  205  213  228  236  245  259  270  285  365                                   
    22.5-180.0 180.0   5.0 450.0                            LAT/LON1/LON2/DLON/H
  385  408  431  444  448  446  436  429  418  413  404  401  389  376  354  335
  312  286  256  225  196  174  151  138  125  116  104   96   86   82   78   79
   78   82   84   90   94  102  102  106  105  107  103   99   90   82   73   66
   61   56   52   48   53   58   74   90  108  123  137  151  166  184  197  210
  225  234  249  258  268  280  288  303  385                                   
    20.0-180.0 180.0   5.0 450.0                            LAT/LON1/LON2/DLON/H
  402  433  458  479  488  490  481  475  465  459  451  446  434  416  389  362
  334  300  261  224  193  169  149  136  125  114  104   95   88   85   83   83
   83   86   88   95  101  107  109  110  109  106  102   95   88   77   71   61
   58   49   45   39   44   48   65   81  105  126  143  161  180  200  216  232
  248  260  274  284  294  305  312  326  402                                   
    17.5-180.0 180.0   5.0 450.0                            LAT/LON1/LON2/DLON/H
  413  437  465  492  507  514  508  505  497  494  487  484  472  456  423  390
  352  311  268  228  196  175  153  142  128  118  105   98   92   91   88   90
   88   92   91  102  107  115  116  118  113  112  104   99   89   80   70   60
   51   42   36   29   34   39   56   76  104  131  154  177  201  224  243  261
  280  292  306  315  326  334  336  351  413                                   
    15.0-180.0 180.0   5.0 450.0                            LAT/LON1/LON2/DLON/H
  424  449  474  504  522  532  531  531  527  524  520  517  507  488  455  415
  372  324  279  237  206  183  164  150  135  121  110  102   99   98   97   97
   96   96   99  106  115  120  124  119  119  111  108   96   93   79   74   58
   53   41   36   28   34   37   58   78  113  143  172  195  223  249  271  294
  313  328  340  350  360  369  371  380  424                                   
    12.5-180.0 180.0   5.0 450.0                            LAT/LON1/LON2/DLON/H
  434  450  475  502  523  534  534  540  540  541  540  538  529  510  476  437
  389  340  294  254  223  201  179  164  144  129  115  111  108  111  108  112
  109  115  112  124  128  135  134  132  128  124  116  108   98   87   75   62
   51   41   35   27   32   36   58   83  119  152  183  210  242  269  298  323
  344  361  374  385  394  401  402  409  434                                   
    10.0-180.0 180.0   5.0 450.0                            LAT/LON1/LON2/DLON/H
  449  464  483  507  529  539  543  548  552  556  558  555  546  524  492  450
  405  355  309  271  242  217  195  176  154  137  126  123  124  127  129  131
  131  134  133  140  144  144  144  137  135  125  122  108  103   88   81   65
   57   46   40   33   38   42   66   89  130  161  193  222  255  287  318  344
  366  385  399  411  422  428  433  434  449                                   
     7.5-180.0 180.0   5.0 450.0                            LAT/LON1/LON2/DLON/H
  466  476  491  511  527  537  539  545  551  556  558  557  547  525  492  456
  414  370  328  289  261  235  209  188  163  149  138  141  143  151  151  155
