data/unet/pred2570.15i
     1.0            IONOSPHERE MAPS     GNSS                IONEX VERSION / TYPE
pyspatialgeodesy        IME             05-JAN-18 20:20     PGM / RUN BY / DATE 
Map Name                                                    COMMENT             
Predicted global ionosphere maps (GIM).                     DESCRIPTION         
  2015     9    14     0     0     0                        EPOCH OF FIRST MAP  
  2015     9    15     0     0     0                        EPOCH OF LAST MAP   
  7200                                                      INTERVAL            
    13                                                      # OF MAPS IN FILE   
  NONE                                                      MAPPING FUNCTION    
10.0                                                        ELEVATION CUTOFF    
One-way carrier phase leveled to code                       OBSERVABLES USED    
  6371.0                                                    BASE RADIUS         
 2                                                          MAP DIMENSION       
   450.0 450.0   0.0                                        HGT1 / HGT2 / DHGT  
    87.5 -87.5  -2.5                                        LAT1 / LAT2 / DLAT  
  -180.0 180.0   5.0                                        LON1 / LON2 / DLON  
    -1                                                      EXPONENT            
                                                            END OF HEADER       
     1                                                      START OF TEC MAP    
  2015     9    14     0     0     0                        EPOCH OF CURRENT MAP
    87.5-180.0 180.0   5.0 450.0                            LAT/LON1/LON2/DLON/H
  132   96   94   88   92   87   92   89   94   90   94   90   93   89   93   88
   92   88   91   87   90   86   90   85   89   85   89   84   88   84   87   83
   87   83   86   82   86   82   86   82   86   82   86   82   86   82   85   81
   85   82   85   81   86   82   85   81   86   82   86   81   86   81   86   81
   86   81   87   83   92   89   98  121  132                                   
    85.0-180.0 180.0   5.0 450.0                            LAT/LON1/LON2/DLON/H
  103   86   89   88   89   84   90   87   92   88   92   88   91   87   90   86
   88   84   86   82   84   79   81   77   79   75   77   72   75   70   73   68
   72   68   71   67   71   68   71   68   72   69   72   69   73   70   73   70
   74   71   74   72   75   73   76   73   77   74   77   74   78   75   78   75
   79   76   81   78   87   80   80   95  103                                   
    82.5-180.0 180.0   5.0 450.0                            LAT/LON1/LON2/DLON/H
   97   85   91   93   92   90   94   94   97   95   98   95   97   94   96   92
   93   88   89   84   85   80   81   75   76   71   72   67   69   63   66   61
   65   60   65   61   65   62   67   63   68   64   69   65   70   66   70   66
   71   67   72   69   74   70   75   71   77   73   78   74   79   75   79   75
   80   77   83   81   89   83   83   94   97                                   
    80.0-180.0 180.0   5.0 450.0                            LAT/LON1/LON2/DLON/H
  100   93   98  101  100  102  105  108  109  111  111  112  111  111  109  108
  106  103  101   97   94   91   87   84   81   77   74   71   69   66   65   63
   63   62   63   62   65   64   66   66   68   67   69   68   70   68   70   69
   71   70   72   72   75   74   77   77   79   79   81   81   83   82   84   84
   86   86   89   90   94   90   89   99  100                                   
    77.5-180.0 180.0   5.0 450.0                            LAT/LON1/LON2/DLON/H
  104   95  100  104  103  105  109  112  115  117  119  120  121  120  119  116
  114  110  107  103  100   95   91   86   83   78   75   71   69   65   64   61
   60   58   60   59   61   60   62   62   64   63   64   63   64   62   64   62
   64   62   65   65   68   68   71   72   75   76   78   79   81   80   82   82
   84   84   87   88   92   89   90   97  104                                   
    75.0-180.0 180.0   5.0 450.0                            LAT/LON1/LON2/DLON/H
  102   95   99  104  104  107  112  116  120  123  126  128  128  128  126  124
  121  117  114  109  104  100   95   90   86   81   77   72   69   65   62   59
   58   57   57   57   58   58   59   59   60   60   60   59   58   57   57   56
   56   56   58   59   62   64   67   69   72   73   76   77   78   78   80   79
   81   81   84   85   88   87   88   98  102                                   
    72.5-180.0 180.0   5.0 450.0                            LAT/LON1/LON2/DLON/H
  105   94   99  103  103  105  110  114  119  123  126  128  129  128  127  124
  121  117  113  109  104  100   96   91   86   81   77   72   68   63   60   57
   56   53   54   53   54   53   54   53   55   53   54   51   51   49   49   47
   48   47   50   51   55   56   61   63   67   69   72   73   75   75   76   75
   77   76   80   80   85   84   86   95  105                                   
    70.0-180.0 180.0   5.0 450.0                            LAT/LON1/LON2/DLON/H
  102   93   97  101  101  104  109  113  117  122  126  128  128  127  125  122
  118  115  111  107  102   98   94   89   85   79   75   69   65   61   58   55
   53   51   50   49   49   48   49   48   49   47   48   46   45   42   43   41
   42   41   45   46   51   53   59   62   67   69   72   74   75   75   75   74
   75   75   77   78   83   83   86   97  102                                   
    67.5-180.0 180.0   5.0 450.0                            LAT/LON1/LON2/DLON/H
  106   95   98  100   99  101  106  110  115  119  123  125  124  123  119  117
  112  110  106  103   98   94   90   85   80   75   70   66   62   58   55   51
   50   46   45   42   42   40   41   39   41   39   41   38   39   35   37   34
   36   35   40   41   47   50   57   60   66   68   73   74   76   75   76   74
   75   73   76   77   82   82   86   96  106                                   
    65.0-180.0 180.0   5.0 450.0                            LAT/LON1/LON2/DLON/H
  106   99  100  102   99  101  104  108  112  116  120  121  120  118  115  112
  109  106  103   99   96   91   86   80   76   70   66   62   58   55   52   49
   46   43   40   37   36   34   34   33   35   34   35   34   34   33   33   31
   33   33   38   40   46   50   57   61   68   71   76   78   80   79   79   78
   77   76   79   80   84   85   89  100  106                                   
    62.5-180.0 180.0   5.0 450.0                            LAT/LON1/LON2/DLON/H
  113  104  104  104  100   99  102  105  109  112  115  116  116  114  112  110
  107  105  102   99   94   89   83   77   72   66   62   57   55   51   49   45
   43   38   36   31   30   28   28   28   29   30   31   31   32   30   31   29
   32   32   37   38   45   48   56   61   69   72   78   80   84   82   83   81
   82   80   83   83   87   88   93  101  113                                   
    60.0-180.0 180.0   5.0 450.0                            LAT/LON1/LON2/DLON/H
  115  110  109  108  101   99  100  102  106  109  112  114  115  114  113  112
  111  109  106  103   98   92   85   78   72   66   61   56   54   51   48   45
   42   37   33   29   28   25   26   25   28   29   31   31   32   31   31   30
   32   32   36   38   44   48   56   62   69   75   81   84   88   89   89   88
   88   87   88   89   91   92   96  105  115                                   
    57.5-180.0 180.0   5.0 450.0                            LAT/LON1/LON2/DLON/H
  127  120  116  113  106  102  101  102  105  108  111  113  115  116  116  117
  117  117  114  110  105   99   90   83   76   69   63   58   56   52   50   46
   43   38   34   30   28   27   27   28   31   32   34   34   35   33   33   32
   34   33   37   38   44   47   55   61   70   75   82   86   91   92   94   95
   95   95   96   96   98   99  101  106  127                                   
    55.0-180.0 180.0   5.0 450.0                            LAT/LON1/LON2/DLON/H
  130  128  125  121  112  107  105  104  105  107  110  113  116  119  122  124
  126  126  123  120  115  108   99   91   83   76   69   63   60   56   53   50
   47   42   38   34   33   32   33   34   37   39   40   40   40   37   36   35
   36   35   38   38   44   47   55   61   71   77   85   90   95   98  101  102
  103  103  104  104  105  104  105  110  130                                   
    52.5-180.0 180.0   5.0 450.0                            LAT/LON1/LON2/DLON/H
  143  139  134  130  121  116  112  110  109  110  111  114  118  123  127  131
  134  135  133  130  125  117  109  101   93   86   78   72   67   62   58   54
   51   47   44   42   41   41   42   44   47   48   48   46   45   42   40   38
   39   38   39   40   44   47   55   62   72   78   86   91   97  101  104  107
  109  110  111  111  112  111  110  113  143                                   
    50.0-180.0 180.0   5.0 450.0                            LAT/LON1/LON2/DLON/H
  146  144  142  139  131  125  121  117  115  114  114  116  121  126  132  137
  141  143  141  139  133  127  119  112  106   98   89   82   75   69   63   59
   56   53   51   50   51   52   53   55   57   58   57   55   52   49   46   45
   45   44   45   45   49   52   60   66   77   83   91   96  102  105  109  112
  115  117  118  119  119  116  113  116  146                                   
    47.5-180.0 180.0   5.0 450.0                            LAT/LON1/LON2/DLON/H
  154  152  149  148  142  138  132  129  124  122  120  123  127  133  139  144
  148  150  149  147  143  138  132  126  119  111  101   93   83   76   69   64
   61   59   58   59   61   62   64   66   68   67   66   63   60   56   53   52
   52   52   52   52   55   59   67   74   83   90   97  101  105  108  112  116
  119  123  125  126  126  123  118  118  154                                   
    45.0-180.0 180.0   5.0 450.0                            LAT/LON1/LON2/DLON/H
  155  155  156  156  151  147  143  138  134  130  128  129  134  140  145  150
  153  155  155  154  151  148  143  139  132  124  113  103   91   82   74   68
   66   64   65   66   69   71   73   74   76   76   74   71   67   64   62   61
   62   61   61   61   65   68   76   83   93   98  105  107  111  113  117  120
  125  128  132  133  132  128  122  122  155                                   
    42.5-180.0 180.0   5.0 450.0                            LAT/LON1/LON2/DLON/H
  160  160  159  161  158  157  152  149  144  141  139  140  145  150  154  157
  159  161  162  162  160  158  155  151  144  135  122  110   96   85   77   72
   69   69   70   72   75   77   79   81   83   82   81   77   74   71   70   69
   70   69   70   70   73   77   85   93  102  108  113  114  117  118  121  123
  128  133  137  139  138  133  128  128  160                                   
    40.0-180.0 180.0   5.0 450.0                            LAT/LON1/LON2/DLON/H
  162  163  164  167  164  163  160  157  152  150  148  151  155  159  162  164
  165  166  167  168  167  165  162  158  151  142  128  114  100   88   79   74
   72   72   74   77   80   82   84   86   88   89   88   85   82   80   78   78
   80   80   80   81   84   88   97  105  115  119  124  123  126  125  127  129
  134  138  144  146  146  141  136  136  162                                   
    37.5-180.0 180.0   5.0 450.0                            LAT/LON1/LON2/DLON/H
  171  170  170  172  170  170  168  165  161  160  160  164  168  172  173  173
  173  174  175  175  173  171  167  162  153  143  129  114  100   89   80   76
   74   75   77   81   84   87   88   91   93   96   95   93   90   87   86   85
   87   86   88   88   92   98  108  116  125  128  131  132  134  133  135  137
  141  146  153  156  156  151  148  147  171                                   
    35.0-180.0 180.0   5.0 450.0                            LAT/LON1/LON2/DLON/H
  181  181  184  183  178  178  176  174  170  170  172  177  183  186  185  184
  182  182  181  180  177  173  167  160  151  140  127  112   99   87   79   76
   76   77   80   84   87   90   92   95   99  102  102  100   97   93   91   91
   92   92   94   95  100  106  117  124  133  134  139  137  141  139  144  144
  150  155  166  169  170  167  166  166  181                                   
    32.5-180.0 180.0   5.0 450.0                            LAT/LON1/LON2/DLON/H
  206  203  203  200  193  192  187  184  181  182  185  192  197  201  199  197
  193  192  189  187  180  173  164  156  146  136  123  110   96   86   78   76
   76   79   83   89   92   96   97  101  103  108  108  107  102   97   94   93
   93   92   93   94  100  108  119  128  136  140  143  144  148  149  153  156
  161  167  178  184  185  185  189  188  206                                   
    30.0-180.0 180.0   5.0 450.0                            LAT/LON1/LON2/DLON/H
  234  230  233  227  217  213  206  202  196  196  199  206  211  213  211  207
  203  200  194  189  179  170  159  149  139  129  119  106   94   83   77   75
   78   81   87   94   98  102  103  106  109  113  114  111  105   98   93   91
   89   88   89   90   97  104  117  126  136  140  146  148  157  158  167  168
  177  181  194  200  204  208  213  217  234                                   
    27.5-180.0 180.0   5.0 450.0                            LAT/LON1/LON2/DLON/H
  270  262  268  262  251  245  235  227  218  216  217  222  227  228  224  219
  213  207  199  190  176  164  152  142  133  125  114  103   91   83   77   77
   80   87   94  101  105  110  110  112  114  117  116  112  103   95   88   83
   81   79   79   80   86   96  110  122  133  140  147  154  163  170  180  186
  194  201  213  219  224  231  240  247  270                                   
    25.0-180.0 180.0   5.0 450.0                            LAT/LON1/LON2/DLON/H
  302  303  310  303  293  286  273  263  250  245  242  245  247  244  238  229
  222  211  200  186  171  158  146  136  128  121  112  102   92   84   80   80
   87   95  104  111  116  118  118  118  120  119  117  109   99   89   80   74
   70   68   68   70   76   87  101  116  130  139  147  155  168  179  194  203
  215  222  236  243  250  261  272  281  302                                   
    22.5-180.0 180.0   5.0 450.0                            LAT/LON1/LON2/DLON/H
  336  340  350  346  337  331  318  305  292  283  279  277  276  267  257  243
  232  216  201  185  168  155  144  135  127  122  114  105   97   91   88   90
   97  105  112  119  123  125  124  123  122  119  114  105   93   82   72   66
   63   60   59   60   65   77   94  112  129  142  152  162  176  191  208  221
  236  247  261  268  280  291  302  312  336                                   
    20.0-180.0 180.0   5.0 450.0                            LAT/LON1/LON2/DLON/H
  364  377  390  388  384  378  368  358  345  334  326  319  312  297  282  263
  248  224  206  186  171  159  149  141  133  127  120  113  107  101  100  101
  111  115  123  127  133  133  132  127  125  117  111   99   87   74   67   59
   57   53   50   50   55   68   85  110  130  146  158  170  186  202  223  239
  258  272  288  297  310  327  337  346  364                                   
    17.5-180.0 180.0   5.0 450.0                            LAT/LON1/LON2/DLON/H
  383  397  413  416  418  415  410  406  397  389  377  369  356  338  318  294
  270  242  217  196  181  171  163  155  147  139  132  124  118  112  111  112
  119  124  131  134  140  139  135  130  123  115  105   93   81   70   63   57
   53   47   43   42   48   61   81  108  136  155  170  183  201  219  241  260
  282  299  317  328  344  358  364  370  383                                   
    15.0-180.0 180.0   5.0 450.0                            LAT/LON1/LON2/DLON/H
  400  411  426  434  439  443  446  449  447  442  432  422  406  385  360  332
  305  269  242  215  202  192  185  176  165  156  148  140  136  128  129  125
  134  135  142  142  147  142  138  129  122  111  102   89   80   69   65   58
   55   45   42   41   46   60   80  109  140  162  179  196  217  236  258  279
  304  324  344  359  374  388  394  394  400                                   
    12.5-180.0 180.0   5.0 450.0                            LAT/LON1/LON2/DLON/H
  412  420  434  442  450  458  463  473  476  477  472  466  451  431  408  378
  347  309  277  247  231  221  213  201  188  176  168  162  157  151  150  147
  153  153  156  153  150  143  136  127  117  107   97   87   79   71   65   60
   54   47   42   41   47   60   81  109  144  169  189  209  232  251  273  298
  323  345  368  382  398  406  409  411  412                                   
    10.0-180.0 180.0   5.0 450.0                            LAT/LON1/LON2/DLON/H
  423  430  441  451  461  469  478  491  500  504  502  500  487  471  447  423
  393  355  322  292  277  260  249  230  212  196  191  184  181  174  171  168
  172  169  168  159  152  140  132  120  111   99   94   84   79   70   66   59
   54   45   40   40   47   59   80  108  142  169  192  216  241  263  287  312
  337  362  385  400  415  422  428  425  423                                   
     7.5-180.0 180.0   5.0 450.0                            LAT/LON1/LON2/DLON/H
  434  441  453  462  470  478  485  500  509  516  516  514  507  495  478  454
  432  397  367  338  320  301  283  256  235  217  211  207  204  198  192  189
