data/unet/pred3580.15i
     1.0            IONOSPHERE MAPS     GNSS                IONEX VERSION / TYPE
pyspatialgeodesy        IME             05-JAN-18 20:20     PGM / RUN BY / DATE 
Map Name                                                    COMMENT             
Predicted global ionosphere maps (GIM).                     DESCRIPTION         
  2015    12    24     0     0     0                        EPOCH OF FIRST MAP  
  2015    12    25     0     0     0                        EPOCH OF LAST MAP   
  7200                                                      INTERVAL            
    13                                                      # OF MAPS IN FILE   
  NONE                                                      MAPPING FUNCTION    
10.0                                                        ELEVATION CUTOFF    
One-way carrier phase leveled to code                       OBSERVABLES USED    
  6371.0                                                    BASE RADIUS         
 2                                                          MAP DIMENSION       
   450.0 450.0   0.0                                        HGT1 / HGT2 / DHGT  
    87.5 -87.5  -2.5                                        LAT1 / LAT2 / DLAT  
  -180.0 180.0   5.0                                        LON1 / LON2 / DLON  
    -1                                                      EXPONENT            
                                                            END OF HEADER       
[from data line 2145]
     6                                                      START OF TEC MAP    
  2015    12    24    10     0     0                        EPOCH OF CURRENT MAP
    87.5-180.0 180.0   5.0 450.0                            LAT/LON1/LON2/DLON/H
   30   45   32   33   33   33   35   35   36   37   37   38   38   38   38   38
   38   38   37   37   37   37   36   36   36   35   35   34   34   33   33   31
   32   31   32   30   31   30   32   29   31   29   31   28   29   27   29   27
   27   26   27   25   25   25   24   24   23   23   22   22   22   22   22   21
   22   22   23   24   23   25   26   30   30                                   
    85.0-180.0 180.0   5.0 450.0                            LAT/LON1/LON2/DLON/H
   51   53   52   54   55   54   56   56   57   56   57   54   56   53   54   51
   52   50   50   49   50   49   50   50   51   51   53   52   53   53   53   53
   53   54   54   53   53   54   53   53   53   52   52   51   50   49   48   46
   46   44   43   41   40   39   38   37   37   37   36   36   36   36   37   37
   38   38   40   39   41   43   51   37   51                                   
    82.5-180.0 180.0   5.0 450.0                            LAT/LON1/LON2/DLON/H
   44   61   52   54   52   54   54   57   56   56   54   54   52   51   48   47
   45   44   43   43   43   43   44   45   46   47   48   49   49   50   49   50
   49   51   49   50   49   50   49   50   48   49   47   47   45   45   43   42
   40   39   37   36   34   34   32   32   30   31   29   30   29   30   29   30
   30   33   33   34   36   40   44   23   44                                   
    80.0-180.0 180.0   5.0 450.0                            LAT/LON1/LON2/DLON/H
   44   57   46   50   46   51   50   53   52   52   48   49   44   43   38   38
   33   33   29   32   30   32   32   35   35   38   38   42   41   44   42   45
   43   46   44   46   45   47   46   48   47   48   46   46   44   44   41   41
   37   38   33   34   30   32   28   29   26   27   24   26   24   26   24   26
   25   28   28   28   30   34   41   23   44                                   
    77.5-180.0 180.0   5.0 450.0                            LAT/LON1/LON2/DLON/H
   38   55   47   48   48   50   50   52   51   50   46   44   40   35   32   27
   25   21   21   20   21   22   25   27   30   31   35   35   38   38   40   40
   42   43   44   45   46   47   49   50   50   51   51   50   49   49   47   46
   44   44   42   40   39   37   36   34   33   31   32   30   31   30   31   30
   31   31   32   33   34   36   40   14   38                                   
    75.0-180.0 180.0   5.0 450.0                            LAT/LON1/LON2/DLON/H
   39   50   42   47   45   50   50   51   50   47   45   40   36   30   25   20
   17   14   14   14   16   19   22   26   29   32   34   36   36   39   39   41
   40   44   44   48   48   53   52   56   54   58   56   58   54   56   53   54
   50   52   49   49   46   47   43   43   40   41   38   39   36   38   36   38
   36   37   37   37   38   41   43   19   39                                   
    72.5-180.0 180.0   5.0 450.0                            LAT/LON1/LON2/DLON/H
   41   52   46   47   47   48   51   51   51   47   44   39   33   26   22   16
   14   10   12   11   16   19   25   28   34   35   39   38   40   38   40   39
   41   42   46   48   53   55   59   60   63   63   65   64   64   62   63   61
   61   59   59   57   56   54   53   51   49   47   46   45   44   43   44   43
   43   42   43   43   43   43   45   18   41                                   
    70.0-180.0 180.0   5.0 450.0                            LAT/LON1/LON2/DLON/H
   45   48   43   47   45   50   48   53   50   49   44   40   33   28   21   18
   14   13   13   16   20   27   31   37   40   44   44   44   41   41   40   40
   40   44   46   53   56   63   65   70   71   74   74   74   74   73   73   72
   72   70   69   68   66   63   62   58   57   54   54   51   51   49   49   48
   49   48   49   47   48   48   49   28   45                                   
    67.5-180.0 180.0   5.0 450.0                            LAT/LON1/LON2/DLON/H
   45   50   44   45   44   46   49   50   51   48   46   40   36   29   26   20
   20   17   21   22   29   33   42   45   50   50   51   47   45   40   40   37
   39   40   47   51   59   65   72   75   79   81   83   83   83   84   84   83
   82   80   78   75   71   69   64   61   58   56   53   51   50   49   48   48
   49   49   51   50   50   49   51   29   45                                   
    65.0-180.0 180.0   5.0 450.0                            LAT/LON1/LON2/DLON/H
   47   47   43   43   42   46   46   50   47   49   43   44   35   36   27   29
   23   27   25   33   35   45   49   56   57   59   56   52   46   43   39   39
   39   43   49   57   64   73   79   86   89   94   94   97   96   99   97   97
   93   92   87   85   79   74   69   63   61   55   55   51   51   49   49   49
   49   51   51   53   52   53   55   36   47                                   
    62.5-180.0 180.0   5.0 450.0                            LAT/LON1/LON2/DLON/H
   45   51   44   43   42   43   45   47   47   46   45   43   41   38   36   34
   34   33   36   38   44   49   56   59   61   60   57   51   46   40   38   36
   40   44   53   60   71   79   88   95  100  106  107  110  110  112  111  110
  106  102   97   92   85   78   70   64   60   55   53   50   49   46   46   45
   45   45   48   49   51   50   56   34   45                                   
    60.0-180.0 180.0   5.0 450.0                            LAT/LON1/LON2/DLON/H
   46   47   44   43   41   43   43   45   44   45   42   45   40   44   39   44
   38   43   40   46   46   53   55   60   59   59   55   50   46   42   40   42
   46   52   61   70   81   92  100  109  113  119  121  125  124  126  123  122
  115  112  105  100   92   82   76   67   66   59   59   53   52   48   46   45
   42   45   44   49   48   52   55   35   46                                   
    57.5-180.0 180.0   5.0 450.0                            LAT/LON1/LON2/DLON/H
   46   51   45   43   41   41   41   41   41   40   40   41   43   45   46   47
   46   45   45   45   46   48   50   52   51   49   47   43   41   39   42   44
   52   59   70   78   90  100  110  117  123  129  132  135  136  135  134  130
  126  120  114  107   99   88   80   71   69   64   62   58   55   49   46   41
   40   38   41   42   45   47   54   32   46                                   
    55.0-180.0 180.0   5.0 450.0                            LAT/LON1/LON2/DLON/H
   48   49   46   45   41   42   40   39   37   36   36   39   39   45   43   50
   43   47   40   43   38   43   39   44   40   42   38   41   40   45   48   57
   63   72   81   94  102  114  120  130  134  141  143  147  144  146  141  141
  133  130  121  117  105   97   87   81   77   73   72   68   64   58   53   47
   41   42   39   45   44   50   54   36   48                                   
    52.5-180.0 180.0   5.0 450.0                            LAT/LON1/LON2/DLON/H
   52   57   49   48   44   42   40   38   35   33   33   35   38   41   44   46
   45   42   39   36   34   33   33   32   31   30   30   33   38   46   55   65
   75   83   93  103  113  121  130  136  143  148  152  153  154  153  151  148
  144  139  132  124  115  105   98   91   87   83   82   79   73   68   60   52
   47   43   43   44   46   50   56   37   52                                   
    50.0-180.0 180.0   5.0 450.0                            LAT/LON1/LON2/DLON/H
   57   59   56   54   49   47   42   39   35   32   32   34   35   40   39   43
   38   38   31   32   26   28   24   28   23   27   25   35   41   56   65   79
   87   99  106  118  124  135  139  149  150  160  157  165  160  166  158  162
  152  152  142  138  125  119  108  104   98   96   92   90   85   81   73   65
   57   53   47   51   50   57   59   44   57                                   
    47.5-180.0 180.0   5.0 450.0                            LAT/LON1/LON2/DLON/H
   62   68   61   60   54   51   46   42   38   35   34   35   36   39   40   39
   38   34   32   29   28   27   26   24   23   23   27   34   45   59   73   84
   95  105  115  123  133  139  147  151  158  160  164  166  170  169  170  166
  163  157  153  144  137  126  119  111  106  102   99   96   92   88   81   74
   66   60   57   56   56   60   65   50   62                                   
    45.0-180.0 180.0   5.0 450.0                            LAT/LON1/LON2/DLON/H
   68   70   68   66   61   59   53   48   43   41   39   41   39   42   38   39
   34   34   30   32   28   31   27   29   24   29   29   44   52   70   82   96
  105  117  124  136  143  152  157  164  164  170  169  176  174  181  175  179
  169  170  159  155  143  135  124  119  109  106  100   99   94   93   87   82
   74   71   64   64   62   66   69   58   68                                   
    42.5-180.0 180.0   5.0 450.0                            LAT/LON1/LON2/DLON/H
   69   75   71   71   66   64   59   55   51   49   49   49   49   47   45   42
   40   36   37   36   36   36   36   34   33   32   38   46   59   73   87   97
  108  116  128  137  149  155  164  166  171  171  175  177  183  183  186  180
  180  173  168  158  151  139  131  120  113  104   98   95   93   91   88   85
   78   74   70   66   66   66   71   60   69                                   
    40.0-180.0 180.0   5.0 450.0                            LAT/LON1/LON2/DLON/H
   71   72   73   73   70   70   67   64   61   60   60   61   58   57   52   50
   46   44   42   44   42   45   43   45   42   45   47   59   68   84   96  107
  115  125  135  149  161  171  176  180  180  183  183  188  189  194  192  194
  188  187  177  170  158  148  136  127  115  107   97   94   89   90   88   87
   82   79   72   71   67   70   69   61   71                                   
    37.5-180.0 180.0   5.0 450.0                            LAT/LON1/LON2/DLON/H
   67   73   70   73   71   72   70   69   68   68   71   71   70   68   64   59
   55   51   50   49   49   50   51   50   51   51   56   65   77   90   99  108
  116  127  140  154  170  179  187  188  189  190  192  193  200  199  206  202
  203  196  191  178  170  158  151  136  129  114  106   97   95   92   91   89
   86   81   76   69   68   66   68   59   67                                   
    35.0-180.0 180.0   5.0 450.0                            LAT/LON1/LON2/DLON/H
   65   64   68   68   68   71   70   72   71   74   77   80   79   78   73   69
   64   61   58   58   55   58   57   59   59   63   67   77   88   99  109  117
  124  138  151  170  186  197  204  206  204  205  203  208  208  215  216  221
  217  217  207  203  189  183  170  161  148  137  124  117  107  107  101  103
   94   91   80   75   70   69   67   58   65                                   
    32.5-180.0 180.0   5.0 450.0                            LAT/LON1/LON2/DLON/H
   63   65   62   66   64   69   67   71   70   76   77   84   83   84   80   76
   71   67   64   62   60   61   61   62   64   67   75   86   97  108  116  124
  133  147  163  184  200  213  221  221  218  217  218  219  226  230  239  237
  241  236  234  225  219  209  203  193  186  174  164  152  143  135  130  124
  116  105   94   83   78   71   69   60   63                                   
    30.0-180.0 180.0   5.0 450.0                            LAT/LON1/LON2/DLON/H
   68   62   65   63   65   66   65   66   69   72   77   82   85   86   84   81
   75   72   68   69   65   67   65   68   69   75   84  100  112  126  133  144
  151  169  182  205  223  236  242  243  240  240  237  242  247  257  262  268
  267  271  266  267  258  259  250  250  241  232  216  204  188  182  167  161
  146  135  115  106   93   83   75   64   68                                   
    27.5-180.0 180.0   5.0 450.0                            LAT/LON1/LON2/DLON/H
   80   75   69   71   66   68   63   64   64   69   72   78   79   84   80   78
   72   70   68   70   67   70   69   70   73   81   94  108  124  137  148  160
  171  188  204  228  244  257  263  265  262  263  263  269  277  286  296  298
  306  306  313  312  316  314  317  314  312  299  285  265  250  232  217  201
  187  170  155  132  120  100   92   77   80                                   
    25.0-180.0 180.0   5.0 450.0                            LAT/LON1/LON2/DLON/H
  100   87   85   81   79   72   68   61   63   61   68   69   75   75   75   72
   69   69   68   73   72   76   74   77   81   90  103  122  137  156  165  182
  190  213  225  248  265  275  281  284  286  290  293  303  311  320  327  334
  338  348  355  364  370  378  383  388  384  370  350  331  312  293  272  253
  234  213  192  171  156  129  117  101  100                                   
    22.5-180.0 180.0   5.0 450.0                            LAT/LON1/LON2/DLON/H
  126  118  105  104   94   86   75   68   63   61   60   62   63   66   65   65
   65   65   67   73   75   79   79   82   87   96  111  130  149  167  184  200
  215  232  248  269  283  293  298  303  311  317  327  338  346  355  361  364
  374  382  401  409  427  435  450  450  447  427  406  381  364  342  322  300
  280  255  237  212  195  164  147  132  126                                   
    20.0-180.0 180.0   5.0 450.0                            LAT/LON1/LON2/DLON/H
  154  140  131  122  118  104   92   78   72   62   60   55   58   58   62   62
   65   67   72   79   82   89   88   91   96  106  121  143  161  185  199  220
  232  255  268  289  301  307  313  319  332  341  357  371  383  390  393  396
  403  417  433  449  465  484  495  494  487  465  442  419  403  383  364  340
  321  295  275  252  233  199  180  173  154                                   
    17.5-180.0 180.0   5.0 450.0                            LAT/LON1/LON2/DLON/H
  184  171  155  152  140  128  113   97   85   72   63   57   52   54   56   60
   64   69   76   83   88   93   94   97  101  110  127  149  172  193  214  233
  250  270  287  304  315  322  329  339  353  367  384  402  411  420  421  424
  432  440  461  470  493  505  518  512  504  480  460  433  418  398  380  362
  344  323  304  283  264  235  211  216  184                                   
    15.0-180.0 180.0   5.0 450.0                            LAT/LON1/LON2/DLON/H
  210  196  181  175  161  148  134  114  105   86   75   61   60   56   62   65
   73   79   88   94  101  102  104  104  109  118  134  159  182  207  226  249
  265  286  304  319  331  336  346  353  373  388  412  428  442  449  449  453
  454  464  477  490  505  515  518  512  499  481  460  439  423  404  385  368
  353  337  319  303  285  261  238  250  210                                   
    12.5-180.0 180.0   5.0 450.0                            LAT/LON1/LON2/DLON/H
  222  209  202  197  182  172  152  137  121  103   92   77   74   70   72   75
   81   91   98  105  108  109  107  105  109  119  140  165  191  214  235  255
  275  293  313  328  340  350  358  372  386  407  423  441  451  462  462  464
  465  470  482  487  501  502  502  489  478  458  440  421  406  389  371  355
  340  327  312  299  286  273  258  260  222                                   
    10.0-180.0 180.0   5.0 450.0                            LAT/LON1/LON2/DLON/H
  221  215  209  209  198  191  174  162  140  125  112   97   95   91   94   97
  101  108  114  118  122  116  113  106  113  125  150  180  206  228  248  264
  283  300  323  338  352  361  370  386  401  419  434  448  459  470  470  472
  469  475  482  487  492  493  487  477  460  442  422  407  392  374  355  338
  321  307  295  285  280  269  262  268  221                                   
     7.5-180.0 180.0   5.0 450.0                            LAT/LON1/LON2/DLON/H
  212  206  204  203  197  192  180  169  155  138  127  113  112  110  114  117
  122  124  127  127  127  118  109  103  112  128  160  190  218  237  254  267
