data/unet/pred1210.15i
     1.0            IONOSPHERE MAPS     GNSS                IONEX VERSION / TYPE
pyspatialgeodesy        IME             05-JAN-18 20:20     PGM / RUN BY / DATE 
Map Name                                                    COMMENT             
Predicted global ionosphere maps (GIM).                     DESCRIPTION         
  2015     5     1     0     0     0                        EPOCH OF FIRST MAP  
  2015     5     2     0     0     0                        EPOCH OF LAST MAP   
  7200                                                      INTERVAL            
    13                                                      # OF MAPS IN FILE   
  NONE                                                      MAPPING FUNCTION    
10.0                                                        ELEVATION CUTOFF    
One-way carrier phase leveled to code                       OBSERVABLES USED    
  6371.0                                                    BASE RADIUS         
 2                                                          MAP DIMENSION       
   450.0 450.0   0.0                                        HGT1 / HGT2 / DHGT  
    87.5 -87.5  -2.5                                        LAT1 / LAT2 / DLAT  
  -180.0 180.0   5.0                                        LON1 / LON2 / DLON  
    -1                                                      EXPONENT            
                                                            END OF HEADER       
[from data line 2145]
     6                                                      START OF TEC MAP    
  2015     5     1    10     0     0                        EPOCH OF CURRENT MAP
    87.5-180.0 180.0   5.0 450.0                            LAT/LON1/LON2/DLON/H
  130  154  162  163  169  167  174  174  182  182  188  188  193  191  195  191
  194  189  193  187  192  185  191  183  189  181  188  179  186  178  183  175
  181  174  179  173  178  173  177  172  176  171  175  171  174  171  173  170
  171  167  168  164  164  160  159  155  155  152  151  149  148  147  146  146
  146  146  149  148  149  145  147  121  130                                   
    85.0-180.0 180.0   5.0 450.0                            LAT/LON1/LON2/DLON/H
  146  148  162  168  172  173  179  183  189  193  198  202  205  208  209  210
  210  211  211  212  211  212  212  211  211  210  211  210  211  211  212  210
  211  210  211  210  210  208  206  203  202  198  196  193  191  188  185  182
  179  176  173  170  166  164  159  157  154  153  150  149  148  147  146  145
  145  145  148  148  151  148  160  132  146                                   
    82.5-180.0 180.0   5.0 450.0                            LAT/LON1/LON2/DLON/H
  131  143  150  154  157  159  165  170  177  182  188  193  198  202  206  209
  210  212  213  214  213  216  213  214  212  215  212  215  213  217  215  218
  217  220  219  221  218  219  215  214  210  207  203  199  195  191  187  182
  178  173  171  166  163  160  156  154  151  150  147  147  144  144  141  141
  139  139  139  139  139  141  147  132  131                                   
    80.0-180.0 180.0   5.0 450.0                            LAT/LON1/LON2/DLON/H
  130  138  140  145  148  154  158  166  171  178  183  188  194  198  202  204
  206  208  207  209  206  209  205  208  203  207  203  209  207  213  211  218
  217  224  221  228  222  228  221  224  215  217  208  209  200  199  191  189
  182  182  176  176  171  171  166  167  163  164  160  160  157  156  152  151
  146  145  141  139  138  136  145  135  130                                   
    77.5-180.0 180.0   5.0 450.0                            LAT/LON1/LON2/DLON/H
  129  137  140  143  147  151  158  164  169  174  179  185  188  194  195  199
  199  201  200  201  198  199  195  196  193  194  193  195  198  202  206  211
  215  222  225  229  230  233  232  232  229  228  224  222  217  216  210  209
  203  203  199  198  195  194  192  192  190  190  188  187  185  183  180  176
  172  167  163  156  150  145  151  135  129                                   
    75.0-180.0 180.0   5.0 450.0                            LAT/LON1/LON2/DLON/H
  140  140  139  144  142  148  151  157  158  163  164  168  169  173  174  176
  175  177  176  177  174  176  172  173  169  172  172  176  179  187  192  202
  207  219  223  232  231  238  234  237  231  233  228  229  224  225  221  222
  217  219  215  218  215  217  214  217  214  218  214  218  212  214  206  206
  196  194  184  178  167  160  165  153  140                                   
    72.5-180.0 180.0   5.0 450.0                            LAT/LON1/LON2/DLON/H
  148  144  142  143  143  143  146  147  150  150  151  152  153  154  155  156
  155  157  157  158  157  157  155  154  153  154  156  159  165  172  181  192
  201  214  222  230  232  238  235  238  233  235  231  233  229  233  230  234
  231  236  233  237  234  237  234  237  235  238  235  237  233  234  228  225
  217  212  203  194  183  172  171  158  148                                   
    70.0-180.0 180.0   5.0 450.0                            LAT/LON1/LON2/DLON/H
  160  149  142  144  141  141  141  142  141  141  138  141  137  139  136  138
  137  140  141  144  145  147  147  148  147  149  150  158  162  173  181  196
  205  221  226  237  236  244  239  243  237  240  236  239  237  241  240  243
  244  246  247  248  248  248  246  246  244  247  243  247  241  245  237  238
  228  227  215  209  196  186  184  169  160                                   
    67.5-180.0 180.0   5.0 450.0                            LAT/LON1/LON2/DLON/H
  166  150  143  140  136  133  133  130  130  127  125  124  122  121  119  121
  122  125  128  132  135  138  140  140  142  144  149  156  163  174  184  199
  208  224  231  241  240  245  241  242  237  238  236  238  237  241  243  247
  248  251  251  252  250  249  245  243  240  240  238  239  236  237  233  232
  225  223  215  207  196  189  182  167  166                                   
    65.0-180.0 180.0   5.0 450.0                            LAT/LON1/LON2/DLON/H
  167  151  140  137  129  127  123  122  118  118  112  112  107  107  103  105
  105  110  115  121  127  131  137  140  145  152  156  165  171  184  193  209
  219  234  239  249  245  251  243  246  237  241  236  241  239  245  246  251
  251  254  253  253  249  247  239  236  229  230  224  227  222  227  221  224
  215  218  209  208  199  191  185  174  167                                   
    62.5-180.0 180.0   5.0 450.0                            LAT/LON1/LON2/DLON/H
  170  152  139  132  123  116  111  107  104  101   98   95   92   91   89   91
   92   97  102  110  116  122  127  134  142  150  158  167  176  188  199  215
  225  240  246  254  251  254  246  245  239  241  239  242  241  245  247  250
  250  253  252  250  247  242  233  227  220  217  213  212  212  212  211  210
  207  206  202  199  192  189  181  172  170                                   
    60.0-180.0 180.0   5.0 450.0                            LAT/LON1/LON2/DLON/H
  171  153  138  130  117  109  100   96   91   90   85   85   80   79   76   77
   79   84   89   97  103  112  119  130  139  151  160  170  178  191  202  220
  231  246  251  261  256  260  250  251  242  245  241  246  245  252  251  256
  254  256  253  252  245  241  231  226  217  216  210  211  207  211  206  209
  202  206  199  201  196  191  184  180  171                                   
    57.5-180.0 180.0   5.0 450.0                            LAT/LON1/LON2/DLON/H
  179  162  145  132  116  102   92   86   81   81   77   77   72   70   67   68
   69   73   77   84   91   99  108  120  131  144  153  163  173  185  198  216
  230  248  256  266  265  267  260  258  252  252  252  255  256  259  259  261
  259  260  259  258  254  249  242  236  230  226  224  222  221  219  218  214
  212  209  206  204  201  197  192  185  179                                   
    55.0-180.0 180.0   5.0 450.0                            LAT/LON1/LON2/DLON/H
  189  172  155  141  123  106   92   82   78   74   73   72   68   65   61   62
   62   65   70   76   81   90   99  111  123  138  148  160  169  181  193  214
  229  250  259  274  271  279  270  271  262  266  263  270  267  274  271  276
  272  276  274  275  271  268  262  260  256  256  252  253  249  248  243  240
  231  231  222  224  216  211  209  200  189                                   
    52.5-180.0 180.0   5.0 450.0                            LAT/LON1/LON2/DLON/H
  206  190  173  158  137  116   97   87   78   76   71   73   67   65   60   60
   59   62   65   70   74   82   90  103  116  130  140  151  160  172  185  206
  225  250  263  279  280  289  284  284  280  283  283  287  287  290  289  292
  291  295  296  298  297  297  293  293  291  293  291  290  288  280  276  266
  258  249  243  240  232  228  224  211  206                                   
    50.0-180.0 180.0   5.0 450.0                            LAT/LON1/LON2/DLON/H
  225  203  189  178  159  137  115  100   90   83   81   77   73   67   63   60
   61   63   67   71   75   82   91  102  116  129  140  149  158  168  181  202
  224  250  265  284  285  297  293  299  294  303  300  308  304  311  309  314
  312  318  318  321  319  320  318  320  320  325  325  327  322  316  305  292
  280  270  261  258  249  242  244  223  225                                   
    47.5-180.0 180.0   5.0 450.0                            LAT/LON1/LON2/DLON/H
  233  215  205  195  181  161  137  119  103   98   90   89   80   77   69   69
   68   71   74   77   80   86   94  107  119  133  141  149  154  163  176  195
  220  247  266  284  290  302  303  311  309  315  316  321  321  326  327  330
  330  334  335  337  335  335  332  334  335  340  342  346  342  335  324  304
  291  275  266  257  252  243  247  222  233                                   
    45.0-180.0 180.0   5.0 450.0                            LAT/LON1/LON2/DLON/H
  236  213  207  206  197  183  162  144  124  115  107  101   94   87   81   78
   80   81   86   87   90   94  104  116  130  143  151  157  161  169  179  197
  220  248  267  288  297  315  316  327  322  331  328  336  333  341  339  343
  341  345  343  345  341  341  336  339  338  343  343  346  343  339  328  308
  292  274  261  253  243  229  244  219  236                                   
    42.5-180.0 180.0   5.0 450.0                            LAT/LON1/LON2/DLON/H
  221  201  199  204  205  196  181  163  143  132  121  116  107  100   92   91
   91   94   96   98   99  103  111  124  137  150  156  161  163  169  180  196
  216  242  263  283  299  316  325  333  335  339  340  343  346  348  349  350
  348  348  346  345  341  339  334  333  332  333  331  332  331  328  319  303
  283  265  249  235  221  205  220  199  221                                   
    40.0-180.0 180.0   5.0 450.0                            LAT/LON1/LON2/DLON/H
  198  179  180  195  201  202  190  179  160  150  137  132  121  113  107  104
  106  106  109  109  109  112  120  132  146  160  166  174  175  183  191  205
  220  241  260  283  298  320  330  342  343  352  353  360  360  367  364  366
  363  363  359  358  351  346  340  337  332  330  324  322  319  317  311  298
  280  259  240  224  204  185  196  180  198                                   
    37.5-180.0 180.0   5.0 450.0                            LAT/LON1/LON2/DLON/H
  171  154  157  174  189  192  188  178  166  158  148  143  134  127  120  117
  117  118  118  116  113  114  120  131  145  157  166  171  178  184  195  207
  220  240  260  279  297  320  335  347  354  363  370  376  383  386  389  389
  389  387  385  380  374  367  359  355  347  342  333  330  326  323  317  306
  286  267  243  221  193  167  171  151  171                                   
    35.0-180.0 180.0   5.0 450.0                            LAT/LON1/LON2/DLON/H
  153  134  129  146  161  171  172  170  164  163  158  157  149  143  135  131
  129  128  125  121  115  114  119  131  145  160  170  180  183  193  198  213
  221  241  259  282  301  329  349  368  376  390  397  413  417  430  432  440
  440  442  441  436  431  423  416  408  400  392  382  377  371  367  356  348
  325  309  276  250  212  178  170  153  153                                   
    32.5-180.0 180.0   5.0 450.0                            LAT/LON1/LON2/DLON/H
  149  130  120  129  143  151  154  156  158  162  164  166  160  155  147  141
  138  133  128  120  113  108  112  121  137  151  165  173  184  191  203  211
  226  242  262  287  308  339  365  390  403  419  431  447  457  472  480  494
  499  508  506  508  500  499  493  493  487  485  476  471  459  450  432  420
  393  374  328  297  253  212  184  156  149                                   
    30.0-180.0 180.0   5.0 450.0                            LAT/LON1/LON2/DLON/H
  161  145  128  126  131  135  142  145  152  157  164  169  167  165  158  153
  145  141  132  124  113  110  108  119  132  151  162  177  184  196  203  218
  230  251  268  300  323  367  394  425  441  459  474  496  508  528  539  555
  566  580  590  599  603  614  615  622  620  619  611  604  590  575  547  527
  491  469  424  384  327  281  239  211  161                                   
    27.5-180.0 180.0   5.0 450.0                            LAT/LON1/LON2/DLON/H
  194  183  157  143  137  137  140  144  152  159  167  172  172  169  161  156
  148  142  133  124  114  107  108  113  129  142  159  169  183  191  204  218
  236  260  282  314  342  389  421  456  472  495  515  538  559  583  599  621
  639  653  664  675  689  713  732  746  751  752  743  732  710  685  655  630
  597  576  531  487  418  367  316  270  194                                   
    25.0-180.0 180.0   5.0 450.0                            LAT/LON1/LON2/DLON/H
  246  227  200  176  166  156  152  152  156  163  168  169  170  167  163  159
  153  148  138  132  120  117  111  119  129  145  157  172  181  197  209  231
  249  277  299  338  366  417  446  481  498  525  545  572  598  617  645  662
  679  697  715  741  769  804  822  840  842  846  837  829  808  787  756  726
  684  659  609  564  514  456  409  359  246                                   
    22.5-180.0 180.0   5.0 450.0                            LAT/LON1/LON2/DLON/H
  301  274  248  207  192  181  174  171  172  171  174  172  173  170  167  162
  157  150  141  134  125  118  115  120  132  144  159  171  188  201  220  241
  266  292  321  353  387  427  464  493  516  539  569  594  627  647  682  695
  718  739  765  794  824  858  878  894  901  902  895  884  858  832  793  767
  732  704  660  619  571  512  489  430  301                                   
    20.0-180.0 180.0   5.0 450.0                            LAT/LON1/LON2/DLON/H
  362  343  314  259  234  210  196  195  190  188  183  177  172  169  166  163
  159  155  148  143  132  129  124  130  139  152  163  180  193  217  231  261
  283  316  341  372  399  438  471  494  515  541  566  598  626  653  685  705
  726  743  774  802  834  869  888  907  909  911  901  889  864  833  793  762
  728  700  665  631  594  550  529  481  362                                   
    17.5-180.0 180.0   5.0 450.0                            LAT/LON1/LON2/DLON/H
  409  397  387  326  293  254  237  219  216  209  198  189  178  171  167  163
  161  158  150  145  134  129  127  131  140  153  169  185  211  230  251  276
  303  332  359  382  413  443  472  494  516  539  569  595  628  653  686  706
  724  737  759  778  808  833  863  873  876  875  869  859  833  803  761  718
  675  649  621  596  576  540  539  500  409                                   
    15.0-180.0 180.0   5.0 450.0                            LAT/LON1/LON2/DLON/H
  437  427  419  374  347  298  276  250  234  224  215  206  192  181  172  167
  163  161  155  149  138  133  130  134  141  155  175  200  224  249  265  296
  318  352  371  393  418  439  467  487  510  535  561  592  610  640  662  690
  698  708  716  729  749  772  788  806  808  810  805  798  775  736  689  642
  594  561  539  522  516  507  526  484  437                                   
    12.5-180.0 180.0   5.0 450.0                            LAT/LON1/LON2/DLON/H
  438  441  440  403  383  337  312  277  261  239  227  217  207  194  182  172
  166  162  154  148  136  129  124  126  138  155  181  209  237  254  276  301
  330  355  381  396  424  438  466  488  515  537  564  589  607  632  650  669
  680  685  683  685  693  706  718  729  735  732  720  715  685  655  608  554
  511  476  462  451  458  458  498  460  438                                   
    10.0-180.0 180.0   5.0 450.0                            LAT/LON1/LON2/DLON/H
  420  436  424  403  393  353  334  302  284  260  243  226  221  206  189  176
  166  160  156  148  135  124  119  121  135  155  187  219  244  263  285  312
  336  360  383  391  411  423  453  483  510  542  561  588  600  625  634  652
  654  665  652  656  651  664  664  672  667  663  659  643  630  595  545  496
  449  422  402  395  404  418  449  430  420                                   
     7.5-180.0 180.0   5.0 450.0                            LAT/LON1/LON2/DLON/H
  402  422  406  400  389  364  335  312  290  267  251  238  225  215  199  181
  168  159  150  142  126  112  103  108  126  152  186  212  243  260  287  308
