data/unet/pred2190.15i
     1.0            IONOSPHERE MAPS     GNSS                IONEX VERSION / TYPE
pyspatialgeodesy        IME             05-JAN-18 20:20     PGM / RUN BY / DATE 
Map Name                                                    COMMENT             
Predicted global ionosphere maps (GIM).                     DESCRIPTION         
  2015     8     7     0     0     0                        EPOCH OF FIRST MAP  
  2015     8     8     0     0     0                        EPOCH OF LAST MAP   
  7200                                                      INTERVAL            
    13                                                      # OF MAPS IN FILE   
  NONE                                                      MAPPING FUNCTION    
10.0                                                        ELEVATION CUTOFF    
One-way carrier phase leveled to code                       OBSERVABLES USED    
  6371.0                                                    BASE RADIUS         
 2                                                          MAP DIMENSION       
   450.0 450.0   0.0                                        HGT1 / HGT2 / DHGT  
    87.5 -87.5  -2.5                                        LAT1 / LAT2 / DLAT  
  -180.0 180.0   5.0                                        LON1 / LON2 / DLON  
    -1                                                      EXPONENT            
                                                            END OF HEADER       
[from data line 5148]
    13                                                      START OF TEC MAP    
  2015     8     8     0     0     0                        EPOCH OF CURRENT MAP
    87.5-180.0 180.0   5.0 450.0                            LAT/LON1/LON2/DLON/H
  158  123  118  114  113  110  112  111  114  112  114  112  115  113  114  112
  114  111  112  108  110  107  107  103  105  101  103   98  102   98  100   96
  100   97  100   96  100   97  100   97  101   98  101   98  102  100  102  100
  104  102  104  102  105  103  106  103  107  105  107  105  109  107  109  108
  111  110  114  114  119  118  120  148  158                                   
    85.0-180.0 180.0   5.0 450.0                            LAT/LON1/LON2/DLON/H
  131  124  125  121  119  116  119  118  122  120  123  120  124  120  122  118
  121  116  116  111  112  106  105  100  100   95   95   91   93   90   90   88
   90   88   90   87   91   88   90   88   92   89   92   91   95   93   96   95
   99   98  101   99  103  101  103  102  105  104  107  106  109  109  112  111
  114  114  118  118  124  118  112  117  131                                   
    82.5-180.0 180.0   5.0 450.0                            LAT/LON1/LON2/DLON/H
  131  130  132  132  130  126  130  130  133  131  133  133  134  132  132  130
  130  126  124  120  118  112  110  104  103   97   96   92   92   88   89   86
   88   86   87   86   88   87   89   87   90   89   92   91   96   95   99   98
  103  102  105  105  109  107  110  108  113  111  115  114  118  117  121  120
  125  124  129  127  132  127  122  121  131                                   
    80.0-180.0 180.0   5.0 450.0                            LAT/LON1/LON2/DLON/H
  133  138  139  141  137  138  140  143  143  144  145  146  146  146  144  144
  142  140  136  134  130  126  121  117  112  107  104  100   98   96   95   94
   94   93   94   94   96   95   96   97   98   98  100  101  104  104  107  108
  111  111  114  114  117  117  119  118  121  121  123  124  127  128  131  131
  134  135  139  138  141  138  131  128  133                                   
    77.5-180.0 180.0   5.0 450.0                            LAT/LON1/LON2/DLON/H
  137  140  141  143  140  141  144  147  148  149  150  152  152  152  152  151
  150  147  145  142  139  134  129  123  118  112  107  103  100   97   97   95
   96   96   98   98  100   99  101  101  102  102  103  104  106  107  110  112
  115  116  119  120  121  122  122  123  124  125  127  128  130  132  134  136
  138  140  142  142  144  142  137  130  137                                   
    75.0-180.0 180.0   5.0 450.0                            LAT/LON1/LON2/DLON/H
  136  139  139  140  138  139  143  146  147  150  152  154  154  155  154  155
  153  152  149  147  143  139  134  128  122  115  110  104  101   98   97   97
   98   99  101  102  103  104  104  104  104  104  105  106  107  109  112  115
  117  119  121  122  123  123  124  124  125  125  127  129  131  133  135  137
  139  141  144  144  146  144  136  131  136                                   
    72.5-180.0 180.0   5.0 450.0                            LAT/LON1/LON2/DLON/H
  136  134  135  135  133  134  138  142  144  148  151  154  153  154  154  153
  152  150  148  147  143  140  135  130  122  116  110  104   99   97   96   97
   98   99  102  103  104  103  103  102  101  100  101  101  103  105  110  112
  116  118  121  121  123  122  124  123  124  124  126  127  129  130  133  135
  137  139  142  143  145  144  137  131  136                                   
    70.0-180.0 180.0   5.0 450.0                            LAT/LON1/LON2/DLON/H
  130  130  130  130  128  129  133  137  141  145  148  151  151  151  150  149
  147  146  144  144  141  139  135  130  123  115  108  101   96   93   93   93
   95   97   99  100  100   99   98   95   93   91   91   92   94   97  102  106
  110  113  116  117  119  119  120  120  121  122  124  125  127  128  131  133
  135  137  140  140  143  142  134  130  130                                   
    67.5-180.0 180.0   5.0 450.0                            LAT/LON1/LON2/DLON/H
  131  128  128  128  124  125  129  135  138  143  146  150  149  149  147  146
  143  141  140  140  139  137  135  130  122  115  107  100   93   90   89   90
   91   93   96   96   95   92   90   85   82   79   79   79   83   86   93   97
  103  106  110  111  113  114  116  117  118  120  122  124  125  127  129  131
  132  134  137  138  142  140  133  129  131                                   
    65.0-180.0 180.0   5.0 450.0                            LAT/LON1/LON2/DLON/H
  130  131  131  129  126  126  129  133  137  142  146  148  147  146  144  142
  139  138  137  137  137  137  135  130  123  115  107   99   92   88   87   87
   88   89   91   90   88   84   79   74   69   67   66   68   72   78   84   90
   96   99  103  105  107  108  112  114  117  120  123  125  127  128  130  130
  132  133  136  137  141  142  134  130  130                                   
    62.5-180.0 180.0   5.0 450.0                            LAT/LON1/LON2/DLON/H
  138  137  137  136  130  128  130  134  136  142  144  148  146  146  143  141
  138  136  135  137  137  137  136  133  125  118  109  102   94   90   87   86
   86   85   86   83   80   74   69   62   58   55   56   59   65   72   80   85
   92   94   98   99  102  104  109  113  118  122  126  128  130  131  132  132
  133  134  138  139  144  144  139  133  138                                   
    60.0-180.0 180.0   5.0 450.0                            LAT/LON1/LON2/DLON/H
  141  146  146  144  138  134  133  134  136  139  143  145  145  144  142  140
  137  136  135  137  137  138  138  135  129  122  114  107   99   94   90   87
   85   83   81   78   73   67   60   55   50   50   52   57   64   71   79   84
   89   91   94   94   98  101  108  113  120  125  131  134  136  135  136  134
  135  135  140  142  147  148  143  137  141                                   
    57.5-180.0 180.0   5.0 450.0                            LAT/LON1/LON2/DLON/H
  152  156  158  157  148  142  138  137  135  138  140  143  142  143  140  141
  138  138  137  139  139  141  141  140  134  129  122  116  108  102   96   91
   86   82   79   73   68   62   57   53   50   52   56   62   69   76   82   86
   89   90   92   93   97  101  109  116  124  131  137  141  142  142  141  140
  139  140  144  146  151  153  149  141  152                                   
    55.0-180.0 180.0   5.0 450.0                            LAT/LON1/LON2/DLON/H
  156  166  169  168  159  151  146  141  137  137  138  139  139  140  140  140
  139  140  140  142  143  144  144  143  139  135  130  125  118  112  104   97
   90   84   79   73   68   64   60   58   58   61   66   71   78   83   88   89
   92   90   92   92   97  102  111  118  128  135  143  147  150  148  147  145
  144  144  148  150  155  157  153  145  156                                   
    52.5-180.0 180.0   5.0 450.0                            LAT/LON1/LON2/DLON/H
  166  173  178  177  168  160  153  147  139  138  135  137  136  140  139  143
  142  146  146  148  148  149  147  147  143  142  137  134  127  121  112  104
   94   87   82   76   73   70   68   69   70   73   78   83   88   91   94   94
   95   93   94   95  100  106  115  124  134  142  149  153  155  155  152  151
  150  151  153  155  160  161  158  150  166                                   
    50.0-180.0 180.0   5.0 450.0                            LAT/LON1/LON2/DLON/H
  167  178  183  183  175  167  160  153  145  140  137  136  136  139  139  143
  144  148  149  152  151  152  150  149  147  145  142  139  133  126  116  107
   97   90   85   81   80   80   80   82   84   87   91   93   96   97   99   97
   98   95   96   97  103  108  119  127  138  145  153  157  160  159  158  157
  157  157  160  161  164  164  161  152  167                                   
    47.5-180.0 180.0   5.0 450.0                            LAT/LON1/LON2/DLON/H
  172  180  185  186  179  172  166  160  151  147  141  141  138  142  140  146
  146  152  152  156  155  157  154  154  150  149  146  143  137  130  119  110
  100   94   90   88   89   90   93   95   98  100  102  102  104  103  105  103
  103  101  102  103  108  115  124  132  142  149  156  160  162  162  162  163
  164  166  168  168  170  168  164  156  172                                   
    45.0-180.0 180.0   5.0 450.0                            LAT/LON1/LON2/DLON/H
  171  181  186  186  181  176  172  166  160  155  151  147  144  145  145  148
  150  154  156  160  160  162  160  158  154  151  148  144  137  129  119  109
  101   96   95   96   99  101  104  106  108  109  110  108  107  106  106  105
  106  104  105  106  112  118  129  135  145  150  158  160  164  164  167  168
  171  173  176  175  174  172  168  161  171                                   
    42.5-180.0 180.0   5.0 450.0                            LAT/LON1/LON2/DLON/H
  177  184  187  189  183  181  177  174  168  166  160  158  152  154  151  156
  155  161  162  168  168  170  167  166  159  156  150  145  136  127  117  109
  103  101  102  103  107  109  111  113  114  115  114  111  110  110  110  111
  112  112  112  114  118  125  133  141  148  155  160  164  167  168  171  173
  177  181  184  183  182  179  177  171  177                                   
    40.0-180.0 180.0   5.0 450.0                            LAT/LON1/LON2/DLON/H
  184  193  194  193  189  187  186  183  180  176  172  167  163  161  160  161
  163  167  170  174  176  177  175  171  165  159  151  144  135  124  114  107
  104  104  107  109  113  115  116  117  118  117  116  113  113  111  114  115
  117  116  117  117  123  128  137  142  151  155  162  164  170  171  176  178
  185  188  193  193  191  189  188  183  184                                   
    37.5-180.0 180.0   5.0 450.0                            LAT/LON1/LON2/DLON/H
  203  208  206  206  199  197  194  193  190  188  182  178  171  172  168  172
  170  176  177  183  184  185  182  178  170  164  153  145  134  125  115  110
  107  110  113  117  119  119  118  118  118  118  117  116  116  117  120  122
  123  122  121  122  126  131  139  145  152  159  164  169  174  177  181  186
  192  197  202  203  202  202  203  199  203                                   
    35.0-180.0 180.0   5.0 450.0                            LAT/LON1/LON2/DLON/H
  227  230  228  222  216  210  207  203  201  196  191  185  180  178  177  177
  179  182  187  190  192  191  188  184  176  168  158  148  138  127  119  113
  113  115  120  121  123  121  120  119  119  120  121  120  121  121  124  125
  125  122  120  118  123  128  138  143  152  157  166  169  177  179  187  189
  198  202  209  211  212  216  221  222  227                                   
    32.5-180.0 180.0   5.0 450.0                            LAT/LON1/LON2/DLON/H
  258  254  254  248  238  230  222  217  211  207  199  195  187  188  184  187
  186  191  193  197  197  197  193  189  181  175  165  156  145  136  126  122
  119  123  124  126  124  122  120  119  121  124  125  125  125  125  126  125
  124  119  115  113  117  124  133  142  151  160  168  175  181  185  191  196
  203  208  216  219  224  232  239  243  258                                   
    30.0-180.0 180.0   5.0 450.0                            LAT/LON1/LON2/DLON/H
  287  286  286  277  268  256  247  238  232  222  215  206  201  197  196  195
  197  197  200  201  201  199  196  192  187  180  173  165  155  145  136  129
  127  126  127  126  124  120  119  120  123  128  130  130  129  126  124  120
  116  108  103  100  105  113  125  136  148  158  169  175  186  189  199  201
  212  215  226  230  238  248  259  266  287                                   
    27.5-180.0 180.0   5.0 450.0                            LAT/LON1/LON2/DLON/H
  312  310  312  304  295  283  273  264  255  245  233  224  215  214  208  209
  206  206  205  204  201  198  195  192  188  185  179  173  164  155  144  137
  131  129  126  124  120  119  117  120  125  132  133  134  130  125  119  112
  106   97   92   90   96  106  119  134  147  160  172  183  192  200  207  212
  221  226  236  241  251  264  274  283  312                                   
    25.0-180.0 180.0   5.0 450.0                            LAT/LON1/LON2/DLON/H
  332  337  339  331  324  313  304  293  284  272  261  246  239  230  227  221
  219  214  212  207  203  198  194  191  189  186  183  177  170  160  149  140
  132  127  123  119  117  116  117  121  128  133  136  132  128  117  110   99
   94   84   80   78   86   96  112  127  144  158  173  185  198  205  216  220
  231  234  246  250  262  274  291  301  332                                   
    22.5-180.0 180.0   5.0 450.0                            LAT/LON1/LON2/DLON/H
  349  353  357  351  345  337  329  321  314  302  290  276  266  257  248  241
  233  227  219  212  204  199  192  191  186  185  179  177  167  160  147  138
  128  123  117  118  116  120  121  127  131  136  135  130  121  110   98   89
   83   75   72   71   81   94  110  127  145  162  176  193  206  219  228  237
  244  249  256  263  274  287  303  318  349                                   
    20.0-180.0 180.0   5.0 450.0                            LAT/LON1/LON2/DLON/H
  363  369  375  370  369  364  359  354  351  341  330  313  303  289  279  266
  255  242  232  221  212  204  197  192  186  181  175  170  162  151  142  131
  122  116  114  115  119  122  126  127  133  132  133  122  114   97   88   76
   72   63   65   67   78   92  110  128  148  165  182  198  215  228  243  252
  261  265  273  278  288  300  319  335  363                                   
    17.5-180.0 180.0   5.0 450.0                            LAT/LON1/LON2/DLON/H
  372  377  385  384  386  385  384  384  384  379  370  357  345  329  315  297
  282  264  249  234  221  212  199  193  181  176  164  159  148  142  131  123
  114  114  114  122  128  133  136  136  135  133  128  118  105   91   79   71
   66   62   66   69   81   95  116  135  157  175  193  210  228  244  259  272
  281  289  295  302  308  318  333  353  372                                   
    15.0-180.0 180.0   5.0 450.0                            LAT/LON1/LON2/DLON/H
  382  387  392  392  400  403  407  411  418  418  414  401  390  371  354  330
  310  288  270  250  235  220  206  193  179  167  155  145  138  129  122  115
  112  116  120  131  139  145  147  143  141  132  127  113  102   86   77   65
   65   59   66   71   85   99  122  139  163  182  201  219  239  258  277  291
  304  313  319  324  326  337  352  370  382                                   
    12.5-180.0 180.0   5.0 450.0                            LAT/LON1/LON2/DLON/H
  392  397  403  401  407  412  418  426  436  443  444  439  429  413  392  366
  344  316  293  270  250  230  210  195  174  160  143  136  128  123  117  115
  116  122  130  141  150  155  155  148  142  132  124  111   99   85   76   67
   66   64   70   77   91  108  127  145  169  188  209  228  249  271  292  310
  324  333  340  344  345  354  368  387  392                                   
    10.0-180.0 180.0   5.0 450.0                            LAT/LON1/LON2/DLON/H
  411  413  414  409  416  420  428  435  448  457  463  461  456  442  423  397
  375  345  318  292  269  243  218  197  173  155  139  131  127  123  122  123
  126  135  144  155  163  165  162  154  145  134  126  113  104   91   83   75
   74   70   78   85   99  113  132  147  172  190  213  233  257  282  308  328
  342  353  360  365  367  375  390  403  411                                   
     7.5-180.0 180.0   5.0 450.0                            LAT/LON1/LON2/DLON/H
  432  432  430  425  425  427  431  437  447  456  462  466  464  457  442  421
  399  370  342  311  284  255  225  200  173  156  139  135  131  132  133  135
