data/unet/pred3650.15i
     1.0            IONOSPHERE MAPS     GNSS                IONEX VERSION / TYPE
pyspatialgeodesy        IME             05-JAN-18 20:20     PGM / RUN BY / DATE 
Map Name                                                    COMMENT             
Predicted global ionosphere maps (GIM).                     DESCRIPTION         
  2015    12    31     0     0     0                        EPOCH OF FIRST MAP  
  2015    12    31    22     0     0                        EPOCH OF LAST MAP   
  7200                                                      INTERVAL            
    12                                                      # OF MAPS IN FILE   
  NONE                                                      MAPPING FUNCTION    
10.0                                                        ELEVATION CUTOFF    
One-way carrier phase leveled to code                       OBSERVABLES USED    
  6371.0                                                    BASE RADIUS         
 2                                                          MAP DIMENSION       
   450.0 450.0   0.0                                        HGT1 / HGT2 / DHGT  
    87.5 -87.5  -2.5                                        LAT1 / LAT2 / DLAT  
  -180.0 180.0   5.0                                        LON1 / LON2 / DLON  
    -1                                                      EXPONENT            
                                                            END OF HEADER       
[from data line 3003]
     8                                                      START OF TEC MAP    
  2015    12    31    14     0     0                        EPOCH OF CURRENT MAP
    87.5-180.0 180.0   5.0 450.0                            LAT/LON1/LON2/DLON/H
   24   46   36   33   28   31   27   30   25   28   23   25   22   24   22   23
   22   24   23   25   25   26   27   28   29   30   30   32   32   33   32   35
   34   36   35   37   37   38   37   38   38   38   38   38   38   37   37   36
   37   35   37   35   37   35   36   35   36   35   36   35   35   35   34   33
   33   33   32   32   29   34   45   42   24                                   
    85.0-180.0 180.0   5.0 450.0                            LAT/LON1/LON2/DLON/H
   42   51   43   40   41   38   41   37   40   36   40   35   39   35   38   34
   38   34   37   33   36   33   35   32   35   32   35   32   35   33   35   33
   36   34   36   33   38   35   38   35   39   37   40   37   41   39   42   40
   44   42   45   43   46   45   47   45   48   46   48   46   47   46   46   44
   45   43   44   42   46   45   48   32   42                                   
    82.5-180.0 180.0   5.0 450.0                            LAT/LON1/LON2/DLON/H
   23   39   34   36   31   32   28   31   28   31   28   30   28   30   27   29
   27   29   26   27   26   27   25   26   24   26   24   25   24   25   23   25
   23   25   23   25   23   26   24   27   24   28   25   29   27   32   29   34
   32   37   35   40   39   44   42   46   45   47   45   47   45   47   43   45
   40   43   38   40   35   36   32   16   23                                   
    80.0-180.0 180.0   5.0 450.0                            LAT/LON1/LON2/DLON/H
   16   31   27   29   27   27   26   26   26   27   26   27   27   28   27   28
   27   28   27   28   27   28   26   28   26   28   25   27   24   26   23   26
   23   26   23   25   23   25   22   25   22   24   22   24   23   25   25   28
   28   31   32   36   36   41   40   44   44   47   45   47   45   46   44   44
   41   41   38   37   33   29   30   13   16                                   
    77.5-180.0 180.0   5.0 450.0                            LAT/LON1/LON2/DLON/H
    4   25   24   21   21   21   21   22   22   24   25   27   27   28   29   29
   28   29   29   30   29   31   31   32   31   32   31   31   29   30   29   29
   27   27   26   25   23   22   20   19   17   17   16   16   15   16   17   19
   20   23   25   29   31   35   36   39   40   42   42   43   43   42   42   40
   39   38   35   32   29   23   21    4    4                                   
    75.0-180.0 180.0   5.0 450.0                            LAT/LON1/LON2/DLON/H
    6   18   19   17   20   18   21   19   23   23   26   26   28   28   30   29
   30   30   32   31   34   33   36   35   37   36   37   35   36   34   35   33
   33   31   30   27   26   23   22   18   17   14   13   11   12   11   13   12
   17   17   22   22   28   29   34   34   38   37   40   39   41   39   41   38
   39   35   36   30   30   21   24    8    6                                   
    72.5-180.0 180.0   5.0 450.0                            LAT/LON1/LON2/DLON/H
    5   24   23   20   21   20   22   24   25   28   29   33   33   36   35   37
   35   37   36   39   39   42   43   46   45   49   48   50   47   50   47   47
   44   43   40   38   34   31   26   24   19   17   14   12   11   11   10   12
   13   16   17   22   24   29   30   34   35   38   38   40   39   41   40   41
   39   40   36   34   30   24   23    7    5                                   
    70.0-180.0 180.0   5.0 450.0                            LAT/LON1/LON2/DLON/H
   10   21   25   22   27   23   29   26   31   28   33   32   36   35   37   37
   37   39   40   43   44   47   49   53   55   57   59   59   60   60   58   58
   54   52   50   46   42   37   32   27   23   18   16   12   12   10   11    9
   13   12   17   17   23   24   29   30   33   33   36   36   38   38   41   40
   41   39   40   35   34   25   29   13   10                                   
    67.5-180.0 180.0   5.0 450.0                            LAT/LON1/LON2/DLON/H
   10   28   30   26   29   27   30   30   31   32   33   37   37   38   38   38
   38   40   42   44   47   52   56   61   64   67   69   73   72   75   72   74
   69   68   62   59   53   47   41   35   30   26   23   20   17   16   13   13
   11   13   14   19   21   25   27   30   30   32   32   34   36   38   40   41
   42   41   40   38   35   27   28   12   10                                   
    65.0-180.0 180.0   5.0 450.0                            LAT/LON1/LON2/DLON/H
   14   25   29   29   32   30   34   31   33   31   34   33   36   33   34   33
   34   36   39   43   46   52   58   63   68   72   76   78   81   84   84   83
   80   76   72   66   60   52   45   38   34   29   27   22   21   16   16   11
   11    9   13   13   19   19   25   23   27   26   29   29   33   34   37   37
   40   38   38   36   35   27   29   16   14                                   
    62.5-180.0 180.0   5.0 450.0                            LAT/LON1/LON2/DLON/H
   12   28   29   29   31   32   32   32   31   31   30   31   31   31   29   30
   29   32   36   42   47   53   59   68   73   79   82   87   88   92   92   93
   90   87   80   77   67   61   51   46   39   38   34   34   28   26   19   18
   12   13   12   16   16   20   21   23   22   24   24   27   30   32   35   36
   37   36   37   35   32   26   27   12   12                                   
    60.0-180.0 180.0   5.0 450.0                            LAT/LON1/LON2/DLON/H
   12   23   26   26   30   29   31   28   29   25   26   25   25   22   22   22
   23   26   31   39   46   51   60   66   73   77   83   86   91   93   96   97
   95   91   85   78   70   61   53   46   41   38   36   35   32   27   22   16
   13   10   11   11   15   15   18   18   20   18   23   23   28   28   32   31
   33   31   32   31   30   23   27   11   12                                   
    57.5-180.0 180.0   5.0 450.0                            LAT/LON1/LON2/DLON/H
   11   24   25   26   28   29   28   28   25   23   21   22   19   19   18   19
   20   25   31   40   47   55   62   71   76   83   87   92   96   98  102  104
  102  100   92   86   77   69   60   56   50   50   47   48   43   39   31   27
   19   17   15   17   16   17   17   19   19   21   23   27   28   29   31   31
   31   30   31   31   30   25   26   10   11                                   
    55.0-180.0 180.0   5.0 450.0                            LAT/LON1/LON2/DLON/H
   16   24   26   25   28   27   28   23   23   18   19   17   17   13   15   14
   18   23   31   40   50   58   66   74   80   84   90   94   99  102  105  107
  106  103   97   89   81   73   66   61   57   55   53   52   49   43   36   29
   24   19   19   17   18   17   20   20   23   24   29   30   33   31   32   29
   30   29   31   32   33   27   31   15   16                                   
    52.5-180.0 180.0   5.0 450.0                            LAT/LON1/LON2/DLON/H
   22   32   31   31   31   31   29   28   24   22   19   20   18   18   16   19
   20   29   38   49   57   67   73   82   86   92   96  102  106  109  112  114
  113  112  105  100   92   85   78   75   71   71   68   67   62   56   48   42
   35   30   28   26   25   25   25   28   30   33   36   40   38   38   36   35
   34   35   37   39   41   37   38   22   22                                   
    50.0-180.0 180.0   5.0 450.0                            LAT/LON1/LON2/DLON/H
   40   38   38   37   38   34   34   29   28   24   25   22   23   17   20   19
   25   32   45   54   65   73   80   88   93   97  103  108  113  114  116  118
  117  115  110  107  101   96   91   88   84   82   79   75   72   63   58   50
   45   39   38   35   35   34   37   38   42   43   48   48   49   44   44   39
   40   39   44   47   51   47   51   36   40                                   
    47.5-180.0 180.0   5.0 450.0                            LAT/LON1/LON2/DLON/H
   49   53   48   47   45   44   41   39   36   35   34   33   29   27   25   29
   33   45   55   68   76   86   90   97  100  107  111  117  119  121  121  123
  120  120  116  117  113  113  109  108  103  102   95   92   83   77   69   63
   58   53   51   49   46   46   46   50   52   55   57   59   55   54   50   48
   47   50   54   59   62   61   60   49   49                                   
    45.0-180.0 180.0   5.0 450.0                            LAT/LON1/LON2/DLON/H
   60   57   58   55   57   51   52   44   45   42   45   39   38   30   32   32
   41   51   66   77   87   94   98  103  107  114  119  123  125  124  122  120
  118  117  118  120  123  125  125  124  120  114  107   99   93   83   79   71
   69   64   62   58   57   55   57   58   63   64   65   65   63   59   57   53
   55   55   61   65   70   69   70   63   60                                   
    42.5-180.0 180.0   5.0 450.0                            LAT/LON1/LON2/DLON/H
   61   65   62   63   62   60   58   55   55   55   54   52   48   42   41   45
   52   64   77   91   98  105  107  112  116  121  125  128  127  124  120  118
  116  117  120  127  133  138  139  139  134  127  118  110  101   93   85   81
   77   72   70   67   63   62   61   64   67   68   68   68   64   62   60   59
   59   62   65   70   73   72   72   67   61                                   
    40.0-180.0 180.0   5.0 450.0                            LAT/LON1/LON2/DLON/H
   64   63   67   66   69   64   66   59   61   59   63   57   56   48   51   53
   64   73   89  100  108  112  115  119  123  127  130  130  128  122  118  114
  116  118  125  134  143  149  153  151  147  137  128  117  110   99   94   86
   85   78   75   71   67   64   63   66   68   68   68   66   64   62   62   60
   63   61   66   67   69   69   71   67   64                                   
    37.5-180.0 180.0   5.0 450.0                            LAT/LON1/LON2/DLON/H
   58   62   63   67   67   66   66   64   65   65   67   65   63   58   61   66
   75   87  100  111  116  120  123  127  130  132  134  133  129  123  120  120
  124  130  138  150  157  166  167  166  160  151  140  130  120  109  101   94
   89   83   80   74   69   66   64   65   66   65   64   62   59   59   60   61
   61   62   61   63   62   61   62   58   58                                   
    35.0-180.0 180.0   5.0 450.0                            LAT/LON1/LON2/DLON/H
   54   53   59   62   65   64   65   61   64   63   69   67   69   65   71   75
   89   97  112  118  126  127  131  133  137  137  138  135  132  128  128  132
  141  149  161  171  181  186  187  182  174  162  153  141  133  121  112  102
   96   89   83   76   71   67   64   65   65   63   61   58   57   57   59   59
   61   58   57   52   52   51   54   51   54                                   
    32.5-180.0 180.0   5.0 450.0                            LAT/LON1/LON2/DLON/H
   42   47   49   54   56   57   58   57   59   61   67   70   73   74   81   90
  100  110  120  129  134  138  142  143  144  143  142  141  139  140  146  157
  169  183  194  204  208  212  210  203  193  179  169  160  151  138  128  115
  108   97   91   83   78   73   71   69   66   63   59   57   54   56   58   59
   58   54   50   47   43   42   46   41   42                                   
    30.0-180.0 180.0   5.0 450.0                            LAT/LON1/LON2/DLON/H
   43   43   43   46   50   49   50   49   52   54   63   67   75   79   90   99
  112  118  130  135  144  146  151  150  151  148  148  148  153  158  173  191
  214  229  244  248  251  249  243  230  219  201  191  180  172  160  149  136
  126  116  108   99   92   87   83   79   76   68   64   59   59   59   62   61
   61   53   49   41   39   38   43   36   43                                   
    27.5-180.0 180.0   5.0 450.0                            LAT/LON1/LON2/DLON/H
   43   45   42   44   44   43   44   44   47   50   59   67   75   84   96  110
  120  128  135  145  151  157  159  158  155  154  154  162  168  186  206  239
  262  283  291  295  290  287  274  263  248  231  218  207  198  186  174  160
  151  141  134  125  119  111  104   98   91   83   77   74   70   69   68   66
   62   56   49   46   42   43   42   36   43                                   
    25.0-180.0 180.0   5.0 450.0                            LAT/LON1/LON2/DLON/H
   56   49   48   44   46   43   44   42   44   46   54   61   72   83   99  113
  126  132  142  148  158  163  166  162  161  160  166  174  191  214  249  279
  309  322  334  329  326  316  303  290  278  262  248  236  225  215  202  191
  178  170  164  156  151  140  132  123  113  104   95   90   84   83   80   75
   71   63   56   52   49   51   51   42   56                                   
    22.5-180.0 180.0   5.0 450.0                            LAT/LON1/LON2/DLON/H
   66   63   57   56   51   47   46   45   46   48   53   56   70   79   99  115
  129  138  147  157  166  171  171  168  166  169  176  194  214  248  282  317
  341  358  361  361  349  339  323  313  299  287  275  263  255  244  232  220
  208  199  193  188  181  173  162  151  138  124  114  107  101  100   94   90
   80   72   64   63   61   66   60   58   66                                   
    20.0-180.0 180.0   5.0 450.0                            LAT/LON1/LON2/DLON/H
   79   75   70   65   61   52   53   47   51   45   51   51   65   75   96  114
  132  140  151  161  171  176  177  174  174  178  192  210  241  271  313  336
  364  371  379  369  360  347  335  324  317  305  298  290  281  275  260  254
  235  232  220  213  206  196  186  174  160  144  128  121  112  111  105  101
   91   84   75   75   71   77   76   70   79                                   
    17.5-180.0 180.0   5.0 450.0                            LAT/LON1/LON2/DLON/H
   86   88   78   76   69   62   62   56   58   55   56   57   67   76   97  114
  133  145  158  170  178  183  183  181  180  189  203  231  261  296  331  351
  374  382  385  376  364  354  343  333  327  320  317  313  305  300  284  279
  263  259  246  242  228  218  205  190  178  158  143  129  121  117  114  110
  101   94   86   84   83   85   78   89   86                                   
    15.0-180.0 180.0   5.0 450.0                            LAT/LON1/LON2/DLON/H
   92   93   86   79   74   65   67   58   62   54   56   54   64   76   96  115
  138  153  168  180  188  193  193  190  192  202  222  250  282  312  342  354
  376  377  381  367  360  347  341  332  333  326  328  323  318  312  297  295
  278  278  264  260  245  236  219  206  189  173  154  139  127  123  118  115
  109  103   97   93   88   90   86   87   92                                   
    12.5-180.0 180.0   5.0 450.0                            LAT/LON1/LON2/DLON/H
   86   92   85   85   76   72   70   64   66   61   60   62   71   82  101  120
  144  165  179  193  198  204  201  202  205  219  239  269  297  321  344  353
  369  367  369  359  355  346  342  337  339  339  339  338  331  327  310  307
  290  287  273  268  253  242  227  212  196  177  161  145  134  128  124  122
  117  110  103   97   92   91   82   93   86                                   
    10.0-180.0 180.0   5.0 450.0                            LAT/LON1/LON2/DLON/H
   87   88   83   81   75   72   73   66   69   60   62   57   71   83  105  125
  154  176  196  206  211  215  215  217  225  240  263  287  310  326  342  345
  352  346  352  344  348  339  342  336  344  344  348  343  337  328  314  309
  294  291  276  269  254  245  229  218  201  185  166  153  140  136  133  132
  127  121  111  102   91   90   82   83   87                                   
     7.5-180.0 180.0   5.0 450.0                            LAT/LON1/LON2/DLON/H
   72   82   78   80   72   71   69   68   68   64   62   67   79   96  115  139
  165  192  211  222  226  230  232  238  249  265  285  305  318  329  335  337
