data/unet/pred2100.15i
     1.0            IONOSPHERE MAPS     GNSS                IONEX VERSION / TYPE
pyspatialgeodesy        IME             05-JAN-18 20:20     PGM / RUN BY / DATE 
Map Name                                                    COMMENT             
Predicted global ionosphere maps (GIM).                     DESCRIPTION         
  2015     7    29     0     0     0                        EPOCH OF FIRST MAP  
  2015     7    30     0     0     0                        EPOCH OF LAST MAP   
  7200                                                      INTERVAL            
    13                                                      # OF MAPS IN FILE   
  NONE                                                      MAPPING FUNCTION    
10.0                                                        ELEVATION CUTOFF    
One-way carrier phase leveled to code                       OBSERVABLES USED    
  6371.0                                                    BASE RADIUS         
 2                                                          MAP DIMENSION       
   450.0 450.0   0.0                                        HGT1 / HGT2 / DHGT  
    87.5 -87.5  -2.5                                        LAT1 / LAT2 / DLAT  
  -180.0 180.0   5.0                                        LON1 / LON2 / DLON  
    -1                                                      EXPONENT            
                                                            END OF HEADER       
[from data line 3861]
    10                                                      START OF TEC MAP    
  2015     7    29    18     0     0                        EPOCH OF CURRENT MAP
    87.5-180.0 180.0   5.0 450.0                            LAT/LON1/LON2/DLON/H
  166  139  136  138  138  136  139  138  141  140  143  141  144  142  145  143
  145  143  145  142  144  141  142  139  141  138  138  135  136  133  133  130
  130  127  128  125  126  123  125  121  124  121  123  120  122  120  123  120
  123  121  123  122  124  123  125  124  127  125  128  126  129  127  130  128
  131  129  132  130  134  132  144  152  166                                   
    85.0-180.0 180.0   5.0 450.0                            LAT/LON1/LON2/DLON/H
  125  125  128  134  134  136  135  139  138  142  141  143  142  145  143  145
  143  145  143  144  142  143  140  141  138  139  135  135  132  132  128  128
  124  124  121  121  118  119  116  117  115  117  115  116  115  117  116  117
  117  119  118  119  119  121  120  122  122  123  122  124  124  125  124  125
  124  126  125  127  126  124  134  147  125                                   
    82.5-180.0 180.0   5.0 450.0                            LAT/LON1/LON2/DLON/H
  122  121  127  129  132  133  135  137  139  141  143  143  146  145  148  146
  149  147  149  147  148  146  146  144  143  140  138  135  133  130  127  124
  122  119  118  116  114  114  113  112  112  112  112  112  112  112  113  113
  115  113  116  115  117  116  118  117  119  117  119  118  120  118  120  118
  120  119  120  120  122  115  122  129  122                                   
    80.0-180.0 180.0   5.0 450.0                            LAT/LON1/LON2/DLON/H
  118  122  122  127  129  131  134  136  138  141  142  144  146  147  148  149
  150  150  151  151  152  151  150  149  147  144  140  138  133  131  126  123
  119  118  114  114  110  112  108  111  108  110  108  110  109  111  110  112
  112  114  113  115  115  116  116  116  116  117  116  117  117  117  117  117
  117  118  117  120  118  112  117  124  118                                   
    77.5-180.0 180.0   5.0 450.0                            LAT/LON1/LON2/DLON/H
  113  115  118  119  124  125  129  130  134  135  138  139  141  142  144  144
  146  146  149  149  151  150  151  149  148  144  142  137  133  128  125  121
  117  115  113  112  111  111  110  110  109  110  110  110  110  110  111  111
  113  112  114  113  115  114  115  113  114  113  114  112  113  112  113  112
  113  113  115  114  114  107  108  119  113                                   
    75.0-180.0 180.0   5.0 450.0                            LAT/LON1/LON2/DLON/H
  109  112  113  117  120  122  125  127  130  132  134  136  138  139  140  141
  143  144  147  148  151  152  153  153  151  150  145  142  135  132  125  123
  118  117  114  115  112  114  113  114  113  114  112  113  111  112  111  113
  112  114  113  115  113  114  112  112  110  111  108  110  107  110  108  110
  109  112  111  113  112  107  108  122  109                                   
    72.5-180.0 180.0   5.0 450.0                            LAT/LON1/LON2/DLON/H
  111  110  114  114  117  119  122  123  126  128  131  131  133  133  135  134
  136  137  140  143  146  149  151  152  152  150  147  141  137  130  126  121
  118  116  116  115  117  116  118  117  118  116  116  113  114  111  113  111
  113  112  114  112  113  110  110  107  106  103  103  101  103  102  104  104
  107  107  110  110  112  105  107  120  111                                   
    70.0-180.0 180.0   5.0 450.0                            LAT/LON1/LON2/DLON/H
  112  113  113  116  117  119  121  123  125  127  130  130  132  131  132  130
  132  132  137  138  144  147  151  152  152  150  148  143  137  131  126  122
  118  117  117  117  118  120  121  122  120  119  116  114  112  111  110  110
  110  111  111  111  109  107  104  101   97   97   94   94   93   96   96  100
  101  105  107  110  111  106  108  122  112                                   
    67.5-180.0 180.0   5.0 450.0                            LAT/LON1/LON2/DLON/H
  118  117  118  116  119  119  122  122  125  126  130  130  131  129  129  127
  127  127  130  133  139  142  147  149  151  149  147  142  137  130  127  121
  120  117  119  119  122  122  125  124  124  120  119  113  112  108  109  106
  109  107  109  106  106  101   98   93   90   87   86   85   86   87   91   93
   97  100  105  108  111  107  111  122  118                                   
    65.0-180.0 180.0   5.0 450.0                            LAT/LON1/LON2/DLON/H
  122  123  121  122  123  122  125  125  129  130  134  134  135  133  132  129
  128  128  131  133  139  142  147  148  150  148  146  142  137  132  128  124
  122  121  121  122  124  126  127  127  125  123  119  115  110  108  106  106
  106  107  106  104  101   97   91   87   81   80   76   78   77   82   83   88
   90   97  100  106  110  108  113  125  122                                   
    62.5-180.0 180.0   5.0 450.0                            LAT/LON1/LON2/DLON/H
  126  127  128  124  127  125  127  127  131  132  136  137  138  135  134  130
  129  128  129  132  137  140  145  147  149  147  146  142  139  135  132  129
  128  126  127  127  130  130  132  131  130  126  122  116  112  108  108  106
  108  106  106  102   99   92   87   80   75   72   70   70   72   75   78   82
   86   92   97  103  108  108  115  124  126                                   
    60.0-180.0 180.0   5.0 450.0                            LAT/LON1/LON2/DLON/H
  126  131  129  130  132  130  132  131  135  136  141  141  143  141  140  137
  135  134  134  136  139  141  145  145  148  145  145  142  141  139  137  136
  134  134  133  134  134  136  136  137  134  133  126  123  116  114  111  112
  111  110  107  103   97   91   84   78   72   70   67   68   68   72   73   78
   80   87   91   99  105  107  114  126  126                                   
    57.5-180.0 180.0   5.0 450.0                            LAT/LON1/LON2/DLON/H
  124  129  132  130  133  131  132  131  135  136  140  141  143  143  142  139
  138  136  136  136  139  140  143  143  146  144  145  144  145  145  145  144
  144  143  143  142  142  143  144  144  142  139  134  130  124  120  118  117
  116  114  111  104   99   90   84   77   73   70   68   68   68   69   70   72
   75   80   85   93  100  103  112  121  124                                   
    55.0-180.0 180.0   5.0 450.0                            LAT/LON1/LON2/DLON/H
  120  128  129  132  135  133  135  134  138  138  142  143  145  145  145  144
  143  142  141  140  141  140  142  142  145  143  147  147  150  151  153  153
  153  152  151  150  149  151  151  152  149  148  143  139  132  130  126  125
  123  120  115  108  100   93   86   82   78   76   74   73   71   71   69   70
   70   75   78   88   94   99  108  121  120                                   
    52.5-180.0 180.0   5.0 450.0                            LAT/LON1/LON2/DLON/H
  115  123  128  129  134  133  135  134  137  137  141  141  143  144  144  144
  144  142  142  140  141  139  141  141  144  145  148  152  155  159  161  164
  164  164  161  161  160  161  162  163  161  160  155  151  144  139  135  132
  129  125  119  111  104   97   91   87   86   85   83   81   77   74   71   69
   68   71   75   84   90   95  105  114  115                                   
    50.0-180.0 180.0   5.0 450.0                            LAT/LON1/LON2/DLON/H
  111  121  124  130  135  137  139  139  141  141  143  143  144  144  145  146
  146  147  146  144  144  143  143  145  148  149  154  157  163  165  170  170
  172  172  171  170  170  171  172  173  171  170  165  160  153  148  143  140
  136  131  124  116  109  103   99   97   97   96   95   91   87   82   76   73
   70   72   75   83   88   92  102  116  111                                   
    47.5-180.0 180.0   5.0 450.0                            LAT/LON1/LON2/DLON/H
  110  118  125  129  137  140  144  143  146  144  147  144  146  144  146  147
  149  148  149  146  146  144  146  147  151  153  158  163  167  172  175  179
  180  181  181  183  182  184  183  185  182  182  176  170  162  155  150  145
  140  134  127  120  114  109  106  106  107  108  105  102   96   89   82   78
   74   75   77   83   88   91  102  113  110                                   
    45.0-180.0 180.0   5.0 450.0                            LAT/LON1/LON2/DLON/H
  112  120  125  134  143  148  153  153  154  154  154  153  152  151  151  153
  153  155  154  153  153  153  155  157  161  164  169  171  176  178  182  184
  187  188  191  193  196  197  197  197  194  192  186  180  171  163  156  151
  144  139  132  126  120  117  115  115  117  117  116  111  106   99   92   86
   82   83   85   89   93   94  104  116  112                                   
    42.5-180.0 180.0   5.0 450.0                            LAT/LON1/LON2/DLON/H
  118  125  130  139  151  156  163  162  165  162  164  160  161  157  159  159
  162  161  162  160  161  160  164  166  172  174  181  183  188  189  192  194
  197  199  204  208  212  214  213  213  208  205  197  189  180  170  164  156
  150  142  137  131  127  124  122  124  125  126  123  121  113  109  100   97
   92   93   92   96   97   97  106  119  118                                   
    40.0-180.0 180.0   5.0 450.0                            LAT/LON1/LON2/DLON/H
  123  130  136  147  160  166  175  176  178  178  176  175  173  172  170  172
  170  173  171  171  173  174  178  182  187  190  195  197  201  203  205  207
  212  216  223  227  232  231  231  227  223  216  211  201  191  181  173  165
  157  151  144  139  135  131  130  129  131  131  129  126  122  118  112  109
  104  104  104  106  105  104  110  122  123                                   
    37.5-180.0 180.0   5.0 450.0                            LAT/LON1/LON2/DLON/H
  131  138  143  153  167  174  183  183  188  185  188  184  185  180  182  180
  182  181  183  182  185  187  192  195  203  206  214  217  222  223  227  228
  233  238  246  250  256  255  253  247  241  234  226  215  205  193  185  174
  166  158  151  146  141  137  133  134  132  134  131  132  126  127  119  118
  112  113  110  112  108  106  114  125  131                                   
    35.0-180.0 180.0   5.0 450.0                            LAT/LON1/LON2/DLON/H
  136  145  150  162  175  182  192  193  198  199  199  200  198  197  195  195
  193  194  193  195  197  201  206  210  219  224  236  240  249  251  256  257
  264  266  276  277  283  277  274  263  257  245  239  227  219  206  198  185
  177  167  160  152  147  141  137  132  132  131  132  132  131  131  127  125
  120  120  117  117  113  111  118  126  136                                   
    32.5-180.0 180.0   5.0 450.0                            LAT/LON1/LON2/DLON/H
  141  150  156  167  179  185  195  196  201  201  205  205  208  207  207  205
  204  204  204  208  210  216  219  226  234  243  254  264  273  280  285  289
  294  299  304  306  306  303  293  283  272  263  253  243  233  221  210  198
  186  175  166  157  150  144  137  134  130  132  130  134  132  135  129  129
  123  123  117  118  112  111  120  128  141                                   
    30.0-180.0 180.0   5.0 450.0                            LAT/LON1/LON2/DLON/H
  141  156  160  173  182  191  198  202  207  209  214  217  219  220  217  216
  214  215  216  220  223  231  234  241  250  260  277  287  303  308  317  319
  327  325  331  326  329  318  313  295  286  270  263  250  242  227  218  202
  192  176  167  155  148  139  134  129  128  127  129  131  132  133  130  129
  124  123  119  118  113  113  122  129  141                                   
    27.5-180.0 180.0   5.0 450.0                            LAT/LON1/LON2/DLON/H
  141  155  163  173  185  192  202  204  209  210  216  219  224  227  226  226
  224  227  228  235  236  244  245  253  260  276  290  310  323  335  341  346
  346  347  344  344  339  332  321  306  292  278  265  255  242  229  216  201
  187  172  160  149  141  136  131  129  126  127  126  130  129  132  127  128
  121  121  115  115  109  109  121  129  141                                   
    25.0-180.0 180.0   5.0 450.0                            LAT/LON1/LON2/DLON/H
  140  160  162  176  184  196  204  212  217  222  226  231  235  237  238  235
  237  238  241  248  250  257  257  267  275  291  313  328  349  355  367  365
  370  362  363  353  351  338  330  310  297  276  264  247  236  221  208  193
  179  163  150  139  134  129  127  125  124  123  124  125  127  128  125  123
  118  117  113  113  109  110  121  128  140                                   
    22.5-180.0 180.0   5.0 450.0                            LAT/LON1/LON2/DLON/H
  139  152  161  173  186  197  210  216  224  226  232  235  242  246  249  250
  252  257  260  267  267  272  273  281  289  310  326  348  362  373  378  381
  379  377  367  361  351  342  329  312  293  273  255  239  225  208  195  177
  165  147  137  127  122  122  120  122  121  123  121  123  121  124  120  121
  113  114  109  110  107  108  119  128  139                                   
    20.0-180.0 180.0   5.0 450.0                            LAT/LON1/LON2/DLON/H
  139  155  161  176  187  203  217  229  238  243  246  250  255  260  264  266
  271  275  280  286  286  290  290  298  309  327  352  366  385  388  396  393
  395  386  379  365  358  345  333  315  295  269  251  230  215  197  183  168
  153  138  126  118  114  114  115  118  118  119  117  117  116  118  116  115
  110  109  108  110  107  110  119  131  139                                   
    17.5-180.0 180.0   5.0 450.0                            LAT/LON1/LON2/DLON/H
  137  147  159  173  189  206  224  236  246  253  257  260  267  271  278  280
  288  294  303  308  310  313  311  320  329  349  366  384  395  400  399  400
  394  389  375  366  354  347  333  316  293  268  244  224  206  187  174  156
  144  128  118  111  108  109  111  115  117  118  115  114  111  112  108  110
  103  106  104  109  105  107  118  129  137                                   
    15.0-180.0 180.0   5.0 450.0                            LAT/LON1/LON2/DLON/H
  136  149  160  177  192  213  230  248  259  269  272  277  281  289  296  302
  311  319  325  332  332  336  336  343  357  371  394  403  417  415  417  411
  408  395  387  373  366  354  344  326  304  274  249  226  208  189  174  158
  144  129  117  109  105  107  110  115  116  117  113  109  106  104  101  100
   98  100  103  106  104  105  116  128  136                                   
    12.5-180.0 180.0   5.0 450.0                            LAT/LON1/LON2/DLON/H
  132  142  155  173  192  212  234  248  261  271  278  285  292  302  311  322
  333  342  350  354  357  359  361  369  379  396  409  421  426  427  422  418
  406  397  382  375  364  359  343  330  305  281  252  232  213  196  180  164
  149  134  122  112  107  108  112  116  118  116  111  106  102  101   95   95
   91   97   97  102   97   99  111  122  132                                   
    10.0-180.0 180.0   5.0 450.0                            LAT/LON1/LON2/DLON/H
  126  139  155  177  194  216  234  253  265  280  286  296  303  316  326  340
  352  365  373  380  382  384  391  397  411  420  439  442  449  442  440  428
  421  404  396  384  380  368  358  340  319  293  268  245  227  210  191  175
  158  142  127  115  109  109  112  117  118  115  109  104   99   96   91   90
   88   91   95   94   93   92  105  115  126                                   
     7.5-180.0 180.0   5.0 450.0                            LAT/LON1/LON2/DLON/H
  118  131  149  172  192  212  232  247  262  275  286  297  308  323  334  350
  364  379  390  398  404  407  411  418  425  438  449  455  455  453  443  433
