data/unet/pred1080.15i
     1.0            IONOSPHERE MAPS     GNSS                IONEX VERSION / TYPE
pyspatialgeodesy        IME             05-JAN-18 20:20     PGM / RUN BY / DATE 
Map Name                                                    COMMENT             
Predicted global ionosphere maps (GIM).                     DESCRIPTION         
  2015     4    18     0     0     0                        EPOCH OF FIRST MAP  
  2015     4    19     0     0     0                        EPOCH OF LAST MAP   
  7200                                                      INTERVAL            
    13                                                      # OF MAPS IN FILE   
  NONE                                                      MAPPING FUNCTION    
10.0                                                        ELEVATION CUTOFF    
One-way carrier phase leveled to code                       OBSERVABLES USED    
  6371.0                                                    BASE RADIUS         
 2                                                          MAP DIMENSION       
   450.0 450.0   0.0                                        HGT1 / HGT2 / DHGT  
    87.5 -87.5  -2.5                                        LAT1 / LAT2 / DLAT  
  -180.0 180.0   5.0                                        LON1 / LON2 / DLON  
    -1                                                      EXPONENT            
                                                            END OF HEADER       
[from data line 4719]
    12                                                      START OF TEC MAP    
  2015     4    18    22     0     0                        EPOCH OF CURRENT MAP
    87.5-180.0 180.0   5.0 450.0                            LAT/LON1/LON2/DLON/H
  206  176  169  172  173  173  175  174  176  176  178  178  180  179  181  180
  181  180  180  178  178  176  176  173  172  169  169  165  164  161  160  157
  156  154  153  151  151  149  149  148  148  148  148  148  149  149  150  150
  152  153  154  155  156  157  158  159  160  161  162  162  163  164  164  164
  166  166  168  167  168  168  175  191  206                                   
    85.0-180.0 180.0   5.0 450.0                            LAT/LON1/LON2/DLON/H
  165  168  169  175  174  177  177  181  181  186  186  190  190  193  193  196
  195  195  193  193  190  189  186  184  180  178  173  171  166  164  159  158
  153  152  147  147  143  144  140  142  140  142  140  143  142  145  145  148
  149  152  153  155  157  159  160  162  164  165  166  167  168  169  169  169
  169  170  170  170  170  171  172  184  165                                   
    82.5-180.0 180.0   5.0 450.0                            LAT/LON1/LON2/DLON/H
  153  156  160  164  165  168  173  177  182  187  192  198  202  206  208  211
  211  211  209  208  204  201  196  193  187  184  177  174  168  164  158  154
  151  147  144  140  139  136  136  134  135  134  136  135  138  138  141  143
  145  148  150  153  155  158  160  163  164  166  166  167  166  168  166  166
  164  165  163  163  161  161  162  171  153                                   
    80.0-180.0 180.0   5.0 450.0                            LAT/LON1/LON2/DLON/H
  145  150  148  152  153  158  165  171  179  186  196  202  211  215  220  222
  223  221  220  217  214  209  205  199  195  188  182  175  170  162  157  150
  147  140  137  133  131  128  128  126  127  126  128  128  131  131  134  136
  140  141  146  148  152  154  158  160  163  164  165  166  165  165  163  162
  159  158  155  153  151  149  148  154  145                                   
    77.5-180.0 180.0   5.0 450.0                            LAT/LON1/LON2/DLON/H
  139  143  140  141  146  151  161  169  182  191  204  213  223  228  232  232
  232  227  225  220  218  213  211  205  201  194  189  182  177  168  163  155
  151  144  141  136  133  130  129  127  128  127  128  128  130  130  132  134
  137  138  141  144  148  150  155  156  161  161  164  164  165  162  161  157
  156  152  150  145  144  139  140  143  139                                   
    75.0-180.0 180.0   5.0 450.0                            LAT/LON1/LON2/DLON/H
  137  142  138  141  144  152  161  173  186  199  212  225  233  237  238  235
  230  224  219  215  213  211  208  206  203  200  194  188  182  174  167  160
  154  149  145  141  137  135  132  132  131  132  131  132  131  132  132  133
  134  134  137  138  142  144  149  152  156  158  161  161  162  160  158  155
  152  150  147  142  140  137  137  142  137                                   
    72.5-180.0 180.0   5.0 450.0                            LAT/LON1/LON2/DLON/H
  143  147  143  145  148  155  167  178  194  209  224  235  241  242  238  229
  221  211  206  201  201  199  200  200  201  199  197  190  186  177  172  163
  159  152  149  143  142  138  137  134  135  133  135  132  133  131  132  130
  131  130  132  133  136  139  143  146  150  154  157  158  159  158  156  153
  151  147  146  142  142  140  141  147  143                                   
    70.0-180.0 180.0   5.0 450.0                            LAT/LON1/LON2/DLON/H
  153  158  157  158  160  165  174  187  203  220  234  246  251  248  238  226
  213  203  193  189  188  189  190  194  195  196  193  189  183  176  169  161
  155  149  145  141  139  137  135  135  134  134  134  133  132  131  130  128
  127  126  126  127  129  132  135  139  145  148  151  153  155  154  153  151
  149  147  147  145  147  146  149  157  153                                   
    67.5-180.0 180.0   5.0 450.0                            LAT/LON1/LON2/DLON/H
  167  170  169  168  169  172  182  193  211  226  242  253  257  248  236  217
  203  187  179  171  174  174  180  183  189  188  188  182  178  169  163  153
  148  140  137  132  131  128  128  126  127  127  128  126  126  124  123  121
  119  118  118  119  120  123  127  132  136  142  144  148  149  151  149  148
  146  145  147  147  150  154  156  168  167                                   
    65.0-180.0 180.0   5.0 450.0                            LAT/LON1/LON2/DLON/H
  175  182  183  182  179  181  187  199  214  231  247  260  263  256  239  222
  202  187  173  168  167  172  175  181  182  183  179  174  167  158  150  141
  134  127  123  119  117  115  115  115  115  116  116  116  114  114  111  111
  108  108  107  109  110  114  117  122  127  132  136  140  143  143  143  143
  142  143  146  147  154  156  163  178  175                                   
    62.5-180.0 180.0   5.0 450.0                            LAT/LON1/LON2/DLON/H
  181  186  187  186  183  182  188  196  213  229  247  260  266  257  243  223
  204  185  174  165  168  169  176  177  181  176  174  164  158  147  140  131
  125  117  112  106  104  101  101  100  101  102  103  102  100   99   98   97
   96   96   96   97   99  102  105  111  114  122  124  130  133  137  137  137
  138  139  142  146  152  158  163  183  181                                   
    60.0-180.0 180.0   5.0 450.0                            LAT/LON1/LON2/DLON/H
  182  190  193  192  186  187  188  197  210  227  244  260  267  264  250  236
  216  200  187  182  181  182  185  184  181  174  166  159  149  143  135  129
  122  114  107  100   95   93   90   91   91   93   91   92   89   89   86   87
   85   86   86   88   89   92   95  100  105  110  114  120  124  128  131  132
  134  137  141  144  152  155  165  186  182                                   
    57.5-180.0 180.0   5.0 450.0                            LAT/LON1/LON2/DLON/H
  185  191  195  193  189  186  187  192  204  219  237  253  264  264  258  246
  233  218  207  198  198  194  195  187  184  169  164  152  152  144  143  135
  130  120  113  103   98   93   91   89   89   89   89   88   84   82   79   79
   77   78   77   80   80   84   86   92   94  102  103  111  115  121  126  130
  134  139  143  148  153  158  165  188  185                                   
    55.0-180.0 180.0   5.0 450.0                            LAT/LON1/LON2/DLON/H
  190  198  203  204  199  199  196  200  207  219  233  249  259  266  266  264
  255  246  235  227  221  216  211  202  191  179  169  162  158  158  156  152
  145  135  125  114  107  101   98   97   96   96   94   93   88   86   81   80
   77   77   77   78   79   81   84   88   92   96  102  107  113  118  125  132
  138  145  152  156  163  164  173  196  190                                   
    52.5-180.0 180.0   5.0 450.0                            LAT/LON1/LON2/DLON/H
  207  212  218  220  220  219  217  217  219  227  234  245  257  267  275  278
  278  271  264  253  246  237  228  215  204  189  184  174  178  173  178  169
  166  151  144  130  123  115  113  111  111  109  108  105  100   96   91   88
   83   82   80   81   80   84   84   90   92  100  102  110  115  123  131  140
  150  160  169  177  181  183  185  210  207                                   
    50.0-180.0 180.0   5.0 450.0                            LAT/LON1/LON2/DLON/H
  229  236  247  253  255  257  253  252  248  249  246  253  260  273  283  294
  297  295  287  278  266  257  245  235  222  212  204  202  201  202  200  193
  183  170  159  146  137  131  127  128  126  128  125  124  118  114  106  102
   96   94   90   89   89   91   94   97  103  107  112  118  124  133  143  155
  168  182  196  204  212  212  214  238  229                                   
    47.5-180.0 180.0   5.0 450.0                            LAT/LON1/LON2/DLON/H
  261  269  283  289  295  299  301  299  294  287  276  274  275  285  295  307
  314  311  302  290  279  269  260  252  244  236  230  225  225  221  218  205
  196  177  169  155  150  144  142  142  143  144  145  144  139  133  126  120
  114  110  105  103  102  105  107  113  116  123  126  133  140  149  160  174
  190  209  225  238  245  250  249  269  261                                   
    45.0-180.0 180.0   5.0 450.0                            LAT/LON1/LON2/DLON/H
  293  303  314  323  330  339  342  347  339  331  312  304  297  303  308  321
  325  324  314  305  291  285  275  275  267  265  256  252  244  237  227  214
  199  183  173  164  158  155  152  154  153  157  158  160  156  152  144  139
  131  125  120  117  117  119  123  128  134  138  144  150  159  169  181  195
  213  233  254  268  281  287  289  304  293                                   
    42.5-180.0 180.0   5.0 450.0                            LAT/LON1/LON2/DLON/H
  325  336  344  355  365  376  386  391  389  376  358  343  333  332  333  340
  340  336  326  313  302  296  294  295  292  289  279  269  254  240  226  210
  195  180  173  166  164  162  161  161  162  166  169  172  171  168  162  156
  148  141  135  131  131  133  137  142  147  153  158  167  180  191  204  217
  235  257  281  300  316  324  326  339  325                                   
    40.0-180.0 180.0   5.0 450.0                            LAT/LON1/LON2/DLON/H
  356  365  371  382  393  407  419  431  429  420  399  384  367  363  357  359
  355  348  338  326  317  314  314  318  314  311  294  279  254  237  218  203
  188  177  174  171  173  171  171  171  171  175  179  182  183  180  176  169
  162  154  148  144  144  145  150  153  158  164  172  184  201  215  227  241
  256  279  304  326  344  353  361  370  356                                   
    37.5-180.0 180.0   5.0 450.0                            LAT/LON1/LON2/DLON/H
  381  390  397  411  420  437  450  464  468  460  445  428  413  403  392  386
  377  367  358  347  341  337  339  341  338  329  309  286  259  237  220  205
  195  186  186  183  184  181  182  182  181  185  188  193  193  191  186  180
  172  164  158  154  155  156  159  160  166  171  181  195  216  231  246  257
  274  295  324  349  368  383  391  397  381                                   
    35.0-180.0 180.0   5.0 450.0                            LAT/LON1/LON2/DLON/H
  412  422  431  439  450  460  474  487  496  494  487  474  460  443  427  414
  402  389  384  374  370  365  366  365  358  346  322  298  270  252  237  227
  220  216  217  211  211  203  200  197  197  197  201  203  202  200  193  187
  177  170  162  160  157  159  158  159  162  169  178  202  224  249  263  279
  295  319  344  369  388  402  412  419  412                                   
    32.5-180.0 180.0   5.0 450.0                            LAT/LON1/LON2/DLON/H
  443  463  469  481  484  493  501  515  524  526  525  517  506  490  468  451
  432  420  411  404  404  398  398  392  386  370  347  321  303  288  283  276
  273  270  270  264  258  244  233  222  217  217  215  217  215  211  203  195
  182  172  164  160  157  158  155  157  159  164  178  199  230  255  284  297
  319  337  364  389  408  423  434  442  443                                   
    30.0-180.0 180.0   5.0 450.0                            LAT/LON1/LON2/DLON/H
  480  509  524  529  534  534  539  543  553  555  557  552  543  523  501  480
  460  444  438  430  430  424  422  415  407  394  377  357  346  337  343  345
  351  347  344  330  315  295  276  260  250  245  239  234  227  219  208  203
  190  187  179  177  168  167  159  159  152  156  161  188  213  252  277  307
  328  356  385  406  427  440  457  463  480                                   
    27.5-180.0 180.0   5.0 450.0                            LAT/LON1/LON2/DLON/H
  517  561  579  591  596  596  597  598  600  600  600  595  584  564  538  516
  493  478  463  457  451  442  437  430  428  421  414  401  403  406  424  432
  441  431  416  393  369  342  322  304  286  273  262  255  244  237  223  215
  201  199  189  186  178  175  168  163  159  155  169  182  213  240  282  311
  345  370  397  427  446  468  483  492  517                                   
    25.0-180.0 180.0   5.0 450.0                            LAT/LON1/LON2/DLON/H
  563  619  647  658  670  667  667  663  664  660  656  646  635  608  582  557
  533  518  500  486  476  458  453  446  448  447  452  452  463  478  506  520
  520  503  470  437  399  370  349  337  323  311  292  280  259  245  229  224
  210  208  198  196  186  179  170  162  157  152  157  175  205  245  273  319
  342  380  399  432  454  484  511  518  563                                   
    22.5-180.0 180.0   5.0 450.0                            LAT/LON1/LON2/DLON/H
  608  678  710  735  748  751  753  751  741  731  716  704  685  661  631  608
  582  560  539  523  507  487  476  472  483  492  506  515  534  548  567  571
  554  526  487  449  411  381  357  347  333  325  307  292  272  262  250  242
  228  224  211  209  194  191  174  171  164  161  167  176  210  247  285  318
  353  384  409  438  464  502  536  550  608                                   
    20.0-180.0 180.0   5.0 450.0                            LAT/LON1/LON2/DLON/H
  648  718  757  789  816  834  842  843  834  816  789  765  741  710  679  653
  625  607  580  560  544  520  513  512  527  544  564  573  580  594  592  588
  557  527  481  440  396  368  351  340  332  326  311  301  283  275  266  258
  250  241  234  224  213  195  183  169  163  159  167  175  205  248  281  318
  348  388  411  448  474  514  558  579  648                                   
    17.5-180.0 180.0   5.0 450.0                            LAT/LON1/LON2/DLON/H
  672  743  785  825  858  888  908  917  909  892  864  836  805  773  733  703
  672  646  620  599  581  562  557  563  583  605  609  608  597  590  574  558
  525  493  447  406  369  346  330  324  316  314  304  299  292  290  288  282
  272  263  251  242  222  209  186  178  161  166  167  182  209  246  288  321
  356  392  424  457  492  535  583  601  672                                   
    15.0-180.0 180.0   5.0 450.0                            LAT/LON1/LON2/DLON/H
  683  756  792  833  869  907  933  955  955  943  915  889  858  828  789  751
  713  685  657  637  627  610  616  628  645  651  640  617  585  555  519  493
  459  424  389  356  333  312  303  300  296  296  291  295  293  299  299  296
  285  275  260  248  223  210  183  177  161  168  168  188  211  253  286  322
  354  395  426  466  502  552  602  617  683                                   
    12.5-180.0 180.0   5.0 450.0                            LAT/LON1/LON2/DLON/H
  682  750  784  820  856  895  932  961  977  969  948  927  903  879  843  805
  763  727  697  677  670  666  678  690  693  685  651  602  541  491  443  416
  383  358  333  316  298  289  282  283  279  282  283  291  300  304  307  302
  292  279  260  245  216  201  173  170  159  170  173  192  216  249  286  324
  360  400  434  475  516  569  617  628  682                                   
    10.0-180.0 180.0   5.0 450.0                            LAT/LON1/LON2/DLON/H
  681  748  769  801  834  875  912  949  969  973  959  949  931  917  886  851
  812  771  743  719  712  706  721  729  724  699  644  569  492  424  376  339
  318  302  298  289  287  283  282  285  278  282  281  294  297  305  303  300
  283  271  243  230  192  184  157  165  154  167  164  180  203  242  282  328
  363  406  438  485  527  585  632  643  681                                   
     7.5-180.0 180.0   5.0 450.0                            LAT/LON1/LON2/DLON/H
  681  743  758  782  809  841  883  916  941  950  947  945  941  935  917  888
  855  816  787  767  756  751  753  758  733  688  614  524  441  378  334  305
