data/unet/pred2010.15i
     1.0            IONOSPHERE MAPS     GNSS                IONEX VERSION / TYPE
pyspatialgeodesy        IME             05-JAN-18 20:20     PGM / RUN BY / DATE 
Map Name                                                    COMMENT             
Predicted global ionosphere maps (GIM).                     DESCRIPTION         
  2015     7    20     0     0     0                        EPOCH OF FIRST MAP  
  2015     7    21     0     0     0                        EPOCH OF LAST MAP   
  7200                                                      INTERVAL            
    13                                                      # OF MAPS IN FILE   
  NONE                                                      MAPPING FUNCTION    
10.0                                                        ELEVATION CUTOFF    
One-way carrier phase leveled to code                       OBSERVABLES USED    
  6371.0                                                    BASE RADIUS         
 2                                                          MAP DIMENSION       
   450.0 450.0   0.0                                        HGT1 / HGT2 / DHGT  
    87.5 -87.5  -2.5                                        LAT1 / LAT2 / DLAT  
  -180.0 180.0   5.0                                        LON1 / LON2 / DLON  
    -1                                                      EXPONENT            
                                                            END OF HEADER       
     1                                                      START OF TEC MAP    
  2015     7    20     0     0     0                        EPOCH OF CURRENT MAP
    87.5-180.0 180.0   5.0 450.0                            LAT/LON1/LON2/DLON/H
  179  151  151  149  148  145  145  144  145  144  145  143  145  143  144  142
  144  142  143  140  141  139  139  136  137  134  134  132  132  130  130  128
  130  128  130  128  130  128  129  127  129  127  129  127  129  127  129  127
  129  128  130  129  131  130  132  132  134  134  136  135  138  138  139  139
  142  142  144  144  146  146  146  173  179                                   
    85.0-180.0 180.0   5.0 450.0                            LAT/LON1/LON2/DLON/H
  157  159  163  161  160  156  158  156  158  156  158  156  158  157  157  156
  157  155  155  153  153  150  149  146  145  142  141  137  138  134  134  131
  133  131  132  130  132  130  131  129  131  129  131  129  131  130  132  130
  133  132  134  133  135  134  137  136  139  139  141  141  144  145  147  147
  150  151  153  153  155  151  150  147  157                                   
    82.5-180.0 180.0   5.0 450.0                            LAT/LON1/LON2/DLON/H
  162  166  166  165  164  160  163  161  164  162  166  163  167  164  167  164
  166  162  164  159  161  155  156  149  150  143  144  137  138  132  134  129
  132  127  131  127  131  127  130  127  130  127  130  128  131  129  132  130
  134  132  135  133  137  134  138  136  140  139  143  142  147  146  150  149
  154  153  157  156  160  155  153  146  162                                   
    80.0-180.0 180.0   5.0 450.0                            LAT/LON1/LON2/DLON/H
  168  170  168  168  166  165  166  167  168  169  170  171  172  172  173  172
  173  171  170  168  166  162  160  155  152  147  144  139  137  133  132  130
  130  129  130  130  131  131  132  132  133  133  134  134  135  136  137  138
  139  139  141  140  142  140  142  141  143  143  145  146  149  149  152  153
  156  157  160  161  163  161  158  155  168                                   
    77.5-180.0 180.0   5.0 450.0                            LAT/LON1/LON2/DLON/H
  170  169  166  166  164  164  164  165  167  168  169  171  172  172  173  173
  173  173  172  170  168  165  161  157  152  147  142  137  134  130  129  127
  128  128  130  131  133  134  135  136  136  137  138  140  141  143  143  146
  146  147  147  147  146  146  145  146  145  146  146  148  149  151  153  156
  157  160  161  163  165  164  162  156  170                                   
    75.0-180.0 180.0   5.0 450.0                            LAT/LON1/LON2/DLON/H
  168  165  163  162  160  158  159  160  163  164  166  167  169  169  170  171
  172  171  172  170  169  165  162  157  151  145  140  134  131  127  127  126
  128  129  132  134  136  137  139  139  140  140  143  144  147  148  151  153
  155  155  156  155  154  152  152  150  149  149  149  150  151  153  154  157
  159  161  163  165  167  164  160  157  168                                   
    72.5-180.0 180.0   5.0 450.0                            LAT/LON1/LON2/DLON/H
  166  162  157  154  151  149  150  152  155  158  161  162  164  165  166  166
  167  166  167  166  165  162  159  153  147  141  135  130  126  124  124  124
  126  129  132  134  136  138  139  139  139  140  141  144  147  150  153  156
  158  159  159  159  157  156  153  152  150  150  149  150  150  151  152  154
  156  158  160  163  165  163  160  155  166                                   
    70.0-180.0 180.0   5.0 450.0                            LAT/LON1/LON2/DLON/H
  162  157  153  149  146  144  147  148  153  155  160  162  164  164  164  164
  164  164  164  164  163  160  158  153  146  140  134  128  125  122  123  124
  127  130  134  135  137  136  137  135  136  135  138  139  144  147  153  155
  160  160  163  162  161  158  157  154  153  151  151  151  151  151  152  152
  154  155  158  160  162  160  157  154  162                                   
    67.5-180.0 180.0   5.0 450.0                            LAT/LON1/LON2/DLON/H
  161  156  151  146  142  140  142  145  149  154  159  162  164  164  163  163
  162  161  162  161  161  159  157  152  146  140  134  128  124  122  123  124
  127  129  133  133  133  131  130  127  126  125  128  130  135  139  146  150
  155  158  160  160  159  157  155  154  152  152  151  152  151  151  150  150
  150  151  154  157  159  158  157  152  161                                   
    65.0-180.0 180.0   5.0 450.0                            LAT/LON1/LON2/DLON/H
  161  156  152  147  142  140  142  145  150  155  161  164  166  167  165  164
  163  162  161  162  161  160  158  154  149  143  137  131  127  125  126  126
  129  131  132  131  129  125  123  117  116  113  117  118  125  129  137  142
  149  152  157  157  157  156  155  154  154  154  155  154  154  152  151  150
  150  150  154  156  160  159  158  153  161                                   
    62.5-180.0 180.0   5.0 450.0                            LAT/LON1/LON2/DLON/H
  167  162  157  152  146  143  143  145  150  155  161  165  168  168  168  166
  165  163  163  163  163  162  161  158  154  148  142  136  133  130  130  130
  132  131  131  127  123  117  112  106  103  100  103  105  112  118  127  133
  141  145  150  152  153  153  153  154  154  156  157  157  157  155  153  151
  150  150  153  156  161  161  161  154  167                                   
    60.0-180.0 180.0   5.0 450.0                            LAT/LON1/LON2/DLON/H
  172  169  165  160  154  150  149  149  152  156  161  166  169  171  170  169
  168  167  166  167  167  167  165  163  159  154  149  144  141  139  138  137
  136  133  131  124  118  110  104   97   94   91   93   95  103  108  118  124
  133  138  144  146  150  151  153  155  158  160  162  162  163  160  157  154
  153  152  156  158  164  164  164  158  172                                   
    57.5-180.0 180.0   5.0 450.0                            LAT/LON1/LON2/DLON/H
  182  180  177  173  166  160  156  155  155  157  161  165  169  171  172  171
  172  171  171  172  173  173  172  169  167  162  157  154  152  149  147  144
  141  136  130  122  114  106   99   92   88   86   89   91   98  104  113  119
  127  133  139  143  148  150  154  157  161  165  167  168  168  164  161  157
  155  154  157  161  168  169  169  162  182                                   
    55.0-180.0 180.0   5.0 450.0                            LAT/LON1/LON2/DLON/H
  189  190  191  188  182  175  169  164  161  160  161  164  167  171  172  174
  175  176  176  178  179  180  178  176  172  169  165  163  161  159  156  151
  146  138  130  120  112  103   98   91   89   87   90   91   97  102  110  115
  123  127  135  139  147  151  158  161  169  171  176  175  175  170  167  161
  160  158  162  166  174  175  174  167  189                                   
    52.5-180.0 180.0   5.0 450.0                            LAT/LON1/LON2/DLON/H
  200  202  204  203  197  191  182  175  169  164  162  163  166  168  171  174
  176  179  181  183  185  185  184  182  178  175  172  170  169  166  161  155
  148  139  129  120  111  104   99   95   93   92   95   96  100  104  110  114
  121  126  133  140  148  154  161  167  174  178  182  182  181  176  171  166
  163  162  166  171  179  181  180  173  200                                   
    50.0-180.0 180.0   5.0 450.0                            LAT/LON1/LON2/DLON/H
  207  211  216  218  213  207  198  189  180  173  167  165  166  168  171  175
  178  182  185  188  190  191  188  186  182  179  176  174  173  169  164  156
  148  138  129  120  113  106  104  101  101  100  102  102  105  105  110  113
  119  124  132  138  148  154  165  171  180  184  188  187  187  181  178  172
  171  169  174  177  186  187  185  179  207                                   
    47.5-180.0 180.0   5.0 450.0                            LAT/LON1/LON2/DLON/H
  214  216  223  227  224  219  211  203  193  183  175  170  169  170  173  177
  181  186  190  194  196  196  194  190  185  182  178  176  173  169  163  156
  147  138  130  122  116  112  109  109  109  109  111  110  110  110  113  115
  120  124  131  138  147  155  166  174  183  187  191  191  190  186  182  179
  177  177  181  185  193  193  191  185  214                                   
    45.0-180.0 180.0   5.0 450.0                            LAT/LON1/LON2/DLON/H
  217  219  227  231  231  229  224  216  207  196  187  180  177  177  178  182
  186  192  196  200  202  202  198  194  188  184  179  176  172  167  161  153
  146  138  132  126  121  118  118  117  118  117  118  114  114  112  114  115
  119  123  129  135  146  153  167  175  186  190  195  194  195  190  189  185
  187  186  192  194  201  200  196  191  217                                   
    42.5-180.0 180.0   5.0 450.0                            LAT/LON1/LON2/DLON/H
  222  220  227  231  232  233  231  227  219  209  199  192  187  186  185  189
  192  199  203  208  209  209  204  199  192  187  181  176  171  165  158  152
  145  140  136  132  128  126  124  124  125  124  123  120  118  115  116  116
  121  123  130  136  146  155  167  177  187  193  197  197  198  195  194  193
  195  197  202  204  209  207  205  200  222                                   
    40.0-180.0 180.0   5.0 450.0                            LAT/LON1/LON2/DLON/H
  227  224  230  232  234  236  238  237  233  225  215  207  202  199  197  200
  204  209  213  217  217  216  210  203  195  189  182  177  170  164  157  152
  147  144  142  139  137  134  133  132  132  130  128  123  120  117  117  118
  121  124  129  133  144  152  166  176  189  194  201  200  203  201  203  202
  207  208  215  215  219  217  214  212  227                                   
    37.5-180.0 180.0   5.0 450.0                            LAT/LON1/LON2/DLON/H
  238  231  236  236  236  239  242  244  243  238  230  224  217  214  210  213
  215  221  225  228  228  224  217  209  200  193  186  180  172  166  159  155
  151  150  149  148  145  143  140  139  138  137  134  129  125  121  121  120
  124  124  128  132  142  151  166  177  190  197  202  204  207  208  211  213
  218  222  229  231  234  233  230  228  238                                   
    35.0-180.0 180.0   5.0 450.0                            LAT/LON1/LON2/DLON/H
  254  245  250  248  246  247  252  255  258  256  250  245  238  234  229  230
  232  237  239  241  238  233  225  217  207  200  193  186  178  170  163  158
  156  156  156  155  154  149  148  146  146  144  141  136  132  128  126  124
  125  124  126  128  136  145  162  174  190  196  204  206  213  214  220  223
  232  237  247  250  252  253  250  251  254                                   
    32.5-180.0 180.0   5.0 450.0                            LAT/LON1/LON2/DLON/H
  277  268  270  267  263  262  264  269  273  274  270  266  260  255  249  248
  250  253  255  254  250  243  235  226  217  209  202  195  186  177  169  165
  161  162  161  161  157  153  151  150  151  150  147  142  138  132  129  125
  124  120  120  121  129  139  156  171  187  196  205  210  218  222  229  236
  245  253  263  268  273  275  272  274  277                                   
    30.0-180.0 180.0   5.0 450.0                            LAT/LON1/LON2/DLON/H
  299  296  298  293  290  286  288  291  296  298  296  292  286  281  274  272
  270  273  272  271  263  255  245  236  227  219  211  203  195  184  175  168
  164  162  162  159  156  152  151  151  154  154  152  147  140  134  128  122
  118  112  110  110  117  127  144  160  180  191  202  208  220  225  236  244
  256  264  276  283  291  296  297  303  299                                   
    27.5-180.0 180.0   5.0 450.0                            LAT/LON1/LON2/DLON/H
  322  322  327  326  321  318  316  318  322  323  320  316  311  304  297  292
  291  290  289  284  276  266  256  245  236  227  219  210  200  189  177  168
  162  160  156  153  147  143  142  145  150  152  151  145  138  129  122  114
  109  102  100  100  107  118  133  151  171  187  199  209  220  229  241  251
  263  272  285  293  304  312  317  324  322                                   
    25.0-180.0 180.0   5.0 450.0                            LAT/LON1/LON2/DLON/H
  337  349  357  359  359  353  352  350  355  354  352  347  342  333  323  316
  311  309  304  299  287  278  266  254  243  233  224  212  202  187  175  163
  156  151  146  141  136  133  133  138  144  148  147  141  132  122  113  104
   97   90   89   88   95  106  122  140  162  178  193  204  218  229  243  254
  268  278  291  301  313  325  334  345  337                                   
    22.5-180.0 180.0   5.0 450.0                            LAT/LON1/LON2/DLON/H
  350  366  379  387  390  388  385  384  385  385  382  378  372  363  350  341
  333  327  321  310  299  286  274  259  247  235  223  211  197  182  166  155
  145  138  131  126  120  117  118  125  132  136  135  129  120  109   99   90
   83   78   76   77   84   95  112  132  154  174  189  205  219  231  246  257
  272  281  294  304  318  330  341  356  350                                   
    20.0-180.0 180.0   5.0 450.0                            LAT/LON1/LON2/DLON/H
  360  377  392  403  413  412  413  412  418  416  415  411  405  393  378  367
  354  346  333  321  305  292  277  261  246  230  216  201  188  170  156  141
  131  121  114  108  103  101  103  108  116  119  119  112  104   93   84   74
   70   65   67   69   75   87  103  124  149  169  188  204  220  232  248  260
  275  285  298  308  321  334  346  363  360                                   
    17.5-180.0 180.0   5.0 450.0                            LAT/LON1/LON2/DLON/H
  364  379  396  409  420  425  429  434  440  442  441  439  433  423  407  392
  376  364  349  332  313  294  276  257  240  222  204  189  172  156  140  125
  112  104   96   92   87   86   87   93   99  102  100   95   87   79   69   62
   59   59   62   65   73   84  100  121  146  169  189  208  224  238  254  266
  280  291  304  314  325  335  345  362  364                                   
    15.0-180.0 180.0   5.0 450.0                            LAT/LON1/LON2/DLON/H
  364  375  389  401  414  421  430  439  451  457  460  460  455  446  429  416
  395  381  359  339  313  293  271  250  231  209  190  172  156  140  125  110
   98   89   83   78   76   74   77   79   85   85   85   79   74   66   61   53
   55   54   60   64   72   83   98  119  146  169  191  212  229  245  262  274
  289  301  313  323  331  340  348  362  364                                   
    12.5-180.0 180.0   5.0 450.0                            LAT/LON1/LON2/DLON/H
  362  369  382  388  398  407  419  433  446  457  464  469  466  460  445  432
  413  394  370  343  313  286  262  238  216  193  171  154  138  124  110   96
   86   79   74   73   70   70   71   73   74   74   71   68   62   58   53   50
   51   52   58   63   70   82   99  119  148  173  195  218  237  254  273  286
  301  313  324  332  338  344  349  360  362                                   
    10.0-180.0 180.0   5.0 450.0                            LAT/LON1/LON2/DLON/H
  358  361  372  374  381  387  400  413  429  442  454  463  465  461  448  438
  419  400  371  340  304  274  246  220  197  173  152  136  123  110   99   87
   79   73   72   72   73   71   72   70   71   67   66   61   60   56   57   51
   53   51   56   60   67   78   96  116  145  171  197  222  244  264  284  299
  313  324  333  340  347  352  354  361  358                                   
     7.5-180.0 180.0   5.0 450.0                            LAT/LON1/LON2/DLON/H
  356  360  367  367  370  374  382  393  405  419  432  446  451  452  443  436
  419  399  368  332  292  258  227  201  176  153  135  121  111  100   91   81
