data/unet/pred0940.15i
     1.0            IONOSPHERE MAPS     GNSS                IONEX VERSION / TYPE
pyspatialgeodesy        IME             05-JAN-18 20:20     PGM / RUN BY / DATE 
Map Name                                                    COMMENT             
Predicted global ionosphere maps (GIM).                     DESCRIPTION         
  2015     4     4     0     0     0                        EPOCH OF FIRST MAP  
  2015     4     5     0     0     0                        EPOCH OF LAST MAP   
  7200                                                      INTERVAL            
    13                                                      # OF MAPS IN FILE   
  NONE                                                      MAPPING FUNCTION    
10.0                                                        ELEVATION CUTOFF    
One-way carrier phase leveled to code                       OBSERVABLES USED    
  6371.0                                                    BASE RADIUS         
 2                                                          MAP DIMENSION       
   450.0 450.0   0.0                                        HGT1 / HGT2 / DHGT  
    87.5 -87.5  -2.5                                        LAT1 / LAT2 / DLAT  
  -180.0 180.0   5.0                                        LON1 / LON2 / DLON  
    -1                                                      EXPONENT            
                                                            END OF HEADER       
     1                                                      START OF TEC MAP    
  2015     4     4     0     0     0                        EPOCH OF CURRENT MAP
    87.5-180.0 180.0   5.0 450.0                            LAT/LON1/LON2/DLON/H
  204  183  194  195  193  190  189  187  185  184  183  181  180  178  178  175
  174  171  171  167  166  162  161  157  155  152  151  148  148  145  146  143
  144  143  144  143  144  144  146  145  147  147  149  148  151  151  154  154
  157  158  162  162  165  166  170  170  173  173  176  176  178  179  181  181
  183  182  182  180  180  175  168  187  204                                   
    85.0-180.0 180.0   5.0 450.0                            LAT/LON1/LON2/DLON/H
  200  197  204  203  202  200  199  197  197  195  196  193  193  190  190  186
  186  181  181  175  174  169  168  162  160  155  154  149  148  144  145  141
  142  140  142  140  143  142  145  144  147  146  150  149  153  153  158  158
  162  163  168  169  172  174  177  178  181  182  184  185  187  188  189  190
  191  191  191  190  189  185  183  171  200                                   
    82.5-180.0 180.0   5.0 450.0                            LAT/LON1/LON2/DLON/H
  220  212  215  216  216  215  216  214  215  213  215  212  212  209  208  202
  199  193  190  183  179  173  168  162  158  152  149  144  141  138  136  134
  134  133  134  134  135  136  138  139  141  142  145  146  149  151  154  156
  160  162  166  169  172  175  178  180  183  185  187  189  191  192  194  195
  196  197  197  197  198  192  188  181  220                                   
    80.0-180.0 180.0   5.0 450.0                            LAT/LON1/LON2/DLON/H
  232  223  227  227  228  229  232  232  234  233  235  233  233  230  227  222
  217  210  204  197  189  183  175  169  161  156  150  146  141  138  135  134
  132  132  132  134  135  137  139  141  142  144  146  148  149  151  153  156
  159  162  166  169  172  176  180  183  185  188  191  193  195  198  200  202
  203  206  206  208  207  205  200  198  232                                   
    77.5-180.0 180.0   5.0 450.0                            LAT/LON1/LON2/DLON/H
  231  224  231  234  239  242  247  249  253  254  256  256  255  252  248  242
  234  226  217  209  200  191  182  174  166  159  153  148  143  139  137  135
  134  134  135  137  138  141  143  145  146  147  148  148  148  148  149  150
  152  155  158  162  166  169  174  177  180  183  187  189  191  194  197  199
  202  205  208  211  214  211  210  211  231                                   
    75.0-180.0 180.0   5.0 450.0                            LAT/LON1/LON2/DLON/H
  233  225  236  241  247  252  258  262  267  269  272  273  272  269  263  256
  245  235  225  215  205  197  187  179  170  164  156  151  145  141  139  137
  137  137  140  140  143  144  147  148  149  148  148  146  145  141  142  140
  142  142  148  150  155  158  165  168  173  175  180  181  185  186  191  193
  199  202  209  212  218  218  215  222  233                                   
    72.5-180.0 180.0   5.0 450.0                            LAT/LON1/LON2/DLON/H
  234  229  240  248  252  259  266  271  277  280  284  284  284  279  273  262
  250  238  227  216  208  199  191  182  174  167  160  154  148  144  142  140
  140  140  142  143  145  146  147  147  147  144  143  139  136  131  130  127
  128  128  132  135  141  144  151  155  162  164  169  171  175  177  182  185
  192  197  205  211  219  221  222  228  234                                   
    70.0-180.0 180.0   5.0 450.0                            LAT/LON1/LON2/DLON/H
  243  236  250  256  260  264  272  278  284  288  292  293  290  286  275  264
  249  237  224  215  207  201  193  186  176  169  161  155  148  144  141  140
  140  140  142  142  143  141  142  140  139  135  133  126  123  116  114  110
  112  112  117  121  128  133  140  145  151  154  160  161  166  166  173  175
  184  188  200  206  216  223  225  237  243                                   
    67.5-180.0 180.0   5.0 450.0                            LAT/LON1/LON2/DLON/H
  250  244  256  262  262  266  274  282  290  296  302  302  299  292  280  266
  250  236  225  216  209  203  197  190  180  171  162  153  146  141  138  136
  136  136  136  134  133  130  129  125  124  118  116  109  105   98   96   93
   96   97  105  109  118  124  133  138  145  149  155  157  161  163  168  171
  178  183  194  202  214  223  228  238  250                                   
    65.0-180.0 180.0   5.0 450.0                            LAT/LON1/LON2/DLON/H
  259  250  262  266  265  267  274  282  293  302  310  311  308  300  287  272
  254  241  229  222  215  211  204  196  184  173  160  150  142  135  131  129
  130  128  127  123  120  115  112  108  107  102  100   94   91   84   82   79
   82   86   94  101  111  119  128  135  142  148  153  156  160  162  167  169
  177  182  193  200  212  223  227  240  259                                   
    62.5-180.0 180.0   5.0 450.0                            LAT/LON1/LON2/DLON/H
  264  255  265  268  266  267  271  280  294  307  317  321  320  311  298  281
  266  251  241  233  228  221  214  203  189  174  159  146  137  129  124  123
  122  120  117  112  106  100   96   93   91   88   87   84   81   75   73   71
   76   80   91  100  112  120  131  138  147  152  159  163  169  171  176  179
  185  189  197  203  215  224  229  240  264                                   
    60.0-180.0 180.0   5.0 450.0                            LAT/LON1/LON2/DLON/H
  270  260  269  270  269  268  270  280  294  310  323  330  330  324  312  298
  283  270  258  252  245  238  226  212  194  175  157  142  132  123  120  116
  117  113  110  103   98   91   88   84   85   83   84   80   78   73   71   69
   74   80   90  102  113  124  134  143  151  159  165  170  177  181  187  191
  197  201  208  213  221  231  234  244  270                                   
    57.5-180.0 180.0   5.0 450.0                            LAT/LON1/LON2/DLON/H
  280  270  279  280  277  274  274  281  295  310  325  335  338  334  327  314
  303  290  282  273  265  253  240  221  199  178  159  143  132  125  119  117
  115  112  108  102   95   90   86   86   86   87   86   84   82   77   75   73
   78   84   95  106  119  128  140  149  159  165  174  180  189  195  204  209
  217  221  227  232  239  245  246  252  280                                   
    55.0-180.0 180.0   5.0 450.0                            LAT/LON1/LON2/DLON/H
  297  289  297  297  293  288  285  289  298  313  327  339  343  344  339  332
  323  315  305  297  285  272  253  233  207  185  165  150  139  131  127  123
  121  116  113  106  101   95   94   93   96   96   96   93   92   87   85   83
   88   93  104  113  124  134  145  154  164  172  179  188  199  209  221  230
  242  248  255  260  265  270  268  273  297                                   
    52.5-180.0 180.0   5.0 450.0                            LAT/LON1/LON2/DLON/H
  320  319  326  325  320  312  305  303  308  317  328  338  344  346  346  342
  338  330  323  311  299  281  264  241  217  197  178  165  155  148  141  136
  131  127  121  117  112  109  107  110  110  111  110  107  104  100   98   97
  101  105  114  122  132  141  152  160  171  178  188  198  211  223  238  250
  265  273  283  289  298  300  298  299  320                                   
    50.0-180.0 180.0   5.0 450.0                            LAT/LON1/LON2/DLON/H
  350  358  363  362  355  346  336  329  326  328  333  339  343  347  348  349
  347  342  333  322  309  293  274  255  232  214  197  185  176  167  159  150
  145  137  133  128  125  123  123  125  127  127  125  121  119  115  113  112
  116  119  126  131  139  146  156  164  176  186  197  208  224  238  255  270
  287  298  309  319  331  335  334  329  350                                   
    47.5-180.0 180.0   5.0 450.0                            LAT/LON1/LON2/DLON/H
  380  396  404  403  396  385  372  360  353  345  343  341  343  345  348  349
  349  342  335  323  313  297  283  266  247  232  218  208  198  188  175  165
  155  148  143  140  138  138  138  142  144  142  140  135  132  128  126  126
  129  131  135  138  144  151  162  171  185  197  210  222  238  252  270  285
  303  315  330  343  360  365  363  358  380                                   
    45.0-180.0 180.0   5.0 450.0                            LAT/LON1/LON2/DLON/H
  407  432  441  444  437  429  413  400  385  372  360  351  348  348  350  352
  351  346  336  328  318  308  295  283  266  254  239  228  216  204  189  175
  165  156  152  149  149  148  151  153  155  154  151  146  143  140  140  141
  142  143  144  144  149  156  169  180  197  210  225  236  252  265  282  298
  313  328  346  364  384  391  394  381  407                                   
    42.5-180.0 180.0   5.0 450.0                            LAT/LON1/LON2/DLON/H
  428  453  467  471  469  462  451  438  422  402  383  367  359  355  355  354
  353  347  339  331  325  317  309  298  284  271  256  242  228  214  198  184
  172  164  159  158  158  160  162  165  166  164  161  156  153  151  151  151
  153  151  150  150  154  162  175  191  209  226  240  253  267  280  296  307
  322  336  356  374  398  404  409  401  428                                   
    40.0-180.0 180.0   5.0 450.0                            LAT/LON1/LON2/DLON/H
  443  468  482  487  487  483  475  467  453  434  410  391  377  370  366  365
  361  356  347  343  337  334  326  318  302  287  268  250  234  217  202  187
  177  170  168  166  169  170  173  174  175  173  171  169  166  167  165  166
  163  160  156  154  157  166  181  198  222  238  256  270  286  298  311  322
  334  349  367  386  407  417  426  416  443                                   
    37.5-180.0 180.0   5.0 450.0                            LAT/LON1/LON2/DLON/H
  458  477  491  493  494  491  488  484  476  461  440  418  403  391  386  382
  376  370  362  358  355  351  343  333  315  296  274  253  237  220  205  193
  185  182  180  182  184  186  186  187  185  184  181  180  179  179  177  175
  171  165  158  155  157  167  186  206  229  250  268  287  303  316  327  339
  351  365  381  397  418  430  441  433  458                                   
    35.0-180.0 180.0   5.0 450.0                            LAT/LON1/LON2/DLON/H
  475  488  499  500  500  497  497  497  493  483  463  446  427  419  409  408
  399  395  385  385  377  374  362  349  327  304  281  259  243  226  216  207
  205  203  206  207  209  208  207  204  201  198  196  197  195  197  192  189
  179  172  160  155  155  166  187  208  233  256  276  296  314  330  342  357
  368  383  394  413  432  449  466  461  475                                   
    32.5-180.0 180.0   5.0 450.0                            LAT/LON1/LON2/DLON/H
  504  509  517  511  512  505  507  507  507  498  483  467  453  442  436  431
  427  421  415  409  400  390  374  357  334  312  289  271  259  249  242  238
  238  239  242  241  242  237  231  225  218  213  211  210  209  207  201  194
  183  171  159  151  153  163  181  205  231  258  279  302  321  344  362  381
  391  405  414  434  458  481  496  505  504                                   
    30.0-180.0 180.0   5.0 450.0                            LAT/LON1/LON2/DLON/H
  543  544  546  537  534  529  528  528  526  517  501  489  475  470  459  459
  450  450  439  434  416  402  380  363  342  324  308  298  295  293  292  291
  292  288  287  282  277  264  254  243  233  229  224  225  221  217  207  199
  184  172  158  150  150  159  174  195  223  255  277  304  325  350  377  400
  419  429  444  465  495  523  537  561  543                                   
    27.5-180.0 180.0   5.0 450.0                            LAT/LON1/LON2/DLON/H
  602  605  598  583  578  570  567  561  559  544  529  513  502  492  485  480
  475  468  459  444  424  403  382  366  352  343  337  341  351  359  362  362
  356  348  338  326  313  293  275  260  249  243  238  235  229  220  206  194
  181  170  157  148  145  150  165  190  217  253  280  314  335  363  392  422
  448  464  479  503  540  574  596  632  602                                   
    25.0-180.0 180.0   5.0 450.0                            LAT/LON1/LON2/DLON/H
  662  670  662  651  641  635  620  615  604  591  569  554  536  527  514  510
  496  491  470  455  423  402  381  376  372  381  391  412  434  445  449  438
  422  403  382  359  337  314  293  278  266  261  254  248  237  223  205  187
  173  158  149  144  141  144  158  185  215  254  281  320  349  375  413  443
  482  500  525  551  596  635  678  715  662                                   
    22.5-180.0 180.0   5.0 450.0                            LAT/LON1/LON2/DLON/H
  721  740  735  723  718  708  694  681  664  642  619  598  580  563  551  536
  523  506  485  457  426  399  388  393  406  430  457  490  516  530  525  506
  471  443  407  379  352  328  305  290  278  272  264  260  244  230  204  183
  162  147  138  130  133  140  160  189  220  263  295  337  366  405  443  482
  518  545  573  608  660  708  760  797  721                                   
    20.0-180.0 180.0   5.0 450.0                            LAT/LON1/LON2/DLON/H
  769  804  812  808  806  799  780  764  738  715  680  653  627  609  591  577
  552  532  497  469  430  410  402  420  445  483  522  557  580  587  575  545
  501  463  423  388  357  335  316  300  290  280  272  264  251  231  208  186
  163  149  137  134  131  142  158  193  228  274  310  352  389  432  481  517
  567  592  632  664  723  767  832  857  769                                   
    17.5-180.0 180.0   5.0 450.0                            LAT/LON1/LON2/DLON/H
  802  857  875  880  887  880  866  844  819  784  750  717  685  656  637  613
  589  556  520  481  446  425  427  450  483  524  561  590  603  603  576  537
  485  452  412  381  352  334  316  302  289  281  271  265  250  230  208  186
  166  149  144  134  131  134  160  192  234  278  321  364  412  462  509  555
  601  639  679  718  767  813  862  881  802                                   
    15.0-180.0 180.0   5.0 450.0                            LAT/LON1/LON2/DLON/H
  819  879  913  928  948  948  944  927  907  871  834  791  753  718  688  656
  628  595  553  513  475  459  463  489  518  550  574  590  591  571  537  492
  453  423  392  363  343  325  312  298  283  274  265  257  242  224  203  182
  166  154  140  130  124  135  164  203  250  293  336  383  442  489  542  584
  639  680  725  756  799  826  864  877  819                                   
    12.5-180.0 180.0   5.0 450.0                            LAT/LON1/LON2/DLON/H
  809  871  907  940  965  977  981  974  961  930  898  852  811  772  741  701
  668  631  593  549  516  498  503  516  533  540  544  533  511  478  441  412
  385  369  348  338  323  312  297  286  268  261  250  242  231  214  197  175
  163  147  138  124  126  139  178  220  259  300  344  400  459  515  562  613
  661  711  746  778  800  815  840  843  809                                   
    10.0-180.0 180.0   5.0 450.0                            LAT/LON1/LON2/DLON/H
  799  855  891  924  958  973  986  990  991  968  946  902  865  821  787  746
  711  671  636  596  567  544  542  538  535  513  485  441  408  366  344  326
  321  314  317  316  311  300  289  273  258  246  235  227  218  203  187  167
  155  143  131  122  129  147  189  233  273  308  351  405  472  526  583  631
  682  728  764  782  794  787  818  799  799                                   
     7.5-180.0 180.0   5.0 450.0                            LAT/LON1/LON2/DLON/H
  778  838  865  903  922  945  957  975  978  972  953  918  885  843  812  770
  739  702  671  633  607  581  564  538  506  449  393  336  295  267  257  256
