data/unet/pred0150.15i
     1.0            IONOSPHERE MAPS     GNSS                IONEX VERSION / TYPE
pyspatialgeodesy        IME             05-JAN-18 20:20     PGM / RUN BY / DATE 
Map Name                                                    COMMENT             
Predicted global ionosphere maps (GIM).                     DESCRIPTION         
  2015     1    15     0     0     0                        EPOCH OF FIRST MAP  
  2015     1    16     0     0     0                        EPOCH OF LAST MAP   
  7200                                                      INTERVAL            
    13                                                      # OF MAPS IN FILE   
  NONE                                                      MAPPING FUNCTION    
10.0                                                        ELEVATION CUTOFF    
One-way carrier phase leveled to code                       OBSERVABLES USED    
  6371.0                                                    BASE RADIUS         
 2                                                          MAP DIMENSION       
   450.0 450.0   0.0                                        HGT1 / HGT2 / DHGT  
    87.5 -87.5  -2.5                                        LAT1 / LAT2 / DLAT  
  -180.0 180.0   5.0                                        LON1 / LON2 / DLON  
    -1                                                      EXPONENT            
                                                            END OF HEADER       
[from data line 429]
     2                                                      START OF TEC MAP    
  2015     1    15     2     0     0                        EPOCH OF CURRENT MAP
    87.5-180.0 180.0   5.0 450.0                            LAT/LON1/LON2/DLON/H
   86   90   87   78   84   76   82   77   84   79   84   80   84   80   84   81
   84   81   84   81   83   81   83   80   83   81   84   82   84   84   86   85
   87   88   90   90   92   93   95   95   97   97   98   97   98   97   98   97
   97   97   97   96   96   95   96   94   95   94   95   92   94   91   93   90
   92   88   92   89   98   90   94   86   86                                   
    85.0-180.0 180.0   5.0 450.0                            LAT/LON1/LON2/DLON/H
   99  105   85   90   86   83   81   81   81   80   81   80   80   79   80   79
   79   78   79   78   77   77   77   76   75   76   75   76   76   77   78   80
   81   84   85   89   89   93   94   97   97   99  100  100   99   99   99   98
   97   96   95   95   93   93   92   91   91   91   91   90   91   91   92   91
   93   92   95   95   98   92  102  109   99                                   
    82.5-180.0 180.0   5.0 450.0                            LAT/LON1/LON2/DLON/H
  106  105  105  102   97   90   90   86   87   83   85   81   83   80   83   81
   84   80   84   80   82   78   80   75   77   73   76   73   75   73   78   76
   82   80   88   87   94   93  101   98  105  102  108  104  108  102  106   99
  102   95   98   91   95   88   93   87   92   87   94   90   97   94  101   99
  106  104  112  110  116  109  116  118  106                                   
    80.0-180.0 180.0   5.0 450.0                            LAT/LON1/LON2/DLON/H
  120  120  116  114  110  101   98   92   90   85   84   81   80   79   80   80
   81   80   82   80   81   77   78   74   74   69   70   67   68   67   70   71
   75   77   84   87   93   96  104  105  111  111  115  112  114  109  109  103
  101   95   94   89   87   84   84   81   83   82   87   87   93   94  103  104
  113  114  124  125  129  125  125  126  120                                   
    77.5-180.0 180.0   5.0 450.0                            LAT/LON1/LON2/DLON/H
  135  137  133  131  120  116  106  104   93   92   84   86   79   82   78   83
   78   83   80   84   79   82   76   78   71   72   67   69   64   68   67   72
   71   79   81   91   93  103  106  115  115  121  119  123  116  117  107  106
   96   94   86   86   78   79   74   76   73   78   79   85   88   96  102  112
  119  128  136  143  145  144  144  142  135                                   
    75.0-180.0 180.0   5.0 450.0                            LAT/LON1/LON2/DLON/H
  153  152  147  146  136  128  121  113  104   98   90   86   80   79   77   77
   75   77   78   78   77   77   75   73   71   69   67   65   65   65   67   68
   71   76   81   87   93  101  107  113  116  121  121  120  115  111  104   97
   90   84   80   75   71   68   67   66   67   70   74   79   86   95  104  116
  125  137  147  156  161  161  162  157  153                                   
    72.5-180.0 180.0   5.0 450.0                            LAT/LON1/LON2/DLON/H
  174  171  168  161  150  140  131  122  110  103   92   87   77   76   70   71
   66   68   68   70   68   70   70   70   67   67   64   65   62   64   63   66
   65   71   74   81   86   94  100  106  109  113  113  111  104   98   90   83
   76   71   67   65   61   60   58   60   61   66   70   79   87   98  109  122
  133  145  158  167  174  174  177  173  174                                   
    70.0-180.0 180.0   5.0 450.0                            LAT/LON1/LON2/DLON/H
  191  187  183  177  167  158  147  137  126  115  102   93   82   74   68   64
   60   60   61   61   62   62   66   66   68   67   68   65   67   65   67   66
   68   70   73   78   82   88   93   98  100  103  101   99   89   84   75   69
   63   60   60   58   59   58   61   62   66   70   76   86   97  109  120  133
  144  157  170  179  187  189  195  188  191                                   
    67.5-180.0 180.0   5.0 450.0                            LAT/LON1/LON2/DLON/H
  214  212  206  196  185  173  162  151  138  127  111  102   86   79   66   62
   54   54   51   53   52   56   59   64   65   70   69   73   69   72   67   69
   65   68   67   71   73   79   82   85   87   88   86   82   75   67   61   55
   52   52   54   57   59   63   65   70   75   82   89   99  112  123  133  145
  157  168  181  188  199  201  206  198  214                                   
    65.0-180.0 180.0   5.0 450.0                            LAT/LON1/LON2/DLON/H
  228  227  220  211  201  190  179  168  156  143  128  114   98   84   72   61
   56   50   51   49   53   54   62   64   70   72   77   75   78   74   74   69
   68   64   65   63   66   68   72   74   76   76   74   69   62   55   50   46
   45   47   51   56   63   69   77   83   92  100  110  121  133  143  153  164
  174  184  193  199  209  213  221  211  228                                   
    62.5-180.0 180.0   5.0 450.0                            LAT/LON1/LON2/DLON/H
  247  246  235  225  215  201  189  178  165  153  138  125  106   93   76   68
   56   53   48   50   49   54   57   63   66   72   73   76   73   73   66   65
   59   57   54   55   54   56   58   60   63   61   61   56   51   44   41   39
   39   42   48   57   66   76   86   97  108  118  128  141  155  168  178  188
  196  201  210  212  223  225  231  222  247                                   
    60.0-180.0 180.0   5.0 450.0                            LAT/LON1/LON2/DLON/H
  254  255  246  238  225  212  198  188  176  164  149  137  120  105   90   77
   68   61   59   56   58   57   62   63   69   69   73   71   70   65   63   56
   55   48   50   46   49   47   52   53   58   57   58   53   49   43   39   38
   39   44   50   61   73   86  100  113  127  138  151  164  182  192  204  212
  218  221  227  227  234  238  244  235  254                                   
    57.5-180.0 180.0   5.0 450.0                            LAT/LON1/LON2/DLON/H
  266  270  257  248  234  217  203  191  179  167  152  141  125  114   98   89
   77   73   67   66   63   64   63   66   65   67   65   64   58   55   49   47
   43   42   41   41   41   42   45   47   54   53   55   51   48   43   40   38
   39   44   52   64   78   93  109  125  140  154  169  188  206  219  231  237
  243  243  248  244  251  252  256  247  266                                   
    55.0-180.0 180.0   5.0 450.0                            LAT/LON1/LON2/DLON/H
  275  279  270  260  245  229  210  197  183  171  156  147  134  124  111  101
   94   87   82   77   75   70   69   66   67   63   63   56   54   45   43   37
   41   37   43   41   46   45   53   53   62   60   64   59   58   52   50   47
   47   51   58   71   86  103  123  139  157  173  190  207  227  240  251  257
  261  261  263  259  263  266  269  261  275                                   
    52.5-180.0 180.0   5.0 450.0                            LAT/LON1/LON2/DLON/H
  287  294  281  271  254  239  219  202  185  172  158  147  136  128  118  111
  103   97   92   85   82   76   73   69   67   64   59   54   46   41   36   36
   37   40   45   48   52   54   60   61   69   68   71   67   66   62   59   56
   56   59   66   78   93  114  133  153  170  190  206  226  247  260  270  273
  275  273  274  269  276  278  279  273  287                                   
    50.0-180.0 180.0   5.0 450.0                            LAT/LON1/LON2/DLON/H
  295  298  293  281  265  251  229  213  192  178  161  152  140  134  124  118
  110  104   95   90   83   78   75   71   70   66   62   55   49   41   40   38
   45   47   57   58   66   66   74   75   84   83   87   83   84   78   76   71
   70   71   75   88  106  128  150  171  191  208  226  243  262  271  278  279
  279  275  274  273  279  282  284  278  295                                   
    47.5-180.0 180.0   5.0 450.0                            LAT/LON1/LON2/DLON/H
  298  305  297  292  278  265  245  226  204  185  169  156  145  137  128  120
  111  103   95   88   83   80   77   77   76   75   70   64   56   51   47   49
   53   61   68   74   80   81   87   88   96   96   99   96   95   92   89   85
   83   83   86   99  118  141  163  188  207  226  240  259  271  277  280  277
  273  267  267  268  276  280  281  277  298                                   
    45.0-180.0 180.0   5.0 450.0                            LAT/LON1/LON2/DLON/H
  293  299  299  297  291  282  261  242  218  199  179  166  152  143  131  123
  109  101   90   85   80   79   80   82   85   84   82   75   70   63   61   61
   67   73   83   86   93   94   99  101  109  110  114  111  110  106  103   98
   95   93   97  111  133  156  181  206  225  240  254  266  274  276  275  269
  262  257  255  258  264  270  272  270  293                                   
    42.5-180.0 180.0   5.0 450.0                            LAT/LON1/LON2/DLON/H
  285  292  291  298  296  294  277  258  234  214  194  178  164  151  137  125
  109   99   87   85   80   85   87   93   96   99   96   92   85   80   75   76
   78   86   92   97  103  104  108  111  118  121  123  121  118  116  112  110
  105  104  107  122  143  169  194  220  238  254  266  275  279  276  276  266
  260  255  256  255  262  262  264  262  285                                   
    40.0-180.0 180.0   5.0 450.0                            LAT/LON1/LON2/DLON/H
  274  275  278  289  294  296  282  268  244  226  204  190  175  162  145  131
  114  103   92   90   90   94   99  104  109  111  109  105   99   93   88   86
   88   92   99  102  108  108  114  118  127  131  134  131  128  123  119  115
  111  111  117  135  158  184  212  235  253  267  277  283  287  288  289  280
  274  271  269  268  267  264  261  257  274                                   
    37.5-180.0 180.0   5.0 450.0                            LAT/LON1/LON2/DLON/H
  273  272  269  279  285  288  279  267  247  231  213  199  187  172  156  140
  123  114  105  106  106  111  114  118  120  120  117  114  107  102   96   93
   92   96  101  103  110  110  116  123  131  137  137  135  127  127  121  120
  117  119  126  145  168  196  221  246  262  278  286  294  303  309  318  312
  311  308  309  301  298  284  277  265  273                                   
    35.0-180.0 180.0   5.0 450.0                            LAT/LON1/LON2/DLON/H
  286  277  270  274  274  278  270  262  246  233  217  206  193  181  166  152
  139  130  125  125  127  126  128  126  127  123  119  114  109  104   98   93
   93   95  100  102  108  110  118  126  135  141  143  137  132  126  123  120
  119  123  130  150  174  204  232  253  272  285  296  311  325  341  358  365
  373  378  379  369  358  338  314  296  286                                   
    32.5-180.0 180.0   5.0 450.0                            LAT/LON1/LON2/DLON/H
  329  314  290  279  276  271  263  255  240  229  215  206  197  187  175  164
  154  150  146  147  145  143  138  133  127  122  116  111  107  101   97   92
   91   93   98  100  106  109  116  125  134  139  139  134  126  122  117  116
  115  122  131  151  175  206  233  258  274  290  302  325  353  381  414  432
  449  457  465  454  446  419  388  350  329                                   
    30.0-180.0 180.0   5.0 450.0                            LAT/LON1/LON2/DLON/H
  404  385  343  311  290  282  266  256  237  224  212  205  197  189  179  169
  164  159  159  158  155  145  140  128  122  116  110  108  105  102  102   97
   99  101  106  106  113  113  119  127  135  138  135  128  120  114  110  109
  110  117  131  151  177  205  232  255  276  295  317  353  394  438  481  515
  539  559  566  556  545  525  487  438  404                                   
    27.5-180.0 180.0   5.0 450.0                            LAT/LON1/LON2/DLON/H
  512  487  422  373  342  315  291  268  244  226  211  203  194  188  178  173
  168  169  166  165  157  146  135  125  117  112  111  107  110  108  113  113
  119  120  124  122  121  115  116  122  129  130  125  116  108  105  101  101
  103  111  127  149  172  202  230  258  283  308  335  378  427  482  542  588
  622  647  662  650  642  623  595  542  512                                   
    25.0-180.0 180.0   5.0 450.0                            LAT/LON1/LON2/DLON/H
  637  610  536  467  418  385  344  312  269  242  218  207  196  188  178  169
  164  159  156  151  144  131  124  114  115  115  115  119  123  130  140  141
  149  148  149  140  129  122  117  121  120  121  112  106   95   93   90   92
   98  110  128  151  176  203  233  265  296  323  354  403  470  538  604  658
  699  732  749  747  742  740  717  662  637                                   
    22.5-180.0 180.0   5.0 450.0                            LAT/LON1/LON2/DLON/H
  739  717  641  570  523  478  435  382  330  280  247  225  208  197  180  170
  159  154  147  142  132  123  118  118  125  130  138  145  157  167  178  184
  185  182  170  157  140  128  121  118  114  110  101   91   82   77   78   79
   89  105  131  156  182  211  246  281  318  347  384  440  514  581  647  703
  747  777  795  795  800  809  813  753  739                                   
    20.0-180.0 180.0   5.0 450.0                            LAT/LON1/LON2/DLON/H
  819  793  730  666  621  585  539  479  416  352  298  260  235  215  195  175
  159  144  133  123  121  113  123  127  146  156  168  180  191  204  217  218
  222  203  194  174  158  142  126  121  111  106   91   86   73   73   69   76
   83  105  131  164  188  225  261  307  343  378  421  486  560  621  679  730
  768  794  811  810  827  845  877  828  819                                   
    17.5-180.0 180.0   5.0 450.0                            LAT/LON1/LON2/DLON/H
  850  842  796  752  717  677  630  574  505  437  376  325  283  254  222  197
  172  153  138  129  127  129  145  160  182  200  212  229  237  252  256  259
  248  232  212  196  174  152  131  120  109   96   84   72   66   63   65   69
   86  106  136  168  200  238  284  329  374  421  471  539  590  644  688  728
  751  767  782  788  812  840  885  848  850                                   
    15.0-180.0 180.0   5.0 450.0                            LAT/LON1/LON2/DLON/H
  847  849  829  810  793  763  724  665  606  529  468  406  358  316  274  230
  201  172  160  152  157  165  188  209  238  258  267  275  279  282  284  276
  268  242  223  200  171  149  127  120  105   96   78   75   65   66   64   73
   86  111  142  175  210  257  302  352  402  456  514  562  603  647  675  699
  705  719  729  742  765  802  849  833  847                                   
    12.5-180.0 180.0   5.0 450.0                            LAT/LON1/LON2/DLON/H
  802  828  831  828  832  816  786  732  674  609  546  493  443  395  341  299
  254  225  202  201  205  229  255  294  314  328  325  323  316  312  299  289
  272  246  223  198  168  145  126  117  105   92   82   74   70   67   67   74
   89  115  146  179  223  271  320  372  430  483  536  571  601  628  643  645
  648  649  661  674  701  734  774  779  802                                   
    10.0-180.0 180.0   5.0 450.0                            LAT/LON1/LON2/DLON/H
  745  777  792  813  828  827  813  774  729  677  629  577  536  485  436  379
  338  298  281  275  287  319  352  375  393  382  368  348  335  316  300  280
  267  237  214  189  155  137  121  116  102   98   87   85   78   76   74   80
   94  120  150  188  233  283  330  380  436  486  534  557  584  602  606  607
  602  602  605  619  638  666  685  714  745                                   
     7.5-180.0 180.0   5.0 450.0                            LAT/LON1/LON2/DLON/H
  677  716  743  768  803  806  808  780  748  710  677  638  600  559  513  468
  424  393  373  378  394  422  446  456  452  425  393  363  339  316  289  273
