data/unet/pred0980.15i
     1.0            IONOSPHERE MAPS     GNSS                IONEX VERSION / TYPE
pyspatialgeodesy        IME             05-JAN-18 20:20     PGM / RUN BY / DATE 
Map Name                                                    COMMENT             
Predicted global ionosphere maps (GIM).                     DESCRIPTION         
  2015     4     8     0     0     0                        EPOCH OF FIRST MAP  
  2015     4     9     0     0     0                        EPOCH OF LAST MAP   
  7200                                                      INTERVAL            
    13                                                      # OF MAPS IN FILE   
  NONE                                                      MAPPING FUNCTION    
10.0                                                        ELEVATION CUTOFF    
One-way carrier phase leveled to code                       OBSERVABLES USED    
  6371.0                                                    BASE RADIUS         
 2                                                          MAP DIMENSION       
   450.0 450.0   0.0                                        HGT1 / HGT2 / DHGT  
    87.5 -87.5  -2.5                                        LAT1 / LAT2 / DLAT  
  -180.0 180.0   5.0                                        LON1 / LON2 / DLON  
    -1                                                      EXPONENT            
                                                            END OF HEADER       
[from data line 1716]
     5                                                      START OF TEC MAP    
  2015     4     8     8     0     0                        EPOCH OF CURRENT MAP
    87.5-180.0 180.0   5.0 450.0                            LAT/LON1/LON2/DLON/H
  165  173  185  184  187  187  192  193  198  199  203  204  207  208  212  213
  216  217  220  220  222  221  223  220  222  220  223  220  222  219  221  219
  220  219  221  221  222  223  224  225  224  225  224  223  220  218  216  213
  211  207  205  202  200  197  196  193  193  190  190  188  188  186  185  183
  183  181  180  179  181  176  178  160  165                                   
    85.0-180.0 180.0   5.0 450.0                            LAT/LON1/LON2/DLON/H
  161  165  166  174  174  177  181  185  190  193  200  202  209  211  217  218
  222  224  228  228  229  230  231  229  230  229  230  228  228  227  228  227
  229  228  232  232  234  234  237  236  238  236  237  234  233  229  227  223
  220  215  213  208  206  202  200  196  195  192  190  188  186  184  181  179
  176  175  171  171  171  166  170  150  161                                   
    82.5-180.0 180.0   5.0 450.0                            LAT/LON1/LON2/DLON/H
  153  144  148  150  151  156  162  169  174  181  185  192  197  204  208  213
  216  219  221  222  221  222  220  219  217  216  215  214  213  213  214  214
  216  218  221  224  226  229  230  233  233  234  234  234  232  231  230  228
  225  222  219  216  212  209  204  201  198  195  191  188  186  181  177  172
  170  164  161  158  158  152  150  145  153                                   
    80.0-180.0 180.0   5.0 450.0                            LAT/LON1/LON2/DLON/H
  147  132  133  131  130  136  140  147  154  161  169  176  183  188  196  198
  205  205  209  205  206  201  199  195  190  190  186  187  184  187  186  190
  192  199  201  209  213  220  223  228  229  234  235  238  238  240  240  241
  239  239  234  234  229  228  221  220  215  211  205  201  197  191  185  180
  175  168  161  158  154  148  142  138  147                                   
    77.5-180.0 180.0   5.0 450.0                            LAT/LON1/LON2/DLON/H
  142  131  125  118  118  119  125  129  138  145  155  162  170  178  183  188
  191  193  193  190  187  181  177  171  167  163  162  159  160  162  166  171
  176  185  191  201  208  218  224  231  235  240  243  249  252  256  259  262
  264  263  263  262  261  258  256  253  251  247  243  239  234  228  220  213
  205  196  188  177  171  158  151  136  142                                   
    75.0-180.0 180.0   5.0 450.0                            LAT/LON1/LON2/DLON/H
  146  131  121  115  111  109  113  115  124  130  141  147  156  161  168  170
  173  172  173  169  167  161  156  148  142  136  134  133  136  140  147  154
  164  173  184  193  203  211  218  226  232  239  245  253  258  266  270  277
  278  283  281  286  284  286  283  286  283  282  276  275  268  263  253  247
  237  227  215  200  191  174  164  149  146                                   
    72.5-180.0 180.0   5.0 450.0                            LAT/LON1/LON2/DLON/H
  157  139  125  113  107  101  104  103  110  115  125  131  139  144  150  152
  154  155  154  152  149  143  137  128  123  116  115  113  117  124  134  145
  157  169  180  191  200  210  217  226  233  242  251  260  269  279  288  295
  301  304  306  309  309  311  308  309  306  305  301  298  294  288  281  273
  266  253  242  224  212  193  182  160  157                                   
    70.0-180.0 180.0   5.0 450.0                            LAT/LON1/LON2/DLON/H
  165  142  126  115  106   98   97   96  102  106  116  120  127  130  135  134
  138  137  139  136  135  128  124  115  111  104  104  104  109  117  130  142
  158  170  185  193  205  210  221  225  235  242  255  265  280  290  304  311
  321  325  329  332  334  335  331  330  324  322  313  311  303  300  290  288
  278  272  257  241  228  206  194  175  165                                   
    67.5-180.0 180.0   5.0 450.0                            LAT/LON1/LON2/DLON/H
  172  148  130  114  106   96   94   90   95   98  107  111  118  119  124  122
  125  124  126  125  124  119  115  108  104   98   99   99  106  115  130  144
  161  176  189  199  206  215  220  228  234  244  257  270  285  298  313  323
  333  339  342  345  345  344  338  334  327  320  311  304  298  293  287  282
  276  269  259  242  230  212  202  177  172                                   
    65.0-180.0 180.0   5.0 450.0                            LAT/LON1/LON2/DLON/H
  174  149  130  116  105   95   90   87   89   93   99  104  109  111  113  112
  113  112  116  115  117  113  111  104  101   96   96   97  105  116  133  148
  167  181  195  202  212  216  225  228  239  247  263  277  296  309  326  337
  347  354  356  360  358  356  348  340  329  319  305  297  285  282  270  270
  259  257  245  235  227  212  204  183  174                                   
    62.5-180.0 180.0   5.0 450.0                            LAT/LON1/LON2/DLON/H
  178  155  135  118  107   95   90   84   85   86   93   97  102  103  104  103
  104  104  107  108  109  107  104  100   96   93   94   96  103  116  133  150
  168  184  197  206  212  218  224  231  239  250  266  282  301  317  333  346
  355  362  361  364  360  357  347  338  325  312  300  289  279  270  260  251
  243  235  230  220  218  209  203  183  178                                   
    60.0-180.0 180.0   5.0 450.0                            LAT/LON1/LON2/DLON/H
  179  158  137  121  108   96   86   81   79   82   86   92   94   97   94   93
   93   92   95   96   98   96   95   90   88   85   87   89   97  110  129  149
  166  183  197  205  214  219  229  233  247  256  276  293  316  329  347  357
  366  370  369  371  366  362  352  343  328  315  301  288  275  262  247  236
  223  219  215  211  212  205  203  189  179                                   
    57.5-180.0 180.0   5.0 450.0                            LAT/LON1/LON2/DLON/H
  190  173  150  130  117  100   90   80   77   76   81   84   88   88   88   86
   86   84   86   86   87   84   82   80   77   77   78   82   89  101  120  140
  159  176  191  203  212  220  230  239  251  265  284  303  322  338  354  365
  371  378  376  377  372  368  358  350  339  326  314  301  289  272  257  238
  226  216  215  209  214  211  210  195  190                                   
    55.0-180.0 180.0   5.0 450.0                            LAT/LON1/LON2/DLON/H
  203  187  164  147  127  110   96   85   77   77   78   82   84   85   82   81
   78   77   77   76   76   73   72   69   70   68   72   74   81   93  110  132
  151  173  188  202  214  224  239  248  266  277  302  320  341  354  370  379
  386  390  388  389  384  380  373  365  357  347  337  323  310  291  274  251
  238  228  227  224  229  225  223  213  203                                   
    52.5-180.0 180.0   5.0 450.0                            LAT/LON1/LON2/DLON/H
  224  212  192  170  150  128  113   97   87   80   80   82   83   82   79   77
   75   74   74   74   71   69   66   66   65   67   68   71   76   85  101  123
  147  170  187  206  219  234  248  264  278  295  316  334  351  365  378  390
  398  403  403  404  401  397  390  383  378  369  363  352  340  320  301  280
  262  254  249  247  249  246  244  227  224                                   
    50.0-180.0 180.0   5.0 450.0                            LAT/LON1/LON2/DLON/H
  240  229  212  198  178  156  135  117  102   94   90   90   88   86   82   79
   76   75   75   75   73   69   68   67   70   69   74   72   80   84  101  120
  144  167  186  209  227  246  265  281  301  318  339  354  371  383  397  407
  414  419  420  422  419  415  409  404  397  390  383  374  362  345  326  307
  292  281  279  274  274  265  259  246  240                                   
    47.5-180.0 180.0   5.0 450.0                            LAT/LON1/LON2/DLON/H
  252  243  230  220  206  182  164  143  126  113  107  100   98   92   89   84
   82   82   83   83   81   78   75   75   77   79   81   82   85   91  104  124
  146  170  192  214  235  256  276  297  317  335  354  369  382  395  406  417
  424  431  433  436  431  429  420  414  406  397  391  381  372  357  343  324
  312  302  297  293  288  278  269  253  252                                   
    45.0-180.0 180.0   5.0 450.0                            LAT/LON1/LON2/DLON/H
  246  242  235  231  227  212  193  171  152  137  126  119  112  106   99   96
   94   95   96   98   94   91   88   87   90   91   95   92   96   97  111  129
  152  174  197  219  243  267  291  316  339  356  375  387  401  412  423  433
  439  445  448  451  447  441  432  422  412  400  391  382  371  360  346  332
  320  314  309  304  296  279  266  251  246                                   
    42.5-180.0 180.0   5.0 450.0                            LAT/LON1/LON2/DLON/H
  229  225  222  228  230  222  213  195  178  161  149  138  130  119  115  109
  111  112  115  115  114  109  106  105  107  108  109  108  107  110  121  142
  163  186  206  229  249  278  299  326  347  367  389  401  416  425  436  445
  451  457  459  463  457  454  440  430  416  402  389  376  366  353  342  329
  320  314  308  299  287  266  253  236  229                                   
    40.0-180.0 180.0   5.0 450.0                            LAT/LON1/LON2/DLON/H
  190  191  187  200  212  216  216  206  196  181  168  157  147  137  130  126
  127  129  131  132  131  125  122  121  122  123  123  121  120  123  136  153
  175  192  213  233  257  287  311  335  359  382  405  420  435  446  458  466
  472  476  476  479  474  468  455  444  427  410  390  377  363  351  338  326
  317  310  303  290  274  247  229  203  190                                   
    37.5-180.0 180.0   5.0 450.0                            LAT/LON1/LON2/DLON/H
  163  160  153  164  183  191  201  200  199  188  181  170  163  152  147  142
  145  145  147  146  145  139  134  133  132  134  131  130  126  131  139  157
  175  191  209  231  258  293  316  342  368  393  420  437  454  465  481  492
  498  504  503  508  501  499  484  475  456  440  418  400  381  365  349  333
  323  314  303  286  263  229  209  175  163                                   
    35.0-180.0 180.0   5.0 450.0                            LAT/LON1/LON2/DLON/H
  140  144  119  127  142  156  171  179  185  185  183  179  174  166  161  156
  157  156  157  156  154  148  143  138  136  135  133  128  127  127  136  149
  166  183  197  225  251  296  324  353  377  405  433  456  478  493  515  530
  543  550  554  557  552  548  539  537  523  510  487  468  439  416  389  370
  353  335  322  297  269  233  206  163  140                                   
    32.5-180.0 180.0   5.0 450.0                            LAT/LON1/LON2/DLON/H
  151  131  117  111  119  127  143  153  164  172  177  180  180  175  172  167
  167  163  164  160  158  150  144  139  134  132  126  124  121  122  130  140
  158  177  200  225  256  292  329  360  389  416  451  477  505  529  555  580
  603  620  635  648  648  643  630  620  604  591  572  564  539  515  488  456
  422  394  365  334  298  256  226  178  151                                   
    30.0-180.0 180.0   5.0 450.0                            LAT/LON1/LON2/DLON/H
  173  145  121  100  102  116  124  132  146  154  167  177  182  181  179  173
  172  165  164  159  157  149  143  136  130  124  119  113  111  116  125  141
  159  186  209  239  268  303  334  368  399  430  463  496  533  563  602  634
  670  685  706  717  728  727  726  721  712  696  671  650  623  597  576  554
  520  487  453  418  372  315  262  222  173                                   
    27.5-180.0 180.0   5.0 450.0                            LAT/LON1/LON2/DLON/H
  245  203  180  137  119  114  124  134  143  150  162  175  184  186  184  179
  175  167  162  156  153  146  141  134  126  119  114  112  111  117  127  147
  167  189  218  252  281  315  344  376  406  443  475  516  555  598  641  687
  719  742  771  788  809  816  830  835  840  827  809  783  750  712  672  637
  601  568  537  489  450  399  362  316  245                                   
    25.0-180.0 180.0   5.0 450.0                            LAT/LON1/LON2/DLON/H
  357  305  272  220  187  166  155  150  152  156  168  175  186  187  187  179
  174  163  157  150  148  144  141  134  127  118  117  112  112  118  131  149
  171  192  226  265  295  331  357  389  415  452  488  535  583  624  679  719
  760  787  821  843  866  884  906  927  937  941  925  909  877  837  789  741
  694  647  603  563  527  488  441  424  357                                   
    22.5-180.0 180.0   5.0 450.0                            LAT/LON1/LON2/DLON/H
  452  406  363  309  288  261  232  207  192  181  182  191  194  194  191  184
  178  165  156  149  147  145  145  139  134  129  122  116  116  123  138  160
  181  206  235  279  305  341  368  399  424  461  493  547  596  647  699  738
  779  810  851  871  901  917  947  968  992  999  998  987  965  932  894  842
  790  733  681  630  592  554  528  486  452                                   
    20.0-180.0 180.0   5.0 450.0                            LAT/LON1/LON2/DLON/H
  524  494  468  404  359  320  297  280  241  220  205  206  208  204  196  187
  182  167  155  147  147  146  149  145  140  133  123  117  114  123  139  161
  188  215  254  294  324  359  385  415  440  475  507  566  610  659  707  743
  782  819  855  880  900  918  942  966  992 1008 1011 1007  994  968  935  888
  840  786  736  686  646  603  576  558  524                                   
    17.5-180.0 180.0   5.0 450.0                            LAT/LON1/LON2/DLON/H
  567  541  529  483  457  400  361  333  306  273  241  232  226  218  211  202
  195  177  167  156  156  154  157  152  149  140  128  120  118  124  139  165
  189  232  266  306  332  370  393  418  450  483  528  573  621  665  706  741
  771  802  832  850  870  881  901  920  945  961  971  974  970  958  935  899
  857  808  765  715  677  630  605  601  567                                   
    15.0-180.0 180.0   5.0 450.0                            LAT/LON1/LON2/DLON/H
  581  567  562  540  509  464  418  370  339  312  281  256  239  225  218  210
  203  186  177  166  167  165  163  161  148  144  127  120  116  123  140  164
  204  242  277  306  339  370  397  423  461  495  540  585  621  654  694  722
  750  769  789  800  811  822  831  849  864  877  895  905  916  911  900  871
  839  796  757  712  673  621  595  584  581                                   
    12.5-180.0 180.0   5.0 450.0                            LAT/LON1/LON2/DLON/H
  563  557  579  565  558  510  477  417  380  348  320  294  261  246  237  231
  224  215  199  186  181  171  159  153  146  137  125  115  111  116  133  165
  201  245  271  301  333  367  392  422  461  496  549  582  617  644  676  702
  723  734  741  745  749  754  756  767  771  789  799  826  841  853  848  832
  805  774  733  695  651  597  569  556  563                                   
    10.0-180.0 180.0   5.0 450.0                            LAT/LON1/LON2/DLON/H
  537  526  552  564  560  536  488  441  404  372  345  321  287  264  254  244
  229  220  205  194  184  177  166  165  151  141  122  115  104  111  128  156
  200  233  264  291  327  355  387  418  458  499  550  586  620  638  665  677
  699  705  707  711  711  715  710  713  714  721  738  766  786  798  801  793
  771  751  711  679  628  573  534  505  537                                   
     7.5-180.0 180.0   5.0 450.0                            LAT/LON1/LON2/DLON/H
  494  493  518  536  536  518  492  458  433  395  372  345  310  282  269  260
  247  232  216  203  190  181  173  163  153  135  125  115  110  110  125  156
