data/unet/pred2800.15i
     1.0            IONOSPHERE MAPS     GNSS                IONEX VERSION / TYPE
pyspatialgeodesy        IME             05-JAN-18 20:20     PGM / RUN BY / DATE 
Map Name                                                    COMMENT             
Predicted global ionosphere maps (GIM).                     DESCRIPTION         
  2015    10     7     0     0     0                        EPOCH OF FIRST MAP  
  2015    10     8     0     0     0                        EPOCH OF LAST MAP   
  7200                                                      INTERVAL            
    13                                                      # OF MAPS IN FILE   
  NONE                                                      MAPPING FUNCTION    
10.0                                                        ELEVATION CUTOFF    
One-way carrier phase leveled to code                       OBSERVABLES USED    
  6371.0                                                    BASE RADIUS         
 2                                                          MAP DIMENSION       
   450.0 450.0   0.0                                        HGT1 / HGT2 / DHGT  
    87.5 -87.5  -2.5                                        LAT1 / LAT2 / DLAT  
  -180.0 180.0   5.0                                        LON1 / LON2 / DLON  
    -1                                                      EXPONENT            
                                                            END OF HEADER       
[from data line 429]
     2                                                      START OF TEC MAP    
  2015    10     7     2     0     0                        EPOCH OF CURRENT MAP
    87.5-180.0 180.0   5.0 450.0                            LAT/LON1/LON2/DLON/H
   87   72   66   55   59   51   55   51   57   53   58   54   58   54   58   54
   57   53   56   52   55   51   54   50   53   50   53   49   52   49   52   48
   51   49   52   49   52   50   54   52   55   54   58   57   60   60   63   62
   66   66   69   68   71   71   73   72   74   73   74   72   73   70   71   67
   69   66   69   68   75   72   76   87   87                                   
    85.0-180.0 180.0   5.0 450.0                            LAT/LON1/LON2/DLON/H
   75   85   64   68   63   60   59   60   60   61   62   63   63   64   64   65
   64   64   63   62   60   59   57   56   54   52   51   50   47   47   45   45
   43   44   43   45   43   45   45   47   47   49   50   52   53   55   57   59
   61   63   65   67   69   71   72   74   75   75   76   76   76   75   75   74
   74   73   74   72   75   70   80   89   75                                   
    82.5-180.0 180.0   5.0 450.0                            LAT/LON1/LON2/DLON/H
   74   71   72   69   65   61   62   62   65   63   68   67   72   69   74   71
   75   70   72   66   67   60   61   53   54   46   48   41   42   36   39   35
   37   34   37   35   38   37   41   41   45   43   49   48   53   51   58   56
   62   60   68   66   74   71   79   75   83   78   85   80   86   80   86   80
   84   79   84   80   83   77   88   94   74                                   
    80.0-180.0 180.0   5.0 450.0                            LAT/LON1/LON2/DLON/H
   78   74   70   68   68   61   64   62   67   65   71   70   76   74   80   78
   82   77   79   74   73   66   63   56   52   45   42   37   35   31   31   28
   30   28   31   30   33   33   37   37   41   40   45   45   49   48   54   54
   60   59   66   66   73   73   79   79   85   84   89   88   92   89   93   90
   93   89   93   89   89   83   86   94   78                                   
    77.5-180.0 180.0   5.0 450.0                            LAT/LON1/LON2/DLON/H
   81   79   76   77   69   70   65   70   67   72   71   78   77   82   82   87
   85   88   85   86   78   77   67   65   54   51   41   40   32   33   28   31
   26   31   29   34   32   36   36   40   38   42   41   46   43   47   47   52
   52   57   59   65   68   73   77   82   84   88   90   94   94   97   97  100
   98  101   99  101   98   93   96  100   81                                   
    75.0-180.0 180.0   5.0 450.0                            LAT/LON1/LON2/DLON/H
   87   84   79   81   76   73   73   73   74   75   78   80   82   84   86   88
   90   92   92   91   87   82   75   69   61   53   47   42   37   35   33   33
   32   34   35   37   37   39   40   41   40   41   42   43   43   44   46   48
   50   53   58   63   67   72   76   81   84   87   90   93   95   97   99  100
  101  103  104  106  105   99  101  102   87                                   
    72.5-180.0 180.0   5.0 450.0                            LAT/LON1/LON2/DLON/H
   94   91   88   86   79   78   75   76   74   76   75   78   76   79   79   83
   83   87   87   88   84   81   75   69   60   54   46   43   36   37   33   36
   34   36   37   39   38   40   40   40   38   39   39   40   38   40   40   44
   44   50   54   60   64   70   74   79   82   86   87   91   90   93   94   97
   97  100  102  105  106  102  108  108   94                                   
    70.0-180.0 180.0   5.0 450.0                            LAT/LON1/LON2/DLON/H
  102  100   94   96   89   86   83   83   81   81   78   78   75   74   72   74
   75   77   79   80   80   77   73   67   61   54   48   45   42   42   41   42
   43   43   44   44   43   43   41   40   37   36   36   37   36   38   39   43
   45   50   54   61   65   71   75   80   83   85   87   88   90   91   93   94
   97   99  103  107  109  107  114  112  102                                   
    67.5-180.0 180.0   5.0 450.0                            LAT/LON1/LON2/DLON/H
  111  108  107  105   96   94   90   90   86   86   79   78   69   68   61   63
   60   65   65   70   69   71   67   64   58   55   48   48   44   47   45   47
   46   47   46   44   41   40   37   35   33   33   34   35   35   38   40   44
   45   51   55   63   66   73   76   81   83   86   85   87   86   89   88   91
   90   95   97  104  106  108  118  116  111                                   
    65.0-180.0 180.0   5.0 450.0                            LAT/LON1/LON2/DLON/H
  117  115  111  113  104  101   97   96   94   92   86   81   71   65   56   53
   50   52   55   58   61   61   61   58   56   52   51   49   50   51   52   52
   52   50   48   45   41   39   35   33   32   32   34   37   40   43   45   49
   51   57   60   67   73   79   83   88   90   91   91   92   92   92   94   93
   95   96  101  104  108  110  120  119  117                                   
    62.5-180.0 180.0   5.0 450.0                            LAT/LON1/LON2/DLON/H
  123  119  116  115  106  102   98  100   96   97   88   84   71   64   50   47
   40   43   42   47   49   52   51   51   49   49   48   49   49   52   51   52
   49   47   43   39   35   31   29   28   28   30   33   38   41   45   47   51
   53   59   63   70   74   81   85   91   93   96   96   97   96   97   96   97
   95   97   97  102  104  107  119  118  123                                   
    60.0-180.0 180.0   5.0 450.0                            LAT/LON1/LON2/DLON/H
  121  120  113  114  106  102   99  100  101  100   96   90   80   67   55   46
   40   38   38   40   44   43   44   43   45   43   46   46   51   50   51   49
   47   43   39   35   30   28   25   26   27   30   35   40   45   48   51   53
   56   60   64   71   77   84   90   94  100  102  106  106  109  108  110  107
  107  103  104  103  105  106  116  115  121                                   
    57.5-180.0 180.0   5.0 450.0                            LAT/LON1/LON2/DLON/H
  124  122  117  113  103   99   95   99   98  103   97   96   84   75   59   52
   41   40   35   38   36   37   35   36   36   39   40   44   46   48   47   46
   41   38   34   30   28   26   27   27   30   33   39   43   48   50   52   53
   54   59   63   70   77   86   92   99  104  108  112  114  118  118  120  117
  114  110  107  106  104  105  115  113  124                                   
    55.0-180.0 180.0   5.0 450.0                            LAT/LON1/LON2/DLON/H
  125  127  119  118  108  102   98  100  101  104  104  102   95   84   73   61
   54   46   42   39   37   34   33   31   34   35   40   42   46   46   46   42
   39   35   32   32   30   32   32   35   36   40   45   49   51   53   53   53
   55   58   64   72   81   91  100  106  114  119  124  126  131  133  136  133
  131  125  121  116  114  112  118  115  125                                   
    52.5-180.0 180.0   5.0 450.0                            LAT/LON1/LON2/DLON/H
  137  137  130  126  115  108  101  103  101  107  105  107  100   94   81   72
   60   55   46   42   36   34   29   31   30   35   37   42   43   46   42   41
   37   35   34   35   37   40   43   45   48   50   54   55   57   55   55   53
   55   58   65   74   86   96  108  117  126  130  137  138  145  145  149  146
  145  138  133  129  124  122  127  122  137                                   
    50.0-180.0 180.0   5.0 450.0                            LAT/LON1/LON2/DLON/H
  147  149  144  146  135  126  118  114  110  112  110  111  107  102   91   82
   72   62   54   46   41   34   33   31   34   36   41   42   46   44   44   40
   39   38   40   43   47   52   55   58   60   61   63   63   62   60   57   56
   57   61   69   80   93  107  119  129  138  143  148  151  155  158  160  159
  157  152  150  145  141  137  140  132  147                                   
    47.5-180.0 180.0   5.0 450.0                            LAT/LON1/LON2/DLON/H
  162  165  164  164  154  145  136  129  120  119  115  116  112  108   99   90
   77   68   56   51   43   40   36   38   38   42   42   45   44   46   44   43
   41   43   46   51   58   64   69   71   73   72   74   71   70   66   64   61
   63   68   77   88  103  118  131  141  151  155  160  161  166  166  171  169
  170  167  165  161  155  154  156  148  162                                   
    45.0-180.0 180.0   5.0 450.0                            LAT/LON1/LON2/DLON/H
  174  178  180  185  177  169  160  150  139  132  125  124  118  115  105   96
   83   73   64   56   52   48   48   47   49   49   50   48   49   48   49   47
   49   49   54   60   67   75   80   82   82   81   81   79   76   73   70   69
   70   76   85  100  116  133  143  155  163  168  170  171  172  173  175  176
  177  177  178  177  172  170  173  164  174                                   
    42.5-180.0 180.0   5.0 450.0                            LAT/LON1/LON2/DLON/H
  188  193  194  196  191  185  175  165  151  143  133  131  124  121  111  102
   87   78   67   64   59   61   59   61   58   57   53   51   48   49   49   51
   52   55   58   66   73   81   86   88   88   87   88   85   84   80   79   77
   81   86   97  111  127  142  154  165  174  175  179  176  179  177  180  180
  183  184  187  186  181  185  186  178  188                                   
    40.0-180.0 180.0   5.0 450.0                            LAT/LON1/LON2/DLON/H
  197  201  200  204  200  196  187  178  165  155  146  141  133  128  116  106
   92   83   75   72   72   74   73   74   68   64   58   53   52   51   54   55
   58   59   63   69   77   85   89   91   91   92   92   93   92   90   88   88
   91   97  108  123  136  152  163  175  181  184  182  181  180  181  181  183
  186  189  194  196  193  196  199  187  197                                   
    37.5-180.0 180.0   5.0 450.0                            LAT/LON1/LON2/DLON/H
  205  205  201  201  196  194  190  182  170  161  153  148  141  136  123  113
   99   92   85   86   87   89   87   84   74   67   58   53   50   52   54   57
   59   61   62   68   76   83   88   91   93   94   97   97   98   96   96   95
  101  108  119  132  145  160  172  182  191  190  191  185  188  184  188  186
  190  191  199  199  195  203  207  196  205                                   
    35.0-180.0 180.0   5.0 450.0                            LAT/LON1/LON2/DLON/H
  215  211  201  197  194  194  191  186  175  169  161  157  148  142  129  118
  105   98   94   94   94   96   90   86   73   66   58   53   52   54   59   61
   63   64   64   69   75   82   87   90   93   96  101  103  104  104  104  105
  110  117  127  139  152  166  179  190  198  199  197  195  193  195  193  194
  193  196  202  203  202  210  220  206  215                                   
    32.5-180.0 180.0   5.0 450.0                            LAT/LON1/LON2/DLON/H
  229  223  209  200  194  194  190  186  176  170  165  160  153  146  133  124
  111  106  102  103  101  100   90   82   70   64   57   55   54   59   63   66
   68   68   68   72   77   83   88   92   95   99  104  105  105  104  104  105
  111  119  130  142  155  170  185  198  206  207  206  204  208  207  210  204
  205  201  208  207  205  218  230  221  229                                   
    30.0-180.0 180.0   5.0 450.0                            LAT/LON1/LON2/DLON/H
  255  242  226  211  207  201  196  192  181  177  168  165  155  148  133  124
  111  106  100  100   93   91   77   71   62   60   59   61   66   71   76   79
   79   77   75   78   81   86   90   93   98  101  107  108  109  106  106  108
  114  121  132  143  158  174  189  203  213  215  215  216  221  226  229  228
  223  218  219  218  215  229  246  238  255                                   
    27.5-180.0 180.0   5.0 450.0                            LAT/LON1/LON2/DLON/H
  286  277  259  243  231  223  214  207  195  184  176  167  158  147  133  122
  111  104   98   93   84   78   66   61   57   61   66   73   79   85   89   92
   92   91   87   90   92   96   98  100  102  105  106  106  103  101   98  101
  108  116  127  137  156  174  190  204  213  217  218  223  231  240  252  253
  253  244  245  237  234  248  266  268  286                                   
    25.0-180.0 180.0   5.0 450.0                            LAT/LON1/LON2/DLON/H
  328  318  313  288  271  253  238  230  214  204  187  178  162  150  131  119
  103   96   83   78   65   60   52   52   59   70   85   97  106  109  111  112
  111  108  105  104  106  106  107  104  106  104  106  103  101   96   95   97
  105  115  128  140  159  179  196  211  217  221  222  227  241  254  271  278
  279  276  274  266  260  273  293  297  328                                   
    22.5-180.0 180.0   5.0 450.0                            LAT/LON1/LON2/DLON/H
  368  371  374  356  333  309  285  267  244  228  208  189  171  155  133  118
   99   87   73   63   52   50   48   58   70   90  110  123  131  132  131  130
  128  124  120  119  117  115  112  108  105  102   99   95   90   87   84   88
   98  109  126  140  162  183  201  216  221  226  225  234  247  265  285  297
  305  303  308  297  293  303  321  333  368                                   
    20.0-180.0 180.0   5.0 450.0                            LAT/LON1/LON2/DLON/H
  413  429  444  429  412  383  354  326  290  264  233  215  189  171  146  128
  104   89   69   60   51   51   61   73   97  119  140  151  156  152  150  147
  145  141  136  130  129  121  119  109  106   99   97   90   87   81   81   86
   97  111  129  147  171  194  211  223  231  233  237  242  261  277  302  316
  326  327  330  323  317  335  355  367  413                                   
    17.5-180.0 180.0   5.0 450.0                            LAT/LON1/LON2/DLON/H
  447  471  488  484  475  455  427  395  356  316  276  244  218  193  167  145
  119  100   79   72   71   78   90  109  130  153  171  181  180  174  166  161
  158  153  147  141  135  129  123  114  106   97   91   85   80   77   79   84
   97  112  133  153  180  201  220  232  242  245  249  259  275  294  319  335
  345  345  352  344  347  361  382  397  447                                   
    15.0-180.0 180.0   5.0 450.0                            LAT/LON1/LON2/DLON/H
  475  501  519  524  524  511  493  462  423  379  332  292  255  228  200  178
  152  128  106   98  103  110  131  145  166  183  200  201  199  189  179  170
  166  161  156  148  144  133  130  118  106   98   93   86   81   78   79   85
   97  114  136  159  184  208  227  242  254  258  267  274  294  310  337  351
  365  367  376  369  372  393  413  425  475                                   
    12.5-180.0 180.0   5.0 450.0                            LAT/LON1/LON2/DLON/H
  481  510  527  535  544  539  532  508  475  433  387  345  307  274  245  219
  191  169  152  147  156  165  179  194  205  217  222  220  210  200  186  179
  172  167  160  153  145  139  134  123  109  100   95   88   84   80   81   86
  100  116  139  161  186  208  230  246  263  273  283  295  315  329  349  363
  377  384  395  392  396  416  437  448  481                                   
    10.0-180.0 180.0   5.0 450.0                            LAT/LON1/LON2/DLON/H
  492  515  528  535  548  552  552  537  514  476  438  396  365  333  302  271
  241  215  200  197  209  214  226  229  237  235  233  220  212  200  191  183
  178  169  165  155  151  142  138  128  114  105   99   93   90   84   83   87
   99  115  139  162  187  210  232  248  270  278  296  308  332  343  362  371
  390  400  420  416  418  437  460  464  492                                   
     7.5-180.0 180.0   5.0 450.0                            LAT/LON1/LON2/DLON/H
  496  512  519  522  537  543  554  545  529  501  468  438  407  382  355  327
  297  271  259  258  270  274  273  266  260  251  236  222  209  202  193  190
