data/unet/pred2640.15i
     1.0            IONOSPHERE MAPS     GNSS                IONEX VERSION / TYPE
pyspatialgeodesy        IME             05-JAN-18 20:20     PGM / RUN BY / DATE 
Map Name                                                    COMMENT             
Predicted global ionosphere maps (GIM).                     DESCRIPTION         
  2015     9    21     0     0     0                        EPOCH OF FIRST MAP  
  2015     9    22     0     0     0                        EPOCH OF LAST MAP   
  7200                                                      INTERVAL            
    13                                                      # OF MAPS IN FILE   
  NONE                                                      MAPPING FUNCTION    
10.0                                                        ELEVATION CUTOFF    
One-way carrier phase leveled to code                       OBSERVABLES USED    
  6371.0                                                    BASE RADIUS         
 2                                                          MAP DIMENSION       
   450.0 450.0   0.0                                        HGT1 / HGT2 / DHGT  
    87.5 -87.5  -2.5                                        LAT1 / LAT2 / DLAT  
  -180.0 180.0   5.0                                        LON1 / LON2 / DLON  
    -1                                                      EXPONENT            
                                                            END OF HEADER       
     1                                                      START OF TEC MAP    
  2015     9    21     0     0     0                        EPOCH OF CURRENT MAP
    87.5-180.0 180.0   5.0 450.0                            LAT/LON1/LON2/DLON/H
  133  100   94   90   91   87   90   87   91   87   90   86   90   86   89   85
   89   84   88   83   87   82   85   80   84   79   83   77   81   76   80   74
   79   74   78   73   78   73   78   74   79   76   81   78   83   80   85   82
   87   85   90   88   92   90   93   91   94   93   94   93   94   92   94   91
   93   91   93   92   97   94  103  125  133                                   
    85.0-180.0 180.0   5.0 450.0                            LAT/LON1/LON2/DLON/H
  109   90   91   89   88   84   86   84   86   84   85   83   85   83   84   81
   82   80   80   77   78   75   75   71   72   68   68   64   64   61   61   57
   58   55   57   55   57   56   59   58   62   62   66   66   70   71   75   75
   80   80   84   84   88   88   91   91   93   93   94   93   94   93   93   91
   92   90   91   90   94   88   87  100  109                                   
    82.5-180.0 180.0   5.0 450.0                            LAT/LON1/LON2/DLON/H
  105   93   95   95   95   90   94   91   96   92   96   92   96   91   94   89
   91   85   87   81   83   76   78   71   72   64   65   58   59   52   54   48
   50   45   49   45   50   47   52   50   57   56   62   62   69   68   75   75
   81   80   86   85   91   89   94   92   97   94   98   94   98   94   97   92
   96   91   96   92   98   91   94  101  105                                   
    80.0-180.0 180.0   5.0 450.0                            LAT/LON1/LON2/DLON/H
  107  101  103  105  102  101  104  105  108  107  109  108  110  108  107  105
  104  100   98   94   92   87   85   80   76   71   68   63   60   56   54   50
   50   48   49   48   51   51   54   55   60   61   66   68   73   74   79   80
   84   85   89   89   92   92   95   95   98   97   99   98   99   98   98   97
   98   97   99   99  102   97   99  106  107                                   
    77.5-180.0 180.0   5.0 450.0                            LAT/LON1/LON2/DLON/H
  114  105  106  107  105  105  108  110  114  114  117  116  117  115  114  111
  109  104  103   98   96   90   87   81   78   71   68   62   59   53   51   47
   47   44   45   44   46   46   50   51   55   56   61   63   66   68   72   72
   76   76   80   80   83   84   87   88   91   91   93   94   95   95   96   95
   96   95   97   97  100   97  100  103  114                                   
    75.0-180.0 180.0   5.0 450.0                            LAT/LON1/LON2/DLON/H
  114  109  108  110  108  109  113  116  119  122  124  125  125  123  121  117
  113  109  106  101   98   93   89   84   79   74   69   63   59   54   51   48
   46   45   45   44   45   46   48   49   51   53   57   59   62   63   66   67
   69   70   72   74   76   78   81   83   86   88   90   91   92   92   93   93
   94   94   96   98  100   98  101  106  114                                   
    72.5-180.0 180.0   5.0 450.0                            LAT/LON1/LON2/DLON/H
  121  112  112  112  109  110  114  118  123  126  129  130  129  127  123  118
  113  107  104   98   94   90   86   81   77   72   68   63   58   54   52   49
   48   45   46   44   44   43   46   45   47   47   50   50   53   52   56   55
   57   57   61   61   65   67   72   74   79   81   84   86   87   88   89   89
   90   91   94   96  100   99  104  108  121                                   
    70.0-180.0 180.0   5.0 450.0                            LAT/LON1/LON2/DLON/H
  121  116  115  114  111  112  117  121  127  131  135  136  135  131  126  118
  112  104  100   94   90   84   81   76   72   67   64   60   56   53   51   49
   48   45   45   43   42   41   41   40   40   40   41   42   43   43   45   45
   46   46   50   51   56   59   65   69   75   79   83   85   88   89   90   90
   92   93   97   99  103  104  108  113  121                                   
    67.5-180.0 180.0   5.0 450.0                            LAT/LON1/LON2/DLON/H
  129  121  119  116  112  113  117  122  129  134  139  140  138  133  126  118
  109  100   94   87   82   76   72   67   64   60   57   54   52   50   49   47
   46   44   44   40   39   36   36   33   34   32   34   33   35   33   36   34
   37   36   40   41   48   51   60   64   73   76   83   85   88   89   91   91
   93   93   98  101  106  107  111  117  129                                   
    65.0-180.0 180.0   5.0 450.0                            LAT/LON1/LON2/DLON/H
  129  125  122  119  113  112  115  120  128  134  140  141  140  135  127  117
  108   98   91   83   77   71   66   60   57   53   50   48   47   46   46   44
   44   42   40   37   35   32   30   28   27   26   27   27   28   28   29   29
   30   30   33   36   42   48   57   64   73   79   86   89   92   93   95   95
   97   98  102  105  109  111  116  121  129                                   
    62.5-180.0 180.0   5.0 450.0                            LAT/LON1/LON2/DLON/H
  136  131  126  120  112  109  111  115  123  131  137  140  139  135  128  119
  108   99   90   81   74   66   60   54   49   45   43   41   41   40   40   39
   39   36   35   31   29   26   25   23   24   23   25   25   27   26   28   26
   28   27   31   32   40   45   56   63   75   81   89   91   96   95   98   97
  100  100  105  107  113  114  119  125  136                                   
    60.0-180.0 180.0   5.0 450.0                            LAT/LON1/LON2/DLON/H
  136  134  129  123  113  108  107  110  117  124  131  135  136  133  127  119
  110  101   92   83   75   66   59   51   45   41   38   37   36   36   36   36
   35   33   31   28   26   24   23   22   23   23   26   27   29   29   30   29
   30   29   31   33   39   46   56   66   77   84   91   95   99  100  102  102
  105  106  110  112  116  119  123  128  136                                   
    57.5-180.0 180.0   5.0 450.0                            LAT/LON1/LON2/DLON/H
  143  140  135  127  115  108  105  106  111  117  124  128  130  130  126  120
  112  104   96   87   78   69   60   51   44   39   36   34   34   34   35   34
   33   31   30   28   27   26   26   26   28   29   32   33   36   35   37   35
   36   34   35   36   42   47   59   67   79   86   94   95  101  100  105  105
  109  110  115  117  122  123  127  130  143                                   
    55.0-180.0 180.0   5.0 450.0                            LAT/LON1/LON2/DLON/H
  144  145  142  135  123  114  108  106  108  111  116  120  123  123  122  118
  114  108  101   93   84   75   65   56   49   43   40   38   38   37   37   36
   35   34   34   32   32   32   33   34   37   38   41   42   44   43   44   42
   43   40   41   41   46   52   62   70   82   88   95   97  102  103  107  109
  114  117  121  123  127  129  132  134  144                                   
    52.5-180.0 180.0   5.0 450.0                            LAT/LON1/LON2/DLON/H
  151  153  151  145  133  123  115  111  109  110  111  114  115  118  118  118
  115  111  106   99   91   82   73   65   58   52   49   47   45   44   44   42
   42   41   42   42   42   44   46   47   50   51   53   52   53   52   53   50
   51   47   49   48   54   58   68   75   86   91   97   99  103  104  109  112
  119  121  128  128  134  134  139  138  151                                   
    50.0-180.0 180.0   5.0 450.0                            LAT/LON1/LON2/DLON/H
  153  159  161  157  146  137  128  121  115  112  110  110  111  113  114  116
  114  113  109  104   97   90   82   76   69   64   61   58   56   54   53   51
   51   51   53   54   57   59   62   64   66   66   67   65   65   62   62   59
   59   57   58   58   64   68   77   84   94   98  103  103  107  108  114  117
  124  128  134  136  140  141  145  144  153                                   
    47.5-180.0 180.0   5.0 450.0                            LAT/LON1/LON2/DLON/H
  160  166  169  168  159  152  143  134  125  119  114  112  111  112  114  115
  114  114  112  108  103   98   93   88   83   79   76   72   69   66   64   64
   64   65   68   71   74   79   81   82   83   82   81   77   75   71   71   67
   69   66   68   69   74   79   88   94  104  107  111  111  113  114  119  122
  128  133  139  141  146  146  150  148  160                                   
    45.0-180.0 180.0   5.0 450.0                            LAT/LON1/LON2/DLON/H
  160  169  175  175  170  165  157  148  136  128  121  117  115  115  115  116
  114  114  112  111  108  106  103  101   97   93   89   84   80   77   75   75
   77   78   82   86   90   94   97   96   97   94   92   87   84   79   77   75
   76   74   77   78   84   89   98  105  115  118  122  120  122  121  126  128
  134  137  143  145  150  150  154  153  160                                   
    42.5-180.0 180.0   5.0 450.0                            LAT/LON1/LON2/DLON/H
  164  171  176  178  175  173  167  160  148  140  132  128  125  124  122  121
  118  117  116  115  114  114  113  111  108  104   99   93   87   84   82   83
   86   89   93   99  102  107  108  109  107  105  101   96   91   86   83   79
   81   80   83   85   92   98  107  115  125  129  132  131  132  131  134  135
  138  141  144  146  152  153  156  156  164                                   
    40.0-180.0 180.0   5.0 450.0                            LAT/LON1/LON2/DLON/H
  163  171  175  176  176  174  171  165  155  147  140  137  135  134  130  128
  123  121  120  121  120  121  121  120  116  111  104   97   91   88   87   88
   93   96  101  106  111  114  115  114  114  111  109  103   99   93   90   86
   87   86   90   93  100  106  116  124  136  141  144  142  143  141  144  143
  145  146  148  149  155  157  161  162  163                                   
    37.5-180.0 180.0   5.0 450.0                            LAT/LON1/LON2/DLON/H
  169  173  174  176  172  172  168  165  157  152  148  147  147  145  141  137
  132  129  128  128  128  127  127  124  120  113  104   97   90   88   87   89
   93   97  102  107  111  116  117  119  119  119  115  112  107  102   96   92
   91   91   93   97  103  111  121  131  144  152  154  154  154  152  153  152
  152  153  154  156  162  165  170  171  169                                   
    35.0-180.0 180.0   5.0 450.0                            LAT/LON1/LON2/DLON/H
  176  181  180  177  172  169  165  161  155  152  152  154  155  154  150  145
  140  137  135  134  132  130  128  123  117  110  101   93   89   86   87   88
   93   96  101  106  111  115  118  120  122  123  121  117  113  108  102   96
   95   93   96   97  104  111  123  134  150  157  163  161  164  161  164  161
  162  161  162  163  171  176  184  187  176                                   
    32.5-180.0 180.0   5.0 450.0                            LAT/LON1/LON2/DLON/H
  198  198  194  189  179  174  165  161  154  155  156  161  163  164  159  155
  149  145  142  138  134  129  124  118  111  103   95   89   86   85   86   87
   91   94   98  103  107  113  116  122  124  128  126  123  118  113  104   98
   94   91   91   93   97  106  117  132  147  157  162  165  167  167  170  170
  172  171  173  176  185  193  202  209  198                                   
    30.0-180.0 180.0   5.0 450.0                            LAT/LON1/LON2/DLON/H
  229  228  228  216  202  191  179  169  163  161  163  167  171  170  165  161
  155  150  143  136  128  120  113  106   99   94   89   86   85   85   87   88
   91   92   96  100  105  111  116  123  127  131  130  126  120  112  104   95
   93   87   88   86   91   98  113  126  145  153  161  164  170  171  181  181
  188  189  194  199  209  218  233  244  229                                   
    27.5-180.0 180.0   5.0 450.0                            LAT/LON1/LON2/DLON/H
  274  269  273  262  246  229  210  196  185  183  181  185  184  181  173  168
  160  152  142  131  119  108  101   95   91   88   87   86   87   89   91   91
   92   93   95   99  103  111  117  126  131  136  133  128  119  110   98   91
   85   81   79   77   81   89  104  120  137  148  155  162  169  177  187  196
  205  212  220  230  243  255  267  279  274                                   
    25.0-180.0 180.0   5.0 450.0                            LAT/LON1/LON2/DLON/H
  320  327  331  318  302  285  261  239  222  214  211  208  205  196  186  176
  165  152  137  121  106   95   89   86   86   86   89   91   94   97   98   97
   98   98  101  105  110  117  124  133  138  140  136  128  116  104   92   83
   79   72   72   68   74   82  102  117  138  148  157  163  173  181  198  208
  225  234  249  262  278  292  311  323  320                                   
    22.5-180.0 180.0   5.0 450.0                            LAT/LON1/LON2/DLON/H
  368  378  386  376  366  348  324  299  280  266  258  249  239  224  207  193
  175  156  134  114   98   88   86   88   92   96  100  104  107  109  109  108
  107  109  113  119  123  131  136  144  146  146  138  127  111   96   82   74
   67   60   58   57   64   75   96  117  139  152  163  172  182  196  212  230
  248  266  282  297  314  331  350  365  368                                   
    20.0-180.0 180.0   5.0 450.0                            LAT/LON1/LON2/DLON/H
  415  435  436  434  431  416  396  371  352  333  319  303  287  266  241  217
  193  166  138  113   98   92   96  102  110  113  118  120  124  124  125  125
  126  129  134  140  144  150  154  157  156  151  140  125  107   89   76   66
   62   55   54   55   62   76   98  122  147  163  177  186  199  212  232  250
  275  295  314  332  347  367  393  404  415                                   
    17.5-180.0 180.0   5.0 450.0                            LAT/LON1/LON2/DLON/H
  452  465  466  474  475  472  458  442  425  411  392  373  352  321  293  257
  225  190  157  129  114  113  122  132  138  141  141  142  143  145  147  150
  154  160  166  171  173  175  174  173  165  156  141  123  101   84   69   59
   53   47   48   50   58   73   98  126  153  173  190  204  221  238  259  283
  311  335  354  374  387  408  424  437  452                                   
    15.0-180.0 180.0   5.0 450.0                            LAT/LON1/LON2/DLON/H
  480  493  487  494  507  509  508  500  496  484  465  442  417  387  349  309
  268  223  189  159  149  150  164  173  178  173  168  164  164  166  171  175
  182  189  195  196  195  193  187  181  170  157  139  120   97   81   67   58
   54   49   50   53   62   80  105  135  161  184  204  224  243  262  282  310
  338  362  384  400  414  431  451  457  480                                   
    12.5-180.0 180.0   5.0 450.0                            LAT/LON1/LON2/DLON/H
  492  496  490  500  510  522  527  535  537  536  523  505  480  451  414  370
  323  272  235  208  200  204  215  221  218  206  195  189  187  190  196  202
  208  213  216  213  209  201  192  182  168  153  134  114   94   79   66   57
   53   49   50   52   63   82  110  140  169  195  220  243  263  284  309  336
  362  387  405  423  436  449  463  470  492                                   
    10.0-180.0 180.0   5.0 450.0                            LAT/LON1/LON2/DLON/H
  500  504  493  493  512  524  538  548  561  563  562  548  530  502  465  422
  375  324  288  262  256  260  270  269  258  239  222  213  210  214  222  227
  232  233  230  224  212  201  187  175  160  144  124  107   89   76   65   58
   56   52   51   54   65   84  111  141  170  199  227  253  274  302  326  352
  377  398  416  432  445  456  471  474  500                                   
     7.5-180.0 180.0   5.0 450.0                            LAT/LON1/LON2/DLON/H
  504  505  494  500  508  524  533  550  561  571  572  569  557  537  502  465
  419  376  339  318  310  313  317  308  287  262  241  232  229  233  241  247
