data/unet/pred2020.15i
     1.0            IONOSPHERE MAPS     GNSS                IONEX VERSION / TYPE
pyspatialgeodesy        IME             05-JAN-18 20:20     PGM / RUN BY / DATE 
Map Name                                                    COMMENT             
Predicted global ionosphere maps (GIM).                     DESCRIPTION         
  2015     7    21     0     0     0                        EPOCH OF FIRST MAP  
  2015     7    22     0     0     0                        EPOCH OF LAST MAP   
  7200                                                      INTERVAL            
    13                                                      # OF MAPS IN FILE   
  NONE                                                      MAPPING FUNCTION    
10.0                                                        ELEVATION CUTOFF    
One-way carrier phase leveled to code                       OBSERVABLES USED    
  6371.0                                                    BASE RADIUS         
 2                                                          MAP DIMENSION       
   450.0 450.0   0.0                                        HGT1 / HGT2 / DHGT  
    87.5 -87.5  -2.5                                        LAT1 / LAT2 / DLAT  
  -180.0 180.0   5.0                                        LON1 / LON2 / DLON  
    -1                                                      EXPONENT            
                                                            END OF HEADER       
[from data line 3003]
     8                                                      START OF TEC MAP    
  2015     7    21    14     0     0                        EPOCH OF CURRENT MAP
    87.5-180.0 180.0   5.0 450.0                            LAT/LON1/LON2/DLON/H
  147  160  165  166  164  163  163  163  162  162  161  160  161  159  160  158
  159  158  159  159  160  159  160  160  160  160  160  160  160  160  159  159
  158  159  158  158  158  158  157  157  157  157  156  156  156  156  156  155
  155  155  154  154  154  154  154  154  154  154  154  154  155  155  155  156
  157  158  159  159  158  158  171  151  147                                   
    85.0-180.0 180.0   5.0 450.0                            LAT/LON1/LON2/DLON/H
  152  158  155  156  157  155  157  154  157  154  156  153  156  152  156  152
  156  152  155  153  155  153  155  154  155  155  155  155  155  155  155  154
  154  153  153  152  152  151  150  149  150  148  148  147  148  146  147  145
  146  144  145  143  145  142  144  141  143  141  143  142  143  143  144  144
  146  146  148  148  150  149  154  157  152                                   
    82.5-180.0 180.0   5.0 450.0                            LAT/LON1/LON2/DLON/H
  160  153  156  156  158  155  158  155  157  155  156  154  154  154  153  153
  152  153  152  153  152  153  153  153  154  154  155  154  156  154  156  153
  155  152  153  149  152  147  150  145  149  143  148  142  147  141  146  141
  145  140  144  140  143  140  142  139  140  137  139  137  139  137  139  137
  141  139  143  141  145  143  154  141  160                                   
    80.0-180.0 180.0   5.0 450.0                            LAT/LON1/LON2/DLON/H
  149  148  148  151  153  150  153  150  153  149  151  148  150  146  148  145
  147  144  147  145  148  147  149  149  150  151  151  152  153  153  153  153
  152  152  150  150  149  149  147  146  145  144  144  143  144  142  144  141
  142  140  142  140  140  138  139  136  136  134  134  133  133  132  132  132
  132  133  134  136  136  139  137  138  149                                   
    77.5-180.0 180.0   5.0 450.0                            LAT/LON1/LON2/DLON/H
  138  139  139  142  145  144  146  144  145  142  144  140  141  137  138  137
  137  137  138  139  142  141  145  145  149  148  152  151  153  151  153  151
  152  150  151  149  149  147  148  145  146  143  145  142  144  142  145  141
  144  141  143  140  141  138  139  136  136  132  132  129  129  126  126  126
  125  126  126  127  126  127  131  126  138                                   
    75.0-180.0 180.0   5.0 450.0                            LAT/LON1/LON2/DLON/H
  130  130  133  137  142  142  144  142  143  139  140  136  136  132  133  130
  132  131  134  135  139  140  144  145  149  149  154  152  156  153  157  154
  155  153  154  152  153  152  153  150  151  149  150  148  149  147  149  147
  148  146  147  145  145  143  143  140  138  135  134  131  129  127  126  124
  124  124  124  122  124  123  122  123  130                                   
    72.5-180.0 180.0   5.0 450.0                            LAT/LON1/LON2/DLON/H
  120  124  126  130  133  134  137  136  137  134  134  129  127  123  122  120
  122  122  125  128  132  136  140  143  148  149  153  153  155  155  155  156
  155  155  154  155  154  154  154  152  152  150  151  149  150  148  150  148
  149  147  148  146  147  144  144  141  139  136  134  131  129  126  124  122
  121  120  119  119  118  117  120  117  120                                   
    70.0-180.0 180.0   5.0 450.0                            LAT/LON1/LON2/DLON/H
  114  117  119  124  131  130  135  132  134  131  130  125  124  119  120  116
  120  119  125  126  133  134  142  143  149  149  154  152  156  153  157  153
  156  153  156  154  156  155  157  155  155  153  153  152  152  151  151  150
  151  149  151  149  150  148  148  145  145  140  139  136  134  130  129  126
  124  122  121  118  118  113  115  118  114                                   
    67.5-180.0 180.0   5.0 450.0                            LAT/LON1/LON2/DLON/H
  109  112  111  116  121  124  128  129  131  129  128  124  122  117  117  115
  118  118  122  125  130  134  138  143  146  148  150  150  152  152  152  153
  153  154  154  156  156  157  156  156  155  153  153  152  151  150  149  149
  149  148  149  148  150  148  149  147  147  143  143  140  139  134  133  129
  127  125  122  120  116  112  116  113  109                                   
    65.0-180.0 180.0   5.0 450.0                            LAT/LON1/LON2/DLON/H
  106  104  102  107  116  118  124  125  128  127  127  124  123  119  120  118
  121  120  125  126  132  133  140  140  146  145  148  146  149  146  150  148
  152  150  154  153  156  156  158  156  156  155  153  152  151  150  148  148
  147  148  149  148  151  150  152  149  151  148  148  146  145  142  140  136
  133  129  127  120  118  110  112  115  106                                   
    62.5-180.0 180.0   5.0 450.0                            LAT/LON1/LON2/DLON/H
  101   99   93   96  103  109  115  120  124  126  127  126  125  123  123  123
  125  125  128  128  131  132  136  138  141  142  143  143  144  144  146  148
  150  152  153  154  155  156  157  156  156  154  153  150  148  146  145  144
  144  144  146  147  150  149  151  150  152  150  151  150  149  146  144  140
  136  132  128  121  115  109  113  108  101                                   
    60.0-180.0 180.0   5.0 450.0                            LAT/LON1/LON2/DLON/H
   99   89   85   87   96   99  107  112  119  121  124  124  126  125  127  127
  129  129  130  129  131  130  134  134  138  137  141  139  143  141  146  145
  151  150  155  154  158  157  160  158  159  156  154  151  149  146  144  143
  143  144  147  148  152  151  154  153  156  155  157  155  156  152  150  144
  140  134  130  121  116  105  108  109   99                                   
    57.5-180.0 180.0   5.0 450.0                            LAT/LON1/LON2/DLON/H
   96   87   80   81   87   92   99  105  111  115  120  122  125  127  130  133
  134  134  134  132  132  130  132  134  136  138  139  141  142  144  147  151
  154  156  158  160  161  162  163  162  162  160  158  153  151  147  144  143
  143  145  148  150  153  154  156  157  158  159  160  161  160  156  152  146
  139  133  127  118  112  103  105   99   96                                   
    55.0-180.0 180.0   5.0 450.0                            LAT/LON1/LON2/DLON/H
   93   80   74   75   83   84   93   96  105  106  113  114  120  122  129  131
  135  135  135  132  131  129  131  131  136  136  142  140  146  146  154  155
  162  162  166  164  168  166  169  167  168  165  163  158  154  150  148  146
  146  149  152  154  158  159  160  161  161  163  165  164  164  159  155  146
  140  132  126  117  110   99  100   98   93                                   
    52.5-180.0 180.0   5.0 450.0                            LAT/LON1/LON2/DLON/H
   93   81   76   76   81   85   90   95  100  105  108  112  116  122  127  133
  136  138  138  136  134  132  135  136  140  142  145  147  151  154  160  164
  169  171  173  174  175  176  176  176  175  172  170  165  162  156  154  152
  152  154  156  159  162  162  163  165  165  168  168  169  166  161  154  146
  137  129  122  113  107   98   98   91   93                                   
    50.0-180.0 180.0   5.0 450.0                            LAT/LON1/LON2/DLON/H
   94   84   79   80   86   85   92   91   98   99  106  106  113  116  125  130
  137  139  141  139  138  138  140  142  147  148  153  153  159  162  169  172
  180  180  185  182  188  184  189  185  188  183  182  176  172  167  163  161
  160  161  162  165  167  168  169  170  170  171  172  171  170  162  158  146
  139  128  123  112  106   98   96   92   94                                   
    47.5-180.0 180.0   5.0 450.0                            LAT/LON1/LON2/DLON/H
   96   91   88   86   90   92   93   96   98  103  106  110  112  118  124  132
  138  144  145  148  146  147  149  152  155  158  161  162  167  170  177  181
  187  191  194  197  198  200  199  199  198  196  194  189  186  179  177  171
  170  169  169  171  171  172  172  174  174  176  175  175  170  166  157  149
  138  130  122  112  107  101   99   92   96                                   
    45.0-180.0 180.0   5.0 450.0                            LAT/LON1/LON2/DLON/H
  102   98   97   98  100   99  101   99  104  104  110  111  117  118  125  132
  140  147  151  154  155  157  160  163  166  168  171  171  175  178  184  188
  195  198  205  206  213  211  216  212  215  209  210  203  201  194  190  184
  181  178  176  175  176  176  178  178  179  179  178  176  174  168  163  152
  145  135  128  116  110  103  100   99  102                                   
    42.5-180.0 180.0   5.0 450.0                            LAT/LON1/LON2/DLON/H
  105  106  107  105  106  106  105  106  107  112  114  121  122  128  130  138
  145  153  159  164  165  168  171  174  177  178  180  181  184  186  192  197
  204  211  218  225  230  233  234  233  233  229  228  222  220  212  208  199
  194  188  185  182  182  183  182  184  183  184  182  181  178  174  167  160
  150  142  134  122  114  108  108  101  105                                   
    40.0-180.0 180.0   5.0 450.0                            LAT/LON1/LON2/DLON/H
  111  111  112  113  114  112  112  110  112  116  122  126  132  133  139  144
  152  160  168  175  178  182  185  188  190  190  192  192  194  195  200  205
  214  223  235  245  254  256  257  252  252  246  246  238  237  228  225  216
  208  202  197  194  191  191  191  191  189  188  185  185  182  179  174  168
  161  151  144  130  120  111  109  110  111                                   
    37.5-180.0 180.0   5.0 450.0                            LAT/LON1/LON2/DLON/H
  112  114  113  111  111  112  109  112  112  119  124  135  137  145  146  154
  159  169  176  185  187  192  194  197  198  199  199  201  202  206  210  218
  229  243  260  275  287  291  290  285  280  274  270  265  260  253  246  234
  226  216  212  207  204  203  200  200  196  195  192  191  189  186  182  176
  169  159  151  137  126  118  118  111  112                                   
    35.0-180.0 180.0   5.0 450.0                            LAT/LON1/LON2/DLON/H
  117  111  108  109  109  110  109  109  110  117  125  135  143  149  153  159
  165  176  183  192  195  201  203  205  206  207  209  211  214  219  225  235
  249  268  289  308  322  328  325  318  310  302  296  289  284  276  268  255
  244  235  227  223  218  215  212  209  205  202  198  196  193  192  187  182
  175  167  158  144  131  121  117  119  117                                   
    32.5-180.0 180.0   5.0 450.0                            LAT/LON1/LON2/DLON/H
  118  112  104  102  100  101   98  102   99  110  115  132  140  153  156  165
  170  181  188  196  199  205  206  209  209  212  215  220  225  233  241  255
  271  296  319  341  354  360  353  349  340  333  324  317  311  303  292  280
  267  257  248  240  233  227  222  218  213  210  205  202  199  196  191  187
  179  169  160  147  134  124  124  118  118                                   
    30.0-180.0 180.0   5.0 450.0                            LAT/LON1/LON2/DLON/H
  123  110  102  100   98   98   95   94   93   99  108  124  137  152  159  167
  172  182  189  197  201  207  209  212  214  218  224  230  238  247  260  277
  299  324  349  370  383  387  380  375  366  358  351  342  335  326  315  304
  291  283  271  264  250  242  233  227  220  216  209  205  200  197  192  186
  179  172  163  151  140  129  123  125  123                                   
    27.5-180.0 180.0   5.0 450.0                            LAT/LON1/LON2/DLON/H
  125  117  105   99   95   93   89   89   84   92   96  116  130  148  157  169
  173  185  190  199  201  207  208  212  214  222  228  240  249  264  278  297
  320  345  370  389  397  403  393  392  381  380  370  366  356  349  336  328
  313  308  295  284  267  253  240  231  222  214  209  202  200  194  191  185
  178  171  161  152  141  131  130  126  125                                   
    25.0-180.0 180.0   5.0 450.0                            LAT/LON1/LON2/DLON/H
  133  122  111  107  102   98   92   88   83   86   92  109  125  143  156  165
  174  184  191  199  202  208  210  214  218  227  236  247  261  276  294  312
  337  363  387  403  408  411  402  401  394  394  389  384  376  368  358  348
  336  330  318  305  282  264  243  231  219  209  199  195  190  188  184  179
  176  168  163  154  146  137  133  137  133                                   
    22.5-180.0 180.0   5.0 450.0                            LAT/LON1/LON2/DLON/H
  139  134  122  116  109  103   96   91   84   85   87  107  120  141  152  166
  173  186  193  201  203  207  208  213  218  231  241  257  271  289  305  324
  348  372  392  404  403  407  397  399  393  397  392  391  383  379  367  362
  349  347  333  320  294  273  245  229  212  200  190  183  179  176  174  170
  167  163  158  153  145  139  140  139  139                                   
    20.0-180.0 180.0   5.0 450.0                            LAT/LON1/LON2/DLON/H
  143  141  131  128  123  115  106   99   90   88   90  105  120  137  152  161
  172  181  193  200  203  207  210  215  223  234  246  264  282  299  315  333
  355  377  391  401  398  399  393  393  392  395  393  394  387  385  374  369
  359  355  344  328  300  277  245  228  209  193  179  172  165  163  162  158
  160  155  155  150  147  140  140  144  143                                   
    17.5-180.0 180.0   5.0 450.0                            LAT/LON1/LON2/DLON/H
  145  149  138  136  131  122  115  109   99   96   93  107  120  139  152  167
  174  188  195  204  204  205  207  213  222  237  252  273  292  309  326  341
  359  374  383  389  382  386  378  384  381  388  383  388  382  383  372  369
  360  360  345  331  300  277  245  226  205  187  171  160  153  150  148  149
  148  149  147  145  141  136  139  142  145                                   
    15.0-180.0 180.0   5.0 450.0                            LAT/LON1/LON2/DLON/H
  140  144  137  136  131  125  119  114  105  102   99  109  122  138  153  164
  174  185  195  202  204  204  208  214  227  241  261  281  302  317  334  346
  359  368  372  377  374  375  372  377  377  382  377  382  378  379  372  368
  361  356  343  326  296  273  243  224  204  186  166  156  145  142  140  139
  142  139  142  139  137  131  132  138  140                                   
    12.5-180.0 180.0   5.0 450.0                            LAT/LON1/LON2/DLON/H
  131  138  129  128  125  121  118  115  108  107  102  111  119  139  151  169
  177  193  199  206  206  205  207  216  230  251  269  291  312  328  341  350
  357  362  363  366  361  366  363  374  370  379  370  377  371  374  366  365
  355  351  331  316  285  264  237  221  201  182  163  151  140  137  133  135
  134  137  133  133  128  121  124  127  131                                   
    10.0-180.0 180.0   5.0 450.0                            LAT/LON1/LON2/DLON/H
  119  122  117  116  112  109  107  106  103  103  101  109  119  135  151  164
  177  188  199  203  207  205  210  220  238  257  281  302  323  335  347  350
  357  357  361  362  364  367  368  378  372  377  365  369  364  364  358  352
  342  332  315  299  271  253  230  216  197  181  162  150  138  134  131  130
  131  127  129  122  121  113  112  114  119                                   
     7.5-180.0 180.0   5.0 450.0                            LAT/LON1/LON2/DLON/H
  108  111  103  103   96   95   93   95   92   95   93  104  113  132  145  167
  178  194  202  209  210  211  215  227  245  270  290  312  332  345  353  358
