data/unet/pred1170.15i
     1.0            IONOSPHERE MAPS     GNSS                IONEX VERSION / TYPE
pyspatialgeodesy        IME             05-JAN-18 20:20     PGM / RUN BY / DATE 
Map Name                                                    COMMENT             
Predicted global ionosphere maps (GIM).                     DESCRIPTION         
  2015     4    27     0     0     0                        EPOCH OF FIRST MAP  
  2015     4    28     0     0     0                        EPOCH OF LAST MAP   
  7200                                                      INTERVAL            
    13                                                      # OF MAPS IN FILE   
  NONE                                                      MAPPING FUNCTION    
10.0                                                        ELEVATION CUTOFF    
One-way carrier phase leveled to code                       OBSERVABLES USED    
  6371.0                                                    BASE RADIUS         
 2                                                          MAP DIMENSION       
   450.0 450.0   0.0                                        HGT1 / HGT2 / DHGT  
    87.5 -87.5  -2.5                                        LAT1 / LAT2 / DLAT  
  -180.0 180.0   5.0                                        LON1 / LON2 / DLON  
    -1                                                      EXPONENT            
                                                            END OF HEADER       
[from data line 1287]
     4                                                      START OF TEC MAP    
  2015     4    27     6     0     0                        EPOCH OF CURRENT MAP
    87.5-180.0 180.0   5.0 450.0                            LAT/LON1/LON2/DLON/H
  241  254  243  246  248  247  250  250  252  252  255  255  257  257  259  259
  260  260  261  261  262  263  264  265  266  268  269  270  271  273  274  275
  274  276  275  274  272  271  269  267  264  261  258  254  251  246  244  240
  240  236  237  234  236  234  236  234  237  235  238  237  239  238  240  239
  241  240  241  241  244  240  254  256  241                                   
    85.0-180.0 180.0   5.0 450.0                            LAT/LON1/LON2/DLON/H
  246  240  231  235  239  238  243  243  247  246  251  251  254  253  257  255
  259  257  262  260  264  261  266  263  268  264  269  266  270  267  272  269
  272  269  272  268  269  264  267  261  262  256  257  252  250  244  244  239
  239  235  236  233  235  233  236  234  237  235  238  236  238  235  238  235
  237  235  237  236  240  234  239  251  246                                   
    82.5-180.0 180.0   5.0 450.0                            LAT/LON1/LON2/DLON/H
  228  232  219  224  222  225  229  233  236  241  243  248  249  253  254  257
  257  259  261  263  263  265  265  267  266  267  267  268  268  269  269  270
  270  271  271  270  269  267  267  264  262  260  258  255  251  247  246  243
  241  239  239  238  237  237  237  237  237  237  237  236  235  233  231  229
  228  225  224  224  227  227  224  233  228                                   
    80.0-180.0 180.0   5.0 450.0                            LAT/LON1/LON2/DLON/H
  235  231  220  219  217  220  224  226  228  231  234  237  240  242  245  246
  248  248  251  253  253  254  254  255  253  253  251  252  251  252  252  254
  255  257  257  259  258  259  259  259  257  257  257  256  254  253  254  254
  254  254  255  256  257  257  258  258  258  257  256  254  252  250  246  244
  241  239  235  234  234  233  231  237  235                                   
    77.5-180.0 180.0   5.0 450.0                            LAT/LON1/LON2/DLON/H
  234  231  220  217  217  217  219  219  220  221  222  225  226  231  233  236
  238  240  242  242  243  242  242  240  238  235  233  232  231  232  234  238
  240  245  247  251  252  255  256  258  257  260  261  264  264  267  269  272
  273  275  277  280  281  284  284  286  283  284  280  280  275  273  267  264
  259  256  250  246  245  240  240  238  234                                   
    75.0-180.0 180.0   5.0 450.0                            LAT/LON1/LON2/DLON/H
  245  242  228  225  219  222  219  218  214  214  211  212  210  214  216  221
  223  228  229  233  231  233  229  229  221  220  214  213  209  211  212  219
  224  230  235  242  247  251  255  258  259  264  267  273  275  280  285  290
  292  297  299  304  304  307  307  309  306  306  302  300  295  292  286  283
  278  275  266  263  257  252  253  249  245                                   
    72.5-180.0 180.0   5.0 450.0                            LAT/LON1/LON2/DLON/H
  253  252  241  235  231  227  223  218  212  206  199  196  193  194  196  201
  206  212  216  220  220  221  219  216  209  204  197  195  191  193  196  204
  211  221  228  238  243  251  255  261  264  270  276  283  290  296  305  312
  319  323  329  332  334  335  335  336  332  330  324  320  315  310  304  299
  295  291  284  280  275  270  267  259  253                                   
    70.0-180.0 180.0   5.0 450.0                            LAT/LON1/LON2/DLON/H
  264  263  249  243  234  232  225  220  209  201  190  185  177  176  175  180
  185  194  201  207  210  211  210  206  198  192  186  183  180  182  185  193
  202  214  223  233  241  249  254  259  265  270  281  289  300  309  320  330
  336  343  346  350  349  349  347  345  341  336  330  324  319  312  307  301
  299  295  290  285  283  276  276  267  264                                   
    67.5-180.0 180.0   5.0 450.0                            LAT/LON1/LON2/DLON/H
  266  266  255  246  238  232  226  218  209  198  187  178  170  165  165  167
  173  180  188  194  196  199  197  195  187  183  176  175  172  175  177  187
  196  209  219  230  239  246  253  256  264  270  283  293  308  318  335  344
  355  360  363  364  360  359  353  352  344  341  333  329  321  315  308  302
  301  297  294  289  288  282  279  268  266                                   
    65.0-180.0 180.0   5.0 450.0                            LAT/LON1/LON2/DLON/H
  271  268  253  245  237  232  226  220  209  199  186  176  165  159  154  156
  158  165  171  179  183  187  186  183  176  171  166  165  165  167  172  179
  190  202  214  224  235  240  247  250  260  267  283  295  313  328  344  358
  367  373  374  374  369  365  359  353  346  340  333  326  319  308  301  294
  292  288  286  284  286  279  278  265  271                                   
    62.5-180.0 180.0   5.0 450.0                            LAT/LON1/LON2/DLON/H
  267  266  251  241  232  225  220  213  204  195  187  176  167  159  155  151
  153  155  162  165  170  171  171  167  161  157  153  155  155  160  163  172
  180  190  203  212  227  231  242  246  260  269  286  301  321  336  355  366
  378  382  381  380  373  368  359  355  347  343  335  329  319  309  298  290
  285  281  280  279  282  278  275  262  267                                   
    60.0-180.0 180.0   5.0 450.0                            LAT/LON1/LON2/DLON/H
  272  267  248  238  228  221  213  207  198  193  184  177  166  159  150  147
  143  146  148  153  155  157  155  153  147  145  142  143  146  150  155  160
  170  180  193  205  221  231  241  249  263  275  293  310  331  349  364  377
  386  392  387  386  378  372  364  357  352  346  341  333  323  309  297  285
  278  272  272  271  277  273  272  260  272                                   
    57.5-180.0 180.0   5.0 450.0                            LAT/LON1/LON2/DLON/H
  275  270  253  239  227  216  206  196  187  181  176  169  163  156  150  143
  140  137  140  140  143  140  140  135  133  130  132  134  138  142  146  150
  159  171  182  196  215  227  242  250  267  281  301  318  340  356  372  381
  391  393  389  386  379  376  369  366  362  359  353  345  335  320  307  294
  283  276  274  274  279  278  275  266  275                                   
    55.0-180.0 180.0   5.0 450.0                            LAT/LON1/LON2/DLON/H
  291  285  268  253  237  224  210  196  184  177  170  165  157  152  144  139
  132  131  129  130  130  130  128  127  123  124  123  128  130  134  136  140
  146  159  175  190  213  227  245  255  274  288  311  330  352  368  382  394
  400  405  398  396  389  387  382  381  378  375  370  360  352  334  323  307
  298  288  288  286  293  288  287  276  291                                   
    52.5-180.0 180.0   5.0 450.0                            LAT/LON1/LON2/DLON/H
  309  304  293  277  260  241  223  202  185  172  163  155  150  145  141  135
  132  126  127  123  125  120  122  117  119  117  122  125  129  130  132  134
  141  157  174  191  213  229  248  261  279  296  320  340  362  378  392  401
  410  411  407  404  399  397  393  395  393  390  386  378  369  356  342  330
  320  312  310  310  315  312  307  298  309                                   
    50.0-180.0 180.0   5.0 450.0                            LAT/LON1/LON2/DLON/H
  336  331  321  308  294  270  249  223  196  177  161  152  144  140  133  130
  125  125  122  125  124  125  124  125  124  127  127  132  130  133  130  134
  138  154  173  191  214  229  251  262  285  302  330  353  376  393  405  418
  425  431  424  425  419  417  413  412  409  405  400  392  383  369  358  343
  337  329  331  329  334  331  328  320  336                                   
    47.5-180.0 180.0   5.0 450.0                            LAT/LON1/LON2/DLON/H
  352  350  345  336  327  308  280  251  217  189  168  153  145  138  135  130
  129  125  130  128  133  131  135  133  136  135  138  136  137  133  132  132
  139  155  175  194  215  230  251  265  286  307  336  360  386  404  417  430
  437  442  439  441  437  434  428  425  417  413  406  400  391  382  369  360
  351  346  343  345  348  350  345  344  352                                   
    45.0-180.0 180.0   5.0 450.0                            LAT/LON1/LON2/DLON/H
  369  361  359  353  346  331  308  278  241  205  178  159  147  139  133  131
  128  131  133  138  142  146  149  151  151  153  150  152  144  144  135  139
  140  157  174  193  215  226  250  260  286  306  340  367  395  414  430  442
  451  459  458  463  458  456  446  440  428  421  412  406  397  390  380  370
  363  355  354  352  355  358  355  358  369                                   
    42.5-180.0 180.0   5.0 450.0                            LAT/LON1/LON2/DLON/H
  369  365  362  361  358  348  328  303  267  229  196  173  159  149  143  138
  140  140  148  152  160  164  169  170  171  167  165  160  154  146  142  139
  145  156  177  195  215  226  246  259  282  306  340  370  399  420  435  449
  457  467  468  474  471  467  458  450  435  426  415  410  402  397  389  384
  375  369  363  361  359  364  359  367  369                                   
    40.0-180.0 180.0   5.0 450.0                            LAT/LON1/LON2/DLON/H
  374  358  354  353  352  341  325  303  273  238  207  182  168  157  150  146
  147  149  156  163  171  177  183  186  188  185  180  173  165  157  147  146
  145  158  170  190  206  220  241  253  280  303  344  372  408  425  445  457
  473  480  485  490  488  485  474  464  449  438  427  422  415  412  404  400
  394  385  379  370  368  367  362  368  374                                   
    37.5-180.0 180.0   5.0 450.0                            LAT/LON1/LON2/DLON/H
  372  354  340  336  331  322  309  296  271  246  218  198  183  174  165  161
  161  163  170  177  185  193  198  202  204  200  194  183  178  165  160  151
  151  156  169  186  206  222  242  259  283  311  342  379  410  437  454  474
  484  496  498  506  506  504  494  487  473  464  453  450  445  441  437  433
  427  416  406  396  389  382  369  370  372                                   
    35.0-180.0 180.0   5.0 450.0                            LAT/LON1/LON2/DLON/H
  385  345  325  309  299  285  271  260  243  228  211  198  188  179  172  169
  170  171  178  185  194  203  209  215  217  214  207  195  185  177  165  161
  154  160  168  186  205  229  249  270  289  313  348  378  416  439  466  483
  502  509  521  527  534  533  533  526  521  511  509  500  500  492  493  486
  482  468  455  441  430  415  401  389  385                                   
    32.5-180.0 180.0   5.0 450.0                            LAT/LON1/LON2/DLON/H
  410  364  325  291  269  250  234  223  212  204  196  193  188  187  180  179
  176  180  185  195  202  215  222  229  231  229  223  212  202  190  177  167
  161  161  169  187  210  236  261  285  302  327  347  381  407  440  460  488
  504  520  534  554  570  581  592  597  602  602  602  596  591  582  575  567
  556  535  516  498  486  466  448  432  410                                   
    30.0-180.0 180.0   5.0 450.0                            LAT/LON1/LON2/DLON/H
  463  409  357  302  269  239  216  203  190  185  181  183  184  187  183  183
  184  185  192  201  212  224  235  244  248  246  239  231  218  206  186  177
  164  168  170  192  214  247  268  300  315  339  355  377  399  423  449  475
  501  522  544  577  605  623  646  661  681  687  696  691  686  672  665  651
  643  621  601  576  561  536  521  503  463                                   
    27.5-180.0 180.0   5.0 450.0                            LAT/LON1/LON2/DLON/H
  539  485  426  360  300  258  229  204  191  180  174  177  182  190  190  193
  191  196  200  212  220  236  248  261  267  267  260  254  244  231  216  198
  173  164  172  191  226  253  279  304  322  342  358  378  390  411  431  460
  488  519  552  594  631  660  694  723  753  772  787  792  787  775  763  746
  730  704  680  660  653  635  620  587  539                                   
    25.0-180.0 180.0   5.0 450.0                            LAT/LON1/LON2/DLON/H
  625  578  512  441  382  321  274  244  220  203  191  188  191  196  200  203
  205  208  215  224  237  253  268  280  289  287  280  270  260  260  226  190
  153  151  156  184  215  258  281  308  316  342  350  374  388  408  428  450
  487  526  572  621  662  696  729  771  805  837  858  878  877  872  856  841
  822  795  772  745  734  714  705  700  625                                   
    22.5-180.0 180.0   5.0 450.0                            LAT/LON1/LON2/DLON/H
  709  679  617  534  468  408  356  315  285  255  232  220  216  218  218  223
  222  227  230  243  251  270  285  301  311  313  300  292  287  260  205  170
  142  140  143  171  207  247  281  301  321  337  352  373  387  406  430  455
  494  538  600  654  697  731  763  800  840  877  906  934  939  935  922  910
  891  874  849  831  817  801  787  792  709                                   
    20.0-180.0 180.0   5.0 450.0                            LAT/LON1/LON2/DLON/H
  770  754  708  625  555  487  433  394  362  324  294  275  263  255  255  251
  254  251  255  261  270  283  300  316  325  324  306  302  264  231  188  164
  144  135  144  159  201  237  265  289  307  329  345  371  392  411  446  468
  513  562  622  668  704  740  768  811  848  892  922  949  955  959  947  940
  928  917  903  885  873  860  852  845  770                                   
    17.5-180.0 180.0   5.0 450.0                            LAT/LON1/LON2/DLON/H
  806  801  760  698  643  569  510  465  429  387  358  332  317  303  292  286
  282  281  277  280  284  296  313  330  330  333  317  290  239  207  168  154
  132  129  134  158  197  231  258  278  303  324  346  374  400  427  459  488
  534  583  637  678  709  739  765  797  825  862  885  909  918  920  914  916
  907  912  904  907  897  892  882  871  806                                   
    15.0-180.0 180.0   5.0 450.0                            LAT/LON1/LON2/DLON/H
  810  811  781  728  688  632  588  546  509  464  428  400  377  354  340  325
  313  303  300  293  297  304  318  332  327  335  300  260  215  187  162  140
  127  109  120  132  176  199  227  259  284  312  339  372  408  436  470  501
  546  592  639  675  701  727  739  764  772  805  811  839  840  854  849  857
  859  870  878  887  889  886  878  868  810                                   
    12.5-180.0 180.0   5.0 450.0                            LAT/LON1/LON2/DLON/H
  778  789  766  719  690  647  625  595  569  526  491  459  436  408  384  362
  343  324  311  306  304  309  316  331  330  325  278  237  197  165  148  128
  122  109  113  132  160  187  218  251  279  311  341  377  412  444  475  510
  554  598  642  677  694  713  714  723  723  738  745  761  768  782  787  801
  812  831  842  858  864  860  851  844  778                                   
    10.0-180.0 180.0   5.0 450.0                            LAT/LON1/LON2/DLON/H
  740  734  711  660  631  596  588  587  582  558  531  507  487  460  432  401
  373  350  328  321  311  317  315  330  316  289  242  197  165  135  120  105
   99   77   93  101  135  161  197  233  268  304  341  377  418  444  482  518
  559  597  642  672  688  699  693  697  689  699  697  719  716  741  738  768
  775  805  815  835  839  822  813  798  740                                   
     7.5-180.0 180.0   5.0 450.0                            LAT/LON1/LON2/DLON/H
  695  664  629  575  532  508  506  526  543  546  538  525  514  487  459  427
  396  365  342  328  317  322  321  323  296  265  216  176  148  127  120  105
