data/unet/pred1480.15i
     1.0            IONOSPHERE MAPS     GNSS                IONEX VERSION / TYPE
pyspatialgeodesy        IME             05-JAN-18 20:20     PGM / RUN BY / DATE 
Map Name                                                    COMMENT             
Predicted global ionosphere maps (GIM).                     DESCRIPTION         
  2015     5    28     0     0     0                        EPOCH OF FIRST MAP  
  2015     5    29     0     0     0                        EPOCH OF LAST MAP   
  7200                                                      INTERVAL            
    13                                                      # OF MAPS IN FILE   
  NONE                                                      MAPPING FUNCTION    
10.0                                                        ELEVATION CUTOFF    
One-way carrier phase leveled to code                       OBSERVABLES USED    
  6371.0                                                    BASE RADIUS         
 2                                                          MAP DIMENSION       
   450.0 450.0   0.0                                        HGT1 / HGT2 / DHGT  
    87.5 -87.5  -2.5                                        LAT1 / LAT2 / DLAT  
  -180.0 180.0   5.0                                        LON1 / LON2 / DLON  
    -1                                                      EXPONENT            
                                                            END OF HEADER       
[from data line 5148]
    13                                                      START OF TEC MAP    
  2015     5    29     0     0     0                        EPOCH OF CURRENT MAP
    87.5-180.0 180.0   5.0 450.0                            LAT/LON1/LON2/DLON/H
  190  162  160  158  157  154  156  156  158  157  159  157  159  158  159  157
  159  157  158  155  156  154  154  150  151  148  148  145  146  143  144  141
  143  140  141  139  141  139  141  139  142  141  143  142  144  144  145  144
  146  145  145  144  146  144  144  143  144  143  143  142  144  143  144  143
  145  146  149  150  155  153  150  174  190                                   
    85.0-180.0 180.0   5.0 450.0                            LAT/LON1/LON2/DLON/H
  167  171  172  171  170  167  170  169  172  171  172  171  173  171  173  170
  172  170  171  168  168  165  164  160  160  156  155  151  151  146  147  142
  144  140  141  138  141  138  141  139  142  142  145  144  147  147  149  148
  151  150  151  150  152  150  152  149  152  150  152  149  153  151  153  152
  155  155  160  160  165  161  156  150  167                                   
    82.5-180.0 180.0   5.0 450.0                            LAT/LON1/LON2/DLON/H
  169  176  176  178  176  174  177  177  180  179  181  180  182  180  181  179
  180  178  178  174  173  170  167  163  160  156  153  149  146  142  140  136
  136  133  133  131  133  132  134  133  137  137  141  141  145  145  148  148
  151  150  152  151  154  152  154  152  155  153  155  153  157  155  158  156
  160  159  165  165  169  165  159  152  169                                   
    80.0-180.0 180.0   5.0 450.0                            LAT/LON1/LON2/DLON/H
  170  176  179  181  180  181  183  185  186  187  187  189  189  190  189  190
  189  189  185  185  181  179  173  170  164  160  154  151  145  142  138  135
  133  131  131  130  131  131  133  133  136  138  142  143  147  148  151  152
  155  155  156  156  158  158  158  158  159  159  159  159  160  160  161  161
  162  163  167  168  170  169  162  156  170                                   
    77.5-180.0 180.0   5.0 450.0                            LAT/LON1/LON2/DLON/H
  171  175  178  181  180  181  183  185  187  187  189  189  192  191  193  192
  192  190  189  187  184  180  175  170  165  159  153  148  143  139  135  132
  131  129  129  128  130  130  132  133  136  138  142  145  148  151  153  156
  157  159  160  162  162  163  162  163  162  161  161  161  160  160  160  160
  161  161  164  164  167  166  162  155  171                                   
    75.0-180.0 180.0   5.0 450.0                            LAT/LON1/LON2/DLON/H
  170  173  176  177  178  177  180  181  184  184  187  187  190  189  191  190
  191  189  188  185  183  179  174  168  163  157  151  146  141  137  134  131
  130  128  129  129  131  131  134  134  138  139  143  145  149  151  155  156
  160  161  163  163  164  163  163  161  161  158  158  156  156  154  155  154
  154  154  158  159  162  162  159  152  170                                   
    72.5-180.0 180.0   5.0 450.0                            LAT/LON1/LON2/DLON/H
  169  171  172  174  173  172  174  176  179  180  183  184  186  185  187  185
  185  182  181  178  176  171  167  161  156  150  145  140  136  133  131  129
  128  128  128  129  130  130  133  133  136  137  140  142  146  148  152  154
  158  159  161  162  163  162  162  160  158  157  155  153  151  150  149  149
  148  149  152  153  157  159  156  150  169                                   
    70.0-180.0 180.0   5.0 450.0                            LAT/LON1/LON2/DLON/H
  164  167  170  169  168  167  169  171  175  178  181  183  184  184  183  182
  179  176  174  172  168  165  161  156  150  145  140  135  132  130  129  128
  128  127  129  129  130  129  131  130  132  131  134  135  139  140  146  147
  152  152  156  156  158  157  159  157  156  153  153  150  149  146  146  144
  144  143  147  148  153  155  152  148  164                                   
    67.5-180.0 180.0   5.0 450.0                            LAT/LON1/LON2/DLON/H
  165  167  168  168  164  163  165  168  172  176  180  183  184  184  183  180
  176  172  170  167  164  160  157  152  147  141  136  133  130  129  129  128
  128  128  128  127  126  124  125  123  123  122  125  126  130  132  137  139
  144  145  149  150  153  154  155  155  155  154  153  152  150  148  147  145
  144  144  146  148  153  155  152  147  165                                   
    65.0-180.0 180.0   5.0 450.0                            LAT/LON1/LON2/DLON/H
  165  169  169  167  162  160  162  165  170  175  180  184  186  186  184  180
  176  172  168  166  162  159  155  151  145  140  136  132  131  130  131  131
  131  129  128  125  123  119  118  115  115  113  116  116  121  123  128  130
  136  137  142  144  149  150  154  154  156  156  158  156  156  152  152  148
  148  145  148  149  155  157  155  149  165                                   
    62.5-180.0 180.0   5.0 450.0                            LAT/LON1/LON2/DLON/H
  172  175  173  170  163  160  160  163  168  173  179  184  187  187  186  183
  179  175  171  169  166  162  158  154  148  143  138  136  135  135  136  136
  134  130  126  121  117  112  110  107  107  105  108  109  114  116  122  125
  131  134  139  141  146  149  153  156  159  161  163  163  163  161  159  156
  154  152  153  154  160  163  161  154  172                                   
    60.0-180.0 180.0   5.0 450.0                            LAT/LON1/LON2/DLON/H
  178  182  180  175  167  162  161  162  166  171  177  183  186  188  188  186
  183  179  177  175  172  169  164  159  153  148  144  142  142  142  143  142
  138  132  126  118  113  107  104  102  101   99  101  103  108  111  117  121
  128  131  137  140  147  151  157  160  165  167  172  172  173  170  170  164
  163  159  162  161  167  168  168  159  178                                   
    57.5-180.0 180.0   5.0 450.0                            LAT/LON1/LON2/DLON/H
  191  194  190  185  175  169  165  164  166  169  174  179  184  187  188  188
  186  186  184  184  182  179  174  168  161  156  152  151  151  151  150  147
  142  133  124  115  108  103  100   98   98   98   99  101  107  112  118  123
  130  134  139  144  151  157  164  168  173  176  180  181  182  181  179  176
  173  170  171  171  175  178  175  166  191                                   
    55.0-180.0 180.0   5.0 450.0                            LAT/LON1/LON2/DLON/H
  200  205  203  196  187  180  175  171  170  170  172  175  180  184  187  189
  190  190  191  191  191  189  185  179  172  166  162  160  160  160  158  153
  146  135  125  114  107  103  101  100  100  100  101  104  109  114  120  125
  133  136  143  148  158  164  174  178  184  187  191  191  192  190  190  185
  184  180  181  179  183  184  183  174  200                                   
    52.5-180.0 180.0   5.0 450.0                            LAT/LON1/LON2/DLON/H
  217  217  216  211  203  196  189  184  179  175  172  172  175  180  184  189
  191  195  196  199  199  199  196  191  183  178  173  172  170  169  164  158
  147  137  125  116  109  106  104  105  105  106  108  111  116  120  126  131
  137  142  148  155  165  174  183  189  195  196  199  197  197  194  194  192
  190  188  188  187  190  191  191  182  217                                   
    50.0-180.0 180.0   5.0 450.0                            LAT/LON1/LON2/DLON/H
  228  230  231  229  224  216  210  202  195  186  179  174  175  178  183  188
  193  198  201  204  207  207  205  200  194  189  184  181  178  174  167  159
  149  138  128  119  115  112  112  113  114  115  116  118  122  126  131  134
  141  144  152  159  172  181  192  199  205  206  206  202  201  198  199  197
  198  195  197  194  197  197  196  189  228                                   
    47.5-180.0 180.0   5.0 450.0                            LAT/LON1/LON2/DLON/H
  245  242  248  249  247  242  235  226  215  203  190  182  178  180  182  189
  194  200  204  210  213  214  212  208  202  196  190  186  181  176  167  159
  149  141  132  127  123  123  123  124  125  125  126  127  130  132  136  139
  144  147  155  163  177  188  200  207  213  212  211  205  203  200  200  200
  202  202  202  200  202  203  203  195  245                                   
    45.0-180.0 180.0   5.0 450.0                            LAT/LON1/LON2/DLON/H
  256  256  265  270  270  268  264  256  245  228  212  197  190  186  189  191
  198  202  208  213  219  220  219  213  207  200  194  188  182  174  165  158
  151  145  140  137  136  136  137  137  137  136  135  135  136  137  139  140
  143  145  154  162  178  189  203  209  216  214  214  207  205  202  204  204
  209  208  211  209  211  211  212  207  256                                   
    42.5-180.0 180.0   5.0 450.0                            LAT/LON1/LON2/DLON/H
  271  270  280  287  290  292  290  285  274  258  238  220  207  201  197  200
  202  208  212  220  224  226  223  216  208  200  193  186  179  172  162  158
  153  152  150  150  150  150  150  149  148  146  144  143  143  142  143  141
  144  146  155  164  180  191  204  211  219  216  217  210  209  205  208  210
  215  216  219  217  221  221  223  222  271                                   
    40.0-180.0 180.0   5.0 450.0                            LAT/LON1/LON2/DLON/H
  285  286  295  303  308  312  313  311  305  291  272  251  235  223  215  212
  215  217  222  228  234  234  230  220  211  201  193  185  178  169  161  157
  157  158  159  161  162  161  161  158  157  155  153  151  149  147  146  143
  145  145  154  163  181  192  207  213  222  220  222  216  216  213  218  219
  227  227  232  231  236  238  241  243  285                                   
    37.5-180.0 180.0   5.0 450.0                            LAT/LON1/LON2/DLON/H
  298  299  307  315  321  327  330  332  328  319  302  284  265  251  238  231
  229  231  235  241  246  245  238  226  214  204  195  189  179  172  163  161
  161  165  168  171  170  170  167  166  165  164  163  161  159  155  153  150
  151  151  157  166  182  196  209  217  226  225  229  226  227  226  230  233
  241  243  248  248  254  258  261  267  298                                   
    35.0-180.0 180.0   5.0 450.0                            LAT/LON1/LON2/DLON/H
  311  313  322  328  336  341  347  352  352  347  334  317  299  281  267  255
  250  249  253  258  261  258  249  234  222  210  203  194  186  176  169  166
  169  172  176  177  177  174  171  170  170  171  171  170  168  164  160  155
  155  152  158  165  181  193  209  216  228  229  235  233  238  236  243  246
  256  257  263  264  273  279  289  297  311                                   
    32.5-180.0 180.0   5.0 450.0                            LAT/LON1/LON2/DLON/H
  325  328  340  345  352  358  364  370  372  371  360  346  327  310  292  280
  272  271  272  277  278  273  261  246  231  221  212  206  196  187  177  174
  174  177  179  179  177  173  171  172  174  177  179  178  176  171  167  160
  157  154  158  165  178  193  207  219  230  234  241  242  248  250  257  262
  270  273  279  282  293  302  312  326  325                                   
    30.0-180.0 180.0   5.0 450.0                            LAT/LON1/LON2/DLON/H
  338  345  358  365  374  379  387  392  398  398  392  379  361  342  321  306
  297  294  295  297  296  290  277  260  247  236  228  219  209  196  185  178
  177  176  177  175  172  168  168  170  175  179  182  181  179  172  167  158
  155  150  152  157  169  181  197  210  225  231  242  245  255  258  267  271
  282  284  293  297  313  322  340  354  338                                   
    27.5-180.0 180.0   5.0 450.0                            LAT/LON1/LON2/DLON/H
  352  360  380  389  400  407  415  420  425  428  423  412  393  373  351  335
  323  319  319  320  317  309  293  278  264  254  245  234  220  206  190  180
  173  171  168  164  161  160  162  166  173  178  181  180  177  169  162  153
  148  142  143  146  156  168  183  198  215  228  240  248  260  268  277  286
  295  302  309  317  331  343  355  377  352                                   
    25.0-180.0 180.0   5.0 450.0                            LAT/LON1/LON2/DLON/H
  368  374  397  412  428  436  447  453  460  461  458  447  430  407  383  366
  351  346  343  343  338  330  313  297  283  272  260  246  228  209  191  175
  166  159  155  150  149  148  152  158  165  170  173  171  168  158  151  141
  136  130  129  131  141  153  170  186  206  222  237  248  263  272  285  293
  305  313  323  332  346  358  375  390  368                                   
    22.5-180.0 180.0   5.0 450.0                            LAT/LON1/LON2/DLON/H
  384  392  419  435  453  463  475  482  489  490  486  477  462  442  418  398
  380  373  367  366  361  351  333  316  299  285  269  251  229  209  186  168
  154  144  139  135  134  137  142  148  155  159  161  159  154  145  138  129
  125  119  119  120  128  141  159  177  198  215  233  247  262  275  289  302
  316  326  335  347  359  370  379  400  384                                   
    20.0-180.0 180.0   5.0 450.0                            LAT/LON1/LON2/DLON/H
  404  411  434  452  474  486  500  508  516  517  515  505  494  476  455  434
  415  403  394  392  384  372  354  335  314  296  275  253  227  204  179  158
  142  130  125  121  124  127  134  139  145  145  146  141  138  128  123  114
  111  107  107  108  119  133  153  173  194  214  233  249  265  280  297  313
  328  339  349  361  372  378  388  403  404                                   
    17.5-180.0 180.0   5.0 450.0                            LAT/LON1/LON2/DLON/H
  420  424  447  465  485  498  513  521  529  531  533  528  519  503  485  467
  448  434  422  416  406  393  370  349  323  300  273  247  221  197  170  150
  132  120  115  115  119  125  132  136  137  134  132  128  124  115  110  102
   99   93   94   96  109  126  149  171  193  213  233  250  269  286  305  326
  343  356  365  376  382  386  389  408  420                                   
    15.0-180.0 180.0   5.0 450.0                            LAT/LON1/LON2/DLON/H
  433  437  453  466  487  500  516  525  535  536  543  540  537  524  510  492
  475  461  444  436  422  406  381  357  325  296  264  236  210  187  163  142
  127  115  114  114  123  129  136  135  134  126  124  118  116  107  101   92
   90   83   84   87  103  121  147  169  192  211  232  251  272  293  317  340
  357  373  382  390  396  397  403  414  433                                   
    12.5-180.0 180.0   5.0 450.0                            LAT/LON1/LON2/DLON/H
  441  441  454  464  478  490  505  516  526  532  538  542  542  535  523  508
  493  478  461  449  432  413  383  356  318  282  247  219  195  175  156  141
  126  119  119  125  133  140  145  141  134  125  120  115  112  105   97   88
   82   75   75   78   96  115  144  166  191  210  231  252  277  302  329  353
  373  389  396  405  408  411  411  425  441                                   
    10.0-180.0 180.0   5.0 450.0                            LAT/LON1/LON2/DLON/H
  446  449  456  459  469  477  491  499  511  516  527  531  539  533  527  513
  499  487  469  456  434  413  379  348  302  266  229  204  183  169  156  145
  135  131  134  140  149  154  156  147  139  126  121  115  113  104   96   85
   78   70   69   73   91  109  139  160  186  206  230  255  284  314  339  364
  384  399  408  415  423  424  432  437  446                                   
     7.5-180.0 180.0   5.0 450.0                            LAT/LON1/LON2/DLON/H
  450  453  458  459  459  464  470  479  486  496  507  519  525  525  520  511
  499  488  472  455  430  403  367  328  281  242  210  189  175  168  160  154
