data/unet/pred3030.15i
     1.0            IONOSPHERE MAPS     GNSS                IONEX VERSION / TYPE
pyspatialgeodesy        IME             05-JAN-18 20:20     PGM / RUN BY / DATE 
Map Name                                                    COMMENT             
Predicted global ionosphere maps (GIM).                     DESCRIPTION         
  2015    10    30     0     0     0                        EPOCH OF FIRST MAP  
  2015    10    31     0     0     0                        EPOCH OF LAST MAP   
  7200                                                      INTERVAL            
    13                                                      # OF MAPS IN FILE   
  NONE                                                      MAPPING FUNCTION    
10.0                                                        ELEVATION CUTOFF    
One-way carrier phase leveled to code                       OBSERVABLES USED    
  6371.0                                                    BASE RADIUS         
 2                                                          MAP DIMENSION       
   450.0 450.0   0.0                                        HGT1 / HGT2 / DHGT  
    87.5 -87.5  -2.5                                        LAT1 / LAT2 / DLAT  
  -180.0 180.0   5.0                                        LON1 / LON2 / DLON  
    -1                                                      EXPONENT            
                                                            END OF HEADER       
[from data line 429]
     2                                                      START OF TEC MAP    
  2015    10    30     2     0     0                        EPOCH OF CURRENT MAP
    87.5-180.0 180.0   5.0 450.0                            LAT/LON1/LON2/DLON/H
  118  110  107   99  101   94   97   92   95   91   94   89   92   88   91   87
   90   86   90   85   89   85   89   84   89   85   89   84   90   85   91   86
   92   88   93   89   95   90   96   91   97   93   99   94  100   97  102   99
  105  102  107  104  110  107  112  109  115  111  116  112  117  113  117  112
  116  112  115  112  118  112  116  128  118                                   
    85.0-180.0 180.0   5.0 450.0                            LAT/LON1/LON2/DLON/H
  118  125  103  107  101   96   92   91   89   88   86   86   84   84   84   84
   83   84   83   84   83   83   82   83   82   83   82   84   83   85   85   87
   87   89   89   91   90   92   92   93   93   95   95   97   97   99  100  101
  103  104  107  108  110  112  114  116  117  119  120  121  122  122  122  122
  122  121  122  121  122  114  123  126  118                                   
    82.5-180.0 180.0   5.0 450.0                            LAT/LON1/LON2/DLON/H
  124  117  113  104  102   89   92   82   87   78   83   75   81   74   80   74
   80   74   80   74   79   73   78   72   77   71   77   72   78   74   80   77
   83   79   86   83   88   85   90   88   92   90   95   93   97   94   99   97
  102  100  107  104  112  108  117  114  123  119  128  124  132  126  133  127
  134  127  135  128  134  123  131  122  124                                   
    80.0-180.0 180.0   5.0 450.0                            LAT/LON1/LON2/DLON/H
  140  130  115  111  102   93   87   83   79   77   75   75   74   74   75   75
   75   74   75   73   73   70   70   67   68   64   67   65   68   66   71   70
   74   74   78   77   81   80   83   82   85   83   86   85   87   86   88   88
   92   92   96   98  103  106  112  116  122  126  131  134  139  140  144  144
  147  145  148  146  145  139  136  133  140                                   
    77.5-180.0 180.0   5.0 450.0                            LAT/LON1/LON2/DLON/H
  147  141  129  124  111  106   95   93   85   85   81   83   80   83   81   83
   80   82   78   78   73   73   68   68   63   64   62   65   63   68   67   72
   71   76   75   78   75   79   76   79   75   77   74   75   72   73   73   74
   75   78   81   86   91   96  104  111  118  125  132  138  143  148  152  156
  159  161  164  165  162  158  152  148  147                                   
    75.0-180.0 180.0   5.0 450.0                            LAT/LON1/LON2/DLON/H
  161  151  140  136  123  113  103   98   91   88   86   85   84   84   84   84
   82   81   80   77   74   70   67   63   61   59   60   60   63   64   68   69
   72   72   75   74   73   72   71   69   67   65   64   62   61   60   60   61
   63   65   70   75   80   89   98  109  118  128  134  143  147  154  158  165
  168  173  175  177  175  174  169  162  161                                   
    72.5-180.0 180.0   5.0 450.0                            LAT/LON1/LON2/DLON/H
  172  166  159  149  134  124  111  106   98   96   91   92   88   90   87   88
   83   82   79   77   72   69   64   62   58   59   59   62   63   67   69   73
   72   74   73   72   69   68   64   62   58   55   52   50   48   48   47   49
   50   54   58   64   72   83   94  106  118  127  136  142  150  155  162  166
  174  176  185  184  187  186  183  177  172                                   
    70.0-180.0 180.0   5.0 450.0                            LAT/LON1/LON2/DLON/H
  186  176  167  164  148  136  123  116  108  104  100   97   94   92   90   87
   84   80   78   74   71   66   63   59   58   57   59   61   64   68   71   72
   73   72   71   68   64   61   57   55   51   48   46   45   43   42   42   43
   44   49   54   63   71   85   98  113  123  135  142  150  155  161  165  171
  177  181  187  190  193  194  196  188  186                                   
    67.5-180.0 180.0   5.0 450.0                            LAT/LON1/LON2/DLON/H
  198  190  184  173  157  147  134  128  119  116  109  107  100   98   91   89
   81   78   73   70   65   62   58   57   54   56   57   61   62   67   68   70
   68   68   63   61   55   53   48   46   42   41   39   39   37   38   37   39
   40   45   51   62   72   88  102  117  128  140  147  155  162  165  170  172
  179  181  191  191  200  201  205  197  198                                   
    65.0-180.0 180.0   5.0 450.0                            LAT/LON1/LON2/DLON/H
  209  199  191  184  170  158  147  140  132  126  120  112  106   97   92   84
   80   74   72   67   65   62   60   57   57   57   60   61   64   65   67   65
   64   60   57   52   48   45   42   41   40   41   41   42   43   44   43   45
   45   50   56   67   78   96  111  126  139  150  158  166  172  175  177  178
  182  184  191  194  201  205  209  201  209                                   
    62.5-180.0 180.0   5.0 450.0                            LAT/LON1/LON2/DLON/H
  218  209  200  187  173  163  153  147  139  135  126  121  109  103   91   87
   78   76   71   68   64   61   58   56   56   57   58   60   61   61   59   58
   53   50   46   43   38   38   35   37   37   40   41   45   45   47   46   47
   48   53   60   71   83   99  114  130  143  156  164  173  180  182  185  184
  188  187  195  195  207  209  214  204  218                                   
    60.0-180.0 180.0   5.0 450.0                            LAT/LON1/LON2/DLON/H
  224  213  202  191  180  167  160  151  147  139  134  122  114   99   94   82
   81   72   72   67   66   62   60   57   58   57   59   59   61   57   56   49
   49   42   42   38   38   37   37   39   42   46   50   53   56   57   56   56
   57   60   66   77   90  106  122  137  152  163  174  183  193  196  198  198
  199  199  201  203  208  210  212  203  224                                   
    57.5-180.0 180.0   5.0 450.0                            LAT/LON1/LON2/DLON/H
  233  223  209  195  183  170  162  156  149  144  135  128  114  105   93   88
   81   80   76   74   71   67   63   61   61   60   60   60   58   55   49   45
   40   39   37   39   38   41   41   45   47   52   55   60   61   63   61   61
   61   66   72   82   94  111  124  141  153  169  178  191  202  208  213  212
  214  212  213  213  220  218  219  207  233                                   
    55.0-180.0 180.0   5.0 450.0                            LAT/LON1/LON2/DLON/H
  245  232  220  204  195  178  171  159  154  144  138  125  118  104   98   88
   88   81   82   75   74   67   65   62   64   62   64   61   61   54   51   43
   42   39   43   44   51   51   55   55   60   61   67   69   73   72   71   69
   68   72   79   90  104  119  135  148  162  175  188  200  214  223  230  232
  233  231  233  231  233  229  227  216  245                                   
    52.5-180.0 180.0   5.0 450.0                            LAT/LON1/LON2/DLON/H
  260  250  235  219  207  190  179  167  157  148  138  128  118  109  100   96
   92   89   85   82   78   73   70   69   68   69   69   68   64   58   50   46
   43   46   49   57   62   68   68   70   69   72   74   77   77   78   75   74
   74   79   87  100  113  131  142  157  169  185  193  208  222  233  242  248
  251  253  253  252  255  248  243  231  260                                   
    50.0-180.0 180.0   5.0 450.0                            LAT/LON1/LON2/DLON/H
  276  268  259  246  233  210  198  179  168  152  141  128  120  110  105   98
   96   89   88   81   80   72   73   71   75   74   77   73   72   62   58   50
   52   53   62   69   80   83   86   83   83   80   83   83   86   84   83   81
   81   89  100  117  133  149  161  174  185  195  204  216  231  243  254  261
  268  271  272  270  270  264  257  246  276                                   
    47.5-180.0 180.0   5.0 450.0                            LAT/LON1/LON2/DLON/H
  287  286  279  269  257  232  216  195  178  160  145  132  123  116  109  104
   98   94   87   84   80   79   78   81   82   85   84   83   78   72   64   60
   59   64   72   85   94  101  100   97   92   90   89   90   89   90   87   87
   90  100  114  134  149  166  177  190  197  207  212  224  237  248  259  269
  275  281  283  283  285  278  269  258  287                                   
    45.0-180.0 180.0   5.0 450.0                            LAT/LON1/LON2/DLON/H
  295  297  296  293  281  260  241  216  194  172  155  139  130  120  113  105
   99   90   87   81   83   81   86   86   91   90   91   87   84   76   71   65
   67   70   82   93  106  110  112  105  102   96   96   96   97   97   94   96
  100  115  134  154  171  188  200  211  216  220  223  229  241  251  262  270
  277  282  285  286  288  283  275  265  295                                   
    42.5-180.0 180.0   5.0 450.0                            LAT/LON1/LON2/DLON/H
  291  298  296  299  292  277  258  233  208  184  165  149  138  128  119  110
  101   95   89   90   90   94   96  100   99   99   94   91   86   81   75   72
   71   78   86  100  111  117  116  112  106  103  101  102  102  103  101  104
  111  130  149  171  188  207  217  227  231  232  231  235  244  251  261  266
  272  276  282  284  288  282  276  267  291                                   
    40.0-180.0 180.0   5.0 450.0                            LAT/LON1/LON2/DLON/H
  286  292  293  297  292  282  267  245  221  197  176  159  147  135  126  113
  105   96   97   95  102  104  109  108  106  100   95   89   86   80   78   73
   76   79   90  100  112  117  120  115  112  108  109  109  111  111  109  113
  123  143  164  185  205  221  233  241  246  243  241  243  250  256  263  267
  271  273  276  279  282  278  274  263  286                                   
    37.5-180.0 180.0   5.0 450.0                            LAT/LON1/LON2/DLON/H
  282  285  282  285  282  277  265  249  228  207  186  170  157  146  133  122
  113  109  108  113  117  122  123  121  112  104   94   88   84   82   79   80
   79   85   91  102  111  116  118  116  113  112  112  114  114  116  114  121
  131  151  170  194  213  231  243  252  257  255  256  257  266  269  276  275
  276  276  279  278  282  276  273  263  282                                   
    35.0-180.0 180.0   5.0 450.0                            LAT/LON1/LON2/DLON/H
  286  287  281  279  273  267  257  244  228  212  193  178  164  151  140  126
  122  117  123  125  134  134  136  126  116  102   92   84   83   83   85   84
   86   88   95  101  111  115  120  118  118  116  120  119  120  119  118  123
  135  153  172  195  215  234  248  260  266  267  268  274  282  292  298  297
  297  293  294  291  293  288  283  272  286                                   
    32.5-180.0 180.0   5.0 450.0                            LAT/LON1/LON2/DLON/H
  306  306  290  281  271  261  250  241  226  212  197  183  170  158  146  137
  131  132  136  141  145  147  140  131  115  104   92   88   87   92   95   99
   98  101  103  107  112  116  118  118  116  116  117  118  116  116  115  120
  129  146  164  186  207  229  245  259  269  274  280  289  305  317  330  331
  332  329  326  323  323  315  312  298  306                                   
    30.0-180.0 180.0   5.0 450.0                            LAT/LON1/LON2/DLON/H
  350  343  326  302  281  266  248  237  222  211  197  184  171  157  148  138
  138  136  145  144  151  144  141  127  117  106  101   99  103  108  114  118
  119  119  119  118  120  120  122  118  118  115  118  116  114  111  108  112
  119  135  152  174  195  218  238  254  265  275  286  304  324  345  356  363
  366  367  371  369  373  371  364  341  350                                   
    27.5-180.0 180.0   5.0 450.0                            LAT/LON1/LON2/DLON/H
  420  420  392  357  321  291  266  246  229  214  202  186  173  160  149  143
  141  142  144  144  141  136  128  124  117  117  116  122  126  134  139  145
  144  143  138  132  126  122  118  114  110  107  107  106  104  102  100  102
  109  122  140  162  185  208  227  243  261  275  294  321  351  372  390  398
  403  408  417  421  433  436  435  403  420                                   
    25.0-180.0 180.0   5.0 450.0                            LAT/LON1/LON2/DLON/H
  511  518  487  445  395  347  298  270  241  222  206  189  173  157  146  137
  137  133  134  126  124  117  118  120  127  134  140  148  155  160  167  169
  168  165  158  148  138  128  120  111  106  101  102  100   98   95   93   96
  103  117  135  159  181  206  227  246  265  281  306  338  376  403  422  434
  441  448  462  473  492  510  514  487  511                                   
    22.5-180.0 180.0   5.0 450.0                            LAT/LON1/LON2/DLON/H
  605  618  592  548  494  428  370  315  280  249  229  204  188  169  153  143
  136  129  121  112  102  102  107  123  139  157  169  178  184  187  191  191
  187  182  173  159  146  129  116  105   98   92   93   93   92   90   89   92
  100  116  134  160  182  209  231  256  281  302  327  361  401  428  450  463
  474  484  503  518  546  566  585  570  605                                   
    20.0-180.0 180.0   5.0 450.0                            LAT/LON1/LON2/DLON/H
  684  712  697  658  602  527  454  392  337  296  260  229  203  177  159  143
  132  120  107   94   90   94  111  132  158  177  194  204  209  207  208  203
  196  189  179  164  146  126  111  101   93   89   88   90   88   85   84   89
  100  119  140  169  194  225  251  281  306  328  355  385  424  453  472  487
  501  513  537  559  595  627  643  643  684                                   
    17.5-180.0 180.0   5.0 450.0                            LAT/LON1/LON2/DLON/H
  726  766  758  735  688  620  540  467  410  358  316  273  241  209  188  166
  149  131  111  100   95  107  127  155  181  207  224  229  230  222  218  208
  199  190  180  162  143  121  108   97   88   81   81   82   81   78   78   87
  101  122  145  179  207  241  275  308  337  362  383  411  444  467  485  498
  514  529  556  582  618  652  675  679  726                                   
    15.0-180.0 180.0   5.0 450.0                            LAT/LON1/LON2/DLON/H
  736  772  775  763  734  680  618  547  489  435  387  340  296  253  221  191
  170  147  130  121  124  136  159  180  209  228  242  241  236  225  217  204
  192  184  170  156  132  118  106   98   88   84   80   80   79   73   77   86
  103  125  154  190  223  262  297  332  362  387  404  430  457  478  494  506
  518  533  557  583  616  648  671  683  736                                   
    12.5-180.0 180.0   5.0 450.0                            LAT/LON1/LON2/DLON/H
  702  743  755  750  743  708  661  606  551  499  450  401  362  318  280  243
  217  193  180  174  180  191  208  223  244  253  256  247  238  224  214  199
  188  176  164  146  128  116  108   98   89   81   78   75   74   69   74   86
  106  133  162  200  238  277  314  350  383  401  421  441  466  478  491  497
  509  518  537  560  589  612  637  656  702                                   
    10.0-180.0 180.0   5.0 450.0                            LAT/LON1/LON2/DLON/H
  647  685  704  723  723  711  680  639  598  550  510  463  426  386  350  309
  277  246  232  233  243  254  266  270  275  266  259  243  235  219  210  192
  178  164  150  135  122  116  111  104   93   86   81   77   75   68   74   82
  107  135  170  208  248  286  326  363  390  413  431  452  469  477  485  491
  500  509  518  538  560  574  583  612  647                                   
     7.5-180.0 180.0   5.0 450.0                            LAT/LON1/LON2/DLON/H
  588  612  642  664  684  683  675  651  625  589  553  511  476  438  409  378
  351  328  317  323  332  339  335  322  303  280  261  242  237  223  213  193
