data/unet/pred2560.15i
     1.0            IONOSPHERE MAPS     GNSS                IONEX VERSION / TYPE
pyspatialgeodesy        IME             05-JAN-18 20:20     PGM / RUN BY / DATE 
Map Name                                                    COMMENT             
Predicted global ionosphere maps (GIM).                     DESCRIPTION         
  2015     9    13     0     0     0                        EPOCH OF FIRST MAP  
  2015     9    14     0     0     0                        EPOCH OF LAST MAP   
  7200                                                      INTERVAL            
    13                                                      # OF MAPS IN FILE   
  NONE                                                      MAPPING FUNCTION    
10.0                                                        ELEVATION CUTOFF    
One-way carrier phase leveled to code                       OBSERVABLES USED    
  6371.0                                                    BASE RADIUS         
 2                                                          MAP DIMENSION       
   450.0 450.0   0.0                                        HGT1 / HGT2 / DHGT  
    87.5 -87.5  -2.5                                        LAT1 / LAT2 / DLAT  
  -180.0 180.0   5.0                                        LON1 / LON2 / DLON  
    -1                                                      EXPONENT            
                                                            END OF HEADER       
[from data line 4719]
    12                                                      START OF TEC MAP    
  2015     9    13    22     0     0                        EPOCH OF CURRENT MAP
    87.5-180.0 180.0   5.0 450.0                            LAT/LON1/LON2/DLON/H
  155  101   79   82   81   80   80   80   80   80   80   80   81   81   81   82
   81   81   81   81   80   80   79   79   78   78   77   77   76   76   75   74
   73   73   72   71   70   70   69   68   68   67   67   67   67   67   67   67
   68   68   68   68   69   70   70   71   72   73   73   74   75   76   76   77
   78   78   79   79   81   81   85  131  155                                   
    85.0-180.0 180.0   5.0 450.0                            LAT/LON1/LON2/DLON/H
   89   75   74   77   77   76   77   76   77   77   77   77   78   78   78   78
   78   77   77   76   76   75   75   73   73   72   71   69   69   67   66   65
   64   62   61   59   58   56   56   54   54   53   53   52   53   53   54   54
   55   55   56   57   58   59   61   62   63   65   66   67   68   69   71   71
   72   73   74   73   75   74   77  105   89                                   
    82.5-180.0 180.0   5.0 450.0                            LAT/LON1/LON2/DLON/H
   80   78   79   80   81   78   82   79   84   80   84   81   85   82   86   83
   85   82   84   82   83   80   82   78   79   75   76   72   73   69   70   65
   67   62   63   59   61   56   58   53   56   52   55   52   55   52   56   54
   57   55   59   57   61   60   64   63   67   66   70   69   73   72   75   74
   77   76   78   76   79   74   81   97   80                                   
    80.0-180.0 180.0   5.0 450.0                            LAT/LON1/LON2/DLON/H
   85   83   79   82   80   81   81   82   83   84   86   87   88   89   90   91
   91   92   91   91   90   89   87   86   84   82   79   77   75   73   71   69
   67   64   62   60   58   56   55   53   52   51   51   51   51   51   51   52
   52   53   54   55   57   58   60   62   64   66   68   70   72   74   75   77
   77   79   78   79   78   78   78   89   85                                   
    77.5-180.0 180.0   5.0 450.0                            LAT/LON1/LON2/DLON/H
   82   82   78   79   79   80   82   83   85   87   89   91   94   95   97   97
   99   99  100   98   98   94   93   89   87   83   81   78   76   74   71   69
   67   65   62   60   58   56   54   53   51   50   50   50   49   49   49   50
   50   51   51   53   53   55   56   59   59   63   64   67   68   72   72   74
   75   76   76   76   77   75   76   85   82                                   
    75.0-180.0 180.0   5.0 450.0                            LAT/LON1/LON2/DLON/H
   78   78   74   79   77   82   83   87   88   93   94   99  101  105  106  109
  109  109  107  106  103  100   95   92   87   84   80   78   74   74   70   69
   66   65   61   61   57   57   53   54   50   51   48   50   47   49   47   49
   48   49   48   50   49   51   51   54   54   58   59   63   64   68   69   72
   72   74   73   74   73   73   75   84   78                                   
    72.5-180.0 180.0   5.0 450.0                            LAT/LON1/LON2/DLON/H
   75   75   73   75   77   80   84   87   92   96  100  105  109  111  114  115
  115  114  113  109  107  100   97   89   86   79   78   73   72   69   68   66
   65   63   61   59   58   55   54   52   51   49   49   48   48   47   48   47
   47   46   46   46   46   46   46   47   49   52   54   57   59   62   64   66
   67   68   69   68   70   69   71   82   75                                   
    70.0-180.0 180.0   5.0 450.0                            LAT/LON1/LON2/DLON/H
   73   72   69   74   75   80   83   90   95  101  106  113  116  120  121  123
  121  121  117  116  110  104   96   90   82   77   71   69   66   66   63   63
   60   60   57   57   54   54   50   50   47   47   45   46   45   46   44   45
   44   44   42   42   40   40   39   41   42   45   46   51   53   57   58   62
   62   64   64   64   66   65   68   81   73                                   
    67.5-180.0 180.0   5.0 450.0                            LAT/LON1/LON2/DLON/H
   73   71   69   72   74   78   84   90   96  103  110  116  120  123  124  124
  124  121  120  116  112  104   98   87   81   71   68   62   62   59   59   58
   57   56   55   53   52   49   48   46   45   43   43   43   43   43   43   43
   42   40   39   37   35   34   33   35   35   39   41   46   49   53   54   57
   58   59   60   60   64   64   65   79   73                                   
    65.0-180.0 180.0   5.0 450.0                            LAT/LON1/LON2/DLON/H
   74   72   69   73   74   79   84   91   97  106  112  118  122  124  125  126
  126  125  123  121  116  109   99   90   79   71   64   61   57   57   55   56
   53   54   50   50   46   46   42   42   39   39   37   39   38   40   39   39
   37   36   33   32   28   27   25   28   28   33   35   41   44   50   52   55
   56   58   59   60   63   63   67   82   74                                   
    62.5-180.0 180.0   5.0 450.0                            LAT/LON1/LON2/DLON/H
   78   77   73   75   76   79   85   90   98  104  112  117  122  124  125  126
  125  125  124  121  119  111  104   91   83   70   65   58   57   55   56   54
   54   51   49   46   44   41   39   37   35   34   34   34   34   35   35   35
   33   31   28   26   22   21   20   22   23   28   31   38   42   47   49   53
   54   57   57   60   64   66   68   86   78                                   
    60.0-180.0 180.0   5.0 450.0                            LAT/LON1/LON2/DLON/H
   83   83   78   81   81   83   86   92   97  104  110  116  119  122  122  124
  124  125  125  126  124  118  109  101   89   79   70   66   62   61   59   59
   56   53   48   45   40   39   35   35   31   32   30   32   30   32   30   31
   28   26   22   20   16   15   13   17   19   24   29   36   41   47   49   54
   55   59   60   63   68   70   75   92   83                                   
    57.5-180.0 180.0   5.0 450.0                            LAT/LON1/LON2/DLON/H
   92   92   87   88   87   88   90   93   97  101  107  111  116  119  120  122
  122  124  125  127  126  122  117  106   98   86   80   73   72   69   69   64
   62   55   51   45   42   39   36   34   33   32   31   31   30   31   29   29
   26   24   19   17   12   12   11   14   17   23   28   35   40   47   49   55
   56   61   62   67   72   76   78   98   92                                   
    55.0-180.0 180.0   5.0 450.0                            LAT/LON1/LON2/DLON/H
   99  101   98   99   97   97   97   98  100  102  105  110  113  116  117  119
  120  122  125  128  129  127  123  116  107   98   91   88   85   83   80   75
   69   62   54   49   44   42   38   39   36   36   33   34   31   31   28   28
   24   22   17   15   11   10    9   13   16   22   28   35   41   47   50   55
   57   62   64   70   77   81   87  105   99                                   
    52.5-180.0 180.0   5.0 450.0                            LAT/LON1/LON2/DLON/H
  109  111  107  109  107  106  107  105  105  103  106  107  112  113  116  117
  119  120  123  126  128  128  126  120  115  107  104   99  100   96   93   84
   78   68   61   54   50   47   46   44   43   41   40   38   36   34   31   30
   26   23   18   17   12   13   11   16   18   25   29   37   41   49   51   57
   58   64   67   73   80   85   88  110  109                                   
    50.0-180.0 180.0   5.0 450.0                            LAT/LON1/LON2/DLON/H
  115  117  116  119  118  118  116  115  111  109  108  110  112  115  116  118
  118  120  122  125  129  130  128  126  120  117  114  114  112  108  101   94
   84   75   65   60   56   55   52   54   51   51   47   47   42   41   35   34
   30   28   23   21   18   17   17   20   24   29   34   40   45   51   54   58
   61   66   69   75   83   88   95  113  115                                   
    47.5-180.0 180.0   5.0 450.0                            LAT/LON1/LON2/DLON/H
  120  123  122  127  127  128  129  125  121  116  114  113  115  116  120  119
  120  119  121  122  126  127  127  125  125  122  124  122  123  116  110   98
   90   79   73   66   65   63   63   62   62   60   58   56   52   48   44   42
   37   35   30   29   26   27   26   30   31   37   39   46   49   55   57   62
   63   69   72   78   86   91   94  115  120                                   
    45.0-180.0 180.0   5.0 450.0                            LAT/LON1/LON2/DLON/H
  123  126  128  134  135  137  137  136  131  126  122  122  122  124  125  127
  126  125  125  127  129  130  129  131  131  132  132  133  129  123  112  103
   91   83   76   73   70   71   70   72   70   71   66   67   60   59   52   51
   45   44   39   38   36   36   36   38   40   44   46   52   56   61   64   67
   70   75   78   84   91   94  100  118  123                                   
    42.5-180.0 180.0   5.0 450.0                            LAT/LON1/LON2/DLON/H
  124  129  131  138  141  144  147  145  142  137  134  131  132  132  134  134
  134  132  131  130  132  132  133  134  137  139  143  139  137  125  116  103
   95   86   82   79   79   78   79   79   80   79   78   76   72   68   64   60
   56   54   50   48   46   46   47   49   50   53   55   60   63   69   72   76
   79   83   87   92   97   99  101  122  124                                   
    40.0-180.0 180.0   5.0 450.0                            LAT/LON1/LON2/DLON/H
  127  133  136  141  144  147  151  152  150  148  144  143  143  144  145  147
  146  145  142  143  142  143  141  146  148  152  152  149  141  129  114  104
   95   89   85   85   84   84   83   86   84   87   84   85   80   78   72   70
   65   63   59   57   55   55   55   56   57   60   61   66   71   77   82   86
   90   95   99  103  107  107  111  129  127                                   
    37.5-180.0 180.0   5.0 450.0                            LAT/LON1/LON2/DLON/H
  134  139  139  144  147  150  156  158  161  159  157  155  156  157  159  160
  161  159  156  155  155  153  153  157  161  163  163  156  147  131  118  106
   99   94   93   91   91   90   90   90   92   92   93   92   90   86   82   78
   75   71   68   65   63   62   63   64   65   66   68   73   78   86   92   98
  102  109  113  117  120  119  118  138  134                                   
    35.0-180.0 180.0   5.0 450.0                            LAT/LON1/LON2/DLON/H
  142  149  149  152  153  155  161  166  170  173  171  172  171  173  175  177
  177  177  173  174  170  171  169  174  176  178  174  165  151  135  119  109
  103   98   97   96   95   94   93   95   95   98   97   98   95   92   88   84
   80   76   72   69   67   66   66   67   67   67   69   75   83   92  101  108
  115  123  128  132  135  133  134  153  142                                   
    32.5-180.0 180.0   5.0 450.0                            LAT/LON1/LON2/DLON/H
  156  162  159  162  162  163  169  174  181  184  186  186  187  187  189  190
  191  189  187  185  184  183  183  187  189  190  185  172  157  139  125  115
  110  107  106  103  102  100   99   99   99  101  102  101   99   96   92   87
   83   78   74   69   67   67   68   68   68   67   70   75   86   98  110  120
  129  138  145  149  151  150  147  170  156                                   
    30.0-180.0 180.0   5.0 450.0                            LAT/LON1/LON2/DLON/H
  173  180  179  181  180  181  184  189  196  201  202  203  203  203  202  201
  201  198  197  196  194  194  194  198  199  199  192  180  162  146  131  122
  119  113  111  106  105  103  102  103  103  105  105  105  101   98   93   89
   86   80   76   70   68   68   70   70   68   67   69   75   86  100  115  128
  140  151  159  164  168  166  167  190  173                                   
    27.5-180.0 180.0   5.0 450.0                            LAT/LON1/LON2/DLON/H
  195  201  201  205  203  204  207  212  217  222  224  224  223  221  218  214
  210  205  202  201  200  200  200  203  203  203  196  183  167  150  138  129
  125  119  116  110  108  106  106  105  105  104  104  102   99   94   90   85
   81   75   70   65   63   65   66   67   65   65   66   74   85  102  119  136
  150  164  174  180  184  185  185  210  195                                   
    25.0-180.0 180.0   5.0 450.0                            LAT/LON1/LON2/DLON/H
  215  226  229  234  234  237  233  242  242  250  247  252  247  246  237  231
  223  216  210  207  207  206  206  207  206  203  196  184  169  154  142  133
  129  120  117  109  108  107  108  108  107  107  105  103   99   96   91   86
   80   74   68   63   62   64   66   67   65   64   66   73   85  102  122  142
  159  174  186  192  199  202  207  232  215                                   
    22.5-180.0 180.0   5.0 450.0                            LAT/LON1/LON2/DLON/H
  240  250  261  268  272  271  270  272  275  278  278  278  275  269  260  248
  239  227  220  214  213  211  209  208  204  200  191  180  167  155  145  138
  133  126  119  112  108  107  109  108  107  104  103  100   97   92   88   81
   74   66   60   56   56   59   61   63   62   61   63   72   87  105  126  150
  169  186  198  207  214  221  226  252  240                                   
    20.0-180.0 180.0   5.0 450.0                            LAT/LON1/LON2/DLON/H
  264  277  290  303  310  312  310  313  313  316  311  313  304  302  286  275
  256  245  234  228  225  219  216  210  204  196  187  176  165  154  147  140
  137  127  122  113  111  110  111  111  109  106  104  104  100   97   90   84
   75   67   60   56   56   58   60   61   60   60   62   73   87  108  132  158
  178  196  209  218  229  234  245  270  264                                   
    17.5-180.0 180.0   5.0 450.0                            LAT/LON1/LON2/DLON/H
  290  305  317  331  341  341  343  344  348  348  347  346  341  336  323  308
  290  270  259  247  244  233  226  215  205  196  184  174  165  158  154  150
  146  139  133  125  122  119  119  117  115  111  109  107  104   98   91   83
   73   64   58   52   52   53   55   57   58   58   62   73   90  114  139  168
  190  209  222  233  243  250  260  287  290                                   
    15.0-180.0 180.0   5.0 450.0                            LAT/LON1/LON2/DLON/H
  315  331  341  357  364  368  367  372  374  378  374  378  371  372  356  348
  327  311  293  281  273  259  247  228  212  197  186  174  169  163  162  156
  153  145  141  134  132  131  130  127  123  119  117  116  113  106   97   87
   77   67   59   54   52   52   52   55   55   57   61   73   90  115  146  176
  201  221  237  247  258  265  280  307  315                                   
    12.5-180.0 180.0   5.0 450.0                            LAT/LON1/LON2/DLON/H
  341  356  363  380  387  390  394  395  399  402  402  405  405  404  394  383
  370  355  346  331  320  296  276  248  227  205  193  184  182  179  179  175
  172  165  162  157  156  152  151  143  138  132  129  127  122  114  101   89
   77   67   59   54   50   49   48   51   52   55   59   72   91  118  149  183
  209  232  250  262  273  285  302  330  341                                   
    10.0-180.0 180.0   5.0 450.0                            LAT/LON1/LON2/DLON/H
  366  378  384  399  406  416  415  421  419  427  422  430  429  433  425  419
  409  399  387  375  357  332  302  271  242  217  202  196  196  194  194  188
  184  178  176  173  175  173  168  159  150  143  141  135  131  117  105   89
   79   67   61   54   50   46   44   45   46   48   53   66   87  115  150  184
  214  238  261  274  291  308  329  355  366                                   
     7.5-180.0 180.0   5.0 450.0                            LAT/LON1/LON2/DLON/H
  389  406  404  422  431  441  444  441  444  442  444  448  452  454  452  445
  442  431  428  410  398  366  335  298  265  239  225  220  219  218  215  209
