data/unet/pred3480.15i
     1.0            IONOSPHERE MAPS     GNSS                IONEX VERSION / TYPE
pyspatialgeodesy        IME             05-JAN-18 20:20     PGM / RUN BY / DATE 
Map Name                                                    COMMENT             
Predicted global ionosphere maps (GIM).                     DESCRIPTION         
  2015    12    14     0     0     0                        EPOCH OF FIRST MAP  
  2015    12    15     0     0     0                        EPOCH OF LAST MAP   
  7200                                                      INTERVAL            
    13                                                      # OF MAPS IN FILE   
  NONE                                                      MAPPING FUNCTION    
10.0                                                        ELEVATION CUTOFF    
One-way carrier phase leveled to code                       OBSERVABLES USED    
  6371.0                                                    BASE RADIUS         
 2                                                          MAP DIMENSION       
   450.0 450.0   0.0                                        HGT1 / HGT2 / DHGT  
    87.5 -87.5  -2.5                                        LAT1 / LAT2 / DLAT  
  -180.0 180.0   5.0                                        LON1 / LON2 / DLON  
    -1                                                      EXPONENT            
                                                            END OF HEADER       
[from data line 858]
     3                                                      START OF TEC MAP    
  2015    12    14     4     0     0                        EPOCH OF CURRENT MAP
    87.5-180.0 180.0   5.0 450.0                            LAT/LON1/LON2/DLON/H
   32   60   55   53   54   51   53   51   53   50   51   49   50   49   49   47
   48   46   47   45   45   44   45   44   44   44   44   44   44   45   45   45
   45   45   46   46   47   47   48   47   48   48   49   49   50   50   51   51
   51   52   52   51   53   52   53   51   53   52   54   51   54   51   54   51
   54   51   55   54   55   52   61   35   32                                   
    85.0-180.0 180.0   5.0 450.0                            LAT/LON1/LON2/DLON/H
   66   61   39   43   44   41   43   41   43   41   42   42   42   41   40   41
   39   39   37   37   36   36   35   35   35   35   35   36   35   36   36   38
   37   38   38   40   39   40   40   42   41   42   42   43   42   43   42   43
   42   43   42   42   42   42   42   43   42   43   43   43   43   43   44   44
   43   43   44   44   44   40   59   73   66                                   
    82.5-180.0 180.0   5.0 450.0                            LAT/LON1/LON2/DLON/H
   65   37   34   32   32   29   31   31   34   32   34   34   35   33   34   33
   32   30   29   28   26   25   24   23   23   22   22   23   23   23   24   25
   27   27   29   30   31   32   33   34   35   34   36   35   36   34   36   33
   35   32   35   31   34   31   34   31   35   32   36   34   37   35   38   36
   38   35   39   35   36   33   48   73   65                                   
    80.0-180.0 180.0   5.0 450.0                            LAT/LON1/LON2/DLON/H
   67   40   34   32   31   30   31   34   34   35   35   38   37   38   36   37
   34   33   30   29   25   24   21   22   20   20   20   22   21   23   24   27
   27   29   30   32   33   35   35   37   37   38   38   39   38   39   38   38
   37   37   36   36   36   37   38   39   40   41   42   44   44   45   46   47
   46   46   45   45   42   38   45   71   67                                   
    77.5-180.0 180.0   5.0 450.0                            LAT/LON1/LON2/DLON/H
   73   36   33   32   29   27   28   30   31   32   34   36   37   38   37   38
   35   34   31   30   26   25   22   22   20   20   21   22   22   24   26   28
   29   30   32   33   33   35   36   37   37   38   38   39   38   39   38   38
   36   36   37   37   37   39   40   42   43   47   48   52   52   55   54   56
   54   55   53   52   46   42   50   70   73                                   
    75.0-180.0 180.0   5.0 450.0                            LAT/LON1/LON2/DLON/H
   70   38   33   26   25   22   24   25   28   29   32   34   36   37   38   38
   36   33   32   27   26   21   22   18   19   17   20   20   23   23   28   27
   30   30   32   31   32   32   33   32   33   33   35   34   34   34   35   33
   35   33   36   35   38   39   43   44   49   51   56   58   60   62   64   64
   64   62   63   60   57   48   52   72   70                                   
    72.5-180.0 180.0   5.0 450.0                            LAT/LON1/LON2/DLON/H
   79   37   35   31   25   22   23   24   27   28   32   34   37   38   40   39
   38   35   34   29   28   24   24   20   22   20   24   23   27   27   32   31
   34   32   35   31   32   29   31   29   31   29   33   31   33   32   35   34
   35   34   36   37   38   41   44   49   53   58   61   66   68   71   72   74
   72   72   71   69   66   59   65   76   79                                   
    70.0-180.0 180.0   5.0 450.0                            LAT/LON1/LON2/DLON/H
   82   45   38   32   26   21   23   23   28   28   32   34   39   38   41   39
   40   35   36   31   31   25   27   22   26   23   29   27   33   31   38   35
   39   33   36   30   31   26   28   24   27   25   29   28   31   30   34   32
   35   33   37   37   41   43   50   53   60   63   70   73   79   80   82   82
   83   82   83   80   78   68   72   83   82                                   
    67.5-180.0 180.0   5.0 450.0                            LAT/LON1/LON2/DLON/H
   92   48   45   40   29   25   24   24   27   29   32   34   38   39   41   39
   40   37   37   33   32   28   28   25   28   26   31   31   36   35   39   37
   39   34   35   28   28   22   24   20   23   22   27   27   30   31   34   34
   36   36   39   42   46   51   56   61   66   72   77   83   87   90   91   91
   90   91   90   89   86   80   86   89   92                                   
    65.0-180.0 180.0   5.0 450.0                            LAT/LON1/LON2/DLON/H
   96   59   52   45   35   29   26   26   29   29   33   34   38   38   40   39
   41   38   39   35   36   31   33   29   33   30   35   34   39   38   42   38
   40   34   34   26   26   19   20   17   21   21   26   27   31   32   35   35
   38   39   44   48   54   58   66   70   78   82   90   95  100  100  102  100
  100   99   99   98   96   88   93   96   96                                   
    62.5-180.0 180.0   5.0 450.0                            LAT/LON1/LON2/DLON/H
  106   63   58   53   39   33   28   29   29   31   32   34   36   36   39   38
   40   38   39   36   35   32   32   31   32   32   34   34   36   36   38   36
   36   31   30   23   22   17   18   16   20   22   27   29   33   34   37   39
   42   45   50   57   64   71   78   84   91   97  105  111  114  113  113  110
  108  106  105  104  103   99  104  101  106                                   
    60.0-180.0 180.0   5.0 450.0                            LAT/LON1/LON2/DLON/H
  108   72   64   56   45   36   31   29   31   29   31   31   34   33   36   36
   39   37   38   35   36   31   32   29   33   30   32   31   33   31   34   31
   34   29   29   22   21   16   18   17   23   24   31   31   36   36   40   41
   47   50   59   66   77   81   90   94  106  111  120  122  126  123  122  120
  116  114  111  110  109  103  109  106  108                                   
    57.5-180.0 180.0   5.0 450.0                            LAT/LON1/LON2/DLON/H
  117   76   70   63   49   41   33   32   30   30   29   28   30   30   33   33
   36   35   36   33   32   29   29   27   28   27   27   25   26   25   27   26
   28   25   26   21   21   18   20   20   26   28   34   34   37   37   41   43
   50   55   66   77   86   94  102  110  119  126  132  135  136  134  132  129
  125  121  119  115  115  112  116  110  117                                   
    55.0-180.0 180.0   5.0 450.0                            LAT/LON1/LON2/DLON/H
  121   88   79   69   57   46   38   34   33   28   28   25   28   27   31   30
   35   32   34   29   30   26   27   25   27   25   26   23   23   21   24   23
   27   26   30   26   27   24   27   26   33   34   40   38   41   39   45   47
   57   65   79   88  101  108  118  124  133  137  142  143  146  144  143  140
  136  134  130  127  124  117  122  117  121                                   
    52.5-180.0 180.0   5.0 450.0                            LAT/LON1/LON2/DLON/H
  134   99   91   81   65   55   45   41   35   32   27   25   25   25   29   29
   32   31   31   27   27   25   26   25   27   25   26   22   22   20   22   23
   28   29   33   32   33   31   34   34   39   40   43   42   43   43   47   52
   62   75   88  100  112  123  131  137  143  148  151  153  155  155  153  149
  145  143  138  134  132  128  130  123  134                                   
    50.0-180.0 180.0   5.0 450.0                            LAT/LON1/LON2/DLON/H
  140  114  102   92   78   65   56   48   42   34   30   25   27   25   29   29
   32   29   29   26   26   24   26   26   30   28   30   26   28   24   27   28
   36   37   44   42   46   42   44   43   48   47   50   47   49   49   55   61
   75   88  103  114  129  137  144  147  153  155  159  160  164  163  164  159
  157  153  149  146  140  130  134  128  140                                   
    47.5-180.0 180.0   5.0 450.0                            LAT/LON1/LON2/DLON/H
  151  126  117  107   93   81   69   61   51   43   35   31   29   28   30   31
   32   31   31   28   29   28   32   31   36   35   38   34   35   32   35   36
   43   46   52   52   55   52   54   52   55   55   56   54   55   58   65   75
   87  103  114  128  140  148  154  158  162  164  166  168  169  171  170  166
  160  158  153  149  144  138  138  131  151                                   
    45.0-180.0 180.0   5.0 450.0                            LAT/LON1/LON2/DLON/H
  152  132  123  116  106   93   84   72   63   52   44   38   35   33   35   35
   36   34   34   32   34   34   37   38   43   43   48   46   48   44   47   46
   53   56   63   63   65   62   62   60   62   62   62   61   63   68   78   88
  105  117  130  138  149  155  160  163  166  168  168  169  171  171  172  166
  162  159  157  151  143  132  137  132  152                                   
    42.5-180.0 180.0   5.0 450.0                            LAT/LON1/LON2/DLON/H
  152  132  127  123  113  104   94   85   75   64   54   49   44   43   42   41
   41   40   42   40   43   44   47   48   52   53   57   57   58   56   55   54
   59   62   70   70   71   67   66   64   66   66   68   68   73   80   91  105
  117  131  139  146  153  160  163  167  168  170  167  168  169  171  167  163
  157  156  152  147  139  131  132  127  152                                   
    40.0-180.0 180.0   5.0 450.0                            LAT/LON1/LON2/DLON/H
  144  125  119  117  113  106   99   91   83   74   64   61   57   54   53   51
   52   52   54   54   58   59   60   60   63   63   68   67   69   66   65   62
   66   69   74   76   75   72   69   68   69   71   73   76   83   92  105  121
  133  141  146  152  158  165  167  171  172  172  170  169  172  170  167  163
  159  158  155  149  136  122  127  123  144                                   
    37.5-180.0 180.0   5.0 450.0                            LAT/LON1/LON2/DLON/H
  137  112  107  109  103  102   96   92   86   80   73   71   68   67   65   65
   64   67   69   73   75   78   77   76   74   73   73   74   74   73   70   68
   70   72   78   77   78   73   71   69   72   74   79   83   92  105  120  137
  145  152  155  160  166  172  175  179  181  181  178  179  178  176  172  167
  163  163  160  155  143  131  126  121  137                                   
    35.0-180.0 180.0   5.0 450.0                            LAT/LON1/LON2/DLON/H
  132  105   96   95   91   91   89   87   84   81   78   81   79   81   79   80
   81   85   89   93   95   95   92   88   84   78   79   77   79   78   76   73
   73   76   78   80   77   75   71   71   73   78   84   90  102  115  133  146
  155  160  164  170  178  186  191  194  197  197  195  193  193  191  187  184
  181  184  182  179  164  145  138  129  132                                   
    32.5-180.0 180.0   5.0 450.0                            LAT/LON1/LON2/DLON/H
  141  106   92   86   77   77   74   76   76   78   79   83   86   89   90   92
   94  100  104  108  108  107  101   97   89   83   81   80   81   81   79   76
   76   77   80   78   77   73   72   72   76   81   89   95  107  124  142  157
  166  171  176  184  194  204  212  217  222  222  221  220  219  216  214  212
  210  215  213  208  196  180  162  149  141                                   
    30.0-180.0 180.0   5.0 450.0                            LAT/LON1/LON2/DLON/H
  155  118   99   87   75   72   65   67   66   71   74   83   88   93   95   99
  104  110  114  117  115  113  106  100   94   87   85   83   85   85   84   82
   81   82   81   82   76   75   71   74   76   82   90   98  112  127  147  163
  174  181  189  200  215  230  239  247  254  258  263  262  264  261  261  258
  256  261  257  255  240  217  200  180  155                                   
    27.5-180.0 180.0   5.0 450.0                            LAT/LON1/LON2/DLON/H
  190  151  124  106   87   77   65   63   60   64   68   77   85   91   97  102
  108  114  118  119  116  112  106  102   96   93   89   89   89   92   91   90
   88   86   85   81   77   73   72   74   78   84   93  100  117  135  155  172
  187  197  209  223  242  259  273  284  295  302  309  313  315  317  317  313
  310  314  313  310  299  276  251  227  190                                   
    25.0-180.0 180.0   5.0 450.0                            LAT/LON1/LON2/DLON/H
  235  187  161  132  108   93   77   67   59   60   62   71   79   88   93   99
  105  110  113  112  108  104  101  100  100   98   97   96   98   99  100   99
   96   94   89   85   78   75   71   74   77   81   89   98  117  137  159  178
  195  212  231  253  275  296  311  325  337  346  356  364  372  376  375  371
  367  370  370  366  363  342  309  279  235                                   
    22.5-180.0 180.0   5.0 450.0                            LAT/LON1/LON2/DLON/H
  309  246  213  177  143  121  101   85   71   67   64   70   75   82   88   94
   99  103  104  102   98   96   96  101  102  106  104  105  106  109  109  107
  103   99   94   85   79   73   71   73   75   79   88   97  122  145  174  191
  214  233  262  286  313  332  350  366  377  387  400  411  420  423  424  419
  418  420  422  419  419  414  374  350  309                                   
    20.0-180.0 180.0   5.0 450.0                            LAT/LON1/LON2/DLON/H
  380  327  282  232  194  162  132  107   91   81   74   74   76   81   84   89
   92   92   92   89   85   87   92  102  109  114  116  115  117  117  116  114
  109  103   95   87   77   71   66   68   69   71   81   95  122  153  179  202
  227  254  283  314  341  362  380  396  409  423  435  447  456  460  465  460
  460  462  465  465  466  469  435  409  380                                   
    17.5-180.0 180.0   5.0 450.0                            LAT/LON1/LON2/DLON/H
  438  399  356  306  260  219  177  144  121  105   95   92   87   89   88   88
   88   85   84   80   79   84   96  108  118  127  128  128  128  126  123  118
  112  103   94   83   75   67   63   64   64   67   79   96  132  162  195  216
  250  274  308  339  366  387  402  419  432  451  464  475  483  484  486  481
  478  481  485  486  491  500  473  450  438                                   
    15.0-180.0 180.0   5.0 450.0                            LAT/LON1/LON2/DLON/H
  480  449  416  379  332  282  227  187  155  133  120  115  110  106  101   97
   91   87   85   83   86   94  105  119  132  139  142  139  137  131  125  116
  108   99   89   79   69   63   57   58   57   60   76  101  138  171  204  229
  265  294  326  358  386  404  416  431  448  464  478  487  493  492  491  485
  486  487  490  487  491  504  491  470  480                                   
    12.5-180.0 180.0   5.0 450.0                            LAT/LON1/LON2/DLON/H
  494  470  447  419  378  338  282  234  201  175  157  147  139  133  123  117
  108  102  100  101  105  112  124  137  148  156  156  151  145  134  124  113
  103   93   85   75   68   61   57   54   55   61   81  109  150  184  217  244
  281  309  343  376  401  416  425  439  454  471  483  489  492  490  486  482
  479  477  478  472  478  493  482  475  494                                   
    10.0-180.0 180.0   5.0 450.0                            LAT/LON1/LON2/DLON/H
  495  480  462  440  409  374  327  282  242  219  200  184  177  165  154  144
  132  126  122  126  131  139  146  158  166  170  166  156  145  131  119  108
   97   88   79   71   63   60   54   53   54   63   84  117  157  191  225  253
  289  317  350  383  407  418  428  439  455  471  479  484  482  478  472  469
  468  467  467  458  460  471  468  463  495                                   
     7.5-180.0 180.0   5.0 450.0                            LAT/LON1/LON2/DLON/H
  469  470  461  443  418  389  353  315  285  261  243  227  218  207  192  180
  166  158  156  161  168  172  177  183  185  182  174  159  145  129  117  104
