data/unet/pred3220.15i
     1.0            IONOSPHERE MAPS     GNSS                IONEX VERSION / TYPE
pyspatialgeodesy        IME             05-JAN-18 20:20     PGM / RUN BY / DATE 
Map Name                                                    COMMENT             
Predicted global ionosphere maps (GIM).                     DESCRIPTION         
  2015    11    18     0     0     0                        EPOCH OF FIRST MAP  
  2015    11    19     0     0     0                        EPOCH OF LAST MAP   
  7200                                                      INTERVAL            
    13                                                      # OF MAPS IN FILE   
  NONE                                                      MAPPING FUNCTION    
10.0                                                        ELEVATION CUTOFF    
One-way carrier phase leveled to code                       OBSERVABLES USED    
  6371.0                                                    BASE RADIUS         
 2                                                          MAP DIMENSION       
   450.0 450.0   0.0                                        HGT1 / HGT2 / DHGT  
    87.5 -87.5  -2.5                                        LAT1 / LAT2 / DLAT  
  -180.0 180.0   5.0                                        LON1 / LON2 / DLON  
    -1                                                      EXPONENT            
                                                            END OF HEADER       
[from data line 4290]
    11                                                      START OF TEC MAP    
  2015    11    18    20     0     0                        EPOCH OF CURRENT MAP
    87.5-180.0 180.0   5.0 450.0                            LAT/LON1/LON2/DLON/H
  146  118  100  105  105  106  107  108  109  111  111  113  113  115  115  116
  114  116  114  114  111  111  108  108  104  104  101  101   97   98   95   95
   92   92   90   90   87   88   87   88   86   87   87   89   88   90   90   92
   91   93   93   95   94   96   95   98   96   98   97   98   96   98   96   97
   96   98   97   98   99   99   94  128  146                                   
    85.0-180.0 180.0   5.0 450.0                            LAT/LON1/LON2/DLON/H
   95   88   88   92   96   96  100  101  104  105  109  110  113  113  115  114
  116  113  114  111  110  106  105  101   99   95   95   90   89   86   85   82
   80   78   78   76   75   74   74   73   73   73   75   75   76   77   78   79
   80   81   82   83   83   85   85   85   86   86   86   85   85   84   84   83
   83   82   84   83   87   84   82   97   95                                   
    82.5-180.0 180.0   5.0 450.0                            LAT/LON1/LON2/DLON/H
   82   75   75   78   80   84   87   93   97  103  107  113  116  121  122  125
  123  125  121  120  114  113  106  104   96   96   89   88   81   81   76   76
   71   73   68   69   65   67   64   65   63   65   65   67   67   70   70   73
   73   78   77   81   79   84   82   86   83   87   82   85   80   82   77   78
   73   74   71   72   71   69   63   74   82                                   
    80.0-180.0 180.0   5.0 450.0                            LAT/LON1/LON2/DLON/H
   70   56   57   59   64   67   75   80   90   95  105  110  119  122  129  129
  131  127  126  119  115  107  103   94   89   83   79   74   71   68   67   64
   63   61   60   58   56   55   55   53   53   53   55   54   58   58   63   62
   68   68   73   73   77   77   80   79   81   79   80   76   77   72   71   66
   64   60   59   55   56   51   46   57   70                                   
    77.5-180.0 180.0   5.0 450.0                            LAT/LON1/LON2/DLON/H
   53   44   41   44   49   53   62   69   79   88  100  109  119  126  132  134
  134  131  126  119  109  101   92   83   75   68   64   59   57   55   56   54
   54   53   52   50   48   46   45   43   42   43   44   45   47   50   54   57
   60   63   67   69   71   74   75   76   75   76   74   72   70   67   63   59
   55   51   48   45   42   37   33   38   53                                   
    75.0-180.0 180.0   5.0 450.0                            LAT/LON1/LON2/DLON/H
   46   36   37   40   45   50   58   66   77   88  102  113  124  132  139  139
  139  134  128  117  106   95   83   72   63   56   52   49   48   49   50   51
   51   52   52   50   48   45   43   40   39   39   41   41   46   48   53   55
   60   62   66   66   71   70   73   71   73   71   71   68   67   63   62   56
   54   49   47   42   40   34   33   39   46                                   
    72.5-180.0 180.0   5.0 450.0                            LAT/LON1/LON2/DLON/H
   48   43   41   45   48   51   59   67   79   91  104  117  129  138  143  146
  144  140  129  118  104   92   76   65   53   47   43   41   41   44   47   50
   51   54   52   53   48   48   42   42   37   39   37   41   43   47   50   55
   57   62   62   65   65   67   66   66   64   65   63   63   60   59   56   54
   50   48   46   43   40   35   35   38   48                                   
    70.0-180.0 180.0   5.0 450.0                            LAT/LON1/LON2/DLON/H
   56   50   53   54   57   61   69   75   86   97  110  122  134  142  148  150
  149  145  136  123  108   92   76   62   50   44   39   39   38   43   45   49
   51   53   52   52   47   46   41   39   36   37   37   39   42   47   51   54
   58   59   62   60   61   59   61   57   59   56   58   54   57   53   55   51
   52   48   49   44   44   39   44   48   56                                   
    67.5-180.0 180.0   5.0 450.0                            LAT/LON1/LON2/DLON/H
   65   66   67   72   75   76   83   89   98  107  119  130  140  148  155  157
  157  153  144  132  115   98   80   66   54   46   41   40   40   43   44   48
   48   51   48   48   43   43   37   38   33   36   34   38   40   44   48   51
   53   54   54   52   51   49   48   47   47   47   46   47   46   48   46   47
   46   46   45   45   45   43   48   52   65                                   
    65.0-180.0 180.0   5.0 450.0                            LAT/LON1/LON2/DLON/H
   76   74   82   85   91   93   99  104  110  119  128  139  147  155  161  163
  164  161  155  142  130  110   94   76   65   54   47   44   43   45   45   45
   45   44   41   38   36   33   31   29   29   31   33   36   39   43   46   48
   49   49   47   43   41   37   37   35   37   36   39   38   41   40   42   41
   43   41   44   42   46   44   55   62   76                                   
    62.5-180.0 180.0   5.0 450.0                            LAT/LON1/LON2/DLON/H
   78   82   91  102  107  110  115  120  126  133  141  149  158  163  169  170
  173  171  167  156  146  128  111   94   80   68   59   53   49   48   46   45
   40   38   32   31   25   25   22   24   23   26   28   32   34   37   38   40
   39   38   34   30   26   24   23   24   26   28   29   32   32   34   34   35
   34   34   35   36   38   41   52   61   78                                   
    60.0-180.0 180.0   5.0 450.0                            LAT/LON1/LON2/DLON/H
   80   82   98  108  118  123  131  136  143  148  155  160  166  169  174  176
  180  180  178  171  164  148  134  114   99   83   74   64   59   54   51   47
   41   35   29   24   21   19   18   20   22   25   27   30   33   34   35   35
   33   31   26   22   19   17   18   19   23   24   28   28   30   30   31   30
   31   29   31   29   35   36   51   62   80                                   
    57.5-180.0 180.0   5.0 450.0                            LAT/LON1/LON2/DLON/H
   77   83   98  114  124  132  142  149  157  163  169  174  178  181  184  187
  190  193  193  189  183  170  155  138  121  105   91   80   72   66   59   54
   45   38   31   25   21   19   19   21   24   26   29   29   31   30   31   29
   28   25   21   17   16   15   17   19   23   27   29   30   29   29   28   28
   27   25   26   25   28   31   46   56   77                                   
    55.0-180.0 180.0   5.0 450.0                            LAT/LON1/LON2/DLON/H
   80   88  106  120  133  145  157  167  178  184  189  191  191  190  191  195
  197  203  203  203  196  189  174  159  144  128  114  103   93   84   76   68
   58   49   41   34   30   29   29   33   35   38   38   39   38   37   36   34
   31   29   25   23   21   23   25   30   34   38   38   37   36   33   33   31
   31   28   29   27   31   33   49   57   80                                   
    52.5-180.0 180.0   5.0 450.0                            LAT/LON1/LON2/DLON/H
   87   99  112  130  143  156  170  184  196  204  206  207  203  203  201  205
  208  213  213  214  208  202  190  177  162  148  136  125  114  104   93   84
   73   63   54   45   42   39   42   44   47   47   48   46   45   41   40   37
   37   35   34   34   34   37   40   45   48   50   49   46   42   39   37   36
   35   34   35   33   36   40   54   62   87                                   
    50.0-180.0 180.0   5.0 450.0                            LAT/LON1/LON2/DLON/H
  101  115  132  147  160  175  190  207  219  227  226  224  216  213  209  213
  214  220  219  220  213  209  198  190  177  167  157  148  135  124  112  101
   88   78   69   61   58   56   59   60   62   62   62   61   58   55   53   51
   51   51   51   52   53   56   59   64   66   67   63   59   53   49   47   45
   46   45   48   47   51   54   69   77  101                                   
    47.5-180.0 180.0   5.0 450.0                            LAT/LON1/LON2/DLON/H
  122  139  151  167  180  196  212  230  242  249  246  242  233  228  223  225
  225  228  226  225  219  214  207  201  192  185  174  163  149  135  121  108
   97   84   78   69   70   68   71   71   74   73   73   70   67   64   63   62
   63   65   67   69   72   75   78   81   82   80   75   69   61   57   54   53
   55   55   59   60   66   71   85   95  122                                   
    45.0-180.0 180.0   5.0 450.0                            LAT/LON1/LON2/DLON/H
  143  163  179  191  202  219  235  254  263  268  264  258  248  240  235  235
  234  234  230  228  221  218  213  210  205  197  188  171  155  134  121  106
   96   84   78   73   76   76   81   80   82   81   82   80   78   75   75   74
   77   80   84   87   89   92   93   95   94   91   84   77   69   65   63   62
   64   65   71   74   82   91  107  121  143                                   
    42.5-180.0 180.0   5.0 450.0                            LAT/LON1/LON2/DLON/H
  163  185  198  213  224  241  257  275  283  287  281  274  263  258  251  253
  249  247  239  235  228  226  223  222  217  210  195  175  150  127  110   95
   86   74   74   71   79   81   87   86   88   86   87   85   84   82   82   82
   85   88   94   96  100  101  102  101  100   95   88   80   73   68   66   65
   68   69   75   81   92  103  119  137  163                                   
    40.0-180.0 180.0   5.0 450.0                            LAT/LON1/LON2/DLON/H
  175  198  214  227  240  257  272  288  296  299  294  286  277  271  268  268
  264  260  251  246  240  238  236  233  230  217  201  172  143  115   99   83
   76   67   69   73   83   88   95   93   94   91   93   90   90   87   88   87
   90   93   98  101  104  105  105  104  101   96   89   82   76   72   70   69
   70   71   78   84  100  113  134  153  175                                   
    37.5-180.0 180.0   5.0 450.0                            LAT/LON1/LON2/DLON/H
  178  202  216  234  248  264  280  294  303  307  302  297  289  289  286  287
  283  279  269  264  257  256  251  248  239  225  202  169  133  105   88   73
   69   62   70   77   91   97  105  102  101   97   97   94   93   90   89   88
   89   91   96   98  102  103  104  102  100   94   89   82   77   72   70   67
   67   66   72   80   95  113  133  158  178                                   
    35.0-180.0 180.0   5.0 450.0                            LAT/LON1/LON2/DLON/H
  176  201  219  236  253  267  283  295  305  309  309  304  301  300  302  302
  301  296  288  282  277  273  267  258  248  229  205  168  137  111   99   88
   86   83   92  104  117  123  126  120  115  107  104  100   98   94   92   89
   90   89   93   95   99  101  103  101   99   95   91   86   81   76   73   70
   67   64   69   75   94  110  135  157  176                                   
    32.5-180.0 180.0   5.0 450.0                            LAT/LON1/LON2/DLON/H
  171  191  207  229  247  262  277  289  300  306  309  309  308  312  315  318
  317  314  307  305  298  294  281  270  254  234  209  178  153  135  128  121
  121  120  128  141  153  157  154  140  130  119  114  108  105   99   96   90
   88   86   88   89   95   99  103  103  102  100   96   92   88   83   78   72
   67   61   64   70   86  105  131  154  171                                   
    30.0-180.0 180.0   5.0 450.0                            LAT/LON1/LON2/DLON/H
  169  190  209  230  248  263  276  286  297  303  309  311  315  319  323  326
  327  324  321  319  316  306  293  275  261  241  223  202  191  180  182  177
  179  176  184  192  200  199  189  171  153  140  132  125  119  112  107  100
   96   91   92   93  100  106  112  114  114  111  107  104  100   95   89   83
   76   72   71   76   93  110  139  158  169                                   
    27.5-180.0 180.0   5.0 450.0                            LAT/LON1/LON2/DLON/H
  179  194  210  234  251  264  274  283  293  300  307  313  319  324  328  332
  333  332  330  331  327  317  300  283  268  256  244  236  235  238  248  249
  251  245  242  245  242  236  220  196  174  156  146  136  131  124  120  112
  106   97   95   94  102  110  119  122  123  120  117  114  110  105   98   90
   83   78   80   85  101  121  150  174  179                                   
    25.0-180.0 180.0   5.0 450.0                            LAT/LON1/LON2/DLON/H
  200  215  233  253  264  279  286  294  302  309  315  321  327  332  334  335
  336  335  336  336  335  321  307  290  284  278  280  285  299  318  338  347
  349  334  318  299  283  262  242  214  192  177  166  157  152  147  143  136
  128  116  111  108  115  122  132  136  136  133  128  124  120  115  108  100
   94   93   97  104  120  140  171  201  200                                   
    22.5-180.0 180.0   5.0 450.0                            LAT/LON1/LON2/DLON/H
  229  243  257  278  288  301  307  314  318  325  330  337  340  345  345  344
  342  341  339  341  337  327  314  305  308  314  328  344  371  401  424  417
  406  380  363  341  307  276  245  220  199  186  178  172  168  163  161  154
  147  134  127  122  127  133  141  145  144  140  135  130  124  120  113  106
  102  104  110  125  141  169  197  233  229                                   
    20.0-180.0 180.0   5.0 450.0                            LAT/LON1/LON2/DLON/H
  260  271  292  307  320  335  340  347  349  352  352  358  362  364  359  356
  350  346  344  342  341  332  330  331  349  367  389  414  444  470  476  470
  448  410  380  347  308  265  235  211  196  193  190  192  188  187  183  178
  168  158  150  146  147  152  155  159  154  150  140  136  127  124  118  114
  111  115  126  147  169  193  227  255  260                                   
    17.5-180.0 180.0   5.0 450.0                            LAT/LON1/LON2/DLON/H
  284  300  322  342  356  372  378  383  386  389  390  392  392  391  389  378
  368  360  357  351  352  346  353  367  397  422  453  475  499  516  523  512
  475  423  379  332  283  244  217  198  190  190  195  198  201  198  198  193
  189  179  172  166  165  167  169  169  163  155  147  137  131  124  120  115
  114  120  136  160  184  218  246  276  284                                   
    15.0-180.0 180.0   5.0 450.0                            LAT/LON1/LON2/DLON/H
  307  321  353  372  389  409  416  429  431  440  435  442  438  435  424  411
  396  383  372  368  365  370  383  413  448  485  507  523  545  557  553  527
  476  414  353  289  243  212  191  181  183  191  200  208  211  214  209  208
  200  195  186  184  182  186  184  182  174  165  151  143  130  126  120  118
  117  126  143  172  197  229  263  288  307                                   
    12.5-180.0 180.0   5.0 450.0                            LAT/LON1/LON2/DLON/H
  312  339  372  400  420  442  451  465  474  486  491  497  500  491  481  460
  443  417  408  394  398  403  428  460  502  532  557  575  579  574  547  511
  448  377  303  253  218  195  182  184  192  205  216  221  223  219  217  211
  207  200  196  191  191  191  190  186  177  164  152  139  130  123  119  115
  116  123  145  172  201  234  264  297  312                                   
    10.0-180.0 180.0   5.0 450.0                            LAT/LON1/LON2/DLON/H
  322  350  393  416  448  469  488  505  521  540  540  556  553  557  542  521
  493  464  440  430  428  443  470  503  542  577  599  599  582  551  513  465
  401  329  268  230  204  192  189  200  212  227  234  234  231  224  218  210
  203  200  197  196  197  200  198  194  184  170  153  140  127  122  117  113
  112  122  144  172  201  230  266  298  322                                   
     7.5-180.0 180.0   5.0 450.0                            LAT/LON1/LON2/DLON/H
  320  359  401  434  464  491  515  536  560  579  586  598  604  604  597  575
  550  510  486  467  468  477  506  545  585  620  625  608  570  532  486  438
