data/unet/pred2690.15i
     1.0            IONOSPHERE MAPS     GNSS                IONEX VERSION / TYPE
pyspatialgeodesy        IME             05-JAN-18 20:20     PGM / RUN BY / DATE 
Map Name                                                    COMMENT             
Predicted global ionosphere maps (GIM).                     DESCRIPTION         
  2015     9    26     0     0     0                        EPOCH OF FIRST MAP  
  2015     9    27     0     0     0                        EPOCH OF LAST MAP   
  7200                                                      INTERVAL            
    13                                                      # OF MAPS IN FILE   
  NONE                                                      MAPPING FUNCTION    
10.0                                                        ELEVATION CUTOFF    
One-way carrier phase leveled to code                       OBSERVABLES USED    
  6371.0                                                    BASE RADIUS         
 2                                                          MAP DIMENSION       
   450.0 450.0   0.0                                        HGT1 / HGT2 / DHGT  
    87.5 -87.5  -2.5                                        LAT1 / LAT2 / DLAT  
  -180.0 180.0   5.0                                        LON1 / LON2 / DLON  
    -1                                                      EXPONENT            
                                                            END OF HEADER       
[from data line 429]
     2                                                      START OF TEC MAP    
  2015     9    26     2     0     0                        EPOCH OF CURRENT MAP
    87.5-180.0 180.0   5.0 450.0                            LAT/LON1/LON2/DLON/H
  111  103   96   87   90   84   89   85   91   86   91   86   91   86   90   85
   89   84   87   82   85   81   84   80   83   79   82   78   81   78   80   77
   81   78   81   79   82   80   82   79   83   80   83   80   85   83   86   85
   89   87   91   89   94   92   95   93   98   95   98   95   99   96   98   94
   98   93   97   92   99   91   99  117  111                                   
    85.0-180.0 180.0   5.0 450.0                            LAT/LON1/LON2/DLON/H
  101  114   92   95   93   92   92   92   93   94   93   95   93   95   93   94
   91   91   89   88   85   84   82   81   79   78   77   76   75   75   75   74
   75   75   76   76   77   78   77   80   79   83   81   85   84   89   87   93
   92   97   96  101  101  104  104  106  107  108  107  108  107  107  106  105
  104  104  102  102  100   96  101  110  101                                   
    82.5-180.0 180.0   5.0 450.0                            LAT/LON1/LON2/DLON/H
  103  106  100   98   97   93   97   95  100   96  102   98  104   98  104   97
  102   93   97   88   91   81   85   76   79   70   75   67   72   65   71   65
   71   66   72   68   73   69   75   72   77   75   80   80   85   86   90   93
   97   99  102  106  108  111  112  115  117  118  117  118  118  117  116  115
  115  113  113  110  111  102  113  113  103                                   
    80.0-180.0 180.0   5.0 450.0                            LAT/LON1/LON2/DLON/H
  108  109  102   99  100   95  100   98  103  103  108  107  111  109  112  108
  108  103  102   95   93   86   84   77   75   70   70   65   66   63   65   62
   65   62   66   63   67   64   68   67   72   70   75   75   82   81   88   89
   98   99  106  108  115  116  121  121  126  124  127  125  128  125  126  123
  125  120  123  117  117  108  114  115  108                                   
    77.5-180.0 180.0   5.0 450.0                            LAT/LON1/LON2/DLON/H
  116  118  110  109  103  103  103  107  108  114  116  121  121  125  123  124
  119  117  112  108  100   96   89   85   78   76   71   71   68   69   68   70
   68   70   68   70   67   68   65   67   65   68   68   72   73   78   80   86
   91   97  102  108  112  117  121  125  128  130  132  133  134  134  134  134
  134  132  132  129  125  121  125  119  116                                   
    75.0-180.0 180.0   5.0 450.0                            LAT/LON1/LON2/DLON/H
  127  123  117  114  110  107  109  111  115  118  125  126  130  130  132  128
  126  120  117  109  103   96   91   83   80   74   74   70   72   69   73   70
   74   71   73   69   69   64   63   59   59   57   60   59   64   65   71   73
   80   83   91   97  104  109  115  120  125  127  130  132  134  134  135  135
  137  136  137  136  134  130  135  129  127                                   
    72.5-180.0 180.0   5.0 450.0                            LAT/LON1/LON2/DLON/H
  140  135  129  121  114  112  113  116  118  124  128  133  134  137  135  133
  127  124  117  112  103   98   89   84   78   75   72   73   72   74   75   77
   76   78   74   73   67   64   58   56   51   50   49   52   52   55   58   63
   68   73   80   87   96  102  111  116  124  127  132  133  136  136  138  138
  141  140  144  143  142  142  147  140  140                                   
    70.0-180.0 180.0   5.0 450.0                            LAT/LON1/LON2/DLON/H
  151  144  138  132  123  118  119  120  123  126  131  133  134  133  130  126
  122  117  110  104   97   90   83   77   72   69   69   67   70   70   75   73
   77   73   74   67   65   56   52   46   44   41   41   42   45   47   52   56
   62   66   74   80   88   97  104  113  119  124  127  131  133  134  136  138
  140  142  145  149  148  150  156  151  151                                   
    67.5-180.0 180.0   5.0 450.0                            LAT/LON1/LON2/DLON/H
  160  154  150  140  128  125  122  125  126  131  132  135  131  131  124  122
  113  111  102   99   89   85   75   72   65   65   62   66   66   71   71   75
   72   74   68   65   56   52   43   40   36   35   34   36   38   42   45   52
   57   64   71   78   86   94  104  111  120  124  130  132  136  135  138  138
  142  143  148  152  154  157  163  159  160                                   
    65.0-180.0 180.0   5.0 450.0                            LAT/LON1/LON2/DLON/H
  168  159  154  147  136  128  127  127  129  132  133  132  128  122  116  110
  105  100   95   89   84   77   71   65   62   59   61   61   65   65   69   67
   69   64   62   54   50   42   38   33   32   31   32   35   38   42   47   52
   57   63   70   76   84   93  101  111  118  125  129  133  136  137  138  140
  141  143  146  151  154  157  166  166  168                                   
    62.5-180.0 180.0   5.0 450.0                            LAT/LON1/LON2/DLON/H
  169  163  159  150  137  133  129  133  131  136  133  133  124  121  110  107
   97   97   89   88   79   76   66   64   57   57   56   60   61   64   63   64
   60   58   51   47   40   36   30   29   27   29   30   35   38   44   47   54
   58   64   70   77   85   93  103  111  122  126  132  134  140  140  143  141
  144  143  147  148  152  157  164  165  169                                   
    60.0-180.0 180.0   5.0 450.0                            LAT/LON1/LON2/DLON/H
  169  161  158  152  141  134  131  132  134  135  134  131  125  117  109  102
   99   94   93   85   83   72   69   60   60   55   58   57   63   61   62   58
   56   50   46   40   37   33   32   30   32   34   37   42   46   50   54   59
   62   66   72   78   86   94  104  113  123  129  134  138  144  145  147  147
  146  145  145  146  148  152  161  164  169                                   
    57.5-180.0 180.0   5.0 450.0                            LAT/LON1/LON2/DLON/H
  165  162  158  152  140  137  132  135  133  137  132  131  122  118  108  107
  100  101   94   93   83   78   67   64   58   58   57   61   62   63   60   58
   53   49   43   40   36   35   34   35   37   40   43   48   52   56   58   63
   65   70   75   82   91  100  110  119  131  136  142  147  153  155  157  156
  155  151  151  147  149  152  160  159  165                                   
    55.0-180.0 180.0   5.0 450.0                            LAT/LON1/LON2/DLON/H
  166  161  159  155  146  139  136  135  135  135  134  129  125  118  114  110
  110  105  104   96   92   79   74   64   64   60   65   64   69   66   65   59
   55   49   46   43   43   42   44   45   49   51   54   58   61   63   65   67
   70   73   79   87   97  107  117  127  137  143  149  154  161  165  168  168
  166  161  157  154  151  153  160  161  166                                   
    52.5-180.0 180.0   5.0 450.0                            LAT/LON1/LON2/DLON/H
  170  168  167  160  149  144  141  140  138  138  133  131  125  123  118  118
  115  114  109  104   95   87   76   72   67   69   70   75   76   76   72   69
   62   59   55   55   55   56   56   59   60   62   63   66   66   69   68   72
   73   78   85   96  107  118  128  138  146  153  156  163  169  176  180  182
  181  176  172  166  164  163  168  164  170                                   
    50.0-180.0 180.0   5.0 450.0                            LAT/LON1/LON2/DLON/H
  181  177  175  173  161  154  150  147  144  140  136  132  129  126  124  122
  122  117  114  106  101   88   84   76   79   76   82   83   88   84   82   75
   71   66   66   66   69   70   71   72   74   73   74   74   75   75   76   76
   81   86   95  108  120  133  142  152  158  163  167  172  179  185  191  194
  194  191  186  181  178  174  178  176  181                                   
    47.5-180.0 180.0   5.0 450.0                            LAT/LON1/LON2/DLON/H
  196  195  192  186  177  169  165  159  155  149  143  138  134  132  130  128
  126  121  117  111  104   98   91   89   87   90   91   95   94   94   88   86
   80   79   79   82   84   86   86   86   85   84   82   82   81   81   80   84
   89   98  109  123  136  149  158  168  172  176  176  182  186  194  199  204
  206  205  202  197  197  193  193  187  196                                   
    45.0-180.0 180.0   5.0 450.0                            LAT/LON1/LON2/DLON/H
  213  208  207  201  192  186  181  175  167  158  152  145  143  139  137  132
  128  121  117  110  109  101  103   97  101   98  102  100  101   96   93   87
   86   84   88   91   95   97   97   95   95   91   90   89   89   88   89   92
  100  111  124  139  152  165  175  182  186  187  189  190  198  201  209  211
  215  214  214  210  213  207  209  205  213                                   
    42.5-180.0 180.0   5.0 450.0                            LAT/LON1/LON2/DLON/H
  227  225  219  213  206  201  199  192  185  174  165  157  153  149  145  138
  131  124  119  117  116  115  113  112  110  109  105  105  100   97   92   89
   87   89   93   98  101  105  103  102  100   98   96   97   97   98   98  106
  115  127  139  153  166  181  189  197  199  199  197  200  204  210  214  218
  220  221  221  221  225  222  223  219  227                                   
    40.0-180.0 180.0   5.0 450.0                            LAT/LON1/LON2/DLON/H
  240  235  231  223  216  211  209  204  199  188  181  170  167  160  154  144
  136  127  125  123  127  125  127  121  121  111  108  100   97   90   87   83
   85   86   92   98  103  106  107  105  106  103  105  105  107  108  110  117
  128  139  153  166  179  191  200  207  210  210  209  210  216  218  223  222
  225  223  226  227  235  231  234  231  240                                   
    37.5-180.0 180.0   5.0 450.0                            LAT/LON1/LON2/DLON/H
  252  247  238  230  223  221  221  218  214  207  200  191  183  175  166  154
  144  136  135  137  141  141  140  135  127  118  107   99   92   85   81   79
   80   84   90   97  101  106  107  108  108  108  109  112  115  117  120  127
  139  150  164  178  190  202  212  218  224  223  224  225  230  232  233  232
  232  231  234  236  245  242  245  245  252                                   
    35.0-180.0 180.0   5.0 450.0                            LAT/LON1/LON2/DLON/H
  266  256  249  238  232  228  229  226  225  220  216  208  201  189  178  164
  154  147  148  150  155  152  150  138  130  115  106   96   90   83   80   77
   79   82   87   94   99  104  107  107  111  110  115  117  122  122  125  130
  142  153  169  182  195  208  218  228  232  235  237  242  248  250  250  245
  245  241  244  245  255  253  259  258  266                                   
    32.5-180.0 180.0   5.0 450.0                            LAT/LON1/LON2/DLON/H
  288  275  262  253  245  241  241  240  238  236  232  226  217  203  188  174
  164  158  161  163  165  161  153  142  129  116  107   97   95   87   87   84
   86   89   93   99  102  107  109  111  113  115  117  121  123  122  124  128
  139  150  166  179  195  211  227  239  249  251  256  262  270  272  273  269
  267  263  265  266  275  272  277  278  288                                   
    30.0-180.0 180.0   5.0 450.0                            LAT/LON1/LON2/DLON/H
  322  307  295  275  262  254  251  248  246  244  241  236  226  211  195  180
  171  167  169  169  169  159  151  134  127  115  113  109  107  104  100  100
   99  103  103  107  108  110  112  112  116  114  119  118  121  116  117  118
  129  141  160  177  192  211  229  245  257  262  270  279  291  302  305  303
  300  294  294  296  305  304  301  304  322                                   
    27.5-180.0 180.0   5.0 450.0                            LAT/LON1/LON2/DLON/H
  369  357  340  316  298  279  273  264  261  256  252  244  233  217  199  183
  174  170  169  167  160  150  137  127  122  120  124  125  129  125  126  124
  127  128  127  125  121  120  119  119  117  116  114  112  110  105  104  106
  117  130  150  169  188  206  227  244  262  270  282  295  312  327  338  342
  343  343  342  345  350  351  341  337  369                                   
    25.0-180.0 180.0   5.0 450.0                            LAT/LON1/LON2/DLON/H
  423  424  409  381  351  325  301  287  275  268  258  249  235  219  199  183
  172  166  163  154  146  131  124  118  126  132  142  150  152  152  153  154
  155  155  148  142  132  128  124  119  119  110  110  103  103   95   95   95
  108  122  145  168  188  212  232  247  265  273  291  303  329  348  365  376
  382  386  391  394  401  404  396  385  423                                   
    22.5-180.0 180.0   5.0 450.0                            LAT/LON1/LON2/DLON/H
  468  476  466  443  415  379  351  324  306  288  277  259  243  222  202  183
  170  160  150  139  124  114  110  116  134  151  166  175  179  179  182  184
  185  182  173  161  148  137  130  124  116  109  101   94   89   86   85   89
  101  116  140  164  191  214  240  255  274  288  303  323  345  365  388  406
  420  432  438  444  449  454  446  429  468                                   
    20.0-180.0 180.0   5.0 450.0                            LAT/LON1/LON2/DLON/H
  518  532  526  509  482  451  413  378  346  323  297  276  250  228  205  185
  167  152  138  122  111  103  110  126  152  177  193  203  207  205  210  206
  204  196  185  171  155  143  134  124  117  103   99   88   86   80   82   86
  101  117  143  170  197  226  251  272  291  306  324  343  366  389  414  437
  454  465  473  478  488  496  496  485  518                                   
    17.5-180.0 180.0   5.0 450.0                            LAT/LON1/LON2/DLON/H
  541  557  556  545  530  502  471  433  399  366  338  305  273  245  221  199
  175  156  137  120  110  110  123  148  179  203  217  226  228  227  224  222
  213  203  191  177  163  149  139  128  117  103   93   84   79   76   76   82
   95  113  141  169  202  230  260  285  307  328  342  363  383  407  435  457
  480  493  503  512  522  527  530  515  541                                   
    15.0-180.0 180.0   5.0 450.0                            LAT/LON1/LON2/DLON/H
  572  583  589  588  575  557  527  496  458  423  383  350  304  271  240  215
  191  166  147  130  126  133  150  182  209  231  242  247  246  238  234  223
  214  200  190  178  163  153  141  131  119  104   95   84   81   74   76   79
   96  115  146  175  209  237  269  299  328  350  364  382  401  426  451  477
  497  514  525  536  548  555  562  553  572                                   
    12.5-180.0 180.0   5.0 450.0                            LAT/LON1/LON2/DLON/H
  580  593  603  602  600  584  564  536  505  471  434  392  349  311  274  248
  221  199  179  164  165  174  195  219  243  257  261  258  250  238  228  218
  205  194  185  174  164  155  145  135  121  106   96   88   80   74   72   78
   94  116  147  179  212  243  274  307  339  362  378  395  416  435  461  482
  505  520  535  548  561  563  570  557  580                                   
    10.0-180.0 180.0   5.0 450.0                            LAT/LON1/LON2/DLON/H
  594  606  618  628  625  617  601  581  553  523  484  446  399  364  323  293
  259  234  218  210  211  225  241  263  278  280  274  262  249  231  223  210
  198  187  180  174  163  158  146  138  123  108   99   88   81   71   69   72
   92  113  148  178  212  238  272  304  337  363  382  401  421  444  463  484
  502  519  534  550  564  569  581  577  594                                   
     7.5-180.0 180.0   5.0 450.0                            LAT/LON1/LON2/DLON/H
  590  604  619  629  636  631  622  606  583  558  526  488  447  410  376  346
  314  292  278  273  278  289  298  303  302  288  272  254  237  222  214  202
