data/unet/pred2820.15i
     1.0            IONOSPHERE MAPS     GNSS                IONEX VERSION / TYPE
pyspatialgeodesy        IME             05-JAN-18 20:20     PGM / RUN BY / DATE 
Map Name                                                    COMMENT             
Predicted global ionosphere maps (GIM).                     DESCRIPTION         
  2015    10     9     0     0     0                        EPOCH OF FIRST MAP  
  2015    10    10     0     0     0                        EPOCH OF LAST MAP   
  7200                                                      INTERVAL            
    13                                                      # OF MAPS IN FILE   
  NONE                                                      MAPPING FUNCTION    
10.0                                                        ELEVATION CUTOFF    
One-way carrier phase leveled to code                       OBSERVABLES USED    
  6371.0                                                    BASE RADIUS         
 2                                                          MAP DIMENSION       
   450.0 450.0   0.0                                        HGT1 / HGT2 / DHGT  
    87.5 -87.5  -2.5                                        LAT1 / LAT2 / DLAT  
  -180.0 180.0   5.0                                        LON1 / LON2 / DLON  
    -1                                                      EXPONENT            
                                                            END OF HEADER       
[from data line 4719]
    12                                                      START OF TEC MAP    
  2015    10     9    22     0     0                        EPOCH OF CURRENT MAP
    87.5-180.0 180.0   5.0 450.0                            LAT/LON1/LON2/DLON/H
  145   89   66   69   68   68   68   68   69   68   69   69   69   69   70   69
   69   68   69   68   68   67   67   66   66   64   64   62   62   60   59   57
   58   56   56   54   55   54   54   53   54   53   54   53   54   54   55   54
   55   55   56   56   57   57   58   58   60   60   61   61   62   62   63   63
   64   64   64   64   65   65   70  121  145                                   
    85.0-180.0 180.0   5.0 450.0                            LAT/LON1/LON2/DLON/H
   75   57   56   58   60   59   60   60   61   62   63   64   64   65   65   65
   65   64   63   63   62   60   59   58   55   54   51   50   47   46   42   42
   38   38   35   35   33   34   32   33   32   33   32   34   34   36   36   37
   38   40   40   42   43   46   46   48   49   51   51   52   53   54   54   54
   55   55   55   54   56   55   58   91   75                                   
    82.5-180.0 180.0   5.0 450.0                            LAT/LON1/LON2/DLON/H
   65   58   59   61   63   61   65   64   68   68   72   72   75   74   77   76
   77   75   75   73   72   68   68   63   62   58   57   52   51   46   45   40
   40   35   35   31   32   29   31   28   30   29   31   30   33   32   36   35
   39   38   42   42   47   46   51   50   54   54   57   56   59   57   60   58
   60   58   59   57   59   54   60   81   65                                   
    80.0-180.0 180.0   5.0 450.0                            LAT/LON1/LON2/DLON/H
   68   61   57   60   60   62   64   67   69   73   76   79   81   83   84   86
   85   85   83   82   79   77   73   70   67   63   60   56   53   49   45   42
   39   36   34   32   31   29   28   28   28   28   28   29   30   31   32   34
   35   37   38   42   43   47   48   52   53   56   56   59   58   60   59   60
   59   59   57   57   56   57   56   72   68                                   
    77.5-180.0 180.0   5.0 450.0                            LAT/LON1/LON2/DLON/H
   64   60   56   58   58   60   63   67   71   75   80   83   87   89   91   92
   92   90   89   87   84   80   78   73   70   65   62   57   54   49   47   43
   40   37   35   33   31   30   29   29   28   29   28   29   28   31   30   32
   32   35   35   39   40   44   46   49   51   54   55   57   57   58   58   58
   57   57   55   54   54   53   54   70   64                                   
    75.0-180.0 180.0   5.0 450.0                            LAT/LON1/LON2/DLON/H
   62   59   54   59   58   63   65   70   73   80   84   89   93   96   97   98
   96   94   91   88   84   81   77   73   69   66   62   59   56   53   49   47
   43   41   37   36   34   34   32   32   31   32   31   32   31   32   31   32
   31   33   33   37   37   41   42   46   47   51   52   55   55   56   56   56
   55   55   53   53   53   54   56   70   62                                   
    72.5-180.0 180.0   5.0 450.0                            LAT/LON1/LON2/DLON/H
   62   61   57   60   60   63   67   71   76   81   88   92   96   97   99   97
   95   92   88   84   80   77   74   70   67   64   62   58   57   53   52   48
   46   43   41   39   37   36   35   35   34   34   33   33   33   33   32   32
   31   32   31   33   34   37   38   41   43   46   48   50   51   52   53   52
   52   51   51   50   52   52   55   72   62                                   
    70.0-180.0 180.0   5.0 450.0                            LAT/LON1/LON2/DLON/H
   64   63   59   63   62   67   69   74   79   85   90   95   97   98   98   95
   92   87   83   78   74   70   67   63   61   59   56   55   53   53   50   49
   46   45   41   40   38   38   36   36   35   35   34   35   34   34   32   33
   30   31   29   30   30   32   33   36   37   41   42   45   46   47   47   48
   48   49   49   50   51   53   57   74   64                                   
    67.5-180.0 180.0   5.0 450.0                            LAT/LON1/LON2/DLON/H
   68   66   63   65   64   67   70   74   80   85   91   95   97   97   96   92
   88   82   77   72   67   63   61   57   54   52   51   49   49   48   48   46
   44   42   40   39   36   36   35   34   34   34   35   35   35   35   34   34
   31   30   27   28   26   28   28   31   32   35   37   39   41   42   44   45
   46   46   47   48   52   54   58   76   68                                   
    65.0-180.0 180.0   5.0 450.0                            LAT/LON1/LON2/DLON/H
   70   68   65   67   66   68   70   74   78   85   90   95   96   97   95   91
   86   80   75   69   65   60   57   51   48   45   43   42   41   42   40   42
   38   39   35   36   32   33   30   31   30   32   32   34   34   35   33   34
   30   29   26   26   23   24   24   26   27   29   31   34   36   39   40   43
   44   46   46   49   52   55   61   79   70                                   
    62.5-180.0 180.0   5.0 450.0                            LAT/LON1/LON2/DLON/H
   73   71   68   69   66   66   68   71   77   82   89   93   97   97   96   92
   88   82   77   71   66   59   55   49   45   40   39   36   37   36   36   36
   34   33   31   29   27   26   25   25   25   27   28   31   31   33   32   32
   29   28   24   23   20   20   20   22   23   25   27   30   33   36   39   42
   44   46   47   48   53   56   61   80   73                                   
    60.0-180.0 180.0   5.0 450.0                            LAT/LON1/LON2/DLON/H
   73   72   69   69   67   65   66   69   73   79   85   92   95   98   97   97
   93   89   83   79   72   65   57   50   43   38   34   33   31   33   30   33
   28   30   25   26   22   23   20   23   22   25   25   29   29   32   30   31
   27   26   22   21   17   18   17   19   20   22   24   28   30   36   38   44
   45   49   48   52   54   57   64   82   73                                   
    57.5-180.0 180.0   5.0 450.0                            LAT/LON1/LON2/DLON/H
   75   77   72   72   68   65   66   66   71   75   83   88   94   98  101  102
  101   98   94   88   81   72   64   53   46   38   36   32   32   30   31   30
   29   26   25   24   21   22   21   22   23   25   26   29   29   31   29   29
   26   25   21   20   17   17   17   19   20   22   24   28   31   36   41   46
   50   53   53   54   57   59   62   83   75                                   
    55.0-180.0 180.0   5.0 450.0                            LAT/LON1/LON2/DLON/H
   78   82   78   78   74   70   68   68   70   74   80   86   92   99  103  108
  108  109  105  101   92   83   71   61   50   43   37   36   33   34   32   33
   28   29   24   26   23   26   24   28   27   31   30   33   31   33   30   30
   26   25   20   20   17   19   17   21   20   24   24   29   31   38   42   50
   53   58   58   60   61   63   69   88   78                                   
    52.5-180.0 180.0   5.0 450.0                            LAT/LON1/LON2/DLON/H
   85   91   87   88   83   78   76   72   75   74   80   84   91   98  105  110
  114  114  113  108  101   90   80   66   57   48   45   41   41   39   39   36
   35   32   31   31   31   33   34   36   37   39   38   40   37   37   33   33
   29   27   24   23   21   22   23   25   26   28   29   32   35   41   47   54
   60   64   66   66   67   68   72   93   85                                   
    50.0-180.0 180.0   5.0 450.0                            LAT/LON1/LON2/DLON/H
   92  101   99  100   95   91   86   84   81   80   81   85   91   99  105  112
  116  118  117  115  107   99   86   76   65   59   53   51   49   48   45   44
   39   39   38   41   41   46   45   49   48   52   49   50   45   45   40   39
   34   33   28   29   26   29   28   33   32   35   33   37   38   44   49   58
   64   71   72   76   75   77   83  102   92                                   
    47.5-180.0 180.0   5.0 450.0                            LAT/LON1/LON2/DLON/H
  105  116  113  114  111  106  104   97   94   88   88   87   93   99  106  111
  116  117  118  117  112  103   96   84   77   68   66   60   60   55   54   50
   48   46   47   51   54   57   60   63   63   64   61   61   56   54   50   48
   44   42   38   37   36   37   39   41   42   43   42   43   45   49   56   63
   72   78   83   85   87   88   91  111  105                                   
    45.0-180.0 180.0   5.0 450.0                            LAT/LON1/LON2/DLON/H
  117  130  128  131  128  126  121  117  109  104   98   98  100  105  110  115
  117  119  120  121  117  112  104   96   87   81   75   71   66   62   58   54
   51   51   53   59   63   69   71   76   74   77   72   73   67   65   60   59
   54   54   49   49   46   48   47   51   50   51   49   50   51   55   60   68
   76   86   92   98  100  101  105  124  117                                   
    42.5-180.0 180.0   5.0 450.0                            LAT/LON1/LON2/DLON/H
  131  144  141  146  144  142  140  134  128  118  113  109  111  112  117  119
  121  122  124  126  125  121  116  109  102   93   87   79   73   65   61   56
   54   54   58   65   72   78   82   85   86   86   84   82   78   75   72   70
   68   65   62   59   58   58   59   59   60   58   57   56   59   62   67   74
   83   93  103  110  115  117  117  137  131                                   
    40.0-180.0 180.0   5.0 450.0                            LAT/LON1/LON2/DLON/H
  142  156  155  160  160  159  157  153  145  137  128  126  124  127  127  130
  129  130  132  135  135  134  129  122  114  103   93   83   73   65   60   56
   56   57   62   72   79   88   89   94   92   95   91   91   86   85   81   82
   78   77   71   70   66   67   65   66   64   63   61   62   64   68   72   80
   88  101  112  123  129  130  130  150  142                                   
    37.5-180.0 180.0   5.0 450.0                            LAT/LON1/LON2/DLON/H
  156  165  163  170  172  172  172  168  163  153  147  143  143  142  143  142
  142  142  146  150  150  149  143  136  125  113   99   86   73   64   60   58
   59   62   70   77   87   92   98   99  100  100  100   97   95   92   92   89
   88   83   80   75   74   72   71   70   68   66   65   66   70   75   81   88
   98  110  123  135  143  144  141  163  156                                   
    35.0-180.0 180.0   5.0 450.0                            LAT/LON1/LON2/DLON/H
  167  177  176  184  187  188  189  185  179  172  165  164  162  164  162  162
  159  161  163  167  166  163  156  146  133  117  101   85   72   64   63   63
   68   73   80   89   96  102  102  105  103  105  103  103   99   98   96   95
   91   88   82   79   75   74   71   70   66   65   63   68   73   81   88   96
  106  120  133  147  155  156  155  178  167                                   
    32.5-180.0 180.0   5.0 450.0                            LAT/LON1/LON2/DLON/H
  183  188  188  197  200  202  204  199  197  190  186  183  184  184  183  181
  179  179  182  183  180  173  163  152  136  120  103   87   74   67   70   72
   82   86   95  100  106  107  109  107  108  108  109  107  105  101  100   96
   92   86   82   77   75   73   72   68   65   62   62   68   77   87   98  107
  118  131  146  159  168  170  167  194  183                                   
    30.0-180.0 180.0   5.0 450.0                            LAT/LON1/LON2/DLON/H
  199  208  212  219  222  224  223  220  216  211  206  207  207  208  205  202
  198  198  197  194  187  176  164  151  137  121  106   91   80   75   81   87
   99  104  112  115  119  116  113  112  111  112  112  111  108  103  100   95
   91   84   78   75   74   73   70   67   61   59   58   67   77   91  104  116
  128  143  158  171  181  184  184  212  199                                   
    27.5-180.0 180.0   5.0 450.0                            LAT/LON1/LON2/DLON/H
  226  234  242  251  254  254  255  247  244  235  234  231  232  230  228  224
  219  215  210  201  188  174  160  148  136  124  113  101   94   92  102  110
  124  127  132  130  129  122  118  113  114  113  115  111  109  103  100   93
   87   78   73   68   68   67   67   63   60   57   59   66   79   95  112  127
  142  157  172  186  196  201  201  233  226                                   
    25.0-180.0 180.0   5.0 450.0                            LAT/LON1/LON2/DLON/H
  254  269  282  291  295  296  294  288  280  274  268  266  263  260  254  249
  240  233  219  206  189  172  157  147  140  131  125  117  113  112  123  131
  143  143  145  139  136  127  123  119  119  119  119  116  113  106  102   95
   89   80   74   68   66   65   64   61   57   56   56   65   78   96  115  133
  152  168  186  199  215  222  228  260  254                                   
    22.5-180.0 180.0   5.0 450.0                            LAT/LON1/LON2/DLON/H
  289  305  319  329  337  337  337  327  323  312  311  304  304  296  291  280
  269  251  232  211  191  173  159  153  150  146  147  142  142  143  151  156
  164  161  158  150  144  133  130  125  126  125  124  120  116  108  103   94
   85   76   68   63   60   59   58   55   55   53   56   64   80   98  119  139
  160  180  199  216  233  244  254  287  289                                   
    20.0-180.0 180.0   5.0 450.0                            LAT/LON1/LON2/DLON/H
  320  339  352  365  372  378  375  369  361  355  351  349  349  343  335  321
  303  278  249  225  200  181  171  168  170  168  172  170  170  168  174  176
  182  177  170  160  151  141  135  135  136  136  135  131  124  117  109   99
   89   78   71   64   61   59   58   56   56   54   57   66   80  101  123  145
  168  189  212  230  251  265  281  314  320                                   
    17.5-180.0 180.0   5.0 450.0                            LAT/LON1/LON2/DLON/H
  353  370  378  391  402  409  413  408  405  394  396  391  397  390  386  368
  349  315  285  254  233  209  201  195  202  203  211  208  205  199  200  197
  201  194  186  172  161  151  147  146  149  148  147  142  135  125  115  103
   91   81   71   64   58   56   54   54   55   56   60   68   85  105  128  152
  174  196  220  242  263  286  308  339  353                                   
    15.0-180.0 180.0   5.0 450.0                            LAT/LON1/LON2/DLON/H
  380  396  398  409  417  430  434  442  438  435  433  437  444  443  440  425
  403  365  329  299  277  260  249  245  247  249  253  247  238  225  216  212
  211  204  197  182  171  163  158  160  161  160  160  155  149  138  125  113
  100   89   79   69   61   56   53   53   55   59   64   75   90  113  137  162
  184  204  230  251  276  303  330  363  380                                   
    12.5-180.0 180.0   5.0 450.0                            LAT/LON1/LON2/DLON/H
  401  418  413  422  429  440  452  462  469  469  472  478  489  491  492  478
  459  421  388  355  340  323  316  305  305  299  296  285  269  250  233  226
  224  218  209  196  187  180  176  175  173  171  169  166  158  148  133  119
  104   93   81   70   59   51   47   47   51   56   63   76   94  117  143  168
  189  209  234  257  283  315  349  382  401                                   
    10.0-180.0 180.0   5.0 450.0                            LAT/LON1/LON2/DLON/H
  418  431  426  427  431  445  458  476  485  496  500  514  526  532  536  526
  513  478  450  421  408  394  386  372  359  344  328  310  284  262  242  237
  233  229  221  211  203  196  192  188  182  177  174  168  163  151  137  121
  108   95   83   71   60   50   46   45   47   53   60   77   95  122  149  175
  197  215  240  262  291  324  361  396  418                                   
     7.5-180.0 180.0   5.0 450.0                            LAT/LON1/LON2/DLON/H
  431  449  436  436  436  447  462  478  493  505  516  531  545  555  562  559
  551  527  505  480  476  464  456  430  406  379  355  330  302  276  255  249
