data/unet/pred0620.15i
     1.0            IONOSPHERE MAPS     GNSS                IONEX VERSION / TYPE
pyspatialgeodesy        IME             05-JAN-18 20:20     PGM / RUN BY / DATE 
Map Name                                                    COMMENT             
Predicted global ionosphere maps (GIM).                     DESCRIPTION         
  2015     3     3     0     0     0                        EPOCH OF FIRST MAP  
  2015     3     4     0     0     0                        EPOCH OF LAST MAP   
  7200                                                      INTERVAL            
    13                                                      # OF MAPS IN FILE   
  NONE                                                      MAPPING FUNCTION    
10.0                                                        ELEVATION CUTOFF    
One-way carrier phase leveled to code                       OBSERVABLES USED    
  6371.0                                                    BASE RADIUS         
 2                                                          MAP DIMENSION       
   450.0 450.0   0.0                                        HGT1 / HGT2 / DHGT  
    87.5 -87.5  -2.5                                        LAT1 / LAT2 / DLAT  
  -180.0 180.0   5.0                                        LON1 / LON2 / DLON  
    -1                                                      EXPONENT            
                                                            END OF HEADER       
[from data line 2574]
     7                                                      START OF TEC MAP    
  2015     3     3    12     0     0                        EPOCH OF CURRENT MAP
    87.5-180.0 180.0   5.0 450.0                            LAT/LON1/LON2/DLON/H
  120  127  127  127  128  128  130  130  133  132  135  135  138  137  139  138
  141  140  142  141  144  143  144  144  144  144  144  144  143  143  142  142
  140  140  138  137  134  133  131  130  127  127  124  124  122  121  119  118
  116  115  114  113  112  112  110  111  110  111  109  112  111  113  112  114
  115  117  118  119  120  120  130  115  120                                   
    85.0-180.0 180.0   5.0 450.0                            LAT/LON1/LON2/DLON/H
  118  118  118  117  121  120  126  126  130  128  133  131  135  132  136  134
  138  135  138  137  141  139  142  141  145  143  146  144  148  144  148  144
  147  142  144  138  140  133  135  128  131  123  126  119  122  114  117  110
  112  106  109  104  106  102  103  101  102  100  100   99  101  100  101  100
  103  102  105  105  108  110  119  124  118                                   
    82.5-180.0 180.0   5.0 450.0                            LAT/LON1/LON2/DLON/H
  107  106  106  108  109  113  114  117  119  119  120  120  122  119  121  119
  122  120  123  123  128  127  132  132  138  136  141  141  147  145  149  146
  149  144  146  141  142  135  135  128  127  120  120  115  113  108  106  102
  100   95   95   90   90   87   86   85   85   84   83   84   84   85   85   87
   88   90   91   91   93   93   98   99  107                                   
    80.0-180.0 180.0   5.0 450.0                            LAT/LON1/LON2/DLON/H
   96   89   92   94   97   96  103  102  107  103  107  103  105   99  101   98
  100   98  102  103  107  109  115  118  124  125  133  135  142  142  148  146
  152  147  150  144  145  136  137  128  128  119  121  113  113  106  106  100
  100   94   93   90   88   89   86   88   84   86   83   85   82   83   81   83
   82   84   82   82   82   81   81   87   96                                   
    77.5-180.0 180.0   5.0 450.0                            LAT/LON1/LON2/DLON/H
   86   84   79   82   82   87   86   90   87   89   85   85   81   79   76   76
   73   76   77   82   83   91   94  105  107  120  123  136  137  149  148  158
  154  161  155  159  150  150  140  139  129  129  121  120  113  111  106  105
  100   99   96   96   93   94   93   93   92   91   91   90   89   88   87   87
   85   85   82   80   78   75   75   78   86                                   
    75.0-180.0 180.0   5.0 450.0                            LAT/LON1/LON2/DLON/H
   81   78   73   74   74   76   78   78   77   74   72   68   64   59   56   53
   53   53   57   61   67   74   84   93  103  111  122  130  141  145  154  156
  164  163  167  165  165  161  157  152  144  140  135  131  125  122  119  117
  113  113  110  111  108  111  108  109  106  107  104  104  100  100   97   96
   92   91   86   82   79   76   77   77   81                                   
    72.5-180.0 180.0   5.0 450.0                            LAT/LON1/LON2/DLON/H
   79   80   74   75   75   75   76   74   73   68   65   57   53   46   43   39
   40   42   46   52   60   71   80   92  101  113  123  135  144  154  159  167
  171  175  176  180  180  179  175  171  164  160  155  149  145  138  140  134
  136  133  135  131  131  129  128  124  123  120  118  115  113  110  108  106
  102  100   96   91   86   81   80   80   79                                   
    70.0-180.0 180.0   5.0 450.0                            LAT/LON1/LON2/DLON/H
   83   84   75   79   77   77   78   74   73   67   62   54   47   39   35   32
   33   36   41   49   60   72   85   98  109  120  129  141  151  159  166  172
  181  183  187  191  194  194  192  189  184  181  175  171  167  165  163  162
  161  161  159  156  154  147  143  137  132  130  123  122  115  115  110  110
  105  105  101   97   92   88   86   84   83                                   
    67.5-180.0 180.0   5.0 450.0                            LAT/LON1/LON2/DLON/H
   84   85   78   82   80   82   83   79   76   70   63   54   46   38   34   31
   31   36   42   52   64   80   92  108  117  129  136  146  155  162  169  176
  183  188  192  198  201  204  202  203  199  200  196  193  193  191  192  190
  189  187  185  180  175  165  155  144  136  129  123  117  112  106  103  103
  101  102  100   98   96   92   88   91   84                                   
    65.0-180.0 180.0   5.0 450.0                            LAT/LON1/LON2/DLON/H
   87   87   77   80   82   86   87   85   81   74   68   58   50   41   36   35
   37   41   49   59   74   91  105  118  130  137  145  150  159  165  174  179
  189  192  199  203  210  211  212  215  214  217  212  215  214  216  213  212
  209  208  203  195  186  169  156  140  129  120  111  104   98   92   88   88
   87   92   91   93   93   92   90   95   87                                   
    62.5-180.0 180.0   5.0 450.0                            LAT/LON1/LON2/DLON/H
   81   80   71   77   77   83   86   87   83   78   69   61   54   45   41   39
   42   48   56   67   78   95  108  123  131  139  145  149  158  162  172  179
  189  194  202  204  214  213  217  222  223  229  228  233  232  236  230  230
  223  221  213  206  193  175  156  140  124  112  101   93   84   78   72   71
   74   75   82   84   88   87   85   94   81                                   
    60.0-180.0 180.0   5.0 450.0                            LAT/LON1/LON2/DLON/H
   79   74   66   70   75   81   87   86   86   77   74   62   60   49   47   43
   47   51   62   71   85   99  113  122  134  136  144  145  155  160  172  178
  192  196  208  210  220  220  226  233  237  246  244  254  251  252  243  240
  235  229  221  211  198  178  161  141  126  111  100   88   81   71   67   61
   63   63   70   73   79   80   82   91   79                                   
    57.5-180.0 180.0   5.0 450.0                            LAT/LON1/LON2/DLON/H
   75   67   56   62   65   74   79   83   79   78   70   67   61   54   49   48
   48   54   60   70   79   93  103  115  122  128  133  141  148  159  169  180
  193  201  212  217  227  231  239  247  255  264  265  271  269  267  255  250
  240  236  227  218  206  191  173  157  140  127  113  103   91   82   75   68
   68   64   70   70   75   75   74   86   75                                   
    55.0-180.0 180.0   5.0 450.0                            LAT/LON1/LON2/DLON/H
   78   67   56   57   61   68   76   77   80   73   75   65   66   55   55   48
   51   51   58   63   73   83   99  106  116  119  127  133  146  156  171  182
  197  208  221  228  238  246  254  266  273  287  283  294  286  284  269  262
  251  245  238  229  221  208  193  178  164  151  137  127  115  106   95   86
   78   73   74   71   74   76   79   83   78                                   
    52.5-180.0 180.0   5.0 450.0                            LAT/LON1/LON2/DLON/H
   86   73   60   60   60   66   71   74   73   73   69   68   62   62   56   54
   53   54   56   61   68   77   87  101  105  116  122  137  147  166  177  196
  208  224  235  243  254  261  271  281  292  302  306  309  308  300  286  275
  264  259  252  248  241  232  221  206  195  184  173  161  150  138  127  115
  105   94   93   85   87   82   83   87   86                                   
    50.0-180.0 180.0   5.0 450.0                            LAT/LON1/LON2/DLON/H
  100   83   73   68   71   71   77   76   78   74   75   68   68   61   63   56
   57   53   58   58   67   76   88  101  108  117  127  140  156  173  189  207
  225  245  255  265  272  281  289  300  308  319  320  328  321  318  302  293
  282  276  271  266  262  254  245  233  225  215  205  196  186  174  161  147
  133  123  112  105   98   99   99   94  100                                   
    47.5-180.0 180.0   5.0 450.0                            LAT/LON1/LON2/DLON/H
  116   99   87   85   83   81   84   83   82   79   76   74   70   67   65   66
   62   64   63   68   72   83   92  107  113  126  136  152  167  187  203  223
  242  260  270  281  288  298  306  312  322  327  331  334  332  327  317  310
  299  294  288  283  278  271  262  250  242  231  224  216  208  199  187  173
  161  148  138  125  119  112  116  109  116                                   
    45.0-180.0 180.0   5.0 450.0                            LAT/LON1/LON2/DLON/H
  127  114  104   99  101   96   98   93   94   88   86   82   80   74   73   69
   72   71   75   76   84   93  106  117  127  141  153  168  182  201  216  241
  255  275  281  294  299  311  318  322  330  334  337  343  339  341  329  326
  314  309  299  294  284  276  263  253  240  230  221  216  210  206  200  189
  180  168  155  144  132  133  131  119  127                                   
    42.5-180.0 180.0   5.0 450.0                            LAT/LON1/LON2/DLON/H
  137  122  116  114  113  110  110  103  102   96   94   91   88   82   80   78
   81   87   89   95   96  109  114  128  140  154  169  183  197  211  228  245
  260  273  283  294  306  316  324  329  335  340  342  347  346  347  339  335
  323  318  307  299  285  272  256  236  222  210  201  195  192  190  188  183
  180  168  160  146  142  134  143  130  137                                   
    40.0-180.0 180.0   5.0 450.0                            LAT/LON1/LON2/DLON/H
  137  130  125  123  123  122  121  114  113  109  106  104   99   95   91   88
   88   92   99  103  107  117  127  140  154  170  185  199  211  224  237  252
  260  276  283  302  310  327  332  343  348  356  352  366  359  367  354  352
  337  330  313  302  283  266  246  224  208  192  182  173  172  168  172  170
  171  162  153  145  134  136  138  134  137                                   
    37.5-180.0 180.0   5.0 450.0                            LAT/LON1/LON2/DLON/H
  134  127  124  125  126  125  125  119  118  114  113  110  108  104  101   98
   98  102  106  110  113  126  135  151  165  183  196  210  219  230  243  253
  265  277  293  311  329  346  356  368  373  381  376  384  381  382  372  368
  352  344  324  308  287  265  245  221  205  187  179  165  162  153  156  152
  154  148  139  132  127  126  131  131  134                                   
    35.0-180.0 180.0   5.0 450.0                            LAT/LON1/LON2/DLON/H
  131  120  117  114  121  123  126  120  123  117  119  116  116  114  111  107
  105  105  109  114  118  134  145  166  181  200  210  225  232  247  255  269
  278  298  313  340  359  383  393  409  409  418  408  417  411  415  403  398
  381  372  351  337  312  288  266  245  227  210  198  183  173  160  155  149
  150  140  133  126  118  119  122  123  131                                   
    32.5-180.0 180.0   5.0 450.0                            LAT/LON1/LON2/DLON/H
  126  114  103  108  110  117  118  117  119  118  119  119  120  120  119  116
  114  111  113  116  122  139  153  176  193  212  223  240  251  270  287  303
  321  342  368  394  421  443  451  465  460  467  455  462  455  457  448  443
  431  422  407  378  357  330  315  295  284  271  256  237  222  203  193  178
  171  157  144  131  120  115  118  109  126                                   
    30.0-180.0 180.0   5.0 450.0                            LAT/LON1/LON2/DLON/H
  122  102   96   96  102  105  111  109  117  111  113  111  116  117  121  116
  116  109  111  116  124  146  163  191  208  226  236  256  275  305  330  353
  376  402  436  462  483  505  510  522  517  522  517  521  515  516  510  505
  495  485  473  460  438  424  395  381  359  351  335  329  307  281  251  227
  208  202  178  163  138  121  122  104  122                                   
    27.5-180.0 180.0   5.0 450.0                            LAT/LON1/LON2/DLON/H
  108  113   94   90   89   94   95   98  100  101  102  103  109  114  122  118
  119  113  116  120  133  157  179  207  223  242  255  279  302  334  362  388
  418  446  485  512  533  555  563  576  575  583  578  582  575  577  572  574
  568  571  566  562  557  553  549  527  504  484  468  453  435  400  356  319
  281  260  229  210  182  160  139   95  108                                   
    25.0-180.0 180.0   5.0 450.0                            LAT/LON1/LON2/DLON/H
  121  136  118  108  100   91   90   84   88   85   90   87   94   98  109  110
  111  106  111  124  139  171  195  223  240  258  275  301  332  363  401  433
  471  502  539  562  586  607  620  633  638  647  643  642  638  642  644  650
  654  664  679  686  688  686  674  659  640  628  606  594  573  547  496  452
  411  379  332  287  238  206  189  133  121                                   
    22.5-180.0 180.0   5.0 450.0                            LAT/LON1/LON2/DLON/H
  166  169  155  139  123  111   95   88   87   83   82   81   86   90  105  105
  112  104  120  130  159  186  216  240  257  274  298  321  358  389  427  463
  501  536  577  602  628  649  666  679  692  701  702  702  699  705  715  723
  736  749  765  775  781  776  769  753  731  712  701  682  659  626  578  543
  507  486  447  399  333  290  252  190  166                                   
    20.0-180.0 180.0   5.0 450.0                            LAT/LON1/LON2/DLON/H
  223  220  203  174  158  142  120  105   95   86   80   76   77   80   91  100
  102  102  113  138  168  201  229  250  269  285  308  340  379  418  461  496
  543  584  625  656  678  703  717  729  744  748  753  749  750  755  765  777
  793  812  823  824  830  823  805  785  756  744  726  715  696  678  636  612
  563  543  498  467  411  367  331  254  223                                   
    17.5-180.0 180.0   5.0 450.0                            LAT/LON1/LON2/DLON/H
  274  270  243  207  182  161  145  128  112   96   85   76   78   79   89   94
  104  101  125  146  182  213  245  264  283  298  325  360  397  446  480  530
  576  628  662  695  717  742  753  772  785  793  797  796  797  799  816  826
  837  841  850  850  853  842  819  788  757  719  692  680  674  656  635  616
  587  558  520  490  451  428  398  315  274                                   
    15.0-180.0 180.0   5.0 450.0                            LAT/LON1/LON2/DLON/H
  324  316  288  247  222  186  169  153  135  123   99   94   80   87   85   96
  101  106  125  154  190  225  257  276  293  316  340  377  423  469  512  566
  620  669  700  728  755  766  787  799  818  821  824  821  824  829  841  844
  846  846  846  846  842  829  793  760  704  661  628  617  612  613  606  606
  587  566  534  500  468  447  443  353  324                                   
    12.5-180.0 180.0   5.0 450.0                            LAT/LON1/LON2/DLON/H
  360  353  318  276  245  206  184  166  158  139  123  108  102   92   97   96
  107  110  136  165  207  242  269  288  300  324  349  400  445  498  541  596
  642  680  710  741  759  778  797  817  828  834  841  842  848  850  857  855
  852  841  833  824  808  784  752  697  638  587  543  531  533  547  559  560
  557  544  526  501  483  475  476  386  360                                   
    10.0-180.0 180.0   5.0 450.0                            LAT/LON1/LON2/DLON/H
  381  372  349  307  274  233  197  176  170  164  143  134  118  118  109  118
  123  134  156  186  226  254  279  295  313  334  368  417  467  520  562  615
  653  684  715  736  763  776  806  818  832  838  845  846  851  854  858  855
  842  826  807  785  767  750  708  643  580  524  491  480  484  498  514  531
  531  530  513  492  481  472  478  398  381                                   
     7.5-180.0 180.0   5.0 450.0                            LAT/LON1/LON2/DLON/H
  400  390  361  328  290  253  214  188  180  175  165  146  139  130  126  119
  129  144  169  200  234  265  285  305  323  355  389  448  493  540  579  621
