data/unet/pred1650.15i
     1.0            IONOSPHERE MAPS     GNSS                IONEX VERSION / TYPE
pyspatialgeodesy        IME             05-JAN-18 20:20     PGM / RUN BY / DATE 
Map Name                                                    COMMENT             
Predicted global ionosphere maps (GIM).                     DESCRIPTION         
  2015     6    14     0     0     0                        EPOCH OF FIRST MAP  
  2015     6    15     0     0     0                        EPOCH OF LAST MAP   
  7200                                                      INTERVAL            
    13                                                      # OF MAPS IN FILE   
  NONE                                                      MAPPING FUNCTION    
10.0                                                        ELEVATION CUTOFF    
One-way carrier phase leveled to code                       OBSERVABLES USED    
  6371.0                                                    BASE RADIUS         
 2                                                          MAP DIMENSION       
   450.0 450.0   0.0                                        HGT1 / HGT2 / DHGT  
    87.5 -87.5  -2.5                                        LAT1 / LAT2 / DLAT  
  -180.0 180.0   5.0                                        LON1 / LON2 / DLON  
    -1                                                      EXPONENT            
                                                            END OF HEADER       
[from data line 5148]
    13                                                      START OF TEC MAP    
  2015     6    15     0     0     0                        EPOCH OF CURRENT MAP
    87.5-180.0 180.0   5.0 450.0                            LAT/LON1/LON2/DLON/H
  197  174  170  169  168  165  166  164  166  164  165  163  164  162  163  161
  162  160  159  156  156  154  152  149  150  147  147  145  146  144  145  142
  145  143  144  142  144  142  142  140  141  139  139  138  140  139  140  140
  143  144  146  145  149  149  151  151  154  154  156  155  158  157  159  159
  162  161  163  165  172  168  164  187  197                                   
    85.0-180.0 180.0   5.0 450.0                            LAT/LON1/LON2/DLON/H
  178  182  181  179  178  175  177  176  178  176  178  175  178  174  176  173
  175  171  172  167  168  164  163  159  159  155  154  151  152  148  148  145
  147  145  145  142  145  142  143  139  142  139  140  139  142  142  144  145
  149  150  153  154  158  159  162  162  165  165  167  166  169  168  170  169
  172  171  173  174  180  174  166  163  178                                   
    82.5-180.0 180.0   5.0 450.0                            LAT/LON1/LON2/DLON/H
  180  185  180  183  179  180  181  183  183  184  184  185  184  184  183  182
  181  179  177  175  173  170  167  163  161  157  155  152  150  147  145  143
  143  141  140  139  140  138  138  136  138  136  138  138  142  143  146  148
  153  155  158  160  164  166  167  169  171  171  171  172  173  173  172  172
  173  174  174  176  181  177  167  164  180                                   
    80.0-180.0 180.0   5.0 450.0                            LAT/LON1/LON2/DLON/H
  178  183  179  179  177  180  183  186  187  190  190  192  192  193  192  192
  190  189  187  185  182  179  175  172  168  163  159  156  153  149  146  144
  143  142  141  140  140  139  139  138  139  139  140  142  145  148  151  156
  159  163  165  169  172  174  175  177  177  178  176  177  176  176  174  175
  174  174  174  175  180  177  169  165  178                                   
    77.5-180.0 180.0   5.0 450.0                            LAT/LON1/LON2/DLON/H
  177  181  175  177  174  180  182  188  189  194  195  198  198  200  199  199
  197  196  193  191  188  184  180  176  171  166  161  156  153  149  146  144
  144  142  143  143  143  143  143  143  143  143  143  145  147  151  153  160
  162  168  170  175  176  180  179  181  180  180  177  177  175  175  173  173
  172  172  171  172  177  174  169  165  177                                   
    75.0-180.0 180.0   5.0 450.0                            LAT/LON1/LON2/DLON/H
  176  181  176  175  175  179  184  188  191  195  198  201  202  202  202  201
  200  197  195  191  189  184  181  175  171  165  161  155  152  147  147  144
  146  145  147  147  149  147  149  146  146  143  145  144  147  149  154  157
  163  167  171  174  177  178  179  177  177  174  174  171  171  169  170  169
  170  169  170  170  176  174  169  166  176                                   
    72.5-180.0 180.0   5.0 450.0                            LAT/LON1/LON2/DLON/H
  178  181  177  178  177  183  186  191  194  199  201  205  205  205  203  201
  198  195  192  189  185  182  178  173  169  163  158  153  150  146  145  144
  146  147  150  151  154  153  154  151  149  146  144  144  144  148  151  157
  161  168  171  175  177  178  177  176  173  171  169  167  166  166  166  166
  167  168  169  170  176  175  171  170  178                                   
    70.0-180.0 180.0   5.0 450.0                            LAT/LON1/LON2/DLON/H
  177  183  179  179  180  184  188  193  197  201  205  208  208  207  204  201
  197  193  188  185  181  179  175  171  166  161  156  151  147  143  143  142
  146  147  152  153  157  156  157  153  151  146  145  143  145  146  151  156
  163  167  173  175  179  177  177  173  171  166  166  162  163  161  164  162
  165  164  167  169  174  174  172  172  177                                   
    67.5-180.0 180.0   5.0 450.0                            LAT/LON1/LON2/DLON/H
  180  185  181  181  180  184  188  194  198  203  207  210  210  209  206  202
  196  191  186  182  178  176  173  170  165  161  156  152  148  145  143  143
  146  148  152  154  157  157  157  154  151  147  143  142  142  146  149  156
  162  170  175  179  180  180  178  175  171  168  165  165  163  164  164  165
  165  167  168  171  176  177  176  175  180                                   
    65.0-180.0 180.0   5.0 450.0                            LAT/LON1/LON2/DLON/H
  182  190  184  183  181  184  187  193  198  204  208  212  212  212  208  204
  198  192  186  182  178  176  174  171  168  165  161  156  153  148  146  144
  147  147  152  152  156  154  156  151  149  144  142  139  140  143  147  155
  163  170  176  180  183  182  181  177  175  171  170  168  168  168  169  169
  170  169  171  172  178  179  180  179  182                                   
    62.5-180.0 180.0   5.0 450.0                            LAT/LON1/LON2/DLON/H
  188  193  188  186  182  183  185  190  194  200  205  211  212  212  210  206
  200  195  189  185  181  179  177  177  174  173  169  166  162  157  153  151
  149  149  149  149  151  151  150  147  145  141  138  137  136  141  145  154
  163  171  178  183  187  187  186  184  181  179  177  177  177  178  178  178
  177  177  176  177  182  185  185  182  188                                   
    60.0-180.0 180.0   5.0 450.0                            LAT/LON1/LON2/DLON/H
  194  201  196  192  187  185  186  189  192  198  203  208  211  213  211  210
  204  200  194  191  187  186  185  186  184  184  181  179  175  169  164  157
  155  149  149  145  148  144  146  141  140  136  134  133  135  139  146  155
  164  173  180  186  190  192  193  192  192  191  189  190  189  190  190  189
  188  185  185  184  188  189  191  187  194                                   
    57.5-180.0 180.0   5.0 450.0                            LAT/LON1/LON2/DLON/H
  206  211  206  202  194  191  189  190  190  194  197  203  206  210  210  211
  207  205  200  199  195  196  195  196  196  196  194  193  189  184  176  168
  160  153  148  144  143  141  140  138  135  134  131  133  134  140  146  156
  164  174  183  190  194  198  201  203  204  205  204  205  204  204  203  201
  199  196  194  193  196  199  199  194  206                                   
    55.0-180.0 180.0   5.0 450.0                            LAT/LON1/LON2/DLON/H
  219  224  221  215  208  202  199  196  194  193  195  198  202  205  209  211
  210  210  207  207  205  206  206  208  208  208  207  206  202  197  188  177
  167  156  150  143  142  138  139  134  135  134  135  135  139  143  150  157
  165  174  182  191  198  204  210  214  219  221  223  222  222  219  218  213
  212  208  207  204  208  208  210  204  219                                   
    52.5-180.0 180.0   5.0 450.0                            LAT/LON1/LON2/DLON/H
  239  239  239  234  225  219  212  207  201  197  192  194  194  200  203  209
  210  213  212  214  213  216  215  217  216  217  215  215  211  205  195  184
  171  160  151  145  143  140  140  138  138  138  138  139  141  145  150  155
  162  170  179  190  199  210  218  226  234  240  243  242  240  236  231  226
  222  219  218  217  220  221  221  217  239                                   
    50.0-180.0 180.0   5.0 450.0                            LAT/LON1/LON2/DLON/H
  256  257  261  256  249  242  236  227  218  208  199  195  194  196  201  205
  210  213  215  218  221  223  223  223  222  221  220  219  215  208  199  186
  174  162  155  149  149  146  148  145  148  147  148  148  150  150  154  156
  160  167  177  188  202  214  227  239  251  259  264  263  259  252  245  238
  235  231  232  229  235  232  235  233  256                                   
    47.5-180.0 180.0   5.0 450.0                            LAT/LON1/LON2/DLON/H
  274  275  280  279  273  268  261  251  239  224  208  201  193  196  196  202
  205  212  214  220  223  227  227  226  222  221  218  218  213  207  196  185
  173  165  160  157  158  158  158  158  159  159  158  157  155  154  153  152
  155  161  171  185  201  219  234  250  265  276  282  282  275  267  258  251
  247  245  246  246  251  252  251  253  274                                   
    45.0-180.0 180.0   5.0 450.0                            LAT/LON1/LON2/DLON/H
  291  295  301  299  298  294  288  278  265  247  227  211  202  199  199  202
  206  210  216  221  226  229  230  227  223  219  216  213  208  200  192  180
  174  168  169  168  172  172  175  174  176  174  173  169  167  161  158  154
  155  159  170  184  204  222  241  259  277  290  297  297  289  280  270  262
  260  259  262  263  270  270  270  273  291                                   
    42.5-180.0 180.0   5.0 450.0                            LAT/LON1/LON2/DLON/H
  307  311  317  316  317  315  311  301  289  268  247  229  213  209  203  207
  206  213  216  223  228  231  231  227  221  217  211  208  202  195  186  179
  175  175  180  185  191  194  196  196  195  192  189  183  176  167  160  154
  153  158  169  186  207  227  247  266  285  297  306  306  300  292  282  276
  274  274  278  281  289  292  291  296  307                                   
    40.0-180.0 180.0   5.0 450.0                            LAT/LON1/LON2/DLON/H
  319  328  332  331  332  333  332  325  313  293  269  249  233  223  217  215
  216  220  223  229  234  235  234  229  223  217  211  206  200  191  185  179
  182  185  196  203  213  218  223  222  221  216  211  202  193  180  171  161
  160  163  174  189  211  229  252  270  290  303  312  314  310  304  296  290
  288  288  292  295  304  307  312  316  319                                   
    37.5-180.0 180.0   5.0 450.0                            LAT/LON1/LON2/DLON/H
  332  341  345  345  347  349  349  344  334  315  293  271  255  243  233  229
  227  229  233  237  241  239  238  232  225  220  214  209  203  196  189  187
  191  200  213  225  238  246  249  251  247  243  234  223  209  193  180  169
  165  167  177  191  212  232  255  272  290  300  310  313  313  310  306  301
  300  299  303  307  317  322  328  333  332                                   
    35.0-180.0 180.0   5.0 450.0                            LAT/LON1/LON2/DLON/H
  339  351  355  354  357  359  362  360  352  336  316  294  278  263  253  245
  243  242  244  246  248  246  244  238  234  229  225  218  213  205  200  198
  206  216  233  248  264  273  278  277  275  267  259  243  229  209  195  182
  178  177  184  195  213  231  253  268  285  295  305  308  313  311  312  309
  309  308  312  315  326  331  344  350  339                                   
    32.5-180.0 180.0   5.0 450.0                            LAT/LON1/LON2/DLON/H
  350  362  369  369  371  374  378  377  372  357  339  318  301  286  274  264
  260  257  257  257  257  253  251  246  245  244  241  236  229  220  215  215
  224  236  254  271  287  296  299  300  297  291  278  262  245  224  208  194
  188  184  188  194  208  222  242  256  272  281  291  296  305  305  312  312
  315  316  320  324  336  344  359  370  350                                   
    30.0-180.0 180.0   5.0 450.0                            LAT/LON1/LON2/DLON/H
  366  377  383  385  389  391  395  393  390  374  360  340  326  309  298  285
  280  273  272  269  267  262  261  259  262  263  263  257  249  238  232  231
  241  254  271  287  298  305  307  308  306  298  287  270  255  235  220  204
  197  189  189  189  198  209  227  240  258  267  280  285  298  302  313  315
  321  322  327  330  344  355  378  391  366                                   
    27.5-180.0 180.0   5.0 450.0                            LAT/LON1/LON2/DLON/H
  384  395  406  410  414  417  422  420  416  402  388  368  355  338  327  311
  302  293  290  285  282  275  274  273  278  280  282  275  267  253  245  243
  252  262  278  289  296  298  298  298  297  291  280  266  251  235  221  206
  197  187  181  179  182  191  208  225  241  254  266  276  288  298  311  316
  324  327  333  339  353  367  390  407  384                                   
    25.0-180.0 180.0   5.0 450.0                            LAT/LON1/LON2/DLON/H
  412  422  433  437  445  449  455  452  450  433  419  396  386  366  358  339
  330  316  310  302  296  288  287  286  291  292  292  286  275  260  249  247
  252  263  270  278  277  276  274  274  274  269  262  251  239  225  212  199
  191  180  173  164  165  174  192  210  232  245  262  271  287  297  312  320
  329  334  343  349  364  378  408  423  412                                   
    22.5-180.0 180.0   5.0 450.0                            LAT/LON1/LON2/DLON/H
  439  451  464  471  478  485  493  494  492  478  461  442  427  411  400  381
  367  350  341  327  317  305  301  298  300  297  295  284  271  253  241  235
  240  242  245  244  240  237  235  238  239  239  233  226  214  202  192  182
  175  164  156  147  147  158  177  200  224  243  259  273  287  298  312  323
  333  344  353  365  380  395  419  437  439                                   
    20.0-180.0 180.0   5.0 450.0                            LAT/LON1/LON2/DLON/H
  467  480  490  497  508  518  530  533  535  519  507  485  473  455  448  427
  414  388  375  354  339  324  317  309  305  294  283  267  251  233  220  216
  213  213  207  203  194  191  191  194  198  198  196  189  183  173  167  158
  154  143  135  125  128  142  165  192  219  241  263  276  292  303  317  330
  343  357  372  385  403  415  442  451  467                                   
    17.5-180.0 180.0   5.0 450.0                            LAT/LON1/LON2/DLON/H
  491  502  513  521  531  545  557  565  567  560  548  533  520  507  497  481
  463  437  413  387  366  347  335  320  305  283  264  242  225  208  196  187
  183  174  168  159  153  150  151  156  161  161  159  153  148  140  135  129
  127  116  108  102  109  128  158  188  219  247  269  286  302  317  330  344
  357  376  393  413  429  440  451  462  491                                   
    15.0-180.0 180.0   5.0 450.0                            LAT/LON1/LON2/DLON/H
  508  520  529  538  553  566  581  588  594  587  581  565  559  544  540  519
  506  475  451  415  392  368  348  323  296  263  235  212  197  184  173  164
  156  149  140  134  128  130  132  135  137  135  130  125  121  115  110  106
  104   94   89   87   98  118  155  188  221  250  276  295  315  330  347  359
  376  395  420  439  457  460  474  473  508                                   
    12.5-180.0 180.0   5.0 450.0                            LAT/LON1/LON2/DLON/H
  520  531  544  554  563  579  589  602  603  604  595  589  580  573  566  554
  534  512  480  446  413  385  355  321  283  243  210  188  175  164  155  146
  138  131  122  120  119  122  123  125  121  115  107  102   98   94   88   84
   82   77   74   77   91  116  152  188  224  256  282  305  329  349  366  380
  395  416  438  461  476  479  481  483  520                                   
    10.0-180.0 180.0   5.0 450.0                            LAT/LON1/LON2/DLON/H
  528  540  553  562  572  582  592  601  605  606  604  598  594  587  584  572
  560  533  505  464  429  391  354  311  265  220  187  168  158  153  147  142
  136  132  124  125  126  131  130  125  117  104   94   88   88   83   78   72
   70   63   63   69   87  112  151  188  227  258  289  313  342  364  386  399
  415  432  458  477  493  491  500  496  528                                   
     7.5-180.0 180.0   5.0 450.0                            LAT/LON1/LON2/DLON/H
  535  549  562  569  575  582  584  590  591  594  593  595  591  590  583  579
  565  547  513  476  431  390  345  296  247  203  173  156  151  149  150  147
