data/unet/pred1180.15i
     1.0            IONOSPHERE MAPS     GNSS                IONEX VERSION / TYPE
pyspatialgeodesy        IME             05-JAN-18 20:20     PGM / RUN BY / DATE 
Map Name                                                    COMMENT             
Predicted global ionosphere maps (GIM).                     DESCRIPTION         
  2015     4    28     0     0     0                        EPOCH OF FIRST MAP  
  2015     4    29     0     0     0                        EPOCH OF LAST MAP   
  7200                                                      INTERVAL            
    13                                                      # OF MAPS IN FILE   
  NONE                                                      MAPPING FUNCTION    
10.0                                                        ELEVATION CUTOFF    
One-way carrier phase leveled to code                       OBSERVABLES USED    
  6371.0                                                    BASE RADIUS         
 2                                                          MAP DIMENSION       
   450.0 450.0   0.0                                        HGT1 / HGT2 / DHGT  
    87.5 -87.5  -2.5                                        LAT1 / LAT2 / DLAT  
  -180.0 180.0   5.0                                        LON1 / LON2 / DLON  
    -1                                                      EXPONENT            
                                                            END OF HEADER       
     1                                                      START OF TEC MAP    
  2015     4    28     0     0     0                        EPOCH OF CURRENT MAP
    87.5-180.0 180.0   5.0 450.0                            LAT/LON1/LON2/DLON/H
  207  177  165  158  156  154  156  155  158  157  160  157  161  158  162  159
  163  161  165  162  167  164  167  164  168  165  168  165  169  166  167  164
  167  163  164  160  162  159  160  157  159  157  158  157  159  159  161  160
  163  162  165  163  167  164  168  163  167  163  167  161  165  160  163  158
  161  157  160  159  173  174  182  201  207                                   
    85.0-180.0 180.0   5.0 450.0                            LAT/LON1/LON2/DLON/H
  189  181  174  164  162  160  165  164  170  168  173  171  176  174  179  177
  182  180  184  181  185  181  184  180  184  180  182  177  180  174  176  169
  171  164  166  159  162  158  160  155  159  156  160  157  162  161  165  164
  169  168  173  172  176  175  178  175  179  176  179  174  177  173  175  170
  172  168  171  172  184  185  185  185  189                                   
    82.5-180.0 180.0   5.0 450.0                            LAT/LON1/LON2/DLON/H
  173  165  158  151  149  149  156  159  165  167  173  175  180  181  185  186
  189  188  189  187  187  185  183  180  181  178  177  174  173  169  166  161
  160  154  153  148  149  146  147  144  147  145  148  148  152  153  156  157
  161  162  166  168  171  172  174  174  175  174  176  174  174  172  172  168
  167  164  164  166  175  178  180  183  173                                   
    80.0-180.0 180.0   5.0 450.0                            LAT/LON1/LON2/DLON/H
  167  161  150  146  143  150  155  164  168  176  180  188  191  198  199  204
  204  206  204  204  201  200  195  194  191  190  186  184  181  178  172  169
  165  160  157  153  152  148  149  145  148  145  148  148  152  152  156  157
  161  163  167  170  173  175  176  178  179  180  179  180  178  178  175  175
  170  170  165  169  171  176  177  177  167                                   
    77.5-180.0 180.0   5.0 450.0                            LAT/LON1/LON2/DLON/H
  164  159  150  150  147  156  162  174  180  191  197  208  212  219  221  225
  225  226  223  222  218  216  210  207  203  200  195  192  189  185  181  178
  174  171  166  163  160  158  155  153  152  152  151  153  155  157  158  162
  164  168  170  174  176  180  181  183  183  184  184  184  183  183  181  181
  177  176  173  175  175  179  181  178  164                                   
    75.0-180.0 180.0   5.0 450.0                            LAT/LON1/LON2/DLON/H
  170  171  161  159  158  164  172  183  192  205  213  225  232  240  242  246
  244  243  239  235  230  225  219  214  209  203  198  193  190  187  184  181
  179  177  173  171  168  165  162  159  158  155  155  154  157  158  160  162
  166  169  173  176  181  183  187  186  188  187  188  186  186  184  184  183
  182  181  181  181  183  186  188  186  170                                   
    72.5-180.0 180.0   5.0 450.0                            LAT/LON1/LON2/DLON/H
  183  186  179  180  175  182  184  196  203  218  227  242  250  257  260  261
  258  254  248  241  235  228  221  213  206  199  192  188  185  183  182  181
  181  180  177  175  172  169  165  162  159  157  155  155  155  157  157  162
  164  170  173  179  183  188  189  190  191  191  190  188  186  185  184  184
  184  186  186  190  192  198  201  196  183                                   
    70.0-180.0 180.0   5.0 450.0                            LAT/LON1/LON2/DLON/H
  199  207  202  197  195  195  199  206  216  228  241  255  264  270  272  271
  266  259  252  243  237  227  220  210  203  192  186  181  179  178  179  180
  180  179  177  174  171  167  163  159  157  154  151  150  151  152  153  156
  161  166  170  176  183  188  191  193  195  193  192  188  188  184  184  183
  185  187  192  196  201  207  211  208  199                                   
    67.5-180.0 180.0   5.0 450.0                            LAT/LON1/LON2/DLON/H
  224  226  221  216  208  207  207  213  220  233  246  259  269  274  275  272
  267  259  252  243  235  226  217  206  196  186  177  173  170  171  173  174
  175  174  171  168  164  160  156  153  150  148  145  145  146  147  148  152
  157  163  169  176  184  189  194  197  199  196  195  190  188  184  183  183
  184  188  193  200  206  216  220  216  224                                   
    65.0-180.0 180.0   5.0 450.0                            LAT/LON1/LON2/DLON/H
  243  245  244  234  223  217  215  218  225  237  249  262  270  276  275  273
  266  259  252  245  239  229  221  207  196  182  173  166  165  165  167  169
  169  167  162  157  152  147  144  139  139  136  137  135  139  138  142  144
  153  158  167  173  183  188  196  198  201  198  197  191  189  184  184  182
  185  188  194  200  209  219  225  224  243                                   
    62.5-180.0 180.0   5.0 450.0                            LAT/LON1/LON2/DLON/H
  257  255  255  245  231  221  216  217  221  232  243  255  263  269  270  267
  264  259  255  249  245  237  227  214  200  186  173  167  163  165  165  166
  164  159  153  146  139  134  131  129  129  128  130  129  133  133  136  139
  148  154  164  171  182  187  197  198  203  200  200  194  192  187  187  185
  187  189  193  199  207  218  224  227  257                                   
    60.0-180.0 180.0   5.0 450.0                            LAT/LON1/LON2/DLON/H
  263  263  266  255  240  228  220  218  221  229  239  250  257  264  266  267
  266  265  263  261  258  251  241  226  211  193  180  173  169  169  169  169
  164  158  148  140  132  127  124  123  126  125  128  127  131  129  133  135
  144  150  160  167  179  184  195  197  204  202  204  199  200  195  196  193
  195  194  198  201  207  216  224  228  263                                   
    57.5-180.0 180.0   5.0 450.0                            LAT/LON1/LON2/DLON/H
  269  269  272  263  248  236  227  221  221  226  232  241  247  255  260  265
  268  271  275  276  276  269  260  242  226  209  195  187  182  182  180  177
  169  160  148  137  129  123  123  123  127  128  131  130  132  129  131  131
  139  145  155  162  174  180  191  196  204  205  209  207  207  204  204  203
  204  203  205  206  210  217  224  228  269                                   
    55.0-180.0 180.0   5.0 450.0                            LAT/LON1/LON2/DLON/H
  276  279  283  276  264  254  243  236  231  231  233  237  243  250  258  266
  273  281  287  293  293  290  278  263  245  228  214  206  203  202  199  193
  182  170  158  146  136  132  131  133  136  138  139  137  136  131  131  131
  137  141  151  157  169  177  190  195  206  209  215  213  216  213  215  212
  216  214  218  217  220  224  231  234  276                                   
    52.5-180.0 180.0   5.0 450.0                            LAT/LON1/LON2/DLON/H
  288  293  298  295  286  279  268  259  250  245  240  242  243  252  259  270
  280  290  301  306  311  305  296  282  266  251  239  232  230  228  223  215
  201  185  171  158  150  145  146  148  152  152  151  146  144  137  135  133
  138  141  149  156  168  178  191  201  211  218  223  224  226  226  226  226
  229  230  232  232  235  239  244  247  288                                   
    50.0-180.0 180.0   5.0 450.0                            LAT/LON1/LON2/DLON/H
  303  315  322  324  321  318  309  300  286  276  264  259  256  262  268  279
  288  300  309  318  319  319  310  300  286  276  265  260  257  253  245  232
  216  199  184  172  166  162  164  166  168  166  162  156  152  144  142  138
  142  143  150  157  170  181  197  206  220  225  234  234  239  236  239  238
  244  246  251  251  256  258  266  270  303                                   
    47.5-180.0 180.0   5.0 450.0                            LAT/LON1/LON2/DLON/H
  325  340  349  358  362  365  359  350  333  316  297  285  276  278  282  290
  299  309  317  323  327  326  322  315  304  297  287  282  277  270  259  244
  226  208  195  185  181  180  182  184  185  180  175  167  162  154  151  146
  149  150  155  164  178  192  207  221  233  241  247  250  252  252  254  256
  262  267  273  276  281  286  291  299  325                                   
    45.0-180.0 180.0   5.0 450.0                            LAT/LON1/LON2/DLON/H
  350  372  382  397  407  417  414  407  386  365  339  320  304  302  301  307
  312  319  323  330  331  334  331  327  318  312  303  296  288  278  263  248
  229  214  202  195  193  194  196  197  195  189  181  174  170  163  160  156
  158  157  163  171  188  204  223  236  251  256  265  264  270  268  274  274
  283  287  297  301  310  314  325  332  350                                   
    42.5-180.0 180.0   5.0 450.0                            LAT/LON1/LON2/DLON/H
  379  403  415  432  445  457  460  457  436  410  379  356  336  329  326  328
  329  331  333  336  338  340  339  336  328  320  309  301  290  278  262  245
  228  215  208  204  204  205  207  207  204  197  189  183  179  174  171  166
  167  167  171  181  197  216  236  253  265  274  279  283  286  289  291  294
  301  308  318  326  338  347  356  365  379                                   
    40.0-180.0 180.0   5.0 450.0                            LAT/LON1/LON2/DLON/H
  413  432  444  459  474  488  494  495  479  455  420  395  372  364  355  354
  350  350  348  351  350  353  350  345  334  324  311  301  286  276  257  245
  229  221  214  214  215  217  216  216  211  205  197  192  189  185  183  178
  179  177  180  189  208  228  250  266  282  290  298  300  307  308  313  314
  325  330  343  356  375  384  397  395  413                                   
    37.5-180.0 180.0   5.0 450.0                            LAT/LON1/LON2/DLON/H
  449  461  472  481  492  506  513  518  504  485  453  430  405  397  386  383
  375  372  370  371  370  369  364  354  339  326  310  299  286  275  262  253
  242  234  229  229  229  229  227  225  221  216  209  204  202  198  195  190
  188  184  186  194  211  232  254  274  289  299  307  313  320  324  329  334
  342  352  367  384  408  420  425  419  449                                   
    35.0-180.0 180.0   5.0 450.0                            LAT/LON1/LON2/DLON/H
  486  496  501  508  517  525  531  533  523  505  481  460  441  433  420  415
  404  401  397  399  396  392  379  364  344  330  313  305  294  289  279  276
  268  265  258  255  250  248  243  242  234  232  225  224  222  216  211  203
  199  190  190  195  213  234  260  281  301  315  324  335  343  352  357  364
  370  380  395  411  437  449  460  449  486                                   
    32.5-180.0 180.0   5.0 450.0                            LAT/LON1/LON2/DLON/H
  526  539  543  549  552  554  555  553  542  525  502  485  469  463  451  446
  436  434  430  432  424  416  395  375  354  340  326  323  319  320  316  316
  310  305  294  288  279  273  264  261  253  251  246  245  241  233  223  212
  202  191  186  190  204  229  256  282  302  323  336  354  367  382  390  399
  403  411  419  436  458  474  484  483  526                                   
    30.0-180.0 180.0   5.0 450.0                            LAT/LON1/LON2/DLON/H
  576  601  604  616  617  612  605  595  580  558  533  514  500  493  482  477
  467  466  459  460  447  434  409  388  367  359  351  356  359  367  368  368
  360  349  335  321  306  294  284  280  275  271  265  262  259  246  233  217
  205  191  184  184  198  221  249  278  302  324  342  364  384  405  419  429
  434  441  447  460  482  498  519  526  576                                   
    27.5-180.0 180.0   5.0 450.0                            LAT/LON1/LON2/DLON/H
  631  664  677  693  693  686  670  655  631  605  576  553  535  525  512  505
  493  490  482  479  461  446  419  403  387  390  390  403  411  420  421  413
  400  380  358  339  321  307  296  294  289  286  277  271  263  251  233  217
  201  185  175  174  187  208  233  263  290  317  337  364  389  417  435  453
  459  470  474  487  503  519  551  570  631                                   
    25.0-180.0 180.0   5.0 450.0                            LAT/LON1/LON2/DLON/H
  689  729  750  774  780  770  755  737  710  678  643  616  588  569  549  536
  520  511  497  486  463  446  424  415  411  422  434  449  461  466  461  445
  424  396  368  344  325  313  305  304  299  295  287  274  265  246  231  209
  196  175  166  160  171  188  214  246  277  308  332  365  393  422  445  466
  478  492  500  510  527  540  587  614  689                                   
    22.5-180.0 180.0   5.0 450.0                            LAT/LON1/LON2/DLON/H
  737  788  818  849  852  851  833  817  787  756  716  679  645  618  590  567
  545  527  505  486  459  441  426  427  435  453  470  482  490  485  468  445
  421  392  360  336  319  310  306  306  299  293  279  268  252  236  216  198
  185  168  160  155  164  178  204  234  266  298  327  363  394  424  449  471
  489  505  518  529  547  563  611  657  737                                   
    20.0-180.0 180.0   5.0 450.0                            LAT/LON1/LON2/DLON/H
  778  832  876  905  925  925  920  903  881  850  812  768  720  679  639  607
  575  544  513  484  454  437  430  439  456  478  492  500  494  476  449  421
  399  368  337  315  299  293  291  292  285  274  265  250  237  218  204  183
  178  159  156  148  158  167  196  225  264  294  329  363  400  426  453  473
  496  515  534  549  571  587  638  688  778                                   
    17.5-180.0 180.0   5.0 450.0                            LAT/LON1/LON2/DLON/H
  780  850  901  941  962  976  972  970  948  928  892  847  793  735  686  644
  604  563  522  484  453  437  435  451  470  489  495  490  465  434  402  376
  353  328  305  285  277  274  273  271  260  251  236  227  213  201  186  176
  171  161  154  149  156  169  198  231  265  301  333  367  394  423  443  470
  496  519  546  567  592  610  652  707  780                                   
    15.0-180.0 180.0   5.0 450.0                            LAT/LON1/LON2/DLON/H
  777  838  899  939  976  990 1004 1003 1002  983  959  912  860  796  735  686
  638  590  539  494  460  446  448  463  480  488  478  452  412  370  336  306
  289  271  261  249  249  251  253  249  237  222  213  201  196  182  178  165
  167  155  149  138  151  165  203  237  279  308  343  369  402  422  448  471
  500  528  560  585  612  630  671  711  777                                   
    12.5-180.0 180.0   5.0 450.0                            LAT/LON1/LON2/DLON/H
  743  800  847  892  925  953  968  984  990  993  979  945  897  835  773  717
  667  617  562  514  477  462  459  469  472  464  433  388  337  295  262  239
  232  226  224  226  233  242  245  239  222  205  190  182  177  172  168  161
  159  151  140  132  144  164  203  245  279  309  340  369  398  426  449  474
  506  536  574  602  632  648  683  716  743                                   
    10.0-180.0 180.0   5.0 450.0                            LAT/LON1/LON2/DLON/H
  713  737  773  805  844  868  896  917  942  959  967  950  912  859  798  748
  694  645  590  539  501  482  476  469  455  423  369  307  256  218  200  191
  194  195  205  212  227  239  245  232  213  191  179  169  174  165  162  151
  150  139  129  124  138  162  205  247  284  313  343  370  404  432  457  483
  513  548  584  622  652  677  707  719  713                                   
     7.5-180.0 180.0   5.0 450.0                            LAT/LON1/LON2/DLON/H
  672  682  690  709  735  760  779  808  835  868  896  901  882  842  794  752
  709  665  614  564  524  499  479  457  420  363  292  233  196  178  176  180
