data/unet/pred0880.15i
     1.0            IONOSPHERE MAPS     GNSS                IONEX VERSION / TYPE
pyspatialgeodesy        IME             05-JAN-18 20:20     PGM / RUN BY / DATE 
Map Name                                                    COMMENT             
Predicted global ionosphere maps (GIM).                     DESCRIPTION         
  2015     3    29     0     0     0                        EPOCH OF FIRST MAP  
  2015     3    30     0     0     0                        EPOCH OF LAST MAP   
  7200                                                      INTERVAL            
    13                                                      # OF MAPS IN FILE   
  NONE                                                      MAPPING FUNCTION    
10.0                                                        ELEVATION CUTOFF    
One-way carrier phase leveled to code                       OBSERVABLES USED    
  6371.0                                                    BASE RADIUS         
 2                                                          MAP DIMENSION       
   450.0 450.0   0.0                                        HGT1 / HGT2 / DHGT  
    87.5 -87.5  -2.5                                        LAT1 / LAT2 / DLAT  
  -180.0 180.0   5.0                                        LON1 / LON2 / DLON  
    -1                                                      EXPONENT            
                                                            END OF HEADER       
[from data line 3003]
     8                                                      START OF TEC MAP    
  2015     3    29    14     0     0                        EPOCH OF CURRENT MAP
    87.5-180.0 180.0   5.0 450.0                            LAT/LON1/LON2/DLON/H
  160  173  182  185  185  186  187  187  187  186  186  184  182  179  178  174
  175  174  177  178  184  187  193  196  202  204  206  207  206  205  204  202
  202  200  200  198  197  195  193  192  190  189  187  186  185  184  183  181
  181  178  179  176  178  174  176  174  175  173  174  173  174  174  174  174
  175  176  176  178  178  181  194  168  160                                   
    85.0-180.0 180.0   5.0 450.0                            LAT/LON1/LON2/DLON/H
  153  158  165  167  174  172  178  176  182  178  183  178  183  177  182  177
  181  179  185  184  192  191  199  199  207  205  210  208  211  207  208  205
  206  203  201  198  196  193  190  187  183  180  177  174  172  170  170  167
  168  165  166  162  163  159  160  156  158  155  155  153  154  152  153  152
  153  152  155  154  158  159  170  173  153                                   
    82.5-180.0 180.0   5.0 450.0                            LAT/LON1/LON2/DLON/H
  150  144  151  156  159  162  167  170  174  175  179  180  181  184  182  185
  181  187  184  193  191  201  200  209  209  215  216  219  219  221  219  220
  216  217  211  212  205  204  196  193  186  183  177  174  169  167  164  160
  158  154  153  148  148  142  143  136  138  132  135  130  133  130  133  129
  133  130  133  132  134  134  153  153  150                                   
    80.0-180.0 180.0   5.0 450.0                            LAT/LON1/LON2/DLON/H
  130  127  135  138  145  149  153  156  159  161  165  165  170  167  174  170
  176  173  180  180  187  189  195  198  204  206  212  213  216  217  218  218
  218  217  216  213  210  206  200  195  188  184  178  174  171  166  165  160
  160  154  154  149  148  144  142  139  137  135  133  131  129  127  125  123
  122  119  120  117  119  119  128  139  130                                   
    77.5-180.0 180.0   5.0 450.0                            LAT/LON1/LON2/DLON/H
  113  113  115  119  129  129  138  136  143  141  148  146  150  148  153  154
  157  161  163  171  173  182  186  193  198  203  209  212  215  217  219  220
  221  221  222  218  217  210  208  199  196  188  186  178  177  170  171  165
  166  161  161  159  157  154  151  149  145  141  137  134  130  127  122  119
  115  111  108  104  101  100  112  121  113                                   
    75.0-180.0 180.0   5.0 450.0                            LAT/LON1/LON2/DLON/H
  107  101  103  112  118  127  127  135  131  138  133  138  136  139  139  141
  144  145  153  155  167  170  186  188  199  203  209  212  214  218  219  223
  223  228  229  229  227  221  219  211  211  203  202  194  194  188  189  184
  185  182  182  180  179  177  175  172  169  165  160  156  150  144  137  130
  124  118  113  105  103   96  107  111  107                                   
    72.5-180.0 180.0   5.0 450.0                            LAT/LON1/LON2/DLON/H
   97   94   94  104  111  113  123  118  127  120  129  121  129  121  130  125
  137  134  147  150  166  172  187  194  204  209  213  218  218  222  221  225
  228  232  237  237  239  234  233  227  225  219  218  212  212  209  209  206
  205  204  202  201  198  197  192  192  185  184  173  172  161  159  146  143
  130  127  115  110  101   97  104  106   97                                   
    70.0-180.0 180.0   5.0 450.0                            LAT/LON1/LON2/DLON/H
   95   91   88   98  105  112  118  120  123  125  128  127  130  128  132  132
  137  143  151  160  172  183  195  205  213  220  220  228  225  233  226  235
  233  242  244  247  248  246  246  239  240  233  235  228  231  227  230  226
  227  225  224  220  217  210  205  199  193  187  180  175  167  162  154  148
  140  132  124  112  105   96  100  100   95                                   
    67.5-180.0 180.0   5.0 450.0                            LAT/LON1/LON2/DLON/H
   86   84   82   94   97  104  110  113  119  117  125  120  131  121  134  129
  144  142  161  165  185  194  208  221  225  234  233  242  237  244  237  243
  242  249  253  256  259  258  259  254  253  249  248  246  245  245  244  244
  241  240  235  231  224  216  206  198  188  181  170  167  156  154  144  142
  132  129  116  112  100   95   96   95   86                                   
    65.0-180.0 180.0   5.0 450.0                            LAT/LON1/LON2/DLON/H
   80   80   74   85   90   97  102  108  113  117  124  122  133  128  139  140
  152  157  168  181  192  207  216  231  235  243  243  251  248  253  247  252
  250  258  261  265  267  267  268  264  265  261  262  258  259  256  255  253
  251  246  240  232  223  210  198  186  175  164  154  147  140  136  130  126
  120  115  108  101   96   90   87   85   80                                   
    62.5-180.0 180.0   5.0 450.0                            LAT/LON1/LON2/DLON/H
   67   65   65   77   78   85   90   97  100  107  112  115  124  122  134  135
  150  152  171  180  197  212  222  237  239  248  246  254  250  255  252  258
  258  266  271  273  277  276  277  274  275  273  271  272  268  267  263  261
  255  248  240  228  217  200  187  172  158  145  132  125  116  113  107  105
   99   99   93   91   85   81   77   73   67                                   
    60.0-180.0 180.0   5.0 450.0                            LAT/LON1/LON2/DLON/H
   65   59   55   64   66   74   78   85   90   97  106  109  122  121  137  139
  154  160  173  188  197  214  221  237  237  247  245  251  252  257  258  265
  269  277  280  283  283  284  284  283  284  285  286  286  284  281  274  268
  261  252  242  229  215  196  181  163  150  134  123  113  105   99   94   90
   88   86   85   81   78   74   67   64   65                                   
    57.5-180.0 180.0   5.0 450.0                            LAT/LON1/LON2/DLON/H
   62   49   46   54   53   60   63   73   76   86   91  101  109  114  126  133
  145  149  165  175  190  203  214  228  231  243  243  255  252  264  266  279
  283  295  295  300  298  299  297  299  298  305  302  306  298  294  282  275
  264  255  244  229  217  197  182  163  149  135  123  113  106   98   92   88
   84   82   80   75   74   68   66   61   62                                   
    55.0-180.0 180.0   5.0 450.0                            LAT/LON1/LON2/DLON/H
   69   53   45   49   47   53   54   62   66   76   85   92  106  109  125  131
  147  151  163  177  185  200  204  221  222  236  238  250  254  267  278  291
  300  311  312  316  312  314  311  315  315  322  322  323  316  309  299  288
  278  268  257  243  231  214  198  181  168  154  144  134  126  117  110   99
   95   88   88   82   81   74   71   66   69                                   
    52.5-180.0 180.0   5.0 450.0                            LAT/LON1/LON2/DLON/H
   84   61   56   57   51   53   52   59   60   73   78   90   96  107  116  127
  139  148  160  171  183  192  199  210  219  231  240  257  263  282  291  311
  319  331  331  333  331  329  330  333  334  340  340  341  332  323  311  304
  295  287  277  262  249  232  219  203  193  180  173  165  159  150  141  128
  118  112  106  101  100   94   91   88   84                                   
    50.0-180.0 180.0   5.0 450.0                            LAT/LON1/LON2/DLON/H
  105   85   74   73   66   67   59   63   60   71   76   87   99  105  120  130
  145  156  169  180  186  196  201  213  218  235  246  264  275  292  310  327
  342  352  354  355  354  353  353  354  356  358  360  358  351  341  333  322
  318  309  302  287  274  257  243  229  219  211  204  198  194  185  177  163
  154  143  137  129  130  122  123  118  105                                   
    47.5-180.0 180.0   5.0 450.0                            LAT/LON1/LON2/DLON/H
  133  110  103   96   89   85   78   76   71   79   81   96  101  112  121  137
  150  170  180  195  201  212  215  230  236  257  263  284  290  314  324  345
  357  369  373  374  375  373  376  375  376  374  376  370  366  355  350  341
  339  328  321  304  291  271  256  242  232  227  222  221  217  213  202  194
  185  178  168  164  161  160  162  156  133                                   
    45.0-180.0 180.0   5.0 450.0                            LAT/LON1/LON2/DLON/H
  158  148  133  126  114  112   97   96   84   90   90  105  110  120  131  148
  165  181  198  208  216  225  232  246  255  272  280  297  307  325  339  359
  371  383  390  394  399  398  401  398  395  390  387  382  376  368  365  357
  355  344  334  315  296  275  254  238  227  224  222  225  226  223  218  210
  205  198  190  187  183  185  190  182  158                                   
    42.5-180.0 180.0   5.0 450.0                            LAT/LON1/LON2/DLON/H
  176  168  159  155  148  139  129  119  108  109  111  121  126  136  144  165
  180  204  217  233  241  254  262  280  287  305  309  326  332  347  358  372
  383  393  405  411  422  424  428  422  416  406  401  391  387  379  378  368
  366  351  340  315  295  266  243  220  210  204  206  211  216  219  213  215
  206  205  193  193  191  196  204  204  176                                   
    40.0-180.0 180.0   5.0 450.0                            LAT/LON1/LON2/DLON/H
  187  187  174  177  169  162  144  137  125  128  127  140  142  156  163  185
  204  223  238  250  257  269  281  296  307  322  329  345  348  361  365  383
  391  408  421  435  447  454  457  453  442  433  418  411  400  395  390  381
  374  360  343  319  290  260  230  208  194  185  184  190  196  198  200  198
  194  188  182  178  180  185  196  204  187                                   
    37.5-180.0 180.0   5.0 450.0                            LAT/LON1/LON2/DLON/H
  182  181  174  182  178  177  164  150  140  138  143  151  161  170  180  200
  217  237  254  266  275  287  301  316  327  342  351  365  370  376  382  395
  410  432  452  469  483  488  494  489  482  464  452  439  430  422  413  406
  394  381  362  339  308  273  241  218  205  191  188  184  192  186  191  184
  183  173  161  156  154  164  181  196  182                                   
    35.0-180.0 180.0   5.0 450.0                            LAT/LON1/LON2/DLON/H
  173  166  162  166  170  167  159  148  141  144  150  165  175  190  203  225
  242  259  271  282  285  301  312  328  339  355  367  382  385  395  397  422
  439  473  493  514  530  542  544  540  528  512  496  480  468  460  446  435
  420  403  373  344  302  269  241  223  215  212  218  216  211  204  199  191
  186  171  159  144  142  141  154  170  173                                   
    32.5-180.0 180.0   5.0 450.0                            LAT/LON1/LON2/DLON/H
  160  146  141  149  149  155  150  141  136  137  148  163  181  198  217  233
  256  269  285  290  302  308  322  336  350  366  378  398  409  420  434  458
  489  521  550  582  604  621  616  606  588  571  555  542  527  518  506  497
  467  452  417  400  363  345  314  306  289  290  278  274  258  250  238  243
  225  208  178  160  147  145  137  139  160                                   
    30.0-180.0 180.0   5.0 450.0                            LAT/LON1/LON2/DLON/H
  136  133  127  127  135  130  132  122  123  126  140  157  180  200  222  244
  264  280  291  302  308  321  331  346  358  373  388  413  430  452  471  503
  540  581  623  664  688  704  699  686  666  650  637  624  609  599  589  566
  550  522  503  479  459  442  422  415  401  395  375  365  325  306  265  258
  234  227  204  184  163  145  154  123  136                                   
    27.5-180.0 180.0   5.0 450.0                            LAT/LON1/LON2/DLON/H
  123  133  125  118  124  123  124  115  114  109  124  139  167  193  223  244
  273  285  305  312  326  331  345  355  370  382  407  433  463  486  509  547
  589  643  690  735  759  764  758  745  729  718  705  704  686  680  668  666
  642  622  602  586  565  551  536  527  516  511  496  472  429  399  352  341
  306  309  274  251  204  180  164  119  123                                   
    25.0-180.0 180.0   5.0 450.0                            LAT/LON1/LON2/DLON/H
  140  151  130  122  118  111  117  111  109  107  114  130  159  189  225  247
  276  294  315  331  344  356  367  376  386  401  427  463  493  526  560  603
  655  703  748  778  792  801  797  795  787  776  776  758  760  740  743  732
  725  709  699  678  667  650  643  628  617  608  593  573  528  498  454  439
  401  404  360  333  279  244  222  158  140                                   
    22.5-180.0 180.0   5.0 450.0                            LAT/LON1/LON2/DLON/H
  188  189  165  145  139  129  123  115  117  109  111  120  146  176  214  245
  278  306  335  350  370  381  393  395  407  427  461  504  536  585  617  666
  705  755  782  798  817  824  832  827  831  832  833  829  828  812  803  787
  778  758  743  728  714  696  686  674  667  667  660  642  603  570  521  503
  484  480  440  399  344  304  272  213  188                                   
    20.0-180.0 180.0   5.0 450.0                            LAT/LON1/LON2/DLON/H
  235  214  193  173  168  157  147  138  125  118  117  122  141  176  213  249
  284  313  345  370  393  410  416  421  432  457  495  537  587  629  676  708
  752  782  797  809  826  832  843  846  859  859  874  865  860  851  840  828
  815  797  769  758  730  718  695  688  676  684  683  678  655  624  583  559
  544  531  504  459  404  354  308  271  235                                   
    17.5-180.0 180.0   5.0 450.0                            LAT/LON1/LON2/DLON/H
  266  234  205  193  182  170  172  162  146  138  125  126  142  172  209  242
  280  319  356  383  414  430  435  441  455  492  524  584  623  683  717  756
  787  797  812  816  831  833  849  857  875  885  894  888  881  862  858  841
  831  795  765  734  705  668  653  633  637  645  652  653  653  632  615  585
  579  563  529  492  435  382  342  318  266                                   
    15.0-180.0 180.0   5.0 450.0                            LAT/LON1/LON2/DLON/H
  278  252  217  209  192  186  169  165  152  142  128  129  140  175  211  249
  282  321  357  390  421  441  450  461  480  511  556  609  664  716  754  781
  799  802  813  815  824  830  849  862  890  899  911  901  888  873  865  848
  824  786  734  697  648  606  591  572  580  591  605  629  637  639  626  606
  591  571  547  501  456  405  361  333  278                                   
    12.5-180.0 180.0   5.0 450.0                            LAT/LON1/LON2/DLON/H
  289  264  227  216  193  190  183  172  153  140  130  127  138  173  211  252
  283  319  359  395  427  448  464  480  500  542  583  644  689  740  775  793
  803  804  815  810  824  824  849  865  891  902  902  893  879  862  850  826
  797  744  682  595  534  504  492  492  495  525  544  589  597  619  604  595
  562  554  516  488  444  405  359  336  289                                   
    10.0-180.0 180.0   5.0 450.0                            LAT/LON1/LON2/DLON/H
  269  264  228  212  194  189  179  170  148  129  121  124  134  170  226  266
  296  325  359  396  430  456  476  495  527  566  619  668  720  755  781  793
  799  800  809  809  818  829  853  870  893  894  895  880  867  844  837  807
  778  713  634  522  471  428  423  421  432  478  515  571  583  601  574  552
  517  491  468  436  414  383  358  312  269                                   
     7.5-180.0 180.0   5.0 450.0                            LAT/LON1/LON2/DLON/H
  264  263  228  206  181  179  172  165  144  129  118  123  133  177  223  282
  311  338  371  402  435  457  477  510  549  599  643  690  733  759  783  792
