data/unet/pred1580.15i
     1.0            IONOSPHERE MAPS     GNSS                IONEX VERSION / TYPE
pyspatialgeodesy        IME             05-JAN-18 20:20     PGM / RUN BY / DATE 
Map Name                                                    COMMENT             
Predicted global ionosphere maps (GIM).                     DESCRIPTION         
  2015     6     7     0     0     0                        EPOCH OF FIRST MAP  
  2015     6     8     0     0     0                        EPOCH OF LAST MAP   
  7200                                                      INTERVAL            
    13                                                      # OF MAPS IN FILE   
  NONE                                                      MAPPING FUNCTION    
10.0                                                        ELEVATION CUTOFF    
One-way carrier phase leveled to code                       OBSERVABLES USED    
  6371.0                                                    BASE RADIUS         
 2                                                          MAP DIMENSION       
   450.0 450.0   0.0                                        HGT1 / HGT2 / DHGT  
    87.5 -87.5  -2.5                                        LAT1 / LAT2 / DLAT  
  -180.0 180.0   5.0                                        LON1 / LON2 / DLON  
    -1                                                      EXPONENT            
                                                            END OF HEADER       
[from data line 2145]
     6                                                      START OF TEC MAP    
  2015     6     7    10     0     0                        EPOCH OF CURRENT MAP
    87.5-180.0 180.0   5.0 450.0                            LAT/LON1/LON2/DLON/H
  172  192  195  197  198  198  199  201  201  203  202  204  203  206  204  206
  203  207  204  207  204  208  206  208  206  209  207  210  208  210  208  211
  208  210  208  209  206  206  204  203  201  200  199  198  199  198  200  200
  202  203  205  207  208  209  209  210  209  209  207  207  205  204  202  201
  199  198  196  194  192  190  183  158  172                                   
    85.0-180.0 180.0   5.0 450.0                            LAT/LON1/LON2/DLON/H
  188  177  186  191  191  193  195  198  199  201  202  203  204  205  206  207
  206  208  208  209  208  209  210  210  210  210  211  211  212  212  213  213
  214  214  215  214  214  212  212  210  210  208  209  207  209  207  210  209
  211  211  213  213  214  214  213  213  212  210  209  207  205  202  200  197
  196  194  192  190  190  183  191  176  188                                   
    82.5-180.0 180.0   5.0 450.0                            LAT/LON1/LON2/DLON/H
  177  180  180  184  184  187  190  193  195  198  199  201  202  205  206  207
  208  209  210  210  211  211  212  211  211  212  212  213  213  214  215  214
  216  215  216  215  216  214  215  213  213  212  213  212  214  213  215  214
  217  216  219  217  220  216  218  215  217  212  213  208  208  203  202  197
  196  192  191  188  188  185  186  189  177                                   
    80.0-180.0 180.0   5.0 450.0                            LAT/LON1/LON2/DLON/H
  179  177  174  175  177  181  183  187  188  191  192  195  196  198  199  201
  201  202  203  204  203  205  204  206  204  207  205  210  207  212  210  215
  212  216  214  217  215  216  214  215  213  215  213  216  215  218  217  220
  219  221  221  222  222  222  221  219  218  215  214  209  208  202  200  194
  192  187  185  182  183  177  187  185  179                                   
    77.5-180.0 180.0   5.0 450.0                            LAT/LON1/LON2/DLON/H
  174  178  171  174  174  179  183  186  187  190  191  194  194  197  198  199
  199  200  201  202  202  203  203  204  204  206  207  210  211  214  216  219
  221  221  224  223  225  224  225  224  225  224  225  227  228  230  231  233
  233  235  235  235  235  234  233  231  230  226  224  219  216  211  207  201
  197  192  188  183  182  177  183  185  174                                   
    75.0-180.0 180.0   5.0 450.0                            LAT/LON1/LON2/DLON/H
  175  179  174  176  174  178  180  183  183  187  187  190  190  193  193  195
  195  196  197  198  197  198  197  199  198  202  202  207  207  214  215  221
  221  226  227  230  229  230  230  230  229  230  230  233  234  238  238  241
  240  242  241  242  240  241  238  238  235  233  229  227  222  217  212  207
  202  197  192  189  186  182  196  188  175                                   
    72.5-180.0 180.0   5.0 450.0                            LAT/LON1/LON2/DLON/H
  179  184  178  179  178  179  179  181  180  183  182  185  184  187  186  189
  188  190  191  193  193  194  194  195  195  198  199  204  206  214  217  224
  227  232  234  237  238  239  238  238  237  238  238  241  241  245  244  247
  244  245  243  243  241  241  239  238  236  235  232  230  226  223  217  213
  208  203  199  194  192  188  196  193  179                                   
    70.0-180.0 180.0   5.0 450.0                            LAT/LON1/LON2/DLON/H
  185  188  182  181  177  177  175  176  174  176  175  177  177  178  180  180
  183  183  186  187  189  189  190  191  191  193  195  201  205  215  220  229
  233  240  243  247  248  248  248  246  246  245  248  249  251  252  252  251
  249  248  244  243  240  238  236  235  233  233  231  231  229  226  222  219
  215  212  207  204  201  196  210  202  185                                   
    67.5-180.0 180.0   5.0 450.0                            LAT/LON1/LON2/DLON/H
  191  197  188  185  180  177  173  171  168  169  168  169  168  170  170  172
  173  175  178  181  183  185  186  187  187  189  192  198  205  215  223  233
  239  246  252  255  257  257  256  255  254  255  256  259  258  259  256  254
  249  246  242  238  235  232  230  229  228  228  228  228  228  227  225  223
  220  218  214  212  210  207  213  210  191                                   
    65.0-180.0 180.0   5.0 450.0                            LAT/LON1/LON2/DLON/H
  201  203  195  190  182  176  169  166  161  160  159  160  160  161  162  162
  166  166  171  174  178  181  184  185  187  188  193  200  207  220  228  240
  246  256  261  265  266  265  264  263  263  264  265  267  267  266  263  258
  253  248  242  236  232  228  226  225  225  226  226  227  228  229  228  227
  225  225  222  222  219  215  227  222  201                                   
    62.5-180.0 180.0   5.0 450.0                            LAT/LON1/LON2/DLON/H
  210  215  203  197  187  179  169  162  155  152  150  150  149  151  151  153
  154  158  162  168  172  176  179  181  183  186  192  200  210  222  232  243
  252  261  267  270  272  271  270  269  268  271  272  275  273  273  268  264
  257  252  244  239  232  230  226  227  226  228  227  230  230  232  230  232
  229  230  228  229  229  227  231  234  210                                   
    60.0-180.0 180.0   5.0 450.0                            LAT/LON1/LON2/DLON/H
  219  221  212  202  190  179  168  157  150  145  144  143  144  142  144  143
  147  148  154  159  165  171  175  179  183  188  194  203  212  226  235  249
  257  268  272  275  277  274  275  273  276  278  281  284  283  281  277  271
  265  257  250  243  237  233  230  230  231  231  232  233  235  235  235  235
  235  236  234  236  236  232  243  243  219                                   
    57.5-180.0 180.0   5.0 450.0                            LAT/LON1/LON2/DLON/H
  228  231  219  210  196  183  169  155  145  137  133  130  129  127  128  129
  132  135  141  147  154  161  167  174  178  184  192  201  213  224  236  248
  258  267  273  275  277  276  277  278  280  285  287  292  290  289  284  279
  271  266  258  254  247  244  239  240  238  239  239  239  240  241  239  240
  237  239  238  240  242  241  245  251  228                                   
    55.0-180.0 180.0   5.0 450.0                            LAT/LON1/LON2/DLON/H
  236  235  227  216  202  187  173  157  146  136  131  126  125  121  121  119
  122  125  130  138  145  155  163  172  179  188  195  206  214  228  238  252
  260  270  276  278  281  280  283  283  289  292  297  300  300  297  293  287
  281  275  269  264  259  256  252  251  249  249  247  246  245  245  242  242
  238  243  238  244  243  242  251  254  236                                   
    52.5-180.0 180.0   5.0 450.0                            LAT/LON1/LON2/DLON/H
  243  242  232  224  209  195  179  162  148  135  127  119  115  109  107  105
  108  111  119  126  137  146  158  170  177  188  194  207  215  228  238  251
  260  271  277  279  283  284  288  290  295  300  304  307  305  303  298  294
  288  286  279  278  270  270  263  263  258  256  254  252  251  250  246  245
  241  243  240  244  243  245  249  256  243                                   
    50.0-180.0 180.0   5.0 450.0                            LAT/LON1/LON2/DLON/H
  249  243  238  227  215  200  186  169  154  141  131  120  115  105  102   99
  102  106  113  123  131  145  155  171  180  192  199  212  218  233  240  255
  264  275  283  286  292  292  299  299  307  309  317  316  316  311  307  301
  297  293  290  285  281  277  273  272  266  266  260  260  256  256  251  251
  244  248  242  247  244  241  248  254  249                                   
    47.5-180.0 180.0   5.0 450.0                            LAT/LON1/LON2/DLON/H
  252  245  239  232  220  207  195  178  163  147  135  121  112  101   94   91
   94   98  108  115  128  140  156  170  182  196  203  215  222  234  243  259
  268  282  289  295  300  302  307  310  315  320  324  326  322  319  311  308
  301  301  294  294  285  285  277  276  270  267  264  261  262  260  258  255
  252  251  248  249  246  245  246  250  252                                   
    45.0-180.0 180.0   5.0 450.0                            LAT/LON1/LON2/DLON/H
  254  238  237  230  223  211  200  186  173  159  145  131  118  105   97   94
   96  103  111  122  132  148  161  180  190  206  211  223  227  241  248  265
  275  290  298  305  311  314  321  324  332  334  342  339  339  332  326  318
  313  309  303  299  293  289  284  282  277  276  269  271  267  270  267  268
  263  267  258  261  250  243  245  245  254                                   
    42.5-180.0 180.0   5.0 450.0                            LAT/LON1/LON2/DLON/H
  253  236  230  226  220  211  204  193  183  169  157  141  126  112  102   98
  100  105  115  123  135  148  165  182  199  212  222  230  236  247  255  272
  284  299  309  316  324  328  335  340  348  353  356  356  351  346  337  329
  321  318  310  308  299  297  289  287  283  281  279  276  278  278  281  279
  279  277  274  269  259  252  247  242  253                                   
    40.0-180.0 180.0   5.0 450.0                            LAT/LON1/LON2/DLON/H
  256  226  223  215  213  207  202  196  190  181  170  156  140  124  114  108
  108  114  122  134  145  160  175  195  207  224  229  240  243  258  264  282
  294  311  321  331  338  343  353  358  370  374  381  377  375  367  361  353
  347  341  334  329  320  315  308  306  303  302  298  298  297  300  301  302
  301  301  295  289  275  258  255  244  256                                   
    37.5-180.0 180.0   5.0 450.0                            LAT/LON1/LON2/DLON/H
  257  227  218  210  205  199  199  194  195  188  182  167  154  136  125  117
  116  119  126  133  147  160  180  196  216  228  240  247  254  266  274  290
  303  320  334  346  355  362  370  378  387  395  397  400  392  390  380  375
  369  367  361  357  347  342  334  331  328  326  325  324  328  331  334  337
  333  330  320  307  292  274  270  250  257                                   
    35.0-180.0 180.0   5.0 450.0                            LAT/LON1/LON2/DLON/H
  266  223  216  204  198  193  192  192  195  194  194  182  172  152  140  128
  125  125  131  140  152  170  187  206  217  235  241  255  259  275  282  300
  311  331  345  358  369  375  388  393  408  411  421  419  419  415  411  410
  410  412  410  408  400  396  385  384  375  374  366  363  360  362  365  368
  365  363  350  340  316  289  286  264  266                                   
    32.5-180.0 180.0   5.0 450.0                            LAT/LON1/LON2/DLON/H
  270  231  218  202  196  186  186  186  193  196  199  192  182  163  149  136
  130  129  132  139  152  167  190  206  225  239  251  261  269  283  292  309
  320  341  355  370  381  389  401  411  423  431  435  443  439  444  440  446
  445  454  456  459  455  450  440  435  425  419  404  399  391  393  391  396
  389  390  372  362  336  314  307  276  270                                   
    30.0-180.0 180.0   5.0 450.0                            LAT/LON1/LON2/DLON/H
  274  241  230  212  202  193  186  188  193  199  207  202  195  177  162  143
  136  129  135  138  153  169  193  212  227  241  251  262  269  283  292  309
  323  341  356  369  383  391  409  419  437  444  455  457  463  463  469  474
  486  498  508  518  517  518  506  499  482  471  452  441  427  421  416  419
  414  411  391  378  349  328  320  294  274                                   
    27.5-180.0 180.0   5.0 450.0                            LAT/LON1/LON2/DLON/H
  288  261  243  227  213  200  195  191  196  203  208  207  199  183  167  149
  136  129  131  138  151  168  193  212  231  247  253  262  269  282  292  310
  324  344  357  372  385  398  412  427  440  452  460  471  472  484  485  500
  510  532  546  562  567  569  560  549  527  512  485  472  450  442  429  427
  419  416  395  382  361  346  335  306  288                                   
    25.0-180.0 180.0   5.0 450.0                            LAT/LON1/LON2/DLON/H
  295  282  267  252  236  223  211  206  207  213  215  216  206  191  174  153
  139  128  131  135  151  167  192  211  227  240  244  252  258  271  285  301
  319  335  352  369  387  400  418  429  446  454  466  474  484  492  503  518
  535  561  579  599  605  609  600  592  571  548  522  506  480  464  446  437
  429  421  404  390  368  351  342  325  295                                   
    22.5-180.0 180.0   5.0 450.0                            LAT/LON1/LON2/DLON/H
  305  301  289  278  263  249  234  223  219  218  219  219  207  192  176  156
  142  129  130  138  150  168  186  207  221  233  235  245  250  267  280  300
  314  337  349  372  388  406  418  431  442  451  461  473  483  495  506  523
  543  570  589  608  611  614  605  596  577  558  529  514  484  468  444  434
  421  411  395  383  366  356  339  321  305                                   
    20.0-180.0 180.0   5.0 450.0                            LAT/LON1/LON2/DLON/H
  312  317  308  305  296  284  268  253  242  234  229  225  210  198  179  164
  148  134  133  136  153  163  183  196  210  219  225  234  242  255  274  292
  313  333  354  378  395  409  424  432  444  449  459  469  483  497  511  530
  547  569  583  597  600  602  594  588  571  556  534  518  493  473  448  432
  420  406  391  379  361  344  330  325  312                                   
    17.5-180.0 180.0   5.0 450.0                            LAT/LON1/LON2/DLON/H
  310  316  311  315  308  300  284  270  254  242  232  221  208  193  180  166
  154  142  137  142  149  162  170  184  195  205  212  222  228  245  262  285
  304  331  351  384  397  416  425  435  443  447  455  463  476  489  502  517
  531  545  553  561  561  563  555  550  539  531  513  503  478  461  433  418
  402  388  375  361  346  332  315  305  310                                   
    15.0-180.0 180.0   5.0 450.0                            LAT/LON1/LON2/DLON/H
  303  306  303  312  310  308  300  284  270  252  238  224  210  198  182  172
  160  150  147  143  152  154  165  172  185  195  206  215  227  240  264  284
  310  336  360  388  404  418  430  440  449  454  458  466  474  489  496  511
  513  522  520  524  522  526  522  523  515  511  499  491  472  453  429  410
  395  380  365  351  332  314  304  303  303                                   
    12.5-180.0 180.0   5.0 450.0                            LAT/LON1/LON2/DLON/H
  292  285  281  291  288  291  282  276  260  245  229  214  206  192  184  172
  164  155  151  147  145  147  150  158  170  184  195  211  221  241  260  288
  311  343  365  396  406  425  432  450  460  465  468  469  475  484  491  497
  496  495  487  485  484  487  488  491  487  484  476  470  450  434  409  393
  376  359  346  331  313  298  284  280  292                                   
    10.0-180.0 180.0   5.0 450.0                            LAT/LON1/LON2/DLON/H
  266  261  260  266  268  271  270  263  251  236  223  210  203  195  184  177
  165  157  152  145  144  139  143  145  162  175  193  209  224  238  264  286
  316  344  369  395  409  426  437  455  470  479  479  481  480  487  488  495
  483  480  466  464  461  469  472  480  478  473  467  460  446  427  406  386
  369  353  337  323  304  285  276  278  266                                   
     7.5-180.0 180.0   5.0 450.0                            LAT/LON1/LON2/DLON/H
  251  239  234  240  235  240  234  234  221  215  202  194  189  183  179  170
  163  151  148  138  134  127  126  130  146  166  187  208  220  238  263  290
