data/unet/pred1120.15i
     1.0            IONOSPHERE MAPS     GNSS                IONEX VERSION / TYPE
pyspatialgeodesy        IME             05-JAN-18 20:20     PGM / RUN BY / DATE 
Map Name                                                    COMMENT             
Predicted global ionosphere maps (GIM).                     DESCRIPTION         
  2015     4    22     0     0     0                        EPOCH OF FIRST MAP  
  2015     4    23     0     0     0                        EPOCH OF LAST MAP   
  7200                                                      INTERVAL            
    13                                                      # OF MAPS IN FILE   
  NONE                                                      MAPPING FUNCTION    
10.0                                                        ELEVATION CUTOFF    
One-way carrier phase leveled to code                       OBSERVABLES USED    
  6371.0                                                    BASE RADIUS         
 2                                                          MAP DIMENSION       
   450.0 450.0   0.0                                        HGT1 / HGT2 / DHGT  
    87.5 -87.5  -2.5                                        LAT1 / LAT2 / DLAT  
  -180.0 180.0   5.0                                        LON1 / LON2 / DLON  
    -1                                                      EXPONENT            
                                                            END OF HEADER       
[from data line 3003]
     8                                                      START OF TEC MAP    
  2015     4    22    14     0     0                        EPOCH OF CURRENT MAP
    87.5-180.0 180.0   5.0 450.0                            LAT/LON1/LON2/DLON/H
  214  222  230  232  236  236  240  239  242  240  244  240  245  243  248  246
  250  248  250  248  249  247  248  246  248  246  248  246  247  245  246  243
  244  241  241  239  238  236  235  234  232  231  230  229  227  226  225  224
  223  223  223  223  222  223  222  223  222  222  222  222  221  221  221  221
  221  221  221  220  218  218  231  196  214                                   
    85.0-180.0 180.0   5.0 450.0                            LAT/LON1/LON2/DLON/H
  219  223  220  230  227  233  233  239  238  243  243  246  245  248  248  249
  249  248  248  246  245  243  244  243  244  245  247  246  248  247  248  246
  246  244  243  240  238  235  234  230  229  226  225  223  222  220  220  218
  219  217  220  218  220  218  221  219  221  218  220  217  219  216  218  216
  218  215  218  214  217  214  218  216  219                                   
    82.5-180.0 180.0   5.0 450.0                            LAT/LON1/LON2/DLON/H
  210  199  201  205  208  209  218  218  225  223  229  225  232  228  235  230
  235  229  233  227  229  225  228  227  230  232  235  237  239  241  242  242
  241  240  237  235  231  229  225  223  218  217  213  213  210  211  208  211
  209  211  211  213  212  213  212  213  212  212  210  211  208  208  206  206
  204  205  203  204  203  205  208  208  210                                   
    80.0-180.0 180.0   5.0 450.0                            LAT/LON1/LON2/DLON/H
  185  191  184  191  191  200  200  209  206  214  211  219  214  221  216  221
  215  218  212  214  211  212  210  213  213  219  220  227  226  233  232  237
  234  236  233  233  229  226  222  218  214  211  208  206  204  204  204  205
  206  207  208  210  210  211  211  213  211  211  208  210  205  205  200  202
  197  198  193  193  190  193  188  191  185                                   
    77.5-180.0 180.0   5.0 450.0                            LAT/LON1/LON2/DLON/H
  169  172  170  176  175  184  187  194  195  199  201  202  204  204  207  205
  206  203  202  202  200  201  200  203  204  209  213  218  223  227  231  232
  236  235  238  234  234  228  226  220  216  212  208  207  204  206  204  209
  207  211  210  214  213  214  214  215  214  212  210  208  205  201  199  196
  192  190  185  182  178  180  177  177  169                                   
    75.0-180.0 180.0   5.0 450.0                            LAT/LON1/LON2/DLON/H
  162  168  166  171  173  180  181  189  187  194  193  198  195  201  197  201
  196  200  196  201  198  201  199  203  204  213  216  225  228  236  239  243
  244  246  246  244  242  239  233  229  223  220  215  214  212  213  213  215
  216  218  219  220  222  223  223  223  222  220  218  215  211  207  203  198
  194  189  186  180  180  172  171  171  162                                   
    72.5-180.0 180.0   5.0 450.0                            LAT/LON1/LON2/DLON/H
  159  161  160  167  166  173  174  180  181  184  186  186  189  186  194  187
  196  191  198  197  200  200  204  206  212  217  225  232  240  246  252  255
  258  259  259  257  256  252  248  241  236  232  228  226  224  225  223  226
  225  228  228  231  233  234  235  235  233  231  227  223  218  213  206  201
  196  191  184  181  175  172  169  169  159                                   
    70.0-180.0 180.0   5.0 450.0                            LAT/LON1/LON2/DLON/H
  156  158  155  164  165  171  173  178  179  182  183  184  186  188  192  195
  196  200  201  204  206  206  210  213  218  225  233  240  247  252  258  262
  265  266  267  264  264  259  257  252  249  244  243  240  241  238  239  238
  240  239  241  241  243  242  243  241  240  235  231  225  219  211  205  198
  191  185  179  174  171  163  161  166  156                                   
    67.5-180.0 180.0   5.0 450.0                            LAT/LON1/LON2/DLON/H
  150  148  149  155  157  165  166  173  172  178  177  181  184  183  192  187
  200  196  207  208  214  215  219  222  230  234  243  246  253  254  261  263
  268  268  270  269  269  267  265  262  261  258  257  256  255  253  252  251
  249  249  247  246  246  243  241  237  233  227  221  213  206  199  191  185
  178  173  167  163  157  154  155  156  150                                   
    65.0-180.0 180.0   5.0 450.0                            LAT/LON1/LON2/DLON/H
  139  139  137  146  150  155  161  166  170  174  180  179  188  188  197  200
  205  206  213  213  221  220  227  228  238  239  248  248  254  253  259  261
  266  268  273  273  276  273  275  273  274  271  273  271  272  269  269  266
  264  261  258  254  251  245  239  232  225  215  208  198  192  181  174  166
  160  154  149  144  141  136  136  144  139                                   
    62.5-180.0 180.0   5.0 450.0                            LAT/LON1/LON2/DLON/H
  125  120  119  126  131  141  144  155  157  168  172  178  185  186  198  196
  209  206  217  215  225  225  232  235  242  244  250  250  253  252  255  258
  264  268  274  277  282  282  285  283  286  284  288  285  288  284  283  279
  274  270  263  256  251  241  233  220  212  200  192  181  174  163  154  145
  138  133  126  120  116  114  119  125  125                                   
    60.0-180.0 180.0   5.0 450.0                            LAT/LON1/LON2/DLON/H
  110  101   99  106  112  119  131  133  149  151  168  167  183  182  195  196
  206  202  212  210  221  220  231  230  241  240  250  246  251  247  252  254
  264  268  279  283  292  292  298  297  302  300  303  302  304  300  297  294
  288  284  274  267  258  248  238  227  216  203  192  181  172  160  150  139
  130  121  113  104   97   93   96  105  110                                   
    57.5-180.0 180.0   5.0 450.0                            LAT/LON1/LON2/DLON/H
   94   83   81   85   88   99  102  118  125  141  151  160  170  174  186  189
  200  198  209  210  219  223  232  233  242  242  247  245  248  247  252  257
  268  275  287  293  304  305  313  313  320  318  323  320  321  314  311  304
  299  291  282  273  265  252  244  231  224  208  201  187  181  166  157  141
  130  117  108   97   88   86   84   87   94                                   
    55.0-180.0 180.0   5.0 450.0                            LAT/LON1/LON2/DLON/H
   95   74   71   73   78   83   92  100  115  124  141  146  161  161  176  178
  193  192  205  206  217  219  228  231  236  242  245  246  250  251  260  267
  281  290  303  310  322  326  334  337  341  343  342  339  336  330  325  319
  313  308  298  293  281  275  263  256  244  238  225  217  203  193  178  163
  146  133  119  105   96   90   87   82   95                                   
    52.5-180.0 180.0   5.0 450.0                            LAT/LON1/LON2/DLON/H
  101   81   74   69   71   76   81   93   99  119  129  144  151  160  169  178
  190  198  211  219  227  232  238  245  248  255  256  261  265  271  281  292
  306  315  328  333  347  349  358  358  365  362  362  355  353  343  341  332
  332  324  319  311  303  295  284  275  266  258  248  238  229  215  203  185
  171  153  142  125  116  107  103   96  101                                   
    50.0-180.0 180.0   5.0 450.0                            LAT/LON1/LON2/DLON/H
  125  102   90   85   80   80   83   90  100  113  127  138  151  157  171  179
  197  210  225  233  243  245  250  254  259  266  267  278  284  294  305  317
  331  340  352  359  373  376  384  385  389  388  384  378  370  362  355  352
  350  348  341  336  325  319  307  302  289  285  273  268  255  244  230  216
  202  185  172  159  148  136  135  123  125                                   
    47.5-180.0 180.0   5.0 450.0                            LAT/LON1/LON2/DLON/H
  149  132  117  103   98   93   92   97  104  117  127  142  150  159  171  188
  207  229  244  257  263  269  271  277  282  290  295  304  314  323  337  347
  361  368  380  384  396  399  406  406  410  404  401  392  386  376  371  367
  368  363  361  351  345  332  324  313  302  294  285  277  270  262  250  236
  223  207  198  185  179  170  177  156  149                                   
    45.0-180.0 180.0   5.0 450.0                            LAT/LON1/LON2/DLON/H
  183  168  147  136  126  121  114  116  116  129  138  153  162  168  187  200
  228  249  268  279  289  292  300  302  309  315  321  328  336  346  360  370
  383  391  403  408  422  426  432  433  432  430  421  414  402  394  385  383
  382  379  373  365  355  343  328  318  303  296  283  279  270  265  256  246
  238  227  219  211  207  203  206  184  183                                   
    42.5-180.0 180.0   5.0 450.0                            LAT/LON1/LON2/DLON/H
  208  199  179  163  157  140  138  133  135  142  150  160  169  178  195  218
  247  277  296  311  323  330  335  341  344  349  353  354  360  366  381  391
  406  413  426  433  446  451  455  455  452  447  438  429  417  407  398  394
  392  387  384  373  365  348  333  314  300  283  275  265  262  256  253  248
  244  235  229  222  220  222  232  209  208                                   
    40.0-180.0 180.0   5.0 450.0                            LAT/LON1/LON2/DLON/H
  227  216  201  189  182  170  161  158  157  165  174  183  194  200  222  237
  274  294  322  335  353  365  372  378  377  377  377  375  380  384  399  411
  427  436  451  461  475  481  484  487  483  481  465  457  439  430  417  415
  408  406  398  389  377  360  340  320  296  276  261  249  248  242  242  238
  235  231  224  220  219  226  232  220  227                                   
    37.5-180.0 180.0   5.0 450.0                            LAT/LON1/LON2/DLON/H
  227  224  209  199  196  184  181  168  172  176  188  198  209  218  239  261
  296  317  340  359  376  393  400  407  402  400  395  397  398  409  418  439
  453  469  483  498  510  521  524  531  523  516  498  484  463  452  439  437
  432  430  421  405  388  365  343  323  301  277  261  250  250  245  240  238
  235  232  224  215  209  214  226  217  227                                   
    35.0-180.0 180.0   5.0 450.0                            LAT/LON1/LON2/DLON/H
  222  218  207  199  196  192  186  179  180  194  207  223  236  242  270  284
  319  334  358  370  388  403  414  425  423  421  418  421  421  437  447  475
  492  520  533  556  568  583  585  586  574  560  539  522  502  491  479  468
  457  448  435  418  399  378  358  338  315  290  270  248  236  225  230  234
  245  236  226  215  210  211  218  200  222                                   
    32.5-180.0 180.0   5.0 450.0                            LAT/LON1/LON2/DLON/H
  211  214  200  194  195  188  186  178  181  197  215  234  251  263  288  305
  335  351  368  384  394  411  419  432  431  438  435  448  450  472  486  523
  550  593  621  655  667  680  667  661  634  613  584  572  549  541  516  516
  502  503  485  477  452  437  415  399  370  349  315  301  271  263  241  241
  232  234  229  222  205  201  215  185  211                                   
    30.0-180.0 180.0   5.0 450.0                            LAT/LON1/LON2/DLON/H
  190  204  202  198  194  185  179  174  178  198  219  244  264  279  308  325
  351  365  384  396  408  421  432  450  450  463  462  482  489  516  542  588
  630  678  721  753  761  754  741  721  697  671  647  631  614  602  589  581
  576  570  562  552  540  527  515  491  458  436  401  388  346  338  296  294
  266  260  244  232  223  221  214  182  190                                   
    27.5-180.0 180.0   5.0 450.0                            LAT/LON1/LON2/DLON/H
  186  208  202  197  197  193  186  176  178  192  211  239  261  285  313  339
  359  377  397  410  423  437  448  461  466  486  494  520  545  585  620  669
  725  778  818  833  849  834  813  777  744  704  676  658  646  644  641  646
  644  650  645  641  626  620  607  590  559  534  495  481  439  436  396  391
  350  344  305  289  264  257  253  187  186                                   
    25.0-180.0 180.0   5.0 450.0                            LAT/LON1/LON2/DLON/H
  210  226  214  212  209  194  186  176  182  185  202  229  251  282  313  345
  365  388  406  425  441  452  466  483  498  524  547  582  614  652  700  752
  818  850  879  899  907  898  875  835  799  755  727  706  700  705  709  714
  714  716  713  704  696  690  683  664  645  622  591  579  538  534  492  487
  446  436  389  359  315  294  284  223  210                                   
    22.5-180.0 180.0   5.0 450.0                            LAT/LON1/LON2/DLON/H
  248  256  230  218  212  205  199  186  179  187  199  215  237  271  305  344
  367  392  417  439  460  476  491  511  537  568  612  654  692  732  789  834
  881  912  944  959  953  936  905  872  846  806  784  764  769  772  778  781
  775  773  759  746  727  721  707  696  679  669  651  650  640  630  609  584
  555  517  476  443  395  364  328  279  248                                   
    20.0-180.0 180.0   5.0 450.0                            LAT/LON1/LON2/DLON/H
  315  277  255  230  220  203  198  181  183  179  186  202  230  258  294  329
  358  387  417  449  475  494  518  541  577  623  671  719  761  811  846  882
  920  951  971  977  967  934  911  876  868  844  833  817  814  816  817  819
  806  797  769  753  724  711  704  694  689  686  671  685  673  674  652  641
  609  584  547  500  455  416  375  337  315                                   
    17.5-180.0 180.0   5.0 450.0                            LAT/LON1/LON2/DLON/H
  361  314  278  257  243  221  210  200  181  180  181  205  223  255  285  317
  350  381  416  449  487  512  537  565  613  669  727  783  831  858  881  910
  939  963  974  974  947  915  896  874  877  858  858  841  840  838  843  834
  818  794  757  710  673  656  645  645  643  650  654  673  679  682  668  661
  640  617  585  549  501  463  409  385  361                                   
    15.0-180.0 180.0   5.0 450.0                            LAT/LON1/LON2/DLON/H
  375  331  304  279  263  242  222  204  189  179  172  191  216  249  284  305
  339  372  415  455  495  521  540  579  635  707  771  827  854  865  882  897
  921  932  939  918  899  869  867  854  866  862  859  851  846  844  839  833
  802  772  716  667  620  603  584  588  575  602  599  644  646  668  654  651
  648  611  601  554  530  485  435  390  375                                   
    12.5-180.0 180.0   5.0 450.0                            LAT/LON1/LON2/DLON/H
  387  340  304  288  258  247  223  210  193  182  171  188  201  255  274  312
  332  369  409  458  497  523  546  592  658  741  800  854  862  867  874  879
  894  888  889  866  856  834  841  841  854  854  852  845  839  833  827  808
  786  732  676  609  566  537  527  519  526  543  558  596  595  633  610  629
  611  608  585  562  524  496  429  400  387                                   
    10.0-180.0 180.0   5.0 450.0                            LAT/LON1/LON2/DLON/H
  355  323  296  279  253  240  218  205  187  179  172  181  196  246  277  319
  352  382  424  459  505  528  551  608  680  766  822  849  848  844  842  842
  840  839  836  828  824  818  832  844  857  862  853  849  835  829  813  799
  766  723  658  597  548  515  494  493  492  512  509  550  534  568  537  558
  560  550  552  524  508  467  415  371  355                                   
     7.5-180.0 180.0   5.0 450.0                            LAT/LON1/LON2/DLON/H
  331  305  276  267  229  221  198  191  173  172  165  179  196  244  270  318
  346  397  427  467  508  536  568  631  701  780  821  841  840  833  836  824
