data/unet/pred3420.15i
     1.0            IONOSPHERE MAPS     GNSS                IONEX VERSION / TYPE
pyspatialgeodesy        IME             05-JAN-18 20:20     PGM / RUN BY / DATE 
Map Name                                                    COMMENT             
Predicted global ionosphere maps (GIM).                     DESCRIPTION         
  2015    12     8     0     0     0                        EPOCH OF FIRST MAP  
  2015    12     9     0     0     0                        EPOCH OF LAST MAP   
  7200                                                      INTERVAL            
    13                                                      # OF MAPS IN FILE   
  NONE                                                      MAPPING FUNCTION    
10.0                                                        ELEVATION CUTOFF    
One-way carrier phase leveled to code                       OBSERVABLES USED    
  6371.0                                                    BASE RADIUS         
 2                                                          MAP DIMENSION       
   450.0 450.0   0.0                                        HGT1 / HGT2 / DHGT  
    87.5 -87.5  -2.5                                        LAT1 / LAT2 / DLAT  
  -180.0 180.0   5.0                                        LON1 / LON2 / DLON  
    -1                                                      EXPONENT            
                                                            END OF HEADER       
[from data line 429]
     2                                                      START OF TEC MAP    
  2015    12     8     2     0     0                        EPOCH OF CURRENT MAP
    87.5-180.0 180.0   5.0 450.0                            LAT/LON1/LON2/DLON/H
   74   57   51   41   45   38   42   38   42   37   41   36   40   36   40   36
   40   36   39   36   39   35   38   34   38   34   37   34   37   34   36   34
   38   35   39   37   41   39   43   41   46   43   47   44   49   46   51   47
   53   49   54   50   56   51   56   52   58   53   58   53   58   52   57   51
   56   50   55   50   59   50   59   67   74                                   
    85.0-180.0 180.0   5.0 450.0                            LAT/LON1/LON2/DLON/H
   56   61   38   39   37   33   34   32   33   32   33   32   33   33   33   33
   34   33   33   32   32   31   30   29   27   27   26   26   25   25   25   25
   26   26   28   28   31   31   34   34   37   37   40   40   43   43   46   45
   48   47   50   49   52   50   53   51   55   52   55   53   55   53   54   52
   53   50   51   49   50   42   49   73   56                                   
    82.5-180.0 180.0   5.0 450.0                            LAT/LON1/LON2/DLON/H
   55   49   41   39   34   32   31   33   33   33   33   35   36   37   38   39
   39   38   38   37   35   33   31   29   28   25   25   23   23   22   23   23
   24   24   26   27   30   30   34   35   38   38   42   43   46   46   49   50
   52   53   54   56   57   58   58   59   60   60   60   61   62   61   61   61
   61   59   60   58   56   49   61   80   55                                   
    80.0-180.0 180.0   5.0 450.0                            LAT/LON1/LON2/DLON/H
   57   46   39   34   35   28   31   28   32   29   34   33   39   37   43   41
   45   41   44   39   40   33   33   27   27   21   22   19   20   17   20   19
   23   21   26   26   31   30   36   36   41   40   45   45   50   48   53   51
   56   52   57   54   59   55   59   56   61   56   62   58   64   60   65   62
   66   62   66   61   61   50   55   73   57                                   
    77.5-180.0 180.0   5.0 450.0                            LAT/LON1/LON2/DLON/H
   58   50   42   42   32   32   27   31   27   33   31   39   38   45   44   50
   47   50   46   47   40   39   32   31   24   25   20   22   18   22   20   24
   22   27   26   31   30   35   35   41   40   45   45   50   48   52   50   54
   51   54   50   54   50   53   50   54   51   54   53   58   56   61   60   65
   64   68   67   70   65   61   65   81   58                                   
    75.0-180.0 180.0   5.0 450.0                            LAT/LON1/LON2/DLON/H
   66   56   47   45   38   34   31   31   31   33   36   39   44   47   51   54
   55   54   52   50   45   41   35   31   26   24   22   22   21   23   25   27
   28   31   33   35   37   39   41   42   44   45   48   49   50   50   50   49
   48   47   46   45   43   43   42   43   43   45   47   50   52   56   59   63
   66   70   73   76   75   69   71   84   66                                   
    72.5-180.0 180.0   5.0 450.0                            LAT/LON1/LON2/DLON/H
   75   68   58   53   42   38   32   32   30   33   35   40   43   49   52   56
   56   57   53   51   45   41   34   31   25   24   22   24   23   27   28   32
   32   36   37   39   38   40   40   42   41   44   44   46   44   45   43   43
   39   39   35   35   31   33   31   34   34   38   41   45   48   52   57   61
   66   71   77   80   83   78   84   91   75                                   
    70.0-180.0 180.0   5.0 450.0                            LAT/LON1/LON2/DLON/H
   87   79   68   63   55   46   43   38   40   39   43   45   50   52   56   56
   58   55   53   48   44   38   33   28   26   23   26   26   30   32   37   38
   41   41   44   42   43   42   43   42   43   43   45   44   45   43   43   40
   38   34   32   29   28   28   30   32   35   39   43   47   52   57   62   67
   73   79   85   91   94   92   94  100   87                                   
    67.5-180.0 180.0   5.0 450.0                            LAT/LON1/LON2/DLON/H
   99   93   84   77   62   55   47   46   42   44   43   48   47   52   51   54
   52   53   49   46   40   36   30   27   23   25   25   31   31   37   38   43
   42   44   42   42   39   39   38   38   36   38   38   40   38   39   36   36
   30   29   24   25   23   26   27   33   37   44   49   56   62   67   72   76
   82   87   95   98  104  101  107  107   99                                   
    65.0-180.0 180.0   5.0 450.0                            LAT/LON1/LON2/DLON/H
  110  102   93   87   75   65   59   53   53   50   52   50   52   50   52   50
   50   48   46   42   38   32   29   25   25   25   30   32   37   39   43   43
   44   42   42   40   38   36   35   34   35   36   37   39   39   39   37   34
   31   28   25   24   25   29   34   41   49   57   65   72   79   84   89   92
   97  101  106  111  114  114  116  115  110                                   
    62.5-180.0 180.0   5.0 450.0                            LAT/LON1/LON2/DLON/H
  120  113  104   97   80   72   62   59   53   54   50   51   47   48   44   46
   44   45   42   40   34   31   26   25   23   27   29   34   36   39   39   40
   38   37   34   34   29   29   27   28   27   30   31   34   33   35   31   31
   25   24   21   23   24   31   38   48   58   70   80   90   99  104  110  111
  115  115  120  120  123  121  126  122  120                                   
    60.0-180.0 180.0   5.0 450.0                            LAT/LON1/LON2/DLON/H
  128  118  110  105   90   79   70   63   61   56   55   51   49   45   44   42
   44   42   42   38   35   29   27   24   26   27   33   35   39   38   38   36
   35   32   31   29   27   26   25   25   26   28   31   34   34   35   33   30
   27   24   23   25   30   37   47   59   73   87   99  110  118  124  127  129
  131  130  130  132  130  128  129  127  128                                   
    57.5-180.0 180.0   5.0 450.0                            LAT/LON1/LON2/DLON/H
  140  132  123  114   97   87   75   69   62   60   52   51   44   44   39   42
   40   44   40   40   33   31   25   25   25   29   32   35   36   36   33   31
   28   27   26   27   24   24   22   24   23   27   29   32   32   33   30   29
   25   26   24   29   33   44   55   68   85   99  113  122  132  136  142  142
  146  143  146  141  142  137  140  133  140                                   
    55.0-180.0 180.0   5.0 450.0                            LAT/LON1/LON2/DLON/H
  153  142  133  127  111   98   86   77   70   63   57   51   47   43   43   42
   45   44   44   40   37   30   28   25   28   31   36   38   40   36   34   30
   29   28   30   31   31   31   30   29   30   32   34   36   36   36   34   32
   31   30   31   35   43   53   66   82   98  113  124  135  142  149  154  157
  160  159  157  155  151  147  146  143  153                                   
    52.5-180.0 180.0   5.0 450.0                            LAT/LON1/LON2/DLON/H
  169  162  153  142  126  113   98   88   76   70   59   55   47   47   43   46
   45   48   43   42   35   32   26   27   28   34   38   41   41   38   35   31
   30   33   35   39   39   40   37   37   36   38   38   40   38   39   36   37
   35   37   37   43   50   62   74   89  106  117  129  137  147  154  162  167
  172  172  172  167  166  161  162  155  169                                   
    50.0-180.0 180.0   5.0 450.0                            LAT/LON1/LON2/DLON/H
  183  176  169  162  147  132  117  104   90   79   68   59   54   50   50   49
   50   47   46   40   36   30   28   27   32   35   42   44   46   41   40   36
   39   40   47   51   54   53   51   50   48   48   48   48   46   46   44   44
   46   46   50   54   63   74   87  102  114  126  134  144  151  161  168  178
  184  187  186  184  179  174  174  167  183                                   
    47.5-180.0 180.0   5.0 450.0                            LAT/LON1/LON2/DLON/H
  200  199  191  179  166  152  137  122  104   91   75   68   59   58   54   55
   51   50   44   41   35   33   29   31   33   40   44   48   48   46   43   43
   44   50   56   63   65   66   63   60   58   57   56   55   53   53   51   54
   54   58   60   67   75   86   98  109  121  129  138  144  153  162  171  183
  191  196  199  197  196  190  189  177  200                                   
    45.0-180.0 180.0   5.0 450.0                            LAT/LON1/LON2/DLON/H
  214  208  204  196  183  169  155  140  122  105   89   78   71   66   63   59
   55   50   46   41   38   35   35   35   40   44   50   52   54   51   51   49
   54   59   68   74   78   78   75   72   70   69   67   66   63   62   62   65
   67   70   75   81   89  100  110  121  128  138  142  149  155  165  174  187
  197  203  207  206  203  198  198  188  214                                   
    42.5-180.0 180.0   5.0 450.0                            LAT/LON1/LON2/DLON/H
  221  219  212  204  194  181  168  153  135  119   99   90   80   78   71   67
   59   54   48   47   44   45   44   45   47   51   53   56   56   56   53   54
   57   64   71   79   82   83   80   77   76   75   74   73   69   70   69   73
   74   79   83   91  100  110  118  126  135  141  146  152  158  167  175  188
  199  207  211  212  210  205  204  193  221                                   
    40.0-180.0 180.0   5.0 450.0                            LAT/LON1/LON2/DLON/H
  220  210  205  200  193  184  173  161  146  129  113  101   95   90   84   76
   68   61   57   57   59   60   61   59   60   59   61   61   62   59   59   58
   62   66   75   81   86   86   85   83   84   85   85   83   81   80   81   83
   86   89   94  102  111  120  128  138  145  152  157  163  168  175  182  192
  202  208  212  213  210  206  205  193  220                                   
    37.5-180.0 180.0   5.0 450.0                            LAT/LON1/LON2/DLON/H
  211  203  192  186  181  177  168  161  148  135  120  112  105  103   96   89
   80   74   72   74   78   80   79   76   72   69   66   64   63   62   60   60
   61   66   73   79   82   84   83   83   86   88   89   88   86   85   85   86
   88   92   98  107  119  129  139  147  157  164  170  175  179  184  189  197
  205  210  216  215  215  209  205  191  211                                   
    35.0-180.0 180.0   5.0 450.0                            LAT/LON1/LON2/DLON/H
  204  186  174  167  164  159  158  155  148  138  128  121  118  115  109  102
   95   89   90   93   99  100   98   91   85   78   74   69   70   67   66   65
   66   69   74   78   81   83   84   86   90   94   97   95   94   91   91   90
   91   94  101  110  124  137  147  158  168  179  185  190  194  197  201  206
  212  217  220  221  218  214  211  195  204                                   
    32.5-180.0 180.0   5.0 450.0                            LAT/LON1/LON2/DLON/H
  207  190  168  157  150  147  144  145  140  136  129  127  126  125  121  115
  110  107  109  112  116  115  110  102   92   85   78   74   74   73   73   72
   71   72   74   77   78   80   81   84   89   94   97   96   93   90   88   87
   87   91  100  112  131  145  158  171  183  193  200  205  209  210  214  218
  224  228  235  233  232  229  226  208  207                                   
    30.0-180.0 180.0   5.0 450.0                            LAT/LON1/LON2/DLON/H
  229  207  183  165  153  143  139  140  137  136  134  132  134  132  130  125
  122  119  121  121  125  121  116  106   97   90   86   84   84   86   86   86
   85   84   84   84   84   84   84   87   93   97  101   97   95   90   89   85
   85   88   99  115  136  156  172  187  202  215  222  226  230  232  236  241
  247  253  260  259  256  256  250  234  229                                   
    27.5-180.0 180.0   5.0 450.0                            LAT/LON1/LON2/DLON/H
  271  255  219  192  175  158  148  142  139  137  136  136  138  137  135  132
  130  126  125  123  122  117  111  103   97   94   93   93   97  100  102  103
  102  100   97   94   91   88   86   87   93   96   98   94   90   86   84   83
   83   87  101  118  144  164  185  204  221  236  244  249  253  253  259  267
  278  288  296  293  293  294  287  271  271                                   
    25.0-180.0 180.0   5.0 450.0                            LAT/LON1/LON2/DLON/H
  328  314  282  246  217  190  172  160  150  146  142  140  140  137  136  131
  129  122  118  110  108  102   99   97   97  100  102  106  111  115  120  122
  122  120  115  110  102   97   92   91   95   96   97   91   87   82   80   78
   81   86  102  123  150  177  199  221  241  256  265  268  272  274  284  295
  309  321  332  333  338  345  337  318  328                                   
    22.5-180.0 180.0   5.0 450.0                            LAT/LON1/LON2/DLON/H
  399  403  371  329  283  246  218  193  179  165  158  152  146  141  136  132
  126  117  106   95   87   84   84   89   97  107  114  121  126  132  137  142
  141  139  132  123  114  105   98   94   96   95   93   86   82   77   78   78
   84   90  110  132  163  188  214  236  256  271  277  281  285  288  303  316
  334  349  364  367  380  396  390  366  399                                   
    20.0-180.0 180.0   5.0 450.0                            LAT/LON1/LON2/DLON/H
  468  493  469  432  381  330  276  238  209  190  176  164  155  144  137  129
  120  106   91   77   72   73   80   93  106  120  128  135  140  146  153  156
  159  154  147  136  124  114  105   98   96   92   90   82   78   73   77   77
   88   99  123  151  180  210  234  256  277  289  297  299  303  307  324  338
  355  371  392  402  422  447  444  415  468                                   
    17.5-180.0 180.0   5.0 450.0                            LAT/LON1/LON2/DLON/H
  523  557  544  520  480  423  361  305  257  228  206  188  173  159  147  137
  124  108   88   76   70   77   88  105  122  136  146  152  156  163  167  171
  169  165  155  143  132  120  112  103  101   93   90   82   79   75   80   83
   97  112  139  168  201  229  254  276  297  308  311  313  316  323  341  355
  376  396  418  432  453  479  478  451  523                                   
    15.0-180.0 180.0   5.0 450.0                            LAT/LON1/LON2/DLON/H
  563  599  603  593  564  512  444  378  313  270  236  214  195  175  161  148
  134  118  100   91   92  102  117  134  146  158  162  166  169  172  176  176
  174  168  158  147  137  127  116  108  102   94   90   81   80   76   82   87
  106  126  157  191  223  251  275  298  319  330  334  333  338  344  359  374
  393  412  434  451  473  499  504  482  563                                   
    12.5-180.0 180.0   5.0 450.0                            LAT/LON1/LON2/DLON/H
  564  605  623  629  613  571  511  439  374  324  278  250  227  208  190  176
  162  149  137  134  139  151  165  173  181  182  184  184  184  185  185  181
  177  168  160  149  141  131  124  113  107   99   95   85   83   81   86   93
  115  139  174  207  240  264  294  314  335  345  349  348  354  358  375  387
  408  425  443  457  478  501  507  495  564                                   
    10.0-180.0 180.0   5.0 450.0                            LAT/LON1/LON2/DLON/H
  558  595  618  636  634  606  557  490  425  375  329  297  266  244  228  211
  200  188  181  184  192  207  217  221  216  211  203  200  196  194  190  184
  176  168  157  151  141  137  127  119  111  102   98   88   87   83   90   98
  123  147  184  217  246  272  298  318  339  350  357  360  363  371  384  400
  415  429  443  457  476  497  505  494  558                                   
     7.5-180.0 180.0   5.0 450.0                            LAT/LON1/LON2/DLON/H
  530  560  586  609  620  606  574  519  463  415  377  348  322  301  279  265
  250  244  239  251  262  277  281  275  257  239  224  217  211  207  198  187
