data/unet/pred2590.15i
     1.0            IONOSPHERE MAPS     GNSS                IONEX VERSION / TYPE
pyspatialgeodesy        IME             05-JAN-18 20:20     PGM / RUN BY / DATE 
Map Name                                                    COMMENT             
Predicted global ionosphere maps (GIM).                     DESCRIPTION         
  2015     9    16     0     0     0                        EPOCH OF FIRST MAP  
  2015     9    17     0     0     0                        EPOCH OF LAST MAP   
  7200                                                      INTERVAL            
    13                                                      # OF MAPS IN FILE   
  NONE                                                      MAPPING FUNCTION    
10.0                                                        ELEVATION CUTOFF    
One-way carrier phase leveled to code                       OBSERVABLES USED    
  6371.0                                                    BASE RADIUS         
 2                                                          MAP DIMENSION       
   450.0 450.0   0.0                                        HGT1 / HGT2 / DHGT  
    87.5 -87.5  -2.5                                        LAT1 / LAT2 / DLAT  
  -180.0 180.0   5.0                                        LON1 / LON2 / DLON  
    -1                                                      EXPONENT            
                                                            END OF HEADER       
[from data line 3432]
     9                                                      START OF TEC MAP    
  2015     9    16    16     0     0                        EPOCH OF CURRENT MAP
    87.5-180.0 180.0   5.0 450.0                            LAT/LON1/LON2/DLON/H
  109  116  114  115  115  115  115  116  116  117  117  118  119  119  120  120
  120  120  120  120  120  119  119  118  118  117  117  116  116  114  114  113
  113  112  112  111  111  110  110  109  110  109  110  109  110  109  110  110
  111  111  111  111  112  112  113  113  113  113  113  114  113  114  113  113
  113  113  113  113  113  112  117  134  109                                   
    85.0-180.0 180.0   5.0 450.0                            LAT/LON1/LON2/DLON/H
   84   99   90   93   95   95   97   98  100  102  103  106  107  109  109  111
  111  112  111  112  111  111  110  109  108  106  105  103  102  100   99   96
   96   94   93   91   91   89   89   88   88   87   88   88   89   89   90   91
   92   93   94   95   96   97   97   98   98   99   98   99   98   98   97   97
   96   96   95   95   93   91   94  100   84                                   
    82.5-180.0 180.0   5.0 450.0                            LAT/LON1/LON2/DLON/H
   85   80   78   82   80   83   84   87   88   92   93   97   99  101  103  105
  107  107  108  108  108  108  107  107  104  104  100  101   96   97   91   92
   87   87   83   83   79   80   76   77   75   77   75   77   77   80   80   82
   83   86   86   89   90   92   91   93   92   93   91   92   89   90   87   87
   84   85   82   83   81   76   86   82   85                                   
    80.0-180.0 180.0   5.0 450.0                            LAT/LON1/LON2/DLON/H
   71   69   68   72   70   73   74   78   79   84   85   91   92   97   98  103
  103  107  106  110  108  111  108  112  108  109  104  106   99  100   93   93
   86   87   79   80   74   75   70   71   67   69   67   69   68   72   71   76
   76   81   81   85   84   89   86   89   86   89   85   87   82   84   79   81
   76   79   73   74   70   70   71   72   71                                   
    77.5-180.0 180.0   5.0 450.0                            LAT/LON1/LON2/DLON/H
   63   62   61   61   62   64   67   69   73   76   81   84   88   91   96   98
  102  103  107  108  109  109  111  110  110  108  108  104  102   98   96   91
   88   83   80   76   72   69   66   64   61   60   60   61   61   63   66   69
   71   75   77   80   82   83   84   84   83   82   81   79   77   75   74   72
   71   69   68   65   65   56   57   60   63                                   
    75.0-180.0 180.0   5.0 450.0                            LAT/LON1/LON2/DLON/H
   55   53   55   55   57   60   63   65   69   72   77   81   87   91   96   98
  103  103  108  108  113  112  117  114  117  114  115  111  110  105  102   97
   93   89   84   80   76   73   69   66   62   61   59   58   58   60   61   64
   66   70   72   75   76   77   77   76   76   73   73   69   70   67   68   64
   65   63   64   59   60   56   59   58   55                                   
    72.5-180.0 180.0   5.0 450.0                            LAT/LON1/LON2/DLON/H
   52   53   54   52   53   55   59   60   64   67   72   76   82   86   91   94
   98  100  104  106  111  112  116  117  119  117  118  115  114  110  107  103
   99   95   90   86   81   78   73   69   65   62   59   57   56   57   58   61
   62   66   67   70   70   72   69   69   66   66   63   62   60   60   59   59
   59   59   59   57   58   51   52   53   52                                   
    70.0-180.0 180.0   5.0 450.0                            LAT/LON1/LON2/DLON/H
   50   50   52   50   53   54   59   59   63   65   70   74   79   82   87   89
   95   96  103  104  111  111  118  117  122  119  121  117  118  112  112  105
  104   98   95   90   87   81   78   73   70   65   62   58   57   55   57   57
   60   62   64   65   65   64   62   60   58   55   54   52   53   51   53   53
   55   54   56   53   55   51   55   53   50                                   
    67.5-180.0 180.0   5.0 450.0                            LAT/LON1/LON2/DLON/H
   50   50   51   49   50   51   56   56   60   63   68   72   77   79   84   87
   91   94   99  103  109  111  117  118  121  120  121  118  118  114  114  109
  107  104  101   97   93   90   85   81   75   71   66   62   59   57   57   58
   59   59   60   60   59   57   55   53   50   47   46   46   46   46   48   49
   51   52   53   51   52   46   48   49   50                                   
    65.0-180.0 180.0   5.0 450.0                            LAT/LON1/LON2/DLON/H
   47   44   48   46   49   51   56   56   61   62   68   70   76   78   84   85
   91   92  100  102  111  112  121  120  124  121  122  118  118  114  115  110
  110  105  104   99   97   93   91   86   82   76   72   66   63   60   59   58
   60   59   59   57   56   53   50   47   44   42   41   41   42   43   45   46
   47   48   49   46   47   45   47   46   47                                   
    62.5-180.0 180.0   5.0 450.0                            LAT/LON1/LON2/DLON/H
   44   40   42   40   42   44   50   51   57   59   66   69   76   78   84   86
   91   94   99  103  110  114  120  121  123  121  120  117  117  114  115  113
  113  110  108  106  103  100   96   93   88   84   77   72   68   64   62   61
   59   58   56   54   51   47   43   41   38   37   36   38   38   39   41   43
   43   44   44   42   41   36   36   36   44                                   
    60.0-180.0 180.0   5.0 450.0                            LAT/LON1/LON2/DLON/H
   37   32   36   35   40   41   48   47   54   56   64   68   76   79   87   88
   94   95  101  103  112  113  123  123  126  121  121  117  118  115  118  116
  116  113  112  109  107  104  101   99   94   90   84   79   74   71   68   66
   64   61   58   53   50   45   42   39   38   37   37   38   38   39   39   40
   40   39   39   37   36   34   33   29   37                                   
    57.5-180.0 180.0   5.0 450.0                            LAT/LON1/LON2/DLON/H
   30   29   30   30   32   34   40   41   47   49   59   64   74   78   87   90
   96   96  102  104  111  113  121  121  125  120  120  117  119  118  122  123
  123  121  119  116  112  110  107  105  101   97   92   87   82   78   75   72
   68   64   59   54   48   44   40   39   37   38   38   40   39   39   38   39
   37   37   35   32   30   26   23   19   30                                   
    55.0-180.0 180.0   5.0 450.0                            LAT/LON1/LON2/DLON/H
   27   24   29   28   35   35   42   41   48   49   59   63   75   78   89   91
   98   97  103  102  111  111  121  119  125  121  124  120  125  124  130  130
  132  128  125  121  118  116  113  112  107  105   99   96   90   88   83   80
   76   72   65   59   51   47   43   42   42   43   44   44   43   42   40   38
   38   36   35   30   29   26   25   17   27                                   
    52.5-180.0 180.0   5.0 450.0                            LAT/LON1/LON2/DLON/H
   27   29   31   32   33   35   41   42   49   49   59   61   73   77   89   91
   99   98  103  103  111  112  120  120  124  121  125  125  132  133  140  140
  142  137  133  129  125  123  121  120  118  114  110  106  102   97   93   89
   84   78   70   64   56   50   47   48   48   50   50   51   48   46   41   40
   37   37   35   33   30   26   23   14   27                                   
    50.0-180.0 180.0   5.0 450.0                            LAT/LON1/LON2/DLON/H
   38   34   39   35   42   42   51   49   58   55   66   65   77   79   92   94
  102   99  105  102  110  110  120  119  126  124  131  131  140  142  149  149
  149  144  140  135  132  131  129  129  126  124  118  116  111  108  103   99
   93   87   79   72   64   59   55   56   58   59   60   59   56   52   47   45
   43   41   42   38   37   36   34   23   38                                   
    47.5-180.0 180.0   5.0 450.0                            LAT/LON1/LON2/DLON/H
   48   47   46   46   48   51   58   60   66   66   72   73   80   84   94   98
  105  104  107  107  113  115  124  126  133  132  138  139  148  150  156  155
  154  148  144  142  140  140  140  141  139  135  132  126  123  118  114  108
  103   95   88   81   73   69   66   68   68   71   70   71   64   60   54   53
   49   50   50   49   46   43   41   32   48                                   
    45.0-180.0 180.0   5.0 450.0                            LAT/LON1/LON2/DLON/H
   58   56   56   52   59   61   71   71   80   78   85   82   91   92  103  105
  114  110  115  111  119  120  131  132  141  141  148  149  156  157  161  158
  155  150  148  146  148  150  151  151  148  145  141  137  134  129  125  119
  114  106   99   91   85   80   78   78   81   82   83   80   75   70   65   62
   61   61   62   59   58   57   57   47   58                                   
    42.5-180.0 180.0   5.0 450.0                            LAT/LON1/LON2/DLON/H
   63   64   60   62   62   68   75   83   89   92   95   97  101  104  112  116
  122  120  123  122  129  132  141  145  153  153  159  159  165  163  164  159
  156  152  151  153  157  162  164  164  160  155  150  146  142  137  132  127
  120  113  106   99   93   89   87   90   91   93   91   91   85   81   75   74
   70   72   72   71   67   63   64   56   63                                   
    40.0-180.0 180.0   5.0 450.0                            LAT/LON1/LON2/DLON/H
   70   70   67   64   70   75   86   92  104  106  113  111  116  119  127  129
  136  133  138  135  143  144  155  157  166  166  173  171  173  168  165  160
  158  155  158  162  170  175  179  177  173  166  160  155  153  148  143  137
  130  123  116  108  103   99   98   98  101  101  101  100   96   92   87   86
   84   83   82   79   76   73   74   67   70                                   
    37.5-180.0 180.0   5.0 450.0                            LAT/LON1/LON2/DLON/H
   68   67   62   65   63   74   83   96  107  117  123  127  131  134  141  144
  149  147  152  152  157  161  168  172  179  181  187  185  185  178  175  171
  170  171  175  181  189  195  197  194  186  177  169  164  159  154  148  142
  133  127  119  113  106  104  102  105  106  108  106  107  103  101   97   97
   92   92   88   86   78   75   73   66   68                                   
    35.0-180.0 180.0   5.0 450.0                            LAT/LON1/LON2/DLON/H
   69   68   63   61   66   75   87  101  117  127  138  142  148  151  157  158
  163  160  166  164  173  174  182  184  192  194  201  199  199  194  191  191
  193  197  203  208  215  218  219  212  204  191  183  176  171  165  157  149
  140  131  123  114  108  105  103  105  106  107  107  107  107  105  105  103
  101   97   94   86   80   76   76   68   69                                   
    32.5-180.0 180.0   5.0 450.0                            LAT/LON1/LON2/DLON/H
   65   58   55   57   57   69   79   96  113  129  142  152  158  163  166  171
  174  172  178  179  186  188  194  196  204  209  218  221  224  223  227  231
  238  243  247  249  252  250  246  235  222  207  197  189  183  174  163  154
  142  132  122  113  106  104  102  104  103  103  101  104  105  107  107  107
  102  101   93   86   76   72   69   60   65                                   
    30.0-180.0 180.0   5.0 450.0                            LAT/LON1/LON2/DLON/H
   65   57   55   56   59   71   80  101  116  136  149  161  169  178  180  183
  183  181  185  187  194  197  205  207  216  224  237  246  253  261  270  281
  291  297  299  296  293  288  279  266  250  234  220  212  202  193  178  165
  149  134  120  109  101  101   98  101   99  100   98  101  104  106  110  109
  108  103   97   86   78   72   71   60   65                                   
    27.5-180.0 180.0   5.0 450.0                            LAT/LON1/LON2/DLON/H
   61   53   52   55   57   66   77   95  111  131  145  163  170  182  183  189
  188  188  191  195  203  209  216  220  229  240  258  273  289  302  320  334
  348  351  352  342  331  321  310  296  281  262  248  235  223  208  190  172
  152  135  119  106   98   97   98  100  100   98   96   98  101  104  106  109
  105  104   96   89   77   72   66   57   61                                   
    25.0-180.0 180.0   5.0 450.0                            LAT/LON1/LON2/DLON/H
   61   56   57   61   62   72   76   99  108  135  143  166  173  191  193  201
  199  199  200  205  212  219  228  232  245  258  282  302  326  343  365  382
  396  403  398  381  363  348  336  326  310  297  280  267  250  230  205  182
  160  140  123  106   97   97   95  100   98   98   94   97   97  102  105  107
  108  107  103   92   84   76   72   66   61                                   
    22.5-180.0 180.0   5.0 450.0                            LAT/LON1/LON2/DLON/H
   69   61   61   65   66   73   82   98  110  131  142  164  174  194  199  208
  206  205  209  211  222  230  241  248  263  278  307  328  359  377  406  425
  446  449  439  416  392  371  355  344  332  317  303  286  267  243  216  191
  168  148  130  113  103  100  102  103  104   98   96   96   98   98  102  104
  106  106  103   98   85   81   74   69   69                                   
    20.0-180.0 180.0   5.0 450.0                            LAT/LON1/LON2/DLON/H
   70   68   69   67   72   77   83   99  106  128  137  160  168  195  203  220
  219  222  222  228  234  244  255  269  285  305  332  356  388  413  441  464
  478  482  465  438  408  387  369  362  349  337  319  304  280  255  228  204
  184  166  147  129  118  113  114  114  111  105  100  100   99   99  100  104
  107  110  109  102   94   87   83   78   70                                   
    17.5-180.0 180.0   5.0 450.0                            LAT/LON1/LON2/DLON/H
   79   76   76   77   78   83   89  101  110  128  138  162  174  202  214  232
  235  239  237  241  246  258  273  289  309  329  361  382  416  437  470  486
  502  496  478  448  420  400  386  381  369  355  335  314  289  262  237  219
  201  185  167  149  137  131  131  130  125  118  110  105  104  100  103  103
  108  110  109  105   92   90   82   78   79                                   
    15.0-180.0 180.0   5.0 450.0                            LAT/LON1/LON2/DLON/H
   71   74   76   71   78   82   94  107  116  132  140  161  175  202  218  244
  251  262  259  266  266  278  291  309  327  353  383  406  435  458  481  497
  501  495  472  447  423  408  400  398  390  375  351  328  299  274  252  237
  222  209  192  176  161  157  151  147  141  131  122  115  111  107  107  107
  112  115  113  107   98   90   86   79   71                                   
    12.5-180.0 180.0   5.0 450.0                            LAT/LON1/LON2/DLON/H
   73   76   74   75   76   83   97  107  123  135  146  170  185  215  233  263
  273  286  288  292  291  303  313  331  354  377  412  428  455  466  485  488
  492  482  464  447  428  422  414  416  407  391  364  336  306  281  261  250
  237  229  215  200  184  178  168  164  153  143  132  123  117  110  110  109
  113  113  109  105   94   88   80   65   73                                   
    10.0-180.0 180.0   5.0 450.0                            LAT/LON1/LON2/DLON/H
   59   66   67   64   69   77   97  118  134  152  160  183  199  226  247  274
  290  307  313  321  317  327  332  353  372  398  427  442  461  468  474  472
  468  461  449  439  429  426  424  424  417  399  369  342  312  290  273  264
  254  247  233  221  204  196  182  174  161  149  136  126  120  113  111  111
  115  114  111  102   94   85   80   59   59                                   
     7.5-180.0 180.0   5.0 450.0                            LAT/LON1/LON2/DLON/H
   55   65   59   55   56   66   88  109  132  146  163  184  211  240  262  291
  307  332  340  348  345  352  355  372  398  416  448  457  472  468  467  459
