data/unet/pred1310.15i
     1.0            IONOSPHERE MAPS     GNSS                IONEX VERSION / TYPE
pyspatialgeodesy        IME             05-JAN-18 20:20     PGM / RUN BY / DATE 
Map Name                                                    COMMENT             
Predicted global ionosphere maps (GIM).                     DESCRIPTION         
  2015     5    11     0     0     0                        EPOCH OF FIRST MAP  
  2015     5    12     0     0     0                        EPOCH OF LAST MAP   
  7200                                                      INTERVAL            
    13                                                      # OF MAPS IN FILE   
  NONE                                                      MAPPING FUNCTION    
10.0                                                        ELEVATION CUTOFF    
One-way carrier phase leveled to code                       OBSERVABLES USED    
  6371.0                                                    BASE RADIUS         
 2                                                          MAP DIMENSION       
   450.0 450.0   0.0                                        HGT1 / HGT2 / DHGT  
    87.5 -87.5  -2.5                                        LAT1 / LAT2 / DLAT  
  -180.0 180.0   5.0                                        LON1 / LON2 / DLON  
    -1                                                      EXPONENT            
                                                            END OF HEADER       
[from data line 3861]
    10                                                      START OF TEC MAP    
  2015     5    11    18     0     0                        EPOCH OF CURRENT MAP
    87.5-180.0 180.0   5.0 450.0                            LAT/LON1/LON2/DLON/H
  235  218  217  217  219  217  220  220  222  223  225  225  225  226  226  226
  224  224  222  222  220  219  218  218  216  216  213  214  211  212  209  209
  205  205  202  201  199  198  197  195  195  193  194  192  195  193  195  194
  197  196  198  198  200  199  201  200  202  202  204  203  205  204  206  205
  207  207  209  207  210  209  217  211  235                                   
    85.0-180.0 180.0   5.0 450.0                            LAT/LON1/LON2/DLON/H
  208  208  208  213  210  213  213  217  216  221  220  223  222  224  223  223
  221  220  218  218  216  215  213  212  210  210  208  207  206  205  203  202
  199  199  195  194  191  190  188  187  185  185  183  184  183  184  183  185
  185  186  186  187  188  189  189  190  191  192  192  193  194  195  195  196
  197  198  198  198  199  196  203  208  208                                   
    82.5-180.0 180.0   5.0 450.0                            LAT/LON1/LON2/DLON/H
  204  201  204  205  205  208  208  212  213  216  216  219  219  221  221  222
  220  220  218  217  215  214  211  210  207  206  202  201  198  196  193  191
  189  186  185  182  181  179  177  176  176  175  175  176  176  177  178  179
  180  181  182  183  184  184  186  187  188  188  189  190  191  191  192  192
  193  194  194  194  196  189  187  195  204                                   
    80.0-180.0 180.0   5.0 450.0                            LAT/LON1/LON2/DLON/H
  198  195  193  196  197  199  201  203  206  208  210  212  213  216  216  217
  217  217  216  216  214  214  211  210  206  205  200  199  194  192  188  186
  182  181  178  177  173  173  170  169  168  168  167  168  167  169  169  172
  171  174  174  177  177  179  179  181  181  183  183  184  184  184  184  185
  185  186  186  186  186  181  177  186  198                                   
    77.5-180.0 180.0   5.0 450.0                            LAT/LON1/LON2/DLON/H
  195  190  187  187  190  193  195  198  199  202  204  206  208  210  213  214
  215  216  216  216  215  215  214  212  209  206  202  199  194  190  186  183
  179  177  175  172  170  169  168  166  166  165  165  165  166  165  167  168
  170  170  172  173  175  175  177  177  178  178  179  179  179  178  179  178
  179  179  180  179  179  173  170  180  195                                   
    75.0-180.0 180.0   5.0 450.0                            LAT/LON1/LON2/DLON/H
  197  190  185  187  190  190  195  193  199  197  203  201  208  205  213  209
  216  212  218  214  220  216  221  215  219  211  212  203  203  193  193  184
  184  178  178  175  174  173  171  171  169  170  168  169  167  169  167  169
  168  171  170  172  172  174  173  174  172  173  172  173  171  172  171  173
  172  175  175  177  176  174  172  182  197                                   
    72.5-180.0 180.0   5.0 450.0                            LAT/LON1/LON2/DLON/H
  206  197  192  193  193  195  195  197  198  200  201  204  206  208  211  213
  216  217  218  221  222  226  227  229  227  226  220  217  209  205  198  195
  189  188  184  183  181  180  178  176  176  173  173  171  171  169  170  168
  170  169  171  170  171  170  170  168  168  165  165  164  164  163  164  165
  167  169  172  174  177  175  177  186  206                                   
    70.0-180.0 180.0   5.0 450.0                            LAT/LON1/LON2/DLON/H
  214  205  201  202  204  201  203  201  204  202  207  206  210  209  214  212
  217  215  221  219  228  227  236  234  240  233  234  224  221  211  207  200
  199  194  194  191  191  189  187  185  182  180  177  176  172  172  169  169
  168  169  169  169  168  167  165  163  160  157  155  154  153  153  153  155
  158  162  166  171  176  176  181  189  214                                   
    67.5-180.0 180.0   5.0 450.0                            LAT/LON1/LON2/DLON/H
  223  217  214  215  213  213  210  210  209  209  211  212  214  215  216  216
  218  219  222  227  232  239  245  247  250  246  243  236  229  222  215  212
  207  205  201  201  198  197  193  192  187  184  181  177  174  170  170  166
  167  165  166  164  163  160  158  154  151  146  144  141  141  140  142  145
  149  154  161  167  174  179  186  192  223                                   
    65.0-180.0 180.0   5.0 450.0                            LAT/LON1/LON2/DLON/H
  227  225  222  224  224  220  220  216  217  216  220  218  223  221  224  221
  224  223  228  229  240  242  255  254  261  254  253  242  237  227  223  217
  216  212  212  208  208  204  201  198  194  189  185  180  177  172  169  167
  166  164  164  162  161  156  153  147  143  137  134  130  131  129  132  134
  140  145  153  160  170  176  187  193  227                                   
    62.5-180.0 180.0   5.0 450.0                            LAT/LON1/LON2/DLON/H
  224  229  228  230  229  229  224  224  221  223  224  225  227  227  227  226
  226  226  228  232  240  247  256  259  263  259  255  247  240  234  229  227
  225  224  222  221  217  214  210  207  202  198  193  188  183  177  172  168
  166  163  161  159  156  152  147  142  135  129  125  121  121  120  122  125
  130  135  145  152  164  173  185  189  224                                   
    60.0-180.0 180.0   5.0 450.0                            LAT/LON1/LON2/DLON/H
  215  229  227  231  232  230  230  227  227  228  230  230  233  232  233  231
  232  231  234  236  244  247  258  259  266  260  259  249  245  239  239  236
  239  235  236  231  229  223  220  217  214  210  206  199  194  185  180  173
  171  166  164  159  158  151  147  139  133  125  121  117  117  115  117  120
  124  129  137  146  156  165  179  185  215                                   
    57.5-180.0 180.0   5.0 450.0                            LAT/LON1/LON2/DLON/H
  205  222  226  230  232  234  232  232  230  231  232  232  234  233  234  232
  232  231  233  236  240  246  249  256  257  258  253  250  246  246  246  250
  249  251  248  246  241  238  233  232  228  227  222  217  208  200  191  184
  178  172  167  163  159  156  149  143  134  128  122  119  117  117  118  120
  124  127  134  139  150  158  173  177  205                                   
    55.0-180.0 180.0   5.0 450.0                            LAT/LON1/LON2/DLON/H
  194  216  219  228  235  236  239  238  238  238  238  237  238  237  238  236
  236  236  236  238  240  243  247  251  256  256  255  254  254  258  262  265
  270  268  268  260  257  251  248  247  245  244  240  234  224  214  203  194
  187  179  175  169  168  162  160  149  144  134  130  124  124  124  125  127
  129  132  135  140  146  152  167  173  194                                   
    52.5-180.0 180.0   5.0 450.0                            LAT/LON1/LON2/DLON/H
  186  207  215  227  239  245  247  247  245  244  242  240  238  236  237  237
  239  238  238  238  239  241  244  250  254  259  259  263  265  272  276  285
  285  288  283  279  270  266  262  263  261  260  256  250  240  229  217  208
  198  189  183  179  176  175  170  166  156  149  142  137  136  135  137  137
  139  141  144  144  150  151  166  172  186                                   
    50.0-180.0 180.0   5.0 450.0                            LAT/LON1/LON2/DLON/H
  187  205  216  232  246  255  261  260  261  258  255  249  246  242  244  243
  247  246  246  244  244  245  249  255  260  267  268  276  279  290  297  303
  308  306  304  294  290  281  282  277  278  274  272  265  256  243  231  218
  210  199  195  189  189  186  186  177  172  162  156  151  150  150  151  153
  154  156  158  158  160  160  173  180  187                                   
    47.5-180.0 180.0   5.0 450.0                            LAT/LON1/LON2/DLON/H
  198  213  225  240  256  269  276  277  276  272  267  259  253  248  249  250
  253  253  253  250  250  251  256  264  271  280  284  292  296  306  312  319
  322  321  316  309  302  297  294  293  290  286  282  275  266  253  242  230
  220  210  203  199  197  198  195  193  184  179  171  167  165  164  165  165
  167  167  170  168  172  172  184  191  198                                   
    45.0-180.0 180.0   5.0 450.0                            LAT/LON1/LON2/DLON/H
  216  227  239  255  271  284  294  297  299  295  292  280  273  266  267  265
  270  268  268  264  264  265  273  280  290  298  303  313  317  325  333  336
  341  335  335  325  323  313  314  307  305  297  293  282  274  261  252  239
  231  219  213  206  205  204  205  199  196  187  183  178  179  176  178  177
  179  179  181  181  183  186  197  210  216                                   
    42.5-180.0 180.0   5.0 450.0                            LAT/LON1/LON2/DLON/H
  234  243  254  269  285  299  309  314  319  317  314  306  295  288  285  286
  287  285  282  277  277  280  288  296  307  316  323  330  334  340  346  350
  352  349  348  341  339  333  329  323  317  308  298  288  278  267  260  248
  240  228  221  214  212  210  210  210  207  204  198  196  193  191  189  187
  187  185  188  186  193  194  212  222  234                                   
    40.0-180.0 180.0   5.0 450.0                            LAT/LON1/LON2/DLON/H
  250  262  270  283  298  315  326  335  340  343  339  335  325  320  316  315
  316  310  307  299  299  301  312  321  334  342  348  354  360  364  372  370
  373  366  368  361  361  353  351  341  334  321  309  296  286  275  267  257
  248  237  230  221  218  217  216  215  215  212  211  207  206  202  201  197
  193  192  193  194  200  207  221  236  250                                   
    37.5-180.0 180.0   5.0 450.0                            LAT/LON1/LON2/DLON/H
  260  271  282  292  308  321  334  344  354  358  360  354  350  345  345  343
  340  334  328  321  321  325  334  347  358  367  372  380  385  394  396  398
  393  390  388  387  385  380  371  360  347  334  319  304  292  281  274  263
  256  243  237  228  225  222  222  223  226  227  226  225  221  216  212  205
  199  196  194  195  200  209  232  240  260                                   
    35.0-180.0 180.0   5.0 450.0                            LAT/LON1/LON2/DLON/H
  265  283  288  304  314  333  342  359  367  382  381  382  372  375  371  375
  371  364  357  348  350  355  367  377  388  395  403  410  422  428  435  433
  434  429  433  431  433  423  413  392  374  355  338  321  306  295  286  276
  272  262  257  246  244  239  240  240  244  243  246  243  243  234  229  216
  210  201  199  198  202  213  231  244  265                                   
    32.5-180.0 180.0   5.0 450.0                            LAT/LON1/LON2/DLON/H
  264  281  289  298  315  326  342  358  376  394  402  402  402  394  398  396
  396  391  380  378  378  386  393  401  410  421  430  446  457  469  473  481
  482  485  487  486  481  475  458  436  410  386  360  343  325  313  305  295
  287  279  269  261  254  250  250  254  262  267  274  272  272  259  251  235
  223  212  204  198  200  207  235  242  264                                   
    30.0-180.0 180.0   5.0 450.0                            LAT/LON1/LON2/DLON/H
  265  286  289  303  311  326  336  362  380  408  414  424  418  425  418  427
  421  418  413  409  414  419  426  428  440  448  466  484  503  515  526  534
  538  541  534  531  519  508  487  468  444  425  404  383  358  342  325  320
  311  308  298  293  286  283  285  289  296  299  303  300  294  283  269  255
  244  230  223  210  208  216  231  241  265                                   
    27.5-180.0 180.0   5.0 450.0                            LAT/LON1/LON2/DLON/H
  263  280  289  299  311  322  338  363  388  411  426  433  439  437  444  444
  447  443  440  440  445  448  448  451  460  478  499  525  547  564  575  583
  584  580  568  560  542  523  493  472  446  436  410  394  365  353  330  330
  320  331  325  333  327  334  331  342  342  356  348  349  330  319  300  286
  273  254  239  221  218  219  231  242  263                                   
    25.0-180.0 180.0   5.0 450.0                            LAT/LON1/LON2/DLON/H
  267  276  288  301  318  330  348  369  395  419  435  448  455  463  462  473
  468  473  468  473  476  478  478  477  493  507  541  567  599  624  638  648
  646  637  622  604  577  545  507  475  449  434  410  395  365  355  333  338
  331  349  344  362  361  371  367  376  374  381  374  370  353  336  321  314
  303  288  275  254  235  228  229  245  267                                   
    22.5-180.0 180.0   5.0 450.0                            LAT/LON1/LON2/DLON/H
  265  280  295  311  331  344  362  383  407  429  448  462  475  479  488  491
  496  494  495  498  503  501  502  505  522  550  585  626  663  692  699  698
  686  673  656  633  595  550  507  471  440  423  397  382  357  352  336  347
  345  364  367  388  389  403  400  408  399  403  386  382  354  348  332  333
  327  323  308  289  268  249  242  253  265                                   
    20.0-180.0 180.0   5.0 450.0                            LAT/LON1/LON2/DLON/H
  283  284  304  323  348  356  378  392  425  439  459  472  488  499  502  518
  515  525  522  527  531  530  532  540  567  598  645  689  713  736  745  738
  718  693  670  647  611  561  512  474  440  415  384  372  348  349  337  352
  357  378  387  403  407  419  419  422  413  407  387  366  343  329  325  327
  332  330  321  301  286  275  258  253  283                                   
    17.5-180.0 180.0   5.0 450.0                            LAT/LON1/LON2/DLON/H
  279  292  306  337  354  373  394  411  437  453  474  485  508  516  528  538
  547  553  557  558  561  561  569  587  617  659  695  722  745  764  769  753
  727  695  665  639  605  553  505  465  426  397  363  348  330  335  331  350
  359  378  392  403  409  416  419  418  406  396  369  354  321  316  306  322
  325  337  324  313  285  281  267  262  279                                   
    15.0-180.0 180.0   5.0 450.0                            LAT/LON1/LON2/DLON/H
  281  291  316  343  363  381  406  423  449  459  480  490  516  527  541  564
  565  582  586  593  595  597  612  632  669  702  726  752  771  784  777  759
  724  692  659  634  601  561  510  468  424  386  347  331  318  331  335  357
  370  386  398  405  408  410  414  406  394  373  344  315  291  280  284  294
  309  317  313  299  274  262  253  250  281                                   
    12.5-180.0 180.0   5.0 450.0                            LAT/LON1/LON2/DLON/H
  262  282  304  341  362  382  405  426  451  467  489  508  534  548  567  579
  589  603  612  622  624  632  649  679  705  729  746  766  774  778  764  742
  706  676  644  621  597  557  513  471  426  387  344  330  320  338  345  366
  375  388  393  397  396  401  394  391  369  349  312  293  261  261  255  278
  285  303  294  293  264  258  237  241  262                                   
    10.0-180.0 180.0   5.0 450.0                            LAT/LON1/LON2/DLON/H
  249  263  294  328  351  373  400  429  458  476  500  518  543  555  576  591
  604  624  636  653  655  664  682  707  729  751  765  777  777  772  750  728
  690  666  636  622  598  566  526  486  440  395  356  338  337  353  368  385
  394  399  401  398  396  392  385  369  348  317  282  256  237  230  234  245
  254  265  265  251  237  223  210  224  249                                   
     7.5-180.0 180.0   5.0 450.0                            LAT/LON1/LON2/DLON/H
  222  244  271  313  342  368  405  437  468  489  513  537  562  577  591  604
  619  639  653  669  672  689  706  726  745  762  772  774  768  757  736  714
