data/unet/pred0410.15i
     1.0            IONOSPHERE MAPS     GNSS                IONEX VERSION / TYPE
pyspatialgeodesy        IME             05-JAN-18 20:20     PGM / RUN BY / DATE 
Map Name                                                    COMMENT             
Predicted global ionosphere maps (GIM).                     DESCRIPTION         
  2015     2    10     0     0     0                        EPOCH OF FIRST MAP  
  2015     2    11     0     0     0                        EPOCH OF LAST MAP   
  7200                                                      INTERVAL            
    13                                                      # OF MAPS IN FILE   
  NONE                                                      MAPPING FUNCTION    
10.0                                                        ELEVATION CUTOFF    
One-way carrier phase leveled to code                       OBSERVABLES USED    
  6371.0                                                    BASE RADIUS         
 2                                                          MAP DIMENSION       
   450.0 450.0   0.0                                        HGT1 / HGT2 / DHGT  
    87.5 -87.5  -2.5                                        LAT1 / LAT2 / DLAT  
  -180.0 180.0   5.0                                        LON1 / LON2 / DLON  
    -1                                                      EXPONENT            
                                                            END OF HEADER       
[from data line 429]
     2                                                      START OF TEC MAP    
  2015     2    10     2     0     0                        EPOCH OF CURRENT MAP
    87.5-180.0 180.0   5.0 450.0                            LAT/LON1/LON2/DLON/H
  130  132  136  132  135  131  136  133  136  134  136  135  136  137  138  138
  138  139  138  137  134  133  130  127  124  122  120  116  115  112  112  108
  109  107  110  106  109  105  108  104  107  104  108  105  109  107  112  110
  114  113  118  118  122  122  126  126  130  130  133  134  136  136  136  135
  136  134  136  136  142  134  128  140  130                                   
    85.0-180.0 180.0   5.0 450.0                            LAT/LON1/LON2/DLON/H
  135  146  139  143  143  139  143  139  143  138  143  137  143  137  144  138
  144  137  142  134  137  129  129  121  120  114  112  105  103   98   98   94
   93   91   93   92   93   93   94   95   95   96   98   99  101  103  106  107
  110  112  116  116  121  121  126  125  130  129  134  133  137  135  139  136
  138  135  139  137  144  137  140  147  135                                   
    82.5-180.0 180.0   5.0 450.0                            LAT/LON1/LON2/DLON/H
  159  154  161  159  158  150  154  146  151  144  151  144  152  146  154  148
  154  147  152  144  145  136  135  125  123  113  110  101   98   90   89   82
   82   79   82   81   84   84   89   89   93   93   98   99  103  104  109  111
  114  116  120  121  126  126  131  131  137  137  143  143  149  150  154  154
  156  155  157  157  161  157  160  152  159                                   
    80.0-180.0 180.0   5.0 450.0                            LAT/LON1/LON2/DLON/H
  176  168  171  169  168  161  161  154  156  149  154  149  155  151  160  155
  163  155  163  152  157  143  144  130  126  113  108   96   91   81   79   71
   72   68   73   72   77   78   84   85   91   91   97   97  102  102  107  106
  111  109  116  114  120  120  127  126  134  135  144  146  154  156  164  165
  170  170  175  175  177  171  170  163  176                                   
    77.5-180.0 180.0   5.0 450.0                            LAT/LON1/LON2/DLON/H
  197  193  191  187  184  177  172  166  160  157  154  154  154  156  159  161
  164  165  168  166  164  158  153  144  135  125  116  106   96   89   82   80
   76   78   78   82   84   91   94   99  100  104  105  107  105  107  105  107
  105  107  107  110  110  115  119  125  129  136  143  151  158  166  172  179
  185  189  194  196  199  193  196  185  197                                   
    75.0-180.0 180.0   5.0 450.0                            LAT/LON1/LON2/DLON/H
  214  216  214  210  202  194  186  178  170  164  159  156  153  153  154  155
  159  159  167  162  168  157  159  143  141  126  121  108  104   94   91   87
   86   85   88   90   94   99  103  107  107  109  109  109  108  104  104  101
  101   98   99   97  101  105  114  121  130  139  148  159  166  176  181  191
  197  205  209  213  215  212  214  204  214                                   
    72.5-180.0 180.0   5.0 450.0                            LAT/LON1/LON2/DLON/H
  238  244  241  235  226  214  204  192  181  172  161  155  146  142  137  137
  137  141  143  147  148  149  146  141  134  126  118  110  104   99   94   93
   92   95   95  100  101  107  107  111  109  111  107  108  102  102   97   97
   91   91   87   88   89   95  105  118  129  142  151  164  173  184  192  200
  209  216  224  227  232  231  237  230  238                                   
    70.0-180.0 180.0   5.0 450.0                            LAT/LON1/LON2/DLON/H
  261  267  268  263  252  240  227  215  201  189  174  162  145  137  120  120
  110  117  116  124  128  134  136  133  130  121  116  108  106  101  100  100
  102  105  108  110  112  114  115  116  114  114  110  107  102   98   93   89
   84   80   77   76   80   87  102  119  138  154  167  180  191  200  208  216
  227  232  242  246  253  253  259  254  261                                   
    67.5-180.0 180.0   5.0 450.0                            LAT/LON1/LON2/DLON/H
  284  294  295  290  283  268  256  242  226  212  191  174  146  129  106   94
   84   84   85   96  101  113  114  120  114  115  105  104   97   98   95  100
  100  106  105  109  107  108  106  105  103  101   98   93   90   85   81   78
   72   70   67   69   75   85  103  124  146  166  180  194  205  213  221  229
  239  245  256  260  270  273  276  273  284                                   
    65.0-180.0 180.0   5.0 450.0                            LAT/LON1/LON2/DLON/H
  303  312  319  314  304  291  278  267  250  231  212  190  161  136  106   91
   71   71   68   77   85   96  100  106  105  103   97   92   91   88   89   90
   95   96   99   96   98   94   93   90   90   87   85   82   79   76   73   69
   64   61   61   64   74   88  111  137  163  183  201  212  224  230  238  244
  255  259  271  275  285  289  293  290  303                                   
    62.5-180.0 180.0   5.0 450.0                            LAT/LON1/LON2/DLON/H
  318  328  331  328  321  311  300  291  276  259  234  210  178  147  113   87
   66   56   53   59   66   77   81   88   86   87   78   80   74   78   74   81
   79   83   79   80   76   75   72   70   70   67   68   64   65   62   61   58
   56   55   57   61   74   93  120  150  179  201  216  232  245  250  258  262
  270  274  283  287  296  302  303  304  318                                   
    60.0-180.0 180.0   5.0 450.0                            LAT/LON1/LON2/DLON/H
  329  334  343  340  331  322  312  306  294  278  252  225  197  163  131  104
   81   70   64   68   74   77   81   80   79   73   70   65   67   63   69   67
   73   69   70   63   63   56   57   55   56   55   56   56   58   57   57   54
   53   54   57   64   82  104  137  167  201  221  240  254  268  272  278  281
  288  290  297  301  311  314  316  314  329                                   
    57.5-180.0 180.0   5.0 450.0                            LAT/LON1/LON2/DLON/H
  340  347  350  347  340  330  321  314  303  289  265  238  210  181  150  126
  102   90   80   79   77   78   74   71   64   59   54   52   52   54   56   59
   59   58   54   51   50   45   47   43   47   45   49   47   52   51   53   53
   54   55   61   69   90  116  150  185  217  242  259  275  289  293  299  303
  309  311  315  319  327  331  329  330  340                                   
    55.0-180.0 180.0   5.0 450.0                            LAT/LON1/LON2/DLON/H
  356  363  368  364  354  341  328  318  304  288  265  240  217  189  167  142
  126  109  100   91   87   80   76   67   64   55   55   51   57   55   63   60
   64   58   57   52   54   49   52   50   54   52   56   56   58   59   58   60
   61   64   69   81  103  130  166  200  236  257  277  293  306  314  321  324
  329  331  338  342  352  355  352  348  356                                   
    52.5-180.0 180.0   5.0 450.0                            LAT/LON1/LON2/DLON/H
  373  385  385  379  368  350  335  319  303  282  259  237  218  196  178  160
  144  130  117  107   96   88   77   70   61   56   53   54   57   61   64   67
   67   65   64   61   64   60   65   62   67   64   68   64   67   65   66   68
   71   73   81   94  117  146  181  218  248  275  290  308  322  330  339  344
  349  356  362  368  378  382  376  372  373                                   
    50.0-180.0 180.0   5.0 450.0                            LAT/LON1/LON2/DLON/H
  396  408  407  401  390  369  345  323  300  275  249  229  215  198  187  171
  160  144  132  118  107   95   85   75   70   64   64   63   69   70   75   74
   79   75   79   76   82   80   85   83   87   84   85   82   81   80   78   82
   83   88   96  112  134  163  198  232  263  284  302  316  331  342  348  355
  364  374  384  392  404  410  398  390  396                                   
    47.5-180.0 180.0   5.0 450.0                            LAT/LON1/LON2/DLON/H
  410  422  421  420  411  389  362  335  304  277  248  228  214  200  191  179
  168  152  141  124  114  102   94   87   80   77   75   77   78   81   81   84
   85   87   90   91   97   96  102  100  104  101  100   95   94   91   91   94
   98  102  113  130  153  182  215  247  273  294  307  323  336  345  354  363
  374  387  400  409  421  423  410  401  410                                   
    45.0-180.0 180.0   5.0 450.0                            LAT/LON1/LON2/DLON/H
  426  439  436  438  432  415  388  356  320  287  253  231  215  203  196  183
  172  156  142  130  119  114  107  102   97   94   92   90   91   89   89   88
   91   93   99  101  107  107  113  113  118  115  115  109  108  105  104  107
  111  119  131  149  172  202  232  260  282  297  312  324  338  348  357  366
  378  391  405  415  426  433  415  402  426                                   
    42.5-180.0 180.0   5.0 450.0                            LAT/LON1/LON2/DLON/H
  420  430  431  437  441  429  406  378  340  304  265  241  222  209  198  186
  173  157  145  134  130  125  122  118  112  108  104  101   97   94   89   89
   90   94  100  103  110  110  117  118  125  124  124  119  117  114  113  117
  124  133  147  167  194  222  249  273  291  305  315  329  342  351  364  370
  381  389  404  409  422  420  407  394  420                                   
    40.0-180.0 180.0   5.0 450.0                            LAT/LON1/LON2/DLON/H
  409  418  415  423  431  428  412  389  356  320  280  254  233  219  205  190
  176  160  148  143  142  142  140  136  128  121  115  110  103   96   90   87
   89   93   99  104  108  112  116  123  129  131  133  130  127  125  124  128
  136  148  162  183  211  239  264  283  300  310  321  334  346  356  371  378
  387  394  404  408  415  411  394  376  409                                   
    37.5-180.0 180.0   5.0 450.0                            LAT/LON1/LON2/DLON/H
  391  393  388  391  403  402  394  382  359  331  294  267  247  229  212  196
  178  165  158  156  162  160  158  149  138  128  120  113  105   96   90   87
   90   92  100  101  108  109  117  122  132  133  137  133  132  128  128  132
  141  153  169  193  223  253  278  298  313  325  332  343  356  368  384  391
  398  402  409  410  416  403  384  363  391                                   
    35.0-180.0 180.0   5.0 450.0                            LAT/LON1/LON2/DLON/H
  395  387  375  366  370  371  369  365  352  333  304  279  258  242  223  205
  188  176  173  175  180  181  174  160  145  132  124  119  113  109  102  104
  104  112  109  116  110  117  118  129  136  142  143  142  138  134  131  134
  141  155  171  198  227  259  285  305  322  334  343  353  368  385  404  413
  419  425  431  434  436  424  400  370  395                                   
    32.5-180.0 180.0   5.0 450.0                            LAT/LON1/LON2/DLON/H
  429  413  386  362  357  346  345  344  337  325  304  287  268  253  232  216
  197  191  191  196  203  197  185  165  147  132  127  125  127  124  128  127
  139  139  144  137  135  131  135  138  147  147  147  142  139  132  127  127
  134  147  166  194  227  257  286  307  326  342  351  362  382  405  434  446
  456  457  467  470  477  463  441  407  429                                   
    30.0-180.0 180.0   5.0 450.0                            LAT/LON1/LON2/DLON/H
  515  501  462  415  386  360  345  336  326  315  297  285  272  258  239  222
  209  201  204  209  214  206  188  168  152  143  146  153  159  166  168  181
  185  194  186  181  165  159  149  153  155  158  157  152  144  137  127  125
  128  142  159  192  225  261  288  314  331  347  359  377  403  438  475  500
  513  521  529  532  533  527  506  482  515                                   
    27.5-180.0 180.0   5.0 450.0                            LAT/LON1/LON2/DLON/H
  629  615  568  509  465  415  385  353  334  312  296  281  272  257  241  226
  213  210  211  215  215  202  184  168  162  162  178  189  205  214  227  239
  248  250  241  227  213  192  181  170  169  162  154  143  132  124  119  118
  121  134  155  188  225  262  297  322  340  356  367  390  422  467  517  557
  581  594  602  606  609  601  587  588  629                                   
    25.0-180.0 180.0   5.0 450.0                            LAT/LON1/LON2/DLON/H
  785  799  749  682  606  534  476  425  382  339  305  284  270  256  240  224
  214  207  208  205  203  191  181  177  187  199  224  245  268  288  301  314
  312  310  289  267  238  212  189  181  171  167  154  144  129  119  110  110
  116  136  158  196  229  276  307  339  355  372  389  413  454  506  570  619
  647  665  677  683  696  701  702  713  785                                   
    22.5-180.0 180.0   5.0 450.0                            LAT/LON1/LON2/DLON/H
  924  933  891  834  763  687  604  528  461  394  345  304  284  259  242  224
  212  204  198  190  186  177  182  194  221  254  293  333  357  381  382  387
  372  365  335  301  263  229  205  187  175  160  145  128  115  104  102  100
  111  128  161  199  242  284  321  348  372  394  412  446  485  552  622  682
  718  741  755  765  784  796  815  827  924                                   
    20.0-180.0 180.0   5.0 450.0                            LAT/LON1/LON2/DLON/H
 1032 1034 1016  955  895  820  763  688  605  509  429  370  329  290  261  231
  215  197  190  177  177  180  201  238  289  342  387  421  447  453  454  433
  409  386  352  314  267  228  198  186  171  163  145  133  115  107  102  101
  114  133  167  216  262  308  337  371  392  420  445  479  529  598  677  742
  785  814  832  841  860  863  909  912 1032                                   
    17.5-180.0 180.0   5.0 450.0                            LAT/LON1/LON2/DLON/H
 1071 1105 1104 1057  998  926  868  804  723  638  537  459  400  346  300  262
  235  211  196  185  187  203  244  315  380  442  476  504  507  507  486  462
  425  395  354  304  254  218  182  162  148  131  124  110  108   99   98   97
  112  135  181  229  281  322  352  385  413  448  475  519  568  641  717  781
  828  856  873  882  902  905  951  945 1071                                   
    15.0-180.0 180.0   5.0 450.0                            LAT/LON1/LON2/DLON/H
 1071 1111 1141 1112 1072 1008  960  890  834  753  671  581  511  436  380  324
  286  249  228  216  224  272  332  424  485  533  542  539  522  494  464  422
  394  358  323  276  235  203  170  155  139  128  115  109  111  104   99  100
  117  148  194  246  293  328  362  392  429  467  505  553  606  672  735  795
  830  855  870  882  902  899  944  943 1071                                   
    12.5-180.0 180.0   5.0 450.0                            LAT/LON1/LON2/DLON/H
 1012 1070 1106 1112 1092 1053 1016  958  904  832  748  675  596  527  462  407
  362  324  297  295  316  381  449  532  578  595  570  540  495  454  407  375
  340  313  273  240  210  182  155  140  128  117  107   99  104  104  100  100
  119  153  204  258  300  335  365  403  444  489  535  587  627  691  740  785
  814  831  844  855  871  863  901  906 1012                                   
    10.0-180.0 180.0   5.0 450.0                            LAT/LON1/LON2/DLON/H
  921  974 1022 1056 1065 1054 1036  994  948  886  815  750  683  611  556  501
  462  428  406  414  445  512  571  626  643  622  564  499  437  372  334  302
  277  254  234  213  195  175  162  150  140  128  114  108  107  106   99  103
  124  159  209  261  303  333  368  406  451  506  552  603  642  692  731  766
  781  795  799  815  820  816  841  848  921                                   
     7.5-180.0 180.0   5.0 450.0                            LAT/LON1/LON2/DLON/H
  828  859  898  931  967  992  998  992  958  912  853  797  743  687  631  591
  555  532  522  541  575  629  670  688  667  614  532  455  373  316  282  260
