data/unet/pred2350.15i
     1.0            IONOSPHERE MAPS     GNSS                IONEX VERSION / TYPE
pyspatialgeodesy        IME             05-JAN-18 20:20     PGM / RUN BY / DATE 
Map Name                                                    COMMENT             
Predicted global ionosphere maps (GIM).                     DESCRIPTION         
  2015     8    23     0     0     0                        EPOCH OF FIRST MAP  
  2015     8    24     0     0     0                        EPOCH OF LAST MAP   
  7200                                                      INTERVAL            
    13                                                      # OF MAPS IN FILE   
  NONE                                                      MAPPING FUNCTION    
10.0                                                        ELEVATION CUTOFF    
One-way carrier phase leveled to code                       OBSERVABLES USED    
  6371.0                                                    BASE RADIUS         
 2                                                          MAP DIMENSION       
   450.0 450.0   0.0                                        HGT1 / HGT2 / DHGT  
    87.5 -87.5  -2.5                                        LAT1 / LAT2 / DLAT  
  -180.0 180.0   5.0                                        LON1 / LON2 / DLON  
    -1                                                      EXPONENT            
                                                            END OF HEADER       
[from data line 2145]
     6                                                      START OF TEC MAP    
  2015     8    23    10     0     0                        EPOCH OF CURRENT MAP
    87.5-180.0 180.0   5.0 450.0                            LAT/LON1/LON2/DLON/H
   98  119  114  115  114  113  114  114  116  116  117  117  117  117  117  117
  117  116  116  116  116  115  115  114  113  113  112  112  111  111  110  110
  110  110  110  109  109  108  109  107  108  107  107  106  106  105  106  104
  105  104  104  103  103  102  102  101  102  100  100  100  101   99  100  100
  101  101  102  104  105  104  105  100   98                                   
    85.0-180.0 180.0   5.0 450.0                            LAT/LON1/LON2/DLON/H
  119  112  120  124  123  124  125  127  127  128  128  128  127  127  126  126
  125  126  124  125  124  125  124  125  123  124  123  124  123  124  123  125
  124  126  125  126  126  127  127  128  127  127  127  126  125  125  124  123
  121  121  118  118  115  115  112  111  109  108  105  105  104  104  102  103
  103  104  104  104  108  106  116  110  119                                   
    82.5-180.0 180.0   5.0 450.0                            LAT/LON1/LON2/DLON/H
  106  113  119  122  124  123  127  127  129  127  129  126  127  123  124  121
  121  119  120  118  119  117  118  117  118  117  118  118  119  119  120  120
  122  122  124  125  127  128  130  130  131  131  132  131  132  130  130  128
  128  125  124  121  120  115  114  109  109  104  103   99   99   96   95   94
   95   95   97   97  101  102  109  111  106                                   
    80.0-180.0 180.0   5.0 450.0                            LAT/LON1/LON2/DLON/H
  107  106  109  114  115  118  121  122  122  122  120  119  116  114  111  109
  106  105  103  103  102  102  102  102  102  103  103  104  104  106  107  109
  111  113  116  119  121  123  126  128  129  131  131  132  132  132  132  131
  130  128  127  123  121  116  114  109  107  100   98   93   91   87   85   83
   82   82   83   84   88   89   95  103  107                                   
    77.5-180.0 180.0   5.0 450.0                            LAT/LON1/LON2/DLON/H
   98  101  105  112  112  118  118  121  119  118  115  112  108  105  100   98
   94   93   91   91   90   91   90   91   90   92   91   94   93   97   97  102
  104  108  112  116  119  123  125  130  130  134  133  137  135  138  135  137
  134  135  131  130  126  123  118  115  109  106   99   96   90   88   83   82
   78   80   78   81   82   84   90   87   98                                   
    75.0-180.0 180.0   5.0 450.0                            LAT/LON1/LON2/DLON/H
   90   92   94  103  104  110  111  114  111  111  105  103   96   94   87   86
   82   82   80   81   80   81   81   82   82   83   83   85   85   89   90   95
   98  103  107  112  117  121  125  129  131  135  137  140  139  142  141  143
  140  141  138  137  132  130  126  122  116  112  106  101   95   91   86   83
   79   79   76   78   78   82   87   82   90                                   
    72.5-180.0 180.0   5.0 450.0                            LAT/LON1/LON2/DLON/H
   83   87   88   93   94   98  100  102  101   98   95   90   85   81   77   74
   73   72   72   73   73   76   76   77   76   77   77   79   79   83   85   90
   94   99  104  110  115  120  125  129  132  136  138  141  141  143  142  144
  142  143  140  140  136  135  131  128  122  118  112  108  101   97   91   88
   82   81   78   78   78   78   84   77   83                                   
    70.0-180.0 180.0   5.0 450.0                            LAT/LON1/LON2/DLON/H
   79   78   79   83   84   89   90   93   91   90   86   82   77   74   70   69
   67   68   68   71   72   74   75   76   76   76   77   78   80   83   85   91
   94  101  105  112  117  122  126  132  134  138  140  144  143  146  144  146
  144  145  142  143  140  139  135  134  128  126  120  117  111  109  102  100
   93   92   86   85   82   82   84   76   79                                   
    67.5-180.0 180.0   5.0 450.0                            LAT/LON1/LON2/DLON/H
   76   75   73   75   73   77   79   81   80   79   76   73   69   66   64   63
   63   65   66   70   71   74   75   76   77   76   77   78   79   81   83   89
   93  100  106  112  118  122  127  130  133  135  137  140  140  140  139  139
  138  138  137  138  137  137  135  134  129  128  123  121  117  115  110  108
  102  100   95   92   89   84   86   77   76                                   
    65.0-180.0 180.0   5.0 450.0                            LAT/LON1/LON2/DLON/H
   77   71   67   67   65   69   70   73   72   72   70   69   66   64   63   64
   64   66   67   71   72   75   77   78   79   79   79   80   81   85   86   94
   97  105  110  117  122  126  130  133  135  138  139  142  141  141  138  138
  136  136  135  136  135  136  134  135  131  130  126  126  123  124  119  120
  114  114  107  106   99   95   92   82   77                                   
    62.5-180.0 180.0   5.0 450.0                            LAT/LON1/LON2/DLON/H
   80   73   65   62   57   59   60   62   62   63   63   62   61   61   61   62
   64   66   68   71   72   75   76   78   79   79   80   81   83   86   89   96
  100  108  113  120  125  128  132  134  136  137  139  140  140  138  135  133
  131  130  129  130  130  132  130  131  129  129  125  126  124  126  123  125
  121  121  117  114  109  102  100   88   80                                   
    60.0-180.0 180.0   5.0 450.0                            LAT/LON1/LON2/DLON/H
   87   75   65   61   54   55   54   56   55   56   56   57   57   59   59   62
   63   66   66   69   70   72   74   76   77   79   80   83   83   89   91  100
  104  114  118  126  128  133  134  137  139  141  142  144  144  142  138  135
  132  131  130  131  131  133  132  133  131  130  127  128  128  131  129  132
  129  132  126  127  120  115  108   98   87                                   
    57.5-180.0 180.0   5.0 450.0                            LAT/LON1/LON2/DLON/H
   94   83   69   61   53   51   48   49   48   49   49   51   52   54   56   58
   60   62   62   65   64   68   68   73   73   78   79   82   85   90   94  102
  107  116  122  128  132  135  137  139  142  143  145  147  148  145  143  138
  136  133  133  134  136  137  136  136  134  132  129  130  130  132  131  133
  132  134  132  132  128  122  116  104   94                                   
    55.0-180.0 180.0   5.0 450.0                            LAT/LON1/LON2/DLON/H
  103   87   75   67   57   54   49   48   45   46   45   47   46   50   50   54
   54   57   56   59   58   62   64   69   72   77   79   84   86   92   94  104
  108  119  124  133  135  141  141  145  146  151  153  157  156  154  151  147
  144  142  142  142  144  146  146  145  142  140  136  136  135  137  136  139
  135  140  136  139  135  131  123  114  103                                   
    52.5-180.0 180.0   5.0 450.0                            LAT/LON1/LON2/DLON/H
  109   97   83   73   62   56   50   48   44   43   42   42   43   44   46   48
   49   50   50   52   52   57   59   67   70   77   79   85   87   92   96  104
  110  120  127  135  141  144  148  150  154  156  160  162  164  161  160  156
  154  153  152  153  155  156  155  154  151  148  144  144  143  143  140  139
  138  140  138  140  139  134  128  117  109                                   
    50.0-180.0 180.0   5.0 450.0                            LAT/LON1/LON2/DLON/H
  115  100   89   80   71   65   58   54   49   47   43   43   41   42   41   43
   43   45   44   47   49   54   59   68   73   80   82   87   89   93   97  106
  111  124  130  142  146  154  154  160  161  168  169  175  174  175  171  170
  167  165  166  165  167  167  166  165  161  158  154  154  152  153  149  149
  143  146  142  146  142  139  132  124  115                                   
    47.5-180.0 180.0   5.0 450.0                            LAT/LON1/LON2/DLON/H
  118  109   97   89   79   72   65   59   54   50   46   44   41   41   40   42
   41   42   42   43   46   52   58   68   74   83   84   89   90   94   97  105
  112  124  135  145  153  158  163  166  170  174  177  180  182  181  181  179
  177  176  175  174  173  173  171  171  167  165  162  162  161  161  157  153
  149  148  145  145  143  138  133  123  118                                   
    45.0-180.0 180.0   5.0 450.0                            LAT/LON1/LON2/DLON/H
  119  110  100   95   86   80   74   69   63   59   55   52   48   46   44   44
   43   43   44   46   49   56   63   73   80   87   90   93   94   98  100  110
  117  131  141  156  162  173  174  181  181  188  188  193  194  196  195  194
  192  189  187  183  182  178  177  176  174  172  170  171  169  170  165  164
  156  157  150  152  145  140  134  126  119                                   
    42.5-180.0 180.0   5.0 450.0                            LAT/LON1/LON2/DLON/H
  120  114  104   99   91   86   80   76   70   66   62   59   55   53   50   49
   48   48   49   50   53   60   67   77   84   92   93   97   96  100  103  112
  120  134  147  161  171  179  185  190  191  195  197  201  203  205  205  205
  202  199  194  190  184  181  178  178  175  177  175  177  177  177  173  170
  165  163  158  154  148  140  135  126  120                                   
    40.0-180.0 180.0   5.0 450.0                            LAT/LON1/LON2/DLON/H
  121  112  102   99   92   89   85   81   78   75   72   69   66   63   60   58
   56   56   55   58   59   66   71   82   88   95   98  101  102  106  108  119
  126  143  155  172  181  194  197  204  204  211  211  217  218  222  222  222
  220  215  209  200  194  187  184  183  182  184  182  187  184  189  181  182
  173  175  166  164  154  143  135  127  121                                   
    37.5-180.0 180.0   5.0 450.0                            LAT/LON1/LON2/DLON/H
  123  114  101   98   91   90   86   84   81   79   77   76   73   72   68   66
   63   63   62   63   65   70   75   83   91   97  101  104  106  110  113  122
  130  146  160  175  188  198  205  210  215  220  224  231  234  237  239  240
  237  232  224  215  205  199  193  193  191  193  194  196  196  196  193  189
  185  181  175  166  158  143  136  127  123                                   
    35.0-180.0 180.0   5.0 450.0                            LAT/LON1/LON2/DLON/H
  127  111   97   96   89   88   85   83   82   81   82   82   82   80   77   75
   71   71   68   71   69   75   77   86   91   99  103  108  110  117  119  130
  138  154  168  184  196  208  216  224  228  235  239  248  251  259  262  267
  263  260  250  240  229  219  214  212  211  213  210  213  208  212  203  204
  194  194  182  176  163  146  135  130  127                                   
    32.5-180.0 180.0   5.0 450.0                            LAT/LON1/LON2/DLON/H
  131  113   98   94   87   86   82   82   80   81   81   84   83   85   80   80
   75   75   71   73   71   75   76   84   90   99  105  112  116  122  124  134
  142  157  171  187  201  213  225  233  242  249  258  266  275  281  288  292
  293  289  281  271  260  252  245  243  241  241  237  234  229  227  221  215
  208  199  191  178  168  147  140  132  131                                   
    30.0-180.0 180.0   5.0 450.0                            LAT/LON1/LON2/DLON/H
  137  113   95   91   85   80   80   78   79   78   81   82   86   85   85   82
   80   77   75   76   75   77   77   84   91   99  107  116  122  128  132  141
  150  163  177  192  206  220  234  244  255  263  273  284  296  308  316  323
  325  325  319  312  302  293  286  282  280  277  271  269  259  258  243  238
  223  217  200  192  172  154  142  137  137                                   
    27.5-180.0 180.0   5.0 450.0                            LAT/LON1/LON2/DLON/H
  144  118  100   95   86   83   81   78   77   77   78   80   81   83   81   81
   77   77   74   76   75   78   77   84   89   99  108  118  124  132  135  145
  152  166  178  193  211  226  244  255  271  279  293  302  319  328  342  349
  356  357  357  350  344  336  331  326  323  317  309  302  292  285  271  260
  245  230  215  198  183  161  153  145  144                                   
    25.0-180.0 180.0   5.0 450.0                            LAT/LON1/LON2/DLON/H
  152  123  107  101   93   85   85   81   81   78   79   79   81   81   81   79
   77   75   74   77   77   80   81   86   92  101  111  121  130  137  142  150
  157  170  183  200  218  234  252  265  281  292  309  321  337  351  366  378
  387  393  397  395  393  387  383  378  373  368  356  351  336  326  307  293
  272  257  232  217  193  172  160  155  152                                   
    22.5-180.0 180.0   5.0 450.0                            LAT/LON1/LON2/DLON/H
  161  133  122  119  106  100   98   92   89   83   81   79   79   80   77   77
   73   74   72   77   77   82   82   89   93  103  112  122  130  138  142  152
  160  172  189  206  229  247  266  279  296  309  328  338  358  369  388  398
  409  417  424  423  423  419  418  413  412  403  394  384  369  358  338  321
  299  278  252  230  208  184  176  170  161                                   
    20.0-180.0 180.0   5.0 450.0                            LAT/LON1/LON2/DLON/H
  168  141  135  134  126  121  113  107  100   94   90   84   85   82   81   78
   75   72   72   76   78   83   85   91   98  106  114  123  132  140  146  157
  167  183  202  224  245  262  279  289  309  322  339  351  368  384  399  413
  424  434  447  447  451  449  452  450  449  445  435  426  413  401  379  357
  331  305  276  254  224  198  188  186  168                                   
    17.5-180.0 180.0   5.0 450.0                            LAT/LON1/LON2/DLON/H
  176  153  149  153  145  143  132  124  115  104  100   91   89   85   83   80
   74   73   71   75   76   83   84   94   97  108  114  123  130  140  148  162
  175  193  217  240  263  279  296  309  328  337  354  361  378  389  406  415
  428  439  452  455  460  460  465  466  468  465  457  447  431  418  395  372
  347  317  290  262  238  210  202  196  176                                   
    15.0-180.0 180.0   5.0 450.0                            LAT/LON1/LON2/DLON/H
  180  165  161  166  159  158  147  140  127  117  110  101   99   93   91   85
   81   75   73   74   76   81   85   93  101  108  116  123  133  144  158  175
  192  212  238  258  279  292  312  322  344  351  364  369  385  397  411  424
  433  447  460  464  469  471  476  480  484  487  481  473  460  440  419  391
  366  337  308  283  257  229  215  216  180                                   
    12.5-180.0 180.0   5.0 450.0                            LAT/LON1/LON2/DLON/H
  191  173  170  174  167  166  156  149  135  125  117  108  104   99   95   90
   84   78   73   73   73   78   81   91   98  109  116  126  135  150  166  186
  205  227  255  274  294  310  330  345  361  365  375  379  393  403  417  426
  438  445  459  460  465  465  470  475  482  485  481  474  457  441  415  391
  367  339  316  292  271  245  228  224  191                                   
    10.0-180.0 180.0   5.0 450.0                            LAT/LON1/LON2/DLON/H
  194  185  179  181  174  172  161  156  142  134  124  115  112  105  105   98
   95   84   79   73   73   74   79   88   99  109  118  129  140  159  178  201
  219  243  266  284  302  317  341  355  373  375  386  391  404  417  425  438
  443  452  459  460  461  462  465  474  479  485  482  475  460  438  415  391
  369  347  326  307  289  264  245  244  194                                   
     7.5-180.0 180.0   5.0 450.0                            LAT/LON1/LON2/DLON/H
  207  189  185  184  175  171  162  155  144  136  124  118  112  109  107  104
   99   89   81   74   69   71   75   85   96  111  120  133  147  165  187  208
