data/unet/pred2890.15i
     1.0            IONOSPHERE MAPS     GNSS                IONEX VERSION / TYPE
pyspatialgeodesy        IME             05-JAN-18 20:20     PGM / RUN BY / DATE 
Map Name                                                    COMMENT             
Predicted global ionosphere maps (GIM).                     DESCRIPTION         
  2015    10    16     0     0     0                        EPOCH OF FIRST MAP  
  2015    10    17     0     0     0                        EPOCH OF LAST MAP   
  7200                                                      INTERVAL            
    13                                                      # OF MAPS IN FILE   
  NONE                                                      MAPPING FUNCTION    
10.0                                                        ELEVATION CUTOFF    
One-way carrier phase leveled to code                       OBSERVABLES USED    
  6371.0                                                    BASE RADIUS         
 2                                                          MAP DIMENSION       
   450.0 450.0   0.0                                        HGT1 / HGT2 / DHGT  
    87.5 -87.5  -2.5                                        LAT1 / LAT2 / DLAT  
  -180.0 180.0   5.0                                        LON1 / LON2 / DLON  
    -1                                                      EXPONENT            
                                                            END OF HEADER       
[from data line 2145]
     6                                                      START OF TEC MAP    
  2015    10    16    10     0     0                        EPOCH OF CURRENT MAP
    87.5-180.0 180.0   5.0 450.0                            LAT/LON1/LON2/DLON/H
   48   68   56   56   55   55   56   57   57   58   58   60   59   60   60   60
   59   60   59   60   59   59   59   59   58   58   58   58   58   58   58   58
   58   58   58   58   58   58   58   57   57   57   56   55   55   54   53   52
   51   50   49   48   47   46   45   43   43   42   42   40   42   40   42   40
   42   42   44   45   48   45   50   47   48                                   
    85.0-180.0 180.0   5.0 450.0                            LAT/LON1/LON2/DLON/H
   70   75   74   78   73   75   75   76   75   76   75   76   75   76   75   76
   75   76   75   77   76   79   78   80   79   81   81   83   83   84   84   85
   85   86   85   85   84   84   82   81   79   78   75   74   71   70   67   66
   63   62   59   58   55   55   53   53   52   52   51   51   53   53   55   55
   58   58   62   61   63   65   68   56   70                                   
    82.5-180.0 180.0   5.0 450.0                            LAT/LON1/LON2/DLON/H
   59   79   74   77   73   74   73   74   72   73   70   71   68   70   67   69
   66   70   67   71   70   73   73   75   76   78   79   81   82   84   84   85
   86   86   86   85   84   84   82   80   78   76   73   72   68   67   63   62
   58   56   52   51   47   47   43   44   41   42   40   42   42   44   44   47
   49   52   54   56   58   62   65   48   59                                   
    80.0-180.0 180.0   5.0 450.0                            LAT/LON1/LON2/DLON/H
   60   72   65   68   63   65   62   63   60   60   56   56   52   53   50   52
   49   52   51   55   54   58   58   62   62   66   67   71   72   75   77   78
   80   80   82   82   82   80   79   78   76   74   71   71   67   66   62   62
   56   57   51   51   45   45   39   41   35   38   33   37   34   38   36   41
   41   45   45   48   50   53   60   45   60                                   
    77.5-180.0 180.0   5.0 450.0                            LAT/LON1/LON2/DLON/H
   52   66   62   61   60   58   58   56   55   51   50   45   44   40   41   38
   40   38   42   41   45   46   49   51   53   56   59   62   64   67   69   72
   73   76   76   78   78   79   77   78   76   77   74   74   71   71   68   68
   65   65   60   60   55   53   48   46   42   41   39   38   38   37   39   40
   42   43   45   47   49   51   56   37   52                                   
    75.0-180.0 180.0   5.0 450.0                            LAT/LON1/LON2/DLON/H
   50   58   54   56   52   55   51   52   46   45   39   37   31   30   26   27
   25   28   28   32   33   38   39   43   45   49   51   55   57   61   63   67
   68   72   73   77   77   80   79   81   80   80   80   80   80   80   80   79
   79   76   76   73   71   65   63   58   54   50   48   45   44   43   43   43
   43   44   45   47   48   50   54   38   50                                   
    72.5-180.0 180.0   5.0 450.0                            LAT/LON1/LON2/DLON/H
   46   55   51   52   50   49   48   46   42   38   34   29   26   21   21   19
   21   21   25   26   31   32   37   38   42   44   48   50   54   56   61   63
   67   70   73   76   78   80   81   83   83   85   85   87   87   89   90   91
   91   91   90   87   84   79   74   70   65   60   56   52   50   48   47   47
   47   47   47   47   49   47   53   35   46                                   
    70.0-180.0 180.0   5.0 450.0                            LAT/LON1/LON2/DLON/H
   46   48   46   47   46   49   48   47   43   39   33   29   24   21   18   19
   20   23   26   29   32   36   38   40   42   45   47   51   53   57   60   65
   67   71   73   78   79   84   85   89   90   93   94   97   99  101  103  105
  107  107  107  105  102   96   91   85   79   72   69   64   61   58   56   55
   54   54   53   53   51   50   52   36   46                                   
    67.5-180.0 180.0   5.0 450.0                            LAT/LON1/LON2/DLON/H
   41   47   44   45   46   45   48   45   44   38   35   30   27   24   23   24
   26   29   33   34   39   39   43   42   44   44   48   49   54   55   61   63
   68   71   75   77   81   84   87   91   93   96   98  100  102  104  108  110
  113  114  115  113  110  105   98   92   85   79   73   69   65   62   59   57
   56   55   55   54   52   49   52   31   41                                   
    65.0-180.0 180.0   5.0 450.0                            LAT/LON1/LON2/DLON/H
   41   43   40   43   43   48   49   50   46   44   38   35   30   30   28   33
   33   38   39   44   43   47   45   48   46   49   48   54   55   61   63   69
   71   77   78   85   84   91   91   97   96  101  100  104  103  108  110  115
  117  120  121  120  115  111  103   97   89   84   78   74   70   67   64   63
   59   60   57   58   54   52   53   34   41                                   
    62.5-180.0 180.0   5.0 450.0                            LAT/LON1/LON2/DLON/H
   39   46   40   42   43   45   49   49   48   45   41   38   36   36   36   40
   41   44   45   47   48   48   48   47   47   47   50   52   57   60   66   70
   74   78   81   86   88   92   94   98  100  101  101  101  103  105  109  113
  117  120  122  120  116  110  102   96   89   84   78   76   70   68   63   61
   57   57   56   55   54   51   52   34   39                                   
    60.0-180.0 180.0   5.0 450.0                            LAT/LON1/LON2/DLON/H
   42   43   36   40   40   46   47   50   46   46   41   41   36   40   37   44
   43   47   45   49   45   48   44   48   44   49   48   57   58   67   69   79
   81   90   89   97   96  103  102  108  105  107  103  104  102  106  109  115
  120  125  125  124  119  114  105  100   92   88   83   79   75   71   67   64
   60   60   57   60   55   55   54   38   42                                   
    57.5-180.0 180.0   5.0 450.0                            LAT/LON1/LON2/DLON/H
   45   51   41   41   41   43   46   46   46   44   42   40   40   40   42   45
   45   46   45   44   42   41   41   41   42   43   48   52   59   65   74   81
   87   94   96  101  103  107  111  112  113  110  108  105  105  106  112  118
  124  128  131  129  126  119  112  105   98   93   88   85   80   75   70   65
   61   59   59   58   58   56   56   42   45                                   
    55.0-180.0 180.0   5.0 450.0                            LAT/LON1/LON2/DLON/H
   51   50   42   43   40   44   43   44   41   42   38   40   36   41   37   43
   38   41   35   37   32   34   31   37   35   44   44   56   58   71   76   91
   93  106  105  115  114  121  121  127  123  123  116  115  112  117  121  131
  136  142  144  143  138  131  123  116  110  106  100   97   91   84   78   71
   66   64   63   66   63   63   64   52   51                                   
    52.5-180.0 180.0   5.0 450.0                            LAT/LON1/LON2/DLON/H
   58   63   51   50   46   44   44   43   41   40   39   39   39   39   39   40
   38   36   32   29   27   27   28   32   36   41   47   52   62   70   81   91
  100  109  113  119  124  129  133  136  137  133  130  125  126  129  137  144
  153  158  162  158  155  145  139  131  126  121  118  113  106   97   87   79
   73   69   69   69   70   69   72   60   58                                   
    50.0-180.0 180.0   5.0 450.0                            LAT/LON1/LON2/DLON/H
   70   66   61   57   52   49   47   45   42   42   39   42   39   42   36   39
   32   31   25   24   21   24   25   33   36   46   49   61   65   78   84  101
  105  120  121  134  135  145  147  156  152  154  146  146  144  151  156  167
  175  182  183  180  172  164  154  148  142  140  135  133  125  118  105   96
   85   82   78   82   79   80   80   73   70                                   
    47.5-180.0 180.0   5.0 450.0                            LAT/LON1/LON2/DLON/H
   78   79   71   67   60   56   53   49   46   46   44   46   45   45   42   39
   34   31   26   24   23   25   29   35   42   50   57   64   71   80   89  100
  109  120  127  136  144  152  161  167  170  167  165  160  163  167  176  184
  193  196  199  192  187  174  167  156  155  149  149  144  140  132  123  111
   99   93   90   89   88   87   89   80   78                                   
    45.0-180.0 180.0   5.0 450.0                            LAT/LON1/LON2/DLON/H
   90   80   80   74   71   65   62   57   55   53   52   55   52   54   47   46
   37   35   29   30   29   33   36   45   50   62   66   78   81   91   95  112
  115  132  135  150  154  170  176  188  188  191  183  184  182  189  194  204
  209  211  209  205  195  185  172  166  159  159  155  156  149  145  134  128
  114  108  100  100   96   94   93   89   90                                   
    42.5-180.0 180.0   5.0 450.0                            LAT/LON1/LON2/DLON/H
   92   90   86   82   77   72   69   65   63   62   62   64   63   62   58   53
   47   43   40   40   41   43   47   53   60   69   77   85   90   96  102  113
  120  133  140  152  162  176  187  198  201  203  199  199  199  204  209  213
  217  214  212  204  196  183  172  162  158  154  155  154  152  148  140  134
  123  116  109  105  101   95   97   90   92                                   
    40.0-180.0 180.0   5.0 450.0                            LAT/LON1/LON2/DLON/H
   97   87   89   86   84   79   78   73   72   70   72   74   72   73   66   64
   56   53   50   52   51   55   55   63   69   81   88   99  101  112  111  126
  128  146  149  165  174  192  203  218  219  225  219  220  218  222  224  226
  225  223  217  211  200  188  172  165  156  157  154  157  152  151  142  139
  126  121  110  108   99   94   94   90   97                                   
    37.5-180.0 180.0   5.0 450.0                            LAT/LON1/LON2/DLON/H
   90   88   85   84   81   77   77   74   74   74   76   79   80   81   78   73
   68   65   62   64   63   65   65   68   74   85   96  106  111  119  120  130
  136  149  157  172  182  201  215  229  235  239  235  235  233  234  234  232
  232  228  226  216  208  193  180  169  164  159  158  155  151  147  139  134
  124  118  109  103   94   89   91   85   90                                   
    35.0-180.0 180.0   5.0 450.0                            LAT/LON1/LON2/DLON/H
   85   77   79   75   76   75   77   74   75   76   79   85   87   90   87   85
   79   76   73   74   73   72   70   71   78   91  104  120  123  137  135  149
  152  165  174  186  201  218  237  252  258  264  257  259  255  254  253  253
  253  253  251  245  235  219  205  193  183  180  172  169  158  151  139  133
  119  115  101   99   89   83   83   78   85                                   
    32.5-180.0 180.0   5.0 450.0                            LAT/LON1/LON2/DLON/H
   74   74   68   68   66   68   69   69   69   71   76   83   89   94   95   93
   88   85   82   83   79   77   72   72   78   92  106  123  131  143  147  159
  166  181  191  205  217  237  254  269  276  281  276  276  272  271  272  273
  279  281  285  279  271  257  241  227  215  207  198  188  175  161  144  133
  121  112  101   96   89   81   83   71   74                                   
    30.0-180.0 180.0   5.0 450.0                            LAT/LON1/LON2/DLON/H
   73   63   60   55   56   60   63   63   65   68   73   82   89   99  101  100
   96   91   89   87   83   77   72   72   80   95  112  131  141  154  158  171
  180  195  210  227  240  263  277  297  301  309  308  311  310  310  315  320
  332  340  350  345  336  316  301  283  271  256  244  227  206  187  165  147
  131  122  109  106   99   90   86   73   73                                   
    27.5-180.0 180.0   5.0 450.0                            LAT/LON1/LON2/DLON/H
   76   74   64   58   53   55   57   58   58   62   67   78   87   98  102  104
   99   97   92   91   83   79   72   75   81   99  114  134  145  161  169  187
  197  219  230  255  262  289  299  322  327  338  337  341  346  350  361  369
  385  396  409  406  400  381  364  345  328  308  289  266  241  219  195  173
  154  137  128  119  113  102  100   75   76                                   
    25.0-180.0 180.0   5.0 450.0                            LAT/LON1/LON2/DLON/H
   86   84   76   63   59   56   59   58   59   61   66   74   83   95  102  104
  101   97   93   89   83   77   74   78   87  102  118  134  145  159  171  192
  208  230  247  273  286  315  325  351  354  372  371  385  390  403  417  432
  451  469  484  484  479  463  441  420  400  377  348  320  287  259  234  207
  186  167  153  147  133  119  117   88   86                                   
    22.5-180.0 180.0   5.0 450.0                            LAT/LON1/LON2/DLON/H
   97  113  101   86   76   68   67   64   63   64   65   74   81   92   98  103
   99   97   91   89   82   81   77   85   93  110  121  139  150  169  185  207
  226  253  271  304  313  346  354  379  388  404  404  417  424  443  462  485
  507  525  542  544  543  525  502  474  450  425  396  363  331  300  272  246
  223  200  188  176  166  149  144  107   97                                   
    20.0-180.0 180.0   5.0 450.0                            LAT/LON1/LON2/DLON/H
  127  147  140  113  103   87   85   74   73   69   69   71   77   83   88   92
   92   89   86   84   81   81   81   92  101  114  128  139  149  165  186  213
  237  263  296  328  347  374  386  405  414  430  437  453  465  490  513  534
  563  577  600  598  594  573  548  521  494  467  434  411  376  346  317  288
  266  247  230  214  201  183  177  135  127                                   
    17.5-180.0 180.0   5.0 450.0                            LAT/LON1/LON2/DLON/H
  170  195  190  166  140  118  107   91   83   75   73   73   74   79   82   85
   87   85   83   83   80   84   86   99  110  124  136  146  159  175  203  232
  260  296  326  360  378  403  412  429  439  457  464  485  496  522  544  571
  596  613  626  618  613  590  564  538  512  488  455  431  400  377  350  329
  305  285  270  254  238  220  209  171  170                                   
    15.0-180.0 180.0   5.0 450.0                            LAT/LON1/LON2/DLON/H
  208  237  236  219  186  151  132  107   99   83   82   74   73   72   73   76
   78   75   76   75   76   82   88  102  115  130  141  154  168  186  216  246
  278  311  347  376  398  417  432  444  462  478  494  515  534  553  570  589
  610  622  632  625  610  584  558  538  522  505  482  457  426  404  382  362
  346  328  311  290  272  256  243  211  208                                   
    12.5-180.0 180.0   5.0 450.0                            LAT/LON1/LON2/DLON/H
  251  261  266  259  225  192  160  134  117  101   91   80   75   71   72   72
   75   74   75   76   78   82   91  106  119  134  148  164  184  205  236  268
  296  334  363  392  411  434  447  464  479  499  515  536  546  565  575  590
  602  610  618  605  584  559  539  526  514  504  482  462  431  414  394  383
  367  357  342  323  301  290  274  246  251                                   
    10.0-180.0 180.0   5.0 450.0                            LAT/LON1/LON2/DLON/H
  274  281  288  289  262  228  191  161  136  114  104   86   81   72   75   71
   76   71   74   73   76   84   92  108  122  136  153  174  192  219  247  279
  302  332  364  388  411  431  457  472  496  514  534  555  566  572  571  580
  581  587  587  578  558  543  527  520  511  504  488  468  443  422  404  392
  381  372  363  348  327  314  297  278  274                                   
     7.5-180.0 180.0   5.0 450.0                            LAT/LON1/LON2/DLON/H
  309  296  292  298  275  249  214  182  152  130  117   99   91   82   82   81
   85   83   82   82   83   88   97  112  126  144  164  185  206  230  257  285
