data/unet/pred1760.15i
     1.0            IONOSPHERE MAPS     GNSS                IONEX VERSION / TYPE
pyspatialgeodesy        IME             05-JAN-18 20:20     PGM / RUN BY / DATE 
Map Name                                                    COMMENT             
Predicted global ionosphere maps (GIM).                     DESCRIPTION         
  2015     6    25     0     0     0                        EPOCH OF FIRST MAP  
  2015     6    26     0     0     0                        EPOCH OF LAST MAP   
  7200                                                      INTERVAL            
    13                                                      # OF MAPS IN FILE   
  NONE                                                      MAPPING FUNCTION    
10.0                                                        ELEVATION CUTOFF    
One-way carrier phase leveled to code                       OBSERVABLES USED    
  6371.0                                                    BASE RADIUS         
 2                                                          MAP DIMENSION       
   450.0 450.0   0.0                                        HGT1 / HGT2 / DHGT  
    87.5 -87.5  -2.5                                        LAT1 / LAT2 / DLAT  
  -180.0 180.0   5.0                                        LON1 / LON2 / DLON  
    -1                                                      EXPONENT            
                                                            END OF HEADER       
[from data line 1716]
     5                                                      START OF TEC MAP    
  2015     6    25     8     0     0                        EPOCH OF CURRENT MAP
    87.5-180.0 180.0   5.0 450.0                            LAT/LON1/LON2/DLON/H
  107  121  127  124  126  121  123  121  125  121  124  121  125  121  124  121
  125  121  124  120  124  120  123  119  123  119  122  119  122  119  122  119
  121  119  121  118  121  119  121  118  121  119  121  119  121  119  120  118
  120  117  119  116  118  115  117  114  116  114  115  114  116  114  116  114
  117  116  121  119  121  116  117  103  107                                   
    85.0-180.0 180.0   5.0 450.0                            LAT/LON1/LON2/DLON/H
  116  132  133  138  134  133  134  136  137  137  136  137  138  138  138  139
  140  140  139  140  140  140  140  140  140  140  140  140  140  140  139  139
  139  139  138  139  139  139  138  138  137  138  136  137  136  136  133  134
  132  132  129  130  128  129  126  127  126  127  124  126  125  126  124  125
  124  127  128  126  125  119  121  106  116                                   
    82.5-180.0 180.0   5.0 450.0                            LAT/LON1/LON2/DLON/H
  120  128  132  133  131  131  132  135  136  137  137  138  139  140  139  141
  141  142  141  143  142  142  141  142  141  141  140  139  139  138  138  138
  138  137  137  138  138  138  137  138  137  138  136  138  136  137  134  135
  132  133  131  133  130  132  128  130  127  129  125  127  125  126  123  123
  121  123  122  121  119  120  118  107  120                                   
    80.0-180.0 180.0   5.0 450.0                            LAT/LON1/LON2/DLON/H
  118  121  128  127  126  126  128  131  132  132  132  134  134  134  134  136
  137  137  136  138  137  137  136  136  135  134  133  133  132  133  132  133
  133  135  134  137  137  138  138  139  140  140  140  140  141  139  140  138
  139  137  138  137  139  137  138  136  137  135  135  133  133  130  129  126
  125  123  123  118  119  117  114  110  118                                   
    77.5-180.0 180.0   5.0 450.0                            LAT/LON1/LON2/DLON/H
  112  118  124  121  124  123  126  126  129  127  129  127  129  128  130  129
  131  129  131  130  131  128  128  125  126  122  122  119  121  118  122  120
  125  123  129  128  133  132  136  135  139  137  140  140  142  142  143  143
  143  143  144  145  145  145  146  145  145  143  144  141  141  137  136  131
  130  126  127  121  120  119  116  109  112                                   
    75.0-180.0 180.0   5.0 450.0                            LAT/LON1/LON2/DLON/H
  116  116  122  121  122  120  123  122  123  121  122  119  121  118  121  119
  122  120  122  120  122  119  119  115  115  111  110  108  108  108  110  113
  116  119  124  127  132  134  137  138  141  141  144  145  147  147  149  148
  149  148  151  150  153  151  154  151  153  150  153  148  149  144  144  137
  137  131  132  124  127  120  122  116  116                                   
    72.5-180.0 180.0   5.0 450.0                            LAT/LON1/LON2/DLON/H
  118  120  123  121  122  119  120  118  118  115  115  112  112  109  111  109
  111  110  112  111  112  109  110  106  105  100   99   97   97   98  101  105
  110  114  121  126  132  136  141  143  146  147  150  151  154  154  157  156
  158  157  159  158  159  158  160  158  158  157  158  156  155  152  152  146
  144  138  139  131  129  127  127  117  118                                   
    70.0-180.0 180.0   5.0 450.0                            LAT/LON1/LON2/DLON/H
  123  118  124  122  122  118  118  116  115  112  111  108  107  104  104  102
  104  103  106  105  106  105  104  101   98   95   92   91   91   93   97  102
  108  115  123  130  137  141  146  149  152  153  157  158  162  160  163  161
  163  160  162  159  161  158  161  157  160  157  161  158  160  156  157  152
  150  146  146  138  140  131  134  129  123                                   
    67.5-180.0 180.0   5.0 450.0                            LAT/LON1/LON2/DLON/H
  124  121  123  120  119  114  114  111  110  106  106  102  102   97   98   96
   97   96   99  100  101  100  100   96   94   90   89   87   88   91   95  102
  108  116  125  133  139  145  150  153  157  158  163  164  168  167  169  166
  166  163  163  159  158  154  156  153  155  154  157  156  158  157  158  154
  154  149  150  143  142  137  135  125  124                                   
    65.0-180.0 180.0   5.0 450.0                            LAT/LON1/LON2/DLON/H
  128  121  125  121  119  112  111  108  106  103  102   99   98   94   94   91
   93   92   95   95   97   96   96   94   92   89   88   87   89   92   97  103
  111  119  128  136  144  150  156  159  164  166  171  172  175  173  175  171
  169  164  162  155  154  148  150  146  149  148  153  153  157  157  160  157
  157  154  155  149  151  140  142  136  128                                   
    62.5-180.0 180.0   5.0 450.0                            LAT/LON1/LON2/DLON/H
  129  124  125  119  116  107  105  101  101   97   97   94   94   90   89   87
   88   87   90   91   92   91   92   89   89   87   87   89   91   96  101  108
  114  122  130  138  144  152  157  161  166  169  174  176  179  177  178  173
  171  162  160  151  148  140  142  137  142  140  148  149  154  154  158  156
  157  155  156  150  151  144  144  134  129                                   
    60.0-180.0 180.0   5.0 450.0                            LAT/LON1/LON2/DLON/H
  132  126  127  120  116  105  102   97   95   92   92   90   90   87   86   83
   84   82   85   84   86   85   86   84   85   86   88   92   96  101  106  112
  118  125  132  140  148  155  160  166  171  174  179  182  184  182  180  174
  169  161  154  146  141  135  135  133  136  137  143  146  151  153  156  156
  157  156  157  153  157  147  150  143  132                                   
    57.5-180.0 180.0   5.0 450.0                            LAT/LON1/LON2/DLON/H
  136  131  132  124  117  104  100   93   90   86   86   84   84   81   80   78
   78   76   77   77   77   76   76   76   78   81   86   93   98  106  111  116
  120  127  132  141  147  155  160  167  173  177  182  185  188  184  182  174
  170  158  154  144  140  133  134  131  136  136  144  147  152  153  157  156
  158  156  159  154  156  151  151  140  136                                   
    55.0-180.0 180.0   5.0 450.0                            LAT/LON1/LON2/DLON/H
  142  137  138  130  122  107  100   91   86   81   80   78   78   75   75   72
   71   69   69   67   67   66   66   67   70   76   83   92  100  108  114  119
  123  129  134  143  150  158  164  173  178  184  189  192  193  190  185  177
  171  162  154  149  142  139  138  138  140  143  147  151  154  156  158  157
  158  158  161  158  162  154  159  150  142                                   
    52.5-180.0 180.0   5.0 450.0                            LAT/LON1/LON2/DLON/H
  149  146  145  138  127  113  103   92   84   77   74   71   70   67   67   64
   64   62   61   59   58   57   56   59   63   72   78   90   98  108  114  121
  124  130  134  144  151  161  168  177  183  190  194  197  200  195  192  181
  177  165  162  154  152  147  148  146  150  150  154  155  159  159  161  160
  162  162  165  161  163  159  162  149  149                                   
    50.0-180.0 180.0   5.0 450.0                            LAT/LON1/LON2/DLON/H
  158  153  153  146  137  121  109   96   86   77   72   67   65   62   61   59
   59   58   57   54   53   50   51   53   59   67   76   86   96  107  114  121
  125  132  137  149  157  168  176  186  193  198  203  206  206  202  194  187
  180  173  168  165  161  160  156  157  156  159  159  163  163  165  166  165
  167  166  170  167  171  164  170  159  158                                   
    47.5-180.0 180.0   5.0 450.0                            LAT/LON1/LON2/DLON/H
  163  160  159  154  144  129  117  102   90   79   70   64   59   56   56   54
   55   53   53   50   48   47   47   51   56   66   74   85   92  103  110  119
  124  134  142  154  164  177  184  196  203  209  213  215  217  210  206  196
  192  183  182  176  176  170  170  166  167  165  167  168  170  171  173  172
  173  173  175  170  173  169  173  157  163                                   
    45.0-180.0 180.0   5.0 450.0                            LAT/LON1/LON2/DLON/H
  167  163  164  159  151  136  125  109   97   83   74   65   60   55   54   53
   53   52   51   48   47   45   48   52   59   66   76   83   92  101  109  120
  127  139  148  163  173  186  196  207  214  219  223  225  224  220  212  205
  198  195  191  188  186  183  179  177  173  174  171  174  174  177  180  180
  182  181  184  178  182  175  181  168  167                                   
    42.5-180.0 180.0   5.0 450.0                            LAT/LON1/LON2/DLON/H
  167  163  161  159  152  140  129  115  102   90   78   71   62   58   55   53
   54   52   51   49   47   48   50   57   62   70   77   84   91   99  108  120
  129  142  154  169  182  195  204  217  223  230  233  235  235  230  226  218
  216  210  209  205  204  197  194  186  183  179  180  179  182  184  188  189
  191  191  191  183  184  178  183  167  167                                   
    40.0-180.0 180.0   5.0 450.0                            LAT/LON1/LON2/DLON/H
  167  161  159  154  151  139  131  117  107   95   86   76   69   63   59   57
   54   53   52   50   50   50   55   61   69   75   82   87   95  102  112  124
  135  149  161  178  190  204  213  225  230  238  240  244  243  240  233  230
  225  224  220  220  216  211  204  198  192  190  187  189  188  193  196  199
  202  202  202  193  195  186  191  174  167                                   
    37.5-180.0 180.0   5.0 450.0                            LAT/LON1/LON2/DLON/H
  166  158  152  147  142  134  128  119  110  101   92   85   76   70   65   61
   60   57   56   54   54   56   62   69   75   81   86   91   98  105  118  130
  141  154  166  181  195  208  218  229  235  243  245  250  251  248  246  242
  242  240  239  239  236  230  223  216  212  206  207  205  208  209  216  215
  219  215  215  203  201  191  194  175  166                                   
    35.0-180.0 180.0   5.0 450.0                            LAT/LON1/LON2/DLON/H
  169  157  150  140  137  127  126  117  112  102   98   90   85   76   72   67
   64   61   59   57   58   61   67   74   81   85   92   96  104  112  125  137
  148  160  169  184  196  210  218  231  236  246  245  253  252  254  251  252
  252  254  252  255  250  248  239  236  231  231  228  228  226  229  231  233
  233  231  228  217  215  204  205  187  169                                   
    32.5-180.0 180.0   5.0 450.0                            LAT/LON1/LON2/DLON/H
  174  164  149  139  133  126  123  117  112  105  101   97   92   86   80   74
   71   66   65   62   64   67   74   79   86   91   96  100  110  119  133  144
  154  162  172  180  195  204  213  224  231  238  244  250  254  256  258  260
  265  268  270  273  272  270  264  261  261  259  261  257  256  254  257  253
  254  247  243  229  225  214  216  194  174                                   
    30.0-180.0 180.0   5.0 450.0                            LAT/LON1/LON2/DLON/H
  186  172  158  144  138  126  125  117  115  105  104   99   99   91   86   80
   76   71   68   67   69   73   80   85   92   94  100  104  115  124  138  149
  157  164  170  179  189  201  206  218  224  234  237  249  251  259  259  265
  270  278  280  289  289  291  286  288  287  288  287  284  279  278  275  271
  266  259  254  242  240  228  233  212  186                                   
    27.5-180.0 180.0   5.0 450.0                            LAT/LON1/LON2/DLON/H
  200  189  171  157  149  138  134  125  121  114  112  109  108  101   96   90
   85   78   76   74   78   80   87   92   97   99  103  108  118  127  142  151
  160  162  170  173  185  194  202  212  219  227  234  243  251  258  265  271
  278  287  295  306  312  316  317  317  321  320  324  316  312  306  304  292
  285  272  266  253  249  238  246  221  200                                   
    25.0-180.0 180.0   5.0 450.0                            LAT/LON1/LON2/DLON/H
  216  203  190  175  166  152  147  136  131  121  120  115  114  106  101   94
   89   83   80   81   83   88   95   99  104  103  106  108  118  128  141  151
  158  162  166  172  181  191  196  207  213  224  230  243  248  261  263  274
  281  293  303  319  331  339  344  347  353  351  354  340  332  329  322  310
  297  282  273  261  259  249  259  239  216                                   
    22.5-180.0 180.0   5.0 450.0                            LAT/LON1/LON2/DLON/H
  234  218  204  193  183  171  166  154  148  138  136  130  128  119  113  105
  100   93   91   88   93   95  103  105  109  106  106  106  115  121  135  142
  153  155  163  168  181  187  199  205  217  222  234  243  255  263  272  279
  290  301  316  334  354  364  376  380  388  383  387  367  360  349  343  325
  311  290  283  268  263  253  260  241  234                                   
    20.0-180.0 180.0   5.0 450.0                            LAT/LON1/LON2/DLON/H
  245  228  217  206  200  189  180  169  161  151  146  140  133  124  116  110
  103   98   95   95   98  103  108  111  111  108  104  103  106  113  124  136
  145  153  160  170  180  191  200  213  222  232  241  252  262  272  277  287
  296  310  326  348  370  387  399  410  416  411  409  385  376  364  355  338
  322  301  289  273  268  257  263  252  245                                   
    17.5-180.0 180.0   5.0 450.0                            LAT/LON1/LON2/DLON/H
  255  236  224  219  213  202  195  181  175  164  162  154  147  135  128  120
  115  107  106  102  107  109  115  114  114  107  102   95   97  103  113  126
  138  147  159  166  184  193  210  219  235  243  255  264  276  284  294  301
  310  324  340  361  387  403  419  427  435  430  427  404  396  384  372  354
  337  314  303  283  275  261  261  251  255                                   
    15.0-180.0 180.0   5.0 450.0                            LAT/LON1/LON2/DLON/H
  253  238  226  217  216  209  201  191  181  173  166  162  153  141  130  122
  117  110  106  105  107  112  113  115  109  104   96   90   88   95  105  121
  134  151  159  174  190  205  221  235  250  261  272  282  292  301  306  314
  323  337  354  378  397  417  425  440  443  440  436  414  409  399  388  369
  350  328  315  292  280  266  267  263  253                                   
    12.5-180.0 180.0   5.0 450.0                            LAT/LON1/LON2/DLON/H
  256  242  230  222  215  208  202  191  185  175  173  166  160  147  138  128
  124  115  112  107  111  110  113  109  107   97   89   82   79   85   94  112
  129  144  160  172  195  209  231  244  262  274  287  298  308  317  323  332
  338  356  370  390  408  423  435  444  451  443  440  425  420  412  403  386
  367  345  331  307  291  275  271  265  256                                   
    10.0-180.0 180.0   5.0 450.0                            LAT/LON1/LON2/DLON/H
  249  244  230  216  209  204  195  189  180  174  168  165  158  147  136  128
  120  113  108  105  104  105  103  103   97   93   83   80   74   80   89  112
  128  149  164  183  205  223  241  256  276  283  301  307  320  326  335  343
  355  369  387  404  419  432  438  451  455  449  448  430  430  422  416  401
  383  359  347  319  308  289  286  278  249                                   
     7.5-180.0 180.0   5.0 450.0                            LAT/LON1/LON2/DLON/H
  257  256  237  223  210  200  190  180  176  167  165  158  155  143  137  126
  121  113  109  102  103   99   97   93   88   83   76   72   67   72   84  105
