data/unet/pred3490.15i
     1.0            IONOSPHERE MAPS     GNSS                IONEX VERSION / TYPE
pyspatialgeodesy        IME             05-JAN-18 20:20     PGM / RUN BY / DATE 
Map Name                                                    COMMENT             
Predicted global ionosphere maps (GIM).                     DESCRIPTION         
  2015    12    15     0     0     0                        EPOCH OF FIRST MAP  
  2015    12    16     0     0     0                        EPOCH OF LAST MAP   
  7200                                                      INTERVAL            
    13                                                      # OF MAPS IN FILE   
  NONE                                                      MAPPING FUNCTION    
10.0                                                        ELEVATION CUTOFF    
One-way carrier phase leveled to code                       OBSERVABLES USED    
  6371.0                                                    BASE RADIUS         
 2                                                          MAP DIMENSION       
   450.0 450.0   0.0                                        HGT1 / HGT2 / DHGT  
    87.5 -87.5  -2.5                                        LAT1 / LAT2 / DLAT  
  -180.0 180.0   5.0                                        LON1 / LON2 / DLON  
    -1                                                      EXPONENT            
                                                            END OF HEADER       
[from data line 5148]
    13                                                      START OF TEC MAP    
  2015    12    16     0     0     0                        EPOCH OF CURRENT MAP
    87.5-180.0 180.0   5.0 450.0                            LAT/LON1/LON2/DLON/H
  103   76   67   63   64   61   64   62   66   63   66   63   66   63   66   63
   67   64   67   65   68   65   68   65   68   65   67   65   67   64   66   64
   66   64   65   63   65   63   65   62   64   62   64   61   63   61   63   61
   64   62   64   62   65   63   65   63   65   63   65   63   65   63   65   62
   65   63   66   65   71   68   79   88  103                                   
    85.0-180.0 180.0   5.0 450.0                            LAT/LON1/LON2/DLON/H
   84   47   44   41   40   39   41   41   43   42   45   44   46   45   48   45
   49   46   50   47   50   47   51   47   50   46   49   45   48   44   47   44
   46   43   47   43   46   43   46   42   46   42   46   42   46   43   46   44
   47   45   48   46   49   47   49   47   49   47   48   46   47   45   45   43
   44   43   45   43   50   41   46   79   84                                   
    82.5-180.0 180.0   5.0 450.0                            LAT/LON1/LON2/DLON/H
   75   48   47   48   48   45   49   46   50   47   51   48   52   49   52   50
   53   51   53   52   53   50   51   49   49   47   47   45   45   43   45   43
   44   42   44   43   44   42   45   42   45   42   45   43   46   43   47   45
   50   47   51   49   53   50   54   50   54   50   54   49   53   48   52   47
   52   48   53   50   56   47   54   80   75                                   
    80.0-180.0 180.0   5.0 450.0                            LAT/LON1/LON2/DLON/H
   78   61   60   62   58   57   58   58   59   58   59   59   61   60   62   61
   63   62   63   63   62   61   60   58   56   54   53   51   51   49   50   49
   49   49   50   50   51   51   51   51   51   51   52   52   53   54   55   56
   57   57   59   59   60   59   60   58   59   57   58   56   57   55   57   56
   58   58   60   60   63   56   61   84   78                                   
    77.5-180.0 180.0   5.0 450.0                            LAT/LON1/LON2/DLON/H
   88   69   69   69   65   63   63   62   63   62   64   64   66   66   68   68
   69   69   70   70   70   68   67   65   63   60   59   57   56   55   55   56
   56   56   57   58   58   58   58   58   57   56   57   56   57   56   58   58
   59   59   61   60   61   60   60   58   58   56   55   53   53   52   53   54
   56   57   61   62   65   61   66   85   88                                   
    75.0-180.0 180.0   5.0 450.0                            LAT/LON1/LON2/DLON/H
   92   81   80   80   74   72   71   71   70   70   71   72   73   73   74   74
   73   74   75   76   75   75   74   73   70   68   66   65   63   63   63   64
   64   66   66   67   67   68   66   66   64   63   61   61   59   60   59   60
   60   61   61   61   61   60   58   57   55   53   51   50   48   48   49   51
   54   58   62   66   69   68   73   93   92                                   
    72.5-180.0 180.0   5.0 450.0                            LAT/LON1/LON2/DLON/H
  106   95   95   93   87   85   83   81   81   81   81   81   80   79   78   76
   74   73   73   74   74   74   74   73   71   69   67   66   65   65   65   67
   67   69   70   71   71   71   70   68   65   63   61   59   58   56   57   56
   57   56   58   56   57   54   54   51   50   46   45   43   42   42   44   47
   52   56   65   70   76   77   84   99  106                                   
    70.0-180.0 180.0   5.0 450.0                            LAT/LON1/LON2/DLON/H
  113  109  111  109  102   99   97   95   94   92   92   90   88   84   81   75
   72   69   69   69   70   71   71   71   70   69   67   66   64   65   65   66
   67   69   70   71   71   71   69   67   64   61   59   56   54   52   52   51
   52   51   52   51   51   49   47   45   44   41   40   39   39   39   43   47
   53   60   69   77   84   87   96  109  113                                   
    67.5-180.0 180.0   5.0 450.0                            LAT/LON1/LON2/DLON/H
  128  125  128  125  118  115  112  110  108  107  105  102   98   91   84   76
   70   65   63   62   63   64   66   66   66   65   64   63   60   61   60   61
   62   64   65   66   66   65   63   61   58   55   53   49   49   46   47   45
   46   45   46   44   45   43   43   40   40   38   39   38   40   41   47   50
   58   65   76   84   93   97  107  119  128                                   
    65.0-180.0 180.0   5.0 450.0                            LAT/LON1/LON2/DLON/H
  133  136  140  138  130  128  124  123  121  120  118  114  108   98   88   77
   68   61   58   55   57   58   60   60   61   60   59   57   56   55   55   54
   56   56   57   56   57   55   54   52   50   47   46   43   43   41   41   39
   40   39   39   38   38   37   37   36   37   37   39   41   45   49   54   60
   67   75   84   93  101  107  118  128  133                                   
    62.5-180.0 180.0   5.0 450.0                            LAT/LON1/LON2/DLON/H
  144  145  150  147  140  137  134  133  131  131  129  125  117  106   93   80
   68   60   55   52   52   52   54   54   54   53   52   51   49   47   47   46
   46   45   46   45   46   44   44   42   41   38   39   37   38   36   36   34
   36   34   34   33   34   33   34   33   37   38   44   47   55   58   66   71
   79   85   95  102  109  114  124  135  144                                   
    60.0-180.0 180.0   5.0 450.0                            LAT/LON1/LON2/DLON/H
  145  151  156  156  148  145  141  140  139  139  136  132  124  112   98   83
   71   60   55   50   50   48   48   47   47   46   46   44   44   42   41   39
   39   37   37   36   37   36   36   35   36   34   35   34   35   33   34   32
   32   30   30   28   29   29   31   32   38   42   50   56   65   72   79   86
   93  100  108  114  119  123  133  141  145                                   
    57.5-180.0 180.0   5.0 450.0                            LAT/LON1/LON2/DLON/H
  155  159  164  163  155  151  147  146  144  144  141  138  130  119  105   91
   77   67   60   55   52   49   46   43   42   40   40   39   39   38   37   35
   34   32   32   31   32   31   32   32   33   33   35   35   36   36   35   33
   32   29   29   27   29   29   32   34   42   48   58   66   77   84   94  100
  109  115  123  128  132  134  141  148  155                                   
    55.0-180.0 180.0   5.0 450.0                            LAT/LON1/LON2/DLON/H
  162  169  176  175  164  159  154  152  148  148  144  142  134  125  112   99
   87   76   68   61   56   50   45   40   38   36   37   37   39   39   38   36
   35   33   33   33   34   34   35   35   37   37   40   40   42   41   40   36
   34   32   31   29   31   31   35   38   47   55   66   75   87   96  107  115
  125  132  141  145  148  149  156  160  162                                   
    52.5-180.0 180.0   5.0 450.0                            LAT/LON1/LON2/DLON/H
  181  186  192  189  178  171  163  159  155  153  148  145  138  131  121  111
   98   89   78   70   62   55   47   41   38   37   38   40   42   43   42   40
   39   38   39   39   40   41   42   42   44   45   47   48   49   48   46   42
   40   37   36   35   37   38   41   45   54   61   73   83   96  106  118  127
  139  148  158  163  167  168  171  175  181                                   
    50.0-180.0 180.0   5.0 450.0                            LAT/LON1/LON2/DLON/H
  198  205  211  206  194  186  177  171  164  160  153  148  141  135  127  118
  108   97   87   77   68   58   50   43   40   41   43   46   49   50   49   47
   46   46   47   48   50   51   52   52   53   54   57   58   59   57   54   51
   49   47   46   46   48   48   52   55   64   70   82   91  105  115  128  138
  153  164  175  182  187  188  191  192  198                                   
    47.5-180.0 180.0   5.0 450.0                            LAT/LON1/LON2/DLON/H
  223  224  227  223  211  205  196  188  178  170  160  154  146  141  133  127
  116  106   94   84   74   65   57   51   49   50   52   55   58   58   56   54
   53   54   55   57   60   61   61   61   62   63   65   67   68   67   64   61
   59   58   58   58   60   61   64   66   74   80   90   99  112  122  135  147
  162  176  189  199  207  207  206  208  223                                   
    45.0-180.0 180.0   5.0 450.0                            LAT/LON1/LON2/DLON/H
  236  238  242  237  227  220  211  203  193  183  169  161  152  147  140  132
  122  110   99   88   80   72   65   61   59   60   62   64   65   64   61   59
   58   59   62   65   68   69   69   68   70   71   74   75   77   76   75   72
   72   72   73   73   75   74   76   77   84   89   99  106  119  129  142  154
  171  185  201  213  223  224  221  222  236                                   
    42.5-180.0 180.0   5.0 450.0                            LAT/LON1/LON2/DLON/H
  243  241  244  241  234  230  224  216  206  195  180  170  161  156  147  139
  127  115  103   95   88   83   78   75   73   72   73   72   70   67   64   61
   61   62   66   69   72   73   73   73   73   76   79   83   85   85   84   82
   84   83   85   84   86   84   85   86   93   98  107  115  126  136  149  161
  176  191  207  220  232  232  227  230  243                                   
    40.0-180.0 180.0   5.0 450.0                            LAT/LON1/LON2/DLON/H
  236  238  240  238  235  234  230  225  216  205  191  180  170  164  155  145
  132  119  108  101   98   95   93   90   85   83   79   76   72   68   64   61
   62   63   67   71   75   76   76   75   77   80   85   89   92   93   93   92
   94   94   95   94   96   94   95   96  103  109  118  126  138  148  160  171
  185  199  214  226  235  234  230  231  236                                   
    37.5-180.0 180.0   5.0 450.0                            LAT/LON1/LON2/DLON/H
  228  228  229  229  228  231  230  228  222  212  199  190  180  174  164  154
  139  127  117  113  112  112  109  103   96   90   83   77   73   68   65   63
   64   65   69   72   76   77   77   77   79   85   90   95   99  100  100  100
  101  100  101  100  101   99  101  103  111  119  129  139  153  163  175  185
  196  208  220  228  236  233  226  230  228                                   
    35.0-180.0 180.0   5.0 450.0                            LAT/LON1/LON2/DLON/H
  218  223  224  226  226  230  230  230  224  217  205  197  190  183  173  161
  146  134  127  125  126  125  120  111  100   90   82   76   72   70   68   68
   69   70   73   76   79   79   80   80   84   90   97  102  106  106  105  104
  104  102  102  100  101  100  103  106  116  125  138  150  166  177  191  201
  213  222  231  235  240  234  231  235  218                                   
    32.5-180.0 180.0   5.0 450.0                            LAT/LON1/LON2/DLON/H
  224  227  229  230  229  233  233  233  228  221  209  204  196  192  181  170
  155  145  138  137  136  133  125  112   99   88   81   77   77   77   79   80
   80   81   81   83   83   84   83   85   89   96  103  108  110  109  107  104
  102   99   98   95   96   95   99  105  117  129  146  161  179  193  207  222
  234  242  245  248  249  245  241  249  224                                   
    30.0-180.0 180.0   5.0 450.0                            LAT/LON1/LON2/DLON/H
  242  246  249  249  248  251  247  246  238  229  216  209  203  198  188  176
  162  152  147  143  141  133  122  107   94   85   82   83   89   93   99  100
  101   99   97   96   94   94   93   95  100  106  113  116  117  114  111  105
  102   96   93   91   90   91   96  104  119  134  155  172  194  209  228  244
  258  266  269  268  271  265  272  279  242                                   
    27.5-180.0 180.0   5.0 450.0                            LAT/LON1/LON2/DLON/H
  280  282  290  288  283  282  277  271  258  244  229  218  209  203  192  182
  169  160  152  146  137  126  112   98   89   87   91  100  111  122  128  131
  129  126  120  116  110  109  107  108  112  116  121  122  121  116  111  103
   97   90   86   82   82   84   91  101  118  137  160  180  203  222  245  265
  281  291  293  295  297  297  308  318  280                                   
    25.0-180.0 180.0   5.0 450.0                            LAT/LON1/LON2/DLON/H
  326  337  346  340  332  328  319  308  289  271  248  232  219  208  196  185
  172  162  152  141  128  113  101   91   91   97  110  126  145  158  167  167
  164  156  147  138  130  126  123  123  125  127  130  128  126  119  112  102
   93   85   79   75   74   79   87  101  119  139  163  184  207  229  255  280
  300  317  321  328  334  341  366  372  326                                   
    22.5-180.0 180.0   5.0 450.0                            LAT/LON1/LON2/DLON/H
  381  399  415  411  401  393  377  359  336  309  279  256  235  218  201  189
  175  164  149  134  116  101   92   92  100  118  139  164  187  205  212  211
  200  189  174  162  150  144  139  137  136  136  136  133  128  121  113  103
   93   82   72   68   69   76   88  105  124  145  168  189  213  237  265  292
  319  340  350  364  374  389  421  424  381                                   
    20.0-180.0 180.0   5.0 450.0                            LAT/LON1/LON2/DLON/H
  441  469  482  485  483  475  452  427  392  360  322  290  260  234  212  196
  181  164  147  126  109   97   97  106  126  151  181  211  237  254  256  247
  231  214  196  180  166  158  152  148  146  144  141  136  130  122  115  104
   94   80   69   65   68   78   93  111  130  150  173  194  218  244  272  306
  338  366  382  400  420  442  482  478  441                                   
    17.5-180.0 180.0   5.0 450.0                            LAT/LON1/LON2/DLON/H
  496  523  539  549  557  556  537  509  466  424  376  336  297  263  232  212
  192  174  150  130  112  108  116  138  164  200  232  262  282  289  282  266
  243  223  205  191  177  169  161  157  152  148  143  138  131  123  118  107
   94   81   70   68   71   83  100  118  138  160  182  204  229  254  284  320
  357  389  411  434  460  485  520  516  496                                   
    15.0-180.0 180.0   5.0 450.0                            LAT/LON1/LON2/DLON/H
  544  575  581  597  612  621  609  586  542  493  433  389  342  298  262  234
  213  191  168  146  135  138  156  185  220  257  286  306  314  308  291  270
  244  224  207  194  182  173  166  159  155  148  143  136  133  125  120  110
   98   86   77   74   79   90  107  124  146  168  191  213  239  264  295  333
  373  407  432  461  493  517  549  541  544                                   
    12.5-180.0 180.0   5.0 450.0                            LAT/LON1/LON2/DLON/H
  574  596  604  623  646  661  662  647  609  561  498  446  392  345  301  271
  243  222  197  182  174  188  211  247  281  310  327  328  319  303  279  255
  230  215  202  195  184  179  170  165  157  150  142  136  133  127  121  111
  100   90   81   80   83   95  109  129  152  175  201  224  251  276  309  346
  386  419  447  478  509  531  554  546  574                                   
    10.0-180.0 180.0   5.0 450.0                            LAT/LON1/LON2/DLON/H
  582  610  611  631  658  678  689  682  655  614  556  500  444  396  350  316
  288  265  243  229  229  248  280  313  338  347  343  327  306  282  257  236
  219  209  201  198  191  184  177  170  162  152  144  136  133  127  120  112
  104   96   91   91   96  106  121  139  161  184  211  235  263  289  322  357
  393  425  451  479  508  529  548  540  582                                   
     7.5-180.0 180.0   5.0 450.0                            LAT/LON1/LON2/DLON/H
  567  586  589  612  644  671  688  693  678  648  599  550  494  450  405  372
  341  320  300  292  297  322  348  367  369  353  327  297  270  246  229  217
