data/unet/pred2550.15i
     1.0            IONOSPHERE MAPS     GNSS                IONEX VERSION / TYPE
pyspatialgeodesy        IME             05-JAN-18 20:20     PGM / RUN BY / DATE 
Map Name                                                    COMMENT             
Predicted global ionosphere maps (GIM).                     DESCRIPTION         
  2015     9    12     0     0     0                        EPOCH OF FIRST MAP  
  2015     9    13     0     0     0                        EPOCH OF LAST MAP   
  7200                                                      INTERVAL            
    13                                                      # OF MAPS IN FILE   
  NONE                                                      MAPPING FUNCTION    
10.0                                                        ELEVATION CUTOFF    
One-way carrier phase leveled to code                       OBSERVABLES USED    
  6371.0                                                    BASE RADIUS         
 2                                                          MAP DIMENSION       
   450.0 450.0   0.0                                        HGT1 / HGT2 / DHGT  
    87.5 -87.5  -2.5                                        LAT1 / LAT2 / DLAT  
  -180.0 180.0   5.0                                        LON1 / LON2 / DLON  
    -1                                                      EXPONENT            
                                                            END OF HEADER       
[from data line 3003]
     8                                                      START OF TEC MAP    
  2015     9    12    14     0     0                        EPOCH OF CURRENT MAP
    87.5-180.0 180.0   5.0 450.0                            LAT/LON1/LON2/DLON/H
   76   93   97   98   97   98   98   99  100  100  101  102  102  103  103  104
  104  105  104  105  105  105  104  105  104  104  103  103  102  103  102  103
  101  102  100  101   99  101   99  100   99  100   99  100   99   99   98   99
   98   99   98   99   98   99   98   99   98   99   98   99   97   98   97   98
   96   97   96   97   95   96  104   97   76                                   
    85.0-180.0 180.0   5.0 450.0                            LAT/LON1/LON2/DLON/H
   82   93   89   85   87   87   89   89   91   91   93   92   95   94   97   95
   99   96   99   97  100   98  100   98   99   98   98   97   98   97   97   96
   96   95   95   94   95   94   94   93   94   93   93   92   93   91   92   90
   92   90   91   89   91   89   90   88   90   88   89   87   89   87   88   86
   88   86   88   86   89   88   92   90   82                                   
    82.5-180.0 180.0   5.0 450.0                            LAT/LON1/LON2/DLON/H
   81   80   75   72   75   73   76   75   79   78   81   81   85   84   88   87
   91   89   93   92   95   94   96   96   97   96   97   96   96   96   95   94
   93   93   91   92   90   91   89   90   89   89   88   89   87   88   87   87
   86   86   86   86   85   85   84   84   83   83   82   82   81   80   79   79
   78   77   76   75   74   71   74   71   81                                   
    80.0-180.0 180.0   5.0 450.0                            LAT/LON1/LON2/DLON/H
   71   70   65   66   67   69   68   71   70   73   73   76   76   78   79   82
   83   85   86   88   89   91   91   94   92   94   92   95   92   94   90   93
   89   91   88   90   88   90   88   90   88   90   87   89   86   88   85   87
   84   85   83   84   82   83   82   82   80   81   78   80   77   78   75   75
   72   72   70   69   68   68   66   66   71                                   
    77.5-180.0 180.0   5.0 450.0                            LAT/LON1/LON2/DLON/H
   59   62   58   55   59   60   61   63   64   64   67   67   69   69   72   73
   75   76   80   82   85   88   91   93   94   94   95   96   94   94   91   91
   88   89   86   89   85   89   86   89   86   88   86   87   84   85   83   83
   82   82   81   82   81   81   80   80   78   78   75   75   72   71   69   68
   66   64   64   62   60   57   59   55   59                                   
    75.0-180.0 180.0   5.0 450.0                            LAT/LON1/LON2/DLON/H
   57   55   54   53   56   57   59   59   61   61   64   62   65   63   66   66
   70   71   75   77   82   84   89   91   93   94   96   95   94   92   91   89
   87   86   84   85   85   87   87   88   88   88   88   86   85   84   83   81
   80   80   80   80   80   80   79   78   76   75   74   72   71   68   67   64
   63   61   60   57   57   54   59   54   57                                   
    72.5-180.0 180.0   5.0 450.0                            LAT/LON1/LON2/DLON/H
   53   56   53   52   54   56   57   59   60   60   61   63   63   63   63   65
   66   68   70   74   78   83   87   91   94   96   98   98   97   96   93   91
   87   87   85   86   85   89   88   91   88   91   86   87   82   83   78   79
   77   78   77   79   77   79   76   77   73   73   70   70   67   66   64   63
   60   59   57   57   55   52   57   50   53                                   
    70.0-180.0 180.0   5.0 450.0                            LAT/LON1/LON2/DLON/H
   54   53   51   52   55   56   58   58   60   58   61   60   62   60   62   62
   64   64   67   70   75   79   85   89   93   96   99   99   99   97   94   92
   88   87   85   87   86   89   90   93   92   91   88   86   81   79   76   76
   74   76   75   76   75   76   74   73   71   70   68   67   66   64   63   61
   59   57   56   54   53   51   56   51   54                                   
    67.5-180.0 180.0   5.0 450.0                            LAT/LON1/LON2/DLON/H
   52   54   52   51   53   54   57   58   59   60   61   64   64   65   64   64
   64   64   66   70   74   79   84   90   95   99  103  104  104  102   99   96
   93   91   89   91   90   94   94   97   93   93   86   85   77   76   71   72
   69   72   70   73   70   71   68   68   65   64   63   62   61   60   59   58
   56   55   54   54   52   50   54   49   52                                   
    65.0-180.0 180.0   5.0 450.0                            LAT/LON1/LON2/DLON/H
   52   49   47   49   50   51   54   54   57   56   60   61   64   63   65   64
   64   64   66   68   72   76   82   87   95   99  103  105  105  103  101   97
   94   91   90   90   90   93   94   95   93   91   85   80   75   71   69   67
   67   68   68   68   68   67   65   62   61   59   58   58   58   57   56   55
   53   53   51   51   50   49   52   47   52                                   
    62.5-180.0 180.0   5.0 450.0                            LAT/LON1/LON2/DLON/H
   47   48   44   46   46   47   48   51   52   55   57   63   64   67   67   68
   66   67   66   69   71   75   81   87   94   98  104  106  107  106  104  102
   98   95   93   93   93   95   95   96   93   91   84   79   73   70   67   67
   65   66   66   68   65   64   60   59   56   55   54   55   53   54   52   52
   49   50   48   49   47   45   48   43   47                                   
    60.0-180.0 180.0   5.0 450.0                            LAT/LON1/LON2/DLON/H
   46   41   38   40   40   41   43   43   45   46   51   55   61   62   67   66
   68   66   67   68   71   73   80   84   91   97  101  105  106  106  105  102
  100   96   94   93   92   93   93   93   91   88   83   78   75   71   70   68
   69   68   69   67   67   62   59   56   54   52   52   52   53   52   51   49
   47   47   45   45   45   44   45   36   46                                   
    57.5-180.0 180.0   5.0 450.0                            LAT/LON1/LON2/DLON/H
   42   39   35   36   35   35   35   37   37   41   44   52   56   62   65   69
   68   69   68   70   72   75   80   85   91   95  100  104  107  107  107  107
  105  102   99   97   95   95   94   95   92   90   85   83   79   77   75   75
   74   74   73   72   69   65   61   58   54   54   53   54   52   52   49   48
   44   45   42   44   42   41   42   32   42                                   
    55.0-180.0 180.0   5.0 450.0                            LAT/LON1/LON2/DLON/H
   42   35   31   33   32   31   30   30   31   33   38   43   51   55   62   64
   67   67   68   70   71   75   78   84   88   93   97  102  104  108  109  109
  107  105  101   97   95   94   94   93   93   91   90   88   88   86   86   85
   85   83   82   77   75   69   66   60   59   57   57   55   55   52   50   46
   44   43   42   42   42   41   42   30   42                                   
    52.5-180.0 180.0   5.0 450.0                            LAT/LON1/LON2/DLON/H
   40   38   32   33   31   29   28   28   27   30   33   41   46   54   59   65
   66   69   70   74   75   79   81   87   90   93   98  102  106  109  113  113
  114  110  106  102   99   97   97   97   96   98   97   99  100  101  100  100
   99   97   93   89   83   78   73   69   66   65   62   62   58   55   51   48
   44   43   42   43   42   41   43   29   40                                   
    50.0-180.0 180.0   5.0 450.0                            LAT/LON1/LON2/DLON/H
   44   40   35   36   34   31   30   27   27   27   32   37   43   47   55   59
   65   67   71   77   78   83   85   90   93   97  100  104  108  112  115  115
  115  111  108  103  102   98  100   99  102  103  106  109  114  113  115  113
  112  108  104   98   94   86   81   76   75   72   71   68   66   60   57   51
   48   46   46   46   47   45   47   34   44                                   
    47.5-180.0 180.0   5.0 450.0                            LAT/LON1/LON2/DLON/H
   46   48   44   41   39   35   32   29   29   29   32   37   42   48   54   62
   65   72   76   84   87   93   93   99  103  105  108  111  114  116  118  118
  118  116  112  109  107  105  106  106  108  112  114  120  124  128  127  127
  123  121  114  111  103   97   91   88   83   82   78   78   71   68   61   57
   53   51   50   51   50   49   51   39   46                                   
    45.0-180.0 180.0   5.0 450.0                            LAT/LON1/LON2/DLON/H
   53   52   46   49   47   43   39   34   34   34   36   39   44   47   55   61
   68   76   81   91   93  100  102  108  112  117  118  120  120  121  119  118
  116  114  112  110  110  109  112  112  117  118  124  127  134  134  136  133
  131  127  122  117  111  105  100   96   94   92   88   84   79   73   70   64
   61   58   57   55   56   53   56   48   53                                   
    42.5-180.0 180.0   5.0 450.0                            LAT/LON1/LON2/DLON/H
   55   58   54   53   51   48   45   41   40   40   41   45   48   53   58   68
   74   84   90  102  104  111  113  122  125  129  131  133  131  127  123  120
  117  116  115  115  118  118  122  123  125  127  130  134  138  141  139  139
  136  134  128  125  117  113  105  104  100   99   94   91   84   81   76   73
   69   67   65   63   60   57   59   52   55                                   
    40.0-180.0 180.0   5.0 450.0                            LAT/LON1/LON2/DLON/H
   61   58   53   55   56   53   51   45   45   45   48   50   54   57   64   72
   81   91   98  109  113  118  122  131  136  142  143  145  140  135  126  122
  119  119  120  122  127  129  134  134  138  136  141  141  147  145  147  144
  142  139  136  131  125  119  114  111  108  107  103  100   95   90   86   82
   81   78   76   69   67   60   62   57   61                                   
    37.5-180.0 180.0   5.0 450.0                            LAT/LON1/LON2/DLON/H
   63   61   55   54   54   53   51   49   48   50   52   56   59   64   71   81
   89  103  108  121  121  130  131  141  146  153  156  159  152  146  135  132
  128  129  132  137  143  148  153  154  154  153  154  155  157  159  158  156
  154  151  146  140  133  125  118  115  112  111  108  107  102  100   96   94
   90   89   83   78   70   64   64   59   63                                   
    35.0-180.0 180.0   5.0 450.0                            LAT/LON1/LON2/DLON/H
   67   57   50   50   52   50   49   47   49   51   55   59   65   69   78   86
   98  109  116  123  126  130  134  141  150  157  164  165  163  155  148  143
  142  145  149  156  163  171  177  177  177  174  174  172  175  173  175  171
  170  164  160  150  142  132  125  121  118  117  114  113  110  109  106  104
  101   97   94   85   79   68   67   62   67                                   
    32.5-180.0 180.0   5.0 450.0                            LAT/LON1/LON2/DLON/H
   67   60   50   51   46   47   45   46   46   51   54   62   68   75   84   95
  103  115  120  128  129  135  138  147  155  162  169  175  174  171  166  163
  165  168  176  183  196  204  212  211  209  204  203  199  203  200  201  196
  195  188  183  169  159  145  136  129  125  121  117  117  113  114  112  111
  107  105   98   92   82   72   70   63   67                                   
    30.0-180.0 180.0   5.0 450.0                            LAT/LON1/LON2/DLON/H
   74   59   52   49   48   46   44   45   46   51   56   63   72   77   89   97
  107  116  122  127  130  134  138  143  151  159  168  176  184  183  188  189
  199  206  218  228  241  251  258  261  253  252  242  243  240  239  237  234
  230  222  213  196  181  163  152  143  137  133  127  124  120  120  117  116
  113  110  105   98   91   79   75   68   74                                   
    27.5-180.0 180.0   5.0 450.0                            LAT/LON1/LON2/DLON/H
   77   67   56   54   48   47   44   45   45   49   53   61   71   79   91  100
  108  115  121  126  129  134  137  143  148  156  167  178  191  201  213  221
  239  247  266  272  287  289  300  304  303  300  293  290  287  284  280  276
  270  262  248  229  208  183  170  154  150  139  134  127  125  123  122  121
  119  117  111  106   97   85   81   74   77                                   
    25.0-180.0 180.0   5.0 450.0                            LAT/LON1/LON2/DLON/H
   87   72   63   59   55   52   49   48   47   49   53   60   72   79   92   98
  107  111  118  122  128  132  135  138  144  150  164  176  200  213  238  250
  277  287  305  308  316  319  325  339  337  346  335  341  332  334  323  321
  309  304  286  267  237  210  185  173  162  154  144  136  131  129  127  127
  125  125  120  113  107   97   90   85   87                                   
    22.5-180.0 180.0   5.0 450.0                            LAT/LON1/LON2/DLON/H
   93   86   74   69   63   61   59   56   54   55   56   62   73   80   92   98
  107  109  115  121  127  133  136  141  145  151  166  181  208  234  262  284
  311  323  339  336  342  342  350  362  367  375  371  374  367  365  356  353
  345  340  322  302  271  241  215  194  182  166  155  141  134  129  130  129
  130  127  125  122  115  104  101   93   93                                   
    20.0-180.0 180.0   5.0 450.0                            LAT/LON1/LON2/DLON/H
  108   98   86   82   75   72   69   62   60   53   56   58   71   77   93   99
  108  111  118  124  133  139  144  145  152  157  173  187  221  245  282  302
  334  339  352  349  352  358  364  381  384  397  390  398  389  391  380  379
  371  365  343  323  287  262  232  220  205  190  171  156  143  135  132  132
  132  132  130  127  121  113  107  102  108                                   
    17.5-180.0 180.0   5.0 450.0                            LAT/LON1/LON2/DLON/H
  114  108   98   94   89   82   79   71   68   64   64   69   76   84   98  104
  114  116  123  131  140  148  153  156  161  168  183  207  237  274  307  333
  358  366  375  374  377  383  389  401  409  415  416  418  413  412  405  401
  393  381  361  339  309  282  255  241  226  209  188  167  154  142  138  134
  137  134  135  129  125  115  116  109  114                                   
    15.0-180.0 180.0   5.0 450.0                            LAT/LON1/LON2/DLON/H
  122  116  103  101   97   95   87   78   73   64   66   63   75   82  101  104
  117  119  129  137  148  156  163  167  178  183  203  222  261  291  326  345
  366  368  378  378  384  390  396  407  413  424  421  429  420  423  414  410
  396  384  363  345  316  295  272  261  244  225  203  183  166  155  145  141
  141  140  140  137  128  122  120  109  122                                   
    12.5-180.0 180.0   5.0 450.0                            LAT/LON1/LON2/DLON/H
  118  120  109  106  102   96   94   81   78   70   70   74   80   92  105  117
  125  132  140  149  158  166  173  183  193  206  224  251  285  317  345  364
  379  387  391  396  396  401  402  416  420  433  432  438  429  431  421  414
  397  383  365  346  325  304  285  277  259  238  213  192  178  164  157  149
  151  147  150  143  138  125  126  110  118                                   
    10.0-180.0 180.0   5.0 450.0                            LAT/LON1/LON2/DLON/H
  128  123  110  108  104  102   94   85   78   71   70   69   78   89  109  120
  134  141  151  153  167  173  184  193  207  221  246  272  309  335  360  373
  386  390  395  392  397  396  401  408  416  427  427  432  421  422  411  402
  388  374  357  340  321  306  290  285  269  250  221  201  183  171  160  155
  155  154  156  151  140  133  130  106  128                                   
     7.5-180.0 180.0   5.0 450.0                            LAT/LON1/LON2/DLON/H
  125  125  113  107  101   93   92   82   76   69   69   74   82  101  116  137
  144  158  162  170  178  188  194  208  221  244  269  298  330  352  375  388
