data/unet/pred2370.15i
     1.0            IONOSPHERE MAPS     GNSS                IONEX VERSION / TYPE
pyspatialgeodesy        IME             05-JAN-18 20:20     PGM / RUN BY / DATE 
Map Name                                                    COMMENT             
Predicted global ionosphere maps (GIM).                     DESCRIPTION         
  2015     8    25     0     0     0                        EPOCH OF FIRST MAP  
  2015     8    26     0     0     0                        EPOCH OF LAST MAP   
  7200                                                      INTERVAL            
    13                                                      # OF MAPS IN FILE   
  NONE                                                      MAPPING FUNCTION    
10.0                                                        ELEVATION CUTOFF    
One-way carrier phase leveled to code                       OBSERVABLES USED    
  6371.0                                                    BASE RADIUS         
 2                                                          MAP DIMENSION       
   450.0 450.0   0.0                                        HGT1 / HGT2 / DHGT  
    87.5 -87.5  -2.5                                        LAT1 / LAT2 / DLAT  
  -180.0 180.0   5.0                                        LON1 / LON2 / DLON  
    -1                                                      EXPONENT            
                                                            END OF HEADER       
[from data line 1287]
     4                                                      START OF TEC MAP    
  2015     8    25     6     0     0                        EPOCH OF CURRENT MAP
    87.5-180.0 180.0   5.0 450.0                            LAT/LON1/LON2/DLON/H
  102  130  131  128  130  126  129  126  131  127  131  128  131  129  131  130
  131  130  130  129  130  128  129  127  128  126  127  125  126  125  125  124
  125  124  125  124  124  124  124  124  124  124  125  125  125  126  126  126
  126  127  127  127  128  127  128  126  129  126  128  125  128  125  127  124
  127  124  127  125  129  124  139  106  102                                   
    85.0-180.0 180.0   5.0 450.0                            LAT/LON1/LON2/DLON/H
  116  126  118  123  122  120  122  122  123  123  123  123  124  124  124  123
  123  123  122  121  120  119  118  117  116  115  113  113  111  111  111  111
  110  110  111  111  111  111  112  113  113  114  115  116  117  118  118  119
  120  120  121  121  122  121  122  121  122  121  121  120  121  120  120  120
  120  120  120  120  118  112  126  125  116                                   
    82.5-180.0 180.0   5.0 450.0                            LAT/LON1/LON2/DLON/H
  109  113  113  117  118  118  120  121  123  123  124  124  125  125  125  124
  124  122  122  120  119  116  115  112  111  108  108  105  105  103  104  103
  104  104  105  105  106  107  107  109  109  111  112  114  115  116  118  119
  121  121  123  122  124  123  124  122  123  120  121  119  121  118  118  115
  117  114  116  115  115  110  119  110  109                                   
    80.0-180.0 180.0   5.0 450.0                            LAT/LON1/LON2/DLON/H
  109  109  106  105  105  104  107  107  110  109  112  112  114  114  115  114
  114  113  112  110  107  104  102   99   96   94   91   90   87   87   86   87
   87   89   90   92   94   96   98   99  101  103  106  108  110  112  116  117
  121  121  125  124  128  126  128  126  127  124  124  121  120  117  116  113
  111  110  109  109  108  102  106  106  109                                   
    77.5-180.0 180.0   5.0 450.0                            LAT/LON1/LON2/DLON/H
  104  101   97   97   97   98   98  101  101  103  103  106  106  108  107  109
  107  108  104  104   98   98   91   90   83   83   77   77   73   75   72   75
   74   78   79   83   84   88   89   93   95   98  101  105  109  115  119  125
  127  133  133  138  137  140  137  139  134  135  130  130  125  125  118  117
  111  111  106  110  105  100  104   97  104                                   
    75.0-180.0 180.0   5.0 450.0                            LAT/LON1/LON2/DLON/H
  107  101   96   93   89   90   89   91   90   92   92   95   95   98   97   99
   97   98   95   94   88   87   81   79   72   70   65   65   60   63   60   64
   63   68   69   74   75   80   82   87   89   94   98  104  109  116  123  128
  133  137  141  142  145  144  145  142  142  136  135  130  129  124  120  116
  113  110  108  107  106   99  105  100  107                                   
    72.5-180.0 180.0   5.0 450.0                            LAT/LON1/LON2/DLON/H
  106  100   91   89   87   84   83   83   83   83   84   86   86   88   88   90
   88   90   86   87   81   80   73   71   63   61   56   55   53   54   54   57
   58   63   65   71   72   77   81   85   89   94  100  109  115  124  129  137
  140  146  148  151  152  153  152  151  148  145  139  137  130  128  121  120
  113  114  109  112  109  104  107  102  106                                   
    70.0-180.0 180.0   5.0 450.0                            LAT/LON1/LON2/DLON/H
  110  102   95   89   85   82   81   80   78   78   78   79   79   81   80   82
   82   83   82   82   78   76   70   67   60   57   53   51   50   50   52   53
   56   58   63   65   70   72   77   81   87   93  101  110  119  127  135  140
  144  148  151  152  153  152  152  148  146  140  136  132  130  124  122  117
  117  113  114  113  115  107  110  110  110                                   
    67.5-180.0 180.0   5.0 450.0                            LAT/LON1/LON2/DLON/H
  113  105   95   91   86   83   80   78   76   76   75   75   74   75   75   77
   76   78   76   78   74   73   67   64   58   55   51   51   50   51   52   55
   56   60   62   67   69   73   76   82   87   97  104  116  124  133  139  145
  148  150  153  153  153  152  150  147  143  139  133  131  126  124  118  118
  114  116  114  119  117  113  113  112  113                                   
    65.0-180.0 180.0   5.0 450.0                            LAT/LON1/LON2/DLON/H
  117  108  101   91   87   82   79   76   73   73   71   71   70   71   70   72
   71   73   71   73   70   70   64   62   56   55   50   51   50   51   53   55
   57   58   61   63   67   68   74   78   86   95  106  117  127  135  142  146
  148  150  149  149  147  145  141  138  134  129  126  124  121  119  116  114
  115  114  117  118  122  116  117  118  117                                   
    62.5-180.0 180.0   5.0 450.0                            LAT/LON1/LON2/DLON/H
  121  113  102   97   89   85   79   77   73   71   70   69   69   68   68   68
   67   68   67   68   66   64   61   57   54   51   49   48   48   50   51   54
   55   58   59   63   65   69   72   79   86   98  108  121  131  139  144  148
  150  149  149  148  146  144  140  137  133  129  125  122  120  118  115  115
  113  116  116  122  123  120  121  120  121                                   
    60.0-180.0 180.0   5.0 450.0                            LAT/LON1/LON2/DLON/H
  125  116  108   98   91   84   79   74   70   68   65   66   65   65   64   64
   62   62   60   60   57   58   53   53   48   49   45   47   46   49   49   53
   53   56   58   60   65   67   72   79   88  100  111  124  134  142  146  150
  149  148  146  144  143  140  136  131  128  125  121  119  117  116  113  113
  112  114  117  121  125  122  122  125  125                                   
    57.5-180.0 180.0   5.0 450.0                            LAT/LON1/LON2/DLON/H
  132  122  114  108   97   91   82   77   71   68   66   65   64   63   63   60
   60   57   55   53   53   50   50   46   46   43   43   42   43   44   46   48
   50   52   56   60   65   69   73   83   91  104  115  129  139  147  152  153
  154  152  153  150  151  148  145  141  136  133  129  127  125  123  120  118
  116  118  119  125  128  127  127  125  132                                   
    55.0-180.0 180.0   5.0 450.0                            LAT/LON1/LON2/DLON/H
  141  131  127  118  107   97   89   80   72   68   63   62   61   61   59   58
   55   52   48   48   45   45   42   43   40   42   39   42   40   45   43   48
   47   53   55   62   67   72   77   86   95  108  120  133  143  151  158  160
  160  160  160  159  159  156  150  146  141  138  134  133  131  129  125  123
  120  120  123  127  132  132  131  133  141                                   
    52.5-180.0 180.0   5.0 450.0                            LAT/LON1/LON2/DLON/H
  148  142  139  135  122  112   99   90   79   71   65   62   60   59   58   55
   54   49   47   43   43   40   41   39   40   38   39   39   40   41   43   44
   48   51   58   65   73   79   85   96  103  116  129  142  152  161  168  170
  173  173  175  173  174  170  167  162  159  155  150  150  147  145  139  136
  132  131  132  136  140  141  140  140  148                                   
    50.0-180.0 180.0   5.0 450.0                            LAT/LON1/LON2/DLON/H
  158  154  155  148  138  125  114  100   88   77   68   63   60   58   57   54
   53   47   45   42   42   41   41   42   42   43   42   43   42   45   44   48
   48   56   60   71   79   87   93  103  111  122  136  148  161  170  178  182
  186  187  189  188  189  185  179  174  169  164  159  157  156  153  149  145
  142  140  142  144  149  148  146  152  158                                   
    47.5-180.0 180.0   5.0 450.0                            LAT/LON1/LON2/DLON/H
  163  162  164  162  153  145  131  116  100   87   75   67   63   60   59   56
   56   50   49   45   46   45   46   46   48   47   47   47   47   47   48   49
   52   58   67   78   88  100  106  117  122  134  146  159  170  182  191  197
  202  203  206  204  205  198  195  186  182  176  172  172  169  168  164  161
  156  155  154  158  160  159  154  158  163                                   
    45.0-180.0 180.0   5.0 450.0                            LAT/LON1/LON2/DLON/H
  170  167  172  170  166  157  148  130  112   96   84   74   68   64   63   59
   59   54   55   51   54   53   55   56   57   56   57   55   56   54   55   56
   57   64   71   85   95  107  114  122  129  139  153  164  180  190  200  206
  212  213  215  215  214  208  200  192  185  180  174  175  173  171  168  164
  162  160  162  163  169  164  161  166  170                                   
    42.5-180.0 180.0   5.0 450.0                            LAT/LON1/LON2/DLON/H
  166  165  170  171  169  166  158  144  125  109   95   84   77   72   69   65
   66   62   63   60   63   63   65   66   67   66   65   64   62   61   60   60
   61   68   77   92  102  117  123  134  138  150  162  175  190  201  213  220
  227  227  229  226  225  216  208  197  190  184  180  180  179  178  175  173
  171  172  172  175  177  170  163  166  166                                   
    40.0-180.0 180.0   5.0 450.0                            LAT/LON1/LON2/DLON/H
  168  162  163  164  165  164  160  149  132  118  104   94   87   81   78   73
   75   70   73   71   76   75   79   77   80   76   78   73   73   70   69   67
   66   72   80   94  106  119  127  136  144  154  169  181  198  208  220  228
  234  236  237  235  231  223  212  203  196  191  184  185  182  180  177  174
  175  176  179  179  182  172  167  168  168                                   
    37.5-180.0 180.0   5.0 450.0                            LAT/LON1/LON2/DLON/H
  159  152  148  150  152  154  153  146  133  123  112  103   96   90   85   81
   81   78   81   80   85   86   89   89   88   85   83   80   77   75   73   71
   70   75   82   96  108  123  132  143  150  163  176  190  207  218  231  239
  247  247  249  246  244  235  227  218  212  207  201  199  196  192  186  183
  183  185  187  188  188  177  168  165  159                                   
    35.0-180.0 180.0   5.0 450.0                            LAT/LON1/LON2/DLON/H
  164  149  137  135  133  138  138  136  129  124  117  112  105   99   94   89
   89   86   90   89   95   94   99   96   98   92   93   86   86   81   79   75
   72   75   81   94  106  120  132  142  153  165  179  194  210  223  235  244
  252  255  258  258  257  253  245  239  234  229  220  217  210  204  196  192
  189  192  193  193  192  184  180  173  164                                   
    32.5-180.0 180.0   5.0 450.0                            LAT/LON1/LON2/DLON/H
  169  154  136  127  123  123  125  124  123  121  120  116  112  106  100   94
   93   90   94   95  100  102  105  104  102   98   94   90   88   84   81   78
   75   77   83   96  108  125  136  150  158  172  185  199  215  227  242  251
  261  265  271  271  277  277  275  271  268  262  253  246  236  227  217  211
  207  206  207  206  206  198  192  187  169                                   
    30.0-180.0 180.0   5.0 450.0                            LAT/LON1/LON2/DLON/H
  189  172  150  138  125  121  118  118  116  120  120  121  117  112  105   99
   98   95   99   98  106  105  111  107  110  102  102   94   93   88   83   80
   74   75   79   92  105  121  134  147  159  171  184  198  212  227  240  253
  264  271  279  286  298  305  309  310  309  303  291  284  270  259  243  234
  227  225  223  221  220  216  215  209  189                                   
    27.5-180.0 180.0   5.0 450.0                            LAT/LON1/LON2/DLON/H
  219  200  177  159  142  131  122  118  117  119  122  122  120  113  106   99
   99   96   99  101  107  110  114  114  113  108  104   98   94   88   84   78
   75   73   80   91  106  123  138  152  162  174  185  196  210  224  239  252
  267  277  292  303  322  336  347  352  353  345  335  326  313  301  282  273
  260  259  253  250  245  242  240  239  219                                   
    25.0-180.0 180.0   5.0 450.0                            LAT/LON1/LON2/DLON/H
  261  240  220  193  171  154  139  129  121  123  123  125  121  116  108  102
  101   98  102  103  112  113  121  119  123  115  112  104   97   90   81   77
   70   71   74   87  101  118  133  149  161  172  183  193  205  221  239  257
  272  288  303  324  347  369  383  392  392  387  378  370  356  344  324  312
  295  293  284  279  273  274  278  273  261                                   
    22.5-180.0 180.0   5.0 450.0                            LAT/LON1/LON2/DLON/H
  299  290  266  241  209  187  166  149  137  132  130  129  125  116  108  100
  100   97  103  106  112  118  124  127  126  123  115  107   98   86   80   71
   68   64   72   81   99  115  132  150  162  175  184  194  204  221  242  261
  281  296  321  344  373  397  416  424  427  420  415  407  397  384  368  353
  337  330  320  313  306  309  312  310  299                                   
    20.0-180.0 180.0   5.0 450.0                            LAT/LON1/LON2/DLON/H
  337  327  313  287  254  223  194  173  154  143  135  133  126  119  109  104
  103  102  106  110  118  124  132  134  135  130  121  111   99   89   76   70
   63   63   65   76   91  110  127  147  162  176  187  195  208  228  251  273
  293  315  338  369  397  425  440  453  455  452  445  440  429  416  399  384
  368  360  353  342  336  342  346  341  337                                   
    17.5-180.0 180.0   5.0 450.0                            LAT/LON1/LON2/DLON/H
  366  370  351  325  292  263  226  198  176  159  148  139  133  123  115  107
  108  106  110  112  120  127  133  138  135  130  121  108   98   82   75   63
   61   55   61   67   85  104  126  149  167  182  194  204  216  238  259  284
  306  331  360  387  417  441  457  465  468  465  463  459  453  442  427  412
  397  389  380  369  359  371  371  368  366                                   
    15.0-180.0 180.0   5.0 450.0                            LAT/LON1/LON2/DLON/H
  389  390  377  351  320  292  257  225  196  178  159  148  138  131  123  118
  117  116  119  120  126  131  138  141  138  132  122  109   94   82   69   62
   56   52   54   63   79  101  125  152  172  189  202  212  230  252  276  298
  323  351  374  405  426  452  460  472  473  477  474  473  465  458  444  432
  417  410  403  392  380  392  395  383  389                                   
    12.5-180.0 180.0   5.0 450.0                            LAT/LON1/LON2/DLON/H
  398  409  393  369  339  312  280  247  217  193  175  158  149  141  134  128
  128  127  126  127  128  132  136  137  133  125  116  100   92   76   71   59
   57   48   53   58   76   98  127  156  180  197  210  225  242  267  287  315
  339  365  390  414  435  454  462  470  475  476  479  477  474  468  456  448
  435  431  422  413  399  412  411  400  398                                   
    10.0-180.0 180.0   5.0 450.0                            LAT/LON1/LON2/DLON/H
  406  407  396  373  347  320  291  265  232  213  189  174  161  157  150  148
  148  145  142  139  138  137  138  136  130  121  109   96   85   75   67   60
   55   50   49   59   74  101  127  160  184  203  217  237  259  278  300  322
  350  376  397  422  438  457  463  475  481  488  487  486  480  476  466  462
  453  450  444  433  420  427  427  405  406                                   
     7.5-180.0 180.0   5.0 450.0                            LAT/LON1/LON2/DLON/H
  405  412  396  374  347  322  297  274  248  228  206  188  176  171  166  163
  162  159  153  147  141  137  133  127  121  110  101   87   83   72   71   61
