data/unet/pred2940.15i
     1.0            IONOSPHERE MAPS     GNSS                IONEX VERSION / TYPE
pyspatialgeodesy        IME             05-JAN-18 20:20     PGM / RUN BY / DATE 
Map Name                                                    COMMENT             
Predicted global ionosphere maps (GIM).                     DESCRIPTION         
  2015    10    21     0     0     0                        EPOCH OF FIRST MAP  
  2015    10    22     0     0     0                        EPOCH OF LAST MAP   
  7200                                                      INTERVAL            
    13                                                      # OF MAPS IN FILE   
  NONE                                                      MAPPING FUNCTION    
10.0                                                        ELEVATION CUTOFF    
One-way carrier phase leveled to code                       OBSERVABLES USED    
  6371.0                                                    BASE RADIUS         
 2                                                          MAP DIMENSION       
   450.0 450.0   0.0                                        HGT1 / HGT2 / DHGT  
    87.5 -87.5  -2.5                                        LAT1 / LAT2 / DLAT  
  -180.0 180.0   5.0                                        LON1 / LON2 / DLON  
    -1                                                      EXPONENT            
                                                            END OF HEADER       
[from data line 2145]
     6                                                      START OF TEC MAP    
  2015    10    21    10     0     0                        EPOCH OF CURRENT MAP
    87.5-180.0 180.0   5.0 450.0                            LAT/LON1/LON2/DLON/H
   71   93   84   85   86   85   88   88   91   91   93   94   95   95   96   97
   98   98   98   98   99   98   98   97   98   95   96   94   96   93   95   93
   96   94   96   95   96   96   96   96   95   95   94   94   93   92   90   89
   88   87   85   84   82   81   79   79   77   77   75   75   75   74   74   74
   75   75   76   77   78   80   84   78   71                                   
    85.0-180.0 180.0   5.0 450.0                            LAT/LON1/LON2/DLON/H
   91   83   88   91   92   93   96   96   99   99  102  102  105  104  107  106
  109  108  111  108  112  110  112  110  113  111  112  110  112  111  110  110
  110  108  108  106  106  104  103  101  101   98   97   95   94   91   90   87
   87   83   82   79   78   75   74   71   71   69   68   67   68   68   68   68
   70   70   73   73   79   79   92   82   91                                   
    82.5-180.0 180.0   5.0 450.0                            LAT/LON1/LON2/DLON/H
   72   77   82   86   86   90   91   94   93   96   95   98   97  100   98  101
  100  102  101  103  103  105  104  107  108  111  110  114  113  116  115  117
  116  117  115  115  113  112  108  107  105  103  101   99   97   95   92   89
   87   84   81   78   74   71   65   64   59   59   53   54   50   52   50   52
   52   54   55   59   62   68   74   71   72                                   
    80.0-180.0 180.0   5.0 450.0                            LAT/LON1/LON2/DLON/H
   71   66   70   73   72   76   77   79   80   80   82   82   84   83   84   83
   85   83   85   84   87   86   90   89   95   95  100  102  107  109  113  114
  117  117  118  118  119  116  116  112  111  108  107  105  104  102  101   97
   97   92   91   86   84   77   73   67   62   56   51   48   45   43   42   43
   43   45   46   49   53   56   65   64   71                                   
    77.5-180.0 180.0   5.0 450.0                            LAT/LON1/LON2/DLON/H
   61   64   67   68   67   71   71   75   74   76   74   76   74   75   73   74
   72   74   72   74   72   75   75   78   81   86   90   95  101  105  111  115
  118  122  123  126  125  126  123  123  120  120  118  118  118  118  118  116
  116  113  112  105  102   94   88   81   74   67   61   57   53   51   48   48
   48   48   50   50   54   56   63   53   61                                   
    75.0-180.0 180.0   5.0 450.0                            LAT/LON1/LON2/DLON/H
   59   60   62   65   63   67   65   68   65   67   63   65   62   64   61   63
   59   62   59   62   59   63   62   66   68   75   78   86   90  100  103  112
  114  122  121  129  126  133  128  135  130  136  133  138  135  140  138  140
  138  137  133  130  123  115  107   98   90   81   74   69   63   60   56   54
   53   54   53   55   55   56   63   53   59                                   
    72.5-180.0 180.0   5.0 450.0                            LAT/LON1/LON2/DLON/H
   58   61   61   61   60   61   62   63   61   61   60   59   57   57   55   56
   54   56   54   55   53   55   54   58   59   65   70   77   84   93  101  108
  115  120  123  128  131  136  137  141  145  149  153  156  160  162  165  164
  166  162  161  153  148  137  129  119  110  101   92   84   77   72   69   64
   64   61   63   60   62   60   65   53   58                                   
    70.0-180.0 180.0   5.0 450.0                            LAT/LON1/LON2/DLON/H
   60   58   57   59   58   61   60   61   59   58   55   54   52   52   51   52
   50   52   51   53   50   52   50   54   55   61   63   73   78   89   96  107
  114  122  126  134  135  144  142  155  154  168  168  181  181  190  189  194
  191  190  186  180  170  160  148  138  126  119  108  102   92   89   82   78
   76   74   72   71   67   65   69   58   60                                   
    67.5-180.0 180.0   5.0 450.0                            LAT/LON1/LON2/DLON/H
   59   59   56   57   57   58   59   58   57   55   54   53   53   52   53   53
   53   54   54   54   52   52   49   52   50   55   56   65   71   81   91  101
  111  119  126  131  138  143  148  154  163  170  182  188  200  203  211  208
  211  206  204  196  186  174  162  151  139  130  118  110  103   98   91   87
   83   80   79   75   73   69   69   58   59                                   
    65.0-180.0 180.0   5.0 450.0                            LAT/LON1/LON2/DLON/H
   60   56   53   56   54   59   57   59   56   56   53   53   52   53   52   55
   54   57   55   58   55   56   52   54   51   55   55   65   69   82   88  103
  110  122  126  138  140  151  152  166  170  185  191  206  211  221  222  226
  221  222  214  208  195  185  169  160  147  138  125  118  110  106   98   95
   89   87   83   81   74   72   73   62   60                                   
    62.5-180.0 180.0   5.0 450.0                            LAT/LON1/LON2/DLON/H
   57   56   52   55   54   56   57   57   56   55   54   53   54   55   57   58
   60   60   61   60   58   57   53   53   50   52   51   60   64   76   84   98
  107  119  126  136  142  151  158  167  177  186  198  207  218  221  228  226
  228  223  220  210  200  187  173  163  152  140  128  118  111  105   98   94
   88   85   81   77   74   69   69   59   57                                   
    60.0-180.0 180.0   5.0 450.0                            LAT/LON1/LON2/DLON/H
   57   52   49   53   52   56   56   57   55   54   52   52   53   54   56   58
   59   60   59   60   57   58   54   55   51   54   54   62   67   79   88  104
  113  129  136  148  152  164  168  180  186  199  206  219  223  232  232  236
  231  232  223  219  204  197  180  171  157  147  133  124  114  110  100   95
   86   84   79   78   72   68   69   59   57                                   
    57.5-180.0 180.0   5.0 450.0                            LAT/LON1/LON2/DLON/H
   57   56   50   52   51   53   53   53   52   51   50   50   51   53   55   57
   59   59   59   58   57   56   54   55   53   55   56   63   68   80   90  106
  116  133  140  153  158  169  175  184  192  201  210  217  225  229  234  234
  237  233  231  222  213  202  191  179  169  156  145  132  124  114  104   95
   86   81   78   74   71   67   68   58   57                                   
    55.0-180.0 180.0   5.0 450.0                            LAT/LON1/LON2/DLON/H
   64   57   55   55   53   54   52   52   49   48   47   48   49   51   53   54
   54   54   52   53   50   52   50   55   54   60   61   71   77   90   99  122
  132  151  158  173  177  189  192  202  206  215  219  228  232  238  239  245
  245  248  242  239  228  221  207  198  187  175  163  151  138  128  113  104
   90   86   79   80   75   74   73   64   64                                   
    52.5-180.0 180.0   5.0 450.0                            LAT/LON1/LON2/DLON/H
   72   69   62   62   56   55   52   50   48   47   46   48   48   50   52   53
   53   52   50   50   49   50   52   56   60   66   72   80   89  101  114  133
  147  163  173  186  191  201  206  213  217  222  227  232  237  241  247  251
  257  258  258  253  244  234  226  214  208  195  186  172  160  145  128  114
  101   94   87   86   84   82   82   74   72                                   
    50.0-180.0 180.0   5.0 450.0                            LAT/LON1/LON2/DLON/H
   86   76   76   71   65   62   58   54   51   48   48   49   49   51   51   52
   50   49   46   46   44   47   48   58   63   74   80   91   98  115  128  152
  164  186  193  209  212  222  224  232  233  241  241  247  249  257  260  269
  272  279  277  274  264  256  246  238  228  218  208  197  183  169  147  133
  116  110  100  102   97   95   94   87   86                                   
    47.5-180.0 180.0   5.0 450.0                            LAT/LON1/LON2/DLON/H
  101   95   88   83   73   69   62   59   54   53   52   53   54   54   55   54
   53   51   49   47   46   48   51   60   68   80   88  100  110  125  142  162
  178  197  210  222  227  235  239  246  249  253  255  259  263  266  273  277
  283  285  288  283  275  263  255  245  238  228  220  210  198  184  163  146
  131  123  116  114  111  109  109  102  101                                   
    45.0-180.0 180.0   5.0 450.0                            LAT/LON1/LON2/DLON/H
  113  101   99   93   85   80   74   68   64   62   60   61   59   60   59   59
   57   56   53   51   50   53   54   65   72   86   95  109  117  138  149  176
  187  212  221  239  242  254  256  268  266  276  274  280  279  285  287  293
  297  300  300  296  286  276  263  255  244  237  227  221  208  198  177  162
  145  139  129  128  124  121  120  115  113                                   
    42.5-180.0 180.0   5.0 450.0                            LAT/LON1/LON2/DLON/H
  123  110  106  102   92   88   80   76   72   71   71   69   70   68   68   67
   66   65   63   61   59   59   60   68   77   92  102  118  126  144  157  179
  195  219  232  248  257  267  274  283  287  292  294  294  295  295  299  301
  303  302  301  294  283  271  259  248  240  231  224  217  208  198  182  167
  151  143  136  133  128  126  126  125  123                                   
    40.0-180.0 180.0   5.0 450.0                            LAT/LON1/LON2/DLON/H
  123  107  107  102   95   92   89   85   83   80   79   79   77   77   74   76
   73   75   71   72   67   67   63   72   77   94  105  125  133  154  161  186
  198  225  239  260  269  284  290  304  308  317  315  318  315  318  317  321
  318  318  312  306  292  280  264  254  243  235  225  219  208  200  182  168
  151  146  134  133  126  121  122  123  123                                   
    37.5-180.0 180.0   5.0 450.0                            LAT/LON1/LON2/DLON/H
  118  103  100   97   89   90   87   87   86   85   86   86   88   86   86   85
   85   86   85   83   78   74   71   74   82   98  110  128  138  153  164  187
  203  232  249  270  282  295  308  320  331  336  340  338  338  335  337  336
  336  331  327  318  306  290  276  262  252  239  229  218  207  197  180  166
  151  141  130  124  116  111  111  119  118                                   
    35.0-180.0 180.0   5.0 450.0                            LAT/LON1/LON2/DLON/H
  106   91   91   84   81   81   85   86   88   88   88   90   92   94   93   95
   92   96   92   92   84   78   71   74   82  100  116  137  147  166  174  195
  210  238  257  279  292  308  318  337  348  359  362  365  364  367  367  370
  368  368  362  355  341  326  307  294  281  266  253  239  224  210  191  174
  156  145  128  121  109  102  101  106  106                                   
    32.5-180.0 180.0   5.0 450.0                            LAT/LON1/LON2/DLON/H
   94   84   80   76   71   73   76   79   81   84   86   92   97  101  102  103
  103  104  101   99   92   85   78   81   90  106  123  143  157  170  184  204
  222  251  270  295  307  324  336  355  369  379  383  386  389  393  400  403
  407  407  407  401  392  378  360  341  325  304  286  266  250  231  210  191
  173  156  139  126  114  103   99  102   94                                   
    30.0-180.0 180.0   5.0 450.0                            LAT/LON1/LON2/DLON/H
   87   80   76   65   62   64   68   71   74   78   83   89   97  102  108  110
  110  111  108  106   98   88   80   82   94  112  134  154  171  188  198  218
  233  261  282  307  320  339  350  372  385  399  404  411  416  427  439  452
  462  467  470  466  462  450  435  414  396  371  345  317  292  268  248  229
  208  191  170  154  137  122  115  105   87                                   
    27.5-180.0 180.0   5.0 450.0                            LAT/LON1/LON2/DLON/H
  100   98   83   75   69   67   67   69   69   74   78   87   95  104  110  114
  114  116  113  111  103   94   88   91  102  122  141  165  182  200  213  233
  250  278  303  331  346  364  376  393  408  419  429  437  450  463  484  501
  521  532  545  546  548  534  517  493  473  443  413  377  348  320  294  272
  254  232  214  193  176  157  142  122  100                                   
    25.0-180.0 180.0   5.0 450.0                            LAT/LON1/LON2/DLON/H
  116  119  102   88   79   73   68   67   65   69   73   83   94  101  111  114
  116  115  114  111  103   96   92   95  107  125  147  169  187  206  217  242
  262  293  321  354  374  390  400  417  428  442  453  468  485  512  540  569
  594  615  635  645  643  630  609  587  564  530  492  451  417  386  356  333
  311  293  272  253  228  203  187  163  116                                   
    22.5-180.0 180.0   5.0 450.0                            LAT/LON1/LON2/DLON/H
  149  157  133  120  107   95   86   78   73   72   74   83   89  100  105  110
  112  113  111  111  106  103   98  104  113  134  154  180  195  216  230  255
  279  311  347  382  406  418  431  443  457  469  485  505  532  563  598  630
  665  685  701  705  703  687  667  648  627  601  567  532  482  444  410  394
  376  362  340  316  294  269  237  210  149                                   
    20.0-180.0 180.0   5.0 450.0                            LAT/LON1/LON2/DLON/H
  186  195  177  156  137  121  106   93   85   79   76   80   84   90   99  101
  106  104  104  104  101   99   96  102  113  135  154  180  197  214  234  263
  294  328  366  401  425  439  452  467  480  498  516  546  569  605  639  681
  709  730  747  754  749  734  713  699  682  655  621  588  552  509  468  447
  429  413  398  380  358  329  301  260  186                                   
    17.5-180.0 180.0   5.0 450.0                            LAT/LON1/LON2/DLON/H
  231  233  220  199  177  157  136  120  109  100   93   88   86   89   89   93
   96   99  100  104  101   98   96  104  120  140  165  190  209  229  245  283
  311  351  388  423  446  459  472  487  503  523  547  574  603  637  674  703
  731  748  764  768  759  740  717  707  692  672  642  610  580  552  512  487
  462  450  434  418  400  373  348  301  231                                   
    15.0-180.0 180.0   5.0 450.0                            LAT/LON1/LON2/DLON/H
  269  271  253  234  217  193  168  149  132  119  111   97   91   82   84   80
   85   84   90   89   91   86   91  103  119  145  169  194  219  235  262  291
  330  361  403  432  456  475  495  511  530  553  575  603  628  664  692  714
  733  748  753  753  738  722  697  690  677  665  638  611  581  556  527  501
  476  463  452  439  426  404  382  337  269                                   
    12.5-180.0 180.0   5.0 450.0                            LAT/LON1/LON2/DLON/H
  296  294  282  257  239  217  197  175  155  138  127  113  103   91   87   82
   86   83   87   85   87   83   94  106  127  154  180  208  233  256  278  307
  339  371  406  443  468  490  503  520  542  569  597  624  649  677  695  709
  719  726  722  716  697  684  659  653  643  634  616  594  562  538  510  486
  461  451  443  437  431  415  401  359  296                                   
    10.0-180.0 180.0   5.0 450.0                            LAT/LON1/LON2/DLON/H
  313  317  301  279  258  235  221  198  183  159  143  121  114   99   94   85
   87   83   87   84   86   86   94  107  127  154  185  215  247  265  291  320
  348  385  420  454  485  505  527  542  569  590  616  638  656  677  685  698
  698  701  691  685  669  659  635  629  619  611  593  572  541  516  478  445
  426  419  420  421  422  415  405  373  313                                   
     7.5-180.0 180.0   5.0 450.0                            LAT/LON1/LON2/DLON/H
  329  329  322  296  274  249  238  215  198  178  158  136  121  110  104   97
   98   93   91   92   94   94   98  112  134  165  201  236  262  280  301  327
