data/unet/pred0130.15i
     1.0            IONOSPHERE MAPS     GNSS                IONEX VERSION / TYPE
pyspatialgeodesy        IME             05-JAN-18 20:20     PGM / RUN BY / DATE 
Map Name                                                    COMMENT             
Predicted global ionosphere maps (GIM).                     DESCRIPTION         
  2015     1    13     0     0     0                        EPOCH OF FIRST MAP  
  2015     1    14     0     0     0                        EPOCH OF LAST MAP   
  7200                                                      INTERVAL            
    13                                                      # OF MAPS IN FILE   
  NONE                                                      MAPPING FUNCTION    
10.0                                                        ELEVATION CUTOFF    
One-way carrier phase leveled to code                       OBSERVABLES USED    
  6371.0                                                    BASE RADIUS         
 2                                                          MAP DIMENSION       
   450.0 450.0   0.0                                        HGT1 / HGT2 / DHGT  
    87.5 -87.5  -2.5                                        LAT1 / LAT2 / DLAT  
  -180.0 180.0   5.0                                        LON1 / LON2 / DLON  
    -1                                                      EXPONENT            
                                                            END OF HEADER       
[from data line 5148]
    13                                                      START OF TEC MAP    
  2015     1    14     0     0     0                        EPOCH OF CURRENT MAP
    87.5-180.0 180.0   5.0 450.0                            LAT/LON1/LON2/DLON/H
  117   94   89   84   86   83   88   86   91   89   94   92   96   95   98   97
  100  100  102  101  102  101  101   99   99   98   98   96   96   94   95   93
   94   91   93   89   91   88   91   88   91   88   91   89   92   89   93   90
   92   90   92   90   91   89   90   88   88   86   87   84   85   83   84   81
   83   80   83   81   88   86   94  106  117                                   
    85.0-180.0 180.0   5.0 450.0                            LAT/LON1/LON2/DLON/H
  103   79   84   83   84   79   86   83   90   87   93   91   97   95  100   98
  103  102  106  103  106  103  105  100  102   97   98   93   94   89   91   86
   89   84   87   82   86   82   86   83   88   85   90   87   91   88   93   89
   93   89   92   88   90   86   88   84   86   82   84   79   81   77   79   74
   78   74   78   75   83   74   76   98  103                                   
    82.5-180.0 180.0   5.0 450.0                            LAT/LON1/LON2/DLON/H
  100   86   90   92   91   89   93   93   97   97  101  102  106  106  111  111
  115  114  118  117  120  116  118  113  113  107  106  100   97   92   91   86
   86   82   84   82   84   83   87   87   91   90   95   94   98   97  100   98
  101   98   99   96   97   92   93   88   89   83   86   80   83   77   80   75
   80   75   82   80   88   82   85   99  100                                   
    80.0-180.0 180.0   5.0 450.0                            LAT/LON1/LON2/DLON/H
  109  103  108  111  107  109  110  113  114  116  117  118  120  121  123  125
  127  129  131  132  133  132  132  129  124  120  114  109  101   97   92   89
   86   85   85   86   87   88   91   94   96   99  102  105  106  108  109  110
  109  108  108  105  103  100   98   94   92   88   87   84   84   82   82   82
   84   86   90   93   97   94   97  107  109                                   
    77.5-180.0 180.0   5.0 450.0                            LAT/LON1/LON2/DLON/H
  128  122  128  129  128  129  131  133  133  134  134  134  133  132  133  133
  135  136  139  141  142  143  142  139  134  128  122  114  106   99   93   88
   84   83   82   83   84   86   89   92   95   99  103  105  108  110  112  112
  112  110  109  107  104  101   97   94   91   88   85   83   82   81   82   84
   87   90   95   99  106  106  110  118  128                                   
    75.0-180.0 180.0   5.0 450.0                            LAT/LON1/LON2/DLON/H
  146  148  153  155  152  155  155  157  156  156  153  150  146  143  140  138
  137  139  140  144  145  147  145  144  138  133  125  118  108  100   92   86
   82   80   79   81   82   85   89   93   96  100  103  106  108  111  113  113
  112  111  109  107  103  101   97   94   90   87   83   82   80   80   81   86
   91   97  104  111  119  123  129  135  146                                   
    72.5-180.0 180.0   5.0 450.0                            LAT/LON1/LON2/DLON/H
  172  174  181  181  178  179  180  180  178  175  171  165  158  151  144  138
  135  133  134  136  139  140  140  138  134  128  121  112  104   94   87   80
   77   74   75   76   79   82   87   90   94   97  101  103  105  106  107  106
  105  103  100   97   94   91   88   85   82   79   76   75   75   76   80   86
   94  103  113  123  134  141  148  156  172                                   
    70.0-180.0 180.0   5.0 450.0                            LAT/LON1/LON2/DLON/H
  193  198  208  208  204  206  204  204  200  197  190  181  171  159  148  138
  131  126  125  126  127  129  128  127  123  118  110  102   94   86   79   74
   71   70   71   73   75   78   83   87   90   93   96   97   98   98   98   96
   94   90   88   85   83   81   79   76   74   72   70   70   71   74   80   87
   98  108  122  134  147  157  170  178  193                                   
    67.5-180.0 180.0   5.0 450.0                            LAT/LON1/LON2/DLON/H
  218  219  228  227  224  224  222  221  218  215  208  199  184  170  154  140
  127  119  114  112  112  113  112  111  107  101   95   87   81   74   69   65
   64   63   65   66   69   72   77   80   84   86   88   89   89   88   86   83
   79   77   73   71   69   69   67   66   65   64   64   64   69   73   80   89
  102  115  130  144  160  173  185  198  218                                   
    65.0-180.0 180.0   5.0 450.0                            LAT/LON1/LON2/DLON/H
  235  240  248  247  241  241  235  235  231  231  224  216  201  184  165  147
  131  118  110  104  102  100   98   95   92   85   80   72   68   61   59   56
   57   57   60   61   63   65   69   72   76   78   80   80   80   77   75   70
   67   63   61   59   59   59   59   58   59   59   61   62   69   75   85   96
  111  124  140  155  172  186  201  217  235                                   
    62.5-180.0 180.0   5.0 450.0                            LAT/LON1/LON2/DLON/H
  253  253  263  259  254  249  245  241  241  239  237  230  217  199  179  159
  141  125  113  104   98   93   88   84   79   73   67   61   56   52   50   48
   49   50   52   53   54   56   59   64   66   69   70   70   68   67   63   60
   55   53   51   51   51   52   53   54   56   56   59   63   72   80   92  106
  122  136  153  168  185  200  212  232  253                                   
    60.0-180.0 180.0   5.0 450.0                            LAT/LON1/LON2/DLON/H
  268  271  279  275  267  261  252  250  246  249  247  243  234  217  197  178
  160  142  127  115  105   95   87   80   74   66   61   54   50   46   44   43
   44   44   46   48   49   50   54   57   61   62   65   63   65   60   59   52
   50   45   47   45   47   47   50   51   54   56   60   67   81   91  106  121
  140  154  171  184  199  213  229  248  268                                   
    57.5-180.0 180.0   5.0 450.0                            LAT/LON1/LON2/DLON/H
  289  289  299  292  282  271  263  255  254  253  255  252  247  233  217  199
  183  165  149  134  120  107   95   86   77   69   61   55   49   44   41   40
   40   41   42   44   45   47   50   53   55   58   59   61   60   58   54   50
   48   45   46   46   47   47   49   51   55   59   65   77   92  107  125  143
  163  178  194  206  218  231  243  264  289                                   
    55.0-180.0 180.0   5.0 450.0                            LAT/LON1/LON2/DLON/H
  309  320  325  317  303  291  276  268  260  262  260  261  256  248  236  221
  205  188  171  154  136  119  105   93   83   73   65   59   53   49   45   44
   43   44   46   47   49   50   53   55   58   58   63   63   67   61   59   52
   52   49   50   48   50   50   52   55   60   66   75   90  109  127  148  167
  187  203  218  229  239  252  266  284  309                                   
    52.5-180.0 180.0   5.0 450.0                            LAT/LON1/LON2/DLON/H
  331  343  354  344  328  314  298  284  277  270  268  263  263  255  249  237
  225  207  190  171  153  135  119  107   95   86   77   70   64   60   56   53
   51   52   53   56   56   59   59   62   63   66   68   71   72   69   64   59
   59   57   56   55   56   57   58   62   69   77   88  105  126  148  170  191
  214  230  244  254  264  274  282  300  331                                   
    50.0-180.0 180.0   5.0 450.0                            LAT/LON1/LON2/DLON/H
  344  367  376  371  358  343  326  310  296  286  275  268  263  259  256  248
  239  220  203  183  165  148  132  120  110  101   92   85   79   74   69   65
   64   63   66   67   70   71   74   74   78   77   82   81   84   78   74   67
   67   64   64   62   64   65   67   73   82   92  104  121  144  165  189  211
  234  250  263  274  282  291  299  312  344                                   
    47.5-180.0 180.0   5.0 450.0                            LAT/LON1/LON2/DLON/H
  348  371  387  392  382  372  356  339  324  304  290  274  267  259  258  251
  243  226  208  190  174  159  147  137  128  119  110  103   94   88   82   78
   75   76   77   81   83   86   86   89   90   92   93   95   94   90   85   79
   77   73   72   71   72   73   77   84   95  106  118  137  160  181  203  226
  248  263  276  287  296  300  303  314  348                                   
    45.0-180.0 180.0   5.0 450.0                            LAT/LON1/LON2/DLON/H
  342  371  387  398  396  393  380  366  349  330  306  287  272  264  260  254
  245  228  210  193  180  171  161  155  146  137  127  118  108   99   92   87
   84   84   89   92   96   98  100  100  104  104  107  106  107  100   98   91
   90   85   84   82   83   84   89   98  110  121  134  151  173  192  213  233
  251  267  280  291  298  304  303  310  342                                   
    42.5-180.0 180.0   5.0 450.0                            LAT/LON1/LON2/DLON/H
  330  349  370  385  392  398  392  384  370  349  328  301  284  270  265  256
  246  227  212  198  189  183  177  171  162  151  138  126  114  104   96   90
   87   88   93   98  102  107  107  110  111  115  116  118  116  113  109  105
  102   97   94   93   92   95  100  109  121  133  147  164  186  202  223  238
  253  265  278  288  297  299  294  301  330                                   
    40.0-180.0 180.0   5.0 450.0                            LAT/LON1/LON2/DLON/H
  314  331  348  362  374  386  387  390  379  366  343  320  298  284  273  264
  251  233  218  208  201  198  192  185  172  157  141  126  113  101   94   87
   86   87   93   99  104  108  112  114  119  121  125  126  125  121  119  114
  112  107  103  101  101  103  109  118  131  143  159  176  197  214  232  245
  256  267  278  288  296  297  294  294  314                                   
    37.5-180.0 180.0   5.0 450.0                            LAT/LON1/LON2/DLON/H
  306  312  327  338  349  363  372  381  380  372  356  332  313  296  285  272
  259  242  230  222  219  215  207  193  175  155  137  120  107   97   89   84
   81   84   89   97  102  110  113  120  122  129  131  133  131  128  124  121
  118  112  107  105  105  109  115  123  134  148  165  185  209  227  246  258
  267  275  286  295  307  306  300  300  306                                   
    35.0-180.0 180.0   5.0 450.0                            LAT/LON1/LON2/DLON/H
  314  319  325  328  334  347  357  371  374  374  360  345  326  311  297  285
  271  258  247  242  238  231  216  197  172  148  128  112  101   92   87   82
   81   82   90   97  104  111  117  122  129  132  138  137  136  130  127  122
  118  112  107  105  106  110  116  124  134  147  165  188  217  241  264  282
  292  302  312  321  333  335  335  325  314                                   
    32.5-180.0 180.0   5.0 450.0                            LAT/LON1/LON2/DLON/H
  349  351  352  345  344  348  356  365  371  371  361  347  333  318  306  293
  281  271  264  258  253  238  216  188  160  137  119  109  100   97   92   90
   88   92   96  106  112  121  125  132  135  141  143  143  138  132  126  119
  115  106  103   99  103  107  113  120  129  143  163  194  229  260  290  312
  329  343  357  368  383  385  386  369  349                                   
    30.0-180.0 180.0   5.0 450.0                            LAT/LON1/LON2/DLON/H
  413  420  415  401  387  382  377  379  376  373  361  350  335  323  308  296
  287  279  273  266  254  232  204  173  147  128  117  115  114  115  114  113
  112  113  118  123  128  133  136  141  145  146  148  144  139  131  125  117
  113  103   98   96   98  104  111  118  127  140  167  204  245  280  314  347
  375  400  417  432  445  454  461  431  413                                   
    27.5-180.0 180.0   5.0 450.0                            LAT/LON1/LON2/DLON/H
  501  520  516  498  477  456  434  421  406  392  373  356  340  324  308  295
  286  279  272  261  244  215  184  155  135  126  126  134  142  152  155  154
  152  150  151  149  147  148  147  150  150  152  149  144  135  126  120  112
  106   96   90   88   91   98  106  115  126  145  177  221  266  300  341  383
  422  454  478  493  510  525  534  507  501                                   
    25.0-180.0 180.0   5.0 450.0                            LAT/LON1/LON2/DLON/H
  602  640  643  636  608  576  535  500  466  437  406  379  354  333  312  296
  284  274  263  247  225  195  168  148  141  145  158  176  191  204  209  210
  205  199  194  186  172  163  157  160  160  157  151  141  131  120  116  109
  102   92   85   83   86   91  100  110  128  155  194  242  287  328  377  430
  480  519  545  565  585  608  607  594  602                                   
    22.5-180.0 180.0   5.0 450.0                            LAT/LON1/LON2/DLON/H
  689  752  776  778  754  716  668  615  560  513  465  426  387  356  327  303
  285  270  253  232  205  180  161  157  163  183  207  234  255  268  272  270
  263  251  239  221  198  184  169  167  162  158  145  136  120  111  104   99
   90   82   71   70   72   83   92  107  132  169  215  263  310  362  422  484
  538  581  614  636  659  682  682  675  689                                   
    20.0-180.0 180.0   5.0 450.0                            LAT/LON1/LON2/DLON/H
  755  843  883  906  900  866  808  747  684  619  556  498  448  403  362  327
  301  277  251  222  198  180  175  185  208  241  275  306  324  330  329  319
  309  293  276  253  227  209  189  180  171  160  145  131  116  105   97   91
   83   74   65   62   65   72   86  106  144  188  238  284  335  397  466  535
  598  643  679  699  727  748  758  738  755                                   
    17.5-180.0 180.0   5.0 450.0                            LAT/LON1/LON2/DLON/H
  777  875  932  976  988  965  924  866  796  730  662  595  530  472  417  369
  331  298  263  231  207  200  206  235  275  318  351  371  377  369  357  347
  331  319  298  275  246  225  199  189  168  157  135  121  106   97   90   86
   79   71   64   60   63   69   85  112  158  209  258  306  363  426  490  561
  619  667  697  724  749  771  781  765  777                                   
    15.0-180.0 180.0   5.0 450.0                            LAT/LON1/LON2/DLON/H
  768  864  929  991 1027 1021 1000  956  905  839  775  705  635  564  497  439
  390  345  305  267  246  247  274  322  374  416  435  433  417  393  378  359
  346  329  310  282  251  228  206  185  166  147  131  114  103   92   88   82
   78   70   66   62   67   78   98  129  181  232  280  326  386  445  506  568
  622  664  695  719  745  760  774  757  768                                   
    12.5-180.0 180.0   5.0 450.0                            LAT/LON1/LON2/DLON/H
  716  794  865  934  990 1023 1018  989  949  905  851  792  725  654  586  520
  466  414  371  333  320  335  377  433  478  503  501  472  437  403  380  363
  347  330  308  280  248  224  198  179  158  141  124  110  100   92   89   85
   81   75   71   71   76   90  112  146  197  245  292  336  391  446  499  555
  599  636  661  683  700  710  720  716  716                                   
    10.0-180.0 180.0   5.0 450.0                            LAT/LON1/LON2/DLON/H
  655  705  773  848  918  969  994  987  963  933  900  853  803  736  673  609
  557  503  459  428  420  449  495  545  572  567  538  483  439  396  374  353
  341  322  299  269  238  212  190  169  153  135  124  110  105   95   94   88
   87   80   80   79   88  105  130  164  212  253  297  337  389  437  489  532
  572  600  623  639  652  654  658  657  655                                   
     7.5-180.0 180.0   5.0 450.0                            LAT/LON1/LON2/DLON/H
  583  608  660  730  801  861  896  912  912  906  891  868  833  786  737  683
  635  594  555  537  541  572  608  634  631  592  538  470  419  381  360  344
