data/unet/pred2450.15i
     1.0            IONOSPHERE MAPS     GNSS                IONEX VERSION / TYPE
pyspatialgeodesy        IME             05-JAN-18 20:20     PGM / RUN BY / DATE 
Map Name                                                    COMMENT             
Predicted global ionosphere maps (GIM).                     DESCRIPTION         
  2015     9     2     0     0     0                        EPOCH OF FIRST MAP  
  2015     9     3     0     0     0                        EPOCH OF LAST MAP   
  7200                                                      INTERVAL            
    13                                                      # OF MAPS IN FILE   
  NONE                                                      MAPPING FUNCTION    
10.0                                                        ELEVATION CUTOFF    
One-way carrier phase leveled to code                       OBSERVABLES USED    
  6371.0                                                    BASE RADIUS         
 2                                                          MAP DIMENSION       
   450.0 450.0   0.0                                        HGT1 / HGT2 / DHGT  
    87.5 -87.5  -2.5                                        LAT1 / LAT2 / DLAT  
  -180.0 180.0   5.0                                        LON1 / LON2 / DLON  
    -1                                                      EXPONENT            
                                                            END OF HEADER       
[from data line 2574]
     7                                                      START OF TEC MAP    
  2015     9     2    12     0     0                        EPOCH OF CURRENT MAP
    87.5-180.0 180.0   5.0 450.0                            LAT/LON1/LON2/DLON/H
  134  141  140  138  138  137  138  139  140  140  141  142  141  142  141  141
  139  140  138  139  137  138  137  138  136  138  137  138  137  137  137  137
  136  137  136  136  135  136  134  135  134  135  134  135  134  135  135  135
  135  135  135  135  136  136  136  136  136  136  136  136  136  136  136  135
  136  135  136  135  137  136  147  129  134                                   
    85.0-180.0 180.0   5.0 450.0                            LAT/LON1/LON2/DLON/H
  132  135  140  137  138  137  140  137  140  138  141  138  140  139  140  138
  139  137  139  137  138  136  139  136  139  137  139  137  139  138  139  138
  139  138  138  137  137  135  136  134  136  134  135  134  136  134  135  134
  136  134  135  134  135  134  134  133  134  132  133  131  133  131  132  130
  133  130  133  132  135  135  143  142  132                                   
    82.5-180.0 180.0   5.0 450.0                            LAT/LON1/LON2/DLON/H
  128  130  134  130  133  130  134  131  134  130  133  128  131  125  129  122
  127  121  128  121  129  123  132  125  133  127  135  129  136  130  137  131
  137  131  138  131  137  131  136  130  135  129  134  129  134  129  134  129
  133  128  132  126  130  124  129  122  127  120  124  118  123  117  122  116
  122  117  122  119  125  124  131  130  128                                   
    80.0-180.0 180.0   5.0 450.0                            LAT/LON1/LON2/DLON/H
  116  120  122  123  125  125  125  125  124  122  122  118  118  113  115  110
  112  110  112  111  114  115  117  119  121  122  125  126  127  128  129  130
  131  131  132  132  133  132  134  131  133  130  133  130  133  130  133  130
  132  129  130  127  127  124  124  122  122  118  118  115  115  112  112  110
  111  110  111  112  114  112  113  119  116                                   
    77.5-180.0 180.0   5.0 450.0                            LAT/LON1/LON2/DLON/H
  106  109  107  109  111  113  112  112  109  107  105  101   98   94   93   92
   91   92   94   96   99  102  105  109  111  115  117  120  121  122  123  124
  125  127  128  130  130  131  131  131  131  132  132  132  132  133  132  132
  130  131  129  129  125  125  122  121  117  116  113  111  108  106  103  101
  100   99   98   98   99   98  101  107  106                                   
    75.0-180.0 180.0   5.0 450.0                            LAT/LON1/LON2/DLON/H
   92   92   94   96   98  100  100  100   97   96   92   89   84   82   79   79
   78   81   82   88   90   97   99  107  108  116  115  121  119  123  122  125
  124  128  128  132  131  135  134  135  134  136  136  137  136  137  136  137
  135  135  133  132  129  129  125  124  120  117  114  110  106  103   99   96
   93   91   89   89   88   88   90   96   92                                   
    72.5-180.0 180.0   5.0 450.0                            LAT/LON1/LON2/DLON/H
   84   85   81   82   84   86   86   86   84   83   80   78   74   72   72   72
   72   75   79   83   88   94  100  107  110  117  119  124  122  126  124  126
  127  130  131  134  135  138  138  139  139  139  139  140  139  140  138  140
  137  138  135  135  132  131  128  126  122  119  114  111  105  102   97   93
   89   86   83   81   80   78   82   86   84                                   
    70.0-180.0 180.0   5.0 450.0                            LAT/LON1/LON2/DLON/H
   76   72   71   71   73   74   76   75   75   73   72   69   67   65   65   66
   67   70   75   80   87   95  102  110  113  120  120  125  124  127  125  129
  128  133  133  138  138  142  140  143  141  143  142  142  141  142  140  141
  138  138  136  136  133  132  129  127  124  120  117  113  109  105  101   95
   91   87   83   79   77   73   76   77   76                                   
    67.5-180.0 180.0   5.0 450.0                            LAT/LON1/LON2/DLON/H
   74   70   65   64   66   66   68   68   68   68   67   66   65   64   66   65
   70   70   78   81   91   97  106  113  117  123  124  128  126  129  127  130
  130  134  135  139  140  143  142  144  142  144  141  142  139  139  136  137
  134  135  133  133  132  130  129  127  124  121  117  115  110  107  103   99
   94   90   85   82   77   73   73   72   74                                   
    65.0-180.0 180.0   5.0 450.0                            LAT/LON1/LON2/DLON/H
   70   63   60   58   58   60   61   61   61   62   61   61   62   62   65   66
   70   73   79   84   92   99  107  113  117  122  123  126  124  127  127  129
  130  134  136  141  141  145  141  146  141  145  140  142  136  138  133  134
  130  133  130  132  130  130  128  126  124  121  120  117  116  113  110  106
  101   98   93   87   82   75   74   70   70                                   
    62.5-180.0 180.0   5.0 450.0                            LAT/LON1/LON2/DLON/H
   73   66   58   55   54   53   55   53   56   54   57   56   60   60   66   66
   73   75   82   86   94   99  108  113  118  122  124  125  125  126  126  128
  131  134  137  140  143  144  144  144  143  143  139  139  134  132  128  128
  126  128  128  130  130  130  128  127  125  123  120  120  118  117  113  110
  106  102   97   92   87   80   76   72   73                                   
    60.0-180.0 180.0   5.0 450.0                            LAT/LON1/LON2/DLON/H
   72   63   58   53   51   50   48   47   46   48   49   52   54   58   63   67
   71   76   81   85   91   97  104  110  114  119  120  122  121  123  123  127
  130  135  138  143  144  148  144  148  143  146  138  139  131  131  125  128
  125  130  129  134  133  133  131  130  128  126  124  123  123  121  119  115
  111  108  103   99   94   85   81   75   72                                   
    57.5-180.0 180.0   5.0 450.0                            LAT/LON1/LON2/DLON/H
   78   70   60   55   51   47   46   42   43   40   44   43   49   52   59   62
   70   72   79   83   89   94  101  107  113  116  119  119  121  121  125  127
  133  137  143  146  150  150  152  150  149  147  141  138  131  128  124  126
  126  131  133  137  138  138  137  134  133  130  128  129  125  126  121  118
  113  109  104  100   96   89   83   79   78                                   
    55.0-180.0 180.0   5.0 450.0                            LAT/LON1/LON2/DLON/H
   79   70   64   59   52   50   44   41   37   36   35   39   41   48   52   59
   63   70   75   81   85   92   97  104  109  114  117  119  119  122  125  130
  136  143  148  153  156  159  158  159  155  154  146  143  135  134  130  133
  133  141  142  148  151  150  149  144  142  137  134  133  132  130  127  122
  117  112  107  104  101   94   89   84   79                                   
    52.5-180.0 180.0   5.0 450.0                            LAT/LON1/LON2/DLON/H
   85   78   71   65   60   54   50   43   40   34   36   34   39   42   49   55
   63   68   75   78   85   90   97  104  111  115  119  120  123  125  130  135
  143  149  156  160  167  168  171  168  168  163  158  151  145  141  139  141
  144  150  155  160  162  161  158  152  148  144  140  141  137  137  131  127
  119  113  107  104  100   96   92   90   85                                   
    50.0-180.0 180.0   5.0 450.0                            LAT/LON1/LON2/DLON/H
   87   79   76   72   65   62   54   48   42   37   33   34   34   39   42   50
   56   65   70   78   85   92   98  106  112  118  121  124  126  130  133  140
  147  156  164  170  177  181  182  183  179  177  168  164  156  154  151  155
  157  164  168  174  175  173  169  162  157  151  148  148  146  144  140  133
  126  119  111  108  104   99   95   92   87                                   
    47.5-180.0 180.0   5.0 450.0                            LAT/LON1/LON2/DLON/H
   91   84   83   80   75   71   65   57   51   43   41   35   38   37   44   48
   57   63   74   80   88   95  103  110  116  122  126  129  131  134  139  145
  153  161  172  178  189  192  197  195  196  189  185  176  172  167  167  168
  171  176  179  182  181  176  171  164  160  157  154  156  154  154  147  142
  131  124  114  110  103   98   97   96   91                                   
    45.0-180.0 180.0   5.0 450.0                            LAT/LON1/LON2/DLON/H
   92   83   82   82   78   78   72   66   59   53   47   43   40   42   41   49
   53   64   72   83   93  100  108  114  120  126  130  134  136  139  142  149
  157  166  177  188  198  205  209  212  210  208  201  195  188  186  182  184
  184  188  187  186  183  178  172  166  163  160  159  161  162  161  157  150
  142  134  124  118  109  102   98   95   92                                   
    42.5-180.0 180.0   5.0 450.0                            LAT/LON1/LON2/DLON/H
   93   87   85   85   84   83   80   75   70   63   59   51   49   44   47   48
   58   64   78   86   99  105  113  117  124  129  134  137  140  142  145  151
  160  170  185  196  211  216  225  225  228  222  219  210  206  201  199  198
  197  196  193  188  182  176  169  166  163  164  163  169  169  171  164  160
  148  142  130  123  112  103  101   99   93                                   
    40.0-180.0 180.0   5.0 450.0                            LAT/LON1/LON2/DLON/H
   95   84   81   83   82   85   83   79   77   72   67   61   55   53   50   53
   56   67   76   91  102  110  116  120  126  132  138  142  143  145  147  153
  162  174  190  205  221  230  240  244  247  243  236  229  222  218  215  213
  209  207  200  193  185  177  172  169  169  169  173  175  178  178  174  168
  159  151  141  133  120  108  102  100   95                                   
    37.5-180.0 180.0   5.0 450.0                            LAT/LON1/LON2/DLON/H
   96   88   83   83   82   84   85   83   84   80   78   69   66   58   58   54
   62   67   83   92  108  113  119  121  127  133  140  143  147  146  149  154
  167  179  199  216  237  246  257  261  264  261  255  248  241  238  234  233
  228  223  216  207  197  190  183  180  179  181  183  187  186  186  180  174
  165  158  146  137  123  111  105  105   96                                   
    35.0-180.0 180.0   5.0 450.0                            LAT/LON1/LON2/DLON/H
   97   86   78   77   78   78   80   80   82   81   80   74   69   65   60   60
   61   70   83   99  111  118  122  124  129  136  143  148  150  151  153  160
  172  188  210  231  253  264  275  280  284  282  275  269  262  258  255  252
  250  245  239  231  222  214  209  204  204  203  204  201  199  192  186  176
  168  160  151  142  129  117  109  108   97                                   
    32.5-180.0 180.0   5.0 450.0                            LAT/LON1/LON2/DLON/H
  101   91   80   78   76   75   76   77   81   80   82   76   74   69   67   63
   67   72   88  100  115  119  123  123  130  136  146  150  155  156  160  167
  183  201  228  251  272  285  296  303  305  307  302  299  292  291  285  286
  280  279  270  263  255  245  241  236  235  233  228  223  213  201  188  177
  166  159  148  141  127  119  112  115  101                                   
    30.0-180.0 180.0   5.0 450.0                            LAT/LON1/LON2/DLON/H
  103   91   81   77   74   71   71   71   74   75   76   73   72   71   66   66
   66   76   89  107  118  124  126  127  132  141  149  158  160  166  167  180
  196  220  251  275  295  308  320  326  332  332  329  328  323  324  317  320
  315  317  312  305  297  287  281  276  270  263  255  243  228  207  191  174
  163  154  147  139  128  122  117  118  103                                   
    27.5-180.0 180.0   5.0 450.0                            LAT/LON1/LON2/DLON/H
  110  100   87   83   77   74   73   71   72   71   71   71   71   71   70   68
   71   78   95  109  123  125  128  128  135  142  153  162  169  174  181  193
  215  245  277  304  324  336  347  352  357  359  358  359  357  358  355  357
  356  358  358  353  346  336  326  315  302  288  276  260  239  212  192  171
  158  148  142  135  127  125  123  124  110                                   
    25.0-180.0 180.0   5.0 450.0                            LAT/LON1/LON2/DLON/H
  117  105   94   89   83   80   77   73   70   68   67   66   69   70   70   70
   71   80   94  113  124  129  130  131  136  146  156  169  174  188  193  212
  238  271  301  325  347  357  370  373  382  382  386  388  388  392  388  392
  393  398  401  398  393  383  371  357  340  322  301  280  252  219  195  174
  157  146  138  132  126  128  128  127  117                                   
    22.5-180.0 180.0   5.0 450.0                            LAT/LON1/LON2/DLON/H
  127  120  111  107   99   93   90   84   78   72   67   67   67   71   71   72
   75   83   99  114  127  131  132  133  139  148  161  174  186  200  212  235
  263  295  321  349  367  380  386  393  398  405  407  414  414  418  417  420
  427  431  440  436  432  418  406  388  368  345  321  294  261  227  201  176
  161  144  136  130  126  129  134  131  127                                   
    20.0-180.0 180.0   5.0 450.0                            LAT/LON1/LON2/DLON/H
  135  132  128  123  117  107  101   93   84   77   70   67   69   71   74   73
   76   83   95  114  123  132  132  135  139  152  161  181  192  214  228  258
  287  316  339  362  380  390  400  405  413  420  426  433  434  440  441  447
  454  465  474  473  466  448  432  411  389  364  340  313  279  242  212  189
  169  154  141  133  127  132  140  132  135                                   
    17.5-180.0 180.0   5.0 450.0                            LAT/LON1/LON2/DLON/H
  137  142  142  138  133  126  117  107   96   85   76   71   68   73   73   76
   78   84   99  113  125  129  132  134  141  152  167  188  205  228  249  277
  303  328  350  371  388  400  410  419  424  434  436  447  447  455  456  465
  473  483  490  485  474  459  437  417  392  370  347  321  290  255  227  201
  182  164  149  138  133  136  145  136  137                                   
    15.0-180.0 180.0   5.0 450.0                            LAT/LON1/LON2/DLON/H
  138  147  148  146  141  134  128  116  103   92   82   76   71   72   74   74
   79   84   96  110  118  126  127  135  140  156  168  195  213  242  263  296
  320  342  361  379  396  409  421  433  437  447  448  459  459  468  472  480
  488  495  498  492  481  461  440  418  397  376  352  329  297  267  239  218
  196  180  163  154  144  144  151  138  138                                   
    12.5-180.0 180.0   5.0 450.0                            LAT/LON1/LON2/DLON/H
  143  153  153  149  145  138  135  126  113  101   86   78   71   70   71   74
   78   85   98  109  120  122  129  133  145  159  178  206  227  256  279  307
  327  350  369  387  401  416  427  441  446  454  453  463  461  470  471  479
  481  488  485  481  468  453  428  410  389  371  347  322  294  268  249  229
  212  193  178  165  154  151  156  143  143                                   
    10.0-180.0 180.0   5.0 450.0                            LAT/LON1/LON2/DLON/H
  146  152  151  146  143  140  133  126  115  103   89   80   72   72   71   72
   79   84   96  107  115  121  123  135  145  167  185  216  235  268  290  318
  340  359  379  395  411  424  438  451  455  464  460  469  465  472  472  477
  481  482  480  473  461  442  418  401  382  366  341  315  289  268  253  240
  223  208  192  181  168  161  162  150  146                                   
     7.5-180.0 180.0   5.0 450.0                            LAT/LON1/LON2/DLON/H
  155  156  152  143  139  132  128  119  111   99   85   75   67   67   67   70
   76   85   99  109  119  122  130  139  154  177  199  228  248  278  299  326
