data/unet/pred2940.15i
     1.0            IONOSPHERE MAPS     GNSS                IONEX VERSION / TYPE
pyspatialgeodesy        IME             05-JAN-18 20:20     PGM / RUN BY / DATE 
Map Name                                                    COMMENT             
Predicted global ionosphere maps (GIM).                     DESCRIPTION         
  2015    10    21     0     0     0                        EPOCH OF FIRST MAP  
  2015    10    22     0     0     0                        EPOCH OF LAST MAP   
  7200                                                      INTERVAL            
    13                                                      # OF MAPS IN FILE   
  NONE                                                      MAPPING FUNCTION    
10.0                                                        ELEVATION CUTOFF    
One-way carrier phase leveled to code                       OBSERVABLES USED    
  6371.0                                                    BASE RADIUS         
 2                                                          MAP DIMENSION       
   450.0 450.0   0.0                                        HGT1 / HGT2 / DHGT  
    87.5 -87.5  -2.5                                        LAT1 / LAT2 / DLAT  
  -180.0 180.0   5.0                                        LON1 / LON2 / DLON  
    -1                                                      EXPONENT            
                                                            END OF HEADER       
[from data line 5148]
    13                                                      START OF TEC MAP    
  2015    10    22     0     0     0                        EPOCH OF CURRENT MAP
    87.5-180.0 180.0   5.0 450.0                            LAT/LON1/LON2/DLON/H
  132  103   99   94   96   92   96   93   97   93   97   93   97   93   96   91
   94   90   93   88   91   86   89   84   88   83   86   81   84   80   83   78
   83   78   83   78   83   79   84   80   86   83   88   85   90   88   92   90
   94   92   95   93   96   95   96   95   96   94   96   93   95   93   94   91
   94   91   94   93  100   99  106  132  132                                   
    85.0-180.0 180.0   5.0 450.0                            LAT/LON1/LON2/DLON/H
  113   95   99   97   98   91   96   92   97   92   96   91   95   90   93   88
   91   86   87   82   84   78   79   74   75   70   70   65   66   62   63   58
   61   57   60   57   62   60   65   64   70   70   76   75   81   81   85   85
   89   89   92   91   94   94   96   95   97   95   97   94   97   94   96   93
   96   94   98   96  103   97   97  110  113                                   
    82.5-180.0 180.0   5.0 450.0                            LAT/LON1/LON2/DLON/H
  113  103  106  107  105  100  102  100  103  100  103  100  103   99  101   97
   98   93   93   87   87   81   80   73   72   65   64   57   58   51   52   46
   50   45   50   47   54   52   59   58   67   67   75   75   83   82   89   87
   93   91   97   93   99   95  101   97  103   99  103   99  104  100  104  100
  105  102  108  106  113  107  109  115  113                                   
    80.0-180.0 180.0   5.0 450.0                            LAT/LON1/LON2/DLON/H
  120  116  118  119  114  114  114  116  116  117  117  119  118  118  117  116
  113  110  107  103   99   95   89   84   79   74   69   64   60   56   53   50
   50   48   50   50   55   56   62   64   71   73   79   81   87   88   92   92
   95   95   97   96   98   98  100  101  103  104  106  107  109  110  111  113
  115  116  119  121  123  119  119  124  120                                   
    77.5-180.0 180.0   5.0 450.0                            LAT/LON1/LON2/DLON/H
  132  126  127  127  123  123  124  126  128  130  132  133  133  133  131  129
  126  122  118  113  108  103   97   92   86   81   76   70   65   60   57   53
   51   49   50   50   53   55   60   63   69   71   77   78   82   82   85   84
   86   85   86   86   88   88   91   92   96   97  100  102  106  107  110  113
  116  118  121  123  127  125  127  131  132                                   
    75.0-180.0 180.0   5.0 450.0                            LAT/LON1/LON2/DLON/H
  140  137  138  138  133  133  134  138  140  144  146  147  147  146  144  140
  135  130  125  120  114  109  104   99   93   89   83   79   73   69   64   60
   56   54   52   52   53   55   59   62   66   69   73   73   75   74   75   74
   74   72   73   73   74   76   79   81   85   88   92   95  100  102  106  110
  114  117  122  125  129  131  135  139  140                                   
    72.5-180.0 180.0   5.0 450.0                            LAT/LON1/LON2/DLON/H
  154  150  152  150  144  144  144  147  151  154  157  158  157  155  150  145
  138  132  126  120  115  110  105  101   97   94   90   86   82   78   73   68
   64   60   58   55   55   55   58   59   62   63   66   65   66   63   63   59
   59   56   57   56   59   61   67   70   76   80   85   89   95   98  103  107
  112  116  122  127  134  138  143  150  154                                   
    70.0-180.0 180.0   5.0 450.0                            LAT/LON1/LON2/DLON/H
  164  163  165  163  155  154  154  157  160  164  166  167  164  161  154  146
  137  130  124  118  112  108  105  101   99   97   95   93   90   87   82   77
   72   66   62   58   56   54   55   55   56   57   58   57   55   53   51   48
   46   44   44   45   48   53   59   65   72   78   85   90   97  101  106  110
  116  120  127  132  139  145  153  161  164                                   
    67.5-180.0 180.0   5.0 450.0                            LAT/LON1/LON2/DLON/H
  178  176  178  174  166  163  162  164  167  170  172  172  169  163  155  145
  136  127  120  114  108  105  101   99   97   96   94   93   92   89   84   79
   74   67   62   57   54   50   50   48   49   47   48   46   45   42   40   36
   35   33   35   36   41   46   54   62   72   80   87   94  101  106  111  115
  120  124  131  137  145  151  159  169  178                                   
    65.0-180.0 180.0   5.0 450.0                            LAT/LON1/LON2/DLON/H
  184  184  188  184  175  172  169  171  173  177  178  178  172  166  156  146
  135  127  120  113  107  103   99   95   93   91   89   88   87   85   81   76
   71   65   59   54   49   45   44   41   41   40   40   39   38   36   34   32
   30   30   31   33   38   46   55   65   77   86   95  103  111  116  120  123
  128  131  136  142  149  155  164  176  184                                   
    62.5-180.0 180.0   5.0 450.0                            LAT/LON1/LON2/DLON/H
  193  190  192  188  180  175  171  172  175  178  180  179  175  168  158  149
  138  131  124  118  111  105   98   92   87   83   80   77   76   73   70   66
   62   57   52   47   43   40   38   36   35   35   35   35   35   34   34   31
   31   30   33   35   41   48   58   69   83   94  105  114  123  128  132  135
  138  140  142  147  154  159  167  180  193                                   
    60.0-180.0 180.0   5.0 450.0                            LAT/LON1/LON2/DLON/H
  195  195  197  193  183  178  172  172  174  179  180  181  176  171  162  156
  147  142  135  128  119  111  100   92   84   77   71   67   65   63   60   57
   55   51   46   43   40   38   36   35   35   36   37   38   39   39   39   38
   37   37   38   40   45   51   62   74   89  102  114  123  134  140  146  149
  152  153  154  157  161  163  172  185  195                                   
    57.5-180.0 180.0   5.0 450.0                            LAT/LON1/LON2/DLON/H
  203  201  202  197  188  181  173  171  172  176  179  180  178  174  169  164
  160  156  150  143  132  121  108   96   84   75   67   62   58   55   53   51
   50   47   45   43   42   41   40   41   42   43   45   46   48   48   49   48
   47   46   46   46   50   55   66   78   93  107  120  132  144  153  161  165
  169  169  169  171  173  175  179  191  203                                   
    55.0-180.0 180.0   5.0 450.0                            LAT/LON1/LON2/DLON/H
  211  211  215  209  198  189  179  174  173  176  178  180  178  177  174  174
  172  170  165  158  144  132  116  103   89   79   69   63   59   56   54   53
   53   52   50   51   51   52   52   53   55   57   58   60   62   62   62   61
   60   57   55   53   56   60   70   82   98  112  127  140  154  164  174  181
  186  189  190  191  192  190  192  205  211                                   
    52.5-180.0 180.0   5.0 450.0                            LAT/LON1/LON2/DLON/H
  228  225  230  225  213  203  191  184  179  179  179  180  179  179  180  181
  181  180  175  167  154  140  125  112   99   88   78   72   67   65   62   62
   62   63   63   64   67   68   69   71   72   73   74   76   77   76   77   75
   73   68   65   62   62   66   75   87  102  118  133  148  163  176  188  197
  205  210  214  215  216  213  211  225  228                                   
    50.0-180.0 180.0   5.0 450.0                            LAT/LON1/LON2/DLON/H
  249  247  254  249  238  226  213  202  193  188  185  183  182  182  183  185
  185  184  177  169  156  145  131  121  110  101   92   86   81   77   75   74
   75   76   77   80   84   86   88   89   90   91   92   92   93   93   92   90
   87   82   78   73   72   75   84   96  112  127  141  156  172  186  201  213
  224  234  240  243  244  240  235  249  249                                   
    47.5-180.0 180.0   5.0 450.0                            LAT/LON1/LON2/DLON/H
  274  269  277  275  267  256  243  229  216  206  197  192  187  187  187  189
  187  182  175  165  154  145  136  130  122  116  108  102   96   92   88   88
   88   89   91   95   99  103  104  105  106  105  106  106  107  105  105  101
  100   94   90   86   84   88   96  109  123  138  152  167  183  198  215  230
  244  256  264  270  273  269  263  276  274                                   
    45.0-180.0 180.0   5.0 450.0                            LAT/LON1/LON2/DLON/H
  297  299  305  304  297  290  277  263  245  230  216  207  199  197  195  193
  187  180  170  160  150  145  141  139  135  130  122  116  108  104  100   99
   99  100  103  107  112  115  117  116  117  116  118  117  118  117  115  113
  111  107  105  101  100  104  113  125  140  154  167  179  194  209  226  244
  257  272  283  293  298  297  291  301  297                                   
    42.5-180.0 180.0   5.0 450.0                            LAT/LON1/LON2/DLON/H
  317  319  324  325  321  317  308  295  277  258  240  226  216  212  207  202
  192  180  168  158  150  147  147  147  145  140  132  123  115  109  104  103
  103  105  108  113  118  121  123  122  123  122  125  125  126  124  124  120
  122  119  119  116  116  121  131  144  160  173  184  195  210  224  241  256
  271  285  298  311  321  320  315  323  317                                   
    40.0-180.0 180.0   5.0 450.0                            LAT/LON1/LON2/DLON/H
  337  346  346  345  339  338  332  322  305  286  266  251  238  232  223  214
  201  186  172  163  156  155  154  154  150  143  132  122  113  107  103  101
  103  104  109  113  120  122  125  124  126  126  129  130  132  130  129  127
  129  129  130  129  131  136  148  162  178  189  200  210  223  238  253  268
  280  294  306  322  335  337  336  341  337                                   
    37.5-180.0 180.0   5.0 450.0                            LAT/LON1/LON2/DLON/H
  354  361  360  357  349  348  345  339  325  308  290  274  262  253  245  232
  216  200  185  176  170  167  163  158  150  138  125  113  104   98   95   95
   97   99  105  111  117  121  123  124  126  128  132  133  136  133  133  130
  134  134  137  136  139  145  158  172  189  201  212  222  238  253  268  280
  292  303  316  334  348  351  353  356  354                                   
    35.0-180.0 180.0   5.0 450.0                            LAT/LON1/LON2/DLON/H
  380  396  392  380  365  360  353  348  337  325  311  298  286  279  267  253
  235  218  204  195  186  180  170  159  144  130  117  106   98   93   92   93
   96  100  106  113  119  123  125  127  129  131  135  137  138  134  133  130
  132  132  135  135  139  145  160  173  192  203  217  228  246  264  280  293
  304  314  326  343  359  367  376  373  380                                   
    32.5-180.0 180.0   5.0 450.0                            LAT/LON1/LON2/DLON/H
  414  428  420  406  384  373  362  355  344  336  327  318  309  298  288  271
  255  239  226  214  203  189  172  154  137  123  112  105  100   97   98  100
  103  108  115  121  127  131  132  134  134  136  138  139  139  134  131  127
  129  126  128  125  130  136  151  167  186  200  214  229  249  271  291  306
  319  332  345  365  381  391  401  394  414                                   
    30.0-180.0 180.0   5.0 450.0                            LAT/LON1/LON2/DLON/H
  465  487  476  454  424  401  381  367  353  344  338  333  326  318  304  288
  270  255  241  228  210  190  167  147  132  122  118  116  116  116  117  120
  124  129  133  139  143  146  146  146  145  144  144  143  141  134  129  123
  122  119  118  114  117  122  137  152  173  189  205  223  246  272  297  322
  339  355  372  390  411  425  443  426  465                                   
    27.5-180.0 180.0   5.0 450.0                            LAT/LON1/LON2/DLON/H
  515  539  527  510  473  448  415  395  372  361  353  348  341  330  317  297
  280  263  247  227  205  179  156  140  133  133  138  144  149  151  153  155
  158  160  162  164  165  166  163  161  156  152  149  145  140  132  125  118
  115  110  108  103  103  107  121  138  160  179  199  219  246  276  308  338
  362  385  405  432  453  470  485  465  515                                   
    25.0-180.0 180.0   5.0 450.0                            LAT/LON1/LON2/DLON/H
  591  623  609  584  545  508  467  436  404  385  373  365  356  346  327  308
  285  266  242  217  189  165  147  140  146  158  175  190  198  202  202  202
  200  197  194  191  190  187  181  175  168  160  154  147  139  130  121  115
  110  106  100   95   92   97  110  129  154  175  197  221  252  287  322  357
  387  419  448  477  503  520  537  521  591                                   
    22.5-180.0 180.0   5.0 450.0                            LAT/LON1/LON2/DLON/H
  650  692  681  660  616  573  525  491  452  431  409  396  378  361  340  314
  290  262  232  200  171  151  145  153  174  200  226  246  258  259  258  251
  244  235  227  219  211  204  195  186  176  165  156  146  137  127  119  112
  105   98   88   82   80   87  105  128  158  183  208  232  266  301  338  375
  409  452  487  524  547  564  580  566  650                                   
    20.0-180.0 180.0   5.0 450.0                            LAT/LON1/LON2/DLON/H
  715  767  768  745  703  652  601  554  513  486  460  438  411  389  361  335
  303  271  231  192  163  149  158  181  216  253  286  305  313  310  304  291
  279  265  255  241  227  216  204  193  181  168  155  145  134  127  120  114
  104   93   81   76   73   83  103  135  170  200  225  253  286  321  356  396
  439  487  528  562  589  607  625  616  715                                   
    17.5-180.0 180.0   5.0 450.0                            LAT/LON1/LON2/DLON/H
  737  801  814  808  775  723  671  622  577  545  514  488  454  425  393  362
  331  290  247  202  176  172  193  226  271  309  337  347  346  335  325  309
  294  281  269  253  236  222  208  197  183  169  155  143  133  126  120  113
  100   88   76   70   70   81  107  145  187  218  248  273  306  335  371  414
  459  513  554  592  620  638  652  645  737                                   
    15.0-180.0 180.0   5.0 450.0                            LAT/LON1/LON2/DLON/H
  754  819  844  851  838  794  747  689  644  606  573  540  505  472  437  406
  370  332  284  238  212  215  244  286  330  362  376  370  354  333  322  309
  298  288  276  260  239  225  211  202  186  173  156  145  136  129  123  113
  102   89   79   72   76   94  125  168  209  243  272  298  328  353  390  434
  482  534  578  614  646  662  682  672  754                                   
    12.5-180.0 180.0   5.0 450.0                            LAT/LON1/LON2/DLON/H
  734  799  831  857  857  831  794  744  701  657  622  585  550  516  486  456
  425  381  339  297  278  283  316  351  387  399  388  363  332  308  300  294
  291  287  277  261  242  229  218  209  194  180  164  152  143  135  126  117
  107   94   83   78   86  107  146  187  229  262  291  315  342  372  407  449
  492  543  582  620  650  665  686  675  734                                   
    10.0-180.0 180.0   5.0 450.0                            LAT/LON1/LON2/DLON/H
  721  770  810  845  866  847  826  780  743  702  668  627  594  559  538  515
  490  455  407  373  356  364  387  415  428  411  379  330  295  270  270  276
  282  284  279  267  249  240  229  223  207  193  174  160  150  139  132  121
  117  103   95   91  102  126  162  201  242  272  300  326  354  384  422  462
  505  548  589  622  652  663  690  678  721                                   
     7.5-180.0 180.0   5.0 450.0                            LAT/LON1/LON2/DLON/H
  692  733  768  811  838  834  820  788  759  726  699  661  630  603  588  573
  558  526  490  453  440  441  455  458  441  397  340  282  250  239  251  264
