data/unet/pred0200.15i
     1.0            IONOSPHERE MAPS     GNSS                IONEX VERSION / TYPE
pyspatialgeodesy        IME             05-JAN-18 20:20     PGM / RUN BY / DATE 
Map Name                                                    COMMENT             
Predicted global ionosphere maps (GIM).                     DESCRIPTION         
  2015     1    20     0     0     0                        EPOCH OF FIRST MAP  
  2015     1    21     0     0     0                        EPOCH OF LAST MAP   
  7200                                                      INTERVAL            
    13                                                      # OF MAPS IN FILE   
  NONE                                                      MAPPING FUNCTION    
10.0                                                        ELEVATION CUTOFF    
One-way carrier phase leveled to code                       OBSERVABLES USED    
  6371.0                                                    BASE RADIUS         
 2                                                          MAP DIMENSION       
   450.0 450.0   0.0                                        HGT1 / HGT2 / DHGT  
    87.5 -87.5  -2.5                                        LAT1 / LAT2 / DLAT  
  -180.0 180.0   5.0                                        LON1 / LON2 / DLON  
    -1                                                      EXPONENT            
                                                            END OF HEADER       
     1                                                      START OF TEC MAP    
  2015     1    20     0     0     0                        EPOCH OF CURRENT MAP
    87.5-180.0 180.0   5.0 450.0                            LAT/LON1/LON2/DLON/H
  122   95   93   91   90   88   91   90   92   92   93   92   94   92   94   92
   93   91   92   90   91   88   89   86   86   83   85   82   83   80   83   80
   82   79   82   79   81   79   82   80   82   80   83   81   84   82   85   82
   85   82   84   82   83   81   83   80   81   79   80   78   79   76   78   76
   78   76   78   77   84   82   89  113  122                                   
    85.0-180.0 180.0   5.0 450.0                            LAT/LON1/LON2/DLON/H
  103   83   89   90   90   85   91   87   93   90   95   91   95   90   95   89
   93   87   91   85   87   81   83   77   79   72   76   70   72   67   71   67
   70   66   71   67   72   69   75   72   77   75   81   79   84   80   86   82
   86   81   85   80   83   78   81   75   77   72   74   69   71   67   70   66
   69   65   69   66   74   66   69   93  103                                   
    82.5-180.0 180.0   5.0 450.0                            LAT/LON1/LON2/DLON/H
  105   93   98  100   99   97  100  100  103  103  105  104  105  103  103  101
   99   97   95   93   90   88   85   82   79   76   74   73   70   69   68   68
   67   67   69   69   71   72   76   78   82   83   88   89   93   93   96   95
   96   94   95   92   91   87   86   82   81   77   76   72   72   68   70   67
   69   67   70   70   74   70   73   92  105                                   
    80.0-180.0 180.0   5.0 450.0                            LAT/LON1/LON2/DLON/H
  114  108  112  114  113  113  114  116  117  119  119  119  117  116  113  111
  107  106  102  100   95   93   89   87   82   80   77   76   72   71   70   70
   68   69   70   73   74   77   80   84   88   92   96  100  103  105  106  107
  106  105  103  101   98   94   91   87   84   80   78   75   73   71   71   70
   72   72   76   77   80   79   81   97  114                                   
    77.5-180.0 180.0   5.0 450.0                            LAT/LON1/LON2/DLON/H
  129  124  129  131  131  131  132  133  135  135  135  133  129  125  119  116
  109  106  101   98   94   91   87   85   81   79   77   76   73   72   70   70
   69   70   71   74   76   79   82   86   90   95   99  103  106  108  109  110
  108  107  104  102   97   94   89   85   81   78   75   72   70   68   68   68
   71   73   78   81   87   86   89  100  129                                   
    75.0-180.0 180.0   5.0 450.0                            LAT/LON1/LON2/DLON/H
  143  143  150  154  153  155  154  156  155  154  150  146  138  131  121  113
  104   99   93   89   84   82   78   77   75   74   73   74   72   72   71   72
   71   73   74   77   79   82   84   87   90   94   98  103  104  107  107  107
  104  102   98   96   91   88   83   79   75   72   69   67   65   65   66   69
   72   77   84   90   96   97  101  110  143                                   
    72.5-180.0 180.0   5.0 450.0                            LAT/LON1/LON2/DLON/H
  163  165  174  178  178  179  179  179  178  173  166  157  143  130  114  102
   89   81   74   69   67   64   64   65   65   67   67   70   69   71   70   72
   71   73   74   77   78   80   80   83   84   88   90   94   95   97   96   94
   91   88   85   82   78   75   71   68   65   62   60   58   59   60   64   68
   74   81   91   98  107  111  117  125  163                                   
    70.0-180.0 180.0   5.0 450.0                            LAT/LON1/LON2/DLON/H
  181  187  200  203  202  203  202  201  198  191  180  166  147  127  108   90
   77   64   59   52   51   49   52   54   58   60   64   66   68   70   71   72
   72   74   75   77   77   77   77   77   78   80   82   83   84   82   81   77
   73   69   67   64   62   60   58   57   55   53   53   54   56   60   65   71
   80   89  100  109  119  126  136  143  181                                   
    67.5-180.0 180.0   5.0 450.0                            LAT/LON1/LON2/DLON/H
  204  208  221  226  228  228  227  224  219  210  196  178  154  130  106   85
   68   55   48   42   41   41   45   48   53   57   62   65   67   69   70   72
   70   72   71   73   71   71   69   70   69   70   70   71   69   68   64   60
   55   53   50   50   48   48   48   47   48   48   50   52   58   63   71   78
   89   98  111  121  132  142  152  161  204                                   
    65.0-180.0 180.0   5.0 450.0                            LAT/LON1/LON2/DLON/H
  218  224  240  246  247  247  247  243  237  226  209  189  163  136  111   87
   70   56   48   41   40   40   44   47   52   56   61   63   65   66   66   66
   66   65   65   64   63   61   60   59   58   59   59   58   56   53   50   45
   42   39   38   38   39   40   41   42   45   47   50   55   63   70   79   89
  100  110  122  132  143  155  168  176  218                                   
    62.5-180.0 180.0   5.0 450.0                            LAT/LON1/LON2/DLON/H
  228  233  250  257  260  259  260  254  250  235  219  199  174  148  121  100
   82   67   58   50   48   47   49   51   53   55   58   59   59   59   58   58
   56   55   53   52   50   49   48   48   48   49   48   49   45   43   39   36
   33   32   31   32   34   36   39   41   45   47   53   60   70   79   90  101
  114  123  135  145  156  167  178  189  228                                   
    60.0-180.0 180.0   5.0 450.0                            LAT/LON1/LON2/DLON/H
  231  237  255  263  265  264  262  258  252  240  223  206  183  160  135  116
   98   85   73   65   61   57   56   55   54   53   53   53   51   50   49   48
   47   45   44   42   41   40   41   41   42   42   43   42   41   38   36   33
   33   30   31   32   36   37   40   43   48   52   59   67   80   91  104  116
  129  139  150  159  167  177  187  198  231                                   
    57.5-180.0 180.0   5.0 450.0                            LAT/LON1/LON2/DLON/H
  234  238  256  262  263  260  259  252  249  237  224  210  191  173  152  135
  120  108   96   87   80   73   67   63   58   54   51   49   46   44   43   42
   40   39   38   37   36   37   37   40   40   42   42   43   41   41   39   38
   36   35   36   37   40   42   44   48   53   58   66   76   90  104  119  133
  149  159  169  177  184  190  195  208  234                                   
    55.0-180.0 180.0   5.0 450.0                            LAT/LON1/LON2/DLON/H
  237  240  258  264  262  259  254  249  243  233  222  210  195  180  164  152
  140  129  117  107   97   87   77   69   61   55   51   48   45   42   41   39
   39   37   38   37   38   39   42   43   46   46   49   48   49   48   49   47
   46   44   45   45   47   48   51   54   60   67   76   88  103  118  136  151
  168  179  189  195  199  204  206  218  237                                   
    52.5-180.0 180.0   5.0 450.0                            LAT/LON1/LON2/DLON/H
  245  244  263  265  263  255  252  243  240  229  220  210  198  186  174  166
  156  147  135  124  112  100   89   79   69   63   57   53   50   49   46   45
   44   44   44   46   46   50   51   55   55   58   58   61   60   62   61   60
   59   57   56   54   55   56   58   62   68   75   85   98  114  131  152  168
  186  198  209  215  218  220  217  231  245                                   
    50.0-180.0 180.0   5.0 450.0                            LAT/LON1/LON2/DLON/H
  252  253  270  273  269  263  255  248  241  231  219  210  198  189  179  173
  165  157  145  133  121  109   98   87   79   72   67   64   61   60   57   55
   54   55   56   58   61   64   67   69   71   72   74   74   76   76   77   75
   74   70   67   65   64   65   68   72   78   86   96  110  127  145  165  182
  200  213  223  229  232  233  229  239  252                                   
    47.5-180.0 180.0   5.0 450.0                            LAT/LON1/LON2/DLON/H
  262  260  278  280  278  272  266  257  250  237  224  213  201  191  181  176
  169  161  150  140  128  119  108  101   93   89   83   80   77   75   71   68
   67   68   69   74   77   82   82   85   85   87   88   90   90   92   92   91
   89   85   80   78   75   77   78   82   88   97  107  121  138  155  175  191
  209  222  232  239  242  241  236  247  262                                   
    45.0-180.0 180.0   5.0 450.0                            LAT/LON1/LON2/DLON/H
  264  267  282  287  287  286  279  273  263  251  235  221  206  195  184  176
  168  160  150  142  134  127  121  115  110  106  101   97   92   88   83   79
   77   78   82   87   93   96   99   99  100  100  102  102  104  105  106  104
  103   98   92   89   87   87   89   94  100  108  118  131  147  163  181  195
  210  222  231  238  243  244  240  250  264                                   
    42.5-180.0 180.0   5.0 450.0                            LAT/LON1/LON2/DLON/H
  264  263  280  287  290  293  292  287  279  266  249  232  216  203  188  180
  169  161  152  147  142  140  136  134  128  124  116  111  104   98   90   86
   83   86   89   97  102  106  107  108  107  109  109  111  113  115  116  116
  114  109  104  100   98   98  101  105  112  119  129  140  156  169  185  195
  207  215  224  231  239  241  238  251  264                                   
    40.0-180.0 180.0   5.0 450.0                            LAT/LON1/LON2/DLON/H
  258  261  274  282  287  294  294  295  289  279  262  244  227  212  197  185
  175  166  160  156  156  155  154  150  144  137  127  118  109  101   93   88
   86   88   93  100  106  110  112  112  113  114  116  117  120  121  124  123
  122  117  113  109  108  109  113  117  125  131  142  152  168  178  190  198
  205  210  216  223  232  237  238  250  258                                   
    37.5-180.0 180.0   5.0 450.0                            LAT/LON1/LON2/DLON/H
  255  253  264  271  278  286  292  295  294  286  271  255  238  224  208  198
  187  181  175  176  175  176  171  165  155  144  130  120  109  102   92   89
   85   89   92  100  104  110  110  112  113  116  118  120  123  124  126  126
  125  121  117  115  115  118  123  128  136  144  155  167  181  189  199  203
  209  211  214  221  231  238  239  252  255                                   
    35.0-180.0 180.0   5.0 450.0                            LAT/LON1/LON2/DLON/H
  254  253  261  265  269  278  283  290  291  286  275  261  246  234  222  212
  204  200  197  198  197  193  184  171  157  142  128  116  108  101   95   91
   91   93   97  101  105  108  110  111  115  118  122  123  126  126  128  126
  125  120  119  117  119  123  128  134  145  153  166  179  194  203  214  220
  226  227  229  234  243  251  256  268  254                                   
    32.5-180.0 180.0   5.0 450.0                            LAT/LON1/LON2/DLON/H
  268  262  269  269  269  273  279  285  288  283  274  263  252  243  234  227
  221  220  218  218  213  204  187  170  151  136  122  115  108  107  102  102
   99  102  101  105  105  109  109  112  116  121  124  126  127  126  126  122
  120  114  114  113  117  120  128  134  145  157  173  188  206  219  237  247
  258  262  263  268  274  283  289  298  268                                   
    30.0-180.0 180.0   5.0 450.0                            LAT/LON1/LON2/DLON/H
  297  294  298  291  285  285  284  286  285  280  271  263  255  250  244  240
  237  237  234  230  218  201  179  157  141  128  120  118  118  119  120  120
  118  117  114  113  112  113  114  117  123  127  131  130  129  126  124  118
  113  106  105  105  109  115  122  129  141  155  174  193  218  239  264  286
  307  320  328  334  340  344  351  347  297                                   
    27.5-180.0 180.0   5.0 450.0                            LAT/LON1/LON2/DLON/H
  344  343  342  332  317  309  303  299  293  284  275  267  261  256  252  248
  246  245  241  231  211  189  163  144  130  126  125  133  138  146  148  149
  145  140  132  127  122  120  120  123  128  133  134  132  127  122  117  108
  102   94   94   92   99  103  113  120  134  151  175  200  231  260  295  329
  361  387  403  416  422  423  421  401  344                                   
    25.0-180.0 180.0   5.0 450.0                            LAT/LON1/LON2/DLON/H
  401  408  401  384  369  351  335  320  309  297  285  275  268  263  257  254
  249  247  237  222  196  170  147  133  130  136  148  161  175  184  186  185
  177  167  154  145  137  133  134  135  141  141  140  132  124  115  108   99
   93   84   83   84   88   93  102  111  127  147  174  206  244  281  326  369
  413  452  481  498  513  510  505  465  401                                   
    22.5-180.0 180.0   5.0 450.0                            LAT/LON1/LON2/DLON/H
  466  472  464  455  437  413  383  360  338  323  308  294  283  274  266  257
  250  242  227  207  177  154  138  136  145  164  186  210  226  233  232  222
  208  191  172  158  148  145  145  145  147  146  139  129  116  107  101   93
   87   78   73   72   76   80   90   99  119  143  178  214  260  302  353  400
  452  499  533  560  576  576  568  519  466                                   
    20.0-180.0 180.0   5.0 450.0                            LAT/LON1/LON2/DLON/H
  517  532  530  526  518  487  449  410  380  356  339  321  307  294  282  269
  254  240  218  194  166  149  146  157  181  214  245  273  285  286  272  254
  230  211  189  175  165  161  161  156  156  147  136  121  109   98   95   87
   80   72   67   67   69   75   82   93  116  147  187  228  278  326  378  433
  487  535  570  594  614  612  609  564  517                                   
    17.5-180.0 180.0   5.0 450.0                            LAT/LON1/LON2/DLON/H
  546  570  579  589  585  558  513  473  431  404  377  360  343  326  311  291
  273  251  226  199  175  167  176  203  238  280  314  331  335  321  296  270
  243  219  197  184  176  173  169  165  157  147  129  115  102   95   87   82
   73   67   63   62   63   69   76   89  116  153  201  243  292  340  395  449
  506  549  581  603  626  623  618  577  546                                   
    15.0-180.0 180.0   5.0 450.0                            LAT/LON1/LON2/DLON/H
  560  594  608  624  632  609  570  528  487  454  425  402  386  366  350  328
  307  282  255  226  209  211  231  271  314  353  373  376  361  336  300  273
  243  225  205  198  191  182  177  167  158  143  127  109  101   89   84   77
   73   68   66   65   64   69   76   92  122  162  213  257  305  354  410  463
  514  550  573  594  617  615  619  586  560                                   
    12.5-180.0 180.0   5.0 450.0                            LAT/LON1/LON2/DLON/H
  555  588  610  634  648  636  606  572  531  502  470  452  431  415  397  379
  358  332  304  279  266  276  308  351  392  413  413  392  362  323  286  259
  236  221  207  205  197  190  179  171  156  144  125  111   97   90   81   78
   74   71   69   68   64   68   78   96  131  175  222  263  311  359  411  459
  503  530  546  563  587  590  591  570  555                                   
    10.0-180.0 180.0   5.0 450.0                            LAT/LON1/LON2/DLON/H
  543  576  600  627  652  644  625  598  566  539  515  499  483  465  451  432
  419  393  368  345  341  357  394  433  458  457  429  389  340  295  257  238
  222  214  208  207  199  189  179  169  155  141  127  111  101   90   85   80
   80   77   77   74   69   72   84  103  141  183  230  270  319  364  413  451
  485  500  512  525  549  554  566  552  543                                   
     7.5-180.0 180.0   5.0 450.0                            LAT/LON1/LON2/DLON/H
  530  554  584  614  640  640  627  607  583  563  546  535  522  511  496  486
  472  454  430  413  411  430  465  489  495  466  416  359  305  261  232  220
