data/unet/pred3310.15i
     1.0            IONOSPHERE MAPS     GNSS                IONEX VERSION / TYPE
pyspatialgeodesy        IME             05-JAN-18 20:20     PGM / RUN BY / DATE 
Map Name                                                    COMMENT             
Predicted global ionosphere maps (GIM).                     DESCRIPTION         
  2015    11    27     0     0     0                        EPOCH OF FIRST MAP  
  2015    11    28     0     0     0                        EPOCH OF LAST MAP   
  7200                                                      INTERVAL            
    13                                                      # OF MAPS IN FILE   
  NONE                                                      MAPPING FUNCTION    
10.0                                                        ELEVATION CUTOFF    
One-way carrier phase leveled to code                       OBSERVABLES USED    
  6371.0                                                    BASE RADIUS         
 2                                                          MAP DIMENSION       
   450.0 450.0   0.0                                        HGT1 / HGT2 / DHGT  
    87.5 -87.5  -2.5                                        LAT1 / LAT2 / DLAT  
  -180.0 180.0   5.0                                        LON1 / LON2 / DLON  
    -1                                                      EXPONENT            
                                                            END OF HEADER       
[from data line 5148]
    13                                                      START OF TEC MAP    
  2015    11    28     0     0     0                        EPOCH OF CURRENT MAP
    87.5-180.0 180.0   5.0 450.0                            LAT/LON1/LON2/DLON/H
  110   79   71   67   67   64   66   64   66   64   66   63   66   63   65   62
   65   62   65   61   65   61   64   60   63   60   62   59   61   58   61   57
   60   57   60   57   60   57   61   58   62   60   64   61   65   63   67   65
   69   67   71   69   72   70   73   70   73   70   73   70   72   69   72   69
   71   69   71   69   74   71   82  100  110                                   
    85.0-180.0 180.0   5.0 450.0                            LAT/LON1/LON2/DLON/H
   86   54   52   50   49   45   47   44   47   44   46   44   46   44   46   44
   46   43   46   43   46   42   45   40   42   38   40   36   38   33   36   32
   34   31   34   32   35   33   37   36   41   40   45   44   49   48   53   52
   56   55   59   57   60   58   61   59   61   58   61   58   60   57   59   55
   57   54   56   52   57   46   51   80   86                                   
    82.5-180.0 180.0   5.0 450.0                            LAT/LON1/LON2/DLON/H
   80   55   52   55   53   49   51   49   52   48   51   49   51   48   51   49
   51   48   49   47   47   44   44   41   41   36   37   33   33   28   30   25
   28   24   28   25   29   27   33   32   39   38   45   45   51   50   57   55
   61   59   64   61   65   62   65   61   65   60   63   59   63   58   62   58
   61   57   61   57   60   50   57   80   80                                   
    80.0-180.0 180.0   5.0 450.0                            LAT/LON1/LON2/DLON/H
   83   65   64   67   62   61   61   61   62   60   61   61   62   61   62   62
   62   61   62   60   59   57   56   53   51   47   45   42   40   37   35   33
   32   31   32   32   34   35   39   41   45   49   54   57   60   63   66   68
   70   70   72   71   72   70   70   69   68   66   66   64   64   62   63   63
   64   64   67   66   67   61   65   86   83                                   
    77.5-180.0 180.0   5.0 450.0                            LAT/LON1/LON2/DLON/H
   92   74   72   74   70   69   69   69   69   68   69   68   68   68   68   68
   68   68   68   68   67   66   65   62   59   56   53   49   46   43   41   38
   36   35   35   34   35   37   40   43   47   51   55   59   63   65   68   70
   71   72   72   71   70   68   66   64   62   60   59   57   57   56   57   58
   61   62   66   68   71   68   71   88   92                                   
    75.0-180.0 180.0   5.0 450.0                            LAT/LON1/LON2/DLON/H
   96   84   83   87   82   82   81   81   80   79   78   76   75   74   73   72
   71   71   72   73   72   73   72   70   66   63   60   57   54   51   49   46
   43   41   40   39   39   41   43   46   49   53   58   61   64   67   69   70
   71   71   70   68   65   63   60   58   55   53   51   50   50   51   53   56
   59   64   69   74   78   77   81   97   96                                   
    72.5-180.0 180.0   5.0 450.0                            LAT/LON1/LON2/DLON/H
  109   96   99  100   97   95   95   93   92   89   88   84   80   76   74   71
   69   68   68   69   69   70   70   68   66   63   61   59   56   55   53   50
   47   45   43   40   40   39   42   43   47   49   54   56   60   61   63   62
   63   61   60   56   54   50   49   45   44   41   41   40   42   44   49   53
   59   65   73   79   87   89   94  105  109                                   
    70.0-180.0 180.0   5.0 450.0                            LAT/LON1/LON2/DLON/H
  117  113  116  119  114  113  112  110  109  105  101   94   87   80   74   68
   64   61   62   61   63   63   63   62   60   59   58   57   57   57   56   54
   51   47   44   41   39   37   39   40   42   44   49   50   53   52   53   51
   50   48   46   43   41   37   36   34   34   32   34   35   39   43   49   56
   63   71   82   90  100  103  111  120  117                                   
    67.5-180.0 180.0   5.0 450.0                            LAT/LON1/LON2/DLON/H
  133  130  134  135  131  129  128  127  125  121  115  107   96   85   75   66
   60   56   55   54   55   55   55   54   53   52   53   53   55   55   55   53
   51   46   43   37   35   32   34   33   37   37   42   42   44   42   43   39
   39   35   35   30   30   27   28   26   28   28   33   34   41   45   54   61
   71   79   92  101  113  118  126  134  133                                   
    65.0-180.0 180.0   5.0 450.0                            LAT/LON1/LON2/DLON/H
  144  148  150  152  145  145  142  142  139  135  127  118  105   91   78   66
   58   52   50   49   49   48   48   47   46   46   47   49   51   53   54   52
   49   45   40   35   31   29   29   29   32   33   36   36   37   35   34   31
   29   26   25   22   22   20   22   22   26   30   36   41   49   56   64   72
   82   91  103  113  124  131  140  146  144                                   
    62.5-180.0 180.0   5.0 450.0                            LAT/LON1/LON2/DLON/H
  161  162  165  164  157  155  153  152  150  147  139  129  115  100   84   70
   61   54   51   48   47   45   43   40   40   39   41   43   46   48   49   47
   45   39   35   29   26   23   24   25   28   29   33   33   34   31   30   25
   24   20   19   16   18   17   20   22   30   34   44   50   60   66   76   83
   94  101  113  122  134  140  149  156  161                                   
    60.0-180.0 180.0   5.0 450.0                            LAT/LON1/LON2/DLON/H
  168  174  177  175  165  162  159  159  156  154  146  137  123  107   90   76
   66   59   55   51   48   44   41   37   35   34   36   38   43   45   46   44
   42   36   32   27   24   22   24   25   29   31   34   34   35   32   30   25
   22   18   17   15   17   18   22   26   34   42   52   61   72   79   88   95
  104  112  121  130  139  145  155  161  168                                   
    57.5-180.0 180.0   5.0 450.0                            LAT/LON1/LON2/DLON/H
  183  186  188  184  174  169  165  164  162  160  153  144  131  118  102   88
   77   70   65   59   54   48   43   37   35   33   35   38   43   45   46   44
   41   36   32   28   26   26   27   30   35   38   41   42   42   39   36   31
   28   24   22   21   22   23   27   32   41   49   60   69   81   88   98  104
  114  120  129  136  144  151  159  164  183                                   
    55.0-180.0 180.0   5.0 450.0                            LAT/LON1/LON2/DLON/H
  190  195  200  196  184  179  172  170  166  163  155  149  136  125  112   99
   90   82   76   68   61   53   46   39   37   37   40   43   48   50   50   47
   44   40   37   34   34   35   38   41   46   49   53   53   54   50   47   42
   38   34   32   30   30   31   35   40   48   57   68   78   88   96  105  112
  121  127  135  141  148  154  163  168  190                                   
    52.5-180.0 180.0   5.0 450.0                            LAT/LON1/LON2/DLON/H
  205  206  211  206  197  191  183  178  172  168  159  152  142  133  122  113
  104   95   86   77   69   60   52   47   45   46   49   53   57   59   57   55
   51   49   47   47   48   51   54   58   61   64   67   68   68   65   61   56
   52   48   45   43   43   43   45   48   56   62   73   81   92   99  109  116
  126  132  141  147  153  159  166  172  205                                   
    50.0-180.0 180.0   5.0 450.0                            LAT/LON1/LON2/DLON/H
  215  218  224  220  211  206  197  190  181  173  162  154  144  137  129  121
  113  103   93   82   74   65   59   55   55   57   62   66   69   70   67   64
   61   60   60   62   66   70   73   75   78   80   82   83   83   80   77   72
   68   64   61   59   58   57   59   61   66   72   80   87   97  103  112  120
  130  138  148  155  161  165  172  176  215                                   
    47.5-180.0 180.0   5.0 450.0                            LAT/LON1/LON2/DLON/H
  225  225  233  232  227  222  214  206  194  183  168  158  147  142  134  128
  119  108   97   86   78   72   68   67   68   72   76   79   81   80   76   73
   71   71   74   79   85   90   91   93   93   95   96   97   97   95   91   87
   83   79   76   74   73   72   72   73   77   80   87   92  100  106  114  122
  133  143  155  163  169  173  177  181  225                                   
    45.0-180.0 180.0   5.0 450.0                            LAT/LON1/LON2/DLON/H
  228  232  240  242  237  235  228  221  208  195  177  164  152  146  138  131
  121  108   97   87   81   78   78   79   83   86   90   91   91   88   83   79
   79   80   86   93  100  104  106  105  105  104  106  107  108  106  104  100
   97   93   90   87   87   85   86   85   89   91   96  100  106  110  118  125
  136  147  161  170  176  180  183  186  228                                   
    42.5-180.0 180.0   5.0 450.0                            LAT/LON1/LON2/DLON/H
  227  228  236  239  238  238  235  231  221  207  186  172  158  151  142  134
  121  109   97   90   87   88   90   93   96   99  100   99   97   92   86   83
   82   86   93  101  108  112  112  111  110  109  110  112  114  113  112  108
  105  101   99   96   97   95   96   95   99  101  105  107  113  115  122  128
  140  151  165  175  181  184  186  190  227                                   
    40.0-180.0 180.0   5.0 450.0                            LAT/LON1/LON2/DLON/H
  217  221  227  227  227  231  232  233  228  215  196  178  164  155  145  135
  122  108   98   94   95   99  104  106  107  107  106  102   98   93   88   85
   86   90   97  105  113  115  116  113  112  111  114  116  119  118  117  113
  111  107  105  103  104  103  104  104  108  111  115  118  123  125  130  135
  147  156  170  179  184  187  189  190  217                                   
    37.5-180.0 180.0   5.0 450.0                            LAT/LON1/LON2/DLON/H
  209  209  211  210  209  215  220  227  227  219  202  186  170  161  149  139
  125  113  105  105  108  114  117  117  114  110  106  101   96   91   87   86
   87   92   99  105  112  114  115  113  111  111  114  117  120  120  119  115
  112  108  106  104  105  104  107  108  114  118  124  128  134  136  141  146
  154  163  175  182  186  190  191  192  209                                   
    35.0-180.0 180.0   5.0 450.0                            LAT/LON1/LON2/DLON/H
  204  204  203  197  193  198  205  216  221  218  204  189  174  164  153  141
  130  119  114  115  120  125  125  121  115  108  103   97   95   92   91   91
   94   97  103  107  113  114  115  113  113  113  118  120  123  122  120  115
  112  106  105  101  103  102  105  107  116  121  130  135  143  146  153  156
  165  170  181  187  190  195  199  201  204                                   
    32.5-180.0 180.0   5.0 450.0                            LAT/LON1/LON2/DLON/H
  218  212  207  197  188  191  197  209  216  216  204  192  178  169  159  149
  138  130  126  128  130  131  126  119  110  103   98   96   96   98  100  102
  106  108  111  113  115  117  117  116  116  117  121  123  125  122  119  113
  109  102   99   95   97   96  102  106  118  125  137  144  153  157  164  169
  175  180  190  195  199  206  213  218  218                                   
    30.0-180.0 180.0   5.0 450.0                            LAT/LON1/LON2/DLON/H
  248  245  239  223  209  205  206  214  218  217  207  194  182  172  164  155
  146  140  137  135  134  129  121  111  104  100  101  103  108  113  119  123
  126  127  126  124  124  123  123  122  122  123  127  127  128  123  119  111
  106   98   95   89   90   90   96  103  117  128  143  152  163  169  178  182
  189  193  204  210  215  227  240  248  248                                   
    27.5-180.0 180.0   5.0 450.0                            LAT/LON1/LON2/DLON/H
  304  299  298  280  260  245  238  236  235  229  215  202  187  178  169  163
  155  149  144  138  130  120  109  102   99  103  110  119  128  137  145  150
  151  148  143  138  133  131  128  127  126  127  128  127  126  121  116  108
  102   94   89   83   82   82   90   99  115  129  146  159  172  181  192  198
  206  210  224  232  238  255  274  286  304                                   
    25.0-180.0 180.0   5.0 450.0                            LAT/LON1/LON2/DLON/H
  374  389  389  370  346  321  301  283  269  254  234  215  197  185  175  168
  161  153  145  133  119  105   95   92  100  112  128  141  154  163  172  177
  176  171  163  154  147  142  137  133  131  129  129  126  124  117  112  104
   99   90   85   77   77   76   84   96  115  131  150  164  180  192  206  215
  225  232  246  255  266  292  325  334  374                                   
    22.5-180.0 180.0   5.0 450.0                            LAT/LON1/LON2/DLON/H
  454  483  491  483  454  422  383  352  323  294  264  238  212  197  182  175
  165  156  142  125  104   90   85   91  108  130  151  169  181  191  197  200
  198  189  176  165  155  149  142  137  132  129  126  123  120  113  108  101
   97   88   82   74   73   73   84   97  120  139  159  176  192  207  224  235
  249  256  273  283  300  331  371  380  454                                   
    20.0-180.0 180.0   5.0 450.0                            LAT/LON1/LON2/DLON/H
  522  574  593  598  577  538  483  435  387  347  306  269  236  212  194  182
  170  156  139  116   95   83   87  102  129  155  179  195  205  209  212  213
  209  199  186  173  163  155  148  141  135  127  124  119  116  109  106   99
   94   84   78   72   72   75   88  103  128  148  170  188  207  223  244  259
  276  287  306  319  339  378  422  423  522                                   
    17.5-180.0 180.0   5.0 450.0                            LAT/LON1/LON2/DLON/H
  567  625  658  680  673  637  576  514  451  403  354  307  265  235  209  195
  178  162  140  117   97   93  105  131  162  189  209  218  220  219  217  215
  211  201  189  178  168  162  153  146  136  128  123  118  114  108  103   97
   91   81   72   69   72   80   95  114  141  164  187  207  228  246  266  285
  307  319  340  355  378  413  453  455  567                                   
    15.0-180.0 180.0   5.0 450.0                            LAT/LON1/LON2/DLON/H
  583  646  690  726  729  704  649  584  511  456  404  355  307  267  236  212
  193  172  149  128  116  120  142  172  204  225  237  235  227  218  214  210
  207  198  190  180  172  165  159  150  141  129  124  118  117  108  103   95
   88   77   70   68   76   87  106  126  156  178  204  225  247  266  288  311
  335  352  370  385  407  439  476  476  583                                   
    12.5-180.0 180.0   5.0 450.0                            LAT/LON1/LON2/DLON/H
  565  623  671  712  727  712  673  615  551  494  443  398  350  305  268  238
  214  195  172  155  149  163  191  221  250  259  256  242  226  214  206  204
  201  197  190  183  174  170  163  156  145  134  127  123  119  110  101   92
   82   73   66   69   80   95  117  141  171  195  221  243  265  285  311  334
  357  372  390  401  425  450  480  480  565                                   
    10.0-180.0 180.0   5.0 450.0                            LAT/LON1/LON2/DLON/H
  527  580  628  669  689  683  659  617  569  521  476  435  393  348  306  272
  245  222  206  194  199  219  251  280  293  284  264  239  219  205  199  197
  197  194  190  183  177  173  169  162  152  140  134  127  123  111  100   89
   80   71   69   73   88  105  130  155  184  209  233  255  277  302  327  354
  376  391  406  418  437  456  478  473  527                                   
     7.5-180.0 180.0   5.0 450.0                            LAT/LON1/LON2/DLON/H
  483  519  559  598  620  622  609  585  556  523  490  460  427  387  346  309
  282  260  247  241  253  279  309  326  320  290  257  226  207  199  195  196
