data/unet/pred3570.15i
     1.0            IONOSPHERE MAPS     GNSS                IONEX VERSION / TYPE
pyspatialgeodesy        IME             05-JAN-18 20:20     PGM / RUN BY / DATE 
Map Name                                                    COMMENT             
Predicted global ionosphere maps (GIM).                     DESCRIPTION         
  2015    12    23     0     0     0                        EPOCH OF FIRST MAP  
  2015    12    24     0     0     0                        EPOCH OF LAST MAP   
  7200                                                      INTERVAL            
    13                                                      # OF MAPS IN FILE   
  NONE                                                      MAPPING FUNCTION    
10.0                                                        ELEVATION CUTOFF    
One-way carrier phase leveled to code                       OBSERVABLES USED    
  6371.0                                                    BASE RADIUS         
 2                                                          MAP DIMENSION       
   450.0 450.0   0.0                                        HGT1 / HGT2 / DHGT  
    87.5 -87.5  -2.5                                        LAT1 / LAT2 / DLAT  
  -180.0 180.0   5.0                                        LON1 / LON2 / DLON  
    -1                                                      EXPONENT            
                                                            END OF HEADER       
[from data line 3003]
     8                                                      START OF TEC MAP    
  2015    12    23    14     0     0                        EPOCH OF CURRENT MAP
    87.5-180.0 180.0   5.0 450.0                            LAT/LON1/LON2/DLON/H
   36   53   56   58   56   57   55   57   55   55   54   54   53   52   51   51
   51   51   50   50   50   50   50   51   50   52   51   53   51   54   52   54
   52   55   52   54   52   54   51   53   51   53   50   52   50   51   49   50
   49   49   48   48   49   49   49   50   51   51   52   53   53   54   53   54
   53   55   52   54   51   55   63   58   36                                   
    85.0-180.0 180.0   5.0 450.0                            LAT/LON1/LON2/DLON/H
   49   61   48   42   47   43   46   42   46   41   45   41   45   41   45   41
   46   42   46   42   45   42   45   42   45   43   45   43   46   44   46   44
   47   43   46   43   46   42   46   41   45   41   45   41   46   43   46   44
   48   47   50   48   51   50   52   51   53   51   54   51   54   50   53   49
   52   48   51   46   50   48   55   40   49                                   
    82.5-180.0 180.0   5.0 450.0                            LAT/LON1/LON2/DLON/H
   47   48   38   41   38   36   35   34   34   32   33   32   33   31   33   31
   34   31   34   32   35   33   36   35   38   37   39   39   40   40   39   40
   38   38   36   35   34   33   32   31   30   30   30   31   31   34   33   37
   37   41   40   45   44   48   47   50   48   51   49   51   49   50   48   48
   46   46   44   43   39   39   40   32   47                                   
    80.0-180.0 180.0   5.0 450.0                            LAT/LON1/LON2/DLON/H
   44   37   27   31   27   29   25   26   24   25   23   25   23   25   23   25
   24   27   25   29   27   30   28   33   31   36   32   39   35   40   35   40
   34   38   31   34   27   29   23   25   21   23   20   24   23   27   26   31
   32   37   37   43   43   47   47   50   48   50   48   50   47   48   43   45
   41   43   37   40   34   34   37   23   44                                   
    77.5-180.0 180.0   5.0 450.0                            LAT/LON1/LON2/DLON/H
   34   33   26   25   23   23   23   23   21   21   21   21   21   20   22   21
   23   22   24   24   26   26   28   29   30   32   34   36   37   38   39   39
   38   36   34   32   28   24   21   19   16   15   14   15   15   18   19   24
   26   31   33   39   40   44   45   47   46   47   46   46   44   44   42   42
   38   38   35   34   30   27   30   16   34                                   
    75.0-180.0 180.0   5.0 450.0                            LAT/LON1/LON2/DLON/H
   36   22   21   18   20   17   19   16   18   16   19   17   20   19   22   21
   25   23   26   25   29   27   31   30   34   34   37   39   42   43   45   44
   44   42   40   35   31   27   23   18   15   13   13   12   14   16   19   22
   26   29   34   37   41   43   46   46   47   45   46   44   45   42   42   40
   39   37   35   33   31   27   30   14   36                                   
    72.5-180.0 180.0   5.0 450.0                            LAT/LON1/LON2/DLON/H
   27   25   22   21   19   20   19   20   19   20   21   23   24   25   27   28
   29   29   30   30   32   32   35   37   39   41   44   47   50   52   54   55
   54   52   50   46   41   35   30   25   20   17   15   15   15   17   20   23
   26   31   33   38   39   42   43   45   44   44   44   43   42   42   42   41
   39   38   37   35   32   27   29   15   27                                   
    70.0-180.0 180.0   5.0 450.0                            LAT/LON1/LON2/DLON/H
   35   23   24   21   22   20   22   20   22   22   25   26   30   31   34   34
   35   35   36   37   38   40   43   44   48   49   53   56   59   63   65   66
   66   64   61   56   51   45   38   33   27   23   21   19   19   20   23   25
   29   29   33   35   38   38   40   39   40   39   41   40   41   39   41   39
   40   37   38   35   34   28   32   16   35                                   
    67.5-180.0 180.0   5.0 450.0                            LAT/LON1/LON2/DLON/H
   27   28   27   25   24   23   24   25   25   27   31   35   37   41   43   44
   43   44   42   45   44   48   51   55   57   63   64   70   71   76   77   80
   78   78   74   72   63   57   49   43   37   33   30   28   26   25   26   26
   27   28   29   31   31   32   32   33   33   34   35   36   37   37   39   38
   39   37   38   36   34   29   32   18   27                                   
    65.0-180.0 180.0   5.0 450.0                            LAT/LON1/LON2/DLON/H
   35   25   28   27   27   25   26   25   27   29   33   37   41   44   47   47
   46   46   46   48   48   54   56   62   65   70   74   77   80   85   86   89
   88   88   87   82   75   68   59   52   45   41   37   34   32   29   28   25
   25   23   24   23   24   22   23   23   25   26   29   28   32   32   35   34
   36   35   36   34   34   29   34   21   35                                   
    62.5-180.0 180.0   5.0 450.0                            LAT/LON1/LON2/DLON/H
   29   30   30   29   28   28   28   28   28   30   34   41   44   48   49   51
   49   49   49   52   55   59   63   72   74   81   82   87   88   92   94   98
   98   99   97   93   85   79   69   64   55   52   46   44   38   35   28   27
   22   23   20   20   17   17   17   18   19   20   23   24   27   27   29   29
   31   31   32   33   32   29   33   21   29                                   
    60.0-180.0 180.0   5.0 450.0                            LAT/LON1/LON2/DLON/H
   32   25   31   30   30   28   27   25   25   27   30   35   39   41   43   42
   43   43   45   51   54   60   66   75   81   87   89   93   95   99  101  106
  107  109  107  102   95   87   79   73   66   61   54   50   44   38   30   26
   21   19   17   15   13   12   12   13   15   17   21   22   26   24   27   25
   28   26   29   29   30   27   34   23   32                                   
    57.5-180.0 180.0   5.0 450.0                            LAT/LON1/LON2/DLON/H
   30   30   32   32   32   30   28   25   24   24   27   32   35   38   38   41
   40   42   46   53   59   65   72   84   89   98   99  106  105  109  112  117
  118  122  118  114  104   97   88   84   77   74   67   62   51   45   35   32
   24   23   19   20   16   15   14   15   17   19   23   25   27   25   26   24
   24   25   27   29   29   27   32   22   30                                   
    55.0-180.0 180.0   5.0 450.0                            LAT/LON1/LON2/DLON/H
   34   27   36   34   36   31   28   22   20   19   21   25   27   28   29   30
   31   36   43   52   61   68   77   87   95  104  108  114  115  119  121  127
  129  131  127  121  112  104   97   92   87   82   77   69   60   50   40   33
   28   26   24   23   21   20   19   21   23   26   30   30   32   29   28   24
   25   24   27   28   30   28   36   27   34                                   
    52.5-180.0 180.0   5.0 450.0                            LAT/LON1/LON2/DLON/H
   35   35   40   40   40   36   32   26   22   19   21   23   25   24   26   28
   32   39   49   60   69   78   86   98  104  114  118  126  126  131  133  138
  140  140  135  130  120  113  106  104   98   96   89   82   71   61   50   45
   39   36   34   34   31   31   29   32   33   37   39   40   38   36   33   30
   29   29   33   35   37   33   39   29   35                                   
    50.0-180.0 180.0   5.0 450.0                            LAT/LON1/LON2/DLON/H
   43   39   48   47   50   41   39   28   24   19   21   20   21   19   20   21
   29   38   53   65   77   84   94  104  114  121  127  132  135  138  141  145
  146  145  141  135  128  123  117  115  111  107  100   92   82   70   61   51
   48   44   44   42   42   41   39   42   45   47   50   48   48   42   41   36
   37   35   41   43   45   42   48   40   43                                   
    47.5-180.0 180.0   5.0 450.0                            LAT/LON1/LON2/DLON/H
   46   50   54   56   55   50   45   36   31   27   27   27   25   23   23   27
   35   48   63   79   89  100  105  120  125  136  137  144  142  146  147  151
  150  149  147  142  136  133  130  130  124  122  112  107   93   83   73   65
   60   57   55   54   52   50   47   51   51   55   56   57   54   51   48   47
   46   47   52   55   57   53   54   47   46                                   
    45.0-180.0 180.0   5.0 450.0                            LAT/LON1/LON2/DLON/H
   55   56   62   62   65   57   54   42   40   32   35   31   32   26   28   30
   42   55   74   88  100  108  116  125  134  140  144  147  148  149  150  151
  151  151  150  149  146  145  143  143  137  134  124  116  104   92   82   74
   69   64   63   59   57   53   51   53   56   59   61   60   59   55   55   53
   56   56   62   64   66   63   63   60   55                                   
    42.5-180.0 180.0   5.0 450.0                            LAT/LON1/LON2/DLON/H
   55   62   65   68   67   62   58   50   47   45   46   46   43   38   37   42
   52   68   85  103  113  123  128  138  142  149  149  153  151  150  149  149
  150  149  153  154  155  154  156  154  150  144  136  127  114  104   93   85
   78   73   68   63   58   52   49   51   52   56   58   61   59   60   59   61
   61   64   68   71   73   70   69   65   55                                   
    40.0-180.0 180.0   5.0 450.0                            LAT/LON1/LON2/DLON/H
   61   62   66   69   69   65   62   55   54   52   56   53   52   46   48   50
   63   78   96  113  124  132  138  144  150  154  155  157  154  151  147  148
  150  153  156  161  163  167  168  168  163  157  147  139  126  116  105   96
   88   79   71   62   56   47   45   44   49   52   56   57   60   60   63   64
   68   67   72   72   75   71   72   69   61                                   
    37.5-180.0 180.0   5.0 450.0                            LAT/LON1/LON2/DLON/H
   57   61   63   65   64   62   60   56   56   59   62   63   60   57   58   64
   74   90  105  123  131  142  148  155  159  161  162  160  158  151  150  149
  156  158  166  171  177  181  184  182  177  170  160  150  139  128  120  109
  100   88   78   64   55   46   42   42   44   48   51   55   56   60   62   67
   67   70   71   72   73   73   70   67   57                                   
    35.0-180.0 180.0   5.0 450.0                            LAT/LON1/LON2/DLON/H
   59   56   58   58   59   58   57   54   56   59   65   66   68   65   70   75
   87   99  115  129  140  151  159  165  169  170  169  167  161  157  154  159
  165  175  182  191  196  202  203  200  193  185  174  166  155  146  134  125
  113  103   88   73   60   49   44   41   47   49   54   54   57   60   64   67
   70   68   69   66   66   67   65   65   59                                   
    32.5-180.0 180.0   5.0 450.0                            LAT/LON1/LON2/DLON/H
   55   53   52   53   50   49   48   48   51   55   62   66   69   72   79   88
   99  111  122  136  147  162  170  178  179  180  180  177  175  171  175  182
  195  204  213  220  226  229  228  223  211  203  192  185  175  164  156  143
  135  121  111   93   78   66   57   57   58   60   62   65   64   67   66   70
   67   67   64   62   61   62   60   59   55                                   
    30.0-180.0 180.0   5.0 450.0                            LAT/LON1/LON2/DLON/H
   59   49   47   46   46   44   43   42   46   48   58   63   71   76   89   97
  112  119  132  141  157  170  183  187  191  191  190  190  190  194  204  217
  232  243  252  258  262  262  259  251  241  226  216  207  200  189  179  169
  161  153  144  130  114   96   82   75   74   74   77   77   78   77   78   76
   75   69   67   61   58   57   56   55   59                                   
    27.5-180.0 180.0   5.0 450.0                            LAT/LON1/LON2/DLON/H
   64   52   45   45   42   39   37   37   39   44   51   58   71   79   96  109
  125  132  142  153  168  183  193  200  203  203  204  208  213  225  240  259
  276  286  293  296  295  293  288  281  269  257  243  233  225  215  210  199
  198  188  189  172  162  139  125  109  103   97   95   94   92   91   88   88
   81   79   71   66   62   59   55   54   64                                   
    25.0-180.0 180.0   5.0 450.0                            LAT/LON1/LON2/DLON/H
   73   58   52   48   46   41   41   38   41   40   49   54   69   80  103  119
  138  143  155  162  181  192  206  210  217  215  220  224  239  254  278  298
  317  327  332  331  326  320  314  304  295  282  272  261  253  247  240  236
  230  227  222  215  200  184  167  150  138  127  118  111  109  105  105   99
   99   93   88   81   73   68   63   62   73                                   
    22.5-180.0 180.0   5.0 450.0                            LAT/LON1/LON2/DLON/H
   84   73   63   60   54   49   45   45   43   48   51   59   72   87  111  132
  151  158  168  179  192  204  213  219  223  225  233  247  263  289  316  341
  364  371  371  364  354  346  336  328  318  309  297  290  281  275  270  266
  264  263  261  252  240  219  203  182  171  156  146  136  130  126  121  118
  113  110  104   97   90   80   73   72   84                                   
    20.0-180.0 180.0   5.0 450.0                            LAT/LON1/LON2/DLON/H
  100   90   81   76   69   62   57   51   52   50   54   57   74   90  115  140
  161  171  183  192  204  212  222  225  231  236  248  266  291  317  352  378
  402  408  401  392  376  367  354  343  335  326  318  312  304  302  296  298
  292  295  287  287  269  255  229  213  194  181  167  158  151  144  140  134
  132  130  125  119  109  101   90   84  100                                   
    17.5-180.0 180.0   5.0 450.0                            LAT/LON1/LON2/DLON/H
   99  112  102   97   90   82   76   68   63   63   64   75   85  101  125  149
  173  184  197  206  215  221  227  229  237  246  264  290  317  345  380  408
  437  439  433  416  401  388  373  364  354  351  340  337  324  327  318  321
  310  316  308  307  291  275  250  229  211  195  184  172  165  157  155  149
  149  146  143  137  129  121  112   96   99                                   
    15.0-180.0 180.0   5.0 450.0                            LAT/LON1/LON2/DLON/H
  110  129  118  110  110  102   93   86   80   74   71   72   88  104  130  161
  187  204  215  222  226  232  235  242  250  267  286  313  340  369  401  428
  450  452  440  425  406  397  379  374  364  362  351  348  338  340  333  335
  324  328  316  315  294  279  250  232  213  202  189  178  171  164  160  156
  156  152  149  146  139  136  127  100  110                                   
    12.5-180.0 180.0   5.0 450.0                            LAT/LON1/LON2/DLON/H
  100  128  117  112  109  105  104  101   94   90   83   86   99  116  141  169
  201  219  232  234  239  240  250  255  272  289  310  334  359  383  413  433
  456  453  448  428  417  404  392  385  376  376  363  361  349  352  341  344
  328  334  317  314  287  270  239  223  206  196  188  179  175  168  164  160
  160  156  155  148  146  136  134  102  100                                   
    10.0-180.0 180.0   5.0 450.0                            LAT/LON1/LON2/DLON/H
  103  124  113  110  112  108  113  109  106   99   98   90  101  114  143  173
  212  238  251  256  256  266  270  288  303  325  336  358  374  397  416  432
  444  442  432  420  408  400  386  384  372  373  360  360  352  353  344  342
  325  326  306  294  267  246  218  206  196  191  186  181  176  169  164  164
  162  158  154  149  143  136  133  100  103                                   
     7.5-180.0 180.0   5.0 450.0                            LAT/LON1/LON2/DLON/H
   84  112  104  102  100  104  105  110  105  103  100  102  112  124  151  180
  221  245  263  267  274  276  292  306  328  342  358  373  389  405  418  431
