data/unet/pred0740.15i
     1.0            IONOSPHERE MAPS     GNSS                IONEX VERSION / TYPE
pyspatialgeodesy        IME             05-JAN-18 20:20     PGM / RUN BY / DATE 
Map Name                                                    COMMENT             
Predicted global ionosphere maps (GIM).                     DESCRIPTION         
  2015     3    15     0     0     0                        EPOCH OF FIRST MAP  
  2015     3    16     0     0     0                        EPOCH OF LAST MAP   
  7200                                                      INTERVAL            
    13                                                      # OF MAPS IN FILE   
  NONE                                                      MAPPING FUNCTION    
10.0                                                        ELEVATION CUTOFF    
One-way carrier phase leveled to code                       OBSERVABLES USED    
  6371.0                                                    BASE RADIUS         
 2                                                          MAP DIMENSION       
   450.0 450.0   0.0                                        HGT1 / HGT2 / DHGT  
    87.5 -87.5  -2.5                                        LAT1 / LAT2 / DLAT  
  -180.0 180.0   5.0                                        LON1 / LON2 / DLON  
    -1                                                      EXPONENT            
                                                            END OF HEADER       
     1                                                      START OF TEC MAP    
  2015     3    15     0     0     0                        EPOCH OF CURRENT MAP
    87.5-180.0 180.0   5.0 450.0                            LAT/LON1/LON2/DLON/H
  181  153  157  156  156  154  157  158  161  161  163  162  164  163  163  161
  161  158  158  154  152  150  147  144  142  139  137  134  132  130  129  126
  127  125  126  125  127  127  129  129  131  132  135  135  139  139  142  142
  144  145  147  147  150  151  153  153  155  155  156  156  157  157  157  156
  157  156  156  155  158  154  149  173  181                                   
    85.0-180.0 180.0   5.0 450.0                            LAT/LON1/LON2/DLON/H
  159  159  166  169  167  165  168  169  172  173  175  175  177  176  177  175
  175  172  170  165  163  157  154  148  144  139  135  130  127  122  121  117
  118  116  118  117  121  120  124  124  129  129  134  135  140  140  144  144
  148  148  151  152  154  155  158  159  161  162  163  164  164  165  165  165
  165  164  164  164  166  162  157  151  159                                   
    82.5-180.0 180.0   5.0 450.0                            LAT/LON1/LON2/DLON/H
  164  165  168  171  169  167  170  171  175  177  182  183  187  187  189  188
  186  183  179  173  168  160  154  144  138  129  124  116  113  106  105  101
  102  100  103  103  107  109  113  116  120  123  128  130  134  136  140  141
  144  146  148  149  152  153  156  157  160  161  164  165  168  167  169  168
  170  169  170  169  172  166  160  158  164                                   
    80.0-180.0 180.0   5.0 450.0                            LAT/LON1/LON2/DLON/H
  171  170  173  176  172  173  174  178  181  187  192  197  201  204  206  206
  203  199  193  185  175  166  156  145  134  125  116  109  102   97   94   92
   91   92   94   97  101  105  110  114  118  121  126  129  132  134  136  138
  140  141  143  145  147  149  152  154  157  160  163  165  168  169  171  173
  174  175  175  176  177  174  167  167  171                                   
    77.5-180.0 180.0   5.0 450.0                            LAT/LON1/LON2/DLON/H
  179  177  178  178  175  176  178  182  187  193  200  207  212  216  219  219
  216  211  203  193  180  168  156  142  130  118  109  100   93   88   85   83
   83   85   88   92   96  102  106  111  115  119  122  125  126  127  128  129
  129  130  131  133  134  137  140  143  147  151  156  159  163  165  169  170
  173  174  175  176  179  176  174  174  179                                   
    75.0-180.0 180.0   5.0 450.0                            LAT/LON1/LON2/DLON/H
  193  192  193  192  187  185  186  188  193  200  208  215  222  226  228  226
  222  214  205  193  180  166  153  139  126  115  105   96   89   83   81   78
   79   80   84   88   93   97  104  107  111  113  117  117  117  116  116  114
  113  112  113  114  117  120  124  128  134  138  144  150  156  160  165  168
  172  173  176  178  182  184  182  184  193                                   
    72.5-180.0 180.0   5.0 450.0                            LAT/LON1/LON2/DLON/H
  216  211  212  208  200  198  195  197  201  207  214  221  228  230  230  226
  219  209  198  185  172  158  146  133  121  111  103   95   89   84   81   79
   79   80   83   86   90   94   98  101  104  105  105  105  102  100   96   93
   91   90   91   93   96  100  105  110  118  124  131  138  146  153  160  165
  171  173  178  182  188  192  195  199  216                                   
    70.0-180.0 180.0   5.0 450.0                            LAT/LON1/LON2/DLON/H
  242  234  238  232  222  215  210  209  211  216  221  228  232  233  229  221
  210  198  185  172  160  149  139  128  120  111  105   98   93   88   86   83
   83   81   84   84   88   88   92   93   95   93   94   90   88   83   80   75
   74   72   75   76   81   84   91   97  106  113  121  129  139  146  155  161
  169  173  181  187  193  202  207  217  242                                   
    67.5-180.0 180.0   5.0 450.0                            LAT/LON1/LON2/DLON/H
  270  258  262  255  244  235  227  223  223  226  230  234  236  232  225  213
  200  185  171  158  148  139  132  124  118  111  107  101   97   93   90   88
   85   83   82   82   81   81   81   81   81   79   78   74   70   66   62   58
   57   58   61   65   70   75   83   90  100  108  117  126  136  145  154  161
  170  176  184  193  202  211  220  232  270                                   
    65.0-180.0 180.0   5.0 450.0                            LAT/LON1/LON2/DLON/H
  288  282  286  278  266  255  245  240  237  239  240  242  239  232  221  208
  192  177  162  151  143  136  131  125  121  115  111  106  102   98   95   91
   88   84   81   77   75   71   71   69   70   67   67   63   60   54   52   49
   50   52   57   62   69   75   84   91  102  110  120  129  140  148  159  165
  174  180  189  198  207  220  231  247  288                                   
    62.5-180.0 180.0   5.0 450.0                            LAT/LON1/LON2/DLON/H
  299  292  298  292  282  269  259  251  249  247  249  247  242  232  220  206
  191  176  163  154  147  141  136  131  125  120  114  110  105  102   98   93
   88   83   77   72   66   62   59   58   59   58   58   56   53   49   46   45
   47   52   58   64   72   80   88   97  107  116  127  137  150  159  169  176
  183  188  196  204  214  225  236  253  299                                   
    60.0-180.0 180.0   5.0 450.0                            LAT/LON1/LON2/DLON/H
  299  297  305  301  292  280  270  261  258  256  256  252  245  233  219  207
  195  183  172  165  158  152  145  139  132  124  118  112  108  104  100   95
   89   82   75   68   62   56   55   53   56   56   58   55   54   49   48   47
   52   56   64   71   80   87   95  103  114  124  135  147  161  172  183  191
  198  202  208  214  220  232  243  261  299                                   
    57.5-180.0 180.0   5.0 450.0                            LAT/LON1/LON2/DLON/H
  299  297  306  305  298  287  277  268  263  260  259  254  247  234  223  212
  204  197  189  184  176  168  158  148  138  129  121  116  111  107  103   98
   91   84   76   70   61   58   55   56   59   61   62   61   60   57   54   55
   59   65   71   79   87   94  101  108  119  129  143  156  174  186  200  208
  218  222  228  230  234  239  248  264  299                                   
    55.0-180.0 180.0   5.0 450.0                            LAT/LON1/LON2/DLON/H
  298  301  310  311  305  297  287  280  273  270  266  260  250  239  228  221
  216  212  207  201  193  182  168  155  144  133  126  120  117  114  109  103
   96   88   82   75   69   65   65   65   71   71   75   73   73   68   67   66
   71   75   82   88   95   99  105  112  123  135  150  165  184  200  216  231
  241  249  252  254  253  257  262  274  298                                   
    52.5-180.0 180.0   5.0 450.0                            LAT/LON1/LON2/DLON/H
  307  311  320  323  320  313  304  295  286  279  273  264  254  243  234  229
  227  225  221  214  205  192  177  163  151  141  134  131  128  125  119  112
  104   97   90   86   80   79   78   81   83   86   88   87   86   83   80   80
   82   86   90   95   99  102  107  114  126  140  156  173  193  210  232  248
  264  272  279  280  280  278  277  285  307                                   
    50.0-180.0 180.0   5.0 450.0                            LAT/LON1/LON2/DLON/H
  321  330  339  344  341  337  328  318  305  295  284  273  260  249  240  237
  236  234  228  220  210  196  181  168  159  151  147  144  142  138  131  122
  113  105  100   97   94   93   94   95   99   99  102  100  100   96   95   94
   97   98  101  101  104  105  109  117  130  145  161  178  197  216  237  259
  277  293  302  308  307  304  302  302  321                                   
    47.5-180.0 180.0   5.0 450.0                            LAT/LON1/LON2/DLON/H
  340  353  362  368  366  364  355  343  329  314  299  284  269  256  247  243
  241  237  230  220  208  197  184  175  169  165  162  160  157  151  141  130
  119  112  107  107  105  107  106  109  109  111  111  111  110  108  107  107
  109  109  108  107  106  106  111  120  136  151  168  184  204  221  243  263
  285  301  316  324  327  324  319  318  340                                   
    45.0-180.0 180.0   5.0 450.0                            LAT/LON1/LON2/DLON/H
  354  374  382  390  390  390  380  371  355  339  320  302  285  271  259  252
  245  238  227  217  207  197  189  183  181  178  175  172  166  157  145  133
  121  113  112  113  114  115  117  116  118  117  119  117  119  118  119  119
  121  119  117  112  110  110  114  125  141  158  174  189  207  223  243  264
  284  305  321  333  339  340  340  335  354                                   
    42.5-180.0 180.0   5.0 450.0                            LAT/LON1/LON2/DLON/H
  366  388  397  406  409  408  399  391  375  360  341  323  305  289  274  262
  251  240  229  219  211  204  198  195  193  190  184  177  167  156  142  130
  118  113  111  115  116  120  119  121  120  122  122  122  123  125  126  128
  130  128  124  118  115  114  120  131  151  167  184  198  214  228  247  263
  283  300  319  331  343  348  348  347  366                                   
    40.0-180.0 180.0   5.0 450.0                            LAT/LON1/LON2/DLON/H
  372  395  403  410  413  412  404  401  390  378  360  343  327  310  294  278
  265  251  239  229  223  218  213  208  204  197  188  175  162  149  136  125
  117  113  114  117  120  123  124  124  125  124  126  125  129  130  133  134
  137  134  129  122  119  118  125  137  159  177  194  206  221  234  250  265
  281  297  314  328  341  352  360  358  372                                   
    37.5-180.0 180.0   5.0 450.0                            LAT/LON1/LON2/DLON/H
  382  400  408  411  412  411  404  403  396  389  374  361  347  332  316  300
  285  272  261  254  247  241  232  224  213  201  185  168  153  140  129  123
  118  117  118  122  124  128  127  129  129  130  130  131  133  134  137  137
  139  134  129  121  119  118  127  140  164  183  201  214  229  241  256  269
  283  296  312  325  342  355  366  368  382                                   
    35.0-180.0 180.0   5.0 450.0                            LAT/LON1/LON2/DLON/H
  394  404  412  414  416  414  408  407  402  399  388  379  368  355  339  324
  310  300  291  286  278  269  254  237  219  200  182  161  149  139  135  133
  134  135  137  138  138  139  139  139  140  138  139  137  138  137  137  136
  136  130  125  119  117  117  126  140  163  183  202  216  234  247  262  277
  291  303  317  333  349  369  388  389  394                                   
    32.5-180.0 180.0   5.0 450.0                            LAT/LON1/LON2/DLON/H
  419  419  433  429  429  426  420  417  412  408  401  396  388  378  363  350
  338  331  323  319  306  292  270  247  223  203  183  167  157  154  155  160
  165  167  167  164  160  159  155  155  153  151  150  147  144  140  136  131
  129  122  117  109  107  106  116  130  153  175  196  214  235  252  270  289
  304  316  331  346  367  389  414  423  419                                   
    30.0-180.0 180.0   5.0 450.0                            LAT/LON1/LON2/DLON/H
  465  461  463  458  455  450  443  437  430  425  417  417  411  403  388  375
  364  358  352  345  327  305  276  250  228  212  201  193  193  195  202  209
  217  215  212  201  192  183  178  174  171  165  161  155  150  143  135  128
  122  115  109  102   99   98  106  119  144  167  192  216  240  262  283  306
  323  339  353  370  389  416  448  475  465                                   
    27.5-180.0 180.0   5.0 450.0                            LAT/LON1/LON2/DLON/H
  535  529  520  509  500  490  478  465  457  446  439  436  433  425  412  398
  387  382  373  360  336  306  274  252  239  238  240  247  255  266  276  282
  284  276  265  245  227  214  201  194  185  177  167  160  151  142  130  120
  112  103   95   89   87   88   96  114  139  169  195  225  251  278  299  325
  346  364  383  402  423  453  492  536  535                                   
    25.0-180.0 180.0   5.0 450.0                            LAT/LON1/LON2/DLON/H
  616  611  599  586  568  550  528  515  500  486  473  468  459  451  432  419
  405  398  384  363  330  300  271  262  266  287  309  332  349  361  368  367
  359  338  318  289  264  239  223  209  197  185  173  162  152  140  127  114
  103   93   88   80   80   82   95  112  141  174  205  241  268  300  321  351
  374  398  421  445  471  508  564  617  616                                   
    22.5-180.0 180.0   5.0 450.0                            LAT/LON1/LON2/DLON/H
  691  700  686  670  651  630  599  578  559  540  524  510  496  477  458  438
  423  408  388  359  324  295  278  286  315  362  403  435  450  457  455  445
  421  392  360  326  293  262  238  220  202  187  169  157  144  134  119  107
   95   88   82   76   77   81   96  115  149  186  221  260  290  323  348  381
  406  436  462  491  522  565  631  694  691                                   
    20.0-180.0 180.0   5.0 450.0                            LAT/LON1/LON2/DLON/H
  749  771  767  751  741  718  686  661  630  608  586  571  550  524  491  467
  442  422  393  358  322  303  302  337  394  461  510  541  549  541  528  499
  470  422  385  344  307  271  243  221  201  183  165  152  143  135  119  106
   97   90   85   82   82   88  103  127  165  204  244  286  319  354  381  415
  445  476  510  540  581  626  702  756  749                                   
    17.5-180.0 180.0   5.0 450.0                            LAT/LON1/LON2/DLON/H
  783  824  831  822  813  793  768  740  709  677  651  629  608  580  546  510
  481  447  415  374  343  335  359  415  483  551  595  611  604  581  548  513
  470  427  385  346  306  271  242  220  196  177  158  147  140  132  121  111
  102   96   92   89   89   95  115  145  187  235  269  313  347  385  411  445
  470  504  536  576  617  664  734  786  783                                   
    15.0-180.0 180.0   5.0 450.0                            LAT/LON1/LON2/DLON/H
  802  847  868  862  861  842  829  806  780  746  712  691  665  642  613  581
  542  501  455  414  385  397  439  510  578  633  656  644  617  570  529  478
  443  402  367  329  294  261  239  218  193  173  155  146  143  136  130  119
  112  107  104  100   99  106  129  165  214  258  296  333  372  404  437  464
  495  524  566  601  646  684  757  791  802                                   
    12.5-180.0 180.0   5.0 450.0                            LAT/LON1/LON2/DLON/H
  785  837  855  861  859  856  851  838  822  790  761  734  717  697  677  654
  625  578  528  481  456  480  536  605  653  679  668  625  572  510  455  412
  382  356  328  301  273  251  235  218  192  174  155  146  143  139  136  128
  123  117  111  107  104  111  138  182  229  271  306  347  383  422  450  481
  508  543  580  620  655  688  745  774  785                                   
    10.0-180.0 180.0   5.0 450.0                            LAT/LON1/LON2/DLON/H
  772  809  824  831  832  841  847  851  847  828  807  784  770  757  742  733
  716  678  622  578  548  587  633  683  699  680  635  562  487  412  364  326
  315  298  289  273  254  242  232  213  191  173  160  150  148  144  142  133
  128  122  116  110  108  118  149  190  240  277  315  351  393  430  465  493
  525  559  602  634  668  691  743  750  772                                   
     7.5-180.0 180.0   5.0 450.0                            LAT/LON1/LON2/DLON/H
  741  774  777  783  785  802  822  840  849  844  833  816  810  796  792  794
  789  754  709  667  649  673  709  720  697  628  549  455  373  304  269  251
