data/unet/pred0930.15i
     1.0            IONOSPHERE MAPS     GNSS                IONEX VERSION / TYPE
pyspatialgeodesy        IME             05-JAN-18 20:20     PGM / RUN BY / DATE 
Map Name                                                    COMMENT             
Predicted global ionosphere maps (GIM).                     DESCRIPTION         
  2015     4     3     0     0     0                        EPOCH OF FIRST MAP  
  2015     4     4     0     0     0                        EPOCH OF LAST MAP   
  7200                                                      INTERVAL            
    13                                                      # OF MAPS IN FILE   
  NONE                                                      MAPPING FUNCTION    
10.0                                                        ELEVATION CUTOFF    
One-way carrier phase leveled to code                       OBSERVABLES USED    
  6371.0                                                    BASE RADIUS         
 2                                                          MAP DIMENSION       
   450.0 450.0   0.0                                        HGT1 / HGT2 / DHGT  
    87.5 -87.5  -2.5                                        LAT1 / LAT2 / DLAT  
  -180.0 180.0   5.0                                        LON1 / LON2 / DLON  
    -1                                                      EXPONENT            
                                                            END OF HEADER       
[from data line 858]
     3                                                      START OF TEC MAP    
  2015     4     3     4     0     0                        EPOCH OF CURRENT MAP
    87.5-180.0 180.0   5.0 450.0                            LAT/LON1/LON2/DLON/H
  166  162  152  156  154  157  157  162  162  165  165  167  165  167  166  167
  165  166  164  163  161  159  157  153  150  145  143  138  137  133  133  129
  130  128  130  127  129  128  132  129  135  134  139  139  142  144  146  148
  149  151  151  153  153  155  155  156  156  158  156  158  157  158  156  157
  155  155  151  152  151  147  157  173  166                                   
    85.0-180.0 180.0   5.0 450.0                            LAT/LON1/LON2/DLON/H
  170  169  152  161  157  160  160  166  163  170  167  172  166  172  166  169
  164  167  162  163  158  157  152  150  144  142  137  133  129  128  124  124
  121  123  121  123  122  124  124  126  128  130  133  133  137  138  142  142
  147  147  152  152  156  157  160  161  164  165  167  167  168  169  168  168
  167  167  163  164  160  156  161  167  170                                   
    82.5-180.0 180.0   5.0 450.0                            LAT/LON1/LON2/DLON/H
  159  160  163  163  158  157  161  162  168  169  175  175  178  177  179  176
  177  174  173  169  166  160  156  150  145  138  133  128  122  117  115  111
  110  108  109  109  111  114  119  123  127  133  137  141  145  148  153  155
  160  163  168  172  178  180  185  187  192  193  196  195  198  197  196  194
  192  188  182  180  176  169  167  163  159                                   
    80.0-180.0 180.0   5.0 450.0                            LAT/LON1/LON2/DLON/H
  173  175  176  176  170  172  175  180  180  185  185  190  187  192  188  191
  186  186  180  178  170  165  155  149  140  134  127  122  115  112  107  105
  104  104  106  109  111  117  120  127  131  137  142  147  152  156  162  165
  173  176  186  189  199  203  212  214  223  224  229  229  233  230  229  225
  222  216  210  204  198  186  182  177  173                                   
    77.5-180.0 180.0   5.0 450.0                            LAT/LON1/LON2/DLON/H
  183  187  185  185  178  181  182  186  185  188  190  193  192  195  193  195
  191  189  183  178  167  160  147  140  127  123  113  111  104  102   98   98
   97   99  102  106  110  114  120  124  133  138  147  152  160  165  174  179
  187  195  203  211  219  228  234  243  249  256  259  263  264  262  260  253
  248  239  233  224  219  202  196  192  183                                   
    75.0-180.0 180.0   5.0 450.0                            LAT/LON1/LON2/DLON/H
  201  201  197  191  188  188  189  188  187  187  187  188  185  186  182  184
  178  178  170  164  154  145  135  125  118  110  104   99   94   92   88   89
   88   92   94   99  103  110  116  123  130  138  148  156  165  174  183  191
  200  209  220  228  238  246  255  263  271  276  281  281  283  280  278  271
  267  257  254  240  235  218  217  209  201                                   
    72.5-180.0 180.0   5.0 450.0                            LAT/LON1/LON2/DLON/H
  219  215  210  205  197  197  194  192  189  186  184  179  176  171  167  164
  162  159  154  147  139  131  124  118  111  105   99   94   89   87   84   85
   84   89   91   98  102  109  115  122  129  137  149  159  170  180  191  202
  212  224  233  245  254  264  274  282  290  293  295  294  293  289  286  280
  275  269  266  255  249  239  236  232  219                                   
    70.0-180.0 180.0   5.0 450.0                            LAT/LON1/LON2/DLON/H
  231  227  225  215  208  204  203  198  193  188  181  174  165  156  144  139
  131  130  125  125  121  118  115  109  106  101   96   93   88   87   83   85
   83   87   87   95   98  105  112  119  128  134  150  159  174  184  198  209
  223  234  247  258  269  280  289  297  302  302  300  296  291  285  279  275
  271  269  269  262  259  249  253  242  231                                   
    67.5-180.0 180.0   5.0 450.0                            LAT/LON1/LON2/DLON/H
  242  236  232  226  215  212  207  204  196  190  180  170  157  142  129  119
  111  106  105  105  105  106  105  105  101  101   97   95   90   89   84   85
   83   85   84   89   92   99  104  113  119  131  144  158  172  186  202  216
  234  246  261  273  289  298  307  311  313  309  302  296  286  279  269  266
  261  262  262  260  259  258  256  250  242                                   
    65.0-180.0 180.0   5.0 450.0                            LAT/LON1/LON2/DLON/H
  247  243  243  234  226  220  215  211  205  199  187  177  160  146  128  118
  106  100   97   97   98  101  100  102   99  100   97   96   93   90   86   85
   80   83   78   82   83   89   95  103  113  125  141  154  172  189  209  226
  246  259  277  289  304  312  317  319  316  310  298  291  278  271  259  255
  248  249  250  250  252  252  257  245  247                                   
    62.5-180.0 180.0   5.0 450.0                            LAT/LON1/LON2/DLON/H
  252  245  243  235  226  219  214  214  209  205  193  181  163  146  129  116
  104   96   92   92   94   96   96   97   97   96   95   96   92   92   85   85
   77   75   69   70   70   76   83   92  103  117  136  151  172  188  212  231
  255  268  288  302  316  322  325  323  320  311  300  292  282  273  262  256
  246  242  242  239  244  244  248  244  252                                   
    60.0-180.0 180.0   5.0 450.0                            LAT/LON1/LON2/DLON/H
  252  248  245  236  226  218  213  214  212  207  197  185  168  151  134  120
  110  103  101  100  101  100  101   99   98   97   95   95   92   91   85   81
   73   68   62   63   63   68   76   83   97  112  133  152  174  192  215  237
  263  278  297  312  322  330  327  327  318  310  296  289  280  273  263  254
  245  239  237  235  237  236  245  234  252                                   
    57.5-180.0 180.0   5.0 450.0                            LAT/LON1/LON2/DLON/H
  257  248  244  231  217  209  203  206  204  203  194  183  169  155  140  131
  122  118  114  114  112  111  106  103   98   96   96   95   93   89   84   78
   72   64   59   58   59   63   71   79   95  109  133  151  175  190  215  236
  262  280  298  315  324  331  330  329  323  314  303  295  291  282  275  266
  259  250  246  239  240  235  239  237  257                                   
    55.0-180.0 180.0   5.0 450.0                            LAT/LON1/LON2/DLON/H
  264  259  254  239  221  214  205  208  204  202  193  184  171  160  150  141
  133  128  125  124  123  118  114  107  104   99  100   97   96   92   86   80
   74   67   62   64   65   69   77   85   98  112  135  154  178  194  219  240
  266  286  302  320  331  339  340  340  336  327  322  313  314  300  299  284
  281  270  266  258  256  246  250  242  264                                   
    52.5-180.0 180.0   5.0 450.0                            LAT/LON1/LON2/DLON/H
  281  275  271  252  232  222  213  210  201  200  187  180  170  161  154  151
  145  145  139  138  134  131  124  119  112  111  107  108  104  101   94   86
   82   76   74   75   78   82   88   93  106  118  141  158  181  196  222  240
  268  286  306  322  336  344  349  349  351  342  343  333  336  323  322  308
  305  293  287  279  276  268  263  261  281                                   
    50.0-180.0 180.0   5.0 450.0                            LAT/LON1/LON2/DLON/H
  304  299  294  277  258  245  232  226  211  204  189  180  167  163  159  156
  154  147  141  136  136  132  130  124  122  118  119  116  115  109  102   93
   89   86   84   90   91   99  102  110  117  127  147  166  188  204  227  247
  273  293  312  330  348  358  367  369  375  366  370  359  365  349  351  335
  334  318  313  305  305  294  291  286  304                                   
    47.5-180.0 180.0   5.0 450.0                            LAT/LON1/LON2/DLON/H
  330  327  319  302  285  271  256  241  224  210  190  178  167  161  157  156
  153  150  142  140  140  141  139  137  135  134  133  134  129  124  114  106
  102  100   99  106  110  117  120  122  127  137  155  175  195  212  235  254
  279  298  318  335  354  368  379  384  391  388  392  385  390  379  377  367
  361  348  335  330  327  324  317  316  330                                   
    45.0-180.0 180.0   5.0 450.0                            LAT/LON1/LON2/DLON/H
  350  345  339  326  313  299  283  268  246  226  203  189  172  167  160  158
  155  148  144  140  146  145  151  149  152  149  153  148  146  136  127  117
  114  113  115  121  125  130  131  134  135  143  161  181  203  222  243  265
  289  310  329  350  371  386  400  406  413  411  414  407  410  400  401  391
  387  375  361  357  349  344  333  336  350                                   
    42.5-180.0 180.0   5.0 450.0                            LAT/LON1/LON2/DLON/H
  364  358  351  345  335  324  308  289  267  242  215  198  181  171  162  155
  151  146  141  147  153  163  169  174  175  174  174  169  161  151  139  132
  127  127  128  134  137  141  144  143  145  150  168  190  214  234  254  277
  300  319  339  362  383  401  416  424  431  431  434  429  427  421  415  412
  403  395  379  373  366  361  345  349  364                                   
    40.0-180.0 180.0   5.0 450.0                            LAT/LON1/LON2/DLON/H
  372  364  360  356  350  338  323  304  286  261  231  213  194  182  168  160
  155  150  151  156  170  181  193  196  201  195  193  182  175  161  152  142
  140  137  137  140  140  142  142  140  143  148  170  194  223  243  263  285
  309  327  348  369  392  414  431  445  454  456  459  452  447  441  434  435
  426  423  404  404  392  384  357  359  372                                   
    37.5-180.0 180.0   5.0 450.0                            LAT/LON1/LON2/DLON/H
  382  370  364  358  352  341  328  312  295  268  242  225  206  191  175  163
  158  156  160  173  188  206  215  220  220  215  207  195  182  172  162  158
  153  150  146  146  145  146  146  144  146  154  180  205  233  256  272  295
  316  334  355  376  400  422  444  462  478  487  489  486  480  478  470  472
  465  463  444  441  428  419  376  374  382                                   
    35.0-180.0 180.0   5.0 450.0                            LAT/LON1/LON2/DLON/H
  405  393  376  366  351  337  322  305  292  269  249  231  216  202  185  175
  170  169  178  192  208  222  230  231  233  227  219  207  194  182  176  171
  168  159  153  148  145  145  142  144  149  164  189  222  248  274  286  310
  327  348  367  390  410  435  456  484  503  523  528  534  527  528  525  530
  526  526  504  500  480  468  423  412  405                                   
    32.5-180.0 180.0   5.0 450.0                            LAT/LON1/LON2/DLON/H
  451  421  404  379  356  332  314  296  283  264  248  234  222  209  193  184
  181  181  193  208  224  235  240  243  242  241  234  224  211  201  197  188
  181  171  161  153  150  147  142  145  153  169  195  225  250  277  292  315
  333  353  374  397  423  444  473  500  532  559  577  592  599  608  612  621
  620  614  593  577  556  535  490  474  451                                   
    30.0-180.0 180.0   5.0 450.0                            LAT/LON1/LON2/DLON/H
  537  493  467  431  395  361  327  300  285  262  249  232  222  210  199  192
  189  191  204  218  231  239  243  245  253  255  258  251  239  227  217  206
  194  181  171  161  156  145  139  142  151  172  194  230  253  280  297  320
  338  357  373  394  422  446  477  510  552  598  632  667  689  715  732  751
  752  751  719  705  667  634  594  568  537                                   
    27.5-180.0 180.0   5.0 450.0                            LAT/LON1/LON2/DLON/H
  652  598  562  509  466  421  379  345  311  281  259  239  229  214  204  196
  196  195  207  217  229  238  246  256  269  281  289  290  280  261  243  225
  209  193  179  169  161  149  138  141  146  165  186  216  241  270  293  317
  340  357  379  398  428  454  489  524  572  629  686  741  786  821  860  884
  898  887  860  832  796  757  711  673  652                                   
    25.0-180.0 180.0   5.0 450.0                            LAT/LON1/LON2/DLON/H
  786  746  695  633  573  514  463  420  379  334  295  264  249  231  218  207
  203  200  206  214  225  235  252  271  296  314  330  329  319  297  274  251
  228  206  190  175  165  149  136  132  139  155  176  206  236  265  291  313
  335  356  379  409  442  474  508  551  601  663  724  793  847  889  935  959
  987  987  970  944  910  878  839  800  786                                   
    22.5-180.0 180.0   5.0 450.0                            LAT/LON1/LON2/DLON/H
  904  891  836  774  709  638  578  523  465  415  359  321  292  265  242  226
  215  204  204  208  219  233  262  293  325  353  366  360  341  316  290  266
  241  215  194  176  163  149  133  128  130  144  166  195  229  259  292  319
  352  375  404  434  475  511  552  597  644  704  760  818  874  916  958  988
 1014 1028 1033 1024 1002  974  941  897  904                                   
    20.0-180.0 180.0   5.0 450.0                            LAT/LON1/LON2/DLON/H
  990  986  945  893  813  751  684  630  566  507  444  398  353  314  287  260
  242  222  215  213  225  247  285  325  370  390  402  385  352  317  285  264
  240  211  195  171  164  143  130  117  121  134  157  189  225  258  291  322
  359  391  421  461  502  546  591  632  680  731  775  824  872  915  949  981
 1004 1025 1044 1047 1046 1035 1001  973  990                                   
    17.5-180.0 180.0   5.0 450.0                            LAT/LON1/LON2/DLON/H
 1038 1049 1039  991  942  875  805  740  676  609  544  488  433  384  340  305
  275  252  241  237  251  276  316  358  391  410  410  384  344  308  276  255
  232  209  191  169  155  139  125  114  114  129  155  190  232  264  301  338
  385  418  453  493  539  580  627  671  706  751  782  827  863  897  922  949
  968  994 1019 1039 1046 1057 1026 1011 1038                                   
    15.0-180.0 180.0   5.0 450.0                            LAT/LON1/LON2/DLON/H
 1039 1073 1065 1053  993  952  884  821  755  704  631  574  516  457  410  356
  323  299  289  285  295  315  349  385  409  422  407  377  326  287  261  237
  222  192  183  151  144  125  117  103  108  119  147  185  229  265  303  345
  391  433  470  515  559  606  654  690  722  756  783  823  847  871  888  908
  930  952  983 1010 1030 1043 1019 1022 1039                                   
    12.5-180.0 180.0   5.0 450.0                            LAT/LON1/LON2/DLON/H
  999 1032 1052 1035 1016  974  933  877  820  760  703  638  586  523  473  417
  373  342  325  320  326  348  374  401  417  417  390  351  299  267  241  227
  209  192  166  141  128  113  110  103  104  117  143  185  233  267  314  357
  403  441  485  529  576  625  665  694  722  750  771  801  821  844  856  874
  888  914  942  973  994 1023  992 1009  999                                   
    10.0-180.0 180.0   5.0 450.0                            LAT/LON1/LON2/DLON/H
  928  968  980  998  970  972  921  902  836  796  744  688  639  581  533  478
  439  401  384  371  366  381  390  417  413  405  363  319  277  246  225  204
  195  169  149  119  112   99   97   93   99  110  143  182  232  278  319  366
  402  446  490  544  588  632  668  696  720  744  763  789  810  836  847  859
  882  894  929  949  974  994  961  982  928                                   
     7.5-180.0 180.0   5.0 450.0                            LAT/LON1/LON2/DLON/H
  858  885  908  902  925  889  888  837  811  755  724  672  644  598  568  518
  491  460  439  421  410  412  411  418  401  374  327  291  254  230  206  194
