data/unet/pred3350.15i
     1.0            IONOSPHERE MAPS     GNSS                IONEX VERSION / TYPE
pyspatialgeodesy        IME             05-JAN-18 20:20     PGM / RUN BY / DATE 
Map Name                                                    COMMENT             
Predicted global ionosphere maps (GIM).                     DESCRIPTION         
  2015    12     1     0     0     0                        EPOCH OF FIRST MAP  
  2015    12     2     0     0     0                        EPOCH OF LAST MAP   
  7200                                                      INTERVAL            
    13                                                      # OF MAPS IN FILE   
  NONE                                                      MAPPING FUNCTION    
10.0                                                        ELEVATION CUTOFF    
One-way carrier phase leveled to code                       OBSERVABLES USED    
  6371.0                                                    BASE RADIUS         
 2                                                          MAP DIMENSION       
   450.0 450.0   0.0                                        HGT1 / HGT2 / DHGT  
    87.5 -87.5  -2.5                                        LAT1 / LAT2 / DLAT  
  -180.0 180.0   5.0                                        LON1 / LON2 / DLON  
    -1                                                      EXPONENT            
                                                            END OF HEADER       
[from data line 858]
     3                                                      START OF TEC MAP    
  2015    12     1     4     0     0                        EPOCH OF CURRENT MAP
    87.5-180.0 180.0   5.0 450.0                            LAT/LON1/LON2/DLON/H
   64   90   75   72   72   69   71   69   72   69   71   68   70   67   68   66
   67   65   65   64   64   63   63   62   63   62   63   62   63   63   63   63
   64   64   65   65   66   66   67   66   67   66   66   64   65   63   64   61
   63   61   62   60   62   60   62   60   62   61   63   61   64   62   64   62
   65   63   67   66   70   65   82   58   64                                   
    85.0-180.0 180.0   5.0 450.0                            LAT/LON1/LON2/DLON/H
   98   84   65   69   68   66   67   67   68   68   68   68   67   67   66   67
   65   65   62   63   60   61   59   60   58   59   58   60   59   61   61   64
   64   66   66   68   68   69   69   70   69   70   68   69   67   67   65   64
   63   62   61   60   60   58   58   57   57   56   57   57   57   57   57   58
   58   59   60   62   61   59   72   91   98                                   
    82.5-180.0 180.0   5.0 450.0                            LAT/LON1/LON2/DLON/H
   84   61   61   61   58   56   57   60   60   61   61   63   60   62   58   60
   55   55   51   51   47   47   44   45   42   44   42   45   44   47   47   51
   52   55   56   60   61   64   65   67   68   69   69   69   67   66   64   64
   61   60   57   58   55   56   53   55   52   54   52   55   53   55   53   55
   54   55   56   56   53   51   62   79   84                                   
    80.0-180.0 180.0   5.0 450.0                            LAT/LON1/LON2/DLON/H
   88   66   64   66   63   64   64   67   66   68   67   69   66   67   63   63
   58   56   51   50   44   42   38   39   35   36   35   38   37   41   42   47
   49   54   56   61   64   67   70   72   74   75   74   75   73   72   70   69
   66   64   62   61   60   59   58   58   57   57   57   58   57   58   58   59
   59   60   60   62   57   54   59   78   88                                   
    77.5-180.0 180.0   5.0 450.0                            LAT/LON1/LON2/DLON/H
   86   59   59   60   57   56   58   60   60   61   61   63   61   61   59   58
   52   50   44   42   36   33   31   30   28   28   29   30   31   34   38   43
   47   51   57   61   64   67   69   71   72   72   73   72   71   69   67   65
   62   60   57   58   55   56   54   56   55   56   56   58   58   59   60   61
   62   61   63   60   58   54   62   74   86                                   
    75.0-180.0 180.0   5.0 450.0                            LAT/LON1/LON2/DLON/H
   83   58   56   54   53   50   55   54   56   56   57   57   56   56   52   51
   45   42   38   34   29   26   25   23   22   21   24   25   26   29   34   38
   42   47   52   57   59   63   65   66   66   66   66   64   62   60   57   55
   53   52   50   50   49   51   51   53   54   57   59   62   61   65   65   68
   66   68   68   66   63   58   62   78   83                                   
    72.5-180.0 180.0   5.0 450.0                            LAT/LON1/LON2/DLON/H
   86   53   52   50   47   46   48   48   51   50   52   52   51   50   48   47
   43   40   38   32   30   25   28   24   26   24   29   27   31   31   38   39
   45   46   53   54   58   58   62   59   62   59   62   57   59   54   55   50
   50   48   49   48   51   51   55   56   60   62   67   69   73   75   78   77
   78   77   78   74   71   65   73   80   86                                   
    70.0-180.0 180.0   5.0 450.0                            LAT/LON1/LON2/DLON/H
   88   55   52   48   46   41   45   43   46   45   47   46   46   43   43   41
   40   36   37   33   34   29   34   30   34   32   38   35   39   38   44   43
   47   48   53   53   56   55   56   54   55   53   54   50   51   48   48   45
   46   45   48   50   55   58   63   66   71   74   79   83   87   88   91   91
   91   90   89   85   81   72   77   85   88                                   
    67.5-180.0 180.0   5.0 450.0                            LAT/LON1/LON2/DLON/H
   95   58   54   49   43   40   39   40   40   41   41   41   39   39   37   37
   36   36   37   36   37   37   40   39   42   42   45   45   47   45   49   48
   50   50   52   50   51   47   49   45   49   45   48   44   46   42   43   41
   43   44   49   53   60   65   72   75   84   86   94   97  102  102  105  103
  103  100   99   94   91   84   90   91   95                                   
    65.0-180.0 180.0   5.0 450.0                            LAT/LON1/LON2/DLON/H
   99   64   56   48   44   36   37   34   36   34   36   35   35   33   34   35
   35   36   38   40   42   42   47   47   50   51   54   53   54   53   55   53
   53   51   50   47   46   42   41   39   40   39   40   38   39   37   37   37
   41   44   52   59   69   77   86   90  100  103  112  115  121  121  122  119
  116  113  110  107  101   91   97   98   99                                   
    62.5-180.0 180.0   5.0 450.0                            LAT/LON1/LON2/DLON/H
  110   72   61   52   44   37   34   31   30   30   30   29   30   30   32   33
   36   37   39   41   44   45   48   50   53   54   57   57   57   56   56   53
   51   47   46   41   41   35   36   32   35   33   36   33   35   34   34   36
   41   47   56   67   80   89   98  104  115  120  129  134  139  139  137  131
  128  122  119  113  109  103  106  103  110                                   
    60.0-180.0 180.0   5.0 450.0                            LAT/LON1/LON2/DLON/H
  113   78   62   52   44   33   30   25   26   23   25   24   26   25   30   33
   37   38   41   42   44   44   47   48   52   53   56   56   57   54   54   50
   48   44   43   39   38   32   32   29   31   30   33   32   34   33   35   37
   44   52   64   77   93  101  112  117  129  133  142  145  152  149  149  142
  138  132  127  123  115  106  111  109  113                                   
    57.5-180.0 180.0   5.0 450.0                            LAT/LON1/LON2/DLON/H
  122   86   68   58   46   35   29   24   23   21   21   20   22   22   27   30
   36   36   39   38   39   37   40   41   45   47   50   51   51   49   48   44
   43   39   41   36   37   31   33   29   32   31   35   35   37   37   39   43
   49   59   74   88  103  114  124  130  140  147  153  158  161  162  160  154
  145  139  135  129  124  118  119  115  122                                   
    55.0-180.0 180.0   5.0 450.0                            LAT/LON1/LON2/DLON/H
  127   96   76   64   51   38   31   24   23   19   19   18   21   22   26   31
   36   37   37   35   34   31   33   34   39   41   47   47   49   45   45   41
   41   39   43   39   41   36   37   34   37   38   42   41   44   42   47   49
   60   70   88  100  116  125  136  140  149  153  160  163  169  169  169  161
  154  148  144  139  132  122  125  123  127                                   
    52.5-180.0 180.0   5.0 450.0                            LAT/LON1/LON2/DLON/H
  142  111   93   81   64   50   39   32   27   24   22   21   22   23   27   31
   35   35   36   30   29   25   28   29   36   39   45   47   47   44   43   39
   41   41   46   44   46   43   44   42   44   45   49   49   51   52   56   61
   71   88  103  116  131  141  149  154  159  163  165  170  174  177  174  170
  159  156  151  147  140  137  133  131  142                                   
    50.0-180.0 180.0   5.0 450.0                            LAT/LON1/LON2/DLON/H
  149  125  108   95   79   63   51   41   35   29   25   23   25   25   29   32
   36   36   34   30   26   24   26   30   38   42   50   50   52   46   45   41
   45   46   53   53   56   55   55   55   56   57   60   60   62   63   69   74
   90  104  121  133  148  155  163  165  169  169  173  174  181  181  183  176
  171  165  161  158  152  143  144  139  149                                   
    47.5-180.0 180.0   5.0 450.0                            LAT/LON1/LON2/DLON/H
  164  141  126  116   98   84   67   59   48   40   33   31   29   30   32   35
   37   37   35   32   31   29   34   38   48   53   59   60   59   53   51   46
   50   52   61   62   67   66   67   65   67   67   70   70   73   75   82   92
  107  124  139  152  165  175  180  180  178  178  177  180  182  186  186  184
  175  172  166  165  159  158  154  148  164                                   
    45.0-180.0 180.0   5.0 450.0                            LAT/LON1/LON2/DLON/H
  167  151  140  128  113   98   85   72   61   51   43   38   36   36   37   38
   39   39   38   36   38   40   46   52   63   68   75   73   71   63   60   53
   57   60   69   72   78   76   78   76   76   77   78   80   82   88   97  109
  127  142  156  166  178  185  187  185  183  180  179  178  182  183  185  180
  177  174  171  170  165  161  163  153  167                                   
    42.5-180.0 180.0   5.0 450.0                            LAT/LON1/LON2/DLON/H
  174  155  145  141  125  114   98   88   75   65   54   48   44   42   42   42
   41   43   45   46   50   56   64   72   79   84   86   85   79   72   66   61
   62   65   74   77   82   82   82   81   82   82   85   87   93   99  110  126
  142  157  167  177  185  187  189  184  185  179  177  176  178  179  177  177
  172  172  169  170  165  166  163  155  174                                   
    40.0-180.0 180.0   5.0 450.0                            LAT/LON1/LON2/DLON/H
  167  151  142  136  128  118  107   97   86   75   65   59   55   53   50   50
   49   51   53   59   68   75   83   88   93   96   96   93   88   81   75   69
   68   71   78   82   87   86   86   85   85   88   89   95  101  110  122  143
  155  167  176  181  190  189  190  185  186  181  178  176  176  177  174  173
  171  171  170  171  166  163  163  153  167                                   
    37.5-180.0 180.0   5.0 450.0                            LAT/LON1/LON2/DLON/H
  162  140  133  134  125  119  107  101   91   83   74   68   65   62   60   58
   58   61   68   77   86   93   97  100  101  102  100   96   92   85   79   74
   72   73   79   82   86   86   87   86   88   90   96  101  109  120  136  153
  165  172  180  183  191  190  192  190  193  189  187  183  182  180  178  177
  173  174  171  171  165  164  158  150  162                                   
    35.0-180.0 180.0   5.0 450.0                            LAT/LON1/LON2/DLON/H
  154  131  119  117  112  107  100   95   90   84   78   76   73   74   71   71
   71   76   83   94  101  107  108  107  105  104  101   99   94   91   85   80
   79   78   82   83   86   86   85   86   88   93   99  107  117  129  144  157
  168  174  182  184  194  196  197  204  202  209  204  204  199  197  190  190
  186  187  183  183  172  165  162  153  154                                   
    32.5-180.0 180.0   5.0 450.0                            LAT/LON1/LON2/DLON/H
  154  124  111  106   99   94   87   86   81   80   77   77   78   80   81   80
   82   89   96  107  112  116  114  109  104  100   98   96   95   93   91   88
   85   84   85   84   85   84   85   86   89   95  104  112  122  137  152  163
  174  179  187  192  205  214  221  231  235  242  241  241  233  227  220  220
  213  211  203  200  187  182  173  161  154                                   
    30.0-180.0 180.0   5.0 450.0                            LAT/LON1/LON2/DLON/H
  159  124  104   95   85   80   73   71   71   72   72   75   78   86   87   90
   93  100  106  116  119  121  116  108  100   98   95   98   98  100   98   96
   93   91   88   86   82   82   82   85   89   96  105  115  127  140  157  167
  179  183  197  207  231  245  256  270  274  287  283  290  281  280  269  267
  261  255  240  233  214  204  199  181  159                                   
    27.5-180.0 180.0   5.0 450.0                            LAT/LON1/LON2/DLON/H
  179  143  117  102   86   77   67   66   63   66   66   71   76   84   90   94
   98  105  111  119  120  121  112  106   97   96   95   99  103  105  107  105
  101   96   92   87   83   79   81   82   88   96  106  114  130  146  165  173
  186  191  209  233  262  282  297  309  320  330  337  338  334  334  329  326
  318  311  294  282  260  247  236  214  179                                   
    25.0-180.0 180.0   5.0 450.0                            LAT/LON1/LON2/DLON/H
  206  167  137  116   97   83   70   66   63   63   63   67   72   82   88   94
  100  106  111  116  115  114  106  102   97   99  100  106  109  113  113  112
  107  103   94   90   80   77   77   80   85   93  103  112  127  147  164  178
  189  205  229  263  297  320  338  351  361  373  379  386  381  382  377  383
  375  366  345  330  309  296  279  257  206                                   
    22.5-180.0 180.0   5.0 450.0                            LAT/LON1/LON2/DLON/H
  254  213  181  152  126  108   93   84   74   71   66   68   70   79   85   90
   95  101  105  108  107  108  103  106  103  107  109  114  117  118  118  116
  112  105   97   89   81   75   76   77   82   89  100  107  126  145  169  182
  199  218  252  293  326  352  372  384  395  401  415  416  422  415  420  420
  416  403  391  370  359  352  329  310  254                                   
    20.0-180.0 180.0   5.0 450.0                            LAT/LON1/LON2/DLON/H
  319  262  229  191  158  137  116  104   92   85   77   75   76   80   83   87
   90   93   96   97   98  100  103  109  111  117  121  124  122  123  119  118
  112  107   95   88   75   72   69   73   76   83   93  102  118  145  166  193
  212  241  275  316  349  377  396  408  418  431  443  447  450  446  450  456
  456  443  427  413  402  408  378  361  319                                   
    17.5-180.0 180.0   5.0 450.0                            LAT/LON1/LON2/DLON/H
  382  337  291  248  212  184  157  138  120  111   99   96   90   92   89   88
   86   86   87   88   91   99  107  116  124  131  134  132  129  125  121  116
  110  102   94   83   75   71   70   70   73   78   87   97  120  145  178  201
  227  257  294  333  367  397  414  426  437  447  460  467  470  473  480  483
  485  471  460  445  440  452  418  409  382                                   
    15.0-180.0 180.0   5.0 450.0                            LAT/LON1/LON2/DLON/H
  436  406  363  319  271  238  202  179  153  139  124  121  113  110  102   97
   90   86   83   84   88  101  112  127  137  146  146  143  134  128  119  114
  103   98   84   78   69   68   65   66   67   72   82   93  118  151  182  211
  241  276  309  348  382  408  425  437  449  462  475  479  487  486  497  497
  498  485  473  461  457  474  457  446  436                                   
    12.5-180.0 180.0   5.0 450.0                            LAT/LON1/LON2/DLON/H
  474  450  415  382  333  296  250  223  199  178  159  152  142  135  122  114
  103   96   91   90   96  109  125  140  152  158  157  149  137  125  115  105
   96   89   79   73   67   65   65   66   67   70   81   96  127  160  196  223
  258  288  322  360  392  419  431  441  449  463  476  482  488  490  496  497
  498  488  475  465  469  489  477  469  474                                   
    10.0-180.0 180.0   5.0 450.0                            LAT/LON1/LON2/DLON/H
  495  477  447  416  381  353  307  276  245  225  203  193  180  165  147  135
  121  113  106  107  112  126  141  157  167  171  164  153  136  125  110  103
   91   86   74   73   66   66   65   65   66   70   82   98  132  167  202  230
  266  295  328  362  394  412  424  432  441  456  468  476  480  482  489  490
  491  477  469  462  471  488  490  480  495                                   
     7.5-180.0 180.0   5.0 450.0                            LAT/LON1/LON2/DLON/H
  498  489  466  441  407  383  348  319  289  265  246  233  219  204  182  165
  149  141  135  135  137  148  162  173  179  178  167  153  136  121  107   99
