data/unet/pred3130.15i
     1.0            IONOSPHERE MAPS     GNSS                IONEX VERSION / TYPE
pyspatialgeodesy        IME             05-JAN-18 20:20     PGM / RUN BY / DATE 
Map Name                                                    COMMENT             
Predicted global ionosphere maps (GIM).                     DESCRIPTION         
  2015    11     9     0     0     0                        EPOCH OF FIRST MAP  
  2015    11    10     0     0     0                        EPOCH OF LAST MAP   
  7200                                                      INTERVAL            
    13                                                      # OF MAPS IN FILE   
  NONE                                                      MAPPING FUNCTION    
10.0                                                        ELEVATION CUTOFF    
One-way carrier phase leveled to code                       OBSERVABLES USED    
  6371.0                                                    BASE RADIUS         
 2                                                          MAP DIMENSION       
   450.0 450.0   0.0                                        HGT1 / HGT2 / DHGT  
    87.5 -87.5  -2.5                                        LAT1 / LAT2 / DLAT  
  -180.0 180.0   5.0                                        LON1 / LON2 / DLON  
    -1                                                      EXPONENT            
                                                            END OF HEADER       
[from data line 3003]
     8                                                      START OF TEC MAP    
  2015    11     9    14     0     0                        EPOCH OF CURRENT MAP
    87.5-180.0 180.0   5.0 450.0                            LAT/LON1/LON2/DLON/H
   67   82   89   89   86   89   87   91   89   93   91   95   92   96   93   96
   94   97   95   97   94   97   94   96   93   95   93   94   91   93   91   92
   90   92   90   91   90   91   89   91   89   90   89   90   90   91   90   92
   91   92   91   93   92   93   92   93   91   93   90   91   90   90   89   89
   87   88   87   88   87   89   95   83   67                                   
    85.0-180.0 180.0   5.0 450.0                            LAT/LON1/LON2/DLON/H
   73   84   80   78   80   79   83   83   86   86   89   88   92   89   93   90
   94   90   94   90   94   90   93   89   91   88   89   86   87   84   84   81
   82   80   80   79   79   78   77   77   77   77   76   77   77   78   77   79
   79   80   80   81   83   82   83   82   84   82   84   82   83   81   82   79
   81   78   80   77   81   80   81   75   73                                   
    82.5-180.0 180.0   5.0 450.0                            LAT/LON1/LON2/DLON/H
   72   67   63   68   65   68   67   73   72   78   76   81   80   84   82   85
   85   86   86   88   87   89   87   89   87   88   85   86   81   83   77   78
   73   76   70   73   68   72   66   70   65   68   64   68   65   68   65   69
   69   72   71   75   75   78   77   80   79   81   78   79   77   77   74   74
   71   71   67   68   64   65   60   55   72                                   
    80.0-180.0 180.0   5.0 450.0                            LAT/LON1/LON2/DLON/H
   55   47   44   47   48   49   50   53   55   56   58   60   62   62   64   66
   66   68   68   72   71   75   74   78   76   78   74   76   70   71   66   67
   60   63   57   59   55   58   53   56   52   55   51   55   51   54   52   56
   55   59   58   63   62   66   64   69   66   68   65   66   63   63   59   59
   55   55   51   53   48   45   45   40   55                                   
    77.5-180.0 180.0   5.0 450.0                            LAT/LON1/LON2/DLON/H
   31   34   33   31   32   33   34   37   37   40   40   43   43   45   45   49
   48   53   53   58   59   64   65   69   68   70   69   69   65   63   60   58
   54   54   51   52   48   50   46   48   43   45   42   43   41   42   42   45
   45   49   50   54   55   58   58   61   60   60   59   57   56   53   52   48
   47   43   43   40   38   32   33   24   31                                   
    75.0-180.0 180.0   5.0 450.0                            LAT/LON1/LON2/DLON/H
   26   24   26   24   26   25   28   28   31   31   33   32   34   33   36   35
   38   39   43   45   50   56   60   65   67   72   72   72   68   66   62   59
   55   53   52   50   49   48   47   45   43   42   40   38   37   37   37   39
   41   43   47   49   52   54   57   57   58   56   56   53   52   48   48   43
   43   40   40   37   37   30   34   23   26                                   
    72.5-180.0 180.0   5.0 450.0                            LAT/LON1/LON2/DLON/H
   26   34   31   26   28   26   29   28   31   31   32   31   31   31   32   31
   33   35   38   44   50   61   65   78   79   90   86   90   83   84   76   74
   67   67   61   62   58   58   54   54   49   49   43   42   38   39   36   40
   40   45   47   53   54   57   58   60   59   58   56   54   52   48   47   44
   44   41   43   41   42   36   38   26   26                                   
    70.0-180.0 180.0   5.0 450.0                            LAT/LON1/LON2/DLON/H
   34   39   38   34   36   33   36   34   37   35   37   32   34   30   32   28
   33   32   38   44   55   67   77   92   99  108  107  109  103  100   92   88
   82   80   76   75   71   70   65   62   55   52   47   44   40   38   37   38
   41   44   48   53   56   59   61   62   62   59   59   55   54   49   49   46
   48   47   50   49   51   47   47   39   34                                   
    67.5-180.0 180.0   5.0 450.0                            LAT/LON1/LON2/DLON/H
   44   51   49   42   43   40   42   40   43   40   41   36   36   32   32   30
   32   33   38   47   58   76   88  108  115  126  126  129  121  120  110  107
   99   97   92   91   87   85   79   75   66   63   54   52   45   44   41   43
   42   47   49   54   56   59   61   61   61   59   58   55   53   49   49   47
   49   50   55   56   58   55   53   48   44                                   
    65.0-180.0 180.0   5.0 450.0                            LAT/LON1/LON2/DLON/H
   49   49   49   46   46   45   47   46   48   47   46   42   41   37   37   34
   37   37   43   54   67   89  104  123  132  139  141  142  137  135  126  122
  114  111  105  103   98   95   89   82   73   66   57   52   47   43   41   42
   43   45   47   50   51   55   56   57   57   56   55   52   50   47   46   44
   48   49   55   55   60   57   55   55   49                                   
    62.5-180.0 180.0   5.0 450.0                            LAT/LON1/LON2/DLON/H
   47   45   45   42   44   43   47   46   49   46   48   45   45   41   42   39
   41   43   47   62   75   96  112  130  138  146  145  149  144  145  138  135
  128  124  118  114  108  102   96   88   80   71   64   58   51   49   45   46
   43   45   43   47   44   47   47   49   49   49   48   46   43   40   38   38
   40   43   47   50   53   51   48   50   47                                   
    60.0-180.0 180.0   5.0 450.0                            LAT/LON1/LON2/DLON/H
   39   28   31   30   33   35   39   40   44   43   45   43   44   42   42   41
   44   45   50   62   78   98  114  134  141  148  149  151  151  151  148  148
  142  139  131  126  118  111  102   93   84   75   68   62   58   52   49   47
   45   43   41   40   38   39   39   41   42   43   43   41   39   34   33   30
   31   32   38   38   41   38   40   39   39                                   
    57.5-180.0 180.0   5.0 450.0                            LAT/LON1/LON2/DLON/H
   28   20   20   20   24   25   31   33   36   36   38   39   41   41   45   45
   50   53   57   71   85  103  118  132  141  148  147  152  152  157  158  161
  159  155  147  142  130  122  111  103   94   85   80   73   68   62   58   55
   50   47   42   40   35   35   33   37   36   40   39   40   36   32   28   24
   23   22   26   28   29   26   26   22   28                                   
    55.0-180.0 180.0   5.0 450.0                            LAT/LON1/LON2/DLON/H
   22    9   11   11   14   18   23   24   28   26   30   32   36   38   44   46
   52   55   62   74   89  104  118  131  139  148  149  156  158  164  169  174
  173  169  161  153  142  132  120  112  103   96   90   85   81   75   70   63
   59   52   47   42   39   35   35   35   38   41   42   41   39   34   30   23
   22   18   21   21   22   18   22   13   22                                   
    52.5-180.0 180.0   5.0 450.0                            LAT/LON1/LON2/DLON/H
   17   14   11   13   15   18   20   22   20   15   17   24   33   36   44   48
   57   63   73   87   99  113  122  134  141  149  154  160  166  173  180  187
  186  183  173  167  155  146  134  129  119  115  108  104   99   93   87   80
   72   65   59   53   48   45   42   43   44   48   48   50   47   43   38   31
   26   22   22   22   21   17   21    7   17                                   
    50.0-180.0 180.0   5.0 450.0                            LAT/LON1/LON2/DLON/H
   27   20   21   21   24   24   25   18   19    4   12   11   28   32   43   49
   61   69   82   97  107  120  127  134  140  146  152  160  166  176  185  192
  192  187  180  174  164  156  147  140  134  130  124  123  117  111  104   97
   88   78   70   65   61   58   55   55   58   59   62   63   62   58   54   46
   42   34   35   32   32   27   32   18   27                                   
    47.5-180.0 180.0   5.0 450.0                            LAT/LON1/LON2/DLON/H
   37   39   37   40   39   40   35   32   21   13   10   17   27   36   45   54
   69   80   95  110  123  134  139  145  146  153  157  166  173  180  188  195
  193  191  183  180  171  167  159  156  149  148  142  141  135  130  120  113
  103   95   86   82   76   73   70   70   70   73   75   78   77   76   71   67
   59   53   51   50   48   45   49   35   37                                   
    45.0-180.0 180.0   5.0 450.0                            LAT/LON1/LON2/DLON/H
   62   61   61   60   61   57   52   45   40   24   27   21   34   35   48   58
   71   86  100  118  131  144  149  152  154  158  161  168  174  181  187  191
  191  189  185  183  178  176  171  166  161  157  154  153  148  142  132  122
  114  104   97   92   87   85   80   80   80   83   86   89   91   91   88   85
   80   73   71   68   69   64   67   59   62                                   
    42.5-180.0 180.0   5.0 450.0                            LAT/LON1/LON2/DLON/H
   74   81   80   81   78   74   68   61   53   47   42   41   43   50   57   70
   84   98  115  132  145  157  162  168  167  173  172  178  179  182  183  185
  183  184  183  186  184  184  181  177  172  167  163  161  156  149  137  128
  118  110  102   98   92   90   85   84   84   86   89   96   97  100   97   97
   89   85   82   82   84   80   84   78   74                                   
    40.0-180.0 180.0   5.0 450.0                            LAT/LON1/LON2/DLON/H
   87   94   92   93   92   84   79   69   64   57   56   54   56   59   68   78
   90  105  118  137  149  163  171  177  181  182  183  185  183  182  177  178
  179  182  188  193  199  198  198  190  186  176  172  166  161  151  141  129
  121  110  105   99   94   91   86   84   85   86   91   95   99  102  102  101
   98   91   89   87   87   85   89   86   87                                   
    37.5-180.0 180.0   5.0 450.0                            LAT/LON1/LON2/DLON/H
   82   88   92   96   92   86   82   76   74   69   69   68   70   75   81   95
  106  122  134  152  162  175  180  192  192  200  195  199  191  187  180  182
  182  193  200  215  223  227  223  212  202  191  182  175  166  155  145  133
  123  114  107  101   96   90   84   81   82   84   88   96   97  102   98   99
   91   86   81   82   82   83   82   84   82                                   
    35.0-180.0 180.0   5.0 450.0                            LAT/LON1/LON2/DLON/H
   80   84   85   86   88   80   79   72   73   71   75   75   83   84   98  105
  117  129  140  155  167  181  191  200  211  216  215  212  205  197  194  194
  204  216  235  253  270  271  266  248  232  214  204  188  180  166  156  143
  135  126  118  111  103   96   89   85   86   88   92   96   97   98   97   95
   89   81   77   73   72   69   72   71   80                                   
    32.5-180.0 180.0   5.0 450.0                            LAT/LON1/LON2/DLON/H
   64   61   66   72   68   71   67   70   72   74   81   84   95  101  114  127
  136  149  157  173  182  196  205  219  226  236  231  233  225  222  222  230
  240  262  280  306  319  325  314  295  269  247  228  214  200  188  177  166
  156  147  139  131  121  112  105   99  101  104  107  111  107  106   99   96
   86   80   69   68   61   61   53   57   64                                   
    30.0-180.0 180.0   5.0 450.0                            LAT/LON1/LON2/DLON/H
   61   53   51   54   57   51   54   56   66   71   76   82   99  106  127  138
  152  159  170  182  195  209  221  234  248  253  253  250  250  247  257  270
  292  315  339  365  377  380  367  346  320  295  270  251  236  222  211  201
  193  186  177  168  154  143  133  129  128  132  135  136  132  125  116  103
   97   85   77   68   62   52   48   39   61                                   
    27.5-180.0 180.0   5.0 450.0                            LAT/LON1/LON2/DLON/H
   41   39   37   37   30   32   29   31   40   58   71   83   99  113  136  154
  168  180  189  205  215  229  239  254  264  271  268  273  275  288  303  337
  357  402  413  444  437  440  415  398  369  346  321  303  284  272  258  254
  246  242  232  222  206  194  181  175  173  172  171  169  159  152  139  127
  113  103   93   83   74   64   45   36   41                                   
    25.0-180.0 180.0   5.0 450.0                            LAT/LON1/LON2/DLON/H
   52   42   28   27   18   21   19   31   37   47   64   73   89  110  139  161
  180  191  206  220  234  247  258  269  278  280  282  286  298  321  344  390
  423  468  484  501  488  479  449  433  406  386  364  350  332  325  314  313
  307  309  299  297  278  271  250  245  233  230  218  211  196  184  171  160
  152  144  131  118  106   90   72   43   52                                   
    22.5-180.0 180.0   5.0 450.0                            LAT/LON1/LON2/DLON/H
   54   50   35   27   13   13   10    5   13   20   38   58   81  107  138  167
  190  206  223  239  251  264  271  282  286  291  294  313  332  372  399  456
  490  540  551  557  537  514  483  468  447  432  413  397  380  370  362  361
  362  358  358  348  340  329  316  304  293  283  270  260  237  223  205  203
  195  192  178  161  142  122  105   64   54                                   
    20.0-180.0 180.0   5.0 450.0                            LAT/LON1/LON2/DLON/H
   77   75   49   39   22   15    8   13   15   20   34   43   73  100  134  168
  193  214  234  250  267  275  285  289  294  298  311  335  368  414  451  500
  534  563  583  571  553  525  502  488  475  465  448  433  415  404  397  398
  396  400  395  388  378  374  360  350  333  319  297  283  259  251  236  229
  226  226  221  208  185  155  142   90   77                                   
    17.5-180.0 180.0   5.0 450.0                            LAT/LON1/LON2/DLON/H
   90  101   75   65   37   26   13   13    8    5   16   33   58   99  130  170
  200  226  247  267  277  290  292  297  301  311  331  366  405  452  492  531
  573  594  600  585  565  541  526  518  511  502  490  470  453  436  429  422
  423  417  421  408  417  405  397  378  366  347  329  306  285  271  259  259
  253  252  246  242  221  192  171  122   90                                   
    15.0-180.0 180.0   5.0 450.0                            LAT/LON1/LON2/DLON/H
  106  115   95   76   59   42   26   23   19   24   25   34   59   95  132  173
  206  234  257  274  285  293  298  301  309  324  355  391  439  478  513  539
  573  574  582  561  558  541  536  537  535  534  520  500  481  460  451  442
  438  430  423  426  424  420  407  395  377  364  344  328  300  291  278  277
  266  261  256  253  246  215  196  141  106                                   
    12.5-180.0 180.0   5.0 450.0                            LAT/LON1/LON2/DLON/H
  113  134  114   98   79   64   43   34   28   26   33   42   67  103  138  183
  220  252  272  289  296  304  305  311  322  346  382  420  463  497  530  549
  572  574  577  566  559  551  552  556  565  561  554  529  511  485  472  453
  445  430  428  422  422  416  414  398  386  366  348  334  316  302  288  279
  268  261  254  250  242  231  207  158  113                                   
    10.0-180.0 180.0   5.0 450.0                            LAT/LON1/LON2/DLON/H
  112  134  122   98   86   76   63   49   45   46   51   63   77  109  146  187
  230  265  286  298  306  309  314  319  339  366  408  443  484  509  534  543
  552  553  559  552  555  549  556  568  575  587  573  556  530  505  477  457
  434  422  406  402  395  396  392  387  372  358  336  322  301  290  275  265
  255  246  240  235  227  213  194  149  112                                   
     7.5-180.0 180.0   5.0 450.0                            LAT/LON1/LON2/DLON/H
  116  139  127  112  104   93   76   66   58   60   67   79  103  131  166  208
  249  287  309  321  323  326  329  339  360  393  429  467  503  531  551  558
