data/unet/pred0640.15i
     1.0            IONOSPHERE MAPS     GNSS                IONEX VERSION / TYPE
pyspatialgeodesy        IME             05-JAN-18 20:20     PGM / RUN BY / DATE 
Map Name                                                    COMMENT             
Predicted global ionosphere maps (GIM).                     DESCRIPTION         
  2015     3     5     0     0     0                        EPOCH OF FIRST MAP  
  2015     3     6     0     0     0                        EPOCH OF LAST MAP   
  7200                                                      INTERVAL            
    13                                                      # OF MAPS IN FILE   
  NONE                                                      MAPPING FUNCTION    
10.0                                                        ELEVATION CUTOFF    
One-way carrier phase leveled to code                       OBSERVABLES USED    
  6371.0                                                    BASE RADIUS         
 2                                                          MAP DIMENSION       
   450.0 450.0   0.0                                        HGT1 / HGT2 / DHGT  
    87.5 -87.5  -2.5                                        LAT1 / LAT2 / DLAT  
  -180.0 180.0   5.0                                        LON1 / LON2 / DLON  
    -1                                                      EXPONENT            
                                                            END OF HEADER       
[from data line 2145]
     6                                                      START OF TEC MAP    
  2015     3     5    10     0     0                        EPOCH OF CURRENT MAP
    87.5-180.0 180.0   5.0 450.0                            LAT/LON1/LON2/DLON/H
  118  146  149  150  155  154  158  158  161  160  162  161  161  160  160  158
  158  157  157  155  155  152  151  148  147  144  144  140  141  137  138  135
  136  133  135  132  133  131  132  131  132  132  133  133  133  131  131  129
  128  126  125  124  121  121  119  119  117  118  116  117  117  117  118  118
  122  121  126  125  129  126  134  120  118                                   
    85.0-180.0 180.0   5.0 450.0                            LAT/LON1/LON2/DLON/H
  133  130  142  152  150  154  152  157  156  160  159  162  159  162  159  161
  158  160  158  160  157  158  156  157  154  156  154  155  154  156  155  157
  156  159  158  160  158  160  157  157  154  154  149  147  141  139  131  129
  121  118  111  108  103  101   98   96   94   94   93   93   94   96   98  100
  105  108  113  116  120  121  131  126  133                                   
    82.5-180.0 180.0   5.0 450.0                            LAT/LON1/LON2/DLON/H
  130  134  142  148  150  150  152  152  154  153  155  153  154  152  152  150
  150  149  149  148  147  147  146  146  146  146  147  147  149  151  154  156
  160  163  166  168  170  170  171  170  170  165  164  157  154  146  141  132
  127  117  113  103  100   91   90   83   83   78   78   77   78   80   84   87
   95   98  106  109  117  120  130  125  130                                   
    80.0-180.0 180.0   5.0 450.0                            LAT/LON1/LON2/DLON/H
  130  137  141  145  146  146  148  146  149  145  147  142  143  137  137  132
  133  127  129  125  126  125  125  124  125  124  125  127  132  134  142  146
  155  160  168  172  177  181  183  184  185  183  180  175  171  164  159  150
  143  134  126  117  111  102   97   89   85   81   79   78   79   82   86   91
   97  103  109  114  119  121  131  128  130                                   
    77.5-180.0 180.0   5.0 450.0                            LAT/LON1/LON2/DLON/H
  127  135  138  143  140  140  139  137  136  133  132  126  123  116  113  106
  103   99   99   97   98   98   98   98   99  101  103  106  110  116  123  132
  142  154  163  174  180  191  194  201  201  204  203  203  201  197  192  184
  176  167  159  149  141  132  125  117  111  104  101   98   99   99  103  106
  112  117  122  124  127  129  133  125  127                                   
    75.0-180.0 180.0   5.0 450.0                            LAT/LON1/LON2/DLON/H
  124  134  136  141  137  139  135  135  130  129  122  117  110  102   96   89
   86   82   81   80   81   81   82   83   85   86   88   92   95  103  110  123
  134  149  161  176  185  200  205  216  217  224  223  226  225  225  222  217
  209  201  192  183  173  164  155  147  138  130  124  121  117  117  118  122
  123  128  128  132  131  134  136  129  124                                   
    72.5-180.0 180.0   5.0 450.0                            LAT/LON1/LON2/DLON/H
  119  127  128  134  130  132  129  128  121  118  109  103   93   87   81   74
   72   69   68   69   69   73   74   79   78   81   81   84   87   94  101  113
  125  141  157  174  187  203  214  226  231  239  242  247  248  249  248  246
  242  235  230  220  211  201  192  183  173  163  155  147  142  138  136  133
  134  133  135  134  132  131  132  126  119                                   
    70.0-180.0 180.0   5.0 450.0                            LAT/LON1/LON2/DLON/H
  115  118  118  127  123  128  124  127  118  116  105   99   89   80   76   69
   70   65   69   67   73   75   80   82   85   85   87   88   89   97  101  114
  124  143  158  179  191  211  220  238  243  257  257  269  267  274  271  274
  270  270  266  259  251  240  229  217  205  192  180  170  161  153  146  142
  137  136  132  133  128  126  126  121  115                                   
    67.5-180.0 180.0   5.0 450.0                            LAT/LON1/LON2/DLON/H
  105  109  109  116  114  119  118  120  113  111  100   95   83   77   71   66
   67   64   70   71   78   83   88   93   93   97   94   96   96  100  105  115
  127  143  158  177  194  212  227  242  252  263  270  278  281  285  285  285
  286  285  288  283  277  266  255  242  228  211  196  182  170  159  149  139
  133  126  123  117  117  112  115  109  105                                   
    65.0-180.0 180.0   5.0 450.0                            LAT/LON1/LON2/DLON/H
   96   97   98  105  105  112  112  118  110  112  102   97   90   82   80   72
   76   72   80   81   90   94  100  105  106  110  108  109  107  110  112  123
  132  151  165  188  200  220  230  249  255  271  271  286  283  294  290  296
  295  300  302  299  294  284  274  260  245  226  206  190  174  160  146  133
  122  114  107  104  100   97  105  103   96                                   
    62.5-180.0 180.0   5.0 450.0                            LAT/LON1/LON2/DLON/H
   88   87   88   94   95  102  103  107  104  103   97   95   88   85   81   77
   79   79   84   87   94   99  104  110  111  115  111  114  110  113  116  126
  137  153  170  187  203  218  233  247  259  270  278  289  294  301  301  303
  305  305  308  304  300  289  280  267  253  233  214  194  178  161  145  128
  114  103   96   91   88   82   92   92   88                                   
    60.0-180.0 180.0   5.0 450.0                            LAT/LON1/LON2/DLON/H
   84   78   79   83   84   90   93   98   97   96   93   91   88   86   84   81
   85   84   92   92   99  101  106  110  110  115  111  115  111  117  117  131
  142  162  176  198  209  227  238  254  264  280  283  301  298  310  305  311
  307  311  311  311  306  297  287  275  260  243  223  206  188  172  153  136
  117  106   96   93   85   80   87   85   84                                   
    57.5-180.0 180.0   5.0 450.0                            LAT/LON1/LON2/DLON/H
   87   80   76   78   76   79   79   83   82   83   82   82   80   83   81   83
   85   86   90   90   94   94   97   98   98  101   98  103  102  110  114  130
  142  162  178  197  213  228  245  258  274  288  301  311  318  322  322  321
  319  316  317  314  310  300  292  279  266  252  237  219  207  189  172  152
  134  119  109  101   95   87   89   83   87                                   
    55.0-180.0 180.0   5.0 450.0                            LAT/LON1/LON2/DLON/H
   96   80   78   73   70   70   69   71   69   71   70   72   71   74   75   79
   81   83   88   87   90   87   90   88   90   91   92   97   98  111  116  138
  150  174  189  212  225  243  257  274  289  309  316  333  333  342  335  340
  331  332  327  328  322  316  309  298  287  276  261  253  239  226  203  184
  162  148  134  129  119  109  104   92   96                                   
    52.5-180.0 180.0   5.0 450.0                            LAT/LON1/LON2/DLON/H
  109   96   86   78   70   65   61   61   59   61   60   64   64   69   70   76
   78   81   82   82   81   78   79   78   79   81   82   90   94  106  119  141
  157  180  199  221  239  256  274  292  312  327  344  354  362  363  359  355
  350  347  346  343  341  332  328  315  309  297  288  277  273  257  241  215
  193  176  164  155  148  135  126  109  109                                   
    50.0-180.0 180.0   5.0 450.0                            LAT/LON1/LON2/DLON/H
  126  109   96   85   74   67   60   58   54   55   55   58   58   61   62   69
   70   75   75   76   74   72   71   68   74   75   82   91   98  117  130  156
  172  198  217  243  255  277  294  316  333  352  365  379  383  385  377  375
  367  365  363  362  357  352  346  339  332  324  315  310  303  293  276  252
  225  205  187  181  171  160  144  129  126                                   
    47.5-180.0 180.0   5.0 450.0                            LAT/LON1/LON2/DLON/H
  141  126  112  102   87   75   67   61   56   55   56   58   59   61   63   68
   71   74   76   75   73   70   69   66   72   77   85   96  108  127  144  169
  188  213  236  258  274  293  313  334  354  370  387  397  405  401  395  385
  381  377  377  374  371  363  357  346  339  330  326  321  317  305  292  268
  245  219  201  190  182  172  160  143  141                                   
    45.0-180.0 180.0   5.0 450.0                            LAT/LON1/LON2/DLON/H
  150  135  124  117  101   93   82   76   67   65   65   65   64   64   63   67
   68   73   72   76   70   72   70   75   77   85   93  110  122  146  161  188
  204  234  254  278  293  314  333  357  373  391  404  415  419  415  406  400
  393  390  390  384  381  373  365  354  344  336  327  325  317  309  294  270
  245  222  202  195  185  176  164  153  150                                   
    42.5-180.0 180.0   5.0 450.0                            LAT/LON1/LON2/DLON/H
  149  138  131  130  116  111  100   91   83   79   78   77   77   75   74   75
   78   80   82   82   80   79   79   80   86   95  108  124  140  159  178  199
  217  247  270  292  309  331  351  372  391  406  421  427  430  421  415  406
  402  397  396  390  386  374  363  347  334  322  313  307  302  292  278  255
  230  207  189  178  171  161  156  148  149                                   
    40.0-180.0 180.0   5.0 450.0                            LAT/LON1/LON2/DLON/H
  136  130  126  131  125  127  116  111  103   99   95   93   91   86   83   83
   82   87   86   88   85   84   83   86   90  102  116  137  153  172  188  209
  226  256  279  306  328  352  372  394  410  426  438  443  442  435  426  420
  414  411  408  401  392  381  367  352  335  320  304  295  285  273  254  230
  205  184  166  158  148  141  137  132  136                                   
    37.5-180.0 180.0   5.0 450.0                            LAT/LON1/LON2/DLON/H
  119  117  117  126  124  130  124  120  114  111  107  107  105  103  100   98
   98   99   97   97   93   91   89   90   96  107  123  142  160  177  192  211
  230  262  288  318  344  372  394  418  434  452  461  465  459  449  442  435
  431  425  422  413  405  390  377  359  341  324  306  290  275  256  234  212
  189  167  150  134  127  116  116  112  119                                   
    35.0-180.0 180.0   5.0 450.0                            LAT/LON1/LON2/DLON/H
   99   97  101  111  116  126  124  124  121  120  119  119  118  116  112  110
  107  109  106  106   99   96   92   91   95  104  121  143  163  183  198  219
  240  269  298  330  361  393  420  447  468  485  498  497  493  480  472  467
  460  457  451  446  435  425  409  394  376  356  334  311  290  267  246  224
  203  180  159  141  127  111  107   98   99                                   
    32.5-180.0 180.0   5.0 450.0                            LAT/LON1/LON2/DLON/H
   97   93   90  103  109  117  118  117  116  119  119  124  123  127  124  124
  120  120  115  113  104   99   93   91   93  101  115  139  160  183  201  225
  246  275  307  346  382  418  452  480  507  530  543  545  538  525  518  509
  506  502  498  493  486  475  465  452  438  417  396  367  342  315  295  275
  255  230  204  173  154  126  119   95   97                                   
    30.0-180.0 180.0   5.0 450.0                            LAT/LON1/LON2/DLON/H
  103   87   82   85   95  103  107  108  112  112  116  120  125  128  130  129
  128  126  121  114  106   97   90   85   89   93  114  134  164  187  212  235
  260  292  320  363  401  450  488  524  555  582  601  604  600  592  582  577
  572  573  570  573  566  561  551  544  535  513  489  455  430  401  378  353
  333  308  275  239  203  170  150  121  103                                   
    27.5-180.0 180.0   5.0 450.0                            LAT/LON1/LON2/DLON/H
  124  116   97   92   93   97   99  101  105  105  108  114  120  127  131  134
  132  131  124  117  105   99   87   83   83   91  110  136  170  199  227  249
  279  306  342  384  435  481  528  559  597  630  656  669  671  665  664  652
  656  648  648  646  649  650  651  648  644  628  609  583  559  533  511  485
  458  427  387  336  286  238  202  157  124                                   
    25.0-180.0 180.0   5.0 450.0                            LAT/LON1/LON2/DLON/H
  171  151  128  108  100   93   96   92  100   98  104  107  116  121  128  129
  134  128  126  115  109   97   90   81   87   91  119  147  183  211  237  270
  300  332  366  412  467  519  561  599  637  671  702  722  734  735  733  736
  727  737  732  748  745  755  755  767  765  753  736  711  685  649  621  592
  567  542  507  462  382  332  279  230  171                                   
    22.5-180.0 180.0   5.0 450.0                            LAT/LON1/LON2/DLON/H
  242  220  191  158  127  113  104  103  100  101  103  106  113  118  126  125
  129  127  123  117  108  100   90   87   90  100  125  155  190  217  249  284
  326  349  398  444  511  554  592  621  664  704  735  765  781  787  793  800
  803  809  817  824  830  837  847  853  850  844  832  811  784  756  728  706
  678  638  592  533  469  417  386  317  242                                   
    20.0-180.0 180.0   5.0 450.0                            LAT/LON1/LON2/DLON/H
  327  303  265  218  183  155  133  121  125  107  111  105  117  116  122  120
  126  118  121  109  108   99   98   95  107  115  141  170  203  238  271  310
  344  381  425  486  539  579  614  642  680  713  756  782  805  816  827  842
  848  862  863  873  874  882  884  898  899  899  893  879  864  830  799  770
  737  707  668  613  543  494  465  405  327                                   
    17.5-180.0 180.0   5.0 450.0                            LAT/LON1/LON2/DLON/H
  394  361  341  310  261  217  172  159  149  139  125  119  119  119  121  119
  121  116  116  107  105  102  104  106  118  127  156  181  217  256  290  323
  367  402  462  513  564  598  630  656  689  725  761  790  810  823  839  855
  865  874  882  890  894  900  905  913  918  917  916  904  888  854  819  782
  749  714  684  646  601  552  521  462  394                                   
    15.0-180.0 180.0   5.0 450.0                            LAT/LON1/LON2/DLON/H
  425  411  386  364  341  279  225  197  180  172  156  134  132  120  124  122
  119  117  115  109  109  107  114  116  126  135  160  196  242  284  310  351
  389  434  488  531  573  605  639  661  695  721  761  782  804  818  834  850
  861  870  875  882  881  888  888  899  895  896  894  879  859  819  779  745
  707  683  653  632  596  558  542  489  425                                   
    12.5-180.0 180.0   5.0 450.0                            LAT/LON1/LON2/DLON/H
  445  438  419  405  372  332  275  248  224  199  181  162  148  137  130  125
  120  116  113  110  111  111  119  114  117  134  162  213  258  295  325  364
  414  451  502  538  575  609  640  665  692  721  751  773  791  800  817  829
  842  844  852  854  857  858  858  858  857  850  845  830  802  767  723  687
  647  617  594  572  567  548  546  496  445                                   
    10.0-180.0 180.0   5.0 450.0                            LAT/LON1/LON2/DLON/H
  455  444  442  415  399  350  311  275  253  228  205  181  163  152  144  136
  131  122  113  105  103  102  100  103  118  147  188  246  284  317  343  384
  427  465  509  539  574  599  637  660  692  716  751  766  783  791  801  812
  820  822  826  825  828  825  819  814  807  797  789  774  747  712  662  615
  563  535  511  506  510  513  530  482  455                                   
     7.5-180.0 180.0   5.0 450.0                            LAT/LON1/LON2/DLON/H
  449  463  461  444  418  370  330  295  274  251  230  200  178  162  151  141
  132  121  110   99   89   75   77   94  116  151  200  261  295  325  352  385
