data/unet/pred3650.15i
     1.0            IONOSPHERE MAPS     GNSS                IONEX VERSION / TYPE
pyspatialgeodesy        IME             05-JAN-18 20:20     PGM / RUN BY / DATE 
Map Name                                                    COMMENT             
Predicted global ionosphere maps (GIM).                     DESCRIPTION         
  2015    12    31     0     0     0                        EPOCH OF FIRST MAP  
  2015    12    31    22     0     0                        EPOCH OF LAST MAP   
  7200                                                      INTERVAL            
    12                                                      # OF MAPS IN FILE   
  NONE                                                      MAPPING FUNCTION    
10.0                                                        ELEVATION CUTOFF    
One-way carrier phase leveled to code                       OBSERVABLES USED    
  6371.0                                                    BASE RADIUS         
 2                                                          MAP DIMENSION       
   450.0 450.0   0.0                                        HGT1 / HGT2 / DHGT  
    87.5 -87.5  -2.5                                        LAT1 / LAT2 / DLAT  
  -180.0 180.0   5.0                                        LON1 / LON2 / DLON  
    -1                                                      EXPONENT            
                                                            END OF HEADER       
     1                                                      START OF TEC MAP    
  2015    12    31     0     0     0                        EPOCH OF CURRENT MAP
    87.5-180.0 180.0   5.0 450.0                            LAT/LON1/LON2/DLON/H
   99   79   73   68   69   65   68   66   68   65   67   64   66   63   65   62
   64   61   64   61   63   60   62   59   62   58   61   58   60   57   59   57
   60   57   60   57   60   58   61   58   61   58   62   59   62   59   63   60
   64   61   65   62   66   63   67   64   68   65   68   65   69   65   69   65
   68   65   69   65   73   70   78   79   99                                   
    85.0-180.0 180.0   5.0 450.0                            LAT/LON1/LON2/DLON/H
   88   56   56   54   55   47   52   47   52   47   51   46   49   45   48   43
   46   42   45   40   43   38   41   36   38   33   36   32   35   31   34   31
   35   32   36   33   37   35   39   37   41   38   43   40   45   42   46   44
   49   45   50   47   52   48   53   49   54   50   54   50   54   50   54   50
   54   50   54   49   56   46   51   79   88                                   
    82.5-180.0 180.0   5.0 450.0                            LAT/LON1/LON2/DLON/H
   81   57   55   58   53   50   50   50   51   50   50   49   50   48   49   47
   48   45   46   43   44   40   40   36   35   32   32   30   30   28   30   28
   30   29   32   31   34   34   37   37   40   40   43   43   46   46   49   49
   52   51   54   53   55   54   56   54   55   53   55   53   54   52   54   52
   54   52   54   53   55   49   54   78   81                                   
    80.0-180.0 180.0   5.0 450.0                            LAT/LON1/LON2/DLON/H
   83   64   63   64   59   57   56   57   57   57   56   56   56   55   55   54
   54   52   52   49   48   45   43   39   37   33   32   29   29   27   29   28
   30   30   33   34   37   38   41   42   45   46   49   50   52   54   56   57
   58   58   59   59   59   58   58   56   56   54   54   53   53   52   53   53
   54   55   57   58   59   56   60   82   83                                   
    77.5-180.0 180.0   5.0 450.0                            LAT/LON1/LON2/DLON/H
   87   67   66   68   64   61   60   60   59   59   58   58   57   57   56   55
   54   52   51   49   47   43   40   36   33   29   28   25   25   24   25   25
   27   28   31   33   35   37   40   42   44   46   49   51   53   54   56   56
   57   56   56   55   54   52   51   48   47   45   45   43   43   42   44   44
   46   48   52   56   58   57   61   82   87                                   
    75.0-180.0 180.0   5.0 450.0                            LAT/LON1/LON2/DLON/H
   86   70   69   72   67   64   63   62   61   60   59   59   57   57   56   55
   54   53   51   50   47   44   41   38   34   31   29   27   26   26   27   28
   30   32   35   37   38   40   42   44   45   47   49   51   52   54   54   54
   53   52   51   49   47   45   43   41   38   36   35   34   33   34   35   37
   39   43   48   54   58   58   65   85   86                                   
    72.5-180.0 180.0   5.0 450.0                            LAT/LON1/LON2/DLON/H
   93   76   77   79   72   70   66   65   62   62   59   59   57   56   54   54
   51   50   49   48   46   43   41   38   35   32   31   29   29   28   31   31
   33   34   38   38   39   39   41   41   43   43   45   46   47   47   48   47
   46   45   44   41   39   36   34   31   30   27   27   25   26   25   28   30
   34   38   46   53   59   62   68   88   93                                   
    70.0-180.0 180.0   5.0 450.0                            LAT/LON1/LON2/DLON/H
   96   85   87   87   81   76   75   71   69   65   64   61   60   56   55   51
   50   47   47   45   44   41   41   37   36   33   33   31   32   31   34   34
   36   37   40   39   40   39   40   38   39   38   39   40   41   40   41   40
   39   37   37   34   32   29   29   26   25   22   23   22   23   22   26   28
   33   38   47   55   64   67   76   94   96                                   
    67.5-180.0 180.0   5.0 450.0                            LAT/LON1/LON2/DLON/H
  108   97  101  101   93   89   85   82   78   74   71   68   65   60   56   52
   49   46   45   43   43   41   41   38   37   34   35   33   33   33   35   35
   37   37   39   38   38   36   36   34   34   33   34   34   35   34   36   34
   34   32   31   29   28   26   27   25   25   24   25   23   25   25   29   32
   38   43   53   60   71   76   84   98  108                                   
    65.0-180.0 180.0   5.0 450.0                            LAT/LON1/LON2/DLON/H
  111  108  112  113  105  101   97   93   89   85   81   77   72   66   60   54
   49   45   44   42   41   40   40   38   37   35   35   34   33   33   34   34
   35   36   36   35   34   33   32   30   30   28   30   30   31   30   31   30
   30   28   27   26   26   26   27   27   28   28   29   29   31   33   37   40
   46   52   60   69   78   83   93  106  111                                   
    62.5-180.0 180.0   5.0 450.0                            LAT/LON1/LON2/DLON/H
  121  116  121  122  115  111  106  103   99   95   90   86   80   73   65   57
   51   46   43   41   41   39   39   37   36   34   34   32   32   30   31   30
   31   30   31   30   30   28   28   26   26   26   27   27   29   29   30   28
   28   26   26   25   27   27   29   30   33   33   36   37   41   42   47   50
   57   61   70   77   86   90   98  108  121                                   
    60.0-180.0 180.0   5.0 450.0                            LAT/LON1/LON2/DLON/H
  119  120  125  127  120  116  111  108  104  102   97   93   87   79   69   61
   53   47   43   40   39   37   36   34   33   31   30   29   28   26   26   26
   26   26   27   27   26   26   26   25   26   26   28   28   30   30   30   28
   27   25   25   25   27   29   32   34   37   40   42   45   49   53   57   61
   67   72   79   85   92   95  104  113  119                                   
    57.5-180.0 180.0   5.0 450.0                            LAT/LON1/LON2/DLON/H
  127  125  131  132  125  120  115  112  109  107  102   99   92   84   74   65
   57   50   46   42   40   37   35   32   31   29   28   27   26   24   24   23
   23   24   25   26   27   28   28   29   30   31   33   34   36   36   34   32
   30   28   28   28   31   33   36   38   43   45   49   53   59   62   69   72
   79   83   90   95  101  104  108  116  127                                   
    55.0-180.0 180.0   5.0 450.0                            LAT/LON1/LON2/DLON/H
  127  131  138  139  131  126  120  117  113  111  106  102   95   88   78   70
   62   55   49   44   40   36   33   30   28   26   26   25   25   24   23   23
   24   25   28   30   32   34   35   36   38   40   42   43   44   43   41   37
   35   33   32   33   35   38   41   43   47   51   56   61   68   73   80   85
   91   97  103  108  111  112  117  123  127                                   
    52.5-180.0 180.0   5.0 450.0                            LAT/LON1/LON2/DLON/H
  141  144  150  151  142  136  129  124  119  115  110  105   99   92   82   75
   67   61   54   49   43   38   34   31   29   28   28   28   27   27   27   27
   28   30   34   38   41   44   45   48   49   52   54   55   55   54   50   47
   44   41   40   40   43   44   47   48   53   55   62   67   75   81   90   95
  103  108  115  120  123  125  127  133  141                                   
    50.0-180.0 180.0   5.0 450.0                            LAT/LON1/LON2/DLON/H
  152  159  167  168  159  152  142  135  128  122  114  109  101   94   85   78
   72   65   58   52   46   40   35   32   30   30   31   32   32   32   31   32
   34   37   42   46   50   54   56   59   61   64   66   67   67   65   61   57
   54   51   49   49   51   52   54   55   59   62   68   75   83   91   99  106
  113  119  126  132  135  135  139  141  152                                   
    47.5-180.0 180.0   5.0 450.0                            LAT/LON1/LON2/DLON/H
  172  178  186  188  180  174  161  151  140  132  122  115  106   99   90   84
   77   71   64   57   51   46   41   38   37   38   39   39   39   39   39   39
   41   45   50   55   59   63   66   69   72   76   78   79   78   77   73   69
   66   63   62   60   62   61   63   62   66   68   75   82   92   99  108  114
  121  128  135  141  145  147  147  149  172                                   
    45.0-180.0 180.0   5.0 450.0                            LAT/LON1/LON2/DLON/H
  181  191  202  204  198  192  179  167  153  143  131  122  112  104   96   88
   81   74   67   60   55   51   47   45   45   45   46   46   46   45   44   44
   46   50   55   60   65   69   72   76   80   84   88   89   90   87   85   81
   79   75   73   71   71   70   70   69   72   76   82   90   99  107  114  120
  126  132  140  147  152  154  156  156  181                                   
    42.5-180.0 180.0   5.0 450.0                            LAT/LON1/LON2/DLON/H
  191  198  209  212  209  204  192  179  165  153  140  131  121  113  103   95
   87   80   73   67   63   60   58   56   55   55   54   53   51   49   48   47
   49   52   58   62   67   70   74   78   83   88   93   95   96   95   94   91
   89   85   83   79   79   76   75   74   78   81   89   96  106  113  119  123
  128  133  140  148  154  157  157  158  191                                   
    40.0-180.0 180.0   5.0 450.0                            LAT/LON1/LON2/DLON/H
  185  195  207  211  209  204  193  182  170  159  147  138  130  121  111  102
   93   85   78   73   71   70   69   67   64   62   59   56   53   52   49   48
   49   52   57   61   66   70   74   79   85   91   97   99  102  102  101   99
   98   94   90   86   85   81   80   79   84   88   96  104  113  119  124  126
  130  133  139  145  151  154  156  156  185                                   
    37.5-180.0 180.0   5.0 450.0                            LAT/LON1/LON2/DLON/H
  178  185  193  199  196  193  184  177  168  160  152  146  138  131  122  113
  103   95   89   85   85   84   82   78   73   67   63   58   56   52   50   49
   49   52   56   61   65   69   74   79   86   92   98  102  105  106  106  104
  102   98   94   90   88   85   85   85   91   96  104  112  120  125  129  130
  132  135  139  144  149  153  154  152  178                                   
    35.0-180.0 180.0   5.0 450.0                            LAT/LON1/LON2/DLON/H
  167  172  179  181  178  173  168  163  158  155  152  148  144  138  131  122
  113  105  101   98   98   97   93   85   77   69   62   58   56   54   52   51
   52   54   59   62   67   71   76   81   88   95  101  105  109  109  109  106
  105   99   95   89   89   86   88   88   96  100  110  116  126  130  136  136
  140  140  145  148  151  155  159  156  167                                   
    32.5-180.0 180.0   5.0 450.0                            LAT/LON1/LON2/DLON/H
  168  166  169  169  161  156  151  150  148  149  149  149  148  145  139  131
  123  117  113  111  110  107  100   89   78   68   62   59   59   60   60   61
   61   64   67   71   74   78   82   88   93   99  105  108  110  111  109  106
  102   96   91   87   86   86   89   91   99  106  115  123  131  137  144  147
  151  153  157  159  163  166  171  170  168                                   
    30.0-180.0 180.0   5.0 450.0                            LAT/LON1/LON2/DLON/H
  176  178  180  172  162  153  148  144  143  143  145  147  150  148  144  138
  132  126  123  121  118  112  103   89   77   68   65   65   70   73   76   77
   79   80   84   86   89   91   94   97  102  106  110  111  112  110  108  103
   98   91   87   83   85   85   91   94  104  110  122  129  140  147  158  163
  172  174  179  182  183  187  195  198  176                                   
    27.5-180.0 180.0   5.0 450.0                            LAT/LON1/LON2/DLON/H
  209  209  213  204  188  178  167  159  151  149  148  150  152  152  148  144
  138  134  129  125  119  111  100   87   76   71   72   78   87   95  100  103
  103  105  106  108  108  108  108  108  109  111  112  111  110  106  104   98
   92   85   81   77   81   83   90   94  104  113  125  136  148  159  173  184
  195  201  206  209  213  218  228  240  209                                   
    25.0-180.0 180.0   5.0 450.0                            LAT/LON1/LON2/DLON/H
  256  260  269  259  239  226  211  194  178  166  159  156  156  155  152  147
  142  137  131  124  115  105   94   82   76   76   84   95  109  119  127  129
  130  129  130  129  128  125  122  118  117  114  112  108  105  100   97   91
   85   77   73   70   74   78   86   91  103  112  126  137  154  169  190  206
  223  231  240  243  250  259  278  294  256                                   
    22.5-180.0 180.0   5.0 450.0                            LAT/LON1/LON2/DLON/H
  315  327  343  335  320  303  281  254  226  204  184  174  166  162  155  150
  143  137  128  118  106   96   86   80   80   88  101  117  133  145  151  153
  150  149  147  145  141  136  130  124  118  113  107  101   96   90   87   81
   75   68   65   64   70   73   82   87   99  109  124  138  158  180  205  228
  252  265  275  280  293  306  329  345  315                                   
    20.0-180.0 180.0   5.0 450.0                            LAT/LON1/LON2/DLON/H
  381  411  424  425  416  401  371  333  292  253  220  199  185  174  163  154
  146  137  125  111   98   88   83   85   92  106  122  140  155  165  168  166
  162  158  155  151  146  139  133  123  115  105   99   90   85   78   76   70
   67   61   60   59   64   68   76   82   94  107  126  142  166  191  222  250
  279  297  311  323  339  359  386  393  381                                   
    17.5-180.0 180.0   5.0 450.0                            LAT/LON1/LON2/DLON/H
  438  474  492  508  514  504  468  421  366  313  267  235  211  195  178  165
  151  139  123  107   92   86   86   95  108  126  143  157  168  175  173  167
  158  153  149  146  139  134  126  117  106   98   90   80   73   67   66   62
   61   58   58   57   60   63   70   76   91  107  130  151  178  206  241  271
  304  326  344  359  382  402  427  427  438                                   
    15.0-180.0 180.0   5.0 450.0                            LAT/LON1/LON2/DLON/H
  486  527  544  565  585  586  556  503  434  372  315  274  242  218  198  182
  164  147  129  111   98   94  100  113  130  147  161  170  174  173  167  156
  146  139  136  133  129  125  120  110  103   93   85   73   66   59   60   57
   60   57   57   55   56   59   65   73   92  113  140  162  193  222  256  286
  320  346  367  386  410  431  457  452  486                                   
    12.5-180.0 180.0   5.0 450.0                            LAT/LON1/LON2/DLON/H
  506  542  556  585  614  624  602  554  485  416  355  309  276  248  224  205
  184  165  142  126  113  114  122  138  152  167  174  174  170  163  151  140
  128  122  119  120  117  117  112  108  100   93   83   71   63   57   55   57
   57   58   57   56   55   58   64   73   96  120  150  175  207  236  268  297
  331  353  377  393  419  440  459  457  506                                   
    10.0-180.0 180.0   5.0 450.0                            LAT/LON1/LON2/DLON/H
  501  532  546  572  608  622  611  569  510  445  383  338  303  275  250  228
  208  187  164  147  138  139  150  164  175  181  180  171  162  150  137  124
  113  107  106  110  113  116  116  112  107   98   89   76   69   62   62   61
   64   62   62   59   57   59   67   80  104  130  160  185  217  244  274  302
  330  353  374  392  415  436  453  450  501                                   
     7.5-180.0 180.0   5.0 450.0                            LAT/LON1/LON2/DLON/H
  475  496  509  533  567  581  577  547  502  449  397  355  323  294  273  250
  233  211  192  177  169  173  180  192  196  193  182  168  153  141  127  116
