data/unet/pred0160.15i
     1.0            IONOSPHERE MAPS     GNSS                IONEX VERSION / TYPE
pyspatialgeodesy        IME             05-JAN-18 20:20     PGM / RUN BY / DATE 
Map Name                                                    COMMENT             
Predicted global ionosphere maps (GIM).                     DESCRIPTION         
  2015     1    16     0     0     0                        EPOCH OF FIRST MAP  
  2015     1    17     0     0     0                        EPOCH OF LAST MAP   
  7200                                                      INTERVAL            
    13                                                      # OF MAPS IN FILE   
  NONE                                                      MAPPING FUNCTION    
10.0                                                        ELEVATION CUTOFF    
One-way carrier phase leveled to code                       OBSERVABLES USED    
  6371.0                                                    BASE RADIUS         
 2                                                          MAP DIMENSION       
   450.0 450.0   0.0                                        HGT1 / HGT2 / DHGT  
    87.5 -87.5  -2.5                                        LAT1 / LAT2 / DLAT  
  -180.0 180.0   5.0                                        LON1 / LON2 / DLON  
    -1                                                      EXPONENT            
                                                            END OF HEADER       
     1                                                      START OF TEC MAP    
  2015     1    16     0     0     0                        EPOCH OF CURRENT MAP
    87.5-180.0 180.0   5.0 450.0                            LAT/LON1/LON2/DLON/H
  112   89   83   79   83   80   85   82   86   83   87   84   88   84   87   84
   87   84   86   83   86   82   85   81   84   80   83   79   82   78   81   78
   81   78   81   79   83   80   84   81   85   83   87   85   89   87   90   88
   91   89   92   89   91   88   89   86   88   85   86   83   84   81   83   79
   82   79   83   82   89   86   93  102  112                                   
    85.0-180.0 180.0   5.0 450.0                            LAT/LON1/LON2/DLON/H
   98   68   70   69   71   68   73   71   76   72   77   73   77   73   77   73
   76   72   75   70   73   68   71   66   68   64   66   61   64   60   62   59
   63   61   64   63   68   67   72   72   77   76   82   81   86   84   89   86
   90   87   91   86   89   84   87   81   83   78   80   75   76   72   74   71
   74   70   74   71   79   69   71   95   98                                   
    82.5-180.0 180.0   5.0 450.0                            LAT/LON1/LON2/DLON/H
   92   72   73   78   77   75   78   78   80   79   80   80   80   78   79   77
   78   75   75   73   73   70   70   66   66   62   62   58   59   55   56   54
   57   55   60   59   65   66   72   73   80   81   87   88   92   93   96   96
   97   97   97   95   93   91   89   85   84   79   79   74   75   71   73   71
   74   72   77   76   80   75   78   94   92                                   
    80.0-180.0 180.0   5.0 450.0                            LAT/LON1/LON2/DLON/H
  100   90   93   97   94   94   94   95   95   94   93   92   90   89   86   85
   83   82   80   79   78   76   74   72   70   67   65   61   60   56   56   54
   56   56   59   61   66   69   74   78   83   87   92   95   98  100  102  102
  102  101  100   97   95   92   89   85   82   78   76   74   73   72   73   74
   77   79   83   86   89   87   90  102  100                                   
    77.5-180.0 180.0   5.0 450.0                            LAT/LON1/LON2/DLON/H
  118  110  115  117  114  112  113  112  111  109  107  105  101   97   93   89
   86   82   81   78   78   75   75   72   71   67   66   61   60   55   54   51
   52   51   54   56   60   63   69   72   78   80   86   88   92   93   96   96
   96   95   94   91   88   84   81   76   74   69   68   65   65   64   68   70
   76   80   87   92   99   99  103  111  118                                   
    75.0-180.0 180.0   5.0 450.0                            LAT/LON1/LON2/DLON/H
  136  138  143  144  139  138  137  135  132  130  126  121  115  108  100   93
   87   82   79   77   75   75   74   74   72   71   69   66   63   59   57   54
   53   53   55   57   60   63   67   72   75   79   83   85   86   88   88   88
   86   85   83   81   77   75   71   68   64   62   59   59   58   61   65   71
   78   86   96  104  112  115  120  127  136                                   
    72.5-180.0 180.0   5.0 450.0                            LAT/LON1/LON2/DLON/H
  166  169  175  174  169  167  165  162  158  153  147  140  130  119  107   96
   86   78   73   70   69   70   71   72   73   73   72   70   67   63   60   56
   54   53   55   55   58   60   64   67   70   72   76   75   76   75   75   72
   70   67   66   63   61   58   57   54   52   49   50   49   52   54   62   70
   81   91  104  115  126  132  138  146  166                                   
    70.0-180.0 180.0   5.0 450.0                            LAT/LON1/LON2/DLON/H
  190  195  204  204  197  196  192  189  183  178  170  160  146  130  114   98
   85   74   68   64   65   66   70   72   75   76   77   75   72   68   65   60
   58   56   57   57   59   60   63   65   66   67   68   67   65   62   59   55
   51   47   46   45   44   43   44   42   42   41   42   44   48   53   62   73
   86   98  113  126  139  148  159  166  190                                   
    67.5-180.0 180.0   5.0 450.0                            LAT/LON1/LON2/DLON/H
  217  216  225  225  220  220  216  213  207  203  193  182  165  147  125  105
   87   74   66   62   63   66   71   75   78   80   80   79   76   72   67   63
   60   58   58   58   58   58   60   60   60   60   60   59   55   50   46   40
   35   32   31   31   32   33   35   35   37   38   41   43   50   56   68   79
   93  107  123  138  153  164  173  182  217                                   
    65.0-180.0 180.0   5.0 450.0                            LAT/LON1/LON2/DLON/H
  228  232  241  242  236  237  232  230  225  222  213  204  184  164  138  116
   95   79   70   65   66   68   74   77   81   82   82   80   77   72   67   62
   59   56   56   55   55   55   55   55   54   55   54   52   47   42   36   30
   25   22   22   23   25   29   32   33   38   40   45   50   58   67   79   90
  105  118  134  148  162  175  188  198  228                                   
    62.5-180.0 180.0   5.0 450.0                            LAT/LON1/LON2/DLON/H
  235  235  247  249  245  242  239  237  234  232  227  219  201  183  156  132
  109   93   81   76   75   76   80   82   83   83   82   79   75   70   64   59
   55   52   50   49   49   48   48   49   49   50   49   47   43   38   32   27
   23   21   21   23   26   30   34   37   43   46   53   60   70   80   93  105
  119  132  147  159  172  185  195  209  235                                   
    60.0-180.0 180.0   5.0 450.0                            LAT/LON1/LON2/DLON/H
  234  239  252  253  247  243  237  236  235  235  232  228  214  198  173  151
  128  111   99   92   89   87   88   86   85   82   79   75   71   66   60   55
   50   47   45   44   44   44   43   44   45   46   47   45   43   38   33   27
   25   23   26   27   32   33   38   42   48   53   62   72   84   95  109  122
  136  148  161  171  181  192  205  219  234                                   
    57.5-180.0 180.0   5.0 450.0                            LAT/LON1/LON2/DLON/H
  240  242  257  257  248  240  235  232  231  232  232  231  222  211  190  171
  150  135  122  113  107  102   98   94   88   84   78   73   67   62   56   51
   46   43   41   41   40   41   41   43   44   47   48   50   49   47   42   37
   35   33   35   37   39   41   45   50   55   62   73   85   99  112  128  142
  157  168  178  187  194  205  216  232  240                                   
    55.0-180.0 180.0   5.0 450.0                            LAT/LON1/LON2/DLON/H
  247  254  271  269  255  247  237  233  229  230  229  229  223  217  203  188
  171  157  144  133  124  115  108   99   92   84   78   71   66   61   56   51
   47   44   44   43   44   44   46   47   50   52   58   58   61   57   55   49
   48   43   46   45   48   48   52   56   62   70   83   97  113  129  146  161
  175  187  197  205  211  222  233  249  247                                   
    52.5-180.0 180.0   5.0 450.0                            LAT/LON1/LON2/DLON/H
  266  271  289  287  273  263  253  243  237  233  230  228  224  221  212  203
  190  177  162  150  137  127  116  107   97   89   81   75   69   65   60   56
   52   51   49   50   50   52   52   55   57   61   65   69   71   72   68   64
   60   58   57   56   56   56   58   61   67   76   90  106  125  143  162  178
  194  207  218  226  233  242  250  268  266                                   
    50.0-180.0 180.0   5.0 450.0                            LAT/LON1/LON2/DLON/H
  282  295  310  308  295  288  275  264  250  242  232  228  222  221  215  210
  200  188  173  158  145  132  122  112  104   95   88   81   76   72   67   63
   61   60   60   62   64   65   67   67   71   73   80   82   88   86   85   78
   75   69   69   65   64   64   65   69   76   86  101  118  139  157  176  193
  212  226  236  244  251  260  270  282  282                                   
    47.5-180.0 180.0   5.0 450.0                            LAT/LON1/LON2/DLON/H
  298  309  325  327  318  312  301  289  275  260  245  235  227  224  219  216
  206  195  178  164  149  138  127  120  112  106   99   93   86   82   77   74
   71   72   71   75   77   79   78   79   82   86   92   97  101  102  101   95
   90   84   80   75   74   72   73   77   85   95  111  128  150  168  188  205
  224  237  248  256  266  273  278  288  298                                   
    45.0-180.0 180.0   5.0 450.0                            LAT/LON1/LON2/DLON/H
  299  314  329  331  329  328  321  312  297  282  261  247  234  230  224  221
  210  198  181  166  153  143  136  129  124  118  112  104   97   91   86   82
   81   81   83   86   90   90   91   90   95   98  106  110  117  117  116  109
  104   96   92   86   84   84   85   89   97  107  122  138  159  177  197  213
  230  242  252  261  270  278  282  288  299                                   
    42.5-180.0 180.0   5.0 450.0                            LAT/LON1/LON2/DLON/H
  296  302  315  322  325  331  331  329  318  304  284  266  251  243  234  227
  215  202  184  172  160  154  148  144  138  132  124  116  107  100   94   89
   87   88   90   94   96   98   97   99  102  108  115  122  129  131  130  124
  118  110  103   98   95   94   96   99  109  118  133  148  168  184  202  216
  230  239  249  256  266  271  273  281  296                                   
    40.0-180.0 180.0   5.0 450.0                            LAT/LON1/LON2/DLON/H
  286  292  300  303  309  322  328  333  328  318  299  285  267  258  245  236
  222  208  192  181  174  169  164  158  151  142  133  122  113  103   97   90
   89   88   92   95  100  101  103  104  111  117  128  134  142  143  142  135
  130  121  114  110  108  107  109  112  122  131  146  159  178  192  209  221
  233  239  247  251  258  263  269  273  286                                   
    37.5-180.0 180.0   5.0 450.0                            LAT/LON1/LON2/DLON/H
  284  282  288  288  293  308  320  331  332  327  313  300  287  275  261  249
  234  220  206  200  193  189  181  172  159  149  136  126  115  106   98   91
   88   88   90   94   97  102  103  108  115  125  135  144  150  151  149  144
  137  129  122  118  117  118  119  123  132  142  156  170  188  201  218  229
  238  243  249  251  256  261  267  273  284                                   
    35.0-180.0 180.0   5.0 450.0                            LAT/LON1/LON2/DLON/H
  297  296  295  287  285  297  307  320  325  325  317  310  298  291  276  264
  248  236  224  218  213  207  193  178  160  146  134  122  114  105   99   91
   89   87   92   94  100  102  108  113  124  133  145  151  156  155  151  146
  141  134  127  124  123  124  126  129  138  147  162  176  195  212  231  244
  257  263  270  269  271  276  288  292  297                                   
    32.5-180.0 180.0   5.0 450.0                            LAT/LON1/LON2/DLON/H
  343  335  331  314  303  306  311  319  324  325  320  314  307  299  287  275
  260  250  241  236  228  215  195  174  153  139  126  119  113  109  103   99
   96   97   98  102  104  110  114  122  131  142  150  154  155  152  148  142
  136  130  123  120  121  123  124  128  136  148  162  180  201  222  246  269
  289  303  313  313  315  320  331  335  343                                   
    30.0-180.0 180.0   5.0 450.0                            LAT/LON1/LON2/DLON/H
  435  431  413  380  361  347  341  337  336  332  325  320  312  308  294  284
  269  260  250  243  231  212  186  162  141  129  122  120  122  122  122  118
  120  117  120  121  125  127  133  136  146  151  156  155  153  146  140  133
  127  120  115  112  114  116  120  123  132  144  160  182  207  236  267  308
  338  364  379  384  388  397  412  404  435                                   
    27.5-180.0 180.0   5.0 450.0                            LAT/LON1/LON2/DLON/H
  559  564  533  496  460  433  407  390  371  357  343  331  323  312  299  287
  273  262  251  240  220  197  166  145  128  124  124  132  141  150  154  155
  157  155  154  154  151  154  154  157  160  161  158  153  145  136  128  120
  116  108  105  102  106  108  114  121  129  144  162  189  218  254  298  348
  393  425  446  456  466  484  497  486  559                                   
    25.0-180.0 180.0   5.0 450.0                            LAT/LON1/LON2/DLON/H
  689  717  689  648  607  560  510  466  428  400  375  355  340  326  308  295
  278  265  246  230  202  175  147  131  125  131  144  161  181  195  205  209
  211  205  199  192  186  180  179  175  173  165  158  146  135  123  116  108
  106   98   95   92   96   99  104  111  122  140  167  200  235  278  332  397
  450  493  521  538  557  583  587  585  689                                   
    22.5-180.0 180.0   5.0 450.0                            LAT/LON1/LON2/DLON/H
  775  829  821  797  752  696  629  570  507  464  425  397  371  348  326  305
  285  265  241  214  181  153  132  129  138  159  182  210  234  256  269  275
  272  262  242  225  203  195  185  185  173  164  146  134  118  108  100   97
   94   90   87   84   87   90   97  106  119  144  179  216  255  302  365  436
  498  553  592  614  637  662  668  669  775                                   
    20.0-180.0 180.0   5.0 450.0                            LAT/LON1/LON2/DLON/H
  834  914  926  919  893  835  763  686  613  547  492  449  414  385  353  327
  301  277  243  208  171  147  139  149  175  209  241  274  297  315  325  326
  319  301  276  249  224  204  190  184  170  153  135  117  106   94   92   86
   87   80   79   74   78   79   86   96  117  152  195  237  283  336  406  480
  548  607  650  676  705  727  748  735  834                                   
    17.5-180.0 180.0   5.0 450.0                            LAT/LON1/LON2/DLON/H
  831  921  951  968  960  920  858  781  702  630  567  514  470  430  395  362
  332  299  261  221  186  169  170  197  234  276  311  334  349  354  355  349
  337  316  283  249  217  201  180  174  155  141  118  104   92   87   84   83
   83   79   76   72   74   74   81   94  124  168  217  265  313  377  442  509
  574  629  666  693  720  742  764  753  831                                   
    15.0-180.0 180.0   5.0 450.0                            LAT/LON1/LON2/DLON/H
  793  869  918  953  975  954  911  844  775  701  643  586  539  490  446  412
  379  344  300  260  225  216  228  267  315  359  381  390  386  378  368  354
  338  309  272  228  203  183  170  155  141  123  108   91   89   80   82   77
   79   73   71   66   69   70   81  101  138  187  241  290  347  412  477  537
  593  636  666  688  713  724  748  734  793                                   
    12.5-180.0 180.0   5.0 450.0                            LAT/LON1/LON2/DLON/H
  708  764  815  864  903  908  892  850  802  750  699  650  605  556  507  469
  440  404  359  320  292  288  310  358  406  434  438  423  403  380  361  340
  318  286  246  209  182  166  150  140  124  114   97   90   85   83   82   80
   77   73   70   66   68   72   88  112  158  208  258  310  367  431  489  543
  587  622  640  657  672  676  692  685  708                                   
    10.0-180.0 180.0   5.0 450.0                            LAT/LON1/LON2/DLON/H
  620  642  693  754  805  832  840  828  806  774  743  705  664  619  574  538
  509  478  440  404  378  381  407  452  486  494  472  438  401  370  343  315
  286  249  216  184  165  148  137  126  117  106  101   91   92   87   88   83
   79   75   71   69   71   81   97  128  175  220  273  320  382  440  499  543
  581  603  616  624  631  627  633  629  620                                   
     7.5-180.0 180.0   5.0 450.0                            LAT/LON1/LON2/DLON/H
  531  551  585  644  697  738  764  775  778  768  755  732  704  666  633  602
  580  554  522  492  473  474  494  521  531  512  471  420  377  340  312  283
