data/unet/pred2560.15i
     1.0            IONOSPHERE MAPS     GNSS                IONEX VERSION / TYPE
pyspatialgeodesy        IME             05-JAN-18 20:20     PGM / RUN BY / DATE 
Map Name                                                    COMMENT             
Predicted global ionosphere maps (GIM).                     DESCRIPTION         
  2015     9    13     0     0     0                        EPOCH OF FIRST MAP  
  2015     9    14     0     0     0                        EPOCH OF LAST MAP   
  7200                                                      INTERVAL            
    13                                                      # OF MAPS IN FILE   
  NONE                                                      MAPPING FUNCTION    
10.0                                                        ELEVATION CUTOFF    
One-way carrier phase leveled to code                       OBSERVABLES USED    
  6371.0                                                    BASE RADIUS         
 2                                                          MAP DIMENSION       
   450.0 450.0   0.0                                        HGT1 / HGT2 / DHGT  
    87.5 -87.5  -2.5                                        LAT1 / LAT2 / DLAT  
  -180.0 180.0   5.0                                        LON1 / LON2 / DLON  
    -1                                                      EXPONENT            
                                                            END OF HEADER       
[from data line 3432]
     9                                                      START OF TEC MAP    
  2015     9    13    16     0     0                        EPOCH OF CURRENT MAP
    87.5-180.0 180.0   5.0 450.0                            LAT/LON1/LON2/DLON/H
   95  106  103  105  103  103  103  104  104  105  105  106  107  107  109  108
  110  109  110  109  111  110  111  109  111  109  110  108  109  107  108  106
  107  105  105  104  104  103  103  102  102  101  101  101  101  100  101  101
  101  101  101  101  102  102  102  102  102  102  102  102  102  102  102  102
  102  102  102  102  101  102  106  123   95                                   
    85.0-180.0 180.0   5.0 450.0                            LAT/LON1/LON2/DLON/H
   74   90   81   83   84   85   85   86   86   88   88   91   91   94   93   96
   95   97   96   98   97   98   96   97   96   96   94   95   93   93   92   92
   90   89   88   87   86   85   84   84   83   83   82   82   82   83   83   83
   83   84   84   84   85   85   85   85   86   86   85   86   86   86   85   85
   84   85   84   84   83   82   84   88   74                                   
    82.5-180.0 180.0   5.0 450.0                            LAT/LON1/LON2/DLON/H
   76   71   68   70   69   71   72   75   76   78   79   82   83   86   86   89
   89   92   91   93   93   95   93   95   92   94   91   92   89   90   87   88
   84   85   81   82   78   79   75   76   74   75   73   74   73   75   74   76
   75   77   76   78   77   79   78   80   78   80   77   79   76   77   74   74
   72   72   71   70   69   62   76   70   76                                   
    80.0-180.0 180.0   5.0 450.0                            LAT/LON1/LON2/DLON/H
   66   64   61   63   62   66   66   70   71   74   75   80   81   86   85   91
   90   95   94   98   97  101   98  101   97  100   94   97   92   94   88   90
   85   86   80   82   77   78   73   74   70   71   68   71   68   71   69   73
   71   75   73   77   75   79   76   79   76   79   75   78   74   75   71   72
   68   69   65   64   61   59   63   64   66                                   
    77.5-180.0 180.0   5.0 450.0                            LAT/LON1/LON2/DLON/H
   59   59   58   55   59   60   64   65   68   71   74   77   79   82   85   88
   90   92   94   97   98  100  101  102  101  101   99   99   97   96   94   92
   89   87   85   82   80   77   75   72   70   67   67   66   66   66   67   69
   70   72   73   76   76   78   77   78   77   77   76   75   73   72   70   68
   66   65   63   59   57   50   53   56   59                                   
    75.0-180.0 180.0   5.0 450.0                            LAT/LON1/LON2/DLON/H
   53   52   53   53   55   59   62   64   67   70   74   77   82   85   90   91
   96   97  102  102  105  106  107  107  107  106  104  103  100   99   97   95
   91   90   86   84   80   78   74   71   67   66   63   62   60   62   62   65
   65   69   69   73   72   75   73   74   72   73   70   70   68   68   66   64
   63   61   60   56   55   52   55   54   53                                   
    72.5-180.0 180.0   5.0 450.0                            LAT/LON1/LON2/DLON/H
   51   52   53   52   54   59   62   65   68   72   75   79   82   85   88   90
   94   95  100  101  106  106  109  108  108  107  106  105  103  101   99   98
   95   93   90   89   85   82   78   75   70   67   64   62   60   60   60   62
   62   65   66   69   69   70   69   69   67   67   65   65   63   63   61   61
   59   59   58   54   53   48   49   49   51                                   
    70.0-180.0 180.0   5.0 450.0                            LAT/LON1/LON2/DLON/H
   47   45   50   50   55   57   62   64   68   70   75   77   82   83   89   89
   94   95  101  104  108  110  112  111  110  108  107  105  103  102   99   98
   95   94   91   91   86   84   79   77   70   68   62   62   57   58   56   59
   57   61   59   63   60   62   59   60   56   57   55   56   55   56   56   56
   56   55   55   52   51   48   50   48   47                                   
    67.5-180.0 180.0   5.0 450.0                            LAT/LON1/LON2/DLON/H
   46   43   49   48   51   56   61   64   68   71   75   78   81   82   87   87
   91   92   98  101  106  108  112  110  111  108  108  106  104  102  101   99
   98   96   95   94   92   89   86   81   77   71   68   63   60   57   56   55
   55   54   54   53   53   51   50   48   48   47   47   48   48   49   50   51
   50   51   51   48   48   42   43   42   46                                   
    65.0-180.0 180.0   5.0 450.0                            LAT/LON1/LON2/DLON/H
   42   38   46   45   50   53   59   60   67   68   74   76   79   80   84   84
   89   91   98  102  110  112  116  114  114  110  109  106  104  102  100   99
   97   97   95   95   92   92   87   85   79   77   70   67   61   60   56   56
   52   52   49   48   44   42   40   39   38   39   39   41   42   44   45   46
   46   46   46   44   44   42   43   38   42                                   
    62.5-180.0 180.0   5.0 450.0                            LAT/LON1/LON2/DLON/H
   38   35   44   41   46   50   56   60   66   70   75   78   81   83   86   88
   91   93   99  104  111  113  119  116  118  111  111  107  106  103  102  101
  100   99   99   99   98   96   94   91   87   81   77   71   66   62   58   54
   52   47   45   40   38   33   32   30   30   32   33   36   37   38   39   40
   40   40   40   38   38   34   33   29   38                                   
    60.0-180.0 180.0   5.0 450.0                            LAT/LON1/LON2/DLON/H
   30   30   39   38   44   47   53   56   63   66   74   77   82   83   86   88
   90   93  101  106  115  116  124  121  122  115  114  109  108  106  104  103
  102  102  100  101  100   99   96   95   91   87   81   78   71   67   61   58
   53   48   43   38   33   29   26   26   27   28   30   32   34   35   37   36
   36   35   36   33   34   33   32   24   30                                   
    57.5-180.0 180.0   5.0 450.0                            LAT/LON1/LON2/DLON/H
   27   29   37   35   39   42   50   52   60   65   73   79   84   87   90   92
   95   97  104  107  115  116  125  123  126  117  119  113  114  110  111  109
  109  106  106  105  105  103  102  101   98   94   89   85   78   73   66   62
   55   50   44   38   31   26   24   24   24   27   28   32   31   33   32   32
   31   31   31   30   30   26   24   16   27                                   
    55.0-180.0 180.0   5.0 450.0                            LAT/LON1/LON2/DLON/H
   24   26   36   35   41   43   50   51   59   63   73   78   86   88   92   93
   96   98  105  107  117  117  126  125  129  123  124  120  121  119  119  117
  115  113  110  110  108  108  107  106  103  101   96   93   86   81   74   69
   62   57   48   42   35   30   27   27   28   30   32   33   34   33   32   30
   30   29   30   27   29   28   27   17   24                                   
    52.5-180.0 180.0   5.0 450.0                            LAT/LON1/LON2/DLON/H
   27   32   39   38   42   45   51   52   60   63   73   79   87   90   95   97
  100  101  107  109  117  116  124  123  128  123  129  124  130  125  128  124
  124  119  117  116  115  114  114  114  112  109  105  101   95   90   83   78
   70   64   55   49   41   37   33   33   34   36   35   37   34   33   30   30
   29   29   30   29   29   27   24   13   27                                   
    50.0-180.0 180.0   5.0 450.0                            LAT/LON1/LON2/DLON/H
   31   33   41   41   47   49   56   56   63   66   74   80   88   91   98   99
  102  103  108  109  116  116  123  123  127  126  130  131  135  135  135  133
  129  126  123  122  121  121  120  121  119  117  113  111  105  100   94   89
   82   75   67   60   52   46   43   43   45   46   45   44   40   37   34   32
   31   30   33   30   33   33   32   20   31                                   
    47.5-180.0 180.0   5.0 450.0                            LAT/LON1/LON2/DLON/H
   39   42   48   48   53   56   63   63   71   72   79   83   90   93   99  101
  106  105  110  110  116  115  122  122  129  127  134  135  142  140  143  139
  136  131  129  129  128  129  129  130  128  126  122  120  115  110  104  100
   92   86   77   72   63   60   55   56   55   56   53   53   45   42   36   37
   34   36   38   39   40   37   34   22   39                                   
    45.0-180.0 180.0   5.0 450.0                            LAT/LON1/LON2/DLON/H
   45   42   48   48   56   60   68   68   77   78   84   87   92   95  102  104
  109  109  114  112  118  117  123  125  131  133  140  142  146  145  144  141
  136  134  131  133  133  136  136  137  135  133  130  128  124  120  114  108
  102   96   89   81   76   71   69   67   69   67   65   61   54   51   46   44
   44   44   47   45   47   46   45   34   45                                   
    42.5-180.0 180.0   5.0 450.0                            LAT/LON1/LON2/DLON/H
   50   48   52   51   57   65   73   77   87   88   94   94   99  101  108  111
  117  118  120  120  124  123  130  133  141  142  149  150  153  149  147  143
  139  137  136  139  141  144  145  146  143  140  137  135  131  126  120  114
  109  102   95   89   83   80   78   79   79   79   74   73   63   61   55   56
   53   55   55   55   55   49   49   39   50                                   
    40.0-180.0 180.0   5.0 450.0                            LAT/LON1/LON2/DLON/H
   52   48   49   48   57   63   76   79   92   95  102  102  105  106  113  117
  124  126  129  129  132  132  138  144  151  154  159  159  158  152  147  145
  141  142  143  147  151  154  156  155  151  148  145  143  139  134  128  122
  116  109  103   95   91   87   87   86   90   87   85   82   76   73   69   68
   67   65   66   62   62   58   58   49   52                                   
    37.5-180.0 180.0   5.0 450.0                            LAT/LON1/LON2/DLON/H
   53   50   48   47   52   62   74   84   98  104  113  112  117  117  125  130
  137  141  143  144  147  148  153  159  166  169  174  173  170  161  157  152
  151  152  156  161  165  168  169  167  162  157  153  151  147  142  136  129
  122  115  107  100   94   93   91   95   95   95   91   90   84   84   80   81
   76   76   72   70   65   59   59   51   53                                   
    35.0-180.0 180.0   5.0 450.0                            LAT/LON1/LON2/DLON/H
   54   48   45   43   51   59   74   84  102  111  121  122  128  128  136  141
  148  152  154  156  159  161  167  173  179  183  188  187  181  174  167  166
  167  171  175  179  183  186  185  182  176  169  163  159  157  151  145  137
  131  121  112  102   96   94   94   95   97   96   95   94   93   93   93   92
   89   86   81   74   70   65   66   58   54                                   
    32.5-180.0 180.0   5.0 450.0                            LAT/LON1/LON2/DLON/H
   55   49   43   42   44   52   68   81  103  113  129  131  141  141  150  154
  161  164  166  169  172  176  180  186  192  199  205  205  202  194  192  191
  193  197  201  204  208  209  210  204  196  185  179  173  169  161  154  146
  138  127  116  105   98   94   94   96   97   96   94   95   93   97   96   99
   93   92   84   79   70   64   65   58   55                                   
    30.0-180.0 180.0   5.0 450.0                            LAT/LON1/LON2/DLON/H
   60   53   47   41   47   53   67   81  102  117  133  140  151  152  161  164
  170  172  174  177  182  186  189  196  201  211  218  222  223  219  220  223
  226  233  234  237  239  240  238  230  219  208  199  194  188  181  172  161
  150  136  124  111  101   98   94   97   96   96   94   94   96   99  103  103
  101   96   90   81   74   71   71   64   60                                   
    27.5-180.0 180.0   5.0 450.0                            LAT/LON1/LON2/DLON/H
   67   60   51   49   52   55   71   81  106  117  140  145  161  161  172  174
  179  180  184  188  193  197  199  204  210  221  233  244  249  251  257  264
  274  275  279  277  279  276  271  260  248  233  223  215  208  197  187  173
  158  144  134  118  109  102  103  101  101   97   95   97   96  100  101  104
  100   99   91   86   76   72   72   66   67                                   
    25.0-180.0 180.0   5.0 450.0                            LAT/LON1/LON2/DLON/H
   75   70   64   56   61   61   72   84  104  120  138  151  163  169  180  182
  189  188  193  195  202  204  207  210  218  230  245  259  273  281  293  304
  313  316  314  314  312  310  304  292  279  265  254  244  232  220  203  187
  170  154  142  129  119  116  114  114  108  105   98  101  100  104  105  106
  105  104   98   92   84   80   80   74   75                                   
    22.5-180.0 180.0   5.0 450.0                            LAT/LON1/LON2/DLON/H
   83   77   72   72   72   73   82   90  109  122  144  154  172  176  189  190
  196  196  200  204  211  213  216  217  226  240  261  282  301  313  329  340
  352  350  352  347  346  342  338  323  311  293  282  265  252  234  220  200
  185  169  158  143  138  129  132  128  123  112  105  103  105  106  108  109
  110  109  104   99   89   84   84   74   83                                   
    20.0-180.0 180.0   5.0 450.0                            LAT/LON1/LON2/DLON/H
   90   82   82   79   83   81   86   94  105  120  138  153  171  182  196  200
  208  206  213  214  221  222  226  228  238  254  278  301  324  338  354  365
  372  373  372  366  365  363  359  348  335  320  306  291  270  253  235  220
  205  190  179  162  153  150  151  146  137  125  114  112  109  112  111  114
  115  116  112  108   96   90   90   79   90                                   
    17.5-180.0 180.0   5.0 450.0                            LAT/LON1/LON2/DLON/H
   91   85   84   88   88   91   94  103  113  126  140  158  176  190  207  210
  220  217  225  225  233  233  239  240  251  270  302  324  350  363  381  388
  399  398  397  387  382  381  377  368  358  341  328  310  290  271  256  240
  227  213  201  182  180  172  168  160  152  136  124  118  115  113  115  115
  116  118  116  112   99   91   88   71   91                                   
    15.0-180.0 180.0   5.0 450.0                            LAT/LON1/LON2/DLON/H
   84   83   85   85   90   89   97  102  114  125  139  156  175  194  212  220
  234  236  244  243  248  248  253  257  270  291  322  344  368  381  397  405
  413  413  408  396  391  389  387  384  375  364  347  329  308  290  275  263
  250  235  222  209  199  191  184  176  166  151  135  129  121  120  117  119
  119  120  117  112  102   92   89   71   84                                   
    12.5-180.0 180.0   5.0 450.0                            LAT/LON1/LON2/DLON/H
   73   76   74   78   81   87   94  107  118  135  145  165  177  201  216  230
  250  253  266  262  270  268  275  277  296  314  345  364  391  403  419  425
  432  427  419  408  400  399  395  395  390  381  362  342  321  303  288  278
  265  253  240  226  216  208  200  192  179  162  144  134  126  122  119  118
  118  118  112  106   97   90   82   60   73                                   
    10.0-180.0 180.0   5.0 450.0                            LAT/LON1/LON2/DLON/H
   62   68   68   67   74   78   94  104  123  137  154  168  181  201  219  238
  259  272  285  283  290  288  296  298  318  334  363  382  406  419  433  436
  438  430  422  411  407  405  404  407  403  397  376  355  332  318  305  298
  285  272  254  240  226  218  208  198  185  167  149  138  129  124  120  117
  117  113  111  102   95   84   80   56   62                                   
     7.5-180.0 180.0   5.0 450.0                            LAT/LON1/LON2/DLON/H
   52   57   55   57   61   69   85  106  123  144  160  178  190  212  227  251
  272  288  303  305  310  311  318  323  340  355  387  405  427  437  447  445
