data/unet/pred3060.15i
     1.0            IONOSPHERE MAPS     GNSS                IONEX VERSION / TYPE
pyspatialgeodesy        IME             05-JAN-18 20:20     PGM / RUN BY / DATE 
Map Name                                                    COMMENT             
Predicted global ionosphere maps (GIM).                     DESCRIPTION         
  2015    11     2     0     0     0                        EPOCH OF FIRST MAP  
  2015    11     3     0     0     0                        EPOCH OF LAST MAP   
  7200                                                      INTERVAL            
    13                                                      # OF MAPS IN FILE   
  NONE                                                      MAPPING FUNCTION    
10.0                                                        ELEVATION CUTOFF    
One-way carrier phase leveled to code                       OBSERVABLES USED    
  6371.0                                                    BASE RADIUS         
 2                                                          MAP DIMENSION       
   450.0 450.0   0.0                                        HGT1 / HGT2 / DHGT  
    87.5 -87.5  -2.5                                        LAT1 / LAT2 / DLAT  
  -180.0 180.0   5.0                                        LON1 / LON2 / DLON  
    -1                                                      EXPONENT            
                                                            END OF HEADER       
     1                                                      START OF TEC MAP    
  2015    11     2     0     0     0                        EPOCH OF CURRENT MAP
    87.5-180.0 180.0   5.0 450.0                            LAT/LON1/LON2/DLON/H
  125   94   88   82   85   81   86   83   88   84   89   85   90   86   90   86
   90   85   89   84   88   83   86   81   85   80   83   79   82   78   80   76
   80   76   79   75   79   76   80   77   82   79   83   80   85   82   86   84
   88   85   89   86   90   87   89   86   89   86   88   85   88   85   87   84
   87   84   87   87   95   92  101  120  125                                   
    85.0-180.0 180.0   5.0 450.0                            LAT/LON1/LON2/DLON/H
  106   76   74   69   70   67   74   71   77   74   79   76   81   76   80   75
   79   72   76   69   73   66   68   62   64   59   59   55   57   53   53   50
   51   49   50   50   53   53   56   57   61   62   66   67   71   72   76   75
   80   78   81   79   82   80   82   79   82   79   80   77   80   77   79   76
   78   76   78   78   87   79   82  104  106                                   
    82.5-180.0 180.0   5.0 450.0                            LAT/LON1/LON2/DLON/H
   96   72   73   72   71   71   75   76   80   79   82   81   82   80   81   78
   78   74   74   70   69   64   63   59   57   52   51   47   47   43   43   40
   42   39   42   41   46   45   51   51   58   58   65   66   72   72   77   76
   80   78   82   80   83   80   82   79   83   79   82   79   83   80   84   81
   85   81   86   84   92   85   89  105   96                                   
    80.0-180.0 180.0   5.0 450.0                            LAT/LON1/LON2/DLON/H
   98   84   83   87   84   87   88   92   91   93   92   94   92   92   89   89
   86   84   81   79   75   72   68   65   62   58   55   51   49   46   45   43
   43   42   44   45   48   50   54   57   62   65   71   74   78   80   83   83
   85   83   84   83   84   82   82   82   84   83   84   85   87   88   90   92
   94   95   98   99  102   97   98  109   98                                   
    77.5-180.0 180.0   5.0 450.0                            LAT/LON1/LON2/DLON/H
  108   92   94   97   93   94   95   98   97   99   98  100   98   97   94   92
   89   86   83   80   78   74   71   67   64   59   57   53   50   46   45   43
   43   41   43   43   47   47   52   54   59   62   67   70   73   75   77   77
   77   75   76   74   74   72   73   73   75   75   79   80   84   86   90   93
   97   99  103  105  109  106  108  117  108                                   
    75.0-180.0 180.0   5.0 450.0                            LAT/LON1/LON2/DLON/H
  115  108  106  107  102  103  103  106  104  107  104  106  101  100   95   93
   88   86   82   81   77   75   72   70   66   64   61   59   56   54   52   50
   49   48   49   50   50   53   55   58   61   64   68   70   72   73   74   72
   70   68   66   64   63   62   63   64   67   69   73   77   81   85   90   94
   99  103  109  113  118  119  122  128  115                                   
    72.5-180.0 180.0   5.0 450.0                            LAT/LON1/LON2/DLON/H
  130  120  122  123  116  114  113  115  113  115  112  111  105  101   93   89
   82   79   75   74   71   69   68   67   64   64   63   62   60   59   58   57
   56   55   56   55   55   55   58   59   61   63   66   67   67   66   64   61
   58   54   52   49   49   48   51   52   57   60   67   71   78   82   89   93
  100  105  114  120  129  132  136  141  130                                   
    70.0-180.0 180.0   5.0 450.0                            LAT/LON1/LON2/DLON/H
  137  137  137  135  128  125  123  124  122  122  118  115  106   98   88   81
   72   67   63   62   60   59   60   60   60   60   61   62   62   63   63   63
   63   61   61   58   58   57   57   58   59   61   62   61   60   57   54   49
   44   39   37   35   35   36   40   44   51   57   64   71   78   84   91   96
  104  110  119  128  138  142  149  154  137                                   
    67.5-180.0 180.0   5.0 450.0                            LAT/LON1/LON2/DLON/H
  153  147  149  148  138  135  132  132  131  130  125  120  109   99   86   76
   65   59   54   52   50   51   52   53   54   56   59   61   62   65   66   67
   66   65   63   60   57   55   55   55   56   57   57   56   53   49   45   39
   33   28   25   24   27   29   36   41   50   57   67   74   82   88   95  100
  107  114  124  133  144  150  157  163  153                                   
    65.0-180.0 180.0   5.0 450.0                            LAT/LON1/LON2/DLON/H
  159  160  160  156  146  140  138  137  136  136  131  126  113  101   86   73
   62   54   49   46   45   46   47   48   49   52   54   57   60   63   65   66
   66   64   61   57   54   51   50   50   50   51   51   49   47   43   38   31
   25   20   18   18   22   27   35   43   54   63   74   82   91   96  103  107
  114  119  128  137  147  154  164  171  159                                   
    62.5-180.0 180.0   5.0 450.0                            LAT/LON1/LON2/DLON/H
  170  167  167  162  151  145  141  140  141  141  137  131  119  107   90   77
   64   57   51   48   46   46   46   47   46   48   50   53   56   59   61   62
   61   58   55   51   47   45   44   44   44   46   46   46   44   41   35   30
   24   20   19   19   23   29   38   48   60   70   82   91  100  105  112  115
  121  125  133  140  149  157  166  176  170                                   
    60.0-180.0 180.0   5.0 450.0                            LAT/LON1/LON2/DLON/H
  176  179  177  169  157  149  143  141  142  142  139  134  123  111   96   83
   71   64   58   55   51   50   48   46   44   43   45   47   50   53   55   55
   55   52   50   46   43   41   40   40   41   43   45   45   45   43   39   33
   29   25   25   25   30   35   45   55   69   80   93  101  112  117  124  127
  133  135  142  146  153  159  171  180  176                                   
    57.5-180.0 180.0   5.0 450.0                            LAT/LON1/LON2/DLON/H
  194  193  192  184  169  161  152  149  147  147  143  139  129  119  106   96
   85   79   72   69   63   60   54   50   45   43   43   45   47   50   51   50
   49   47   45   43   40   41   40   42   42   46   49   52   53   52   49   44
   40   37   36   36   39   44   52   63   76   87  100  109  121  128  138  144
  149  152  156  159  163  169  178  188  194                                   
    55.0-180.0 180.0   5.0 450.0                            LAT/LON1/LON2/DLON/H
  214  218  217  206  190  178  166  158  152  149  145  140  132  124  115  107
   99   94   88   82   76   69   62   55   49   46   46   46   49   50   51   49
   49   47   46   45   46   47   48   49   51   54   59   61   64   64   62   58
   56   52   50   49   52   55   62   71   84   94  107  117  130  139  152  158
  167  169  174  174  178  181  192  202  214                                   
    52.5-180.0 180.0   5.0 450.0                            LAT/LON1/LON2/DLON/H
  247  245  249  239  222  207  191  178  167  160  151  146  137  133  125  121
  114  110  103   97   88   81   72   65   58   56   55   56   57   57   56   54
   52   51   51   54   55   59   59   62   62   67   70   74   77   77   76   73
   71   68   65   64   64   66   71   78   90   99  113  123  138  150  166  176
  186  191  195  197  199  202  209  221  247                                   
    50.0-180.0 180.0   5.0 450.0                            LAT/LON1/LON2/DLON/H
  276  285  289  280  263  246  224  206  190  176  162  152  143  138  133  130
  125  120  113  105   96   88   80   73   69   67   67   67   69   68   65   62
   61   60   63   67   72   75   77   77   78   80   84   87   90   91   91   88
   86   83   81   79   80   81   85   90  100  109  121  131  148  162  181  194
  208  216  222  224  227  227  234  246  276                                   
    47.5-180.0 180.0   5.0 450.0                            LAT/LON1/LON2/DLON/H
  303  313  321  317  303  288  267  246  224  204  183  168  155  150  144  141
  135  129  120  112  102   95   88   85   82   82   81   83   82   81   77   73
   71   72   75   81   86   91   91   92   91   93   95   99  101  102  102  100
   98   95   94   93   93   95   98  102  111  119  129  140  157  174  194  211
  227  238  245  249  253  253  255  266  303                                   
    45.0-180.0 180.0   5.0 450.0                            LAT/LON1/LON2/DLON/H
  316  338  348  348  338  328  309  288  264  236  209  189  172  163  155  149
  142  133  123  114  106  100   97   95   95   95   95   95   94   92   88   83
   82   82   88   94  101  104  105  104  103  104  106  108  112  111  111  107
  107  104  105  105  107  108  112  116  124  131  140  150  167  184  205  224
  242  254  263  268  273  273  276  283  316                                   
    42.5-180.0 180.0   5.0 450.0                            LAT/LON1/LON2/DLON/H
  322  339  354  361  358  355  341  324  299  272  242  217  197  184  171  161
  150  140  129  121  113  111  108  108  106  106  104  103  101   99   94   91
   89   91   96  103  109  112  111  110  109  110  112  115  117  117  115  113
  111  110  113  114  118  119  124  128  137  144  154  163  178  195  215  235
  251  263  270  276  283  283  282  292  322                                   
    40.0-180.0 180.0   5.0 450.0                            LAT/LON1/LON2/DLON/H
  315  337  352  362  367  371  362  350  329  303  274  247  224  206  189  175
  161  149  138  130  126  123  121  118  116  112  109  106  104  102   98   95
   94   97  102  108  114  116  115  113  113  114  117  120  122  120  118  114
  114  113  118  120  126  128  135  141  152  159  169  176  190  206  225  244
  258  270  276  282  289  287  288  296  315                                   
    37.5-180.0 180.0   5.0 450.0                            LAT/LON1/LON2/DLON/H
  308  320  336  350  359  370  368  363  347  326  300  278  254  234  212  195
  177  165  153  148  142  140  134  130  122  116  109  105  103  102  100   98
   98  100  104  109  113  114  113  112  113  115  119  122  123  121  118  114
  113  113  119  122  129  134  144  151  164  172  183  191  205  221  239  254
  266  276  281  287  292  290  286  298  308                                   
    35.0-180.0 180.0   5.0 450.0                            LAT/LON1/LON2/DLON/H
  304  315  328  337  349  363  368  368  356  342  321  303  284  263  239  216
  200  186  176  168  162  154  146  135  124  114  107  102  103  103  104  103
  103  104  107  109  113  113  112  111  114  116  122  123  125  120  117  110
  110  110  117  120  129  134  145  154  169  178  191  201  217  234  252  267
  278  288  293  297  302  298  300  309  304                                   
    32.5-180.0 180.0   5.0 450.0                            LAT/LON1/LON2/DLON/H
  317  320  327  332  340  354  361  365  358  348  333  322  306  289  262  241
  222  211  198  190  176  165  150  137  122  113  105  104  106  110  112  112
  112  112  112  112  112  112  110  110  113  118  122  124  124  119  113  106
  105  105  111  114  121  127  139  150  167  179  193  205  223  244  266  283
  296  308  313  319  320  319  319  331  317                                   
    30.0-180.0 180.0   5.0 450.0                            LAT/LON1/LON2/DLON/H
  349  351  351  345  349  358  363  366  362  355  345  337  326  310  285  263
  245  230  217  204  185  167  149  134  122  115  113  115  122  127  131  130
  129  126  123  120  119  116  115  114  117  120  125  125  124  117  111  103
  102  101  105  106  111  116  128  139  158  171  187  200  221  246  273  298
  318  333  342  351  356  356  367  367  349                                   
    27.5-180.0 180.0   5.0 450.0                            LAT/LON1/LON2/DLON/H
  403  399  394  383  377  379  378  379  371  364  355  350  340  325  299  280
  259  246  226  209  182  161  142  132  125  127  130  139  147  154  156  155
  150  144  137  132  126  123  119  118  120  122  124  123  120  112  106   98
   97   94   97   95   99  102  114  126  145  161  179  195  220  248  279  311
  339  361  378  394  403  408  417  417  403                                   
    25.0-180.0 180.0   5.0 450.0                            LAT/LON1/LON2/DLON/H
  470  473  461  444  432  422  411  407  393  381  370  361  351  336  312  291
  270  252  229  203  174  151  137  134  139  149  161  174  185  191  190  184
  175  165  155  146  139  133  129  125  126  124  125  121  117  109  101   94
   90   87   88   87   88   92  104  119  139  154  172  192  221  254  287  328
  363  396  422  443  461  468  488  478  470                                   
    22.5-180.0 180.0   5.0 450.0                            LAT/LON1/LON2/DLON/H
  542  551  537  520  502  482  462  450  430  414  394  383  366  350  323  302
  276  256  225  196  164  147  140  150  165  188  205  221  229  230  224  213
  199  185  171  159  151  144  138  134  130  127  123  118  112  103   95   87
   85   81   81   79   78   87  101  120  140  158  177  200  233  267  306  348
  388  428  462  491  512  524  541  538  542                                   
    20.0-180.0 180.0   5.0 450.0                            LAT/LON1/LON2/DLON/H
  612  627  612  599  583  559  530  510  482  460  433  413  390  370  343  317
  289  262  226  193  165  155  161  183  211  242  262  274  274  268  254  236
  218  201  185  173  165  157  152  145  140  132  126  118  111  101   93   86
   83   80   78   77   78   88  107  129  151  173  192  217  253  289  331  374
  418  458  499  532  563  575  594  592  612                                   
    17.5-180.0 180.0   5.0 450.0                            LAT/LON1/LON2/DLON/H
  655  672  661  654  644  627  602  576  544  514  480  454  425  401  368  342
  310  278  239  207  185  186  202  237  273  303  315  316  306  291  272  252
  232  215  199  188  179  172  166  158  149  138  127  118  108   99   89   84
   79   79   76   76   78   92  114  143  169  196  217  245  281  316  359  401
  444  488  527  564  598  611  624  623  655                                   
    15.0-180.0 180.0   5.0 450.0                            LAT/LON1/LON2/DLON/H
  670  693  688  688  688  679  662  640  609  575  534  502  467  438  404  377
  344  309  271  243  230  241  271  313  347  364  361  345  322  300  278  259
  239  221  208  199  192  184  179  170  159  144  132  120  111  101   93   86
   84   82   80   79   85  102  129  159  189  218  243  272  306  339  380  422
  465  503  544  577  611  621  643  636  670                                   
    12.5-180.0 180.0   5.0 450.0                            LAT/LON1/LON2/DLON/H
  661  680  680  686  697  702  698  686  661  628  587  551  514  484  451  425
  391  359  325  303  301  325  362  399  415  410  384  352  320  296  276  262
  244  229  217  210  203  196  189  181  166  150  134  122  110  101   90   86
   83   81   78   80   87  110  138  171  203  236  266  295  327  362  398  438
  476  514  545  574  601  609  629  621  661                                   
    10.0-180.0 180.0   5.0 450.0                            LAT/LON1/LON2/DLON/H
  639  658  655  666  684  698  710  708  695  668  635  599  565  535  504  479
  449  421  393  383  390  420  452  473  467  437  390  343  305  283  271  261
  247  233  223  214  208  200  194  184  170  152  136  120  109   96   89   83
   83   80   78   81   93  116  147  179  212  245  277  307  340  372  409  445
  482  514  543  563  584  590  611  601  639                                   
     7.5-180.0 180.0   5.0 450.0                            LAT/LON1/LON2/DLON/H
  610  623  622  633  653  676  697  707  704  687  662  634  605  579  552  531
  507  484  464  463  475  501  520  520  489  436  375  320  283  270  266  263
