data/unet/pred2990.15i
     1.0            IONOSPHERE MAPS     GNSS                IONEX VERSION / TYPE
pyspatialgeodesy        IME             05-JAN-18 20:20     PGM / RUN BY / DATE 
Map Name                                                    COMMENT             
Predicted global ionosphere maps (GIM).                     DESCRIPTION         
  2015    10    26     0     0     0                        EPOCH OF FIRST MAP  
  2015    10    27     0     0     0                        EPOCH OF LAST MAP   
  7200                                                      INTERVAL            
    13                                                      # OF MAPS IN FILE   
  NONE                                                      MAPPING FUNCTION    
10.0                                                        ELEVATION CUTOFF    
One-way carrier phase leveled to code                       OBSERVABLES USED    
  6371.0                                                    BASE RADIUS         
 2                                                          MAP DIMENSION       
   450.0 450.0   0.0                                        HGT1 / HGT2 / DHGT  
    87.5 -87.5  -2.5                                        LAT1 / LAT2 / DLAT  
  -180.0 180.0   5.0                                        LON1 / LON2 / DLON  
    -1                                                      EXPONENT            
                                                            END OF HEADER       
[from data line 1716]
     5                                                      START OF TEC MAP    
  2015    10    26     8     0     0                        EPOCH OF CURRENT MAP
    87.5-180.0 180.0   5.0 450.0                            LAT/LON1/LON2/DLON/H
   77   88   90   93   91   92   90   92   92   93   93   92   93   92   92   89
   90   88   88   86   87   85   86   84   86   85   88   86   89   87   89   88
   89   88   89   88   88   88   88   88   88   88   88   88   88   88   88   88
   87   88   87   88   87   88   86   87   85   86   83   84   82   83   80   81
   80   81   79   82   82   82   82   80   77                                   
    85.0-180.0 180.0   5.0 450.0                            LAT/LON1/LON2/DLON/H
   75   94   88   99   97   99  101  104  105  106  105  106  106  105  103  102
  101  100   97   97   96   97   95   97   97  100   99  102  101  104  103  105
  104  106  104  105  104  105  103  105  104  106  105  106  105  106  104  105
  103  104  101  101   98   98   93   94   89   90   83   85   80   81   75   78
   74   78   72   77   76   77   78   70   75                                   
    82.5-180.0 180.0   5.0 450.0                            LAT/LON1/LON2/DLON/H
   74   83   80   86   92   92   99  100  105  104  106  105  106  104  102  101
   98   97   93   92   90   90   89   89   89   91   92   94   96   98   99  101
  102  103  103  104  104  104  104  106  107  109  110  112  114  116  116  117
  116  117  115  114  111  109  104  101   96   92   87   83   79   73   71   65
   66   61   62   60   61   58   61   57   74                                   
    80.0-180.0 180.0   5.0 450.0                            LAT/LON1/LON2/DLON/H
   66   72   70   76   80   87   91   96   99  100  100  100   99   97   94   92
   88   86   81   80   77   77   74   76   75   79   80   84   86   89   91   94
   97   97  100  101  103  103  106  107  111  112  117  118  124  125  129  130
  132  133  132  131  128  125  121  116  111  105   99   92   86   80   73   69
   63   60   55   53   52   48   47   54   66                                   
    77.5-180.0 180.0   5.0 450.0                            LAT/LON1/LON2/DLON/H
   55   69   67   69   77   80   89   90   96   94   97   93   93   87   86   80
   78   72   70   65   63   60   60   59   62   63   67   69   74   77   82   84
   88   89   94   94   98   98  103  104  111  114  122  125  133  137  145  146
  152  153  156  153  153  148  146  138  134  124  119  108  101   90   85   76
   72   64   61   54   54   48   45   44   55                                   
    75.0-180.0 180.0   5.0 450.0                            LAT/LON1/LON2/DLON/H
   56   66   62   64   70   75   82   85   89   88   89   86   84   79   75   70
   66   61   58   56   53   53   52   54   54   58   60   65   68   73   77   81
   85   89   92   95   98  101  104  108  115  122  132  140  150  157  167  174
  182  185  188  187  184  181  175  170  161  153  141  134  122  113  102   92
   84   75   68   61   58   47   48   50   56                                   
    72.5-180.0 180.0   5.0 450.0                            LAT/LON1/LON2/DLON/H
   55   67   62   62   69   70   78   78   84   81   82   77   77   70   69   62
   60   54   53   49   49   47   48   48   50   52   56   58   63   66   72   75
   80   82   87   90   95   97  104  108  119  127  143  152  167  176  189  197
  208  211  217  214  213  206  204  194  188  178  169  157  147  135  126  112
  102   89   84   72   69   59   58   56   55                                   
    70.0-180.0 180.0   5.0 450.0                            LAT/LON1/LON2/DLON/H
   62   68   62   61   64   66   72   74   77   76   76   73   72   67   65   61
   58   55   53   51   49   49   48   51   51   54   54   58   60   65   68   72
   76   80   84   90   95  101  108  117  126  141  155  170  182  196  208  221
  231  239  241  240  234  230  223  218  208  200  190  182  172  162  148  136
  121  108   97   88   82   69   68   66   62                                   
    67.5-180.0 180.0   5.0 450.0                            LAT/LON1/LON2/DLON/H
   65   73   61   59   63   62   68   68   72   70   71   68   68   65   64   61
   61   58   57   55   54   53   53   55   55   56   57   58   59   62   64   68
   72   75   80   85   94  100  111  119  134  146  166  178  196  207  222  234
  245  248  252  247  245  236  233  225  221  212  205  197  188  177  166  151
  137  121  111   98   93   80   77   70   65                                   
    65.0-180.0 180.0   5.0 450.0                            LAT/LON1/LON2/DLON/H
   68   70   59   56   56   58   61   64   65   66   67   67   67   66   66   65
   65   64   62   61   59   60   58   60   58   60   57   58   56   58   58   62
   66   71   77   87   97  108  117  131  142  161  174  192  203  220  231  241
  248  254  253  254  247  243  233  232  224  219  209  204  195  186  173  160
  145  130  118  106   98   85   82   73   68                                   
    62.5-180.0 180.0   5.0 450.0                            LAT/LON1/LON2/DLON/H
   71   73   58   51   52   51   56   57   60   60   62   62   63   64   65   65
   66   65   64   62   61   61   61   61   60   60   57   55   52   52   52   56
   60   66   75   85  100  110  124  135  153  167  186  198  212  225  235  243
  248  250  251  248  245  238  233  228  223  217  211  203  197  185  175  160
  147  131  119  108  100   89   83   72   71                                   
    60.0-180.0 180.0   5.0 450.0                            LAT/LON1/LON2/DLON/H
   69   67   52   48   45   47   48   51   53   54   55   58   59   61   64   65
   66   66   64   63   61   61   60   61   59   59   54   52   47   46   45   50
   55   65   75   92  106  121  134  151  164  184  195  211  220  234  239  246
  248  251  250  253  245  244  233  234  225  222  210  207  196  188  174  162
  146  131  118  109  102   88   83   72   69                                   
    57.5-180.0 180.0   5.0 450.0                            LAT/LON1/LON2/DLON/H
   76   75   55   46   44   44   46   47   49   50   50   52   53   56   58   60
   61   60   58   56   54   53   54   55   55   54   50   47   41   41   39   45
   53   65   78   96  112  127  144  160  178  194  209  222  233  243  249  253
  255  258  260  258  256  249  245  238  233  225  219  210  204  190  179  161
  146  127  115  105  101   91   85   72   76                                   
    55.0-180.0 180.0   5.0 450.0                            LAT/LON1/LON2/DLON/H
   82   75   56   50   46   46   46   48   48   47   47   48   49   52   55   57
   58   57   54   52   49   49   49   52   51   53   48   45   39   38   38   45
   55   71   86  108  124  141  156  175  190  209  219  235  244  253  258  262
  264  270  270  275  270  270  259  258  246  242  228  225  212  204  185  170
  149  132  117  110  105   96   92   82   82                                   
    52.5-180.0 180.0   5.0 450.0                            LAT/LON1/LON2/DLON/H
   97   92   72   61   56   53   53   51   51   49   46   46   45   48   49   51
   51   50   46   44   42   43   44   48   49   50   46   43   37   37   38   47
   60   77   96  114  133  150  168  185  204  220  234  248  258  267  272  276
  282  286  291  291  292  286  283  274  269  257  248  238  229  215  201  180
  163  142  126  115  112  107  106   96   97                                   
    50.0-180.0 180.0   5.0 450.0                            LAT/LON1/LON2/DLON/H
  112  101   85   77   70   64   60   59   56   52   49   47   46   46   49   50
   50   49   46   45   44   45   47   51   53   54   50   47   41   39   43   53
   69   90  110  131  146  165  180  201  216  233  246  260  271  281  287  292
  297  302  304  307  306  304  297  293  284  275  261  255  242  232  214  197
  179  160  143  132  127  120  122  114  112                                   
    47.5-180.0 180.0   5.0 450.0                            LAT/LON1/LON2/DLON/H
  131  124  107   97   90   78   75   69   65   59   55   51   48   48   48   49
   48   48   46   47   46   49   52   57   58   59   54   51   43   43   47   59
   77   98  121  139  158  173  194  211  229  244  258  271  285  293  301  304
  312  313  320  318  321  314  312  301  297  284  277  265  256  241  228  209
  194  174  161  146  142  135  141  134  131                                   
    45.0-180.0 180.0   5.0 450.0                            LAT/LON1/LON2/DLON/H
  142  135  121  113  104   95   86   80   74   67   62   58   55   53   53   52
   53   54   54   56   57   61   64   68   69   67   63   56   50   48   53   67
   87  112  133  154  169  189  205  225  238  255  266  282  297  303  312  314
  321  322  324  323  320  317  307  302  292  284  272  267  256  249  233  221
  202  186  170  157  151  144  151  146  142                                   
    42.5-180.0 180.0   5.0 450.0                            LAT/LON1/LON2/DLON/H
  148  144  134  127  119  108  102   90   86   77   73   66   64   60   58   58
   57   60   61   65   68   73   76   78   77   75   68   61   52   50   56   70
   92  115  141  158  182  197  219  234  251  263  277  293  306  312  321  323
  331  329  331  325  324  314  307  295  290  278  272  262  257  245  236  219
  205  185  173  156  149  143  151  147  148                                   
    40.0-180.0 180.0   5.0 450.0                            LAT/LON1/LON2/DLON/H
  138  138  130  128  120  112  104   97   90   84   80   76   73   69   66   66
   66   69   72   78   82   86   89   88   88   81   74   64   57   53   59   74
   97  124  148  172  190  213  228  249  263  277  290  305  317  321  330  330
  337  335  335  332  326  321  308  300  290  281  270  265  256  247  234  220
  203  186  168  154  143  134  139  134  138                                   
    37.5-180.0 180.0   5.0 450.0                            LAT/LON1/LON2/DLON/H
  124  127  122  120  117  110  106   98   94   90   87   83   81   77   75   73
   74   77   81   87   92   96   98   96   92   84   75   65   56   53   58   73
   96  121  150  172  201  219  242  259  277  288  302  315  324  331  338  341
  347  347  350  347  346  339  331  320  312  301  292  282  271  257  241  220
  206  183  167  146  135  122  124  114  124                                   
    35.0-180.0 180.0   5.0 450.0                            LAT/LON1/LON2/DLON/H
  104  107  100  103  102   99   96   92   90   89   88   87   86   84   82   82
   82   86   90   97  101  104  104   99   94   85   75   66   57   55   60   75
   97  125  152  180  206  232  255  275  291  307  322  332  341  349  358  361
  369  373  379  382  380  376  367  358  348  335  322  310  292  278  255  235
  215  195  172  150  133  117  110   98  104                                   
    32.5-180.0 180.0   5.0 450.0                            LAT/LON1/LON2/DLON/H
   96   98   89   89   90   88   89   87   87   87   88   88   88   88   88   87
   88   92   96  101  105  106  105   98   91   81   72   63   56   55   62   76
   97  121  154  181  214  240  267  287  307  324  338  348  358  369  379  386
  397  406  420  428  437  435  431  420  409  393  375  356  334  313  289  266
  242  219  193  166  146  122  113   92   96                                   
    30.0-180.0 180.0   5.0 450.0                            LAT/LON1/LON2/DLON/H
   94   90   78   79   80   81   80   79   79   81   82   85   87   89   89   93
   94   98  100  106  108  108  104   96   88   78   69   63   59   61   68   84
  104  131  158  189  220  251  279  302  324  342  356  369  380  392  406  415
  432  447  470  494  513  522  520  509  492  470  445  419  389  361  335  313
  289  265  235  203  180  153  131  102   94                                   
    27.5-180.0 180.0   5.0 450.0                            LAT/LON1/LON2/DLON/H
  119  100   90   85   85   86   82   79   79   79   80   82   85   89   91   94
   98  100  104  105  108  105  101   92   85   75   69   64   62   67   78   95
  116  140  167  195  228  261  290  314  336  354  370  384  401  416  433  450
  474  502  543  583  612  628  621  610  589  566  536  506  467  437  405  380
  355  333  301  267  231  196  170  129  119                                   
    25.0-180.0 180.0   5.0 450.0                            LAT/LON1/LON2/DLON/H
  148  127  111  101   98   92   89   83   80   78   78   79   82   85   89   95
   98  103  104  106  106  103   99   91   85   77   71   68   70   77   94  110
  132  157  181  208  237  270  300  329  349  369  387  406  427  445  469  489
  531  572  631  665  688  696  690  674  653  631  608  589  549  519  488  466
  440  414  382  351  315  269  222  185  148                                   
    22.5-180.0 180.0   5.0 450.0                            LAT/LON1/LON2/DLON/H
  205  174  162  136  128  115  107   94   87   85   82   80   81   84   87   92
   97  100  102  103  103  100   98   90   87   79   74   74   77   91  109  130
  152  174  199  219  252  279  312  338  360  381  403  427  452  474  500  528
  576  634  687  727  751  763  756  741  722  701  677  655  623  594  567  548
  521  492  455  418  377  342  297  261  205                                   
    20.0-180.0 180.0   5.0 450.0                            LAT/LON1/LON2/DLON/H
  266  246  219  196  175  156  139  116  105   94   91   86   84   83   85   90
   94   98  100  102  102   97   98   92   89   80   80   78   87   97  121  138
  159  187  210  234  261  291  319  348  373  396  423  448  478  499  529  562
  619  674  722  752  779  779  778  762  747  727  711  695  669  648  620  602
  577  555  529  491  452  406  372  345  266                                   
    17.5-180.0 180.0   5.0 450.0                            LAT/LON1/LON2/DLON/H
  346  330  287  254  230  208  184  160  142  122  108  101   93   88   85   86
   89   94   95   99   98   97   99   94   90   84   82   85   89  105  126  144
  172  195  219  241  272  300  330  360  384  412  442  470  499  523  557  592
  636  691  724  751  763  764  756  747  735  724  714  706  690  676  653  638
  614  594  568  547  508  465  425  415  346                                   
    15.0-180.0 180.0   5.0 450.0                            LAT/LON1/LON2/DLON/H
  402  377  337  308  272  246  225  200  183  157  140  120  108   95   88   86
   85   87   90   92   95   93   96   90   91   86   89   84   91  102  124  146
  175  203  225  251  281  313  340  369  399  428  462  489  519  546  582  605
  650  679  709  717  725  716  712  704  702  695  695  692  684  674  656  644
  622  605  581  560  541  500  465  459  402                                   
    12.5-180.0 180.0   5.0 450.0                            LAT/LON1/LON2/DLON/H
  441  411  375  358  323  294  266  239  219  195  173  153  135  116   99   91
   87   87   87   88   90   89   94   94   94   95   89   88   88  100  118  144
  175  204  229  257  288  320  346  382  408  442  477  505  537  566  593  617
  641  662  673  680  676  667  659  659  660  661  664  666  662  655  641  631
  614  598  577  557  541  509  481  482  441                                   
    10.0-180.0 180.0   5.0 450.0                            LAT/LON1/LON2/DLON/H
  454  436  401  383  362  332  303  270  250  221  200  177  158  134  112   99
   93   91   89   86   89   86   89   87   97   95   93   86   91   97  114  145
  176  207  234  262  293  324  350  380  413  447  483  512  548  572  599  610
  635  638  648  641  638  626  622  625  632  634  639  645  644  639  626  617
  602  589  567  548  529  506  484  484  454                                   
     7.5-180.0 180.0   5.0 450.0                            LAT/LON1/LON2/DLON/H
  460  449  422  404  388  363  339  308  279  249  226  202  183  157  131  111
  100   93   94   87   84   71   75   78   92   97   92   89   90   96  116  144
