data/unet/pred1480.15i
     1.0            IONOSPHERE MAPS     GNSS                IONEX VERSION / TYPE
pyspatialgeodesy        IME             05-JAN-18 20:20     PGM / RUN BY / DATE 
Map Name                                                    COMMENT             
Predicted global ionosphere maps (GIM).                     DESCRIPTION         
  2015     5    28     0     0     0                        EPOCH OF FIRST MAP  
  2015     5    29     0     0     0                        EPOCH OF LAST MAP   
  7200                                                      INTERVAL            
    13                                                      # OF MAPS IN FILE   
  NONE                                                      MAPPING FUNCTION    
10.0                                                        ELEVATION CUTOFF    
One-way carrier phase leveled to code                       OBSERVABLES USED    
  6371.0                                                    BASE RADIUS         
 2                                                          MAP DIMENSION       
   450.0 450.0   0.0                                        HGT1 / HGT2 / DHGT  
    87.5 -87.5  -2.5                                        LAT1 / LAT2 / DLAT  
  -180.0 180.0   5.0                                        LON1 / LON2 / DLON  
    -1                                                      EXPONENT            
                                                            END OF HEADER       
[from data line 1287]
     4                                                      START OF TEC MAP    
  2015     5    28     6     0     0                        EPOCH OF CURRENT MAP
    87.5-180.0 180.0   5.0 450.0                            LAT/LON1/LON2/DLON/H
  146  167  162  163  161  157  157  155  156  154  155  153  155  153  154  152
  154  153  155  153  155  154  156  155  157  156  159  157  160  159  160  158
  161  159  160  158  159  157  157  154  154  152  152  150  150  150  149  149
  149  150  149  151  151  153  153  155  155  158  158  160  160  162  162  163
  164  165  166  166  168  163  177  156  146                                   
    85.0-180.0 180.0   5.0 450.0                            LAT/LON1/LON2/DLON/H
  159  165  156  158  157  151  153  151  153  149  152  150  153  149  153  151
  154  151  155  153  156  153  157  154  157  154  157  154  157  153  157  153
  156  151  154  150  152  148  150  147  148  144  147  144  146  143  146  145
  147  146  149  150  151  152  153  155  155  156  158  159  160  160  162  161
  162  161  163  162  163  157  160  166  159                                   
    82.5-180.0 180.0   5.0 450.0                            LAT/LON1/LON2/DLON/H
  156  162  153  161  155  156  152  157  153  155  151  156  153  156  153  157
  155  158  155  160  157  160  155  159  155  158  153  158  154  157  152  156
  152  155  150  154  149  152  146  150  145  148  143  148  143  148  144  150
  146  152  149  157  153  160  156  164  160  166  163  168  166  169  166  169
  165  167  164  165  160  163  158  153  156                                   
    80.0-180.0 180.0   5.0 450.0                            LAT/LON1/LON2/DLON/H
  163  159  158  157  157  149  153  149  154  147  152  147  155  149  155  151
  158  152  159  154  160  154  158  152  156  151  153  149  153  148  151  147
  151  147  149  145  147  142  143  139  141  136  139  136  141  139  144  144
  150  150  156  157  162  162  166  166  169  169  172  171  173  171  172  169
  170  167  169  165  166  159  154  148  163                                   
    77.5-180.0 180.0   5.0 450.0                            LAT/LON1/LON2/DLON/H
  162  159  156  157  155  153  150  152  149  150  147  150  149  151  150  153
  152  154  153  156  154  154  152  152  151  149  147  147  147  147  147  149
  150  151  151  152  151  149  148  147  145  145  144  146  147  151  152  157
  158  164  165  171  172  176  177  180  180  181  182  183  182  181  180  178
  176  174  174  170  168  165  156  145  162                                   
    75.0-180.0 180.0   5.0 450.0                            LAT/LON1/LON2/DLON/H
  165  159  155  156  152  149  147  146  144  142  142  141  142  142  144  144
  146  146  148  147  146  144  143  140  138  135  134  132  135  134  139  140
  146  146  152  151  154  150  152  147  147  143  147  147  151  153  159  162
  166  170  175  178  181  183  186  187  188  189  190  189  188  186  185  182
  178  176  174  171  166  164  158  148  165                                   
    72.5-180.0 180.0   5.0 450.0                            LAT/LON1/LON2/DLON/H
  165  161  155  154  150  146  143  141  137  135  133  133  132  134  134  136
  136  138  139  139  139  136  134  129  126  122  121  119  121  123  128  133
  141  147  152  155  157  155  155  152  152  152  154  157  161  167  171  176
  179  184  187  189  191  192  195  194  196  194  197  193  194  190  190  186
  184  180  179  174  171  166  157  150  165                                   
    70.0-180.0 180.0   5.0 450.0                            LAT/LON1/LON2/DLON/H
  168  164  159  157  152  147  143  140  137  133  131  129  130  130  131  133
  134  136  137  136  136  132  128  122  118  113  112  110  114  117  125  131
  143  148  158  160  166  163  166  161  165  163  168  170  178  181  187  189
  193  195  197  196  198  195  198  193  195  191  194  190  192  188  188  184
  182  179  177  172  170  164  158  153  168                                   
    67.5-180.0 180.0   5.0 450.0                            LAT/LON1/LON2/DLON/H
  168  164  157  156  152  147  143  138  136  131  128  127  126  126  128  128
  132  132  134  132  132  127  123  116  111  105  102  103  106  113  121  132
  143  154  162  168  172  172  174  173  175  176  182  185  193  197  201  203
  205  204  204  200  200  195  196  190  191  186  189  186  188  184  186  182
  181  178  178  174  172  166  158  156  168                                   
    65.0-180.0 180.0   5.0 450.0                            LAT/LON1/LON2/DLON/H
  172  167  162  159  154  150  147  143  140  135  132  129  128  127  128  129
  130  130  131  129  127  122  117  110  104   98   97   98  104  110  121  131
  146  155  168  171  180  180  185  183  189  189  198  200  208  209  214  212
  213  208  207  198  197  188  189  181  182  176  180  176  178  175  178  175
  176  174  175  171  172  164  162  159  172                                   
    62.5-180.0 180.0   5.0 450.0                            LAT/LON1/LON2/DLON/H
  173  169  161  160  156  151  148  144  141  136  132  129  127  126  126  126
  126  125  125  123  120  114  110  103   98   93   92   94  101  109  120  132
  145  157  167  173  180  182  188  189  195  198  206  209  217  217  222  218
  218  211  208  198  194  186  184  178  177  174  176  174  175  172  173  171
  172  171  173  171  173  168  163  163  173                                   
    60.0-180.0 180.0   5.0 450.0                            LAT/LON1/LON2/DLON/H
  179  174  168  166  162  157  154  150  146  141  136  133  129  128  125  124
  122  120  118  115  112  107  103   97   94   89   90   92  101  109  121  130
  145  155  167  171  182  183  191  192  201  204  215  217  227  225  229  224
  223  214  209  198  195  186  186  179  180  176  179  175  176  171  171  169
  170  169  172  171  176  170  170  170  179                                   
    57.5-180.0 180.0   5.0 450.0                            LAT/LON1/LON2/DLON/H
  184  180  172  173  170  165  162  155  150  144  139  133  129  126  122  119
  116  112  110  105  105   99   98   92   93   88   91   93  103  111  121  131
  143  153  163  170  177  183  190  195  203  210  220  225  234  234  236  231
  229  221  216  207  203  198  196  193  193  192  192  189  187  180  175  171
  171  171  174  176  183  180  175  178  184                                   
    55.0-180.0 180.0   5.0 450.0                            LAT/LON1/LON2/DLON/H
  196  194  188  187  183  177  172  164  158  150  143  136  129  124  118  114
  109  105  102   98   97   94   94   90   91   89   93   95  105  111  122  129
  140  147  159  164  176  180  193  197  208  213  225  228  237  237  240  234
  233  225  222  214  214  209  213  208  210  207  210  203  200  188  182  176
  176  176  181  182  192  189  188  191  196                                   
    52.5-180.0 180.0   5.0 450.0                            LAT/LON1/LON2/DLON/H
  210  208  205  205  202  194  186  174  166  155  146  137  129  122  115  109
  105   99   97   92   94   91   94   91   95   91   97   97  107  112  122  128
  136  146  155  166  176  185  196  205  214  223  231  236  243  243  245  241
  240  234  232  228  229  229  231  230  230  229  229  222  217  203  194  185
  182  183  188  192  203  201  198  205  210                                   
    50.0-180.0 180.0   5.0 450.0                            LAT/LON1/LON2/DLON/H
  229  226  226  227  222  215  204  189  177  164  152  141  129  121  111  105
  100   96   94   92   94   94   96   96   98   97  100  102  109  114  123  127
  136  142  154  162  179  189  204  210  223  229  238  241  247  246  248  245
  244  241  240  239  243  243  247  243  244  241  241  231  226  210  201  192
  190  192  198  204  214  214  217  217  229                                   
    47.5-180.0 180.0   5.0 450.0                            LAT/LON1/LON2/DLON/H
  242  242  242  245  242  234  223  206  191  175  160  145  132  120  112  104
  101   96   97   93   98   97  103  101  106  103  106  105  111  115  121  125
  132  142  154  168  185  199  214  223  232  239  245  248  252  252  255  253
  254  251  251  252  255  257  261  258  256  253  250  241  234  218  209  200
  198  200  207  215  225  226  227  232  242                                   
    45.0-180.0 180.0   5.0 450.0                            LAT/LON1/LON2/DLON/H
  257  254  254  257  253  246  235  219  205  186  170  152  136  123  112  105
  100   99   99  101  104  107  110  111  113  112  112  112  115  119  123  127
  135  141  157  168  190  204  221  230  241  246  252  252  258  257  262  261
  263  260  261  259  264  262  267  260  258  252  249  238  232  219  212  206
  207  212  219  224  234  235  240  238  257                                   
    42.5-180.0 180.0   5.0 450.0                            LAT/LON1/LON2/DLON/H
  263  263  260  261  259  253  243  227  216  196  180  161  145  128  119  109
  107  104  107  106  112  112  118  117  120  118  118  117  119  120  123  127
  132  141  154  173  193  211  228  239  250  256  261  263  267  268  274  273
  277  274  273  272  273  272  273  267  264  257  251  241  235  225  220  218
  221  226  232  238  246  246  247  251  263                                   
    40.0-180.0 180.0   5.0 450.0                            LAT/LON1/LON2/DLON/H
  275  269  263  262  258  252  245  233  223  207  191  172  156  137  125  116
  113  112  113  115  117  120  124  125  126  125  124  123  123  125  127  131
  139  145  161  174  197  212  232  243  256  261  268  268  275  275  283  284
  289  285  285  282  283  280  281  273  270  261  254  245  242  234  234  234
  242  245  251  253  260  259  258  257  275                                   
    37.5-180.0 180.0   5.0 450.0                            LAT/LON1/LON2/DLON/H
  286  276  264  260  255  250  243  234  226  213  200  182  167  148  138  125
  125  121  124  121  127  126  132  132  133  131  130  129  128  129  130  135
  140  149  160  178  197  214  234  247  261  267  274  277  282  286  293  296
  302  299  298  298  299  300  299  294  289  282  274  267  263  260  261  263
  268  272  275  278  281  283  275  276  286                                   
    35.0-180.0 180.0   5.0 450.0                            LAT/LON1/LON2/DLON/H
  307  286  272  262  253  246  238  229  224  215  207  191  179  158  147  135
  132  129  128  128  129  132  135  138  138  138  136  136  136  135  136  137
  145  150  165  175  196  212  235  249  264  270  277  280  288  290  300  303
  310  308  309  311  316  320  324  320  316  308  301  292  290  286  290  290
  296  298  301  301  305  305  301  295  307                                   
    32.5-180.0 180.0   5.0 450.0                            LAT/LON1/LON2/DLON/H
  334  308  286  272  258  250  237  229  223  218  212  199  187  168  157  144
  142  137  137  134  139  138  144  145  147  147  145  144  143  143  142  144
  148  155  165  178  194  211  232  249  265  272  281  284  293  298  306  312
  319  321  324  330  342  349  358  359  360  353  346  336  330  326  324  325
  327  330  328  332  331  341  331  329  334                                   
    30.0-180.0 180.0   5.0 450.0                            LAT/LON1/LON2/DLON/H
  373  341  309  289  270  255  239  227  221  216  214  203  194  174  164  152
  148  142  140  140  143  146  151  155  157  155  155  151  151  146  146  143
  148  151  165  172  192  205  227  244  261  269  279  282  294  299  310  317
  327  333  344  357  375  389  403  407  413  405  401  386  382  370  369  361
  365  359  361  358  362  370  365  365  373                                   
    27.5-180.0 180.0   5.0 450.0                            LAT/LON1/LON2/DLON/H
  409  385  352  322  295  277  255  241  229  224  218  210  199  184  171  159
  154  148  147  147  154  156  164  167  170  169  167  162  158  153  148  145
  146  150  162  172  187  200  219  235  254  264  275  281  294  302  315  324
  337  349  367  386  411  428  448  459  466  459  454  442  431  420  410  403
  398  397  395  397  398  414  408  405  409                                   
    25.0-180.0 180.0   5.0 450.0                            LAT/LON1/LON2/DLON/H
  448  427  396  367  334  309  280  260  243  231  222  211  202  187  175  163
  159  152  153  154  164  170  180  181  184  179  174  166  160  151  144  136
  138  140  154  162  179  187  206  220  242  252  269  273  291  299  316  331
  349  368  392  417  442  465  487  503  513  505  499  486  476  464  454  441
  434  429  430  429  436  447  452  445  448                                   
    22.5-180.0 180.0   5.0 450.0                            LAT/LON1/LON2/DLON/H
  475  462  440  407  378  348  313  287  262  248  231  221  207  196  181  172
  164  159  159  164  175  185  194  198  200  191  182  170  159  148  137  128
  128  131  145  155  172  184  200  213  231  245  261  269  287  298  317  336
  359  384  414  441  467  489  511  528  539  534  524  511  502  492  480  468
  458  453  452  453  460  477  485  480  475                                   
    20.0-180.0 180.0   5.0 450.0                            LAT/LON1/LON2/DLON/H
  493  488  472  447  417  391  355  322  291  270  247  232  217  203  191  177
  171  163  167  171  188  197  210  213  213  198  183  166  152  139  126  115
  113  114  128  138  159  170  191  202  224  234  258  263  287  297  321  340
  368  393  425  452  476  499  516  533  540  539  526  518  511  505  494  484
  473  467  467  468  478  492  504  498  493                                   
    17.5-180.0 180.0   5.0 450.0                            LAT/LON1/LON2/DLON/H
  498  499  491  467  443  418  386  355  316  289  263  244  225  212  199  189
  180  175  175  184  197  212  222  227  219  201  180  160  145  130  119  107
  106  103  117  125  148  163  186  200  221  231  252  265  285  301  322  344
  369  398  427  454  474  491  502  513  517  515  509  507  505  503  496  487
  477  470  468  470  480  492  503  499  498                                   
    15.0-180.0 180.0   5.0 450.0                            LAT/LON1/LON2/DLON/H
  493  496  487  468  448  427  400  377  342  310  281  261  241  226  213  202
  196  186  187  191  204  214  225  224  216  193  170  150  132  118  105   91
   91   87  100  110  134  151  179  193  220  227  256  265  290  303  329  348
  374  400  424  448  462  476  479  487  488  490  488  491  494  499  494  491
  478  473  467  471  475  487  497  493  493                                   
    12.5-180.0 180.0   5.0 450.0                            LAT/LON1/LON2/DLON/H
  481  483  473  452  434  415  394  374  348  318  292  272  253  241  227  217
  208  203  198  203  209  219  222  219  205  180  159  135  121  105   94   81
   80   75   89   98  122  144  173  193  218  234  252  272  289  308  329  349
  373  398  420  438  449  454  454  461  462  469  469  479  486  494  493  491
  480  472  465  466  469  476  483  480  481                                   
    10.0-180.0 180.0   5.0 450.0                            LAT/LON1/LON2/DLON/H
  462  462  446  427  408  390  372  357  339  317  297  282  269  260  250  237
  226  213  207  205  207  210  212  204  185  164  140  121  105   92   84   71
   69   64   75   87  112  137  172  192  219  229  252  267  291  304  328  346
  371  396  415  432  436  440  438  446  454  462  465  477  487  498  497  497
  485  477  463  462  460  467  471  470  462                                   
     7.5-180.0 180.0   5.0 450.0                            LAT/LON1/LON2/DLON/H
  449  448  429  406  383  365  344  332  319  305  295  282  275  271  263  252
  237  226  214  210  205  204  199  185  168  144  124  103   93   81   76   64
