data/unet/pred1350.15i
     1.0            IONOSPHERE MAPS     GNSS                IONEX VERSION / TYPE
pyspatialgeodesy        IME             05-JAN-18 20:20     PGM / RUN BY / DATE 
Map Name                                                    COMMENT             
Predicted global ionosphere maps (GIM).                     DESCRIPTION         
  2015     5    15     0     0     0                        EPOCH OF FIRST MAP  
  2015     5    16     0     0     0                        EPOCH OF LAST MAP   
  7200                                                      INTERVAL            
    13                                                      # OF MAPS IN FILE   
  NONE                                                      MAPPING FUNCTION    
10.0                                                        ELEVATION CUTOFF    
One-way carrier phase leveled to code                       OBSERVABLES USED    
  6371.0                                                    BASE RADIUS         
 2                                                          MAP DIMENSION       
   450.0 450.0   0.0                                        HGT1 / HGT2 / DHGT  
    87.5 -87.5  -2.5                                        LAT1 / LAT2 / DLAT  
  -180.0 180.0   5.0                                        LON1 / LON2 / DLON  
    -1                                                      EXPONENT            
                                                            END OF HEADER       
[from data line 2574]
     7                                                      START OF TEC MAP    
  2015     5    15    12     0     0                        EPOCH OF CURRENT MAP
    87.5-180.0 180.0   5.0 450.0                            LAT/LON1/LON2/DLON/H
  169  184  188  187  190  188  190  190  193  194  198  199  202  204  207  208
  211  211  213  213  214  213  214  212  213  210  212  208  210  206  207  203
  205  201  203  199  200  196  197  194  195  193  195  192  193  192  193  192
  192  192  192  192  191  191  190  191  190  191  189  190  189  190  188  189
  189  189  189  187  185  184  194  161  169                                   
    85.0-180.0 180.0   5.0 450.0                            LAT/LON1/LON2/DLON/H
  172  181  180  182  180  183  182  186  186  189  191  193  196  198  201  203
  205  207  209  210  211  211  212  212  212  212  212  212  212  212  211  210
  208  208  206  205  202  202  199  198  195  194  192  191  189  189  187  187
  186  186  185  184  183  183  182  182  181  180  179  180  179  179  178  180
  178  180  178  179  175  176  184  176  172                                   
    82.5-180.0 180.0   5.0 450.0                            LAT/LON1/LON2/DLON/H
  165  170  169  168  172  171  176  175  179  179  184  183  188  189  193  194
  198  199  202  204  205  206  207  207  208  208  210  209  211  210  211  210
  210  208  208  205  204  200  200  196  194  191  190  187  186  184  183  181
  180  179  179  177  176  175  175  173  173  171  171  169  170  167  168  165
  167  164  166  162  164  161  169  169  165                                   
    80.0-180.0 180.0   5.0 450.0                            LAT/LON1/LON2/DLON/H
  158  164  158  162  160  165  165  168  168  170  171  173  174  177  179  182
  184  187  188  192  192  195  194  196  196  198  199  200  201  202  204  203
  204  204  204  202  201  200  198  196  193  192  189  187  184  183  181  180
  180  179  179  178  178  177  177  176  176  175  175  173  173  171  169  168
  166  165  162  163  157  158  158  156  158                                   
    77.5-180.0 180.0   5.0 450.0                            LAT/LON1/LON2/DLON/H
  159  162  155  157  157  162  162  165  163  166  163  166  163  167  165  170
  168  174  173  178  176  181  179  183  180  184  183  187  187  190  192  195
  196  199  200  201  202  202  202  201  199  198  196  194  191  190  187  188
  186  188  187  189  187  190  188  190  188  189  186  187  182  182  176  175
  170  169  163  161  157  156  161  159  159                                   
    75.0-180.0 180.0   5.0 450.0                            LAT/LON1/LON2/DLON/H
  158  163  155  160  157  164  161  165  160  162  157  158  155  156  155  157
  157  161  161  166  165  171  169  174  171  176  172  179  175  184  182  192
  190  199  198  204  202  206  204  207  203  206  201  203  198  200  197  199
  197  202  201  205  204  209  207  210  208  209  205  205  201  198  191  189
  183  181  172  171  163  163  166  161  158                                   
    72.5-180.0 180.0   5.0 450.0                            LAT/LON1/LON2/DLON/H
  162  165  160  161  162  164  165  164  161  160  155  152  148  147  144  146
  146  150  151  157  158  163  164  166  166  166  166  168  170  174  179  185
  191  197  203  205  209  210  213  213  214  214  213  214  212  215  214  217
  216  221  221  226  225  230  229  232  229  230  225  226  219  217  207  204
  197  192  183  178  172  166  172  170  162                                   
    70.0-180.0 180.0   5.0 450.0                            LAT/LON1/LON2/DLON/H
  160  168  161  165  165  168  168  168  163  161  156  152  148  145  144  144
  145  148  151  157  159  165  165  171  167  171  165  171  166  177  175  189
  189  203  205  212  213  219  219  223  221  224  222  225  223  227  226  230
  230  235  235  240  240  244  242  244  242  242  237  237  232  228  217  214
  203  201  190  187  176  172  171  170  160                                   
    67.5-180.0 180.0   5.0 450.0                            LAT/LON1/LON2/DLON/H
  157  162  159  162  163  166  167  166  163  160  155  151  146  145  142  144
  144  149  153  159  163  168  171  172  172  170  170  169  171  174  180  187
  195  204  213  218  223  227  231  232  232  234  234  236  234  238  238  242
  241  247  246  250  248  251  248  251  247  248  243  243  237  233  221  217
  207  202  192  184  174  167  167  167  157                                   
    65.0-180.0 180.0   5.0 450.0                            LAT/LON1/LON2/DLON/H
  146  159  149  158  157  163  161  165  159  161  154  153  148  148  147  149
  150  154  159  165  169  174  177  179  178  180  175  178  174  181  182  193
  198  211  219  228  231  238  240  243  242  246  244  248  246  250  248  252
  249  253  250  253  250  252  249  250  247  246  242  241  236  232  221  216
  204  200  188  181  170  162  156  158  146                                   
    62.5-180.0 180.0   5.0 450.0                            LAT/LON1/LON2/DLON/H
  138  141  136  143  140  147  146  149  146  148  145  146  143  146  145  150
  150  157  161  168  172  176  179  180  181  180  180  179  180  183  189  196
  205  215  226  234  242  246  251  252  253  254  256  257  257  259  258  259
  256  258  254  256  251  253  248  251  245  247  243  242  237  231  221  213
  202  194  183  173  161  149  145  145  138                                   
    60.0-180.0 180.0   5.0 450.0                            LAT/LON1/LON2/DLON/H
  128  130  120  126  124  130  128  134  129  136  133  139  137  145  143  151
  151  158  161  166  170  172  174  175  176  177  177  179  179  185  188  199
  205  219  230  241  248  256  259  263  261  266  265  267  265  266  263  262
  258  258  256  257  254  255  251  252  248  249  246  246  242  235  226  217
  205  198  184  176  158  145  136  137  128                                   
    57.5-180.0 180.0   5.0 450.0                            LAT/LON1/LON2/DLON/H
  124  113  105  109  104  109  106  110  107  112  114  121  125  133  137  144
  146  152  154  158  159  162  162  164  165  167  170  172  177  182  190  197
  208  219  232  244  253  260  265  268  269  272  272  274  273  276  270  270
  264  266  262  264  260  263  257  261  255  259  255  257  253  247  236  226
  214  202  191  177  161  145  135  128  124                                   
    55.0-180.0 180.0   5.0 450.0                            LAT/LON1/LON2/DLON/H
  123  111  102  100   95   95   92   94   90   95   96  108  111  126  129  140
  140  149  148  152  150  151  151  153  154  159  161  168  171  180  187  199
  207  222  235  251  259  269  274  276  278  280  281  285  284  285  279  278
  272  272  269  271  270  274  273  278  274  279  277  279  276  269  259  247
  234  222  209  197  176  156  143  133  123                                   
    52.5-180.0 180.0   5.0 450.0                            LAT/LON1/LON2/DLON/H
  136  113  104   97   94   90   88   85   82   82   84   92  100  112  121  131
  136  143  143  146  142  143  140  144  145  150  156  162  170  178  190  200
  211  225  241  257  270  279  285  289  290  295  296  301  299  301  295  295
  287  288  283  288  286  292  291  298  295  302  299  305  300  296  284  271
  255  241  228  212  196  176  163  144  136                                   
    50.0-180.0 180.0   5.0 450.0                            LAT/LON1/LON2/DLON/H
  149  130  116  108  102   98   91   86   80   79   79   87   93  107  114  129
  132  145  142  147  141  143  140  144  144  150  153  161  168  178  189  203
  214  232  249  269  283  291  298  304  308  312  315  318  317  316  311  308
  303  303  303  304  305  309  308  315  313  320  320  325  322  317  306  294
  278  267  250  238  219  202  192  170  149                                   
    47.5-180.0 180.0   5.0 450.0                            LAT/LON1/LON2/DLON/H
  173  145  136  126  117  112  105   96   90   84   84   87   92  101  111  124
  132  141  143  146  144  145  143  147  147  151  155  161  170  178  193  204
  220  235  258  279  298  310  315  323  326  334  334  338  334  334  327  327
  320  321  316  320  317  321  319  324  322  331  329  337  331  331  318  310
  293  282  263  253  236  226  217  198  173                                   
    45.0-180.0 180.0   5.0 450.0                            LAT/LON1/LON2/DLON/H
  187  173  158  148  138  133  121  114  102  100   93   97   97  107  113  129
  136  150  150  157  154  157  155  159  158  163  166  172  180  188  201  214
  229  249  273  297  313  328  336  346  352  357  359  357  354  350  344  339
  334  331  329  328  326  325  323  326  325  332  331  335  331  328  319  311
  297  289  274  267  248  238  240  222  187                                   
    42.5-180.0 180.0   5.0 450.0                            LAT/LON1/LON2/DLON/H
  202  185  181  168  160  150  139  128  120  115  111  110  109  111  119  128
  140  150  156  159  161  163  164  168  169  172  175  179  186  193  206  219
  238  263  287  320  335  355  360  373  377  385  383  382  374  370  361  358
  348  346  339  336  330  328  322  325  323  328  324  327  317  318  307  304
  289  283  265  261  246  243  244  237  202                                   
    40.0-180.0 180.0   5.0 450.0                            LAT/LON1/LON2/DLON/H
  203  205  193  185  173  166  151  144  131  131  124  126  123  125  127  140
  148  164  167  175  175  178  179  183  185  187  190  192  199  202  217  232
  253  281  309  337  358  378  391  403  411  415  416  410  402  393  385  376
  368  359  349  342  333  326  319  319  316  316  313  310  303  299  291  289
  278  270  253  250  237  235  243  239  203                                   
    37.5-180.0 180.0   5.0 450.0                            LAT/LON1/LON2/DLON/H
  200  199  194  191  184  173  163  151  146  142  138  137  134  132  136  142
  156  166  176  178  183  185  189  192  194  196  198  200  206  215  228  252
  273  309  333  364  383  405  416  431  437  446  445  443  433  424  413  406
  395  388  373  363  345  337  325  324  318  316  307  304  295  291  281  278
  266  257  238  229  219  219  226  226  200                                   
    35.0-180.0 180.0   5.0 450.0                            LAT/LON1/LON2/DLON/H
  192  196  184  188  180  176  166  161  152  154  149  148  144  144  144  155
  167  182  189  197  201  205  206  209  211  213  216  218  225  234  250  273
  303  337  363  389  414  434  452  466  476  481  482  477  471  460  451  441
  434  422  407  391  374  360  346  338  334  326  318  310  302  297  288  285
  271  264  244  234  219  213  220  218  192                                   
    32.5-180.0 180.0   5.0 450.0                            LAT/LON1/LON2/DLON/H
  194  191  181  183  179  176  168  163  161  162  156  158  150  148  149  155
  171  183  199  204  211  214  218  222  224  229  234  240  249  261  276  308
  332  369  391  420  443  470  486  504  512  522  522  521  512  508  499  493
  480  472  454  438  418  406  395  390  387  381  373  364  350  343  325  322
  299  289  263  248  223  217  212  200  194                                   
    30.0-180.0 180.0   5.0 450.0                            LAT/LON1/LON2/DLON/H
  196  200  189  184  176  178  168  168  162  168  162  161  155  151  152  161
  176  192  208  221  229  235  234  239  241  250  257  266  277  292  312  343
  371  402  426  460  483  511  528  547  558  569  570  571  565  560  552  546
  535  529  513  505  489  484  471  469  457  448  429  416  401  397  383  385
  365  349  312  292  265  243  237  208  196                                   
    27.5-180.0 180.0   5.0 450.0                            LAT/LON1/LON2/DLON/H
  199  217  200  198  186  179  175  168  170  169  164  167  157  155  156  161
  177  193  215  228  242  247  252  256  260  268  278  293  308  332  351  380
  405  442  468  504  524  555  569  592  600  618  617  623  612  615  608  615
  607  617  606  612  600  601  587  577  557  535  511  497  477  468  449  447
  424  413  379  355  313  286  257  218  199                                   
    25.0-180.0 180.0   5.0 450.0                            LAT/LON1/LON2/DLON/H
  213  248  235  220  203  193  172  169  164  169  170  169  161  155  157  163
  183  201  228  245  260  269  269  273  278  287  302  319  340  369  393  425
  452  482  511  542  563  587  607  629  642  655  660  659  656  661  670  676
  684  695  700  704  701  700  687  677  642  619  583  576  550  545  522  518
  486  473  430  401  357  327  310  257  213                                   
    22.5-180.0 180.0   5.0 450.0                            LAT/LON1/LON2/DLON/H
  258  287  280  263  238  215  193  182  172  169  167  171  169  163  160  168
  185  207  235  257  272  279  281  291  294  311  322  350  374  409  435  471
  499  531  554  584  597  624  637  667  676  694  694  704  700  713  726  751
  771  787  797  798  792  787  771  748  717  680  639  622  589  579  554  552
  539  527  494  462  414  381  375  307  258                                   
    20.0-180.0 180.0   5.0 450.0                            LAT/LON1/LON2/DLON/H
  315  337  316  291  267  246  224  203  188  179  169  164  163  163  163  167
  185  212  242  266  290  293  302  308  317  327  344  373  406  440  472  501
  538  565  587  615  629  654  672  697  710  722  730  730  737  749  782  805
  826  844  845  845  834  825  801  780  744  710  665  644  608  590  565  562
  552  557  541  518  475  444  434  361  315                                   
    17.5-180.0 180.0   5.0 450.0                            LAT/LON1/LON2/DLON/H
  352  369  347  318  289  261  235  216  203  188  183  179  169  163  167  173
  184  210  241  266  293  307  316  326  332  343  368  399  438  472  505  539
  573  599  623  649  663  689  703  733  742  758  756  762  772  794  822  843
  866  874  875  867  855  832  810  776  734  696  657  624  593  565  550  539
  540  548  549  539  508  484  468  404  352                                   
    15.0-180.0 180.0   5.0 450.0                            LAT/LON1/LON2/DLON/H
  387  394  370  345  314  282  255  228  211  199  189  177  173  165  160  173
  184  208  237  267  295  312  328  333  347  358  393  428  467  504  541  577
  606  635  656  682  693  719  734  759  774  781  790  793  801  817  839  852
  870  876  874  861  845  819  792  751  702  663  615  577  540  511  491  490
  496  515  525  523  505  488  474  430  387                                   
    12.5-180.0 180.0   5.0 450.0                            LAT/LON1/LON2/DLON/H
  399  404  380  352  319  286  261  236  216  200  192  178  176  172  167  174
  187  198  223  250  281  306  324  334  354  379  423  464  501  544  580  610
  642  669  688  706  719  739  757  775  789  800  807  809  818  830  850  857
  868  867  861  840  825  794  770  723  678  631  586  541  508  472  451  445
  452  470  486  487  485  480  475  452  399                                   
    10.0-180.0 180.0   5.0 450.0                            LAT/LON1/LON2/DLON/H
  396  406  383  363  330  296  271  250  229  211  200  183  175  173  162  165
  170  192  216  244  272  296  318  338  366  410  456  498  539  580  609  642
  665  686  703  719  730  748  767  784  800  806  815  819  825  834  844  845
  847  843  839  821  801  782  750  710  666  625  569  524  482  450  414  408
  400  416  434  444  450  457  452  441  396                                   
     7.5-180.0 180.0   5.0 450.0                            LAT/LON1/LON2/DLON/H
  396  405  383  370  337  309  278  261  241  221  207  185  180  173  168  163
  168  179  201  224  253  281  311  347  382  442  478  529  565  600  629  654
