data/unet/pred0820.15i
     1.0            IONOSPHERE MAPS     GNSS                IONEX VERSION / TYPE
pyspatialgeodesy        IME             05-JAN-18 20:20     PGM / RUN BY / DATE 
Map Name                                                    COMMENT             
Predicted global ionosphere maps (GIM).                     DESCRIPTION         
  2015     3    23     0     0     0                        EPOCH OF FIRST MAP  
  2015     3    24     0     0     0                        EPOCH OF LAST MAP   
  7200                                                      INTERVAL            
    13                                                      # OF MAPS IN FILE   
  NONE                                                      MAPPING FUNCTION    
10.0                                                        ELEVATION CUTOFF    
One-way carrier phase leveled to code                       OBSERVABLES USED    
  6371.0                                                    BASE RADIUS         
 2                                                          MAP DIMENSION       
   450.0 450.0   0.0                                        HGT1 / HGT2 / DHGT  
    87.5 -87.5  -2.5                                        LAT1 / LAT2 / DLAT  
  -180.0 180.0   5.0                                        LON1 / LON2 / DLON  
    -1                                                      EXPONENT            
                                                            END OF HEADER       
[from data line 2574]
     7                                                      START OF TEC MAP    
  2015     3    23    12     0     0                        EPOCH OF CURRENT MAP
    87.5-180.0 180.0   5.0 450.0                            LAT/LON1/LON2/DLON/H
  143  149  150  146  145  143  146  147  149  151  155  157  161  163  168  169
  172  172  175  174  176  173  175  172  174  171  173  169  171  166  167  163
  165  162  163  160  163  159  161  158  159  155  156  152  154  148  150  145
  147  143  146  142  146  143  145  143  146  144  146  145  147  146  148  147
  150  149  151  148  151  149  158  135  143                                   
    85.0-180.0 180.0   5.0 450.0                            LAT/LON1/LON2/DLON/H
  141  141  145  145  142  141  145  146  150  152  157  160  163  167  171  173
  177  180  183  185  186  188  188  189  188  189  188  187  186  184  182  179
  179  176  176  173  174  171  170  167  166  162  161  157  156  152  150  147
  147  144  144  143  145  142  144  142  144  142  143  141  144  141  143  142
  144  143  144  144  143  147  151  138  141                                   
    82.5-180.0 180.0   5.0 450.0                            LAT/LON1/LON2/DLON/H
  130  125  130  129  127  126  131  132  137  137  144  144  151  151  160  159
  168  166  175  172  180  176  183  179  185  180  186  182  185  180  182  178
  180  176  177  173  175  170  169  164  163  157  154  149  146  141  139  136
  136  133  134  132  134  132  134  132  134  132  133  131  132  130  130  128
  130  128  129  127  129  127  132  123  130                                   
    80.0-180.0 180.0   5.0 450.0                            LAT/LON1/LON2/DLON/H
  110  108  113  110  113  112  118  117  122  122  128  128  133  134  139  139
  145  145  151  152  156  158  161  163  165  168  170  172  175  176  178  178
  180  179  180  177  179  174  174  168  167  160  158  151  149  143  141  137
  137  134  134  134  134  133  134  133  134  133  133  132  132  128  128  125
  125  123  121  119  118  114  111  107  110                                   
    77.5-180.0 180.0   5.0 450.0                            LAT/LON1/LON2/DLON/H
  100   91   93   95   93   96   97  100   99  103  102  107  105  110  110  115
  115  121  122  126  128  132  136  139  144  147  152  156  160  165  169  174
  175  179  179  181  180  180  176  175  171  167  162  158  152  150  145  145
  141  141  138  138  137  136  135  135  135  135  133  133  131  131  127  127
  121  121  114  113  106  102   97   97  100                                   
    75.0-180.0 180.0   5.0 450.0                            LAT/LON1/LON2/DLON/H
   88   81   84   83   83   85   86   86   85   86   85   86   85   88   89   93
   96   99  105  107  112  117  120  127  129  138  140  151  153  164  167  176
  180  187  189  194  193  194  191  189  185  181  177  172  168  164  161  159
  156  153  151  148  147  142  142  139  138  137  135  134  132  130  127  125
  121  118  111  107  101   96   92   91   88                                   
    72.5-180.0 180.0   5.0 450.0                            LAT/LON1/LON2/DLON/H
   89   81   79   82   80   81   81   81   79   77   75   74   72   73   75   78
   82   86   91   96  101  107  112  118  124  132  138  147  153  164  172  182
  188  196  200  204  208  207  208  204  204  199  199  193  191  186  184  180
  176  172  169  163  160  154  151  146  145  139  137  134  132  128  125  122
  117  114  107  103   97   91   90   89   89                                   
    70.0-180.0 180.0   5.0 450.0                            LAT/LON1/LON2/DLON/H
   86   80   81   83   83   84   84   81   79   75   72   68   65   64   66   68
   72   77   83   89   97  103  109  117  123  132  138  149  155  166  176  186
  195  204  212  218  224  224  228  223  225  221  221  216  215  210  208  202
  198  189  185  176  171  161  156  148  144  137  133  128  126  123  120  116
  112  107  103   99   94   87   88   88   86                                   
    67.5-180.0 180.0   5.0 450.0                            LAT/LON1/LON2/DLON/H
   87   84   82   84   86   87   88   85   82   77   73   67   65   63   64   66
   70   75   81   89   96  105  112  120  126  135  142  151  159  168  181  191
  202  211  220  226  232  233  237  236  240  236  240  236  238  233  233  223
  218  207  201  188  180  167  159  148  141  131  124  118  114  112  108  105
  101   98   94   91   87   82   87   85   87                                   
    65.0-180.0 180.0   5.0 450.0                            LAT/LON1/LON2/DLON/H
   83   80   80   87   88   91   92   90   86   81   77   71   66   64   64   68
   71   78   84   91  100  106  115  122  129  138  144  154  162  171  182  193
  205  214  225  233  239  243  248  248  251  248  253  250  254  249  249  238
  232  219  213  201  189  174  161  149  138  127  118  109  104  100   98   94
   92   89   87   84   81   78   82   84   83                                   
    62.5-180.0 180.0   5.0 450.0                            LAT/LON1/LON2/DLON/H
   78   77   74   80   84   86   90   89   87   82   80   74   72   68   70   72
   76   83   87   95  100  107  114  122  129  138  145  154  163  171  183  195
  208  219  228  236  243  247  253  252  255  253  257  256  259  255  254  243
  237  224  218  206  195  175  163  147  136  122  111  101   94   89   83   80
   78   77   76   74   73   71   76   80   78                                   
    60.0-180.0 180.0   5.0 450.0                            LAT/LON1/LON2/DLON/H
   72   64   63   71   73   79   82   83   82   80   77   74   72   71   73   77
   80   86   91   96  101  105  113  119  127  135  143  154  163  175  184  199
  212  224  235  243  251  257  261  263  264  264  266  265  266  263  260  251
  247  235  230  216  207  188  173  158  144  128  116  105   95   87   82   75
   74   71   72   69   68   66   69   74   72                                   
    57.5-180.0 180.0   5.0 450.0                            LAT/LON1/LON2/DLON/H
   65   57   51   56   60   64   69   71   73   73   73   71   71   70   72   74
   78   82   86   91   93   98  102  110  117  128  138  149  160  172  185  202
  217  231  242  252  258  265  266  268  269  270  270  270  269  264  262  253
  248  239  235  226  216  197  186  169  157  139  126  113  103   94   84   80
   75   72   71   68   66   63   64   69   65                                   
    55.0-180.0 180.0   5.0 450.0                            LAT/LON1/LON2/DLON/H
   64   46   41   45   46   52   56   58   61   63   64   65   66   68   70   73
   76   80   83   86   88   91   95  103  111  124  135  149  160  176  189  210
  227  245  257  267  275  280  283  284  284  287  285  286  278  277  270  268
  262  256  253  245  235  223  208  195  183  167  153  138  125  114  103   93
   86   81   78   74   71   66   66   66   64                                   
    52.5-180.0 180.0   5.0 450.0                            LAT/LON1/LON2/DLON/H
   67   51   41   40   41   42   47   48   52   53   57   56   61   61   66   68
   72   74   76   78   80   83   87   97  108  122  136  149  164  179  198  220
  242  260  276  285  293  295  298  299  300  304  301  299  291  287  280  276
  272  266  264  259  250  240  230  215  205  189  178  162  151  137  126  114
  102   95   89   85   81   74   72   75   67                                   
    50.0-180.0 180.0   5.0 450.0                            LAT/LON1/LON2/DLON/H
   81   58   46   44   41   41   42   40   42   43   46   49   52   56   58   63
   65   69   71   77   78   81   86   95  109  123  139  155  169  189  208  235
  254  277  290  306  314  319  322  326  326  331  325  327  310  309  294  298
  288  289  283  280  268  257  246  236  226  213  202  191  180  169  156  141
  127  117  107  103   94   90   86   86   81                                   
    47.5-180.0 180.0   5.0 450.0                            LAT/LON1/LON2/DLON/H
   97   79   66   60   56   52   48   44   42   41   43   43   48   49   53   56
   61   67   72   76   78   82   88   99  112  130  147  162  179  197  222  246
  268  289  307  321  329  331  339  340  345  345  343  337  325  317  308  306
  301  298  294  288  276  265  252  241  231  220  212  202  196  188  177  161
  146  136  123  118  112  106  108  110   97                                   
    45.0-180.0 180.0   5.0 450.0                            LAT/LON1/LON2/DLON/H
  117   98   84   79   74   68   61   52   47   43   42   44   45   49   48   55
   56   67   70   81   83   90   95  105  121  137  156  174  190  213  234  259
  274  297  313  329  339  345  354  357  360  359  353  348  331  327  313  317
  308  311  302  296  281  266  253  239  229  220  211  206  202  199  191  177
  162  151  139  133  126  123  125  122  117                                   
    42.5-180.0 180.0   5.0 450.0                            LAT/LON1/LON2/DLON/H
  129  117  109  102   98   87   80   68   60   53   51   49   49   50   51   56
   60   70   78   86   92   97  104  114  130  149  168  186  206  225  248  265
  284  302  321  336  350  355  368  366  372  364  360  347  336  324  318  313
  311  307  301  289  273  258  244  228  215  205  197  193  193  192  188  178
  167  155  143  137  134  130  140  142  129                                   
    40.0-180.0 180.0   5.0 450.0                            LAT/LON1/LON2/DLON/H
  137  130  120  119  115  109   97   84   73   64   60   57   55   56   54   60
   61   74   79   93   97  106  112  123  139  156  179  200  223  246  260  277
  289  311  328  345  363  371  383  381  382  374  366  355  339  331  321  321
  317  316  307  295  279  261  247  228  213  197  188  180  180  181  180  172
  163  154  143  137  132  132  140  140  137                                   
    37.5-180.0 180.0   5.0 450.0                            LAT/LON1/LON2/DLON/H
  138  133  127  127  126  119  111   98   87   78   73   70   67   66   63   66
   69   79   85   96  104  113  122  133  149  169  192  212  239  255  273  288
  307  323  348  367  392  400  413  407  410  398  390  374  360  345  339  335
  334  330  321  308  292  278  258  238  220  204  189  177  175  171  167  158
  152  144  133  126  124  121  133  141  138                                   
    35.0-180.0 180.0   5.0 450.0                            LAT/LON1/LON2/DLON/H
  134  128  118  125  127  126  117  108   97   89   85   83   79   77   73   75
   76   85   93  106  114  125  133  145  158  178  201  224  250  270  287  305
  323  344  375  400  430  440  448  446  440  433  416  408  383  375  360  363
  360  365  361  356  345  326  310  281  253  225  202  187  177  170  164  156
  148  140  128  125  114  118  123  130  134                                   
    32.5-180.0 180.0   5.0 450.0                            LAT/LON1/LON2/DLON/H
  131  118  112  117  120  118  115  107  101   95   93   93   92   91   86   86
   86   92   98  109  122  135  148  160  176  194  218  234  261  278  304  324
  358  382  423  453  483  494  500  497  494  478  467  450  431  416  408  410
  419  432  441  442  438  425  409  375  346  299  263  227  211  198  187  170
  163  150  135  126  115  113  118  123  131                                   
    30.0-180.0 180.0   5.0 450.0                            LAT/LON1/LON2/DLON/H
  132  108  101  106  110  111  108  104  100   98   98   97   97   95   92   90
   91   97  104  117  132  147  162  175  189  207  226  242  268  289  320  348
  389  421  468  502  535  541  547  539  533  524  511  498  479  467  463  479
  498  521  543  553  564  550  541  500  461  399  329  284  237  227  202  209
  185  179  157  149  126  123  124  116  132                                   
    27.5-180.0 180.0   5.0 450.0                            LAT/LON1/LON2/DLON/H
  115  110  101  107  109  108  106  102   96   96   93   96   99  102   99   97
   96  100  109  120  142  157  179  187  208  220  240  253  281  311  347  381
  427  464  516  547  578  580  585  579  573  569  561  557  543  539  544  573
  598  633  661  684  693  692  676  644  596  526  471  406  341  303  259  246
  226  221  196  177  155  141  134  112  115                                   
    25.0-180.0 180.0   5.0 450.0                            LAT/LON1/LON2/DLON/H
  121  112  106  105  105  105  105  101   96   93   93   94   96   98   98   95
   94  100  109  127  149  170  189  204  217  230  244  262  293  334  376  419
  469  513  562  592  618  624  625  622  613  618  615  621  616  625  645  667
  709  730  764  767  782  771  760  730  686  639  590  539  466  412  344  319
  274  273  234  227  195  174  154  126  121                                   
    22.5-180.0 180.0   5.0 450.0                            LAT/LON1/LON2/DLON/H
  147  130  118  119  118  112  107   98   95   92   93   95   94   96   98   98
   96  101  111  132  158  180  205  213  228  233  249  270  310  358  405  453
  507  554  602  627  653  655  657  653  655  668  677  692  696  713  731  756
  782  804  827  830  838  824  807  771  733  685  642  603  563  517  449  409
  352  338  295  276  238  223  197  165  147                                   
    20.0-180.0 180.0   5.0 450.0                            LAT/LON1/LON2/DLON/H
  186  169  148  134  123  126  119  109  100   89   91   88   95   94   94   94
   93   97  111  138  168  192  210  221  228  240  259  294  330  384  430  486
  546  594  635  663  681  689  689  692  699  719  735  751  760  772  792  807
  835  840  862  855  855  834  810  782  740  708  662  636  600  564  508  483
  421  401  358  337  300  283  252  233  186                                   
    17.5-180.0 180.0   5.0 450.0                            LAT/LON1/LON2/DLON/H
  226  208  183  162  146  131  123  118  109   96   90   90   96  100  100   95
   96   98  112  141  172  197  214  221  229  244  271  306  354  402  454  509
  573  614  654  674  695  697  702  708  724  750  767  784  791  809  817  834
  844  848  851  839  833  810  787  759  724  693  662  633  610  572  532  510
  460  441  398  385  349  342  309  291  226                                   
    15.0-180.0 180.0   5.0 450.0                            LAT/LON1/LON2/DLON/H
  268  247  223  197  172  151  133  125  115  103   91   86   90   95  100   99
   95  100  112  138  171  193  214  224  237  264  292  336  377  432  481  540
  600  637  667  689  703  708  716  727  744  771  788  802  815  823  836  844
  848  843  835  821  808  788  757  730  684  665  622  605  575  560  524  511
  466  449  415  400  385  381  353  337  268                                   
    12.5-180.0 180.0   5.0 450.0                            LAT/LON1/LON2/DLON/H
  301  279  255  225  193  165  143  128  119  114  105  100   96  100   96   99
  105  105  120  144  170  191  210  222  244  269  308  347  405  454  507  557
  612  640  671  684  699  703  714  727  747  770  791  807  813  824  825  832
  823  818  801  789  770  752  722  689  635  583  552  543  531  527  497  484
  440  432  400  400  390  401  382  367  301                                   
    10.0-180.0 180.0   5.0 450.0                            LAT/LON1/LON2/DLON/H
  319  299  277  246  220  186  158  137  121  115  112  109  106  107   98  100
  106  117  129  153  176  192  209  227  251  291  330  380  434  486  531  576
  622  646  677  684  705  708  731  744  765  782  802  812  819  821  822  819
  810  792  774  748  733  707  682  612  565  518  501  499  496  496  472  452
  416  401  382  381  385  397  397  376  319                                   
     7.5-180.0 180.0   5.0 450.0                            LAT/LON1/LON2/DLON/H
  330  312  292  264  234  200  170  144  128  121  121  122  117  118  112  111
  115  120  133  162  183  198  211  232  259  300  351  404  464  503  542  581
