data/unet/pred1520.15i
     1.0            IONOSPHERE MAPS     GNSS                IONEX VERSION / TYPE
pyspatialgeodesy        IME             05-JAN-18 20:20     PGM / RUN BY / DATE 
Map Name                                                    COMMENT             
Predicted global ionosphere maps (GIM).                     DESCRIPTION         
  2015     6     1     0     0     0                        EPOCH OF FIRST MAP  
  2015     6     2     0     0     0                        EPOCH OF LAST MAP   
  7200                                                      INTERVAL            
    13                                                      # OF MAPS IN FILE   
  NONE                                                      MAPPING FUNCTION    
10.0                                                        ELEVATION CUTOFF    
One-way carrier phase leveled to code                       OBSERVABLES USED    
  6371.0                                                    BASE RADIUS         
 2                                                          MAP DIMENSION       
   450.0 450.0   0.0                                        HGT1 / HGT2 / DHGT  
    87.5 -87.5  -2.5                                        LAT1 / LAT2 / DLAT  
  -180.0 180.0   5.0                                        LON1 / LON2 / DLON  
    -1                                                      EXPONENT            
                                                            END OF HEADER       
[from data line 3861]
    10                                                      START OF TEC MAP    
  2015     6     1    18     0     0                        EPOCH OF CURRENT MAP
    87.5-180.0 180.0   5.0 450.0                            LAT/LON1/LON2/DLON/H
  203  180  177  180  180  178  181  180  183  181  183  182  184  182  183  181
  182  179  179  176  177  173  173  169  169  165  165  161  161  157  158  155
  156  154  155  153  155  154  156  154  157  155  158  156  158  157  159  158
  160  160  162  161  164  164  166  165  168  167  169  167  170  168  171  168
  171  169  172  170  172  169  181  179  203                                   
    85.0-180.0 180.0   5.0 450.0                            LAT/LON1/LON2/DLON/H
  174  173  173  179  178  180  179  183  182  186  184  187  185  188  185  187
  183  185  180  182  177  179  174  175  170  170  165  165  161  161  157  157
  153  155  152  154  151  155  152  155  153  157  154  157  155  159  156  160
  158  163  160  165  163  168  166  169  168  171  168  171  169  171  169  170
  169  171  169  169  168  165  174  175  174                                   
    82.5-180.0 180.0   5.0 450.0                            LAT/LON1/LON2/DLON/H
  176  170  173  173  177  177  180  181  185  186  189  189  192  191  192  190
  192  188  189  185  186  182  182  177  176  171  170  165  163  159  157  153
  152  149  148  146  146  144  146  144  147  145  148  146  151  149  153  151
  156  155  160  159  164  163  167  166  170  168  171  169  172  170  171  169
  170  168  169  166  168  159  160  158  176                                   
    80.0-180.0 180.0   5.0 450.0                            LAT/LON1/LON2/DLON/H
  173  169  165  168  171  174  177  180  183  186  189  191  193  194  194  194
  194  193  192  190  188  186  184  181  177  175  170  167  162  159  153  151
  147  145  141  140  138  138  137  138  138  140  140  143  143  146  146  150
  150  155  155  159  159  164  163  166  166  169  168  169  168  169  167  167
  165  165  162  162  159  153  152  153  173                                   
    77.5-180.0 180.0   5.0 450.0                            LAT/LON1/LON2/DLON/H
  169  162  159  161  165  170  174  177  181  183  187  189  192  192  194  193
  195  193  193  191  190  188  186  183  180  176  173  168  164  159  155  151
  147  144  141  138  137  135  136  135  137  137  140  140  144  144  148  148
  152  152  156  156  160  160  163  163  166  165  167  166  167  165  165  162
  161  159  158  155  154  146  144  149  169                                   
    75.0-180.0 180.0   5.0 450.0                            LAT/LON1/LON2/DLON/H
  169  160  155  159  164  167  173  175  181  182  187  188  192  191  194  192
  193  192  192  190  190  188  187  185  183  180  177  173  168  164  159  156
  151  148  144  142  139  138  137  137  138  139  141  143  145  147  149  151
  153  155  156  157  159  161  162  163  164  165  165  167  166  167  164  164
  160  160  156  156  151  146  142  153  169                                   
    72.5-180.0 180.0   5.0 450.0                            LAT/LON1/LON2/DLON/H
  174  162  160  161  166  169  173  176  181  183  187  188  191  191  192  190
  191  189  190  189  190  189  189  188  187  184  182  179  175  171  166  162
  158  155  152  149  147  145  144  143  145  144  148  148  152  152  155  155
  157  157  159  158  160  159  161  161  163  163  165  165  166  166  166  164
  162  160  159  156  154  147  146  157  174                                   
    70.0-180.0 180.0   5.0 450.0                            LAT/LON1/LON2/DLON/H
  181  170  164  168  172  174  178  180  185  186  191  191  195  193  194  191
  191  188  189  187  189  187  188  186  186  184  183  180  178  174  172  168
  166  163  160  157  155  152  152  151  152  152  154  155  157  159  160  160
  161  160  160  159  159  158  158  158  159  160  162  163  165  166  166  166
  164  164  162  161  159  154  152  165  181                                   
    67.5-180.0 180.0   5.0 450.0                            LAT/LON1/LON2/DLON/H
  191  179  177  178  179  182  182  185  188  191  194  195  197  195  195  191
  190  186  186  184  185  185  186  185  185  184  183  181  180  177  176  174
  173  171  169  167  165  162  162  160  162  161  164  164  166  166  167  166
  165  163  162  159  158  155  155  153  154  154  157  158  162  164  166  166
  167  166  167  166  166  161  162  173  191                                   
    65.0-180.0 180.0   5.0 450.0                            LAT/LON1/LON2/DLON/H
  201  192  185  189  189  188  190  191  195  197  202  201  205  201  201  194
  193  187  188  183  185  183  185  183  184  182  182  180  181  180  180  180
  180  179  177  175  174  171  171  170  170  171  172  173  174  174  173  172
  170  167  164  159  156  152  150  147  147  147  151  153  158  161  165  167
  169  170  171  172  173  170  172  183  201                                   
    62.5-180.0 180.0   5.0 450.0                            LAT/LON1/LON2/DLON/H
  209  203  200  198  197  198  195  199  199  205  207  210  210  208  204  198
  195  188  186  181  182  180  182  180  180  178  179  178  180  180  183  184
  185  185  184  183  182  180  180  180  181  182  184  183  184  181  181  177
  174  169  165  159  155  150  146  142  141  140  143  146  151  154  159  162
  167  168  172  173  176  176  181  189  209                                   
    60.0-180.0 180.0   5.0 450.0                            LAT/LON1/LON2/DLON/H
  214  213  207  209  208  206  205  206  208  212  215  217  218  213  211  202
  199  190  189  182  184  180  183  179  180  178  178  178  181  182  186  187
  189  190  190  189  189  188  189  189  192  193  194  194  193  191  188  184
  179  172  166  160  154  147  142  137  136  134  137  138  143  147  153  156
  164  166  172  174  179  181  187  196  214                                   
    57.5-180.0 180.0   5.0 450.0                            LAT/LON1/LON2/DLON/H
  214  219  217  215  214  214  210  213  213  220  222  226  223  222  215  208
  201  194  190  183  184  180  182  179  178  176  177  177  181  183  188  191
  193  195  196  196  196  197  199  201  203  205  206  205  202  199  195  189
  182  175  167  159  153  145  140  134  132  130  130  131  134  137  142  148
  153  159  165  170  177  180  190  195  214                                   
    55.0-180.0 180.0   5.0 450.0                            LAT/LON1/LON2/DLON/H
  213  222  218  222  221  222  221  224  225  230  231  235  231  229  220  212
  204  196  192  186  186  182  184  181  181  179  180  180  184  186  192  194
  198  199  201  201  202  204  208  210  215  216  217  215  211  207  200  194
  185  177  168  160  152  145  138  133  130  126  126  124  127  130  136  140
  146  151  159  165  172  179  188  198  213                                   
    52.5-180.0 180.0   5.0 450.0                            LAT/LON1/LON2/DLON/H
  207  221  223  224  226  228  228  232  233  240  240  245  237  236  224  219
  207  202  194  189  187  184  185  183  184  182  183  184  187  191  195  201
  203  207  208  210  212  215  219  224  227  230  229  227  220  214  206  198
  187  178  168  159  151  144  139  134  131  127  124  123  122  124  127  133
  136  144  150  157  165  172  186  193  207                                   
    50.0-180.0 180.0   5.0 450.0                            LAT/LON1/LON2/DLON/H
  205  220  221  229  234  239  243  248  249  253  251  254  245  243  228  225
  211  207  198  194  190  189  188  187  187  187  188  189  194  196  202  205
  210  212  216  217  222  224  230  234  241  241  241  235  229  221  212  202
  192  181  170  161  152  147  142  138  135  130  127  123  122  121  125  126
  132  137  145  153  160  170  181  192  205                                   
    47.5-180.0 180.0   5.0 450.0                            LAT/LON1/LON2/DLON/H
  202  219  224  229  237  243  250  255  260  264  264  262  253  249  235  231
  218  214  204  200  196  194  192  191  190  192  192  196  198  204  207  213
  216  223  226  231  233  240  244  251  255  257  254  248  237  228  217  207
  194  183  172  162  155  150  147  145  142  139  135  132  126  127  124  127
  128  135  140  145  155  163  178  187  202                                   
    45.0-180.0 180.0   5.0 450.0                            LAT/LON1/LON2/DLON/H
  203  219  224  236  245  255  265  272  276  278  276  272  262  257  243  240
  227  224  213  210  204  202  197  197  195  197  199  201  206  210  215  221
  228  232  241  244  251  254  262  265  271  270  268  258  248  235  225  212
  201  187  177  167  160  157  155  154  151  147  144  138  135  130  128  126
  127  133  139  146  153  164  175  187  203                                   
    42.5-180.0 180.0   5.0 450.0                            LAT/LON1/LON2/DLON/H
  203  220  226  239  249  260  271  278  285  287  287  282  274  269  256  253
  241  239  227  223  216  213  207  206  202  206  206  212  213  220  225  234
  241  253  260  270  272  278  281  286  288  287  281  270  258  245  232  219
  205  194  182  174  167  164  164  163  162  159  154  150  143  141  134  133
  129  133  135  141  150  157  174  185  203                                   
    40.0-180.0 180.0   5.0 450.0                            LAT/LON1/LON2/DLON/H
  202  220  228  243  256  267  279  289  296  299  298  291  284  278  270  265
  259  254  247  241  233  228  221  219  215  217  219  223  227  233  241  252
  267  279  293  297  303  303  306  305  306  299  293  278  267  252  240  226
  214  201  191  183  177  174  174  174  172  167  163  158  155  148  145  140
  138  137  140  144  152  161  172  185  202                                   
    37.5-180.0 180.0   5.0 450.0                            LAT/LON1/LON2/DLON/H
  201  219  229  241  252  264  277  285  296  300  303  299  293  290  283  282
  274  273  266  261  253  247  239  235  230  232  233  238  243  251  264  281
  297  314  325  330  332  331  329  326  322  313  303  288  274  260  246  233
  219  207  197  189  184  182  181  180  178  174  169  164  161  156  154  149
  144  141  140  141  149  151  170  182  201                                   
    35.0-180.0 180.0   5.0 450.0                            LAT/LON1/LON2/DLON/H
  200  218  228  241  254  265  276  287  297  305  309  308  305  302  299  295
  292  287  285  280  276  268  262  254  249  250  254  258  270  279  299  315
  336  348  361  361  363  355  351  342  338  326  315  297  283  267  255  239
  227  212  204  196  192  189  187  185  180  176  170  165  163  159  159  153
  150  145  146  144  151  155  166  179  200                                   
    32.5-180.0 180.0   5.0 450.0                            LAT/LON1/LON2/DLON/H
  198  215  225  238  249  258  267  278  291  301  310  313  315  315  313  312
  306  305  301  301  295  291  283  277  272  275  279  290  300  315  332  350
  366  379  386  386  381  371  361  352  345  332  320  302  287  271  257  242
  227  213  204  197  193  188  186  182  177  173  168  165  162  161  160  157
  154  150  147  145  149  148  163  173  198                                   
    30.0-180.0 180.0   5.0 450.0                            LAT/LON1/LON2/DLON/H
  193  212  220  233  244  254  263  274  288  303  313  321  324  329  328  328
  324  322  320  317  317  309  306  300  301  303  315  323  340  350  371  383
  402  409  417  409  402  386  373  360  351  336  324  305  291  272  259  241
  228  211  203  195  192  186  181  177  169  166  162  161  161  159  160  156
  155  149  148  144  148  148  160  170  193                                   
    27.5-180.0 180.0   5.0 450.0                            LAT/LON1/LON2/DLON/H
  189  207  218  230  241  249  259  269  284  300  313  325  333  339  343  344
  342  342  338  339  335  332  327  324  326  334  346  360  373  386  401  415
  428  434  434  424  410  392  374  360  348  332  315  297  281  264  250  234
  219  204  196  190  186  179  174  168  161  158  157  157  158  160  159  158
  155  153  149  147  146  145  156  165  189                                   
    25.0-180.0 180.0   5.0 450.0                            LAT/LON1/LON2/DLON/H
  186  209  215  231  241  251  262  276  291  309  323  337  348  357  361  365
  363  364  360  362  360  356  354  352  360  367  386  395  413  420  437  445
  457  457  455  437  420  398  379  361  345  326  308  288  271  255  239  223
  208  193  186  180  176  171  164  160  153  151  151  153  155  157  158  157
  156  153  150  147  147  147  155  164  186                                   
    22.5-180.0 180.0   5.0 450.0                            LAT/LON1/LON2/DLON/H
  182  205  216  230  243  254  266  279  295  314  329  347  359  374  381  386
  386  386  386  390  389  389  385  386  392  406  421  437  445  453  458  464
  466  464  452  433  411  392  369  352  332  313  292  272  255  238  223  206
  193  180  173  170  168  161  156  150  144  144  145  149  151  155  156  157
  156  155  151  149  147  147  155  163  182                                   
    20.0-180.0 180.0   5.0 450.0                            LAT/LON1/LON2/DLON/H
  185  210  220  237  251  264  277  294  310  330  344  363  378  395  406  413
  414  415  416  421  422  420  421  419  431  440  458  465  474  475  477  478
  476  468  451  431  409  387  365  346  325  305  283  262  245  228  213  197
  183  172  166  163  161  156  151  147  140  141  139  143  144  147  150  151
  154  152  150  148  146  146  153  162  185                                   
    17.5-180.0 180.0   5.0 450.0                            LAT/LON1/LON2/DLON/H
  180  203  219  235  252  266  281  300  318  337  353  373  391  414  426  436
  440  441  444  447  450  450  449  453  459  472  478  487  485  485  479  476
  467  454  435  417  396  379  354  338  315  296  273  254  237  220  205  190
  177  166  160  158  155  151  148  142  137  136  136  139  139  141  143  146
  149  149  147  143  141  138  150  158  180                                   
    15.0-180.0 180.0   5.0 450.0                            LAT/LON1/LON2/DLON/H
  178  204  218  240  256  274  291  311  328  348  362  385  404  429  444  456
  464  470  475  478  479  477  478  478  486  489  497  498  495  490  481  476
  462  449  431  416  399  381  360  339  319  297  276  255  237  219  204  189
  175  164  158  153  148  145  139  138  132  134  133  134  134  134  136  137
  142  141  140  136  132  133  142  151  178                                   
    12.5-180.0 180.0   5.0 450.0                            LAT/LON1/LON2/DLON/H
  167  188  208  228  250  270  290  312  329  348  364  387  409  436  452  469
  480  491  498  501  501  497  496  498  500  504  502  499  491  482  471  461
  447  434  420  410  394  383  360  344  320  301  278  258  239  224  207  192
  178  166  157  150  145  139  135  132  129  130  129  130  128  129  128  131
  132  133  128  124  115  116  130  140  167                                   
    10.0-180.0 180.0   5.0 450.0                            LAT/LON1/LON2/DLON/H
  155  179  198  224  244  269  289  313  329  348  363  388  408  437  455  474
  489  504  515  519  518  512  510  507  509  506  503  496  487  479  466  456
  445  435  425  416  406  392  373  351  332  309  288  265  247  229  213  198
  183  168  158  148  141  135  128  127  123  124  123  124  123  122  123  123
  124  122  117  111  101  102  113  124  155                                   
     7.5-180.0 180.0   5.0 450.0                            LAT/LON1/LON2/DLON/H
  137  158  182  208  235  257  283  305  324  341  358  378  403  430  451  470
  488  504  518  523  524  518  516  514  508  503  495  484  476  465  454  443
