data/unet/pred0550.15i
     1.0            IONOSPHERE MAPS     GNSS                IONEX VERSION / TYPE
pyspatialgeodesy        IME             05-JAN-18 20:20     PGM / RUN BY / DATE 
Map Name                                                    COMMENT             
Predicted global ionosphere maps (GIM).                     DESCRIPTION         
  2015     2    24     0     0     0                        EPOCH OF FIRST MAP  
  2015     2    25     0     0     0                        EPOCH OF LAST MAP   
  7200                                                      INTERVAL            
    13                                                      # OF MAPS IN FILE   
  NONE                                                      MAPPING FUNCTION    
10.0                                                        ELEVATION CUTOFF    
One-way carrier phase leveled to code                       OBSERVABLES USED    
  6371.0                                                    BASE RADIUS         
 2                                                          MAP DIMENSION       
   450.0 450.0   0.0                                        HGT1 / HGT2 / DHGT  
    87.5 -87.5  -2.5                                        LAT1 / LAT2 / DLAT  
  -180.0 180.0   5.0                                        LON1 / LON2 / DLON  
    -1                                                      EXPONENT            
                                                            END OF HEADER       
[from data line 2145]
     6                                                      START OF TEC MAP    
  2015     2    24    10     0     0                        EPOCH OF CURRENT MAP
    87.5-180.0 180.0   5.0 450.0                            LAT/LON1/LON2/DLON/H
   99  129  124  125  128  129  133  135  137  138  139  139  138  138  137  136
  134  134  132  131  129  128  126  124  122  120  119  116  115  113  112  110
  110  109  109  109  109  109  108  109  108  108  107  106  105  105  104  104
  102  102   99  100   98   99   97   98   98   98   97   99  100  101  101  103
  105  106  107  109  110  112  119  106   99                                   
    85.0-180.0 180.0   5.0 450.0                            LAT/LON1/LON2/DLON/H
  121  118  124  134  133  137  140  146  147  151  150  152  149  150  147  148
  144  144  142  141  138  138  136  135  133  133  132  132  130  132  130  132
  131  133  131  133  132  133  131  130  129  128  126  124  122  119  116  113
  111  107  105  101  100   96   94   92   91   91   89   90   90   91   91   93
   95   98   99  102  106  110  121  110  121                                   
    82.5-180.0 180.0   5.0 450.0                            LAT/LON1/LON2/DLON/H
  104  110  115  123  127  130  138  141  147  146  151  147  150  145  146  141
  141  136  136  131  130  127  126  123  122  122  121  123  121  125  125  129
  128  132  131  136  135  138  137  139  138  138  136  134  132  128  125  120
  117  112  108  102   99   93   88   85   81   80   75   77   74   76   74   76
   76   80   79   84   87   95  105  101  104                                   
    80.0-180.0 180.0   5.0 450.0                            LAT/LON1/LON2/DLON/H
  107  108  113  118  123  128  135  137  142  141  144  140  139  134  131  126
  122  118  114  109  106  103  100   98   96   96   97  100  104  108  114  118
  125  127  134  136  143  144  149  149  153  151  153  150  149  144  141  135
  131  124  120  112  107   99   93   87   83   78   74   73   72   71   70   70
   70   71   71   76   80   86   96   96  107                                   
    77.5-180.0 180.0   5.0 450.0                            LAT/LON1/LON2/DLON/H
   95   95  107  112  117  123  129  132  132  133  130  129  124  120  114  107
  101   95   90   87   83   81   79   78   76   78   79   84   88   95  102  111
  119  127  135  143  150  156  160  164  167  171  170  171  169  166  163  158
  153  147  141  134  128  120  113  106  100   94   88   85   82   80   79   78
   78   78   78   80   84   88   91   86   95                                   
    75.0-180.0 180.0   5.0 450.0                            LAT/LON1/LON2/DLON/H
   87   85   95   99  104  109  113  117  116  116  112  109  103   99   91   85
   80   75   72   69   66   66   64   65   63   66   69   75   79   89   97  109
  119  131  140  152  160  170  175  185  187  195  194  198  193  193  188  186
  179  176  169  165  158  150  142  135  128  121  114  108  101   97   91   89
   84   84   81   83   83   86   90   88   87                                   
    72.5-180.0 180.0   5.0 450.0                            LAT/LON1/LON2/DLON/H
   81   77   84   91   94  101  102  106  103  104   99   96   89   84   77   72
   65   63   58   58   56   59   58   62   61   66   69   75   80   88   97  108
  119  132  145  158  169  178  187  195  202  210  215  218  217  216  213  211
  207  204  201  195  190  181  175  167  161  153  144  136  126  119  111  106
   98   95   88   88   89   91   88   85   81                                   
    70.0-180.0 180.0   5.0 450.0                            LAT/LON1/LON2/DLON/H
   75   72   79   79   83   85   91   92   93   90   87   82   80   72   69   62
   62   57   59   57   60   61   64   65   68   69   72   75   81   89   99  110
  123  136  152  166  180  191  199  211  217  229  232  240  237  240  234  236
  229  231  226  225  218  211  203  194  186  175  166  156  147  138  128  121
  110  106   96   96   90   92   89   88   75                                   
    67.5-180.0 180.0   5.0 450.0                            LAT/LON1/LON2/DLON/H
   72   68   75   79   79   83   85   90   89   90   84   81   74   70   64   62
   58   59   57   61   61   66   68   73   75   77   78   80   84   90  101  111
  125  139  154  170  183  197  205  218  225  238  244  251  252  251  252  248
  246  244  242  241  236  229  222  213  204  193  179  169  156  147  134  124
  112  105   96   93   91   91   86   87   72                                   
    65.0-180.0 180.0   5.0 450.0                            LAT/LON1/LON2/DLON/H
   66   67   74   74   73   75   80   81   84   81   80   76   74   68   68   64
   65   64   67   68   71   75   79   82   85   86   87   87   89   95  102  115
  128  144  161  177  193  205  218  229  237  250  253  263  259  262  257  261
  253  258  253  256  248  243  234  226  217  204  191  177  163  150  136  124
  108  101   89   89   84   87   84   85   66                                   
    62.5-180.0 180.0   5.0 450.0                            LAT/LON1/LON2/DLON/H
   65   66   73   75   73   76   79   84   84   85   81   80   75   74   69   70
   66   71   68   74   72   80   79   86   84   88   86   87   87   91  100  112
  127  145  162  178  195  210  223  235  241  252  256  264  265  266  268  264
  264  261  262  259  253  245  238  229  221  209  194  178  161  146  129  114
   97   84   76   73   74   76   74   80   65                                   
    60.0-180.0 180.0   5.0 450.0                            LAT/LON1/LON2/DLON/H
   58   64   68   67   64   67   70   73   75   75   75   73   72   69   71   70
   72   73   75   76   76   78   79   82   82   84   81   83   82   87   96  112
  131  150  169  185  206  221  237  246  252  262  264  274  271  276  272  274
  268  274  269  270  260  255  245  237  229  217  205  187  169  151  131  112
   91   77   67   69   65   71   70   74   58                                   
    57.5-180.0 180.0   5.0 450.0                            LAT/LON1/LON2/DLON/H
   59   64   63   64   61   61   65   68   71   72   72   72   70   72   72   73
   73   75   72   75   71   73   70   72   70   72   70   72   74   83   92  111
  131  153  170  190  210  229  241  251  255  266  271  280  283  285  286  282
  283  279  281  274  269  259  252  242  236  226  215  200  181  162  140  116
   92   73   64   61   64   67   67   71   59                                   
    55.0-180.0 180.0   5.0 450.0                            LAT/LON1/LON2/DLON/H
   58   63   62   56   51   53   53   56   58   61   61   62   63   64   67   69
   71   73   70   69   65   62   60   61   61   63   64   67   74   82   96  120
  140  167  181  206  226  244  255  263  270  281  284  298  297  301  299  299
  295  298  296  296  288  279  270  261  255  244  234  219  205  184  162  137
  108   86   72   69   70   72   72   71   58                                   
    52.5-180.0 180.0   5.0 450.0                            LAT/LON1/LON2/DLON/H
   72   73   62   60   52   52   50   52   54   55   57   60   61   63   66   68
   69   71   68   67   60   59   52   55   54   58   61   67   76   89  105  130
  154  177  192  217  232  253  258  274  276  294  297  312  313  315  315  311
  311  310  313  307  306  292  287  276  271  261  253  240  228  210  187  161
  133  108   93   85   88   86   87   83   72                                   
    50.0-180.0 180.0   5.0 450.0                            LAT/LON1/LON2/DLON/H
   89   79   70   63   56   51   50   48   50   51   53   56   58   60   62   64
   67   68   66   63   56   52   47   49   51   57   63   72   84   99  118  148
  169  196  208  238  246  264  270  285  292  312  319  334  335  338  337  335
  336  338  340  337  331  318  308  296  288  279  270  261  252  237  216  189
  162  138  120  111  110  106  107   97   89                                   
    47.5-180.0 180.0   5.0 450.0                            LAT/LON1/LON2/DLON/H
  109   96   81   77   66   59   55   55   55   56   56   59   59   61   61   64
   65   68   68   66   60   56   51   53   56   64   72   83   96  117  137  165
  185  208  223  251  257  275  279  301  309  331  337  351  352  351  352  346
  349  348  350  345  340  326  318  306  298  286  277  267  261  249  231  208
  181  158  143  132  132  127  129  115  109                                   
    45.0-180.0 180.0   5.0 450.0                            LAT/LON1/LON2/DLON/H
  124  102   92   86   77   73   66   66   64   63   64   65   65   64   64   64
   68   70   73   71   66   62   58   60   63   72   81   95  110  132  151  178
  194  218  233  258  265  281  291  312  323  346  352  366  366  368  365  364
  364  367  365  361  352  337  325  312  301  288  275  268  257  251  231  211
  185  168  153  147  143  138  140  129  124                                   
    42.5-180.0 180.0   5.0 450.0                            LAT/LON1/LON2/DLON/H
  134  114  103   99   92   87   83   79   78   75   75   74   74   72   70   72
   75   80   83   84   79   75   71   72   75   84   94  111  125  147  163  185
  201  226  242  267  276  297  311  334  347  366  371  381  380  376  372  366
  368  366  364  358  349  334  320  305  291  277  261  249  239  232  214  199
  175  162  148  144  140  138  141  132  134                                   
    40.0-180.0 180.0   5.0 450.0                            LAT/LON1/LON2/DLON/H
  129  113  107  110  104  104   99   97   91   90   86   85   84   80   79   78
   84   89   94   94   92   86   84   82   86   95  103  123  136  155  169  187
  205  229  253  275  297  316  337  356  372  385  393  398  397  392  386  384
  382  383  379  370  358  341  324  308  290  276  254  240  222  213  193  176
  155  144  131  131  127  125  128  121  129                                   
    37.5-180.0 180.0   5.0 450.0                            LAT/LON1/LON2/DLON/H
  120  110  109  115  110  115  111  108  104  101   97   95   94   92   91   91
   95  102  105  107  102   99   92   93   92  102  112  130  142  161  172  192
  209  242  264  298  320  351  369  393  404  418  419  424  420  414  408  403
  402  400  396  388  375  357  337  318  299  281  258  238  219  202  180  162
  142  129  117  115  109  106  109  105  120                                   
    35.0-180.0 180.0   5.0 450.0                            LAT/LON1/LON2/DLON/H
  107   98  102  109  110  117  118  117  115  110  107  105  103  101  100  100
  105  110  115  112  111  103   99   96   97  106  118  137  149  166  179  195
  216  246  280  315  350  378  405  421  435  442  447  449  447  441  436  435
  434  436  434  430  418  401  382  359  338  312  286  259  236  213  192  167
  147  131  116  108   96   92   93   90  107                                   
    32.5-180.0 180.0   5.0 450.0                            LAT/LON1/LON2/DLON/H
   95   94   94  101  103  115  113  118  113  111  109  109  109  109  110  111
  114  118  120  120  115  109  101   99   98  106  119  139  154  174  185  204
  222  259  292  341  379  421  440  463  468  482  479  488  483  481  478  480
  485  489  493  489  485  467  456  430  415  382  355  317  287  257  231  205
  185  164  145  125  106   88   90   82   95                                   
    30.0-180.0 180.0   5.0 450.0                            LAT/LON1/LON2/DLON/H
   88   82   84   85   87   97   98  103  104  105  107  109  112  113  115  116
  120  119  121  116  112  104  100   96   98  108  123  145  166  188  200  218
  237  271  315  361  411  447  474  488  499  508  514  524  526  531  534  539
  549  561  580  588  594  584  573  562  546  524  493  441  387  349  311  280
  256  234  204  175  141  115  104   92   88                                   
    27.5-180.0 180.0   5.0 450.0                            LAT/LON1/LON2/DLON/H
   91   94   81   80   81   88   88   93   93   95   97  102  109  113  116  118
  120  121  121  115  110  104   97   96   96  105  122  147  173  196  213  231
  256  289  331  381  427  474  491  515  518  538  541  564  568  587  594  613
  635  658  670  678  684  681  683  682  675  649  613  566  524  487  448  405
  368  339  298  254  214  176  147  110   91                                   
    25.0-180.0 180.0   5.0 450.0                            LAT/LON1/LON2/DLON/H
  118  116  106   90   85   80   81   84   86   90   91   97  104  110  116  117
  121  119  119  110  106  100   98   95   99  105  126  152  182  211  230  256
  279  319  360  408  453  496  519  539  548  569  580  609  625  650  667  683
  706  729  753  767  779  783  793  793  789  777  750  711  657  607  562  531
  498  477  424  364  297  248  208  161  118                                   
    22.5-180.0 180.0   5.0 450.0                            LAT/LON1/LON2/DLON/H
  164  156  139  117  104   95   87   86   86   88   89   94  100  105  111  113
  116  116  115  109  103  100   97   99  100  108  129  158  193  222  248  275
  308  342  388  431  472  516  532  560  566  595  607  646  669  705  722  741
  767  794  817  830  837  843  859  869  878  873  855  824  775  725  683  657
  622  584  534  473  402  330  294  241  164                                   
    20.0-180.0 180.0   5.0 450.0                            LAT/LON1/LON2/DLON/H
  222  200  172  151  138  121  111  103   98   97   97  100  101  104  108  110
  114  109  109  100  101   97   99   97  104  108  133  162  201  234  267  299
  329  375  420  462  496  534  554  572  587  615  634  677  709  736  757  775
  804  826  847  851  858  864  881  894  905  910  903  880  841  799  750  723
  692  677  627  563  492  433  385  332  222                                   
    17.5-180.0 180.0   5.0 450.0                            LAT/LON1/LON2/DLON/H
  287  263  226  198  179  160  144  128  118  112  109  108  108  107  108  105
  108  104  102   97   96   98   98  102  105  114  135  160  203  250  280  315
  350  395  442  479  512  550  564  591  601  633  653  695  731  754  774  794
  817  833  847  847  850  854  869  882  895  894  895  873  851  812  777  743
  723  701  677  624  559  504  468  412  287                                   
    15.0-180.0 180.0   5.0 450.0                            LAT/LON1/LON2/DLON/H
  346  319  287  249  222  202  184  163  146  133  126  118  114  112  113  109
  109  102  101   93   96   95  100   98  107  113  130  160  209  255  285  328
  361  412  453  493  520  552  574  599  619  645  672  710  743  759  776  788
  805  809  812  807  806  807  817  826  838  839  834  824  804  778  743  723
  700  694  672  644  589  545  511  456  346                                   
    12.5-180.0 180.0   5.0 450.0                            LAT/LON1/LON2/DLON/H
  391  370  335  293  262  236  217  196  174  154  142  130  124  116  112  109
  108  101   99   96   97   97   99  102  103  110  122  168  214  264  293  336
  364  407  449  492  525  559  576  612  628  663  685  722  745  759  767  775
  778  774  762  751  741  745  742  751  754  758  751  749  736  716  686  670
  656  651  639  610  582  555  542  489  391                                   
    10.0-180.0 180.0   5.0 450.0                            LAT/LON1/LON2/DLON/H
  404  408  379  344  313  278  256  232  208  178  161  140  132  117  110  106
  107  100  100   94   98   98  100   96   98  106  132  180  224  272  299  344
  366  411  452  491  527  553  584  616  642  668  699  725  745  752  751  752
  746  734  713  702  687  686  681  685  681  677  683  675  669  648  621  597
  578  577  568  558  548  541  541  484  404                                   
     7.5-180.0 180.0   5.0 450.0                            LAT/LON1/LON2/DLON/H
  415  431  407  374  347  311  284  256  236  209  183  160  142  124  113  108
  110  105  101   96   95   96   92   91   89  111  143  201  233  284  306  347
