data/unet/pred1920.15i
     1.0            IONOSPHERE MAPS     GNSS                IONEX VERSION / TYPE
pyspatialgeodesy        IME             05-JAN-18 20:20     PGM / RUN BY / DATE 
Map Name                                                    COMMENT             
Predicted global ionosphere maps (GIM).                     DESCRIPTION         
  2015     7    11     0     0     0                        EPOCH OF FIRST MAP  
  2015     7    12     0     0     0                        EPOCH OF LAST MAP   
  7200                                                      INTERVAL            
    13                                                      # OF MAPS IN FILE   
  NONE                                                      MAPPING FUNCTION    
10.0                                                        ELEVATION CUTOFF    
One-way carrier phase leveled to code                       OBSERVABLES USED    
  6371.0                                                    BASE RADIUS         
 2                                                          MAP DIMENSION       
   450.0 450.0   0.0                                        HGT1 / HGT2 / DHGT  
    87.5 -87.5  -2.5                                        LAT1 / LAT2 / DLAT  
  -180.0 180.0   5.0                                        LON1 / LON2 / DLON  
    -1                                                      EXPONENT            
                                                            END OF HEADER       
[from data line 4719]
    12                                                      START OF TEC MAP    
  2015     7    11    22     0     0                        EPOCH OF CURRENT MAP
    87.5-180.0 180.0   5.0 450.0                            LAT/LON1/LON2/DLON/H
  223  186  177  179  178  178  177  177  176  176  175  174  173  172  171  170
  168  167  166  165  164  163  162  162  161  161  161  160  160  160  160  160
  160  160  160  160  160  160  160  160  159  160  160  161  160  162  162  164
  164  166  166  168  168  169  170  171  171  172  172  172  173  174  174  175
  176  176  177  176  175  174  180  205  223                                   
    85.0-180.0 180.0   5.0 450.0                            LAT/LON1/LON2/DLON/H
  197  186  186  189  188  186  187  186  187  186  185  184  184  182  181  179
  179  177  177  175  174  173  172  171  170  168  168  167  166  166  165  165
  164  164  163  164  162  163  161  163  161  162  161  163  162  164  164  167
  166  169  169  171  172  173  174  175  176  177  177  178  179  179  179  180
  182  182  183  181  181  178  183  203  197                                   
    82.5-180.0 180.0   5.0 450.0                            LAT/LON1/LON2/DLON/H
  199  191  190  194  192  194  193  196  194  196  193  194  191  193  188  189
  185  186  182  183  179  180  176  176  173  173  170  170  168  168  166  166
  164  165  163  164  162  163  161  163  160  162  161  163  162  165  164  167
  166  170  169  173  172  176  175  178  178  180  179  181  181  183  181  184
  184  186  185  186  183  184  185  206  199                                   
    80.0-180.0 180.0   5.0 450.0                            LAT/LON1/LON2/DLON/H
  206  197  196  196  198  198  201  201  203  201  201  199  198  196  194  191
  190  187  186  183  182  179  178  175  174  171  171  169  168  167  167  166
  166  165  166  165  166  163  165  162  164  162  164  162  166  164  168  167
  171  170  174  174  178  177  180  179  183  181  183  181  184  182  185  183
  187  185  189  185  187  184  183  201  206                                   
    77.5-180.0 180.0   5.0 450.0                            LAT/LON1/LON2/DLON/H
  207  200  197  198  200  202  205  205  207  205  206  203  203  200  198  195
  193  190  189  186  185  181  181  178  177  174  173  172  171  169  170  169
  169  169  170  169  169  169  169  168  168  167  168  168  169  170  172  174
  176  178  180  182  184  185  186  187  188  188  188  188  188  188  188  188
  189  190  191  189  190  188  187  204  207                                   
    75.0-180.0 180.0   5.0 450.0                            LAT/LON1/LON2/DLON/H
  208  202  200  201  204  205  210  210  213  211  212  210  209  206  204  200
  198  194  193  190  189  187  186  183  182  180  178  177  175  174  174  174
  174  174  176  175  177  175  176  174  175  173  175  173  175  175  178  178
  182  183  187  187  190  189  192  191  193  190  192  189  191  188  190  188
  192  190  195  190  194  191  191  205  208                                   
    72.5-180.0 180.0   5.0 450.0                            LAT/LON1/LON2/DLON/H
  210  207  203  204  207  210  214  215  218  217  218  215  214  211  208  205
  202  198  196  194  193  191  190  188  186  185  183  181  180  178  178  178
  178  179  181  182  182  182  182  181  180  179  178  179  179  181  181  185
  186  189  190  193  194  196  196  196  196  195  194  194  193  192  191  191
  192  194  196  196  196  197  197  213  210                                   
    70.0-180.0 180.0   5.0 450.0                            LAT/LON1/LON2/DLON/H
  215  212  210  210  213  215  220  220  224  223  224  222  222  217  215  210
  207  203  202  199  199  197  197  194  194  190  189  186  185  182  182  181
  183  183  186  185  188  186  187  184  184  181  181  179  181  181  183  184
  187  189  192  192  195  194  196  195  197  195  196  193  195  192  194  192
  196  196  202  200  203  202  204  218  215                                   
    67.5-180.0 180.0   5.0 450.0                            LAT/LON1/LON2/DLON/H
  221  220  216  215  216  219  223  224  227  227  229  227  226  222  219  215
  211  208  207  205  205  204  203  202  200  197  195  192  190  187  186  185
  185  186  188  189  189  189  188  186  183  182  179  179  177  179  179  182
  183  187  187  190  190  192  192  194  194  195  195  196  195  195  195  196
  198  202  205  207  208  210  211  225  221                                   
    65.0-180.0 180.0   5.0 450.0                            LAT/LON1/LON2/DLON/H
  229  227  224  222  223  224  228  228  232  231  234  232  233  227  226  220
  218  213  214  211  213  211  212  210  210  206  204  200  198  194  194  191
  192  190  193  191  193  190  190  185  184  179  177  174  174  174  175  176
  178  179  181  181  183  184  186  187  190  191  193  193  197  195  198  198
  203  205  212  211  216  215  218  230  229                                   
    62.5-180.0 180.0   5.0 450.0                            LAT/LON1/LON2/DLON/H
  238  236  232  228  228  229  231  231  234  234  235  235  235  232  229  225
  222  219  219  218  219  219  220  218  217  214  213  210  208  204  203  199
  198  197  197  196  194  192  189  185  180  177  172  171  167  168  166  169
  167  170  169  171  170  174  174  180  182  187  189  194  196  198  200  202
  206  211  215  219  220  224  225  239  238                                   
    60.0-180.0 180.0   5.0 450.0                            LAT/LON1/LON2/DLON/H
  246  243  240  236  235  235  236  235  238  236  238  236  238  233  233  228
  227  224  226  224  227  225  227  225  225  222  223  220  220  216  216  211
  209  204  204  199  198  193  190  183  179  172  169  164  162  160  159  158
  158  158  158  158  159  161  164  169  175  180  186  190  196  198  202  204
  210  214  222  223  229  229  233  245  246                                   
    57.5-180.0 180.0   5.0 450.0                            LAT/LON1/LON2/DLON/H
  252  251  249  244  243  241  242  241  241  238  237  235  235  231  230  227
  225  223  225  225  228  227  229  228  229  228  230  229  231  227  227  221
  217  212  208  203  199  194  189  183  176  172  164  162  156  155  151  151
  147  148  145  146  145  150  153  162  167  177  182  191  195  200  203  208
  212  219  225  230  234  237  240  254  252                                   
    55.0-180.0 180.0   5.0 450.0                            LAT/LON1/LON2/DLON/H
  262  259  260  255  258  255  254  251  249  244  241  237  235  230  230  225
  225  222  226  226  230  229  233  231  234  233  238  237  242  238  239  231
  228  219  216  206  203  196  192  184  179  171  166  160  156  152  149  145
  142  139  137  136  137  140  146  154  163  172  181  188  196  199  205  209
  217  221  231  233  241  241  245  259  262                                   
    52.5-180.0 180.0   5.0 450.0                            LAT/LON1/LON2/DLON/H
  267  268  270  266  270  269  267  262  257  251  245  240  235  231  227  223
  222  221  224  226  231  231  235  234  238  237  245  245  252  248  249  239
  234  224  219  210  204  198  192  187  180  175  167  163  156  154  148  144
  138  135  131  131  129  136  139  150  158  171  178  188  195  202  207  213
  220  228  235  241  248  250  253  270  267                                   
    50.0-180.0 180.0   5.0 450.0                            LAT/LON1/LON2/DLON/H
  278  275  280  279  287  286  287  281  274  267  257  251  245  237  232  226
  225  223  228  230  236  236  240  240  243  243  252  253  260  257  258  248
  242  229  224  213  208  200  197  190  186  178  174  167  163  157  153  145
  140  134  131  128  129  132  139  147  158  168  179  187  198  203  212  217
  228  233  245  248  259  256  262  277  278                                   
    47.5-180.0 180.0   5.0 450.0                            LAT/LON1/LON2/DLON/H
  284  283  288  290  299  304  307  302  293  284  273  264  256  247  239  230
  226  224  229  233  240  241  247  245  250  249  258  259  267  264  265  253
  246  232  225  215  209  203  199  195  189  185  178  174  167  163  156  150
  142  138  132  132  130  134  139  149  158  170  180  192  200  210  217  226
  234  244  253  260  267  267  271  287  284                                   
    45.0-180.0 180.0   5.0 450.0                            LAT/LON1/LON2/DLON/H
  296  290  298  301  315  321  327  324  316  308  293  285  274  263  253  241
  234  231  236  239  247  251  256  254  259  257  266  266  274  270  271  256
  249  234  229  218  215  209  206  201  197  191  187  181  177  169  165  156
  150  143  139  135  135  136  142  149  161  170  182  192  204  212  224  230
  245  251  266  268  279  273  282  296  296                                   
    42.5-180.0 180.0   5.0 450.0                            LAT/LON1/LON2/DLON/H
  302  299  305  311  324  336  344  344  337  328  314  305  293  280  269  254
  245  239  243  248  259  262  271  267  273  268  277  276  283  277  277  262
  255  240  236  227  224  219  216  212  205  201  195  191  185  180  174  167
  160  154  148  145  142  144  147  155  163  174  185  197  209  220  230  241
  252  263  275  281  290  288  292  307  302                                   
    40.0-180.0 180.0   5.0 450.0                            LAT/LON1/LON2/DLON/H
  314  309  315  322  335  348  357  362  356  354  339  332  317  305  289  273
  261  255  259  264  276  279  288  285  290  285  292  289  295  287  286  269
  263  250  248  239  240  232  231  223  220  212  207  201  197  189  185  176
  171  163  158  152  150  148  151  156  165  175  188  198  213  222  236  244
  260  268  284  289  301  295  305  318  314                                   
    37.5-180.0 180.0   5.0 450.0                            LAT/LON1/LON2/DLON/H
  325  325  328  334  347  360  371  377  377  376  367  359  344  330  312  294
  280  272  274  278  292  295  306  303  309  304  310  305  309  299  297  282
  278  264  265  257  259  250  247  239  234  226  220  214  208  200  195  188
  181  174  168  161  156  153  154  158  165  176  188  203  218  230  242  253
  265  276  289  298  310  309  314  328  325                                   
    35.0-180.0 180.0   5.0 450.0                            LAT/LON1/LON2/DLON/H
  343  342  348  351  365  376  388  396  400  404  396  393  376  363  342  324
  306  296  294  298  310  316  325  325  330  326  331  325  326  314  311  296
  295  284  286  276  275  264  262  251  247  236  234  224  220  209  204  195
  190  181  175  166  160  154  154  156  163  173  187  203  220  233  246  255
  268  277  292  301  316  317  326  337  343                                   
    32.5-180.0 180.0   5.0 450.0                            LAT/LON1/LON2/DLON/H
  358  363  367  374  385  395  409  418  426  428  425  421  406  395  372  354
  335  320  315  317  327  332  340  342  347  346  350  345  345  331  328  315
  316  306  309  297  296  281  277  264  258  249  244  235  229  218  213  204
  198  188  180  170  162  154  153  154  161  172  187  205  224  236  249  257
  269  279  293  305  321  327  335  347  358                                   
    30.0-180.0 180.0   5.0 450.0                            LAT/LON1/LON2/DLON/H
  374  379  388  393  409  414  430  438  450  454  451  449  434  425  402  384
  364  348  337  336  342  347  353  357  362  363  368  363  361  345  339  325
  327  318  320  309  305  291  285  270  264  253  249  238  233  221  215  204
  199  188  180  168  160  151  149  148  156  167  185  204  223  236  248  255
  267  276  291  303  323  333  345  357  374                                   
    27.5-180.0 180.0   5.0 450.0                            LAT/LON1/LON2/DLON/H
  383  394  405  417  429  438  450  460  471  476  477  473  463  453  434  417
  395  378  365  360  360  362  365  369  373  377  379  378  372  356  345  333
  333  326  325  313  307  291  283  267  261  250  246  234  229  217  211  200
  195  183  176  163  154  144  142  141  149  161  180  199  219  233  244  251
  261  272  287  303  323  339  350  366  383                                   
    25.0-180.0 180.0   5.0 450.0                            LAT/LON1/LON2/DLON/H
  394  405  421  433  451  458  473  482  493  502  504  504  495  492  475  460
  435  415  398  388  384  381  383  382  385  386  387  382  372  353  341  326
  324  316  314  301  291  275  262  250  246  236  233  222  216  204  198  186
  181  169  162  150  144  136  134  132  138  149  169  190  210  225  237  245
  256  266  284  300  323  340  356  372  394                                   
    22.5-180.0 180.0   5.0 450.0                            LAT/LON1/LON2/DLON/H
  392  410  430  448  464  479  492  504  516  524  527  526  524  520  514  499
  480  456  436  419  412  404  399  395  393  391  385  379  363  346  330  315
  306  295  289  271  260  241  233  221  220  212  211  200  196  183  178  166
  161  150  146  137  134  128  127  124  129  137  156  176  198  215  229  239
  252  264  281  298  321  340  356  374  392                                   
    20.0-180.0 180.0   5.0 450.0                            LAT/LON1/LON2/DLON/H
  396  408  433  449  471  486  507  521  535  545  547  549  547  551  547  541
  524  503  478  457  442  426  419  406  400  388  381  365  352  330  313  290
  277  260  250  231  217  200  192  185  187  184  185  177  173  162  156  145
  141  131  130  122  124  119  119  115  119  125  142  159  183  202  221  235
  252  265  282  298  320  337  356  373  396                                   
    17.5-180.0 180.0   5.0 450.0                            LAT/LON1/LON2/DLON/H
  390  404  427  447  466  486  506  526  541  554  558  561  560  565  567  566
  557  538  515  489  469  448  432  415  401  383  368  352  335  313  290  264
  244  223  208  192  175  159  154  150  156  155  159  151  148  137  133  123
  120  112  111  108  111  108  108  104  106  111  125  143  167  191  215  236
  256  270  287  300  319  335  351  369  390                                   
    15.0-180.0 180.0   5.0 450.0                            LAT/LON1/LON2/DLON/H
  390  398  417  433  451  468  494  514  535  550  558  563  564  572  576  581
  576  564  542  515  492  464  446  419  402  375  360  336  320  293  271  239
  216  190  177  158  144  129  127  126  134  135  139  133  131  122  119  111
  108  100  101   99  105  101  101   97   98  102  115  131  154  181  210  236
  260  278  293  303  320  333  350  366  390                                   
    12.5-180.0 180.0   5.0 450.0                            LAT/LON1/LON2/DLON/H
  383  391  404  419  432  450  470  493  514  533  543  552  556  566  572  583
  584  578  560  535  507  480  452  426  398  369  346  321  301  275  251  221
  198  178  165  148  134  121  117  118  126  126  128  121  120  113  111  105
  100   93   92   91   95   93   91   87   88   92  103  119  141  173  205  237
  263  283  297  306  319  332  347  365  383                                   
    10.0-180.0 180.0   5.0 450.0                            LAT/LON1/LON2/DLON/H
  385  389  398  406  416  426  445  464  488  506  521  532  541  553  563  576
  581  579  566  541  516  486  459  428  401  364  341  311  290  264  242  213
  192  175  163  150  138  127  125  125  130  129  129  122  121  115  114  106
  101   93   92   90   94   90   88   83   82   84   93  108  131  163  200  232
  263  284  299  308  323  335  351  367  385                                   
     7.5-180.0 180.0   5.0 450.0                            LAT/LON1/LON2/DLON/H
  389  398  400  406  408  416  428  445  463  482  496  510  520  534  544  559
  566  569  558  539  513  487  457  428  397  363  333  303  282  257  238  214
