data/unet/pred0440.15i
     1.0            IONOSPHERE MAPS     GNSS                IONEX VERSION / TYPE
pyspatialgeodesy        IME             05-JAN-18 20:20     PGM / RUN BY / DATE 
Map Name                                                    COMMENT             
Predicted global ionosphere maps (GIM).                     DESCRIPTION         
  2015     2    13     0     0     0                        EPOCH OF FIRST MAP  
  2015     2    14     0     0     0                        EPOCH OF LAST MAP   
  7200                                                      INTERVAL            
    13                                                      # OF MAPS IN FILE   
  NONE                                                      MAPPING FUNCTION    
10.0                                                        ELEVATION CUTOFF    
One-way carrier phase leveled to code                       OBSERVABLES USED    
  6371.0                                                    BASE RADIUS         
 2                                                          MAP DIMENSION       
   450.0 450.0   0.0                                        HGT1 / HGT2 / DHGT  
    87.5 -87.5  -2.5                                        LAT1 / LAT2 / DLAT  
  -180.0 180.0   5.0                                        LON1 / LON2 / DLON  
    -1                                                      EXPONENT            
                                                            END OF HEADER       
[from data line 4719]
    12                                                      START OF TEC MAP    
  2015     2    13    22     0     0                        EPOCH OF CURRENT MAP
    87.5-180.0 180.0   5.0 450.0                            LAT/LON1/LON2/DLON/H
  182  160  151  156  157  159  161  163  164  167  167  169  169  170  169  169
  167  167  165  165  163  163  161  160  158  157  155  153  151  149  147  145
  143  141  140  137  137  135  135  134  134  133  133  132  132  132  131  131
  132  132  132  132  133  133  134  134  136  135  137  135  138  137  139  138
  140  140  141  141  143  145  147  162  182                                   
    85.0-180.0 180.0   5.0 450.0                            LAT/LON1/LON2/DLON/H
  149  145  147  155  157  161  164  169  172  176  178  182  183  185  184  184
  182  181  178  177  174  172  169  168  166  164  161  158  156  152  150  145
  144  139  138  133  132  128  129  126  127  125  125  124  125  125  125  125
  126  126  126  127  127  128  127  128  127  128  126  127  126  127  126  127
  127  128  128  129  132  134  134  148  149                                   
    82.5-180.0 180.0   5.0 450.0                            LAT/LON1/LON2/DLON/H
  136  133  140  149  153  161  167  175  181  188  192  198  200  203  201  202
  198  198  192  190  185  183  177  175  170  168  162  160  154  152  147  143
  139  135  132  128  126  122  122  119  120  117  119  117  120  118  121  119
  123  121  124  122  126  123  126  123  126  122  123  120  121  117  118  115
  116  115  116  115  117  121  122  135  136                                   
    80.0-180.0 180.0   5.0 450.0                            LAT/LON1/LON2/DLON/H
  130  128  133  143  150  161  171  181  190  199  206  212  215  216  215  212
  208  202  198  190  185  177  173  167  164  158  156  150  148  142  140  135
  132  127  124  120  118  116  114  112  110  110  109  109  109  109  109  109
  112  111  114  113  117  115  117  115  116  113  113  110  110  106  105  103
  102  101  100  101  103  107  108  120  130                                   
    77.5-180.0 180.0   5.0 450.0                            LAT/LON1/LON2/DLON/H
  124  125  130  141  153  164  178  190  201  210  219  224  227  225  223  216
  209  200  192  183  174  166  160  155  149  145  141  139  136  133  131  128
  125  121  119  117  114  112  111  109  107  107  106  105  105  104  105  105
  106  107  108  109  109  110  109  109  108  108  106  104  102   99   96   94
   93   92   92   91   95   98  101  112  124                                   
    75.0-180.0 180.0   5.0 450.0                            LAT/LON1/LON2/DLON/H
  126  129  136  149  160  175  189  203  215  226  233  239  240  237  231  221
  209  197  185  172  162  152  147  139  135  129  127  124  121  118  116  115
  114  113  112  112  110  111  109  109  107  108  105  105  103  103  102  102
  103  104  105  106  106  106  105  105  103  101   99   97   95   93   90   90
   88   89   90   91   94   98  104  117  126                                   
    72.5-180.0 180.0   5.0 450.0                            LAT/LON1/LON2/DLON/H
  141  145  151  165  178  191  206  220  232  243  251  256  255  250  239  225
  208  192  177  162  149  140  133  127  122  118  115  113  110  109  107  108
  106  107  106  107  107  108  108  108  107  106  105  104  102  101   99   99
  100  101  102  102  101  100   99   97   95   93   91   89   87   85   84   84
   85   87   91   94  100  106  112  129  141                                   
    70.0-180.0 180.0   5.0 450.0                            LAT/LON1/LON2/DLON/H
  160  168  174  188  200  214  227  242  254  265  272  278  274  267  251  235
  213  196  176  163  148  137  131  123  120  113  110  105  100   97   93   93
   91   93   93   97   96  100   99  101  100  100  100   98   97   95   94   93
   93   93   94   93   93   91   90   87   86   82   81   79   79   78   78   80
   83   89   95  102  111  120  130  149  160                                   
    67.5-180.0 180.0   5.0 450.0                            LAT/LON1/LON2/DLON/H
  186  192  198  212  224  235  249  261  274  286  294  297  294  284  268  248
  225  203  182  166  154  142  134  129  122  116  109  102   95   89   84   81
   78   77   78   80   83   85   87   88   89   88   89   86   86   83   82   80
   80   79   79   78   79   77   76   75   73   70   69   68   69   69   71   75
   81   89   99  110  124  137  147  170  186                                   
    65.0-180.0 180.0   5.0 450.0                            LAT/LON1/LON2/DLON/H
  207  212  223  234  246  256  270  282  294  305  314  317  314  306  288  271
  245  226  199  183  166  158  149  140  134  123  115  103   94   83   78   71
   67   65   62   64   64   67   67   70   71   72   73   72   71   69   68   67
   65   66   65   66   65   65   63   62   60   58   57   57   57   60   62   69
   77   89  103  117  134  151  166  191  207                                   
    62.5-180.0 180.0   5.0 450.0                            LAT/LON1/LON2/DLON/H
  225  230  240  256  267  277  288  298  310  321  330  335  333  326  312  296
  274  253  227  207  189  176  168  157  145  132  118  105   92   80   72   64
   60   53   51   49   49   49   51   51   55   56   58   57   58   55   54   52
   52   52   52   53   53   54   53   53   52   51   49   49   50   52   56   64
   74   87  104  122  143  162  178  207  225                                   
    60.0-180.0 180.0   5.0 450.0                            LAT/LON1/LON2/DLON/H
  236  242  260  272  287  290  299  308  319  329  338  343  344  341  331  322
  301  287  259  244  219  205  187  176  162  144  128  110   97   82   74   62
   58   49   45   41   38   38   37   40   41   45   47   48   48   48   46   45
   43   45   42   47   44   49   46   50   48   49   44   47   45   50   52   62
   73   88  107  126  147  168  188  217  236                                   
    57.5-180.0 180.0   5.0 450.0                            LAT/LON1/LON2/DLON/H
  247  255  274  291  303  306  312  319  328  335  343  348  351  351  349  342
  332  316  295  278  256  237  214  197  178  159  139  119  104   91   81   70
   63   54   49   42   39   35   35   35   39   41   45   46   47   45   43   42
   40   41   39   42   42   46   48   51   53   53   52   51   51   53   58   65
   77   93  113  134  154  175  193  224  247                                   
    55.0-180.0 180.0   5.0 450.0                            LAT/LON1/LON2/DLON/H
  257  265  292  307  320  321  324  331  335  338  342  347  353  357  360  359
  353  344  324  312  286  267  240  218  192  172  151  132  118  105   98   84
   79   66   60   52   46   42   40   42   43   47   50   53   53   53   49   48
   43   46   42   47   44   52   52   59   59   63   60   62   59   63   66   74
   87  104  125  144  163  183  203  232  257                                   
    52.5-180.0 180.0   5.0 450.0                            LAT/LON1/LON2/DLON/H
  269  281  308  328  340  342  345  347  348  346  346  349  356  361  369  370
  371  360  347  329  310  288  264  236  211  187  168  150  135  126  118  106
   96   84   76   67   62   55   55   53   57   59   64   65   67   65   62   58
   55   54   52   53   53   56   61   66   71   73   73   73   74   76   81   89
  103  122  144  164  180  197  212  245  269                                   
    50.0-180.0 180.0   5.0 450.0                            LAT/LON1/LON2/DLON/H
  284  297  327  343  357  363  366  368  363  356  350  350  354  360  371  374
  377  369  354  341  320  301  277  252  226  203  182  167  153  142  134  120
  111   97   89   82   76   72   69   70   71   75   79   83   84   83   79   76
   70   69   65   67   64   69   70   78   81   86   86   87   87   91   97  106
  122  143  167  186  202  219  234  264  284                                   
    47.5-180.0 180.0   5.0 450.0                            LAT/LON1/LON2/DLON/H
  299  318  342  360  375  385  391  391  385  375  365  359  360  364  373  376
  380  368  359  342  327  307  289  264  244  220  201  184  169  158  145  132
  117  106   98   91   89   84   85   83   87   89   96   98  101   99   97   91
   87   83   81   79   78   78   82   86   93   95   97   98  100  105  112  123
  142  167  191  212  228  243  255  286  299                                   
    45.0-180.0 180.0   5.0 450.0                            LAT/LON1/LON2/DLON/H
  315  334  353  372  390  402  408  409  403  392  377  369  364  367  373  376
  378  369  358  347  331  317  299  279  259  236  213  193  176  161  147  128
  115  102   97   95   94   93   92   93   94   99  104  108  111  110  109  104
  100   97   94   92   89   88   88   92   97   99  101  103  107  112  123  135
  158  183  211  233  252  266  280  308  315                                   
    42.5-180.0 180.0   5.0 450.0                            LAT/LON1/LON2/DLON/H
  326  346  360  380  397  411  420  424  420  411  396  383  375  371  373  372
  374  364  357  346  337  325  313  294  275  250  225  200  179  160  139  120
  103   95   92   92   97   96   98   96   99  102  110  114  119  118  116  111
  109  104  103   98   96   92   93   93   98   99  102  103  108  115  128  144
  167  194  222  246  267  283  298  326  326                                   
    40.0-180.0 180.0   5.0 450.0                            LAT/LON1/LON2/DLON/H
  335  353  365  383  399  412  420  427  428  424  408  397  383  379  374  373
  373  367  361  357  350  344  329  311  287  260  229  202  176  153  131  108
   96   88   90   94  100  102  102  102  101  105  110  115  119  119  118  116
  113  112  108  106  101   97   95   95   98   99  100  102  107  115  128  146
  170  197  225  250  272  291  309  336  335                                   
    37.5-180.0 180.0   5.0 450.0                            LAT/LON1/LON2/DLON/H
  338  357  366  384  395  407  416  425  431  431  420  410  396  389  381  375
  374  369  368  366  367  360  347  324  297  265  232  202  174  151  128  111
  101   99  103  108  114  114  114  109  108  108  113  116  118  117  115  113
  111  109  109  105  101   97   96   96   97   99   99  102  106  113  127  146
  169  195  221  246  269  292  314  345  338                                   
    35.0-180.0 180.0   5.0 450.0                            LAT/LON1/LON2/DLON/H
  348  367  377  388  396  401  408  415  426  430  425  421  408  403  391  389
  386  386  386  390  390  385  367  341  306  270  233  203  177  159  144  131
  131  128  135  136  140  138  134  129  123  121  120  122  119  118  114  114
  113  113  113  110  106  104  103  103  103  103  102  104  106  115  129  149
  172  196  219  237  261  286  314  346  348                                   
    32.5-180.0 180.0   5.0 450.0                            LAT/LON1/LON2/DLON/H
  359  383  389  398  399  401  403  410  420  428  427  427  418  413  402  399
  396  400  403  408  410  402  382  350  313  276  242  216  196  186  181  178
  183  182  184  178  176  168  166  157  152  147  144  139  134  127  120  118
  117  117  117  114  111  109  109  109  111  111  109  108  110  119  133  156
  178  200  219  235  253  284  318  355  359                                   
    30.0-180.0 180.0   5.0 450.0                            LAT/LON1/LON2/DLON/H
  378  404  411  414  412  405  404  407  415  424  425  428  422  417  404  403
  401  408  413  422  422  412  389  356  319  286  259  243  232  233  235  251
  257  266  260  249  234  218  201  189  181  180  173  166  154  142  130  125
  123  122  122  120  120  120  118  121  122  121  118  116  119  127  146  171
  195  215  231  242  258  288  328  368  378                                   
    27.5-180.0 180.0   5.0 450.0                            LAT/LON1/LON2/DLON/H
  402  429  435  441  437  430  426  425  427  435  436  439  431  425  411  408
  404  414  418  427  424  412  388  359  329  307  291  290  297  318  342  364
  376  375  363  341  309  279  249  231  218  213  205  194  179  164  149  141
  136  133  132  130  130  128  126  126  129  128  129  126  130  142  164  195
  223  245  257  269  279  312  351  393  402                                   
    25.0-180.0 180.0   5.0 450.0                            LAT/LON1/LON2/DLON/H
  435  463  474  479  479  472  464  460  457  457  455  457  446  437  421  414
  407  413  418  424  418  401  380  360  347  340  343  356  386  415  437  457
  468  470  440  411  367  331  294  275  259  255  247  238  218  201  182  174
  165  161  153  150  147  146  142  142  142  140  135  134  134  148  173  207
  240  268  291  304  320  351  389  423  435                                   
    22.5-180.0 180.0   5.0 450.0                            LAT/LON1/LON2/DLON/H
  472  501  516  532  535  531  522  515  508  503  495  493  477  464  443  432
  418  423  418  421  407  394  377  373  377  393  418  452  489  519  546  565
  570  558  507  452  390  350  315  304  296  295  285  271  251  230  211  195
  185  173  165  159  155  156  153  154  153  153  154  153  157  164  194  228
  268  301  327  350  369  405  430  460  472                                   
    20.0-180.0 180.0   5.0 450.0                            LAT/LON1/LON2/DLON/H
  506  539  565  587  600  600  590  582  571  564  550  541  523  506  479  461
  441  434  423  415  398  386  383  393  421  453  499  536  569  588  601  614
  604  586  527  461  388  345  315  308  306  309  299  287  267  250  230  216
  201  187  177  168  165  159  158  153  156  150  149  151  163  178  212  253
  296  332  361  385  411  445  476  498  506                                   
    17.5-180.0 180.0   5.0 450.0                            LAT/LON1/LON2/DLON/H
  539  585  615  651  668  674  666  655  643  634  618  607  587  567  535  512
  484  468  443  428  405  401  411  442  492  540  585  612  625  627  624  618
  594  562  495  426  361  327  300  298  297  299  291  284  271  256  244  230
  218  204  192  183  175  169  161  157  152  152  150  156  169  189  229  269
  318  355  385  415  442  478  507  531  539                                   
    15.0-180.0 180.0   5.0 450.0                            LAT/LON1/LON2/DLON/H
  566  618  652  693  720  733  728  724  710  701  686  679  657  636  605  578
  549  521  492  459  438  434  461  505  569  614  642  647  634  614  588  558
  526  483  419  365  320  291  274  271  271  275  271  269  263  255  248  239
  228  217  204  197  182  174  160  154  148  153  153  156  168  195  234  281
  330  369  401  433  465  502  536  555  566                                   
    12.5-180.0 180.0   5.0 450.0                            LAT/LON1/LON2/DLON/H
  578  635  674  720  748  770  776  776  769  761  749  745  727  706  677  649
  619  591  558  524  500  504  537  587  641  667  675  658  617  569  517  474
  428  387  337  306  278  256  244  243  242  244  241  242  243  241  240  237
  233  226  216  208  191  182  163  158  147  151  153  160  174  200  240  290
  334  373  402  438  471  510  547  565  578                                   
    10.0-180.0 180.0   5.0 450.0                            LAT/LON1/LON2/DLON/H
  582  643  677  724  757  783  793  803  801  799  795  798  785  768  743  719
  694  665  631  596  574  580  612  656  692  703  686  635  566  495  426  375
  329  298  275  262  251  242  236  235  230  227  223  224  225  226  229  234
  232  232  220  212  193  178  162  156  152  154  161  168  181  208  247  295
  336  373  403  441  475  516  556  570  582                                   
     7.5-180.0 180.0   5.0 450.0                            LAT/LON1/LON2/DLON/H
  577  637  675  718  748  773  786  797  804  808  812  825  818  809  789  769
  747  721  698  667  650  653  684  709  731  718  673  597  508  424  351  301
