data/unet/pred1950.15i
     1.0            IONOSPHERE MAPS     GNSS                IONEX VERSION / TYPE
pyspatialgeodesy        IME             05-JAN-18 20:20     PGM / RUN BY / DATE 
Map Name                                                    COMMENT             
Predicted global ionosphere maps (GIM).                     DESCRIPTION         
  2015     7    14     0     0     0                        EPOCH OF FIRST MAP  
  2015     7    15     0     0     0                        EPOCH OF LAST MAP   
  7200                                                      INTERVAL            
    13                                                      # OF MAPS IN FILE   
  NONE                                                      MAPPING FUNCTION    
10.0                                                        ELEVATION CUTOFF    
One-way carrier phase leveled to code                       OBSERVABLES USED    
  6371.0                                                    BASE RADIUS         
 2                                                          MAP DIMENSION       
   450.0 450.0   0.0                                        HGT1 / HGT2 / DHGT  
    87.5 -87.5  -2.5                                        LAT1 / LAT2 / DLAT  
  -180.0 180.0   5.0                                        LON1 / LON2 / DLON  
    -1                                                      EXPONENT            
                                                            END OF HEADER       
[from data line 4719]
    12                                                      START OF TEC MAP    
  2015     7    14    22     0     0                        EPOCH OF CURRENT MAP
    87.5-180.0 180.0   5.0 450.0                            LAT/LON1/LON2/DLON/H
  190  150  141  142  142  139  141  139  140  138  139  137  138  136  137  136
  137  135  136  135  136  134  135  133  134  132  133  130  131  129  130  127
  128  126  127  125  126  124  125  124  125  123  125  123  125  124  125  125
  126  126  127  127  129  128  130  130  131  131  133  133  135  134  136  135
  137  137  139  138  139  140  144  173  190                                   
    85.0-180.0 180.0   5.0 450.0                            LAT/LON1/LON2/DLON/H
  142  141  144  148  147  147  147  148  147  147  147  147  146  146  145  145
  144  143  142  143  141  141  140  139  137  136  135  133  131  129  128  127
  125  124  123  122  122  121  120  120  119  119  119  119  119  119  120  120
  122  122  123  124  126  126  128  128  130  130  132  133  134  134  136  136
  137  138  138  141  141  143  143  158  142                                   
    82.5-180.0 180.0   5.0 450.0                            LAT/LON1/LON2/DLON/H
  133  142  147  152  151  151  152  153  152  152  153  153  152  151  152  151
  151  150  150  149  149  147  147  144  143  140  139  137  135  132  131  129
  127  124  125  123  122  120  121  120  120  119  120  120  121  121  123  124
  125  125  127  129  130  130  132  134  135  135  137  138  138  139  140  140
  141  141  143  142  143  143  146  150  133                                   
    80.0-180.0 180.0   5.0 450.0                            LAT/LON1/LON2/DLON/H
  135  143  146  150  149  149  151  152  153  153  154  154  155  154  155  155
  155  154  154  153  153  150  149  147  145  143  141  138  136  133  132  128
  127  123  123  121  120  118  118  117  117  116  117  118  119  120  121  123
  124  125  127  129  129  131  132  134  134  135  135  137  136  137  137  138
  138  138  139  139  140  144  142  143  135                                   
    77.5-180.0 180.0   5.0 450.0                            LAT/LON1/LON2/DLON/H
  130  142  143  147  149  149  152  153  156  155  158  157  160  159  162  160
  162  160  161  158  159  155  155  152  151  147  146  143  141  138  136  132
  130  127  126  124  122  121  121  119  119  118  119  120  121  122  125  126
  128  129  132  132  134  134  136  136  137  136  137  136  137  136  138  137
  137  137  138  137  138  139  140  135  130                                   
    75.0-180.0 180.0   5.0 450.0                            LAT/LON1/LON2/DLON/H
  127  138  139  146  146  149  150  154  155  158  159  162  162  164  165  166
  165  165  164  164  162  160  158  156  153  151  148  146  143  141  139  137
  133  132  129  128  124  124  121  121  119  120  119  121  121  124  125  128
  129  132  132  135  134  137  135  137  135  137  135  137  135  136  135  136
  135  136  135  136  135  138  137  135  127                                   
    72.5-180.0 180.0   5.0 450.0                            LAT/LON1/LON2/DLON/H
  124  136  137  144  146  147  152  154  159  160  165  166  169  169  171  170
  171  168  169  165  165  161  160  156  155  150  149  146  144  142  141  137
  136  133  132  129  127  125  123  121  120  118  119  118  120  122  125  126
  129  130  133  133  135  135  136  135  136  134  136  134  135  134  135  134
  135  134  136  135  136  136  135  131  124                                   
    70.0-180.0 180.0   5.0 450.0                            LAT/LON1/LON2/DLON/H
  123  137  137  144  145  149  152  157  160  165  168  173  174  176  176  177
  175  174  171  170  167  164  160  158  153  150  146  144  142  141  138  138
  135  134  131  131  127  126  122  121  117  117  115  117  117  120  120  125
  125  130  129  133  132  134  132  135  133  135  133  135  133  135  134  136
  135  136  135  137  136  138  135  134  123                                   
    67.5-180.0 180.0   5.0 450.0                            LAT/LON1/LON2/DLON/H
  125  139  139  145  148  149  154  159  165  168  174  177  182  181  184  182
  182  178  177  172  170  164  162  155  152  146  145  141  141  138  138  136
  136  133  132  129  127  123  121  118  116  112  112  111  113  113  117  118
  122  122  126  126  128  128  130  130  132  131  134  133  135  134  137  136
  138  137  139  139  141  139  136  131  125                                   
    65.0-180.0 180.0   5.0 450.0                            LAT/LON1/LON2/DLON/H
  127  142  142  149  149  152  156  162  167  172  177  183  186  189  189  190
  187  184  180  177  172  168  162  157  151  147  142  142  139  140  137  138
  135  135  131  130  125  124  118  117  112  112  108  110  107  110  109  114
  113  117  116  120  120  123  123  127  128  131  132  135  136  138  139  141
  141  143  142  144  144  144  140  138  127                                   
    62.5-180.0 180.0   5.0 450.0                            LAT/LON1/LON2/DLON/H
  133  146  146  151  153  154  159  164  170  174  180  185  190  192  195  193
  193  187  185  179  176  169  165  158  154  147  146  141  142  140  141  139
  138  134  133  128  126  121  119  114  112  107  107  103  105  102  106  104
  108  107  109  109  113  113  118  120  125  128  133  135  139  140  144  143
  146  145  147  147  149  147  145  140  133                                   
    60.0-180.0 180.0   5.0 450.0                            LAT/LON1/LON2/DLON/H
  137  151  151  157  156  158  161  166  169  174  179  186  190  195  195  197
  194  191  186  184  179  175  169  164  157  154  149  148  146  148  146  146
  142  140  135  133  127  125  120  118  113  110  105  105  102  103  100  102
  100  101  100  102  103  106  109  116  120  127  131  136  139  142  145  147
  148  150  150  152  151  152  148  148  137                                   
    57.5-180.0 180.0   5.0 450.0                            LAT/LON1/LON2/DLON/H
  145  156  156  162  162  162  165  167  171  173  179  183  189  191  195  193
  194  189  188  183  182  177  174  168  165  159  158  155  157  155  156  153
  151  145  142  136  133  127  126  120  118  112  111  105  105  101  102   98
   99   95   96   93   97   97  105  109  118  124  132  136  143  144  149  149
  153  152  154  154  157  155  153  151  145                                   
    55.0-180.0 180.0   5.0 450.0                            LAT/LON1/LON2/DLON/H
  151  162  162  168  168  168  169  171  172  174  176  182  185  189  190  191
  189  187  185  185  184  182  179  175  172  168  166  166  166  166  165  163
  158  153  146  142  137  134  130  127  122  118  114  111  108  106  102  101
   96   94   91   90   90   94   98  107  113  124  131  138  144  148  152  153
  155  156  157  158  160  160  159  160  151                                   
    52.5-180.0 180.0   5.0 450.0                            LAT/LON1/LON2/DLON/H
  160  168  168  175  176  175  177  177  178  177  179  180  183  184  186  184
  184  181  182  181  184  183  184  180  181  177  178  176  179  177  178  172
  168  159  155  148  145  140  140  134  133  127  125  120  118  113  110  104
  101   95   93   87   89   89   96  102  114  122  133  140  148  152  158  158
  162  161  164  164  167  166  164  165  160                                   
    50.0-180.0 180.0   5.0 450.0                            LAT/LON1/LON2/DLON/H
  168  174  176  183  183  185  186  188  187  185  183  184  183  182  182  182
  179  178  178  181  184  185  187  187  188  186  187  188  190  189  186  181
  175  166  159  154  151  148  147  143  142  137  134  129  127  122  116  111
  104   99   92   89   87   89   94  104  113  126  135  145  153  159  165  166
  170  171  172  173  174  175  171  175  168                                   
    47.5-180.0 180.0   5.0 450.0                            LAT/LON1/LON2/DLON/H
  177  181  184  191  193  196  200  201  201  196  194  191  188  184  183  178
  177  175  177  178  184  186  191  191  195  194  197  197  200  198  197  189
  183  174  168  162  161  158  158  155  154  150  147  142  139  133  127  119
  113  105  101   93   93   91   98  105  117  127  141  150  160  167  173  177
  181  184  184  182  184  182  177  182  177                                   
    45.0-180.0 180.0   5.0 450.0                            LAT/LON1/LON2/DLON/H
  185  186  191  200  202  208  212  217  216  214  208  205  199  194  188  185
  179  178  177  182  186  190  195  198  202  202  203  205  207  205  201  194
  188  179  174  169  169  167  167  166  165  161  158  154  151  144  137  129
  122  114  107  102   98   98  101  111  120  134  146  159  169  178  187  190
  196  195  194  192  192  191  188  195  185                                   
    42.5-180.0 180.0   5.0 450.0                            LAT/LON1/LON2/DLON/H
  194  193  198  205  212  218  225  230  232  229  227  220  215  207  201  193
  189  183  185  186  191  194  200  202  208  207  211  210  213  210  208  200
  194  187  184  180  181  179  180  177  178  175  172  167  164  156  149  140
  133  126  120  112  109  106  111  115  127  138  153  165  179  189  198  203
  208  208  207  204  203  202  198  207  194                                   
    40.0-180.0 180.0   5.0 450.0                            LAT/LON1/LON2/DLON/H
  203  200  205  213  219  228  234  243  245  246  243  241  234  227  216  210
  201  195  193  196  199  202  207  211  214  215  216  218  218  215  211  206
  201  196  194  192  194  191  192  190  190  189  189  186  182  173  164  154
  147  139  132  125  120  117  117  123  132  145  159  175  190  202  214  218
  223  221  219  217  214  213  212  220  203                                   
    37.5-180.0 180.0   5.0 450.0                            LAT/LON1/LON2/DLON/H
  215  209  215  222  228  236  243  250  256  257  258  255  253  243  236  225
  217  208  206  204  208  210  216  217  223  222  226  224  226  221  219  212
  212  208  209  207  209  207  206  206  207  208  208  205  201  190  180  168
  159  150  143  135  131  126  127  128  138  148  164  179  196  210  222  226
  233  231  230  227  224  222  222  232  215                                   
    35.0-180.0 180.0   5.0 450.0                            LAT/LON1/LON2/DLON/H
  227  222  227  236  242  251  255  265  266  273  272  275  270  265  252  244
  232  224  218  217  218  220  223  228  230  234  234  236  234  231  226  222
  222  220  223  224  225  225  223  223  224  227  229  228  223  212  201  185
  174  163  154  146  139  134  132  134  140  152  166  183  202  217  231  235
  241  239  237  236  232  233  237  247  227                                   
    32.5-180.0 180.0   5.0 450.0                            LAT/LON1/LON2/DLON/H
  243  239  246  254  261  266  271  277  281  285  289  291  290  282  273  258
  250  236  233  226  230  230  236  238  245  247  250  248  249  242  239  233
  236  235  240  242  243  243  240  243  244  248  249  247  241  228  213  197
  183  171  160  149  143  136  135  133  139  148  163  179  199  216  230  235
  241  241  240  239  237  240  246  260  243                                   
    30.0-180.0 180.0   5.0 450.0                            LAT/LON1/LON2/DLON/H
  260  260  268  279  285  291  291  298  299  305  305  311  309  304  290  278
  262  250  241  237  238  240  243  250  254  259  259  261  258  251  247  242
  246  246  251  251  254  253  253  257  259  265  266  264  255  241  226  207
  193  178  165  154  145  138  135  134  137  146  157  175  194  211  226  233
  239  242  240  243  242  248  258  274  260                                   
    27.5-180.0 180.0   5.0 450.0                            LAT/LON1/LON2/DLON/H
  280  282  295  305  311  314  316  318  322  323  325  328  331  324  314  296
  282  263  256  247  251  250  257  260  269  270  274  271  272  261  259  251
  253  251  253  254  253  256  255  262  268  275  276  271  260  243  224  206
  188  174  159  147  138  130  128  125  129  136  149  165  187  204  220  227
  235  237  241  244  247  256  265  285  280                                   
    25.0-180.0 180.0   5.0 450.0                            LAT/LON1/LON2/DLON/H
  296  303  316  332  341  345  343  346  347  348  347  352  354  351  338  323
  303  284  270  260  259  258  261  268  273  279  280  281  279  272  265  255
  253  248  248  246  245  245  247  255  263  272  273  269  255  238  219  201
  184  167  152  140  130  124  120  118  120  127  138  155  175  194  211  221
  230  236  240  249  253  265  281  300  296                                   
    22.5-180.0 180.0   5.0 450.0                            LAT/LON1/LON2/DLON/H
  312  320  336  352  365  368  369  369  373  373  375  377  383  379  371  352
  335  310  298  281  279  269  272  272  281  283  288  285  286  274  266  249
  243  235  230  226  221  221  218  228  236  248  248  246  232  216  197  180
  162  148  132  122  115  111  108  105  107  112  125  140  162  183  204  218
  231  238  246  254  262  277  290  311  312                                   
    20.0-180.0 180.0   5.0 450.0                            LAT/LON1/LON2/DLON/H
  324  333  347  365  380  387  387  391  396  400  404  411  417  415  406  390
  368  345  324  307  297  285  281  280  283  286  287  286  284  270  254  233
  223  208  204  195  191  183  183  190  201  213  216  215  204  188  171  156
  141  126  115  106  103  100   99   96   96  102  112  129  150  174  198  218
  234  246  255  266  274  286  303  321  324                                   
    17.5-180.0 180.0   5.0 450.0                            LAT/LON1/LON2/DLON/H
  330  340  353  370  384  392  397  404  414  421  431  439  450  450  445  428
  409  384  360  336  323  302  297  287  290  285  288  282  279  259  241  215
  201  183  176  165  153  145  142  148  158  169  172  172  160  148  133  123
  112  103   94   89   89   88   88   85   84   88   99  115  138  166  196  221
  241  257  270  279  290  298  311  330  330                                   
    15.0-180.0 180.0   5.0 450.0                            LAT/LON1/LON2/DLON/H
  333  340  350  367  383  393  399  410  422  435  448  462  473  478  474  463
  445  423  394  369  344  323  309  298  294  289  287  279  270  247  226  196
  181  159  155  139  128  116  114  117  126  135  138  136  126  116  107   99
   92   85   81   78   80   79   81   78   76   80   90  107  130  160  195  225
  249  269  285  295  306  312  323  339  333                                   
    12.5-180.0 180.0   5.0 450.0                            LAT/LON1/LON2/DLON/H
  335  341  349  366  378  387  395  408  423  440  456  472  486  493  495  488
  476  455  428  401  371  339  323  306  302  290  288  273  264  238  217  188
  172  153  144  128  112   99   95   96  104  110  113  111  103   97   90   86
   80   75   71   71   73   74   75   72   69   70   79   96  121  153  191  226
  252  275  295  307  320  325  332  350  335                                   
    10.0-180.0 180.0   5.0 450.0                            LAT/LON1/LON2/DLON/H
  339  344  350  361  374  381  389  401  416  437  454  471  485  494  499  496
  491  471  447  419  385  352  329  313  306  293  286  268  256  230  210  181
  171  151  146  129  117  103   98   96   99  101  102   98   94   88   84   79
   75   70   68   68   73   73   74   70   66   67   74   91  117  149  189  225
  254  279  302  315  329  335  342  359  339                                   
     7.5-180.0 180.0   5.0 450.0                            LAT/LON1/LON2/DLON/H
  350  357  358  368  374  380  384  396  412  433  450  466  479  487  495  495
  498  482  464  431  402  364  336  316  307  292  283  264  252  231  213  191
