data/unet/pred0220.15i
     1.0            IONOSPHERE MAPS     GNSS                IONEX VERSION / TYPE
pyspatialgeodesy        IME             05-JAN-18 20:20     PGM / RUN BY / DATE 
Map Name                                                    COMMENT             
Predicted global ionosphere maps (GIM).                     DESCRIPTION         
  2015     1    22     0     0     0                        EPOCH OF FIRST MAP  
  2015     1    23     0     0     0                        EPOCH OF LAST MAP   
  7200                                                      INTERVAL            
    13                                                      # OF MAPS IN FILE   
  NONE                                                      MAPPING FUNCTION    
10.0                                                        ELEVATION CUTOFF    
One-way carrier phase leveled to code                       OBSERVABLES USED    
  6371.0                                                    BASE RADIUS         
 2                                                          MAP DIMENSION       
   450.0 450.0   0.0                                        HGT1 / HGT2 / DHGT  
    87.5 -87.5  -2.5                                        LAT1 / LAT2 / DLAT  
  -180.0 180.0   5.0                                        LON1 / LON2 / DLON  
    -1                                                      EXPONENT            
                                                            END OF HEADER       
[from data line 429]
     2                                                      START OF TEC MAP    
  2015     1    22     2     0     0                        EPOCH OF CURRENT MAP
    87.5-180.0 180.0   5.0 450.0                            LAT/LON1/LON2/DLON/H
  103   96   85   79   79   73   75   71   75   70   73   68   73   68   72   68
   73   68   73   68   74   69   73   68   73   68   73   69   74   70   74   71
   77   74   79   77   82   80   84   83   87   85   87   86   89   86   88   86
   88   86   88   86   87   85   86   85   86   85   85   85   86   85   85   85
   86   86   86   87   91   88   97  118  103                                   
    85.0-180.0 180.0   5.0 450.0                            LAT/LON1/LON2/DLON/H
   97  104   85   86   83   83   79   80   78   78   76   76   76   75   76   75
   76   74   75   75   75   74   73   72   71   70   69   69   69   68   69   70
   72   72   75   76   80   80   84   83   88   87   90   89   92   90   92   90
   92   89   91   89   90   88   88   87   89   87   88   87   90   89   90   90
   92   92   92   93   92   90   94  114   97                                   
    82.5-180.0 180.0   5.0 450.0                            LAT/LON1/LON2/DLON/H
  100   99   89   91   84   82   79   80   78   78   77   79   78   81   79   83
   80   83   81   83   80   80   76   75   71   70   66   67   64   65   63   66
   66   69   71   74   77   80   82   85   88   90   92   93   95   93   94   92
   93   89   90   87   87   84   85   83   84   83   84   85   87   88   90   92
   94   95   96   97   97   93  106  113  100                                   
    80.0-180.0 180.0   5.0 450.0                            LAT/LON1/LON2/DLON/H
  107  103   98   92   94   88   89   85   87   85   87   86   89   89   91   90
   93   90   92   87   88   81   81   74   73   67   66   63   62   60   62   61
   65   65   71   72   79   79   87   87   94   92   98   95   99   94   96   90
   92   85   87   81   83   77   80   76   81   77   83   81   89   88   96   95
  103  101  107  104  106  102  107  116  107                                   
    77.5-180.0 180.0   5.0 450.0                            LAT/LON1/LON2/DLON/H
  120  118  108  107   99   94   92   91   91   91   92   94   95   98   99  101
  100  101   99   99   94   92   85   83   75   73   65   66   59   62   58   62
   60   66   66   74   75   83   85   92   93   98   97  100   95   95   90   87
   82   79   75   72   69   67   67   67   68   69   74   77   83   88   96  101
  108  111  117  117  119  114  119  120  120                                   
    75.0-180.0 180.0   5.0 450.0                            LAT/LON1/LON2/DLON/H
  125  118  111  106  100   93   90   87   88   88   90   92   92   96   96   99
   98  101   99  100   95   93   88   84   77   74   68   67   62   62   60   62
   61   64   67   71   75   79   83   87   90   92   93   93   91   87   83   79
   74   69   65   62   59   58   58   59   61   64   70   74   81   87   97  104
  113  117  124  126  128  126  127  129  125                                   
    72.5-180.0 180.0   5.0 450.0                            LAT/LON1/LON2/DLON/H
  139  130  123  116  105   97   94   91   91   90   92   92   93   93   95   94
   95   94   96   94   93   89   87   82   78   74   70   67   62   61   59   59
   59   60   62   65   68   71   75   78   80   82   82   81   79   75   71   66
   61   56   53   49   49   47   51   51   56   59   68   72   83   90  102  109
  119  124  132  135  143  142  145  142  139                                   
    70.0-180.0 180.0   5.0 450.0                            LAT/LON1/LON2/DLON/H
  152  138  128  124  114  104  100   94   94   90   91   88   89   87   87   85
   84   85   86   86   85   84   82   82   78   77   73   71   68   66   63   62
   61   61   61   61   63   64   67   68   70   71   71   71   68   66   61   57
   52   49   46   46   45   48   50   55   60   68   75   84   93  102  112  120
  130  135  143  149  154  156  154  152  152                                   
    67.5-180.0 180.0   5.0 450.0                            LAT/LON1/LON2/DLON/H
  165  151  143  134  121  111  103   98   94   91   87   84   81   78   75   71
   70   69   73   71   74   72   75   73   75   72   73   69   68   66   65   63
   62   60   60   57   57   56   57   57   58   58   59   58   56   53   50   46
   44   41   42   40   45   47   54   60   69   78   88   97  106  114  122  128
  138  142  151  157  164  166  167  160  165                                   
    65.0-180.0 180.0   5.0 450.0                            LAT/LON1/LON2/DLON/H
  181  165  153  149  138  127  117  110  104   98   92   85   79   72   67   62
   62   60   65   64   68   67   70   69   72   71   72   70   70   67   66   63
   61   58   56   53   51   50   49   50   50   52   51   52   49   49   46   44
   42   42   41   44   47   56   64   75   85   97  106  116  124  131  136  142
  148  154  160  166  172  174  176  169  181                                   
    62.5-180.0 180.0   5.0 450.0                            LAT/LON1/LON2/DLON/H
  193  180  173  162  150  141  129  123  114  108   96   88   77   68   60   53
   50   50   53   53   57   57   61   59   64   61   66   62   65   61   62   58
   58   54   53   49   47   44   44   43   44   45   46   46   46   45   43   41
   41   40   42   46   53   64   76   91  103  117  126  135  142  147  151  155
  160  161  168  173  178  184  186  177  193                                   
    60.0-180.0 180.0   5.0 450.0                            LAT/LON1/LON2/DLON/H
  206  193  181  176  165  154  145  135  127  116  104   93   79   69   59   54
   51   52   55   56   58   58   60   58   61   58   61   59   59   57   56   55
   53   52   49   48   44   44   42   44   43   46   47   48   49   48   48   46
   45   45   47   52   61   75   90  106  121  133  143  151  160  164  168  170
  172  173  176  178  181  188  194  187  206                                   
    57.5-180.0 180.0   5.0 450.0                            LAT/LON1/LON2/DLON/H
  221  213  198  186  177  166  155  145  135  124  111   99   84   73   64   57
   56   54   58   56   60   56   59   53   58   52   57   50   55   49   51   48
   49   47   49   47   48   46   47   47   49   50   51   52   53   53   51   51
   48   49   51   59   68   84  100  118  132  145  154  166  174  179  184  184
  186  182  186  185  188  196  202  193  221                                   
    55.0-180.0 180.0   5.0 450.0                            LAT/LON1/LON2/DLON/H
  233  221  209  198  189  174  164  152  142  129  117  105   92   82   73   69
   66   66   66   65   64   62   61   57   59   55   57   52   52   49   48   47
   47   50   51   54   54   56   55   57   57   59   59   60   63   62   62   58
   58   56   59   65   77   93  112  128  146  157  170  181  192  198  203  205
  203  201  198  198  196  203  209  202  233                                   
    52.5-180.0 180.0   5.0 450.0                            LAT/LON1/LON2/DLON/H
  245  235  220  207  197  182  172  159  149  135  123  110   99   89   83   77
   76   72   72   68   68   63   64   59   62   58   61   55   57   52   52   50
   53   56   61   64   68   69   69   69   69   68   67   68   69   70   68   67
   65   65   67   73   83  101  117  137  151  167  179  193  205  212  219  218
  218  214  213  210  209  214  218  209  245                                   
    50.0-180.0 180.0   5.0 450.0                            LAT/LON1/LON2/DLON/H
  256  244  231  218  209  190  180  163  154  139  127  116  106   99   92   89
   85   82   78   73   70   66   66   63   67   64   67   62   64   58   60   56
   62   64   72   76   81   82   82   81   81   78   79   77   81   79   81   77
   78   74   77   83   96  113  131  148  167  179  191  202  216  224  229  231
  228  225  221  219  215  217  220  212  256                                   
    47.5-180.0 180.0   5.0 450.0                            LAT/LON1/LON2/DLON/H
  265  254  239  227  217  196  187  169  160  143  133  120  113  105  100   94
   92   84   80   73   73   69   73   72   77   76   80   76   77   72   71   71
   74   80   86   93   98   99   97   95   92   89   87   87   88   89   89   89
   88   88   89   95  106  124  139  160  174  189  198  210  222  229  235  233
  232  228  227  222  219  219  220  211  265                                   
    45.0-180.0 180.0   5.0 450.0                            LAT/LON1/LON2/DLON/H
  273  262  252  242  232  210  199  178  167  149  138  125  118  111  107  101
   95   87   82   76   76   76   81   84   89   90   93   90   92   85   88   82
   89   90   98  103  108  107  107  102  102   97   97   95   99   97  101   99
  100   98  102  111  123  138  156  172  188  196  204  212  223  229  232  231
  228  225  223  220  216  215  217  209  273                                   
    42.5-180.0 180.0   5.0 450.0                            LAT/LON1/LON2/DLON/H
  274  263  256  252  245  223  210  190  178  157  146  132  126  119  115  108
  101   93   88   84   88   90   98  102  107  108  108  106  104  101   97   97
   97  103  107  114  117  116  113  108  106  102  101  101  103  105  107  109
  109  111  115  124  135  153  167  187  197  207  211  218  225  226  226  222
  222  218  217  213  209  209  210  204  274                                   
    40.0-180.0 180.0   5.0 450.0                            LAT/LON1/LON2/DLON/H
  277  267  267  267  260  242  226  204  190  168  154  140  134  126  124  114
  109  100   97   96  103  106  115  116  122  118  120  114  117  109  111  105
  109  109  114  117  120  117  116  111  112  108  109  106  110  111  114  114
  116  119  125  135  149  165  183  197  210  214  217  222  226  225  224  220
  218  215  212  209  204  204  208  200  277                                   
    37.5-180.0 180.0   5.0 450.0                            LAT/LON1/LON2/DLON/H
  273  261  261  268  267  253  238  217  201  179  165  149  144  136  135  128
  124  119  118  121  126  133  136  139  136  133  127  126  123  124  119  118
  115  116  118  119  120  116  114  110  113  111  112  110  112  113  116  117
  119  124  130  142  156  175  191  209  220  228  230  231  235  231  230  225
  225  223  222  215  206  206  209  202  273                                   
    35.0-180.0 180.0   5.0 450.0                            LAT/LON1/LON2/DLON/H
  281  269  270  277  274  266  251  230  212  190  173  158  151  144  145  138
  139  134  137  138  146  147  153  146  146  134  133  126  132  127  130  125
  123  120  119  118  115  112  109  109  112  111  114  112  113  113  115  116
  118  122  132  146  164  182  203  218  232  239  243  248  251  250  250  248
  249  247  248  235  227  223  226  215  281                                   
    32.5-180.0 180.0   5.0 450.0                            LAT/LON1/LON2/DLON/H
  293  274  268  272  275  267  258  240  221  200  183  168  161  156  157  156
  157  159  161  165  169  171  166  161  147  140  131  134  136  140  139  134
  131  123  123  117  114  110  109  109  114  115  118  114  114  113  113  115
  114  120  128  146  164  188  205  226  241  254  265  274  286  287  294  293
  298  297  296  284  272  261  255  241  293                                   
    30.0-180.0 180.0   5.0 450.0                            LAT/LON1/LON2/DLON/H
  325  305  295  290  281  275  263  249  228  206  187  171  163  159  162  161
  169  167  174  173  178  171  169  154  147  133  134  136  147  149  151  145
  136  130  124  119  111  109  105  109  112  116  116  113  110  107  107  104
  106  108  121  139  167  188  213  232  254  268  286  303  319  330  340  348
  360  364  365  351  339  318  300  279  325                                   
    27.5-180.0 180.0   5.0 450.0                            LAT/LON1/LON2/DLON/H
  364  343  322  305  295  280  273  256  238  216  198  182  173  169  170  172
  176  178  181  180  176  171  160  152  140  137  140  148  158  162  161  153
  149  139  138  131  125  119  116  116  118  119  116  111  106  103  100   97
   94   99  111  136  162  193  216  244  268  293  313  336  357  373  391  405
  420  430  435  428  418  398  366  329  364                                   
    25.0-180.0 180.0   5.0 450.0                            LAT/LON1/LON2/DLON/H
  419  408  381  355  331  312  292  276  250  226  202  185  173  166  167  167
  173  170  172  164  161  150  147  139  142  144  155  164  177  178  176  168
  163  154  152  142  131  125  116  120  117  118  112  107  101   94   91   84
   84   86  107  130  164  195  226  254  287  316  345  369  392  413  436  456
  477  495  503  503  496  480  445  391  419                                   
    22.5-180.0 180.0   5.0 450.0                            LAT/LON1/LON2/DLON/H
  471  464  431  400  373  342  325  300  276  246  223  200  187  177  173  170
  168  165  159  151  143  139  138  143  154  165  178  187  196  196  196  192
  188  182  174  160  146  131  126  121  119  113  107  100   93   90   84   79
   79   84  105  136  170  206  238  272  308  343  372  399  425  451  479  503
  525  545  557  560  557  540  510  454  471                                   
    20.0-180.0 180.0   5.0 450.0                            LAT/LON1/LON2/DLON/H
  532  529  500  468  437  406  379  356  322  288  249  221  198  184  173  166
  160  153  145  134  131  130  143  157  179  192  208  213  223  216  217  208
  206  196  186  169  146  129  117  115  104  101   91   87   82   77   75   71
   75   83  110  144  184  222  257  292  331  365  398  425  456  483  516  541
  569  588  601  604  603  588  562  508  532                                   
    17.5-180.0 180.0   5.0 450.0                            LAT/LON1/LON2/DLON/H
  568  574  543  518  490  458  432  404  378  339  304  260  231  206  190  176
  166  155  145  139  140  152  171  195  216  232  239  243  244  239  236  228
  219  206  194  174  151  133  121  116  106   98   86   80   74   71   64   68
   75   90  119  158  198  238  275  313  352  389  421  452  482  506  538  566
  593  610  620  622  626  611  588  546  568                                   
    15.0-180.0 180.0   5.0 450.0                            LAT/LON1/LON2/DLON/H
  590  600  586  565  546  518  501  475  449  414  376  329  283  247  215  200
  182  170  160  156  167  184  212  240  266  280  280  271  263  252  246  234
  225  210  191  171  146  128  113  108   96   89   76   70   66   61   59   63
   72   91  124  167  211  251  292  330  371  409  441  469  495  515  545  568
  593  606  616  619  628  619  604  577  590                                   
    12.5-180.0 180.0   5.0 450.0                            LAT/LON1/LON2/DLON/H
  589  613  610  602  582  562  544  527  506  473  441  394  350  306  269  241
  221  205  198  206  222  256  280  315  331  338  322  302  278  263  251  240
  222  203  186  168  142  129  111  107   95   86   75   66   63   61   58   65
   76   99  133  178  218  262  299  339  383  422  452  477  496  511  533  552
  569  578  587  593  608  608  603  593  589                                   
    10.0-180.0 180.0   5.0 450.0                            LAT/LON1/LON2/DLON/H
  583  614  628  629  618  594  580  565  548  522  493  453  412  370  329  304
  277  265  255  276  303  344  368  388  394  382  350  311  281  258  246  229
  214  195  181  157  140  123  112  105   95   84   76   66   64   59   58   63
   76  102  138  184  227  269  306  346  387  425  452  472  483  495  511  526
  536  545  551  562  584  591  592  598  583                                   
     7.5-180.0 180.0   5.0 450.0                            LAT/LON1/LON2/DLON/H
  575  603  627  637  630  614  600  586  574  553  529  496  463  423  387  360
  345  336  334  364  391  433  440  450  435  405  360  315  277  253  239  224
