data/unet/pred1950.15i
     1.0            IONOSPHERE MAPS     GNSS                IONEX VERSION / TYPE
pyspatialgeodesy        IME             05-JAN-18 20:20     PGM / RUN BY / DATE 
Map Name                                                    COMMENT             
Predicted global ionosphere maps (GIM).                     DESCRIPTION         
  2015     7    14     0     0     0                        EPOCH OF FIRST MAP  
  2015     7    15     0     0     0                        EPOCH OF LAST MAP   
  7200                                                      INTERVAL            
    13                                                      # OF MAPS IN FILE   
  NONE                                                      MAPPING FUNCTION    
10.0                                                        ELEVATION CUTOFF    
One-way carrier phase leveled to code                       OBSERVABLES USED    
  6371.0                                                    BASE RADIUS         
 2                                                          MAP DIMENSION       
   450.0 450.0   0.0                                        HGT1 / HGT2 / DHGT  
    87.5 -87.5  -2.5                                        LAT1 / LAT2 / DLAT  
  -180.0 180.0   5.0                                        LON1 / LON2 / DLON  
    -1                                                      EXPONENT            
                                                            END OF HEADER       
[from data line 2574]
     7                                                      START OF TEC MAP    
  2015     7    14    12     0     0                        EPOCH OF CURRENT MAP
    87.5-180.0 180.0   5.0 450.0                            LAT/LON1/LON2/DLON/H
  141  151  151  148  151  144  148  143  148  142  148  142  147  142  148  144
  149  146  151  149  153  150  153  151  153  150  151  149  150  147  148  145
  146  142  145  140  143  138  141  137  140  136  140  136  141  136  141  137
  142  138  142  139  143  139  144  141  145  142  146  143  147  144  148  145
  148  146  152  148  150  146  152  133  141                                   
    85.0-180.0 180.0   5.0 450.0                            LAT/LON1/LON2/DLON/H
  144  147  149  147  150  144  150  145  150  144  150  144  150  144  151  145
  152  147  154  149  155  150  156  151  156  150  155  150  154  148  153  146
  151  144  149  141  147  139  146  138  145  137  145  138  145  139  146  139
  146  140  147  141  147  142  148  142  148  143  149  143  149  144  149  144
  148  144  149  143  145  145  150  156  144                                   
    82.5-180.0 180.0   5.0 450.0                            LAT/LON1/LON2/DLON/H
  140  144  148  148  146  145  143  144  143  142  143  142  143  142  144  144
  145  146  148  148  149  149  151  151  151  151  152  151  150  150  149  148
  146  144  144  142  141  139  139  138  137  136  138  137  138  138  139  140
  140  141  142  143  144  144  145  145  145  145  146  146  146  146  146  146
  144  145  145  140  139  140  139  145  140                                   
    80.0-180.0 180.0   5.0 450.0                            LAT/LON1/LON2/DLON/H
  134  138  140  142  144  138  142  138  142  137  141  138  142  138  143  141
  145  142  147  144  148  145  149  146  150  145  150  146  150  145  150  144
  147  141  145  140  142  137  140  136  138  134  139  136  140  137  142  139
  143  140  145  142  145  142  146  143  145  143  146  143  144  142  143  140
  139  139  140  134  130  130  128  136  134                                   
    77.5-180.0 180.0   5.0 450.0                            LAT/LON1/LON2/DLON/H
  126  126  131  133  134  134  134  134  133  133  133  134  133  133  135  135
  136  137  139  139  140  141  142  143  143  144  145  146  145  146  147  146
  144  144  143  142  139  139  138  137  135  136  137  138  138  140  142  142
  143  143  145  145  146  146  147  146  146  145  146  144  144  141  141  138
  136  134  133  126  124  121  121  131  126                                   
    75.0-180.0 180.0   5.0 450.0                            LAT/LON1/LON2/DLON/H
  116  118  121  127  128  125  126  126  126  124  125  124  124  124  126  126
  127  128  131  131  133  135  136  137  136  138  138  139  140  140  142  140
  142  140  142  139  139  136  139  134  137  133  139  136  140  139  144  142
  145  143  147  145  147  146  147  146  146  144  145  142  141  139  138  134
  131  130  130  123  119  120  118  126  116                                   
    72.5-180.0 180.0   5.0 450.0                            LAT/LON1/LON2/DLON/H
  109  110  119  120  122  119  120  119  120  117  118  115  116  115  117  116
  119  118  121  122  125  126  129  129  131  132  134  135  136  137  140  140
  141  142  142  141  140  138  139  137  137  136  139  139  141  142  144  144
  145  145  148  146  148  146  148  145  146  143  144  140  140  135  136  130
  130  125  126  119  119  115  116  124  109                                   
    70.0-180.0 180.0   5.0 450.0                            LAT/LON1/LON2/DLON/H
  106  109  112  119  119  116  115  115  115  111  112  110  112  110  113  112
  114  114  116  118  119  122  123  126  127  128  129  130  131  132  135  136
  139  139  141  139  141  137  140  136  140  137  141  140  143  142  145  143
  144  143  145  144  145  143  145  143  144  142  143  141  139  137  135  131
  128  126  125  121  117  118  115  120  106                                   
    67.5-180.0 180.0   5.0 450.0                            LAT/LON1/LON2/DLON/H
  102  105  112  112  112  109  109  108  109  106  107  107  108  107  109  108
  110  110  112  113  115  116  119  120  122  123  125  125  128  129  134  134
  138  138  141  139  140  137  140  137  140  138  142  141  143  142  143  142
  141  142  142  142  142  142  143  143  142  143  143  142  140  138  137  133
  131  128  128  121  121  116  115  118  102                                   
    65.0-180.0 180.0   5.0 450.0                            LAT/LON1/LON2/DLON/H
  103  105  107  111  109  105  104  103  104  102  104  104  107  106  109  108
  110  110  111  112  113  115  116  118  120  121  123  123  127  128  133  134
  138  138  142  139  141  137  142  138  143  141  145  144  144  142  142  139
  140  137  139  137  139  137  141  141  143  144  145  144  144  142  141  138
  135  134  133  127  124  122  117  117  103                                   
    62.5-180.0 180.0   5.0 450.0                            LAT/LON1/LON2/DLON/H
  102  102  107  104  102   97   96   95   97   96   99  102  104  106  107  108
  108  108  109  110  111  112  113  114  114  116  117  120  122  125  130  133
  136  137  140  137  139  136  141  138  143  142  146  145  144  142  142  140
  138  138  137  139  138  141  142  145  144  149  148  151  148  149  147  146
  141  141  138  132  130  122  121  117  102                                   
    60.0-180.0 180.0   5.0 450.0                            LAT/LON1/LON2/DLON/H
  105  102  103  105   99   93   90   88   89   88   92   95  101  102  107  106
  109  108  110  110  112  112  114  113  115  115  118  119  124  126  133  135
  141  139  145  140  145  139  145  142  147  146  150  147  148  144  144  139
  141  137  140  139  142  143  147  149  152  153  157  156  157  155  155  152
  149  147  145  139  135  130  123  116  105                                   
    57.5-180.0 180.0   5.0 450.0                            LAT/LON1/LON2/DLON/H
  105  100  102   98   93   86   81   79   79   81   84   90   93   99  102  106
  106  108  108  108  108  108  108  109  109  111  114  116  121  125  132  135
  141  141  146  143  147  143  148  147  151  152  156  155  154  152  150  148
  144  145  145  147  148  151  154  157  158  163  163  168  165  166  163  163
  157  156  152  146  141  133  128  113  105                                   
    55.0-180.0 180.0   5.0 450.0                            LAT/LON1/LON2/DLON/H
  110  101   97   98   92   82   77   74   72   71   75   78   85   89   95   98
  102  104  106  106  109  107  111  110  114  113  119  119  127  129  138  140
  148  147  155  150  155  149  154  152  158  157  164  160  163  156  157  150
  151  148  152  152  156  158  163  164  168  171  175  175  176  174  174  169
  167  163  160  152  146  140  130  115  110                                   
    52.5-180.0 180.0   5.0 450.0                            LAT/LON1/LON2/DLON/H
  113  100   99   94   89   80   74   69   65   65   66   72   75   83   87   95
   97  102  103  106  105  106  107  109  112  114  119  122  129  133  141  144
  152  153  160  159  162  160  164  165  170  172  177  178  178  173  171  167
  163  163  163  165  166  168  171  173  176  182  183  187  185  186  182  179
  174  171  165  159  152  141  136  114  113                                   
    50.0-180.0 180.0   5.0 450.0                            LAT/LON1/LON2/DLON/H
  119  106   99   98   92   80   75   69   65   60   61   63   68   73   80   86
   92   96  100  100  105  104  110  110  118  118  127  128  138  140  150  152
  162  163  172  171  176  173  177  177  182  184  190  188  192  184  185  174
  175  170  173  170  173  171  177  178  184  187  192  192  193  191  189  183
  181  175  172  164  156  149  139  119  119                                   
    47.5-180.0 180.0   5.0 450.0                            LAT/LON1/LON2/DLON/H
  122  108  108  104   97   87   80   72   66   61   59   61   62   69   75   85
   89   96   99  104  105  108  110  115  119  125  130  136  143  148  156  160
  168  174  182  187  191  194  195  198  202  204  209  207  208  203  200  194
  188  187  184  183  181  182  183  186  190  194  199  200  200  198  195  189
  182  181  175  169  160  150  145  119  122                                   
    45.0-180.0 180.0   5.0 450.0                            LAT/LON1/LON2/DLON/H
  129  116  113  114  107   96   88   79   74   66   64   62   65   67   74   82
   91   96  102  105  110  110  115  118  126  129  137  140  149  153  163  167
  178  184  194  200  208  210  214  216  220  218  224  219  222  213  214  202
  202  192  194  186  187  183  189  188  195  197  205  204  205  201  200  192
  187  183  180  173  164  158  150  130  129                                   
    42.5-180.0 180.0   5.0 450.0                            LAT/LON1/LON2/DLON/H
  131  120  124  122  117  109  100   91   84   76   72   68   68   70   74   85
   92  102  105  114  115  120  122  129  131  138  141  149  154  162  169  177
  186  196  206  216  227  231  237  236  239  238  240  233  235  226  226  218
  213  209  203  199  194  194  194  197  202  204  212  209  211  205  206  197
  191  188  182  177  169  161  159  133  131                                   
    40.0-180.0 180.0   5.0 450.0                            LAT/LON1/LON2/DLON/H
  139  130  130  132  126  120  113  104   96   86   82   78   77   76   83   88
  100  106  116  120  126  129  134  137  141  144  150  153  162  166  177  183
  197  207  220  232  245  250  254  253  258  252  258  247  251  239  243  231
  231  220  220  208  209  201  206  205  214  214  220  217  217  212  213  202
  197  190  188  182  175  170  167  147  139                                   
    37.5-180.0 180.0   5.0 450.0                            LAT/LON1/LON2/DLON/H
  144  136  138  136  133  128  123  115  108   99   94   90   87   85   87   94
  101  114  120  131  134  141  142  148  148  153  156  163  168  176  185  196
  207  221  236  252  266  274  277  277  280  278  279  268  269  258  259  251
  249  240  236  227  222  218  220  219  226  225  234  227  228  220  223  210
  203  197  192  188  181  177  177  152  144                                   
    35.0-180.0 180.0   5.0 450.0                            LAT/LON1/LON2/DLON/H
  157  148  143  141  135  132  126  122  115  108  103   99   96   92   93   98
  110  120  132  139  148  152  155  156  158  160  165  168  178  184  196  206
  221  236  251  269  279  289  290  296  299  301  300  291  288  280  280  273
  271  262  259  247  245  238  239  238  242  242  246  240  237  234  231  220
  212  205  201  195  189  185  188  167  157                                   
    32.5-180.0 180.0   5.0 450.0                            LAT/LON1/LON2/DLON/H
  166  157  151  144  139  133  128  122  118  111  107  104  101   97   98  100
  110  124  134  148  155  163  163  166  165  168  172  177  186  195  206  221
  237  257  274  293  304  316  316  326  330  337  331  326  317  311  308  303
  299  292  286  278  270  265  263  262  264  261  262  254  251  244  245  230
  221  213  205  201  193  194  196  173  166                                   
    30.0-180.0 180.0   5.0 450.0                            LAT/LON1/LON2/DLON/H
  182  172  162  149  142  136  129  125  119  115  110  106  103  100  101  102
  113  126  141  153  164  171  174  174  175  176  182  186  197  204  220  236
  257  281  297  316  321  333  333  344  347  355  351  348  338  336  332  331
  325  324  319  316  307  306  297  299  292  291  285  273  266  258  251  240
  229  222  215  209  202  203  203  189  182                                   
    27.5-180.0 180.0   5.0 450.0                            LAT/LON1/LON2/DLON/H
  196  186  172  160  149  143  134  127  122  116  112  106  104  100  100  103
  109  124  139  155  166  174  178  178  180  182  188  196  207  218  236  258
  285  305  329  341  352  359  361  369  372  379  376  375  366  365  362  364
  360  363  361  361  357  347  346  342  332  320  308  293  281  269  261  247
  236  226  219  212  206  209  211  194  196                                   
    25.0-180.0 180.0   5.0 450.0                            LAT/LON1/LON2/DLON/H
  207  199  184  171  162  153  147  136  130  121  116  109  105   99   99  101
  110  123  140  154  169  177  182  182  187  189  198  207  221  235  258  281
  307  331  348  363  369  378  379  387  391  395  392  388  382  385  384  390
  386  396  395  396  386  380  372  372  362  347  323  307  287  275  262  248
  236  228  221  217  213  215  216  213  207                                   
    22.5-180.0 180.0   5.0 450.0                            LAT/LON1/LON2/DLON/H
  219  205  192  178  171  165  159  148  141  130  125  117  112  104  103  104
  110  122  138  156  169  179  183  184  188  194  205  217  233  248  279  299
  336  351  374  383  394  398  404  411  415  417  413  412  408  414  414  421
  421  432  437  436  430  420  413  402  393  369  339  315  292  276  262  247
  233  224  218  215  213  219  226  219  219                                   
    20.0-180.0 180.0   5.0 450.0                            LAT/LON1/LON2/DLON/H
  221  207  194  185  180  173  172  160  159  143  141  127  124  111  109  106
  114  121  139  157  172  180  187  186  194  201  215  228  247  266  292  314
  338  359  378  391  396  404  410  416  423  421  419  415  418  422  426  435
  439  452  457  458  452  439  425  415  397  377  338  313  287  270  255  241
  229  221  215  213  212  222  228  224  221                                   
    17.5-180.0 180.0   5.0 450.0                            LAT/LON1/LON2/DLON/H
  227  209  198  187  185  181  178  167  161  150  144  133  130  119  115  112
  115  124  138  157  172  183  184  189  195  208  221  237  258  278  306  324
  350  367  387  396  405  410  419  427  434  436  434  435  435  442  446  454
  458  466  468  476  470  457  441  420  400  374  341  311  287  269  254  240
  227  216  213  209  209  218  232  215  227                                   
    15.0-180.0 180.0   5.0 450.0                            LAT/LON1/LON2/DLON/H
  219  206  194  185  180  177  177  172  169  155  153  140  142  131  128  122
  127  129  147  162  177  188  189  192  201  213  229  245  268  287  309  328
  348  370  388  401  405  415  421  430  436  439  439  439  442  450  456  465
  465  472  467  467  460  452  431  408  385  365  330  304  278  266  249  238
  221  214  205  204  200  211  219  211  219                                   
    12.5-180.0 180.0   5.0 450.0                            LAT/LON1/LON2/DLON/H
  214  203  196  186  183  177  179  174  169  159  154  142  143  131  131  125
  132  138  151  169  180  187  191  197  203  218  231  255  275  296  318  336
  356  371  393  404  412  421  428  438  443  449  449  451  452  463  467  474
  471  470  462  454  446  437  421  397  381  352  332  304  287  269  256  238
  224  210  202  193  191  196  209  190  214                                   
    10.0-180.0 180.0   5.0 450.0                            LAT/LON1/LON2/DLON/H
  204  195  185  183  178  175  174  172  166  159  154  142  143  133  129  125
  132  136  151  167  184  193  197  202  211  223  242  261  284  303  326  343
  365  383  401  417  423  436  441  451  453  458  453  455  454  464  465  470
  465  462  450  444  430  420  402  383  370  348  332  311  290  277  259  242
  222  205  192  189  181  195  194  180  204                                   
     7.5-180.0 180.0   5.0 450.0                            LAT/LON1/LON2/DLON/H
  194  184  180  177  176  173  171  166  163  154  152  140  138  128  123  121
  127  135  146  170  186  197  204  210  217  235  248  272  290  313  334  352
