data/unet/pred2980.15i
     1.0            IONOSPHERE MAPS     GNSS                IONEX VERSION / TYPE
pyspatialgeodesy        IME             05-JAN-18 20:20     PGM / RUN BY / DATE 
Map Name                                                    COMMENT             
Predicted global ionosphere maps (GIM).                     DESCRIPTION         
  2015    10    25     0     0     0                        EPOCH OF FIRST MAP  
  2015    10    26     0     0     0                        EPOCH OF LAST MAP   
  7200                                                      INTERVAL            
    13                                                      # OF MAPS IN FILE   
  NONE                                                      MAPPING FUNCTION    
10.0                                                        ELEVATION CUTOFF    
One-way carrier phase leveled to code                       OBSERVABLES USED    
  6371.0                                                    BASE RADIUS         
 2                                                          MAP DIMENSION       
   450.0 450.0   0.0                                        HGT1 / HGT2 / DHGT  
    87.5 -87.5  -2.5                                        LAT1 / LAT2 / DLAT  
  -180.0 180.0   5.0                                        LON1 / LON2 / DLON  
    -1                                                      EXPONENT            
                                                            END OF HEADER       
     1                                                      START OF TEC MAP    
  2015    10    25     0     0     0                        EPOCH OF CURRENT MAP
    87.5-180.0 180.0   5.0 450.0                            LAT/LON1/LON2/DLON/H
  161  132  132  129  125  122  122  121  122  120  120  118  118  116  115  112
  112  109  109  106  105  103  102   99   99   96   97   94   94   91   91   88
   89   86   88   86   88   87   90   89   93   93   97   99  102  105  108  110
  113  116  118  120  123  125  127  129  131  133  135  136  137  138  138  138
  138  138  136  136  137  135  135  166  161                                   
    85.0-180.0 180.0   5.0 450.0                            LAT/LON1/LON2/DLON/H
  138  134  140  139  136  130  132  128  131  126  129  124  126  121  123  117
  118  112  112  106  106   99   99   91   91   84   84   77   77   72   72   67
   68   65   67   66   69   69   73   75   80   83   89   92   98  102  107  111
  115  118  122  124  128  130  134  136  138  140  142  143  144  145  146  146
  146  146  146  145  147  141  143  140  138                                   
    82.5-180.0 180.0   5.0 450.0                            LAT/LON1/LON2/DLON/H
  145  146  147  148  143  140  139  139  138  138  137  137  136  134  133  130
  128  123  121  116  112  106  102   94   90   81   78   70   68   60   60   54
   55   51   55   53   59   59   67   68   77   79   89   92  101  104  112  114
  121  123  128  130  135  136  140  141  144  145  147  148  150  150  152  152
  153  153  153  153  155  149  149  153  145                                   
    80.0-180.0 180.0   5.0 450.0                            LAT/LON1/LON2/DLON/H
  153  154  156  157  151  152  149  152  149  152  150  152  150  150  147  147
  143  140  136  132  126  121  114  108   99   91   84   77   70   64   60   56
   54   52   54   54   58   60   67   71   79   84   93   99  106  111  117  121
  125  128  133  135  138  140  143  144  146  147  149  150  152  153  155  156
  157  158  160  161  164  160  159  167  153                                   
    77.5-180.0 180.0   5.0 450.0                            LAT/LON1/LON2/DLON/H
  159  159  160  161  156  157  156  158  157  160  158  161  159  160  158  158
  154  152  148  146  140  136  129  123  114  106   97   89   81   74   68   63
   59   57   57   58   60   63   69   75   81   88   96  104  110  116  120  123
  126  128  131  132  134  135  137  139  141  142  144  146  148  149  152  154
  156  158  161  164  168  164  164  173  159                                   
    75.0-180.0 180.0   5.0 450.0                            LAT/LON1/LON2/DLON/H
  160  163  167  168  164  163  164  165  166  168  168  170  169  169  167  166
  163  161  158  156  152  149  143  138  130  123  114  106   96   89   83   77
   73   70   70   70   72   74   79   84   90   96  105  111  116  119  122  123
  123  123  123  123  123  124  126  129  132  134  136  138  141  144  147  150
  153  157  161  166  171  170  170  177  160                                   
    72.5-180.0 180.0   5.0 450.0                            LAT/LON1/LON2/DLON/H
  172  173  177  178  172  172  170  172  173  175  174  175  173  171  168  165
  162  160  158  157  154  153  149  146  140  134  127  120  111  105   98   93
   87   84   82   82   81   83   86   90   94  100  106  110  113  113  113  111
  108  106  105  105  105  107  110  113  118  121  125  129  133  137  141  145
  149  155  160  167  175  175  177  186  172                                   
    70.0-180.0 180.0   5.0 450.0                            LAT/LON1/LON2/DLON/H
  186  190  195  193  187  185  184  185  186  186  184  182  177  172  166  161
  156  153  151  151  149  149  147  146  142  139  133  128  122  117  112  107
  102   97   95   92   90   90   92   93   97  100  105  106  106  103  101   96
   92   87   85   84   85   86   92   95  102  107  114  118  125  130  136  141
  148  153  161  168  178  181  186  196  186                                   
    67.5-180.0 180.0   5.0 450.0                            LAT/LON1/LON2/DLON/H
  210  209  212  209  202  201  199  199  198  197  192  188  179  172  162  155
  147  143  140  140  139  140  139  139  136  135  130  128  124  122  117  114
  108  104   99   95   91   89   88   89   90   92   94   93   91   88   84   79
   73   69   67   66   67   70   76   82   91   98  106  113  122  129  135  141
  149  155  163  172  183  188  193  207  210                                   
    65.0-180.0 180.0   5.0 450.0                            LAT/LON1/LON2/DLON/H
  226  228  232  226  217  215  211  211  210  208  202  195  184  173  160  149
  139  133  129  128  127  127  126  125  124  122  120  119  117  116  114  111
  107  102   97   91   87   82   80   78   80   80   81   79   78   73   69   62
   58   52   51   49   53   57   66   74   86   96  106  115  126  133  141  147
  155  161  170  178  188  196  203  218  226                                   
    62.5-180.0 180.0   5.0 450.0                            LAT/LON1/LON2/DLON/H
  243  239  243  237  229  224  220  218  218  215  209  201  189  176  160  149
  137  129  123  121  117  116  113  111  108  106  104  104  102  103  101  100
   96   91   86   81   75   70   66   65   65   65   66   65   64   60   56   50
   46   42   40   40   45   50   60   69   84   96  108  119  132  141  151  157
  166  171  179  187  197  204  209  227  243                                   
    60.0-180.0 180.0   5.0 450.0                            LAT/LON1/LON2/DLON/H
  251  250  253  246  237  232  226  223  221  219  213  207  195  181  165  152
  140  130  123  117  113  107  103   97   93   89   86   85   85   85   85   83
   82   77   74   69   64   60   56   54   54   55   57   57   57   53   51   45
   42   37   36   37   42   48   58   70   86  100  114  126  141  151  161  169
  177  182  189  196  203  209  215  233  251                                   
    57.5-180.0 180.0   5.0 450.0                            LAT/LON1/LON2/DLON/H
  260  255  259  252  244  237  230  225  223  220  216  210  200  188  174  163
  150  141  130  123  115  107   98   91   83   77   73   71   70   70   70   70
   69   67   65   61   58   55   51   51   51   53   55   56   56   54   53   49
   47   43   42   41   46   50   60   73   90  104  119  134  151  162  175  183
  192  197  202  207  214  217  221  238  260                                   
    55.0-180.0 180.0   5.0 450.0                            LAT/LON1/LON2/DLON/H
  269  270  272  265  254  246  236  230  225  222  217  213  205  197  185  174
  163  153  141  130  120  109   98   88   79   71   67   63   63   63   64   63
   65   63   64   62   61   59   57   56   57   58   62   63   65   63   63   61
   59   55   53   51   53   58   66   78   95  109  125  141  160  174  187  197
  206  214  219  223  228  232  235  248  269                                   
    52.5-180.0 180.0   5.0 450.0                            LAT/LON1/LON2/DLON/H
  286  284  288  280  270  259  248  239  232  226  220  215  210  205  196  189
  178  168  154  142  128  116  104   94   84   76   70   67   66   66   65   66
   67   68   68   70   70   71   70   71   71   73   75   77   78   78   78   76
   74   70   66   64   64   68   75   88  102  118  133  150  170  185  201  213
  225  233  239  243  249  251  252  263  286                                   
    50.0-180.0 180.0   5.0 450.0                            LAT/LON1/LON2/DLON/H
  302  309  310  304  292  282  266  256  244  235  225  219  215  212  206  200
  191  179  163  148  134  121  111  101   94   87   81   78   76   75   74   73
   74   74   78   80   84   85   87   87   88   89   93   94   96   95   96   94
   92   88   83   81   80   83   90  100  114  127  143  158  178  195  211  228
  241  253  260  266  271  274  275  282  302                                   
    47.5-180.0 180.0   5.0 450.0                            LAT/LON1/LON2/DLON/H
  320  328  333  328  318  306  292  278  263  249  236  227  221  219  214  209
  199  187  169  154  139  129  120  113  107  101   96   92   89   86   83   81
   81   82   86   91   95  100  102  104  104  106  109  110  111  111  111  109
  108  105  101   98   96   99  105  115  128  142  155  170  189  205  223  240
  256  267  277  285  291  293  293  298  320                                   
    45.0-180.0 180.0   5.0 450.0                            LAT/LON1/LON2/DLON/H
  333  350  353  351  342  334  318  305  287  272  254  242  232  228  223  216
  204  189  171  155  142  133  128  122  118  112  107  102   97   93   89   85
   85   86   91   97  104  109  114  115  117  119  123  124  126  125  125  124
  123  121  117  116  114  118  124  133  147  159  171  184  199  215  232  249
  264  278  288  299  307  310  310  312  333                                   
    42.5-180.0 180.0   5.0 450.0                            LAT/LON1/LON2/DLON/H
  341  356  362  364  359  355  342  330  312  295  275  259  247  240  232  223
  208  193  173  159  146  141  135  131  125  119  111  105   98   93   87   83
   82   84   90   98  106  114  117  121  123  127  131  133  135  134  135  133
  134  132  131  130  130  135  142  154  168  179  189  199  213  226  244  257
  270  282  294  305  316  319  317  321  341                                   
    40.0-180.0 180.0   5.0 450.0                            LAT/LON1/LON2/DLON/H
  339  357  364  368  368  368  356  348  331  315  295  280  266  257  245  234
  216  198  178  164  153  146  141  135  127  118  108   99   92   86   80   77
   76   78   85   94  104  113  119  122  127  131  137  140  142  141  140  139
  139  139  139  140  142  149  160  172  187  197  205  213  224  238  252  265
  276  287  298  309  319  323  324  327  339                                   
    37.5-180.0 180.0   5.0 450.0                            LAT/LON1/LON2/DLON/H
  335  346  355  361  365  368  363  357  344  330  313  298  285  273  259  245
  225  208  188  176  164  156  146  137  124  112  100   91   82   77   72   70
   71   74   81   92  102  112  117  122  126  132  138  142  144  142  141  139
  141  141  143  144  150  158  173  186  201  210  218  225  237  250  265  274
  286  293  304  312  323  325  325  330  335                                   
    35.0-180.0 180.0   5.0 450.0                            LAT/LON1/LON2/DLON/H
  332  342  349  352  357  362  359  358  348  338  325  315  303  293  276  260
  239  220  202  189  175  162  148  133  117  104   93   83   76   72   70   69
   72   77   85   96  107  116  122  125  130  133  140  142  144  141  139  135
  136  136  139  142  149  159  174  189  206  215  224  232  244  259  275  289
  301  310  319  325  334  335  341  340  332                                   
    32.5-180.0 180.0   5.0 450.0                            LAT/LON1/LON2/DLON/H
  342  348  353  350  351  354  354  355  350  343  335  327  318  307  291  273
  253  235  215  202  184  166  146  129  111  101   92   86   82   81   80   82
   86   93  100  110  118  126  128  130  132  135  139  140  141  137  134  129
  129  127  131  132  142  151  169  185  203  214  225  235  251  269  289  305
  320  331  341  349  357  359  361  360  342                                   
    30.0-180.0 180.0   5.0 450.0                            LAT/LON1/LON2/DLON/H
  369  376  374  365  359  357  352  352  347  345  339  336  329  320  302  286
  264  246  226  207  186  162  140  122  111  106  105  104  105  105  107  109
  116  122  128  136  141  144  144  141  141  139  141  140  139  133  129  122
  121  118  119  120  127  139  155  174  193  208  219  233  251  275  300  322
  339  355  369  380  391  397  406  395  369                                   
    27.5-180.0 180.0   5.0 450.0                            LAT/LON1/LON2/DLON/H
  419  421  417  401  387  377  367  361  355  350  347  343  338  327  311  292
  271  251  227  205  178  154  133  122  120  126  134  141  145  149  149  154
  158  163  166  169  169  168  161  155  149  143  141  138  135  128  122  114
  111  106  106  106  113  122  141  159  181  199  215  230  253  279  308  333
  356  375  393  408  425  435  449  436  419                                   
    25.0-180.0 180.0   5.0 450.0                            LAT/LON1/LON2/DLON/H
  486  492  482  459  439  419  397  383  371  364  358  353  345  335  316  298
  272  249  221  194  164  141  129  128  141  157  177  190  199  202  201  201
  202  204  203  201  197  190  181  170  160  149  143  137  132  125  117  109
  102   99   95   96   98  110  127  149  173  194  213  229  256  285  316  344
  372  397  421  439  458  473  498  494  486                                   
    22.5-180.0 180.0   5.0 450.0                            LAT/LON1/LON2/DLON/H
  558  569  555  530  505  478  449  429  409  395  381  372  359  344  324  301
  273  244  209  179  150  135  134  148  172  203  229  249  260  257  252  240
  237  231  228  221  215  206  193  181  166  153  143  135  128  120  112  103
   97   91   85   84   85   98  120  145  174  196  218  236  265  293  325  357
  394  426  456  478  500  519  542  552  558                                   
    20.0-180.0 180.0   5.0 450.0                            LAT/LON1/LON2/DLON/H
  627  642  626  604  581  548  513  486  461  441  420  401  381  360  336  311
  279  242  202  167  143  135  148  176  213  253  287  307  310  302  284  266
  254  246  238  229  221  211  198  186  172  156  145  135  127  121  113  105
   95   88   80   77   78   94  116  149  181  205  229  251  283  312  345  381
  428  468  503  530  557  582  605  613  627                                   
    17.5-180.0 180.0   5.0 450.0                            LAT/LON1/LON2/DLON/H
  675  701  690  671  648  616  582  552  524  498  470  444  415  388  359  328
  294  251  207  171  153  157  181  218  263  303  335  344  339  316  292  266
  253  241  232  222  215  206  195  186  172  158  144  135  125  118  108   99
   90   83   76   73   76   91  119  156  192  218  245  271  301  328  366  410
  459  503  542  571  602  625  649  655  675                                   
    15.0-180.0 180.0   5.0 450.0                            LAT/LON1/LON2/DLON/H
  698  732  732  722  707  674  641  611  585  556  525  492  459  423  392  356
  318  274  227  193  181  193  224  268  312  350  364  359  335  306  274  250
  237  225  214  206  201  197  191  186  175  162  149  137  127  115  103   92
   86   77   75   71   79   98  132  172  208  235  265  289  321  347  388  436
  483  530  570  602  632  648  675  676  698                                   
    12.5-180.0 180.0   5.0 450.0                            LAT/LON1/LON2/DLON/H
  690  728  738  741  735  713  683  657  632  604  574  540  504  469  436  398
  356  307  266  234  229  247  285  328  364  377  368  339  306  272  246  224
  213  204  195  189  185  186  183  186  176  166  151  138  124  110   96   87
   82   77   73   71   81  106  144  184  221  252  280  303  334  364  401  447
  490  536  572  604  628  641  666  671  690                                   
    10.0-180.0 180.0   5.0 450.0                            LAT/LON1/LON2/DLON/H
  670  705  726  741  747  734  714  692  672  643  613  580  550  513  485  449
  406  356  317  294  295  318  352  391  397  381  343  298  261  234  213  202
  194  187  181  179  179  184  186  188  182  170  156  140  125  106   93   83
   82   76   74   75   89  116  156  193  229  259  287  311  344  372  412  451
  496  535  572  598  621  627  651  653  670                                   
     7.5-180.0 180.0   5.0 450.0                            LAT/LON1/LON2/DLON/H
  637  672  698  722  735  736  722  710  692  671  641  611  585  558  534  504
  466  421  383  359  368  390  419  432  409  357  298  248  218  201  192  187
