data/unet/pred3300.15i
     1.0            IONOSPHERE MAPS     GNSS                IONEX VERSION / TYPE
pyspatialgeodesy        IME             05-JAN-18 20:20     PGM / RUN BY / DATE 
Map Name                                                    COMMENT             
Predicted global ionosphere maps (GIM).                     DESCRIPTION         
  2015    11    26     0     0     0                        EPOCH OF FIRST MAP  
  2015    11    27     0     0     0                        EPOCH OF LAST MAP   
  7200                                                      INTERVAL            
    13                                                      # OF MAPS IN FILE   
  NONE                                                      MAPPING FUNCTION    
10.0                                                        ELEVATION CUTOFF    
One-way carrier phase leveled to code                       OBSERVABLES USED    
  6371.0                                                    BASE RADIUS         
 2                                                          MAP DIMENSION       
   450.0 450.0   0.0                                        HGT1 / HGT2 / DHGT  
    87.5 -87.5  -2.5                                        LAT1 / LAT2 / DLAT  
  -180.0 180.0   5.0                                        LON1 / LON2 / DLON  
    -1                                                      EXPONENT            
                                                            END OF HEADER       
[from data line 4290]
    11                                                      START OF TEC MAP    
  2015    11    26    20     0     0                        EPOCH OF CURRENT MAP
    87.5-180.0 180.0   5.0 450.0                            LAT/LON1/LON2/DLON/H
  103   69   49   52   51   51   52   53   54   55   56   57   58   60   61   63
   63   65   66   68   67   69   69   71   70   72   71   72   71   72   71   72
   70   71   70   70   69   69   68   68   67   67   66   66   65   66   64   65
   64   64   63   63   62   63   61   62   60   60   58   59   57   57   55   55
   53   53   51   50   52   51   45   94  103                                   
    85.0-180.0 180.0   5.0 450.0                            LAT/LON1/LON2/DLON/H
   39   34   32   37   39   38   40   41   43   44   47   49   51   53   55   57
   59   61   63   64   65   67   67   68   68   70   69   70   69   70   68   69
   67   68   66   66   65   65   63   63   62   62   61   60   60   60   59   59
   59   58   58   58   58   57   57   56   56   55   54   52   52   50   49   47
   46   43   42   39   41   37   34   56   39                                   
    82.5-180.0 180.0   5.0 450.0                            LAT/LON1/LON2/DLON/H
   22   21   20   22   22   23   24   28   30   35   37   42   45   50   53   57
   60   64   66   68   69   71   71   72   72   72   72   72   71   72   71   71
   69   69   66   66   63   63   60   59   56   55   53   53   52   52   51   51
   51   52   51   53   52   53   52   53   51   52   49   49   46   45   41   41
   36   35   31   30   27   24   21   29   22                                   
    80.0-180.0 180.0   5.0 450.0                            LAT/LON1/LON2/DLON/H
   18   13   12   11   14   13   18   20   27   29   37   41   49   52   59   61
   68   68   73   71   74   71   74   71   72   70   71   69   70   68   70   67
   67   64   64   60   59   55   53   48   47   42   42   39   40   37   40   38
   41   39   43   42   45   43   47   44   47   43   45   40   41   36   36   30
   29   23   22   16   17   11    7   15   18                                   
    77.5-180.0 180.0   5.0 450.0                            LAT/LON1/LON2/DLON/H
   11   10    8    9   10   12   16   21   27   34   42   49   56   63   69   73
   77   78   80   79   78   77   75   73   70   69   67   66   64   64   63   62
   60   59   56   53   49   46   41   38   33   31   27   27   25   27   26   29
   29   32   33   36   36   38   39   40   39   39   38   37   35   32   30   26
   23   19   16   12   10    6    3    6   11                                   
    75.0-180.0 180.0   5.0 450.0                            LAT/LON1/LON2/DLON/H
   13   12   14   16   20   22   30   33   43   49   60   66   75   81   88   91
   95   94   95   90   89   84   81   75   72   67   65   62   62   60   60   58
   57   55   52   48   44   40   34   30   25   22   20   19   19   19   22   23
   26   28   30   32   34   35   37   37   37   37   37   35   35   32   31   26
   24   20   18   13   13    8    9   13   13                                   
    72.5-180.0 180.0   5.0 450.0                            LAT/LON1/LON2/DLON/H
   22   26   27   31   35   39   46   53   62   70   80   89   98  106  112  115
  116  114  112  106  100   94   87   80   73   68   63   59   56   56   54   54
   51   51   45   43   35   33   25   23   15   15   10   13   11   15   15   20
   20   25   25   28   28   30   30   31   30   32   31   31   30   30   29   26
   24   22   20   17   16   15   16   16   22                                   
    70.0-180.0 180.0   5.0 450.0                            LAT/LON1/LON2/DLON/H
   36   39   43   47   54   57   67   73   83   91  103  113  122  128  134  135
  136  132  129  120  114  104   95   84   76   67   61   55   53   51   50   48
   47   43   40   35   30   24   19   15   11    9    8    9   11   13   16   19
   22   23   25   25   26   26   27   26   27   27   29   28   30   29   30   27
   28   25   26   21   24   22   27   28   36                                   
    67.5-180.0 180.0   5.0 450.0                            LAT/LON1/LON2/DLON/H
   51   56   60   66   73   78   87   93  104  113  124  134  142  149  153  153
  153  150  145  137  128  116  103   91   80   69   61   54   50   48   46   45
   41   39   33   31   23   20   12   11    5    7    5    9    9   14   16   20
   20   22   21   21   19   19   18   18   17   19   20   22   24   26   28   28
   28   28   28   28   30   30   35   34   51                                   
    65.0-180.0 180.0   5.0 450.0                            LAT/LON1/LON2/DLON/H
   66   68   75   80   88   94  103  111  121  131  141  151  158  164  167  168
  166  163  158  150  139  126  112   97   85   73   63   54   49   47   44   42
   38   33   29   23   18   13    9    6    4    6    7   11   13   18   20   22
   22   22   20   17   15   12   13   11   13   13   17   18   23   24   29   28
   31   29   32   30   35   35   43   47   66                                   
    62.5-180.0 180.0   5.0 450.0                            LAT/LON1/LON2/DLON/H
   74   80   84   94  102  107  115  123  133  143  153  163  169  174  176  177
  176  173  169  161  151  136  121  104   91   77   67   57   51   47   45   42
   37   31   25   20   13    9    5    4    3    6    8   13   15   19   20   22
   20   19   14   11    7    6    5    5    6    9   12   16   19   24   26   29
   30   30   31   32   35   37   45   48   74                                   
    60.0-180.0 180.0   5.0 450.0                            LAT/LON1/LON2/DLON/H
   79   83   94  101  109  115  123  132  141  152  160  171  175  180  181  183
  181  180  175  168  157  144  129  111   96   82   71   62   56   52   49   45
   39   32   25   18   12    7    5    6    7   11   14   19   21   24   24   23
   20   16   12    7    5    3    3    3    6    8   13   15   21   24   29   30
   33   31   34   31   37   37   47   54   79                                   
    57.5-180.0 180.0   5.0 450.0                            LAT/LON1/LON2/DLON/H
   81   89   97  108  116  121  129  137  147  156  165  173  177  181  182  185
  185  185  181  175  165  151  137  119  104   88   78   69   65   59   57   52
   46   37   29   21   16   11   10   10   14   17   21   24   26   26   25   23
   19   16   11    8    5    5    5    8    9   13   15   19   22   28   30   33
   34   34   34   33   36   38   46   51   81                                   
    55.0-180.0 180.0   5.0 450.0                            LAT/LON1/LON2/DLON/H
   84   92  105  113  121  128  136  144  153  163  170  176  178  181  182  185
  186  189  185  180  168  157  142  126  111   97   87   79   75   71   67   62
   55   45   36   28   23   19   19   21   24   28   31   34   34   34   31   28
   23   19   15   12   11   11   13   15   18   20   23   25   29   31   36   36
   40   37   40   37   41   40   51   59   84                                   
    52.5-180.0 180.0   5.0 450.0                            LAT/LON1/LON2/DLON/H
   89  100  110  122  130  136  145  152  160  169  174  177  178  179  182  186
  189  192  189  184  174  162  149  133  120  105   97   89   86   81   77   71
   64   53   45   37   34   31   32   33   37   39   43   43   43   41   38   34
   31   28   25   23   23   25   27   30   32   35   34   36   35   38   40   42
   44   44   45   44   46   48   58   64   89                                   
    50.0-180.0 180.0   5.0 450.0                            LAT/LON1/LON2/DLON/H
   97  108  123  134  140  149  157  166  173  180  183  183  181  180  183  188
  192  194  192  187  176  166  154  141  130  117  109  101   98   92   86   79
   71   61   54   48   46   45   47   49   52   52   54   54   53   52   48   46
   43   42   40   40   40   42   44   46   48   48   47   45   44   44   47   48
   52   51   54   53   57   58   71   78   97                                   
    47.5-180.0 180.0   5.0 450.0                            LAT/LON1/LON2/DLON/H
  109  121  134  146  155  162  170  178  185  190  190  188  185  184  187  193
  197  200  196  190  181  172  163  152  141  129  120  111  104   96   89   80
   73   63   59   55   57   57   61   61   64   63   65   63   63   61   60   57
   57   57   58   59   59   61   62   63   62   61   57   53   49   49   50   53
   56   57   61   62   67   70   82   88  109                                   
    45.0-180.0 180.0   5.0 450.0                            LAT/LON1/LON2/DLON/H
  117  132  146  160  166  177  184  194  199  203  201  196  192  190  193  198
  202  204  200  195  186  179  173  165  157  143  132  120  110   99   88   78
   71   63   61   61   66   67   71   72   73   71   72   71   71   70   70   70
   70   72   73   75   75   75   75   74   73   68   64   58   55   51   55   56
   62   63   68   69   77   81   96  105  117                                   
    42.5-180.0 180.0   5.0 450.0                            LAT/LON1/LON2/DLON/H
  127  143  154  169  178  188  196  207  211  214  209  204  199  198  201  206
  209  210  205  200  193  189  185  179  171  156  142  124  109   94   82   70
   64   58   61   63   72   75   80   78   79   76   77   75   77   77   78   78
   80   82   83   85   85   85   83   81   77   72   65   59   54   53   54   57
   61   64   69   73   81   89  103  114  127                                   
    40.0-180.0 180.0   5.0 450.0                            LAT/LON1/LON2/DLON/H
  130  146  158  174  182  195  201  213  217  220  216  211  207  205  208  213
  216  216  211  206  202  199  197  192  184  167  149  128  108   90   77   65
   60   58   63   71   81   84   88   86   85   81   81   80   82   83   84   84
   86   87   88   89   88   87   85   81   78   72   65   59   56   53   57   57
   62   63   69   72   85   92  108  122  130                                   
    37.5-180.0 180.0   5.0 450.0                            LAT/LON1/LON2/DLON/H
  131  147  157  175  184  197  204  214  218  222  219  215  212  213  216  222
  223  223  218  215  211  210  207  202  192  174  153  127  106   87   75   63
   64   63   75   82   94   97   99   94   92   86   86   84   87   87   88   87
   87   86   86   86   86   86   83   81   76   72   65   61   56   56   56   58
   60   61   64   69   81   92  107  121  131                                   
    35.0-180.0 180.0   5.0 450.0                            LAT/LON1/LON2/DLON/H
  130  147  157  174  183  194  202  211  215  220  219  218  217  219  224  230
  231  230  226  224  222  219  216  209  197  177  155  132  111   95   84   79
   81   85   97  107  116  116  115  107  102   95   93   91   92   91   91   88
   87   84   83   82   81   83   81   79   75   72   67   63   60   57   60   59
   61   59   63   67   81   92  108  122  130                                   
    32.5-180.0 180.0   5.0 450.0                            LAT/LON1/LON2/DLON/H
  131  147  157  173  183  192  200  207  213  216  218  218  220  225  231  237
  236  237  233  234  230  225  218  208  195  176  158  137  123  111  107  104
  113  119  134  140  145  139  134  122  116  107  103   99   99   97   96   91
   87   81   78   76   78   80   81   80   77   76   71   70   66   65   63   62
   61   58   60   65   77   91  107  120  131                                   
    30.0-180.0 180.0   5.0 450.0                            LAT/LON1/LON2/DLON/H
  133  152  164  177  189  196  203  207  213  215  218  220  224  230  237  241
  241  241  241  241  237  229  219  206  194  179  168  156  150  146  147  150
  161  171  183  185  183  169  157  143  132  122  116  111  109  106  104   98
   92   84   79   76   77   81   84   85   83   82   79   77   75   71   71   67
   66   61   64   67   82   94  114  127  133                                   
    27.5-180.0 180.0   5.0 450.0                            LAT/LON1/LON2/DLON/H
  144  163  171  187  197  205  209  212  218  218  222  223  229  236  242  245
  244  246  245  246  238  226  213  200  191  184  184  182  189  192  204  210
  225  231  236  229  217  197  179  160  149  136  129  121  118  115  112  106
   97   88   81   78   79   83   87   89   89   88   85   85   82   81   77   75
   72   68   69   73   86  102  121  134  144                                   
    25.0-180.0 180.0   5.0 450.0                            LAT/LON1/LON2/DLON/H
  159  180  192  209  222  226  231  230  233  232  234  234  240  246  251  251
  249  250  250  249  239  225  211  201  199  202  214  225  242  258  274  282
  289  285  277  263  242  217  194  174  161  150  141  135  130  128  124  118
  109   98   89   84   85   90   94   97   95   93   89   88   86   83   81   77
   77   76   80   86  100  116  139  156  159                                   
    22.5-180.0 180.0   5.0 450.0                            LAT/LON1/LON2/DLON/H
  182  204  215  237  248  255  257  258  257  254  253  252  256  260  260  258
  253  252  251  247  235  221  209  205  214  229  257  283  312  327  339  338
  334  320  304  281  252  221  193  173  163  154  148  141  137  134  131  127
  116  106   95   90   87   92   96   98   96   92   86   86   83   83   80   78
   77   80   88   96  112  132  150  173  182                                   
    20.0-180.0 180.0   5.0 450.0                            LAT/LON1/LON2/DLON/H
  204  228  245  261  275  282  287  285  286  281  278  277  279  280  276  270
  261  259  255  250  237  224  218  225  244  277  315  349  371  381  383  372
  359  333  309  274  241  206  179  162  156  152  148  146  142  140  138  134
  128  118  109  101   98   99  101  101   99   91   85   81   79   76   76   72
   76   81   95  110  126  148  171  197  204                                   
    17.5-180.0 180.0   5.0 450.0                            LAT/LON1/LON2/DLON/H
  225  254  266  287  302  316  322  324  324  317  312  308  308  305  300  290
  277  270  261  253  240  232  234  254  292  334  374  396  411  412  408  390
  358  323  288  253  213  181  156  146  144  144  143  142  140  140  140  139
  133  126  118  109  106  105  104  105  100   93   84   79   73   72   71   70
   74   83   98  115  134  161  181  209  225                                   
    15.0-180.0 180.0   5.0 450.0                            LAT/LON1/LON2/DLON/H
  242  272  291  312  333  352  361  366  364  358  353  348  347  341  331  319
  303  292  278  269  258  256  270  305  348  390  415  436  441  438  423  388
  344  291  252  213  180  146  132  126  130  133  136  137  138  139  139  137
  134  129  124  117  113  110  110  107  104   91   83   75   69   67   67   66
   74   85  104  125  144  171  196  220  242                                   
    12.5-180.0 180.0   5.0 450.0                            LAT/LON1/LON2/DLON/H
  252  288  304  332  357  381  392  401  402  399  393  391  388  380  370  352
  334  319  302  291  284  290  317  356  398  430  450  459  457  444  413  369
  307  255  213  183  150  128  118  119  126  132  136  137  137  138  139  138
  137  132  129  121  118  114  111  108  103   92   82   72   67   64   64   65
   72   85  103  125  146  177  198  227  252                                   
    10.0-180.0 180.0   5.0 450.0                            LAT/LON1/LON2/DLON/H
  261  293  315  339  367  394  410  425  428  432  426  431  428  418  404  387
  366  350  333  325  322  336  363  405  437  467  474  476  462  435  395  335
  273  221  185  157  134  118  118  119  130  133  138  137  138  136  136  134
  134  130  129  122  121  113  112  107  105   91   81   70   66   63   64   64
   74   86  106  128  150  178  204  228  261                                   
     7.5-180.0 180.0   5.0 450.0                            LAT/LON1/LON2/DLON/H
  261  298  317  344  374  404  421  438  443  451  454  459  461  454  442  423
  406  386  371  361  365  380  412  444  469  483  484  474  451  419  369  312
