data/unet/pred2120.15i
     1.0            IONOSPHERE MAPS     GNSS                IONEX VERSION / TYPE
pyspatialgeodesy        IME             05-JAN-18 20:20     PGM / RUN BY / DATE 
Map Name                                                    COMMENT             
Predicted global ionosphere maps (GIM).                     DESCRIPTION         
  2015     7    31     0     0     0                        EPOCH OF FIRST MAP  
  2015     8     1     0     0     0                        EPOCH OF LAST MAP   
  7200                                                      INTERVAL            
    13                                                      # OF MAPS IN FILE   
  NONE                                                      MAPPING FUNCTION    
10.0                                                        ELEVATION CUTOFF    
One-way carrier phase leveled to code                       OBSERVABLES USED    
  6371.0                                                    BASE RADIUS         
 2                                                          MAP DIMENSION       
   450.0 450.0   0.0                                        HGT1 / HGT2 / DHGT  
    87.5 -87.5  -2.5                                        LAT1 / LAT2 / DLAT  
  -180.0 180.0   5.0                                        LON1 / LON2 / DLON  
    -1                                                      EXPONENT            
                                                            END OF HEADER       
[from data line 4719]
    12                                                      START OF TEC MAP    
  2015     7    31    22     0     0                        EPOCH OF CURRENT MAP
    87.5-180.0 180.0   5.0 450.0                            LAT/LON1/LON2/DLON/H
  183  138  125  128  128  126  127  126  126  125  126  124  125  123  124  121
  122  120  121  120  121  119  120  119  119  118  118  117  116  115  114  113
  113  112  111  111  110  110  109  109  108  108  108  108  108  108  109  109
  109  109  110  110  112  112  113  114  115  116  117  117  119  119  120  120
  122  122  124  124  125  125  130  162  183                                   
    85.0-180.0 180.0   5.0 450.0                            LAT/LON1/LON2/DLON/H
  131  126  126  130  129  128  128  127  128  127  127  127  126  126  126  125
  124  124  123  123  122  122  121  121  119  119  117  116  114  113  111  110
  108  107  107  105  105  103  103  102  102  101  102  101  102  102  103  103
  104  105  106  106  107  109  110  111  113  114  115  116  117  118  119  120
  121  123  124  124  126  125  129  148  131                                   
    82.5-180.0 180.0   5.0 450.0                            LAT/LON1/LON2/DLON/H
  127  129  129  131  130  130  130  130  130  129  131  129  130  128  130  127
  129  126  129  125  128  125  126  123  124  120  120  117  116  113  112  110
  109  107  106  104  104  102  103  101  102  100  103  100  103  101  105  102
  106  104  108  106  110  109  112  111  114  114  115  116  117  119  119  121
  121  124  124  126  125  126  129  143  127                                   
    80.0-180.0 180.0   5.0 450.0                            LAT/LON1/LON2/DLON/H
  132  134  130  133  130  132  130  132  131  132  131  131  130  129  129  128
  128  127  128  127  129  127  128  126  126  123  122  120  118  116  113  112
  110  109  108  107  105  105  103  103  102  101  101  101  101  101  102  102
  104  104  106  106  108  109  110  111  113  114  115  116  117  119  119  121
  121  124  124  125  126  126  124  133  132                                   
    77.5-180.0 180.0   5.0 450.0                            LAT/LON1/LON2/DLON/H
  131  134  130  129  129  129  132  131  133  131  133  131  132  130  131  129
  130  129  131  131  133  132  133  131  131  128  126  123  121  118  117  114
  114  112  111  110  109  108  107  106  105  104  104  103  104  103  105  105
  107  107  109  109  111  112  113  114  115  115  117  117  119  119  120  120
  122  122  124  122  124  121  121  128  131                                   
    75.0-180.0 180.0   5.0 450.0                            LAT/LON1/LON2/DLON/H
  129  133  128  130  129  131  132  134  134  136  136  137  135  136  134  135
  133  134  133  136  136  138  137  138  136  134  130  129  125  123  120  119
  118  118  116  117  115  115  113  112  110  109  107  108  106  108  108  109
  110  112  113  114  115  116  117  118  119  119  120  120  121  121  122  122
  123  123  124  122  123  120  120  129  129                                   
    72.5-180.0 180.0   5.0 450.0                            LAT/LON1/LON2/DLON/H
  128  131  127  127  128  128  132  132  136  136  140  139  140  138  138  135
  137  135  137  137  140  140  141  140  139  135  133  128  127  122  122  119
  120  118  120  118  119  117  116  113  112  109  108  106  106  106  107  108
  110  111  113  114  116  116  117  118  119  119  120  120  121  120  122  121
  123  122  123  121  123  118  118  129  128                                   
    70.0-180.0 180.0   5.0 450.0                            LAT/LON1/LON2/DLON/H
  127  131  126  128  129  131  133  136  139  142  144  146  146  145  143  142
  141  141  141  143  144  146  146  146  144  141  136  133  130  126  124  123
  123  123  123  123  124  122  120  117  113  110  106  105  104  104  105  107
  109  110  112  113  115  115  116  116  119  118  121  121  123  122  124  123
  124  124  124  122  123  118  119  131  127                                   
    67.5-180.0 180.0   5.0 450.0                            LAT/LON1/LON2/DLON/H
  129  131  127  127  128  130  134  135  141  142  147  147  151  148  149  145
  146  144  146  145  148  147  150  148  147  141  139  132  131  125  125  122
  124  123  124  123  124  122  119  115  111  106  103  100   99   98   99  101
  102  104  105  106  107  108  109  110  112  114  117  119  121  122  124  124
  125  124  126  123  125  121  121  132  129                                   
    65.0-180.0 180.0   5.0 450.0                            LAT/LON1/LON2/DLON/H
  132  136  132  133  133  135  138  140  144  148  152  154  156  156  155  154
  152  151  151  152  153  154  154  154  151  147  141  137  133  129  128  126
  127  126  128  126  127  123  120  114  109  103   98   96   94   94   94   96
   97   97   97   97   98   98  100  103  107  109  114  117  122  123  125  126
  127  127  128  126  129  124  125  138  132                                   
    62.5-180.0 180.0   5.0 450.0                            LAT/LON1/LON2/DLON/H
  138  141  138  137  137  137  141  141  146  148  154  154  159  157  158  155
  156  152  153  152  155  154  157  154  154  148  145  138  138  132  132  129
  131  129  130  127  126  121  118  111  105   98   95   91   90   88   89   89
   89   88   87   87   87   87   89   93   98  104  109  115  120  123  126  127
  129  129  130  130  132  129  131  144  138                                   
    60.0-180.0 180.0   5.0 450.0                            LAT/LON1/LON2/DLON/H
  146  149  147  147  145  145  146  147  149  153  156  160  162  164  163  162
  159  158  157  158  158  159  160  159  158  153  150  147  145  142  141  139
  139  137  136  133  131  125  120  113  107  100   97   94   92   91   89   88
   86   83   81   79   78   79   82   87   93  100  107  114  120  124  127  129
  131  133  135  135  138  134  137  152  146                                   
    57.5-180.0 180.0   5.0 450.0                            LAT/LON1/LON2/DLON/H
  155  158  156  154  151  149  149  148  150  150  154  156  161  161  163  160
  160  156  157  155  158  157  160  158  160  155  156  152  154  150  151  147
  148  143  142  136  134  127  122  114  110  103  100   96   95   92   90   87
   83   79   75   73   71   73   76   81   88   97  104  112  118  123  126  129
  132  134  136  137  139  140  143  160  155                                   
    55.0-180.0 180.0   5.0 450.0                            LAT/LON1/LON2/DLON/H
  166  167  166  163  160  158  156  155  153  155  155  158  160  162  161  161
  158  157  156  157  158  159  161  161  163  162  163  162  164  162  163  160
  157  152  149  143  140  133  129  122  117  112  109  107  104  101   97   93
   86   80   75   72   69   71   74   81   88   97  105  112  118  123  127  130
  134  137  140  140  144  143  148  166  166                                   
    52.5-180.0 180.0   5.0 450.0                            LAT/LON1/LON2/DLON/H
  175  176  176  171  169  165  164  160  158  156  155  154  156  155  156  154
  153  151  152  152  155  155  160  159  164  163  168  168  173  171  173  168
  166  158  156  149  146  138  135  128  124  119  116  113  111  106  102   95
   88   81   75   72   70   72   74   81   88   97  105  112  116  122  126  131
  135  140  142  144  146  148  151  174  175                                   
    50.0-180.0 180.0   5.0 450.0                            LAT/LON1/LON2/DLON/H
  185  184  186  183  182  180  177  174  169  166  161  160  156  155  152  151
  150  149  150  152  155  157  161  164  168  170  175  179  183  183  183  177
  174  166  162  155  153  146  143  137  133  129  126  124  120  116  109  103
   94   87   81   78   75   77   79   86   93  101  109  115  121  124  129  134
  141  146  150  150  154  152  159  181  185                                   
    47.5-180.0 180.0   5.0 450.0                            LAT/LON1/LON2/DLON/H
  192  192  194  193  193  191  191  187  182  178  172  167  161  156  152  148
  145  145  147  149  154  156  162  164  170  173  181  185  191  190  190  183
  179  171  167  161  158  153  150  144  140  135  132  128  125  120  114  107
   98   93   87   85   82   84   85   92   98  106  112  119  122  129  133  141
  148  156  159  161  162  162  163  189  192                                   
    45.0-180.0 180.0   5.0 450.0                            LAT/LON1/LON2/DLON/H
  200  199  202  202  203  204  203  202  197  195  185  178  168  160  152  146
  144  144  147  149  155  159  165  169  176  182  189  194  198  197  196  187
  183  174  171  165  165  160  158  151  148  141  139  134  131  125  120  113
  107  102   98   95   92   92   93   98  105  111  118  124  130  135  142  150
  160  167  174  172  175  171  174  197  200                                   
    42.5-180.0 180.0   5.0 450.0                            LAT/LON1/LON2/DLON/H
  205  205  208  209  212  214  216  215  213  210  204  194  183  171  163  153
  149  146  149  151  157  161  167  172  181  186  195  198  201  198  196  187
  183  176  174  171  169  167  164  159  153  147  142  138  134  129  124  119
  113  110  106  104  100  100  100  104  109  116  122  130  136  145  153  163
  174  183  189  190  189  186  183  208  205                                   
    40.0-180.0 180.0   5.0 450.0                            LAT/LON1/LON2/DLON/H
  214  211  216  217  221  223  226  227  226  226  218  210  197  185  170  161
  154  151  154  157  163  167  172  179  186  196  202  207  206  204  198  191
  187  181  180  176  178  174  173  166  161  153  149  143  140  135  130  125
  121  117  115  111  108  105  104  106  112  117  126  134  144  154  166  177
  189  198  206  205  206  199  197  220  214                                   
    37.5-180.0 180.0   5.0 450.0                            LAT/LON1/LON2/DLON/H
  225  222  224  227  231  236  239  241  242  241  238  231  220  206  191  182
  171  171  169  173  174  180  183  190  195  204  209  211  209  205  202  195
  192  188  187  185  185  183  180  174  168  160  155  150  146  142  137  133
  128  125  121  118  112  109  106  107  111  118  127  139  151  166  178  193
  204  214  221  223  221  218  212  234  225                                   
    35.0-180.0 180.0   5.0 450.0                            LAT/LON1/LON2/DLON/H
  242  235  238  240  246  248  253  254  257  256  254  248  238  226  212  201
  190  188  185  188  189  194  196  204  208  220  220  224  218  216  212  208
  205  200  199  195  193  189  185  180  174  167  162  158  154  149  144  138
  134  130  126  120  115  108  104  103  107  113  126  138  157  173  189  203
  216  224  234  234  235  229  227  247  242                                   
    32.5-180.0 180.0   5.0 450.0                            LAT/LON1/LON2/DLON/H
  262  255  258  262  266  269  272  273  276  277  278  274  268  255  242  229
  218  215  209  212  209  215  213  223  221  233  229  231  225  221  220  217
  215  212  207  202  197  193  187  183  178  174  170  167  162  157  150  144
  137  133  127  121  113  107  101  101  103  110  120  139  157  179  196  212
  223  234  241  246  245  245  242  265  262                                   
    30.0-180.0 180.0   5.0 450.0                            LAT/LON1/LON2/DLON/H
  287  276  285  285  289  287  289  286  290  289  292  287  282  270  255  242
  231  225  223  220  220  220  223  227  232  239  238  239  233  231  229  227
  225  217  211  201  195  188  183  180  178  176  174  171  167  160  153  144
  137  130  125  117  110  103   98   96   98  104  115  132  156  177  198  213
  225  235  246  250  254  254  257  279  287                                   
    27.5-180.0 180.0   5.0 450.0                            LAT/LON1/LON2/DLON/H
  307  306  314  318  318  318  316  313  315  313  315  310  307  294  283  265
  256  247  245  242  240  240  239  244  243  249  244  247  238  235  230  227
  224  216  205  195  185  179  174  173  172  174  174  173  168  161  151  142
  133  125  119  112  105  100   96   96   95  100  108  127  147  175  195  213
  223  237  245  255  259  265  268  294  307                                   
    25.0-180.0 180.0   5.0 450.0                            LAT/LON1/LON2/DLON/H
  327  328  340  344  348  347  344  343  341  342  340  337  332  320  307  291
  276  268  261  258  255  252  252  252  254  255  255  254  248  242  233  226
  221  207  197  182  172  164  160  160  163  166  169  166  162  153  143  132
  122  113  108  103   99   95   94   92   91   93  102  118  141  165  189  206
  220  232  244  253  264  270  279  301  327                                   
    22.5-180.0 180.0   5.0 450.0                            LAT/LON1/LON2/DLON/H
  335  345  356  365  370  373  371  371  370  372  371  368  364  352  340  323
  314  302  300  290  289  278  279  272  271  265  262  258  248  240  227  218
  209  197  185  170  157  148  144  145  148  154  157  156  150  141  129  119
  109  102   98   95   93   93   92   93   89   91   96  111  130  157  180  201
  214  230  242  256  265  276  283  309  335                                   
    20.0-180.0 180.0   5.0 450.0                            LAT/LON1/LON2/DLON/H
  340  349  364  375  385  391  393  397  395  401  396  401  392  388  375  365
  350  343  332  327  316  307  300  292  285  277  271  264  254  242  227  215
  202  187  175  156  145  132  128  127  132  135  139  135  131  120  111  101
   95   89   87   85   89   88   91   88   87   85   89  102  122  147  173  194
  210  226  241  254  268  276  288  311  340                                   
    17.5-180.0 180.0   5.0 450.0                            LAT/LON1/LON2/DLON/H
  333  347  361  378  390  401  405  413  413  420  418  424  418  417  407  398
  387  378  371  359  352  336  328  310  301  282  276  262  251  239  223  210
  195  181  167  149  133  120  114  111  115  117  119  115  110  102   94   87
   82   79   79   79   83   86   87   87   83   82   85   97  115  139  165  189
  206  225  241  256  269  278  286  311  333                                   
    15.0-180.0 180.0   5.0 450.0                            LAT/LON1/LON2/DLON/H
  329  341  356  372  387  398  409  418  424  434  433  443  436  442  430  430
  416  413  400  394  381  366  352  333  315  296  285  272  260  245  226  210
  191  178  163  144  132  116  110  102  104  101  102   95   93   85   81   75
   74   71   73   73   80   81   84   80   78   75   78   89  107  132  159  184
  204  223  241  256  269  277  287  309  329                                   
    12.5-180.0 180.0   5.0 450.0                            LAT/LON1/LON2/DLON/H
  320  333  347  363  377  391  402  415  424  439  440  451  449  456  449  449
  442  440  430  423  410  392  375  350  333  304  292  273  260  245  229  210
  196  181  168  151  136  122  112  102   98   93   91   86   83   77   74   71
   71   69   71   72   75   78   79   77   74   72   74   86  102  127  153  180
  200  221  240  256  268  277  285  308  320                                   
    10.0-180.0 180.0   5.0 450.0                            LAT/LON1/LON2/DLON/H
  318  331  341  352  365  376  388  400  414  431  439  452  453  466  459  468
  460  463  453  447  432  414  393  371  348  323  304  286  269  253  233  216
  201  189  176  163  152  137  128  113  106   94   93   84   86   79   79   75
   75   71   72   70   73   71   72   68   65   64   67   78   96  120  149  176
  199  220  240  256  270  278  288  312  318                                   
     7.5-180.0 180.0   5.0 450.0                            LAT/LON1/LON2/DLON/H
  320  334  340  348  357  367  376  389  401  420  428  444  447  461  460  469
  468  471  466  460  444  428  405  382  360  333  312  288  273  253  238  219
