data/unet/pred1920.15i
     1.0            IONOSPHERE MAPS     GNSS                IONEX VERSION / TYPE
pyspatialgeodesy        IME             05-JAN-18 20:20     PGM / RUN BY / DATE 
Map Name                                                    COMMENT             
Predicted global ionosphere maps (GIM).                     DESCRIPTION         
  2015     7    11     0     0     0                        EPOCH OF FIRST MAP  
  2015     7    12     0     0     0                        EPOCH OF LAST MAP   
  7200                                                      INTERVAL            
    13                                                      # OF MAPS IN FILE   
  NONE                                                      MAPPING FUNCTION    
10.0                                                        ELEVATION CUTOFF    
One-way carrier phase leveled to code                       OBSERVABLES USED    
  6371.0                                                    BASE RADIUS         
 2                                                          MAP DIMENSION       
   450.0 450.0   0.0                                        HGT1 / HGT2 / DHGT  
    87.5 -87.5  -2.5                                        LAT1 / LAT2 / DLAT  
  -180.0 180.0   5.0                                        LON1 / LON2 / DLON  
    -1                                                      EXPONENT            
                                                            END OF HEADER       
[from data line 429]
     2                                                      START OF TEC MAP    
  2015     7    11     2     0     0                        EPOCH OF CURRENT MAP
    87.5-180.0 180.0   5.0 450.0                            LAT/LON1/LON2/DLON/H
  211  215  211  211  211  207  206  205  205  202  201  198  199  196  195  191
  192  189  189  186  187  185  185  183  184  183  184  183  185  185  186  186
  188  189  191  190  192  192  194  193  196  196  199  199  202  203  206  206
  208  210  212  214  215  218  218  220  220  222  221  223  222  224  222  223
  222  223  219  219  217  217  213  220  211                                   
    85.0-180.0 180.0   5.0 450.0                            LAT/LON1/LON2/DLON/H
  211  215  212  215  213  209  207  205  204  202  199  197  196  194  192  190
  189  187  186  184  184  182  182  180  181  180  181  180  181  180  181  180
  181  182  183  184  185  186  187  189  189  192  194  196  197  200  202  204
  206  208  211  213  215  217  219  220  222  222  224  223  225  224  226  224
  226  224  223  220  221  212  217  216  211                                   
    82.5-180.0 180.0   5.0 450.0                            LAT/LON1/LON2/DLON/H
  217  217  216  219  217  214  213  213  212  210  209  207  207  205  203  201
  201  198  197  195  194  193  191  189  189  188  187  187  186  186  186  185
  185  185  187  186  187  187  189  189  190  191  193  194  196  198  201  203
  206  208  212  213  217  218  222  222  226  225  228  227  230  228  230  229
  230  228  228  226  230  223  222  219  217                                   
    80.0-180.0 180.0   5.0 450.0                            LAT/LON1/LON2/DLON/H
  221  219  221  221  221  219  219  217  218  214  215  211  213  209  210  206
  207  202  203  197  198  192  192  186  187  182  183  179  180  177  179  177
  179  178  181  181  183  183  187  187  190  190  195  195  199  200  204  206
  209  211  215  217  221  221  225  226  229  228  231  230  232  231  233  230
  233  230  232  229  233  227  227  224  221                                   
    77.5-180.0 180.0   5.0 450.0                            LAT/LON1/LON2/DLON/H
  218  220  218  222  220  220  220  219  219  216  216  213  213  211  210  208
  207  204  202  198  195  191  187  184  180  177  175  173  172  173  172  175
  175  178  179  182  183  186  188  191  192  195  197  200  202  205  207  211
  212  217  219  223  225  228  230  232  233  234  235  235  235  235  233  234
  232  234  232  235  233  232  228  224  218                                   
    75.0-180.0 180.0   5.0 450.0                            LAT/LON1/LON2/DLON/H
  221  218  221  220  221  218  218  216  217  215  215  212  213  209  209  204
  204  199  199  192  191  184  183  175  174  167  167  162  164  162  166  167
  172  174  180  182  186  188  193  193  197  199  204  206  211  213  218  219
  223  225  229  230  233  234  236  236  237  237  237  237  236  236  235  233
  234  232  234  231  234  227  228  221  221                                   
    72.5-180.0 180.0   5.0 450.0                            LAT/LON1/LON2/DLON/H
  216  217  216  218  215  213  213  211  212  210  211  209  208  205  202  200
  196  195  191  189  184  182  175  172  165  162  157  157  153  157  158  164
  168  174  179  184  187  190  194  196  199  201  205  208  212  215  219  222
  225  228  229  232  232  235  234  235  234  235  233  234  231  233  229  230
  227  230  227  230  229  228  224  218  216                                   
    70.0-180.0 180.0   5.0 450.0                            LAT/LON1/LON2/DLON/H
  217  214  216  215  217  212  215  213  215  214  215  213  213  208  205  199
  196  192  191  186  184  178  176  168  165  157  156  151  152  152  158  162
  170  175  183  187  192  194  198  199  202  204  209  212  217  220  226  228
  232  233  236  235  236  234  234  233  232  231  230  229  227  227  225  224
  224  223  224  223  226  221  222  215  217                                   
    67.5-180.0 180.0   5.0 450.0                            LAT/LON1/LON2/DLON/H
  212  211  209  211  209  208  210  209  212  212  213  213  210  207  201  198
  192  191  187  186  181  179  172  168  160  157  150  150  147  151  155  162
  168  175  182  187  190  192  195  197  199  202  206  210  214  219  224  227
  230  231  232  231  230  229  227  227  225  225  223  223  221  219  218  216
  216  215  215  218  219  219  215  210  212                                   
    65.0-180.0 180.0   5.0 450.0                            LAT/LON1/LON2/DLON/H
  215  210  211  209  210  207  210  209  212  213  215  214  214  209  204  198
  194  190  188  185  184  178  175  167  163  155  153  148  150  151  157  162
  170  175  183  185  189  191  194  194  197  199  204  208  214  218  226  227
  231  230  233  229  231  227  227  224  224  221  221  218  218  215  213  211
  211  210  212  213  216  212  215  209  215                                   
    62.5-180.0 180.0   5.0 450.0                            LAT/LON1/LON2/DLON/H
  215  211  208  210  206  205  207  207  209  211  214  214  214  211  205  202
  195  194  189  189  184  181  173  170  161  158  152  153  151  155  159  165
  169  174  178  180  181  183  183  185  186  192  196  204  208  216  220  224
  226  226  226  224  223  222  220  220  219  220  219  218  216  214  212  209
  208  206  207  210  213  214  214  209  215                                   
    60.0-180.0 180.0   5.0 450.0                            LAT/LON1/LON2/DLON/H
  222  214  215  213  212  207  208  207  209  210  213  213  215  210  208  202
  199  194  194  190  188  181  177  169  166  158  158  155  158  158  164  165
  171  171  176  175  177  176  177  177  179  183  190  196  205  211  218  220
  225  224  226  223  224  221  224  222  224  223  224  223  222  218  217  213
  212  209  211  211  216  213  218  213  222                                   
    57.5-180.0 180.0   5.0 450.0                            LAT/LON1/LON2/DLON/H
  227  221  219  220  214  211  208  207  208  209  212  214  216  214  211  208
  203  202  198  197  191  187  178  174  167  164  161  162  162  165  166  168
  168  168  168  166  165  164  164  166  167  175  181  192  198  208  213  218
  220  222  222  221  221  221  222  224  226  228  229  229  228  225  222  219
  216  214  214  215  220  220  223  218  227                                   
    55.0-180.0 180.0   5.0 450.0                            LAT/LON1/LON2/DLON/H
  236  231  233  231  227  220  217  212  211  209  211  211  214  211  211  207
  207  204  203  198  195  186  182  173  171  165  166  165  170  168  171  167
  168  163  163  158  158  155  157  157  161  166  175  184  195  203  212  216
  221  222  225  224  227  227  232  234  239  240  243  243  241  238  235  230
  229  225  224  224  228  225  232  228  236                                   
    52.5-180.0 180.0   5.0 450.0                            LAT/LON1/LON2/DLON/H
  246  242  242  245  238  231  225  218  215  213  212  213  214  214  213  213
  212  212  209  207  200  194  185  179  173  171  170  172  173  175  173  170
  165  160  157  153  150  150  150  153  155  163  171  184  193  204  210  217
  221  225  227  229  233  234  240  242  247  250  252  253  251  249  244  241
  237  235  234  235  239  238  241  240  246                                   
    50.0-180.0 180.0   5.0 450.0                            LAT/LON1/LON2/DLON/H
  259  255  261  263  257  249  241  231  224  218  215  212  213  211  213  212
  214  214  214  209  204  195  189  179  176  172  174  175  180  178  178  171
  167  158  156  151  150  147  150  150  155  160  169  179  192  201  212  218
  226  230  236  237  242  245  251  254  260  262  265  265  265  262  259  255
  254  250  250  250  254  249  253  252  259                                   
    47.5-180.0 180.0   5.0 450.0                            LAT/LON1/LON2/DLON/H
  271  270  274  280  274  267  258  245  237  228  223  219  217  216  216  217
  218  221  220  218  211  203  194  186  181  179  179  182  184  184  181  176
  168  161  157  152  151  150  151  153  156  162  169  181  191  204  213  222
  230  236  243  245  251  252  260  261  268  270  273  272  272  268  267  264
  264  263  263  264  268  265  263  265  271                                   
    45.0-180.0 180.0   5.0 450.0                            LAT/LON1/LON2/DLON/H
  285  286  291  297  294  288  279  268  256  246  236  228  223  219  220  220
  222  224  225  221  216  206  200  191  189  185  187  187  190  187  186  179
  174  165  163  158  158  155  156  155  159  161  169  178  190  201  215  224
  236  242  251  254  259  261  267  270  275  278  278  278  277  275  275  274
  276  276  277  279  282  275  275  277  285                                   
    42.5-180.0 180.0   5.0 450.0                            LAT/LON1/LON2/DLON/H
  300  298  302  310  309  306  298  288  277  264  253  243  237  232  230  231
  231  234  233  230  225  217  211  204  201  198  199  198  198  195  192  186
  181  174  172  167  166  163  161  162  163  165  171  180  191  205  218  230
  241  248  258  259  266  265  273  272  281  279  282  280  279  278  279  279
  283  285  289  292  296  291  287  289  300                                   
    40.0-180.0 180.0   5.0 450.0                            LAT/LON1/LON2/DLON/H
  318  315  319  324  324  323  318  311  301  288  273  261  252  247  242  241
  240  240  240  235  232  223  220  214  214  210  210  207  206  202  200  195
  193  187  185  180  178  174  173  171  172  171  176  182  193  204  219  230
  245  251  262  264  270  271  275  280  283  287  287  287  286  286  286  290
  293  300  304  311  314  307  302  303  318                                   
    37.5-180.0 180.0   5.0 450.0                            LAT/LON1/LON2/DLON/H
  341  335  336  340  340  339  336  331  322  309  296  283  274  268  262  259
  255  253  250  246  242  236  234  230  231  227  228  223  220  214  213  208
  207  202  199  193  189  185  181  179  179  177  179  184  193  205  218  231
  244  250  261  261  269  267  279  280  291  288  295  291  294  291  295  297
  306  312  321  328  333  328  325  322  341                                   
    35.0-180.0 180.0   5.0 450.0                            LAT/LON1/LON2/DLON/H
  373  369  366  365  361  361  358  356  347  338  322  310  298  289  279  273
  268  264  260  254  251  245  246  246  249  248  248  241  237  227  227  221
  222  216  215  205  201  193  191  186  186  183  185  186  193  201  216  226
  240  246  257  259  265  267  277  283  291  296  299  302  301  304  305  313
  321  333  341  351  359  356  354  350  373                                   
    32.5-180.0 180.0   5.0 450.0                            LAT/LON1/LON2/DLON/H
  408  405  399  394  391  384  381  378  374  364  351  338  326  314  302  294
  284  278  270  264  259  257  260  263  269  268  269  260  255  244  241  236
  234  231  226  217  208  201  196  193  191  188  187  188  192  199  210  222
  235  241  251  253  261  264  276  281  297  298  307  304  310  305  315  320
  336  345  357  368  380  385  385  380  408                                   
    30.0-180.0 180.0   5.0 450.0                            LAT/LON1/LON2/DLON/H
  448  448  440  433  424  418  410  409  402  396  382  370  355  342  327  315
  301  292  281  274  268  269  275  283  291  293  292  282  276  263  258  249
  247  238  233  219  211  199  196  187  189  183  184  181  186  189  202  211
  226  233  245  249  260  264  277  284  299  305  312  315  316  319  325  336
  348  362  374  390  407  413  420  413  448                                   
    27.5-180.0 180.0   5.0 450.0                            LAT/LON1/LON2/DLON/H
  474  485  483  476  467  457  449  444  436  428  415  400  386  371  354  340
  322  310  294  285  279  282  291  302  311  312  311  300  292  277  268  258
  250  241  232  219  206  197  189  185  184  181  179  178  178  181  191  201
  215  224  238  244  256  263  277  286  304  311  322  322  327  324  336  340
  360  368  386  404  424  434  445  438  474                                   
    25.0-180.0 180.0   5.0 450.0                            LAT/LON1/LON2/DLON/H
  500  514  521  521  512  506  493  488  475  467  450  435  418  403  383  366
  343  328  309  300  292  300  310  323  329  330  324  312  301  284  272  256
  245  231  221  205  193  180  176  168  171  165  167  162  165  164  177  184
  201  212  229  238  254  261  278  287  309  317  329  332  337  340  347  358
  372  386  399  419  440  450  468  465  500                                   
    22.5-180.0 180.0   5.0 450.0                            LAT/LON1/LON2/DLON/H
  508  532  549  556  550  545  534  529  515  506  486  472  452  434  411  390
  365  345  325  314  308  316  328  340  344  340  331  315  302  282  267  247
  231  215  202  187  173  164  157  156  156  155  153  153  153  154  163  173
  189  202  222  234  254  266  284  294  316  323  336  338  347  349  360  369
  386  396  411  425  446  458  478  478  508                                   
    20.0-180.0 180.0   5.0 450.0                            LAT/LON1/LON2/DLON/H
  514  537  564  579  579  577  567  563  550  542  523  507  486  466  440  415
  385  363  339  331  325  337  345  356  353  346  328  311  292  270  249  225
  204  184  170  158  147  140  135  132  137  134  137  135  140  138  150  158
  177  192  215  233  257  273  291  304  325  333  343  348  356  364  373  384
  398  412  420  436  454  465  488  489  514                                   
    17.5-180.0 180.0   5.0 450.0                            LAT/LON1/LON2/DLON/H
  501  528  558  580  588  587  584  580  573  566  548  534  513  494  465  438
  405  378  354  341  337  348  356  361  353  335  315  291  273  247  223  196
  175  156  147  137  131  124  120  118  121  122  124  126  130  131  142  151
  170  187  212  234  260  279  299  313  333  339  351  355  367  374  388  396
  412  420  432  443  458  467  485  488  501                                   
    15.0-180.0 180.0   5.0 450.0                            LAT/LON1/LON2/DLON/H
  491  513  541  566  577  583  582  585  580  577  563  550  530  510  485  457
  423  394  365  353  346  356  358  359  341  319  289  266  242  214  185  160
  141  129  122  118  112  109  106  103  107  107  111  113  119  120  132  139
  160  178  206  229  257  276  297  317  338  348  360  370  383  395  406  417
  427  439  447  456  466  468  487  488  491                                   
    12.5-180.0 180.0   5.0 450.0                            LAT/LON1/LON2/DLON/H
  476  494  520  536  554  560  567  570  572  570  563  553  534  518  489  465
  431  402  374  357  351  353  351  341  317  286  255  226  203  176  155  133
  123  114  113  110  108  104  102   97   99   98  101  105  111  113  123  132
  151  171  199  225  251  270  295  314  343  352  370  381  399  412  427  435
  446  456  465  470  474  476  484  487  476                                   
    10.0-180.0 180.0   5.0 450.0                            LAT/LON1/LON2/DLON/H
  477  488  505  517  529  537  543  548  549  553  549  543  528  510  487  460
  432  404  377  360  350  347  335  317  284  249  215  187  167  146  130  118
  110  108  108  108  103  101   99   94   97   94   95   99  104  107  116  124
  144  163  193  218  243  261  287  312  344  361  379  395  413  430  443  455
  464  476  484  487  489  485  494  493  477                                   
     7.5-180.0 180.0   5.0 450.0                            LAT/LON1/LON2/DLON/H
  482  486  500  501  513  514  521  523  527  527  527  520  508  493  467  445
  417  393  369  350  338  326  308  280  242  204  173  150  141  128  122  114
