data/unet/pred2810.15i
     1.0            IONOSPHERE MAPS     GNSS                IONEX VERSION / TYPE
pyspatialgeodesy        IME             05-JAN-18 20:20     PGM / RUN BY / DATE 
Map Name                                                    COMMENT             
Predicted global ionosphere maps (GIM).                     DESCRIPTION         
  2015    10     8     0     0     0                        EPOCH OF FIRST MAP  
  2015    10     9     0     0     0                        EPOCH OF LAST MAP   
  7200                                                      INTERVAL            
    13                                                      # OF MAPS IN FILE   
  NONE                                                      MAPPING FUNCTION    
10.0                                                        ELEVATION CUTOFF    
One-way carrier phase leveled to code                       OBSERVABLES USED    
  6371.0                                                    BASE RADIUS         
 2                                                          MAP DIMENSION       
   450.0 450.0   0.0                                        HGT1 / HGT2 / DHGT  
    87.5 -87.5  -2.5                                        LAT1 / LAT2 / DLAT  
  -180.0 180.0   5.0                                        LON1 / LON2 / DLON  
    -1                                                      EXPONENT            
                                                            END OF HEADER       
[from data line 429]
     2                                                      START OF TEC MAP    
  2015    10     8     2     0     0                        EPOCH OF CURRENT MAP
    87.5-180.0 180.0   5.0 450.0                            LAT/LON1/LON2/DLON/H
   89   79   72   64   69   64   67   64   68   64   66   62   65   61   63   59
   62   58   60   55   58   53   55   51   53   49   52   47   51   47   50   46
   50   47   50   48   52   50   53   51   56   53   57   55   60   58   62   60
   65   62   66   64   69   66   70   67   72   69   73   70   74   71   75   71
   75   71   76   73   80   71   80   86   89                                   
    85.0-180.0 180.0   5.0 450.0                            LAT/LON1/LON2/DLON/H
   79   91   73   74   75   72   73   71   72   71   70   70   69   69   68   67
   66   65   62   62   59   57   54   53   49   48   45   46   42   43   41   42
   41   42   42   44   44   46   46   49   50   52   53   55   57   58   60   62
   64   65   67   69   71   72   74   75   77   77   80   80   81   81   83   82
   83   82   85   82   83   78   76   93   79                                   
    82.5-180.0 180.0   5.0 450.0                            LAT/LON1/LON2/DLON/H
   81   83   76   80   75   76   74   77   75   76   74   77   75   77   74   76
   73   73   68   68   62   61   55   54   47   46   40   41   36   37   33   36
   33   35   34   38   37   41   41   46   45   49   49   54   53   57   57   62
   62   65   66   70   71   74   75   79   79   83   83   87   86   89   88   91
   89   91   90   92   90   82   92   99   81                                   
    80.0-180.0 180.0   5.0 450.0                            LAT/LON1/LON2/DLON/H
   85   81   78   72   76   70   74   72   75   73   76   76   79   78   81   79
   81   76   76   71   69   61   58   51   47   39   37   31   30   25   26   24
   26   24   28   28   32   31   36   36   41   40   46   45   51   49   55   53
   61   58   65   64   71   69   76   75   83   81   87   85   91   89   94   90
   95   91   96   91   93   82   84   93   85                                   
    77.5-180.0 180.0   5.0 450.0                            LAT/LON1/LON2/DLON/H
   90   88   79   83   75   76   73   77   75   79   78   84   82   87   85   89
   85   87   82   82   74   71   63   59   49   45   37   35   28   28   25   28
   24   29   28   34   32   37   36   43   40   45   44   49   47   52   51   56
   55   60   60   66   66   72   73   78   80   84   87   90   92   95   96   98
   98   99   99  100   96   90   90   97   90                                   
    75.0-180.0 180.0   5.0 450.0                            LAT/LON1/LON2/DLON/H
   93   88   83   81   78   75   76   75   75   76   78   79   81   82   85   85
   86   85   85   82   78   72   68   60   52   45   40   35   31   29   29   29
   30   31   34   36   37   39   41   42   44   44   46   46   47   46   48   48
   49   50   52   55   58   62   65   70   72   77   80   84   86   89   91   94
   95   97   99  101   99   94   94  100   93                                   
    72.5-180.0 180.0   5.0 450.0                            LAT/LON1/LON2/DLON/H
  100   94   89   87   81   79   77   77   75   76   76   78   76   79   79   81
   80   81   81   80   76   73   68   61   52   46   42   37   34   33   34   35
   35   37   39   41   40   42   43   44   42   43   43   44   43   43   43   43
   42   44   45   48   50   54   59   63   68   71   77   80   83   86   89   91
   93   95   99  100  101   98  103  105  100                                   
    70.0-180.0 180.0   5.0 450.0                            LAT/LON1/LON2/DLON/H
  103   99   95   92   89   84   84   80   80   76   77   74   74   71   72   71
   73   73   75   74   73   70   68   61   56   50   47   43   43   42   45   45
   46   47   48   48   47   47   47   47   46   46   47   46   47   44   45   42
   44   42   46   47   52   54   59   64   69   74   77   81   83   85   88   89
   92   94   99  103  104  104  109  111  103                                   
    67.5-180.0 180.0   5.0 450.0                            LAT/LON1/LON2/DLON/H
  109  105  101   98   92   90   87   86   82   81   76   73   68   65   62   61
   60   63   65   68   66   66   63   60   52   50   47   47   46   48   50   52
   51   52   51   50   47   46   44   44   42   43   43   44   42   43   42   44
   42   44   45   48   51   56   61   66   71   76   80   82   84   85   87   87
   88   90   96   99  105  105  114  115  109                                   
    65.0-180.0 180.0   5.0 450.0                            LAT/LON1/LON2/DLON/H
  109  107  103  100   98   92   93   89   89   82   81   70   66   56   54   48
   50   50   55   57   60   59   59   55   53   50   50   50   52   53   56   57
   56   55   52   49   45   42   41   40   40   40   43   43   46   45   47   46
   48   48   51   53   58   62   68   74   79   84   87   89   90   91   91   91
   91   92   96  101  105  108  115  117  109                                   
    62.5-180.0 180.0   5.0 450.0                            LAT/LON1/LON2/DLON/H
  111  106  102  100   95   93   92   92   89   86   80   72   61   53   45   42
   39   42   45   51   51   54   51   50   44   45   44   47   48   52   53   55
   52   50   45   42   36   34   32   33   32   35   38   42   42   46   46   49
   47   51   51   56   60   68   73   80   85   90   93   95   96   96   95   93
   92   91   95   97  103  105  114  118  111                                   
    60.0-180.0 180.0   5.0 450.0                            LAT/LON1/LON2/DLON/H
  108  105   98   95   95   89   92   90   92   87   84   72   64   50   44   35
   35   35   40   43   45   45   45   42   41   39   42   43   46   48   50   50
   47   43   39   35   30   28   28   29   31   34   39   42   46   48   51   51
   54   53   58   61   69   75   82   90   96  101  104  107  108  107  106  104
  100   98   98  100  102  104  110  114  108                                   
    57.5-180.0 180.0   5.0 450.0                            LAT/LON1/LON2/DLON/H
  109  102   95   92   87   87   86   89   88   88   82   75   62   52   42   36
   31   33   34   38   38   39   38   36   33   33   34   37   38   40   40   40
   36   33   29   26   23   22   24   25   28   32   37   42   45   49   50   53
   52   56   59   66   73   82   89   98  104  108  112  115  117  116  117  113
  110  105  104  101  103  101  109  114  109                                   
    55.0-180.0 180.0   5.0 450.0                            LAT/LON1/LON2/DLON/H
  111  108   96   91   90   86   87   87   90   87   85   75   68   54   47   36
   34   30   32   32   33   31   31   27   28   26   30   30   33   33   34   32
   30   28   26   25   23   24   25   29   31   37   41   46   49   52   55   55
   57   58   65   70   80   89   98  107  113  118  122  125  127  128  127  125
  120  115  113  109  108  107  111  113  111                                   
    52.5-180.0 180.0   5.0 450.0                            LAT/LON1/LON2/DLON/H
  119  114  105  101   95   93   90   90   89   88   84   79   69   61   50   42
   34   32   28   28   26   26   25   24   24   25   28   29   30   30   29   27
   27   26   27   26   29   29   34   35   40   42   48   50   53   54   56   57
   57   62   67   76   85   96  106  115  121  125  129  132  135  136  138  133
  130  124  123  117  115  113  119  120  119                                   
    50.0-180.0 180.0   5.0 450.0                            LAT/LON1/LON2/DLON/H
  129  131  118  115  111  104  100   97   94   89   86   79   75   64   57   44
   38   29   27   21   22   18   21   19   23   24   27   28   30   29   28   27
   28   29   31   34   36   39   42   45   47   51   54   57   57   59   59   60
   62   65   73   83   94  106  118  128  134  137  139  141  142  144  145  144
  140  137  135  132  130  128  131  130  129                                   
    47.5-180.0 180.0   5.0 450.0                            LAT/LON1/LON2/DLON/H
  145  147  140  139  132  125  118  110  103   95   89   85   79   73   64   53
   42   34   27   23   19   20   22   24   28   31   35   34   35   34   34   33
   35   37   42   45   51   53   58   58   61   61   65   64   66   65   66   66
   69   73   80   90  103  117  130  139  146  147  149  148  149  149  153  151
  149  146  146  143  143  143  146  148  145                                   
    45.0-180.0 180.0   5.0 450.0                            LAT/LON1/LON2/DLON/H
  159  165  157  156  152  144  136  123  112  101   94   87   85   76   70   55
   45   32   27   19   22   21   27   30   37   38   43   41   43   41   41   41
   43   46   51   56   61   66   68   69   69   70   72   74   73   73   73   73
   76   81   89  100  115  131  144  155  160  159  159  155  154  154  156  155
  153  151  153  151  152  152  157  159  159                                   
    42.5-180.0 180.0   5.0 450.0                            LAT/LON1/LON2/DLON/H
  176  180  176  177  173  166  155  141  126  112  102   95   91   85   75   62
   49   38   30   29   29   34   38   43   47   51   52   52   51   50   50   51
   53   57   61   66   71   75   78   76   77   77   81   81   82   81   82   82
   86   91   99  111  126  141  155  166  170  168  165  158  158  154  155  152
  151  151  153  154  156  160  165  172  176                                   
    40.0-180.0 180.0   5.0 450.0                            LAT/LON1/LON2/DLON/H
  188  194  188  188  186  180  168  153  137  121  109  100   97   88   80   64
   53   40   36   36   42   46   52   55   59   59   61   58   59   57   59   58
   61   63   67   71   75   79   80   81   82   84   87   90   91   91   92   91
   95  100  110  123  137  153  167  178  181  178  173  167  164  161  159  156
  154  153  157  158  162  166  173  177  188                                   
    37.5-180.0 180.0   5.0 450.0                            LAT/LON1/LON2/DLON/H
  201  204  198  198  196  190  180  166  148  132  121  111  107   97   86   71
   60   50   49   52   60   65   68   69   68   67   66   65   63   65   65   66
   67   69   71   74   77   80   82   82   86   88   93   96   98   97   97   98
  102  109  119  133  147  164  179  189  195  190  186  178  176  169  168  161
  160  158  162  164  169  176  183  188  201                                   
    35.0-180.0 180.0   5.0 450.0                            LAT/LON1/LON2/DLON/H
  215  214  206  201  199  194  184  171  153  140  127  118  111  100   89   73
   63   56   57   63   71   77   79   76   73   68   68   65   68   69   72   72
   73   74   74   77   79   83   83   86   88   93   98  102  104  103  105  104
  109  116  127  140  155  172  187  200  206  206  202  198  195  193  187  184
  175  173  171  174  177  185  193  194  215                                   
    32.5-180.0 180.0   5.0 450.0                            LAT/LON1/LON2/DLON/H
  237  231  220  211  207  198  191  175  161  145  135  123  117  104   92   77
   70   64   67   73   82   84   83   78   73   69   67   69   69   74   76   78
   77   77   76   77   78   82   84   86   89   94   99  103  104  103  102  104
  108  116  128  142  158  176  191  204  214  214  215  212  216  214  214  207
  199  191  186  185  187  197  207  209  237                                   
    30.0-180.0 180.0   5.0 450.0                            LAT/LON1/LON2/DLON/H
  266  257  242  226  220  210  199  186  170  156  143  132  124  109   97   81
   74   68   70   76   83   84   82   76   72   69   71   73   77   82   86   88
   87   85   84   84   86   88   90   92   95   99  104  107  108  105  105  104
  110  116  130  143  161  179  197  213  225  228  232  234  241  246  246  246
  233  226  213  212  205  220  227  230  266                                   
    27.5-180.0 180.0   5.0 450.0                            LAT/LON1/LON2/DLON/H
  304  296  275  257  245  231  218  199  186  166  155  137  129  111   99   81
   75   68   68   70   76   74   74   71   71   72   78   82   87   93   96   97
   95   93   90   91   91   93   93   94   95   97   99  103  101  101   98  102
  106  115  126  139  156  175  195  214  227  234  240  247  258  267  274  271
  264  253  245  235  229  242  252  255  304                                   
    25.0-180.0 180.0   5.0 450.0                            LAT/LON1/LON2/DLON/H
  354  346  324  289  274  251  235  219  202  187  171  157  140  123  104   85
   74   64   59   59   63   62   66   67   73   81   92   99  105  111  113  113
  112  109  107  105  105  104  104  102  102  100  101  100   99   97   97   99
  105  114  128  141  159  178  200  218  234  242  253  264  282  295  309  306
  299  288  277  268  259  275  282  285  354                                   
    22.5-180.0 180.0   5.0 450.0                            LAT/LON1/LON2/DLON/H
  402  398  370  339  308  283  260  239  224  203  191  168  157  132  116   92
   77   59   49   44   47   48   59   68   85  100  115  123  128  131  130  129
  126  125  120  118  114  113  108  104   99   95   92   91   90   89   89   94
  101  112  128  142  160  183  206  226  241  252  262  276  294  311  323  326
  319  309  300  286  285  292  310  311  402                                   
    20.0-180.0 180.0   5.0 450.0                            LAT/LON1/LON2/DLON/H
  453  450  426  390  364  333  303  279  258  240  224  203  185  161  137  109
   86   62   47   36   42   47   67   84  107  124  141  147  149  146  146  140
  140  137  134  128  125  120  115  107  100   92   89   85   85   82   83   89
  100  114  131  147  168  193  216  238  255  267  279  294  318  333  354  351
  358  343  342  326  323  333  347  349  453                                   
    17.5-180.0 180.0   5.0 450.0                            LAT/LON1/LON2/DLON/H
  490  495  472  451  422  395  363  337  305  285  260  231  211  184  164  133
  106   77   57   46   54   64   90  113  139  157  172  176  172  166  159  154
  151  148  142  136  131  124  117  107   98   89   82   78   78   75   77   84
   98  112  132  149  174  198  225  248  268  284  299  316  336  353  369  376
  379  379  376  369  373  377  384  388  490                                   
    15.0-180.0 180.0   5.0 450.0                            LAT/LON1/LON2/DLON/H
  524  531  515  492  480  454  425  402  374  352  319  287  256  228  206  176
  149  115   96   79   90  100  128  148  174  188  205  197  194  177  169  160
  158  154  148  142  135  129  119  109   99   89   82   75   76   72   76   83
   98  115  135  157  181  208  234  260  283  307  324  343  358  375  391  398
  412  411  418  412  417  422  430  431  524                                   
    12.5-180.0 180.0   5.0 450.0                            LAT/LON1/LON2/DLON/H
  536  555  550  543  530  513  483  462  433  413  379  350  313  283  254  223
  195  165  145  132  141  151  172  191  214  225  230  222  208  191  177  168
  165  160  154  146  139  130  123  112  104   94   87   79   79   73   76   80
   97  113  137  159  186  212  242  268  298  322  344  359  378  389  407  420
  433  440  447  453  458  464  464  470  536                                   
    10.0-180.0 180.0   5.0 450.0                            LAT/LON1/LON2/DLON/H
  547  565  572  568  565  549  529  506  483  455  432  402  376  348  323  289
  257  227  210  197  207  209  228  239  255  253  256  232  223  200  190  179
  173  169  157  151  141  134  125  116  108   97   92   84   83   77   77   83
   98  115  139  161  188  215  244  273  305  335  356  378  391  407  416  432
  439  454  464  474  482  489  484  494  547                                   
     7.5-180.0 180.0   5.0 450.0                            LAT/LON1/LON2/DLON/H
  543  564  575  579  578  573  558  540  517  496  470  447  423  409  386  364
  330  311  292  289  294  300  301  300  292  280  268  247  228  214  204  195
