data/unet/pred1740.15i
     1.0            IONOSPHERE MAPS     GNSS                IONEX VERSION / TYPE
pyspatialgeodesy        IME             05-JAN-18 20:20     PGM / RUN BY / DATE 
Map Name                                                    COMMENT             
Predicted global ionosphere maps (GIM).                     DESCRIPTION         
  2015     6    23     0     0     0                        EPOCH OF FIRST MAP  
  2015     6    24     0     0     0                        EPOCH OF LAST MAP   
  7200                                                      INTERVAL            
    13                                                      # OF MAPS IN FILE   
  NONE                                                      MAPPING FUNCTION    
10.0                                                        ELEVATION CUTOFF    
One-way carrier phase leveled to code                       OBSERVABLES USED    
  6371.0                                                    BASE RADIUS         
 2                                                          MAP DIMENSION       
   450.0 450.0   0.0                                        HGT1 / HGT2 / DHGT  
    87.5 -87.5  -2.5                                        LAT1 / LAT2 / DLAT  
  -180.0 180.0   5.0                                        LON1 / LON2 / DLON  
    -1                                                      EXPONENT            
                                                            END OF HEADER       
[from data line 3003]
     8                                                      START OF TEC MAP    
  2015     6    23    14     0     0                        EPOCH OF CURRENT MAP
    87.5-180.0 180.0   5.0 450.0                            LAT/LON1/LON2/DLON/H
  157  160  166  162  162  156  157  152  155  150  152  147  150  145  148  144
  146  143  146  142  145  142  145  142  145  142  146  142  146  143  146  144
  147  144  148  145  148  144  147  142  145  141  144  140  143  140  144  142
  146  144  149  147  152  150  155  152  157  154  158  155  159  156  159  156
  159  157  160  159  160  158  166  153  157                                   
    85.0-180.0 180.0   5.0 450.0                            LAT/LON1/LON2/DLON/H
  148  153  150  151  151  150  152  151  152  149  151  149  151  148  150  147
  150  146  150  146  150  145  150  145  149  144  149  144  148  143  148  143
  148  143  148  143  148  142  146  141  145  139  144  139  144  140  146  143
  148  145  151  149  154  152  156  154  157  155  158  155  159  155  158  155
  157  154  155  151  153  150  153  159  148                                   
    82.5-180.0 180.0   5.0 450.0                            LAT/LON1/LON2/DLON/H
  151  139  144  144  143  144  144  147  145  146  145  148  144  147  145  149
  144  148  145  149  144  148  144  149  142  147  143  148  142  145  141  146
  141  144  141  143  140  141  139  140  137  138  138  140  140  141  143  146
  146  150  151  157  154  160  157  163  157  162  158  163  156  160  155  158
  151  153  147  143  140  140  141  144  151                                   
    80.0-180.0 180.0   5.0 450.0                            LAT/LON1/LON2/DLON/H
  137  134  130  135  136  138  139  141  141  141  143  144  145  144  147  145
  147  145  149  147  148  146  149  147  147  146  147  147  146  145  145  145
  143  142  141  140  139  137  137  136  136  135  138  138  141  140  145  146
  149  149  154  155  157  157  159  160  159  158  158  158  156  154  153  151
  147  146  141  136  131  130  127  132  137                                   
    77.5-180.0 180.0   5.0 450.0                            LAT/LON1/LON2/DLON/H
  126  122  123  126  129  131  135  137  139  139  142  144  145  145  147  147
  148  147  149  150  151  149  151  151  152  150  152  151  152  150  151  150
  150  146  147  146  145  142  143  141  143  141  145  146  149  148  153  153
  157  155  161  160  164  161  165  162  163  160  162  159  158  154  154  149
  148  142  140  131  127  121  123  121  126                                   
    75.0-180.0 180.0   5.0 450.0                            LAT/LON1/LON2/DLON/H
  119  118  115  122  126  128  132  132  135  134  138  137  141  138  142  139
  143  139  144  141  146  143  147  145  149  147  150  149  152  150  153  151
  151  148  147  145  143  140  140  138  139  139  141  142  145  146  149  151
  153  154  158  158  161  159  162  160  162  158  161  156  157  151  152  145
  144  138  136  127  124  118  119  118  119                                   
    72.5-180.0 180.0   5.0 450.0                            LAT/LON1/LON2/DLON/H
  115  113  116  120  126  125  131  131  134  133  135  136  138  137  138  137
  138  136  140  139  143  141  146  145  150  147  153  150  156  152  158  153
  157  150  154  148  150  144  146  142  146  142  148  146  153  149  157  153
  159  155  161  157  162  158  163  158  161  157  160  155  156  151  151  145
  143  138  135  129  123  119  121  116  115                                   
    70.0-180.0 180.0   5.0 450.0                            LAT/LON1/LON2/DLON/H
  114  115  114  120  127  127  133  132  136  133  137  135  140  136  139  134
  139  134  138  135  141  138  143  142  147  144  151  149  156  153  159  157
  160  155  157  153  153  147  148  144  146  143  147  147  152  151  156  155
  159  156  159  157  162  158  162  159  162  158  162  157  158  153  153  147
  145  140  136  129  127  121  121  120  114                                   
    67.5-180.0 180.0   5.0 450.0                            LAT/LON1/LON2/DLON/H
  118  115  119  122  128  127  133  134  137  136  139  138  140  137  139  136
  137  134  136  135  139  138  143  142  147  144  151  150  157  155  162  159
  163  158  161  156  157  150  152  148  152  149  154  154  158  156  160  157
  159  155  158  156  159  156  160  159  162  160  163  161  160  157  155  151
  147  143  139  135  131  126  128  124  118                                   
    65.0-180.0 180.0   5.0 450.0                            LAT/LON1/LON2/DLON/H
  121  121  119  124  130  129  136  135  141  139  144  141  146  141  144  138
  141  135  138  134  140  137  144  141  148  145  153  150  158  157  164  160
  163  160  163  158  158  153  153  151  153  151  156  155  159  158  159  157
  156  153  154  152  156  155  159  158  163  163  166  164  164  161  159  154
  151  147  142  137  135  131  130  132  121                                   
    62.5-180.0 180.0   5.0 450.0                            LAT/LON1/LON2/DLON/H
  126  121  122  124  128  126  131  133  137  137  141  141  146  142  147  141
  144  137  140  135  140  137  143  143  148  147  153  153  159  159  164  161
  163  161  162  160  159  154  157  154  158  156  161  161  163  161  160  157
  155  151  151  150  155  154  160  161  166  167  170  169  168  165  162  157
  153  148  144  139  137  133  137  134  126                                   
    60.0-180.0 180.0   5.0 450.0                            LAT/LON1/LON2/DLON/H
  126  124  120  122  129  125  131  131  139  136  143  141  148  144  150  144
  147  141  140  137  139  137  141  140  149  145  155  151  160  159  163  160
  162  160  160  157  159  155  159  158  162  162  165  167  168  164  162  157
  155  149  151  150  156  155  163  164  170  171  176  173  174  168  166  158
  155  149  144  140  137  133  135  138  126                                   
    57.5-180.0 180.0   5.0 450.0                            LAT/LON1/LON2/DLON/H
  126  120  118  120  121  118  122  124  129  131  136  139  145  145  151  148
  153  142  147  134  141  131  140  137  146  146  155  154  162  159  164  160
  163  160  160  158  159  158  161  162  166  166  172  173  173  170  167  162
  158  154  155  156  160  162  168  171  176  177  180  179  176  171  166  158
  152  146  142  138  135  131  136  133  126                                   
    55.0-180.0 180.0   5.0 450.0                            LAT/LON1/LON2/DLON/H
  124  119  112  113  119  113  118  117  125  125  133  135  144  143  149  151
  152  152  149  146  144  141  139  140  145  147  156  156  163  161  163  162
  161  160  157  157  157  158  160  162  166  168  173  175  175  174  170  166
  162  159  159  159  163  166  172  175  180  181  184  179  178  169  166  154
  149  142  137  134  130  126  129  134  124                                   
    52.5-180.0 180.0   5.0 450.0                            LAT/LON1/LON2/DLON/H
  122  114  108  110  111  107  109  109  116  120  127  132  137  140  146  151
  155  150  154  142  147  133  142  135  144  144  155  153  164  155  165  157
  163  158  163  160  163  161  165  166  169  171  175  178  179  177  177  173
  170  167  167  167  171  173  178  182  184  185  186  181  176  168  162  151
  143  136  131  127  125  122  128  124  122                                   
    50.0-180.0 180.0   5.0 450.0                            LAT/LON1/LON2/DLON/H
  121  116  105  104  110  104  109  105  115  116  127  129  138  139  146  155
  157  163  162  159  159  157  158  158  159  160  163  166  168  168  169  170
  169  173  171  175  171  175  170  173  173  177  179  182  182  183  181  182
  179  178  176  177  179  181  185  187  188  187  185  179  175  165  160  146
  141  132  127  121  118  113  120  123  121                                   
    47.5-180.0 180.0   5.0 450.0                            LAT/LON1/LON2/DLON/H
  118  115  106  106  108  105  107  106  113  115  125  129  134  139  144  157
  159  165  163  160  162  155  161  158  164  159  166  162  172  165  175  169
  179  173  183  180  186  183  186  184  188  188  189  192  191  191  191  191
  191  188  188  188  188  189  190  190  189  187  185  178  173  164  159  148
  139  131  125  120  116  112  122  117  118                                   
    45.0-180.0 180.0   5.0 450.0                            LAT/LON1/LON2/DLON/H
  122  116  105  105  108  104  108  105  113  117  126  131  138  142  148  162
  163  175  169  173  169  170  174  177  181  180  182  180  185  181  193  189
  206  200  211  205  210  208  206  206  203  204  200  201  199  200  200  202
  202  201  198  196  194  194  193  192  189  187  182  177  172  166  159  150
  142  133  126  118  113  109  117  120  122                                   
    42.5-180.0 180.0   5.0 450.0                            LAT/LON1/LON2/DLON/H
  122  118  109  106  108  102  111  107  119  118  130  135  141  148  153  167
  170  180  175  175  171  170  175  178  184  182  185  184  187  187  197  199
  212  212  221  217  223  222  224  224  227  223  223  219  218  216  217  216
  216  211  209  205  202  199  197  193  189  185  182  178  175  170  166  157
  149  139  132  123  119  115  126  120  122                                   
    40.0-180.0 180.0   5.0 450.0                            LAT/LON1/LON2/DLON/H
  133  123  110  105  106  102  107  110  115  123  135  144  151  159  162  178
  176  192  181  191  180  189  187  197  201  202  201  200  202  204  217  223
  240  242  255  249  258  251  255  254  252  249  242  239  234  234  232  232
  231  227  221  217  212  207  203  198  191  188  183  184  182  181  176  170
  162  151  142  133  126  122  125  126  133                                   
    37.5-180.0 180.0   5.0 450.0                            LAT/LON1/LON2/DLON/H
  138  129  115  107  103   99  108  109  121  124  140  149  159  167  173  185
  187  199  196  200  194  191  189  192  202  202  207  207  210  213  224  233
  246  252  261  265  271  271  276  277  278  276  271  267  262  260  256  254
  250  243  237  228  224  217  213  205  199  194  193  194  195  195  192  186
  177  166  156  144  139  132  140  130  138                                   
    35.0-180.0 180.0   5.0 450.0                            LAT/LON1/LON2/DLON/H
  152  136  117  108  102   98  104  105  118  126  141  154  166  176  180  194
  194  208  203  211  202  207  194  209  208  225  221  234  228  243  242  257
  261  273  275  289  295  303  309  315  311  311  298  295  285  286  278  278
  271  265  256  248  240  233  226  217  210  206  202  205  207  209  205  202
  192  182  170  159  149  145  143  140  152                                   
    32.5-180.0 180.0   5.0 450.0                            LAT/LON1/LON2/DLON/H
  159  142  123  114  102   98  103  107  117  125  142  158  172  186  190  203
  204  213  210  218  211  215  200  210  204  224  224  238  242  250  253  260
  265  270  279  295  304  319  328  343  344  344  332  325  314  313  303  302
  293  287  277  269  261  252  244  233  225  216  213  214  216  217  214  208
  198  187  177  165  161  154  160  148  159                                   
    30.0-180.0 180.0   5.0 450.0                            LAT/LON1/LON2/DLON/H
  171  153  132  120  114  104  104  108  117  125  141  160  177  193  200  210
  212  219  221  227  224  223  215  221  223  242  245  261  263  268  265  266
  268  274  280  300  312  331  344  365  369  369  352  348  332  335  322  324
  312  309  296  291  279  273  261  251  241  232  226  225  225  223  217  213
  203  192  181  174  167  168  167  156  171                                   
    27.5-180.0 180.0   5.0 450.0                            LAT/LON1/LON2/DLON/H
  174  162  142  133  121  111  109  110  113  124  135  160  178  200  205  220
  218  227  226  232  226  233  220  230  226  250  251  273  267  273  270  272
  281  287  303  321  338  362  375  397  396  397  379  370  356  353  343  342
  331  328  315  309  294  287  271  261  249  238  233  229  227  222  215  206
  198  186  179  171  172  170  180  164  174                                   
    25.0-180.0 180.0   5.0 450.0                            LAT/LON1/LON2/DLON/H
  179  169  152  142  135  124  118  118  116  128  136  157  180  202  214  225
  227  234  235  236  239  236  235  234  240  251  265  268  273  270  271  269
  279  288  300  321  335  367  384  409  406  409  390  386  368  369  355  358
  346  346  331  326  308  299  278  267  249  238  229  225  221  215  206  199
  190  183  173  172  170  178  181  165  179                                   
    22.5-180.0 180.0   5.0 450.0                            LAT/LON1/LON2/DLON/H
  178  175  157  155  145  136  129  124  119  124  130  154  174  202  213  230
  230  238  238  246  241  247  238  248  243  263  262  276  272  275  277  285
  294  306  322  343  367  394  409  424  421  419  405  397  382  379  368  369
  357  357  339  333  312  299  276  258  238  227  218  212  209  202  195  187
  181  170  167  162  167  171  184  166  178                                   
    20.0-180.0 180.0   5.0 450.0                            LAT/LON1/LON2/DLON/H
  179  177  165  162  156  146  142  135  129  131  132  153  175  199  217  228
  232  238  241  247  250  248  248  249  256  260  268  270  270  269  272  279
  295  314  329  355  370  396  407  422  415  417  404  400  388  386  376  375
  363  360  342  332  309  290  259  239  219  210  203  199  194  187  179  176
  170  164  158  158  159  168  173  162  179                                   
    17.5-180.0 180.0   5.0 450.0                            LAT/LON1/LON2/DLON/H
  174  175  164  168  159  154  148  139  133  128  130  146  166  191  207  226
  229  245  241  255  251  259  250  262  257  273  272  278  277  284  291  311
  332  359  376  396  404  419  419  427  418  417  406  402  394  392  384  382
  366  362  339  327  299  275  242  221  203  195  188  183  180  173  169  166
  166  156  153  148  149  153  164  152  174                                   
    15.0-180.0 180.0   5.0 450.0                            LAT/LON1/LON2/DLON/H
  164  159  156  157  159  155  152  141  135  129  127  140  160  181  199  217
  227  241  246  254  258  264  263  270  275  283  280  287  290  299  317  338
  360  382  389  408  406  419  413  421  411  413  405  403  398  394  389  382
  367  354  331  312  282  255  225  203  186  180  172  170  166  163  159  163
  159  156  149  144  140  143  147  142  164                                   
    12.5-180.0 180.0   5.0 450.0                            LAT/LON1/LON2/DLON/H
  153  147  137  143  144  144  142  135  129  123  126  137  152  175  189  208
  219  238  241  256  256  270  271  280  283  291  295  309  316  342  357  389
  398  422  418  429  423  424  414  418  413  415  411  407  404  399  394  387
  367  352  322  302  265  236  208  187  172  165  159  158  155  156  156  160
  160  154  146  136  129  130  134  126  153                                   
    10.0-180.0 180.0   5.0 450.0                            LAT/LON1/LON2/DLON/H
  143  129  126  121  126  130  132  126  122  117  119  129  144  162  178  197
  214  234  246  255  262  273  281  290  294  303  310  326  342  363  382  401
  418  435  437  441  435  431  422  421  416  416  411  407  401  395  389  378
  360  340  312  288  249  225  198  181  163  159  151  152  151  153  155  163
  160  157  147  134  123  122  121  114  143                                   
     7.5-180.0 180.0   5.0 450.0                            LAT/LON1/LON2/DLON/H
  127  120  111  110  109  109  109  108  105  106  113  124  140  157  172  190
  209  233  242  258  262  279  285  296  305  319  330  356  373  395  402  423
