data/unet/pred1810.15i
     1.0            IONOSPHERE MAPS     GNSS                IONEX VERSION / TYPE
pyspatialgeodesy        IME             05-JAN-18 20:20     PGM / RUN BY / DATE 
Map Name                                                    COMMENT             
Predicted global ionosphere maps (GIM).                     DESCRIPTION         
  2015     6    30     0     0     0                        EPOCH OF FIRST MAP  
  2015     7     1     0     0     0                        EPOCH OF LAST MAP   
  7200                                                      INTERVAL            
    13                                                      # OF MAPS IN FILE   
  NONE                                                      MAPPING FUNCTION    
10.0                                                        ELEVATION CUTOFF    
One-way carrier phase leveled to code                       OBSERVABLES USED    
  6371.0                                                    BASE RADIUS         
 2                                                          MAP DIMENSION       
   450.0 450.0   0.0                                        HGT1 / HGT2 / DHGT  
    87.5 -87.5  -2.5                                        LAT1 / LAT2 / DLAT  
  -180.0 180.0   5.0                                        LON1 / LON2 / DLON  
    -1                                                      EXPONENT            
                                                            END OF HEADER       
[from data line 3861]
    10                                                      START OF TEC MAP    
  2015     6    30    18     0     0                        EPOCH OF CURRENT MAP
    87.5-180.0 180.0   5.0 450.0                            LAT/LON1/LON2/DLON/H
  182  158  155  158  158  158  160  160  161  161  162  162  161  161  160  159
  158  157  156  155  153  152  151  149  148  147  146  145  145  144  144  142
  143  142  142  141  142  140  141  139  141  139  140  138  139  138  139  138
  140  139  140  139  141  141  142  141  143  142  144  143  145  144  145  145
  147  147  148  148  149  149  160  162  182                                   
    85.0-180.0 180.0   5.0 450.0                            LAT/LON1/LON2/DLON/H
  150  151  152  158  157  159  158  161  160  163  161  163  161  163  160  162
  159  160  157  158  155  155  152  152  149  150  146  147  144  145  142  143
  140  141  139  140  138  139  136  138  135  137  135  137  134  137  134  137
  135  139  136  140  137  142  138  142  139  144  140  144  141  145  141  145
  143  147  144  147  145  143  152  157  150                                   
    82.5-180.0 180.0   5.0 450.0                            LAT/LON1/LON2/DLON/H
  151  151  153  155  157  158  158  159  160  161  161  161  161  160  160  159
  159  158  158  156  156  154  153  152  150  148  146  144  143  141  139  138
  137  135  135  133  134  132  132  130  131  130  131  129  131  130  131  131
  132  132  134  134  135  135  136  136  138  137  138  137  139  138  139  138
  140  140  142  141  144  137  141  140  151                                   
    80.0-180.0 180.0   5.0 450.0                            LAT/LON1/LON2/DLON/H
  150  152  149  153  155  155  157  157  158  159  159  159  159  159  159  159
  159  159  158  159  158  158  156  155  152  151  148  147  143  142  138  138
  134  134  131  131  129  130  128  128  127  127  126  127  126  127  126  128
  127  129  129  130  130  132  131  132  132  133  132  133  133  133  133  134
  134  135  135  137  136  133  135  136  150                                   
    77.5-180.0 180.0   5.0 450.0                            LAT/LON1/LON2/DLON/H
  143  146  145  146  149  151  152  153  153  154  153  154  153  154  154  154
  155  155  157  156  158  156  157  155  155  151  151  146  145  140  139  135
  134  130  130  127  128  125  126  123  124  122  123  122  123  122  124  122
  124  124  126  124  126  125  127  125  127  125  126  124  126  125  126  125
  127  126  129  128  130  125  127  131  143                                   
    75.0-180.0 180.0   5.0 450.0                            LAT/LON1/LON2/DLON/H
  141  143  142  145  148  148  150  149  150  149  150  149  150  150  151  151
  154  154  157  157  161  159  162  159  159  155  154  149  147  143  141  138
  135  133  131  129  128  127  126  126  123  124  122  123  120  122  120  121
  119  121  120  121  120  121  121  120  120  119  119  118  118  119  119  119
  120  122  123  125  126  125  126  134  141                                   
    72.5-180.0 180.0   5.0 450.0                            LAT/LON1/LON2/DLON/H
  142  143  144  145  147  149  149  149  148  148  147  147  146  148  149  150
  152  154  157  158  162  162  164  162  162  158  157  151  150  144  143  138
  137  133  133  130  130  128  128  126  125  123  123  120  121  118  119  116
  118  116  118  116  118  115  117  114  115  112  113  111  113  112  114  113
  117  117  121  123  126  123  129  136  142                                   
    70.0-180.0 180.0   5.0 450.0                            LAT/LON1/LON2/DLON/H
  146  146  146  149  152  150  152  150  150  148  147  146  147  147  149  150
  154  155  160  161  165  165  168  165  166  161  160  154  152  147  146  142
  140  137  136  134  133  132  130  130  127  126  123  122  119  119  116  116
  115  116  115  115  114  114  113  111  110  109  108  108  109  110  110  112
  114  118  121  125  127  126  132  139  146                                   
    67.5-180.0 180.0   5.0 450.0                            LAT/LON1/LON2/DLON/H
  151  151  152  152  155  155  154  152  151  149  148  147  148  148  151  152
  156  157  162  163  167  167  169  166  166  161  159  154  152  147  146  143
  141  138  137  136  134  133  132  130  129  127  125  122  120  116  116  114
  115  114  116  114  114  111  110  106  105  102  103  102  105  105  109  110
  114  116  122  126  130  129  136  141  151                                   
    65.0-180.0 180.0   5.0 450.0                            LAT/LON1/LON2/DLON/H
  158  157  156  159  161  159  161  156  156  153  153  151  153  153  157  157
  162  162  166  166  169  168  170  168  168  163  161  155  153  149  148  146
  145  144  142  140  138  137  135  134  131  130  127  125  121  119  116  116
  115  116  116  115  113  110  107  103  101   99   98   99  101  104  107  110
  113  118  122  128  132  133  140  144  158                                   
    62.5-180.0 180.0   5.0 450.0                            LAT/LON1/LON2/DLON/H
  160  161  161  162  165  164  164  160  159  156  155  154  156  157  162  163
  167  166  169  167  170  168  169  167  165  162  158  155  152  151  149  149
  148  147  145  143  141  139  138  137  136  134  133  128  126  121  120  118
  118  118  119  117  115  110  106  101   97   94   93   95   98  101  104  108
  112  117  123  128  133  134  141  145  160                                   
    60.0-180.0 180.0   5.0 450.0                            LAT/LON1/LON2/DLON/H
  160  163  161  165  169  167  168  164  163  159  159  158  162  163  168  169
  172  170  171  168  170  168  169  168  167  164  159  157  154  155  154  156
  156  155  153  150  148  145  144  142  142  140  138  135  130  127  123  122
  121  122  122  120  116  111  105   99   95   92   91   93   95   99  102  105
  109  115  120  127  131  133  140  145  160                                   
    57.5-180.0 180.0   5.0 450.0                            LAT/LON1/LON2/DLON/H
  154  160  160  163  168  168  168  165  163  160  160  159  163  166  171  173
  175  172  171  168  167  166  167  167  166  164  160  159  157  159  160  163
  162  162  159  156  152  149  149  147  148  147  146  141  137  132  129  125
  126  125  125  122  119  112  106   99   93   89   88   90   93   96   98  101
  104  110  115  121  126  127  136  140  154                                   
    55.0-180.0 180.0   5.0 450.0                            LAT/LON1/LON2/DLON/H
  148  155  156  162  168  169  171  168  167  163  162  161  166  168  175  175
  178  173  171  166  166  166  168  169  170  168  165  164  164  167  169  172
  174  172  170  165  162  157  158  154  156  154  153  148  143  138  133  130
  127  128  127  124  120  113  105   99   94   91   89   91   92   95   95   98
   98  104  107  115  120  122  129  138  148                                   
    52.5-180.0 180.0   5.0 450.0                            LAT/LON1/LON2/DLON/H
  141  150  153  159  167  170  172  169  168  164  163  161  164  168  173  175
  176  172  169  165  164  164  167  171  172  173  172  172  172  176  178  183
  183  183  178  175  169  167  165  165  165  163  161  155  150  143  138  133
  131  129  129  125  122  115  108  101   96   93   91   92   94   94   93   93
   93   97  101  108  112  113  123  132  141                                   
    50.0-180.0 180.0   5.0 450.0                            LAT/LON1/LON2/DLON/H
  136  146  150  159  168  172  176  174  173  170  167  165  167  168  173  174
  176  172  169  165  165  167  171  176  179  181  182  182  185  187  191  192
  195  192  190  184  182  177  177  174  175  172  170  163  157  150  143  138
  134  132  130  128  123  117  111  105  101   98   97   98   98   98   95   94
   92   95   97  103  107  109  119  132  136                                   
    47.5-180.0 180.0   5.0 450.0                            LAT/LON1/LON2/DLON/H
  135  145  150  159  170  176  180  180  179  175  173  169  169  171  174  176
  175  174  170  167  167  169  174  179  185  188  191  193  195  198  201  205
  205  205  201  198  192  191  189  187  185  182  178  171  164  155  148  141
  136  133  131  128  125  120  116  111  107  104  104  103  104  102   98   96
   93   95   96  101  103  106  117  130  135                                   
    45.0-180.0 180.0   5.0 450.0                            LAT/LON1/LON2/DLON/H
  138  149  154  165  176  182  188  189  188  187  182  179  178  177  178  180
  179  178  175  174  173  177  182  187  194  198  203  204  208  207  212  211
  215  213  212  208  206  203  203  198  196  189  185  177  169  161  153  146
  140  136  133  131  128  125  121  118  116  114  113  112  112  110  106  103
   99  100  101  104  106  108  119  132  138                                   
    42.5-180.0 180.0   5.0 450.0                            LAT/LON1/LON2/DLON/H
  144  155  161  171  182  190  196  197  198  196  195  191  189  188  188  190
  188  188  184  183  183  184  189  194  201  207  213  216  218  220  221  225
  226  229  227  228  225  224  220  217  209  202  193  185  177  168  161  152
  146  141  137  134  133  130  130  127  127  123  123  121  121  119  114  111
  107  108  106  109  109  110  122  134  144                                   
    40.0-180.0 180.0   5.0 450.0                            LAT/LON1/LON2/DLON/H
  152  162  169  179  191  197  204  207  209  211  209  209  205  204  200  202
  202  203  198  197  195  197  201  204  213  217  226  228  233  231  235  235
  240  244  248  249  249  245  243  234  228  214  206  195  187  178  170  162
  154  148  143  141  140  138  138  137  137  133  133  130  131  128  125  123
  119  119  117  118  115  116  126  136  152                                   
    37.5-180.0 180.0   5.0 450.0                            LAT/LON1/LON2/DLON/H
  158  169  175  184  195  203  210  214  218  221  223  222  221  219  217  217
  217  219  215  214  211  210  213  216  222  230  238  246  248  250  251  257
  262  271  275  280  277  275  266  260  246  235  220  210  200  191  183  174
  165  158  152  149  147  146  147  146  147  143  143  140  140  138  134  134
  128  130  124  125  121  120  131  139  158                                   
    35.0-180.0 180.0   5.0 450.0                            LAT/LON1/LON2/DLON/H
  163  173  179  190  202  207  216  218  226  231  237  239  238  237  232  234
  233  236  232  232  229  228  229  230  238  244  256  261  268  268  275  280
  290  301  306  308  306  299  290  279  266  251  239  227  218  208  199  189
  179  170  164  158  155  153  153  151  152  148  148  145  146  144  142  141
  137  137  133  133  127  126  134  141  163                                   
    32.5-180.0 180.0   5.0 450.0                            LAT/LON1/LON2/DLON/H
  163  177  183  191  203  209  218  222  231  238  247  251  253  251  248  247
  247  249  247  248  247  245  245  247  252  262  271  282  288  294  300  313
  321  331  332  332  327  318  306  296  281  268  252  243  232  224  213  202
  191  181  174  167  163  159  158  155  155  151  151  148  149  148  146  147
  142  144  136  136  128  127  136  143  163                                   
    30.0-180.0 180.0   5.0 450.0                            LAT/LON1/LON2/DLON/H
  162  177  183  195  206  212  220  225  236  245  256  265  267  266  261  261
  260  262  261  262  261  261  261  262  269  275  289  297  309  316  326  337
  345  354  356  353  345  334  323  308  294  279  265  254  245  236  224  212
  200  190  181  172  166  160  156  153  151  148  146  144  146  146  147  147
  145  144  139  137  131  130  135  143  162                                   
    27.5-180.0 180.0   5.0 450.0                            LAT/LON1/LON2/DLON/H
  160  176  185  196  207  214  224  229  241  250  262  270  277  276  274  272
  271  273  272  273  274  276  276  279  284  294  304  318  326  338  345  359
  365  375  374  369  353  340  324  310  296  281  269  257  249  238  228  214
  204  192  183  172  163  154  149  144  143  140  140  139  141  142  143  146
  142  145  136  136  126  124  134  141  160                                   
    25.0-180.0 180.0   5.0 450.0                            LAT/LON1/LON2/DLON/H
  156  175  183  196  210  217  227  234  246  256  268  279  287  290  289  286
  285  285  284  284  286  287  291  293  299  304  317  329  341  350  358  371
  382  393  390  380  361  343  326  311  295  280  268  256  247  236  224  212
  201  189  178  166  155  145  138  134  132  129  129  128  131  133  136  139
  138  139  135  131  127  124  132  141  156                                   
    22.5-180.0 180.0   5.0 450.0                            LAT/LON1/LON2/DLON/H
  154  173  182  196  211  221  234  242  253  261  273  282  294  299  302  302
  301  301  298  297  298  300  303  307  310  318  327  342  349  360  365  381
  393  402  395  379  356  338  317  301  286  271  258  247  237  225  214  201
  192  179  169  155  143  132  125  121  121  119  118  118  119  123  125  130
  129  133  128  130  123  120  131  138  154                                   
    20.0-180.0 180.0   5.0 450.0                            LAT/LON1/LON2/DLON/H
  153  170  182  196  213  225  236  247  258  267  277  290  301  314  320  323
  323  320  316  311  310  308  312  312  317  323  333  347  357  366  374  390
  398  406  391  373  348  330  308  295  278  264  250  239  229  216  204  192
  181  169  157  143  129  118  111  108  108  107  108  106  110  110  114  119
  120  125  124  124  121  119  129  137  153                                   
    17.5-180.0 180.0   5.0 450.0                            LAT/LON1/LON2/DLON/H
  151  168  180  196  213  227  240  251  261  271  281  293  309  322  335  341
  343  341  334  328  323  321  320  323  323  331  338  351  358  368  375  385
  391  391  375  357  335  318  300  287  271  255  242  229  218  204  194  179
  170  156  145  131  117  106  101   98  100  100  100   99   98  102  102  109
  109  117  116  120  115  114  125  132  151                                   
    15.0-180.0 180.0   5.0 450.0                            LAT/LON1/LON2/DLON/H
  148  167  179  193  212  225  239  251  263  273  282  296  311  331  344  358
  360  361  354  345  336  329  326  326  327  334  342  356  364  375  376  385
  383  381  362  344  325  311  297  286  268  254  239  226  214  201  188  174
  162  149  136  123  109  100   94   92   94   94   95   91   91   91   92   97
   99  106  110  111  110  110  123  126  148                                   
    12.5-180.0 180.0   5.0 450.0                            LAT/LON1/LON2/DLON/H
  141  158  174  190  207  223  238  251  264  275  285  299  316  336  353  367
  375  376  371  361  349  339  334  335  333  340  346  360  368  373  374  373
  370  361  346  335  319  311  296  288  270  254  240  225  213  199  186  169
  156  142  131  119  108   99   94   92   95   95   93   90   86   86   84   89
   89   97   98  103  101  102  111  117  141                                   
    10.0-180.0 180.0   5.0 450.0                            LAT/LON1/LON2/DLON/H
  132  152  168  183  203  217  233  249  263  276  285  299  314  336  352  372
  379  386  378  371  358  348  340  339  339  348  353  370  374  380  374  374
  365  357  341  331  320  313  302  292  275  259  244  230  217  202  186  169
  154  140  127  118  108  101   95   95   95   95   93   88   85   83   81   82
   83   87   92   92   95   93  106  107  132                                   
     7.5-180.0 180.0   5.0 450.0                            LAT/LON1/LON2/DLON/H
  120  139  158  179  197  216  233  251  264  278  287  300  314  334  351  368
  379  386  383  376  365  355  348  348  348  355  363  372  379  376  374  366
