data/unet/pred3570.15i
     1.0            IONOSPHERE MAPS     GNSS                IONEX VERSION / TYPE
pyspatialgeodesy        IME             05-JAN-18 20:20     PGM / RUN BY / DATE 
Map Name                                                    COMMENT             
Predicted global ionosphere maps (GIM).                     DESCRIPTION         
  2015    12    23     0     0     0                        EPOCH OF FIRST MAP  
  2015    12    24     0     0     0                        EPOCH OF LAST MAP   
  7200                                                      INTERVAL            
    13                                                      # OF MAPS IN FILE   
  NONE                                                      MAPPING FUNCTION    
10.0                                                        ELEVATION CUTOFF    
One-way carrier phase leveled to code                       OBSERVABLES USED    
  6371.0                                                    BASE RADIUS         
 2                                                          MAP DIMENSION       
   450.0 450.0   0.0                                        HGT1 / HGT2 / DHGT  
    87.5 -87.5  -2.5                                        LAT1 / LAT2 / DLAT  
  -180.0 180.0   5.0                                        LON1 / LON2 / DLON  
    -1                                                      EXPONENT            
                                                            END OF HEADER       
[from data line 1287]
     4                                                      START OF TEC MAP    
  2015    12    23     6     0     0                        EPOCH OF CURRENT MAP
    87.5-180.0 180.0   5.0 450.0                            LAT/LON1/LON2/DLON/H
   -1   40   39   36   39   35   38   35   38   35   37   33   35   32   33   30
   31   29   30   27   29   27   29   27   29   27   30   27   30   28   31   28
   31   29   31   29   31   29   31   29   30   29   30   28   30   28   30   28
   30   28   30   28   30   28   31   28   32   28   32   28   32   28   32   28
   32   29   33   31   35   31   38   10   -1                                   
    85.0-180.0 180.0   5.0 450.0                            LAT/LON1/LON2/DLON/H
   41   35   50   45   54   47   55   50   56   49   55   48   53   44   50   41
   46   37   43   35   40   33   40   33   39   32   39   33   40   33   41   35
   42   35   42   35   41   35   41   34   39   32   38   31   35   30   35   30
   35   30   36   32   38   33   39   34   40   35   40   35   40   35   40   35
   39   35   40   36   41   32   44   24   41                                   
    82.5-180.0 180.0   5.0 450.0                            LAT/LON1/LON2/DLON/H
   37   54   48   51   50   52   51   55   53   54   52   53   50   50   47   46
   43   41   39   38   36   34   34   33   34   32   34   34   35   35   37   38
   39   40   41   42   42   42   42   42   42   41   40   39   39   37   37   35
   37   34   36   35   36   35   36   35   36   34   35   34   35   33   34   33
   34   33   35   33   33   32   50   27   37                                   
    80.0-180.0 180.0   5.0 450.0                            LAT/LON1/LON2/DLON/H
   38   45   48   43   45   46   49   51   52   51   52   50   49   46   44   41
   38   35   33   30   27   27   25   26   23   25   24   28   26   31   30   35
   33   38   36   41   37   42   38   42   37   41   36   39   33   36   31   34
   29   33   29   34   30   35   31   35   31   34   31   33   29   31   28   29
   26   28   26   29   26   25   30   27   38                                   
    77.5-180.0 180.0   5.0 450.0                            LAT/LON1/LON2/DLON/H
   33   41   42   43   43   46   47   52   50   52   48   50   45   45   40   40
   35   34   30   29   26   25   24   24   23   24   25   26   26   29   30   34
   34   38   38   42   40   44   41   44   40   42   40   41   38   39   37   38
   37   38   38   39   39   41   40   42   40   40   38   39   35   35   32   32
   29   30   28   29   27   22   33   26   33                                   
    75.0-180.0 180.0   5.0 450.0                            LAT/LON1/LON2/DLON/H
   34   38   46   39   42   46   48   52   51   52   49   49   44   43   38   37
   32   31   28   28   24   25   24   26   23   26   25   29   28   32   32   36
   36   40   41   44   43   45   44   45   43   43   42   42   41   41   41   41
   42   43   45   47   48   50   52   53   53   53   52   51   48   46   43   41
   37   37   35   36   33   29   35   25   34                                   
    72.5-180.0 180.0   5.0 450.0                            LAT/LON1/LON2/DLON/H
   32   34   38   37   40   43   46   49   49   49   47   45   41   38   35   32
   29   27   26   25   25   25   26   27   28   29   30   31   32   33   35   37
   39   40   42   44   42   44   41   43   40   42   40   43   41   44   42   45
   45   49   50   54   54   58   58   62   60   61   59   59   55   54   48   48
   42   42   39   41   37   32   40   26   32                                   
    70.0-180.0 180.0   5.0 450.0                            LAT/LON1/LON2/DLON/H
   34   36   42   33   37   39   44   46   49   47   46   42   40   36   33   31
   29   27   27   27   29   29   31   32   34   34   37   36   39   37   41   39
   42   41   44   41   42   39   40   38   39   37   40   39   42   42   47   47
   52   52   59   60   66   66   73   71   75   71   74   69   69   64   62   58
   54   51   49   47   44   37   43   29   34                                   
    67.5-180.0 180.0   5.0 450.0                            LAT/LON1/LON2/DLON/H
   35   34   36   32   36   37   42   44   46   45   43   40   37   34   31   30
   29   28   29   30   33   35   37   39   40   42   42   43   43   43   43   42
   42   42   41   40   38   37   35   35   34   35   36   39   41   45   48   53
   55   61   64   70   72   78   79   82   81   83   80   80   75   74   68   67
   60   59   56   54   50   43   49   32   35                                   
    65.0-180.0 180.0   5.0 450.0                            LAT/LON1/LON2/DLON/H
   37   38   41   30   32   35   39   41   43   41   40   37   36   34   32   32
   31   33   33   36   37   41   42   43   46   45   47   44   46   43   44   41
   41   39   39   35   33   31   30   29   29   30   33   36   41   44   52   54
   63   64   74   76   85   86   91   89   94   92   97   92   92   86   82   77
   72   68   66   64   60   52   56   38   37                                   
    62.5-180.0 180.0   5.0 450.0                            LAT/LON1/LON2/DLON/H
   42   39   38   31   33   32   37   38   40   39   38   36   34   34   33   34
   35   37   38   42   42   45   45   48   47   48   45   45   42   41   39   37
   36   34   33   30   28   26   25   25   25   26   31   34   41   47   54   60
   67   76   83   90   94   99   99  101  101  102  104  103  102   97   91   84
   77   73   70   68   64   57   63   44   42                                   
    60.0-180.0 180.0   5.0 450.0                            LAT/LON1/LON2/DLON/H
   43   43   42   29   28   29   32   35   36   36   35   34   34   34   35   37
   39   42   42   44   45   45   46   46   47   45   44   40   39   35   35   31
   31   28   28   26   25   23   21   21   22   25   29   35   44   51   61   67
   77   83   93   97  105  106  108  107  111  112  117  116  117  112  106   97
   89   82   78   77   72   66   67   50   43                                   
    57.5-180.0 180.0   5.0 450.0                            LAT/LON1/LON2/DLON/H
   51   46   41   32   31   29   32   32   34   33   33   33   34   36   38   41
   43   45   45   46   45   45   44   44   42   41   38   34   31   28   26   24
   24   23   24   23   22   22   20   20   22   25   32   37   48   55   67   77
   89   95  105  109  115  117  118  119  121  125  129  131  131  126  119  108
   98   89   84   82   78   72   75   54   51                                   
    55.0-180.0 180.0   5.0 450.0                            LAT/LON1/LON2/DLON/H
   55   53   48   34   29   27   28   29   29   29   29   30   32   36   40   43
   46   47   47   45   44   42   41   39   39   36   34   29   26   23   21   20
   21   21   24   22   22   20   20   20   22   27   36   44   55   65   77   88
   99  105  115  119  124  126  128  126  133  133  144  143  148  141  136  125
  113  100   93   90   85   79   79   61   55                                   
    52.5-180.0 180.0   5.0 450.0                            LAT/LON1/LON2/DLON/H
   66   58   53   41   37   33   33   31   30   29   28   30   32   37   41   45
   47   48   46   44   41   38   36   34   32   30   28   25   22   19   17   17
   19   20   22   23   22   22   20   22   26   32   43   51   63   76   89  100
  112  118  128  131  136  138  138  139  143  148  155  161  163  160  149  139
  123  110   99   95   90   85   84   66   66                                   
    50.0-180.0 180.0   5.0 450.0                            LAT/LON1/LON2/DLON/H
   73   66   62   48   42   38   33   33   30   29   27   30   32   37   41   45
   46   45   42   39   37   34   33   32   32   31   30   27   24   21   20   19
   22   22   25   25   25   24   23   26   31   39   50   59   74   87  101  111
  124  130  139  143  149  148  150  145  154  154  166  171  178  173  165  150
  138  121  110  102   96   90   88   74   73                                   
    47.5-180.0 180.0   5.0 450.0                            LAT/LON1/LON2/DLON/H
   85   74   68   59   55   50   46   42   37   34   32   33   34   38   40   43
   42   41   38   36   34   32   32   32   32   33   31   31   27   24   21   21
   22   25   26   27   26   28   28   33   39   49   58   72   85  102  114  124
  137  144  153  156  161  160  160  156  160  163  173  180  184  183  174  163
  148  134  121  112  106   98   96   78   85                                   
    45.0-180.0 180.0   5.0 450.0                            LAT/LON1/LON2/DLON/H
   92   84   76   67   61   59   54   51   44   41   37   39   37   41   40   41
   38   37   33   32   31   31   33   35   37   38   39   37   33   30   27   26
   27   28   29   30   29   32   33   40   48   59   71   82   99  112  128  139
  152  157  164  169  173  171  170  164  167  166  176  179  187  183  180  165
  154  138  127  116  110  101  100   87   92                                   
    42.5-180.0 180.0   5.0 450.0                            LAT/LON1/LON2/DLON/H
   99   90   80   75   72   69   64   62   57   53   47   48   44   46   42   42
   38   36   34   34   35   36   39   42   43   46   44   45   38   34   30   29
   29   30   30   32   32   37   41   51   59   73   81   99  109  126  141  152
  163  168  177  178  183  179  177  171  171  169  174  178  182  182  176  167
  155  145  133  124  115  107  103   91   99                                   
    40.0-180.0 180.0   5.0 450.0                            LAT/LON1/LON2/DLON/H
  103   93   82   79   75   74   69   70   65   63   58   58   55   55   50   47
   42   40   37   39   40   41   44   47   50   52   50   51   43   39   34   31
   32   31   30   33   33   39   45   59   71   87   99  111  125  138  155  166
  176  181  186  189  191  189  186  179  179  172  176  174  181  176  174  165
  158  148  138  128  120  107  106   95  103                                   
    37.5-180.0 180.0   5.0 450.0                            LAT/LON1/LON2/DLON/H
  103   94   82   79   77   77   74   73   71   71   69   70   66   66   59   56
   51   49   49   49   50   50   52   54   55   56   54   52   45   41   36   34
   31   31   30   33   36   45   55   71   84  104  113  128  138  154  170  179
  191  192  199  197  203  199  198  192  191  184  182  180  180  177  174  168
  163  156  150  139  130  117  110   98  103                                   
    35.0-180.0 180.0   5.0 450.0                            LAT/LON1/LON2/DLON/H
  103   90   76   74   71   70   69   72   70   74   73   79   77   79   73   71
   64   64   61   63   60   61   58   59   58   60   55   53   46   42   39   36
   34   31   30   32   37   47   60   80   96  117  129  141  152  166  180  189
  197  198  202  200  207  208  210  208  207  197  196  188  190  185  184  177
  174  169  164  154  142  123  118  104  103                                   
    32.5-180.0 180.0   5.0 450.0                            LAT/LON1/LON2/DLON/H
  106   91   75   70   68   67   65   66   67   70   74   79   83   85   84   81
   79   79   79   78   76   71   66   63   61   58   55   51   47   42   39   36
   33   30   30   33   41   53   69   90  111  133  145  156  168  179  193  197
  207  205  211  211  218  226  231  241  239  236  228  221  216  211  206  200
  195  188  182  171  158  138  125  113  106                                   
    30.0-180.0 180.0   5.0 450.0                            LAT/LON1/LON2/DLON/H
  112   90   71   65   60   56   53   55   55   61   65   76   81   88   88   90
   87   90   88   91   84   81   71   69   64   61   55   52   50   46   45   40
   38   33   32   35   43   58   75  100  123  147  159  169  181  190  203  210
  216  216  222  227  235  248  255  269  273  276  273  266  260  250  244  236
  230  222  211  193  180  156  139  127  112                                   
    27.5-180.0 180.0   5.0 450.0                            LAT/LON1/LON2/DLON/H
  130  107   83   72   66   58   54   50   51   54   61   67   78   82   88   88
   91   93   95   95   90   84   76   71   69   63   60   54   53   48   47   42
   39   34   35   39   50   64   85  111  138  162  175  184  195  204  219  224
  234  235  245  251  265  277  291  306  315  324  324  326  322  315  306  295
  283  270  254  235  215  187  156  141  130                                   
    25.0-180.0 180.0   5.0 450.0                            LAT/LON1/LON2/DLON/H
  155  120  100   89   77   66   56   54   48   51   54   63   70   78   80   83
   83   87   86   90   85   85   78   78   75   72   69   63   62   58   56   51
   46   39   39   42   53   69   91  118  146  171  186  197  209  222  236  245
  251  260  269  283  299  319  338  355  366  378  377  380  379  374  367  351
  336  315  296  272  253  217  182  167  155                                   
    22.5-180.0 180.0   5.0 450.0                            LAT/LON1/LON2/DLON/H
  194  154  135  117  107   87   80   66   62   55   59   59   68   69   74   73
   73   76   78   82   83   83   84   83   87   82   81   72   72   65   63   58
   53   45   43   46   58   74   98  128  158  185  200  212  222  237  251  259
  272  281  301  316  345  363  390  403  418  426  428  431  429  428  419  408
  390  367  346  320  297  261  218  210  194                                   
    20.0-180.0 180.0   5.0 450.0                            LAT/LON1/LON2/DLON/H
  233  192  177  159  143  127  114  100   86   76   70   70   70   71   67   68
   63   65   65   75   78   84   88   93   97   97   96   88   86   77   75   68
   65   52   50   50   60   78  101  134  165  193  210  223  238  254  268  279
  289  304  326  351  379  403  424  442  454  464  464  469  465  460  450  439
  423  404  382  360  338  305  263  268  233                                   
    17.5-180.0 180.0   5.0 450.0                            LAT/LON1/LON2/DLON/H
  291  244  223  204  195  179  166  149  136  111  101   87   88   75   69   60
   58   59   63   72   81   90  101  105  114  112  113  104  100   90   86   79
   71   60   53   53   65   83  109  142  175  205  221  236  252  269  282  293
  304  321  346  375  401  427  446  464  474  483  484  486  480  475  462  456
  443  427  414  395  381  359  316  326  291                                   
    15.0-180.0 180.0   5.0 450.0                            LAT/LON1/LON2/DLON/H
  341  292  267  249  233  227  216  205  186  164  140  124  112  103   90   76
   64   65   69   79   89  101  112  121  126  126  125  116  111   99   98   85
   80   64   59   58   70   89  115  150  181  211  229  244  266  280  292  301
  314  332  357  387  410  437  452  474  481  491  490  488  481  470  460  453
  444  435  424  415  409  394  363  376  341                                   
    12.5-180.0 180.0   5.0 450.0                            LAT/LON1/LON2/DLON/H
  379  344  326  301  283  271  261  251  241  219  189  163  149  131  121  103
   93   85   90   98  111  118  130  135  142  140  136  127  119  108  102   93
   84   71   63   64   76   96  124  159  190  218  236  254  272  289  297  308
  318  335  359  388  412  433  448  463  472  482  479  476  467  459  445  443
  437  434  431  429  431  428  412  420  379                                   
    10.0-180.0 180.0   5.0 450.0                            LAT/LON1/LON2/DLON/H
  403  372  358  348  330  321  309  301  290  266  237  212  185  174  155  141
  126  122  122  131  139  147  152  157  156  151  142  133  125  112  109   97
   89   78   69   72   82  103  129  166  193  219  235  256  276  290  299  307
  321  335  359  383  404  423  434  451  457  468  465  461  456  448  438  435
  432  432  431  436  443  444  436  446  403                                   
     7.5-180.0 180.0   5.0 450.0                            LAT/LON1/LON2/DLON/H
  422  397  390  374  358  347  338  334  327  300  272  246  221  203  188  173
  163  155  160  165  173  175  176  172  166  157  146  134  125  113  108   98
