data/unet/pred3070.15i
     1.0            IONOSPHERE MAPS     GNSS                IONEX VERSION / TYPE
pyspatialgeodesy        IME             05-JAN-18 20:20     PGM / RUN BY / DATE 
Map Name                                                    COMMENT             
Predicted global ionosphere maps (GIM).                     DESCRIPTION         
  2015    11     3     0     0     0                        EPOCH OF FIRST MAP  
  2015    11     4     0     0     0                        EPOCH OF LAST MAP   
  7200                                                      INTERVAL            
    13                                                      # OF MAPS IN FILE   
  NONE                                                      MAPPING FUNCTION    
10.0                                                        ELEVATION CUTOFF    
One-way carrier phase leveled to code                       OBSERVABLES USED    
  6371.0                                                    BASE RADIUS         
 2                                                          MAP DIMENSION       
   450.0 450.0   0.0                                        HGT1 / HGT2 / DHGT  
    87.5 -87.5  -2.5                                        LAT1 / LAT2 / DLAT  
  -180.0 180.0   5.0                                        LON1 / LON2 / DLON  
    -1                                                      EXPONENT            
                                                            END OF HEADER       
[from data line 3003]
     8                                                      START OF TEC MAP    
  2015    11     3    14     0     0                        EPOCH OF CURRENT MAP
    87.5-180.0 180.0   5.0 450.0                            LAT/LON1/LON2/DLON/H
   68   87   95   96   96   97   97   97   98   98   98   98  100  100  101  101
  104  104  107  106  109  108  110  109  112  110  111  111  110  111  108  109
  106  106  102  102   98   98   94   95   91   91   88   89   85   86   83   84
   82   84   82   85   83   87   85   89   87   91   88   91   90   91   90   91
   90   92   91   92   90   91   98   82   68                                   
    85.0-180.0 180.0   5.0 450.0                            LAT/LON1/LON2/DLON/H
   78   86   84   84   88   88   91   91   94   94   97   97  100  101  103  104
  106  107  109  110  112  112  112  113  113  112  111  110  109  107  105  103
  101   98   95   91   89   83   82   77   77   73   75   70   73   70   73   70
   74   71   75   73   78   75   79   76   81   78   82   78   82   79   81   78
   81   79   82   79   83   81   85   77   78                                   
    82.5-180.0 180.0   5.0 450.0                            LAT/LON1/LON2/DLON/H
   76   70   74   78   79   81   81   84   85   88   89   92   94   97   98  102
  104  107  108  112  113  117  115  119  117  120  117  119  115  116  110  110
  104  101   93   90   82   77   70   67   63   58   56   53   54   51   54   53
   58   56   62   61   68   66   72   70   76   74   77   75   78   76   76   73
   74   73   73   71   70   69   69   59   76                                   
    80.0-180.0 180.0   5.0 450.0                            LAT/LON1/LON2/DLON/H
   59   59   58   62   62   63   65   68   69   72   73   78   80   84   85   91
   93   97   98  105  106  110  109  114  113  117  114  118  115  116  111  111
  103  100   90   87   75   71   60   57   48   45   41   40   39   41   42   45
   47   51   53   58   61   65   66   70   71   74   73   75   73   74   69   69
   65   65   61   61   56   53   55   45   59                                   
    77.5-180.0 180.0   5.0 450.0                            LAT/LON1/LON2/DLON/H
   45   48   46   45   46   46   49   51   53   56   59   63   66   68   73   76
   81   83   89   92   97  100  105  108  111  115  117  121  121  122  119  118
  111  105   96   89   78   69   59   50   42   38   37   34   36   35   39   40
   45   48   53   58   62   67   69   72   73   75   75   76   74   73   70   67
   64   61   58   54   50   44   44   33   45                                   
    75.0-180.0 180.0   5.0 450.0                            LAT/LON1/LON2/DLON/H
   40   39   40   37   40   38   42   42   46   47   52   54   60   60   68   68
   75   76   84   87   95   99  106  109  115  117  124  125  130  130  131  127
  123  116  108   98   88   76   64   54   44   38   36   33   35   34   38   40
   46   49   55   58   64   67   71   73   75   76   77   76   75   72   71   66
   64   60   58   52   49   45   46   32   40                                   
    72.5-180.0 180.0   5.0 450.0                            LAT/LON1/LON2/DLON/H
   39   44   43   41   39   39   39   41   42   46   49   55   59   63   67   72
   75   80   83   91   96  104  108  117  121  128  131  140  141  147  144  144
  138  133  125  116  105   92   80   68   57   50   46   43   44   44   46   49
   51   55   58   62   64   69   68   74   72   77   75   77   74   74   70   68
   65   62   60   57   54   50   48   38   39                                   
    70.0-180.0 180.0   5.0 450.0                            LAT/LON1/LON2/DLON/H
   49   45   48   44   44   40   41   40   42   45   50   55   60   63   70   72
   78   81   87   96  101  110  116  125  132  135  143  148  154  157  157  156
  152  147  139  131  121  107   95   83   73   65   59   56   55   53   55   55
   56   56   58   58   61   60   62   63   65   68   69   72   71   70   70   67
   66   63   64   61   61   58   57   46   49                                   
    67.5-180.0 180.0   5.0 450.0                            LAT/LON1/LON2/DLON/H
   51   54   54   51   48   47   45   46   47   51   54   61   64   71   74   79
   81   88   92  104  108  119  124  136  138  147  148  160  160  171  166  171
  165  163  154  148  137  125  113  102   92   83   77   73   69   67   66   66
   64   62   59   57   54   52   50   52   53   57   58   63   63   65   65   65
   64   64   64   65   65   62   59   53   51                                   
    65.0-180.0 180.0   5.0 450.0                            LAT/LON1/LON2/DLON/H
   54   51   55   50   51   46   48   44   47   48   54   60   66   69   77   78
   84   89   96  106  113  124  131  141  146  152  157  164  169  176  177  179
  176  172  165  158  149  138  126  114  105   97   90   84   79   75   72   68
   63   56   50   42   39   33   34   32   37   38   44   47   51   54   56   57
   58   58   61   61   63   62   60   54   54                                   
    62.5-180.0 180.0   5.0 450.0                            LAT/LON1/LON2/DLON/H
   46   49   50   47   46   44   44   44   45   47   51   59   64   71   76   79
   83   90   98  109  116  130  138  149  152  160  160  170  170  179  179  184
  184  179  173  166  158  147  136  126  118  111  102   96   90   83   78   71
   63   54   46   39   30   25   20   22   23   27   31   37   41   45   47   48
   50   50   53   55   57   55   54   51   46                                   
    60.0-180.0 180.0   5.0 450.0                            LAT/LON1/LON2/DLON/H
   43   38   40   36   38   35   37   34   36   36   43   49   56   62   69   73
   78   85   93  106  115  129  140  150  157  161  165  169  173  178  183  186
  188  183  178  170  165  154  146  135  129  120  112  104   97   89   80   71
   60   50   40   30   24   16   12   11   14   16   23   27   33   36   39   38
   40   40   43   44   46   46   47   43   43                                   
    57.5-180.0 180.0   5.0 450.0                            LAT/LON1/LON2/DLON/H
   34   31   28   27   27   26   27   26   26   28   31   39   45   53   60   67
   72   81   91  105  114  131  142  155  160  166  166  173  172  179  182  188
  190  186  181  175  168  161  155  150  141  134  124  116  107   96   87   75
   66   54   47   38   29   21   17   15   16   18   22   26   31   33   36   35
   35   34   35   38   38   37   38   37   34                                   
    55.0-180.0 180.0   5.0 450.0                            LAT/LON1/LON2/DLON/H
   38   27   23   22   22   21   23   19   21   19   26   29   37   43   53   59
   69   77   88  101  114  129  142  153  161  164  168  170  174  176  183  188
  194  190  188  181  177  171  168  161  155  147  137  126  116  104   93   81
   70   61   53   46   39   32   28   25   26   26   30   33   37   38   39   37
   36   33   36   35   37   35   40   39   38                                   
    52.5-180.0 180.0   5.0 450.0                            LAT/LON1/LON2/DLON/H
   43   35   27   26   24   23   23   21   19   19   21   26   31   39   48   57
   66   77   88  104  116  133  144  157  162  167  168  175  174  181  184  195
  196  196  192  189  185  182  178  175  168  161  151  141  128  115  104   92
   85   76   71   64   59   52   48   44   44   44   46   48   50   50   49   47
   44   42   42   43   43   42   45   47   43                                   
    50.0-180.0 180.0   5.0 450.0                            LAT/LON1/LON2/DLON/H
   60   49   41   40   41   37   37   30   29   23   26   26   32   37   49   56
   69   80   93  107  121  136  148  158  165  167  172  174  180  182  192  196
  203  201  201  198  197  195  190  187  180  173  163  153  140  128  115  106
   98   93   88   84   79   74   69   65   66   65   66   66   66   66   65   62
   60   56   58   57   59   57   63   65   60                                   
    47.5-180.0 180.0   5.0 450.0                            LAT/LON1/LON2/DLON/H
   79   74   63   62   60   57   54   49   44   39   36   38   40   47   55   66
   77   91  104  119  131  145  154  165  169  174  175  183  183  190  192  200
  202  204  202  205  203  203  200  197  190  184  175  166  154  141  129  118
  111  106  105  101   97   92   86   84   83   82   81   82   80   81   79   80
   75   75   72   76   76   77   85   87   79                                   
    45.0-180.0 180.0   5.0 450.0                            LAT/LON1/LON2/DLON/H
   99   94   83   83   85   80   79   71   68   59   57   54   55   57   67   76
   91  103  118  129  142  152  163  172  178  181  184  187  190  192  197  199
  205  204  208  209  211  212  209  205  199  192  184  174  164  150  138  128
  119  115  110  107  101   97   92   90   90   89   89   89   89   91   91   92
   92   90   91   91   94   95  102  107   99                                   
    42.5-180.0 180.0   5.0 450.0                            LAT/LON1/LON2/DLON/H
  110  110  103  103  104  100  100   94   89   82   79   76   75   78   84   96
  108  120  132  144  154  165  173  181  185  188  189  192  191  192  192  195
  198  199  205  211  218  220  219  213  207  198  191  181  171  157  146  131
  122  112  107  102   96   91   86   85   86   88   87   89   89   91   93   96
   94   95   96  100  103  105  115  116  110                                   
    40.0-180.0 180.0   5.0 450.0                            LAT/LON1/LON2/DLON/H
  114  114  107  110  113  110  112  107  107   98  101   95   97   98  105  114
  125  135  146  157  167  176  183  189  193  194  196  195  194  192  193  191
  197  199  210  218  228  232  231  222  216  203  196  184  176  161  150  134
  121  110  101   92   86   78   76   77   79   83   84   87   87   90   92   94
   95   95   98  100  103  105  111  113  114                                   
    37.5-180.0 180.0   5.0 450.0                            LAT/LON1/LON2/DLON/H
  103  103  103  107  108  110  111  112  113  111  112  112  115  117  123  132
  141  149  159  171  179  187  191  196  198  199  198  198  194  191  188  191
  197  207  220  235  247  252  250  239  227  212  203  190  181  166  156  136
  124  108   99   88   79   73   71   72   77   81   84   86   85   85   87   87
   87   87   87   91   92   94   98  101  103                                   
    35.0-180.0 180.0   5.0 450.0                            LAT/LON1/LON2/DLON/H
   89   87   87   90   95   95  101  102  108  109  115  117  125  128  137  144
  155  161  173  181  190  195  198  199  201  200  201  199  198  193  194  196
  211  224  241  259  273  278  274  258  244  223  214  198  191  172  163  144
  133  118  109   97   89   79   79   79   86   91   92   92   89   88   87   84
   83   80   79   76   76   78   82   84   89                                   
    32.5-180.0 180.0   5.0 450.0                            LAT/LON1/LON2/DLON/H
   68   66   70   76   75   79   82   89   95   99  108  116  127  134  144  153
  162  171  179  191  198  204  202  204  202  203  202  205  202  203  205  217
  231  252  273  293  306  311  305  289  268  246  230  215  205  189  179  163
  155  144  138  129  118  109  103  105  107  113  112  110  106  100   96   89
   83   77   70   68   62   61   62   64   68                                   
    30.0-180.0 180.0   5.0 450.0                            LAT/LON1/LON2/DLON/H
   57   56   59   60   64   63   67   69   78   82   93  104  120  131  148  157
  171  177  189  196  207  207  209  206  207  207  212  214  221  223  233  244
  266  286  311  329  341  344  336  319  300  276  259  242  232  220  209  199
  193  188  185  178  172  161  154  151  153  152  150  142  134  124  116  104
   98   87   79   69   63   58   57   52   57                                   
    27.5-180.0 180.0   5.0 450.0                            LAT/LON1/LON2/DLON/H
   46   54   53   56   55   56   56   60   63   71   82   91  109  126  144  159
  172  183  194  207  213  217  212  212  208  214  218  230  237  249  260  281
  306  332  356  375  381  384  372  356  333  314  294  282  271  264  253  250
  242  246  244  246  236  228  214  208  202  201  194  189  174  162  147  135
  124  114  102   92   81   72   56   54   46                                   
    25.0-180.0 180.0   5.0 450.0                            LAT/LON1/LON2/DLON/H
   53   66   57   57   57   55   54   52   57   59   69   76   96  114  140  156
  175  186  202  212  222  220  220  214  216  219  233  245  262  275  298  317
  347  368  393  407  413  413  402  387  366  351  333  325  316  317  309  314
  311  322  322  329  319  313  295  290  281  281  267  250  226  207  187  172
  165  156  144  131  116  101   83   64   53                                   
    22.5-180.0 180.0   5.0 450.0                            LAT/LON1/LON2/DLON/H
   61   86   74   70   65   58   59   55   57   60   65   74   92  110  135  154
  173  189  204  219  225  228  221  221  217  228  242  263  284  305  334  359
  391  411  430  448  451  448  432  421  403  393  381  376  372  372  370  376
  382  388  394  395  391  377  365  350  345  322  303  277  253  222  205  196
  193  185  177  165  147  130  120   90   61                                   
    20.0-180.0 180.0   5.0 450.0                            LAT/LON1/LON2/DLON/H
   91   99   81   75   73   70   70   66   63   59   65   67   87  100  127  148
  173  188  209  218  230  226  228  223  227  239  258  279  307  331  366  388
  424  437  456  464  469  464  451  442  434  431  426  425  424  422  417  419
  420  424  429  429  423  408  391  376  359  340  320  299  270  247  220  209
  213  209  205  188  170  151  145  117   91                                   
    17.5-180.0 180.0   5.0 450.0                            LAT/LON1/LON2/DLON/H
  109  112   89   77   77   73   80   78   78   72   70   78   93  108  129  149
  172  193  208  222  229  233  230  232  236  256  280  307  338  361  396  420
  456  467  478  486  484  483  475  474  473  478  476  476  468  463  457  453
  450  449  451  446  441  418  400  377  366  341  333  309  291  260  244  226
  230  231  228  214  197  175  170  143  109                                   
    15.0-180.0 180.0   5.0 450.0                            LAT/LON1/LON2/DLON/H
  129  130  101   89   81   80   86   85   90   85   82   79   94  108  131  145
  172  192  213  222  234  235  240  242  254  277  302  331  359  384  423  442
  475  474  488  488  489  487  486  493  501  510  510  505  498  488  480  468
  458  445  435  422  403  381  359  347  342  334  327  311  292  274  257  251
  244  239  242  229  215  193  187  162  129                                   
    12.5-180.0 180.0   5.0 450.0                            LAT/LON1/LON2/DLON/H
  132  139  112   94   83   77   83   87   92   92   94   99  108  124  145  161
  183  202  225  236  249  251  257  264  276  297  324  353  381  411  446  465
  486  488  498  497  494  493  498  515  530  542  543  536  524  511  493  476
  452  432  409  384  361  331  320  307  313  311  317  303  293  273  261  245
  243  239  242  235  220  202  196  165  132                                   
    10.0-180.0 180.0   5.0 450.0                            LAT/LON1/LON2/DLON/H
  139  145  111   99   85   83   84   91   97   97  102  107  114  128  151  168
  192  209  235  246  258  261  269  279  296  324  348  378  406  434  463  472
  486  487  495  493  492  497  506  533  549  565  559  547  529  510  488  458
  424  394  358  332  295  279  266  269  271  280  286  280  272  255  244  235
  233  229  233  226  216  197  190  162  139                                   
     7.5-180.0 180.0   5.0 450.0                            LAT/LON1/LON2/DLON/H
  132  146  118   96   85   75   79   84   92   93  101  109  124  144  165  185
  205  225  248  263  274  279  285  300  316  348  369  400  428  456  473  480
