data/unet/pred2130.15i
     1.0            IONOSPHERE MAPS     GNSS                IONEX VERSION / TYPE
pyspatialgeodesy        IME             05-JAN-18 20:20     PGM / RUN BY / DATE 
Map Name                                                    COMMENT             
Predicted global ionosphere maps (GIM).                     DESCRIPTION         
  2015     8     1     0     0     0                        EPOCH OF FIRST MAP  
  2015     8     2     0     0     0                        EPOCH OF LAST MAP   
  7200                                                      INTERVAL            
    13                                                      # OF MAPS IN FILE   
  NONE                                                      MAPPING FUNCTION    
10.0                                                        ELEVATION CUTOFF    
One-way carrier phase leveled to code                       OBSERVABLES USED    
  6371.0                                                    BASE RADIUS         
 2                                                          MAP DIMENSION       
   450.0 450.0   0.0                                        HGT1 / HGT2 / DHGT  
    87.5 -87.5  -2.5                                        LAT1 / LAT2 / DLAT  
  -180.0 180.0   5.0                                        LON1 / LON2 / DLON  
    -1                                                      EXPONENT            
                                                            END OF HEADER       
[from data line 1716]
     5                                                      START OF TEC MAP    
  2015     8     1     8     0     0                        EPOCH OF CURRENT MAP
    87.5-180.0 180.0   5.0 450.0                            LAT/LON1/LON2/DLON/H
   89  102  106  108  104  105  104  107  107  109  109  110  111  112  111  112
  111  112  112  112  112  113  112  112  113  113  113  113  113  113  113  113
  113  114  114  114  115  116  116  116  117  117  117  117  117  117  116  116
  116  115  114  113  113  112  110  109  109  108  106  106  105  105  103  103
  102  103  102  104  104  100   99   93   89                                   
    85.0-180.0 180.0   5.0 450.0                            LAT/LON1/LON2/DLON/H
   94  111  108  112  109  110  112  115  116  117  118  118  120  119  120  119
  121  119  120  118  120  118  119  118  119  119  119  119  120  120  120  121
  121  123  122  125  125  127  127  128  129  129  129  130  130  130  129  129
  128  128  125  126  123  124  120  121  118  119  114  116  112  113  109  111
  108  110  108  109  109  104  104   96   94                                   
    82.5-180.0 180.0   5.0 450.0                            LAT/LON1/LON2/DLON/H
  100  110  110  111  111  110  113  114  116  117  118  119  119  120  119  120
  118  119  117  118  116  117  115  116  114  115  115  115  115  116  117  117
  119  120  122  123  126  127  129  130  132  133  134  135  135  136  135  135
  135  134  133  132  131  129  127  125  124  121  120  118  117  114  114  111
  111  109  110  108  108  103  102   97  100                                   
    80.0-180.0 180.0   5.0 450.0                            LAT/LON1/LON2/DLON/H
  102  104  108  108  108  107  110  111  113  112  114  113  115  113  114  112
  113  110  110  109  108  108  107  107  107  107  107  109  110  110  112  114
  117  118  121  123  127  127  131  132  136  135  139  138  141  140  141  141
  142  141  140  140  139  137  136  133  132  129  128  125  124  120  118  115
  114  111  110  107  107   99   98   97  102                                   
    77.5-180.0 180.0   5.0 450.0                            LAT/LON1/LON2/DLON/H
   99  104  106  105  107  105  109  108  110  108  110  108  109  106  107  105
  104  101  102   99   99   97   98   96   97   95   97   97   99   99  103  104
  109  110  115  117  122  124  128  130  133  134  138  138  141  141  143  143
  144  143  144  143  143  141  140  138  137  134  134  131  129  125  124  120
  119  114  115  110  109  101  100   90   99                                   
    75.0-180.0 180.0   5.0 450.0                            LAT/LON1/LON2/DLON/H
  107  102  104  104  104  104  105  105  104  103  102  101  100   98   97   94
   94   91   92   89   90   88   89   88   89   88   90   91   92   95   97  100
  104  107  111  115  119  122  126  129  132  135  138  140  143  145  146  148
  149  149  150  149  149  148  147  146  144  142  140  138  135  132  129  127
  123  122  119  117  114  107  103  100  107                                   
    72.5-180.0 180.0   5.0 450.0                            LAT/LON1/LON2/DLON/H
  110  108  106  102  103   99  101   96   98   94   95   92   92   89   88   86
   86   84   84   83   83   82   83   81   83   81   84   83   87   86   92   92
   98  100  107  109  115  118  124  126  131  133  139  140  145  146  149  149
  151  152  152  151  151  149  149  147  146  144  144  141  140  136  136  131
  130  126  126  122  121  114  110  103  110                                   
    70.0-180.0 180.0   5.0 450.0                            LAT/LON1/LON2/DLON/H
  119  106  105  102  101   96   96   92   91   88   87   85   85   81   82   79
   80   77   79   78   80   79   80   80   81   80   81   82   85   86   90   92
   97  100  107  110  116  119  125  127  132  135  139  141  147  148  151  151
  154  152  152  150  150  147  148  144  145  143  145  143  144  141  141  138
  138  134  134  131  131  123  119  116  119                                   
    67.5-180.0 180.0   5.0 450.0                            LAT/LON1/LON2/DLON/H
  125  114  110  105  102   95   93   87   86   82   82   79   78   76   76   75
   74   74   75   75   76   77   78   78   78   78   80   80   84   85   89   91
   96   99  105  108  114  118  123  127  132  136  141  144  149  151  153  152
  152  150  149  146  145  142  142  139  140  139  142  142  144  143  144  141
  142  140  142  139  140  133  129  121  125                                   
    65.0-180.0 180.0   5.0 450.0                            LAT/LON1/LON2/DLON/H
  132  116  114  107  102   94   90   83   80   75   74   71   72   70   71   69
   71   70   72   72   74   75   76   76   76   78   79   81   84   86   91   93
   99  101  107  111  117  121  126  130  136  140  146  149  154  155  155  154
  152  149  145  141  140  136  135  133  135  134  138  139  142  141  143  142
  144  143  147  145  148  140  141  136  132                                   
    62.5-180.0 180.0   5.0 450.0                            LAT/LON1/LON2/DLON/H
  139  127  122  112  105   94   89   80   76   70   68   65   66   65   67   65
   67   66   67   67   69   69   70   70   72   73   76   78   83   87   92   95
  100  103  108  111  117  122  128  133  140  145  151  155  160  159  159  155
  153  148  144  138  137  133  133  130  133  132  137  137  140  139  140  139
  142  142  147  148  152  148  149  144  139                                   
    60.0-180.0 180.0   5.0 450.0                            LAT/LON1/LON2/DLON/H
  145  131  128  119  110   97   88   79   72   65   62   59   61   61   62   62
   63   62   63   63   64   64   65   67   68   71   74   79   84   89   95   99
  105  108  113  117  122  128  133  139  146  152  158  164  166  167  163  160
  155  151  144  140  137  135  134  134  135  137  139  141  141  139  138  137
  140  139  146  147  156  151  159  157  145                                   
    57.5-180.0 180.0   5.0 450.0                            LAT/LON1/LON2/DLON/H
  155  144  139  128  117  102   92   81   72   64   60   56   57   57   59   58
   60   57   58   56   58   57   58   59   62   65   70   76   82   89   95  101
  105  112  115  121  126  132  138  145  153  161  169  173  176  174  173  167
  164  157  154  149  149  145  147  146  148  148  150  149  148  143  140  136
  137  137  144  148  156  156  164  161  155                                   
    55.0-180.0 180.0   5.0 450.0                            LAT/LON1/LON2/DLON/H
  164  150  148  139  127  111   98   84   75   63   58   53   53   54   55   55
   55   54   53   52   52   52   52   55   57   63   68   76   83   90   96  104
  108  116  120  127  133  140  146  153  162  171  178  184  186  186  181  179
  173  170  163  164  159  162  159  162  161  164  161  162  156  151  144  139
  138  138  144  148  159  160  173  175  164                                   
    52.5-180.0 180.0   5.0 450.0                            LAT/LON1/LON2/DLON/H
  176  165  160  149  137  122  108   93   81   68   60   53   52   51   53   52
   52   49   49   46   47   46   49   49   55   59   68   75   84   90   97  104
  109  118  123  132  137  147  154  163  172  182  191  195  199  197  195  191
  190  186  184  182  181  181  180  180  179  179  176  174  167  160  152  146
  143  142  148  152  162  165  179  177  176                                   
    50.0-180.0 180.0   5.0 450.0                            LAT/LON1/LON2/DLON/H
  184  169  166  158  148  133  119  102   89   74   65   56   53   51   52   51
   51   49   47   46   45   46   47   51   55   63   70   78   87   94  100  107
  113  123  128  140  147  157  166  174  184  193  204  209  211  210  207  207
  203  204  198  201  196  198  194  195  192  193  188  185  177  170  160  154
  152  151  156  160  171  171  185  188  184                                   
    47.5-180.0 180.0   5.0 450.0                            LAT/LON1/LON2/DLON/H
  193  183  174  166  157  141  130  113  100   84   73   62   58   54   53   52
   51   49   49   47   48   48   51   54   60   66   75   81   92   97  104  109
  115  126  133  146  154  169  176  188  197  208  219  223  226  224  225  223
  221  220  216  214  211  209  205  204  202  200  196  192  184  177  169  165
  162  163  168  173  180  179  191  190  193                                   
    45.0-180.0 180.0   5.0 450.0                            LAT/LON1/LON2/DLON/H
  195  177  172  165  159  146  136  122  109   94   82   72   65   60   57   56
   55   54   54   54   54   56   58   62   68   74   82   89   98  103  109  114
  121  132  141  156  168  179  192  199  211  218  232  235  240  240  240  240
  237  236  227  229  220  220  213  213  207  207  201  197  191  185  178  176
  175  180  183  187  192  190  197  199  195                                   
    42.5-180.0 180.0   5.0 450.0                            LAT/LON1/LON2/DLON/H
  199  184  172  164  159  146  140  128  118  104   94   82   76   68   65   61
   60   59   61   62   65   65   69   71   77   81   90   96  103  107  113  117
  125  135  148  163  177  192  201  214  222  235  246  250  255  255  257  257
  253  251  243  240  233  230  223  221  215  213  207  203  198  192  188  187
  189  193  199  200  204  198  202  203  199                                   
    40.0-180.0 180.0   5.0 450.0                            LAT/LON1/LON2/DLON/H
  196  173  162  156  150  143  137  130  121  112  103   96   87   81   74   70
   68   69   71   74   77   77   81   81   87   90   97  101  108  112  119  124
  133  143  159  172  190  199  215  221  237  242  258  260  269  269  276  275
  275  271  264  261  253  249  241  236  229  224  217  213  207  202  198  200
  203  210  214  216  216  210  209  209  196                                   
    37.5-180.0 180.0   5.0 450.0                            LAT/LON1/LON2/DLON/H
  200  177  160  150  145  138  135  128  126  118  116  107  103   93   88   81
   81   79   85   86   92   91   94   92   95   96  101  105  111  116  123  130
  140  151  166  182  195  209  221  233  245  259  272  278  286  289  298  298
  300  297  291  287  279  276  268  263  254  247  239  232  227  219  218  217
  222  227  232  231  229  221  217  213  200                                   
    35.0-180.0 180.0   5.0 450.0                            LAT/LON1/LON2/DLON/H
  201  173  155  146  136  130  126  123  122  121  119  117  112  106   97   92
   89   90   93   98  101  102  102   99  100  100  103  106  112  119  129  137
  148  159  174  186  202  212  228  237  254  264  283  288  300  304  317  320
  329  328  329  327  323  319  312  304  294  282  270  260  249  241  234  236
  235  243  245  245  241  233  224  223  201                                   
    32.5-180.0 180.0   5.0 450.0                            LAT/LON1/LON2/DLON/H
  211  184  161  145  135  126  125  122  123  122  125  123  122  114  109   99
   99   96  103  104  110  108  108  104  103  102  104  107  114  122  133  144
  155  165  179  192  206  220  233  247  262  278  294  302  314  321  337  344
  358  362  367  368  367  365  358  350  338  325  310  298  285  272  264  259
  260  263  264  259  254  245  235  227  211                                   
    30.0-180.0 180.0   5.0 450.0                            LAT/LON1/LON2/DLON/H
  219  192  168  151  137  128  123  120  120  123  125  128  127  124  116  109
  105  104  107  111  114  113  112  108  106  104  104  107  114  122  135  148
  161  169  183  193  210  221  237  248  267  279  301  309  325  333  352  363
  382  392  406  413  417  420  415  407  392  377  361  347  331  314  302  294
  289  287  284  277  269  257  244  239  219                                   
    27.5-180.0 180.0   5.0 450.0                            LAT/LON1/LON2/DLON/H
  235  208  184  163  150  136  132  126  127  126  131  131  134  127  123  113
  111  107  112  112  118  115  116  111  109  106  106  108  115  123  138  150
  163  172  185  198  213  228  241  256  270  286  302  316  333  346  368  385
  404  419  433  448  457  465  464  457  443  425  406  387  369  351  335  324
  314  308  301  290  281  270  257  244  235                                   
    25.0-180.0 180.0   5.0 450.0                            LAT/LON1/LON2/DLON/H
  242  222  197  178  163  150  141  135  132  131  132  135  134  132  125  119
  115  112  115  116  119  119  119  114  112  109  108  109  115  122  138  150
  163  171  185  196  216  228  247  257  275  285  307  320  343  357  384  400
  422  439  458  477  494  509  511  507  490  472  451  431  413  395  378  363
  348  336  323  311  299  285  272  257  242                                   
    22.5-180.0 180.0   5.0 450.0                            LAT/LON1/LON2/DLON/H
  257  233  215  197  183  168  160  148  146  140  141  137  139  132  130  121
  120  113  117  114  120  118  120  116  114  113  109  111  113  120  134  146
  158  169  182  197  214  231  248  262  280  291  312  330  352  373  396  417
  434  454  471  493  510  529  531  529  512  497  476  460  443  425  407  387
  370  353  340  324  312  297  286  265  257                                   
    20.0-180.0 180.0   5.0 450.0                            LAT/LON1/LON2/DLON/H
  254  242  223  208  196  183  173  162  157  151  149  144  141  136  131  127
  124  119  120  117  121  120  121  118  117  114  110  110  110  115  128  141
  153  165  180  197  216  233  254  268  286  299  321  340  365  383  408  425
  441  460  476  499  517  536  539  535  522  509  493  483  471  455  437  416
  397  378  363  348  330  311  297  274  254                                   
    17.5-180.0 180.0   5.0 450.0                            LAT/LON1/LON2/DLON/H
  260  244  230  218  209  195  187  176  169  160  157  148  145  137  135  129
  129  122  122  116  121  119  121  119  118  116  110  107  103  105  114  129
  142  155  174  193  214  232  254  269  292  307  332  350  374  394  414  433
  445  465  476  496  506  522  518  515  502  496  487  485  480  467  453  433
  416  395  381  361  345  322  308  281  260                                   
    15.0-180.0 180.0   5.0 450.0                            LAT/LON1/LON2/DLON/H
  255  245  230  218  209  199  190  182  176  168  164  155  149  143  141  136
  136  128  126  120  122  121  122  120  120  116  109  102   97   98  109  125
  138  155  171  198  217  242  261  282  302  320  345  359  386  400  422  437
  449  466  475  492  498  508  500  497  486  483  479  483  481  475  462  446
  432  416  400  382  362  335  315  288  255                                   
    12.5-180.0 180.0   5.0 450.0                            LAT/LON1/LON2/DLON/H
  259  242  228  216  208  197  192  185  182  173  168  159  153  145  143  140
  138  131  126  119  121  118  120  119  118  115  105   95   89   91  103  118
  136  154  177  201  226  246  268  285  311  327  353  368  390  405  426  441
  453  466  475  485  485  485  473  468  460  461  460  467  469  468  461  452
  441  426  414  392  373  345  326  295  259                                   
    10.0-180.0 180.0   5.0 450.0                            LAT/LON1/LON2/DLON/H
  257  242  227  214  202  195  188  184  181  176  171  163  158  151  148  145
  143  133  129  121  122  120  120  120  117  110   98   89   86   88  101  116
  134  158  180  208  228  253  272  291  319  334  362  370  394  400  423  435
  450  464  472  482  480  480  465  462  454  458  455  462  463  465  458  453
  446  435  421  403  384  351  331  304  257                                   
     7.5-180.0 180.0   5.0 450.0                            LAT/LON1/LON2/DLON/H
  263  245  229  216  202  190  186  183  182  177  171  166  160  154  149  145
  141  133  127  119  118  115  117  114  110  101   90   83   80   83   95  112
