data/unet/pred2960.15i
     1.0            IONOSPHERE MAPS     GNSS                IONEX VERSION / TYPE
pyspatialgeodesy        IME             05-JAN-18 20:20     PGM / RUN BY / DATE 
Map Name                                                    COMMENT             
Predicted global ionosphere maps (GIM).                     DESCRIPTION         
  2015    10    23     0     0     0                        EPOCH OF FIRST MAP  
  2015    10    24     0     0     0                        EPOCH OF LAST MAP   
  7200                                                      INTERVAL            
    13                                                      # OF MAPS IN FILE   
  NONE                                                      MAPPING FUNCTION    
10.0                                                        ELEVATION CUTOFF    
One-way carrier phase leveled to code                       OBSERVABLES USED    
  6371.0                                                    BASE RADIUS         
 2                                                          MAP DIMENSION       
   450.0 450.0   0.0                                        HGT1 / HGT2 / DHGT  
    87.5 -87.5  -2.5                                        LAT1 / LAT2 / DLAT  
  -180.0 180.0   5.0                                        LON1 / LON2 / DLON  
    -1                                                      EXPONENT            
                                                            END OF HEADER       
[from data line 4290]
    11                                                      START OF TEC MAP    
  2015    10    23    20     0     0                        EPOCH OF CURRENT MAP
    87.5-180.0 180.0   5.0 450.0                            LAT/LON1/LON2/DLON/H
  155  127  114  118  116  118  118  121  121  125  126  129  129  133  133  136
  136  138  138  141  140  141  140  141  140  140  138  138  136  135  132  131
  128  127  124  123  120  119  116  116  112  112  110  109  106  106  105  105
  104  105  104  106  105  107  107  108  107  109  108  109  108  110  108  110
  108  111  109  111  113  115  113  140  155                                   
    85.0-180.0 180.0   5.0 450.0                            LAT/LON1/LON2/DLON/H
  103  101  101  108  107  110  110  114  116  121  123  127  129  133  134  137
  139  141  142  143  143  144  143  143  141  140  138  136  134  132  129  127
  124  122  119  116  113  111  108  106  104  102  100   98   97   95   95   93
   94   93   95   94   96   96   97   98   99   99   99   99   99   98   98   97
   97   97   97   97   99   99  100  117  103                                   
    82.5-180.0 180.0   5.0 450.0                            LAT/LON1/LON2/DLON/H
   95   95   94  101  101  107  106  115  117  125  127  136  138  147  148  155
  154  160  158  162  159  161  156  157  151  151  145  144  138  137  131  130
  124  122  116  115  109  108  102  100   95   94   91   89   87   86   85   85
   86   87   88   90   91   93   93   96   95   98   96   99   95   98   94   97
   92   95   90   95   90   91   85   95   95                                   
    80.0-180.0 180.0   5.0 450.0                            LAT/LON1/LON2/DLON/H
   91   83   86   87   93   96  102  108  116  122  132  138  148  152  160  163
  168  169  172  170  171  167  166  160  158  152  150  143  142  135  134  127
  127  119  119  111  111  103  102   95   93   88   86   82   81   79   79   79
   80   81   84   85   88   88   91   92   94   93   94   92   93   90   90   87
   87   84   84   80   80   78   76   84   91                                   
    77.5-180.0 180.0   5.0 450.0                            LAT/LON1/LON2/DLON/H
   78   75   76   77   83   85   95  100  112  119  133  140  151  157  167  170
  175  176  178  175  174  169  166  159  154  148  144  139  135  131  128  124
  121  116  114  108  105   98   95   88   86   79   78   73   73   71   72   72
   75   76   80   82   85   87   90   90   92   91   91   89   88   86   84   82
   80   77   76   73   72   68   67   70   78                                   
    75.0-180.0 180.0   5.0 450.0                            LAT/LON1/LON2/DLON/H
   80   75   79   79   84   88   97  104  116  126  140  149  162  169  180  181
  188  186  189  184  182  174  169  160  153  144  140  133  131  125  125  120
  121  116  116  110  108  101   98   91   87   81   79   75   74   73   74   76
   78   81   85   87   91   92   94   94   95   93   92   89   88   84   83   80
   79   76   77   72   73   68   73   75   80                                   
    72.5-180.0 180.0   5.0 450.0                            LAT/LON1/LON2/DLON/H
   85   87   87   88   93   94  104  110  124  133  149  159  172  180  190  193
  196  196  196  191  186  178  171  159  150  139  132  125  121  117  117  114
  115  113  113  109  107  101   98   91   87   81   78   74   73   72   73   74
   77   80   84   86   88   90   90   91   90   90   86   85   81   81   76   75
   73   73   73   72   72   72   76   81   85                                   
    70.0-180.0 180.0   5.0 450.0                            LAT/LON1/LON2/DLON/H
   98   95  100   99  103  107  117  123  136  147  163  174  188  196  206  208
  212  209  210  201  197  187  178  163  151  136  127  116  112  107  106  104
  106  105  107  105  104   99   97   90   86   81   78   75   74   74   75   77
   79   82   84   86   88   88   88   86   86   82   81   77   76   72   72   69
   71   69   73   71   76   75   84   89   98                                   
    67.5-180.0 180.0   5.0 450.0                            LAT/LON1/LON2/DLON/H
  105  108  111  113  118  119  129  135  149  159  174  186  199  209  216  221
  221  220  217  212  206  196  187  171  155  138  124  111  104   97   95   93
   94   95   96   95   94   90   87   83   79   74   72   69   69   68   70   70
   73   73   75   75   76   76   76   74   73   71   68   67   63   63   60   61
   59   61   63   67   71   76   86   94  105                                   
    65.0-180.0 180.0   5.0 450.0                            LAT/LON1/LON2/DLON/H
  116  115  122  124  130  132  143  148  162  172  188  200  214  224  231  233
  234  233  231  226  222  212  203  185  169  147  131  114  103   95   90   88
   87   86   86   84   82   80   77   74   71   69   67   66   66   65   67   67
   68   67   67   65   66   64   65   63   63   60   58   57   56   54   54   52
   54   53   59   59   68   73   88   98  116                                   
    62.5-180.0 180.0   5.0 450.0                            LAT/LON1/LON2/DLON/H
  116  120  125  132  137  139  149  155  168  179  196  209  223  234  239  244
  243  244  243  240  237  229  218  203  185  164  143  126  111  100   94   89
   86   82   79   76   71   69   66   64   62   59   59   58   59   58   59   57
   57   55   53   51   50   49   49   50   50   50   48   48   47   47   45   44
   43   44   47   52   59   68   83   97  116                                   
    60.0-180.0 180.0   5.0 450.0                            LAT/LON1/LON2/DLON/H
  120  118  127  136  143  149  158  165  177  189  205  217  231  241  248  253
  255  257  255  255  252  245  235  220  205  183  164  143  130  116  109  101
   95   88   82   75   70   65   63   60   60   59   59   59   59   57   56   53
   51   47   45   41   40   39   41   42   45   44   45   46   47   45   45   42
   42   41   44   46   55   62   81   92  120                                   
    57.5-180.0 180.0   5.0 450.0                            LAT/LON1/LON2/DLON/H
  116  118  125  138  146  152  162  169  182  193  208  222  233  245  251  259
  261  266  266  267  266  260  251  237  221  204  186  171  156  144  133  124
  112  103   91   83   73   69   63   62   60   60   60   59   59   56   53   48
   45   40   36   33   32   32   35   38   43   44   47   47   48   47   45   42
   41   39   42   45   52   60   77   88  116                                   
    55.0-180.0 180.0   5.0 450.0                            LAT/LON1/LON2/DLON/H
  124  123  135  149  159  169  179  187  196  206  217  227  238  249  256  264
  269  274  275  276  274  269  261  247  235  218  207  193  186  174  166  152
  139  125  111   99   89   80   75   72   72   71   72   70   69   64   61   53
   49   42   39   34   34   35   39   44   50   53   55   56   57   55   54   50
   49   47   50   51   59   65   84   90  124                                   
    52.5-180.0 180.0   5.0 450.0                            LAT/LON1/LON2/DLON/H
  130  135  146  161  173  183  194  202  210  218  225  236  242  254  259  270
  273  280  280  281  278  275  268  258  246  236  226  219  212  207  197  186
  168  151  132  119  106   98   91   88   86   85   84   82   80   73   69   61
   56   48   44   41   41   43   48   54   61   64   68   67   68   66   64   61
   59   58   61   65   71   80   94  101  130                                   
    50.0-180.0 180.0   5.0 450.0                            LAT/LON1/LON2/DLON/H
  149  152  170  184  197  211  221  229  231  236  239  246  252  260  267  276
  281  286  285  285  281  278  272  262  256  247  244  238  238  230  224  209
  192  171  152  138  125  116  109  105  103  102  102  100   98   91   86   79
   73   67   62   58   58   59   64   70   76   80   81   81   81   80   78   77
   76   77   82   88   96  104  119  125  149                                   
    47.5-180.0 180.0   5.0 450.0                            LAT/LON1/LON2/DLON/H
  164  174  190  207  222  235  244  252  251  256  253  261  261  272  274  285
  286  291  288  287  282  279  273  268  263  260  258  256  253  247  236  221
  201  180  162  150  139  132  125  122  118  117  116  114  111  105   99   93
   88   83   78   75   74   75   80   85   91   93   93   91   91   91   89   89
   90   93  100  110  119  130  138  151  164                                   
    45.0-180.0 180.0   5.0 450.0                            LAT/LON1/LON2/DLON/H
  190  198  218  236  247  262  269  276  273  275  273  273  276  280  286  291
  295  296  293  290  286  281  278  272  271  267  268  264  260  250  238  218
  198  176  160  151  144  140  135  133  129  128  127  126  125  119  116  109
  107  102   99   94   93   92   96   99  104  104  102  100   99   99   99  101
  103  109  120  131  146  156  169  181  190                                   
    42.5-180.0 180.0   5.0 450.0                            LAT/LON1/LON2/DLON/H
  201  217  234  253  265  279  287  295  291  293  288  292  290  297  296  304
  304  307  302  300  294  291  287  283  281  279  275  269  258  247  227  207
  183  165  151  148  145  146  142  141  136  136  135  135  133  130  125  121
  117  115  111  108  105  104  106  109  111  110  107  103  102  102  103  106
  108  116  128  144  159  176  185  207  201                                   
    40.0-180.0 180.0   5.0 450.0                            LAT/LON1/LON2/DLON/H
  217  233  251  269  281  296  303  312  310  312  309  308  308  310  311  317
  318  320  316  315  311  307  303  298  294  289  282  269  256  236  217  194
  172  156  148  147  147  149  147  145  140  139  138  139  138  134  132  126
  126  121  122  117  116  113  115  115  117  113  109  105  104  105  106  110
  114  122  137  151  173  188  202  222  217                                   
    37.5-180.0 180.0   5.0 450.0                            LAT/LON1/LON2/DLON/H
  217  237  253  272  286  299  307  316  316  321  319  323  320  326  325  332
  333  338  335  337  333  329  324  317  310  301  289  271  251  230  208  189
  172  161  156  158  159  162  156  153  144  143  140  141  138  137  131  129
  125  123  122  119  118  117  118  118  118  114  110  106  103  104  105  108
  110  118  130  148  171  189  203  229  217                                   
    35.0-180.0 180.0   5.0 450.0                            LAT/LON1/LON2/DLON/H
  222  239  258  276  290  303  311  319  324  329  333  336  337  341  342  349
  351  357  357  361  360  355  348  335  328  314  302  280  262  240  225  213
  204  197  193  190  189  185  177  168  157  151  147  145  143  138  134  127
  126  120  121  117  121  119  123  122  123  117  113  108  106  107  106  110
  112  118  130  145  170  185  204  227  222                                   
    32.5-180.0 180.0   5.0 450.0                            LAT/LON1/LON2/DLON/H
  222  239  255  277  291  306  310  320  324  334  337  345  346  354  358  364
  370  377  382  388  388  382  371  357  346  333  319  301  285  270  261  257
  255  253  247  243  231  221  203  191  173  165  156  155  148  143  134  129
  121  118  114  113  115  118  122  124  124  121  115  111  106  106  105  108
  108  114  124  142  166  184  204  231  222                                   
    30.0-180.0 180.0   5.0 450.0                            LAT/LON1/LON2/DLON/H
  238  247  273  289  304  314  318  324  332  339  348  355  361  368  372  381
  386  395  402  411  411  403  389  373  362  352  345  336  334  332  339  348
  354  352  338  317  292  264  238  220  201  189  178  171  163  154  145  137
  129  121  117  115  117  121  126  128  128  123  118  113  108  109  108  111
  114  123  134  151  174  191  212  237  238                                   
    27.5-180.0 180.0   5.0 450.0                            LAT/LON1/LON2/DLON/H
  254  267  291  312  322  333  333  342  344  356  359  368  370  379  384  390
  394  405  414  424  423  414  398  385  376  374  377  383  395  408  431  448
  457  446  422  388  348  303  266  242  221  210  198  191  179  169  157  147
  134  125  117  114  115  120  126  127  126  121  114  108  104  104  105  110
  115  125  139  158  182  206  225  254  254                                   
    25.0-180.0 180.0   5.0 450.0                            LAT/LON1/LON2/DLON/H
  280  293  327  342  355  362  362  368  371  379  382  388  390  395  397  403
  406  416  423  432  429  418  404  395  393  401  418  440  468  500  519  525
  524  513  486  439  387  333  287  257  238  230  221  214  203  191  178  166
  154  145  134  130  129  135  137  138  134  128  118  111  104  105  105  115
  123  138  153  176  197  221  241  270  280                                   
    22.5-180.0 180.0   5.0 450.0                            LAT/LON1/LON2/DLON/H
  299  323  354  378  389  400  396  403  400  411  408  414  412  415  413  415
  416  423  429  436  431  424  413  413  421  442  469  506  540  557  571  574
  576  550  517  462  400  338  290  259  244  238  233  229  219  211  200  191
  179  164  149  142  140  143  146  146  142  136  128  117  111  105  109  114
  127  141  163  186  209  238  259  289  299                                   
    20.0-180.0 180.0   5.0 450.0                            LAT/LON1/LON2/DLON/H
  318  344  384  409  426  438  438  440  436  444  444  451  447  446  439  442
  437  444  443  447  441  437  432  440  459  486  521  555  578  590  609  620
  613  583  533  466  392  325  281  259  250  249  248  243  239  231  221  209
  195  179  167  158  155  153  154  149  146  136  130  122  121  114  115  124
  136  153  174  202  225  248  272  303  318                                   
    17.5-180.0 180.0   5.0 450.0                            LAT/LON1/LON2/DLON/H
  328  358  401  433  454  471  472  476  476  484  483  485  479  477  471  468
  463  465  463  465  458  459  460  476  498  530  564  589  607  625  640  641
  622  578  520  441  362  301  266  251  251  252  256  257  247  241  233  222
  210  195  184  176  169  165  164  160  154  148  137  130  124  118  121  125
  140  154  177  201  226  257  279  315  328                                   
    15.0-180.0 180.0   5.0 450.0                            LAT/LON1/LON2/DLON/H
  343  373  421  453  482  504  511  522  527  538  532  535  520  519  506  505
  497  499  493  496  487  492  497  519  545  571  598  612  630  639  646  632
  599  545  482  400  329  278  254  250  259  266  269  263  258  251  249  239
  231  216  206  190  185  176  176  172  170  160  151  138  132  123  125  130
  143  156  179  204  227  251  282  318  343                                   
    12.5-180.0 180.0   5.0 450.0                            LAT/LON1/LON2/DLON/H
  347  385  433  472  506  529  541  553  564  578  579  578  567  560  551  543
  540  538  533  531  527  534  546  569  596  613  627  640  644  644  625  595
  544  493  424  353  297  263  246  251  266  278  276  273  265  262  259  255
  245  232  216  204  192  188  186  187  183  175  161  145  136  127  129  131
  142  155  177  201  225  251  280  325  347                                   
    10.0-180.0 180.0   5.0 450.0                            LAT/LON1/LON2/DLON/H
  358  393  447  482  525  553  572  589  603  620  618  622  611  612  597  596
  588  592  582  585  580  591  601  620  639  648  658  656  650  629  593  548
  498  442  380  323  280  259  254  267  279  291  299  289  284  273  271  262
  254  236  225  209  201  193  197  198  195  181  170  151  144  133  134  133
  143  154  179  201  226  249  281  326  358                                   
     7.5-180.0 180.0   5.0 450.0                            LAT/LON1/LON2/DLON/H
  361  407  458  502  543  574  595  611  629  639  647  656  656  658  647  643
  643  642  638  635  633  636  648  665  677  680  676  665  642  611  563  514
