data/unet/pred0150.15i
     1.0            IONOSPHERE MAPS     GNSS                IONEX VERSION / TYPE
pyspatialgeodesy        IME             05-JAN-18 20:20     PGM / RUN BY / DATE 
Map Name                                                    COMMENT             
Predicted global ionosphere maps (GIM).                     DESCRIPTION         
  2015     1    15     0     0     0                        EPOCH OF FIRST MAP  
  2015     1    16     0     0     0                        EPOCH OF LAST MAP   
  7200                                                      INTERVAL            
    13                                                      # OF MAPS IN FILE   
  NONE                                                      MAPPING FUNCTION    
10.0                                                        ELEVATION CUTOFF    
One-way carrier phase leveled to code                       OBSERVABLES USED    
  6371.0                                                    BASE RADIUS         
 2                                                          MAP DIMENSION       
   450.0 450.0   0.0                                        HGT1 / HGT2 / DHGT  
    87.5 -87.5  -2.5                                        LAT1 / LAT2 / DLAT  
  -180.0 180.0   5.0                                        LON1 / LON2 / DLON  
    -1                                                      EXPONENT            
                                                            END OF HEADER       
[from data line 2574]
     7                                                      START OF TEC MAP    
  2015     1    15    12     0     0                        EPOCH OF CURRENT MAP
    87.5-180.0 180.0   5.0 450.0                            LAT/LON1/LON2/DLON/H
   92   96   97   97   98   98   99   99  100  100  101  100  101  100  100   99
   99   97   97   96   95   94   92   92   90   90   88   88   85   87   84   86
   82   84   81   82   78   80   76   77   73   75   71   73   70   73   70   73
   71   75   74   77   77   79   80   82   83   84   85   86   87   88   88   89
   90   90   91   91   93   92  101   84   92                                   
    85.0-180.0 180.0   5.0 450.0                            LAT/LON1/LON2/DLON/H
   93   90   89   85   87   87   89   88   90   89   89   89   88   89   87   88
   86   86   83   84   81   81   79   80   78   79   78   78   77   78   77   77
   76   76   75   73   73   71   70   66   66   63   63   60   61   59   61   58
   62   60   65   63   68   67   73   71   76   75   79   77   81   79   82   80
   83   80   84   81   85   85   94   96   93                                   
    82.5-180.0 180.0   5.0 450.0                            LAT/LON1/LON2/DLON/H
   88   83   81   77   79   79   80   80   80   79   80   79   78   78   77   76
   76   75   74   74   72   72   71   71   70   71   70   72   69   71   69   70
   67   68   64   64   60   59   54   52   47   45   42   40   37   37   36   37
   37   39   41   43   46   49   53   57   60   64   66   69   70   72   72   73
   73   75   74   75   73   74   73   72   88                                   
    80.0-180.0 180.0   5.0 450.0                            LAT/LON1/LON2/DLON/H
   76   68   64   63   64   66   65   66   64   64   64   63   63   63   63   63
   64   64   65   65   66   67   67   68   68   69   70   72   73   74   75   75
   75   74   73   70   68   64   62   56   53   47   45   40   38   34   34   31
   33   31   36   35   40   41   47   49   53   57   61   63   66   66   68   65
   67   65   67   63   63   58   57   64   76                                   
    77.5-180.0 180.0   5.0 450.0                            LAT/LON1/LON2/DLON/H
   66   60   55   53   54   56   54   56   54   55   54   54   53   54   54   54
   55   56   59   60   62   65   64   69   66   72   71   77   76   82   82   87
   85   89   87   88   81   80   73   70   63   60   54   51   44   43   39   39
   36   38   39   41   43   46   51   53   58   62   66   67   69   69   69   68
   66   65   63   59   58   53   51   53   66                                   
    75.0-180.0 180.0   5.0 450.0                            LAT/LON1/LON2/DLON/H
   59   49   50   47   49   50   51   50   50   49   49   49   47   48   46   47
   46   50   52   55   57   60   61   64   64   66   67   70   75   80   86   92
   98  104  107  108  106  105   97   93   86   83   77   72   64   62   56   54
   50   50   49   50   50   54   56   61   63   68   69   72   72   71   71   68
   66   62   61   55   54   48   48   52   59                                   
    72.5-180.0 180.0   5.0 450.0                            LAT/LON1/LON2/DLON/H
   57   53   48   48   48   49   50   51   51   50   49   50   48   48   45   45
   45   46   49   53   56   58   60   65   64   68   68   74   80   89   97  107
  116  125  131  135  134  133  127  120  113  111  106  101   93   89   81   77
   69   67   63   63   62   63   66   68   72   74   76   76   76   75   73   71
   68   64   61   56   54   48   50   54   57                                   
    70.0-180.0 180.0   5.0 450.0                            LAT/LON1/LON2/DLON/H
   61   54   52   49   52   52   54   54   55   53   54   54   53   52   49   47
   46   47   49   54   56   61   64   69   71   74   76   82   88   96  108  120
  133  144  155  161  164  164  159  154  148  145  140  134  127  120  112  103
   94   88   82   78   75   72   72   72   73   76   77   77   78   75   76   71
   70   64   64   57   56   51   53   57   61                                   
    67.5-180.0 180.0   5.0 450.0                            LAT/LON1/LON2/DLON/H
   64   60   53   55   54   55   55   58   57   58   57   58   58   56   57   53
   53   52   54   58   60   62   65   68   73   76   81   88   96  106  120  133
  149  162  177  185  194  193  192  184  180  174  171  165  160  150  140  128
  117  104   94   85   79   72   70   68   69   70   72   72   74   72   72   69
   69   65   63   58   58   53   56   65   64                                   
    65.0-180.0 180.0   5.0 450.0                            LAT/LON1/LON2/DLON/H
   64   59   56   54   57   57   59   59   61   59   63   63   64   65   62   62
   57   57   56   60   62   64   65   69   74   82   87   97  105  116  129  146
  162  180  196  210  218  222  217  214  207  205  202  197  189  179  167  152
  137  120  105   90   79   70   64   60   59   60   60   63   64   65   64   63
   64   61   62   58   57   55   59   64   64                                   
    62.5-180.0 180.0   5.0 450.0                            LAT/LON1/LON2/DLON/H
   62   57   51   54   51   54   52   58   57   59   60   62   65   64   66   63
   65   62   61   62   62   62   60   66   70   79   88   99  107  123  139  157
  174  191  212  225  240  240  239  232  229  226  224  221  218  205  192  172
  154  132  115   96   79   64   55   49   47   47   50   50   53   53   54   54
   56   55   57   55   55   53   57   67   62                                   
    60.0-180.0 180.0   5.0 450.0                            LAT/LON1/LON2/DLON/H
   55   49   47   45   49   47   50   51   54   54   59   62   63   63   59   60
   58   58   57   57   55   54   54   63   70   80   90  102  113  129  146  163
  181  201  221  238  249  252  250  248  247  245  244  243  240  229  211  187
  163  141  121   99   80   64   53   44   39   39   38   41   42   44   44   45
   48   49   52   52   52   52   56   57   55                                   
    57.5-180.0 180.0   5.0 450.0                            LAT/LON1/LON2/DLON/H
   51   44   38   40   37   40   38   44   44   48   51   53   58   55   57   53
   56   55   56   54   51   50   52   59   67   81   92  110  122  142  157  175
  192  210  231  244  256  256  258  256  258  255  256  256  256  243  226  201
  180  153  134  109   92   74   61   49   43   37   35   34   35   36   37   39
   41   44   48   49   50   48   49   56   51                                   
    55.0-180.0 180.0   5.0 450.0                            LAT/LON1/LON2/DLON/H
   47   40   35   32   36   32   36   36   41   43   47   51   48   49   44   45
   44   45   46   46   42   43   46   57   67   86  100  120  134  153  169  187
  206  228  244  255  263  263  266  269  269  270  269  272  268  256  239  214
  193  168  146  125  106   89   75   64   55   47   41   38   37   37   38   39
   42   44   48   49   49   50   51   49   47                                   
    52.5-180.0 180.0   5.0 450.0                            LAT/LON1/LON2/DLON/H
   50   44   35   36   33   34   31   34   35   38   44   45   48   42   44   39
   42   42   46   45   42   45   48   59   73   96  115  137  153  172  187  203
  224  238  252  257  264  263  269  272  276  277  278  280  279  266  251  227
  208  185  169  146  130  112   99   86   76   66   56   50   45   44   43   44
   46   49   52   53   53   50   52   57   50                                   
    50.0-180.0 180.0   5.0 450.0                            LAT/LON1/LON2/DLON/H
   59   51   46   42   43   38   39   36   39   41   45   48   45   42   40   37
   39   41   44   44   43   46   52   66   83  109  130  152  167  185  199  217
  235  247  258  262  267  268  273  280  283  289  286  292  287  276  258  239
  221  198  183  165  148  131  117  105   94   86   77   69   62   57   53   53
   54   57   58   59   59   60   62   64   59                                   
    47.5-180.0 180.0   5.0 450.0                            LAT/LON1/LON2/DLON/H
   73   68   61   59   55   52   47   44   45   46   51   51   54   46   47   42
   46   48   53   52   51   56   61   77   98  125  148  171  186  201  211  224
  237  244  253  255  264  267  275  279  289  294  298  299  295  280  264  243
  229  210  196  180  165  147  133  120  109  101   89   82   74   69   64   63
   64   65   67   66   68   67   71   83   73                                   
    45.0-180.0 180.0   5.0 450.0                            LAT/LON1/LON2/DLON/H
   88   83   79   75   78   71   67   60   60   59   63   64   65   58   56   51
   55   57   60   60   60   65   73   91  113  139  161  183  194  206  214  223
  233  240  249  255  266  274  281  291  297  307  303  306  296  285  268  252
  238  221  207  190  171  152  138  124  115  107   99   92   84   80   74   72
   71   73   74   75   76   80   85   96   88                                   
    42.5-180.0 180.0   5.0 450.0                            LAT/LON1/LON2/DLON/H
   97   98   93   91   92   87   82   76   74   70   76   75   78   71   72   66
   72   69   74   72   73   76   84  103  127  151  174  193  201  209  210  216
  222  229  241  252  271  280  291  299  310  315  315  311  301  288  272  256
  244  225  212  191  171  149  132  118  108  102   94   89   84   80   78   76
   77   76   80   79   83   83   91  111   97                                   
    40.0-180.0 180.0   5.0 450.0                            LAT/LON1/LON2/DLON/H
  101  102   98   99  104  100   97   88   86   82   89   89   93   87   88   82
   86   83   85   83   83   88   98  117  139  164  183  200  205  206  206  207
  215  227  246  265  287  300  310  321  327  333  329  323  310  299  283  270
  257  239  221  199  172  146  126  110   99   92   88   81   79   78   77   77
   76   77   78   79   83   88   93  108  101                                   
    37.5-180.0 180.0   5.0 450.0                            LAT/LON1/LON2/DLON/H
   98   97   97  100  103  102  101   95   92   90   96   96  103   96  102   94
  103   95   99   92   92   95  107  126  147  170  187  201  204  203  199  201
  209  228  254  281  311  325  341  347  355  355  353  343  331  317  302  287
  270  253  234  208  180  150  127  106   94   84   80   74   74   72   76   75
   77   74   76   75   79   81   88  102   98                                   
    35.0-180.0 180.0   5.0 450.0                            LAT/LON1/LON2/DLON/H
   93   86   86   91   99   99  101   94   96   92  103  103  112  107  112  109
  114  108  108  100  100  105  117  137  156  178  193  205  209  203  203  204
  220  246  280  314  341  360  373  383  386  392  386  380  364  355  338  325
  308  290  263  237  202  172  142  122  106   94   87   80   75   76   79   81
   82   82   76   73   72   76   81   82   93                                   
    32.5-180.0 180.0   5.0 450.0                            LAT/LON1/LON2/DLON/H
   87   76   76   84   89   92   95   92   92   92  100  104  113  109  119  115
  125  114  116  104  106  108  122  142  160  183  197  210  214  212  214  219
  238  270  315  350  382  396  412  418  427  432  435  430  417  406  390  377
  360  342  316  292  260  226  194  168  151  134  125  114  108  105  108  107
  110   99   95   82   79   73   77   68   87                                   
    30.0-180.0 180.0   5.0 450.0                            LAT/LON1/LON2/DLON/H
   76   66   67   75   82   85   88   85   89   88   98  102  111  111  118  120
  123  119  114  109  109  119  132  153  169  191  206  218  226  224  234  244
  275  319  369  409  432  450  455  465  469  481  484  487  476  470  454  445
  427  408  386  362  336  313  277  256  230  216  190  174  162  157  155  155
  149  137  124  110   96   85   81   54   76                                   
    27.5-180.0 180.0   5.0 450.0                            LAT/LON1/LON2/DLON/H
   70   70   65   71   73   76   79   80   81   85   92   99  106  107  116  117
  126  118  118  109  115  123  139  160  176  199  213  227  238  245  259  279
  317  369  426  460  491  500  511  515  527  538  554  556  553  548  531  525
  506  494  470  455  431  417  392  368  342  315  286  256  234  214  208  198
  194  175  160  136  123  109  101   54   70                                   
    25.0-180.0 180.0   5.0 450.0                            LAT/LON1/LON2/DLON/H
   94   97   95   87   83   76   75   70   74   74   83   89   99  100  107  111
  116  115  112  114  119  136  150  174  190  206  227  236  259  271  297  318
  366  421  479  513  536  555  559  572  578  599  614  621  625  619  606  597
  582  570  554  540  525  513  481  460  428  411  375  344  316  292  279  270
  259  244  218  195  156  139  124   88   94                                   
    22.5-180.0 180.0   5.0 450.0                            LAT/LON1/LON2/DLON/H
  145  134  127  117  116  106   92   79   75   71   76   81   88   92   98  101
  110  107  111  111  124  141  165  187  205  222  242  259  285  303  327  355
  411  469  525  555  577  592  603  610  625  644  667  678  681  682  665  663
  646  641  623  611  593  574  542  516  495  485  455  433  411  391  376  362
  347  327  297  261  228  199  175  142  145                                   
    20.0-180.0 180.0   5.0 450.0                            LAT/LON1/LON2/DLON/H
  200  180  173  156  143  132  124  102   92   78   80   74   83   82   90   91
   99   99  104  111  127  155  178  203  224  239  266  283  309  316  347  383
  441  500  558  582  600  613  625  641  656  682  703  716  722  719  711  702
  692  682  672  656  640  610  580  560  539  536  518  505  492  477  458  435
  417  391  361  322  286  257  228  215  200                                   
    17.5-180.0 180.0   5.0 450.0                            LAT/LON1/LON2/DLON/H
  251  223  206  187  170  155  141  126  114   97   92   82   86   83   88   90
  100  102  109  121  142  173  203  231  251  264  276  290  306  325  363  407
  463  526  568  599  603  616  619  641  659  684  710  724  730  731  721  719
  705  700  686  670  650  618  594  573  562  553  547  531  519  502  482  462
  441  420  394  363  332  305  284  268  251                                   
    15.0-180.0 180.0   5.0 450.0                            LAT/LON1/LON2/DLON/H
  281  256  239  223  191  170  154  137  126  111   99   91   90   86   90   93
  102  110  116  135  155  194  226  256  267  276  275  296  317  343  385  425
  479  527  568  589  599  604  618  633  656  675  700  708  717  715  713  708
  699  688  676  663  640  615  582  564  538  536  519  513  499  483  462  441
  420  405  385  365  350  338  321  305  281                                   
    12.5-180.0 180.0   5.0 450.0                            LAT/LON1/LON2/DLON/H
  291  281  259  238  212  181  165  146  134  124  115  103   99   91   88   94
  101  111  125  146  174  214  249  275  276  275  274  300  327  362  404  446
  493  537  562  581  582  593  598  619  636  653  673  677  681  682  677  677
  668  661  644  631  612  590  560  524  504  487  474  467  451  443  419  409
  391  386  370  361  345  347  336  311  291                                   
    10.0-180.0 180.0   5.0 450.0                            LAT/LON1/LON2/DLON/H
  278  288  273  253  225  192  170  149  134  126  116  110  105   96   86   94
  100  116  130  158  186  228  257  284  276  283  281  321  356  394  426  460
  499  532  554  568  573  587  599  615  630  637  649  647  650  651  654  654
  647  639  622  611  589  571  533  499  461  449  423  417  398  387  369  358
  350  346  343  333  327  323  326  302  278                                   
     7.5-180.0 180.0   5.0 450.0                            LAT/LON1/LON2/DLON/H
  252  278  263  246  226  199  179  159  146  133  124  120  113  109   99  103
  104  118  136  162  194  235  255  280  282  293  303  342  373  408  436  474
