data/unet/pred2730.15i
     1.0            IONOSPHERE MAPS     GNSS                IONEX VERSION / TYPE
pyspatialgeodesy        IME             05-JAN-18 20:20     PGM / RUN BY / DATE 
Map Name                                                    COMMENT             
Predicted global ionosphere maps (GIM).                     DESCRIPTION         
  2015     9    30     0     0     0                        EPOCH OF FIRST MAP  
  2015    10     1     0     0     0                        EPOCH OF LAST MAP   
  7200                                                      INTERVAL            
    13                                                      # OF MAPS IN FILE   
  NONE                                                      MAPPING FUNCTION    
10.0                                                        ELEVATION CUTOFF    
One-way carrier phase leveled to code                       OBSERVABLES USED    
  6371.0                                                    BASE RADIUS         
 2                                                          MAP DIMENSION       
   450.0 450.0   0.0                                        HGT1 / HGT2 / DHGT  
    87.5 -87.5  -2.5                                        LAT1 / LAT2 / DLAT  
  -180.0 180.0   5.0                                        LON1 / LON2 / DLON  
    -1                                                      EXPONENT            
                                                            END OF HEADER       
[from data line 429]
     2                                                      START OF TEC MAP    
  2015     9    30     2     0     0                        EPOCH OF CURRENT MAP
    87.5-180.0 180.0   5.0 450.0                            LAT/LON1/LON2/DLON/H
  113  109  107   98  101   95  100   98  104  101  106  103  107  105  107  104
  107  104  106  102  104  100  102   97  100   94   97   91   95   90   93   88
   92   87   91   87   91   88   91   87   92   89   93   90   95   93   97   94
  100   98  102  100  105  103  107  105  110  108  111  109  113  110  113  109
  113  109  113  109  117  110  112  130  113                                   
    85.0-180.0 180.0   5.0 450.0                            LAT/LON1/LON2/DLON/H
  107  118  105  105  104  100  103  101  105  104  107  106  110  108  111  109
  110  108  108  106  105  102  101   98   96   93   91   89   87   85   84   82
   81   81   80   80   80   81   80   82   82   84   84   86   87   90   91   94
   96   98  100  101  104  106  108  108  111  112  113  113  116  114  116  114
  116  113  116  114  118  112  118  124  107                                   
    82.5-180.0 180.0   5.0 450.0                            LAT/LON1/LON2/DLON/H
  112  113  113  113  106  104  104  107  108  110  111  113  115  116  117  117
  117  114  114  110  109  103  102   95   94   87   86   79   79   73   73   69
   70   66   68   66   69   67   70   70   74   74   78   79   83   85   89   91
   96   97  102  104  109  111  115  116  121  122  125  125  128  127  128  126
  128  126  128  126  130  122  128  128  112                                   
    80.0-180.0 180.0   5.0 450.0                            LAT/LON1/LON2/DLON/H
  121  119  121  119  118  111  114  112  116  114  119  119  124  123  128  126
  129  125  126  120  118  110  107   98   94   86   82   75   72   66   65   61
   61   58   59   57   60   59   62   62   67   67   71   72   78   79   86   88
   94   97  103  106  113  115  121  124  130  132  137  137  142  140  144  140
  145  141  145  142  143  135  134  134  121                                   
    77.5-180.0 180.0   5.0 450.0                            LAT/LON1/LON2/DLON/H
  134  131  131  132  122  121  117  120  117  120  120  125  125  130  131  135
  133  134  131  130  123  118  111  105   96   90   82   78   70   69   63   63
   59   59   57   58   56   58   57   60   61   63   65   69   72   76   80   85
   91   95  102  106  114  118  125  129  136  139  144  147  152  153  155  156
  158  159  160  160  158  154  152  147  134                                   
    75.0-180.0 180.0   5.0 450.0                            LAT/LON1/LON2/DLON/H
  144  141  142  141  132  127  124  122  122  121  123  123  127  127  131  130
  133  131  131  127  123  117  112  104   97   89   84   77   74   69   67   64
   63   61   60   58   57   56   55   55   56   57   59   62   65   68   72   77
   83   88   95  102  110  118  125  133  140  146  151  156  161  163  166  167
  170  171  174  173  172  167  165  160  144                                   
    72.5-180.0 180.0   5.0 450.0                            LAT/LON1/LON2/DLON/H
  161  157  156  151  137  131  125  123  118  118  116  118  117  120  120  122
  121  122  121  119  115  111  106  100   93   88   82   79   74   73   70   71
   68   68   64   62   59   56   53   51   49   49   51   52   54   58   62   67
   73   79   89   96  108  116  126  133  142  148  154  158  162  165  167  169
  171  174  177  179  181  182  180  177  161                                   
    70.0-180.0 180.0   5.0 450.0                            LAT/LON1/LON2/DLON/H
  171  169  168  161  148  141  135  130  125  122  119  116  115  113  113  112
  112  111  111  109  108  104  101   95   91   85   83   79   78   76   77   75
   76   73   70   66   62   57   52   48   46   45   45   47   49   53   56   62
   67   74   83   94  106  117  128  137  147  152  158  162  166  168  170  172
  176  178  183  187  191  192  195  191  171                                   
    67.5-180.0 180.0   5.0 450.0                            LAT/LON1/LON2/DLON/H
  184  183  180  171  155  147  140  135  129  124  117  113  107  105  101  100
   97   99   98   99   96   96   92   90   84   82   78   79   76   79   77   80
   77   77   72   68   61   54   47   42   38   37   37   40   42   46   50   55
   62   69   79   90  105  117  129  139  149  155  158  162  164  165  166  169
  171  175  180  186  192  198  201  198  184                                   
    65.0-180.0 180.0   5.0 450.0                            LAT/LON1/LON2/DLON/H
  188  187  184  177  164  155  148  144  138  132  123  116  107  100   94   90
   88   88   88   88   89   88   87   83   82   78   78   76   77   77   79   78
   79   75   71   65   59   50   44   39   37   36   37   40   43   47   49   55
   60   67   78   90  105  119  132  143  152  158  161  163  164  164  165  165
  169  171  178  184  192  198  205  204  188                                   
    62.5-180.0 180.0   5.0 450.0                            LAT/LON1/LON2/DLON/H
  192  192  188  181  168  159  152  147  142  136  127  117  106   97   88   84
   80   81   80   83   82   83   80   79   74   74   70   72   70   73   71   74
   71   70   64   59   51   45   37   34   31   34   36   40   44   48   51   55
   61   67   78   91  107  121  135  146  155  161  162  163  164  163  162  162
  163  166  171  177  185  194  199  200  192                                   
    60.0-180.0 180.0   5.0 450.0                            LAT/LON1/LON2/DLON/H
  188  187  184  179  169  161  155  151  148  141  133  123  111  100   90   84
   81   80   81   81   82   80   79   75   73   70   69   66   68   66   67   65
   66   61   58   52   47   41   37   35   36   39   43   49   52   56   57   60
   65   71   82   95  110  125  138  150  160  164  166  167  168  167  167  164
  165  164  170  174  181  186  194  195  188                                   
    57.5-180.0 180.0   5.0 450.0                            LAT/LON1/LON2/DLON/H
  191  189  186  180  169  161  157  154  150  144  137  127  115  105   94   90
   85   86   84   85   83   82   77   75   70   68   65   64   62   62   59   59
   56   55   51   49   44   42   38   40   42   48   54   60   64   66   68   69
   74   80   91  104  119  134  147  159  167  171  170  172  173  173  172  171
  170  169  172  175  179  184  187  188  191                                   
    55.0-180.0 180.0   5.0 450.0                            LAT/LON1/LON2/DLON/H
  192  189  185  181  171  164  159  155  153  148  142  132  122  113  104   99
   96   95   92   91   88   85   80   76   72   69   67   64   64   60   59   55
   55   51   51   49   49   47   47   49   53   59   66   72   75   77   76   79
   82   89  100  113  127  142  154  165  173  175  176  177  180  181  184  183
  184  180  183  182  184  185  190  190  192                                   
    52.5-180.0 180.0   5.0 450.0                            LAT/LON1/LON2/DLON/H
  204  200  196  188  177  168  163  158  155  149  143  135  126  119  111  108
  104  103   99   97   93   89   84   80   76   75   72   70   66   64   59   58
   54   55   54   56   56   58   57   61   65   72   80   85   89   88   90   90
   97  105  116  128  141  156  166  178  182  185  184  186  188  191  195  196
  197  195  196  194  194  196  199  195  204                                   
    50.0-180.0 180.0   5.0 450.0                            LAT/LON1/LON2/DLON/H
  215  210  207  199  188  178  171  165  161  154  147  139  132  125  120  116
  112  109  104  100   95   91   87   84   83   82   82   79   77   72   69   63
   63   61   64   67   70   72   72   75   79   84   92   96   97   97   98  101
  107  117  129  143  155  170  180  189  194  194  192  193  197  201  208  210
  213  212  214  211  211  209  213  209  215                                   
    47.5-180.0 180.0   5.0 450.0                            LAT/LON1/LON2/DLON/H
  232  229  224  216  205  195  186  177  169  160  152  143  137  131  126  122
  117  112  108  103   99   97   95   94   94   95   93   92   87   84   77   74
   71   72   75   79   82   84   83   85   87   94  100  104  108  109  112  115
  125  134  148  161  173  186  194  203  204  204  200  200  203  208  214  218
  220  221  222  222  221  224  224  220  232                                   
    45.0-180.0 180.0   5.0 450.0                            LAT/LON1/LON2/DLON/H
  245  242  240  231  222  211  202  192  181  170  160  151  144  138  132  127
  120  115  108  104  102  101  103  103  105  105  106  103  100   95   90   84
   83   83   87   91   95   96   96   95   97  101  107  110  113  114  117  123
  134  148  162  177  189  201  208  215  215  212  206  204  206  210  217  221
  225  227  231  230  232  232  239  237  245                                   
    42.5-180.0 180.0   5.0 450.0                            LAT/LON1/LON2/DLON/H
  255  257  251  246  237  230  221  210  197  184  170  160  152  146  138  131
  123  117  111  109  109  112  114  116  116  117  115  112  107  102   96   92
   89   90   94   98  101  102  100   99  100  104  111  114  120  121  127  133
  147  159  177  190  200  210  217  221  223  217  210  205  207  208  213  215
  220  222  226  229  232  240  246  248  255                                   
    40.0-180.0 180.0   5.0 450.0                            LAT/LON1/LON2/DLON/H
  265  264  264  258  251  243  236  225  212  199  184  172  162  156  145  138
  127  121  116  117  119  123  125  126  126  124  121  116  112  105  101   95
   94   94   98  101  106  106  105  103  105  108  115  119  124  126  132  140
  154  169  185  199  207  219  222  230  228  224  214  210  206  208  208  211
  213  217  223  227  233  241  256  260  265                                   
    37.5-180.0 180.0   5.0 450.0                            LAT/LON1/LON2/DLON/H
  272  276  270  270  263  258  248  240  226  214  198  185  173  164  153  143
  134  128  125  128  131  136  136  136  131  128  122  117  110  105   99   96
   94   95   98  101  106  107  106  105  108  112  120  124  134  135  143  147
  163  175  192  201  212  221  229  232  235  228  222  213  214  210  210  206
  209  211  219  223  229  245  261  268  272                                   
    35.0-180.0 180.0   5.0 450.0                            LAT/LON1/LON2/DLON/H
  285  288  287  282  277  271  263  252  239  226  211  198  183  174  161  151
  141  137  136  139  142  144  143  139  134  128  122  115  110  105  102   98
   97   96  100  102  107  108  109  109  112  117  124  130  137  139  145  151
  162  175  187  199  209  223  230  242  242  242  234  232  226  227  219  220
  216  219  225  230  236  252  273  283  285                                   
    32.5-180.0 180.0   5.0 450.0                            LAT/LON1/LON2/DLON/H
  306  312  306  303  295  288  278  268  251  239  222  209  193  181  166  156
  146  143  143  147  148  149  145  141  133  128  121  116  110  106  103  101
   99  100  102  104  107  110  110  112  115  120  127  132  140  140  145  146
  158  166  179  188  202  214  229  240  250  253  252  249  250  246  246  241
  244  242  253  251  256  275  294  304  306                                   
    30.0-180.0 180.0   5.0 450.0                            LAT/LON1/LON2/DLON/H
  347  350  349  337  327  312  298  284  267  252  233  220  203  189  172  161
  151  148  147  149  149  146  142  135  132  128  126  122  119  116  114  111
  110  107  109  108  112  113  117  116  119  122  128  133  136  136  136  137
  145  157  167  182  193  211  226  243  254  263  267  272  276  282  281  289
  286  292  295  293  297  316  332  339  347                                   
    27.5-180.0 180.0   5.0 450.0                            LAT/LON1/LON2/DLON/H
  397  404  398  384  368  350  328  311  289  273  249  231  213  196  177  162
  151  146  144  143  140  138  132  132  131  134  135  135  133  131  129  125
  120  117  115  114  115  117  118  120  120  123  126  129  130  127  127  126
  134  143  156  170  187  204  221  234  248  260  271  279  292  301  312  325
  336  342  356  349  350  372  382  382  397                                   
    25.0-180.0 180.0   5.0 450.0                            LAT/LON1/LON2/DLON/H
  458  470  465  447  428  402  373  345  317  295  266  245  222  203  181  165
  150  142  135  132  127  125  126  129  138  145  153  154  154  152  150  145
  142  135  131  125  125  123  125  123  124  120  122  122  121  118  116  115
  124  135  150  172  190  210  227  243  257  269  285  297  316  329  343  362
  378  394  408  404  406  432  443  438  458                                   
    22.5-180.0 180.0   5.0 450.0                            LAT/LON1/LON2/DLON/H
  515  529  524  510  489  460  427  393  360  329  294  267  239  215  191  169
  151  137  125  119  114  118  123  137  151  165  175  179  179  175  173  167
  161  151  144  134  131  129  127  126  120  117  114  112  110  106  106  106
  116  126  146  167  189  209  232  250  269  283  300  316  337  351  368  386
  415  432  453  446  451  471  489  485  515                                   
    20.0-180.0 180.0   5.0 450.0                            LAT/LON1/LON2/DLON/H
  572  589  592  580  561  527  492  454  415  377  333  294  256  231  203  179
  156  138  121  113  111  118  134  153  174  190  200  203  203  198  195  187
  178  168  155  143  137  132  129  124  119  111  108  103  102   98   98   97
  110  121  146  169  190  217  244  270  292  313  334  349  369  381  401  423
  451  469  484  483  487  509  532  528  572                                   
    17.5-180.0 180.0   5.0 450.0                            LAT/LON1/LON2/DLON/H
  601  628  632  629  618  585  550  511  472  428  382  336  292  256  227  201
  176  151  132  122  123  137  159  184  206  217  226  224  222  213  209  200
  188  174  160  145  138  131  125  119  112  104  101   95   94   88   90   92
  106  123  149  174  202  229  262  289  317  340  361  376  395  406  426  448
  475  497  512  509  510  525  548  549  601                                   
    15.0-180.0 180.0   5.0 450.0                            LAT/LON1/LON2/DLON/H
  620  645  653  656  654  630  602  565  532  485  436  386  339  297  256  228
  202  178  158  148  152  168  195  217  235  243  241  238  226  217  211  203
  189  177  160  146  137  129  120  114  106  100   95   91   90   85   85   86
  104  122  153  179  211  241  274  305  336  362  382  396  411  423  440  460
  484  507  524  526  525  538  562  561  620                                   
    12.5-180.0 180.0   5.0 450.0                            LAT/LON1/LON2/DLON/H
  614  636  647  656  663  647  630  599  568  528  484  434  387  345  302  268
  242  217  201  193  200  216  240  254  263  258  251  236  224  212  207  199
  186  172  157  143  133  125  116  109  103   96   92   89   88   82   84   89
  109  131  161  190  225  255  287  321  355  377  397  409  424  429  442  458
  484  507  525  527  528  538  556  555  614                                   
    10.0-180.0 180.0   5.0 450.0                            LAT/LON1/LON2/DLON/H
  605  617  632  644  655  647  637  615  592  555  520  476  435  393  354  319
  288  264  248  246  254  269  288  289  284  264  243  225  209  200  198  189
  177  165  150  138  129  120  111  106  102   96   93   90   89   81   83   85
  110  132  166  194  229  260  292  327  359  382  402  415  426  430  439  455
  477  499  517  523  525  534  550  548  605                                   
     7.5-180.0 180.0   5.0 450.0                            LAT/LON1/LON2/DLON/H
  585  594  609  621  634  627  625  610  594  566  535  502  469  434  396  366
  339  318  308  307  315  323  329  313  292  259  235  211  197  191  188  180
