data/unet/pred2710.15i
     1.0            IONOSPHERE MAPS     GNSS                IONEX VERSION / TYPE
pyspatialgeodesy        IME             05-JAN-18 20:20     PGM / RUN BY / DATE 
Map Name                                                    COMMENT             
Predicted global ionosphere maps (GIM).                     DESCRIPTION         
  2015     9    28     0     0     0                        EPOCH OF FIRST MAP  
  2015     9    29     0     0     0                        EPOCH OF LAST MAP   
  7200                                                      INTERVAL            
    13                                                      # OF MAPS IN FILE   
  NONE                                                      MAPPING FUNCTION    
10.0                                                        ELEVATION CUTOFF    
One-way carrier phase leveled to code                       OBSERVABLES USED    
  6371.0                                                    BASE RADIUS         
 2                                                          MAP DIMENSION       
   450.0 450.0   0.0                                        HGT1 / HGT2 / DHGT  
    87.5 -87.5  -2.5                                        LAT1 / LAT2 / DLAT  
  -180.0 180.0   5.0                                        LON1 / LON2 / DLON  
    -1                                                      EXPONENT            
                                                            END OF HEADER       
[from data line 3003]
     8                                                      START OF TEC MAP    
  2015     9    28    14     0     0                        EPOCH OF CURRENT MAP
    87.5-180.0 180.0   5.0 450.0                            LAT/LON1/LON2/DLON/H
  112  128  136  136  134  135  133  135  134  135  135  135  135  136  135  136
  135  136  135  136  134  135  134  135  134  135  133  134  133  133  132  132
  131  131  130  130  128  128  127  127  126  126  124  125  124  125  124  125
  124  126  125  126  126  127  127  128  128  129  128  129  129  130  129  131
  130  132  132  133  131  133  141  123  112                                   
    85.0-180.0 180.0   5.0 450.0                            LAT/LON1/LON2/DLON/H
  114  125  124  123  126  125  127  126  128  128  130  130  131  131  133  131
  133  131  133  131  133  130  133  130  133  130  133  131  133  131  132  130
  129  127  126  124  122  120  118  115  114  112  111  110  109  108  108  107
  107  107  107  107  108  107  108  108  110  109  110  110  112  111  114  113
  116  115  118  117  121  119  126  122  114                                   
    82.5-180.0 180.0   5.0 450.0                            LAT/LON1/LON2/DLON/H
  115  116  115  118  118  120  119  121  122  123  124  125  126  126  127  126
  127  126  127  126  128  127  129  128  131  132  134  134  135  136  135  135
  133  132  129  127  124  121  117  114  112  108  106  102  101   98   97   94
   95   93   93   92   94   93   95   93   96   95   98   97   99   99  101  101
  103  105  105  108  107  110  116  104  115                                   
    80.0-180.0 180.0   5.0 450.0                            LAT/LON1/LON2/DLON/H
   97  100   97  103  103  104  105  108  107  110  109  111  111  113  112  113
  113  114  114  115  116  117  119  121  123  126  127  130  131  133  132  133
  131  131  127  128  122  122  115  115  108  107  102  100   96   94   92   90
   89   88   87   86   86   85   86   85   86   85   86   86   87   86   88   88
   89   90   92   92   93   94   94   91   97                                   
    77.5-180.0 180.0   5.0 450.0                            LAT/LON1/LON2/DLON/H
   79   87   82   82   85   87   89   91   92   93   95   95   97   97   99   99
  101  101  103  105  107  109  112  116  119  123  125  129  130  133  134  135
  134  134  132  130  127  124  119  115  111  105  102   97   95   91   91   87
   87   84   84   82   81   80   79   78   78   76   76   76   75   75   75   75
   76   77   78   78   76   78   79   72   79                                   
    75.0-180.0 180.0   5.0 450.0                            LAT/LON1/LON2/DLON/H
   70   70   69   70   72   74   76   77   79   81   83   83   86   87   90   90
   93   94   98  100  104  107  112  115  121  124  128  131  133  135  138  138
  139  139  138  137  134  131  128  123  119  113  109  104  101   98   96   93
   91   89   88   85   85   82   81   78   76   74   73   71   70   69   69   67
   69   67   70   67   70   67   67   59   70                                   
    72.5-180.0 180.0   5.0 450.0                            LAT/LON1/LON2/DLON/H
   61   64   61   61   61   64   66   69   71   75   77   80   83   85   88   89
   93   94   99  103  108  114  118  125  128  135  137  142  142  147  145  148
  146  149  146  147  143  142  137  133  128  124  119  115  111  107  105  102
   98   96   93   92   88   86   81   79   75   72   69   67   64   64   61   63
   61   62   61   63   61   61   61   49   61                                   
    70.0-180.0 180.0   5.0 450.0                            LAT/LON1/LON2/DLON/H
   56   52   52   53   54   55   59   60   63   66   70   73   77   80   84   86
   90   94  100  105  112  118  126  131  137  142  145  147  149  151  151  152
  152  152  152  152  150  148  144  142  137  132  128  123  121  116  115  110
  108  103  100   95   92   87   83   78   75   69   67   64   62   60   60   59
   60   58   60   58   59   53   55   42   56                                   
    67.5-180.0 180.0   5.0 450.0                            LAT/LON1/LON2/DLON/H
   52   49   49   49   48   50   52   56   59   64   69   74   79   83   88   90
   96   99  106  111  119  127  134  142  147  152  154  157  156  159  156  158
  155  157  154  157  155  155  150  150  145  142  137  133  130  125  122  118
  113  109  102   99   91   87   79   76   70   65   61   60   57   57   55   57
   55   57   56   58   54   52   51   39   52                                   
    65.0-180.0 180.0   5.0 450.0                            LAT/LON1/LON2/DLON/H
   50   40   42   44   43   44   47   49   54   58   63   70   74   82   86   93
   96  104  108  115  123  131  139  147  153  157  158  161  160  160  160  159
  159  158  158  157  157  155  153  150  148  144  140  136  132  127  125  119
  116  108  102   94   88   81   75   68   65   59   56   53   53   52   54   53
   56   55   57   55   55   48   50   37   50                                   
    62.5-180.0 180.0   5.0 450.0                            LAT/LON1/LON2/DLON/H
   44   40   37   40   38   41   43   47   50   56   61   69   76   84   90   95
  101  106  112  118  127  135  144  153  158  163  163  166  163  165  163  164
  162  162  159  161  158  159  154  154  149  148  142  138  134  129  125  119
  112  105   97   90   81   76   68   65   59   56   51   51   49   50   50   52
   52   54   53   55   50   47   45   37   44                                   
    60.0-180.0 180.0   5.0 450.0                            LAT/LON1/LON2/DLON/H
   44   32   33   36   33   36   37   40   43   49   53   65   70   82   86   97
   99  108  110  118  124  134  141  151  156  161  162  166  164  167  167  168
  168  168  166  164  162  159  155  153  150  145  141  134  132  125  122  114
  109   99   93   84   78   69   65   60   58   54   53   51   51   50   51   50
   53   52   54   52   52   44   45   35   44                                   
    57.5-180.0 180.0   5.0 450.0                            LAT/LON1/LON2/DLON/H
   42   37   31   35   30   34   33   36   38   44   49   61   69   81   88   95
  101  105  111  116  124  132  140  150  154  162  162  167  167  172  173  177
  178  178  175  174  169  166  160  159  153  149  143  138  133  127  121  114
  107   98   91   83   77   71   66   64   62   60   58   58   56   55   53   54
   53   54   52   53   49   46   41   34   42                                   
    55.0-180.0 180.0   5.0 450.0                            LAT/LON1/LON2/DLON/H
   48   35   32   35   31   32   32   32   34   40   44   56   63   77   84   94
   98  107  108  117  120  129  135  144  149  156  159  166  170  178  184  191
  193  194  191  188  182  176  170  163  159  153  147  140  136  129  124  116
  110  100   95   86   81   74   74   70   73   71   71   70   68   65   63   60
   59   57   57   55   55   48   45   36   48                                   
    52.5-180.0 180.0   5.0 450.0                            LAT/LON1/LON2/DLON/H
   53   46   38   41   34   37   34   36   35   41   44   57   64   78   86   97
  103  110  113  119  123  130  135  144  148  157  161  172  176  188  196  207
  210  212  208  203  196  189  183  177  170  163  156  151  145  139  134  126
  120  111  104   96   90   86   83   85   85   86   86   87   82   80   73   71
   66   65   63   62   59   55   50   42   53                                   
    50.0-180.0 180.0   5.0 450.0                            LAT/LON1/LON2/DLON/H
   63   54   50   50   45   44   43   40   40   43   46   56   63   76   86   98
  103  115  115  123  123  131  134  142  148  156  163  173  183  195  208  217
  225  227  225  219  211  204  198  189  184  174  167  161  156  151  146  139
  134  124  119  109  104   98   99   99  103  103  106  105  102   96   91   84
   81   75   76   71   72   65   62   55   63                                   
    47.5-180.0 180.0   5.0 450.0                            LAT/LON1/LON2/DLON/H
   74   71   63   64   58   58   55   54   52   54   55   64   70   84   93  106
  112  124  125  132  132  138  140  147  152  163  169  183  190  204  214  225
  231  233  231  226  223  216  211  204  198  189  181  176  171  168  163  157
  149  141  131  122  113  109  106  110  112  117  119  121  117  113  104   99
   92   90   86   85   82   79   79   70   74                                   
    45.0-180.0 180.0   5.0 450.0                            LAT/LON1/LON2/DLON/H
   86   82   78   76   73   70   68   64   65   64   66   71   77   88   99  112
  120  131  132  139  138  143  145  153  159  168  176  186  197  205  217  223
  231  234  236  235  235  230  227  219  214  204  197  189  185  180  178  170
  163  151  142  129  121  113  111  111  118  122  129  130  130  125  121  111
  107  100  100   94   98   91   92   86   86                                   
    42.5-180.0 180.0   5.0 450.0                            LAT/LON1/LON2/DLON/H
   92   93   88   88   84   84   81   81   80   81   81   85   90  101  111  125
  133  143  144  150  149  153  155  162  167  177  182  195  199  208  213  220
  227  232  239  242  246  244  243  236  230  221  212  205  200  196  190  183
  172  160  145  132  119  111  104  107  111  119  124  131  130  132  125  123
  114  113  107  108  104  104  106  100   92                                   
    40.0-180.0 180.0   5.0 450.0                            LAT/LON1/LON2/DLON/H
   98   96   94   92   92   89   88   86   88   88   91   95  100  111  122  136
  143  152  151  156  155  159  162  169  175  183  190  196  204  207  214  219
  228  237  249  259  266  266  265  258  248  236  226  217  213  205  199  188
  178  162  150  132  119  107  100   99  105  112  122  128  131  133  133  128
  126  118  118  110  112  108  110  106   98                                   
    37.5-180.0 180.0   5.0 450.0                            LAT/LON1/LON2/DLON/H
   96   96   93   94   90   92   90   93   94   98  101  107  114  125  136  148
  156  161  161  164  164  167  170  174  180  190  194  203  205  211  215  224
  236  250  266  281  291  294  291  281  269  255  242  231  225  216  208  196
  183  168  153  136  120  107   99   97  102  109  117  125  128  133  132  134
  127  127  117  117  108  110  112  107   96                                   
    35.0-180.0 180.0   5.0 450.0                            LAT/LON1/LON2/DLON/H
   95   88   85   85   86   84   87   86   94   96  104  112  123  135  148  157
  164  166  166  168  171  172  177  179  186  192  200  205  213  219  227  240
  254  275  295  317  329  335  329  317  297  278  262  247  240  229  221  207
  194  179  166  149  134  120  110  109  111  117  122  128  131  135  136  136
  134  128  123  114  111  105  103  100   95                                   
    32.5-180.0 180.0   5.0 450.0                            LAT/LON1/LON2/DLON/H
   86   79   75   80   75   78   78   83   88   96  105  116  130  145  159  168
  174  175  176  177  180  180  182  185  188  198  204  217  225  240  249  270
  286  312  335  360  373  376  368  353  332  309  290  272  262  248  237  222
  209  196  184  170  156  144  135  132  135  137  141  144  143  145  144  146
  138  137  123  118  104  103   98   96   86                                   
    30.0-180.0 180.0   5.0 450.0                            LAT/LON1/LON2/DLON/H
   82   70   67   70   68   67   70   74   84   90  102  116  135  152  168  176
  181  178  181  182  186  186  189  189  194  201  213  228  246  266  284  308
  332  358  381  403  415  419  407  393  369  347  325  306  294  277  266  252
  240  228  219  208  198  185  175  168  168  169  169  169  165  163  160  158
  153  143  134  120  110  100   93   90   82                                   
    27.5-180.0 180.0   5.0 450.0                            LAT/LON1/LON2/DLON/H
   79   63   62   66   63   66   64   73   75   85   97  110  131  149  170  177
  185  181  187  188  196  196  196  197  199  210  224  250  272  304  326  359
  384  413  433  451  457  455  443  423  402  381  364  346  333  317  307  295
  286  277  272  262  252  237  227  217  215  208  206  197  191  183  177  176
  165  160  140  131  112  105   95   94   79                                   
    25.0-180.0 180.0   5.0 450.0                            LAT/LON1/LON2/DLON/H
   85   69   62   65   62   64   63   68   72   81   93  107  132  154  173  182
  186  185  189  196  201  205  204  204  208  221  243  272  305  340  374  409
  442  474  496  506  501  493  473  455  435  418  403  387  376  364  354  347
  338  335  331  329  315  301  285  276  271  262  248  234  221  210  198  191
  184  172  159  139  128  113  100  102   85                                   
    22.5-180.0 180.0   5.0 450.0                            LAT/LON1/LON2/DLON/H
   91   77   71   71   64   67   66   73   73   83   89  103  125  143  166  173
  182  181  191  198  210  213  214  217  222  241  265  304  339  382  419  461
  494  523  540  542  531  515  497  473  460  444  435  423  417  407  400  392
  389  385  382  373  365  347  336  321  314  301  289  271  250  232  221  209
  197  188  169  156  138  125  111  118   91                                   
    20.0-180.0 180.0   5.0 450.0                            LAT/LON1/LON2/DLON/H
  103   93   80   83   75   77   71   75   76   82   87  101  119  140  160  173
  180  185  194  206  215  223  222  231  240  263  293  329  374  416  463  503
  538  556  567  560  545  528  506  490  476  468  461  458  451  450  442  440
  427  422  417  410  398  380  366  349  337  323  307  294  274  256  234  223
  209  199  186  170  157  138  126  124  103                                   
    17.5-180.0 180.0   5.0 450.0                            LAT/LON1/LON2/DLON/H
  110  115  101   95   84   86   79   82   78   85   86   99  115  137  155  167
  175  185  194  208  219  225  233  240  257  282  313  357  398  449  486  521
  541  554  558  552  537  520  502  490  486  483  484  483  483  480  474  463
  452  440  435  421  410  390  375  357  345  330  315  301  282  266  246  233
  220  211  199  187  172  156  145  138  110                                   
    15.0-180.0 180.0   5.0 450.0                            LAT/LON1/LON2/DLON/H
  116  128  107  104   90   93   84   84   79   82   86   97  111  137  154  168
  178  190  203  219  231  237  244  260  276  307  340  380  425  467  505  531
  542  550  545  537  519  504  491  489  490  498  501  505  503  504  495  482
  466  453  441  427  409  388  367  351  336  325  311  301  283  272  248  239
  223  217  207  196  181  167  159  139  116                                   
    12.5-180.0 180.0   5.0 450.0                            LAT/LON1/LON2/DLON/H
  120  137  115  108   98   98   91   87   81   84   86  101  117  144  163  181
  189  203  210  228  234  245  252  263  293  328  364  413  448  488  507  523
  525  529  525  521  503  492  484  489  499  511  517  519  518  515  503  484
  466  447  433  414  397  377  358  341  324  313  302  295  281  272  251  242
  228  222  216  202  187  172  164  144  120                                   
    10.0-180.0 180.0   5.0 450.0                            LAT/LON1/LON2/DLON/H
  120  137  117  110  101   99   92   89   80   83   88  104  123  152  175  194
  206  220  228  249  247  267  272  295  316  357  395  437  473  503  513  522
  517  519  510  505  491  487  483  495  506  523  524  527  521  516  501  485
  459  443  421  407  385  368  345  329  311  301  290  287  275  269  251  240
  224  222  211  202  186  173  164  137  120                                   
     7.5-180.0 180.0   5.0 450.0                            LAT/LON1/LON2/DLON/H
  117  142  121  111  106  100   94   88   83   84   93  106  131  156  184  203
  220  235  239  261  251  273  276  305  336  376  417  463  486  509  506  511
