data/unet/pred1790.15i
     1.0            IONOSPHERE MAPS     GNSS                IONEX VERSION / TYPE
pyspatialgeodesy        IME             05-JAN-18 20:20     PGM / RUN BY / DATE 
Map Name                                                    COMMENT             
Predicted global ionosphere maps (GIM).                     DESCRIPTION         
  2015     6    28     0     0     0                        EPOCH OF FIRST MAP  
  2015     6    29     0     0     0                        EPOCH OF LAST MAP   
  7200                                                      INTERVAL            
    13                                                      # OF MAPS IN FILE   
  NONE                                                      MAPPING FUNCTION    
10.0                                                        ELEVATION CUTOFF    
One-way carrier phase leveled to code                       OBSERVABLES USED    
  6371.0                                                    BASE RADIUS         
 2                                                          MAP DIMENSION       
   450.0 450.0   0.0                                        HGT1 / HGT2 / DHGT  
    87.5 -87.5  -2.5                                        LAT1 / LAT2 / DLAT  
  -180.0 180.0   5.0                                        LON1 / LON2 / DLON  
    -1                                                      EXPONENT            
                                                            END OF HEADER       
[from data line 3432]
     9                                                      START OF TEC MAP    
  2015     6    28    16     0     0                        EPOCH OF CURRENT MAP
    87.5-180.0 180.0   5.0 450.0                            LAT/LON1/LON2/DLON/H
  146  152  148  149  149  147  147  147  148  148  149  148  150  149  150  149
  150  149  149  148  149  147  148  146  147  146  146  145  146  145  145  144
  145  144  144  143  144  143  143  143  144  143  144  144  145  145  145  145
  146  146  147  147  148  148  149  149  150  150  150  150  151  150  150  150
  150  150  149  149  148  148  156  166  146                                   
    85.0-180.0 180.0   5.0 450.0                            LAT/LON1/LON2/DLON/H
  130  141  138  142  141  141  141  141  143  142  143  143  145  144  145  144
  146  145  145  144  145  143  143  142  143  141  141  139  140  138  138  136
  136  135  135  134  134  133  133  133  134  134  135  136  137  138  139  139
  141  141  142  143  144  145  146  147  148  148  148  148  149  148  147  147
  147  147  146  145  143  139  144  138  130                                   
    82.5-180.0 180.0   5.0 450.0                            LAT/LON1/LON2/DLON/H
  130  130  128  128  127  127  127  128  129  130  130  131  132  133  134  135
  136  136  136  136  137  136  136  135  136  134  134  133  133  132  131  130
  129  128  126  125  124  124  122  123  122  124  123  125  125  127  128  129
  130  132  132  133  134  136  135  137  137  138  136  137  136  137  135  135
  134  134  134  134  132  128  138  127  130                                   
    80.0-180.0 180.0   5.0 450.0                            LAT/LON1/LON2/DLON/H
  123  123  122  124  123  126  125  128  127  130  129  132  132  134  134  136
  136  137  137  138  138  139  137  139  138  138  136  137  135  135  133  132
  130  129  126  126  124  124  121  122  120  122  121  124  124  127  127  130
  130  133  132  135  134  137  136  138  137  139  137  138  136  137  134  135
  132  133  130  130  126  127  126  123  123                                   
    77.5-180.0 180.0   5.0 450.0                            LAT/LON1/LON2/DLON/H
  119  122  117  119  119  122  122  124  124  126  126  128  129  130  131  132
  133  133  134  135  136  136  136  137  138  138  138  137  137  135  134  133
  131  129  126  125  123  121  119  118  117  118  119  120  122  124  125  129
  129  132  133  135  134  137  135  138  135  138  134  136  133  134  131  132
  129  129  127  126  122  117  117  117  119                                   
    75.0-180.0 180.0   5.0 450.0                            LAT/LON1/LON2/DLON/H
  118  118  119  119  122  122  125  125  128  127  130  129  132  132  135  134
  137  137  138  139  141  142  143  144  144  144  145  144  145  144  143  141
  140  138  135  133  131  128  126  124  123  122  124  124  127  128  131  132
  135  135  137  136  137  136  137  135  136  134  134  132  133  131  131  129
  129  127  127  123  123  120  119  120  118                                   
    72.5-180.0 180.0   5.0 450.0                            LAT/LON1/LON2/DLON/H
  120  124  120  122  123  125  126  127  128  129  129  131  131  133  133  134
  134  135  136  137  138  140  140  142  143  144  144  144  144  144  143  143
  141  140  136  135  132  130  126  125  122  123  123  126  126  130  130  133
  134  136  135  136  135  136  133  134  130  132  126  129  125  127  124  126
  122  124  122  122  119  116  120  122  120                                   
    70.0-180.0 180.0   5.0 450.0                            LAT/LON1/LON2/DLON/H
  123  125  125  127  130  130  133  131  133  131  133  132  134  133  135  134
  136  134  137  137  139  139  142  143  145  145  146  146  147  147  148  147
  147  145  143  141  139  135  133  130  129  128  130  130  133  133  137  137
  139  139  139  138  136  135  133  130  129  126  125  124  124  123  124  122
  123  121  122  121  120  119  122  125  123                                   
    67.5-180.0 180.0   5.0 450.0                            LAT/LON1/LON2/DLON/H
  129  133  132  134  136  136  138  137  136  135  133  134  134  135  134  135
  134  133  134  134  136  136  139  140  143  142  144  143  145  144  146  147
  148  146  144  142  140  138  134  133  130  132  132  134  134  137  137  140
  139  140  138  139  135  135  129  129  123  124  118  121  118  120  117  120
  117  120  118  120  117  117  122  125  129                                   
    65.0-180.0 180.0   5.0 450.0                            LAT/LON1/LON2/DLON/H
  128  134  137  139  143  142  144  140  141  137  137  135  137  135  137  135
  137  134  135  134  137  136  140  141  143  143  144  144  145  145  147  148
  151  150  150  147  146  142  142  138  139  138  140  139  142  141  143  141
  143  142  142  139  137  134  129  126  122  119  118  116  117  115  117  116
  117  116  117  116  117  118  123  126  128                                   
    62.5-180.0 180.0   5.0 450.0                            LAT/LON1/LON2/DLON/H
  128  137  140  143  146  146  147  144  144  140  138  138  138  139  138  138
  137  136  135  134  135  136  138  140  143  142  143  142  144  143  146  149
  150  150  149  148  146  144  141  142  141  143  143  145  143  145  143  144
  142  144  141  142  137  137  130  129  121  121  114  116  114  116  113  115
  112  114  112  115  111  113  119  123  128                                   
    60.0-180.0 180.0   5.0 450.0                            LAT/LON1/LON2/DLON/H
  121  130  137  140  145  145  149  145  146  141  142  139  142  139  143  140
  143  137  139  135  138  136  140  141  144  144  144  144  144  144  148  151
  154  155  155  153  153  149  150  148  151  150  153  152  153  149  149  146
  146  144  145  143  140  137  132  129  124  120  118  115  115  112  113  111
  111  109  108  108  107  108  115  119  121                                   
    57.5-180.0 180.0   5.0 450.0                            LAT/LON1/LON2/DLON/H
  115  127  131  136  140  142  145  144  146  142  142  140  142  142  144  143
  143  141  139  137  137  138  141  143  146  146  146  145  146  147  150  154
  156  157  155  155  153  151  151  153  154  157  157  159  154  154  149  148
  144  145  143  143  139  139  134  133  126  125  118  118  113  113  108  109
  105  106  102  103   99   99  105  111  115                                   
    55.0-180.0 180.0   5.0 450.0                            LAT/LON1/LON2/DLON/H
  107  117  124  127  135  136  142  140  145  140  143  139  143  141  146  143
  146  140  141  137  140  139  144  146  150  149  149  148  149  152  155  160
  161  163  161  161  158  158  158  160  164  166  168  166  165  159  155  149
  148  145  145  144  142  142  138  136  131  128  122  118  115  111  109  105
  103  100   97   94   92   92   98  104  107                                   
    52.5-180.0 180.0   5.0 450.0                            LAT/LON1/LON2/DLON/H
  101  113  117  123  128  134  138  140  143  141  141  140  142  142  145  144
  145  143  142  141  142  144  147  151  153  155  155  155  156  159  162  166
  167  168  166  165  164  163  164  166  169  173  174  173  167  163  155  152
  146  146  144  144  142  143  140  140  135  133  124  123  116  113  107  105
  100   99   94   92   85   83   89   95  101                                   
    50.0-180.0 180.0   5.0 450.0                            LAT/LON1/LON2/DLON/H
   96  105  111  116  125  130  137  137  144  142  145  141  145  142  148  144
  148  143  146  142  147  145  152  152  158  157  160  161  164  167  170  174
  174  175  173  173  171  171  173  176  180  183  185  182  178  171  165  158
  153  149  148  147  146  146  143  144  140  138  132  128  123  116  112  106
  103   98   94   89   84   82   88   91   96                                   
    47.5-180.0 180.0   5.0 450.0                            LAT/LON1/LON2/DLON/H
   95  105  108  116  121  129  135  140  144  144  145  143  144  144  146  146
  147  146  148  148  150  151  154  157  160  163  165  169  171  176  178  181
  181  183  182  183  182  183  184  188  191  194  195  191  186  179  170  164
  156  153  149  149  146  147  145  146  144  144  137  135  127  123  114  111
  105  103   97   93   84   80   85   88   95                                   
    45.0-180.0 180.0   5.0 450.0                            LAT/LON1/LON2/DLON/H
   96  102  106  113  123  128  137  140  147  147  152  148  151  148  152  149
  153  151  155  153  158  157  162  161  166  167  171  177  180  185  186  189
  190  193  193  197  196  198  200  203  206  207  207  201  196  188  182  173
  166  160  156  153  151  151  150  152  150  151  147  143  137  130  124  118
  115  110  105   99   91   87   91   89   96                                   
    42.5-180.0 180.0   5.0 450.0                            LAT/LON1/LON2/DLON/H
   99  106  107  117  122  131  137  145  149  153  155  155  155  154  155  156
  158  159  162  164  168  168  170  171  173  177  182  189  192  197  200  204
  206  212  213  218  217  220  220  223  223  223  220  214  208  201  194  186
  177  172  164  161  156  157  155  158  158  159  154  152  144  140  130  127
  121  120  113  109   98   92   96   93   99                                   
    40.0-180.0 180.0   5.0 450.0                            LAT/LON1/LON2/DLON/H
  103  104  107  115  124  130  141  145  155  156  165  163  168  165  168  166
  170  169  175  175  181  180  182  181  182  188  192  201  202  210  211  218
  221  231  234  242  240  244  242  243  242  239  236  227  222  213  207  198
  191  182  175  170  165  164  163  167  167  169  164  162  155  149  141  137
  133  130  125  119  109  103  105  100  103                                   
    37.5-180.0 180.0   5.0 450.0                            LAT/LON1/LON2/DLON/H
  107  110  107  118  122  131  139  149  155  163  168  172  176  176  178  178
  180  184  188  192  196  197  198  197  198  204  210  218  222  228  233  238
  246  257  266  272  274  273  271  269  263  259  251  244  235  229  221  214
  205  197  189  182  176  175  173  176  177  177  173  168  162  157  149  146
  140  140  133  129  115  109  111  107  107                                   
    35.0-180.0 180.0   5.0 450.0                            LAT/LON1/LON2/DLON/H
  112  109  109  114  123  130  142  149  161  166  179  180  190  190  195  193
  197  198  203  205  210  212  213  212  213  219  223  236  236  248  246  259
  265  283  293  303  304  303  298  294  287  280  272  262  254  245  239  229
  221  210  202  193  188  185  184  185  185  185  179  176  168  165  157  155
  150  149  142  136  126  118  120  114  112                                   
    32.5-180.0 180.0   5.0 450.0                            LAT/LON1/LON2/DLON/H
  117  114  107  116  119  131  139  152  161  173  182  190  198  202  206  206
  207  209  212  216  221  224  228  225  229  233  241  250  257  264  270  279
  293  310  328  336  339  333  327  318  310  299  290  280  271  262  254  244
  233  223  213  206  199  197  195  195  195  191  185  179  173  169  162  161
  154  154  144  141  127  122  124  122  117                                   
    30.0-180.0 180.0   5.0 450.0                            LAT/LON1/LON2/DLON/H
  120  112  109  113  120  129  141  150  165  175  190  197  209  213  218  218
  220  220  224  228  230  234  235  237  236  244  249  263  266  281  284  303
  318  342  360  370  370  362  353  343  333  323  311  300  290  281  270  258
  245  232  222  213  208  203  202  200  199  194  186  181  174  171  166  165
  159  158  149  144  135  130  130  129  120                                   
    27.5-180.0 180.0   5.0 450.0                            LAT/LON1/LON2/DLON/H
  124  118  108  116  118  131  139  154  165  180  192  206  214  224  227  230
  228  229  231  233  238  240  244  243  246  251  261  272  283  295  307  326
  348  369  389  393  393  379  370  358  351  339  329  315  304  293  281  267
  250  236  223  214  204  201  199  199  195  190  184  177  172  169  167  167
  161  158  148  144  132  132  133  134  124                                   
    25.0-180.0 180.0   5.0 450.0                            LAT/LON1/LON2/DLON/H
  129  120  115  119  124  134  145  156  170  182  198  210  222  233  235  241
  238  243  240  245  243  249  247  252  251  261  267  285  293  313  326  351
  373  396  413  417  413  398  385  376  367  358  345  331  316  304  290  274
  255  240  225  214  202  197  195  192  189  183  176  171  164  164  164  166
  162  159  150  144  137  135  138  140  129                                   
    22.5-180.0 180.0   5.0 450.0                            LAT/LON1/LON2/DLON/H
  133  128  119  126  125  138  145  161  170  188  199  216  225  239  239  252
  249  257  252  257  254  257  256  257  261  267  278  294  310  329  349  370
  390  407  422  420  416  398  388  378  374  363  353  337  324  309  293  276
  254  238  220  207  194  188  184  183  178  173  165  158  155  155  157  159
  157  154  145  142  133  136  139  142  133                                   
    20.0-180.0 180.0   5.0 450.0                            LAT/LON1/LON2/DLON/H
  136  129  124  127  130  140  149  162  173  188  200  215  226  241  243  259
  257  270  263  268  262  263  260  264  266  276  286  306  322  346  364  386
  405  421  431  426  419  404  394  388  383  374  361  347  331  315  297  278
  256  239  219  206  190  182  175  172  166  162  154  149  145  148  151  155
  154  150  143  137  134  133  138  140  136                                   
    17.5-180.0 180.0   5.0 450.0                            LAT/LON1/LON2/DLON/H
  133  131  125  130  131  143  150  165  172  190  199  219  228  247  252  268
  271  286  282  286  276  276  272  273  278  287  300  320  339  360  377  393
  410  419  426  418  413  398  393  389  386  374  365  349  335  317  299  279
  256  237  215  199  182  172  166  162  156  152  143  138  135  137  141  145
  144  142  135  131  126  129  131  133  133                                   
    15.0-180.0 180.0   5.0 450.0                            LAT/LON1/LON2/DLON/H
  128  123  121  124  129  140  149  162  172  188  198  214  225  244  255  273
  283  298  298  301  290  287  282  283  287  299  310  332  351  375  389  404
  416  423  425  421  412  407  403  403  398  387  373  359  343  325  305  284
  261  240  217  199  180  171  161  158  150  146  139  134  129  131  132  137
  135  132  127  121  119  118  122  122  128                                   
    12.5-180.0 180.0   5.0 450.0                            LAT/LON1/LON2/DLON/H
  119  116  113  116  121  133  143  159  168  186  193  213  225  247  261  284
  295  313  316  320  311  304  298  299  304  317  328  346  366  384  398  406
  417  419  422  415  414  409  412  411  407  391  378  360  348  328  310  286
  263  240  215  194  176  165  158  154  148  144  135  129  124  122  122  125
  124  123  116  113  109  108  108  108  119                                   
    10.0-180.0 180.0   5.0 450.0                            LAT/LON1/LON2/DLON/H
  105  100  100  102  108  120  133  149  163  179  190  207  220  245  265  288
  306  323  331  335  325  318  309  313  316  329  341  364  382  398  406  413
  418  422  421  422  420  425  426  429  420  407  387  372  355  337  317  293
  268  242  217  193  175  165  157  154  148  144  136  130  123  120  119  117
  117  113  111  104  102   97   97   93  105                                   
     7.5-180.0 180.0   5.0 450.0                            LAT/LON1/LON2/DLON/H
   94   91   91   93   97  109  124  144  158  176  186  205  220  247  266  294
  308  330  339  344  336  330  322  326  331  344  357  375  393  405  412  413
