data/unet/pred1970.15i
     1.0            IONOSPHERE MAPS     GNSS                IONEX VERSION / TYPE
pyspatialgeodesy        IME             05-JAN-18 20:20     PGM / RUN BY / DATE 
Map Name                                                    COMMENT             
Predicted global ionosphere maps (GIM).                     DESCRIPTION         
  2015     7    16     0     0     0                        EPOCH OF FIRST MAP  
  2015     7    17     0     0     0                        EPOCH OF LAST MAP   
  7200                                                      INTERVAL            
    13                                                      # OF MAPS IN FILE   
  NONE                                                      MAPPING FUNCTION    
10.0                                                        ELEVATION CUTOFF    
One-way carrier phase leveled to code                       OBSERVABLES USED    
  6371.0                                                    BASE RADIUS         
 2                                                          MAP DIMENSION       
   450.0 450.0   0.0                                        HGT1 / HGT2 / DHGT  
    87.5 -87.5  -2.5                                        LAT1 / LAT2 / DLAT  
  -180.0 180.0   5.0                                        LON1 / LON2 / DLON  
    -1                                                      EXPONENT            
                                                            END OF HEADER       
[from data line 429]
     2                                                      START OF TEC MAP    
  2015     7    16     2     0     0                        EPOCH OF CURRENT MAP
    87.5-180.0 180.0   5.0 450.0                            LAT/LON1/LON2/DLON/H
  159  157  158  154  156  153  158  157  163  162  166  164  168  166  168  165
  167  164  165  162  162  159  159  155  155  151  151  147  148  145  145  142
  144  141  142  138  140  136  136  132  134  130  132  129  133  131  133  132
  137  135  138  137  141  139  141  140  144  142  144  142  146  144  145  144
  147  145  148  145  149  144  147  160  159                                   
    85.0-180.0 180.0   5.0 450.0                            LAT/LON1/LON2/DLON/H
  154  170  155  159  159  158  160  162  165  166  168  169  170  170  170  170
  169  169  167  166  164  163  160  158  155  153  150  147  145  143  142  140
  139  138  137  136  135  134  132  132  130  130  128  129  130  131  131  133
  135  137  137  139  140  143  142  144  145  147  146  148  148  150  148  150
  149  151  151  151  149  147  156  151  154                                   
    82.5-180.0 180.0   5.0 450.0                            LAT/LON1/LON2/DLON/H
  159  162  162  168  167  166  170  170  174  172  176  174  177  174  178  174
  176  172  174  168  169  163  163  156  155  148  147  141  141  134  135  130
  133  128  131  127  129  124  127  123  126  122  126  124  129  128  132  132
  138  138  142  143  147  147  151  151  155  154  156  155  158  157  158  156
  159  157  160  158  160  155  160  150  159                                   
    80.0-180.0 180.0   5.0 450.0                            LAT/LON1/LON2/DLON/H
  160  161  162  166  170  169  174  175  179  178  182  181  183  181  182  180
  180  176  176  171  170  164  162  154  152  144  143  135  135  128  130  124
  127  123  126  122  125  122  125  122  126  124  128  127  133  133  137  138
  144  145  149  150  155  156  159  159  163  162  165  164  166  165  165  164
  166  164  166  163  163  158  162  152  160                                   
    77.5-180.0 180.0   5.0 450.0                            LAT/LON1/LON2/DLON/H
  164  165  164  170  170  174  176  180  181  184  185  186  184  185  183  183
  179  179  175  173  167  164  157  153  144  140  134  131  126  125  122  123
  121  123  123  125  124  125  125  125  127  127  130  132  137  139  144  147
  153  155  161  163  167  168  171  172  174  174  174  174  175  173  173  172
  172  171  171  168  165  165  167  151  164                                   
    75.0-180.0 180.0   5.0 450.0                            LAT/LON1/LON2/DLON/H
  167  166  166  170  174  174  180  180  186  186  189  187  187  185  184  180
  178  174  171  166  162  154  150  141  136  128  124  118  117  114  115  114
  117  118  122  122  125  124  127  126  129  129  134  136  143  145  153  156
  163  164  172  172  178  176  180  178  182  179  182  178  181  177  178  174
  177  172  175  170  168  166  171  156  167                                   
    72.5-180.0 180.0   5.0 450.0                            LAT/LON1/LON2/DLON/H
  171  169  170  173  174  175  178  181  184  185  186  186  183  182  178  176
  171  168  163  160  152  148  140  134  126  120  116  111  110  108  110  111
  115  117  121  123  126  126  129  128  132  132  139  142  150  155  163  167
  174  176  180  182  184  184  184  184  184  183  182  181  180  178  177  175
  176  174  175  172  170  170  173  156  171                                   
    70.0-180.0 180.0   5.0 450.0                            LAT/LON1/LON2/DLON/H
  172  169  170  174  175  174  179  180  185  185  188  185  184  180  178  172
  169  163  160  154  149  142  136  127  121  114  109  104  103  102  105  107
  112  116  121  123  127  127  129  130  133  136  143  149  158  165  173  178
  185  186  190  190  192  189  190  188  188  184  184  182  182  179  179  177
  178  176  177  174  172  171  175  162  172                                   
    67.5-180.0 180.0   5.0 450.0                            LAT/LON1/LON2/DLON/H
  176  171  174  176  175  174  177  178  181  181  183  181  179  176  171  168
  162  158  153  150  144  141  132  127  119  113  107  105  102  103  105  109
  113  118  121  125  126  127  129  129  133  136  145  152  163  172  179  186
  190  193  194  195  195  193  192  190  189  186  185  183  182  179  178  177
  177  176  177  177  174  174  175  160  176                                   
    65.0-180.0 180.0   5.0 450.0                            LAT/LON1/LON2/DLON/H
  178  173  174  176  175  173  176  176  180  180  183  181  181  176  173  167
  163  157  154  148  145  138  133  125  119  111  107  103  102  103  105  109
  113  116  120  121  122  122  123  125  129  136  144  155  166  176  186  191
  198  198  201  198  199  194  194  191  191  187  186  183  182  179  179  177
  179  177  179  177  175  173  177  166  178                                   
    62.5-180.0 180.0   5.0 450.0                            LAT/LON1/LON2/DLON/H
  182  176  177  176  173  170  171  171  175  175  178  177  177  173  170  166
  162  157  152  149  143  141  133  129  120  117  110  110  107  110  109  114
  114  116  116  117  116  116  116  119  123  131  142  154  166  179  187  195
  198  200  200  199  197  194  193  191  191  188  187  184  183  180  179  177
  177  176  178  178  174  177  178  165  182                                   
    60.0-180.0 180.0   5.0 450.0                            LAT/LON1/LON2/DLON/H
  184  179  180  179  173  169  168  168  171  172  175  176  178  174  173  168
  166  159  157  151  149  143  139  131  127  120  117  115  114  114  114  114
  114  113  112  110  109  107  108  112  116  127  137  152  165  177  188  194
  199  199  201  199  199  196  198  196  197  193  193  189  188  184  183  181
  181  178  181  178  176  175  180  170  184                                   
    57.5-180.0 180.0   5.0 450.0                            LAT/LON1/LON2/DLON/H
  190  185  186  183  176  170  169  167  170  170  175  176  179  176  176  171
  169  163  159  155  150  147  140  138  130  129  122  124  121  122  118  118
  114  112  108  106  103  102  102  106  111  121  132  147  160  175  184  192
  195  197  198  198  199  200  202  203  204  202  201  196  194  189  186  183
  182  179  182  180  176  179  180  170  190                                   
    55.0-180.0 180.0   5.0 450.0                            LAT/LON1/LON2/DLON/H
  197  193  195  193  185  178  173  171  170  172  173  176  178  178  178  175
  173  167  164  159  157  151  149  143  142  136  136  133  134  130  127  122
  118  112  108  104  103  102  102  106  111  121  131  145  156  168  178  185
  190  193  197  200  205  208  214  216  218  215  213  207  202  196  191  188
  187  184  186  185  181  182  186  177  197                                   
    52.5-180.0 180.0   5.0 450.0                            LAT/LON1/LON2/DLON/H
  208  205  206  204  196  188  184  179  177  176  177  178  182  181  183  180
  178  172  168  162  160  156  153  150  146  145  141  142  139  137  130  126
  119  114  109  107  104  105  105  110  112  122  130  142  151  165  173  182
  187  192  197  203  210  218  226  229  230  225  221  211  206  197  192  188
  186  185  188  188  185  190  190  182  208                                   
    50.0-180.0 180.0   5.0 450.0                            LAT/LON1/LON2/DLON/H
  220  215  221  219  212  203  196  192  186  185  181  183  183  184  184  183
  181  176  173  166  163  160  157  156  154  152  152  150  151  145  140  133
  127  120  117  114  114  114  116  119  121  126  133  141  149  158  168  178
  185  193  201  211  219  229  240  245  246  240  234  224  214  205  197  195
  192  194  197  198  196  198  200  193  220                                   
    47.5-180.0 180.0   5.0 450.0                            LAT/LON1/LON2/DLON/H
  229  227  231  232  224  217  210  205  199  195  191  190  190  189  192  190
  191  185  182  174  171  165  165  161  161  159  159  157  156  151  145  139
  132  127  125  124  124  126  127  129  128  131  134  140  146  156  166  177
  187  197  208  219  231  243  255  259  260  252  243  228  218  204  199  193
  194  195  202  204  204  208  207  201  229                                   
    45.0-180.0 180.0   5.0 450.0                            LAT/LON1/LON2/DLON/H
  240  237  246  248  242  236  227  222  213  208  200  198  194  196  195  196
  195  191  187  181  177  173  171  169  168  167  166  163  162  157  153  147
  144  138  139  137  139  139  141  140  139  138  140  143  148  158  168  182
  194  207  218  232  245  258  269  273  272  263  250  234  221  210  202  202
  201  207  211  215  215  217  219  210  240                                   
    42.5-180.0 180.0   5.0 450.0                            LAT/LON1/LON2/DLON/H
  248  245  254  258  252  247  238  232  225  219  213  208  206  205  206  206
  206  201  199  192  191  184  185  180  181  175  175  169  168  163  159  154
  152  148  149  149  150  151  151  149  146  143  144  145  151  160  172  187
  202  215  227  241  257  268  280  281  281  269  254  236  222  207  204  200
  205  208  217  218  220  223  225  218  248                                   
    40.0-180.0 180.0   5.0 450.0                            LAT/LON1/LON2/DLON/H
  259  254  265  269  265  261  253  251  240  236  226  221  215  215  213  214
  212  209  206  200  198  194  193  191  190  187  184  178  177  171  170  166
  167  163  166  165  166  163  161  158  156  151  150  150  153  163  174  193
  209  223  235  249  263  272  283  284  284  272  259  241  228  216  211  211
  214  221  226  229  231  232  237  228  259                                   
    37.5-180.0 180.0   5.0 450.0                            LAT/LON1/LON2/DLON/H
  267  263  271  275  268  264  258  255  249  244  238  233  229  227  226  226
  225  220  216  210  209  205  208  205  207  202  198  189  187  180  178  176
  176  174  176  173  172  167  166  160  159  153  154  151  157  164  178  194
  213  225  237  247  263  268  279  278  282  271  262  245  236  223  223  220
  227  230  241  241  244  245  247  241  267                                   
    35.0-180.0 180.0   5.0 450.0                            LAT/LON1/LON2/DLON/H
  280  276  286  286  281  275  269  269  264  263  254  250  242  240  236  236
  232  227  222  214  212  209  211  212  215  212  207  200  196  190  188  185
  188  185  187  181  178  170  166  161  161  156  156  155  158  166  177  195
  211  223  231  241  251  257  265  267  270  265  258  248  241  234  233  233
  238  243  252  253  257  258  263  257  280                                   
    32.5-180.0 180.0   5.0 450.0                            LAT/LON1/LON2/DLON/H
  294  292  299  300  290  284  278  277  274  273  269  265  260  255  251  248
  243  235  230  219  218  213  219  221  227  223  221  211  207  198  195  191
  192  189  189  181  177  168  165  161  162  159  158  155  159  162  174  186
  205  211  221  225  239  242  254  253  265  259  262  254  255  245  249  245
  253  256  265  266  273  278  278  276  294                                   
    30.0-180.0 180.0   5.0 450.0                            LAT/LON1/LON2/DLON/H
  318  319  328  325  316  306  296  295  293  295  292  289  281  274  264  261
  252  243  234  222  219  214  221  226  234  233  229  220  214  204  199  192
  193  186  185  176  172  163  161  157  161  157  157  152  153  152  161  174
  188  199  205  216  227  234  243  246  256  256  260  260  262  259  260  261
  266  268  278  279  287  298  302  297  318                                   
    27.5-180.0 180.0   5.0 450.0                            LAT/LON1/LON2/DLON/H
  341  347  360  363  353  341  329  324  322  321  318  313  302  290  277  269
  259  247  237  225  222  219  228  236  243  243  239  227  220  208  199  190
  185  176  172  163  161  156  155  156  158  159  154  150  146  143  148  156
  171  179  193  203  220  227  240  246  259  261  271  272  282  276  282  279
  283  284  294  297  306  317  319  321  341                                   
    25.0-180.0 180.0   5.0 450.0                            LAT/LON1/LON2/DLON/H
  368  384  397  404  400  387  374  364  357  354  349  342  330  313  293  282
  268  257  243  231  225  223  232  241  250  247  245  232  221  204  192  177
  169  159  155  148  147  144  146  146  151  148  144  138  133  128  132  138
  152  166  181  200  217  231  243  252  265  270  280  284  292  291  293  291
  293  293  305  310  322  339  341  343  368                                   
    22.5-180.0 180.0   5.0 450.0                            LAT/LON1/LON2/DLON/H
  383  402  425  439  443  435  424  411  400  389  380  369  354  333  308  291
  275  260  247  234  230  231  241  253  257  257  248  233  220  200  184  165
  152  139  134  129  129  130  131  135  138  137  131  126  120  115  117  123
  139  153  175  196  218  233  250  259  275  282  294  297  307  304  306  302
  303  308  315  324  339  354  356  365  383                                   
    20.0-180.0 180.0   5.0 450.0                            LAT/LON1/LON2/DLON/H
  403  425  452  470  481  479  470  458  443  428  412  399  382  357  328  307
  290  274  261  247  245  243  253  259  261  253  243  224  207  182  163  140
  126  114  110  108  112  114  118  121  124  121  116  111  107  102  105  110
  127  146  172  200  221  242  256  270  287  295  307  312  321  318  318  315
  316  318  327  333  350  366  368  377  403                                   
    17.5-180.0 180.0   5.0 450.0                            LAT/LON1/LON2/DLON/H
  408  427  459  482  498  502  501  493  479  463  444  428  406  379  347  321
  304  283  269  256  254  257  261  266  260  250  233  213  191  166  142  122
  106   93   90   89   96  101  104  106  109  106  101   98   96   93   97  103
  120  141  171  199  225  245  265  279  297  307  319  325  336  333  336  333
  335  337  345  349  363  372  376  389  408                                   
    15.0-180.0 180.0   5.0 450.0                            LAT/LON1/LON2/DLON/H
  416  433  463  485  504  512  516  513  504  490  469  450  428  398  365  338
  319  300  283  269  274  271  273  268  255  235  215  190  171  144  125  104
   90   80   77   80   86   94   96   99   99   98   97   94   94   91   94  100
  117  142  174  205  227  251  270  286  308  319  334  344  354  354  357  353
  354  353  360  361  372  379  383  395  416                                   
    12.5-180.0 180.0   5.0 450.0                            LAT/LON1/LON2/DLON/H
  411  424  452  470  491  501  511  514  510  499  480  463  439  413  377  349
  329  309  290  280  280  279  272  263  243  220  194  170  148  129  112   95
   82   72   70   72   81   86   90   90   92   88   89   87   88   86   88   94
  111  137  172  203  230  252  276  295  317  331  347  358  371  372  380  377
  379  376  380  376  382  385  393  406  411                                   
    10.0-180.0 180.0   5.0 450.0                            LAT/LON1/LON2/DLON/H
  415  423  445  457  476  488  500  504  504  496  480  462  443  415  384  355
  332  314  296  287  289  282  271  248  224  194  171  147  136  121  110   95
   88   75   74   73   79   81   82   84   87   86   89   88   90   85   86   90
  106  134  169  202  229  253  279  298  326  342  360  373  385  392  398  400
  401  398  400  394  394  392  400  413  415                                   
     7.5-180.0 180.0   5.0 450.0                            LAT/LON1/LON2/DLON/H
  419  423  441  448  463  471  485  487  488  479  466  449  433  410  378  351
  327  311  290  286  281  271  251  230  198  173  147  133  124  116  108   99
