data/unet/pred2420.15i
     1.0            IONOSPHERE MAPS     GNSS                IONEX VERSION / TYPE
pyspatialgeodesy        IME             05-JAN-18 20:20     PGM / RUN BY / DATE 
Map Name                                                    COMMENT             
Predicted global ionosphere maps (GIM).                     DESCRIPTION         
  2015     8    30     0     0     0                        EPOCH OF FIRST MAP  
  2015     8    31     0     0     0                        EPOCH OF LAST MAP   
  7200                                                      INTERVAL            
    13                                                      # OF MAPS IN FILE   
  NONE                                                      MAPPING FUNCTION    
10.0                                                        ELEVATION CUTOFF    
One-way carrier phase leveled to code                       OBSERVABLES USED    
  6371.0                                                    BASE RADIUS         
 2                                                          MAP DIMENSION       
   450.0 450.0   0.0                                        HGT1 / HGT2 / DHGT  
    87.5 -87.5  -2.5                                        LAT1 / LAT2 / DLAT  
  -180.0 180.0   5.0                                        LON1 / LON2 / DLON  
    -1                                                      EXPONENT            
                                                            END OF HEADER       
[from data line 4290]
    11                                                      START OF TEC MAP    
  2015     8    30    20     0     0                        EPOCH OF CURRENT MAP
    87.5-180.0 180.0   5.0 450.0                            LAT/LON1/LON2/DLON/H
  146  116   97  101   99  100  100  101  102  102  103  104  104  105  106  106
  106  106  107  106  106  106  106  105  105  104  103  103  102  101  100   99
   98   98   96   96   94   94   93   92   90   91   89   89   87   88   87   88
   87   89   88   89   89   91   91   92   93   94   94   95   95   96   96   97
   96   98   98   98   99  100   97  138  146                                   
    85.0-180.0 180.0   5.0 450.0                            LAT/LON1/LON2/DLON/H
   97   92   91   94   96   95   98   97  100  100  103  103  105  105  107  107
  108  108  109  108  108  107  107  106  106  105  104  102  102  100   99   97
   96   95   94   92   91   90   89   87   87   85   85   82   83   81   82   80
   82   81   82   81   84   83   85   85   87   86   88   88   90   88   91   89
   92   90   93   90   95   91   94  117   97                                   
    82.5-180.0 180.0   5.0 450.0                            LAT/LON1/LON2/DLON/H
   94   92   89   92   91   92   92   95   96  100  101  104  105  108  108  111
  111  113  112  114  111  113  110  111  108  109  105  105  102  101   98   97
   95   94   91   90   89   88   86   85   83   83   82   81   80   81   79   81
   80   82   80   83   82   84   83   86   85   87   86   88   87   88   87   88
   88   89   88   89   89   88   86  104   94                                   
    80.0-180.0 180.0   5.0 450.0                            LAT/LON1/LON2/DLON/H
   94   84   80   80   80   80   84   85   90   91   97   97  103  103  108  108
  112  111  114  112  114  112  112  109  109  106  105  102  101   98   97   94
   93   90   89   86   86   84   83   80   81   78   79   77   77   76   77   76
   77   76   77   76   78   77   79   78   80   80   82   80   83   82   83   81
   83   82   83   81   84   80   76   95   94                                   
    77.5-180.0 180.0   5.0 450.0                            LAT/LON1/LON2/DLON/H
   86   79   72   71   72   72   75   78   82   85   90   94   98  102  107  109
  111  112  114  113  113  111  111  107  106  103  102   98   97   94   93   90
   89   86   85   83   82   80   79   77   77   75   75   74   74   74   74   74
   74   74   74   74   74   74   75   75   76   77   77   78   78   79   79   79
   78   78   78   76   76   73   67   80   86                                   
    75.0-180.0 180.0   5.0 450.0                            LAT/LON1/LON2/DLON/H
   82   71   67   69   68   70   73   75   81   85   92   96  102  106  112  113
  117  116  118  116  116  114  112  109  106  102  100   96   95   92   91   88
   87   85   84   81   80   78   78   75   75   73   74   72   73   72   73   72
   72   72   72   71   72   71   72   71   72   73   74   74   76   76   78   77
   78   78   78   76   76   72   67   82   82                                   
    72.5-180.0 180.0   5.0 450.0                            LAT/LON1/LON2/DLON/H
   77   71   66   68   67   68   70   74   78   85   91   97  104  109  115  117
  120  118  119  116  115  112  110  105  102   98   95   91   90   87   86   85
   83   82   81   79   77   76   75   73   72   71   70   70   70   70   70   71
   70   70   69   69   67   68   66   66   66   67   67   68   69   71   72   73
   74   75   75   73   72   69   66   77   77                                   
    70.0-180.0 180.0   5.0 450.0                            LAT/LON1/LON2/DLON/H
   79   69   68   69   69   70   74   75   82   87   97  101  111  114  122  122
  125  123  122  118  116  112  110  105  101   95   92   88   87   84   84   81
   82   79   79   76   75   73   72   69   68   67   67   66   67   67   68   67
   68   67   66   64   63   62   61   59   60   59   61   61   64   65   69   69
   72   72   74   72   73   70   68   80   79                                   
    67.5-180.0 180.0   5.0 450.0                            LAT/LON1/LON2/DLON/H
   80   75   72   73   72   72   74   78   83   90   98  106  115  120  127  128
  130  127  126  120  118  112  110  103  100   93   91   85   83   80   80   78
   77   76   75   73   71   68   66   64   61   61   60   61   60   62   62   63
   61   62   59   58   55   54   51   50   49   50   51   52   55   58   61   64
   67   69   70   70   70   68   69   77   80                                   
    65.0-180.0 180.0   5.0 450.0                            LAT/LON1/LON2/DLON/H
   83   76   76   77   77   75   79   79   88   92  103  109  121  125  133  132
  135  132  131  125  122  116  113  107  102   95   91   86   84   80   80   78
   77   75   73   70   68   65   62   58   57   55   56   55   56   56   57   56
   56   55   53   50   48   46   44   42   42   42   44   45   49   52   57   60
   64   66   69   69   72   69   71   81   83                                   
    62.5-180.0 180.0   5.0 450.0                            LAT/LON1/LON2/DLON/H
   84   81   81   82   80   80   81   83   89   95  105  113  124  129  137  137
  140  137  136  130  127  120  118  110  106   99   95   89   87   83   82   79
   78   75   73   69   66   62   58   55   51   50   49   50   49   51   50   50
   47   47   43   42   37   36   32   32   30   31   32   35   38   43   47   52
   57   60   64   65   68   67   71   77   84                                   
    60.0-180.0 180.0   5.0 450.0                            LAT/LON1/LON2/DLON/H
   86   81   83   85   85   82   85   84   92   96  107  113  126  130  138  139
  143  140  140  135  133  127  125  118  114  106  103   96   94   89   88   85
   84   80   77   73   68   63   59   55   51   50   48   48   48   47   46   44
   42   39   36   33   30   28   26   24   25   25   27   28   34   37   43   47
   54   57   63   63   69   67   70   79   86                                   
    57.5-180.0 180.0   5.0 450.0                            LAT/LON1/LON2/DLON/H
   87   86   88   90   90   88   89   89   95   99  109  115  127  131  139  139
  144  141  143  138  138  131  130  123  121  114  111  105  104   99   99   95
   93   88   85   80   75   69   64   59   55   53   51   51   49   47   45   42
   38   35   31   29   25   24   22   22   21   23   23   25   27   31   36   42
   47   53   58   61   65   65   68   74   87                                   
    55.0-180.0 180.0   5.0 450.0                            LAT/LON1/LON2/DLON/H
   89   85   90   93   95   93   95   94   99  103  111  117  126  130  138  139
  143  142  144  142  142  138  137  132  131  125  123  118  118  114  113  109
  107  102   98   92   87   80   74   70   65   62   60   57   55   52   49   44
   40   35   31   27   25   23   23   23   24   24   25   25   28   30   36   39
   48   52   60   61   68   66   70   79   89                                   
    52.5-180.0 180.0   5.0 450.0                            LAT/LON1/LON2/DLON/H
   89   91   95  100  103  103  105  105  109  111  118  121  129  131  136  136
  140  140  142  140  142  139  140  136  136  132  132  128  130  127  128  124
  122  116  112  105  100   92   87   81   77   73   70   67   63   59   54   49
   44   39   33   30   26   26   25   27   27   28   27   27   27   30   33   39
   45   53   59   63   67   67   70   77   89                                   
    50.0-180.0 180.0   5.0 450.0                            LAT/LON1/LON2/DLON/H
   95   94  101  106  111  113  117  116  120  121  125  127  132  132  136  136
  140  139  142  141  143  141  143  141  144  142  143  141  144  142  143  140
  138  132  127  120  114  107  101   96   90   86   82   78   73   68   63   58
   52   46   41   37   34   34   34   36   37   38   37   36   35   35   38   42
   50   57   67   70   76   74   77   87   95                                   
    47.5-180.0 180.0   5.0 450.0                            LAT/LON1/LON2/DLON/H
   99  103  108  117  122  125  128  130  133  134  137  137  139  138  138  138
  139  138  140  139  140  139  141  141  145  146  149  149  153  152  154  151
  149  144  139  133  127  121  114  107  102   96   92   88   82   78   72   67
   60   56   50   47   44   44   45   47   48   49   48   45   42   41   42   47
   53   62   71   77   81   82   84   92   99                                   
    45.0-180.0 180.0   5.0 450.0                            LAT/LON1/LON2/DLON/H
  109  111  120  126  133  137  143  145  148  148  151  149  150  147  146  144
  144  142  142  140  142  140  143  145  150  154  158  160  164  164  165  162
  159  154  151  146  141  134  126  118  111  106  101   96   91   86   81   77
   71   67   62   59   57   58   59   62   62   63   61   58   55   52   53   55
   64   71   82   87   94   94   97  108  109                                   
    42.5-180.0 180.0   5.0 450.0                            LAT/LON1/LON2/DLON/H
  115  120  125  134  139  144  148  153  156  158  159  159  159  156  153  151
  148  145  143  140  140  139  142  144  151  155  162  165  170  170  171  169
  166  164  160  157  151  144  136  127  119  113  108  104   99   95   90   87
   82   78   75   72   71   71   72   74   75   75   72   69   65   62   61   64
   70   79   88   95  101  104  107  117  115                                   
    40.0-180.0 180.0   5.0 450.0                            LAT/LON1/LON2/DLON/H
  127  132  137  143  147  153  159  163  168  170  173  173  175  171  170  165
  163  157  154  149  148  146  149  153  160  165  172  176  179  179  180  177
  175  174  171  167  161  154  145  136  126  119  114  110  107  103  100   96
   94   90   89   86   85   85   86   88   88   87   85   82   78   76   75   76
   82   89   99  106  112  114  117  131  127                                   
    37.5-180.0 180.0   5.0 450.0                            LAT/LON1/LON2/DLON/H
  133  138  139  143  147  150  155  159  166  170  176  179  183  183  182  179
  174  169  163  158  153  153  154  159  165  172  178  182  185  186  186  186
  185  185  181  178  171  164  155  145  135  127  122  118  115  112  110  106
  104  101  100   97   96   96   97   98   95   94   91   89   86   85   83   84
   88   96  104  112  117  122  125  139  133                                   
    35.0-180.0 180.0   5.0 450.0                            LAT/LON1/LON2/DLON/H
  145  148  149  153  152  158  162  169  176  182  191  196  204  205  205  201
  196  189  182  175  172  169  172  176  183  188  193  197  199  199  199  201
  199  199  195  192  184  176  165  155  145  138  132  127  125  121  119  116
  114  111  110  106  105  105  105  105  102  100   98   97   95   94   94   94
   98  103  111  117  123  127  132  148  145                                   
    32.5-180.0 180.0   5.0 450.0                            LAT/LON1/LON2/DLON/H
  151  153  154  152  154  151  159  163  173  181  193  202  211  215  215  213
  206  199  190  184  179  180  182  187  193  199  204  207  209  212  212  216
  215  216  213  208  198  189  176  166  155  150  143  139  136  131  128  124
  121  117  114  111  109  109  108  107  103  100   97   97   96   97   97   98
  100  106  112  120  124  131  137  155  151                                   
    30.0-180.0 180.0   5.0 450.0                            LAT/LON1/LON2/DLON/H
  165  164  166  167  164  165  167  172  181  192  205  218  230  235  236  232
  226  217  207  200  196  196  200  205  212  218  222  227  229  232  232  234
  234  235  232  225  213  200  188  176  166  161  155  151  146  139  134  128
  124  118  115  110  110  110  110  108  105  101  100  100  101  102  104  106
  108  113  118  124  128  134  143  163  165                                   
    27.5-180.0 180.0   5.0 450.0                            LAT/LON1/LON2/DLON/H
  175  177  178  178  178  170  178  176  191  199  218  230  244  251  251  248
  238  230  218  211  208  209  214  221  229  236  240  246  248  252  251  256
  257  258  252  243  225  210  194  184  173  169  163  159  153  144  138  130
  125  119  112  109  106  108  107  107  103  101   98   99  100  103  105  108
  110  116  121  128  131  141  146  170  175                                   
    25.0-180.0 180.0   5.0 450.0                            LAT/LON1/LON2/DLON/H
  193  192  196  198  199  199  200  206  212  226  238  256  267  278  276  274
  263  253  241  234  229  232  237  247  253  261  264  270  271  275  276  279
  282  278  271  254  235  213  196  184  175  172  168  164  156  146  137  129
  122  114  108  103  103  103  105  105  102  100   99  100  102  104  106  110
  114  120  128  135  140  147  155  181  193                                   
    22.5-180.0 180.0   5.0 450.0                            LAT/LON1/LON2/DLON/H
  203  206  209  221  224  224  230  232  243  248  266  278  295  300  301  297
  286  275  261  254  248  252  258  268  274  281  285  290  293  296  298  299
  298  293  279  260  233  210  189  176  168  167  165  163  155  144  134  125
  117  109  101   96   94   98   99  101   99   98   97   99   99  102  104  109
  114  123  131  142  147  158  163  192  203                                   
    20.0-180.0 180.0   5.0 450.0                            LAT/LON1/LON2/DLON/H
  219  220  226  240  245  250  258  267  270  283  290  310  315  329  326  328
  317  308  292  283  277  279  284  293  299  307  311  317  319  321  319  316
  312  299  282  254  224  196  178  165  161  160  162  159  153  143  133  124
  116  104   97   89   91   93   97   98   96   96   96   98   98  100  102  108
  115  127  140  152  160  168  175  204  219                                   
    17.5-180.0 180.0   5.0 450.0                            LAT/LON1/LON2/DLON/H
  224  230  237  257  263  272  282  290  300  308  319  334  343  353  353  354
  349  343  328  318  308  309  312  318  326  332  339  343  345  344  339  333
  322  308  282  251  218  190  170  159  156  158  160  158  153  144  136  127
  117  105   95   89   88   93   94   95   93   92   92   93   93   94   98  105
  114  128  144  159  167  178  184  212  224                                   
    15.0-180.0 180.0   5.0 450.0                            LAT/LON1/LON2/DLON/H
  236  243  249  273  277  290  299  315  321  337  341  362  368  382  381  388
  384  382  369  360  349  347  346  351  358  362  367  370  369  368  358  346
  333  311  283  247  215  185  167  157  156  159  161  162  157  152  143  136
  125  111  101   93   93   96   96   95   89   89   88   86   86   86   91  100
  112  129  148  165  176  185  193  219  236                                   
    12.5-180.0 180.0   5.0 450.0                            LAT/LON1/LON2/DLON/H
  236  249  260  285  290  300  309  320  331  345  358  377  392  405  414  416
  419  414  407  396  387  379  378  378  385  386  391  391  392  388  377  364
  346  324  296  259  230  203  186  175  172  173  175  172  171  164  157  148
  134  121  108  101   98  101   95   91   85   82   81   79   78   78   82   94
  106  125  143  162  177  191  199  222  236                                   
    10.0-180.0 180.0   5.0 450.0                            LAT/LON1/LON2/DLON/H
  244  259  271  292  297  307  313  324  329  347  360  381  398  421  430  444
  447  448  443  434  424  414  409  406  410  410  413  412  410  402  395  374
  359  331  310  275  252  227  214  203  198  194  194  191  189  181  173  161
  146  129  117  107  103  102   94   88   80   76   75   70   71   68   75   85
  100  118  139  159  177  190  202  222  244                                   
     7.5-180.0 180.0   5.0 450.0                            LAT/LON1/LON2/DLON/H
  248  271  285  302  309  316  324  328  335  345  358  380  398  424  440  455
  469  472  474  465  458  444  438  431  435  431  435  429  426  417  405  388
