data/unet/pred0830.15i
     1.0            IONOSPHERE MAPS     GNSS                IONEX VERSION / TYPE
pyspatialgeodesy        IME             05-JAN-18 20:20     PGM / RUN BY / DATE 
Map Name                                                    COMMENT             
Predicted global ionosphere maps (GIM).                     DESCRIPTION         
  2015     3    24     0     0     0                        EPOCH OF FIRST MAP  
  2015     3    25     0     0     0                        EPOCH OF LAST MAP   
  7200                                                      INTERVAL            
    13                                                      # OF MAPS IN FILE   
  NONE                                                      MAPPING FUNCTION    
10.0                                                        ELEVATION CUTOFF    
One-way carrier phase leveled to code                       OBSERVABLES USED    
  6371.0                                                    BASE RADIUS         
 2                                                          MAP DIMENSION       
   450.0 450.0   0.0                                        HGT1 / HGT2 / DHGT  
    87.5 -87.5  -2.5                                        LAT1 / LAT2 / DLAT  
  -180.0 180.0   5.0                                        LON1 / LON2 / DLON  
    -1                                                      EXPONENT            
                                                            END OF HEADER       
[from data line 4290]
    11                                                      START OF TEC MAP    
  2015     3    24    20     0     0                        EPOCH OF CURRENT MAP
    87.5-180.0 180.0   5.0 450.0                            LAT/LON1/LON2/DLON/H
  200  173  164  166  164  165  165  168  168  171  171  173  172  173  173  173
  173  173  172  172  171  170  169  167  166  165  164  162  161  160  158  158
  156  156  155  155  154  154  154  154  154  154  154  154  155  155  155  156
  157  158  159  160  160  161  160  162  161  162  161  162  161  163  160  162
  161  163  161  162  160  161  161  175  200                                   
    85.0-180.0 180.0   5.0 450.0                            LAT/LON1/LON2/DLON/H
  156  153  151  155  154  155  157  160  162  165  168  170  172  172  174  173
  175  173  174  172  173  170  170  166  165  162  160  157  156  153  151  149
  148  146  146  144  145  143  145  143  146  142  146  143  147  144  147  146
  149  148  151  150  153  151  153  152  155  153  153  152  153  152  152  151
  152  151  152  149  149  144  149  166  156                                   
    82.5-180.0 180.0   5.0 450.0                            LAT/LON1/LON2/DLON/H
  150  146  144  146  144  147  149  154  157  162  165  169  173  175  178  179
  180  180  181  181  179  178  175  173  169  167  161  159  154  151  146  145
  140  140  136  138  134  136  133  136  134  137  135  138  137  140  139  143
  143  146  146  149  150  152  152  154  154  154  153  152  152  151  148  147
  146  146  145  143  141  138  136  154  150                                   
    80.0-180.0 180.0   5.0 450.0                            LAT/LON1/LON2/DLON/H
  145  134  133  129  134  134  142  145  153  157  164  168  175  178  182  184
  188  188  190  189  189  186  185  180  178  172  169  162  159  152  149  142
  141  136  136  132  133  130  132  129  132  129  133  130  135  132  137  134
  139  137  142  141  146  143  148  145  149  144  147  140  144  137  140  133
  137  131  135  128  130  125  126  143  145                                   
    77.5-180.0 180.0   5.0 450.0                            LAT/LON1/LON2/DLON/H
  135  120  120  118  121  123  131  135  145  150  160  164  173  176  184  184
  191  190  195  193  195  191  192  187  184  177  173  166  160  153  148  143
  139  135  133  131  129  128  128  127  127  127  127  128  128  129  129  130
  131  133  135  136  139  139  141  140  141  138  136  133  131  128  126  124
  123  122  122  118  117  112  113  129  135                                   
    75.0-180.0 180.0   5.0 450.0                            LAT/LON1/LON2/DLON/H
  134  118  118  116  120  120  129  131  144  147  160  164  175  178  187  188
  195  196  201  200  202  200  200  195  192  185  181  172  166  158  152  146
  142  138  137  134  134  130  131  128  129  126  126  124  125  123  124  124
  125  127  128  130  131  132  132  133  131  130  126  124  121  118  116  114
  114  112  115  113  114  111  114  130  134                                   
    72.5-180.0 180.0   5.0 450.0                            LAT/LON1/LON2/DLON/H
  137  122  122  120  123  122  130  132  143  149  161  166  176  180  188  189
  196  196  202  202  206  204  205  201  199  192  186  177  169  161  154  148
  142  140  136  136  133  132  130  128  126  125  122  121  118  117  114  115
  114  116  117  119  121  121  122  120  120  117  115  111  109  107  105  103
  104  104  107  106  109  109  116  132  137                                   
    70.0-180.0 180.0   5.0 450.0                            LAT/LON1/LON2/DLON/H
  146  128  130  129  132  132  138  140  150  155  166  171  181  184  192  193
  200  200  207  207  212  211  213  209  206  199  191  182  173  164  155  149
  143  141  137  136  133  132  129  126  124  121  118  114  112  107  106  104
  104  104  105  105  107  107  108  106  106  103  101   98   97   94   94   92
   95   96  102  103  109  111  119  137  146                                   
    67.5-180.0 180.0   5.0 450.0                            LAT/LON1/LON2/DLON/H
  149  139  140  139  142  142  147  149  158  163  174  178  188  189  198  196
  203  202  210  210  218  216  219  214  212  202  194  183  174  163  155  147
  141  137  133  130  128  125  123  120  117  114  109  106  100   96   92   91
   89   89   90   90   90   91   91   91   90   88   86   84   82   82   80   82
   83   88   92   98  104  110  120  139  149                                   
    65.0-180.0 180.0   5.0 450.0                            LAT/LON1/LON2/DLON/H
  155  141  146  144  149  149  156  156  166  170  181  184  193  194  201  200
  205  205  211  213  221  220  224  219  217  207  199  186  178  166  158  150
  144  138  133  129  124  121  117  115  111  108  103   99   93   88   83   80
   78   78   78   78   79   78   79   77   77   73   74   70   72   69   71   70
   74   77   85   90   99  105  118  139  155                                   
    62.5-180.0 180.0   5.0 450.0                            LAT/LON1/LON2/DLON/H
  149  143  146  148  152  152  159  162  171  176  188  192  201  201  208  206
  213  211  219  220  229  227  230  223  220  208  200  188  180  172  164  158
  148  142  132  127  120  116  111  109  104  102   95   92   84   79   72   68
   65   65   65   67   68   68   69   68   68   66   65   64   62   63   62   63
   64   70   75   83   90   98  112  134  149                                   
    60.0-180.0 180.0   5.0 450.0                            LAT/LON1/LON2/DLON/H
  148  136  143  144  151  153  163  165  176  180  194  197  207  206  214  213
  219  219  225  226  234  232  236  228  226  212  207  196  193  184  181  174
  166  156  146  136  128  121  116  113  109  105   99   93   84   77   68   64
   59   59   59   62   63   64   65   64   65   62   63   60   61   59   60   59
   63   65   72   78   86   93  107  129  148                                   
    57.5-180.0 180.0   5.0 450.0                            LAT/LON1/LON2/DLON/H
  136  132  137  142  148  151  160  164  176  181  194  198  209  211  219  220
  227  228  235  236  242  240  239  231  224  214  210  205  204  202  199  195
  186  177  162  152  138  131  122  120  111  110  100   95   84   77   66   61
   55   55   55   58   60   62   64   65   66   65   64   63   61   62   59   61
   59   65   68   76   81   89  102  122  136                                   
    55.0-180.0 180.0   5.0 450.0                            LAT/LON1/LON2/DLON/H
  139  130  138  143  151  158  167  171  182  188  201  204  216  217  228  228
  238  238  244  242  248  244  244  234  231  219  223  218  226  223  228  222
  217  204  190  175  161  147  140  132  128  121  115  106   96   85   75   68
   62   61   60   63   66   69   71   73   74   73   72   70   70   69   69   70
   71   74   79   84   88   93  107  122  139                                   
    52.5-180.0 180.0   5.0 450.0                            LAT/LON1/LON2/DLON/H
  139  138  142  151  159  164  173  176  187  191  204  208  220  223  233  238
  246  248  253  251  253  250  246  239  233  228  232  235  245  248  252  248
  240  229  211  195  179  166  154  148  139  134  124  117  105   95   84   77
   70   69   67   70   72   76   80   83   85   85   84   82   79   81   78   81
   80   86   88   96   98  105  116  130  139                                   
    50.0-180.0 180.0   5.0 450.0                            LAT/LON1/LON2/DLON/H
  161  155  165  172  181  188  197  202  211  217  223  227  235  237  248  250
  259  259  262  258  259  256  253  249  248  245  254  258  272  274  279  270
  261  246  231  213  197  183  172  163  156  148  142  133  124  114  104   97
   89   88   83   85   85   90   92   97   99   99   98   96   96   95   96   98
  101  108  115  121  124  128  139  151  161                                   
    47.5-180.0 180.0   5.0 450.0                            LAT/LON1/LON2/DLON/H
  181  183  190  201  212  217  226  229  238  238  243  244  250  253  261  264
  269  269  269  265  266  263  262  258  258  259  268  277  287  290  288  278
  264  249  233  218  205  193  183  174  164  158  149  145  136  129  119  113
  105  101   96   96   96   98  102  106  110  110  110  108  107  109  108  113
  114  125  131  142  144  153  161  179  181                                   
    45.0-180.0 180.0   5.0 450.0                            LAT/LON1/LON2/DLON/H
  218  217  233  243  254  260  266  270  275  277  275  276  275  276  281  282
  284  281  279  273  274  273  273  275  277  279  287  291  298  291  287  270
  258  240  228  216  207  199  191  182  175  166  162  157  153  148  141  136
  127  121  112  110  107  108  111  117  120  121  120  120  119  121  122  127
  132  143  153  165  172  179  191  207  218                                   
    42.5-180.0 180.0   5.0 450.0                            LAT/LON1/LON2/DLON/H
  241  252  266  282  292  299  304  310  316  317  313  311  304  305  305  305
  302  298  293  289  289  289  294  292  296  295  300  301  297  287  271  255
  238  226  214  210  206  203  197  191  181  173  168  167  162  160  153  149
  140  133  123  117  112  113  116  121  126  127  127  127  126  129  131  136
  139  151  161  177  187  201  212  237  241                                   
    40.0-180.0 180.0   5.0 450.0                            LAT/LON1/LON2/DLON/H
  272  279  301  315  323  331  338  346  354  357  353  351  340  337  333  331
  325  319  312  307  307  309  314  315  318  315  316  307  298  277  260  240
  227  217  213  214  214  214  210  202  194  184  181  177  175  172  167  162
  152  143  131  123  116  116  119  126  130  134  132  132  130  132  132  137
  140  153  166  185  199  215  233  255  272                                   
    37.5-180.0 180.0   5.0 450.0                            LAT/LON1/LON2/DLON/H
  283  297  319  336  344  353  362  374  384  391  389  387  375  374  365  362
  353  347  340  336  334  336  338  335  336  332  329  318  301  278  255  239
  228  225  224  227  227  229  226  220  210  198  192  188  185  178  172  163
  151  141  127  119  113  113  115  123  129  136  136  134  132  132  131  133
  135  146  160  179  199  220  240  270  283                                   
    35.0-180.0 180.0   5.0 450.0                            LAT/LON1/LON2/DLON/H
  300  312  337  354  359  371  380  392  404  413  415  415  408  407  397  396
  387  381  374  370  365  364  360  355  353  347  348  331  319  294  281  266
  267  264  268  267  268  263  256  246  232  217  209  200  196  188  178  167
  151  139  125  116  112  112  117  125  134  139  140  139  135  131  128  122
  126  131  150  170  195  216  243  273  300                                   
    32.5-180.0 180.0   5.0 450.0                            LAT/LON1/LON2/DLON/H
  305  319  346  360  370  379  391  404  421  431  438  441  438  439  431  432
  424  421  414  410  402  394  384  375  372  370  369  362  349  339  332  334
  339  346  350  349  338  323  301  281  258  240  226  215  207  193  183  164
  151  133  125  114  115  112  120  123  134  138  143  144  139  137  130  124
  121  123  138  158  188  216  242  280  305                                   
    30.0-180.0 180.0   5.0 450.0                            LAT/LON1/LON2/DLON/H
  317  336  360  376  382  398  407  421  437  452  462  467  468  471  466  469
  463  462  457  451  438  422  406  396  393  394  403  400  405  405  425  442
  472  482  476  447  424  392  364  331  297  266  247  231  219  202  189  171
  156  143  132  126  124  125  126  134  138  143  142  146  144  141  132  124
  123  121  140  154  189  219  256  287  317                                   
    27.5-180.0 180.0   5.0 450.0                            LAT/LON1/LON2/DLON/H
  329  347  372  384  398  408  423  436  456  472  483  485  488  490  491  495
  492  494  488  482  466  448  428  418  419  428  444  461  484  512  556  595
  625  619  594  552  508  459  408  371  334  304  274  251  237  219  207  188
  179  169  165  163  164  160  159  155  156  154  152  147  142  141  149  142
  141  139  148  170  200  235  268  304  329                                   
    25.0-180.0 180.0   5.0 450.0                            LAT/LON1/LON2/DLON/H
  348  369  391  407  417  433  446  464  482  503  511  518  516  521  519  525
  522  521  514  504  489  470  453  445  452  473  501  535  570  617  656  682
  694  688  647  591  523  485  426  384  341  311  288  268  255  234  228  213
  214  205  209  208  207  202  195  189  180  176  167  158  144  139  142  148
  157  154  167  180  216  252  289  320  348                                   
    22.5-180.0 180.0   5.0 450.0                            LAT/LON1/LON2/DLON/H
  366  387  408  424  440  453  473  491  510  532  548  549  554  548  546  547
  548  546  531  524  507  493  478  479  493  522  558  602  639  668  691  728
  736  727  676  608  516  471  418  375  337  315  291  280  264  263  255  256
  255  255  259  257  250  238  224  209  202  194  192  182  167  158  154  163
  172  184  192  214  242  282  312  344  366                                   
    20.0-180.0 180.0   5.0 450.0                            LAT/LON1/LON2/DLON/H
  387  406  429  442  457  475  495  518  540  569  584  601  598  595  581  576
  575  565  554  542  529  516  512  518  536  567  599  645  665  697  732  763
  770  745  680  593  494  438  383  348  323  311  295  288  276  279  279  294
  299  299  299  295  282  268  247  232  214  210  199  198  181  174  174  180
  188  199  218  237  264  300  331  367  387                                   
    17.5-180.0 180.0   5.0 450.0                            LAT/LON1/LON2/DLON/H
  394  420  443  467  477  498  517  543  566  595  619  630  640  633  626  616
  610  603  584  571  558  551  548  558  573  608  638  667  682  723  744  775
  762  729  643  549  453  391  334  313  300  306  295  306  295  306  309  325
  331  329  326  315  304  283  263  243  224  213  201  197  184  187  184  199
  200  210  222  254  277  312  338  375  394                                   
    15.0-180.0 180.0   5.0 450.0                            LAT/LON1/LON2/DLON/H
  403  425  458  482  501  521  544  570  595  629  649  674  673  683  672  670
  657  643  629  613  604  593  595  594  617  644  667  681  707  730  753  763
  736  682  575  486  399  329  292  288  291  309  314  331  326  342  338  352
  353  348  341  329  313  290  269  244  226  213  201  194  185  186  192  201
  210  215  227  250  279  313  334  378  403                                   
    12.5-180.0 180.0   5.0 450.0                            LAT/LON1/LON2/DLON/H
  397  431  468  501  522  547  568  594  619  650  681  696  710  717  723  724
  718  710  697  680  669  654  652  658  675  687  688  705  709  724  724  728
  680  609  513  420  342  292  273  277  291  318  330  349  355  363  368  373
  370  354  346  329  312  289  266  243  225  213  202  195  186  188  192  204
  208  215  223  245  271  303  332  371  397                                   
    10.0-180.0 180.0   5.0 450.0                            LAT/LON1/LON2/DLON/H
  396  431  480  515  544  568  593  618  647  682  712  737  745  762  769  777
  775  765  769  759  754  728  731  728  731  722  729  724  728  727  723  698
  637  557  464  387  326  297  286  307  325  362  369  400  393  403  394  394
  376  357  339  318  298  272  254  233  222  207  203  189  188  182  191  194
  201  205  217  234  256  288  319  363  396                                   
     7.5-180.0 180.0   5.0 450.0                            LAT/LON1/LON2/DLON/H
  389  434  486  531  564  591  618  647  675  705  732  751  768  783  801  815
  821  818  825  822  826  809  795  782  776  764  750  742  735  740  716  677
