data/unet/pred1550.15i
     1.0            IONOSPHERE MAPS     GNSS                IONEX VERSION / TYPE
pyspatialgeodesy        IME             05-JAN-18 20:20     PGM / RUN BY / DATE 
Map Name                                                    COMMENT             
Predicted global ionosphere maps (GIM).                     DESCRIPTION         
  2015     6     4     0     0     0                        EPOCH OF FIRST MAP  
  2015     6     5     0     0     0                        EPOCH OF LAST MAP   
  7200                                                      INTERVAL            
    13                                                      # OF MAPS IN FILE   
  NONE                                                      MAPPING FUNCTION    
10.0                                                        ELEVATION CUTOFF    
One-way carrier phase leveled to code                       OBSERVABLES USED    
  6371.0                                                    BASE RADIUS         
 2                                                          MAP DIMENSION       
   450.0 450.0   0.0                                        HGT1 / HGT2 / DHGT  
    87.5 -87.5  -2.5                                        LAT1 / LAT2 / DLAT  
  -180.0 180.0   5.0                                        LON1 / LON2 / DLON  
    -1                                                      EXPONENT            
                                                            END OF HEADER       
[from data line 3432]
     9                                                      START OF TEC MAP    
  2015     6     4    16     0     0                        EPOCH OF CURRENT MAP
    87.5-180.0 180.0   5.0 450.0                            LAT/LON1/LON2/DLON/H
  181  193  190  195  196  197  196  197  197  198  198  199  198  199  199  198
  198  197  197  196  196  195  195  194  194  192  193  192  192  191  191  191
  192  192  193  194  194  195  195  195  195  195  194  194  193  193  192  192
  190  190  189  189  187  187  186  186  186  186  185  185  185  185  185  185
  186  187  188  187  185  185  194  195  181                                   
    85.0-180.0 180.0   5.0 450.0                            LAT/LON1/LON2/DLON/H
  175  185  190  195  199  197  202  199  203  201  205  202  205  203  205  203
  204  202  203  201  201  199  200  198  198  196  196  194  194  193  193  192
  192  192  193  192  193  193  194  193  194  193  194  193  193  192  193  192
  192  191  191  191  190  190  189  189  189  188  188  187  187  187  187  186
  188  187  191  189  189  184  190  177  175                                   
    82.5-180.0 180.0   5.0 450.0                            LAT/LON1/LON2/DLON/H
  179  181  187  190  194  196  199  201  201  203  204  205  205  206  206  206
  204  204  203  203  202  201  200  198  196  195  193  191  190  189  187  186
  185  185  185  186  185  187  185  187  186  187  186  187  186  186  185  185
  184  184  183  183  182  182  180  180  178  179  176  177  174  176  173  175
  174  177  178  181  181  178  186  172  179                                   
    80.0-180.0 180.0   5.0 450.0                            LAT/LON1/LON2/DLON/H
  172  175  180  187  189  193  196  199  201  203  205  206  207  207  207  207
  206  207  205  206  204  204  202  202  199  199  196  195  192  191  188  187
  185  185  184  184  183  184  184  185  184  186  185  187  186  187  186  186
  185  185  184  184  182  183  180  180  177  178  174  175  171  173  170  171
  169  172  172  175  174  176  176  169  172                                   
    77.5-180.0 180.0   5.0 450.0                            LAT/LON1/LON2/DLON/H
  168  174  179  185  187  193  195  199  199  202  202  205  204  205  204  205
  203  204  203  204  203  204  203  202  200  200  197  196  193  192  189  188
  186  186  184  185  184  185  184  186  185  187  187  189  188  189  188  188
  186  187  184  185  181  183  178  179  175  176  172  173  169  170  165  168
  165  168  166  169  165  168  169  166  168                                   
    75.0-180.0 180.0   5.0 450.0                            LAT/LON1/LON2/DLON/H
  168  173  180  184  189  189  194  194  197  197  200  200  202  200  202  200
  202  201  203  202  205  204  206  204  204  203  202  200  199  196  194  191
  191  188  188  186  187  186  187  186  187  187  189  189  190  189  190  188
  188  186  186  184  183  181  180  178  176  174  172  170  169  167  166  164
  165  164  165  166  166  170  170  169  168                                   
    72.5-180.0 180.0   5.0 450.0                            LAT/LON1/LON2/DLON/H
  173  180  182  186  188  191  193  194  195  197  198  200  199  201  200  200
  199  201  201  203  204  206  206  209  207  209  207  206  204  203  201  200
  197  197  194  194  192  193  191  192  192  194  193  195  194  195  193  193
  190  191  188  188  184  185  181  182  178  178  175  175  172  172  168  169
  166  167  165  168  165  169  172  173  173                                   
    70.0-180.0 180.0   5.0 450.0                            LAT/LON1/LON2/DLON/H
  176  179  185  187  191  189  192  190  194  193  197  195  198  196  198  196
  197  196  200  200  204  204  209  208  210  210  210  209  208  207  205  203
  202  200  200  198  197  195  196  195  196  195  197  196  197  194  194  191
  191  189  189  187  186  185  184  182  182  180  179  178  178  175  174  172
  171  170  170  171  171  174  176  176  176                                   
    67.5-180.0 180.0   5.0 450.0                            LAT/LON1/LON2/DLON/H
  181  188  189  190  191  191  192  191  192  194  195  198  198  200  198  198
  197  197  198  200  202  206  207  210  209  211  211  211  211  210  209  208
  207  206  204  203  200  199  197  197  197  197  197  197  196  195  193  193
  190  191  189  191  188  191  187  189  186  186  183  184  183  181  179  178
  176  175  173  174  171  174  179  178  181                                   
    65.0-180.0 180.0   5.0 450.0                            LAT/LON1/LON2/DLON/H
  184  189  194  195  197  193  193  190  193  193  197  198  201  200  201  198
  199  197  199  199  203  204  207  207  208  209  209  210  209  210  209  209
  208  208  206  205  203  201  200  199  200  200  200  199  198  196  195  192
  192  191  192  192  192  193  192  192  191  190  189  188  189  185  186  181
  181  178  178  175  176  178  181  180  184                                   
    62.5-180.0 180.0   5.0 450.0                            LAT/LON1/LON2/DLON/H
  187  195  197  198  197  195  194  193  192  196  198  204  204  208  206  207
  204  202  201  202  202  205  204  207  205  208  206  208  208  210  211  212
  211  212  209  209  204  204  202  203  203  203  203  203  201  200  197  197
  195  197  196  200  198  202  199  201  197  197  193  193  191  189  186  184
  182  180  177  176  175  175  182  180  187                                   
    60.0-180.0 180.0   5.0 450.0                            LAT/LON1/LON2/DLON/H
  182  191  197  199  201  196  196  191  194  194  202  204  211  212  215  214
  213  209  207  205  205  205  205  205  205  204  204  205  206  208  209  211
  212  213  211  210  208  207  206  207  209  209  210  208  207  204  202  200
  200  199  201  202  203  204  203  203  200  199  195  194  192  187  186  181
  180  176  177  172  174  174  179  177  182                                   
    57.5-180.0 180.0   5.0 450.0                            LAT/LON1/LON2/DLON/H
  177  191  194  197  199  198  197  194  194  198  201  209  213  220  220  223
  219  216  211  208  205  206  203  206  203  206  203  206  206  210  212  215
  215  217  215  215  212  212  212  213  215  216  217  216  214  211  208  207
  204  205  205  208  207  210  206  207  201  200  193  191  186  183  178  176
  173  171  169  167  166  165  173  170  177                                   
    55.0-180.0 180.0   5.0 450.0                            LAT/LON1/LON2/DLON/H
  167  183  191  196  201  198  199  195  198  198  205  209  218  222  227  229
  229  224  219  213  210  206  206  204  204  205  205  207  209  212  214  216
  218  219  218  219  217  217  218  220  223  224  226  224  224  219  217  212
  211  208  209  209  208  208  205  204  199  197  190  188  183  178  174  169
  167  164  162  159  158  158  163  164  167                                   
    52.5-180.0 180.0   5.0 450.0                            LAT/LON1/LON2/DLON/H
  162  178  185  193  199  202  203  203  202  205  208  215  219  227  230  235
  234  232  225  219  213  211  208  211  209  213  211  215  216  220  221  224
  225  227  227  228  228  228  229  229  233  233  236  234  233  230  224  221
  216  215  211  212  208  208  203  203  196  194  186  182  176  172  165  162
  159  156  154  151  150  148  158  156  162                                   
    50.0-180.0 180.0   5.0 450.0                            LAT/LON1/LON2/DLON/H
  156  169  181  190  200  203  208  206  209  209  215  218  225  230  238  242
  245  240  236  227  222  217  217  217  220  221  223  225  227  227  228  229
  231  233  234  237  238  239  239  240  242  242  244  243  244  238  235  228
  225  218  217  211  208  204  200  198  194  192  186  183  178  172  167  161
  158  154  151  147  146  144  149  151  156                                   
    47.5-180.0 180.0   5.0 450.0                            LAT/LON1/LON2/DLON/H
  154  165  174  188  199  208  213  216  216  219  220  224  227  233  239  245
  249  249  245  238  230  228  225  229  230  235  235  237  238  239  238  240
  240  246  248  252  255  255  255  253  253  252  254  253  253  248  242  236
  228  223  216  213  205  203  196  195  189  189  183  181  175  172  165  162
  157  153  149  146  142  138  146  146  154                                   
    45.0-180.0 180.0   5.0 450.0                            LAT/LON1/LON2/DLON/H
  150  158  170  182  198  207  218  221  225  228  231  234  238  243  250  256
  262  261  259  251  244  240  239  241  244  247  249  249  249  248  247  248
  249  257  261  269  272  273  271  269  267  265  263  263  262  258  253  245
  237  229  222  213  208  201  197  194  191  192  189  188  184  181  175  172
  165  161  156  151  146  141  144  143  150                                   
    42.5-180.0 180.0   5.0 450.0                            LAT/LON1/LON2/DLON/H
  151  156  162  178  194  209  222  229  233  238  240  243  246  250  256  264
  270  274  271  267  258  257  253  257  258  261  262  262  262  261  259  263
  265  276  284  293  297  297  294  289  283  278  277  274  274  269  262  254
  244  236  226  218  209  205  197  196  192  194  193  194  191  190  184  181
  175  169  162  157  151  143  150  145  151                                   
    40.0-180.0 180.0   5.0 450.0                            LAT/LON1/LON2/DLON/H
  147  147  155  165  185  201  220  232  242  248  254  259  263  267  272  279
  285  287  286  281  276  272  270  271  272  272  273  273  273  273  273  279
  286  300  310  321  326  324  318  310  302  295  290  288  286  281  273  265
  256  246  236  226  218  211  206  204  201  203  203  206  205  205  199  198
  190  185  176  168  159  151  150  146  147                                   
    37.5-180.0 180.0   5.0 450.0                            LAT/LON1/LON2/DLON/H
  146  145  144  156  174  194  217  233  248  256  266  271  276  277  282  287
  293  299  297  297  289  288  283  284  283  283  286  286  289  291  295  304
  314  331  341  353  357  351  343  330  321  310  306  303  301  294  288  278
  269  259  248  239  229  223  216  216  212  213  214  216  216  217  212  210
  202  195  183  174  162  154  157  151  146                                   
    35.0-180.0 180.0   5.0 450.0                            LAT/LON1/LON2/DLON/H
  143  136  135  141  161  181  209  228  251  265  279  286  293  295  299  300
  305  307  308  306  303  301  298  297  294  294  296  300  307  313  320  332
  345  363  374  387  387  382  370  356  343  332  326  321  318  311  303  294
  284  274  263  253  242  235  228  225  223  224  224  227  228  228  224  221
  214  207  196  184  171  158  155  152  143                                   
    32.5-180.0 180.0   5.0 450.0                            LAT/LON1/LON2/DLON/H
  142  133  126  135  149  174  200  225  251  269  287  296  304  303  306  305
  309  315  315  319  315  317  311  310  308  309  315  322  333  344  352  366
  379  396  406  415  415  407  394  376  365  350  345  338  335  326  319  309
  301  290  279  267  257  250  241  238  232  232  230  233  233  235  229  228
  218  213  199  188  173  162  158  158  142                                   
    30.0-180.0 180.0   5.0 450.0                            LAT/LON1/LON2/DLON/H
  142  127  122  125  142  163  192  216  248  268  288  300  310  313  313  313
  315  320  322  326  325  326  325  325  324  329  336  348  360  376  385  402
  414  429  438  443  442  434  423  406  390  375  366  358  352  342  334  323
  314  299  288  273  263  254  246  242  234  234  231  233  232  232  229  225
  219  212  204  193  181  167  158  158  142                                   
    27.5-180.0 180.0   5.0 450.0                            LAT/LON1/LON2/DLON/H
  144  129  122  128  139  161  186  216  241  268  287  302  310  312  311  310
  313  318  325  330  332  337  337  340  342  351  363  380  393  411  422  436
  448  457  462  460  459  448  440  422  409  393  383  374  366  356  343  332
  320  305  291  276  267  256  249  241  233  227  224  226  223  224  218  217
  210  208  199  192  178  169  160  161  144                                   
    25.0-180.0 180.0   5.0 450.0                            LAT/LON1/LON2/DLON/H
  147  134  127  131  141  160  183  208  234  260  281  298  306  313  310  313
  311  321  325  336  337  345  346  355  360  373  388  407  425  446  459  470
  478  480  479  475  471  462  454  443  430  418  405  393  381  367  351  337
  325  306  293  280  271  261  251  242  227  219  213  213  211  209  204  201
  200  198  196  190  181  168  161  161  147                                   
    22.5-180.0 180.0   5.0 450.0                            LAT/LON1/LON2/DLON/H
  150  139  133  139  145  164  182  208  231  257  276  294  304  308  309  309
  313  317  327  335  343  352  358  369  378  394  411  439  456  480  486  495
  495  491  487  477  475  463  458  447  439  426  416  402  388  371  352  338
  322  310  292  283  265  250  243  231  223  212  204  202  197  194  190  187
  185  188  185  185  175  169  161  162  150                                   
    20.0-180.0 180.0   5.0 450.0                            LAT/LON1/LON2/DLON/H
  150  142  139  147  153  167  184  207  226  252  269  289  297  308  308  316
  315  328  332  345  350  363  371  386  401  420  442  465  485  502  508  510
  506  499  491  484  477  471  464  460  452  444  432  420  401  382  359  343
  325  310  291  278  260  243  232  222  210  200  193  187  183  178  175  171
  173  173  178  177  173  163  159  160  150                                   
    17.5-180.0 180.0   5.0 450.0                            LAT/LON1/LON2/DLON/H
  149  141  139  147  151  168  181  203  221  246  264  282  298  306  314  318
  324  331  339  350  360  375  387  406  421  443  462  489  501  516  515  512
  504  494  488  479  476  468  464  459  453  444  433  418  400  377  354  338
  318  304  281  266  247  234  220  210  200  192  183  179  172  167  162  160
  159  162  163  168  162  159  152  154  149                                   
    15.0-180.0 180.0   5.0 450.0                            LAT/LON1/LON2/DLON/H
  141  134  134  143  152  165  179  198  217  241  258  282  294  310  315  331
  334  351  353  368  374  393  407  427  444  465  485  504  515  525  521  514
  502  494  483  481  475  475  470  468  461  456  444  431  409  388  361  342
  319  301  275  256  236  219  206  196  188  180  174  168  163  156  152  147
  149  149  154  153  151  144  144  146  141                                   
    12.5-180.0 180.0   5.0 450.0                            LAT/LON1/LON2/DLON/H
  135  128  126  135  139  155  169  193  212  236  257  277  295  311  321  335
  346  358  366  379  388  409  426  445  460  479  494  514  519  523  515  507
  497  487  484  480  480  477  473  468  461  454  441  425  404  380  356  335
  312  293  267  247  225  210  196  189  179  175  167  163  156  150  144  140
  139  139  139  140  135  134  132  132  135                                   
    10.0-180.0 180.0   5.0 450.0                            LAT/LON1/LON2/DLON/H
  121  111  114  118  127  136  156  177  202  228  249  274  291  311  324  345
  357  375  381  396  405  428  443  463  473  489  500  512  515  518  512  506
  495  491  485  487  485  484  478  476  467  460  445  432  408  387  361  339
  315  293  266  243  220  204  190  182  173  168  162  156  150  142  138  133
  133  130  129  124  123  119  120  117  121                                   
     7.5-180.0 180.0   5.0 450.0                            LAT/LON1/LON2/DLON/H
  107  103  102  104  108  120  138  164  192  219  246  268  289  310  325  345
  362  378  388  403  417  440  454  469  478  489  498  509  510  510  507  502
