data/unet/pred3100.15i
     1.0            IONOSPHERE MAPS     GNSS                IONEX VERSION / TYPE
pyspatialgeodesy        IME             05-JAN-18 20:20     PGM / RUN BY / DATE 
Map Name                                                    COMMENT             
Predicted global ionosphere maps (GIM).                     DESCRIPTION         
  2015    11     6     0     0     0                        EPOCH OF FIRST MAP  
  2015    11     7     0     0     0                        EPOCH OF LAST MAP   
  7200                                                      INTERVAL            
    13                                                      # OF MAPS IN FILE   
  NONE                                                      MAPPING FUNCTION    
10.0                                                        ELEVATION CUTOFF    
One-way carrier phase leveled to code                       OBSERVABLES USED    
  6371.0                                                    BASE RADIUS         
 2                                                          MAP DIMENSION       
   450.0 450.0   0.0                                        HGT1 / HGT2 / DHGT  
    87.5 -87.5  -2.5                                        LAT1 / LAT2 / DLAT  
  -180.0 180.0   5.0                                        LON1 / LON2 / DLON  
    -1                                                      EXPONENT            
                                                            END OF HEADER       
[from data line 3432]
     9                                                      START OF TEC MAP    
  2015    11     6    16     0     0                        EPOCH OF CURRENT MAP
    87.5-180.0 180.0   5.0 450.0                            LAT/LON1/LON2/DLON/H
   92  103  103  104  102  102  103  104  105  106  107  109  110  112  113  115
  115  117  118  119  119  120  120  121  120  120  120  121  121  121  120  120
  120  119  118  118  116  116  114  114  112  112  111  112  110  111  109  110
  109  109  108  108  107  108  107  107  106  106  105  105  104  104  103  103
  102  102  102  101  101  101  102  116   92                                   
    85.0-180.0 180.0   5.0 450.0                            LAT/LON1/LON2/DLON/H
   69   85   74   78   78   79   80   82   84   86   90   91   95   97  101  102
  107  107  111  111  116  114  117  115  117  114  115  113  113  111  109  108
  106  105  103  102  100   98   97   96   95   94   92   92   91   91   89   90
   88   89   87   88   86   86   85   85   83   84   81   82   80   80   77   78
   75   76   74   75   72   71   74   79   69                                   
    82.5-180.0 180.0   5.0 450.0                            LAT/LON1/LON2/DLON/H
   66   63   59   64   60   64   64   68   69   74   76   80   83   87   90   95
   99  103  107  109  114  114  117  117  118  117  115  115  111  112  107  108
  102  104   98   99   94   94   90   90   86   87   84   85   83   85   84   86
   84   86   84   84   82   83   81   81   78   79   75   76   72   73   69   69
   65   66   62   61   59   54   62   60   66                                   
    80.0-180.0 180.0   5.0 450.0                            LAT/LON1/LON2/DLON/H
   53   50   48   52   49   54   53   59   59   65   67   73   76   82   86   93
   96  104  105  113  113  119  116  121  117  121  114  118  111  113  104  107
   98  101   91   94   86   88   81   83   77   80   75   78   75   78   77   80
   79   82   80   82   81   83   80   81   77   78   72   73   67   69   63   63
   58   59   53   52   48   49   51   50   53                                   
    77.5-180.0 180.0   5.0 450.0                            LAT/LON1/LON2/DLON/H
   42   40   37   36   36   37   41   41   45   46   52   53   60   63   72   77
   88   92  101  105  112  111  117  115  119  113  114  111  109  105  101   98
   93   90   85   81   76   74   71   69   67   65   66   66   67   68   70   72
   75   77   79   80   81   81   81   79   78   75   74   70   68   64   63   58
   56   51   50   44   45   35   38   41   42                                   
    75.0-180.0 180.0   5.0 450.0                            LAT/LON1/LON2/DLON/H
   38   36   36   32   36   34   40   36   43   41   49   48   57   60   70   77
   86   94  100  106  110  114  117  116  118  115  117  112  111  107  103  100
   94   93   84   82   73   71   64   63   60   59   59   59   61   64   67   70
   74   76   80   79   83   81   84   79   80   76   76   71   70   66   65   60
   59   55   53   47   46   41   47   44   38                                   
    72.5-180.0 180.0   5.0 450.0                            LAT/LON1/LON2/DLON/H
   44   41   40   36   38   37   40   39   42   43   47   49   56   61   72   77
   87   95  103  109  116  120  123  122  123  120  118  115  112  108  105  101
   98   93   87   82   74   68   62   57   55   53   54   54   57   59   63   67
   73   77   81   84   84   85   83   82   79   78   75   73   70   69   66   64
   61   60   58   54   52   44   45   47   44                                   
    70.0-180.0 180.0   5.0 450.0                            LAT/LON1/LON2/DLON/H
   47   42   42   36   39   36   41   37   43   41   48   48   58   62   73   80
   89   99  106  115  121  126  128  128  127  123  122  115  114  107  107  103
  100   96   91   86   78   72   63   59   54   51   50   51   53   56   60   64
   69   72   77   79   81   79   81   76   77   72   73   68   69   66   67   63
   64   60   61   55   56   50   52   51   47                                   
    67.5-180.0 180.0   5.0 450.0                            LAT/LON1/LON2/DLON/H
   50   46   46   41   43   42   45   44   48   48   54   54   62   66   78   83
   97  103  116  121  132  136  139  139  137  135  130  127  121  119  115  113
  108  104   98   93   84   77   67   62   54   51   48   49   49   52   55   58
   63   66   69   71   72   72   71   71   68   68   66   66   64   64   63   63
   61   62   60   59   57   50   48   50   50                                   
    65.0-180.0 180.0   5.0 450.0                            LAT/LON1/LON2/DLON/H
   46   43   44   37   40   40   45   42   48   48   56   56   67   72   84   93
  105  113  123  131  142  145  150  148  147  145  140  137  134  130  127  123
  119  113  108  102   94   87   76   70   61   57   51   50   48   51   51   55
   56   59   60   60   62   59   61   56   59   55   58   55   57   55   56   54
   56   53   57   52   53   47   50   48   46                                   
    62.5-180.0 180.0   5.0 450.0                            LAT/LON1/LON2/DLON/H
   37   37   40   35   38   38   42   42   49   50   59   59   73   77   91   96
  111  116  128  137  148  153  159  159  160  155  155  151  150  146  145  141
  137  129  122  114  104   97   85   78   69   63   55   52   48   47   47   49
   49   50   50   50   49   48   49   48   48   48   49   49   49   48   48   47
   47   46   47   46   44   37   39   37   37                                   
    60.0-180.0 180.0   5.0 450.0                            LAT/LON1/LON2/DLON/H
   27   27   33   28   32   33   37   38   44   48   57   64   75   83   94  103
  115  122  135  143  155  159  165  164  165  162  159  162  160  161  160  158
  153  145  136  127  117  108   97   90   80   74   64   60   53   51   47   48
   44   44   40   40   38   37   37   37   39   39   41   40   41   39   39   37
   39   37   40   37   39   33   35   30   27                                   
    57.5-180.0 180.0   5.0 450.0                            LAT/LON1/LON2/DLON/H
   18   22   27   22   26   27   30   32   39   43   56   62   79   84   98  103
  118  124  138  147  158  162  169  168  171  167  169  171  175  177  180  177
  172  162  153  141  129  118  108  101   92   85   77   70   62   56   51   49
   46   42   39   35   34   31   33   33   36   37   39   39   38   36   35   33
   34   33   34   33   32   26   29   21   18                                   
    55.0-180.0 180.0   5.0 450.0                            LAT/LON1/LON2/DLON/H
   18   22   29   21   27   25   29   31   37   44   56   66   79   88  100  106
  121  127  143  151  165  169  176  175  177  175  177  181  186  194  197  197
  192  182  171  157  145  132  122  114  105   99   91   84   76   71   61   58
   51   48   41   39   35   35   34   36   38   40   41   40   40   37   37   33
   35   33   36   34   35   33   37   23   18                                   
    52.5-180.0 180.0   5.0 450.0                            LAT/LON1/LON2/DLON/H
   29   34   35   29   31   29   30   30   36   42   56   67   83   90  103  109
  123  131  147  156  171  174  183  180  185  182  189  196  204  211  217  214
  208  195  183  169  156  143  133  125  118  112  105   99   92   85   78   71
   65   59   55   49   48   44   47   47   50   49   51   49   47   44   42   39
   40   39   41   41   39   39   42   29   29                                   
    50.0-180.0 180.0   5.0 450.0                            LAT/LON1/LON2/DLON/H
   45   49   52   43   46   41   43   39   44   50   63   74   87   96  107  114
  126  134  150  158  172  177  188  188  193  193  202  210  221  228  234  232
  224  209  196  180  169  155  146  136  130  123  117  112  105  100   92   86
   78   74   68   66   62   61   60   61   63   62   62   59   58   54   52   50
   52   50   55   54   56   57   62   49   45                                   
    47.5-180.0 180.0   5.0 450.0                            LAT/LON1/LON2/DLON/H
   69   73   73   65   65   61   57   53   55   60   73   83   97  104  116  121
  134  141  155  163  178  182  195  196  203  205  216  226  238  244  246  241
  231  214  200  184  173  160  153  144  137  131  125  121  116  110  104   99
   94   90   86   83   80   77   77   77   78   76   75   72   69   67   65   64
   64   64   66   70   70   71   78   66   69                                   
    45.0-180.0 180.0   5.0 450.0                            LAT/LON1/LON2/DLON/H
   85   89   85   83   85   78   78   71   76   78   91   98  112  117  128  132
  144  151  163  171  184  191  201  206  213  219  230  240  251  254  254  246
  236  219  205  191  181  169  161  152  145  137  130  126  121  115  109  105
  102  100   97   96   94   92   91   90   89   87   84   81   79   78   77   76
   76   77   80   81   84   86   96   87   85                                   
    42.5-180.0 180.0   5.0 450.0                            LAT/LON1/LON2/DLON/H
   97   99   98   98   98   96   93   89   93   98  109  121  132  136  146  149
  160  164  176  181  193  199  208  215  223  232  243  252  259  257  254  245
  234  218  207  196  187  175  167  157  149  139  132  127  122  115  110  106
  104  102  101  100   98   97   96   96   94   93   89   88   86   87   86   87
   85   86   85   90   89   91  100   92   97                                   
    40.0-180.0 180.0   5.0 450.0                            LAT/LON1/LON2/DLON/H
   93   95   94   99  103  105  108  108  114  123  135  144  156  157  166  168
  177  181  189  195  202  210  216  227  236  245  254  259  262  258  254  245
  234  222  214  207  200  188  179  167  154  141  132  126  118  113  107  103
  101  100   98   98   96   96   95   94   94   91   90   89   90   91   92   91
   90   87   87   87   87   88   97   89   93                                   
    37.5-180.0 180.0   5.0 450.0                            LAT/LON1/LON2/DLON/H
   78   84   87   91   99  104  111  119  128  141  153  165  175  179  184  186
  192  194  200  206  212  217  223  235  245  254  264  267  266  261  257  250
  243  237  233  228  220  208  194  179  163  146  135  126  118  111  104  100
   97   94   93   92   89   90   88   90   87   88   85   88   88   91   92   90
   85   81   78   77   76   75   81   72   78                                   
    35.0-180.0 180.0   5.0 450.0                            LAT/LON1/LON2/DLON/H
   58   66   71   76   88   96  109  119  138  152  171  182  197  199  208  206
  211  213  216  219  222  227  233  245  256  265  273  275  274  271  268  266
  265  265  266  261  254  237  219  197  178  158  142  132  123  116  107  104
   99   98   93   91   87   86   83   84   86   84   85   84   88   90   91   86
   81   74   70   65   65   66   69   57   58                                   
    32.5-180.0 180.0   5.0 450.0                            LAT/LON1/LON2/DLON/H
   36   52   56   60   69   78   93  107  134  152  178  192  209  215  223  223
  227  227  228  228  230  234  240  250  262  271  284  287  290  288  291  295
  302  308  312  308  296  275  250  225  199  177  159  146  137  130  121  115
  110  106  102   97   92   88   86   86   86   87   86   88   89   90   90   85
   77   71   65   60   55   54   55   39   36                                   
    30.0-180.0 180.0   5.0 450.0                            LAT/LON1/LON2/DLON/H
   28   41   47   49   58   71   85  100  125  148  177  195  217  224  236  237
  242  241  240  239  241  244  251  262  273  283  294  304  309  314  321  334
  345  356  359  356  339  314  280  252  224  201  182  169  161  154  149  142
  136  131  124  120  111  108  102  102  101  100   99   99   99   99   96   92
   89   83   78   68   63   59   53   37   28                                   
    27.5-180.0 180.0   5.0 450.0                            LAT/LON1/LON2/DLON/H
   33   42   41   43   47   57   69   87  113  135  172  194  221  232  245  249
  254  251  251  249  251  253  260  269  281  293  309  319  334  342  362  380
  402  412  417  408  388  357  320  285  256  231  213  201  194  191  185  179
  171  164  155  148  140  132  128  123  122  118  116  114  115  111  111  107
  107  103   97   90   78   71   58   33   33                                   
    25.0-180.0 180.0   5.0 450.0                            LAT/LON1/LON2/DLON/H
   47   53   48   37   43   50   71   86  112  134  168  193  222  234  253  256
  266  264  267  264  269  270  276  284  295  308  323  336  353  370  398  427
  451  468  468  460  431  398  356  319  287  264  248  238  235  234  232  227
  220  210  201  189  179  168  160  155  150  147  140  139  136  137  132  133
  127  130  123  119  109   99   85   52   47                                   
    22.5-180.0 180.0   5.0 450.0                            LAT/LON1/LON2/DLON/H
   63   66   61   36   31   36   52   76  109  135  163  189  222  237  257  263
  274  273  279  278  284  282  288  292  306  317  336  349  378  398  443  471
  507  519  521  501  471  435  392  356  321  299  282  273  273  273  275  271
  266  258  248  235  222  205  194  188  184  179  170  167  164  162  166  164
  163  150  149  137  133  116  107   68   63                                   
    20.0-180.0 180.0   5.0 450.0                            LAT/LON1/LON2/DLON/H
   76   81   69   48   37   41   53   72  110  137  167  191  224  240  264  269
  286  285  298  297  305  300  306  307  318  328  346  364  400  428  479  508
  542  556  551  528  492  461  418  385  351  328  315  309  309  313  315  317
  313  308  298  284  263  242  228  219  203  188  180  178  169  166  165  170
  171  173  166  155  146  129  121   92   76                                   
    17.5-180.0 180.0   5.0 450.0                            LAT/LON1/LON2/DLON/H
   80   93   83   54   40   38   52   80  105  142  173  203  230  250  272  281
  298  298  310  309  317  309  315  314  327  336  360  380  422  451  508  532
  570  578  572  542  508  477  442  411  383  359  345  339  341  342  346  346
  347  344  337  323  301  277  258  236  217  201  193  186  180  174  180  177
  187  182  189  173  163  142  131  104   80                                   
    15.0-180.0 180.0   5.0 450.0                            LAT/LON1/LON2/DLON/H
   89   97   87   76   57   56   66   94  125  157  186  211  241  262  285  295
  311  314  326  326  330  323  328  327  339  351  377  401  444  473  525  544
  579  578  569  543  512  491  458  435  410  387  370  363  364  365  367  369
  368  368  361  348  325  301  278  253  232  216  206  200  191  187  187  189
  195  198  190  180  165  143  125  110   89                                   
    12.5-180.0 180.0   5.0 450.0                            LAT/LON1/LON2/DLON/H
   84   97   88   78   66   61   73  105  139  173  203  236  262  286  308  323
  335  338  344  343  344  338  340  343  357  373  399  425  463  489  532  551
  576  572  561  536  517  500  480  460  440  418  397  382  376  373  377  378
  380  379  374  361  337  311  285  261  239  221  208  202  197  196  197  197
  206  198  193  178  166  144  125  103   84                                   
    10.0-180.0 180.0   5.0 450.0                            LAT/LON1/LON2/DLON/H
   75   85   79   73   82   85   97  130  164  199  228  256  281  302  330  346
  361  367  368  367  362  358  359  364  380  400  425  449  483  504  537  547
  565  554  545  529  515  512  495  483  459  437  407  393  374  375  369  377
  376  378  371  358  332  307  280  261  243  224  212  201  196  196  199  199
  197  191  180  162  150  127  115  101   75                                   
     7.5-180.0 180.0   5.0 450.0                            LAT/LON1/LON2/DLON/H
   67   80   69   64   69   78  103  134  174  210  245  274  303  327  356  374
  391  398  398  391  385  377  378  388  407  427  450  473  503  519  544  548
