data/unet/pred2270.15i
     1.0            IONOSPHERE MAPS     GNSS                IONEX VERSION / TYPE
pyspatialgeodesy        IME             05-JAN-18 20:20     PGM / RUN BY / DATE 
Map Name                                                    COMMENT             
Predicted global ionosphere maps (GIM).                     DESCRIPTION         
  2015     8    15     0     0     0                        EPOCH OF FIRST MAP  
  2015     8    16     0     0     0                        EPOCH OF LAST MAP   
  7200                                                      INTERVAL            
    13                                                      # OF MAPS IN FILE   
  NONE                                                      MAPPING FUNCTION    
10.0                                                        ELEVATION CUTOFF    
One-way carrier phase leveled to code                       OBSERVABLES USED    
  6371.0                                                    BASE RADIUS         
 2                                                          MAP DIMENSION       
   450.0 450.0   0.0                                        HGT1 / HGT2 / DHGT  
    87.5 -87.5  -2.5                                        LAT1 / LAT2 / DLAT  
  -180.0 180.0   5.0                                        LON1 / LON2 / DLON  
    -1                                                      EXPONENT            
                                                            END OF HEADER       
[from data line 3003]
     8                                                      START OF TEC MAP    
  2015     8    15    14     0     0                        EPOCH OF CURRENT MAP
    87.5-180.0 180.0   5.0 450.0                            LAT/LON1/LON2/DLON/H
  117  130  137  136  135  135  135  136  136  137  137  138  138  138  138  137
  137  136  136  135  135  134  134  133  133  132  132  131  131  131  130  130
  129  129  128  127  126  125  123  123  121  122  119  120  118  120  118  120
  119  121  120  122  122  124  125  126  126  127  128  129  129  130  129  130
  130  131  131  133  131  135  144  131  117                                   
    85.0-180.0 180.0   5.0 450.0                            LAT/LON1/LON2/DLON/H
  121  125  122  121  123  123  124  124  125  125  126  126  126  126  126  126
  126  126  125  125  124  124  123  123  123  122  121  120  120  119  119  117
  117  115  115  112  112  110  110  108  108  107  107  105  107  106  107  106
  108  108  110  110  111  112  113  114  115  116  116  117  118  118  118  118
  119  119  120  120  122  121  127  129  121                                   
    82.5-180.0 180.0   5.0 450.0                            LAT/LON1/LON2/DLON/H
  126  118  121  121  122  123  124  124  126  126  127  128  128  128  129  128
  128  128  128  127  128  127  127  127  127  126  126  124  124  123  122  120
  118  116  114  111  109  107  105  103  102  100  100  100  100  100  101  102
  102  105  105  108  108  112  111  114  114  117  116  118  117  118  118  119
  119  119  120  120  120  117  126  115  126                                   
    80.0-180.0 180.0   5.0 450.0                            LAT/LON1/LON2/DLON/H
  115  109  110  117  114  118  117  121  120  123  123  125  124  126  125  126
  125  126  125  126  125  128  126  129  127  130  127  129  126  128  123  124
  119  119  113  112  106  106  100  101   97   98   95   97   96   99   99  102
  103  106  106  109  110  112  112  114  114  116  115  116  116  117  115  116
  115  116  114  115  113  111  110  110  115                                   
    77.5-180.0 180.0   5.0 450.0                            LAT/LON1/LON2/DLON/H
  102  100  100  104  106  109  112  114  116  118  120  121  121  121  121  121
  121  120  121  121  122  122  124  125  126  128  128  130  129  129  127  125
  122  119  114  110  105  102   97   97   92   94   91   95   93   98   97  103
  101  106  106  110  109  112  111  113  112  112  111  112  111  111  109  109
  108  108  107  106  104  101  102   99  102                                   
    75.0-180.0 180.0   5.0 450.0                            LAT/LON1/LON2/DLON/H
   95   87   89   95   98  102  107  110  113  115  118  118  120  119  120  118
  118  117  117  116  117  117  120  120  123  124  128  128  130  129  130  127
  125  121  117  112  107  102   98   95   92   91   92   92   95   98  101  103
  106  107  110  109  111  111  113  111  112  111  111  109  109  108  107  105
  104  103  102   98   98   93   92   94   95                                   
    72.5-180.0 180.0   5.0 450.0                            LAT/LON1/LON2/DLON/H
   87   83   80   86   89   95  101  106  110  113  116  118  119  119  118  118
  116  115  114  113  114  114  116  117  120  122  125  128  130  131  131  131
  128  126  121  116  110  106  101   99   94   95   94   98   97  103  104  109
  108  112  111  113  111  113  110  111  108  109  106  106  103  103   99   99
   96   96   93   92   90   85   86   87   87                                   
    70.0-180.0 180.0   5.0 450.0                            LAT/LON1/LON2/DLON/H
   81   71   71   76   81   86   94   98  105  108  113  114  117  116  117  115
  114  112  111  109  110  109  112  113  115  118  121  124  127  128  130  129
  129  126  122  118  112  108  103  100   97   97   98  101  104  108  111  113
  114  113  113  112  110  109  108  106  106  104  104  102  102   99   98   95
   93   90   88   84   84   76   77   80   81                                   
    67.5-180.0 180.0   5.0 450.0                            LAT/LON1/LON2/DLON/H
   73   69   66   68   72   79   86   93   98  104  109  113  115  116  116  115
  113  112  110  109  109  109  112  113  116  118  121  125  128  130  131  132
  130  129  125  121  115  112  107  105  102  105  106  110  111  116  116  119
  118  118  115  114  109  108  105  105  102  103  101  102   99   98   95   93
   88   87   83   81   76   71   70   73   73                                   
    65.0-180.0 180.0   5.0 450.0                            LAT/LON1/LON2/DLON/H
   69   60   59   61   67   71   80   85   93   99  104  109  113  114  115  114
  113  111  110  109  109  109  111  111  113  114  117  120  123  126  129  128
  130  128  126  122  117  114  110  109  107  109  111  114  118  119  122  120
  120  116  113  108  106  103  102  100  100  100  101  100  101   98   96   91
   88   83   81   75   75   67   67   69   69                                   
    62.5-180.0 180.0   5.0 450.0                            LAT/LON1/LON2/DLON/H
   63   60   56   57   61   67   74   80   87   94  100  106  110  113  114  115
  113  113  112  113  113  114  115  115  116  117  118  121  123  126  129  131
  131  131  128  125  120  117  114  115  114  118  120  124  125  127  126  126
  121  120  114  112  105  105  101  103  101  104  104  106  105  102   97   92
   87   84   80   77   71   64   63   64   63                                   
    60.0-180.0 180.0   5.0 450.0                            LAT/LON1/LON2/DLON/H
   62   53   52   53   57   61   68   73   79   85   92   98  105  108  111  112
  113  113  113  114  115  116  116  117  116  117  115  119  121  124  127  130
  132  130  129  126  122  119  117  118  119  122  125  127  129  128  128  125
  122  118  114  111  107  105  104  104  106  107  109  109  109  104  102   94
   90   83   80   74   73   62   63   63   62                                   
    57.5-180.0 180.0   5.0 450.0                            LAT/LON1/LON2/DLON/H
   62   59   53   53   56   61   66   71   76   80   85   93   98  104  108  110
  111  113  114  118  119  121  120  122  120  121  119  122  124  127  130  134
  135  135  133  129  125  122  121  124  126  130  132  135  134  133  130  128
  124  124  119  119  114  115  112  114  113  117  117  119  116  112  106   99
   92   87   81   76   71   63   62   60   62                                   
    55.0-180.0 180.0   5.0 450.0                            LAT/LON1/LON2/DLON/H
   66   56   53   51   56   58   63   66   70   74   78   83   91   96  102  104
  108  109  111  116  116  122  120  124  120  123  120  125  125  129  133  136
  138  138  135  132  127  126  126  128  131  133  137  137  137  133  133  129
  129  128  127  125  124  122  122  120  122  122  123  122  120  114  108   99
   94   86   83   76   76   65   66   64   66                                   
    52.5-180.0 180.0   5.0 450.0                            LAT/LON1/LON2/DLON/H
   68   65   58   57   60   64   66   70   71   75   78   84   88   95  100  104
  107  110  112  117  118  124  122  127  124  127  124  131  131  137  139  143
  143  144  141  138  135  134  134  137  139  142  143  143  141  139  137  137
  136  139  138  140  137  137  133  133  131  132  130  130  124  119  111  104
   95   90   84   81   76   69   69   65   68                                   
    50.0-180.0 180.0   5.0 450.0                            LAT/LON1/LON2/DLON/H
   74   67   63   61   66   65   69   69   71   73   76   80   85   90   97  101
  105  108  109  115  116  122  121  127  125  129  127  134  135  141  143  146
  146  147  145  143  141  140  142  144  146  146  149  147  146  143  143  143
  145  148  149  150  148  146  143  140  139  136  135  131  127  120  112  104
   99   92   91   83   84   73   75   71   74                                   
    47.5-180.0 180.0   5.0 450.0                            LAT/LON1/LON2/DLON/H
   79   76   70   70   72   73   75   77   77   80   82   87   90   96  100  106
  109  113  113  119  120  124  123  129  129  133  133  138  141  145  147  151
  151  153  153  153  153  153  154  157  157  158  157  155  152  152  150  153
  154  160  160  162  158  157  151  148  144  142  138  137  129  123  114  109
  101   99   93   91   86   81   82   77   79                                   
    45.0-180.0 180.0   5.0 450.0                            LAT/LON1/LON2/DLON/H
   85   81   77   75   79   77   81   78   81   82   86   89   94   98  103  108
  112  116  116  121  122  126  125  131  131  137  137  142  143  147  149  152
  154  158  159  161  162  165  167  169  169  169  167  164  161  158  157  159
  162  167  168  166  163  160  155  150  146  142  139  134  129  122  115  109
  107  103  104   96   98   87   89   83   85                                   
    42.5-180.0 180.0   5.0 450.0                            LAT/LON1/LON2/DLON/H
   90   87   83   82   83   83   86   87   89   92   96  101  105  109  113  118
  121  125  126  129  130  132  132  136  139  142  144  146  149  151  153  156
  159  166  170  175  177  181  182  186  185  185  181  178  171  169  165  169
  169  175  172  172  166  163  156  151  146  142  136  133  127  122  116  114
  110  113  108  109  102   98   96   91   90                                   
    40.0-180.0 180.0   5.0 450.0                            LAT/LON1/LON2/DLON/H
   94   91   88   84   86   84   88   87   92   95  101  106  112  116  121  126
  130  134  135  138  138  139  139  143  145  149  149  153  153  156  158  161
  167  174  179  186  190  195  198  203  202  202  197  193  185  181  176  177
  177  180  177  174  167  162  156  150  145  141  136  133  127  123  119  119
  120  122  124  118  116  105  102   96   94                                   
    37.5-180.0 180.0   5.0 450.0                            LAT/LON1/LON2/DLON/H
   98   94   89   86   83   85   87   91   97  102  109  116  123  129  134  138
  144  146  149  149  149  147  148  150  155  155  158  158  162  163  167  172
  177  186  193  202  209  215  219  223  223  222  218  213  205  198  192  191
  187  188  182  178  171  165  159  153  147  143  137  134  129  127  123  126
  127  133  130  130  120  113  108  101   98                                   
    35.0-180.0 180.0   5.0 450.0                            LAT/LON1/LON2/DLON/H
  103   93   89   83   80   79   83   86   93  101  109  120  127  136  141  147
  152  156  157  159  156  157  154  158  159  164  164  168  169  173  178  184
  191  200  210  222  231  240  242  248  246  247  240  234  226  219  212  207
  202  198  191  185  177  171  164  157  152  146  141  136  132  129  128  130
  134  138  140  134  128  116  110  103  103                                   
    32.5-180.0 180.0   5.0 450.0                            LAT/LON1/LON2/DLON/H
  106   97   87   82   76   78   79   86   92  101  110  122  133  143  150  157
  162  166  167  169  164  164  162  162  166  168  174  174  181  184  191  199
  208  220  233  248  256  263  267  270  271  270  267  258  250  242  233  227
  221  214  206  198  191  183  176  169  163  156  149  143  137  134  131  135
  136  142  139  137  126  118  114  106  106                                   
    30.0-180.0 180.0   5.0 450.0                            LAT/LON1/LON2/DLON/H
  110   94   87   80   75   73   75   79   85   94  105  117  131  144  152  161
  166  170  169  173  166  169  164  169  168  175  179  186  192  198  208  217
  229  244  261  277  286  291  291  295  293  296  291  287  277  269  259  252
  243  235  227  217  210  200  191  181  174  165  158  152  145  141  136  138
  139  141  142  135  131  119  115  108  110                                   
    27.5-180.0 180.0   5.0 450.0                            LAT/LON1/LON2/DLON/H
  112  101   86   81   72   74   71   78   81   91  100  113  128  144  155  165
  171  175  175  179  172  173  171  172  177  178  188  194  206  214  224  236
  251  272  289  304  310  313  313  314  317  318  317  312  304  297  287  283
  272  267  255  249  237  226  214  201  190  178  170  161  154  146  140  140
  137  139  137  134  126  121  119  111  112                                   
    25.0-180.0 180.0   5.0 450.0                            LAT/LON1/LON2/DLON/H
  117  100   89   81   75   73   71   72   77   85   96  106  125  140  155  164
  171  177  174  180  171  178  170  175  176  184  194  206  219  229  244  259
  279  299  317  329  333  333  331  333  335  339  338  336  328  325  315  312
  301  297  285  277  261  251  232  220  202  191  179  170  161  153  144  142
  137  136  137  132  129  124  121  117  117                                   
    22.5-180.0 180.0   5.0 450.0                            LAT/LON1/LON2/DLON/H
  119  109   92   85   78   77   70   76   75   85   89  104  120  139  153  166
  172  179  178  183  178  181  178  182  187  192  204  215  231  246  262  282
  301  322  335  344  343  343  343  347  350  354  355  354  349  346  338  336
  324  324  309  305  284  272  250  235  215  200  187  177  165  155  146  141
  135  135  133  131  127  126  126  119  119                                   
    20.0-180.0 180.0   5.0 450.0                            LAT/LON1/LON2/DLON/H
  125  112   99   93   85   81   75   74   76   81   88   98  117  133  151  162
  171  176  177  184  179  183  181  186  192  200  215  228  247  264  284  304
  323  339  348  352  351  349  352  355  361  364  367  366  364  363  356  353
  343  342  327  319  294  281  255  243  220  209  192  183  171  160  150  144
  137  136  134  133  132  133  130  125  125                                   
    17.5-180.0 180.0   5.0 450.0                            LAT/LON1/LON2/DLON/H
  126  121  107   99   91   86   78   80   78   85   87  100  114  134  148  162
  168  178  179  186  185  190  191  197  204  213  226  242  261  282  302  321
  336  347  352  357  355  358  362  369  375  380  381  380  377  375  368  369
  357  359  342  331  305  284  260  244  223  210  197  186  174  162  152  144
  139  137  135  134  133  134  133  128  126                                   
    15.0-180.0 180.0   5.0 450.0                            LAT/LON1/LON2/DLON/H
  129  122  112  107   97   92   85   81   81   85   89   99  115  129  147  158
  167  174  178  185  187  192  197  205  214  224  241  257  279  298  317  333
  344  351  354  356  359  360  369  375  383  386  386  385  382  382  373  376
  364  363  343  331  301  285  255  242  223  216  200  191  179  167  158  151
  145  142  140  139  137  136  132  124  129                                   
    12.5-180.0 180.0   5.0 450.0                            LAT/LON1/LON2/DLON/H
  128  127  113  107   99   93   87   87   84   91   90  104  116  135  146  163
  167  181  182  194  195  206  212  222  230  242  256  276  292  317  329  341
  347  353  357  362  366  374  380  390  393  395  392  391  383  382  373  376
  362  362  341  326  299  278  250  238  223  215  202  193  181  172  164  157
  153  147  145  143  140  135  131  125  128                                   
    10.0-180.0 180.0   5.0 450.0                            LAT/LON1/LON2/DLON/H
  127  121  110  106   96   91   84   82   83   89   92  103  116  131  145  159
  168  180  187  197  204  214  224  236  247  260  277  293  314  330  341  345
  350  351  357  360  369  374  384  389  392  393  387  386  376  376  365  367
  353  348  329  316  288  271  245  236  222  216  200  192  181  173  167  162
  158  153  150  146  142  135  129  121  127                                   
     7.5-180.0 180.0   5.0 450.0                            LAT/LON1/LON2/DLON/H
  127  121  106  100   91   85   81   80   80   90   90  105  115  136  147  167
  174  192  195  212  217  233  241  257  266  283  294  316  327  343  346  350
