data/unet/pred1050.15i
     1.0            IONOSPHERE MAPS     GNSS                IONEX VERSION / TYPE
pyspatialgeodesy        IME             05-JAN-18 20:20     PGM / RUN BY / DATE 
Map Name                                                    COMMENT             
Predicted global ionosphere maps (GIM).                     DESCRIPTION         
  2015     4    15     0     0     0                        EPOCH OF FIRST MAP  
  2015     4    16     0     0     0                        EPOCH OF LAST MAP   
  7200                                                      INTERVAL            
    13                                                      # OF MAPS IN FILE   
  NONE                                                      MAPPING FUNCTION    
10.0                                                        ELEVATION CUTOFF    
One-way carrier phase leveled to code                       OBSERVABLES USED    
  6371.0                                                    BASE RADIUS         
 2                                                          MAP DIMENSION       
   450.0 450.0   0.0                                        HGT1 / HGT2 / DHGT  
    87.5 -87.5  -2.5                                        LAT1 / LAT2 / DLAT  
  -180.0 180.0   5.0                                        LON1 / LON2 / DLON  
    -1                                                      EXPONENT            
                                                            END OF HEADER       
[from data line 1716]
     5                                                      START OF TEC MAP    
  2015     4    15     8     0     0                        EPOCH OF CURRENT MAP
    87.5-180.0 180.0   5.0 450.0                            LAT/LON1/LON2/DLON/H
  164  180  189  197  201  208  206  212  209  213  210  214  211  216  213  218
  216  220  219  222  221  223  222  222  218  216  212  208  206  201  201  197
  199  198  199  200  199  199  197  195  190  186  183  179  175  172  169  167
  165  164  164  165  166  167  169  170  171  172  172  174  173  175  173  176
  176  177  175  177  175  176  178  157  164                                   
    85.0-180.0 180.0   5.0 450.0                            LAT/LON1/LON2/DLON/H
  169  179  175  192  195  201  206  210  213  216  219  221  224  225  229  230
  233  234  236  236  236  237  236  235  232  230  227  221  218  212  212  207
  208  203  208  202  207  200  200  193  188  182  178  173  168  165  160  160
  158  159  159  162  163  166  167  170  171  172  171  172  171  172  170  171
  171  171  168  169  167  165  166  143  169                                   
    82.5-180.0 180.0   5.0 450.0                            LAT/LON1/LON2/DLON/H
  159  160  163  169  174  182  187  193  197  203  206  211  212  217  217  220
  220  223  222  223  222  222  221  219  218  215  214  211  208  206  204  202
  203  201  202  200  202  197  197  189  188  178  177  170  168  162  162  157
  159  157  161  160  166  164  170  166  171  166  168  162  165  159  159  155
  157  152  152  148  150  146  151  147  159                                   
    80.0-180.0 180.0   5.0 450.0                            LAT/LON1/LON2/DLON/H
  152  153  147  156  161  167  176  178  186  188  194  195  198  199  199  199
  199  198  198  196  197  194  195  191  190  187  186  184  183  181  182  182
  186  184  190  187  194  187  191  184  184  178  177  173  171  167  167  165
  166  168  170  172  175  177  179  180  181  178  176  172  172  166  164  160
  158  153  150  148  146  137  140  135  152                                   
    77.5-180.0 180.0   5.0 450.0                            LAT/LON1/LON2/DLON/H
  146  148  142  148  149  159  160  170  169  176  175  180  178  181  178  180
  176  177  174  176  172  176  171  173  168  168  166  167  164  168  169  175
  178  182  186  188  192  189  194  189  194  190  195  191  194  191  195  192
  196  197  202  204  207  209  211  212  213  210  208  204  202  195  190  185
  181  174  166  157  152  142  142  137  146                                   
    75.0-180.0 180.0   5.0 450.0                            LAT/LON1/LON2/DLON/H
  152  145  140  142  144  150  155  158  161  162  163  162  162  160  159  156
  154  152  151  149  149  148  147  145  142  141  139  143  142  147  154  159
  169  171  182  181  191  188  197  195  205  202  212  210  217  214  221  219
  225  227  235  235  240  239  244  241  243  238  236  233  230  226  219  216
  208  201  190  181  172  154  152  149  152                                   
    72.5-180.0 180.0   5.0 450.0                            LAT/LON1/LON2/DLON/H
  160  149  141  140  140  144  147  151  150  151  149  147  141  139  135  132
  128  126  125  125  126  126  126  125  124  124  125  129  133  140  147  158
  166  175  182  189  194  199  207  208  218  218  230  229  241  238  248  245
  251  251  258  258  261  260  262  261  261  259  255  255  252  251  244  242
  236  230  219  208  198  179  167  161  160                                   
    70.0-180.0 180.0   5.0 450.0                            LAT/LON1/LON2/DLON/H
  169  153  142  140  140  142  145  147  148  145  144  138  135  128  124  119
  116  114  115  117  116  118  115  116  112  114  113  119  122  135  141  156
  165  175  184  190  200  203  213  215  226  227  243  245  259  257  268  265
  271  270  275  273  272  270  267  267  265  266  264  267  266  268  261  260
  254  249  240  232  221  199  182  177  169                                   
    67.5-180.0 180.0   5.0 450.0                            LAT/LON1/LON2/DLON/H
  175  158  145  137  135  136  140  141  142  138  137  131  126  120  115  110
  105  104  102  104  106  105  106  102  103  101  104  107  117  126  139  150
  164  174  185  193  203  211  221  227  238  245  260  265  279  278  286  283
  283  283  281  278  272  269  264  264  261  264  261  267  266  268  264  264
  260  258  251  244  235  218  197  186  175                                   
    65.0-180.0 180.0   5.0 450.0                            LAT/LON1/LON2/DLON/H
  183  162  147  139  136  134  138  138  141  139  138  130  126  117  112  107
  104  105  104  112  105  113  103  107   99  100   99  105  109  125  135  153
  164  179  187  198  206  214  225  230  245  255  270  280  292  295  300  298
  295  293  287  282  271  265  259  257  255  257  257  260  259  261  257  259
  257  257  255  250  246  226  207  199  183                                   
    62.5-180.0 180.0   5.0 450.0                            LAT/LON1/LON2/DLON/H
  192  171  154  139  132  128  129  129  133  131  131  127  123  119  113  109
  107  108  109  113  113  113  109  104   98   95   94   96  104  115  131  146
  164  178  189  198  207  216  227  238  254  267  282  294  307  312  315  313
  308  306  297  292  278  271  262  260  255  256  253  255  253  254  251  252
  251  252  252  250  247  235  217  206  192                                   
    60.0-180.0 180.0   5.0 450.0                            LAT/LON1/LON2/DLON/H
  202  180  163  147  137  126  126  122  125  124  126  123  122  117  114  109
  108  108  111  113  116  114  109  104   97   93   89   94   97  114  123  147
  159  178  186  198  207  218  231  240  257  270  288  301  316  319  324  320
  318  313  306  298  282  274  264  259  255  252  250  249  247  243  239  238
  238  239  243  243  246  235  219  220  202                                   
    57.5-180.0 180.0   5.0 450.0                            LAT/LON1/LON2/DLON/H
  221  200  181  160  145  130  123  115  116  113  116  115  114  113  110  110
  109  110  111  114  114  113  107  103   95   92   88   92   96  107  123  139
  158  171  186  195  207  217  232  241  259  272  290  305  316  323  326  327
  325  325  318  313  296  290  278  274  266  264  259  257  253  247  241  237
  236  236  238  241  245  242  231  230  221                                   
    55.0-180.0 180.0   5.0 450.0                            LAT/LON1/LON2/DLON/H
  244  224  208  185  167  143  131  115  111  106  108  106  108  106  106  107
  106  108  107  110  108  107  101   96   89   87   84   87   90  102  112  135
  148  169  179  195  204  219  232  244  264  276  299  308  323  325  335  334
  340  340  341  336  326  315  305  296  290  285  281  277  272  262  254  245
  243  240  244  246  254  248  243  253  244                                   
    52.5-180.0 180.0   5.0 450.0                            LAT/LON1/LON2/DLON/H
  276  255  239  219  197  168  148  126  114  104  100   99   99  101   99  103
  102  105  104  104  102  101   95   93   88   87   87   87   92   99  115  130
  151  165  181  193  207  222  239  253  273  287  305  317  327  334  342  347
  354  359  362  363  355  349  337  329  319  313  307  301  296  284  275  263
  259  253  255  256  262  264  262  269  276                                   
    50.0-180.0 180.0   5.0 450.0                            LAT/LON1/LON2/DLON/H
  296  276  268  245  230  198  175  146  126  110  102   97   97   97   97   99
   99  100   99   99   95   94   89   88   83   85   84   88   90  103  112  135
  147  169  181  197  211  226  248  260  287  299  322  328  343  347  360  366
  376  382  389  389  387  379  371  358  352  342  338  331  324  315  304  294
  286  279  276  275  278  273  278  290  296                                   
    47.5-180.0 180.0   5.0 450.0                            LAT/LON1/LON2/DLON/H
  312  290  286  273  252  226  203  169  145  124  109  102   97   99   95   99
   96   99   96   96   93   92   91   91   92   93   96   96  103  107  123  138
  158  175  192  205  222  238  260  276  300  316  338  347  359  366  376  385
  394  402  408  411  409  404  391  381  368  361  354  348  343  334  324  315
  307  300  292  289  286  284  291  295  312                                   
    45.0-180.0 180.0   5.0 450.0                            LAT/LON1/LON2/DLON/H
  311  291  293  282  271  247  228  197  170  147  126  115  107  105  101  103
  100  102  100   98   97   94   95   93   97   98  100  104  104  117  125  151
  161  185  195  213  228  244  268  286  314  332  354  364  381  388  403  408
  420  424  431  433  433  426  415  399  388  373  367  359  354  347  339  333
  325  318  309  301  294  285  288  295  311                                   
    42.5-180.0 180.0   5.0 450.0                            LAT/LON1/LON2/DLON/H
  301  272  276  277  269  251  240  212  190  165  144  131  120  117  111  113
  109  111  107  106  102  101  101  104  107  111  114  115  121  126  141  155
  175  188  208  221  240  257  281  302  329  349  370  383  402  411  427  432
  441  446  450  454  451  447  432  418  397  384  369  362  354  349  344  342
  336  332  318  308  291  277  273  273  301                                   
    40.0-180.0 180.0   5.0 450.0                            LAT/LON1/LON2/DLON/H
  271  239  246  245  251  240  236  218  203  183  164  151  138  133  124  126
  120  123  119  118  115  111  112  111  115  115  120  120  126  134  148  165
  180  197  212  227  246  263  291  314  345  365  389  403  424  433  451  456
  468  470  476  478  477  471  460  444  421  400  382  369  358  352  345  343
  339  334  322  307  287  261  245  242  271                                   
    37.5-180.0 180.0   5.0 450.0                            LAT/LON1/LON2/DLON/H
  228  198  198  196  204  202  209  201  197  184  172  163  150  146  138  139
  136  138  134  131  127  122  120  119  120  120  122  124  129  137  153  167
  186  200  219  235  255  279  306  332  361  386  410  428  448  461  475  486
  494  501  504  508  504  504  492  479  458  433  408  385  368  358  348  349
  343  343  325  309  280  249  229  207  228                                   
    35.0-180.0 180.0   5.0 450.0                            LAT/LON1/LON2/DLON/H
  190  174  156  157  157  166  171  177  177  178  175  171  163  160  150  155
  148  152  146  145  140  134  132  126  128  124  127  125  133  139  157  172
  187  205  219  237  261  288  321  349  382  407  433  452  471  483  502  510
  525  534  543  550  556  566  571  564  543  509  468  435  403  386  371  366
  362  357  343  323  291  254  231  204  190                                   
    32.5-180.0 180.0   5.0 450.0                            LAT/LON1/LON2/DLON/H
  186  161  148  129  127  130  138  146  153  160  162  167  165  166  160  164
  160  162  158  154  149  143  139  133  132  128  129  126  133  138  155  167
  190  202  222  241  269  305  337  371  400  432  457  479  493  513  527  546
  566  584  610  623  630  633  634  626  617  595  571  526  490  448  419  407
  399  396  384  365  335  299  261  223  186                                   
    30.0-180.0 180.0   5.0 450.0                            LAT/LON1/LON2/DLON/H
  218  188  156  129  112  120  117  129  133  146  154  164  167  170  166  172
  166  170  164  163  158  152  147  141  139  135  134  132  135  139  154  171
  191  208  230  252  282  320  358  392  424  459  485  502  518  532  553  571
  604  638  661  685  704  725  731  738  725  709  670  635  591  552  511  491
  478  466  450  435  400  373  305  274  218                                   
    27.5-180.0 180.0   5.0 450.0                            LAT/LON1/LON2/DLON/H
  309  263  216  167  139  130  130  132  134  140  148  159  163  170  166  171
  168  169  167  164  163  158  157  152  150  144  143  138  137  138  151  166
  190  214  237  263  294  335  371  408  437  474  497  523  532  556  574  606
  651  688  723  757  782  818  830  853  844  838  804  761  705  656  612  585
  564  549  528  501  483  459  407  359  309                                   
    25.0-180.0 180.0   5.0 450.0                            LAT/LON1/LON2/DLON/H
  425  372  316  260  215  193  172  165  159  162  164  170  172  176  172  174
  170  170  166  168  166  165  165  162  160  154  150  146  140  141  154  167
  202  222  261  281  316  350  387  420  449  483  508  531  547  570  598  635
  691  729  779  818  857  899  931  965  971  968  936  900  838  779  727  690
  662  636  611  592  570  563  511  463  425                                   
    22.5-180.0 180.0   5.0 450.0                            LAT/LON1/LON2/DLON/H
  534  506  433  368  331  290  247  226  206  200  195  194  192  189  180  178
  169  167  163  165  168  171  176  176  175  167  158  151  145  148  163  182
  208  244  271  299  326  359  387  423  452  487  510  540  554  586  616  667
  715  767  813  861  902  949  986 1023 1041 1044 1021  987  940  884  831  789
  758  732  701  677  650  634  593  540  534                                   
    20.0-180.0 180.0   5.0 450.0                            LAT/LON1/LON2/DLON/H
  598  592  549  502  440  392  351  311  267  251  240  235  225  214  199  187
  175  169  165  166  171  175  181  184  181  174  162  154  149  147  162  177
  216  247  283  311  338  369  394  425  455  488  514  538  558  585  625  662
  725  761  814  856  900  939  978 1020 1041 1058 1047 1027  991  947  899  857
  827  796  773  737  714  689  652  616  598                                   
    17.5-180.0 180.0   5.0 450.0                            LAT/LON1/LON2/DLON/H
  633  633  610  592  562  498  439  389  352  318  289  278  263  244  223  206
  186  175  166  165  170  178  185  191  189  178  163  157  152  153  164  186
  215  257  276  311  332  363  387  420  450  483  509  535  556  587  619  659
  710  746  791  824  863  890  929  959  993 1007 1020 1009  997  963  933  894
  866  835  807  772  739  710  674  648  633                                   
    15.0-180.0 180.0   5.0 450.0                            LAT/LON1/LON2/DLON/H
  637  643  632  635  616  576  513  455  411  379  343  313  292  271  251  229
  206  189  175  171  173  184  192  198  197  185  166  158  151  144  152  177
  206  247  273  313  330  367  389  421  454  487  516  541  567  598  632  663
  709  737  770  795  821  843  865  893  918  941  959  966  965  950  927  901
  869  843  808  773  731  699  664  635  637                                   
    12.5-180.0 180.0   5.0 450.0                            LAT/LON1/LON2/DLON/H
  608  620  624  633  629  612  568  508  463  423  390  352  318  293  272  249
  225  206  191  181  178  184  191  194  190  178  157  151  138  134  140  167
  194  236  259  299  319  355  377  414  451  491  521  557  587  623  650  681
  713  737  762  774  789  793  806  819  838  862  883  904  912  914  900  886
  855  838  795  756  708  661  625  598  608                                   
    10.0-180.0 180.0   5.0 450.0                            LAT/LON1/LON2/DLON/H
  569  582  590  611  611  606  572  532  487  449  424  374  340  298  278  255
  241  224  208  194  185  188  189  188  180  166  152  137  129  116  130  159
  199  234  266  300  322  350  373  410  449  489  524  563  604  637  667  689
  720  733  753  758  767  765  769  772  783  797  820  846  863  880  869  864
  838  823  782  741  682  631  591  551  569                                   
     7.5-180.0 180.0   5.0 450.0                            LAT/LON1/LON2/DLON/H
  535  554  559  579  579  569  551  523  496  457  439  393  351  311  286  265
  254  235  223  207  194  187  188  179  170  160  143  131  112  111  122  154
