data/unet/pred1380.15i
     1.0            IONOSPHERE MAPS     GNSS                IONEX VERSION / TYPE
pyspatialgeodesy        IME             05-JAN-18 20:20     PGM / RUN BY / DATE 
Map Name                                                    COMMENT             
Predicted global ionosphere maps (GIM).                     DESCRIPTION         
  2015     5    18     0     0     0                        EPOCH OF FIRST MAP  
  2015     5    19     0     0     0                        EPOCH OF LAST MAP   
  7200                                                      INTERVAL            
    13                                                      # OF MAPS IN FILE   
  NONE                                                      MAPPING FUNCTION    
10.0                                                        ELEVATION CUTOFF    
One-way carrier phase leveled to code                       OBSERVABLES USED    
  6371.0                                                    BASE RADIUS         
 2                                                          MAP DIMENSION       
   450.0 450.0   0.0                                        HGT1 / HGT2 / DHGT  
    87.5 -87.5  -2.5                                        LAT1 / LAT2 / DLAT  
  -180.0 180.0   5.0                                        LON1 / LON2 / DLON  
    -1                                                      EXPONENT            
                                                            END OF HEADER       
[from data line 1287]
     4                                                      START OF TEC MAP    
  2015     5    18     6     0     0                        EPOCH OF CURRENT MAP
    87.5-180.0 180.0   5.0 450.0                            LAT/LON1/LON2/DLON/H
  224  240  230  232  234  233  233  233  233  232  232  230  231  228  229  226
  227  224  226  223  225  223  225  223  226  225  229  229  234  236  241  243
  245  248  249  251  251  252  253  254  253  254  254  255  254  255  254  255
  252  252  251  250  247  246  244  243  241  239  237  236  235  234  232  232
  232  231  231  229  230  226  243  237  224                                   
    85.0-180.0 180.0   5.0 450.0                            LAT/LON1/LON2/DLON/H
  233  229  224  228  233  226  231  225  231  224  229  223  228  222  226  220
  224  220  224  221  224  222  225  223  225  224  228  228  232  233  239  240
  244  243  248  247  249  249  252  251  253  252  255  254  256  255  257  255
  256  254  255  252  251  248  248  245  245  240  240  235  237  232  233  228
  232  227  229  223  227  215  227  230  233                                   
    82.5-180.0 180.0   5.0 450.0                            LAT/LON1/LON2/DLON/H
  224  229  222  227  225  224  224  222  223  221  222  220  223  221  221  220
  222  221  223  223  224  225  224  226  225  227  228  230  231  234  236  239
  240  242  243  247  246  250  250  255  253  258  257  261  259  262  261  263
  261  262  261  261  259  258  256  254  253  249  246  242  242  237  235  232
  233  229  228  224  224  219  217  219  224                                   
    80.0-180.0 180.0   5.0 450.0                            LAT/LON1/LON2/DLON/H
  235  230  223  220  219  219  218  216  214  211  212  211  214  214  216  217
  219  221  221  225  223  224  220  222  218  218  215  216  214  217  218  222
  224  228  231  235  238  242  245  249  251  253  257  259  261  262  265  266
  266  267  267  268  266  265  263  263  260  257  251  249  246  242  237  235
  233  230  227  224  223  216  223  219  235                                   
    77.5-180.0 180.0   5.0 450.0                            LAT/LON1/LON2/DLON/H
  233  228  222  218  215  216  213  209  206  202  202  201  204  205  208  210
  213  215  218  218  218  215  213  208  204  200  198  195  196  197  202  207
  211  217  223  229  232  238  241  247  248  255  256  264  263  271  270  277
  274  279  277  281  277  279  275  276  273  271  265  263  260  256  251  248
  246  243  239  235  233  227  230  222  233                                   
    75.0-180.0 180.0   5.0 450.0                            LAT/LON1/LON2/DLON/H
  244  237  228  223  219  217  212  207  201  197  194  193  195  197  200  202
  205  208  212  214  211  209  203  198  189  184  180  179  178  181  187  194
  202  210  219  226  232  237  243  248  252  258  263  270  273  280  283  288
  288  291  291  292  291  290  288  288  285  284  278  277  273  270  263  261
  256  254  248  246  242  237  240  230  244                                   
    72.5-180.0 180.0   5.0 450.0                            LAT/LON1/LON2/DLON/H
  250  246  233  229  223  218  210  202  195  188  184  181  181  181  184  186
  192  194  202  201  202  196  193  183  177  170  167  165  166  170  177  186
  197  208  218  227  233  239  245  251  256  264  269  279  282  292  293  300
  299  304  301  304  299  302  296  298  293  294  288  287  283  280  272  268
  262  260  254  252  251  249  250  242  250                                   
    70.0-180.0 180.0   5.0 450.0                            LAT/LON1/LON2/DLON/H
  263  257  241  235  228  223  214  206  197  189  183  178  176  175  177  179
  182  187  194  197  197  193  188  180  171  166  160  160  161  167  176  187
  201  212  225  233  240  246  252  259  264  273  280  290  294  303  305  309
  309  310  309  309  306  305  301  301  298  297  292  288  286  280  274  268
  265  262  259  258  258  254  256  251  263                                   
    67.5-180.0 180.0   5.0 450.0                            LAT/LON1/LON2/DLON/H
  270  261  245  238  231  225  216  207  197  189  181  174  169  166  166  167
  170  176  183  187  188  185  181  174  166  161  156  157  160  168  177  193
  206  220  230  239  244  250  255  262  268  278  286  297  302  310  312  317
  315  317  313  313  306  306  298  301  293  297  287  290  283  282  275  271
  267  266  264  265  265  263  263  260  270                                   
    65.0-180.0 180.0   5.0 450.0                            LAT/LON1/LON2/DLON/H
  280  268  249  239  231  225  216  208  198  190  182  175  169  164  162  162
  165  169  176  180  183  181  177  171  162  156  153  154  160  168  181  195
  212  222  236  242  250  253  259  266  275  284  294  303  310  316  320  322
  321  321  317  315  310  307  301  301  297  297  292  292  290  286  282  274
  272  266  266  265  269  264  264  265  280                                   
    62.5-180.0 180.0   5.0 450.0                            LAT/LON1/LON2/DLON/H
  288  273  256  243  234  223  215  205  197  189  184  176  170  162  159  156
  157  160  165  170  171  171  166  161  153  149  146  150  157  168  179  197
  211  224  235  244  250  255  261  270  279  289  299  308  316  321  326  327
  327  327  323  321  314  313  304  306  298  300  292  294  289  289  284  282
  278  274  273  270  273  271  276  276  288                                   
    60.0-180.0 180.0   5.0 450.0                            LAT/LON1/LON2/DLON/H
  295  280  258  245  233  223  214  205  196  189  184  177  169  161  155  149
  147  147  153  156  158  157  155  149  146  141  143  144  155  163  177  188
  207  216  232  237  247  249  260  266  282  290  304  311  322  326  331  333
  332  334  331  331  324  324  317  319  312  313  306  306  299  297  290  286
  283  278  276  274  277  274  278  284  295                                   
    57.5-180.0 180.0   5.0 450.0                            LAT/LON1/LON2/DLON/H
  302  288  271  256  245  231  221  208  198  189  184  176  170  160  154  147
  143  141  142  144  144  144  141  137  133  133  134  137  147  157  168  181
  194  207  219  230  238  247  258  269  284  296  309  318  327  332  337  340
  342  344  343  344  340  340  335  337  331  332  324  323  314  310  300  298
  292  290  286  283  287  284  291  297  302                                   
    55.0-180.0 180.0   5.0 450.0                            LAT/LON1/LON2/DLON/H
  314  304  286  275  262  247  233  219  205  192  183  174  165  157  148  142
  136  134  134  135  135  134  133  129  128  126  130  133  142  149  161  168
  185  194  214  221  237  243  261  270  290  299  317  324  335  339  345  351
  353  360  359  362  358  361  356  359  355  356  352  348  340  333  322  317
  308  306  299  299  299  294  299  312  314                                   
    52.5-180.0 180.0   5.0 450.0                            LAT/LON1/LON2/DLON/H
  325  317  311  301  290  273  257  236  217  198  185  171  163  154  148  140
  135  130  129  128  127  125  125  121  122  121  126  129  140  146  157  165
  179  193  208  222  236  250  264  278  295  310  323  334  343  350  356  364
  370  378  380  383  381  382  379  382  378  379  373  371  360  354  341  336
  326  324  318  317  318  311  315  325  325                                   
    50.0-180.0 180.0   5.0 450.0                            LAT/LON1/LON2/DLON/H
  340  339  333  331  325  309  290  265  239  213  192  176  161  155  144  142
  135  132  132  132  130  130  128  127  125  126  130  135  142  149  158  165
  182  192  213  223  245  254  275  285  309  319  338  345  358  366  373  383
  388  400  400  404  401  402  398  400  398  400  396  391  384  374  365  357
  351  347  344  342  342  329  330  342  340                                   
    47.5-180.0 180.0   5.0 450.0                            LAT/LON1/LON2/DLON/H
  350  352  358  358  359  345  327  295  263  230  204  179  167  155  149  144
  140  137  136  135  134  131  132  130  132  133  140  143  153  158  167  175
  188  204  219  236  252  268  284  301  319  334  351  362  374  382  392  402
  409  419  421  423  419  417  411  412  407  410  405  403  395  389  379  376
  370  369  365  362  361  346  345  350  350                                   
    45.0-180.0 180.0   5.0 450.0                            LAT/LON1/LON2/DLON/H
  361  366  372  377  380  371  356  327  288  254  220  193  170  162  150  150
  145  146  145  146  144  145  141  143  143  147  153  159  167  172  180  187
  203  215  235  247  267  276  299  310  334  345  367  380  397  407  419  431
  437  446  444  446  437  432  423  420  417  419  416  414  407  402  397  393
  390  387  385  379  380  358  352  361  361                                   
    42.5-180.0 180.0   5.0 450.0                            LAT/LON1/LON2/DLON/H
  362  368  371  378  381  379  364  342  304  268  234  205  184  169  163  160
  158  158  158  157  157  156  156  158  161  166  173  180  187  194  200  209
  220  235  248  263  275  291  306  324  342  362  380  398  414  429  442  455
  462  467  465  462  452  443  431  427  422  425  423  420  415  408  406  403
  403  399  397  389  386  365  360  360  362                                   
    40.0-180.0 180.0   5.0 450.0                            LAT/LON1/LON2/DLON/H
  362  359  358  363  365  364  354  339  310  278  246  222  195  187  173  175
  170  172  173  174  171  172  170  174  178  185  192  200  208  212  216  224
  233  246  259  269  283  294  315  329  353  370  393  411  430  449  464  478
  486  492  489  484  474  463  451  445  443  445  443  441  431  426  420  421
  420  416  412  401  398  374  363  366  362                                   
    37.5-180.0 180.0   5.0 450.0                            LAT/LON1/LON2/DLON/H
  355  348  338  339  337  335  327  319  298  276  248  230  208  199  190  187
  185  185  188  188  187  186  186  191  196  206  212  222  227  232  234  240
  247  257  265  273  283  296  314  334  355  378  398  419  438  458  476  492
  500  506  506  502  495  488  479  477  475  477  475  470  460  450  446  442
  444  437  432  418  412  388  374  368  355                                   
    35.0-180.0 180.0   5.0 450.0                            LAT/LON1/LON2/DLON/H
  371  350  330  315  309  300  295  286  274  259  242  231  217  212  204  204
  203  202  204  205  204  204  206  213  219  226  230  237  241  246  245  252
  251  261  264  272  281  292  313  333  357  380  402  424  443  466  485  505
  517  526  528  530  527  525  521  524  528  530  530  522  513  501  494  487
  487  477  474  460  453  431  414  397  371                                   
    32.5-180.0 180.0   5.0 450.0                            LAT/LON1/LON2/DLON/H
  397  375  341  312  291  274  261  248  242  236  229  226  218  218  213  216
  214  215  217  219  219  225  229  237  242  248  249  252  255  255  257  255
  254  252  255  260  270  285  308  329  356  378  402  423  444  467  491  515
  531  545  557  566  576  582  589  595  605  608  610  597  585  565  557  541
  537  525  521  509  505  486  468  440  397                                   
    30.0-180.0 180.0   5.0 450.0                            LAT/LON1/LON2/DLON/H
  446  415  372  330  291  265  242  228  222  220  221  223  223  222  224  226
  228  229  233  236  240  249  257  266  271  273  271  270  266  265  258  253
  241  237  235  245  259  281  303  326  351  373  396  418  441  467  495  524
  546  569  596  612  628  643  655  662  673  676  680  671  664  647  638  623
  608  593  583  574  573  556  544  503  446                                   
    27.5-180.0 180.0   5.0 450.0                            LAT/LON1/LON2/DLON/H
  501  471  431  380  333  292  259  235  224  220  224  230  229  232  231  237
  238  242  243  252  256  272  284  295  296  295  288  278  273  262  254  239
  229  220  225  231  250  271  295  319  345  366  389  410  435  462  492  525
  553  591  628  658  693  722  742  752  761  761  763  753  746  729  717  694
  677  665  660  653  657  641  629  575  501                                   
    25.0-180.0 180.0   5.0 450.0                            LAT/LON1/LON2/DLON/H
  571  539  497  441  395  341  295  267  246  242  240  246  243  244  243  247
  250  254  257  267  277  295  310  321  323  320  304  291  270  259  242  226
  209  205  209  221  238  261  282  309  334  357  378  398  424  454  485  523
  560  606  644  689  737  773  796  815  824  828  829  821  815  797  786  757
  737  713  713  713  723  707  702  657  571                                   
    22.5-180.0 180.0   5.0 450.0                            LAT/LON1/LON2/DLON/H
  637  604  572  509  458  408  365  327  301  286  277  276  268  268  264  267
  267  271  273  284  297  316  329  342  343  336  319  294  272  251  235  219
  203  196  200  215  236  259  276  299  325  349  371  390  415  443  478  520
  559  616  655  714  765  805  829  850  860  866  865  864  857  848  835  809
  785  763  759  767  777  765  753  726  637                                   
    20.0-180.0 180.0   5.0 450.0                            LAT/LON1/LON2/DLON/H
  686  659  623  569  525  475  432  397  363  340  317  316  296  295  286  288
  285  287  289  298  312  329  344  356  356  344  319  294  265  244  222  205
  185  177  181  198  221  248  265  289  318  340  367  388  412  444  480  521
  569  615  660  711  764  801  823  843  854  860  864  864  867  860  855  830
  812  784  783  784  805  792  782  768  686                                   
    17.5-180.0 180.0   5.0 450.0                            LAT/LON1/LON2/DLON/H
  712  698  676  622  590  541  502  462  425  398  372  352  335  324  313  312
  307  309  306  312  322  338  351  362  357  340  311  287  259  244  218  198
  176  168  171  188  212  239  262  286  318  344  369  391  412  449  487  538
  577  628  663  708  747  781  796  814  819  831  833  844  845  855  846  836
  814  799  792  799  812  807  797  783  712                                   
    15.0-180.0 180.0   5.0 450.0                            LAT/LON1/LON2/DLON/H
  709  706  682  654  623  588  551  517  481  453  421  397  370  355  338  336
  325  323  319  323  327  340  352  355  344  323  290  264  233  214  190  172
  153  149  152  173  195  227  253  282  316  346  378  400  428  461  506  550
  589  625  661  692  723  745  760  774  779  784  792  801  816  827  832  825
  810  797  794  793  804  793  787  773  709                                   
    12.5-180.0 180.0   5.0 450.0                            LAT/LON1/LON2/DLON/H
  684  680  667  641  625  598  576  546  518  492  462  429  402  378  356  352
  339  337  327  329  330  338  341  340  320  295  249  231  199  183  162  145
  127  127  135  152  183  213  249  283  319  354  384  415  437  479  520  569
  601  639  661  685  703  724  730  746  750  757  759  773  784  802  806  810
  793  795  784  786  781  771  766  749  684                                   
    10.0-180.0 180.0   5.0 450.0                            LAT/LON1/LON2/DLON/H
  655  644  625  611  592  581  563  545  527  505  484  451  425  400  379  367
  358  347  337  335  333  336  328  313  279  246  211  188  169  151  135  121
  107  111  116  135  161  202  234  280  318  358  394  425  452  486  533  575
  610  643  663  677  692  705  714  723  735  741  742  758  768  788  793  800
  788  788  780  772  766  749  740  723  655                                   
     7.5-180.0 180.0   5.0 450.0                            LAT/LON1/LON2/DLON/H
  629  605  585  564  545  537  526  516  508  495  483  459  438  414  393  382
  367  360  342  339  328  324  304  280  238  208  174  157  144  134  118  105
