data/unet/pred2940.15i
     1.0            IONOSPHERE MAPS     GNSS                IONEX VERSION / TYPE
pyspatialgeodesy        IME             05-JAN-18 20:20     PGM / RUN BY / DATE 
Map Name                                                    COMMENT             
Predicted global ionosphere maps (GIM).                     DESCRIPTION         
  2015    10    21     0     0     0                        EPOCH OF FIRST MAP  
  2015    10    22     0     0     0                        EPOCH OF LAST MAP   
  7200                                                      INTERVAL            
    13                                                      # OF MAPS IN FILE   
  NONE                                                      MAPPING FUNCTION    
10.0                                                        ELEVATION CUTOFF    
One-way carrier phase leveled to code                       OBSERVABLES USED    
  6371.0                                                    BASE RADIUS         
 2                                                          MAP DIMENSION       
   450.0 450.0   0.0                                        HGT1 / HGT2 / DHGT  
    87.5 -87.5  -2.5                                        LAT1 / LAT2 / DLAT  
  -180.0 180.0   5.0                                        LON1 / LON2 / DLON  
    -1                                                      EXPONENT            
                                                            END OF HEADER       
[from data line 4719]
    12                                                      START OF TEC MAP    
  2015    10    21    22     0     0                        EPOCH OF CURRENT MAP
    87.5-180.0 180.0   5.0 450.0                            LAT/LON1/LON2/DLON/H
  169  115   95   98   98   98   99  100  101  102  103  104  105  106  106  106
  106  105  104  104  102  101   99   98   96   95   93   91   89   88   86   84
   83   81   80   78   78   76   76   74   75   74   75   74   75   75   76   76
   78   78   79   80   81   81   83   83   85   85   86   86   87   88   88   89
   89   90   91   92   93   93   97  138  169                                   
    85.0-180.0 180.0   5.0 450.0                            LAT/LON1/LON2/DLON/H
  103   86   85   89   91   92   94   96   98  101  103  105  106  108  109  109
  108  108  106  104  102   99   96   92   89   84   81   77   73   69   67   63
   60   57   56   54   52   51   50   50   50   51   52   53   55   56   59   60
   62   65   67   69   71   73   74   76   77   78   78   79   80   80   80   80
   81   81   82   80   83   80   84  114  103                                   
    82.5-180.0 180.0   5.0 450.0                            LAT/LON1/LON2/DLON/H
   93   87   84   87   90   92   97  100  105  109  114  118  121  125  125  127
  126  125  122  118  115  110  105   99   94   88   83   78   72   68   64   60
   56   53   51   48   48   44   46   43   47   44   50   47   54   52   59   57
   64   63   69   69   73   73   77   77   79   79   79   80   80   81   81   81
   81   81   80   79   78   76   81  104   93                                   
    80.0-180.0 180.0   5.0 450.0                            LAT/LON1/LON2/DLON/H
   94   89   84   89   90   96  101  107  114  121  128  135  141  145  147  148
  147  144  140  135  129  122  115  107  101   92   86   79   74   68   64   58
   56   51   49   45   44   40   41   39   41   40   44   44   48   50   54   56
   61   62   67   68   72   73   76   77   79   79   80   81   82   83   81   83
   81   83   80   80   77   76   77   95   94                                   
    77.5-180.0 180.0   5.0 450.0                            LAT/LON1/LON2/DLON/H
   93   92   86   88   92   96  105  112  122  132  142  151  158  163  166  166
  165  160  154  146  139  129  121  110  104   94   89   81   78   72   69   64
   62   57   54   50   48   45   44   43   43   44   45   47   50   53   55   58
   61   64   66   68   70   71   73   74   75   76   76   77   78   78   79   78
   81   78   81   77   79   74   77   94   93                                   
    75.0-180.0 180.0   5.0 450.0                            LAT/LON1/LON2/DLON/H
   96   96   90   95   98  105  111  122  132  145  155  167  174  182  183  185
  179  174  164  155  144  133  121  112  102   95   89   84   81   78   76   72
   70   66   64   59   57   53   50   49   47   48   49   52   54   57   59   62
   63   65   66   66   67   67   68   68   70   69   70   70   71   71   73   74
   76   77   79   79   80   81   84  101   96                                   
    72.5-180.0 180.0   5.0 450.0                            LAT/LON1/LON2/DLON/H
  104  105  101  103  106  111  120  128  140  151  164  175  185  190  193  191
  186  177  167  155  143  130  118  106   98   90   86   81   81   79   79   76
   76   73   71   67   63   59   56   53   52   51   53   55   57   59   61   62
   62   61   61   59   58   57   57   57   58   58   58   59   60   62   64   66
   71   73   79   79   84   85   91  112  104                                   
    70.0-180.0 180.0   5.0 450.0                            LAT/LON1/LON2/DLON/H
  118  118  114  117  119  123  129  138  148  159  172  184  192  197  197  196
  188  180  167  155  142  128  115  104   94   87   81   79   79   80   81   82
   81   80   76   72   67   61   57   54   52   52   54   55   59   59   62   60
   60   57   54   50   48   45   45   44   46   46   47   48   52   54   58   62
   68   73   80   83   90   94  101  121  118                                   
    67.5-180.0 180.0   5.0 450.0                            LAT/LON1/LON2/DLON/H
  132  131  127  128  129  131  138  143  154  163  175  185  193  196  196  192
  186  176  165  152  140  125  113   99   91   81   77   74   75   76   78   79
   80   79   76   71   66   59   54   50   48   48   49   51   55   57   58   57
   54   50   45   40   35   33   31   32   33   35   36   40   43   48   53   58
   64   72   79   86   94  101  109  132  132                                   
    65.0-180.0 180.0   5.0 450.0                            LAT/LON1/LON2/DLON/H
  145  141  139  140  140  142  145  150  158  168  179  187  195  197  197  193
  186  178  168  158  145  132  118  104   92   81   74   70   70   71   74   76
   76   76   71   67   60   55   48   46   43   43   45   48   51   53   54   52
   48   43   36   30   25   23   21   23   25   28   30   34   39   43   49   55
   63   70   79   86   97  105  115  137  145                                   
    62.5-180.0 180.0   5.0 450.0                            LAT/LON1/LON2/DLON/H
  153  149  146  148  147  146  149  151  159  167  178  185  192  193  193  189
  185  178  173  164  156  141  128  111   98   83   74   66   67   66   69   70
   70   67   64   59   53   47   42   39   36   37   38   42   46   48   49   47
   43   37   30   24   19   17   16   19   22   26   27   33   37   43   49   56
   63   71   78   87   97  106  115  141  153                                   
    60.0-180.0 180.0   5.0 450.0                            LAT/LON1/LON2/DLON/H
  156  152  151  152  151  151  152  156  162  171  180  188  194  195  195  194
  191  187  183  179  170  159  142  126  110   93   80   71   70   68   70   71
   70   67   61   57   50   46   39   38   35   37   38   41   44   47   47   45
   40   34   26   21   17   17   17   21   25   28   31   36   41   46   54   61
   69   76   83   89   97  104  115  141  156                                   
    57.5-180.0 180.0   5.0 450.0                            LAT/LON1/LON2/DLON/H
  159  156  153  157  156  153  155  156  163  169  178  185  190  192  194  194
  194  192  192  188  184  172  158  139  123  102   89   78   76   72   73   73
   71   67   61   56   50   45   41   39   38   39   40   43   45   48   47   45
   39   34   27   23   20   21   22   27   31   35   36   42   46   53   60   69
   76   85   89   95   99  105  113  142  159                                   
    55.0-180.0 180.0   5.0 450.0                            LAT/LON1/LON2/DLON/H
  165  160  161  164  165  163  164  166  171  177  183  189  194  197  199  201
  202  201  201  199  194  184  169  152  133  117  103   95   90   88   87   85
   81   75   68   63   57   54   50   50   47   50   50   51   52   52   51   49
   44   39   33   30   28   30   32   37   41   44   46   50   56   62   72   81
   90   98  102  103  106  109  118  147  165                                   
    52.5-180.0 180.0   5.0 450.0                            LAT/LON1/LON2/DLON/H
  177  172  172  177  178  175  176  176  181  184  188  192  196  199  203  206
  209  209  208  206  201  191  179  163  148  132  122  113  110  106  105  100
   95   87   80   74   68   66   64   63   62   62   62   62   61   61   58   56
   51   48   42   41   39   42   45   51   53   56   55   60   64   73   82   95
  105  115  118  119  119  122  127  160  177                                   
    50.0-180.0 180.0   5.0 450.0                            LAT/LON1/LON2/DLON/H
  197  188  193  195  198  196  198  198  201  202  203  205  206  209  213  216
  218  217  215  212  206  197  186  174  162  150  141  135  131  127  124  118
  111  102   93   87   82   82   79   81   79   80   77   77   75   73   71   68
   64   61   57   55   55   57   61   65   69   67   68   69   75   84   97  109
  122  133  139  140  141  141  148  180  197                                   
    47.5-180.0 180.0   5.0 450.0                            LAT/LON1/LON2/DLON/H
  219  213  217  222  223  222  223  223  223  221  218  217  217  219  222  225
  225  223  219  214  207  200  191  183  176  167  161  154  150  143  139  131
  123  113  104   99   96   96   96   96   96   94   92   90   87   84   82   80
   77   75   72   71   70   74   76   80   80   79   76   79   84   95  107  123
  138  152  160  163  166  168  172  206  219                                   
    45.0-180.0 180.0   5.0 450.0                            LAT/LON1/LON2/DLON/H
  245  237  247  248  249  249  250  251  250  245  240  236  234  235  236  237
  235  231  225  218  213  206  202  196  192  184  178  169  162  152  146  137
  128  117  110  105  105  107  107  108  106  106  103  101   99   96   95   93
   91   90   89   88   87   89   91   93   93   89   87   88   95  106  121  136
  153  167  177  183  190  195  202  232  245                                   
    42.5-180.0 180.0   5.0 450.0                            LAT/LON1/LON2/DLON/H
  264  262  269  271  271  272  274  275  273  268  260  256  252  252  251  251
  247  242  234  228  223  219  216  211  207  196  187  174  164  151  144  132
  123  113  109  109  111  115  117  117  116  114  112  110  108  106  105  104
  104  102  103  102  101  102  103  103  102   99   95   97  103  117  132  150
  166  181  193  202  212  221  228  259  264                                   
    40.0-180.0 180.0   5.0 450.0                            LAT/LON1/LON2/DLON/H
  280  277  285  281  282  281  286  290  292  287  282  277  273  271  270  267
  263  255  248  243  241  236  237  227  224  203  193  172  160  143  136  125
  117  111  110  114  120  124  127  127  125  121  120  118  118  116  115  115
  114  114  114  113  113  113  113  113  111  107  104  107  115  128  145  162
  178  192  205  216  229  239  249  276  280                                   
    37.5-180.0 180.0   5.0 450.0                            LAT/LON1/LON2/DLON/H
  283  288  290  289  288  290  294  301  303  304  298  296  292  292  290  287
  281  275  269  267  265  261  258  245  234  207  190  164  150  134  128  118
  113  110  113  120  127  133  133  133  129  127  124  124  123  122  122  121
  121  120  120  120  120  119  118  118  116  112  110  114  123  140  157  175
  188  202  214  228  240  253  262  290  283                                   
    35.0-180.0 180.0   5.0 450.0                            LAT/LON1/LON2/DLON/H
  289  294  298  294  294  293  298  304  312  313  314  312  312  312  312  309
  304  300  297  295  294  286  280  257  242  206  186  158  147  134  131  128
  126  127  132  138  146  149  149  144  140  134  133  130  131  128  129  126
  126  123  123  121  123  122  122  120  118  114  114  120  133  150  170  187
  198  211  222  234  248  260  270  294  289                                   
    32.5-180.0 180.0   5.0 450.0                            LAT/LON1/LON2/DLON/H
  292  306  309  308  305  303  302  311  316  326  326  331  331  335  333  333
  328  329  326  327  322  312  298  270  247  208  186  163  157  150  151  152
  152  152  153  158  161  166  165  161  154  148  143  140  137  134  132  129
  127  124  122  120  120  121  121  120  117  114  113  122  135  160  180  200
  209  221  232  243  257  270  278  304  292                                   
    30.0-180.0 180.0   5.0 450.0                            LAT/LON1/LON2/DLON/H
  309  326  333  329  323  316  311  315  323  331  339  342  348  348  351  348
  349  348  350  346  341  322  305  273  252  216  199  182  186  187  198  195
  196  184  183  180  186  183  181  173  168  159  157  149  147  139  137  131
  129  122  121  116  119  118  120  119  117  113  113  122  139  164  189  209
  222  235  244  255  268  283  293  316  309                                   
    27.5-180.0 180.0   5.0 450.0                            LAT/LON1/LON2/DLON/H
  332  358  364  364  352  341  328  330  332  345  349  360  361  366  363  365
  362  365  361  358  344  326  303  277  258  236  228  226  238  251  264  262
  248  231  215  208  205  202  199  189  183  177  173  167  160  152  145  138
  131  122  117  111  111  112  115  115  112  108  108  117  135  165  193  219
  234  249  261  272  287  303  316  337  332                                   
    25.0-180.0 180.0   5.0 450.0                            LAT/LON1/LON2/DLON/H
  372  401  408  404  392  377  359  353  354  361  368  374  380  381  380  380
  379  377  375  362  348  321  301  279  274  264  273  283  311  329  344  334
  312  278  251  232  226  215  211  198  193  186  186  180  175  162  153  142
  133  121  114  106  107  108  112  114  111  107  107  118  139  168  202  229
  249  265  280  293  311  328  346  366  372                                   
    22.5-180.0 180.0   5.0 450.0                            LAT/LON1/LON2/DLON/H
  413  446  455  458  444  428  403  395  386  394  395  404  403  406  401  400
  395  392  381  368  346  322  304  298  304  313  333  358  389  411  422  408
  373  327  282  257  242  226  220  209  204  202  200  196  187  175  160  147
  134  123  113  105  100  101  105  106  105  103  104  117  139  172  206  238
  259  280  300  318  341  360  382  402  413                                   
    20.0-180.0 180.0   5.0 450.0                            LAT/LON1/LON2/DLON/H
  454  487  504  506  500  483  459  445  432  432  430  433  434  433  430  425
  420  411  400  381  362  337  331  333  355  371  401  425  458  474  476  444
  406  346  298  266  249  230  219  212  209  209  208  204  194  180  164  150
  139  127  117  107  100   97  100  102  104  103  106  120  143  176  215  247
  273  297  321  343  367  392  420  437  454                                   
    17.5-180.0 180.0   5.0 450.0                            LAT/LON1/LON2/DLON/H
  485  525  547  560  554  542  519  506  487  485  474  476  470  472  465  463
  451  444  426  412  392  378  378  391  416  434  459  479  500  503  497  461
  411  347  297  266  244  224  211  210  213  216  215  211  201  188  171  158
  145  135  123  113  102   97   97  101  104  107  110  125  147  182  217  251
  279  305  333  357  388  414  446  464  485                                   
    15.0-180.0 180.0   5.0 450.0                            LAT/LON1/LON2/DLON/H
  508  551  579  592  595  590  572  561  543  540  527  521  514  509  502  497
  487  478  465  450  442  432  444  457  482  492  507  504  515  506  493  446
  387  326  285  254  232  213  206  208  215  221  220  215  204  189  173  160
  149  140  129  118  107  101  104  108  114  116  121  133  157  188  224  255
  285  312  342  369  400  433  467  485  508                                   
    12.5-180.0 180.0   5.0 450.0                            LAT/LON1/LON2/DLON/H
  518  567  595  624  628  634  625  622  610  608  593  587  571  567  557  553
  537  532  517  512  509  512  523  536  547  540  532  513  503  481  448  393
  342  297  268  240  222  209  207  211  218  222  219  213  201  186  171  159
  149  141  130  118  107  101  103  111  119  125  128  142  165  198  230  259
  286  314  343  371  408  441  478  500  518                                   
    10.0-180.0 180.0   5.0 450.0                            LAT/LON1/LON2/DLON/H
  528  572  604  626  647  661  664  670  667  667  655  640  626  614  606  592
  584  569  573  567  579  580  592  592  594  564  538  493  469  423  384  336
  299  271  253  239  232  227  228  231  235  232  224  214  200  183  167  155
  147  140  130  119  109  106  109  116  124  128  135  149  175  206  239  265
  293  319  349  380  414  451  489  508  528                                   
     7.5-180.0 180.0   5.0 450.0                            LAT/LON1/LON2/DLON/H
  528  573  598  631  652  677  690  706  710  714  703  697  685  680  668  657
  643  632  631  638  648  657  662  657  635  591  530  466  416  364  323  292
