data/unet/pred0370.15i
     1.0            IONOSPHERE MAPS     GNSS                IONEX VERSION / TYPE
pyspatialgeodesy        IME             05-JAN-18 20:20     PGM / RUN BY / DATE 
Map Name                                                    COMMENT             
Predicted global ionosphere maps (GIM).                     DESCRIPTION         
  2015     2     6     0     0     0                        EPOCH OF FIRST MAP  
  2015     2     7     0     0     0                        EPOCH OF LAST MAP   
  7200                                                      INTERVAL            
    13                                                      # OF MAPS IN FILE   
  NONE                                                      MAPPING FUNCTION    
10.0                                                        ELEVATION CUTOFF    
One-way carrier phase leveled to code                       OBSERVABLES USED    
  6371.0                                                    BASE RADIUS         
 2                                                          MAP DIMENSION       
   450.0 450.0   0.0                                        HGT1 / HGT2 / DHGT  
    87.5 -87.5  -2.5                                        LAT1 / LAT2 / DLAT  
  -180.0 180.0   5.0                                        LON1 / LON2 / DLON  
    -1                                                      EXPONENT            
                                                            END OF HEADER       
[from data line 1716]
     5                                                      START OF TEC MAP    
  2015     2     6     8     0     0                        EPOCH OF CURRENT MAP
    87.5-180.0 180.0   5.0 450.0                            LAT/LON1/LON2/DLON/H
   64   83   87   87   93   89   95   94  100  100  105  103  105  102  104   98
  101   94   99   90   96   89   95   88   94   89   95   90   94   91   96   93
   96   94   98   95   98   94   98   93   96   91   95   89   91   88   90   87
   88   85   87   84   85   83   83   81   81   78   77   74   73   70   69   66
   66   63   65   63   68   65   75   63   64                                   
    85.0-180.0 180.0   5.0 450.0                            LAT/LON1/LON2/DLON/H
   74   92   86   97   96   97  101  104  109  111  114  115  117  117  118  116
  115  113  113  110  110  108  110  106  108  106  109  105  108  105  109  106
  110  109  113  112  115  115  118  117  117  117  117  116  113  113  110  110
  105  105  101  100   96   95   92   90   86   83   80   77   73   70   67   65
   64   62   63   63   67   65   74   59   74                                   
    82.5-180.0 180.0   5.0 450.0                            LAT/LON1/LON2/DLON/H
   65   82   76   81   84   87   93   97  101  105  109  111  113  114  114  113
  111  108  107  104  103  101  101   99   99   98   98   98   98  100  100  103
  104  107  109  112  115  119  122  125  127  128  129  130  128  128  125  124
  120  118  113  111  106  103   98   94   88   83   79   73   70   64   62   57
   56   53   53   51   54   51   62   61   65                                   
    80.0-180.0 180.0   5.0 450.0                            LAT/LON1/LON2/DLON/H
   66   79   71   76   77   82   88   92   98  101  106  107  109  108  108  105
  102   98   95   90   88   83   81   78   77   74   75   74   77   78   82   84
   89   92   99  102  109  113  121  124  130  133  139  141  143  144  145  142
  140  136  133  130  126  122  118  112  106  100   94   88   82   76   71   66
   61   57   55   53   53   46   56   61   66                                   
    77.5-180.0 180.0   5.0 450.0                            LAT/LON1/LON2/DLON/H
   61   82   71   74   75   80   85   90   93   97   99  102  100  101   96   96
   88   85   79   75   68   64   60   57   55   54   55   57   60   62   67   71
   77   82   90   96  103  110  118  126  132  139  146  153  159  165  170  170
  170  166  166  162  159  152  149  142  136  128  120  113  104   97   89   83
   78   72   69   64   63   56   63   63   61                                   
    75.0-180.0 180.0   5.0 450.0                            LAT/LON1/LON2/DLON/H
   72   84   74   76   77   80   85   86   91   92   96   94   95   92   91   85
   81   74   70   62   58   51   50   45   45   43   46   45   50   51   58   60
   67   73   82   89   97  107  118  127  139  149  160  170  180  190  198  201
  204  205  207  203  201  195  191  182  174  165  155  147  135  126  115  106
   99   91   86   80   77   67   74   74   72                                   
    72.5-180.0 180.0   5.0 450.0                            LAT/LON1/LON2/DLON/H
   77   88   80   82   81   82   83   85   86   88   88   89   87   85   81   76
   70   64   58   52   47   43   42   38   39   38   43   42   47   47   53   53
   60   62   71   77   87   97  111  125  141  154  170  182  198  208  222  229
  241  244  251  249  249  242  238  227  218  205  193  180  168  156  145  133
  123  110  105   94   91   81   87   83   77                                   
    70.0-180.0 180.0   5.0 450.0                            LAT/LON1/LON2/DLON/H
   88   90   81   83   80   80   82   81   84   84   85   85   83   82   79   73
   71   63   61   53   53   46   50   45   50   49   53   54   57   57   59   59
   63   66   72   79   88   98  113  130  149  167  185  202  217  232  245  258
  274  282  294  290  293  283  279  265  256  240  227  211  197  185  170  157
  144  133  122  111  103   92   96   92   88                                   
    67.5-180.0 180.0   5.0 450.0                            LAT/LON1/LON2/DLON/H
   90   90   82   83   80   78   82   81   83   84   84   84   82   81   79   75
   72   66   62   59   57   56   57   58   61   63   67   68   70   67   68   64
   66   65   70   73   82   91  109  127  150  171  193  211  230  247  266  282
  299  308  319  318  318  312  307  294  281  266  251  234  218  202  187  172
  159  141  131  113  107   94   98   88   90                                   
    65.0-180.0 180.0   5.0 450.0                            LAT/LON1/LON2/DLON/H
   91   87   73   77   72   74   76   77   80   81   82   82   81   83   79   80
   75   74   71   70   69   69   71   76   79   83   86   87   84   82   78   75
   73   72   74   77   86   98  117  138  163  189  213  233  253  269  288  302
  320  328  340  335  341  330  328  313  300  284  267  250  232  215  199  183
  166  149  133  118  106   92   95   89   91                                   
    62.5-180.0 180.0   5.0 450.0                            LAT/LON1/LON2/DLON/H
   86   81   70   73   70   69   75   75   80   80   82   82   83   82   81   80
   78   75   74   75   75   77   81   87   92   97   99   98   96   91   86   80
   79   75   78   80   90  104  124  148  174  200  223  245  265  284  302  318
  336  340  350  347  348  339  333  317  307  291  276  259  244  225  208  188
  171  148  133  113  102   87   90   77   86                                   
    60.0-180.0 180.0   5.0 450.0                            LAT/LON1/LON2/DLON/H
   83   77   62   66   61   63   66   68   72   76   77   79   80   82   79   83
   78   81   76   80   81   84   89   95   99  102  101  100   93   89   82   79
   76   77   80   88  101  118  141  167  194  218  241  263  283  301  317  330
  346  349  356  350  351  340  332  321  310  297  282  271  257  238  220  199
  179  156  137  118  103   86   88   78   83                                   
    57.5-180.0 180.0   5.0 450.0                            LAT/LON1/LON2/DLON/H
   84   77   65   66   62   58   63   63   69   71   74   75   77   77   78   77
   77   75   75   74   76   77   84   88   91   93   90   90   81   79   73   72
   72   76   82   93  109  131  155  181  207  229  251  275  294  312  328  343
  355  356  360  354  350  340  332  320  313  298  291  280  270  254  236  215
  194  166  148  124  113   94   95   76   84                                   
    55.0-180.0 180.0   5.0 450.0                            LAT/LON1/LON2/DLON/H
   92   88   68   68   60   55   57   58   62   66   68   71   74   75   77   77
   77   75   74   74   72   76   76   82   81   82   76   75   68   67   63   66
   69   77   88  105  126  152  178  205  228  250  269  292  313  329  345  357
  367  367  370  363  356  347  341  332  323  313  305  300  292  280  262  238
  217  190  169  148  132  112  108   94   92                                   
    52.5-180.0 180.0   5.0 450.0                            LAT/LON1/LON2/DLON/H
  110  101   89   83   72   61   61   58   60   62   65   66   69   70   71   71
   69   68   67   65   67   67   69   68   69   67   64   61   57   56   55   58
   65   76   92  113  140  169  195  222  244  266  285  308  326  345  360  372
  379  379  382  376  370  361  355  347  340  331  325  318  312  299  284  259
  239  214  194  171  159  138  134  114  110                                   
    50.0-180.0 180.0   5.0 450.0                            LAT/LON1/LON2/DLON/H
  126  126  103  100   83   72   65   59   60   62   63   63   70   67   72   72
   72   69   69   65   67   64   66   64   62   60   56   55   51   50   52   56
   64   82  101  129  158  188  216  241  264  284  307  327  346  362  378  384
  391  390  393  387  383  376  371  364  357  349  343  339  332  320  302  281
  259  234  214  196  182  162  154  139  126                                   
    47.5-180.0 180.0   5.0 450.0                            LAT/LON1/LON2/DLON/H
  146  144  128  120  103   89   78   69   66   66   65   63   68   67   68   67
   67   67   64   64   66   64   64   62   60   56   52   49   46   42   48   53
   64   84  107  140  171  201  230  256  279  300  320  341  359  376  387  394
  398  401  402  399  396  390  384  376  367  358  351  342  336  321  307  286
  265  239  222  203  195  175  171  156  146                                   
    45.0-180.0 180.0   5.0 450.0                            LAT/LON1/LON2/DLON/H
  149  155  136  134  119  106   90   78   74   72   71   73   75   74   76   74
   75   74   74   72   74   71   73   69   67   62   60   57   54   51   54   58
   71   96  122  157  187  220  246  271  294  316  340  359  382  392  404  406
  411  410  411  407  404  397  390  383  373  362  350  342  330  318  301  280
  258  233  215  199  187  172  167  157  149                                   
    42.5-180.0 180.0   5.0 450.0                            LAT/LON1/LON2/DLON/H
  147  148  141  141  132  121  108   95   88   84   81   82   82   83   79   80
   78   78   79   81   83   83   82   80   76   72   69   65   62   60   58   63
   76  102  133  167  200  230  258  284  306  330  352  374  392  403  411  415
  420  418  419  414  410  401  393  380  370  354  339  323  311  297  283  262
  240  215  195  174  168  152  154  143  147                                   
    40.0-180.0 180.0   5.0 450.0                            LAT/LON1/LON2/DLON/H
  128  136  131  139  134  128  120  107  101   95   93   95   94   95   91   92
   90   91   92   94   96   96   96   94   90   85   80   77   72   68   64   70
   83  113  143  180  210  242  268  294  318  342  369  390  411  419  430  429
  433  427  427  421  416  405  393  382  369  355  335  317  301  287  269  246
  223  198  175  155  140  123  122  116  128                                   
    37.5-180.0 180.0   5.0 450.0                            LAT/LON1/LON2/DLON/H
  111  115  114  123  124  125  121  116  110  106  104  103  103  102   98   97
   96   98  102  105  107  107  106  104  100   96   90   87   80   75   69   72
   85  113  145  182  216  247  276  304  327  354  380  401  422  431  442  443
  446  441  441  435  431  418  409  393  379  359  339  318  302  286  269  248
  226  198  176  146  132  106  104   88  111                                   
    35.0-180.0 180.0   5.0 450.0                            LAT/LON1/LON2/DLON/H
   89   89   90   99  106  110  115  112  114  109  109  112  113  112  109  108
  108  112  116  119  122  119  119  113  110  103   96   93   84   78   71   71
   83  113  147  186  220  254  284  314  341  367  395  416  441  449  465  467
  471  466  466  463  457  449  436  426  408  390  368  351  334  321  305  289
  265  236  204  175  142  107   94   81   89                                   
    32.5-180.0 180.0   5.0 450.0                            LAT/LON1/LON2/DLON/H
   93   77   81   83   87   96   98  103  103  106  107  111  114  114  111  111
  112  116  122  125  125  123  120  117  113  108  101   95   86   79   71   73
   84  112  149  190  225  262  295  331  358  387  416  437  461  472  487  492
  498  497  501  504  506  500  494  482  470  451  435  417  403  393  376  364
  339  314  281  238  199  150  126   89   93                                   
    30.0-180.0 180.0   5.0 450.0                            LAT/LON1/LON2/DLON/H
  110   75   71   67   79   83   87   91   96   98  100  109  113  115  116  116
  121  125  133  133  133  126  124  119  113  107   98   93   84   78   71   72
   89  116  159  205  238  277  315  352  385  411  440  462  487  499  515  521
  530  536  546  557  568  574  580  574  566  554  543  536  524  519  502  500
  477  460  415  365  298  239  191  150  110                                   
    27.5-180.0 180.0   5.0 450.0                            LAT/LON1/LON2/DLON/H
  158  115   95   79   70   77   82   91   92   92   95  102  106  111  110  112
  116  122  128  129  127  124  120  118  111  105   98   92   85   79   78   86
  109  141  189  224  263  296  338  377  411  439  468  487  515  531  547  557
  571  586  605  626  644  651  657  656  656  648  643  637  630  626  615  611
  595  581  547  504  439  372  310  240  158                                   
    25.0-180.0 180.0   5.0 450.0                            LAT/LON1/LON2/DLON/H
  246  196  159  110   91   76   81   80   91   89   93   97  102  108  109  111
  117  123  132  131  130  123  119  118  113  105   97   90   87   82   87   97
  126  157  214  256  289  325  360  399  434  462  490  515  542  564  583  597
  616  643  673  695  715  732  745  752  757  755  756  755  757  756  751  748
  731  711  671  627  572  517  441  390  246                                   
    22.5-180.0 180.0   5.0 450.0                            LAT/LON1/LON2/DLON/H
  361  304  262  187  138  117  101   99   96   89   95   98  103  105  105  106
  109  114  121  122  121  117  119  118  119  109  102   96   94   93  100  108
  139  176  233  266  302  337  378  414  447  478  508  543  577  603  621  643
  666  702  733  758  787  806  825  834  845  843  848  856  864  867  865  863
  852  824  788  738  680  624  576  512  361                                   
    20.0-180.0 180.0   5.0 450.0                            LAT/LON1/LON2/DLON/H
  453  388  318  277  230  179  149  135  127  108  103  100  109  111  108  106
  107  111  117  117  118  116  118  124  124  113  104   94   93   96  107  121
  154  195  248  285  320  362  397  437  469  500  541  575  617  633  662  677
  718  750  781  809  836  859  875  891  897  905  909  923  929  937  932  931
  920  899  871  819  768  712  665  632  453                                   
    17.5-180.0 180.0   5.0 450.0                            LAT/LON1/LON2/DLON/H
  537  497  412  342  306  268  227  201  179  159  137  122  125  119  116  107
  106  103  109  110  114  116  125  130  130  119  110  100   94   96  104  125
  166  213  257  291  328  373  411  456  486  521  563  607  641  671  691  719
  753  782  811  835  859  877  893  902  911  914  918  928  938  942  943  939
  932  912  892  853  813  764  726  694  537                                   
    15.0-180.0 180.0   5.0 450.0                            LAT/LON1/LON2/DLON/H
  585  559  487  413  367  327  308  276  250  217  185  162  145  134  128  122
  113  107  110  110  116  122  128  133  130  120  108  103   96   98  115  139
  179  228  270  311  348  397  430  474  511  549  593  630  670  695  722  746
  774  794  819  838  855  869  874  882  883  887  891  901  908  916  911  906
  895  877  856  830  798  765  732  707  585                                   
    12.5-180.0 180.0   5.0 450.0                            LAT/LON1/LON2/DLON/H
  594  577  545  483  434  394  368  353  325  283  245  211  190  162  149  132
  130  121  118  119  125  130  133  132  127  112   96   93   88  100  115  142
  184  241  279  322  356  409  441  486  524  569  608  651  690  722  743  762
  782  796  814  826  838  839  840  838  835  835  835  844  853  856  853  839
  828  812  792  769  749  720  702  676  594                                   
    10.0-180.0 180.0   5.0 450.0                            LAT/LON1/LON2/DLON/H
  593  590  556  525  477  441  419  403  383  347  301  257  228  203  178  154
  139  130  129  133  131  131  129  133  129  120  105  105  108  111  127  153
  198  245  288  335  372  418  457  497  539  585  622  664  709  735  756  761
  777  785  797  805  806  812  804  802  796  791  793  794  802  801  792  781
  762  750  722  710  689  671  649  617  593                                   
     7.5-180.0 180.0   5.0 450.0                            LAT/LON1/LON2/DLON/H
  563  573  563  538  512  481  459  441  427  403  350  298  264  227  210  177
  157  145  145  144  141  137  137  137  128  118  112  123  118  123  128  160
