data/unet/pred2030.15i
     1.0            IONOSPHERE MAPS     GNSS                IONEX VERSION / TYPE
pyspatialgeodesy        IME             05-JAN-18 20:20     PGM / RUN BY / DATE 
Map Name                                                    COMMENT             
Predicted global ionosphere maps (GIM).                     DESCRIPTION         
  2015     7    22     0     0     0                        EPOCH OF FIRST MAP  
  2015     7    23     0     0     0                        EPOCH OF LAST MAP   
  7200                                                      INTERVAL            
    13                                                      # OF MAPS IN FILE   
  NONE                                                      MAPPING FUNCTION    
10.0                                                        ELEVATION CUTOFF    
One-way carrier phase leveled to code                       OBSERVABLES USED    
  6371.0                                                    BASE RADIUS         
 2                                                          MAP DIMENSION       
   450.0 450.0   0.0                                        HGT1 / HGT2 / DHGT  
    87.5 -87.5  -2.5                                        LAT1 / LAT2 / DLAT  
  -180.0 180.0   5.0                                        LON1 / LON2 / DLON  
    -1                                                      EXPONENT            
                                                            END OF HEADER       
[from data line 5148]
    13                                                      START OF TEC MAP    
  2015     7    23     0     0     0                        EPOCH OF CURRENT MAP
    87.5-180.0 180.0   5.0 450.0                            LAT/LON1/LON2/DLON/H
  165  132  129  125  125  122  124  123  126  124  125  122  124  122  122  119
  121  118  119  116  118  115  116  112  115  111  113  109  112  109  111  108
  112  108  111  108  112  108  111  108  111  108  110  107  111  108  110  107
  111  108  110  108  111  109  111  109  112  111  113  111  115  113  116  114
  117  117  120  120  126  124  126  153  165                                   
    85.0-180.0 180.0   5.0 450.0                            LAT/LON1/LON2/DLON/H
  139  136  138  135  134  131  134  133  136  134  136  133  135  131  132  128
  131  126  127  123  125  120  121  117  119  114  115  111  114  110  111  108
  111  108  111  108  111  108  110  107  110  107  109  106  110  107  109  106
  110  107  109  107  111  109  111  109  112  111  113  113  116  115  118  117
  120  121  124  125  130  124  119  121  139                                   
    82.5-180.0 180.0   5.0 450.0                            LAT/LON1/LON2/DLON/H
  136  139  141  141  140  138  142  141  145  142  145  142  145  141  142  138
  139  134  135  130  131  125  125  120  121  115  115  111  112  108  109  106
  109  106  108  107  109  107  109  107  110  107  109  107  110  108  110  108
  111  109  111  109  113  110  113  111  114  112  116  114  119  117  121  120
  124  124  129  128  134  128  123  121  136                                   
    80.0-180.0 180.0   5.0 450.0                            LAT/LON1/LON2/DLON/H
  135  139  142  144  142  143  146  148  150  150  151  152  152  152  151  150
  149  146  144  141  139  135  131  127  124  119  116  113  111  109  108  107
  108  108  109  110  111  111  113  113  114  114  114  114  116  115  116  116
  117  116  117  116  118  116  117  116  118  117  120  119  122  122  125  125
  128  128  132  131  135  132  125  123  135                                   
    77.5-180.0 180.0   5.0 450.0                            LAT/LON1/LON2/DLON/H
  135  138  140  142  141  143  146  149  151  153  154  156  156  156  155  154
  153  150  148  145  142  138  134  129  124  117  113  109  106  103  103  102
  104  104  107  108  111  112  114  114  116  115  117  117  118  117  119  118
  119  118  119  119  119  118  118  118  118  118  119  120  121  122  124  125
  126  127  129  129  132  129  124  121  135                                   
    75.0-180.0 180.0   5.0 450.0                            LAT/LON1/LON2/DLON/H
  131  134  136  138  138  140  143  146  149  151  153  155  155  155  155  154
  153  151  149  146  143  138  134  128  121  115  110  105  101   98   98   98
  100  102  105  108  110  112  114  115  116  117  117  118  119  119  120  121
  121  121  122  121  121  120  120  119  119  119  120  120  121  122  123  124
  124  124  126  126  129  127  121  119  131                                   
    72.5-180.0 180.0   5.0 450.0                            LAT/LON1/LON2/DLON/H
  129  130  131  133  132  134  138  141  145  147  150  152  152  152  152  151
  149  148  146  144  141  138  133  127  120  113  107  101   97   94   94   95
   97   99  104  107  110  111  113  114  114  114  115  115  117  117  120  121
  122  122  123  122  121  120  120  119  119  118  119  120  120  121  122  121
  121  121  123  123  126  124  119  117  129                                   
    70.0-180.0 180.0   5.0 450.0                            LAT/LON1/LON2/DLON/H
  123  124  126  128  128  130  134  137  141  144  147  149  149  148  148  146
  145  144  143  142  140  137  133  127  120  112  106   99   95   91   91   91
   94   97  101  104  106  107  108  107  107  106  107  108  110  112  116  118
  121  121  123  121  121  120  120  118  119  119  121  121  122  122  123  122
  122  120  122  122  124  122  117  115  123                                   
    67.5-180.0 180.0   5.0 450.0                            LAT/LON1/LON2/DLON/H
  124  123  124  125  124  125  129  132  137  140  143  145  146  145  144  142
  141  139  139  139  138  137  134  129  122  115  108  102   96   93   92   92
   94   97  100  102  103  103  102  100   99   97   98   99  102  106  111  114
  118  119  121  120  120  118  118  117  118  118  120  121  123  123  124  123
  122  120  122  121  125  122  117  114  124                                   
    65.0-180.0 180.0   5.0 450.0                            LAT/LON1/LON2/DLON/H
  123  124  125  126  123  124  126  129  133  137  140  142  143  142  141  138
  137  136  137  137  137  136  135  131  126  119  114  107  102   98   96   96
   97   98  100  100  100   97   95   92   90   88   89   90   95   99  106  109
  115  116  118  117  117  116  116  116  117  119  122  123  126  126  127  125
  124  122  124  123  127  125  120  118  123                                   
    62.5-180.0 180.0   5.0 450.0                            LAT/LON1/LON2/DLON/H
  132  131  131  129  125  123  125  127  131  134  138  140  141  140  139  137
  135  134  135  136  136  136  135  133  129  124  118  113  108  104  102  100
  100   99  100   98   96   92   88   84   82   80   81   83   89   94  102  106
  112  113  115  115  115  115  115  116  118  120  124  126  129  129  130  127
  126  124  126  126  131  130  127  122  132                                   
    60.0-180.0 180.0   5.0 450.0                            LAT/LON1/LON2/DLON/H
  137  139  139  136  131  127  127  128  130  133  136  138  139  138  138  136
  135  134  135  136  137  138  137  136  132  129  124  120  116  112  109  107
  105  102  100   97   93   88   84   80   78   76   79   81   87   92  100  103
  109  110  113  112  114  113  116  116  121  122  127  129  133  132  133  130
  130  128  131  131  137  137  136  129  137                                   
    57.5-180.0 180.0   5.0 450.0                            LAT/LON1/LON2/DLON/H
  152  152  151  148  140  135  132  131  132  133  135  137  138  138  138  137
  136  136  136  138  139  140  139  138  135  132  129  126  122  120  116  112
  108  103   99   94   90   85   82   78   77   78   80   84   90   95  101  105
  109  111  112  114  116  118  120  122  125  127  131  133  136  136  136  134
  132  132  135  137  144  146  144  136  152                                   
    55.0-180.0 180.0   5.0 450.0                            LAT/LON1/LON2/DLON/H
  159  164  164  161  152  145  141  137  136  135  135  135  137  138  138  138
  138  139  140  141  142  142  141  140  137  135  133  131  129  126  122  116
  110  104   99   93   90   86   84   82   83   84   88   91   96   99  104  106
  110  110  114  114  119  121  126  127  132  133  137  138  141  139  140  136
  136  135  140  142  150  153  152  143  159                                   
    52.5-180.0 180.0   5.0 450.0                            LAT/LON1/LON2/DLON/H
  173  176  178  175  167  159  153  148  142  139  137  137  137  139  139  142
  142  145  145  147  146  147  144  143  140  139  137  136  133  130  125  118
  111  103   98   93   90   89   88   89   91   94   97  100  103  105  108  108
  111  113  116  119  124  129  134  136  140  141  143  144  144  143  141  139
  138  138  142  146  154  158  157  148  173                                   
    50.0-180.0 180.0   5.0 450.0                            LAT/LON1/LON2/DLON/H
  177  184  188  186  180  173  166  158  152  145  141  138  139  140  141  143
  145  148  149  150  150  149  146  144  141  140  138  137  135  131  124  117
  109  103   98   95   95   95   97   99  103  105  108  109  111  110  111  111
  114  116  121  124  131  134  142  143  148  147  149  148  149  145  144  141
  142  141  147  150  158  161  160  151  177                                   
    47.5-180.0 180.0   5.0 450.0                            LAT/LON1/LON2/DLON/H
  185  190  195  196  192  186  178  171  161  154  147  144  142  144  144  148
  150  154  154  157  155  155  151  150  146  145  142  141  136  132  124  116
  109  104  101  100  101  103  106  110  114  116  118  117  117  115  115  114
  118  120  126  131  138  143  150  153  156  156  155  154  152  150  147  144
  144  145  150  154  162  163  160  153  185                                   
    45.0-180.0 180.0   5.0 450.0                            LAT/LON1/LON2/DLON/H
  184  193  199  201  200  195  189  180  172  162  156  150  148  147  148  151
  155  159  161  163  162  160  157  154  151  148  146  141  137  130  122  114
  108  104  106  107  110  113  118  121  125  126  126  124  122  119  118  118
  122  124  130  134  143  147  157  159  164  162  162  159  159  154  153  150
  150  151  156  160  165  166  161  155  184                                   
    42.5-180.0 180.0   5.0 450.0                            LAT/LON1/LON2/DLON/H
  189  195  201  205  206  203  198  191  181  173  165  160  155  155  154  159
  161  167  168  171  169  169  165  163  158  156  151  146  138  131  122  115
  110  109  112  114  119  122  127  129  132  132  131  128  125  122  122  122
  126  128  133  139  147  153  162  166  169  170  168  167  166  163  160  158
  158  160  164  167  170  168  164  158  189                                   
    40.0-180.0 180.0   5.0 450.0                            LAT/LON1/LON2/DLON/H
  191  199  205  210  212  211  207  201  193  185  177  171  167  164  163  165
  169  173  176  177  177  176  173  170  167  163  158  150  142  133  124  117
  115  114  119  122  128  131  136  137  140  138  136  133  129  126  126  127
  131  132  135  139  148  153  165  169  176  176  177  175  177  173  172  169
  170  171  176  177  178  175  170  164  191                                   
    37.5-180.0 180.0   5.0 450.0                            LAT/LON1/LON2/DLON/H
  204  209  212  217  218  218  215  211  205  198  191  185  178  176  172  175
  177  182  183  186  184  184  181  180  177  174  167  159  149  141  131  126
  122  125  128  133  137  139  142  142  144  142  141  137  134  131  132  132
  135  135  136  139  146  152  164  171  179  183  183  185  187  186  185  184
  183  186  190  190  189  186  181  174  204                                   
    35.0-180.0 180.0   5.0 450.0                            LAT/LON1/LON2/DLON/H
  220  223  227  230  230  230  228  225  221  215  209  200  194  188  185  185
  188  190  193  193  193  192  191  189  188  183  178  167  158  147  140  133
  132  132  137  140  143  144  147  147  149  148  147  144  141  138  137  136
  137  135  133  132  137  144  157  167  180  185  190  191  198  196  199  197
  198  199  204  202  201  199  196  190  220                                   
    32.5-180.0 180.0   5.0 450.0                            LAT/LON1/LON2/DLON/H
  248  244  249  249  246  245  243  242  239  234  228  218  209  204  197  197
  197  201  202  203  201  201  198  198  196  193  186  178  166  158  149  144
  140  143  144  146  147  147  148  149  152  153  153  150  147  143  141  138
  137  131  128  125  128  133  147  159  174  184  191  197  204  205  208  207
  209  212  216  215  213  212  212  209  248                                   
    30.0-180.0 180.0   5.0 450.0                            LAT/LON1/LON2/DLON/H
  274  270  276  273  270  267  266  265  264  260  253  244  233  224  216  213
  212  213  214  213  211  210  208  206  204  200  195  186  176  165  157  151
  147  146  146  146  146  145  147  149  153  156  156  154  150  145  140  134
  131  124  119  115  117  122  135  148  167  180  192  199  210  210  217  217
  222  225  232  230  228  229  232  233  274                                   
    27.5-180.0 180.0   5.0 450.0                            LAT/LON1/LON2/DLON/H
  300  296  301  299  294  291  288  288  288  286  279  269  258  247  236  231
  228  227  227  225  222  220  216  214  208  205  198  192  181  173  162  156
  149  146  143  141  139  139  141  145  151  155  156  153  148  140  133  126
  121  113  109  105  108  115  127  141  160  176  190  201  212  216  222  225
  231  236  246  245  246  247  249  253  300                                   
    25.0-180.0 180.0   5.0 450.0                            LAT/LON1/LON2/DLON/H
  317  319  326  325  322  318  316  316  317  315  308  298  286  275  262  254
  247  246  243  240  235  232  227  220  213  206  200  192  184  174  164  154
  146  140  136  132  130  129  133  136  144  148  150  146  138  129  120  110
  104   98   96   95   99  106  118  132  151  169  186  199  214  219  228  230
  239  247  258  259  260  264  269  275  317                                   
    22.5-180.0 180.0   5.0 450.0                            LAT/LON1/LON2/DLON/H
  331  332  343  344  344  342  339  340  342  340  334  324  312  300  286  277
  269  264  260  254  248  244  236  226  213  205  195  189  179  171  158  148
  137  130  124  121  118  118  121  127  133  138  138  133  124  114  104   94
   88   84   86   88   95  103  114  129  148  167  185  201  215  223  231  236
  244  253  265  268  271  277  283  292  331                                   
    20.0-180.0 180.0   5.0 450.0                            LAT/LON1/LON2/DLON/H
  336  341  353  356  360  361  362  365  368  366  361  353  341  329  313  301
  290  284  275  271  263  257  247  232  215  201  191  183  174  164  153  139
  128  118  113  109  107  106  110  113  121  123  123  115  107   94   86   76
   73   70   76   81   90   98  111  127  147  167  186  203  218  226  236  240
  252  260  274  277  281  287  297  305  336                                   
    17.5-180.0 180.0   5.0 450.0                            LAT/LON1/LON2/DLON/H
  339  341  354  358  367  371  376  384  387  388  383  377  366  356  339  326
  312  301  293  285  277  269  255  236  213  197  183  175  165  157  143  131
  118  109  103  100   96   96   98  100  104  104  103   96   87   78   69   63
   61   64   72   78   88  100  113  130  151  171  191  209  223  233  243  251
  261  271  282  285  290  295  304  315  339                                   
    15.0-180.0 180.0   5.0 450.0                            LAT/LON1/LON2/DLON/H
  337  340  351  357  368  375  383  394  399  403  400  396  388  379  362  348
  331  320  307  299  289  280  263  239  213  193  177  167  160  150  138  124
  113  105  101   95   93   89   91   89   91   88   87   79   74   64   60   54
   57   59   70   76   87   99  114  132  153  175  195  214  227  238  249  259
  271  280  291  295  297  302  312  322  337                                   
    12.5-180.0 180.0   5.0 450.0                            LAT/LON1/LON2/DLON/H
  336  338  349  354  365  373  383  395  401  408  407  409  403  397  380  367
  350  337  323  312  300  287  266  240  210  189  171  162  153  144  132  120
  109  103   98   95   89   86   83   80   77   73   71   66   61   56   54   52
   55   59   68   75   86   97  114  132  155  177  199  218  233  244  258  268
  280  289  301  300  303  307  317  329  336                                   
    10.0-180.0 180.0   5.0 450.0                            LAT/LON1/LON2/DLON/H
  338  342  349  354  363  370  379  389  396  404  406  411  409  406  392  381
  365  351  334  321  306  291  268  240  209  186  168  159  151  142  131  120
  113  107  104   99   94   86   84   76   73   64   63   58   57   53   56   53
   57   59   67   73   82   92  108  127  152  175  199  218  233  247  262  274
  287  298  307  309  306  312  323  334  338                                   
     7.5-180.0 180.0   5.0 450.0                            LAT/LON1/LON2/DLON/H
  344  350  357  360  364  369  374  382  386  395  398  405  406  406  396  387
  373  359  343  326  308  288  262  234  203  181  164  155  147  139  129  120
