data/unet/pred1570.15i
     1.0            IONOSPHERE MAPS     GNSS                IONEX VERSION / TYPE
pyspatialgeodesy        IME             05-JAN-18 20:20     PGM / RUN BY / DATE 
Map Name                                                    COMMENT             
Predicted global ionosphere maps (GIM).                     DESCRIPTION         
  2015     6     6     0     0     0                        EPOCH OF FIRST MAP  
  2015     6     7     0     0     0                        EPOCH OF LAST MAP   
  7200                                                      INTERVAL            
    13                                                      # OF MAPS IN FILE   
  NONE                                                      MAPPING FUNCTION    
10.0                                                        ELEVATION CUTOFF    
One-way carrier phase leveled to code                       OBSERVABLES USED    
  6371.0                                                    BASE RADIUS         
 2                                                          MAP DIMENSION       
   450.0 450.0   0.0                                        HGT1 / HGT2 / DHGT  
    87.5 -87.5  -2.5                                        LAT1 / LAT2 / DLAT  
  -180.0 180.0   5.0                                        LON1 / LON2 / DLON  
    -1                                                      EXPONENT            
                                                            END OF HEADER       
[from data line 2574]
     7                                                      START OF TEC MAP    
  2015     6     6    12     0     0                        EPOCH OF CURRENT MAP
    87.5-180.0 180.0   5.0 450.0                            LAT/LON1/LON2/DLON/H
  200  211  215  217  219  220  221  221  222  222  223  223  223  223  222  222
  221  221  220  220  219  218  217  216  215  215  214  213  212  211  211  210
  210  208  210  208  209  208  210  209  211  211  214  215  216  217  219  221
  221  223  224  226  225  227  226  227  226  226  225  225  224  223  222  222
  222  221  219  216  214  212  219  178  200                                   
    85.0-180.0 180.0   5.0 450.0                            LAT/LON1/LON2/DLON/H
  205  212  211  214  213  216  217  219  219  220  221  221  221  222  221  221
  220  220  220  219  219  217  217  215  214  212  213  210  211  208  210  206
  208  205  208  205  208  205  209  207  210  209  214  213  216  216  220  220
  222  223  226  227  227  228  229  229  228  227  226  225  224  223  221  221
  220  219  218  214  214  211  220  199  205                                   
    82.5-180.0 180.0   5.0 450.0                            LAT/LON1/LON2/DLON/H
  196  200  197  197  201  203  206  208  209  211  212  213  213  214  214  214
  214  214  214  213  214  212  212  210  210  208  209  207  207  205  205  203
  203  202  203  202  202  202  203  204  205  206  209  210  213  215  218  220
  223  225  228  228  230  229  231  229  230  226  226  223  222  218  217  214
  214  211  209  204  204  201  206  203  196                                   
    80.0-180.0 180.0   5.0 450.0                            LAT/LON1/LON2/DLON/H
  187  196  188  192  193  198  200  202  203  206  207  208  208  210  210  210
  210  210  210  210  210  209  209  208  208  207  207  205  206  204  204  202
  203  201  202  200  202  200  203  202  205  206  210  211  215  217  221  223
  226  229  232  233  233  234  234  233  231  230  227  225  222  220  216  214
  211  209  204  201  197  195  197  193  187                                   
    77.5-180.0 180.0   5.0 450.0                            LAT/LON1/LON2/DLON/H
  184  187  184  187  189  196  196  201  200  205  204  208  206  209  207  210
  207  209  207  209  208  209  207  209  206  208  206  207  206  207  206  207
  205  206  205  206  205  206  206  208  208  211  212  216  216  222  223  229
  228  234  233  237  235  238  235  236  232  233  228  228  222  221  215  214
  209  208  202  199  193  191  194  195  184                                   
    75.0-180.0 180.0   5.0 450.0                            LAT/LON1/LON2/DLON/H
  178  188  181  184  185  191  192  195  196  200  200  202  201  203  202  203
  202  203  203  204  203  205  204  206  204  205  204  206  205  207  207  208
  207  208  209  208  208  208  209  209  210  211  214  216  218  221  223  227
  229  232  233  235  234  235  234  234  232  231  228  227  223  222  216  215
  211  210  203  200  193  192  195  193  178                                   
    72.5-180.0 180.0   5.0 450.0                            LAT/LON1/LON2/DLON/H
  182  186  184  185  185  189  190  193  194  196  197  198  197  198  198  198
  198  198  199  200  201  202  203  202  204  203  205  205  207  208  211  211
  213  213  216  214  216  214  216  215  216  216  218  219  221  223  224  227
  227  229  229  230  228  230  228  228  227  227  225  225  223  223  219  219
  215  213  209  204  200  196  200  200  182                                   
    70.0-180.0 180.0   5.0 450.0                            LAT/LON1/LON2/DLON/H
  182  191  183  184  182  185  185  188  188  191  191  192  191  192  191  192
  192  193  194  197  198  200  200  201  201  202  202  204  206  210  213  215
  217  218  220  219  221  219  220  218  218  218  219  219  220  221  221  221
  220  221  220  220  219  219  219  219  220  220  222  223  224  224  223  223
  221  221  215  213  206  204  206  202  182                                   
    67.5-180.0 180.0   5.0 450.0                            LAT/LON1/LON2/DLON/H
  190  192  187  184  181  181  180  182  181  183  183  184  184  184  184  185
  186  188  190  192  194  195  198  196  199  197  201  201  207  210  215  217
  221  222  225  224  225  223  223  221  221  220  221  221  220  220  218  218
  215  214  212  212  210  211  211  212  214  215  218  220  224  225  227  227
  227  227  225  220  217  212  216  207  190                                   
    65.0-180.0 180.0   5.0 450.0                            LAT/LON1/LON2/DLON/H
  195  198  187  182  176  174  172  173  173  176  177  180  178  181  179  183
  181  186  187  191  192  195  196  196  197  197  199  201  205  211  216  221
  224  227  229  229  229  226  226  223  223  222  222  221  221  219  217  214
  210  208  206  205  205  205  207  207  211  213  218  221  228  231  233  235
  234  236  232  230  224  221  223  209  195                                   
    62.5-180.0 180.0   5.0 450.0                            LAT/LON1/LON2/DLON/H
  202  198  187  178  168  164  159  160  158  162  164  167  169  171  174  174
  178  178  183  184  188  188  192  190  193  192  197  198  205  210  218  222
  228  229  232  231  232  228  228  224  225  224  225  224  223  221  218  214
  210  208  205  206  205  207  208  211  214  217  222  225  232  234  237  237
  239  239  239  234  232  228  232  212  202                                   
    60.0-180.0 180.0   5.0 450.0                            LAT/LON1/LON2/DLON/H
  203  198  183  171  161  153  148  146  147  150  154  159  164  168  171  175
  177  181  181  186  186  189  190  191  192  193  196  200  206  213  220  226
  231  234  236  236  236  233  232  229  230  228  229  228  228  225  222  217
  214  209  208  207  208  209  212  215  219  223  228  233  239  241  243  243
  243  244  242  239  234  230  231  208  203                                   
    57.5-180.0 180.0   5.0 450.0                            LAT/LON1/LON2/DLON/H
  203  193  178  165  151  142  135  131  130  132  137  142  151  155  162  166
  172  173  177  176  181  179  184  182  188  188  195  199  207  214  223  229
  235  238  241  240  241  237  238  235  236  236  236  235  234  231  228  223
  219  217  216  217  217  220  221  226  228  234  238  242  246  247  247  245
  244  242  241  236  235  230  233  208  203                                   
    55.0-180.0 180.0   5.0 450.0                            LAT/LON1/LON2/DLON/H
  201  189  173  161  149  138  130  124  121  122  126  132  141  148  158  163
  171  174  178  178  180  181  182  185  188  192  198  205  212  220  228  236
  241  246  248  249  247  245  245  243  244  243  244  242  241  239  236  234
  231  229  228  228  228  230  232  236  239  244  248  252  254  254  251  249
  245  244  239  236  230  227  225  201  201                                   
    52.5-180.0 180.0   5.0 450.0                            LAT/LON1/LON2/DLON/H
  199  184  171  158  148  136  127  119  115  111  113  118  127  135  147  157
  165  171  175  175  178  175  181  181  188  192  201  208  218  225  235  241
  249  254  259  260  260  259  258  259  257  257  255  255  253  252  248  248
  243  242  239  241  239  242  241  246  247  253  254  259  258  259  253  251
  244  242  235  231  226  222  222  202  199                                   
    50.0-180.0 180.0   5.0 450.0                            LAT/LON1/LON2/DLON/H
  197  182  169  161  154  143  135  125  118  112  110  113  119  129  139  152
  164  172  178  180  182  182  185  188  195  201  209  217  226  234  242  250
  257  266  269  273  273  272  272  270  270  266  266  262  262  259  257  254
  251  250  247  248  247  248  247  252  253  258  258  263  262  263  257  255
  247  245  237  232  223  219  216  196  197                                   
    47.5-180.0 180.0   5.0 450.0                            LAT/LON1/LON2/DLON/H
  195  180  172  165  161  152  145  133  125  114  109  108  111  119  131  145
  160  172  180  182  187  185  190  192  201  207  216  224  234  241  251  257
  267  277  283  290  291  294  293  293  288  286  280  279  274  274  269  268
  262  261  255  254  248  250  246  252  252  258  258  265  263  266  259  259
  251  247  238  231  223  216  216  200  195                                   
    45.0-180.0 180.0   5.0 450.0                            LAT/LON1/LON2/DLON/H
  193  182  173  171  170  166  160  150  140  129  120  115  113  119  128  144
  160  175  186  192  196  197  201  205  212  220  226  236  243  251  258  267
  275  290  297  308  312  317  317  316  311  305  300  293  288  284  278  275
  268  266  259  256  251  248  247  250  251  256  257  265  265  271  266  268
  260  256  247  240  227  221  218  202  193                                   
    42.5-180.0 180.0   5.0 450.0                            LAT/LON1/LON2/DLON/H
  195  184  177  174  177  174  172  162  154  140  130  120  116  117  127  140
  159  175  189  196  204  206  213  215  223  229  236  244  251  258  266  275
  285  302  312  327  332  340  340  340  335  330  322  316  307  302  293  289
  281  277  267  262  252  251  246  252  252  259  260  269  269  277  274  278
  270  266  256  247  234  225  226  212  195                                   
    40.0-180.0 180.0   5.0 450.0                            LAT/LON1/LON2/DLON/H
  194  187  179  179  182  181  181  176  169  159  147  136  127  125  128  143
  160  180  195  208  216  222  226  232  235  244  247  258  260  267  272  285
  296  317  332  349  358  366  369  367  364  356  347  338  328  320  309  303
  295  290  281  273  264  258  255  258  261  269  270  280  279  288  285  291
  284  283  269  259  244  236  235  219  194                                   
    37.5-180.0 180.0   5.0 450.0                            LAT/LON1/LON2/DLON/H
  203  190  184  180  183  179  183  179  177  169  158  146  135  129  130  140
  159  176  197  208  222  228  237  240  244  250  255  261  265  271  279  295
  308  335  349  369  378  389  391  393  386  381  369  360  350  343  333  327
  315  310  299  291  281  277  271  277  278  287  287  296  294  300  298  302
  298  294  281  267  252  242  247  229  203                                   
    35.0-180.0 180.0   5.0 450.0                            LAT/LON1/LON2/DLON/H
  207  197  188  184  183  183  182  183  182  180  171  160  150  140  136  144
  157  180  197  217  229  241  245  253  252  260  260  270  271  280  287  308
  326  354  372  392  405  417  422  422  418  410  399  388  375  368  358  353
  343  337  328  322  313  307  304  307  308  313  310  316  310  315  311  316
  310  308  294  281  262  252  255  235  207                                   
    32.5-180.0 180.0   5.0 450.0                            LAT/LON1/LON2/DLON/H
  222  202  196  186  183  176  179  176  180  180  176  166  157  144  138  139
  152  170  194  212  230  240  249  253  253  256  261  269  275  286  298  324
  346  374  392  413  425  439  441  446  442  439  427  418  405  399  387  386
  376  373  363  358  348  346  340  344  342  347  339  342  330  331  322  323
  314  308  293  279  264  254  259  240  222                                   
    30.0-180.0 180.0   5.0 450.0                            LAT/LON1/LON2/DLON/H
  228  209  201  191  185  181  177  178  178  183  179  174  164  151  142  141
  147  168  187  213  228  245  247  253  248  256  257  273  280  298  315  340
  365  394  414  434  447  458  465  467  468  466  459  451  438  431  423  422
  417  413  405  400  392  387  382  382  377  374  363  360  348  346  333  328
  317  309  296  285  270  259  260  242  228                                   
    27.5-180.0 180.0   5.0 450.0                            LAT/LON1/LON2/DLON/H
  241  218  212  200  193  184  182  175  177  179  178  173  165  149  139  132
  139  155  176  201  222  235  241  242  242  246  254  271  286  308  327  357
  384  411  429  447  456  467  470  477  478  478  472  470  460  457  451  452
  449  449  442  440  432  431  423  422  408  404  385  380  360  352  335  326
  312  300  286  275  265  259  255  243  241                                   
    25.0-180.0 180.0   5.0 450.0                            LAT/LON1/LON2/DLON/H
  248  229  225  214  207  200  190  187  181  183  176  176  165  151  140  131
  131  149  165  194  210  230  230  237  233  245  252  274  292  316  339  367
  396  421  438  451  459  467  476  482  486  486  485  481  478  473  476  479
  484  484  482  477  471  466  458  452  435  422  401  386  367  355  336  326
  308  295  282  275  264  258  252  244  248                                   
    22.5-180.0 180.0   5.0 450.0                            LAT/LON1/LON2/DLON/H
  250  235  231  220  216  210  204  196  190  183  179  172  166  150  141  128
  128  137  155  179  200  214  221  224  227  237  255  274  298  326  350  381
  407  429  441  453  454  465  467  479  479  485  480  484  478  483  485  497
  501  506  500  498  490  488  476  468  445  428  401  384  360  346  325  311
  294  280  267  260  251  248  246  242  250                                   
    20.0-180.0 180.0   5.0 450.0                            LAT/LON1/LON2/DLON/H
  253  236  232  226  223  217  214  210  196  189  178  175  164  154  141  131
  127  136  146  172  184  206  207  219  221  241  256  282  304  329  356  382
  408  426  440  447  452  458  465  470  475  477  478  479  480  485  493  504
  513  515  515  511  505  498  484  470  447  423  395  372  349  330  310  297
  283  271  260  254  244  242  238  241  253                                   
    17.5-180.0 180.0   5.0 450.0                            LAT/LON1/LON2/DLON/H
  250  238  235  228  228  222  221  214  203  191  178  167  161  148  139  128
  129  134  145  161  176  190  199  206  218  234  260  283  311  334  361  386
  407  423  433  443  444  453  453  462  462  469  469  474  474  482  485  499
  497  504  499  503  494  490  472  458  430  407  379  355  328  306  287  276
  266  255  245  237  231  229  233  233  250                                   
    15.0-180.0 180.0   5.0 450.0                            LAT/LON1/LON2/DLON/H
  243  225  227  222  225  221  220  215  207  197  179  169  155  147  135  132
  129  136  141  158  165  186  191  208  216  241  264  291  318  337  365  385
  405  419  432  441  446  452  456  460  462  466  467  472  473  477  482  488
  488  488  484  485  480  474  457  440  416  391  364  337  307  282  267  260
  254  247  238  231  223  223  222  227  243                                   
    12.5-180.0 180.0   5.0 450.0                            LAT/LON1/LON2/DLON/H
  229  212  210  211  213  214  214  209  199  190  175  163  151  138  130  124
  125  132  142  151  163  174  187  199  218  236  269  294  321  343  370  390
  409  423  435  444  448  457  458  466  463  469  467  471  467  471  466  471
  463  464  455  458  451  447  429  415  392  371  344  316  285  262  248  245
  242  235  226  218  214  209  214  209  229                                   
    10.0-180.0 180.0   5.0 450.0                            LAT/LON1/LON2/DLON/H
  209  194  191  190  193  195  196  194  189  184  172  160  147  136  126  123
  121  130  134  150  154  175  181  202  222  245  278  300  330  346  373  392
  414  427  443  450  460  467  472  476  473  474  472  471  466  465  459  459
  451  448  439  437  432  425  410  398  377  357  329  299  269  247  237  233
  231  225  218  211  206  204  202  200  209                                   
     7.5-180.0 180.0   5.0 450.0                            LAT/LON1/LON2/DLON/H
  195  179  172  168  167  167  171  170  168  162  153  144  135  123  115  110
  114  121  132  145  155  166  183  199  225  250  282  304  333  357  381  400
