data/unet/pred0290.15i
     1.0            IONOSPHERE MAPS     GNSS                IONEX VERSION / TYPE
pyspatialgeodesy        IME             05-JAN-18 20:20     PGM / RUN BY / DATE 
Map Name                                                    COMMENT             
Predicted global ionosphere maps (GIM).                     DESCRIPTION         
  2015     1    29     0     0     0                        EPOCH OF FIRST MAP  
  2015     1    30     0     0     0                        EPOCH OF LAST MAP   
  7200                                                      INTERVAL            
    13                                                      # OF MAPS IN FILE   
  NONE                                                      MAPPING FUNCTION    
10.0                                                        ELEVATION CUTOFF    
One-way carrier phase leveled to code                       OBSERVABLES USED    
  6371.0                                                    BASE RADIUS         
 2                                                          MAP DIMENSION       
   450.0 450.0   0.0                                        HGT1 / HGT2 / DHGT  
    87.5 -87.5  -2.5                                        LAT1 / LAT2 / DLAT  
  -180.0 180.0   5.0                                        LON1 / LON2 / DLON  
    -1                                                      EXPONENT            
                                                            END OF HEADER       
[from data line 1716]
     5                                                      START OF TEC MAP    
  2015     1    29     8     0     0                        EPOCH OF CURRENT MAP
    87.5-180.0 180.0   5.0 450.0                            LAT/LON1/LON2/DLON/H
   51   67   68   70   67   67   68   69   70   70   70   69   69   69   68   67
   67   66   66   65   66   65   65   64   64   64   64   64   64   64   64   63
   63   63   63   62   62   61   61   60   60   59   59   57   59   57   58   57
   58   57   58   58   58   58   57   58   57   57   55   55   54   54   53   53
   53   53   53   54   56   55   54   52   51                                   
    85.0-180.0 180.0   5.0 450.0                            LAT/LON1/LON2/DLON/H
   53   74   70   77   71   77   75   82   79   84   80   84   80   83   78   81
   76   79   74   77   73   77   72   75   72   75   72   76   72   76   72   76
   72   75   69   74   69   73   66   72   65   70   64   69   64   69   63   68
   62   66   60   65   58   63   55   60   53   58   50   55   48   53   46   53
   48   54   49   55   52   53   56   53   53                                   
    82.5-180.0 180.0   5.0 450.0                            LAT/LON1/LON2/DLON/H
   56   70   63   69   71   74   77   81   82   83   82   83   80   80   76   75
   71   70   66   66   62   63   59   61   58   61   59   63   61   66   64   67
   65   66   64   65   63   63   62   62   62   62   62   62   63   63   64   64
   64   64   63   64   61   61   57   57   51   51   45   46   41   41   38   39
   38   40   40   41   40   39   40   44   56                                   
    80.0-180.0 180.0   5.0 450.0                            LAT/LON1/LON2/DLON/H
   51   58   55   62   66   71   74   79   80   81   81   80   78   75   72   69
   65   60   55   53   47   48   42   46   41   48   44   53   51   58   57   61
   60   61   61   60   60   59   59   58   60   59   61   63   66   68   71   73
   75   75   75   75   74   71   69   66   63   58   54   50   45   42   38   37
   34   35   32   32   32   28   32   41   51                                   
    77.5-180.0 180.0   5.0 450.0                            LAT/LON1/LON2/DLON/H
   43   58   53   56   61   65   69   73   74   76   74   75   71   68   64   59
   53   48   43   38   34   31   30   29   30   32   36   39   44   48   52   54
   56   55   56   55   54   53   53   54   56   58   62   65   70   74   80   84
   89   90   93   92   92   89   87   83   78   73   69   62   57   50   46   42
   39   35   35   31   32   27   30   32   43                                   
    75.0-180.0 180.0   5.0 450.0                            LAT/LON1/LON2/DLON/H
   47   55   50   51   57   60   65   68   70   72   71   71   67   65   59   55
   47   44   36   33   28   27   25   26   26   31   33   40   42   49   50   54
   54   55   55   54   52   52   52   55   59   64   70   78   85   93   99  106
  111  115  119  120  120  118  114  110  103   97   91   83   75   67   61   54
   48   42   39   34   33   28   30   34   47                                   
    72.5-180.0 180.0   5.0 450.0                            LAT/LON1/LON2/DLON/H
   45   58   50   51   55   57   61   63   64   65   65   65   63   60   56   51
   47   40   36   30   28   25   24   25   27   31   36   41   46   50   55   56
   57   56   55   53   52   50   53   56   62   68   79   88  102  112  124  130
  139  142  148  147  148  145  143  137  133  124  117  106   98   87   81   70
   65   55   51   42   40   35   36   34   45                                   
    70.0-180.0 180.0   5.0 450.0                            LAT/LON1/LON2/DLON/H
   47   55   49   47   51   54   59   59   63   61   65   64   65   62   60   56
   52   47   43   38   36   34   33   35   37   42   45   51   54   57   59   59
   59   56   56   52   52   51   55   61   70   81   95  113  125  142  152  163
  169  177  180  185  185  182  178  171  163  154  144  135  124  114  104   94
   84   75   67   58   53   43   43   42   47                                   
    67.5-180.0 180.0   5.0 450.0                            LAT/LON1/LON2/DLON/H
   50   60   49   47   51   51   55   56   59   58   61   61   63   61   63   59
   58   52   51   46   44   43   42   44   46   50   53   57   59   60   61   59
   58   54   53   51   51   52   58   66   77   91  112  126  146  159  174  183
  194  200  208  209  211  206  204  194  186  175  166  154  146  134  126  112
  103   89   82   70   65   52   51   43   50                                   
    65.0-180.0 180.0   5.0 450.0                            LAT/LON1/LON2/DLON/H
   49   54   45   43   46   49   52   54   56   57   61   62   65   66   68   66
   66   62   60   56   55   54   54   56   56   58   61   62   63   62   61   57
   56   51   51   49   52   55   64   76   92  110  128  146  160  177  186  200
  208  218  224  227  226  223  215  209  199  192  181  173  161  152  138  128
  114  102   90   79   71   58   55   48   49                                   
    62.5-180.0 180.0   5.0 450.0                            LAT/LON1/LON2/DLON/H
   50   57   44   40   44   45   50   50   53   54   58   59   63   64   68   66
   68   64   64   61   59   59   59   60   59   61   61   61   61   58   56   51
   49   46   47   48   54   61   72   88  106  122  142  154  173  185  199  211
  221  228  233  230  230  223  218  208  203  194  188  177  170  158  147  132
  121  106   95   82   76   62   58   44   50                                   
    60.0-180.0 180.0   5.0 450.0                            LAT/LON1/LON2/DLON/H
   46   47   38   36   38   41   44   47   48   51   53   58   61   64   67   68
   68   66   65   62   61   61   61   62   61   61   60   58   56   52   49   45
   43   44   47   52   60   72   86  104  122  140  153  170  179  197  206  221
  227  233  234  233  230  223  215  209  204  197  189  183  175  166  151  140
  124  110   96   85   78   62   57   46   46                                   
    57.5-180.0 180.0   5.0 450.0                            LAT/LON1/LON2/DLON/H
   48   51   37   34   37   38   42   43   45   46   49   52   56   58   61   61
   62   59   58   56   55   55   55   56   55   55   52   50   46   43   41   39
   38   42   48   57   68   82   99  116  136  150  165  178  191  204  216  229
  234  238  237  233  230  221  217  209  205  198  193  186  180  167  156  139
  127  109   98   86   79   64   60   44   48                                   
    55.0-180.0 180.0   5.0 450.0                            LAT/LON1/LON2/DLON/H
   50   48   36   33   35   38   39   41   40   41   42   47   50   54   56   56
   56   52   52   48   50   49   50   51   51   49   46   44   40   38   34   36
   37   46   54   68   82   98  116  134  150  165  175  191  199  215  224  237
  241  244  242  238  233  226  219  216  210  207  199  195  187  177  161  147
  130  115  101   91   83   68   65   52   50                                   
    52.5-180.0 180.0   5.0 450.0                            LAT/LON1/LON2/DLON/H
   61   61   44   39   40   41   41   42   39   40   39   43   45   49   50   50
   48   44   43   40   40   41   42   44   45   43   41   39   35   34   33   36
   40   50   62   78   95  111  130  147  164  176  191  201  214  227  237  248
  253  255  253  247  244  236  234  229  226  220  213  206  199  186  172  152
  137  118  106   94   89   76   75   61   61                                   
    50.0-180.0 180.0   5.0 450.0                            LAT/LON1/LON2/DLON/H
   69   68   53   48   48   48   46   44   40   39   37   41   42   45   46   46
   44   40   40   37   40   40   44   45   46   44   42   38   36   35   36   40
   48   59   74   94  111  129  146  163  177  193  203  218  226  240  249  260
  265  267  264  260  255  250  246  245  240  238  226  223  212  201  185  166
  147  129  113  103   98   87   86   76   69                                   
    47.5-180.0 180.0   5.0 450.0                            LAT/LON1/LON2/DLON/H
   85   85   68   62   61   58   55   53   46   45   40   43   43   46   46   45
   42   39   38   37   39   43   46   49   49   48   44   42   39   40   40   46
   55   68   87  104  125  140  159  173  191  202  218  228  242  254  264  274
  279  279  278  272  271  263  264  259  258  251  244  236  227  212  199  177
  159  135  121  110  106   98   98   87   85                                   
    45.0-180.0 180.0   5.0 450.0                            LAT/LON1/LON2/DLON/H
   90   91   79   73   72   68   65   61   56   52   49   49   49   51   51   50
   48   45   45   46   51   55   59   61   62   58   55   51   48   46   48   51
   62   76   95  116  135  152  166  185  197  215  224  241  252  265  274  285
  288  289  285  281  279  273  269  269  263  260  247  244  231  221  203  184
  165  144  125  116  111  104  104   96   90                                   
    42.5-180.0 180.0   5.0 450.0                            LAT/LON1/LON2/DLON/H
   97   99   87   83   82   77   74   72   66   63   59   61   60   61   59   58
   55   54   54   57   62   69   71   76   74   72   65   61   55   53   52   56
   67   81  103  119  144  155  177  186  209  217  236  248  266  277  290  294
  299  295  294  287  287  278  275  268  265  256  250  241  233  219  206  184
  167  143  127  114  111  105  106   96   97                                   
    40.0-180.0 180.0   5.0 450.0                            LAT/LON1/LON2/DLON/H
   88   92   83   82   84   81   79   76   74   72   71   72   72   72   71   70
   68   67   69   74   79   86   90   93   91   85   78   70   64   58   58   61
   74   91  110  135  152  174  186  204  214  233  242  262  275  289  298  303
  306  304  303  296  295  284  279  273  267  260  248  243  232  221  205  187
  169  147  126  114  108   99  100   87   88                                   
    37.5-180.0 180.0   5.0 450.0                            LAT/LON1/LON2/DLON/H
   83   87   77   79   84   83   83   81   81   82   81   84   84   84   82   81
   80   80   83   87   93  100  105  108  104   99   88   78   68   63   59   65
   75   94  116  138  166  181  201  213  230  240  258  270  289  300  311  312
  318  315  317  310  310  297  290  280  276  266  258  248  240  224  212  190
  173  149  130  112  104   91   93   77   83                                   
    35.0-180.0 180.0   5.0 450.0                            LAT/LON1/LON2/DLON/H
   70   77   67   71   77   79   81   80   82   84   88   91   92   93   92   93
   93   94   97  102  109  116  119  120  116  108   96   82   72   66   62   63
   77   91  115  143  167  192  207  225  240  256  268  284  304  313  323  324
  333  334  341  337  339  325  315  305  299  291  281  273  259  243  227  206
  190  165  141  122  107   90   87   66   70                                   
    32.5-180.0 180.0   5.0 450.0                            LAT/LON1/LON2/DLON/H
   68   76   60   64   72   73   78   78   82   87   90   96   97   99   99  100
  102  103  108  111  117  121  125  125  123  112  101   87   74   69   62   65
   73   96  120  153  177  200  222  241  259  275  289  309  324  334  344  348
  358  364  374  375  379  367  356  345  337  330  322  312  300  280  261  237
  220  196  173  146  125  100   91   65   68                                   
    30.0-180.0 180.0   5.0 450.0                            LAT/LON1/LON2/DLON/H
   73   74   63   64   68   71   72   74   76   81   86   92   96   99  102  104
  109  111  116  118  123  125  128  127  124  115  103   88   77   68   65   71
   81  100  121  159  182  211  225  255  272  295  313  336  352  365  375  383
  393  404  421  427  434  423  412  402  391  385  378  368  355  333  316  294
  271  249  224  192  165  136  117   82   73                                   
    27.5-180.0 180.0   5.0 450.0                            LAT/LON1/LON2/DLON/H
   97   89   78   77   76   76   76   75   75   79   82   89   91   98  100  104
  109  111  116  117  121  122  126  123  122  112  102   88   81   75   73   81
   92  112  137  169  198  227  246  277  295  324  345  369  387  406  417  426
  433  450  465  483  490  489  478  468  458  453  446  435  420  399  378  358
  339  318  292  257  222  183  152  114   97                                   
    25.0-180.0 180.0   5.0 450.0                            LAT/LON1/LON2/DLON/H
  127  114  100   94   91   85   82   80   77   77   79   83   87   92   96  101
  107  110  114  115  118  118  121  121  120  114  105   95   91   89   91   93
  104  118  146  180  217  243  269  299  323  353  376  401  421  439  451  462
  469  489  511  534  550  551  545  538  534  535  530  521  505  485  470  454
  441  423  390  351  306  260  205  174  127                                   
    22.5-180.0 180.0   5.0 450.0                            LAT/LON1/LON2/DLON/H
  173  148  134  118  111  100   94   89   88   84   82   84   86   92   94  100
  102  104  107  107  110  111  115  116  118  114  111  105  104  104  104  104
  119  135  171  207  239  267  292  328  357  390  410  435  454  473  490  501
  512  534  556  589  608  617  612  608  601  595  587  580  569  555  542  530
  518  504  482  443  402  353  291  248  173                                   
    20.0-180.0 180.0   5.0 450.0                            LAT/LON1/LON2/DLON/H
  236  209  188  171  140  128  111  100   90   87   88   87   87   90   93   97
  100  100  102  100  104  104  109  114  118  118  114  108  108  107  105  108
  121  145  184  220  255  284  310  351  385  419  440  462  483  504  522  534
  549  574  600  631  654  660  656  646  640  633  628  623  612  604  592  584
  576  572  559  528  482  435  386  332  236                                   
    17.5-180.0 180.0   5.0 450.0                            LAT/LON1/LON2/DLON/H
  314  279  255  228  197  173  147  129  116  103   98   97   98   97   97   99
  100  101   98  100  101  103  109  114  121  121  120  113  113  111  115  118
  135  163  194  231  262  295  324  364  403  437  458  483  506  531  554  574
  592  616  637  663  681  679  673  666  665  662  663  660  654  644  633  623
  613  608  595  573  543  501  448  412  314                                   
    15.0-180.0 180.0   5.0 450.0                            LAT/LON1/LON2/DLON/H
  374  334  308  282  244  224  188  173  141  127  115  108  104  106  104  101
  102  100  101   99  103  103  111  118  124  124  122  112  112  108  111  119
  136  161  200  232  269  304  337  374  419  453  477  499  524  550  578  593
  616  629  653  666  683  677  674  669  670  673  679  680  677  670  657  646
  635  627  614  592  563  541  495  457  374                                   
    12.5-180.0 180.0   5.0 450.0                            LAT/LON1/LON2/DLON/H
  410  374  346  326  293  267  236  214  184  165  139  130  123  117  118  110
  111  105  104  104  107  109  117  123  129  128  125  119  114  112  109  123
  130  167  192  232  266  300  341  379  422  455  480  507  535  565  589  610
  627  638  651  658  666  662  660  656  661  663  674  676  677  667  656  643
  632  622  611  587  562  546  524  481  410                                   
    10.0-180.0 180.0   5.0 450.0                            LAT/LON1/LON2/DLON/H
  424  401  369  341  313  299  262  247  214  195  161  150  130  129  118  120
  122  115  113  110  115  116  127  132  139  135  130  118  112  102  108  112
  135  162  200  236  276  308  353  386  430  458  486  502  533  556  587  597
  617  620  631  631  642  639  640  639  644  652  660  665  665  660  647  635
  621  609  596  572  552  538  509  478  424                                   
     7.5-180.0 180.0   5.0 450.0                            LAT/LON1/LON2/DLON/H
  431  420  394  367  344  331  300  278  248  226  195  178  155  146  132  123
  124  117  125  121  128  132  140  145  147  140  134  124  112  107  101  116
