data/unet/pred1700.15i
     1.0            IONOSPHERE MAPS     GNSS                IONEX VERSION / TYPE
pyspatialgeodesy        IME             05-JAN-18 20:20     PGM / RUN BY / DATE 
Map Name                                                    COMMENT             
Predicted global ionosphere maps (GIM).                     DESCRIPTION         
  2015     6    19     0     0     0                        EPOCH OF FIRST MAP  
  2015     6    20     0     0     0                        EPOCH OF LAST MAP   
  7200                                                      INTERVAL            
    13                                                      # OF MAPS IN FILE   
  NONE                                                      MAPPING FUNCTION    
10.0                                                        ELEVATION CUTOFF    
One-way carrier phase leveled to code                       OBSERVABLES USED    
  6371.0                                                    BASE RADIUS         
 2                                                          MAP DIMENSION       
   450.0 450.0   0.0                                        HGT1 / HGT2 / DHGT  
    87.5 -87.5  -2.5                                        LAT1 / LAT2 / DLAT  
  -180.0 180.0   5.0                                        LON1 / LON2 / DLON  
    -1                                                      EXPONENT            
                                                            END OF HEADER       
[from data line 1716]
     5                                                      START OF TEC MAP    
  2015     6    19     8     0     0                        EPOCH OF CURRENT MAP
    87.5-180.0 180.0   5.0 450.0                            LAT/LON1/LON2/DLON/H
  151  165  178  176  179  172  172  167  170  163  166  160  165  158  163  157
  163  157  163  158  164  158  165  158  165  158  164  158  164  159  165  160
  167  163  169  165  170  165  169  164  167  163  167  163  167  163  167  165
  168  166  170  168  170  169  171  169  171  169  171  169  171  169  170  169
  172  170  174  171  172  166  171  148  151                                   
    85.0-180.0 180.0   5.0 450.0                            LAT/LON1/LON2/DLON/H
  159  176  176  181  177  172  171  169  170  167  168  165  168  165  166  164
  166  165  166  164  166  165  166  164  165  163  163  161  163  162  163  162
  165  165  167  166  168  167  167  165  165  165  165  165  165  166  166  168
  168  171  170  173  172  174  172  174  173  174  172  173  172  172  169  170
  170  171  171  171  170  166  169  149  159                                   
    82.5-180.0 180.0   5.0 450.0                            LAT/LON1/LON2/DLON/H
  160  168  170  174  170  170  167  169  167  168  166  167  166  167  165  166
  165  166  165  166  165  167  164  165  163  164  161  161  160  161  159  161
  160  162  161  163  162  163  162  162  161  163  163  165  165  168  169  172
  173  176  177  179  179  180  180  181  179  179  176  175  173  172  168  167
  166  165  164  162  162  160  160  149  160                                   
    80.0-180.0 180.0   5.0 450.0                            LAT/LON1/LON2/DLON/H
  160  161  165  167  166  163  164  163  165  163  164  163  163  162  162  162
  162  161  161  161  161  160  159  158  157  155  154  152  154  151  153  152
  154  153  156  154  157  155  158  157  160  159  163  164  168  170  174  177
  181  183  186  188  190  190  191  191  190  188  185  183  180  176  171  170
  167  165  163  160  161  154  155  147  160                                   
    77.5-180.0 180.0   5.0 450.0                            LAT/LON1/LON2/DLON/H
  158  162  164  167  165  164  163  161  162  160  161  159  159  157  157  156
  157  155  156  154  155  152  152  149  150  146  147  143  146  144  147  147
  150  150  152  152  153  153  155  156  158  160  164  169  172  178  182  188
  193  198  201  205  206  209  208  209  206  204  201  198  194  188  183  178
  175  169  167  162  161  155  154  144  158                                   
    75.0-180.0 180.0   5.0 450.0                            LAT/LON1/LON2/DLON/H
  162  159  164  164  164  161  161  158  159  156  156  152  153  149  150  147
  149  146  147  145  145  142  141  137  137  132  133  130  133  133  137  140
  143  146  149  150  154  152  156  156  161  162  170  173  181  186  193  198
  203  208  211  215  216  218  218  218  215  213  209  207  201  196  189  185
  178  176  170  168  165  157  157  148  162                                   
    72.5-180.0 180.0   5.0 450.0                            LAT/LON1/LON2/DLON/H
  165  163  162  162  161  159  157  155  155  151  151  146  146  142  141  138
  140  137  138  135  135  130  129  123  122  116  117  115  119  120  127  131
  137  141  145  149  151  154  156  161  163  170  174  184  189  198  204  213
  216  222  223  228  227  229  226  228  224  224  219  218  212  206  199  192
  187  181  178  170  169  162  160  151  165                                   
    70.0-180.0 180.0   5.0 450.0                            LAT/LON1/LON2/DLON/H
  171  160  162  160  159  155  153  150  149  146  146  140  141  134  136  132
  134  132  133  131  130  126  123  118  114  109  108  109  112  119  123  133
  137  144  148  153  157  159  164  166  173  177  186  192  201  208  215  221
  224  227  228  229  228  227  224  224  222  221  219  217  215  208  204  198
  192  188  183  180  175  167  167  161  171                                   
    67.5-180.0 180.0   5.0 450.0                            LAT/LON1/LON2/DLON/H
  173  163  161  157  153  148  146  142  142  138  138  133  133  128  129  126
  129  126  128  124  125  119  117  109  105   99  100  100  107  112  123  131
  139  146  153  159  163  168  171  177  180  189  195  206  212  220  224  229
  229  230  228  227  222  220  216  217  213  214  211  214  211  211  205  203
  198  193  190  185  183  174  172  163  173                                   
    65.0-180.0 180.0   5.0 450.0                            LAT/LON1/LON2/DLON/H
  180  164  163  156  151  144  140  137  134  133  132  129  128  124  124  122
  124  122  123  122  122  117  114  107  103   98   98  102  108  118  126  138
  145  155  162  167  173  177  182  186  193  200  209  218  225  231  234  235
  233  230  226  220  215  209  207  204  205  203  206  206  209  205  206  202
  201  197  196  194  194  183  181  177  180                                   
    62.5-180.0 180.0   5.0 450.0                            LAT/LON1/LON2/DLON/H
  187  174  166  159  150  140  134  129  127  124  125  122  122  118  119  115
  118  115  118  114  116  109  108  100  100   95   99  101  111  119  131  141
  150  160  168  176  180  186  190  196  203  212  221  231  237  241  243  241
  236  231  224  217  209  203  198  196  195  196  198  202  204  206  204  205
  203  201  203  203  204  194  189  182  187                                   
    60.0-180.0 180.0   5.0 450.0                            LAT/LON1/LON2/DLON/H
  200  183  175  165  154  142  134  127  123  121  121  119  118  115  113  111
  111  109  110  107  108  105  104   99  100   99  103  109  118  129  139  148
  157  167  176  183  190  196  201  207  214  226  234  243  248  251  250  246
  239  232  222  214  205  199  194  191  192  191  196  196  203  201  205  202
  204  202  207  208  214  201  199  199  200                                   
    57.5-180.0 180.0   5.0 450.0                            LAT/LON1/LON2/DLON/H
  212  201  188  177  162  147  135  124  119  115  114  112  111  109  108  105
  104  101  101   98   99   96   97   95   99  100  109  113  126  134  144  152
  160  171  179  189  196  205  211  220  227  239  247  255  259  260  259  252
  245  236  227  218  210  202  197  192  191  190  192  195  197  201  202  203
  203  204  208  213  219  210  211  209  212                                   
    55.0-180.0 180.0   5.0 450.0                            LAT/LON1/LON2/DLON/H
  229  217  208  193  177  159  146  132  122  116  113  111  109  107  103  101
   98   95   93   91   91   91   93   94  101  106  115  125  135  144  152  159
  166  177  187  197  206  216  223  232  239  251  259  266  268  269  264  258
  250  242  233  224  215  208  202  198  195  194  195  196  199  198  201  198
  201  201  207  211  223  217  223  227  229                                   
    52.5-180.0 180.0   5.0 450.0                            LAT/LON1/LON2/DLON/H
  243  239  227  214  197  176  158  142  128  118  112  109  106  103  101   97
   94   90   88   84   84   83   87   91  100  108  120  129  141  148  156  162
  169  181  191  206  216  229  238  248  255  266  273  279  281  278  274  266
  259  251  244  235  226  218  211  203  200  197  195  195  195  197  196  197
  197  201  204  214  224  226  232  236  243                                   
    50.0-180.0 180.0   5.0 450.0                            LAT/LON1/LON2/DLON/H
  255  251  246  233  217  196  177  159  143  128  119  113  109  106  103  100
   97   93   89   86   85   85   90   95  107  116  129  141  150  158  165  170
  178  189  203  217  230  243  254  264  271  281  289  295  296  293  286  279
  270  266  258  251  241  230  220  211  206  203  199  200  201  202  203  202
  204  204  211  219  234  233  246  251  255                                   
    47.5-180.0 180.0   5.0 450.0                            LAT/LON1/LON2/DLON/H
  258  261  257  248  233  212  194  171  152  136  123  116  110  107  103  101
   98   94   92   87   86   85   90   96  108  119  132  143  153  161  167  174
  182  197  209  228  241  259  269  281  289  299  307  310  313  306  301  290
  284  277  271  262  252  239  228  218  211  207  203  204  204  206  209  209
  211  212  216  224  234  236  246  253  258                                   
    45.0-180.0 180.0   5.0 450.0                            LAT/LON1/LON2/DLON/H
  255  256  257  253  240  223  208  187  168  151  136  126  119  115  113  111
  110  107  104  100   97   98  101  107  118  129  142  154  163  169  177  182
  193  206  222  238  255  273  287  299  307  316  323  327  326  322  314  307
  299  296  288  279  266  253  238  227  218  212  207  208  208  211  214  217
  217  219  221  227  237  236  249  254  255                                   
    42.5-180.0 180.0   5.0 450.0                            LAT/LON1/LON2/DLON/H
  245  249  248  247  238  226  213  196  177  160  144  135  125  123  119  119
  118  117  116  110  108  105  110  113  124  133  146  157  167  174  183  191
  201  215  231  248  268  286  300  311  320  327  334  336  339  332  327  317
  313  305  301  288  277  261  248  234  226  217  213  212  213  218  223  225
  229  229  231  233  239  235  242  243  245                                   
    40.0-180.0 180.0   5.0 450.0                            LAT/LON1/LON2/DLON/H
  233  232  233  230  228  220  212  200  187  172  158  148  139  135  133  133
  134  132  131  127  123  122  124  129  137  146  157  167  177  184  194  200
  213  223  239  253  274  291  306  318  326  335  339  346  348  345  339  331
  326  321  315  304  291  272  259  245  238  231  227  226  227  231  235  240
  242  244  244  243  246  235  240  239  233                                   
    37.5-180.0 180.0   5.0 450.0                            LAT/LON1/LON2/DLON/H
  221  221  215  213  209  204  201  194  185  175  163  154  146  143  139  140
  140  140  140  136  134  132  136  138  147  153  165  175  185  193  203  211
  221  231  244  257  274  287  300  314  323  334  340  349  355  353  352  344
  342  334  333  321  311  294  281  268  261  254  250  247  246  248  252  255
  260  261  261  258  256  240  236  231  221                                   
    35.0-180.0 180.0   5.0 450.0                            LAT/LON1/LON2/DLON/H
  214  208  203  197  192  190  189  188  183  178  170  164  157  154  151  150
  150  149  149  146  144  144  147  153  158  166  175  184  194  200  213  216
  228  230  245  249  269  279  297  313  327  341  349  358  365  365  366  361
  360  357  357  353  344  328  314  299  290  281  276  272  268  268  269  274
  278  281  277  272  267  245  239  236  214                                   
    32.5-180.0 180.0   5.0 450.0                            LAT/LON1/LON2/DLON/H
  220  212  200  189  181  176  175  175  176  174  172  169  164  160  156  154
  152  151  151  150  150  152  156  162  169  176  185  192  200  208  217  222
  228  232  239  247  257  271  285  304  321  335  347  358  368  373  379  378
  384  382  392  387  387  370  360  341  330  321  312  305  298  293  292  293
  297  298  295  288  281  261  248  241  220                                   
    30.0-180.0 180.0   5.0 450.0                            LAT/LON1/LON2/DLON/H
  236  224  208  193  181  173  169  170  173  177  178  179  176  173  166  163
  158  154  154  153  156  159  163  173  177  187  191  198  205  210  221  220
  229  225  237  237  257  267  288  306  326  342  354  367  380  390  397  405
  414  425  437  443  444  433  421  401  386  370  355  344  328  320  314  314
  315  316  311  305  299  275  264  260  236                                   
    27.5-180.0 180.0   5.0 450.0                            LAT/LON1/LON2/DLON/H
  257  245  227  211  196  182  175  171  174  177  182  182  183  178  172  164
  159  153  153  154  155  160  166  175  184  190  194  197  201  207  213  217
  223  226  231  239  250  265  283  299  321  334  353  364  382  396  409  423
  438  455  476  485  497  488  482  460  441  418  400  378  360  343  336  329
  331  328  326  320  316  299  285  273  257                                   
    25.0-180.0 180.0   5.0 450.0                            LAT/LON1/LON2/DLON/H
  274  271  253  234  219  203  193  188  187  189  191  193  192  188  180  172
  162  156  153  152  154  161  167  180  184  193  190  193  194  198  207  207
  219  215  229  233  250  265  283  297  315  333  348  368  384  406  420  442
  460  485  511  527  547  545  539  515  489  461  437  414  387  369  353  344
  345  343  340  338  331  315  305  294  274                                   
    22.5-180.0 180.0   5.0 450.0                            LAT/LON1/LON2/DLON/H
  293  298  287  272  253  233  219  209  205  201  201  199  198  192  185  173
  163  153  150  149  151  156  164  174  182  185  180  180  178  184  188  197
  204  214  223  234  250  265  283  293  313  324  346  361  384  402  424  446
  469  493  524  545  568  571  567  545  515  486  458  435  410  384  371  357
  357  353  352  345  343  330  321  302  293                                   
    20.0-180.0 180.0   5.0 450.0                            LAT/LON1/LON2/DLON/H
  304  318  311  302  290  267  247  234  224  219  215  211  206  202  193  183
  169  159  153  150  151  157  163  176  181  183  174  168  167  168  181  188
  203  209  222  233  250  267  283  296  314  332  349  370  387  408  422  447
  466  490  517  534  562  562  567  542  521  489  467  445  424  401  385  372
  372  371  363  360  350  340  330  314  304                                   
    17.5-180.0 180.0   5.0 450.0                            LAT/LON1/LON2/DLON/H
  310  330  327  326  320  301  281  264  251  239  231  222  216  208  200  187
  173  158  151  147  147  154  160  170  175  171  158  149  145  153  160  179
  188  205  215  236  248  273  283  302  316  336  353  371  389  404  424  440
  459  473  495  509  527  530  529  518  501  484  467  451  434  415  399  386
  384  379  374  364  358  344  335  312  310                                   
    15.0-180.0 180.0   5.0 450.0                            LAT/LON1/LON2/DLON/H
  308  330  331  334  335  318  300  281  269  257  244  232  222  214  204  194
  178  165  154  151  148  155  160  169  169  160  145  132  130  135  151  167
  185  201  218  238  252  274  290  306  325  347  363  382  397  412  423  439
  448  459  468  478  488  488  491  483  481  471  470  460  450  432  415  404
  395  396  382  380  363  349  333  316  308                                   
    12.5-180.0 180.0   5.0 450.0                            LAT/LON1/LON2/DLON/H
  306  323  322  325  325  315  298  282  271  261  252  237  226  215  206  194
  180  165  155  148  146  149  155  158  157  143  125  115  108  119  129  152
  173  198  217  240  256  285  302  325  338  361  372  389  402  413  423  434
  441  445  449  456  461  467  467  473  472  475  479  479  469  455  433  420
  409  401  392  381  370  349  334  310  306                                   
    10.0-180.0 180.0   5.0 450.0                            LAT/LON1/LON2/DLON/H
  298  310  308  308  306  294  280  269  265  258  250  234  221  209  200  191
  178  165  154  148  144  148  149  153  146  130  110   98   99  105  120  141
  170  196  223  242  265  287  312  330  350  368  380  394  405  415  423  432
  437  440  441  447  448  453  456  465  472  486  494  492  477  466  447  433
  414  413  397  392  372  349  327  312  298                                   
     7.5-180.0 180.0   5.0 450.0                            LAT/LON1/LON2/DLON/H
  300  303  297  293  284  271  258  252  249  245  239  226  214  204  193  184
  173  161  149  143  137  138  138  137  128  113   96   88   86   93  107  132
