data/unet/pred3430.15i
     1.0            IONOSPHERE MAPS     GNSS                IONEX VERSION / TYPE
pyspatialgeodesy        IME             05-JAN-18 20:20     PGM / RUN BY / DATE 
Map Name                                                    COMMENT             
Predicted global ionosphere maps (GIM).                     DESCRIPTION         
  2015    12     9     0     0     0                        EPOCH OF FIRST MAP  
  2015    12    10     0     0     0                        EPOCH OF LAST MAP   
  7200                                                      INTERVAL            
    13                                                      # OF MAPS IN FILE   
  NONE                                                      MAPPING FUNCTION    
10.0                                                        ELEVATION CUTOFF    
One-way carrier phase leveled to code                       OBSERVABLES USED    
  6371.0                                                    BASE RADIUS         
 2                                                          MAP DIMENSION       
   450.0 450.0   0.0                                        HGT1 / HGT2 / DHGT  
    87.5 -87.5  -2.5                                        LAT1 / LAT2 / DLAT  
  -180.0 180.0   5.0                                        LON1 / LON2 / DLON  
    -1                                                      EXPONENT            
                                                            END OF HEADER       
[from data line 3003]
     8                                                      START OF TEC MAP    
  2015    12     9    14     0     0                        EPOCH OF CURRENT MAP
    87.5-180.0 180.0   5.0 450.0                            LAT/LON1/LON2/DLON/H
   32   51   53   50   50   49   50   49   50   48   49   47   48   46   46   46
   46   45   45   46   46   46   45   46   46   47   45   46   45   46   45   45
   45   46   45   45   45   45   45   44   45   44   45   44   45   44   45   44
   46   44   46   44   47   44   46   44   47   44   47   44   47   44   47   44
   47   45   47   46   45   48   59   52   32                                   
    85.0-180.0 180.0   5.0 450.0                            LAT/LON1/LON2/DLON/H
   46   56   49   46   49   46   50   47   50   48   50   48   50   47   49   46
   48   46   48   45   47   45   47   44   46   44   45   42   44   42   44   42
   43   42   44   42   44   42   44   42   43   42   43   41   43   41   42   39
   41   39   40   37   39   37   39   36   38   36   38   35   38   35   38   35
   38   36   40   38   44   44   50   37   46                                   
    82.5-180.0 180.0   5.0 450.0                            LAT/LON1/LON2/DLON/H
   32   44   39   41   39   40   39   41   40   41   39   40   39   40   38   39
   37   38   37   38   37   39   36   38   36   38   35   38   34   37   33   36
   33   37   33   37   34   37   33   36   33   36   32   34   31   33   30   30
   29   30   28   28   28   29   27   28   27   28   26   27   26   27   26   27
   27   28   28   29   29   30   32   19   32                                   
    80.0-180.0 180.0   5.0 450.0                            LAT/LON1/LON2/DLON/H
   27   35   32   36   35   36   35   36   35   36   33   35   32   34   30   33
   31   33   31   34   33   36   34   37   34   37   33   36   33   35   31   34
   32   34   33   35   34   36   34   35   33   33   30   31   28   29   26   27
   26   27   25   27   26   27   25   27   25   25   23   24   23   23   22   23
   23   25   23   26   25   24   29   15   27                                   
    77.5-180.0 180.0   5.0 450.0                            LAT/LON1/LON2/DLON/H
   13   32   31   29   31   30   31   30   30   29   28   27   26   25   25   25
   25   27   28   30   31   34   35   37   36   38   36   36   33   34   31   32
   29   32   30   33   30   32   30   31   28   27   25   24   22   22   21   22
   22   23   23   25   25   26   26   26   25   25   24   23   22   22   22   22
   22   22   22   22   21   20   21    7   13                                   
    75.0-180.0 180.0   5.0 450.0                            LAT/LON1/LON2/DLON/H
   19   27   29   28   30   27   29   26   28   23   25   21   22   19   21   19
   22   22   26   27   32   34   39   39   42   42   42   39   38   36   34   33
   32   33   34   34   36   35   35   33   31   27   26   21   22   19   21   19
   22   21   25   24   27   25   28   25   27   24   26   22   24   21   23   21
   23   21   24   23   25   21   26   11   19                                   
    72.5-180.0 180.0   5.0 450.0                            LAT/LON1/LON2/DLON/H
   17   34   33   30   31   29   30   29   28   27   25   24   21   20   19   20
   20   23   25   31   35   41   45   53   52   57   53   55   48   47   43   42
   41   42   42   44   43   44   42   40   35   32   26   24   20   20   19   21
   21   25   26   29   29   31   31   32   31   30   29   28   27   26   26   25
   26   27   28   28   28   25   27   12   17                                   
    70.0-180.0 180.0   5.0 450.0                            LAT/LON1/LON2/DLON/H
   25   31   34   31   31   28   30   27   28   24   24   21   20   17   17   15
   17   19   24   30   37   45   52   62   64   68   67   66   60   58   52   52
   50   51   52   53   53   52   50   45   41   33   28   22   21   17   19   19
   23   23   28   29   32   32   35   33   34   32   32   30   30   27   29   27
   29   28   31   31   33   28   33   20   25                                   
    67.5-180.0 180.0   5.0 450.0                            LAT/LON1/LON2/DLON/H
   24   37   36   32   31   30   30   30   29   27   26   24   22   19   17   15
   16   18   25   31   42   52   61   72   77   82   81   82   75   73   66   67
   62   65   64   66   64   63   58   53   46   39   32   27   22   21   20   22
   24   27   29   33   34   36   36   37   36   36   36   35   34   32   32   31
   33   32   35   35   36   32   33   21   24                                   
    65.0-180.0 180.0   5.0 450.0                            LAT/LON1/LON2/DLON/H
   29   32   34   31   32   29   31   28   29   27   27   24   22   17   15   13
   13   16   21   30   41   54   67   79   86   92   93   91   87   82   78   76
   74   75   75   75   73   70   65   57   48   38   32   24   22   18   20   18
   22   22   27   28   32   31   35   34   37   36   38   35   36   33   33   31
   33   33   35   36   37   32   35   24   29                                   
    62.5-180.0 180.0   5.0 450.0                            LAT/LON1/LON2/DLON/H
   23   33   32   30   28   29   29   29   29   29   28   28   23   19   16   14
   13   15   22   31   43   57   71   83   92   98  100  100   96   93   89   89
   86   87   86   86   81   78   70   64   51   44   34   31   24   24   21   24
   22   25   25   29   28   30   31   34   34   36   36   37   36   35   33   33
   33   33   34   35   35   31   32   21   23                                   
    60.0-180.0 180.0   5.0 450.0                            LAT/LON1/LON2/DLON/H
   23   25   29   26   27   25   26   25   26   25   26   25   23   17   15   13
   12   14   20   30   42   55   71   82   91   96  101  101  101   98   98   96
   95   94   92   90   86   79   72   63   53   42   33   28   25   21   22   20
   21   20   21   21   23   23   27   29   32   33   35   34   35   32   32   29
   31   28   31   31   32   27   31   19   23                                   
    57.5-180.0 180.0   5.0 450.0                            LAT/LON1/LON2/DLON/H
   18   27   28   27   27   26   25   25   24   25   25   25   23   19   17   17
   16   19   24   35   46   59   71   82   90   95   99  105  105  108  108  110
  108  106  103  100   92   86   77   70   60   51   43   39   33   32   28   29
   24   24   22   23   22   23   24   28   29   32   33   35   33   32   30   29
   28   28   29   30   29   25   28   16   18                                   
    55.0-180.0 180.0   5.0 450.0                            LAT/LON1/LON2/DLON/H
   25   27   33   30   31   28   27   23   22   20   21   21   20   17   17   16
   19   22   29   39   50   61   72   79   86   91   97  103  109  114  117  118
  118  114  109  103   96   88   80   72   64   56   49   42   40   35   33   30
   28   24   24   20   22   21   25   26   30   32   35   34   36   33   34   29
   31   27   31   30   31   26   33   21   25                                   
    52.5-180.0 180.0   5.0 450.0                            LAT/LON1/LON2/DLON/H
   29   39   42   42   41   37   34   28   25   22   22   23   22   21   23   26
   27   34   42   53   60   70   76   83   86   93   98  109  115  123  126  131
  129  125  117  112  103   96   90   84   78   70   63   58   53   50   46   42
   38   34   31   29   28   27   28   33   33   37   37   40   38   39   36   35
   33   33   35   36   37   32   37   28   29                                   
    50.0-180.0 180.0   5.0 450.0                            LAT/LON1/LON2/DLON/H
   46   50   54   54   55   50   45   35   30   24   24   22   23   22   26   29
   36   44   55   63   71   77   81   85   89   94  103  113  122  129  134  137
  136  129  121  114  108  103   98   95   89   83   76   70   66   59   56   50
   49   41   41   36   38   34   38   39   42   43   46   46   48   45   46   42
   45   41   46   44   46   42   50   44   46                                   
    47.5-180.0 180.0   5.0 450.0                            LAT/LON1/LON2/DLON/H
   55   68   71   73   73   66   58   47   40   33   32   31   31   31   36   43
   51   61   69   80   84   90   90   94   96  104  111  124  129  137  138  142
  136  131  122  118  113  112  110  109  104   99   92   86   79   74   68   65
   61   57   54   52   49   48   48   51   50   52   52   55   53   54   52   52
   51   53   54   57   59   56   61   57   55                                   
    45.0-180.0 180.0   5.0 450.0                            LAT/LON1/LON2/DLON/H
   67   76   81   84   86   78   71   58   51   42   41   37   39   38   44   50
   62   70   82   91   97  100  101  103  107  114  122  131  136  140  140  139
  133  127  122  119  118  120  120  120  118  113  105   99   92   84   79   74
   73   68   67   63   62   57   58   57   59   58   59   59   61   60   61   58
   61   60   65   65   69   67   71   75   67                                   
    42.5-180.0 180.0   5.0 450.0                            LAT/LON1/LON2/DLON/H
   70   86   88   93   94   89   83   72   65   56   56   53   54   52   58   66
   76   86   97  106  109  113  113  118  121  129  133  141  141  140  135  132
  126  122  120  122  124  128  130  132  128  123  115  108  100   93   86   84
   80   78   75   73   68   64   60   62   60   61   60   62   61   63   63   64
   64   67   69   73   74   74   78   79   70                                   
    40.0-180.0 180.0   5.0 450.0                            LAT/LON1/LON2/DLON/H
   73   82   85   91   94   91   88   78   74   67   67   62   64   60   70   74
   88   97  108  114  120  123  126  131  136  142  146  148  145  138  130  123
  121  119  123  126  133  138  142  142  140  133  126  117  109  101   95   90
   87   84   82   78   73   66   62   60   59   59   59   61   63   64   67   65
   68   67   72   72   76   74   78   82   73                                   
    37.5-180.0 180.0   5.0 450.0                            LAT/LON1/LON2/DLON/H
   68   80   81   87   90   90   89   84   82   79   81   77   79   77   84   90
  101  110  118  125  131  135  140  146  150  156  155  155  147  137  127  123
  122  126  133  142  148  154  154  155  149  143  134  126  117  108  101   96
   91   88   83   79   71   63   58   57   55   57   57   60   60   63   64   66
   66   68   69   72   72   72   74   74   68                                   
    35.0-180.0 180.0   5.0 450.0                            LAT/LON1/LON2/DLON/H
   61   66   70   74   81   81   82   80   82   81   85   82   87   85   97  101
  116  119  129  134  142  147  154  159  162  166  163  159  150  139  132  129
  137  143  159  166  176  176  175  170  164  155  147  137  129  119  111  103
   99   92   88   80   73   64   57   54   53   56   57   59   60   63   65   64
   66   64   67   65   67   65   68   66   61                                   
    32.5-180.0 180.0   5.0 450.0                            LAT/LON1/LON2/DLON/H
   54   57   59   64   68   71   74   76   79   81   88   89   94   96  108  116
  128  133  141  148  156  162  167  172  171  173  168  166  156  151  147  154
  165  180  194  201  205  201  196  190  181  171  163  152  144  132  126  116
  111  103   98   89   81   72   65   60   58   60   60   64   62   65   64   65
   64   62   62   63   62   61   62   58   54                                   
    30.0-180.0 180.0   5.0 450.0                            LAT/LON1/LON2/DLON/H
   51   48   52   53   56   57   62   63   69   72   81   82   93   97  116  123
  139  140  153  156  167  173  178  180  178  177  175  174  173  172  179  193
  216  232  247  250  246  239  227  216  208  194  186  175  168  157  152  141
  137  128  124  114  105   94   86   81   79   78   77   76   74   72   72   69
   70   65   64   62   61   59   60   53   51                                   
    27.5-180.0 180.0   5.0 450.0                            LAT/LON1/LON2/DLON/H
   54   50   47   50   48   51   52   55   60   64   72   78   88   97  116  129
  144  152  163  170  178  185  185  186  180  182  180  190  194  206  221  247
  270  290  298  299  288  276  261  247  234  223  213  203  194  186  180  174
  169  164  159  151  142  131  123  116  111  108  103   98   91   86   82   80
   77   73   68   68   65   65   61   56   54                                   
    25.0-180.0 180.0   5.0 450.0                            LAT/LON1/LON2/DLON/H
   63   50   48   46   45   45   45   46   49   52   61   65   81   89  117  129
  150  156  172  179  188  192  191  188  183  186  194  207  225  245  270  299
  323  342  344  343  328  317  297  282  269  257  246  234  225  216  212  206
  205  202  201  195  189  177  170  161  155  149  140  130  119  109  100   94
   93   87   83   79   76   74   72   65   63                                   
    22.5-180.0 180.0   5.0 450.0                            LAT/LON1/LON2/DLON/H
   73   64   56   55   48   51   47   48   46   49   53   61   72   84  109  130
  150  164  178  189  195  197  193  192  187  197  207  232  251  283  311  345
  365  384  382  382  363  350  332  317  303  292  281  272  262  257  251  248
  244  245  245  241  236  226  216  207  200  188  176  160  145  136  125  118
  112  105   99   97   91   91   84   80   73                                   
    20.0-180.0 180.0   5.0 450.0                            LAT/LON1/LON2/DLON/H
   87   74   65   61   56   55   53   50   48   47   52   55   71   79  109  128
  154  167  185  195  201  202  197  197  197  211  227  255  281  318  350  381
  402  415  413  404  389  375  358  346  334  328  317  313  304  302  294  294
  288  292  290  293  282  274  257  246  231  219  203  186  169  158  147  140
  133  124  114  112  106  105  100   91   87                                   
    17.5-180.0 180.0   5.0 450.0                            LAT/LON1/LON2/DLON/H
   96   91   79   74   67   66   61   59   54   55   54   62   71   86  106  133
  155  175  189  200  203  205  201  205  210  229  248  281  308  345  378  408
  432  440  437  424  409  394  384  372  366  358  351  346  340  341  334  335
  327  328  327  324  316  302  285  269  254  237  221  202  186  173  164  156
  149  139  130  121  117  117  105  105   96                                   
    15.0-180.0 180.0   5.0 450.0                            LAT/LON1/LON2/DLON/H
  103   98   86   82   75   72   70   64   60   58   60   65   79   90  115  135
  162  177  195  201  206  209  207  218  228  255  275  308  335  368  400  424
  445  448  444  428  417  406  396  389  384  380  374  372  366  368  363  363
  352  352  345  342  329  316  292  278  257  244  225  210  192  182  170  164
  154  143  133  125  119  120  112  102  103                                   
    12.5-180.0 180.0   5.0 450.0                            LAT/LON1/LON2/DLON/H
  100  103   90   84   82   80   78   74   69   69   69   78   89  104  124  146
  171  187  202  209  212  218  220  237  253  284  304  333  357  385  412  435
  453  454  450  435  428  418  412  408  404  404  399  398  392  398  389  387
  371  364  353  341  325  305  282  265  248  232  217  200  189  180  172  165
  156  142  133  122  119  119  108  104  100                                   
    10.0-180.0 180.0   5.0 450.0                            LAT/LON1/LON2/DLON/H
   99   98   87   80   78   78   79   75   74   70   73   79   97  113  135  155
  181  196  213  218  225  230  239  261  283  314  330  357  376  394  416  431
  445  443  441  431  427  424  420  421  416  420  414  418  409  413  403  394
  373  363  344  329  307  288  263  246  228  214  200  190  178  174  167  161
  151  139  130  119  115  114  106   94   99                                   
     7.5-180.0 180.0   5.0 450.0                            LAT/LON1/LON2/DLON/H
   85   94   83   76   73   73   77   78   77   75   79   92  110  129  156  176
  202  214  230  238  241  254  265  295  316  344  360  380  392  407  420  434
