data/unet/pred3260.15i
     1.0            IONOSPHERE MAPS     GNSS                IONEX VERSION / TYPE
pyspatialgeodesy        IME             05-JAN-18 20:20     PGM / RUN BY / DATE 
Map Name                                                    COMMENT             
Predicted global ionosphere maps (GIM).                     DESCRIPTION         
  2015    11    22     0     0     0                        EPOCH OF FIRST MAP  
  2015    11    23     0     0     0                        EPOCH OF LAST MAP   
  7200                                                      INTERVAL            
    13                                                      # OF MAPS IN FILE   
  NONE                                                      MAPPING FUNCTION    
10.0                                                        ELEVATION CUTOFF    
One-way carrier phase leveled to code                       OBSERVABLES USED    
  6371.0                                                    BASE RADIUS         
 2                                                          MAP DIMENSION       
   450.0 450.0   0.0                                        HGT1 / HGT2 / DHGT  
    87.5 -87.5  -2.5                                        LAT1 / LAT2 / DLAT  
  -180.0 180.0   5.0                                        LON1 / LON2 / DLON  
    -1                                                      EXPONENT            
                                                            END OF HEADER       
     1                                                      START OF TEC MAP    
  2015    11    22     0     0     0                        EPOCH OF CURRENT MAP
    87.5-180.0 180.0   5.0 450.0                            LAT/LON1/LON2/DLON/H
  107   81   74   69   73   68   74   70   75   71   76   71   76   71   75   71
   75   71   75   71   75   71   75   71   75   71   75   71   74   70   73   69
   72   69   72   68   71   68   71   67   71   68   72   68   73   69   73   69
   73   69   73   69   73   69   72   68   72   68   71   67   71   67   70   66
   70   66   71   68   77   73   85   96  107                                   
    85.0-180.0 180.0   5.0 450.0                            LAT/LON1/LON2/DLON/H
   92   56   55   52   54   51   56   54   59   56   60   57   61   58   61   59
   62   59   63   60   63   59   63   58   62   56   60   54   58   53   56   51
   55   50   54   50   54   50   55   51   56   53   58   55   60   57   61   58
   62   58   62   57   61   57   60   55   58   53   55   51   53   49   51   47
   50   47   52   51   60   53   57   86   92                                   
    82.5-180.0 180.0   5.0 450.0                            LAT/LON1/LON2/DLON/H
   82   56   59   60   61   59   64   63   68   65   69   67   71   68   72   69
   73   70   72   70   71   68   68   65   65   61   60   57   56   53   53   50
   51   48   51   48   51   49   53   51   55   54   58   57   61   60   63   61
   64   60   63   58   61   56   59   53   57   51   54   49   53   49   53   49
   54   51   57   56   63   59   65   87   82                                   
    80.0-180.0 180.0   5.0 450.0                            LAT/LON1/LON2/DLON/H
   88   72   75   78   76   77   78   80   80   80   80   81   81   81   83   83
   84   84   85   85   84   83   81   79   75   72   69   66   63   60   59   57
   56   55   56   56   57   58   60   61   63   64   67   68   70   70   72   72
   72   71   70   69   68   66   65   63   62   61   60   59   60   60   61   62
   64   65   69   72   75   72   77   94   88                                   
    77.5-180.0 180.0   5.0 450.0                            LAT/LON1/LON2/DLON/H
   99   83   89   91   88   86   88   87   88   86   87   86   86   85   87   87
   89   89   92   91   92   90   90   87   84   79   76   71   68   64   62   59
   59   57   58   57   59   58   61   61   64   64   67   67   69   69   71   70
   71   69   69   67   67   64   63   60   61   58   59   57   60   59   63   64
   68   70   76   78   84   83   89  100   99                                   
    75.0-180.0 180.0   5.0 450.0                            LAT/LON1/LON2/DLON/H
  107  104  107  108  103  102  102  101   99   97   94   93   90   89   88   89
   89   92   93   95   96   97   96   94   90   86   80   76   71   68   65   63
   61   61   61   62   61   62   63   64   64   65   66   67   67   67   68   68
   67   67   66   66   64   63   61   59   58   57   57   57   58   61   63   68
   72   78   84   90   94   97  103  112  107                                   
    72.5-180.0 180.0   5.0 450.0                            LAT/LON1/LON2/DLON/H
  127  124  130  129  122  120  118  116  113  109  105  100   95   91   89   88
   88   89   92   94   96   97   98   96   92   87   82   77   72   68   65   63
   61   60   61   61   61   61   62   62   62   61   62   61   61   60   60   59
   60   59   60   59   59   58   57   54   54   52   54   54   57   59   65   70
   78   84   94  101  109  114  120  126  127                                   
    70.0-180.0 180.0   5.0 450.0                            LAT/LON1/LON2/DLON/H
  141  146  151  149  142  138  136  133  130  124  118  110  102   94   90   85
   84   84   87   89   92   93   94   92   89   84   80   75   70   67   64   62
   60   59   59   59   58   58   58   57   56   55   55   53   52   51   50   50
   50   50   51   52   53   52   53   51   52   52   54   55   59   63   70   76
   85   94  104  114  123  130  138  142  141                                   
    67.5-180.0 180.0   5.0 450.0                            LAT/LON1/LON2/DLON/H
  163  166  170  166  159  156  154  151  148  141  133  123  112  101   92   85
   81   80   82   84   87   89   89   87   84   80   76   71   67   63   61   58
   57   54   54   52   52   51   51   49   48   46   46   43   42   40   40   39
   40   41   43   44   46   47   49   48   51   52   56   59   64   69   77   84
   94  103  115  125  136  143  151  155  163                                   
    65.0-180.0 180.0   5.0 450.0                            LAT/LON1/LON2/DLON/H
  170  177  181  177  168  166  164  164  161  157  148  137  124  110   98   87
   82   77   79   79   82   82   83   80   78   74   70   66   62   59   56   53
   51   48   46   44   44   42   42   41   39   38   36   35   33   32   32   31
   32   33   35   37   41   43   46   48   52   56   61   66   73   79   87   94
  103  112  124  134  145  153  162  166  170                                   
    62.5-180.0 180.0   5.0 450.0                            LAT/LON1/LON2/DLON/H
  179  182  184  179  169  168  167  169  169  167  159  150  135  120  105   93
   85   80   78   78   79   78   77   74   71   67   63   59   57   53   50   45
   43   39   37   35   34   34   34   33   33   32   31   30   28   27   27   27
   27   28   30   32   37   38   43   47   53   58   65   72   81   87   96  103
  113  120  131  140  151  160  167  172  179                                   
    60.0-180.0 180.0   5.0 450.0                            LAT/LON1/LON2/DLON/H
  177  181  183  176  167  165  165  168  171  172  166  159  145  130  115  101
   91   84   81   78   76   73   71   66   63   59   56   53   50   47   44   40
   37   33   31   29   29   29   30   30   31   31   30   30   29   28   27   27
   26   26   26   28   33   35   41   46   54   61   71   80   91   98  107  113
  122  129  138  147  156  164  172  175  177                                   
    57.5-180.0 180.0   5.0 450.0                            LAT/LON1/LON2/DLON/H
  183  184  184  176  164  162  163  166  170  173  170  165  153  141  125  113
  101   94   88   83   79   74   68   63   58   54   51   49   47   45   42   37
   34   30   28   27   27   29   31   33   34   35   35   35   34   34   32   32
   29   27   27   28   32   34   40   46   55   64   76   86   99  108  118  125
  133  140  148  155  164  171  176  179  183                                   
    55.0-180.0 180.0   5.0 450.0                            LAT/LON1/LON2/DLON/H
  189  191  193  183  169  165  163  167  170  173  171  167  157  148  135  123
  112  102   95   87   80   73   66   59   55   52   50   49   49   47   45   41
   37   34   32   32   34   36   39   41   42   43   44   45   45   44   42   39
   36   32   31   30   35   37   43   49   59   69   82   93  107  117  129  136
  146  152  160  166  174  181  185  186  189                                   
    52.5-180.0 180.0   5.0 450.0                            LAT/LON1/LON2/DLON/H
  209  207  208  199  185  180  174  175  175  176  173  170  161  155  144  135
  123  113  102   94   84   76   67   61   57   55   54   55   55   55   53   49
   46   43   42   43   44   48   49   52   52   55   55   57   56   56   53   50
   44   41   38   38   41   43   48   55   64   74   87   99  113  125  137  147
  157  165  172  179  188  194  196  201  209                                   
    50.0-180.0 180.0   5.0 450.0                            LAT/LON1/LON2/DLON/H
  226  227  231  224  210  203  194  190  185  181  175  170  163  158  149  140
  129  117  106   95   85   77   70   64   62   61   62   63   64   64   62   59
   56   54   54   56   59   62   63   64   65   67   68   69   70   68   66   61
   57   52   49   49   51   53   59   65   75   84   95  106  121  133  147  158
  169  177  185  193  202  208  210  215  226                                   
    47.5-180.0 180.0   5.0 450.0                            LAT/LON1/LON2/DLON/H
  248  245  255  253  242  234  224  215  204  195  182  176  167  163  154  147
  134  122  108   98   88   82   76   73   71   72   72   73   74   74   72   69
   67   66   67   69   72   75   75   76   76   77   78   80   81   80   77   73
   69   66   63   63   64   67   71   78   85   94  103  115  128  142  155  168
  178  187  196  204  215  222  222  230  248                                   
    45.0-180.0 180.0   5.0 450.0                            LAT/LON1/LON2/DLON/H
  256  263  276  279  270  265  252  242  224  210  193  182  173  167  159  150
  136  123  110   99   92   87   84   82   82   82   82   82   82   80   78   75
   74   74   77   79   82   84   84   83   84   85   88   90   92   91   88   84
   82   79   77   77   79   81   86   90   98  105  114  123  137  149  163  174
  185  194  203  212  223  231  233  239  256                                   
    42.5-180.0 180.0   5.0 450.0                            LAT/LON1/LON2/DLON/H
  259  264  282  289  286  283  275  263  245  226  205  193  180  175  164  155
  139  127  113  105   98   97   94   94   93   93   91   89   86   83   80   78
   77   78   81   84   86   88   87   87   88   90   93   97  100   99   98   95
   93   91   91   91   93   95   98  102  108  115  123  132  145  157  169  179
  189  196  206  214  226  234  234  244  259                                   
    40.0-180.0 180.0   5.0 450.0                            LAT/LON1/LON2/DLON/H
  247  259  276  285  285  286  279  272  253  235  214  200  188  180  169  158
  143  130  118  111  108  107  106  105  103  100   96   91   87   82   79   76
   76   77   80   82   86   87   88   88   91   94  100  105  109  108  107  104
  103  102  103  103  105  106  109  113  121  126  136  145  158  167  179  186
  194  200  208  216  227  232  235  241  247                                   
    37.5-180.0 180.0   5.0 450.0                            LAT/LON1/LON2/DLON/H
  234  242  260  268  269  271  270  265  253  238  219  207  194  186  174  163
  149  138  129  124  120  120  117  114  109  104   98   92   87   82   77   75
   74   76   77   80   82   86   87   89   93   99  106  111  115  116  115  112
  111  111  111  111  113  114  117  121  130  138  149  159  171  179  189  195
  200  204  212  218  228  232  231  237  234                                   
    35.0-180.0 180.0   5.0 450.0                            LAT/LON1/LON2/DLON/H
  226  236  247  250  248  250  250  250  242  232  218  208  198  190  179  167
  156  146  140  135  132  128  123  116  110  104   98   92   87   82   78   75
   76   76   78   79   82   85   90   92  100  106  116  120  125  123  122  118
  117  114  115  112  115  115  120  126  138  148  162  171  185  192  202  207
  214  217  225  230  236  238  237  241  226                                   
    32.5-180.0 180.0   5.0 450.0                            LAT/LON1/LON2/DLON/H
  238  240  247  243  236  236  235  235  231  225  215  209  200  194  183  173
  163  156  150  145  137  130  121  113  106  101   98   95   92   90   86   85
   84   85   85   87   87   93   96  101  109  116  123  127  129  127  124  120
  116  113  112  109  111  111  120  127  143  157  173  185  200  209  220  227
  233  239  245  251  257  257  253  259  238                                   
    30.0-180.0 180.0   5.0 450.0                            LAT/LON1/LON2/DLON/H
  273  273  273  260  246  237  231  227  224  220  213  208  201  195  185  177
  169  163  156  147  136  123  113  104  100   98  100  102  105  105  103  101
  102  101  100   99  100  106  111  115  122  126  131  131  132  127  124  117
  114  108  105  101  102  104  114  126  144  162  180  195  212  224  240  250
  261  268  279  284  291  291  291  294  273                                   
    27.5-180.0 180.0   5.0 450.0                            LAT/LON1/LON2/DLON/H
  332  330  328  312  289  270  255  246  238  232  222  216  207  201  189  183
  174  168  157  143  126  112  100   95   95  100  109  118  128  131  130  130
  129  126  123  122  120  126  129  131  134  134  134  132  129  123  119  113
  110  103   99   92   93   96  108  122  144  162  183  200  219  235  254  271
  289  303  317  329  339  344  344  346  332                                   
    25.0-180.0 180.0   5.0 450.0                            LAT/LON1/LON2/DLON/H
  410  417  414  389  363  335  310  288  272  258  243  231  219  208  196  187
  179  169  154  133  112   97   89   88   97  108  126  142  159  167  165  166
  162  160  153  148  147  147  148  146  145  138  135  129  124  117  113  108
  107  100   94   88   87   92  105  122  143  163  184  204  224  244  267  293
  318  339  360  380  398  410  419  413  410                                   
    22.5-180.0 180.0   5.0 450.0                            LAT/LON1/LON2/DLON/H
  492  506  505  493  464  432  393  361  334  309  285  266  246  228  210  199
  185  171  149  124  100   89   87   95  111  130  153  177  198  207  204  200
  194  186  175  167  160  159  157  153  146  138  130  122  116  109  108  105
  105   98   91   85   84   90  108  128  152  172  193  213  235  256  282  312
  345  371  401  427  454  470  487  483  492                                   
    20.0-180.0 180.0   5.0 450.0                            LAT/LON1/LON2/DLON/H
  565  591  596  594  579  544  494  448  404  367  335  307  282  258  233  216
  199  179  151  123  102   95  104  119  141  164  189  216  239  248  239  232
  218  209  194  182  172  167  162  154  147  132  123  112  108  102  104  103
  104   99   91   84   84   95  115  140  167  187  208  228  251  272  300  337
  374  408  440  470  504  525  546  549  565                                   
    17.5-180.0 180.0   5.0 450.0                            LAT/LON1/LON2/DLON/H
  608  638  649  660  660  635  589  539  483  436  392  358  329  297  269  244
  222  196  165  138  123  126  143  166  187  209  231  255  275  275  264  250
  237  218  197  180  165  162  152  147  135  122  108  100   96   96   96   98
   96   93   85   82   86  102  127  156  185  208  230  248  271  289  319  356
  397  431  467  500  538  562  580  586  608                                   
    15.0-180.0 180.0   5.0 450.0                            LAT/LON1/LON2/DLON/H
  623  656  679  699  711  697  668  622  565  506  453  412  377  343  308  280
  252  223  193  169  162  174  197  221  240  256  265  280  287  286  268  258
  239  222  200  182  167  159  150  141  130  114  102   90   93   88   91   89
   90   87   83   84   93  115  145  175  207  229  252  269  292  312  343  378
  418  452  486  517  555  583  603  612  623                                   
    12.5-180.0 180.0   5.0 450.0                            LAT/LON1/LON2/DLON/H
  612  642  671  694  716  716  701  667  624  569  514  471  432  393  356  322
  295  265  239  221  224  243  271  292  301  296  289  286  285  279  265  253
  238  220  197  181  164  160  146  142  125  115   97   91   89   86   85   86
   84   83   82   87  102  127  159  192  224  250  270  288  310  330  360  394
  429  461  490  518  551  579  599  608  612                                   
    10.0-180.0 180.0   5.0 450.0                            LAT/LON1/LON2/DLON/H
  582  608  639  669  699  710  706  682  649  605  559  520  484  444  406  370
  341  316  296  288  299  325  348  362  346  322  290  277  267  264  251  246
  231  218  199  184  172  164  155  147  134  122  109   98   99   89   88   84
   87   84   87   92  112  137  173  204  239  264  285  306  330  351  378  407
  440  467  494  516  543  568  587  594  582                                   
     7.5-180.0 180.0   5.0 450.0                            LAT/LON1/LON2/DLON/H
  547  569  595  625  658  679  680  664  642  612  581  552  523  488  452  420
  394  371  360  360  380  405  419  411  372  321  277  255  248  245  245  239
