data/unet/pred3040.15i
     1.0            IONOSPHERE MAPS     GNSS                IONEX VERSION / TYPE
pyspatialgeodesy        IME             05-JAN-18 20:20     PGM / RUN BY / DATE 
Map Name                                                    COMMENT             
Predicted global ionosphere maps (GIM).                     DESCRIPTION         
  2015    10    31     0     0     0                        EPOCH OF FIRST MAP  
  2015    11     1     0     0     0                        EPOCH OF LAST MAP   
  7200                                                      INTERVAL            
    13                                                      # OF MAPS IN FILE   
  NONE                                                      MAPPING FUNCTION    
10.0                                                        ELEVATION CUTOFF    
One-way carrier phase leveled to code                       OBSERVABLES USED    
  6371.0                                                    BASE RADIUS         
 2                                                          MAP DIMENSION       
   450.0 450.0   0.0                                        HGT1 / HGT2 / DHGT  
    87.5 -87.5  -2.5                                        LAT1 / LAT2 / DLAT  
  -180.0 180.0   5.0                                        LON1 / LON2 / DLON  
    -1                                                      EXPONENT            
                                                            END OF HEADER       
[from data line 1716]
     5                                                      START OF TEC MAP    
  2015    10    31     8     0     0                        EPOCH OF CURRENT MAP
    87.5-180.0 180.0   5.0 450.0                            LAT/LON1/LON2/DLON/H
   36   50   50   49   50   49   51   51   53   52   55   54   56   56   58   57
   60   59   61   59   61   59   61   58   61   58   60   57   60   58   61   58
   61   58   61   58   61   59   61   60   62   62   63   63   64   65   65   66
   66   66   66   67   66   66   65   65   64   63   62   60   60   57   56   54
   54   52   52   51   53   46   52   46   36                                   
    85.0-180.0 180.0   5.0 450.0                            LAT/LON1/LON2/DLON/H
   37   54   43   51   48   52   51   56   55   60   57   62   60   65   63   66
   65   68   66   68   67   68   66   68   66   68   66   68   66   69   67   69
   68   70   69   71   70   73   71   74   73   76   74   77   75   79   77   80
   78   81   79   81   79   80   76   77   73   73   68   69   63   64   58   59
   53   55   49   52   49   48   48   39   37                                   
    82.5-180.0 180.0   5.0 450.0                            LAT/LON1/LON2/DLON/H
   34   48   32   34   31   36   37   43   42   48   46   52   51   58   55   60
   58   62   59   63   60   64   61   63   61   63   62   64   63   65   64   66
   66   68   67   70   70   73   72   77   77   81   81   86   85   90   88   94
   91   96   92   95   92   92   88   86   83   78   74   70   65   61   55   53
   45   45   37   39   34   32   35   28   34                                   
    80.0-180.0 180.0   5.0 450.0                            LAT/LON1/LON2/DLON/H
   32   37   27   23   26   26   31   33   37   39   42   44   46   50   49   53
   51   54   52   54   52   54   52   54   52   55   54   57   56   59   59   62
   63   65   67   68   71   72   77   78   84   85   92   94  100  102  107  108
  112  111  114  112  113  109  109  104  102   95   91   83   80   71   67   58
   53   45   40   36   32   27   26   22   32                                   
    77.5-180.0 180.0   5.0 450.0                            LAT/LON1/LON2/DLON/H
   27   40   27   22   25   25   30   32   36   38   42   43   45   46   47   49
   48   49   48   48   47   46   46   46   47   47   49   50   52   53   54   56
   56   59   60   64   65   70   72   78   82   89   94  103  108  116  120  126
  129  132  134  135  135  133  132  126  124  116  112  102   99   88   83   73
   66   55   50   39   37   30   31   18   27                                   
    75.0-180.0 180.0   5.0 450.0                            LAT/LON1/LON2/DLON/H
   29   39   28   27   27   29   32   34   36   37   40   41   42   44   44   46
   45   46   45   44   43   41   41   40   41   40   43   43   45   46   48   49
   51   52   55   57   60   65   71   78   86   94  104  112  123  131  140  145
  149  153  156  157  157  157  154  152  146  141  132  126  117  110  102   93
   84   73   64   53   46   34   32   24   29                                   
    72.5-180.0 180.0   5.0 450.0                            LAT/LON1/LON2/DLON/H
   33   43   32   30   29   30   33   34   35   36   37   38   39   40   41   43
   43   42   43   41   42   39   40   37   39   38   40   39   42   42   44   44
   47   48   51   53   58   63   69   78   87   99  111  124  136  148  156  164
  168  174  179  182  184  182  179  174  170  163  156  146  139  128  119  107
   99   87   78   64   56   45   44   31   33                                   
    70.0-180.0 180.0   5.0 450.0                            LAT/LON1/LON2/DLON/H
   35   44   34   33   33   33   37   38   39   37   40   38   42   40   44   44
   46   45   46   45   45   43   42   41   41   40   41   41   42   43   43   45
   45   48   50   54   59   65   74   85   97  110  127  137  153  161  174  178
  187  190  198  199  202  197  195  190  186  179  170  163  155  146  136  125
  114  102   93   79   70   53   50   41   35                                   
    67.5-180.0 180.0   5.0 450.0                            LAT/LON1/LON2/DLON/H
   40   50   40   36   36   35   38   39   39   37   37   37   38   39   41   44
   45   47   48   48   48   46   46   43   43   41   41   41   41   41   42   43
   45   46   51   53   60   68   80   92  106  121  138  152  165  175  184  191
  197  204  209  212  213  209  205  200  194  186  180  170  163  152  142  131
  122  110  101   86   77   65   61   48   40                                   
    65.0-180.0 180.0   5.0 450.0                            LAT/LON1/LON2/DLON/H
   42   52   39   38   35   36   38   39   38   38   37   38   38   40   43   45
   49   50   52   51   51   50   48   47   45   44   43   43   42   43   43   44
   47   49   55   59   68   79   92  107  122  137  153  164  177  185  195  199
  204  207  213  213  212  208  202  196  189  183  174  167  159  152  140  132
  121  110  101   88   81   66   63   53   42                                   
    62.5-180.0 180.0   5.0 450.0                            LAT/LON1/LON2/DLON/H
   43   57   44   38   36   36   37   38   37   36   35   36   37   38   40   44
   47   50   50   51   49   49   48   46   44   43   41   39   38   39   39   43
   46   51   58   66   77   88  103  117  134  148  162  173  183  192  197  203
  206  210  212  210  209  204  198  191  186  178  170  160  154  144  134  123
  115  102   96   83   79   67   66   53   43                                   
    60.0-180.0 180.0   5.0 450.0                            LAT/LON1/LON2/DLON/H
   44   55   40   38   34   34   35   36   36   35   34   36   36   38   39   44
   46   49   48   49   47   47   45   44   42   41   38   38   35   37   38   43
   49   56   67   77   90  102  116  132  147  161  173  183  194  201  207  209
  213  215  215  213  209  204  196  189  183  175  164  156  148  140  129  119
  108   97   89   81   77   65   64   56   44                                   
    57.5-180.0 180.0   5.0 450.0                            LAT/LON1/LON2/DLON/H
   52   66   49   42   38   38   36   38   35   36   34   35   36   37   38   41
   42   43   43   43   42   42   41   41   39   38   35   33   30   32   34   41
   50   61   75   87  101  112  129  142  157  170  180  192  200  209  212  218
  221  224  224  221  219  212  205  196  190  179  171  160  153  140  132  116
  104   90   85   77   77   68   69   56   52                                   
    55.0-180.0 180.0   5.0 450.0                            LAT/LON1/LON2/DLON/H
   62   70   52   49   43   44   39   41   38   38   36   38   37   39   39   42
   41   41   39   38   37   38   38   39   39   39   36   35   32   33   36   44
   57   73   87  102  116  129  142  156  168  181  193  203  214  221  229  231
  236  238  236  238  230  228  216  209  201  191  182  173  163  153  139  124
  107   95   87   82   81   74   74   69   62                                   
    52.5-180.0 180.0   5.0 450.0                            LAT/LON1/LON2/DLON/H
   81   89   68   62   58   54   49   48   44   43   40   40   39   40   39   39
   38   37   35   36   35   38   37   41   40   41   37   36   31   34   36   48
   61   81   98  114  129  141  154  167  179  191  201  213  222  233  242  244
  249  251  254  252  251  246  238  229  220  209  200  190  183  169  156  134
  118  101   93   88   89   84   87   79   81                                   
    50.0-180.0 180.0   5.0 450.0                            LAT/LON1/LON2/DLON/H
   96   97   80   76   69   67   60   58   52   50   46   47   46   46   45   44
   42   40   38   38   38   42   43   48   48   48   44   42   36   38   43   55
   72   94  113  131  144  157  168  180  191  203  215  225  238  247  256  258
  262  265  267  270  265  263  252  247  235  225  214  207  199  189  174  155
  133  118  106  101  102   96   98   97   96                                   
    47.5-180.0 180.0   5.0 450.0                            LAT/LON1/LON2/DLON/H
  112  114  102   96   90   81   78   69   66   60   56   55   53   53   51   50
   47   46   44   46   47   51   52   57   55   56   49   47   39   42   45   61
   79  103  125  143  157  170  180  193  201  215  223  236  248  259  266  269
  272  276  279  279  276  272  264  256  247  236  227  217  212  200  189  169
  149  128  116  110  109  106  112  110  112                                   
    45.0-180.0 180.0   5.0 450.0                            LAT/LON1/LON2/DLON/H
  119  120  109  107  100   95   90   84   78   72   67   65   65   64   63   61
   59   57   57   59   61   65   68   70   69   67   61   55   49   48   53   67
   87  113  135  155  169  183  194  206  217  226  238  247  260  269  277  278
  280  284  284  286  278  276  264  259  248  238  226  222  212  207  191  177
  156  139  124  117  115  111  116  115  119                                   
    42.5-180.0 180.0   5.0 450.0                            LAT/LON1/LON2/DLON/H
  116  120  117  118  114  107  104   94   92   82   80   75   75   75   73   72
   70   69   70   73   76   80   81   83   80   76   67   60   51   51   55   70
   92  117  142  161  179  194  206  220  228  239  247  260  271  279  285  286
  288  288  288  285  279  272  263  255  248  235  226  215  211  200  191  173
  158  139  125  116  112  110  115  111  116                                   
    40.0-180.0 180.0   5.0 450.0                            LAT/LON1/LON2/DLON/H
  103  109  106  112  110  109  106  102   98   91   90   86   89   87   88   85
   83   83   84   89   93   97   97   96   93   86   78   67   61   58   62   75
   97  123  148  170  188  205  219  232  244  252  265  273  287  290  298  296
  296  297  295  293  285  279  270  263  255  240  226  218  208  200  187  172
  154  137  121  112  106  100  102   95  103                                   
    37.5-180.0 180.0   5.0 450.0                            LAT/LON1/LON2/DLON/H
   84   93   93   99  101  101  104  100  101   95   97   93   98   95   98   95
   95   93   96  100  105  108  106  102   96   88   78   67   60   58   62   75
   98  124  150  172  193  214  228  244  255  269  280  293  299  305  306  307
  305  307  306  305  299  295  289  282  274  257  244  229  219  203  191  170
  155  134  120  106   97   89   89   77   84                                   
    35.0-180.0 180.0   5.0 450.0                            LAT/LON1/LON2/DLON/H
   67   77   69   76   80   85   91   92   94   94   99   99  106  107  110  107
  106  106  107  113  116  117  112  105   96   86   76   67   63   60   67   80
  101  129  154  179  201  223  241  256  274  285  304  311  322  321  326  324
  326  329  332  333  331  328  322  316  307  288  269  253  235  219  201  184
  163  144  125  110   98   84   80   62   67                                   
    32.5-180.0 180.0   5.0 450.0                            LAT/LON1/LON2/DLON/H
   57   61   59   62   67   71   76   77   84   84   94   96  108  109  116  111
  113  110  113  115  118  116  110   99   88   77   68   61   59   60   68   81
  103  128  155  180  205  230  248  269  285  305  322  332  339  342  345  346
  349  357  364  373  375  377  373  369  361  342  322  300  280  254  231  207
  188  163  143  123  109   90   85   56   57                                   
    30.0-180.0 180.0   5.0 450.0                            LAT/LON1/LON2/DLON/H
   57   45   53   51   60   61   65   65   72   75   86   92  106  114  120  120
  119  118  118  122  121  118  108   97   84   73   68   62   65   66   78   90
  109  134  157  184  207  236  259  280  301  319  342  350  364  367  377  378
  388  396  410  420  430  434  436  432  427  408  386  361  337  308  279  253
  228  204  178  155  138  118   97   72   57                                   
    27.5-180.0 180.0   5.0 450.0                            LAT/LON1/LON2/DLON/H
   80   57   56   48   53   54   60   63   65   69   79   87  101  109  118  116
  119  115  117  117  118  112  103   90   78   68   63   62   65   70   85   98
  118  137  158  182  209  239  264  287  310  331  353  369  381  392  400  409
  421  438  456  474  489  498  505  505  500  483  459  430  399  364  332  301
  275  250  228  198  180  158  128  104   80                                   
    25.0-180.0 180.0   5.0 450.0                            LAT/LON1/LON2/DLON/H
  114   88   75   58   59   55   61   56   64   64   70   81   94  106  114  118
  119  118  119  119  119  111  103   88   78   66   66   64   75   79   98  113
  131  150  165  191  213  245  271  297  323  343  367  383  403  414  431  441
  462  478  505  523  548  561  578  584  581  565  539  509  474  440  403  369
  340  319  294  269  244  217  174  149  114                                   
    22.5-180.0 180.0   5.0 450.0                            LAT/LON1/LON2/DLON/H
  171  142  128  104   86   75   72   65   64   64   74   79   89   96  106  107
  112  111  114  111  113  104   99   85   78   70   70   70   81   89  107  123
  144  160  178  199  225  252  278  305  332  354  379  396  420  434  455  470
  494  516  548  574  602  618  631  633  630  621  600  570  535  498  464  433
  409  387  366  342  320  291  248  221  171                                   
    20.0-180.0 180.0   5.0 450.0                            LAT/LON1/LON2/DLON/H
  234  216  193  159  135  112  101   82   78   69   76   79   84   90   96  100
  104  105  107  106  104   99   93   84   76   70   69   71   81   92  110  135
  153  177  190  216  235  262  287  316  346  369  397  419  443  459  482  498
  526  549  586  610  639  652  655  656  655  645  633  613  583  549  514  481
  451  430  416  402  390  367  332  298  234                                   
    17.5-180.0 180.0   5.0 450.0                            LAT/LON1/LON2/DLON/H
  308  293  271  232  201  176  151  126  105   89   88   85   86   84   88   89
   95   97  100   97   97   89   89   79   77   69   74   74   85   95  116  140
  165  184  203  226  248  270  298  330  358  389  413  440  463  482  502  521
  550  573  602  624  641  649  650  651  649  643  632  615  592  565  536  509
  479  460  445  438  433  415  395  371  308                                   
    15.0-180.0 180.0   5.0 450.0                            LAT/LON1/LON2/DLON/H
  355  344  316  287  254  223  200  167  143  118  106   95   95   86   86   84
   89   89   94   94   94   90   87   82   78   72   78   76   89   95  120  144
  167  192  209  238  254  284  311  343  379  409  439  464  491  506  527  541
  566  578  601  613  625  622  627  629  627  618  610  596  580  562  542  519
  493  474  459  452  450  436  419  407  355                                   
    12.5-180.0 180.0   5.0 450.0                            LAT/LON1/LON2/DLON/H
  376  366  348  333  308  272  241  214  185  157  133  115  106   95   89   83
   86   86   91   90   95   89   90   80   81   78   81   82   92  100  120  148
  172  198  220  244  264  291  321  362  390  429  454  485  507  527  542  557
  571  577  586  591  591  583  575  580  581  574  565  556  550  543  529  514
  488  470  452  447  443  434  421  416  376                                   
    10.0-180.0 180.0   5.0 450.0                            LAT/LON1/LON2/DLON/H
  361  364  345  337  322  298  267  236  212  182  160  136  119  103   97   89
   90   84   91   87   94   89   90   80   86   82   86   83   94   99  121  146
  173  203  224  251  268  302  332  369  407  437  468  496  523  537  552  559
  571  568  571  568  566  555  547  550  550  548  537  529  528  527  520  507
  484  462  438  428  420  406  402  394  361                                   
     7.5-180.0 180.0   5.0 450.0                            LAT/LON1/LON2/DLON/H
  339  344  336  337  332  312  288  260  235  210  184  159  136  114  105   96
   99   93   96   91   95   81   77   74   83   89   95   96   97  105  119  149
