data/unet/pred1800.15i
     1.0            IONOSPHERE MAPS     GNSS                IONEX VERSION / TYPE
pyspatialgeodesy        IME             05-JAN-18 20:20     PGM / RUN BY / DATE 
Map Name                                                    COMMENT             
Predicted global ionosphere maps (GIM).                     DESCRIPTION         
  2015     6    29     0     0     0                        EPOCH OF FIRST MAP  
  2015     6    30     0     0     0                        EPOCH OF LAST MAP   
  7200                                                      INTERVAL            
    13                                                      # OF MAPS IN FILE   
  NONE                                                      MAPPING FUNCTION    
10.0                                                        ELEVATION CUTOFF    
One-way carrier phase leveled to code                       OBSERVABLES USED    
  6371.0                                                    BASE RADIUS         
 2                                                          MAP DIMENSION       
   450.0 450.0   0.0                                        HGT1 / HGT2 / DHGT  
    87.5 -87.5  -2.5                                        LAT1 / LAT2 / DLAT  
  -180.0 180.0   5.0                                        LON1 / LON2 / DLON  
    -1                                                      EXPONENT            
                                                            END OF HEADER       
[from data line 429]
     2                                                      START OF TEC MAP    
  2015     6    29     2     0     0                        EPOCH OF CURRENT MAP
    87.5-180.0 180.0   5.0 450.0                            LAT/LON1/LON2/DLON/H
  135  133  128  123  124  119  120  118  120  117  117  114  116  113  114  111
  113  110  111  107  110  107  108  105  108  104  107  103  106  102  106  101
  105  101  105  101  106  102  107  103  109  106  112  109  115  112  117  114
  120  117  121  118  123  120  123  120  124  122  124  122  125  123  125  123
  126  124  127  126  134  128  131  146  135                                   
    85.0-180.0 180.0   5.0 450.0                            LAT/LON1/LON2/DLON/H
  134  144  130  130  131  126  128  124  126  122  123  119  121  117  119  114
  117  112  115  110  114  109  112  107  111  106  109  104  107  103  105  101
  104  100  103  100  103  101  104  103  106  106  109  109  113  112  115  115
  118  118  120  120  122  122  123  123  125  124  125  125  127  126  128  127
  130  129  131  132  136  132  136  140  134                                   
    82.5-180.0 180.0   5.0 450.0                            LAT/LON1/LON2/DLON/H
  137  143  137  142  135  134  130  133  128  129  124  126  122  123  118  120
  116  118  114  117  114  116  112  114  110  111  107  109  105  105  101  102
   99  100   98  100   99  101  101  104  105  107  109  111  113  115  117  118
  120  121  122  123  125  125  126  126  128  128  128  129  130  131  131  132
  133  135  136  140  144  141  144  144  137                                   
    80.0-180.0 180.0   5.0 450.0                            LAT/LON1/LON2/DLON/H
  145  148  152  150  151  144  146  142  142  136  137  131  134  127  128  123
  127  121  125  120  124  119  122  118  120  115  116  111  112  107  106  103
  103  100  102  100  103  101  105  104  109  109  113  114  118  118  122  122
  127  126  129  128  132  130  133  131  135  132  136  134  138  136  139  138
  141  141  145  147  151  147  147  144  145                                   
    77.5-180.0 180.0   5.0 450.0                            LAT/LON1/LON2/DLON/H
  154  159  161  164  159  156  154  153  149  146  142  140  136  134  131  130
  128  127  127  128  127  127  126  126  124  121  119  117  113  110  107  106
  104  103  103  104  104  105  107  110  111  114  116  120  121  125  126  129
  130  133  133  136  135  138  137  139  138  139  138  140  140  141  141  143
  144  146  149  151  152  152  152  146  154                                   
    75.0-180.0 180.0   5.0 450.0                            LAT/LON1/LON2/DLON/H
  154  157  160  161  161  155  155  151  149  144  141  136  133  129  127  124
  123  121  122  122  123  123  123  122  120  117  114  111  107  105  102  101
   99   99   99  101  103  105  108  111  114  117  121  123  127  128  133  134
  138  138  141  140  143  141  143  141  143  139  141  138  140  137  139  138
  141  142  147  148  151  150  154  147  154                                   
    72.5-180.0 180.0   5.0 450.0                            LAT/LON1/LON2/DLON/H
  154  157  158  160  156  154  153  151  147  144  140  135  130  126  122  119
  116  116  116  118  118  120  119  118  115  112  109  105  101   98   96   95
   94   95   97   98  101  103  107  110  113  116  120  123  126  129  133  135
  138  140  141  142  143  143  142  142  141  139  138  136  135  133  133  133
  134  136  141  143  145  148  151  145  154                                   
    70.0-180.0 180.0   5.0 450.0                            LAT/LON1/LON2/DLON/H
  150  153  152  154  155  152  152  150  149  146  143  137  133  127  122  117
  114  112  113  113  115  115  114  113  110  107  103   99   96   93   92   91
   92   93   96   98  102  105  109  112  115  119  122  125  129  132  136  139
  142  143  145  146  147  145  146  143  143  140  140  136  135  132  131  130
  131  133  137  140  143  144  150  144  150                                   
    67.5-180.0 180.0   5.0 450.0                            LAT/LON1/LON2/DLON/H
  150  151  150  151  149  148  148  149  148  146  144  140  134  128  121  116
  110  108  107  108  108  110  108  107  104  101   96   93   89   88   86   87
   88   91   93   97  100  103  107  110  114  117  121  124  129  132  136  139
  142  143  145  145  146  144  143  141  141  138  137  134  133  130  128  126
  128  129  134  136  139  142  147  141  150                                   
    65.0-180.0 180.0   5.0 450.0                            LAT/LON1/LON2/DLON/H
  147  148  144  146  147  146  148  149  151  151  150  146  142  136  129  122
  116  112  110  109  109  109  108  105  102   98   94   90   89   87   88   87
   90   92   95   97  100  103  106  109  113  116  120  124  129  134  137  141
  143  145  145  145  145  144  143  142  141  140  139  137  136  132  130  128
  128  130  134  137  139  140  147  141  147                                   
    62.5-180.0 180.0   5.0 450.0                            LAT/LON1/LON2/DLON/H
  152  149  145  145  143  142  145  147  150  151  151  149  145  140  132  125
  117  114  109  109  106  107  103  101   96   93   89   87   84   85   85   87
   87   90   91   93   94   97  100  103  107  112  117  122  128  132  137  139
  143  143  144  142  144  141  142  140  141  140  141  138  138  134  131  128
  128  129  134  137  139  143  149  141  152                                   
    60.0-180.0 180.0   5.0 450.0                            LAT/LON1/LON2/DLON/H
  154  150  146  146  146  143  145  147  151  152  155  154  153  148  143  135
  129  123  120  116  114  111  108  103  100   95   93   90   92   91   93   92
   94   93   94   93   94   95   98  100  105  109  116  122  128  133  137  140
  142  144  143  143  143  142  142  141  143  143  145  144  144  140  137  133
  134  134  139  141  144  145  152  144  154                                   
    57.5-180.0 180.0   5.0 450.0                            LAT/LON1/LON2/DLON/H
  163  158  154  153  149  147  148  148  151  153  156  157  156  154  148  143
  136  132  126  123  118  116  110  106  100   98   95   95   95   97   97   97
   96   94   91   90   89   91   92   96  101  108  115  122  130  135  140  143
  148  149  151  148  150  146  147  146  149  149  152  151  150  146  142  139
  138  139  143  147  150  154  158  147  163                                   
    55.0-180.0 180.0   5.0 450.0                            LAT/LON1/LON2/DLON/H
  170  164  164  163  159  153  151  150  151  153  156  157  160  158  156  151
  147  143  138  133  129  124  120  113  110  105  104  103  106  106  108  104
  102   97   94   90   90   90   92   94  100  107  115  124  131  138  143  148
  152  154  155  155  155  153  153  152  154  155  157  156  156  151  148  144
  145  146  151  155  158  159  166  155  170                                   
    52.5-180.0 180.0   5.0 450.0                            LAT/LON1/LON2/DLON/H
  179  178  177  177  170  164  160  155  154  154  156  158  161  162  160  158
  155  152  147  143  138  133  128  122  116  114  112  112  114  115  114  111
  105  100   94   91   88   88   88   92   96  105  114  122  131  138  145  152
  158  162  166  166  167  165  164  162  163  163  164  163  161  156  152  149
  148  150  155  161  164  170  173  160  179                                   
    50.0-180.0 180.0   5.0 450.0                            LAT/LON1/LON2/DLON/H
  188  186  192  191  186  178  172  165  159  157  156  158  161  162  164  162
  161  158  155  150  146  141  137  130  127  124  123  122  124  123  122  117
  112  104  100   95   94   92   93   94   99  105  115  124  134  143  151  159
  167  173  177  179  180  177  174  171  170  169  169  167  165  160  156  153
  154  156  163  167  173  174  181  170  188                                   
    47.5-180.0 180.0   5.0 450.0                            LAT/LON1/LON2/DLON/H
  193  199  201  204  198  193  187  177  172  165  164  162  164  166  168  168
  167  164  162  157  153  148  144  140  137  134  132  132  131  130  126  122
  115  111  106  103  101  100   98  100  101  108  117  125  136  145  155  166
  176  185  191  193  194  192  188  183  180  176  174  171  168  164  160  157
  159  162  168  175  179  185  187  175  193                                   
    45.0-180.0 180.0   5.0 450.0                            LAT/LON1/LON2/DLON/H
  202  206  213  215  214  208  202  194  184  178  170  167  167  167  170  169
  170  167  164  160  155  152  149  146  145  143  143  140  140  136  133  127
  123  118  116  114  114  110  109  106  108  111  119  127  138  149  160  172
  185  195  203  206  208  203  200  193  190  183  181  175  173  167  165  163
  166  170  178  183  188  189  196  188  202                                   
    42.5-180.0 180.0   5.0 450.0                            LAT/LON1/LON2/DLON/H
  206  213  216  222  220  218  213  207  201  192  186  179  178  176  177  176
  176  173  169  162  158  154  152  151  150  149  148  145  142  138  134  131
  128  128  128  128  127  124  120  116  115  116  121  127  137  148  159  175
  188  201  209  215  217  213  209  202  197  191  186  181  178  173  170  169
  174  179  186  192  195  200  203  197  206                                   
    40.0-180.0 180.0   5.0 450.0                            LAT/LON1/LON2/DLON/H
  219  223  229  232  233  232  230  224  218  208  199  191  187  184  183  181
  181  176  170  162  157  154  153  153  156  156  156  153  150  144  141  137
  137  136  139  139  140  135  131  124  122  121  126  131  141  152  166  181
  197  209  220  224  229  225  222  216  212  204  200  192  189  182  181  180
  186  191  200  203  208  208  215  212  219                                   
    37.5-180.0 180.0   5.0 450.0                            LAT/LON1/LON2/DLON/H
  233  236  236  241  242  243  242  240  234  226  218  209  205  199  197  193
  191  184  177  166  159  154  154  156  160  162  161  158  154  149  145  144
  143  147  150  154  153  149  142  135  131  130  132  137  145  155  167  185
  200  216  226  232  237  235  235  229  226  218  214  206  201  195  193  192
  197  202  209  214  218  223  228  226  233                                   
    35.0-180.0 180.0   5.0 450.0                            LAT/LON1/LON2/DLON/H
  251  253  255  256  258  259  261  257  254  243  235  223  216  210  206  202
  199  192  182  169  160  155  156  159  165  168  168  166  161  156  151  149
  150  152  156  157  157  151  146  139  136  135  137  140  147  157  168  184
  202  217  229  235  242  242  244  242  242  236  231  222  219  210  210  207
  212  215  223  228  234  238  248  248  251                                   
    32.5-180.0 180.0   5.0 450.0                            LAT/LON1/LON2/DLON/H
  275  277  272  275  275  278  279  280  276  268  256  244  235  227  224  218
  213  204  192  177  164  158  159  165  170  176  176  174  169  163  158  156
  154  158  158  161  157  155  149  145  142  143  144  146  150  158  168  183
  199  216  228  236  244  248  254  255  257  251  247  239  235  228  226  223
  227  229  238  244  250  258  267  268  275                                   
    30.0-180.0 180.0   5.0 450.0                            LAT/LON1/LON2/DLON/H
  302  307  304  304  304  307  308  307  303  294  279  266  253  245  237  232
  224  214  201  184  170  164  165  172  178  184  184  182  175  167  162  156
  155  154  156  154  153  148  145  142  142  143  144  145  146  151  161  177
  192  210  223  233  241  248  257  262  267  264  261  254  249  241  241  237
  241  244  253  260  267  278  289  290  302                                   
    27.5-180.0 180.0   5.0 450.0                            LAT/LON1/LON2/DLON/H
  326  333  333  337  340  342  341  343  335  327  308  294  276  268  257  251
  240  229  213  196  179  174  174  183  189  194  193  188  179  170  163  155
  150  148  146  146  142  142  138  140  140  144  144  145  143  147  155  170
  185  201  215  226  238  247  260  268  276  275  275  269  267  259  258  253
  257  260  268  275  286  297  306  309  326                                   
    25.0-180.0 180.0   5.0 450.0                            LAT/LON1/LON2/DLON/H
  348  358  363  370  375  378  378  377  370  357  338  321  302  292  277  269
  254  240  223  206  192  186  186  194  199  202  198  192  182  170  160  148
  140  134  132  130  130  128  129  129  133  135  138  137  135  136  142  156
  172  189  205  218  234  247  262  272  281  284  285  282  280  275  272  268
  269  272  279  286  297  312  322  325  348                                   
    22.5-180.0 180.0   5.0 450.0                            LAT/LON1/LON2/DLON/H
  359  370  379  389  397  403  404  406  398  389  367  353  330  319  299  289
  271  257  234  220  204  200  199  205  208  207  202  191  180  166  153  138
  127  120  115  116  115  118  117  121  123  127  128  128  125  126  131  145
  162  179  198  213  233  248  266  276  289  292  297  296  297  294  292  287
  287  285  291  295  307  319  330  337  359                                   
    20.0-180.0 180.0   5.0 450.0                            LAT/LON1/LON2/DLON/H
  370  382  392  407  415  423  423  428  422  416  398  384  364  347  327  310
  288  269  248  229  218  211  211  214  212  208  198  188  173  159  142  128
  114  105  102  102  105  105  108  108  113  115  118  117  116  114  120  131
  151  169  192  210  232  251  270  283  293  300  305  308  312  311  311  306
  302  297  299  303  313  326  337  345  370                                   
    17.5-180.0 180.0   5.0 450.0                            LAT/LON1/LON2/DLON/H
  371  382  396  412  423  429  433  439  436  433  420  409  390  374  350  331
  307  286  262  243  230  224  222  219  215  203  192  173  162  145  130  113
   99   91   88   91   93   96   96   99  100  104  104  105  102  103  107  120
  139  160  186  207  232  249  273  284  299  304  314  318  327  330  334  331
  325  319  318  320  326  333  339  351  371                                   
    15.0-180.0 180.0   5.0 450.0                            LAT/LON1/LON2/DLON/H
  377  387  399  414  424  430  432  445  444  447  437  428  413  396  375  353
  329  300  275  254  244  234  229  222  209  195  175  161  145  136  117  105
   90   85   83   88   92   94   94   92   94   94   96   95   97   96  101  110
  132  154  181  205  231  251  272  289  302  314  322  332  340  347  354  353
  348  340  337  336  342  346  349  359  377                                   
    12.5-180.0 180.0   5.0 450.0                            LAT/LON1/LON2/DLON/H
  376  383  396  407  419  421  429  437  444  445  442  434  420  404  383  363
  341  313  287  266  253  242  234  219  201  178  160  142  132  119  107   94
   85   79   81   83   89   90   88   86   84   86   85   88   87   89   92  103
  124  147  175  200  228  249  274  289  308  316  329  337  350  359  370  373
  370  367  359  362  361  363  361  372  376                                   
    10.0-180.0 180.0   5.0 450.0                            LAT/LON1/LON2/DLON/H
  383  386  396  404  413  415  420  431  436  440  439  433  423  406  387  366
  347  318  293  269  257  241  227  209  183  160  138  127  114  109   97   90
   82   80   80   86   86   87   82   79   78   77   80   81   84   84   88   96
  118  141  169  195  222  243  266  287  305  321  335  349  361  373  386  389
  391  386  384  382  385  381  378  384  383                                   
     7.5-180.0 180.0   5.0 450.0                            LAT/LON1/LON2/DLON/H
  385  388  395  401  409  407  415  417  423  423  425  420  410  396  376  358
  339  314  290  269  253  235  218  194  166  140  122  110  103   99   93   86
