data/unet/pred3210.15i
     1.0            IONOSPHERE MAPS     GNSS                IONEX VERSION / TYPE
pyspatialgeodesy        IME             05-JAN-18 20:20     PGM / RUN BY / DATE 
Map Name                                                    COMMENT             
Predicted global ionosphere maps (GIM).                     DESCRIPTION         
  2015    11    17     0     0     0                        EPOCH OF FIRST MAP  
  2015    11    18     0     0     0                        EPOCH OF LAST MAP   
  7200                                                      INTERVAL            
    13                                                      # OF MAPS IN FILE   
  NONE                                                      MAPPING FUNCTION    
10.0                                                        ELEVATION CUTOFF    
One-way carrier phase leveled to code                       OBSERVABLES USED    
  6371.0                                                    BASE RADIUS         
 2                                                          MAP DIMENSION       
   450.0 450.0   0.0                                        HGT1 / HGT2 / DHGT  
    87.5 -87.5  -2.5                                        LAT1 / LAT2 / DLAT  
  -180.0 180.0   5.0                                        LON1 / LON2 / DLON  
    -1                                                      EXPONENT            
                                                            END OF HEADER       
[from data line 1716]
     5                                                      START OF TEC MAP    
  2015    11    17     8     0     0                        EPOCH OF CURRENT MAP
    87.5-180.0 180.0   5.0 450.0                            LAT/LON1/LON2/DLON/H
   38   51   53   53   54   54   56   55   57   56   58   57   58   57   58   57
   57   56   56   55   55   54   54   52   52   52   52   51   52   52   52   52
   53   53   54   53   55   54   55   54   55   54   55   53   55   53   54   53
   54   52   53   52   53   51   51   50   50   49   48   47   47   46   46   45
   45   45   45   47   50   47   49   49   38                                   
    85.0-180.0 180.0   5.0 450.0                            LAT/LON1/LON2/DLON/H
   38   62   53   63   57   63   60   67   63   68   63   67   62   66   61   64
   59   62   56   60   55   59   54   58   54   59   55   59   56   61   56   61
   57   62   58   63   60   64   60   64   61   65   62   65   62   65   61   65
   60   63   57   60   55   57   51   53   48   50   44   47   42   45   40   44
   40   45   42   47   47   46   50   42   38                                   
    82.5-180.0 180.0   5.0 450.0                            LAT/LON1/LON2/DLON/H
   35   56   48   51   50   53   54   59   58   61   58   61   57   59   53   55
   49   52   45   48   43   47   43   47   43   48   45   50   46   51   48   52
   50   54   52   56   54   58   56   60   58   62   60   63   61   64   61   64
   60   61   56   57   52   52   45   45   39   38   33   33   29   29   27   28
   27   29   30   32   33   31   36   33   35                                   
    80.0-180.0 180.0   5.0 450.0                            LAT/LON1/LON2/DLON/H
   31   48   44   44   46   48   51   54   54   55   54   53   51   50   45   45
   40   40   35   35   33   34   32   34   32   36   35   38   38   41   41   43
   44   46   47   49   51   52   55   56   59   60   63   63   66   65   67   66
   66   64   63   60   58   53   50   45   40   36   30   29   24   23   19   21
   18   21   20   23   25   21   26   29   31                                   
    77.5-180.0 180.0   5.0 450.0                            LAT/LON1/LON2/DLON/H
   23   46   41   39   44   43   50   48   51   48   48   44   42   38   36   32
   30   26   25   23   23   21   24   22   26   25   30   30   33   34   37   38
   40   41   43   46   47   50   53   55   58   61   64   67   70   72   74   75
   75   74   73   70   68   63   60   53   50   42   39   32   29   23   23   19
   20   18   23   20   26   23   29   20   23                                   
    75.0-180.0 180.0   5.0 450.0                            LAT/LON1/LON2/DLON/H
   27   44   37   39   41   42   47   46   47   45   44   40   37   34   30   27
   24   22   20   19   18   19   19   21   21   24   25   27   27   30   31   33
   35   37   39   42   45   48   53   56   61   66   71   76   81   85   89   91
   92   91   90   88   85   82   78   73   67   60   54   46   40   33   29   25
   24   22   24   24   27   23   30   25   27                                   
    72.5-180.0 180.0   5.0 450.0                            LAT/LON1/LON2/DLON/H
   30   47   39   38   40   40   44   42   44   39   38   34   30   26   23   20
   17   16   16   15   17   16   21   20   24   23   27   26   28   27   30   30
   32   34   37   39   43   46   52   57   63   70   78   85   91   99  103  106
  108  109  109  106  104  100   97   91   86   78   73   64   58   49   45   38
   36   31   34   31   34   32   38   29   30                                   
    70.0-180.0 180.0   5.0 450.0                            LAT/LON1/LON2/DLON/H
   33   46   38   39   40   40   44   42   44   39   39   34   32   27   25   22
   21   19   20   20   22   23   26   28   30   31   32   32   32   30   32   31
   33   33   37   38   44   47   55   62   71   83   92  103  111  119  123  127
  128  130  129  127  125  121  117  112  107  101   94   87   80   71   65   58
   53   49   47   45   45   38   43   38   33                                   
    67.5-180.0 180.0   5.0 450.0                            LAT/LON1/LON2/DLON/H
   37   50   40   39   38   39   42   42   43   38   38   33   31   26   25   23
   22   21   24   24   28   29   34   34   38   37   40   37   36   33   33   32
   32   33   36   39   45   49   58   67   78   90  102  114  125  134  139  143
  145  147  147  144  141  138  134  130  125  118  111  104   97   88   82   74
   70   63   62   56   56   49   52   42   37                                   
    65.0-180.0 180.0   5.0 450.0                            LAT/LON1/LON2/DLON/H
   38   49   36   37   36   38   40   42   41   39   38   36   33   30   29   28
   28   28   30   32   34   37   40   43   45   45   45   42   40   36   35   33
   34   34   39   41   49   55   66   78   90  105  117  130  140  149  153  158
  161  162  160  158  154  150  147  144  140  134  126  120  110  103   93   86
   79   73   69   64   62   50   53   46   38                                   
    62.5-180.0 180.0   5.0 450.0                            LAT/LON1/LON2/DLON/H
   40   49   36   34   33   35   37   40   40   39   37   36   34   33   31   32
   31   32   33   35   37   39   43   45   48   47   47   42   40   35   34   32
   34   36   42   45   53   60   72   83   98  111  126  138  149  158  165  170
  173  173  172  170  166  160  157  152  150  143  136  127  120  109  100   90
   85   76   73   65   64   54   55   43   40                                   
    60.0-180.0 180.0   5.0 450.0                            LAT/LON1/LON2/DLON/H
   38   45   28   29   27   31   33   38   37   37   36   35   34   33   33   35
   34   35   35   37   37   40   41   44   45   45   43   41   36   33   31   32
   35   39   46   53   62   74   86   99  113  128  139  152  162  172  179  182
  185  185  185  181  177  170  165  161  157  152  143  138  126  118  104   96
   85   77   70   65   63   51   50   43   38                                   
    57.5-180.0 180.0   5.0 450.0                            LAT/LON1/LON2/DLON/H
   39   50   33   29   28   29   31   34   33   34   32   34   31   33   33   36
   35   36   34   34   33   34   35   37   39   39   37   34   30   27   27   30
   35   42   52   60   71   82   96  108  123  136  150  162  174  185  193  198
  202  202  201  196  191  182  176  169  165  157  151  142  134  121  109   95
   87   75   70   62   62   52   52   41   39                                   
    55.0-180.0 180.0   5.0 450.0                            LAT/LON1/LON2/DLON/H
   41   49   30   30   26   29   29   32   30   31   29   31   30   33   34   38
   37   37   34   33   29   29   29   32   32   33   30   28   24   23   23   29
   37   48   60   75   86  101  113  128  138  153  161  177  188  200  207  214
  219  220  217  213  207  198  188  181  175  169  158  154  143  133  116  103
   89   78   70   65   63   53   53   46   41                                   
    52.5-180.0 180.0   5.0 450.0                            LAT/LON1/LON2/DLON/H
   50   64   42   39   34   34   31   32   29   30   26   29   28   33   34   39
   37   38   33   30   25   25   23   25   26   28   25   23   19   20   20   28
   39   53   69   85   99  112  127  138  150  161  174  187  202  215  224  232
  237  236  234  229  224  216  205  196  188  182  173  168  158  146  130  111
   97   84   76   69   68   59   63   52   50                                   
    50.0-180.0 180.0   5.0 450.0                            LAT/LON1/LON2/DLON/H
   61   69   50   49   44   43   38   37   34   31   29   31   31   35   38   42
   41   41   36   33   28   26   24   27   26   28   25   23   19   20   22   32
   43   63   81  102  117  133  144  158  166  180  190  204  216  229  239  247
  249  251  246  246  238  232  217  210  200  194  186  183  175  165  146  128
  111   95   85   79   77   69   72   66   61                                   
    47.5-180.0 180.0   5.0 450.0                            LAT/LON1/LON2/DLON/H
   75   87   69   64   61   56   51   47   41   38   33   35   34   41   42   46
   44   44   40   38   32   31   29   32   30   33   28   28   21   22   24   34
   48   69   91  110  130  144  159  169  183  193  207  217  230  242  254  257
  260  257  256  252  249  240  231  221  212  205  199  195  189  179  164  142
  123  105   96   88   86   80   86   78   75                                   
    45.0-180.0 180.0   5.0 450.0                            LAT/LON1/LON2/DLON/H
   85   92   78   75   74   72   66   61   54   49   44   45   46   49   50   53
   52   51   48   48   44   44   41   42   40   41   37   34   29   28   31   41
   57   80  103  124  142  158  169  187  196  212  219  232  243  255  261  264
  262  260  255  256  250  248  234  229  218  212  203  202  195  189  174  154
  133  116  104   96   94   88   94   88   85                                   
    42.5-180.0 180.0   5.0 450.0                            LAT/LON1/LON2/DLON/H
   92  104   93   88   88   82   82   74   68   62   58   57   56   59   57   59
   56   57   55   56   55   56   53   55   51   52   45   44   36   36   37   48
   65   86  111  129  150  161  182  192  213  222  236  244  256  265  269  267
  265  259  256  253  252  247  238  230  222  212  206  200  196  187  175  155
  137  118  107   99   96   91   99   95   92                                   
    40.0-180.0 180.0   5.0 450.0                            LAT/LON1/LON2/DLON/H
   88  100   93   92   90   89   89   85   80   75   72   71   70   73   70   70
   66   67   66   70   70   73   69   69   64   63   57   53   47   45   46   57
   74   99  120  143  158  179  191  215  226  244  251  263  272  278  279  274
  267  263  256  257  255  253  244  238  228  218  208  204  197  191  176  158
  137  121  106   99   94   88   97   92   88                                   
    37.5-180.0 180.0   5.0 450.0                            LAT/LON1/LON2/DLON/H
   78   98   91   90   89   88   91   88   87   84   83   83   83   84   80   78
   73   73   74   79   82   84   83   80   75   72   65   61   55   53   56   66
   84  104  129  144  169  182  207  223  247  258  272  279  289  292  291  285
  279  273  269  268  269  267  262  255  246  230  219  208  202  188  177  155
  138  117  104   93   87   79   89   84   78                                   
    35.0-180.0 180.0   5.0 450.0                            LAT/LON1/LON2/DLON/H
   67   86   75   74   76   80   86   86   88   87   88   92   93   96   91   89
   85   86   86   93   96  100   94   91   81   76   70   66   62   61   63   74
   90  115  133  157  176  201  217  245  263  279  292  301  311  312  314  310
  306  303  299  299  298  296  293  285  276  259  244  232  218  203  186  165
  144  122  104   93   83   73   79   70   67                                   
    32.5-180.0 180.0   5.0 450.0                            LAT/LON1/LON2/DLON/H
   58   82   68   62   64   68   75   78   82   84   89   93   98  100   98   94
   90   91   94  102  107  107  104   95   85   77   72   69   66   67   70   80
   99  119  143  162  192  213  242  262  286  296  312  321  332  336  342  344
  347  347  348  347  345  342  337  329  319  302  286  266  251  229  210  185
  162  133  116   99   90   74   77   64   58                                   
    30.0-180.0 180.0   5.0 450.0                            LAT/LON1/LON2/DLON/H
   53   71   58   51   50   53   59   63   68   73   81   90   96  103  101  102
   99  102  104  111  113  113  107   96   84   77   72   69   67   69   72   82
   99  125  149  176  204  234  255  286  300  320  336  350  363  370  382  388
  398  404  410  409  407  402  395  386  378  361  345  322  302  277  252  223
  198  167  141  125  107   89   86   69   53                                   
    27.5-180.0 180.0   5.0 450.0                            LAT/LON1/LON2/DLON/H
   67   69   74   60   56   53   55   55   58   63   72   82   91   98  100  101
  101  104  107  112  114  112  105   95   83   75   71   70   70   73   76   91
  109  133  161  187  218  248  281  303  323  339  357  371  389  403  418  430
  447  458  470  472  471  462  455  445  436  422  406  383  359  333  304  279
  246  213  186  161  146  121  111   88   67                                   
    25.0-180.0 180.0   5.0 450.0                            LAT/LON1/LON2/DLON/H
   95   81   75   62   55   50   55   53   53   53   62   72   83   92   96  100
  103  107  109  111  111  107  100   91   82   75   72   71   71   74   80   93
  115  147  174  206  236  269  298  325  343  365  384  404  425  442  464  478
  502  516  532  533  532  524  518  514  507  496  474  453  425  399  369  343
  310  282  249  218  194  171  135  122   95                                   
    22.5-180.0 180.0   5.0 450.0                            LAT/LON1/LON2/DLON/H
  136  115  104   86   70   63   60   55   58   58   62   67   76   84   89   93
   95  100  101  103  102  100   93   87   80   75   74   74   74   78   83  104
  127  159  192  224  257  289  321  344  364  383  407  429  455  479  503  524
  550  569  589  592  590  580  573  570  564  554  536  521  493  472  441  420
  390  366  330  301  273  240  205  172  136                                   
    20.0-180.0 180.0   5.0 450.0                            LAT/LON1/LON2/DLON/H
  192  174  158  133  107   91   77   68   65   62   69   69   75   78   84   87
   92   93   95   93   93   90   88   85   84   80   82   80   83   84   99  114
  146  177  214  246  280  311  340  362  385  401  430  453  483  507  535  558
  589  611  634  637  640  633  624  621  612  607  591  578  554  533  504  490
  462  451  423  402  363  325  280  238  192                                   
    17.5-180.0 180.0   5.0 450.0                            LAT/LON1/LON2/DLON/H
  263  254  241  209  175  144  117  104   90   82   80   83   84   81   83   84
   86   89   88   89   87   87   87   88   88   88   88   88   89   94  105  126
  156  189  225  256  292  325  356  383  403  424  449  475  503  529  562  588
  619  644  665  671  666  659  648  642  636  630  621  614  597  579  552  536
  513  503  481  463  434  403  369  315  263                                   
    15.0-180.0 180.0   5.0 450.0                            LAT/LON1/LON2/DLON/H
  332  328  309  281  249  203  167  142  124  109   97   96   99   91   91   88
   89   87   88   84   88   87   93   93   98   97   97   98  102  103  116  138
  171  199  239  268  304  338  365  394  422  440  469  491  520  543  575  598
  633  652  673  674  671  662  654  650  645  646  639  636  623  612  593  584
  560  550  527  504  477  447  408  369  332                                   
    12.5-180.0 180.0   5.0 450.0                            LAT/LON1/LON2/DLON/H
  376  375  363  349  309  262  217  190  169  149  128  118  112  107  104   99
   99   95   94   91   92   93   97  101  105  106  107  106  108  111  124  149
  177  209  242  279  311  344  379  410  433  460  484  511  535  559  585  606
  629  644  654  660  659  652  644  639  635  634  635  633  628  620  606  597
  578  569  544  519  490  465  430  399  376                                   
    10.0-180.0 180.0   5.0 450.0                            LAT/LON1/LON2/DLON/H
  381  395  370  372  345  298  256  220  202  178  155  140  127  118  111  111
  110  108  104   98  101   98  103  105  110  115  115  113  114  114  131  154
  184  214  246  281  309  343  378  410  442  467  498  521  549  566  590  601
  618  624  634  636  639  637  633  629  625  626  628  630  628  624  613  604
  587  572  546  518  488  459  428  401  381                                   
     7.5-180.0 180.0   5.0 450.0                            LAT/LON1/LON2/DLON/H
  370  388  372  375  358  327  285  254  230  206  181  162  146  132  122  115
  113  109  112  104  102   93   95  101  115  119  120  117  118  118  134  158
