data/unet/pred3550.15i
     1.0            IONOSPHERE MAPS     GNSS                IONEX VERSION / TYPE
pyspatialgeodesy        IME             05-JAN-18 20:20     PGM / RUN BY / DATE 
Map Name                                                    COMMENT             
Predicted global ionosphere maps (GIM).                     DESCRIPTION         
  2015    12    21     0     0     0                        EPOCH OF FIRST MAP  
  2015    12    22     0     0     0                        EPOCH OF LAST MAP   
  7200                                                      INTERVAL            
    13                                                      # OF MAPS IN FILE   
  NONE                                                      MAPPING FUNCTION    
10.0                                                        ELEVATION CUTOFF    
One-way carrier phase leveled to code                       OBSERVABLES USED    
  6371.0                                                    BASE RADIUS         
 2                                                          MAP DIMENSION       
   450.0 450.0   0.0                                        HGT1 / HGT2 / DHGT  
    87.5 -87.5  -2.5                                        LAT1 / LAT2 / DLAT  
  -180.0 180.0   5.0                                        LON1 / LON2 / DLON  
    -1                                                      EXPONENT            
                                                            END OF HEADER       
[from data line 4290]
    11                                                      START OF TEC MAP    
  2015    12    21    20     0     0                        EPOCH OF CURRENT MAP
    87.5-180.0 180.0   5.0 450.0                            LAT/LON1/LON2/DLON/H
  120   90   68   73   71   72   72   74   75   80   81   86   87   92   94   98
   99  103  103  106  104  107  105  107  104  107  104  106  102  104  100  102
   98   99   96   96   94   93   91   91   89   88   86   86   84   85   82   83
   82   82   81   82   81   81   80   80   79   79   78   78   77   76   75   74
   73   72   70   69   70   68   60  105  120                                   
    85.0-180.0 180.0   5.0 450.0                            LAT/LON1/LON2/DLON/H
   56   56   55   59   62   62   65   68   71   76   80   86   89   95   97  102
  104  108  110  112  113  113  114  113  113  111  110  109  107  105  104  101
  100   98   96   93   93   90   90   85   86   82   83   79   81   77   79   75
   77   74   76   73   76   72   74   71   73   69   71   67   69   64   67   62
   64   58   61   55   60   52   50   72   56                                   
    82.5-180.0 180.0   5.0 450.0                            LAT/LON1/LON2/DLON/H
   37   39   38   42   43   47   49   56   62   70   77   85   92   98  104  109
  114  118  121  124  124  126  123  124  120  119  115  113  109  107  103  100
   97   95   92   91   88   87   84   83   81   81   78   78   75   75   73   73
   71   71   70   69   69   67   67   64   64   61   61   57   56   53   52   49
   48   45   43   41   40   35   37   46   37                                   
    80.0-180.0 180.0   5.0 450.0                            LAT/LON1/LON2/DLON/H
   32   25   25   25   28   29   36   40   51   58   71   77   91   94  107  109
  118  120  127  125  129  125  128  122  123  115  116  108  107  101  100   95
   94   90   88   86   84   81   80   76   76   72   72   68   69   65   67   63
   65   62   64   61   64   60   62   58   59   55   55   50   50   45   45   39
   39   33   33   27   30   23   22   30   32                                   
    77.5-180.0 180.0   5.0 450.0                            LAT/LON1/LON2/DLON/H
   24   21   14   18   19   21   26   33   42   54   65   78   89  100  109  116
  122  125  130  127  128  123  122  115  113  104  102   94   93   87   86   81
   80   76   77   73   74   71   71   67   67   64   64   61   60   58   58   56
   57   55   57   56   58   55   57   54   55   51   51   47   46   42   41   36
   34   30   28   24   24   22   19   24   24                                   
    75.0-180.0 180.0   5.0 450.0                            LAT/LON1/LON2/DLON/H
   29   20   15   19   18   23   27   35   45   56   70   81   96  106  117  121
  130  130  134  129  129  123  120  113  109  101   97   89   86   81   79   76
   74   74   73   74   72   74   72   72   69   69   66   65   62   61   60   60
   59   61   61   63   62   64   62   63   61   61   57   57   53   53   49   47
   43   41   37   34   31   28   24   28   29                                   
    72.5-180.0 180.0   5.0 450.0                            LAT/LON1/LON2/DLON/H
   37   32   23   25   24   27   32   40   51   63   77   91  105  117  125  133
  135  138  134  130  125  120  113  106  100   93   88   82   78   74   71   68
   66   66   68   68   70   70   71   68   68   65   64   61   60   58   58   58
   58   60   61   63   64   66   65   65   64   63   61   60   58   57   55   53
   51   49   46   42   39   36   32   33   37                                   
    70.0-180.0 180.0   5.0 450.0                            LAT/LON1/LON2/DLON/H
   51   40   35   36   34   38   42   49   61   71   85   96  113  123  133  139
  141  141  134  129  120  116  107  103   95   92   84   80   73   69   65   62
   60   60   61   62   65   66   68   67   66   65   63   61   61   60   61   62
   63   65   67   69   71   71   71   70   70   67   66   63   63   61   61   58
   58   56   55   52   52   48   43   45   51                                   
    67.5-180.0 180.0   5.0 450.0                            LAT/LON1/LON2/DLON/H
   58   54   48   50   47   50   53   62   70   82   96  110  123  135  143  149
  147  144  136  128  119  113  105   99   92   86   79   73   68   62   58   54
   52   51   51   53   55   58   61   61   62   60   61   58   59   58   60   61
   63   65   67   69   70   72   70   71   68   67   64   63   60   62   59   60
   58   58   57   56   55   54   48   50   58                                   
    65.0-180.0 180.0   5.0 450.0                            LAT/LON1/LON2/DLON/H
   63   57   56   58   57   60   63   70   80   90  103  116  131  141  149  151
  150  143  135  124  114  107   97   91   83   79   73   68   64   58   54   47
   45   39   40   39   44   46   50   51   54   51   54   52   56   56   60   61
   64   66   68   69   71   70   70   69   68   64   63   59   59   56   58   55
   57   55   56   54   55   55   52   61   63                                   
    62.5-180.0 180.0   5.0 450.0                            LAT/LON1/LON2/DLON/H
   57   58   57   63   62   67   69   79   86   98  113  126  141  150  158  158
  156  146  137  128  116  106   95   84   78   71   67   63   61   56   51   44
   39   34   29   30   30   35   37   40   42   43   44   44   48   49   54   54
   59   58   61   61   63   63   62   62   60   59   56   53   52   51   50   50
   49   49   48   47   47   48   45   58   57                                   
    60.0-180.0 180.0   5.0 450.0                            LAT/LON1/LON2/DLON/H
   49   51   55   61   65   69   73   82   92  103  117  131  145  153  161  162
  161  152  145  135  123  110   95   84   73   67   62   60   59   55   51   43
   38   29   28   23   27   27   32   32   37   36   40   41   47   49   52   53
   55   54   55   54   56   55   56   56   56   55   53   50   50   47   48   44
   47   44   44   41   42   42   43   61   49                                   
    57.5-180.0 180.0   5.0 450.0                            LAT/LON1/LON2/DLON/H
   42   48   51   62   65   71   76   86   95  108  122  136  150  157  165  167
  167  161  155  144  132  116   99   84   73   66   60   59   59   58   54   47
   40   32   28   23   24   23   27   27   31   32   35   38   42   44   47   46
   47   45   45   43   45   45   48   49   50   49   48   46   44   43   42   42
   41   40   39   36   36   35   37   55   42                                   
    55.0-180.0 180.0   5.0 450.0                            LAT/LON1/LON2/DLON/H
   39   46   53   63   69   74   81   90  100  113  126  140  153  162  167  172
  172  171  165  157  147  129  110   91   79   69   64   63   65   64   64   56
   51   41   37   31   32   31   34   34   37   36   39   40   45   45   46   45
   42   39   38   36   38   38   42   45   47   48   48   46   45   43   44   41
   43   41   41   37   37   34   39   56   39                                   
    52.5-180.0 180.0   5.0 450.0                            LAT/LON1/LON2/DLON/H
   47   54   59   70   75   82   88   97  107  116  131  141  155  162  171  174
  179  180  180  171  164  146  125  101   85   74   69   70   73   76   74   67
   61   52   47   41   41   40   41   40   41   40   41   42   45   44   45   41
   40   35   35   32   35   36   41   44   47   48   48   47   46   44   44   43
   43   43   44   40   41   38   45   60   47                                   
    50.0-180.0 180.0   5.0 450.0                            LAT/LON1/LON2/DLON/H
   60   68   75   84   91   96  103  110  118  126  136  146  157  164  172  180
  187  192  197  192  185  168  147  117   98   83   80   80   86   88   89   80
   76   66   62   57   58   57   59   57   57   53   54   52   54   52   52   48
   45   42   40   39   41   44   48   52   55   56   56   54   53   51   52   50
   52   52   54   52   53   52   59   71   60                                   
    47.5-180.0 180.0   5.0 450.0                            LAT/LON1/LON2/DLON/H
   79   89   91  101  107  112  119  123  132  136  145  150  161  167  177  186
  192  203  208  209  204  184  163  134  113   97   93   94   98  101   98   90
   83   76   72   70   70   70   72   68   67   62   60   58   57   56   54   52
   50   47   48   48   52   54   59   61   64   63   63   60   58   55   55   55
   56   59   62   61   65   66   75   85   79                                   
    45.0-180.0 180.0   5.0 450.0                            LAT/LON1/LON2/DLON/H
   99  110  117  124  131  136  142  148  154  158  161  166  171  178  186  194
  203  213  222  226  221  206  185  156  135  115  111  109  113  111  107   97
   90   84   82   83   85   87   89   87   84   79   75   71   69   67   66   64
   62   61   63   64   68   70   73   74   76   73   72   67   65   62   62   61
   65   67   72   73   79   83   95  105   99                                   
    42.5-180.0 180.0   5.0 450.0                            LAT/LON1/LON2/DLON/H
  117  127  135  143  148  151  156  162  168  171  173  176  183  189  199  207
  213  223  232  239  237  221  201  170  154  134  126  120  119  113  104   91
   85   81   83   85   91   95   98   96   93   87   82   77   74   71   70   68
   69   69   73   74   79   81   84   83   84   80   76   72   68   65   63   63
   64   68   73   79   86   93  105  122  117                                   
    40.0-180.0 180.0   5.0 450.0                            LAT/LON1/LON2/DLON/H
  134  144  154  159  162  165  170  177  185  186  191  192  203  208  220  225
  234  240  251  256  258  246  230  198  178  155  147  131  127  114  101   88
   83   81   86   93   99  107  111  111  108  102   97   91   88   83   82   79
   80   80   83   86   89   90   92   88   89   83   80   74   72   67   67   65
   68   69   76   78   88   98  116  135  134                                   
    37.5-180.0 180.0   5.0 450.0                            LAT/LON1/LON2/DLON/H
  142  150  161  163  172  166  180  182  196  194  205  206  223  228  245  246
  256  257  268  272  279  267  251  216  190  167  155  137  127  110   97   85
   82   84   92   99  107  114  120  119  116  110  105  100   95   91   88   84
   84   84   87   88   90   91   91   90   88   84   78   75   69   67   63   64
   62   64   67   75   83   97  115  143  142                                   
    35.0-180.0 180.0   5.0 450.0                            LAT/LON1/LON2/DLON/H
  147  160  172  180  184  190  194  202  210  210  219  223  242  252  267  272
  280  279  287  292  296  285  269  230  201  175  164  142  135  118  106  100
   99  107  113  123  127  135  136  138  133  130  123  119  112  107  101   97
   93   92   90   91   91   91   91   89   89   84   81   77   73   71   69   67
   66   64   66   67   78   92  118  143  147                                   
    32.5-180.0 180.0   5.0 450.0                            LAT/LON1/LON2/DLON/H
  145  154  168  178  189  189  203  205  220  214  232  235  262  271  293  295
  304  300  307  306  309  295  273  232  202  174  162  150  142  131  123  122
  127  136  144  148  150  151  152  148  147  142  139  133  128  119  111  103
   96   93   89   89   87   88   87   88   87   85   80   78   73   74   70   69
   64   61   58   63   71   90  116  146  145                                   
    30.0-180.0 180.0   5.0 450.0                            LAT/LON1/LON2/DLON/H
  149  165  179  196  205  216  224  234  238  239  246  257  275  292  309  319
  324  326  328  324  319  302  278  236  207  180  174  163  166  155  158  163
  175  187  191  194  186  183  176  174  168  167  161  158  149  141  127  118
  107  100   94   92   89   91   93   96   95   94   89   86   83   84   83   83
   79   74   69   66   73   89  117  145  149                                   
    27.5-180.0 180.0   5.0 450.0                            LAT/LON1/LON2/DLON/H
  159  170  189  205  219  231  248  258  264  264  269  276  294  307  324  336
  343  345  343  334  328  306  275  236  207  189  186  186  194  194  207  217
  239  250  253  244  226  210  201  191  189  183  181  173  167  154  141  129
  115  108   98   97   91   96   95  102  100  100   93   91   87   88   85   87
   83   80   74   76   81   99  126  154  159                                   
    25.0-180.0 180.0   5.0 450.0                            LAT/LON1/LON2/DLON/H
  177  188  206  223  238  258  273  290  289  296  292  301  305  322  330  347
  350  355  349  342  328  301  270  236  216  208  216  223  240  250  272  298
  317  332  317  302  267  248  223  217  205  205  196  193  182  172  157  145
  131  123  114  109  106  108  110  114  115  112  106  102   98   97   96   98
   96   98   94   94  101  115  139  167  177                                   
    22.5-180.0 180.0   5.0 450.0                            LAT/LON1/LON2/DLON/H
  197  206  229  246  265  280  302  313  320  329  331  334  337  344  349  355
  357  354  350  338  325  297  270  244  234  234  256  270  298  312  342  361
  381  383  369  340  301  271  245  227  220  211  207  196  189  176  164  153
  142  136  127  126  121  125  124  129  126  124  115  111  105  103  100  103
  100  102  102  107  118  137  159  190  197                                   
    20.0-180.0 180.0   5.0 450.0                            LAT/LON1/LON2/DLON/H
  218  229  251  269  287  309  327  345  345  362  358  367  356  363  353  360
  351  353  342  335  316  292  270  255  260  271  302  325  346  366  386  408
  417  415  389  360  316  284  251  236  223  218  211  202  193  180  171  160
  155  149  146  144  141  142  144  145  145  139  127  121  112  109  105  110
  108  115  115  123  138  156  180  207  218                                   
    17.5-180.0 180.0   5.0 450.0                            LAT/LON1/LON2/DLON/H
  232  247  275  293  313  326  346  360  374  391  401  409  403  404  393  390
  377  368  355  337  325  304  293  287  303  320  351  368  388  405  423  438
  439  425  397  360  323  286  258  237  228  215  211  198  193  181  176  169
  167  166  165  165  162  160  161  158  159  147  138  125  119  111  109  109
  109  115  119  130  146  171  193  219  232                                   
    15.0-180.0 180.0   5.0 450.0                            LAT/LON1/LON2/DLON/H
  251  274  298  322  339  353  370  385  398  421  428  442  432  437  420  419
  398  393  365  354  337  326  320  326  345  364  384  398  408  422  428  436
  426  408  376  348  312  283  258  242  232  222  214  202  193  183  179  176
  178  179  182  181  181  177  178  174  171  159  145  134  124  116  111  109
  109  118  125  138  156  179  204  226  251                                   
    12.5-180.0 180.0   5.0 450.0                            LAT/LON1/LON2/DLON/H
  257  287  316  341  360  373  388  398  418  440  457  474  475  485  475  476
  457  447  418  395  376  358  359  364  384  403  418  428  428  433  426  424
  405  385  352  328  298  279  260  247  238  223  214  199  190  180  178  175
  181  183  190  188  189  186  186  182  176  162  150  138  130  119  112  105
  106  111  122  136  155  181  204  228  257                                   
    10.0-180.0 180.0   5.0 450.0                            LAT/LON1/LON2/DLON/H
  265  297  327  354  372  388  403  416  433  458  476  497  510  528  525  530
  510  501  467  443  408  395  388  402  414  436  441  447  434  423  403  390
  366  347  321  304  283  276  261  253  239  225  208  194  181  176  173  177
  183  190  195  191  191  187  187  182  173  159  149  139  132  121  111  102
  101  107  121  137  157  181  205  226  265                                   
     7.5-180.0 180.0   5.0 450.0                            LAT/LON1/LON2/DLON/H
  266  301  331  359  382  399  418  430  449  468  492  519  548  571  579  584
  573  567  536  508  470  449  438  452  458  477  472  471  447  427  396  379
