data/unet/pred2650.15i
     1.0            IONOSPHERE MAPS     GNSS                IONEX VERSION / TYPE
pyspatialgeodesy        IME             05-JAN-18 20:20     PGM / RUN BY / DATE 
Map Name                                                    COMMENT             
Predicted global ionosphere maps (GIM).                     DESCRIPTION         
  2015     9    22     0     0     0                        EPOCH OF FIRST MAP  
  2015     9    23     0     0     0                        EPOCH OF LAST MAP   
  7200                                                      INTERVAL            
    13                                                      # OF MAPS IN FILE   
  NONE                                                      MAPPING FUNCTION    
10.0                                                        ELEVATION CUTOFF    
One-way carrier phase leveled to code                       OBSERVABLES USED    
  6371.0                                                    BASE RADIUS         
 2                                                          MAP DIMENSION       
   450.0 450.0   0.0                                        HGT1 / HGT2 / DHGT  
    87.5 -87.5  -2.5                                        LAT1 / LAT2 / DLAT  
  -180.0 180.0   5.0                                        LON1 / LON2 / DLON  
    -1                                                      EXPONENT            
                                                            END OF HEADER       
[from data line 5148]
    13                                                      START OF TEC MAP    
  2015     9    23     0     0     0                        EPOCH OF CURRENT MAP
    87.5-180.0 180.0   5.0 450.0                            LAT/LON1/LON2/DLON/H
  135  105  102   97   97   93   96   93   96   93   96   93   96   93   95   92
   94   91   93   89   92   88   91   87   89   86   88   84   87   83   86   82
   85   82   85   81   84   82   85   82   85   82   85   83   86   84   87   85
   88   86   89   87   90   87   90   87   90   88   91   87   91   88   92   88
   92   89   92   90   97   94  103  124  135                                   
    85.0-180.0 180.0   5.0 450.0                            LAT/LON1/LON2/DLON/H
  113   98   98   97   96   92   95   93   96   94   97   95   97   95   97   94
   95   91   93   87   88   83   84   79   80   75   76   72   73   69   71   67
   69   67   69   67   69   68   70   69   71   70   73   72   75   74   77   76
   79   79   81   80   83   82   84   83   85   84   86   84   87   86   87   85
   88   86   88   86   92   86   88  101  113                                   
    82.5-180.0 180.0   5.0 450.0                            LAT/LON1/LON2/DLON/H
  108   98  100  100  100   95  100   98  103  101  106  104  109  105  109  105
  106  101  101   94   94   86   86   78   78   71   72   66   68   62   64   60
   63   60   64   60   65   61   67   63   69   65   71   68   75   72   78   75
   81   78   84   81   87   84   89   86   91   88   92   89   94   90   93   89
   93   89   93   90   95   89   91   99  108                                   
    80.0-180.0 180.0   5.0 450.0                            LAT/LON1/LON2/DLON/H
  111  105  105  106  103  103  106  108  111  113  117  119  122  123  124  123
  122  119  116  111  106   99   94   88   83   77   73   69   67   64   63   61
   62   61   62   62   64   64   66   66   68   68   71   71   75   75   78   79
   83   83   87   87   91   91   94   94   98   98  100  100  102  102  102  102
  103  102  102  101  103   98   98  106  111                                   
    77.5-180.0 180.0   5.0 450.0                            LAT/LON1/LON2/DLON/H
  118  110  108  108  105  105  108  111  115  120  124  129  132  135  136  137
  135  132  128  122  115  108  100   92   85   77   72   67   64   61   60   59
   59   59   61   61   62   62   64   64   65   64   66   66   69   69   72   73
   77   77   81   81   84   85   88   90   93   94   97   98  100  101  102  102
  103  103  104  104  105  101  102  106  118                                   
    75.0-180.0 180.0   5.0 450.0                            LAT/LON1/LON2/DLON/H
  119  113  111  111  108  108  111  115  119  125  131  136  141  144  146  146
  145  141  137  130  122  113  105   95   86   78   71   66   62   60   59   59
   60   61   62   63   63   63   63   62   62   61   61   61   62   63   65   66
   68   69   72   73   76   77   81   83   87   89   93   95   98  100  102  103
  104  105  106  107  108  106  105  110  119                                   
    72.5-180.0 180.0   5.0 450.0                            LAT/LON1/LON2/DLON/H
  123  115  114  113  108  108  110  114  119  125  132  137  141  144  146  146
  144  140  135  128  120  111  102   92   82   74   68   62   59   57   58   58
   60   60   62   62   62   61   60   57   57   54   54   52   54   53   56   55
   57   57   60   61   64   65   70   73   78   81   86   89   93   95   98   99
  101  102  105  107  110  109  109  113  123                                   
    70.0-180.0 180.0   5.0 450.0                            LAT/LON1/LON2/DLON/H
  120  115  115  114  109  108  110  113  118  124  131  136  139  141  142  140
  137  132  128  121  114  105   97   87   78   69   63   58   56   54   56   57
   59   60   62   61   60   58   56   52   50   47   47   45   46   46   48   48
   50   50   52   53   55   58   63   66   72   77   82   86   90   93   96   98
  101  102  106  109  113  113  113  117  120                                   
    67.5-180.0 180.0   5.0 450.0                            LAT/LON1/LON2/DLON/H
  124  118  117  115  109  107  108  111  115  121  126  131  133  133  132  129
  125  121  116  111  105   98   91   82   73   65   60   54   52   50   52   52
   55   55   57   54   54   49   48   42   41   37   38   36   38   38   41   40
   42   42   44   44   47   50   56   60   67   72   79   84   89   91   95   97
  100  102  106  109  114  114  115  120  124                                   
    65.0-180.0 180.0   5.0 450.0                            LAT/LON1/LON2/DLON/H
  124  120  119  116  109  106  107  109  112  117  122  125  126  124  122  118
  115  110  108  103  100   94   88   80   73   65   60   54   52   50   50   50
   52   52   52   50   47   43   40   36   34   32   33   33   35   36   39   39
   41   41   42   42   45   48   54   59   67   74   81   86   91   94   98   99
  102  103  107  110  114  115  116  122  124                                   
    62.5-180.0 180.0   5.0 450.0                            LAT/LON1/LON2/DLON/H
  128  123  121  117  109  104  104  105  109  113  117  119  119  116  113  109
  106  103  102  100   98   94   89   83   77   69   63   57   54   50   48   46
   47   45   45   41   40   35   33   29   28   27   29   30   34   35   38   39
   41   40   42   41   45   47   54   60   69   75   83   88   94   97  100  101
  104  104  108  109  113  114  116  122  128                                   
    60.0-180.0 180.0   5.0 450.0                            LAT/LON1/LON2/DLON/H
  128  126  124  120  110  105  104  105  109  112  115  116  116  112  109  105
  104  102  102  102  102   99   95   90   83   77   70   64   59   54   50   46
   45   43   41   38   36   32   30   29   28   29   32   35   38   41   43   45
   46   46   47   47   49   52   58   65   74   82   89   95  100  103  106  107
  109  109  111  112  114  114  116  122  128                                   
    57.5-180.0 180.0   5.0 450.0                            LAT/LON1/LON2/DLON/H
  136  134  131  125  115  108  106  106  110  114  116  117  115  112  109  107
  107  108  109  109  109  107  103   97   92   86   79   73   66   60   53   48
   45   41   39   36   35   32   31   30   31   33   36   40   43   45   48   48
   50   49   50   50   53   55   63   69   79   86   94   99  105  107  111  112
  114  114  116  116  117  117  119  123  136                                   
    55.0-180.0 180.0   5.0 450.0                            LAT/LON1/LON2/DLON/H
  142  143  140  134  122  114  111  111  113  116  118  118  117  115  114  113
  116  117  118  119  118  115  110  106  100   95   89   82   75   67   60   53
   48   44   42   40   39   38   38   39   41   44   47   49   52   53   55   55
   56   55   55   55   58   62   69   77   86   93  100  104  109  113  116  118
  121  122  123  123  124  123  124  127  142                                   
    52.5-180.0 180.0   5.0 450.0                            LAT/LON1/LON2/DLON/H
  159  158  154  146  133  124  119  118  120  122  123  123  122  121  121  123
  126  128  129  128  125  120  116  110  105  101   96   90   82   74   66   58
   53   49   47   46   47   47   48   50   53   55   57   59   60   59   60   59
   60   59   60   59   63   67   75   82   92   98  104  107  112  115  119  123
  127  129  132  132  133  133  134  135  159                                   
    50.0-180.0 180.0   5.0 450.0                            LAT/LON1/LON2/DLON/H
  170  172  169  161  148  138  132  129  129  129  129  128  129  128  130  132
  136  137  136  134  130  125  119  114  109  105  101   95   88   80   71   64
   60   56   56   56   58   60   63   65   69   70   71   70   69   67   67   65
   66   65   66   66   70   75   83   91  101  106  110  112  116  119  124  129
  135  138  142  143  145  144  145  146  170                                   
    47.5-180.0 180.0   5.0 450.0                            LAT/LON1/LON2/DLON/H
  188  188  186  178  164  154  147  143  141  139  138  138  138  138  139  141
  144  143  141  137  133  127  121  116  111  107  103   98   91   83   76   69
   65   63   64   66   70   73   77   79   82   83   82   79   77   74   72   70
   71   70   72   73   78   82   92   99  108  112  115  116  119  122  127  133
  141  146  151  154  157  157  158  157  188                                   
    45.0-180.0 180.0   5.0 450.0                            LAT/LON1/LON2/DLON/H
  198  199  200  194  182  173  165  159  155  153  150  149  148  149  149  149
  149  147  144  139  134  129  124  118  113  107  103   97   91   84   77   72
   70   70   72   76   82   86   91   92   95   95   94   90   86   82   80   77
   79   78   80   81   87   92  103  110  119  122  124  123  126  128  133  139
  147  153  161  164  168  168  169  171  198                                   
    42.5-180.0 180.0   5.0 450.0                            LAT/LON1/LON2/DLON/H
  207  206  207  202  194  187  180  174  169  166  163  162  161  161  160  158
  156  152  148  144  139  135  129  124  116  110  102   96   89   83   77   73
   73   73   78   83   90   95   99  101  104  103  102   98   94   90   88   85
   86   85   88   89   96  102  114  121  130  132  133  132  134  135  139  144
  151  158  166  171  177  178  179  181  207                                   
    40.0-180.0 180.0   5.0 450.0                            LAT/LON1/LON2/DLON/H
  206  207  211  207  201  196  191  187  182  180  177  177  176  175  172  168
  163  158  153  150  146  142  138  131  122  112  102   93   87   80   77   74
   75   77   83   89   97  102  107  109  112  111  111  107  103   98   96   92
   93   91   94   95  103  110  123  130  141  142  144  142  145  145  148  151
  157  162  171  177  183  184  185  188  206                                   
    37.5-180.0 180.0   5.0 450.0                            LAT/LON1/LON2/DLON/H
  206  205  208  206  201  199  195  193  190  189  189  191  191  190  186  180
  174  168  164  160  158  155  150  142  130  118  104   94   86   80   77   76
   77   80   86   92  100  106  111  113  116  117  117  114  111  107  104  101
  100   97   98   99  109  117  131  140  151  152  153  152  155  154  156  158
  162  167  174  181  187  188  191  194  206                                   
    35.0-180.0 180.0   5.0 450.0                            LAT/LON1/LON2/DLON/H
  204  203  208  205  202  201  200  198  197  198  201  205  206  205  200  194
  186  180  175  172  169  165  159  149  136  121  108   95   88   83   81   80
   82   84   91   97  105  110  115  117  121  122  123  120  117  112  109  104
  103   97   98   98  109  117  135  144  158  158  160  158  162  161  164  164
  169  172  181  186  193  196  200  204  204                                   
    32.5-180.0 180.0   5.0 450.0                            LAT/LON1/LON2/DLON/H
  213  208  210  208  204  204  202  202  201  204  209  215  218  218  214  208
  201  195  189  184  179  172  164  153  139  125  111  100   93   89   88   88
   89   92   97  103  110  115  119  121  125  126  127  124  121  116  112  106
  101   94   92   91  100  112  131  146  160  162  164  163  167  167  170  171
  175  179  187  194  203  208  213  222  213                                   
    30.0-180.0 180.0   5.0 450.0                            LAT/LON1/LON2/DLON/H
  230  223  227  221  217  214  213  210  211  214  221  228  231  231  226  220
  212  206  199  190  181  172  162  151  139  127  115  106  100   97   98   98
  100  102  106  111  116  121  125  128  131  132  132  128  124  117  111  103
   97   87   83   79   88   98  122  138  155  158  163  161  169  171  177  179
  186  190  200  209  220  229  236  248  230                                   
    27.5-180.0 180.0   5.0 450.0                            LAT/LON1/LON2/DLON/H
  260  250  253  247  239  235  230  226  225  229  235  241  243  241  237  231
  223  216  205  193  179  167  155  146  137  128  120  113  109  109  110  111
  112  112  115  118  122  126  130  133  136  135  135  129  124  115  107   99
   89   78   70   62   69   83  106  126  144  151  155  159  167  175  184  190
  201  208  221  233  247  257  265  279  260                                   
    25.0-180.0 180.0   5.0 450.0                            LAT/LON1/LON2/DLON/H
  292  287  288  279  273  265  258  250  250  253  258  263  262  258  250  244
  234  223  207  190  172  157  146  140  137  132  127  123  121  121  123  124
  124  124  124  125  128  130  135  137  141  139  138  131  123  114  104   94
   84   73   62   54   59   73  100  120  140  147  154  156  166  174  190  203
  220  234  251  266  283  298  311  321  292                                   
    22.5-180.0 180.0   5.0 450.0                            LAT/LON1/LON2/DLON/H
  328  323  328  319  308  299  289  283  282  284  287  288  285  277  268  257
  246  229  207  185  165  150  141  140  141  141  139  136  134  134  135  135
  135  133  132  131  131  133  137  140  143  142  138  130  122  111  100   90
   79   66   54   45   51   65   94  116  138  147  155  159  169  181  200  219
  242  263  284  304  323  341  354  361  328                                   
    20.0-180.0 180.0   5.0 450.0                            LAT/LON1/LON2/DLON/H
  367  367  374  363  355  342  332  323  322  321  323  320  315  305  292  281
  262  241  211  185  162  149  144  146  151  153  151  147  146  144  145  143
  143  139  137  133  134  134  139  141  146  143  140  130  123  111  100   91
   77   67   54   47   50   63   90  116  140  151  163  167  180  192  214  237
  267  293  319  343  364  384  400  403  367                                   
    17.5-180.0 180.0   5.0 450.0                            LAT/LON1/LON2/DLON/H
  406  407  419  411  405  392  381  374  371  371  367  361  351  340  328  309
  287  258  226  196  173  163  160  165  169  171  166  161  156  153  150  147
  145  142  138  135  134  136  139  143  145  144  140  132  123  112  101   89
   78   67   57   49   50   61   87  114  142  159  173  183  197  212  235  261
  292  320  349  372  393  412  427  435  406                                   
    15.0-180.0 180.0   5.0 450.0                            LAT/LON1/LON2/DLON/H
  441  443  449  450  448  441  432  426  427  426  423  415  401  389  372  354
  325  291  253  222  202  194  193  195  195  190  182  172  166  159  155  149
  147  144  141  137  137  138  143  145  148  144  142  132  125  114  105   94
   83   74   62   55   52   64   87  116  145  166  185  199  217  234  258  284
  315  344  371  392  410  432  452  462  441                                   
    12.5-180.0 180.0   5.0 450.0                            LAT/LON1/LON2/DLON/H
  470  469  472  476  478  478  475  476  480  484  483  475  460  444  427  404
  371  332  294  266  249  242  239  235  226  212  197  184  174  166  159  154
  151  148  146  144  142  144  144  147  147  144  139  132  124  114  104   94
   85   74   64   56   55   66   89  117  150  175  197  216  238  256  280  307
  336  364  388  404  422  445  466  477  470                                   
    10.0-180.0 180.0   5.0 450.0                            LAT/LON1/LON2/DLON/H
  491  493  488  495  502  507  508  514  522  530  532  529  517  504  484  460
  422  385  344  318  303  298  290  278  260  234  211  192  181  170  166  160
  160  157  155  153  151  150  149  148  147  141  137  128  122  109  100   89
   82   72   63   57   57   68   87  116  148  176  200  225  249  270  297  325
  352  379  403  418  433  453  481  487  491                                   
     7.5-180.0 180.0   5.0 450.0                            LAT/LON1/LON2/DLON/H
  509  509  501  509  518  526  529  537  546  558  564  566  561  551  534  508
  472  433  395  367  354  344  332  312  284  252  222  201  188  180  177  175
