data/unet/pred2710.15i
     1.0            IONOSPHERE MAPS     GNSS                IONEX VERSION / TYPE
pyspatialgeodesy        IME             05-JAN-18 20:20     PGM / RUN BY / DATE 
Map Name                                                    COMMENT             
Predicted global ionosphere maps (GIM).                     DESCRIPTION         
  2015     9    28     0     0     0                        EPOCH OF FIRST MAP  
  2015     9    29     0     0     0                        EPOCH OF LAST MAP   
  7200                                                      INTERVAL            
    13                                                      # OF MAPS IN FILE   
  NONE                                                      MAPPING FUNCTION    
10.0                                                        ELEVATION CUTOFF    
One-way carrier phase leveled to code                       OBSERVABLES USED    
  6371.0                                                    BASE RADIUS         
 2                                                          MAP DIMENSION       
   450.0 450.0   0.0                                        HGT1 / HGT2 / DHGT  
    87.5 -87.5  -2.5                                        LAT1 / LAT2 / DLAT  
  -180.0 180.0   5.0                                        LON1 / LON2 / DLON  
    -1                                                      EXPONENT            
                                                            END OF HEADER       
[from data line 2574]
     7                                                      START OF TEC MAP    
  2015     9    28    12     0     0                        EPOCH OF CURRENT MAP
    87.5-180.0 180.0   5.0 450.0                            LAT/LON1/LON2/DLON/H
  109  120  120  122  119  120  119  120  120  121  122  123  123  124  123  125
  123  125  124  125  124  125  124  126  124  126  124  125  123  125  122  124
  121  123  119  121  118  119  115  117  114  115  112  113  110  112  109  110
  108  110  108  110  109  110  109  110  109  111  110  111  111  112  111  113
  112  114  114  115  114  115  124  108  109                                   
    85.0-180.0 180.0   5.0 450.0                            LAT/LON1/LON2/DLON/H
  108  113  114  110  114  112  116  114  118  116  119  117  120  119  121  119
  122  120  122  120  123  120  123  121  124  122  125  124  127  125  127  125
  126  124  125  123  122  120  119  118  116  115  113  112  111  109  108  107
  106  105  105  103  104  102  103  100  103  100  103  100  103  101  104  101
  105  102  106  104  107  107  117  117  108                                   
    82.5-180.0 180.0   5.0 450.0                            LAT/LON1/LON2/DLON/H
   99  101  104  102  105  102  107  105  109  106  111  107  112  108  114  109
  114  109  116  110  117  112  120  115  124  118  128  123  131  126  133  127
  132  126  129  124  126  121  121  118  117  114  112  110  108  105  104  102
  101   98   98   95   95   93   93   91   92   89   91   89   91   88   91   89
   91   90   92   91   92   92   98   96   99                                   
    80.0-180.0 180.0   5.0 450.0                            LAT/LON1/LON2/DLON/H
   83   82   88   89   91   91   94   95   96   96   98   96   98   96   99   97
   99   97  101   99  104  103  109  108  115  114  121  120  126  126  130  129
  130  130  129  128  126  125  123  121  119  117  115  112  111  108  107  104
  103  100   99   97   96   93   93   89   90   86   87   84   85   82   84   81
   82   80   82   80   82   78   80   87   83                                   
    77.5-180.0 180.0   5.0 450.0                            LAT/LON1/LON2/DLON/H
   71   74   72   72   75   76   78   80   81   82   82   82   82   82   82   83
   83   84   85   86   88   93   96  102  105  110  114  119  121  126  127  131
  130  133  131  132  128  129  125  125  120  119  115  115  111  112  108  109
  105  106  102  102   98   97   94   93   89   88   85   84   82   81   80   78
   77   76   74   72   70   68   70   74   71                                   
    75.0-180.0 180.0   5.0 450.0                            LAT/LON1/LON2/DLON/H
   59   58   61   60   61   64   66   66   69   69   71   70   70   71   71   71
   71   74   75   78   79   86   90   97  101  108  112  119  122  128  130  134
  134  138  135  140  134  137  132  134  128  129  125  125  122  123  121  120
  117  115  113  111  108  107  103  101   96   95   90   88   82   80   77   74
   71   69   66   64   61   60   60   66   59                                   
    72.5-180.0 180.0   5.0 450.0                            LAT/LON1/LON2/DLON/H
   55   57   51   51   54   54   57   58   59   60   61   62   61   63   63   65
   66   69   71   74   77   82   86   95  100  109  113  122  124  133  133  139
  139  142  142  143  142  143  140  140  137  137  135  134  133  132  132  130
  128  126  124  121  118  115  111  107  103   99   94   90   85   82   78   74
   72   67   64   59   58   53   55   60   55                                   
    70.0-180.0 180.0   5.0 450.0                            LAT/LON1/LON2/DLON/H
   50   49   48   45   48   49   52   52   53   53   54   55   56   58   59   61
   63   65   68   71   74   81   85   95   99  109  113  123  126  135  136  143
  142  147  144  150  145  151  144  151  144  151  144  150  145  150  146  147
  142  140  135  131  127  122  117  112  107  102   97   92   88   84   81   75
   73   66   64   59   55   51   52   54   50                                   
    67.5-180.0 180.0   5.0 450.0                            LAT/LON1/LON2/DLON/H
   51   51   45   44   46   46   47   48   48   49   50   51   53   55   58   60
   64   66   69   72   76   81   87   94  101  110  115  124  129  136  138  144
  146  147  147  149  149  150  149  151  151  153  153  154  155  155  155  152
  150  144  141  134  129  123  117  112  105  100   94   91   87   83   81   77
   75   68   65   59   57   50   51   54   51                                   
    65.0-180.0 180.0   5.0 450.0                            LAT/LON1/LON2/DLON/H
   50   47   44   42   42   44   43   44   43   44   45   48   50   54   57   61
   64   67   69   74   77   83   87   96  100  111  114  125  128  137  138  146
  146  151  148  153  148  154  148  157  151  161  155  163  157  164  157  160
  152  150  141  135  128  121  114  108  102   96   91   87   84   81   80   75
   74   68   66   60   57   52   53   52   50                                   
    62.5-180.0 180.0   5.0 450.0                            LAT/LON1/LON2/DLON/H
   53   52   44   44   42   40   41   39   39   39   40   42   46   50   55   60
   64   68   71   74   78   82   88   95  102  110  116  124  129  137  140  146
  148  150  151  152  151  153  152  155  154  157  157  158  159  158  157  154
  149  143  136  129  122  115  107  101   94   90   85   84   81   80   78   76
   74   69   68   62   60   53   55   54   53                                   
    60.0-180.0 180.0   5.0 450.0                            LAT/LON1/LON2/DLON/H
   54   48   45   43   39   40   36   35   33   34   34   38   41   46   51   57
   61   66   67   73   76   82   86   95  100  111  113  125  127  137  139  148
  149  155  153  158  152  157  150  159  153  161  155  161  155  160  153  154
  145  140  133  126  119  112  104   99   94   91   88   86   83   80   79   74
   73   68   66   63   60   55   57   55   54                                   
    57.5-180.0 180.0   5.0 450.0                            LAT/LON1/LON2/DLON/H
   60   56   47   46   41   37   35   31   29   28   28   31   34   39   44   50
   55   60   64   69   73   79   86   94  102  110  116  124  129  138  143  152
  156  159  161  161  160  159  157  158  157  158  156  156  155  154  152  148
  143  137  131  125  118  112  104  101   96   95   91   91   87   85   82   78
   75   71   69   64   63   58   58   55   60                                   
    55.0-180.0 180.0   5.0 450.0                            LAT/LON1/LON2/DLON/H
   63   55   50   47   41   40   34   30   26   26   25   27   29   33   37   43
   47   54   57   64   68   77   83   95  101  113  116  129  131  143  147  159
  163  171  170  173  168  170  163  168  161  167  159  163  156  160  153  152
  145  142  136  131  124  120  114  112  108  107  104  102   97   95   89   84
   79   75   72   68   67   63   63   61   63                                   
    52.5-180.0 180.0   5.0 450.0                            LAT/LON1/LON2/DLON/H
   71   67   56   54   48   44   39   33   29   26   25   26   27   29   32   38
   42   49   54   62   69   77   85   97  106  117  123  133  139  150  156  168
  175  181  185  183  183  179  178  176  174  172  169  166  164  163  160  157
  154  150  146  141  135  131  126  125  121  121  117  116  110  107  100   94
   88   83   80   75   73   70   68   65   71                                   
    50.0-180.0 180.0   5.0 450.0                            LAT/LON1/LON2/DLON/H
   79   72   65   63   57   54   47   41   34   32   28   28   26   28   29   33
   37   45   51   61   69   80   88  103  111  124  128  140  144  157  163  177
  185  195  198  200  197  197  193  193  187  189  179  182  173  178  172  173
  167  167  161  158  151  146  141  140  137  136  134  132  127  123  116  109
  101   96   90   87   84   80   79   78   79                                   
    47.5-180.0 180.0   5.0 450.0                            LAT/LON1/LON2/DLON/H
   90   86   77   75   70   65   59   51   45   40   37   34   32   31   31   34
   38   47   54   66   75   86   96  109  119  130  136  146  152  162  170  182
  193  201  208  208  212  209  208  205  203  199  195  191  188  187  185  184
  182  179  177  169  164  157  150  148  145  145  143  143  139  135  128  121
  113  106  101   96   93   89   88   91   90                                   
    45.0-180.0 180.0   5.0 450.0                            LAT/LON1/LON2/DLON/H
   96   93   85   84   81   80   72   66   57   53   47   46   41   39   36   39
   42   51   60   72   82   94  105  117  126  137  142  151  156  165  173  185
  196  207  216  223  227  228  226  227  221  220  210  210  200  205  198  201
  194  194  187  180  172  162  156  151  149  148  149  149  148  145  139  134
  127  120  115  110  105   99  100  103   96                                   
    42.5-180.0 180.0   5.0 450.0                            LAT/LON1/LON2/DLON/H
  100   98   91   93   90   88   84   77   70   64   61   57   55   49   47   47
   52   60   71   81   92  103  113  123  131  140  146  153  159  165  174  183
  196  206  223  231  242  242  246  244  242  235  228  220  217  214  210  208
  202  198  192  182  173  164  153  149  145  146  146  149  148  149  143  140
  132  127  120  116  111  105  110  115  100                                   
    40.0-180.0 180.0   5.0 450.0                            LAT/LON1/LON2/DLON/H
  101   98   91   93   94   94   89   84   78   75   71   71   67   64   60   60
   62   71   80   94  103  113  121  130  136  145  149  156  158  166  172  183
  198  215  235  249  262  268  271  273  266  259  245  241  230  228  220  219
  210  207  198  188  177  163  154  147  143  143  145  148  150  150  148  144
  139  131  126  120  115  109  112  115  101                                   
    37.5-180.0 180.0   5.0 450.0                            LAT/LON1/LON2/DLON/H
   99   93   87   92   91   91   90   86   83   81   80   81   81   78   75   74
   76   83   93  104  113  120  125  131  136  143  149  154  158  162  171  181
  199  218  244  263  283  291  298  297  291  279  264  254  245  239  232  227
  220  213  207  195  184  169  158  150  145  145  145  149  149  151  147  146
  138  133  123  119  111  106  110  115   99                                   
    35.0-180.0 180.0   5.0 450.0                            LAT/LON1/LON2/DLON/H
   95   85   77   79   82   84   86   82   82   81   84   88   89   90   87   87
   88   96  103  115  123  129  131  137  140  148  151  157  158  166  172  188
  206  233  262  288  309  324  327  329  318  307  288  276  264  258  251  246
  240  235  228  218  207  192  179  167  160  157  156  157  159  158  156  150
  145  136  127  117  110  103  106  107   95                                   
    32.5-180.0 180.0   5.0 450.0                            LAT/LON1/LON2/DLON/H
   91   78   69   74   72   75   77   78   78   80   85   93   97  100   97   97
   96  102  110  121  128  133  135  138  141  147  152  160  163  171  182  201
  223  254  287  320  341  355  359  355  346  332  316  304  293  285  278  273
  267  260  256  248  241  225  213  199  193  186  185  181  179  175  169  163
  154  144  130  121  108   98  100  103   91                                   
    30.0-180.0 180.0   5.0 450.0                            LAT/LON1/LON2/DLON/H
   90   72   61   63   64   68   70   71   75   75   83   91   99  107  107  107
  105  109  115  125  134  139  140  145  145  154  157  168  172  185  198  225
  249  285  317  352  368  382  385  384  373  360  345  336  327  321  317  312
  308  302  298  292  286  273  259  245  236  228  224  217  213  206  198  187
  176  161  146  130  116  102  101   97   90                                   
    27.5-180.0 180.0   5.0 450.0                            LAT/LON1/LON2/DLON/H
   96   75   62   64   63   64   67   69   71   74   80   90  100  105  106  105
  103  106  114  125  135  141  143  145  148  154  163  174  186  201  223  256
  287  325  359  385  397  404  407  403  396  385  375  367  365  362  364  363
  365  360  359  351  348  335  325  308  297  283  272  259  250  235  225  213
  200  184  164  144  125  111  106   99   96                                   
    25.0-180.0 180.0   5.0 450.0                            LAT/LON1/LON2/DLON/H
  109   83   70   65   64   64   67   70   71   72   76   84   94  103  106  109
  105  110  113  126  137  146  147  154  153  164  171  186  199  219  246  283
  322  363  395  421  424  428  425  424  419  412  408  405  407  411  417  421
  424  422  419  413  407  395  384  368  357  341  327  310  293  274  260  246
  231  215  194  170  150  132  122  107  109                                   
    22.5-180.0 180.0   5.0 450.0                            LAT/LON1/LON2/DLON/H
  122  100   86   82   76   73   73   75   75   75   76   81   90   96  100   96
   96   98  107  120  133  144  147  154  159  167  180  196  214  239  273  315
  360  402  432  449  451  446  443  439  437  433  435  437  446  453  467  474
  484  481  481  471  464  451  440  423  409  390  372  348  328  303  285  270
  255  239  218  196  172  154  146  123  122                                   
    20.0-180.0 180.0   5.0 450.0                            LAT/LON1/LON2/DLON/H
  134  120  104   96   88   86   83   83   80   78   76   78   83   88   90   90
   89   96  102  119  133  148  152  165  165  178  189  206  231  258  302  344
  392  427  454  466  465  456  449  449  449  450  460  468  482  496  513  528
  537  538  535  523  512  495  481  462  444  423  402  382  358  336  312  294
  276  264  244  223  199  186  168  144  134                                   
    17.5-180.0 180.0   5.0 450.0                            LAT/LON1/LON2/DLON/H
  153  136  125  115  106   98   96   91   89   82   78   76   82   85   88   85
   90   91  105  114  133  145  156  165  175  183  199  216  244  279  321  364
  407  441  464  473  472  462  456  454  458  461  477  488  507  522  540  555
  562  564  555  541  525  509  490  472  450  431  411  390  369  347  324  308
  288  278  259  242  222  208  196  165  153                                   
    15.0-180.0 180.0   5.0 450.0                            LAT/LON1/LON2/DLON/H
  168  164  145  136  123  112  106  100   93   85   77   73   74   77   82   83
   87   93  105  118  139  148  160  174  179  193  209  229  266  299  343  379
  416  440  460  469  467  460  456  460  465  475  492  506  526  540  558  570
  575  574  566  550  529  508  485  464  439  419  399  384  366  350  329  316
  298  292  274  266  245  229  211  190  168                                   
    12.5-180.0 180.0   5.0 450.0                            LAT/LON1/LON2/DLON/H
  182  174  160  148  131  120  114  107  100   90   80   75   73   77   81   86
   96  107  121  137  155  162  173  179  190  202  225  254  285  324  357  395
  416  443  459  469  469  465  463  470  478  490  505  517  533  542  550  557
  555  551  537  523  502  485  462  444  421  399  380  364  349  337  317  310
  295  297  283  279  261  241  228  209  182                                   
    10.0-180.0 180.0   5.0 450.0                            LAT/LON1/LON2/DLON/H
  190  192  174  163  143  130  118  112  101   95   81   79   71   75   76   84
   95  109  126  149  162  180  186  194  202  223  246  276  312  346  374  398
  416  437  453  464  466  470  472  487  494  507  520  528  539  540  544  543
  537  530  517  502  483  468  445  427  400  380  360  348  333  324  308  301
  290  296  289  291  271  257  236  224  190                                   
     7.5-180.0 180.0   5.0 450.0                            LAT/LON1/LON2/DLON/H
  192  190  175  160  141  128  120  112  107   97   88   83   75   75   76   89
   97  115  132  152  167  179  189  200  218  239  269  301  331  363  381  405
