data/unet/pred2630.15i
     1.0            IONOSPHERE MAPS     GNSS                IONEX VERSION / TYPE
pyspatialgeodesy        IME             05-JAN-18 20:20     PGM / RUN BY / DATE 
Map Name                                                    COMMENT             
Predicted global ionosphere maps (GIM).                     DESCRIPTION         
  2015     9    20     0     0     0                        EPOCH OF FIRST MAP  
  2015     9    21     0     0     0                        EPOCH OF LAST MAP   
  7200                                                      INTERVAL            
    13                                                      # OF MAPS IN FILE   
  NONE                                                      MAPPING FUNCTION    
10.0                                                        ELEVATION CUTOFF    
One-way carrier phase leveled to code                       OBSERVABLES USED    
  6371.0                                                    BASE RADIUS         
 2                                                          MAP DIMENSION       
   450.0 450.0   0.0                                        HGT1 / HGT2 / DHGT  
    87.5 -87.5  -2.5                                        LAT1 / LAT2 / DLAT  
  -180.0 180.0   5.0                                        LON1 / LON2 / DLON  
    -1                                                      EXPONENT            
                                                            END OF HEADER       
[from data line 3003]
     8                                                      START OF TEC MAP    
  2015     9    20    14     0     0                        EPOCH OF CURRENT MAP
    87.5-180.0 180.0   5.0 450.0                            LAT/LON1/LON2/DLON/H
   91  104  110  111  110  111  110  112  111  113  111  113  112  114  112  113
  112  113  111  111  111  111  110  110  109  109  108  108  106  106  104  104
  102  103  101  102  100  101   99  100   98   99   98   99   98   99   98  100
   99  101  100  102  101  103  101  104  102  105  103  105  104  106  105  107
  106  108  108  111  109  112  120  110   91                                   
    85.0-180.0 180.0   5.0 450.0                            LAT/LON1/LON2/DLON/H
   93  103   99   98   99   98   99   99  100  100  101  100  103  102  103  102
  104  102  103  101  103  100  101   98   99   97   96   94   94   92   92   90
   90   89   88   87   86   85   85   84   84   83   82   82   82   81   82   81
   82   81   83   81   84   83   85   83   87   85   88   86   90   88   91   90
   93   92   95   94   99   99  103  104   93                                   
    82.5-180.0 180.0   5.0 450.0                            LAT/LON1/LON2/DLON/H
   93   90   88   90   89   89   89   89   90   90   92   91   94   93   95   94
   97   96   97   96   98   97   98   97   97   96   95   94   92   92   89   90
   87   87   84   84   82   82   78   79   76   76   73   73   71   71   70   69
   69   69   69   68   70   69   71   70   73   72   74   73   76   76   78   79
   81   83   84   86   86   86   90   87   93                                   
    80.0-180.0 180.0   5.0 450.0                            LAT/LON1/LON2/DLON/H
   78   78   73   77   75   77   76   78   76   79   78   81   80   83   83   85
   85   87   87   89   89   90   90   91   90   91   89   91   87   89   85   87
   83   84   81   82   79   79   76   77   73   74   70   71   68   68   66   66
   64   65   64   64   64   65   64   66   64   66   64   67   65   68   67   70
   69   72   70   74   73   73   72   77   78                                   
    77.5-180.0 180.0   5.0 450.0                            LAT/LON1/LON2/DLON/H
   64   66   61   59   61   62   62   64   64   64   66   66   68   68   71   71
   74   74   77   78   81   82   84   86   87   88   89   89   89   88   87   87
   84   84   82   83   79   81   77   78   73   74   70   69   66   65   62   61
   60   59   59   58   58   59   58   58   57   57   56   56   55   56   55   57
   57   58   58   60   60   58   59   61   64                                   
    75.0-180.0 180.0   5.0 450.0                            LAT/LON1/LON2/DLON/H
   59   54   52   51   53   52   54   53   55   55   57   57   61   60   65   64
   69   68   73   73   79   79   84   85   88   88   90   90   89   89   88   87
   86   85   84   84   83   83   81   80   78   76   73   70   67   64   63   60
   60   58   59   57   58   56   57   53   54   51   51   48   48   47   48   47
   48   48   50   51   53   52   55   54   59                                   
    72.5-180.0 180.0   5.0 450.0                            LAT/LON1/LON2/DLON/H
   55   53   49   48   48   48   48   50   50   51   53   55   57   59   62   64
   66   68   70   74   77   80   84   88   90   92   93   93   93   93   92   91
   90   90   89   91   89   92   89   90   84   85   78   77   72   71   68   67
   65   65   63   62   61   60   57   56   53   51   48   47   44   44   43   44
   43   46   47   50   50   50   51   47   55                                   
    70.0-180.0 180.0   5.0 450.0                            LAT/LON1/LON2/DLON/H
   55   47   46   44   45   44   45   44   46   46   49   51   54   55   59   59
   64   63   69   69   77   78   86   88   93   94   95   95   94   93   92   91
   90   90   91   92   92   94   94   95   91   89   86   82   80   77   76   73
   72   69   69   65   65   59   59   53   53   47   47   42   43   39   41   40
   42   42   46   47   51   49   52   45   55                                   
    67.5-180.0 180.0   5.0 450.0                            LAT/LON1/LON2/DLON/H
   55   51   47   44   44   44   44   45   45   47   49   54   56   58   61   63
   64   66   68   72   76   81   87   92   96   98   98   98   96   95   93   93
   91   92   92   96   95  100   99  102   97   98   91   90   87   86   83   82
   79   79   75   73   69   66   62   58   54   49   46   44   42   41   40   40
   41   43   44   47   49   48   49   43   55                                   
    65.0-180.0 180.0   5.0 450.0                            LAT/LON1/LON2/DLON/H
   54   44   42   40   40   39   40   40   42   44   48   51   55   57   61   62
   65   64   68   69   76   78   87   91   96   98   98   98   95   93   91   89
   89   88   90   91   93   96   97   99   97   97   94   91   91   88   88   85
   85   81   80   74   72   65   63   56   56   49   49   44   45   41   43   40
   43   42   46   46   49   46   49   41   54                                   
    62.5-180.0 180.0   5.0 450.0                            LAT/LON1/LON2/DLON/H
   49   43   38   37   35   36   36   38   40   44   48   54   58   62   65   67
   68   67   69   71   75   79   86   91   95   97   97   97   94   92   91   89
   89   88   89   91   92   96   96   99   97   98   94   94   92   92   90   90
   87   87   83   80   74   70   66   63   60   56   53   51   49   47   45   45
   44   44   45   46   45   42   43   37   49                                   
    60.0-180.0 180.0   5.0 450.0                            LAT/LON1/LON2/DLON/H
   45   33   30   29   28   29   30   32   34   39   43   50   56   59   65   65
   68   66   68   68   73   76   82   88   91   94   94   95   93   92   90   90
   88   87   88   88   89   90   91   94   94   95   93   92   93   92   92   90
   90   87   86   80   78   71   69   64   64   59   59   56   55   52   51   47
   47   45   46   44   45   38   41   32   45                                   
    57.5-180.0 180.0   5.0 450.0                            LAT/LON1/LON2/DLON/H
   37   33   26   25   23   24   26   29   32   37   42   50   56   61   66   68
   70   69   70   70   73   76   81   86   90   92   92   95   95   96   97   98
   98   97   96   95   93   94   94   96   95   97   95   96   96   97   95   95
   93   93   90   87   83   79   76   75   73   71   69   67   64   61   56   54
   49   48   45   44   41   36   37   27   37                                   
    55.0-180.0 180.0   5.0 450.0                            LAT/LON1/LON2/DLON/H
   39   27   23   22   21   21   22   24   26   32   36   44   50   56   62   65
   67   68   67   69   70   75   78   83   85   90   91   96   99  104  107  109
  109  107  103  101   98   97   97   99   99  101  101  101  102  102  103  100
  101   98   97   92   90   84   84   80   82   78   78   74   72   67   64   58
   55   51   50   46   45   37   39   28   39                                   
    52.5-180.0 180.0   5.0 450.0                            LAT/LON1/LON2/DLON/H
   39   37   29   27   24   24   25   27   29   34   38   46   51   58   62   69
   70   72   72   74   75   78   81   84   87   91   95  102  107  114  121  124
  125  123  119  116  110  110  108  110  109  112  111  113  112  114  111  112
  109  109  105  103   98   96   93   94   94   93   90   87   81   77   70   66
   60   58   55   52   48   44   44   32   39                                   
    50.0-180.0 180.0   5.0 450.0                            LAT/LON1/LON2/DLON/H
   49   42   39   37   35   31   33   30   32   34   38   42   47   54   59   66
   69   73   74   77   77   80   83   86   91   96  101  110  119  127  134  137
  138  136  130  126  122  120  120  121  123  123  124  125  125  125  125  122
  122  118  117  112  110  105  105  103  107  103  104   97   92   84   79   73
   70   65   64   59   59   52   55   44   49                                   
    47.5-180.0 180.0   5.0 450.0                            LAT/LON1/LON2/DLON/H
   61   61   53   52   47   45   45   44   44   45   46   50   52   58   63   72
   75   81   82   87   87   90   92   97  101  106  112  122  130  138  145  147
  147  146  141  140  134  136  135  138  137  139  138  140  139  141  138  138
  133  133  127  124  118  116  113  115  116  117  114  111  101   96   86   84
   78   78   73   72   67   66   68   59   61                                   
    45.0-180.0 180.0   5.0 450.0                            LAT/LON1/LON2/DLON/H
   74   73   70   68   64   59   60   54   56   53   55   53   58   59   66   73
   79   84   88   92   95   97  101  105  113  119  127  135  143  147  152  152
  154  150  149  147  147  148  150  151  152  151  152  152  153  153  152  149
  147  143  140  133  129  123  123  122  127  125  126  120  113  105   99   91
   90   86   87   82   84   78   82   75   74                                   
    42.5-180.0 180.0   5.0 450.0                            LAT/LON1/LON2/DLON/H
   84   87   84   82   77   75   73   71   70   68   67   68   68   71   75   84
   88   96   98  106  106  110  114  121  127  135  142  148  152  153  155  155
  154  153  154  157  159  163  165  167  165  164  164  164  166  166  164  162
  158  155  149  143  134  130  126  130  131  135  132  131  120  115  105  103
   96   99   94   95   89   90   94   88   84                                   
    40.0-180.0 180.0   5.0 450.0                            LAT/LON1/LON2/DLON/H
   92   91   91   89   87   84   82   78   79   76   78   76   79   79   85   90
   97  102  106  111  115  117  125  130  141  147  155  158  161  159  159  157
  159  158  164  168  177  182  187  185  184  178  177  175  178  176  177  172
  170  164  160  149  142  133  131  131  137  139  141  138  131  123  117  111
  109  105  105   99   99   93   98   94   92                                   
    37.5-180.0 180.0   5.0 450.0                            LAT/LON1/LON2/DLON/H
   90   94   93   94   90   89   86   85   86   86   87   89   91   95   98  106
  109  116  118  123  125  130  136  145  152  160  166  170  168  166  165  166
  169  172  182  191  202  208  213  208  203  195  192  189  191  189  189  184
  180  174  167  157  146  138  132  134  137  142  142  143  135  132  122  120
  112  114  106  105   96   96   97   94   90                                   
    35.0-180.0 180.0   5.0 450.0                            LAT/LON1/LON2/DLON/H
   89   87   87   86   86   83   81   79   83   84   90   94  100  104  111  117
  122  123  127  127  133  134  144  149  161  168  178  179  181  179  183  186
  193  201  215  225  240  246  247  237  228  215  212  204  207  203  203  197
  193  185  179  167  158  145  139  136  140  142  144  143  139  134  129  123
  120  115  111  103  100   92   92   89   89                                   
    32.5-180.0 180.0   5.0 450.0                            LAT/LON1/LON2/DLON/H
   79   80   79   80   77   75   75   75   80   85   93  100  109  117  123  132
  134  138  138  141  140  145  150  159  168  180  187  192  197  201  209  219
  232  244  262  274  287  289  290  274  260  240  233  223  225  219  220  211
  208  199  193  180  170  156  148  144  144  144  143  142  137  134  127  125
  117  116  108  105   95   91   87   84   79                                   
    30.0-180.0 180.0   5.0 450.0                            LAT/LON1/LON2/DLON/H
   77   73   71   72   72   69   69   68   74   77   89   98  112  120  131  138
  143  142  145  143  147  147  155  162  176  187  200  206  221  227  245  258
  278  290  311  322  333  335  330  313  294  274  263  251  251  243  243  234
  231  221  216  201  190  173  162  153  151  149  147  144  138  133  128  125
  120  116  110  104   98   90   85   80   77                                   
    27.5-180.0 180.0   5.0 450.0                            LAT/LON1/LON2/DLON/H
   75   69   67   70   66   64   64   62   69   72   84   96  111  123  134  143
  148  150  149  151  151  154  160  170  181  195  208  223  240  256  277  297
  321  340  361  372  377  374  368  349  331  308  298  283  282  273  272  262
  259  247  242  224  213  191  180  164  162  154  151  143  139  131  126  125
  119  118  111  107   99   94   86   82   75                                   
    25.0-180.0 180.0   5.0 450.0                            LAT/LON1/LON2/DLON/H
   81   73   68   70   68   70   66   65   67   70   81   91  109  121  135  144
  151  149  153  151  156  159  168  175  189  203  223  238  264  282  314  335
  367  380  403  406  409  402  392  378  359  343  331  323  319  313  309  301
  294  284  274  258  242  219  201  184  174  164  157  149  141  135  127  128
  123  124  118  114  109  103   95   89   81                                   
    22.5-180.0 180.0   5.0 450.0                            LAT/LON1/LON2/DLON/H
   82   81   77   79   72   75   70   67   68   67   76   86  103  114  128  137
  146  149  153  156  161  166  173  183  195  213  233  258  286  314  352  380
  410  419  432  432  433  426  413  402  386  375  368  359  356  350  344  336
  327  316  304  287  272  249  232  211  195  179  167  152  143  134  131  132
  130  133  127  125  117  113  106  102   82                                   
    20.0-180.0 180.0   5.0 450.0                            LAT/LON1/LON2/DLON/H
   88   97   89   89   82   83   76   75   70   70   74   80   99  109  124  132
  142  144  153  156  164  170  180  190  206  224  250  276  317  343  390  409
  440  439  448  443  443  437  426  421  408  404  398  396  389  385  376  369
  358  347  332  315  298  279  260  240  220  199  180  164  150  140  135  136
  137  141  139  136  130  125  117  113   88                                   
    17.5-180.0 180.0   5.0 450.0                            LAT/LON1/LON2/DLON/H
   87  111  104  100   92   89   83   81   75   74   74   80   93  104  118  124
  134  138  149  155  165  172  184  197  213  234  262  297  340  372  417  437
  457  455  455  453  449  444  436  435  430  433  429  428  422  416  405  397
  383  372  355  338  321  303  285  265  243  219  198  179  163  149  142  141
  143  149  146  145  137  132  126  121   87                                   
    15.0-180.0 180.0   5.0 450.0                            LAT/LON1/LON2/DLON/H
   97  121  108  104   99  100   89   88   80   79   77   79   87   97  113  118
  129  135  146  153  165  174  189  204  225  248  283  316  363  387  430  443
  460  454  455  455  448  446  442  445  446  451  452  453  443  438  424  417
  404  392  374  356  337  321  304  287  266  241  216  197  179  165  153  151
  152  157  157  154  149  139  128  121   97                                   
    12.5-180.0 180.0   5.0 450.0                            LAT/LON1/LON2/DLON/H
  100  123  111  105   98   96   90   87   81   80   77   84   89  103  115  119
  132  134  150  154  169  173  193  210  236  263  299  338  374  399  432  443
  451  449  449  449  448  449  450  456  462  470  470  467  456  446  432  425
  411  398  381  364  347  334  316  302  279  256  232  210  193  178  166  160
  163  164  164  159  152  139  130  127  100                                   
    10.0-180.0 180.0   5.0 450.0                            LAT/LON1/LON2/DLON/H
  106  116  107  105   98   95   85   87   81   83   79   85   92  102  114  120
  130  137  152  159  172  180  199  220  252  277  319  349  384  402  427  433
  439  439  442  446  450  457  460  468  473  481  480  476  461  450  433  425
  413  399  383  365  349  336  321  308  289  269  245  226  203  191  175  172
  170  173  170  162  153  138  124  121  106                                   
     7.5-180.0 180.0   5.0 450.0                            LAT/LON1/LON2/DLON/H
  102  108   98   93   87   80   76   75   75   76   76   84   96  116  126  133
  142  150  164  172  183  192  210  234  264  296  331  365  387  407  424  428
