data/unet/pred1050.15i
     1.0            IONOSPHERE MAPS     GNSS                IONEX VERSION / TYPE
pyspatialgeodesy        IME             05-JAN-18 20:20     PGM / RUN BY / DATE 
Map Name                                                    COMMENT             
Predicted global ionosphere maps (GIM).                     DESCRIPTION         
  2015     4    15     0     0     0                        EPOCH OF FIRST MAP  
  2015     4    16     0     0     0                        EPOCH OF LAST MAP   
  7200                                                      INTERVAL            
    13                                                      # OF MAPS IN FILE   
  NONE                                                      MAPPING FUNCTION    
10.0                                                        ELEVATION CUTOFF    
One-way carrier phase leveled to code                       OBSERVABLES USED    
  6371.0                                                    BASE RADIUS         
 2                                                          MAP DIMENSION       
   450.0 450.0   0.0                                        HGT1 / HGT2 / DHGT  
    87.5 -87.5  -2.5                                        LAT1 / LAT2 / DLAT  
  -180.0 180.0   5.0                                        LON1 / LON2 / DLON  
    -1                                                      EXPONENT            
                                                            END OF HEADER       
[from data line 4719]
    12                                                      START OF TEC MAP    
  2015     4    15    22     0     0                        EPOCH OF CURRENT MAP
    87.5-180.0 180.0   5.0 450.0                            LAT/LON1/LON2/DLON/H
  228  206  196  198  197  200  200  203  202  205  203  206  204  206  204  206
  204  206  203  204  201  203  199  200  196  198  193  196  191  194  191  193
  191  193  191  193  191  191  190  189  187  186  184  183  182  180  179  178
  178  178  178  179  179  181  181  183  183  186  185  188  187  190  188  191
  189  192  190  192  189  191  192  203  228                                   
    85.0-180.0 180.0   5.0 450.0                            LAT/LON1/LON2/DLON/H
  214  201  204  204  205  204  209  208  212  211  215  214  217  216  218  217
  219  216  217  213  215  210  211  206  207  203  203  199  199  196  196  194
  196  193  195  193  193  190  190  188  186  184  184  182  182  180  180  180
  180  180  181  183  184  186  188  190  192  193  194  195  196  197  197  197
  198  197  198  195  196  191  191  207  214                                   
    82.5-180.0 180.0   5.0 450.0                            LAT/LON1/LON2/DLON/H
  199  191  192  195  195  198  203  206  211  214  218  222  225  227  228  228
  228  226  224  221  220  217  215  214  211  210  205  204  198  198  192  193
  188  189  185  184  181  180  178  177  174  174  172  172  171  170  171  170
  171  172  173  175  176  179  179  183  183  186  185  188  188  190  189  191
  190  193  190  190  184  185  181  200  199                                   
    80.0-180.0 180.0   5.0 450.0                            LAT/LON1/LON2/DLON/H
  191  180  181  178  184  186  194  197  206  210  219  222  229  230  233  232
  233  229  228  223  222  217  217  214  213  209  208  201  200  192  191  185
  184  179  178  173  174  169  169  166  166  163  163  160  161  158  160  157
  161  159  163  163  167  167  171  173  176  177  178  181  183  183  184  185
  186  185  185  180  176  173  169  182  191                                   
    77.5-180.0 180.0   5.0 450.0                            LAT/LON1/LON2/DLON/H
  180  172  170  169  174  179  187  194  203  211  222  228  235  236  239  237
  237  231  229  224  222  219  218  217  215  214  211  207  202  196  191  186
  181  176  173  170  168  165  163  161  159  158  156  155  153  153  153  152
  153  153  155  157  158  161  163  167  169  172  174  177  178  180  180  181
  181  181  179  175  171  166  163  177  180                                   
    75.0-180.0 180.0   5.0 450.0                            LAT/LON1/LON2/DLON/H
  180  170  168  168  172  178  186  194  205  215  229  235  244  244  247  242
  241  232  229  223  221  218  216  216  215  214  212  208  204  197  193  184
  181  173  171  166  165  160  160  158  158  157  157  155  155  152  152  150
  151  149  152  152  156  157  162  164  168  169  172  174  176  176  177  177
  178  178  178  174  171  167  164  178  180                                   
    72.5-180.0 180.0   5.0 450.0                            LAT/LON1/LON2/DLON/H
  187  178  173  175  177  184  190  199  210  224  236  245  252  253  251  245
  237  229  221  218  213  215  212  215  213  215  212  209  204  199  192  186
  179  175  169  167  163  161  159  159  156  157  155  155  152  151  148  147
  145  145  145  147  148  152  154  159  160  164  165  169  170  173  171  174
  174  177  177  176  174  173  172  189  187                                   
    70.0-180.0 180.0   5.0 450.0                            LAT/LON1/LON2/DLON/H
  198  188  184  184  186  191  196  204  217  228  242  249  260  257  256  246
  237  224  218  211  209  209  209  213  212  214  212  209  204  197  191  183
  177  169  165  159  158  154  154  152  153  151  151  148  148  143  142  138
  137  136  138  138  141  141  146  148  153  154  158  159  164  164  167  168
  172  174  178  177  179  177  177  196  198                                   
    67.5-180.0 180.0   5.0 450.0                            LAT/LON1/LON2/DLON/H
  213  203  199  199  198  203  206  215  223  235  248  258  265  264  259  249
  234  223  211  206  202  205  206  212  211  214  209  207  199  192  183  177
  169  164  157  154  150  149  146  147  144  145  141  141  136  134  130  129
  127  127  127  130  130  134  135  140  141  145  146  151  154  158  158  163
  165  171  173  176  178  182  184  206  213                                   
    65.0-180.0 180.0   5.0 450.0                            LAT/LON1/LON2/DLON/H
  229  215  214  214  214  214  217  222  231  240  255  261  271  267  265  252
  238  224  213  207  205  206  210  215  215  215  211  204  196  187  178  170
  163  155  150  143  141  137  138  135  136  133  132  128  125  121  119  117
  117  117  120  121  124  125  129  131  136  137  142  144  150  151  156  157
  163  165  172  173  181  182  189  210  229                                   
    62.5-180.0 180.0   5.0 450.0                            LAT/LON1/LON2/DLON/H
  238  224  224  226  225  226  226  232  237  248  260  269  276  276  271  261
  247  231  218  213  209  211  212  215  214  212  205  199  188  181  171  166
  157  150  141  137  131  130  127  128  124  124  119  118  112  109  106  106
  106  108  110  114  115  119  121  126  127  132  134  139  142  147  149  154
  157  163  166  172  176  182  187  215  238                                   
    60.0-180.0 180.0   5.0 450.0                            LAT/LON1/LON2/DLON/H
  246  228  232  234  236  234  235  236  244  251  264  269  280  276  278  267
  257  244  229  223  218  218  220  218  217  210  203  194  186  179  173  165
  160  149  142  132  128  123  122  119  119  115  113  109  105  101   98   98
   99  100  105  106  110  112  116  117  122  123  127  131  136  141  145  150
  155  159  164  168  175  179  188  218  246                                   
    57.5-180.0 180.0   5.0 450.0                            LAT/LON1/LON2/DLON/H
  249  234  238  244  244  246  244  248  250  258  266  275  280  283  282  278
  270  259  248  238  234  228  227  221  215  205  198  190  184  180  176  172
  165  156  145  136  127  124  120  120  117  116  111  109  102  100   96   96
   96   98   99  103  104  108  110  112  115  118  121  126  132  138  144  151
  156  163  165  171  174  181  188  221  249                                   
    55.0-180.0 180.0   5.0 450.0                            LAT/LON1/LON2/DLON/H
  257  242  253  257  263  261  262  261  263  266  273  275  282  282  287  282
  280  271  263  256  248  241  235  224  214  205  198  192  188  187  186  182
  177  163  154  141  134  126  125  123  123  121  118  115  109  106  101  100
   99   99  100  101  103  104  108  109  113  114  120  124  132  139  147  155
  163  170  175  178  183  186  195  229  257                                   
    52.5-180.0 180.0   5.0 450.0                            LAT/LON1/LON2/DLON/H
  270  262  273  284  287  291  290  290  286  288  285  288  288  291  292  293
  291  288  282  274  269  258  251  238  228  215  209  205  203  203  202  198
  191  176  163  149  141  135  133  134  135  135  132  130  124  120  114  112
  108  106  103  105  104  107  108  110  113  116  121  127  136  145  155  167
  175  186  191  199  199  206  212  246  270                                   
    50.0-180.0 180.0   5.0 450.0                            LAT/LON1/LON2/DLON/H
  293  288  306  315  325  327  330  326  323  315  311  304  302  298  300  300
  301  298  293  286  279  268  257  249  234  230  220  222  216  219  214  209
  197  180  166  151  146  140  143  145  149  151  150  150  144  141  133  128
  123  118  115  112  112  111  114  114  120  121  128  133  145  155  167  179
  191  204  214  222  229  233  241  273  293                                   
    47.5-180.0 180.0   5.0 450.0                            LAT/LON1/LON2/DLON/H
  318  323  339  356  363  372  372  370  361  353  339  331  323  318  316  317
  316  312  304  297  289  280  272  267  260  257  254  251  248  243  233  224
  206  190  172  159  154  151  155  158  164  167  169  169  166  161  154  148
  140  133  127  124  121  121  121  124  127  132  138  146  156  168  181  196
  209  225  239  253  259  268  274  303  318                                   
    45.0-180.0 180.0   5.0 450.0                            LAT/LON1/LON2/DLON/H
  348  354  371  380  396  401  407  401  398  383  372  354  346  335  334  333
  329  321  309  298  289  279  273  274  268  273  264  268  254  250  233  220
  201  184  169  159  157  156  162  166  171  175  180  181  182  177  172  164
  155  147  141  135  134  131  132  132  138  141  150  158  170  182  196  210
  227  243  263  276  293  299  308  331  348                                   
    42.5-180.0 180.0   5.0 450.0                            LAT/LON1/LON2/DLON/H
  372  386  394  409  419  430  435  436  431  421  406  390  375  365  360  357
  351  340  323  311  299  295  291  295  294  297  293  288  273  258  237  220
  198  186  171  167  165  169  172  175  180  185  190  193  195  192  187  178
  170  160  155  148  145  143  142  144  149  155  163  174  186  199  214  226
  243  261  281  301  319  330  336  357  372                                   
    40.0-180.0 180.0   5.0 450.0                            LAT/LON1/LON2/DLON/H
  396  403  418  423  441  444  454  451  452  441  433  415  404  388  383  377
  368  356  336  323  307  300  299  303  301  305  293  286  260  243  219  202
  183  174  168  169  173  177  179  180  184  187  195  197  203  198  195  186
  179  170  165  160  158  155  153  153  157  164  175  187  202  214  229  240
  258  272  295  312  335  349  360  374  396                                   
    37.5-180.0 180.0   5.0 450.0                            LAT/LON1/LON2/DLON/H
  413  429  438  447  455  461  466  466  467  463  457  446  434  422  414  405
  395  379  359  349  335  333  328  331  329  326  314  296  268  245  219  207
  190  190  186  196  195  203  199  196  195  199  203  208  210  208  203  194
  185  177  172  168  166  165  162  163  164  172  183  198  216  230  245  256
  272  286  306  326  349  367  375  388  413                                   
    35.0-180.0 180.0   5.0 450.0                            LAT/LON1/LON2/DLON/H
  430  443  454  456  468  467  475  472  476  474  472  462  455  443  438  427
  419  404  383  374  360  350  342  339  334  327  310  294  266  248  228  221
  215  220  217  230  223  227  215  210  206  202  208  210  215  211  207  198
  188  180  174  172  169  170  167  170  170  180  190  208  227  243  259  271
  285  298  314  332  352  374  385  397  430                                   
    32.5-180.0 180.0   5.0 450.0                            LAT/LON1/LON2/DLON/H
  444  466  473  480  484  487  491  490  495  494  496  488  483  471  466  455
  448  434  419  407  393  385  374  369  359  348  335  314  294  275  262  263
  262  276  274  283  272  269  245  233  222  219  217  219  219  216  208  198
  187  178  172  168  168  166  165  165  170  179  195  213  235  252  272  283
  300  311  327  343  365  388  397  411  444                                   
    30.0-180.0 180.0   5.0 450.0                            LAT/LON1/LON2/DLON/H
  462  486  496  500  508  507  516  516  521  519  519  512  505  492  488  477
  474  460  446  431  414  398  386  374  365  354  348  339  330  329  323  340
  338  355  345  353  331  322  288  268  248  239  236  232  230  223  213  203
  190  185  179  179  175  176  168  168  165  178  191  218  242  265  285  301
  316  330  344  358  377  401  415  429  462                                   
    27.5-180.0 180.0   5.0 450.0                            LAT/LON1/LON2/DLON/H
  488  522  538  550  554  558  564  564  567  565  560  551  541  525  517  507
  503  489  476  457  439  418  403  389  382  376  377  376  382  393  410  420
  421  420  411  398  378  364  330  305  282  272  265  260  252  245  234  227
  214  205  198  195  190  187  179  174  175  175  190  207  240  265  297  314
  336  345  362  374  394  424  443  457  488                                   
    25.0-180.0 180.0   5.0 450.0                            LAT/LON1/LON2/DLON/H
  521  565  593  605  620  626  637  636  636  627  614  600  582  560  548  533
  527  510  497  472  451  422  409  394  396  395  409  425  446  467  481  500
  496  488  463  440  409  393  362  344  323  314  300  292  276  268  249  241
  223  221  212  214  205  201  189  184  175  178  184  203  224  261  291  321
  343  362  376  390  410  440  467  484  521                                   
    22.5-180.0 180.0   5.0 450.0                            LAT/LON1/LON2/DLON/H
  561  617  653  683  699  716  723  721  712  697  679  660  636  610  588  570
  556  537  519  491  467  436  423  411  418  427  449  472  490  512  541  548
  545  520  485  444  408  388  359  354  339  336  317  313  292  288  267  262
  244  243  231  235  222  218  204  196  189  184  193  203  232  257  295  327
  358  377  394  407  429  461  494  516  561                                   
    20.0-180.0 180.0   5.0 450.0                            LAT/LON1/LON2/DLON/H
  595  658  697  734  764  788  803  798  792  771  746  720  690  655  630  596
  587  561  548  515  488  456  447  440  453  469  485  495  520  548  571  579
  564  529  476  435  393  372  351  351  340  341  327  325  304  299  277  272
  258  253  246  239  232  222  210  199  189  184  189  206  233  262  293  330
  361  385  404  422  444  477  517  544  595                                   
    17.5-180.0 180.0   5.0 450.0                            LAT/LON1/LON2/DLON/H
  619  682  727  770  803  832  849  853  851  833  809  782  749  717  680  650
  622  597  573  543  514  485  476  475  485  493  498  510  525  535  554  544
  526  482  429  386  355  339  326  331  325  332  319  322  303  300  284  278
  268  262  253  248  234  226  208  202  191  190  193  207  233  260  295  328
  360  390  410  435  458  498  539  566  619                                   
    15.0-180.0 180.0   5.0 450.0                            LAT/LON1/LON2/DLON/H
  634  700  742  781  822  851  871  880  884  872  854  830  800  768  731  695
  666  634  608  571  540  515  509  504  508  506  515  513  517  511  508  486
  453  411  362  333  312  306  304  315  315  320  313  314  302  299  287  284
  273  265  256  245  233  217  203  196  187  191  192  206  224  255  289  325
  358  389  418  442  472  511  557  581  634                                   
    12.5-180.0 180.0   5.0 450.0                            LAT/LON1/LON2/DLON/H
  638  699  736  779  813  840  863  877  890  885  875  858  832  808  772  743
  710  685  650  613  576  552  543  541  539  536  532  510  483  452  424  394
  361  328  302  290  283  290  293  308  310  313  308  308  301  298  288  279
  271  260  249  236  216  202  188  190  182  187  185  192  211  245  283  324
  357  393  418  450  475  522  566  587  638                                   
    10.0-180.0 180.0   5.0 450.0                            LAT/LON1/LON2/DLON/H
  641  706  738  771  803  822  845  862  880  878  874  864  845  828  802  779
  752  725  690  654  614  587  576  571  569  556  535  490  441  387  345  313
  283  266  260  268  280  292  303  317  315  314  307  303  297  289  279  266
  257  244  232  217  196  184  174  179  170  172  167  175  193  232  276  322
  359  397  427  458  490  535  579  595  641                                   
     7.5-180.0 180.0   5.0 450.0                            LAT/LON1/LON2/DLON/H
  640  700  726  759  777  796  814  835  851  855  855  851  843  835  816  802
  780  759  724  691  655  632  617  608  595  568  522  460  387  326  282  258
