data/unet/pred0610.15i
     1.0            IONOSPHERE MAPS     GNSS                IONEX VERSION / TYPE
pyspatialgeodesy        IME             05-JAN-18 20:20     PGM / RUN BY / DATE 
Map Name                                                    COMMENT             
Predicted global ionosphere maps (GIM).                     DESCRIPTION         
  2015     3     2     0     0     0                        EPOCH OF FIRST MAP  
  2015     3     3     0     0     0                        EPOCH OF LAST MAP   
  7200                                                      INTERVAL            
    13                                                      # OF MAPS IN FILE   
  NONE                                                      MAPPING FUNCTION    
10.0                                                        ELEVATION CUTOFF    
One-way carrier phase leveled to code                       OBSERVABLES USED    
  6371.0                                                    BASE RADIUS         
 2                                                          MAP DIMENSION       
   450.0 450.0   0.0                                        HGT1 / HGT2 / DHGT  
    87.5 -87.5  -2.5                                        LAT1 / LAT2 / DLAT  
  -180.0 180.0   5.0                                        LON1 / LON2 / DLON  
    -1                                                      EXPONENT            
                                                            END OF HEADER       
[from data line 4719]
    12                                                      START OF TEC MAP    
  2015     3     2    22     0     0                        EPOCH OF CURRENT MAP
    87.5-180.0 180.0   5.0 450.0                            LAT/LON1/LON2/DLON/H
  172  142  132  135  135  134  136  135  138  137  141  140  142  141  143  142
  143  142  143  140  141  139  139  136  136  133  133  130  129  127  127  124
  124  122  121  119  118  117  116  116  115  115  114  115  115  116  117  117
  119  120  122  123  126  126  129  129  131  131  133  132  134  133  135  133
  136  134  136  134  136  134  139  159  172                                   
    85.0-180.0 180.0   5.0 450.0                            LAT/LON1/LON2/DLON/H
  133  132  133  138  140  141  143  145  147  150  152  154  155  156  156  156
  156  156  154  154  151  150  146  145  140  139  134  133  128  126  122  120
  116  114  111  109  106  105  103  103  101  102  101  103  103  105  106  109
  111  113  115  118  120  123  124  126  128  129  130  131  132  133  134  133
  134  134  135  134  137  135  135  149  133                                   
    82.5-180.0 180.0   5.0 450.0                            LAT/LON1/LON2/DLON/H
  123  125  130  135  137  139  143  146  150  155  158  162  163  166  165  169
  166  168  163  164  158  158  151  150  144  141  136  134  128  125  120  117
  112  109  106  103  100   97   97   94   95   94   96   96   99  100  104  106
  110  113  116  120  122  126  126  131  131  134  133  136  135  137  136  136
  135  135  134  134  133  132  131  141  123                                   
    80.0-180.0 180.0   5.0 450.0                            LAT/LON1/LON2/DLON/H
  123  124  124  128  129  134  140  146  152  159  165  172  174  180  180  184
  180  181  175  174  167  165  157  155  148  146  138  137  129  126  120  116
  111  106  102   97   94   91   89   87   86   86   87   90   92   97   99  105
  107  113  116  121  124  129  130  135  136  139  138  140  139  141  139  140
  137  137  134  134  131  129  125  133  123                                   
    77.5-180.0 180.0   5.0 450.0                            LAT/LON1/LON2/DLON/H
  121  123  120  123  127  132  140  147  158  165  175  181  187  191  193  193
  190  186  180  175  168  163  157  153  147  144  140  137  133  128  124  119
  114  109  105  101   97   94   92   89   88   88   90   91   94   97  101  105
  109  113  117  121  124  127  130  133  134  136  136  137  138  137  138  135
  136  133  133  130  129  125  122  131  121                                   
    75.0-180.0 180.0   5.0 450.0                            LAT/LON1/LON2/DLON/H
  123  127  123  129  130  138  146  157  167  179  189  198  204  208  209  206
  201  193  186  176  167  159  153  148  143  141  138  136  132  129  126  123
  118  114  109  106  101   99   95   95   92   93   93   96   97  102  105  108
  111  114  118  120  123  125  127  128  130  129  130  130  131  131  131  131
  131  131  131  130  128  127  127  139  123                                   
    72.5-180.0 180.0   5.0 450.0                            LAT/LON1/LON2/DLON/H
  134  140  133  140  143  149  158  167  180  193  207  216  224  227  226  220
  211  198  185  173  161  152  144  140  136  135  133  132  131  129  128  125
  122  119  116  111  108  104  103  100  100   99  100  101  104  106  109  111
  113  114  116  117  118  119  119  119  120  120  119  119  120  121  122  123
  126  127  131  131  132  133  133  150  134                                   
    70.0-180.0 180.0   5.0 450.0                            LAT/LON1/LON2/DLON/H
  147  154  150  155  156  163  170  182  196  211  227  239  249  249  245  234
  221  204  187  170  157  145  138  131  128  124  123  120  119  118  116  115
  114  113  111  110  106  105  102  102  100  101  101  103  104  106  108  109
  110  109  110  109  109  108  107  106  107  106  105  106  107  109  112  114
  118  123  129  132  136  140  144  163  147                                   
    67.5-180.0 180.0   5.0 450.0                            LAT/LON1/LON2/DLON/H
  163  171  167  171  173  177  185  196  211  228  247  264  271  272  262  250
  228  209  187  170  154  142  134  127  121  118  112  110  106  105  102  101
  100   99  100   99   98   96   97   95   96   96   98   98   99  100  101  101
  100   98   98   95   93   91   90   89   89   89   88   90   93   96  100  104
  109  116  125  132  140  148  153  176  163                                   
    65.0-180.0 180.0   5.0 450.0                            LAT/LON1/LON2/DLON/H
  176  185  183  186  185  190  196  207  223  243  266  284  293  293  282  266
  242  219  197  180  164  151  143  132  125  115  108   98   93   87   85   81
   81   82   81   84   82   84   83   85   84   86   86   88   88   89   89   88
   87   84   82   80   77   76   74   73   73   72   72   74   78   82   89   94
  101  109  120  129  141  151  162  184  176                                   
    62.5-180.0 180.0   5.0 450.0                            LAT/LON1/LON2/DLON/H
  186  193  192  196  196  198  204  214  230  251  276  298  311  313  302  287
  261  237  212  195  179  166  154  142  131  117  106   92   83   74   71   67
   67   64   66   65   67   67   68   69   70   71   73   73   73   73   72   71
   69   68   66   64   63   62   61   62   61   62   61   64   67   73   80   87
   95  106  117  130  141  153  165  191  186                                   
    60.0-180.0 180.0   5.0 450.0                            LAT/LON1/LON2/DLON/H
  192  199  199  204  203  206  211  220  236  256  282  306  320  326  318  306
  281  257  233  217  203  188  176  160  145  127  112   95   83   74   69   66
   63   61   58   59   55   58   55   59   59   62   61   62   61   61   59   59
   56   56   56   56   56   57   58   58   60   59   60   61   66   71   79   85
   96  106  119  130  142  152  167  193  192                                   
    57.5-180.0 180.0   5.0 450.0                            LAT/LON1/LON2/DLON/H
  197  203  204  210  213  212  218  224  240  258  283  307  325  334  330  321
  302  279  257  241  225  212  197  180  160  140  122  104   93   81   78   71
   70   63   61   56   53   51   51   53   55   57   56   57   54   53   50   49
   46   47   46   50   50   55   56   60   61   63   61   64   67   75   82   91
  101  116  126  138  146  156  167  196  197                                   
    55.0-180.0 180.0   5.0 450.0                            LAT/LON1/LON2/DLON/H
  203  210  217  225  227  229  230  238  249  265  285  306  324  334  335  331
  317  301  279  263  249  234  219  200  180  157  138  120  108   98   94   87
   85   77   70   65   58   58   56   59   59   61   61   60   57   55   52   50
   48   49   50   53   57   61   66   68   72   71   71   72   76   82   93  101
  115  129  141  149  155  161  173  200  203                                   
    52.5-180.0 180.0   5.0 450.0                            LAT/LON1/LON2/DLON/H
  219  225  233  247  251  253  256  259  269  277  291  305  322  332  337  336
  328  314  297  281  267  250  236  216  200  178  160  142  132  122  117  109
  104   94   87   78   72   69   67   69   71   73   73   73   68   65   60   58
   55   57   58   63   66   72   76   81   82   82   80   81   84   92  103  118
  133  151  163  171  173  177  184  215  219                                   
    50.0-180.0 180.0   5.0 450.0                            LAT/LON1/LON2/DLON/H
  239  247  264  273  278  284  286  290  294  296  301  308  321  330  336  341
  332  323  305  292  277  263  248  233  215  200  184  167  156  144  138  126
  121  109  101   93   86   84   82   84   85   88   88   88   84   81   77   74
   73   74   76   79   84   88   93   94   96   93   90   90   93  102  117  133
  155  173  189  195  198  201  208  238  239                                   
    47.5-180.0 180.0   5.0 450.0                            LAT/LON1/LON2/DLON/H
  270  279  291  301  308  318  323  324  324  318  317  316  325  331  339  342
  338  324  309  294  282  268  257  242  230  216  204  190  176  164  154  142
  133  121  112  104  100   98   97   98   99  102  103  104  101   98   95   94
   94   95   96   98  100  103  106  108  107  103   99   98  101  111  127  149
  172  197  213  223  228  233  240  268  270                                   
    45.0-180.0 180.0   5.0 450.0                            LAT/LON1/LON2/DLON/H
  299  309  320  328  338  347  351  352  349  342  334  332  335  339  343  346
  340  327  309  297  283  274  262  252  241  230  217  202  187  170  158  142
  134  121  115  109  107  107  106  108  108  112  113  115  114  114  114  115
  116  118  118  118  119  120  120  119  117  111  106  103  108  117  138  160
  187  212  234  247  257  266  275  297  299                                   
    42.5-180.0 180.0   5.0 450.0                            LAT/LON1/LON2/DLON/H
  327  339  343  353  360  370  374  377  374  367  358  352  351  350  351  349
  342  326  310  296  286  277  269  259  250  237  222  205  186  167  152  137
  128  116  113  109  111  112  113  113  113  116  119  121  123  125  127  130
  133  135  136  135  134  132  130  128  124  118  111  109  113  124  145  170
  198  225  246  264  278  294  303  327  327                                   
    40.0-180.0 180.0   5.0 450.0                            LAT/LON1/LON2/DLON/H
  348  360  363  371  377  384  387  393  389  387  375  373  365  365  359  357
  345  332  313  303  291  286  277  269  258  242  222  201  177  155  138  121
  116  106  108  109  115  119  118  119  116  119  121  125  129  131  136  141
  146  148  149  147  146  142  139  136  131  124  117  115  118  129  150  173
  201  226  250  271  289  310  326  346  348                                   
    37.5-180.0 180.0   5.0 450.0                            LAT/LON1/LON2/DLON/H
  361  377  376  385  386  392  396  402  401  399  392  388  382  378  371  363
  351  336  322  310  303  295  288  276  263  241  219  193  170  148  133  119
  116  112  117  121  128  131  131  128  124  124  126  129  132  133  138  142
  147  150  152  150  148  145  142  138  133  127  120  117  121  133  152  177
  201  226  247  269  290  315  335  359  361                                   
    35.0-180.0 180.0   5.0 450.0                            LAT/LON1/LON2/DLON/H
  371  388  389  394  396  396  399  403  404  406  401  403  396  394  383  376
  360  348  333  326  315  309  296  282  264  239  214  188  168  150  142  134
  137  136  145  148  153  155  151  146  140  139  140  140  140  139  141  143
  146  148  149  148  149  148  149  146  140  134  124  123  125  138  157  179
  202  221  239  259  279  305  332  360  371                                   
    32.5-180.0 180.0   5.0 450.0                            LAT/LON1/LON2/DLON/H
  377  401  399  407  407  407  407  410  410  412  411  414  413  410  400  389
  374  360  348  340  333  323  310  291  270  243  219  198  186  179  181  184
  190  192  197  195  197  192  186  178  174  170  168  164  159  151  148  145
  145  144  145  144  146  148  149  151  145  138  128  126  127  141  160  183
  202  220  234  251  270  298  329  363  377                                   
    30.0-180.0 180.0   5.0 450.0                            LAT/LON1/LON2/DLON/H
  388  412  417  423  426  423  421  419  418  418  417  424  425  425  414  405
  390  377  363  358  348  339  321  300  278  256  238  225  222  229  242  257
  265  269  262  252  243  234  220  213  205  204  199  193  183  170  160  153
  147  144  141  140  141  145  149  151  146  139  130  128  131  145  168  192
  213  226  240  252  273  297  331  370  388                                   
    27.5-180.0 180.0   5.0 450.0                            LAT/LON1/LON2/DLON/H
  402  428  436  454  457  459  453  451  443  441  438  442  444  443  434  422
  408  392  381  373  365  352  333  314  296  282  273  273  281  305  331  359
  372  364  343  317  297  278  264  251  243  240  236  228  211  192  176  164
  157  150  145  142  143  147  149  150  145  138  131  129  137  153  181  209
  234  247  257  267  283  310  344  382  402                                   
    25.0-180.0 180.0   5.0 450.0                            LAT/LON1/LON2/DLON/H
  426  452  470  487  502  503  500  495  486  478  468  469  464  462  452  441
  426  410  398  389  376  361  340  325  313  312  315  329  354  398  441  471
  471  452  410  369  334  315  300  293  284  285  278  270  250  228  208  192
  180  169  161  155  152  154  152  148  141  131  121  120  130  152  184  220
  250  268  286  292  309  334  369  401  426                                   
    22.5-180.0 180.0   5.0 450.0                            LAT/LON1/LON2/DLON/H
  454  480  504  535  554  565  563  560  551  540  524  514  502  494  482  469
  452  435  419  406  390  373  354  346  344  358  375  402  444  496  544  562
  554  513  452  393  356  333  325  317  318  317  316  305  291  271  253  237
  220  199  180  167  163  160  161  158  153  141  131  125  131  150  190  230
  264  291  310  326  347  372  402  429  454                                   
    20.0-180.0 180.0   5.0 450.0                            LAT/LON1/LON2/DLON/H
  489  512  545  579  608  625  627  629  624  616  592  569  551  536  519  502
  484  463  443  426  409  392  379  381  395  421  452  487  529  575  614  622
  593  534  456  393  357  340  333  336  335  341  337  331  314  296  279  261
  241  217  192  175  165  160  155  153  147  143  135  130  135  152  192  238
  281  310  336  353  381  410  441  459  489                                   
    17.5-180.0 180.0   5.0 450.0                            LAT/LON1/LON2/DLON/H
  519  547  583  629  661  684  690  697  698  690  665  636  608  590  568  547
  523  498  473  455  438  426  422  438  466  503  537  559  589  611  631  620
  579  511  430  368  339  331  330  331  327  328  326  324  314  302  290  277
  262  238  213  190  175  166  157  152  149  143  137  130  138  156  198  248
  292  328  351  376  402  433  469  495  519                                   
    15.0-180.0 180.0   5.0 450.0                            LAT/LON1/LON2/DLON/H
  552  588  629  664  703  723  740  751  756  754  736  702  667  639  615  592
  565  537  512  494  479  474  482  508  545  579  601  604  607  603  598  575
  524  457  382  334  315  312  309  308  301  304  301  305  300  294  289  283
  272  252  225  204  181  170  155  151  146  144  136  134  139  164  207  258
  303  337  367  394  425  460  496  522  552                                   
    12.5-180.0 180.0   5.0 450.0                            LAT/LON1/LON2/DLON/H
  573  616  659  701  725  750  766  784  796  800  789  761  727  693  668  645
  622  589  563  544  535  537  554  585  620  639  641  618  591  556  528  492
  444  386  331  306  298  298  294  293  281  280  277  281  282  282  286  285
  282  265  237  214  186  174  157  155  146  145  140  138  147  173  217  266
  308  345  374  407  438  475  511  542  573                                   
    10.0-180.0 180.0   5.0 450.0                            LAT/LON1/LON2/DLON/H
  591  642  687  712  741  753  776  790  811  822  820  802  773  742  719  691
  671  642  617  600  594  603  621  652  675  676  654  607  549  482  436  395
  357  323  296  296  298  304  299  297  278  273  261  263  263  267  271  278
  276  266  235  215  187  179  161  160  149  147  144  147  156  184  228  272
  316  353  387  422  457  495  532  558  591                                   
     7.5-180.0 180.0   5.0 450.0                            LAT/LON1/LON2/DLON/H
  596  654  691  722  734  751  764  782  803  823  828  820  800  783  762  738
  716  690  671  659  658  664  682  702  711  693  650  579  490  412  355  322
