data/unet/pred1120.15i
     1.0            IONOSPHERE MAPS     GNSS                IONEX VERSION / TYPE
pyspatialgeodesy        IME             05-JAN-18 20:20     PGM / RUN BY / DATE 
Map Name                                                    COMMENT             
Predicted global ionosphere maps (GIM).                     DESCRIPTION         
  2015     4    22     0     0     0                        EPOCH OF FIRST MAP  
  2015     4    23     0     0     0                        EPOCH OF LAST MAP   
  7200                                                      INTERVAL            
    13                                                      # OF MAPS IN FILE   
  NONE                                                      MAPPING FUNCTION    
10.0                                                        ELEVATION CUTOFF    
One-way carrier phase leveled to code                       OBSERVABLES USED    
  6371.0                                                    BASE RADIUS         
 2                                                          MAP DIMENSION       
   450.0 450.0   0.0                                        HGT1 / HGT2 / DHGT  
    87.5 -87.5  -2.5                                        LAT1 / LAT2 / DLAT  
  -180.0 180.0   5.0                                        LON1 / LON2 / DLON  
    -1                                                      EXPONENT            
                                                            END OF HEADER       
[from data line 1716]
     5                                                      START OF TEC MAP    
  2015     4    22     8     0     0                        EPOCH OF CURRENT MAP
    87.5-180.0 180.0   5.0 450.0                            LAT/LON1/LON2/DLON/H
  170  186  199  198  205  204  208  210  212  213  216  217  220  221  223  227
  227  230  229  231  229  229  229  227  229  227  230  228  229  228  229  229
  228  229  228  228  226  226  225  225  222  221  219  218  215  213  210  208
  206  203  202  200  199  195  195  192  192  187  187  182  184  178  180  175
  178  172  176  172  177  174  183  163  170                                   
    85.0-180.0 180.0   5.0 450.0                            LAT/LON1/LON2/DLON/H
  175  186  181  191  193  196  203  206  210  214  218  220  224  227  231  233
  235  235  236  235  234  232  233  231  233  232  235  235  236  235  238  235
  238  235  239  235  236  233  235  231  232  228  229  225  224  219  219  214
  213  209  209  205  205  200  199  194  192  186  185  179  178  173  172  170
  169  166  165  164  167  163  174  154  175                                   
    82.5-180.0 180.0   5.0 450.0                            LAT/LON1/LON2/DLON/H
  168  164  164  173  174  180  186  191  196  201  205  210  214  220  223  227
  226  227  225  224  221  220  219  220  220  222  224  227  227  230  229  232
  232  235  235  237  236  237  236  237  235  236  234  234  231  230  226  225
  220  219  215  214  209  206  200  198  191  188  179  178  171  170  163  163
  158  158  153  153  152  152  154  157  168                                   
    80.0-180.0 180.0   5.0 450.0                            LAT/LON1/LON2/DLON/H
  162  156  152  158  161  169  173  181  184  192  194  201  202  209  211  213
  213  210  209  204  202  197  196  194  194  195  197  199  202  203  208  209
  214  216  224  226  233  233  239  239  243  242  245  244  245  243  243  241
  238  235  232  230  226  221  216  211  206  199  195  189  186  178  176  171
  168  163  158  156  154  149  152  149  162                                   
    77.5-180.0 180.0   5.0 450.0                            LAT/LON1/LON2/DLON/H
  163  160  154  156  160  166  173  180  183  190  192  197  198  201  204  203
  202  199  196  192  186  181  178  175  173  173  175  176  179  181  187  192
  198  204  212  221  228  236  241  248  250  255  256  261  261  263  263  264
  261  260  256  255  250  247  242  238  232  228  222  218  212  208  203  200
  194  190  181  175  170  163  163  158  163                                   
    75.0-180.0 180.0   5.0 450.0                            LAT/LON1/LON2/DLON/H
  169  162  154  156  157  163  168  174  178  184  185  189  188  192  190  190
  187  184  181  176  173  165  163  155  154  150  153  151  156  158  168  173
  184  190  202  208  221  228  239  246  253  259  264  270  274  278  279  283
  282  286  283  285  280  279  273  270  264  258  253  249  245  240  236  231
  226  218  210  200  196  184  181  174  169                                   
    72.5-180.0 180.0   5.0 450.0                            LAT/LON1/LON2/DLON/H
  182  172  161  160  159  164  166  171  174  178  179  179  178  177  176  175
  173  171  171  168  166  159  155  146  145  138  140  138  143  147  157  165
  176  185  197  205  218  228  239  249  257  266  272  282  289  297  300  307
  308  314  313  317  313  313  306  304  296  293  286  285  279  278  272  270
  263  256  246  233  225  209  201  187  182                                   
    70.0-180.0 180.0   5.0 450.0                            LAT/LON1/LON2/DLON/H
  187  173  160  154  150  154  156  162  165  168  170  169  169  167  167  162
  161  159  159  157  156  149  145  136  134  126  126  125  131  137  147  159
  170  180  193  201  212  221  234  244  256  267  278  289  300  308  316  322
  329  335  338  341  340  337  332  327  319  312  306  301  297  293  290  287
  283  276  266  253  243  222  215  202  187                                   
    67.5-180.0 180.0   5.0 450.0                            LAT/LON1/LON2/DLON/H
  195  176  160  150  143  144  146  150  155  157  160  158  157  153  151  148
  148  146  149  149  150  143  140  131  128  120  120  119  125  131  144  155
  169  179  191  200  211  220  232  245  257  270  283  297  310  321  329  338
  345  353  353  359  353  353  342  338  326  320  310  307  300  297  292  291
  287  283  274  262  251  233  223  204  195                                   
    65.0-180.0 180.0   5.0 450.0                            LAT/LON1/LON2/DLON/H
  196  176  156  141  131  129  132  137  143  149  152  151  151  148  147  144
  142  141  144  145  144  140  134  129  123  119  117  119  123  131  142  156
  169  180  191  201  209  220  232  245  261  276  292  307  322  332  343  352
  360  368  370  374  369  367  354  348  331  323  308  303  292  289  281  281
  276  275  267  260  252  233  227  212  196                                   
    62.5-180.0 180.0   5.0 450.0                            LAT/LON1/LON2/DLON/H
  205  181  160  139  127  119  120  123  129  135  140  141  141  139  138  135
  136  134  137  137  136  131  127  121  117  114  114  116  122  130  143  155
  169  180  192  200  212  222  237  252  269  286  302  318  333  344  354  365
  372  381  380  384  377  373  358  346  331  317  304  295  289  281  274  269
  267  263  260  252  249  235  230  212  205                                   
    60.0-180.0 180.0   5.0 450.0                            LAT/LON1/LON2/DLON/H
  212  193  167  143  126  114  110  112  116  124  130  132  134  132  132  129
  129  127  128  126  125  120  116  112  110  108  109  114  119  130  140  154
  168  180  191  202  212  227  241  260  281  299  317  332  348  358  369  382
  388  398  396  401  392  387  370  360  341  329  310  302  291  283  273  267
  260  258  252  247  247  235  233  224  212                                   
    57.5-180.0 180.0   5.0 450.0                            LAT/LON1/LON2/DLON/H
  232  214  190  159  135  116  107  101  104  108  116  119  123  121  123  119
  120  116  116  112  109  104  101   99   98   99  101  105  113  123  136  148
  165  176  189  199  215  229  247  268  291  310  328  343  356  367  378  391
  399  408  407  410  403  396  384  371  358  342  329  318  310  298  291  280
  275  265  265  255  258  251  245  236  232                                   
    55.0-180.0 180.0   5.0 450.0                            LAT/LON1/LON2/DLON/H
  255  246  217  188  155  130  114  104   99  102  108  111  117  116  118  115
  115  109  107  100   97   89   88   86   89   89   95  101  109  121  133  147
  163  177  190  203  217  236  256  278  304  325  345  357  373  382  396  409
  416  427  426  431  423  420  409  400  386  374  360  351  338  328  315  303
  293  283  280  270  274  268  267  263  255                                   
    52.5-180.0 180.0   5.0 450.0                            LAT/LON1/LON2/DLON/H
  288  283  259  225  194  157  133  113  104   98  101  102  110  110  115  110
  111  104  101   94   88   84   81   83   83   88   91   97  108  117  134  147
  167  179  195  206  225  242  264  287  314  336  356  370  385  396  410  423
  434  443  444  448  444  443  436  429  419  407  397  384  375  362  351  337
  328  315  311  300  303  300  298  286  288                                   
    50.0-180.0 180.0   5.0 450.0                            LAT/LON1/LON2/DLON/H
  313  319  300  265  230  198  164  136  117  105  104  104  111  113  116  114
  114  107  103   93   89   82   82   80   85   86   94  100  112  123  139  157
  175  190  203  215  231  251  273  298  329  352  378  391  411  419  435  447
  459  469  472  474  471  469  466  459  453  439  428  416  405  393  381  367
  357  345  338  326  328  318  321  310  313                                   
    47.5-180.0 180.0   5.0 450.0                            LAT/LON1/LON2/DLON/H
  331  340  324  297  268  234  204  166  140  121  113  109  113  115  119  116
  118  112  109  101   98   92   89   90   89   96   99  108  116  127  147  164
  186  198  214  222  240  257  280  308  339  366  390  407  426  437  452  466
  479  491  493  497  493  492  488  480  472  456  446  432  425  412  403  388
  380  366  359  347  346  337  338  322  331                                   
    45.0-180.0 180.0   5.0 450.0                            LAT/LON1/LON2/DLON/H
  336  344  335  316  298  268  239  203  173  146  133  124  124  125  127  127
  128  126  123  118  113  107  104  101  105  107  113  117  127  139  157  178
  195  209  222  231  246  265  293  320  358  386  417  432  453  464  480  491
  507  515  523  522  523  516  513  500  490  473  459  447  435  425  413  402
  392  380  371  356  352  336  337  321  336                                   
    42.5-180.0 180.0   5.0 450.0                            LAT/LON1/LON2/DLON/H
  331  330  318  309  300  285  264  233  205  174  155  142  138  135  136  137
  139  139  141  138  134  125  121  119  120  124  126  130  134  145  162  181
  202  212  228  236  252  273  301  336  372  406  435  457  475  491  505  518
  532  541  546  548  544  541  529  519  503  485  467  454  443  429  418  406
  397  384  373  356  345  328  322  306  331                                   
    40.0-180.0 180.0   5.0 450.0                            LAT/LON1/LON2/DLON/H
  305  295  293  289  288  280  269  247  225  198  181  164  158  153  151  150
  153  155  160  162  157  152  141  143  138  138  138  137  143  147  164  183
  201  215  228  241  259  285  319  352  396  429  464  484  505  519  536  550
  567  573  581  576  576  564  559  545  533  515  492  482  461  455  436  432
  416  407  386  369  349  325  305  282  305                                   
    37.5-180.0 180.0   5.0 450.0                            LAT/LON1/LON2/DLON/H
  275  262  257  255  259  260  258  246  231  214  199  183  174  167  165  164
  169  176  182  187  183  175  165  158  154  151  145  145  142  150  159  180
  195  214  225  247  268  303  336  375  414  452  481  507  527  547  568  590
  609  621  626  632  623  616  600  593  572  558  536  526  505  497  477  473
  458  451  423  396  362  328  292  260  275                                   
    35.0-180.0 180.0   5.0 450.0                            LAT/LON1/LON2/DLON/H
  249  239  226  219  224  228  233  229  225  214  207  196  189  185  182  181
  184  191  199  204  198  191  176  171  161  158  154  149  151  153  164  178
  193  218  230  261  285  324  361  400  436  472  502  523  551  577  610  637
  664  670  678  676  672  659  650  636  622  610  589  583  563  554  532  524
  501  489  461  443  408  358  306  260  249                                   
    32.5-180.0 180.0   5.0 450.0                            LAT/LON1/LON2/DLON/H
  261  239  225  207  203  205  207  209  210  207  206  201  199  196  196  196
  201  210  217  222  215  205  191  184  169  167  154  156  148  154  156  175
  186  208  229  263  298  340  376  414  449  484  512  540  572  612  647  681
  705  723  736  739  740  736  727  721  709  698  680  666  644  623  597  586
  565  555  534  509  468  416  361  298  261                                   
    30.0-180.0 180.0   5.0 450.0                            LAT/LON1/LON2/DLON/H
  318  286  248  215  204  198  197  195  198  198  203  203  206  207  209  211
  215  219  227  228  221  210  197  189  176  170  164  160  161  159  168  180
  195  216  245  281  319  365  398  430  459  493  522  556  597  637  686  719
  757  783  808  816  826  828  832  829  827  819  812  798  780  750  718  687
  665  638  619  590  562  510  431  364  318                                   
    27.5-180.0 180.0   5.0 450.0                            LAT/LON1/LON2/DLON/H
  417  360  315  255  233  219  213  202  198  198  204  207  213  216  220  223
  227  234  239  240  235  226  211  203  185  180  168  164  162  164  175  188
  210  236  270  301  345  384  417  441  470  497  529  569  615  660  711  758
  804  845  878  897  913  922  936  941  948  944  942  923  905  872  842  804
  777  746  715  683  646  606  546  452  417                                   
    25.0-180.0 180.0   5.0 450.0                            LAT/LON1/LON2/DLON/H
  513  453  373  322  294  273  248  241  229  220  220  220  225  228  232  238
  241  247  250  248  240  231  218  210  197  186  179  173  177  178  179  197
  220  257  286  324  362  405  435  460  486  513  546  585  628  679  729  784
  833  885  924  950  973  989 1009 1019 1030 1035 1040 1032 1015  985  953  917
  884  850  818  785  754  714  652  570  513                                   
    22.5-180.0 180.0   5.0 450.0                            LAT/LON1/LON2/DLON/H
  596  550  482  392  352  335  327  303  274  262  249  245  244  243  247  252
  257  264  261  259  252  244  231  224  209  199  191  182  175  173  186  206
  240  275  304  342  386  422  454  478  509  531  569  601  646  701  748  807
  861  914  957  984 1007 1021 1041 1052 1071 1080 1097 1092 1094 1068 1046 1007
  982  941  909  873  841  809  750  684  596                                   
    20.0-180.0 180.0   5.0 450.0                            LAT/LON1/LON2/DLON/H
  675  639  576  515  447  407  367  364  341  323  283  274  259  265  261  266
  265  271  267  266  253  247  236  226  214  206  182  176  164  171  191  219
  260  289  326  364  410  446  475  501  531  562  600  627  668  719  767  820
  877  926  964  988 1009 1022 1036 1052 1070 1086 1105 1114 1118 1107 1087 1057
 1028  992  960  917  888  857  810  754  675                                   
    17.5-180.0 180.0   5.0 450.0                            LAT/LON1/LON2/DLON/H
  720  698  649  601  556  513  462  430  397  378  356  328  291  275  270  267
  274  280  277  270  262  250  238  225  218  206  186  169  167  174  197  228
  269  307  349  392  434  466  495  526  564  594  628  653  692  745  781  833
  878  917  947  964  979  986  998 1012 1028 1049 1071 1085 1099 1090 1087 1060
 1043 1006  978  936  907  870  831  783  720                                   
    15.0-180.0 180.0   5.0 450.0                            LAT/LON1/LON2/DLON/H
  736  721  685  660  631  591  545  518  466  435  391  374  336  300  276  268
  262  277  280  276  264  250  234  225  218  205  185  170  171  176  204  234
  285  324  372  407  445  474  510  546  592  624  659  680  721  751  795  827
  869  893  918  931  940  941  946  952  972  988 1015 1031 1050 1053 1052 1042
 1025  997  961  922  876  839  795  755  736                                   
    12.5-180.0 180.0   5.0 450.0                            LAT/LON1/LON2/DLON/H
  715  716  697  695  671  652  613  580  549  506  454  413  377  350  312  284
  270  269  273  269  255  239  231  228  219  201  182  165  168  171  196  237
  290  339  376  417  448  480  520  558  606  637  676  707  743  773  802  830
  850  866  881  891  895  887  883  885  899  917  940  959  981  994 1004  995
  987  963  927  882  832  781  749  707  715                                   
    10.0-180.0 180.0   5.0 450.0                            LAT/LON1/LON2/DLON/H
  689  689  682  700  682  672  642  621  591  563  505  457  405  369  341  313
  292  285  282  275  259  245  234  226  214  192  175  161  163  165  187  231
  289  330  379  406  445  475  518  567  613  651  690  710  756  773  805  816
  834  843  856  867  865  856  839  838  847  863  882  903  928  949  959  964
  950  931  881  839  776  728  691  655  689                                   
     7.5-180.0 180.0   5.0 450.0                            LAT/LON1/LON2/DLON/H
  659  672  672  694  678  675  652  637  615  581  539  487  442  403  387  364
  339  319  298  284  264  247  236  226  210  188  176  165  156  152  173  219
