data/unet/pred3280.15i
     1.0            IONOSPHERE MAPS     GNSS                IONEX VERSION / TYPE
pyspatialgeodesy        IME             05-JAN-18 20:20     PGM / RUN BY / DATE 
Map Name                                                    COMMENT             
Predicted global ionosphere maps (GIM).                     DESCRIPTION         
  2015    11    24     0     0     0                        EPOCH OF FIRST MAP  
  2015    11    25     0     0     0                        EPOCH OF LAST MAP   
  7200                                                      INTERVAL            
    13                                                      # OF MAPS IN FILE   
  NONE                                                      MAPPING FUNCTION    
10.0                                                        ELEVATION CUTOFF    
One-way carrier phase leveled to code                       OBSERVABLES USED    
  6371.0                                                    BASE RADIUS         
 2                                                          MAP DIMENSION       
   450.0 450.0   0.0                                        HGT1 / HGT2 / DHGT  
    87.5 -87.5  -2.5                                        LAT1 / LAT2 / DLAT  
  -180.0 180.0   5.0                                        LON1 / LON2 / DLON  
    -1                                                      EXPONENT            
                                                            END OF HEADER       
[from data line 2145]
     6                                                      START OF TEC MAP    
  2015    11    24    10     0     0                        EPOCH OF CURRENT MAP
    87.5-180.0 180.0   5.0 450.0                            LAT/LON1/LON2/DLON/H
   38   60   47   51   46   47   46   46   46   46   45   45   44   44   42   42
   41   41   39   39   38   38   37   37   37   36   37   36   36   36   36   35
   36   35   35   35   36   35   36   35   36   35   36   36   36   37   35   37
   35   37   35   37   35   37   34   37   35   37   35   37   35   37   35   37
   36   38   37   41   40   38   38   38   38                                   
    85.0-180.0 180.0   5.0 450.0                            LAT/LON1/LON2/DLON/H
   60   62   63   62   63   60   64   63   64   63   63   62   62   60   59   57
   57   56   56   55   55   55   55   55   54   55   55   55   55   55   55   55
   55   54   55   54   54   53   54   52   53   51   52   50   50   48   48   46
   46   44   44   44   44   43   43   43   44   43   44   44   45   45   46   46
   48   48   51   49   51   52   57   51   60                                   
    82.5-180.0 180.0   5.0 450.0                            LAT/LON1/LON2/DLON/H
   55   67   60   62   59   57   60   60   62   60   60   59   58   56   55   53
   52   52   51   51   51   52   51   52   52   53   53   54   53   54   53   53
   52   53   51   52   51   51   50   50   49   49   48   48   47   46   44   43
   42   40   39   38   38   36   36   36   35   35   35   36   37   37   38   39
   41   41   44   44   45   47   51   40   55                                   
    80.0-180.0 180.0   5.0 450.0                            LAT/LON1/LON2/DLON/H
   52   55   51   52   50   51   52   54   53   53   51   52   48   48   44   46
   42   44   40   43   40   44   41   45   43   47   45   49   47   49   48   50
   49   50   48   50   48   49   49   50   49   50   49   50   48   48   46   46
   44   43   41   40   38   37   34   35   32   33   31   33   31   32   32   34
   33   35   36   36   36   37   44   35   52                                   
    77.5-180.0 180.0   5.0 450.0                            LAT/LON1/LON2/DLON/H
   44   46   44   44   44   45   47   48   48   47   46   45   44   42   41   40
   39   39   38   38   38   39   40   40   41   42   44   44   46   46   47   48
   49   49   50   52   52   53   55   56   57   57   57   58   57   56   56   55
   53   52   50   48   46   43   41   39   37   34   34   33   33   32   33   32
   33   33   34   33   33   33   36   22   44                                   
    75.0-180.0 180.0   5.0 450.0                            LAT/LON1/LON2/DLON/H
   38   39   38   42   39   43   43   45   43   44   41   42   38   38   36   37
   34   36   35   38   36   40   38   41   39   43   42   44   44   46   46   49
   49   52   53   57   57   61   62   65   65   67   68   69   70   69   70   70
   70   67   67   62   62   56   55   49   47   43   43   40   41   39   40   38
   38   36   36   35   34   34   33   19   38                                   
    72.5-180.0 180.0   5.0 450.0                            LAT/LON1/LON2/DLON/H
   35   38   36   37   37   37   40   40   41   38   39   36   37   33   35   34
   36   36   39   39   42   42   43   44   44   43   44   44   44   44   47   48
   51   53   58   61   65   67   71   73   76   78   81   83   84   84   85   86
   86   83   83   79   76   69   66   59   56   51   50   46   47   44   45   43
   42   41   40   37   36   34   34   13   35                                   
    70.0-180.0 180.0   5.0 450.0                            LAT/LON1/LON2/DLON/H
   32   33   34   35   33   37   37   39   37   37   34   35   32   34   33   36
   37   39   42   44   46   47   48   48   47   46   44   44   44   44   47   51
   54   59   63   70   72   78   80   88   88   95   95  102  102  107  106  109
  108  107  104   99   94   85   79   71   67   60   57   54   53   52   51   51
   49   49   46   46   41   39   35   18   32                                   
    67.5-180.0 180.0   5.0 450.0                            LAT/LON1/LON2/DLON/H
   31   35   35   34   34   35   38   36   38   34   35   33   34   33   36   37
   41   42   47   49   52   52   53   51   48   45   42   40   40   41   45   49
   56   61   69   74   81   86   92   97  100  105  109  114  118  120  123  122
  123  118  117  108  103   91   84   72   68   59   58   52   53   49   52   51
   51   50   50   47   45   40   39   15   31                                   
    65.0-180.0 180.0   5.0 450.0                            LAT/LON1/LON2/DLON/H
   33   35   35   36   32   37   35   39   35   36   32   35   32   37   36   42
   43   48   50   54   55   56   55   52   48   44   41   38   37   41   45   53
   60   68   74   85   90  101  103  112  113  121  121  129  129  134  133  135
  131  129  123  117  107   96   85   75   68   60   58   52   52   49   51   50
   50   51   50   52   47   46   41   24   33                                   
    62.5-180.0 180.0   5.0 450.0                            LAT/LON1/LON2/DLON/H
   35   41   38   38   36   37   38   38   38   36   35   34   35   37   41   44
   48   49   53   54   56   54   53   50   44   40   35   33   33   36   43   52
   63   72   82   90  100  107  113  118  122  127  131  134  137  137  140  138
  136  131  126  115  107   93   83   70   65   55   54   47   48   43   45   42
   44   43   47   46   47   44   43   24   35                                   
    60.0-180.0 180.0   5.0 450.0                            LAT/LON1/LON2/DLON/H
   39   41   38   38   34   36   35   37   34   35   31   34   32   38   39   45
   45   49   49   51   51   50   48   45   39   35   30   30   30   38   45   60
   70   83   92  106  111  121  123  131  133  140  139  144  141  144  141  141
  136  134  126  120  107   94   83   71   66   57   55   48   47   41   41   37
   38   39   42   46   45   48   43   31   39                                   
    57.5-180.0 180.0   5.0 450.0                            LAT/LON1/LON2/DLON/H
   41   47   40   38   35   35   34   35   33   32   31   32   32   36   40   43
   45   44   46   44   45   42   42   39   34   30   26   27   29   38   49   64
   78   91  102  113  120  127  132  137  141  145  148  147  148  146  146  142
  141  135  131  120  111   95   86   73   69   59   58   51   49   41   40   36
   34   35   39   41   45   47   47   30   41                                   
    55.0-180.0 180.0   5.0 450.0                            LAT/LON1/LON2/DLON/H
   47   48   43   39   35   35   33   34   31   32   28   31   30   35   36   41
   40   40   38   38   37   37   36   36   32   31   27   30   32   46   57   77
   89  108  116  129  133  140  144  152  153  158  154  159  151  156  148  150
  143  144  134  128  114  103   90   82   75   69   67   61   57   49   46   39
   37   36   39   44   46   50   50   39   47                                   
    52.5-180.0 180.0   5.0 450.0                            LAT/LON1/LON2/DLON/H
   51   56   46   43   37   36   34   35   31   31   29   30   30   33   35   38
   38   36   35   32   34   33   35   36   35   34   32   35   40   52   66   83
  100  115  125  135  141  146  153  158  164  164  166  162  162  159  158  156
  155  151  147  137  127  113  103   92   87   81   79   74   69   62   56   49
   45   43   45   48   51   54   57   42   51                                   
    50.0-180.0 180.0   5.0 450.0                            LAT/LON1/LON2/DLON/H
   59   59   53   48   42   40   38   39   36   36   32   34   32   36   35   40
   37   38   33   34   33   36   38   43   42   44   42   47   52   66   79   98
  113  131  139  148  153  161  166  173  174  178  174  176  169  172  165  169
  162  165  155  150  136  126  113  107   98   96   91   89   83   78   71   64
   58   56   55   59   59   62   63   53   59                                   
    47.5-180.0 180.0   5.0 450.0                            LAT/LON1/LON2/DLON/H
   65   70   60   56   49   47   45   45   42   41   37   37   35   38   38   41
   40   40   39   37   39   42   46   50   51   54   53   58   62   73   85  104
  121  136  144  151  159  165  174  178  185  183  185  180  181  177  179  175
  178  171  170  158  151  136  128  117  111  105  102   98   95   89   84   76
   72   69   68   68   69   69   72   56   65                                   
    45.0-180.0 180.0   5.0 450.0                            LAT/LON1/LON2/DLON/H
   74   74   70   65   60   57   55   56   52   52   47   48   44   47   44   50
   46   50   47   50   49   55   56   63   62   66   66   72   76   86   97  117
  130  146  155  164  171  179  186  192  195  195  193  192  188  190  187  190
  185  184  175  168  156  145  133  124  114  110  103  102   96   96   90   87
   82   81   78   80   77   78   78   69   74                                   
    42.5-180.0 180.0   5.0 450.0                            LAT/LON1/LON2/DLON/H
   78   83   76   73   66   66   62   63   61   61   58   56   53   52   52   54
   55   56   58   59   61   64   67   70   71   74   75   79   84   92  103  119
  133  146  157  166  176  185  194  198  202  201  200  196  196  196  198  196
  196  187  183  170  163  147  138  123  115  105  101   95   94   90   90   87
   86   85   84   83   81   79   81   68   78                                   
    40.0-180.0 180.0   5.0 450.0                            LAT/LON1/LON2/DLON/H
   80   80   80   77   74   72   70   71   70   71   69   68   63   63   61   65
   64   70   69   75   73   77   77   80   79   83   84   90   95  105  113  128
  139  154  166  179  191  202  210  214  214  213  208  207  202  206  204  206
  202  197  187  178  168  154  142  127  115  105   97   90   87   84   84   84
   84   84   83   84   80   80   77   70   80                                   
    37.5-180.0 180.0   5.0 450.0                            LAT/LON1/LON2/DLON/H
   77   80   76   77   73   74   71   73   73   77   77   76   72   70   69   70
   71   75   78   80   81   84   83   83   81   85   88   95  103  112  120  132
  143  157  172  189  205  218  226  229  228  224  218  214  212  213  215  213
  212  203  199  186  179  163  153  135  125  109  101   89   84   80   80   80
   82   82   82   80   76   73   74   61   77                                   
    35.0-180.0 180.0   5.0 450.0                            LAT/LON1/LON2/DLON/H
   72   71   73   71   71   70   71   72   74   79   82   83   81   79   77   79
   79   85   86   92   90   92   87   86   83   87   93  106  115  127  134  146
  156  172  189  210  227  241  249  252  246  242  232  230  224  230  227  232
  226  225  215  210  197  187  173  158  143  126  114  100   93   85   85   83
   83   82   79   79   73   70   68   55   72                                   
    32.5-180.0 180.0   5.0 450.0                            LAT/LON1/LON2/DLON/H
   63   66   60   62   60   62   62   65   68   75   80   84   84   83   81   82
   82   87   89   93   92   91   84   81   78   84   94  111  125  139  146  158
  168  185  205  229  249  264  273  275  273  266  258  250  249  247  251  249
  251  248  245  239  232  221  211  196  183  166  150  134  121  110  104  100
   96   92   87   81   75   68   67   50   63                                   
    30.0-180.0 180.0   5.0 450.0                            LAT/LON1/LON2/DLON/H
   59   52   52   51   54   54   56   56   62   68   77   83   87   86   86   87
   87   92   93   97   94   91   84   79   78   87  103  124  142  159  166  177
  186  202  224  247  268  284  295  301  300  295  286  283  277  283  280  288
  283  292  286  289  278  275  257  251  234  223  204  187  169  156  144  136
  125  118  105   98   86   78   70   48   59                                   
    27.5-180.0 180.0   5.0 450.0                            LAT/LON1/LON2/DLON/H
   61   55   44   44   42   44   44   46   50   59   68   78   82   85   84   87
   86   92   91   95   89   85   77   74   76   88  107  130  153  170  182  193
  204  222  242  268  287  305  317  326  328  324  320  314  315  314  320  321
  330  334  342  342  343  336  328  316  305  291  275  253  234  214  200  187
  174  160  142  127  112   98   88   57   61                                   
    25.0-180.0 180.0   5.0 450.0                            LAT/LON1/LON2/DLON/H
   68   53   44   37   40   39   41   38   44   50   62   71   79   81   84   86
   88   92   91   93   87   82   75   74   79   95  116  145  168  190  201  217
  226  245  263  287  304  322  336  346  350  350  345  347  343  350  352  363
  373  389  398  410  411  412  403  394  381  365  348  324  300  276  258  242
  224  210  188  169  148  131  112   81   68                                   
    22.5-180.0 180.0   5.0 450.0                            LAT/LON1/LON2/DLON/H
   84   81   60   50   42   39   38   36   37   41   51   61   70   76   79   82
   84   88   86   87   79   75   71   72   81   97  122  148  179  198  219  234
  247  264  282  306  325  341  357  369  376  374  377  375  379  381  395  403
  427  438  463  467  479  474  477  464  457  440  424  400  377  349  326  301
  281  260  237  213  191  168  146  111   84                                   
    20.0-180.0 180.0   5.0 450.0                            LAT/LON1/LON2/DLON/H
  105  103   87   70   60   49   46   37   40   39   47   54   64   70   76   79
   82   84   83   83   78   75   72   76   87  106  133  161  187  214  236  256
  269  287  306  328  343  359  375  388  396  397  402  407  414  424  439  456
  478  500  517  525  529  526  525  516  512  497  483  456  435  405  381  353
  328  306  283  259  235  212  185  150  105                                   
    17.5-180.0 180.0   5.0 450.0                            LAT/LON1/LON2/DLON/H
  134  138  118  102   82   74   62   51   46   42   45   49   57   64   70   75
   77   81   79   78   74   72   72   77   91  112  139  164  195  219  247  266
  287  303  326  347  365  379  399  413  422  426  433  440  453  461  488  502
  527  538  559  557  562  551  551  541  539  523  510  488  467  440  412  382
  354  333  315  296  275  252  221  191  134                                   
    15.0-180.0 180.0   5.0 450.0                            LAT/LON1/LON2/DLON/H
  167  172  151  136  120  103   90   70   64   53   53   51   58   61   68   71
   74   76   77   76   73   72   74   82  100  119  146  174  202  231  255  278
  300  323  344  365  381  396  424  434  450  454  467  474  485  499  514  538
  550  566  577  575  576  566  560  552  544  532  517  499  475  445  417  385
  359  337  323  310  297  281  249  231  167                                   
    12.5-180.0 180.0   5.0 450.0                            LAT/LON1/LON2/DLON/H
  188  189  174  167  146  134  115   96   82   69   63   58   61   61   65   65
   68   69   71   72   73   73   78   85  104  127  155  183  213  235  260  285
  310  335  361  378  391  413  434  452  465  471  480  491  505  514  531  545
  562  568  573  565  563  551  543  533  524  507  492  475  453  426  394  365
  338  319  309  302  292  285  262  247  188                                   
    10.0-180.0 180.0   5.0 450.0                            LAT/LON1/LON2/DLON/H
  205  193  186  178  164  150  139  118  105   90   82   73   72   66   69   66
   71   66   71   70   76   75   82   91  112  138  167  202  224  245  264  295
  318  350  370  384  402  417  449  460  484  486  501  511  520  530  538  550
  560  564  561  552  549  535  527  514  501  481  458  439  417  389  361  330
  310  294  288  283  278  274  254  252  205                                   
     7.5-180.0 180.0   5.0 450.0                            LAT/LON1/LON2/DLON/H
  204  188  179  175  161  157  143  129  117  104   98   88   84   75   75   71
   71   69   71   73   77   81   87   98  120  152  190  215  237  252  271  295
