data/unet/pred1290.15i
     1.0            IONOSPHERE MAPS     GNSS                IONEX VERSION / TYPE
pyspatialgeodesy        IME             05-JAN-18 20:20     PGM / RUN BY / DATE 
Map Name                                                    COMMENT             
Predicted global ionosphere maps (GIM).                     DESCRIPTION         
  2015     5     9     0     0     0                        EPOCH OF FIRST MAP  
  2015     5    10     0     0     0                        EPOCH OF LAST MAP   
  7200                                                      INTERVAL            
    13                                                      # OF MAPS IN FILE   
  NONE                                                      MAPPING FUNCTION    
10.0                                                        ELEVATION CUTOFF    
One-way carrier phase leveled to code                       OBSERVABLES USED    
  6371.0                                                    BASE RADIUS         
 2                                                          MAP DIMENSION       
   450.0 450.0   0.0                                        HGT1 / HGT2 / DHGT  
    87.5 -87.5  -2.5                                        LAT1 / LAT2 / DLAT  
  -180.0 180.0   5.0                                        LON1 / LON2 / DLON  
    -1                                                      EXPONENT            
                                                            END OF HEADER       
[from data line 3003]
     8                                                      START OF TEC MAP    
  2015     5     9    14     0     0                        EPOCH OF CURRENT MAP
    87.5-180.0 180.0   5.0 450.0                            LAT/LON1/LON2/DLON/H
  176  184  191  189  192  188  191  189  192  190  194  191  195  192  195  192
  194  192  194  193  196  197  200  201  204  207  210  212  214  215  216  216
  217  215  216  214  214  211  211  207  207  203  201  197  195  191  190  186
  187  183  185  182  185  183  186  183  186  184  186  183  187  184  187  184
  189  186  192  186  188  184  202  176  176                                   
    85.0-180.0 180.0   5.0 450.0                            LAT/LON1/LON2/DLON/H
  184  180  177  180  180  181  180  182  182  184  184  186  186  188  187  189
  188  190  190  192  193  196  197  200  202  205  208  209  211  212  213  214
  214  214  213  212  210  208  206  203  200  198  194  192  190  188  185  184
  182  182  180  181  179  180  179  180  179  179  177  178  178  178  177  177
  178  178  179  177  177  177  182  189  184                                   
    82.5-180.0 180.0   5.0 450.0                            LAT/LON1/LON2/DLON/H
  185  171  169  172  171  173  174  175  176  177  178  179  180  182  182  183
  183  186  185  189  189  195  194  200  199  206  205  210  208  213  210  214
  211  213  209  210  206  205  200  200  194  194  188  188  183  183  179  179
  178  178  178  177  177  177  178  177  178  176  176  174  174  173  172  171
  170  171  171  169  169  166  180  178  185                                   
    80.0-180.0 180.0   5.0 450.0                            LAT/LON1/LON2/DLON/H
  170  161  157  158  159  162  164  165  167  167  169  168  171  170  172  170
  174  172  177  176  181  182  186  189  192  195  198  199  202  202  204  204
  205  203  203  200  198  195  192  188  186  182  181  178  178  177  176  176
  176  176  176  176  177  177  177  177  177  176  175  174  173  171  169  168
  166  166  163  162  160  158  160  169  170                                   
    77.5-180.0 180.0   5.0 450.0                            LAT/LON1/LON2/DLON/H
  161  151  148  148  150  154  156  158  158  161  160  161  160  162  161  164
  162  167  166  172  172  179  181  188  188  196  196  201  200  206  204  208
  206  208  205  206  201  200  194  193  188  187  183  183  180  181  179  180
  179  181  180  182  181  183  182  183  181  181  177  178  175  174  170  169
  166  165  161  159  154  154  155  156  161                                   
    75.0-180.0 180.0   5.0 450.0                            LAT/LON1/LON2/DLON/H
  154  148  143  147  148  154  154  158  158  159  159  157  158  156  157  157
  158  160  163  166  169  174  177  181  185  189  193  195  200  203  206  208
  209  209  209  207  204  200  197  193  190  187  186  185  184  186  184  188
  186  190  188  191  189  192  189  190  188  188  184  184  179  179  174  173
  170  169  165  161  159  155  150  155  154                                   
    72.5-180.0 180.0   5.0 450.0                            LAT/LON1/LON2/DLON/H
  154  148  145  147  148  151  154  155  156  156  156  153  152  149  151  151
  154  157  162  166  171  177  181  187  189  197  199  205  207  212  214  218
  218  220  219  219  215  214  208  207  200  201  196  198  196  198  196  199
  198  200  198  200  197  199  195  196  192  191  185  185  180  178  174  173
  169  170  165  164  159  158  158  159  154                                   
    70.0-180.0 180.0   5.0 450.0                            LAT/LON1/LON2/DLON/H
  149  147  144  148  149  152  155  157  158  157  157  151  152  146  150  148
  155  156  165  166  174  177  185  187  193  195  201  203  209  212  218  219
  223  222  225  222  222  217  215  211  208  205  204  203  204  204  204  205
  205  205  204  202  200  198  196  193  191  186  183  180  178  174  173  169
  169  165  166  161  162  158  156  160  149                                   
    67.5-180.0 180.0   5.0 450.0                            LAT/LON1/LON2/DLON/H
  145  146  144  149  147  152  155  158  159  159  158  154  152  148  151  150
  157  160  170  175  184  189  196  200  204  208  211  215  219  222  225  227
  228  230  231  231  230  229  226  224  221  220  217  219  216  218  215  216
  212  212  207  206  199  199  193  193  186  185  177  177  172  170  165  166
  162  163  160  161  158  159  160  161  145                                   
    65.0-180.0 180.0   5.0 450.0                            LAT/LON1/LON2/DLON/H
  138  142  138  142  145  148  153  157  158  160  159  156  155  152  156  154
  163  165  176  178  189  192  200  201  207  208  214  214  221  221  227  225
  231  230  235  233  235  233  233  230  229  228  226  226  225  223  221  218
  214  212  207  203  198  194  190  185  182  176  172  168  167  161  160  156
  157  153  155  151  155  152  152  158  138                                   
    62.5-180.0 180.0   5.0 450.0                            LAT/LON1/LON2/DLON/H
  130  132  128  133  132  140  145  151  154  158  159  160  158  158  160  161
  168  172  182  188  195  201  208  211  215  218  221  223  225  227  230  231
  233  236  239  241  242  243  243  242  241  240  240  240  237  235  230  227
  219  217  209  206  197  196  188  188  181  180  172  172  165  163  157  155
  150  150  148  148  147  147  149  150  130                                   
    60.0-180.0 180.0   5.0 450.0                            LAT/LON1/LON2/DLON/H
  120  120  114  116  120  124  134  139  144  150  153  155  157  156  162  162
  172  174  185  188  196  199  205  207  211  213  218  218  223  224  229  228
  235  235  244  242  248  247  250  248  250  249  251  249  247  243  237  231
  223  218  210  207  200  196  192  188  186  181  178  174  171  164  160  152
  149  145  144  138  140  136  135  140  120                                   
    57.5-180.0 180.0   5.0 450.0                            LAT/LON1/LON2/DLON/H
  112  106  102  102  103  110  116  127  131  141  144  151  152  156  160  166
  172  180  187  193  197  202  206  210  213  217  221  224  226  230  232  234
  238  243  248  252  254  257  257  259  258  261  261  262  257  254  246  241
  232  228  221  219  212  211  205  205  202  199  194  193  186  180  170  162
  153  148  142  140  134  133  131  131  112                                   
    55.0-180.0 180.0   5.0 450.0                            LAT/LON1/LON2/DLON/H
  107   95   90   89   93   98  105  112  120  128  137  141  148  151  159  163
  174  180  188  192  196  198  202  204  208  212  217  220  225  228  235  236
  245  249  258  259  264  264  268  266  271  271  274  273  270  265  257  251
  243  238  233  232  228  227  224  223  221  217  213  210  205  196  187  176
  167  156  152  143  142  131  127  128  107                                   
    52.5-180.0 180.0   5.0 450.0                            LAT/LON1/LON2/DLON/H
  108   93   86   84   86   94   98  107  111  124  129  140  143  152  157  170
  176  188  192  200  200  205  205  212  214  221  226  232  236  241  247  252
  260  266  272  275  277  279  279  281  283  286  286  287  282  279  271  266
  258  256  252  253  248  249  245  246  242  241  235  232  226  219  207  198
  185  175  164  159  151  142  139  132  108                                   
    50.0-180.0 180.0   5.0 450.0                            LAT/LON1/LON2/DLON/H
  121  101   94   93   93   98  101  106  113  121  131  137  145  152  162  174
  183  194  200  204  206  207  210  214  220  225  233  237  245  249  260  266
  279  283  291  291  295  292  297  295  300  301  305  304  301  296  287  281
  275  272  268  267  263  262  258  258  254  254  247  246  239  232  224  213
  204  192  184  174  170  157  150  144  121                                   
    47.5-180.0 180.0   5.0 450.0                            LAT/LON1/LON2/DLON/H
  137  119  109  103  104  107  109  112  116  125  133  143  148  160  169  186
  194  207  210  218  215  221  222  230  236  244  251  257  262  268  277  286
  297  303  309  311  314  313  315  314  318  320  323  322  317  312  302  297
  291  288  283  282  274  273  264  264  257  258  252  252  247  241  232  225
  214  208  197  193  187  175  175  164  137                                   
    45.0-180.0 180.0   5.0 450.0                            LAT/LON1/LON2/DLON/H
  156  141  130  126  124  125  124  126  129  136  144  150  159  167  180  195
  206  217  222  227  227  231  236  243  252  259  268  272  279  285  297  306
  320  324  333  333  338  334  340  337  344  344  350  346  341  333  322  316
  307  304  296  290  279  272  261  257  249  250  244  247  243  240  236  228
  224  215  211  204  204  194  189  183  156                                   
    42.5-180.0 180.0   5.0 450.0                            LAT/LON1/LON2/DLON/H
  172  162  149  147  145  142  141  141  142  149  156  163  171  182  194  210
  220  233  238  242  242  247  254  265  274  283  286  294  297  306  316  328
  342  350  359  360  367  364  370  366  373  371  375  369  363  351  340  331
  321  315  304  296  281  270  253  246  235  236  233  237  236  237  232  230
  224  220  213  212  210  204  209  199  172                                   
    40.0-180.0 180.0   5.0 450.0                            LAT/LON1/LON2/DLON/H
  182  176  167  165  166  161  159  159  161  165  172  178  186  195  207  222
  233  243  248  253  253  261  268  281  290  300  304  308  313  319  335  348
  369  379  390  392  399  397  403  400  405  402  404  396  387  373  361  350
  335  326  311  298  279  262  244  231  221  220  218  223  227  229  232  228
  228  218  217  209  213  207  208  208  182                                   
    37.5-180.0 180.0   5.0 450.0                            LAT/LON1/LON2/DLON/H
  187  180  172  172  171  169  168  166  169  175  183  190  199  207  222  233
  246  254  257  261  262  271  280  294  303  312  315  321  325  336  353  372
  396  410  425  427  436  434  438  432  435  430  429  418  408  392  378  364
  349  335  318  304  284  266  246  235  225  221  221  224  228  231  232  231
  227  220  211  208  205  203  212  207  187                                   
    35.0-180.0 180.0   5.0 450.0                            LAT/LON1/LON2/DLON/H
  185  179  170  168  171  171  172  172  177  185  194  203  213  223  235  248
  255  263  262  268  269  280  290  302  312  319  325  332  341  351  376  397
  428  446  464  473  480  482  481  479  476  473  467  458  441  426  410  394
  377  359  341  324  303  290  268  261  246  241  235  234  237  236  241  238
  236  226  216  207  203  199  201  200  185                                   
    32.5-180.0 180.0   5.0 450.0                            LAT/LON1/LON2/DLON/H
  182  170  161  160  160  160  163  166  174  184  198  208  221  231  246  255
  267  271  271  273  278  287  297  310  319  330  337  350  362  382  407  437
  466  491  512  522  533  534  535  532  527  523  512  502  483  470  453  439
  422  405  388  373  362  352  343  334  320  305  287  277  271  266  263  258
  250  237  224  211  200  194  196  197  182                                   
    30.0-180.0 180.0   5.0 450.0                            LAT/LON1/LON2/DLON/H
  176  166  156  153  151  151  151  160  167  186  197  214  227  243  256  266
  271  276  275  282  285  298  306  321  330  342  354  369  388  411  443  476
  513  537  561  573  584  588  587  590  578  578  558  550  528  516  500  489
  475  464  443  430  412  409  394  398  388  385  362  347  328  313  297  285
  276  259  242  225  208  198  194  190  176                                   
    27.5-180.0 180.0   5.0 450.0                            LAT/LON1/LON2/DLON/H
  175  175  159  159  153  153  150  154  160  176  192  211  227  245  263  273
  282  281  285  288  300  305  320  327  343  358  375  398  420  455  483  524
  557  589  609  623  629  635  635  636  627  622  601  594  567  562  540  545
  526  524  499  499  479  486  473  480  469  469  446  430  399  387  359  345
  321  300  280  255  234  219  206  202  175                                   
    25.0-180.0 180.0   5.0 450.0                            LAT/LON1/LON2/DLON/H
  174  180  159  157  155  156  150  149  151  167  183  209  226  247  263  274
  283  285  292  303  315  324  332  345  358  375  400  424  456  487  525  559
  597  624  642  656  658  663  658  660  645  642  621  617  596  590  578  581
  576  570  556  558  544  551  541  551  545  549  524  511  478  455  423  406
  382  360  330  300  269  248  239  220  174                                   
    22.5-180.0 180.0   5.0 450.0                            LAT/LON1/LON2/DLON/H
  181  185  166  155  154  149  152  151  152  162  175  200  216  243  261  277
  290  296  308  317  334  338  352  358  379  393  424  453  486  520  553  594
  630  657  668  679  679  678  675  673  667  666  653  654  632  636  626  640
  634  634  611  599  576  572  564  571  574  574  559  556  535  528  486  470
  432  412  374  346  302  278  261  265  181                                   
    20.0-180.0 180.0   5.0 450.0                            LAT/LON1/LON2/DLON/H
  207  210  187  174  157  152  144  150  155  159  169  190  210  234  256  276
  295  308  320  339  353  365  371  383  397  420  451  480  514  541  578  609
  648  667  676  684  678  679  672  676  673  678  670  668  658  661  667  674
  681  673  654  617  591  571  559  556  555  561  550  554  543  547  523  505
  473  450  414  382  343  320  299  288  207                                   
    17.5-180.0 180.0   5.0 450.0                            LAT/LON1/LON2/DLON/H
  235  241  214  194  183  169  155  156  158  163  171  185  202  225  247  276
  297  318  336  350  368  374  389  394  422  437  473  501  532  563  593  630
  656  673  676  680  673  668  670  672  685  689  683  681  677  689  699  710
  708  691  660  611  572  537  517  501  495  495  493  504  501  521  508  518
  482  467  429  408  368  357  331  314  235                                   
    15.0-180.0 180.0   5.0 450.0                            LAT/LON1/LON2/DLON/H
  260  262  239  215  192  178  160  153  152  157  162  177  196  220  246  273
  302  330  348  366  378  394  402  419  440  462  495  524  556  575  611  633
  657  663  669  670  659  661  660  677  686  696  689  688  692  702  714  717
  712  687  641  582  534  490  461  435  430  428  436  445  457  474  482  488
  473  459  432  405  379  369  349  318  260                                   
    12.5-180.0 180.0   5.0 450.0                            LAT/LON1/LON2/DLON/H
  264  276  252  228  208  189  171  158  152  155  164  177  194  217  243  272
  302  335  356  370  386  394  414  430  460  481  514  545  571  596  620  643
  652  662  663  663  655  655  664  675  696  695  697  695  702  706  713  709
  693  653  604  536  482  428  395  375  373  381  385  393  397  417  426  440
  424  421  393  386  360  367  346  316  264                                   
    10.0-180.0 180.0   5.0 450.0                            LAT/LON1/LON2/DLON/H
  253  273  254  234  212  193  166  149  146  141  149  165  190  215  243  271
  305  338  360  376  390  407  422  450  476  503  539  566  593  608  631  641
  653  657  660  664  657  662  668  682  692  694  693  694  699  701  708  694
  678  630  575  503  450  399  363  348  351  355  365  368  371  383  390  398
  389  376  361  347  340  339  332  295  253                                   
     7.5-180.0 180.0   5.0 450.0                            LAT/LON1/LON2/DLON/H
  235  253  233  219  204  183  168  149  149  145  150  167  189  213  244  271
  300  335  357  371  387  402  426  456  487  520  556  587  610  628  639  650
