data/unet/pred0100.15i
     1.0            IONOSPHERE MAPS     GNSS                IONEX VERSION / TYPE
pyspatialgeodesy        IME             05-JAN-18 20:20     PGM / RUN BY / DATE 
Map Name                                                    COMMENT             
Predicted global ionosphere maps (GIM).                     DESCRIPTION         
  2015     1    10     0     0     0                        EPOCH OF FIRST MAP  
  2015     1    11     0     0     0                        EPOCH OF LAST MAP   
  7200                                                      INTERVAL            
    13                                                      # OF MAPS IN FILE   
  NONE                                                      MAPPING FUNCTION    
10.0                                                        ELEVATION CUTOFF    
One-way carrier phase leveled to code                       OBSERVABLES USED    
  6371.0                                                    BASE RADIUS         
 2                                                          MAP DIMENSION       
   450.0 450.0   0.0                                        HGT1 / HGT2 / DHGT  
    87.5 -87.5  -2.5                                        LAT1 / LAT2 / DLAT  
  -180.0 180.0   5.0                                        LON1 / LON2 / DLON  
    -1                                                      EXPONENT            
                                                            END OF HEADER       
[from data line 1287]
     4                                                      START OF TEC MAP    
  2015     1    10     6     0     0                        EPOCH OF CURRENT MAP
    87.5-180.0 180.0   5.0 450.0                            LAT/LON1/LON2/DLON/H
   18   51   46   41   42   38   41   40   43   43   45   45   47   47   47   46
   46   45   44   42   43   40   41   39   41   39   41   40   42   41   42   41
   43   42   43   41   42   41   43   40   42   39   41   38   41   38   41   37
   41   37   40   38   41   37   40   35   38   33   35   30   33   28   32   27
   32   28   33   31   37   32   53   17   18                                   
    85.0-180.0 180.0   5.0 450.0                            LAT/LON1/LON2/DLON/H
   54   51   54   52   51   48   50   52   54   56   57   59   60   60   62   59
   62   57   60   53   57   52   56   50   56   51   57   52   57   54   58   55
   58   54   57   52   55   50   53   47   51   46   49   44   48   43   48   43
   48   46   50   47   52   49   53   47   52   45   48   42   46   39   43   37
   42   37   42   39   46   38   52   39   54                                   
    82.5-180.0 180.0   5.0 450.0                            LAT/LON1/LON2/DLON/H
   53   54   54   48   50   46   52   51   56   54   59   57   62   59   64   60
   64   61   64   60   61   59   60   59   58   59   58   60   58   61   60   62
   60   61   60   61   59   59   58   57   55   54   52   50   49   47   48   46
   49   48   53   52   57   57   61   61   64   64   64   63   62   61   57   57
   55   53   51   49   48   44   58   39   53                                   
    80.0-180.0 180.0   5.0 450.0                            LAT/LON1/LON2/DLON/H
   56   57   51   47   44   45   48   52   52   57   57   61   61   63   63   63
   63   61   61   59   57   55   55   53   54   52   55   54   57   58   60   61
   62   64   64   64   63   64   61   61   57   58   53   54   50   52   49   52
   50   54   56   58   62   64   68   69   73   72   74   71   71   66   65   60
   58   54   52   48   44   38   47   39   56                                   
    77.5-180.0 180.0   5.0 450.0                            LAT/LON1/LON2/DLON/H
   56   55   51   51   49   52   53   60   58   66   64   71   68   73   69   71
   66   66   60   60   53   53   48   49   46   49   49   54   54   60   61   67
   66   71   70   73   70   73   68   69   64   65   60   61   58   59   58   59
   59   63   65   71   72   79   79   85   83   88   84   88   82   84   75   77
   69   69   63   62   54   50   54   43   56                                   
    75.0-180.0 180.0   5.0 450.0                            LAT/LON1/LON2/DLON/H
   57   60   58   52   48   51   51   56   57   62   64   68   69   70   70   69
   66   63   60   58   51   50   46   46   44   46   48   52   55   59   63   68
   70   73   75   76   75   73   72   68   65   61   60   58   58   59   61   62
   66   68   75   79   86   89   94   96   98   98   99   97   95   92   89   84
   80   76   72   68   62   56   62   47   57                                   
    72.5-180.0 180.0   5.0 450.0                            LAT/LON1/LON2/DLON/H
   64   60   58   52   49   49   48   52   52   59   57   65   64   69   67   68
   64   60   56   52   47   44   42   41   43   43   48   51   56   59   65   70
   73   77   79   80   78   76   74   71   66   62   60   59   61   64   69   74
   78   86   94  104  109  115  116  116  114  111  109  106  103  102   96   95
   88   86   80   76   70   65   69   51   64                                   
    70.0-180.0 180.0   5.0 450.0                            LAT/LON1/LON2/DLON/H
   67   68   62   56   49   49   45   49   48   52   54   57   60   62   64   62
   62   58   54   52   46   46   43   45   45   48   50   55   58   62   65   71
   73   77   77   79   76   74   71   66   61   57   53   54   56   64   72   80
   90  101  113  123  132  136  138  136  133  130  126  121  119  114  112  108
  103   96   90   85   77   71   73   56   67                                   
    67.5-180.0 180.0   5.0 450.0                            LAT/LON1/LON2/DLON/H
   74   69   67   58   56   50   48   48   47   50   49   54   55   58   58   59
   57   54   52   49   48   45   47   46   50   51   55   57   61   64   68   73
   76   77   79   79   78   72   72   64   62   54   57   54   63   68   84   96
  112  126  141  150  157  159  160  156  153  148  144  138  132  127  124  121
  114  107   99   94   86   78   80   58   74                                   
    65.0-180.0 180.0   5.0 450.0                            LAT/LON1/LON2/DLON/H
   75   78   68   62   54   52   46   49   46   50   50   54   55   57   57   60
   57   59   55   57   53   56   54   59   58   62   62   65   64   67   66   71
   70   72   70   72   69   67   63   59   53   51   48   56   62   79   91  113
  129  149  163  173  179  181  182  177  173  163  161  154  152  145  143  137
  129  119  108  100   90   82   85   62   75                                   
    62.5-180.0 180.0   5.0 450.0                            LAT/LON1/LON2/DLON/H
   80   73   69   58   58   49   48   46   47   47   49   51   53   54   56   58
   59   59   58   58   58   58   60   61   64   65   66   67   66   66   65   67
   66   66   65   65   63   60   56   52   50   45   52   56   72   86  109  126
  148  164  181  190  198  200  199  196  191  183  179  173  171  165  159  152
  142  130  116  108   95   86   89   63   80                                   
    60.0-180.0 180.0   5.0 450.0                            LAT/LON1/LON2/DLON/H
   79   76   68   59   52   49   43   47   45   50   50   54   55   57   57   62
   62   65   63   66   63   66   65   69   69   71   69   69   64   62   57   58
   55   56   54   58   54   52   48   46   44   45   51   65   81  102  122  143
  159  176  192  206  216  219  221  215  212  202  201  194  194  187  180  171
  159  144  126  114   99   88   91   65   79                                   
    57.5-180.0 180.0   5.0 450.0                            LAT/LON1/LON2/DLON/H
   84   70   67   53   53   43   45   42   46   46   50   51   54   56   58   61
   64   65   65   65   64   63   64   65   65   65   63   62   58   56   52   53
   49   52   50   53   47   46   41   41   42   46   54   72   94  115  135  151
  169  184  202  218  229  234  235  230  226  218  216  210  212  205  199  187
  175  159  140  125  108   98  100   67   84                                   
    55.0-180.0 180.0   5.0 450.0                            LAT/LON1/LON2/DLON/H
   85   74   69   57   49   44   40   44   43   50   50   55   57   59   59   63
   66   67   67   66   65   64   63   63   62   62   58   56   52   49   45   47
   46   50   49   50   46   45   42   43   47   54   67   91  113  135  151  166
  183  199  218  233  246  251  251  242  239  230  228  223  225  219  211  201
  187  172  153  137  119  105  107   75   85                                   
    52.5-180.0 180.0   5.0 450.0                            LAT/LON1/LON2/DLON/H
   96   80   73   56   51   42   45   41   45   45   48   49   54   57   58   62
   63   65   63   61   58   57   55   54   52   51   47   47   44   46   43   45
   45   51   48   51   45   44   41   46   51   64   79  107  129  151  164  181
  198  218  235  249  261  263  260  250  247  238  236  232  235  228  221  209
  193  180  162  150  135  122  124   89   96                                   
    50.0-180.0 180.0   5.0 450.0                            LAT/LON1/LON2/DLON/H
  104   88   80   67   57   51   47   48   46   48   45   49   50   55   57   61
   63   61   61   57   56   54   53   52   51   49   46   46   44   44   41   46
   49   55   52   54   50   49   48   54   60   79   97  125  148  165  182  196
  219  238  252  265  277  276  271  260  254  245  241  238  237  229  219  207
  191  179  167  158  146  130  132  103  104                                   
    47.5-180.0 180.0   5.0 450.0                            LAT/LON1/LON2/DLON/H
  119  112   93   76   66   58   55   51   50   45   43   40   43   44   49   52
   56   57   54   52   50   50   50   50   49   46   41   40   38   40   41   47
   54   58   56   56   54   54   53   61   70   93  113  141  161  181  198  217
  239  255  268  278  287  284  278  266  258  250  245  242  238  229  216  202
  186  179  169  166  158  146  146  120  119                                   
    45.0-180.0 180.0   5.0 450.0                            LAT/LON1/LON2/DLON/H
  130  119  100   90   79   72   64   61   56   54   46   46   44   47   49   52
   54   53   55   52   52   53   56   57   57   55   49   47   44   46   49   56
   59   63   61   63   63   64   64   73   86  111  133  158  180  197  220  240
  259  272  284  290  299  292  283  270  260  251  244  238  230  219  204  188
  173  171  169  169  164  153  156  131  130                                   
    42.5-180.0 180.0   5.0 450.0                            LAT/LON1/LON2/DLON/H
  142  136  113  101   92   83   75   68   64   59   54   48   50   48   51   49
   54   52   54   53   53   57   61   65   65   63   57   53   50   51   55   60
   63   66   67   70   72   73   75   88  105  130  150  175  196  217  241  259
  275  284  293  297  302  296  288  274  264  254  246  238  228  215  196  178
  165  165  167  170  169  159  160  138  142                                   
    40.0-180.0 180.0   5.0 450.0                            LAT/LON1/LON2/DLON/H
  144  134  112  107   99   91   82   78   71   69   62   62   61   60   59   58
   62   61   62   60   63   66   74   78   82   77   73   66   63   60   62   62
   66   67   70   75   78   83   85  103  122  148  169  192  218  242  263  279
  293  300  308  309  314  306  299  284  273  263  255  246  236  222  200  179
  167  164  166  169  169  153  162  132  144                                   
    37.5-180.0 180.0   5.0 450.0                            LAT/LON1/LON2/DLON/H
  143  139  116  108  103   95   89   85   79   75   72   71   74   72   72   69
   70   68   69   70   73   78   87   92   96   90   84   74   68   65   64   64
   67   69   73   78   83   88   97  116  139  165  186  211  239  265  282  296
  308  313  321  323  328  320  315  302  295  285  276  268  256  242  219  200
  185  181  179  180  173  163  160  129  143                                   
    35.0-180.0 180.0   5.0 450.0                            LAT/LON1/LON2/DLON/H
  139  130  109  105   97   93   87   86   80   80   79   82   85   83   84   78
   80   79   82   82   87   91  100  103  107  101   94   81   72   66   65   63
   63   65   67   74   80   89   97  123  147  176  202  226  260  282  301  311
  324  330  340  345  355  352  349  338  336  330  325  315  303  284  259  238
  215  205  196  191  179  159  158  115  139                                   
    32.5-180.0 180.0   5.0 450.0                            LAT/LON1/LON2/DLON/H
  138  128  107   98   95   90   87   85   83   83   86   89   94   92   92   88
   91   90   94   94   98   98  105  106  111  103   98   81   75   65   63   54
   58   61   64   69   76   84   98  126  157  187  212  241  273  298  317  327
  340  347  361  371  387  389  392  385  387  388  388  389  380  363  336  303
  271  255  236  225  200  172  158  120  138                                   
    30.0-180.0 180.0   5.0 450.0                            LAT/LON1/LON2/DLON/H
  143  125  103   96   88   86   80   81   78   81   86   94  101   99  100   94
  100   99  106  105  108  105  108  107  108  103   93   81   72   68   65   57
   55   51   62   67   72   82   99  131  162  197  225  252  284  310  332  344
  358  371  388  405  427  439  447  448  452  459  468  478  482  470  447  411
  366  325  287  261  227  188  170  128  143                                   
    27.5-180.0 180.0   5.0 450.0                            LAT/LON1/LON2/DLON/H
  162  137  115   96   90   84   82   78   78   79   85   93  100   99   99   96
  102  104  111  109  109  103  104   97  103   93   94   79   78   63   63   51
   48   40   45   48   71   80  101  133  176  212  243  272  298  330  352  365
  378  389  412  436  463  485  509  522  539  554  570  587  593  586  564  528
  482  426  374  324  277  226  198  170  162                                   
    25.0-180.0 180.0   5.0 450.0                            LAT/LON1/LON2/DLON/H
  199  155  123  108   93   87   80   81   75   78   81   90   99   99  100   96
  103  105  113  111  111  103  101   97   97   94   89   75   73   64   68   57
   57   40   46   39   63   87  109  143  183  228  259  290  318  346  370  385
  400  416  445  474  510  548  583  609  631  643  657  670  682  671  654  616
  576  519  463  411  351  282  240  212  199                                   
    22.5-180.0 180.0   5.0 450.0                            LAT/LON1/LON2/DLON/H
  246  188  161  124  114  101   99   88   89   80   84   87   96   94   94   91
   97   99  108  106  106   96   96   88   96   91   91   72   80   65   75   66
   63   45   42   36   51   77  114  145  195  236  273  306  339  360  386  403
  424  441  473  504  549  594  640  667  680  689  697  715  726  727  715  688
  650  601  548  490  433  357  313  276  246                                   
    20.0-180.0 180.0   5.0 450.0                            LAT/LON1/LON2/DLON/H
  313  241  208  174  148  137  123  117  108   98   92   91   93   89   89   88
   93   97  102  103  103   98   98   97  101   93   85   74   76   71   79   66
   66   42   46   31   57   82  119  157  202  249  285  320  358  379  407  427
  450  471  500  530  573  623  661  683  700  703  713  730  742  745  735  715
  684  649  605  558  504  434  385  352  313                                   
    17.5-180.0 180.0   5.0 450.0                            LAT/LON1/LON2/DLON/H
  380  315  281  230  206  183  176  158  148  126  117   99  103   87   89   81
   91   92  100   99  107  103  112  106  111   99   95   83   83   72   77   71
   68   52   46   41   58   88  124  161  214  254  292  329  365  388  416  441
  465  484  513  542  584  627  662  682  694  699  705  718  731  737  736  724
  705  684  654  623  579  516  466  434  380                                   
    15.0-180.0 180.0   5.0 450.0                            LAT/LON1/LON2/DLON/H
  442  387  341  299  260  244  222  215  200  184  157  145  126  112  101   94
   94   94   99  105  113  116  120  121  116  115  101   98   91   88   85   79
   70   51   48   49   71  103  133  179  227  270  306  342  380  402  437  459
  487  503  529  553  588  626  653  668  677  679  683  691  698  708  707  702
  691  678  661  642  619  572  537  508  442                                   
    12.5-180.0 180.0   5.0 450.0                            LAT/LON1/LON2/DLON/H
  497  455  412  369  331  309  295  269  261  232  214  193  176  150  138  124
  121  109  110  111  129  129  139  133  137  129  114  105   97   96   94   89
   76   58   57   58   80  107  143  190  243  281  317  351  385  410  445  470
  495  513  537  559  588  617  634  649  657  661  655  659  665  665  673  670
  672  668  661  656  646  617  602  571  497                                   
    10.0-180.0 180.0   5.0 450.0                            LAT/LON1/LON2/DLON/H
  528  497  461  418  383  363  339  332  321  298  273  248  231  215  194  181
  167  150  132  136  138  149  144  158  148  152  133  128  114  110  102   89
   80   67   66   74   87  119  155  206  251  290  322  357  391  417  456  477
  504  520  544  561  584  604  613  622  624  626  618  617  625  632  640  644
  646  649  647  646  647  631  629  601  528                                   
     7.5-180.0 180.0   5.0 450.0                            LAT/LON1/LON2/DLON/H
  546  525  497  455  423  403  394  382  385  362  342  314  287  270  249  233
  217  197  178  172  173  169  170  166  167  158  143  135  123  117  110   97
