data/unet/pred0730.15i
     1.0            IONOSPHERE MAPS     GNSS                IONEX VERSION / TYPE
pyspatialgeodesy        IME             05-JAN-18 20:20     PGM / RUN BY / DATE 
Map Name                                                    COMMENT             
Predicted global ionosphere maps (GIM).                     DESCRIPTION         
  2015     3    14     0     0     0                        EPOCH OF FIRST MAP  
  2015     3    15     0     0     0                        EPOCH OF LAST MAP   
  7200                                                      INTERVAL            
    13                                                      # OF MAPS IN FILE   
  NONE                                                      MAPPING FUNCTION    
10.0                                                        ELEVATION CUTOFF    
One-way carrier phase leveled to code                       OBSERVABLES USED    
  6371.0                                                    BASE RADIUS         
 2                                                          MAP DIMENSION       
   450.0 450.0   0.0                                        HGT1 / HGT2 / DHGT  
    87.5 -87.5  -2.5                                        LAT1 / LAT2 / DLAT  
  -180.0 180.0   5.0                                        LON1 / LON2 / DLON  
    -1                                                      EXPONENT            
                                                            END OF HEADER       
     1                                                      START OF TEC MAP    
  2015     3    14     0     0     0                        EPOCH OF CURRENT MAP
    87.5-180.0 180.0   5.0 450.0                            LAT/LON1/LON2/DLON/H
  176  148  148  145  145  142  144  142  145  143  145  144  146  144  145  143
  145  142  143  140  141  137  137  132  132  128  128  124  124  122  122  119
  120  118  119  117  120  119  121  120  124  124  127  127  131  131  134  134
  137  137  140  141  144  144  147  148  151  151  154  154  156  156  158  157
  158  156  156  155  157  154  151  176  176                                   
    85.0-180.0 180.0   5.0 450.0                            LAT/LON1/LON2/DLON/H
  150  148  152  151  150  146  150  148  152  151  155  154  157  156  159  156
  157  154  154  149  148  143  140  134  132  127  124  119  118  114  113  110
  111  108  110  108  111  111  115  115  120  121  125  126  130  131  135  135
  139  139  143  144  148  149  153  154  158  159  162  162  164  165  166  165
  166  165  164  163  164  159  157  153  150                                   
    82.5-180.0 180.0   5.0 450.0                            LAT/LON1/LON2/DLON/H
  152  151  151  152  149  147  150  151  155  157  162  164  168  169  171  170
  170  166  164  158  155  147  142  133  129  120  117  108  107  100  100   94
   97   92   96   94  100   98  105  105  113  113  120  119  126  126  132  131
  137  136  141  141  146  147  152  153  158  160  164  165  169  169  172  172
  173  172  171  169  170  163  159  160  152                                   
    80.0-180.0 180.0   5.0 450.0                            LAT/LON1/LON2/DLON/H
  156  154  152  153  149  150  153  157  162  169  174  182  185  191  192  194
  191  188  181  175  165  157  147  138  128  118  111  102   97   90   88   83
   84   82   85   85   90   91   98   99  106  108  114  116  121  122  126  127
  130  131  135  137  140  142  146  150  155  159  163  168  171  175  176  179
  180  180  179  179  177  174  170  173  156                                   
    77.5-180.0 180.0   5.0 450.0                            LAT/LON1/LON2/DLON/H
  165  160  157  157  152  153  156  163  170  179  189  197  204  209  213  213
  210  205  197  187  176  164  151  139  127  116  106   97   90   84   80   77
   77   76   79   80   85   88   93   97  102  105  109  111  113  115  116  117
  117  118  120  122  124  127  132  137  142  147  154  160  166  170  175  178
  181  183  183  184  185  182  180  183  165                                   
    75.0-180.0 180.0   5.0 450.0                            LAT/LON1/LON2/DLON/H
  176  173  170  168  163  163  166  174  183  195  205  216  223  231  232  232
  226  218  206  194  180  167  153  140  128  117  108   98   91   85   82   78
   78   77   80   81   86   89   94   97  102  105  108  108  109  107  107  105
  103  102  102  103  106  109  115  120  127  133  142  149  158  164  171  175
  181  184  188  190  195  194  193  197  176                                   
    72.5-180.0 180.0   5.0 450.0                            LAT/LON1/LON2/DLON/H
  194  193  188  184  177  176  178  185  195  207  219  231  240  245  246  241
  233  221  206  192  176  162  150  138  127  118  110  103   97   92   88   85
   84   83   85   85   88   91   96   99  102  104  105  103  101   98   95   90
   86   83   83   83   85   88   94  100  109  117  126  135  145  153  162  169
  177  183  189  195  203  205  208  214  194                                   
    70.0-180.0 180.0   5.0 450.0                            LAT/LON1/LON2/DLON/H
  216  214  212  205  196  192  193  199  207  220  232  246  252  256  251  245
  230  216  198  183  167  155  145  137  129  123  117  112  106  102   98   95
   92   90   90   90   91   93   96   98  100  101  101   97   93   88   83   77
   72   69   67   67   69   73   79   86   95  103  114  123  134  142  153  160
  171  178  189  196  205  214  221  231  216                                   
    67.5-180.0 180.0   5.0 450.0                            LAT/LON1/LON2/DLON/H
  242  237  238  230  217  210  207  210  217  229  242  253  259  258  252  240
  224  207  188  173  159  149  141  136  130  126  122  118  114  110  106  101
   98   94   92   90   91   91   92   93   94   93   93   88   83   76   71   64
   60   56   56   56   59   63   70   77   87   96  107  117  128  137  147  155
  165  175  187  197  209  220  230  242  242                                   
    65.0-180.0 180.0   5.0 450.0                            LAT/LON1/LON2/DLON/H
  261  258  262  251  236  225  219  220  224  236  245  257  258  258  246  235
  216  200  180  166  154  146  140  137  135  132  129  125  121  116  111  106
  100   95   90   87   85   85   85   86   87   86   85   80   75   67   61   55
   52   50   51   53   57   62   69   76   86   96  107  117  129  138  148  155
  166  173  187  197  210  224  237  254  261                                   
    62.5-180.0 180.0   5.0 450.0                            LAT/LON1/LON2/DLON/H
  279  275  278  266  250  237  227  224  227  234  243  251  254  250  240  228
  211  195  178  167  156  151  145  142  139  136  131  127  122  117  110  104
   97   90   84   79   76   74   74   76   78   78   77   73   68   61   57   52
   51   49   52   55   60   65   73   81   91  101  113  125  138  148  158  166
  174  181  192  202  215  228  239  257  279                                   
    60.0-180.0 180.0   5.0 450.0                            LAT/LON1/LON2/DLON/H
  291  292  294  281  265  249  235  229  228  234  239  247  247  245  234  225
  210  199  185  175  166  160  154  149  144  140  134  129  123  117  110  103
   94   86   78   72   68   67   67   70   73   74   74   70   67   60   57   53
   54   54   58   61   67   72   79   87   98  109  121  134  151  163  174  182
  190  196  204  211  221  233  244  263  291                                   
    57.5-180.0 180.0   5.0 450.0                            LAT/LON1/LON2/DLON/H
  304  303  307  296  278  262  246  237  232  232  235  238  239  235  229  222
  214  207  197  191  183  176  167  159  151  144  137  131  125  119  111  102
   93   84   75   70   65   65   66   69   73   75   77   74   71   66   63   60
   61   62   65   69   73   78   84   93  105  117  132  148  168  182  197  205
  215  220  226  231  237  244  249  267  304                                   
    55.0-180.0 180.0   5.0 450.0                            LAT/LON1/LON2/DLON/H
  314  319  325  317  302  285  267  253  243  239  236  236  233  231  227  226
  223  220  213  208  200  192  179  168  158  149  142  136  129  123  114  105
   96   86   78   74   70   70   72   75   80   82   85   82   80   75   73   69
   71   71   75   77   81   84   91   99  112  126  143  162  184  203  219  234
  244  251  254  258  260  264  267  281  314                                   
    52.5-180.0 180.0   5.0 450.0                            LAT/LON1/LON2/DLON/H
  326  333  340  339  328  314  296  279  263  253  244  237  232  228  227  228
  230  230  227  221  213  203  189  177  166  157  149  143  136  129  119  110
  100   92   85   82   80   81   83   87   91   95   96   95   92   89   85   83
   83   82   84   85   86   89   95  105  119  136  155  175  201  221  245  261
  276  283  288  290  292  291  289  298  326                                   
    50.0-180.0 180.0   5.0 450.0                            LAT/LON1/LON2/DLON/H
  335  351  359  364  360  350  333  314  293  277  260  248  237  231  229  231
  235  236  233  228  220  210  197  185  174  167  159  154  146  138  126  115
  105   97   93   92   92   94   97  100  104  106  109  106  105  100   98   95
   96   94   96   94   95   96  102  112  127  144  163  184  209  233  257  281
  299  313  318  324  326  326  322  323  335                                   
    47.5-180.0 180.0   5.0 450.0                            LAT/LON1/LON2/DLON/H
  346  364  376  388  388  383  367  350  329  308  286  267  250  239  235  234
  236  235  232  226  220  212  201  193  183  178  170  164  154  143  129  117
  106  100   98   99  101  105  107  112  115  117  118  118  116  114  112  111
  110  108  107  104  102  104  110  121  136  153  173  192  218  240  268  291
  315  331  342  351  358  359  353  351  346                                   
    45.0-180.0 180.0   5.0 450.0                            LAT/LON1/LON2/DLON/H
  355  379  393  408  411  410  396  383  361  340  315  292  271  257  246  241
  238  233  228  224  219  214  208  203  196  190  182  173  161  146  130  116
  106  101  101  104  109  113  117  120  124  125  128  127  127  125  125  124
  126  123  121  117  114  115  120  131  147  163  180  200  223  246  271  299
  322  343  357  371  382  389  386  376  355                                   
    42.5-180.0 180.0   5.0 450.0                            LAT/LON1/LON2/DLON/H
  369  389  403  413  418  417  409  402  383  366  343  320  298  279  264  252
  243  234  228  223  222  220  217  213  208  200  189  176  160  142  124  110
  100   97   98  104  110  116  120  124  127  130  133  135  135  136  136  138
  138  137  133  129  126  127  133  145  160  176  192  209  232  252  276  299
  325  344  362  379  398  408  409  399  369                                   
    40.0-180.0 180.0   5.0 450.0                            LAT/LON1/LON2/DLON/H
  381  396  407  412  415  415  410  409  397  385  364  345  322  303  285  269
  255  242  233  230  231  232  229  225  216  205  189  171  153  133  116  103
   96   95   99  106  113  120  125  129  133  137  140  143  145  146  148  149
  150  148  144  139  137  138  143  155  170  185  201  218  240  261  282  306
  326  345  361  380  401  418  426  414  381                                   
    37.5-180.0 180.0   5.0 450.0                            LAT/LON1/LON2/DLON/H
  398  405  414  411  407  403  401  402  398  393  379  364  346  328  309  291
  276  261  252  248  250  249  245  234  221  204  183  162  142  125  110  101
   98   99  104  112  118  126  130  135  139  144  148  151  152  153  153  154
  154  151  147  142  140  142  148  161  175  191  207  226  249  269  290  309
  329  345  361  380  404  423  434  424  398                                   
    35.0-180.0 180.0   5.0 450.0                            LAT/LON1/LON2/DLON/H
  419  420  419  410  402  394  390  393  393  395  386  378  363  350  331  315
  298  287  278  276  274  270  258  240  219  197  174  154  140  127  120  116
  117  119  124  130  135  141  145  149  153  158  161  162  162  160  159  157
  156  151  146  141  140  141  147  159  173  189  207  227  251  275  299  322
  341  357  371  391  414  436  455  446  419                                   
    32.5-180.0 180.0   5.0 450.0                            LAT/LON1/LON2/DLON/H
  458  454  451  436  422  409  399  398  398  400  396  392  382  370  355  338
  325  315  307  304  297  284  266  240  214  192  171  158  150  149  148  153
  157  160  162  164  164  167  167  170  171  173  174  173  169  166  160  156
  150  144  138  133  132  134  140  150  165  182  202  224  251  277  309  335
  357  372  388  405  429  453  477  474  458                                   
    30.0-180.0 180.0   5.0 450.0                            LAT/LON1/LON2/DLON/H
  525  528  510  490  470  453  435  428  420  420  412  410  399  391  373  359
  345  339  331  326  310  290  262  235  210  194  184  182  186  194  203  215
  222  224  221  211  204  199  196  195  193  191  189  184  179  170  162  152
  144  135  128  122  122  124  130  140  153  172  194  220  251  284  320  355
  381  402  418  437  455  479  511  523  525                                   
    27.5-180.0 180.0   5.0 450.0                            LAT/LON1/LON2/DLON/H
  609  613  593  574  553  532  507  488  472  460  447  439  429  415  397  380
  366  358  349  336  313  283  255  230  215  213  216  229  244  262  279  294
  300  299  289  272  248  236  225  222  212  206  197  191  180  170  157  146
  135  123  116  110  111  112  118  128  142  162  187  222  258  295  332  370
  401  425  445  464  484  508  545  571  609                                   
    25.0-180.0 180.0   5.0 450.0                            LAT/LON1/LON2/DLON/H
  700  719  703  686  664  637  603  580  552  530  502  488  466  450  422  403
  384  374  356  337  304  275  247  236  238  255  278  302  328  350  370  378
  380  372  359  332  299  273  253  242  227  214  201  190  180  168  155  140
  127  113  107  100  100  103  110  121  137  161  189  229  267  310  346  390
  423  449  476  497  522  551  603  640  700                                   
    22.5-180.0 180.0   5.0 450.0                            LAT/LON1/LON2/DLON/H
  775  810  805  791  772  747  712  680  647  613  580  549  520  492  460  432
  409  388  362  331  295  266  251  258  282  322  363  399  426  447  456  457
  442  426  401  368  328  299  270  252  229  213  194  182  169  159  145  129
  118  104  100   92   94   94  106  115  137  166  197  242  281  326  365  411
  446  474  501  526  556  590  650  701  775                                   
    20.0-180.0 180.0   5.0 450.0                            LAT/LON1/LON2/DLON/H
  832  878  895  889  882  857  828  790  749  707  662  627  586  550  503  468
  434  406  368  334  296  278  276  306  356  416  467  502  525  532  531  517
  496  459  424  381  338  304  271  247  221  202  182  168  157  145  138  121
  114  101   95   88   87   90  103  116  144  176  213  264  303  348  389  436
  471  498  528  555  596  633  701  751  832                                   
    17.5-180.0 180.0   5.0 450.0                            LAT/LON1/LON2/DLON/H
  845  913  943  948  943  927  904  871  828  779  733  688  653  607  562  512
  472  432  391  347  317  308  327  376  443  504  549  573  579  570  549  523
  484  445  403  359  316  284  253  234  208  188  166  154  146  141  135  124
  118  105   99   89   88   90  108  129  164  205  240  287  326  369  411  454
  487  513  542  576  621  661  725  776  845                                   
    15.0-180.0 180.0   5.0 450.0                            LAT/LON1/LON2/DLON/H
  846  911  958  970  977  967  959  929  893  844  794  745  702  657  613  565
  515  470  420  382  355  365  399  465  531  581  606  604  593  559  522  477
  442  402  362  316  279  251  232  214  196  176  158  148  148  143  142  129
  122  111  100   92   87   92  113  145  188  233  269  314  353  394  433  469
  500  524  557  592  638  678  742  780  846                                   
    12.5-180.0 180.0   5.0 450.0                            LAT/LON1/LON2/DLON/H
  806  872  911  930  943  951  956  947  923  882  839  788  745  700  662  616
  573  520  470  431  418  435  484  546  595  616  610  584  545  492  438  396
  361  332  299  267  245  230  219  210  195  178  161  153  151  150  147  136
  129  115  106   95   91   97  125  165  209  253  292  334  374  416  448  483
  510  538  568  606  648  684  731  764  806                                   
    10.0-180.0 180.0   5.0 450.0                            LAT/LON1/LON2/DLON/H
  768  804  835  856  879  900  922  933  929  904  874  833  791  747  705  668
  628  583  534  503  495  522  566  613  634  619  583  524  463  395  343  302
  283  262  251  237  230  226  224  215  203  188  178  169  167  162  157  144
  133  124  108   98   91  103  134  178  225  267  311  352  397  435  470  499
  524  552  581  617  654  685  725  745  768                                   
     7.5-180.0 180.0   5.0 450.0                            LAT/LON1/LON2/DLON/H
  723  747  756  771  791  823  857  889  905  902  889  860  830  786  753  715
  685  645  608  577  576  594  626  642  630  579  508  433  360  302  261  240
