data/unet/pred0290.15i
     1.0            IONOSPHERE MAPS     GNSS                IONEX VERSION / TYPE
pyspatialgeodesy        IME             05-JAN-18 20:20     PGM / RUN BY / DATE 
Map Name                                                    COMMENT             
Predicted global ionosphere maps (GIM).                     DESCRIPTION         
  2015     1    29     0     0     0                        EPOCH OF FIRST MAP  
  2015     1    30     0     0     0                        EPOCH OF LAST MAP   
  7200                                                      INTERVAL            
    13                                                      # OF MAPS IN FILE   
  NONE                                                      MAPPING FUNCTION    
10.0                                                        ELEVATION CUTOFF    
One-way carrier phase leveled to code                       OBSERVABLES USED    
  6371.0                                                    BASE RADIUS         
 2                                                          MAP DIMENSION       
   450.0 450.0   0.0                                        HGT1 / HGT2 / DHGT  
    87.5 -87.5  -2.5                                        LAT1 / LAT2 / DLAT  
  -180.0 180.0   5.0                                        LON1 / LON2 / DLON  
    -1                                                      EXPONENT            
                                                            END OF HEADER       
[from data line 4290]
    11                                                      START OF TEC MAP    
  2015     1    29    20     0     0                        EPOCH OF CURRENT MAP
    87.5-180.0 180.0   5.0 450.0                            LAT/LON1/LON2/DLON/H
  122   91   72   77   76   77   77   80   80   83   83   87   86   90   89   94
   92   97   95   99   97  102   99  102  100  102  100  102   99  100   98   99
   96   96   94   94   91   92   88   89   86   87   84   85   83   83   82   82
   81   81   80   81   80   81   80   80   79   80   77   78   76   77   74   76
   73   75   72   73   72   73   69  118  122                                   
    85.0-180.0 180.0   5.0 450.0                            LAT/LON1/LON2/DLON/H
   54   51   53   58   60   60   63   64   69   70   76   76   82   82   88   88
   94   93   99   98  103  102  105  104  106  104  106  104  105  102  103  100
  101   97   97   94   95   91   91   88   89   85   87   84   86   83   85   83
   84   81   82   79   80   78   78   76   76   73   73   70   70   67   66   64
   63   61   60   57   58   53   54   86   54                                   
    82.5-180.0 180.0   5.0 450.0                            LAT/LON1/LON2/DLON/H
   36   38   37   40   41   43   46   51   56   62   68   74   80   85   90   93
   98  100  103  104  107  107  108  108  108  107  106  106  105  104  102  102
   99   98   95   94   91   89   86   84   82   80   78   77   76   75   75   74
   75   73   74   73   74   73   73   73   71   71   68   67   63   63   58   58
   53   53   48   47   43   40   39   58   36                                   
    80.0-180.0 180.0   5.0 450.0                            LAT/LON1/LON2/DLON/H
   29   22   23   26   29   30   39   43   54   59   71   75   86   89   99   99
  107  105  110  108  111  107  109  105  105  103  102  101  100   98   98   95
   94   91   90   86   85   81   80   75   75   70   71   67   68   65   67   64
   66   65   67   66   68   66   68   66   66   63   63   60   59   55   53   49
   47   43   41   35   34   30   25   41   29                                   
    77.5-180.0 180.0   5.0 450.0                            LAT/LON1/LON2/DLON/H
   19   19   17   20   24   27   35   44   55   65   76   86   95  102  109  113
  117  118  118  117  116  112  110  106  105  100  100   97   95   93   92   91
   89   88   85   83   80   78   75   71   68   64   63   60   59   57   58   58
   59   59   62   62   64   64   65   64   64   63   62   59   57   54   52   48
   45   41   39   34   30   26   23   30   19                                   
    75.0-180.0 180.0   5.0 450.0                            LAT/LON1/LON2/DLON/H
   23   23   24   28   32   37   48   56   70   80   93  103  113  124  130  135
  135  135  132  128  124  120  115  110  104  100   96   93   90   89   87   87
   84   85   82   81   77   76   72   69   65   63   59   58   55   55   54   54
   55   57   60   61   63   63   65   64   65   63   62   60   58   56   54   51
   48   46   43   39   36   31   30   37   23                                   
    72.5-180.0 180.0   5.0 450.0                            LAT/LON1/LON2/DLON/H
   33   38   39   42   47   52   62   72   85   96  110  124  136  147  153  156
  156  152  148  141  135  127  121  113  106   98   93   88   85   83   81   80
   78   77   76   75   72   71   68   65   62   60   56   55   52   52   50   50
   51   53   56   58   60   62   63   64   63   62   60   59   57   56   54   52
   51   50   48   46   44   41   41   43   33                                   
    70.0-180.0 180.0   5.0 450.0                            LAT/LON1/LON2/DLON/H
   52   55   60   63   68   73   84   93  107  119  135  148  161  171  177  178
  176  171  164  156  148  139  130  118  109   98   90   82   78   74   72   69
   68   66   65   65   63   62   59   59   56   56   53   53   50   50   47   48
   48   50   53   55   58   59   61   59   60   58   58   56   56   55   55   54
   55   54   55   53   54   52   54   57   52                                   
    67.5-180.0 180.0   5.0 450.0                            LAT/LON1/LON2/DLON/H
   68   74   77   82   87   92  102  111  125  138  153  167  179  191  196  198
  193  190  182  174  163  153  140  125  112   99   88   79   71   66   61   59
   55   53   51   51   50   50   49   49   48   48   46   46   44   44   42   43
   42   44   46   48   51   52   53   53   53   51   51   50   50   50   51   52
   53   54   55   56   58   59   63   65   68                                   
    65.0-180.0 180.0   5.0 450.0                            LAT/LON1/LON2/DLON/H
   82   85   93   99  105  112  123  132  144  158  173  187  200  210  216  218
  213  209  202  193  182  169  156  137  122  105   92   79   69   61   54   51
   45   43   39   37   35   35   36   37   38   39   38   40   38   39   36   37
   36   38   40   43   45   47   47   47   46   46   45   45   45   47   48   50
   51   53   55   55   59   61   69   74   82                                   
    62.5-180.0 180.0   5.0 450.0                            LAT/LON1/LON2/DLON/H
   83   90   98  108  116  124  133  144  156  170  183  198  210  222  227  231
  227  225  218  212  200  188  172  152  134  114  100   84   72   63   54   48
   41   37   33   29   26   26   25   27   29   30   32   32   32   31   29   29
   27   29   30   33   35   37   38   38   38   38   39   39   40   41   43   44
   44   45   47   47   51   55   65   72   83                                   
    60.0-180.0 180.0   5.0 450.0                            LAT/LON1/LON2/DLON/H
   83   86  101  114  124  135  147  158  171  184  197  212  223  233  239  243
  242  241  236  229  218  206  190  170  151  130  113   96   84   73   62   53
   45   38   33   27   23   20   20   22   25   28   29   31   30   30   25   25
   22   23   24   27   29   33   34   36   37   37   38   39   41   42   43   43
   42   42   42   42   45   48   60   70   83                                   
    57.5-180.0 180.0   5.0 450.0                            LAT/LON1/LON2/DLON/H
   76   83   96  112  126  139  152  164  178  190  205  218  231  240  246  251
  252  253  247  243  230  221  205  186  168  148  131  114  102   90   80   69
   58   49   42   34   28   23   22   22   26   27   31   31   32   28   25   21
   19   17   19   21   25   28   32   34   37   38   40   42   43   44   43   42
   40   36   36   33   36   40   52   64   76                                   
    55.0-180.0 180.0   5.0 450.0                            LAT/LON1/LON2/DLON/H
   75   81  101  119  135  151  168  180  195  207  220  231  240  247  252  257
  260  261  257  251  241  231  216  200  183  166  153  140  129  117  106   92
   81   67   58   48   42   34   32   30   34   36   39   41   40   38   32   28
   23   21   21   23   26   31   35   40   44   47   48   50   51   50   50   46
   44   40   38   34   37   39   53   64   75                                   
    52.5-180.0 180.0   5.0 450.0                            LAT/LON1/LON2/DLON/H
   76   86  102  124  144  162  180  195  212  226  238  246  252  255  260  262
  267  266  264  257  248  238  223  211  196  183  172  165  158  148  136  118
  103   88   77   66   58   50   46   43   46   47   51   52   53   49   45   38
   34   30   30   30   35   38   44   48   54   56   59   58   59   57   55   51
   48   43   42   38   40   43   56   68   76                                   
    50.0-180.0 180.0   5.0 450.0                            LAT/LON1/LON2/DLON/H
   87   97  120  141  162  183  203  220  237  249  258  263  265  267  269  271
  273  272  268  260  252  242  229  219  208  198  192  186  185  174  162  139
  121  104   93   83   77   69   65   62   62   63   66   68   69   67   62   57
   52   50   48   49   51   55   60   64   69   70   71   71   70   67   64   60
   57   53   52   50   54   57   70   82   87                                   
    47.5-180.0 180.0   5.0 450.0                            LAT/LON1/LON2/DLON/H
  102  115  133  157  180  203  224  243  258  270  277  281  282  281  282  280
  281  277  273  263  255  245  235  227  218  213  207  206  199  191  172  149
  127  110  100   93   89   84   80   77   76   77   79   81   83   82   79   74
   72   69   69   68   70   71   75   78   82   82   83   79   78   74   71   67
   65   62   63   62   68   73   84   99  102                                   
    45.0-180.0 180.0   5.0 450.0                            LAT/LON1/LON2/DLON/H
  120  134  158  179  202  224  247  265  278  289  294  298  297  296  294  291
  290  284  278  267  261  252  246  239  232  227  222  218  210  193  171  142
  121  106   97   95   93   93   91   90   87   87   90   92   95   95   94   92
   91   91   90   90   90   90   92   94   97   96   94   90   86   82   79   76
   74   73   74   77   85   92  106  119  120                                   
    42.5-180.0 180.0   5.0 450.0                            LAT/LON1/LON2/DLON/H
  137  152  171  195  218  243  263  282  294  306  310  316  313  314  308  306
  300  295  285  277  270  263  256  253  245  241  231  224  208  186  157  127
  107   96   91   91   96   98  100   97   95   94   96   99  102  103  104  103
  104  103  106  103  104  101  103  103  105  102  100   94   90   86   83   80
   78   77   80   85   95  105  117  134  137                                   
    40.0-180.0 180.0   5.0 450.0                            LAT/LON1/LON2/DLON/H
  148  164  186  207  230  253  273  291  305  317  322  327  326  325  320  316
  310  303  294  287  283  278  274  270  261  252  239  224  205  174  143  114
  100   90   91   94  102  107  109  107  103  102  102  104  107  108  109  109
  112  112  115  113  114  110  111  111  111  108  104  101   96   93   89   86
   83   82   83   86  100  111  128  145  148                                   
    37.5-180.0 180.0   5.0 450.0                            LAT/LON1/LON2/DLON/H
  153  169  188  212  234  258  277  297  311  326  331  339  338  339  331  328
  319  314  305  302  298  296  291  284  271  259  241  223  196  165  137  115
  105  101  106  111  119  122  123  118  113  109  108  109  110  110  110  109
  112  112  116  115  116  113  114  111  113  107  105  100   97   94   91   87
   83   79   79   81   93  110  128  150  153                                   
    35.0-180.0 180.0   5.0 450.0                            LAT/LON1/LON2/DLON/H
  155  173  195  217  239  260  282  300  318  332  341  349  350  349  344  338
  331  325  321  319  318  316  311  301  284  266  249  224  202  173  154  138
  136  138  143  148  147  148  140  137  126  124  118  121  120  117  115  111
  112  111  115  114  117  114  116  114  114  109  106  104  101  101   97   94
   87   81   76   75   88  104  128  151  155                                   
    32.5-180.0 180.0   5.0 450.0                            LAT/LON1/LON2/DLON/H
  158  175  193  218  238  262  282  303  320  338  348  358  359  361  352  348
  340  338  335  337  336  337  328  315  295  277  258  239  222  201  193  184
  196  198  208  201  194  182  170  160  147  140  134  134  131  125  117  110
  106  104  107  108  113  114  117  115  115  110  109  107  105  104  101   96
   88   79   72   69   79   99  125  152  158                                   
    30.0-180.0 180.0   5.0 450.0                            LAT/LON1/LON2/DLON/H
  167  186  204  227  247  270  288  306  323  339  352  361  366  364  358  353
  349  347  347  349  352  349  340  323  304  287  279  269  266  260  265  274
  292  294  295  275  255  228  202  190  170  166  156  156  149  144  132  122
  113  108  107  109  113  117  120  120  120  116  115  114  112  111  107  103
   94   87   78   75   84  103  132  161  167                                   
    27.5-180.0 180.0   5.0 450.0                            LAT/LON1/LON2/DLON/H
  185  201  213  239  259  280  293  311  326  343  355  365  367  367  359  356
  354  355  357  361  362  359  345  328  312  308  311  317  333  342  369  381
  405  408  399  362  325  279  242  219  200  189  181  178  172  163  148  134
  119  112  106  108  112  117  121  122  120  118  117  118  116  115  110  105
   98   89   84   80   91  112  145  182  185                                   
    25.0-180.0 180.0   5.0 450.0                            LAT/LON1/LON2/DLON/H
  214  227  243  268  283  303  311  325  336  350  361  371  372  371  364  362
  361  362  364  368  369  363  349  334  329  335  361  380  414  436  453  470
  488  491  473  438  387  333  281  254  227  217  203  199  190  183  166  154
  136  129  121  121  123  128  131  129  124  119  118  118  118  116  113  109
  106  102   99   97  109  131  166  201  214                                   
    22.5-180.0 180.0   5.0 450.0                            LAT/LON1/LON2/DLON/H
  243  260  272  298  310  328  334  344  353  363  373  381  381  381  374  372
  371  371  371  374  374  366  354  349  357  382  417  457  489  512  545  571
  586  571  534  487  433  373  314  274  246  232  220  213  206  196  185  170
  157  145  138  135  137  141  141  136  126  119  114  114  111  110  109  108
  109  109  112  113  127  153  191  232  243                                   
    20.0-180.0 180.0   5.0 450.0                            LAT/LON1/LON2/DLON/H
  271  288  311  332  344  359  361  368  372  382  384  396  395  400  395  395
  392  388  383  384  383  376  370  376  398  440  491  524  559  593  619  647
  643  624  572  515  458  391  328  288  255  240  226  222  214  212  199  191
  177  172  163  163  161  165  159  153  137  127  117  115  110  106  105  108
  113  120  127  136  151  173  216  257  271                                   
    17.5-180.0 180.0   5.0 450.0                            LAT/LON1/LON2/DLON/H
  284  311  332  362  376  389  393  395  397  401  407  416  421  424  420  423
  420  412  403  400  398  393  397  414  450  505  552  600  631  658  676  684
  670  643  592  528  455  383  322  281  255  238  228  220  217  213  212  203
  197  189  184  178  178  177  174  164  148  134  123  117  108  102   99  102
  111  121  132  143  162  189  232  278  284                                   
    15.0-180.0 180.0   5.0 450.0                            LAT/LON1/LON2/DLON/H
  296  322  357  391  413  430  428  426  426  431  438  450  462  468  467  467
  465  454  441  434  430  428  439  469  513  560  613  647  668  672  682  669
  649  613  563  496  418  346  296  266  248  234  225  219  216  218  217  218
  211  205  199  193  191  189  186  176  159  144  130  123  112  103   98  102
  111  123  135  148  168  192  237  284  296                                   
    12.5-180.0 180.0   5.0 450.0                            LAT/LON1/LON2/DLON/H
  288  330  365  406  434  457  461  459  462  468  479  492  510  516  521  516
  516  502  489  473  470  470  489  523  569  620  662  685  686  679  659  630
  593  553  496  431  358  303  272  254  243  232  224  216  211  213  218  222
  221  219  214  208  202  199  194  182  165  150  135  126  113  104   99  100
  110  121  131  145  166  199  240  291  288                                   
    10.0-180.0 180.0   5.0 450.0                            LAT/LON1/LON2/DLON/H
  289  328  372  413  451  481  489  493  496  512  524  547  565  576  580  576
  575  560  547  528  523  522  544  579  621  662  689  688  684  648  616  573
  533  486  433  373  322  285  269  257  253  243  234  222  214  213  218  224
  225  225  224  217  214  207  201  188  174  157  144  131  120  109  105  105
  112  120  128  139  163  190  235  286  289                                   
     7.5-180.0 180.0   5.0 450.0                            LAT/LON1/LON2/DLON/H
  283  331  376  421  460  497  510  519  530  553  565  591  608  622  629  628
  630  616  607  583  581  578  600  622  655  682  686  680  645  606  555  519
