data/unet/pred3020.15i
     1.0            IONOSPHERE MAPS     GNSS                IONEX VERSION / TYPE
pyspatialgeodesy        IME             05-JAN-18 20:20     PGM / RUN BY / DATE 
Map Name                                                    COMMENT             
Predicted global ionosphere maps (GIM).                     DESCRIPTION         
  2015    10    29     0     0     0                        EPOCH OF FIRST MAP  
  2015    10    30     0     0     0                        EPOCH OF LAST MAP   
  7200                                                      INTERVAL            
    13                                                      # OF MAPS IN FILE   
  NONE                                                      MAPPING FUNCTION    
10.0                                                        ELEVATION CUTOFF    
One-way carrier phase leveled to code                       OBSERVABLES USED    
  6371.0                                                    BASE RADIUS         
 2                                                          MAP DIMENSION       
   450.0 450.0   0.0                                        HGT1 / HGT2 / DHGT  
    87.5 -87.5  -2.5                                        LAT1 / LAT2 / DLAT  
  -180.0 180.0   5.0                                        LON1 / LON2 / DLON  
    -1                                                      EXPONENT            
                                                            END OF HEADER       
[from data line 4719]
    12                                                      START OF TEC MAP    
  2015    10    29    22     0     0                        EPOCH OF CURRENT MAP
    87.5-180.0 180.0   5.0 450.0                            LAT/LON1/LON2/DLON/H
  157  113   97  100  100  100  102  102  104  105  107  107  108  108  109  108
  109  107  107  105  104  102  100   98   96   94   93   91   89   88   86   85
   84   82   81   80   79   78   78   77   77   77   77   77   78   78   79   79
   81   81   82   82   84   85   86   86   87   87   88   88   89   89   90   89
   91   91   92   92   95   94   97  135  157                                   
    85.0-180.0 180.0   5.0 450.0                            LAT/LON1/LON2/DLON/H
  105   96   96  100  102  101  104  105  108  109  111  112  114  114  115  115
  115  113  112  109  107  103  101   96   94   90   88   84   82   79   77   74
   73   70   69   67   66   65   65   65   65   65   65   66   68   69   70   72
   74   76   77   79   81   82   83   84   85   86   86   85   86   86   86   85
   86   86   88   87   91   91   92  115  105                                   
    82.5-180.0 180.0   5.0 450.0                            LAT/LON1/LON2/DLON/H
   98   96   97  104  103  107  109  115  117  121  123  128  128  131  131  133
  130  130  126  125  120  116  110  105  100   94   91   85   82   77   76   71
   70   65   66   62   63   59   61   58   61   59   62   62   65   65   69   70
   74   75   79   80   83   84   86   86   88   87   87   85   86   84   84   83
   83   83   83   84   85   85   87  104   98                                   
    80.0-180.0 180.0   5.0 450.0                            LAT/LON1/LON2/DLON/H
  101   98   96  104  103  110  112  120  122  130  133  139  141  146  146  148
  146  145  141  137  130  124  116  109  101   94   87   82   78   73   70   67
   64   61   58   56   54   52   51   50   51   51   51   53   55   57   59   63
   65   68   71   73   77   78   80   81   82   82   81   81   80   79   77   77
   76   77   76   79   78   82   79   98  101                                   
    77.5-180.0 180.0   5.0 450.0                            LAT/LON1/LON2/DLON/H
  102   99   98  104  105  109  115  121  129  134  142  147  153  155  158  158
  157  152  149  141  135  125  117  106   99   89   85   78   75   71   69   66
   64   61   58   56   53   51   49   48   46   46   47   48   49   52   54   57
   59   63   65   68   70   72   73   74   74   74   73   72   71   69   69   68
   68   68   70   71   73   74   77   95  102                                   
    75.0-180.0 180.0   5.0 450.0                            LAT/LON1/LON2/DLON/H
  108  106  106  112  113  120  125  132  138  145  153  159  165  168  170  169
  166  161  153  146  136  126  114  105   94   87   80   77   73   72   70   70
   66   65   61   59   55   52   48   47   44   44   43   45   46   49   51   54
   55   58   60   62   63   65   65   65   65   64   62   61   59   58   57   57
   59   61   65   68   72   76   82  103  108                                   
    72.5-180.0 180.0   5.0 450.0                            LAT/LON1/LON2/DLON/H
  122  121  119  125  129  131  138  142  150  155  164  170  175  177  178  176
  171  164  156  146  135  123  112  100   91   82   78   74   74   72   73   71
   72   69   67   63   59   54   50   47   45   44   42   44   44   47   48   51
   52   54   54   55   55   56   55   55   54   53   51   49   48   47   47   48
   50   55   61   67   75   83   90  113  122                                   
    70.0-180.0 180.0   5.0 450.0                            LAT/LON1/LON2/DLON/H
  139  138  138  143  146  148  153  157  163  168  175  181  186  186  186  182
  177  168  158  147  134  121  108   97   87   80   74   73   71   73   72   74
   72   72   67   64   59   53   48   45   42   41   40   42   43   46   47   48
   48   48   48   47   46   45   44   44   43   42   40   39   38   38   38   41
   46   52   62   71   81   93  104  129  139                                   
    67.5-180.0 180.0   5.0 450.0                            LAT/LON1/LON2/DLON/H
  158  157  157  162  164  165  169  171  175  178  185  189  192  192  191  186
  179  169  159  147  134  120  108   96   86   78   74   70   71   70   73   72
   73   70   67   62   58   51   46   42   40   39   39   41   42   44   44   45
   43   43   40   39   36   35   34   34   32   32   30   31   31   32   34   38
   44   53   62   76   91  106  115  143  158                                   
    65.0-180.0 180.0   5.0 450.0                            LAT/LON1/LON2/DLON/H
  173  171  175  179  182  180  184  183  186  188  193  196  198  197  195  190
  182  173  162  151  137  124  111   98   86   78   71   69   67   69   68   71
   67   66   60   57   50   45   39   37   34   37   36   40   41   43   42   42
   38   36   31   29   25   25   23   24   24   25   24   26   27   30   33   39
   46   56   68   83   99  115  128  156  173                                   
    62.5-180.0 180.0   5.0 450.0                            LAT/LON1/LON2/DLON/H
  183  182  185  192  194  194  194  194  194  197  198  200  200  199  196  191
  184  176  167  156  144  130  117  102   91   79   73   67   67   64   66   64
   64   58   55   48   45   38   35   32   32   33   36   38   40   41   40   38
   34   30   25   22   19   18   17   19   20   22   22   25   27   32   36   43
   51   62   73   90  107  123  133  163  183                                   
    60.0-180.0 180.0   5.0 450.0                            LAT/LON1/LON2/DLON/H
  187  185  194  200  203  202  202  201  200  200  200  202  201  201  197  194
  188  182  173  165  153  140  124  108   94   82   72   68   65   65   63   63
   58   55   47   44   37   34   29   31   30   35   35   41   41   43   39   39
   31   29   21   20   15   16   15   19   20   24   24   29   30   37   42   51
   59   71   82   96  110  125  137  165  187                                   
    57.5-180.0 180.0   5.0 450.0                            LAT/LON1/LON2/DLON/H
  187  188  195  204  208  210  209  208  205  204  201  201  200  199  198  197
  193  188  182  174  163  149  133  115  100   85   78   69   69   65   66   61
   59   51   48   41   38   34   33   33   36   38   41   43   45   45   42   39
   34   30   25   22   20   20   22   25   28   31   32   36   39   45   52   61
   70   81   92  104  116  128  137  164  187                                   
    55.0-180.0 180.0   5.0 450.0                            LAT/LON1/LON2/DLON/H
  188  190  201  212  217  219  218  217  212  210  205  205  203  203  202  204
  200  198  190  184  170  157  139  121  105   90   81   76   74   72   69   67
   61   56   48   46   40   40   38   42   42   48   48   52   50   52   46   46
   38   37   31   32   28   32   31   38   38   43   42   46   48   55   62   73
   82   94  103  113  121  131  141  165  188                                   
    52.5-180.0 180.0   5.0 450.0                            LAT/LON1/LON2/DLON/H
  194  197  208  222  229  232  232  229  223  218  210  207  205  205  206  208
  208  205  199  189  176  162  145  127  112   98   91   84   84   79   79   72
   68   60   56   51   51   49   51   52   55   57   60   61   61   59   56   53
   49   47   45   44   45   47   50   53   56   57   57   57   60   65   75   85
   97  108  117  125  132  140  147  171  194                                   
    50.0-180.0 180.0   5.0 450.0                            LAT/LON1/LON2/DLON/H
  203  208  223  238  246  250  248  246  236  229  217  216  211  213  214  218
  216  214  204  195  179  165  148  131  118  105   98   95   93   89   84   80
   73   69   62   63   60   63   62   66   65   69   69   72   70   71   66   66
   61   63   59   62   61   66   67   72   72   73   70   70   71   77   85   97
  109  122  130  138  144  151  160  182  203                                   
    47.5-180.0 180.0   5.0 450.0                            LAT/LON1/LON2/DLON/H
  216  224  238  253  262  266  264  261  252  242  231  224  220  220  222  223
  223  217  208  195  181  167  151  136  126  114  109  103  102   95   91   82
   78   71   70   69   72   73   76   76   77   78   79   80   81   80   78   77
   76   76   77   79   82   84   87   89   90   88   85   82   83   87   97  108
  122  135  145  154  161  168  175  197  216                                   
    45.0-180.0 180.0   5.0 450.0                            LAT/LON1/LON2/DLON/H
  230  241  257  270  277  279  278  276  268  260  246  239  231  231  229  233
  228  223  210  199  184  171  156  143  132  122  115  108  104   96   88   83
   76   75   72   77   78   83   83   85   83   85   85   87   87   88   86   88
   87   90   91   94   95   98  101  102  103  100   95   91   91   96  105  117
  130  145  156  166  176  184  194  214  230                                   
    42.5-180.0 180.0   5.0 450.0                            LAT/LON1/LON2/DLON/H
  241  253  266  277  282  285  286  285  281  274  264  254  248  244  243  241
  236  225  213  199  188  175  164  151  140  128  119  109  101   91   83   74
   71   67   72   76   84   86   89   88   88   88   90   91   92   93   94   95
   96   98  100  103  104  106  109  110  110  107  103   99   99  103  113  124
  139  152  165  177  190  200  207  229  241                                   
    40.0-180.0 180.0   5.0 450.0                            LAT/LON1/LON2/DLON/H
  248  260  273  278  282  285  287  289  288  285  276  270  261  259  253  254
  243  234  219  208  196  186  174  160  147  131  119  105   95   83   74   70
   66   69   72   82   86   92   92   93   90   91   92   94   96   98   98  100
  100  102  103  105  106  107  109  112  112  110  106  104  104  110  119  131
  144  157  169  182  196  208  217  239  248                                   
    37.5-180.0 180.0   5.0 450.0                            LAT/LON1/LON2/DLON/H
  248  261  268  274  275  278  280  284  289  290  286  281  277  272  269  264
  255  243  230  218  207  195  183  166  151  133  116  100   89   76   70   65
   67   70   80   87   96   97   99   96   94   93   95   97   99  101  101  101
  102  102  103  103  103  104  107  110  111  110  107  107  109  116  126  137
  150  160  171  184  198  212  220  244  248                                   
    35.0-180.0 180.0   5.0 450.0                            LAT/LON1/LON2/DLON/H
  248  261  269  270  270  270  273  278  286  291  290  292  288  288  281  280
  267  258  244  235  223  209  192  172  152  132  114   98   87   78   76   77
   83   92  101  110  112  113  107  104   99  100  101  103  104  105  104  104
  102  102  101  101  101  102  104  107  108  107  105  107  111  121  133  146
  155  164  172  184  198  213  223  246  248                                   
    32.5-180.0 180.0   5.0 450.0                            LAT/LON1/LON2/DLON/H
  251  264  271  272  269  265  266  269  280  288  293  296  299  298  296  292
  283  272  261  248  236  217  196  172  151  131  116  104   98   96  101  108
  119  127  134  136  136  131  123  114  109  107  107  108  108  106  104  101
   99   96   95   95   96   98  100  103  102  102  101  105  114  127  142  154
  163  169  176  185  198  213  223  248  251                                   
    30.0-180.0 180.0   5.0 450.0                            LAT/LON1/LON2/DLON/H
  260  275  286  285  278  272  266  268  275  284  291  300  304  306  304  303
  293  286  273  261  245  223  196  172  151  134  125  120  124  130  143  153
  162  162  160  158  156  151  140  128  120  117  116  116  115  113  109  104
   99   95   92   92   94   98  101  103  102  100  100  105  116  132  150  162
  170  177  183  191  203  220  231  256  260                                   
    27.5-180.0 180.0   5.0 450.0                            LAT/LON1/LON2/DLON/H
  282  300  315  318  311  298  287  280  283  288  295  302  310  311  311  309
  303  293  281  264  246  219  192  168  153  144  146  154  168  183  198  203
  205  199  191  180  170  166  157  145  134  129  124  123  120  117  112  105
   99   93   89   87   89   93   98   98   98   95   95  100  113  133  153  168
  177  185  193  203  214  231  241  269  282                                   
    25.0-180.0 180.0   5.0 450.0                            LAT/LON1/LON2/DLON/H
  315  340  359  363  357  343  326  314  306  306  306  314  316  319  316  316
  307  300  284  267  243  215  189  171  162  163  176  196  218  234  247  246
  241  231  217  200  182  171  166  156  150  143  138  133  129  123  119  110
  103   93   89   86   89   92   96   95   94   91   92  100  114  132  155  173
  183  194  205  217  228  249  265  292  315                                   
    22.5-180.0 180.0   5.0 450.0                            LAT/LON1/LON2/DLON/H
  357  384  405  416  412  397  378  360  346  339  333  332  331  328  324  320
  312  302  285  262  236  208  189  179  181  195  221  250  275  289  293  288
  276  256  232  210  185  173  165  159  156  153  148  146  138  133  125  118
  110   99   93   88   90   92   96   94   93   90   91  100  115  135  158  176
  192  206  220  235  249  270  289  320  357                                   
    20.0-180.0 180.0   5.0 450.0                            LAT/LON1/LON2/DLON/H
  395  429  449  462  463  453  434  418  396  383  367  362  349  345  334  328
  315  306  285  263  235  212  197  197  210  236  268  301  321  329  326  309
  288  257  229  200  174  159  156  152  156  155  156  152  147  140  134  126
  118  107   99   95   92   95   96   96   92   89   87   95  109  133  156  179
  198  218  236  256  272  296  322  351  395                                   
    17.5-180.0 180.0   5.0 450.0                            LAT/LON1/LON2/DLON/H
  429  462  486  505  512  507  492  475  454  433  412  398  382  369  353  343
  327  313  293  270  246  229  225  235  258  290  319  345  360  361  344  316
  282  248  216  185  159  146  144  148  154  161  162  164  157  154  144  137
  126  115  105   99   98   98   98   99   95   90   88   95  109  131  156  183
  204  230  253  277  295  318  346  381  429                                   
    15.0-180.0 180.0   5.0 450.0                            LAT/LON1/LON2/DLON/H
  455  489  515  539  556  560  549  536  515  492  465  448  425  408  382  366
  347  330  310  291  273  266  270  289  312  337  359  373  380  363  331  288
  252  213  188  158  138  130  136  145  158  166  171  172  168  161  153  143
  132  121  111  105  102   99  101  101  101   97   94  100  111  134  158  184
  208  236  264  290  310  339  372  405  455                                   
    12.5-180.0 180.0   5.0 450.0                            LAT/LON1/LON2/DLON/H
  468  502  529  561  584  596  591  582  567  549  520  499  471  450  420  399
  378  360  343  327  319  320  333  352  370  383  388  388  372  341  293  249
  209  180  160  138  125  126  135  151  163  175  179  182  175  170  160  150
  136  125  114  106  100   96   98   97  100   97   98  104  116  140  165  191
  215  245  273  299  319  350  386  423  468                                   
    10.0-180.0 180.0   5.0 450.0                            LAT/LON1/LON2/DLON/H
  474  501  528  559  592  611  613  613  605  593  567  547  515  492  460  437
  414  395  382  372  373  383  397  411  414  408  396  374  339  289  238  193
  164  144  137  128  127  135  152  169  180  187  189  186  182  173  164  151
  138  124  113  102   96   93   94   97  102  102  105  113  126  151  175  198
  222  249  276  298  321  356  395  429  474                                   
     7.5-180.0 180.0   5.0 450.0                            LAT/LON1/LON2/DLON/H
  469  493  511  545  579  606  619  627  627  622  599  583  550  528  497  473
  453  437  430  425  432  443  454  456  445  423  389  347  292  242  191  158
