data/unet/pred1960.15i
     1.0            IONOSPHERE MAPS     GNSS                IONEX VERSION / TYPE
pyspatialgeodesy        IME             05-JAN-18 20:20     PGM / RUN BY / DATE 
Map Name                                                    COMMENT             
Predicted global ionosphere maps (GIM).                     DESCRIPTION         
  2015     7    15     0     0     0                        EPOCH OF FIRST MAP  
  2015     7    16     0     0     0                        EPOCH OF LAST MAP   
  7200                                                      INTERVAL            
    13                                                      # OF MAPS IN FILE   
  NONE                                                      MAPPING FUNCTION    
10.0                                                        ELEVATION CUTOFF    
One-way carrier phase leveled to code                       OBSERVABLES USED    
  6371.0                                                    BASE RADIUS         
 2                                                          MAP DIMENSION       
   450.0 450.0   0.0                                        HGT1 / HGT2 / DHGT  
    87.5 -87.5  -2.5                                        LAT1 / LAT2 / DLAT  
  -180.0 180.0   5.0                                        LON1 / LON2 / DLON  
    -1                                                      EXPONENT            
                                                            END OF HEADER       
[from data line 3003]
     8                                                      START OF TEC MAP    
  2015     7    15    14     0     0                        EPOCH OF CURRENT MAP
    87.5-180.0 180.0   5.0 450.0                            LAT/LON1/LON2/DLON/H
  137  150  156  155  152  152  150  150  150  150  149  149  149  149  149  148
  149  148  148  147  147  146  146  145  145  144  143  143  142  141  140  140
  139  139  138  139  138  139  138  139  139  141  140  142  142  145  145  147
  147  149  149  151  152  153  154  155  157  157  158  158  159  159  159  159
  159  159  160  160  158  159  167  147  137                                   
    85.0-180.0 180.0   5.0 450.0                            LAT/LON1/LON2/DLON/H
  141  144  139  140  142  139  141  138  141  138  140  139  141  140  141  140
  141  140  141  140  141  140  140  139  140  138  138  136  136  134  133  131
  132  129  130  127  129  126  128  126  129  127  130  128  133  132  136  135
  140  139  143  143  146  147  149  150  153  153  154  154  156  154  155  153
  154  153  154  151  151  148  151  150  141                                   
    82.5-180.0 180.0   5.0 450.0                            LAT/LON1/LON2/DLON/H
  149  134  141  139  140  137  139  137  139  139  141  141  143  143  144  145
  145  145  145  146  145  145  145  145  144  143  142  142  140  140  137  137
  133  133  129  129  126  126  124  124  123  124  125  127  128  132  133  137
  139  142  144  147  149  152  153  155  156  158  158  158  159  157  158  155
  156  153  154  151  150  145  151  134  149                                   
    80.0-180.0 180.0   5.0 450.0                            LAT/LON1/LON2/DLON/H
  140  132  131  135  135  133  135  135  137  138  141  142  144  145  146  147
  147  148  147  148  147  148  147  148  147  146  146  145  145  143  142  140
  138  135  133  130  127  124  122  121  119  119  120  122  124  127  131  135
  138  142  145  149  152  155  156  159  159  161  160  161  159  158  157  154
  153  149  148  145  143  139  136  133  140                                   
    77.5-180.0 180.0   5.0 450.0                            LAT/LON1/LON2/DLON/H
  132  122  123  125  127  126  130  130  134  134  139  139  143  143  145  146
  147  146  147  147  147  146  147  146  146  145  146  146  147  146  146  145
  142  139  136  132  128  124  121  118  117  116  117  119  121  125  128  133
  135  141  143  149  149  154  154  158  157  159  157  158  155  154  151  149
  146  143  140  137  135  130  130  121  132                                   
    75.0-180.0 180.0   5.0 450.0                            LAT/LON1/LON2/DLON/H
  126  117  117  122  125  126  129  129  133  134  139  139  144  143  147  146
  149  147  149  146  148  145  146  144  145  145  146  147  149  150  150  150
  147  145  141  137  132  128  123  120  118  118  118  120  122  127  130  134
  137  141  144  147  150  153  156  157  158  159  159  158  156  154  151  148
  144  142  139  134  132  128  124  122  126                                   
    72.5-180.0 180.0   5.0 450.0                            LAT/LON1/LON2/DLON/H
  123  116  117  120  122  123  125  127  131  132  136  138  142  143  145  145
  147  145  146  144  145  142  142  141  142  141  143  145  148  150  152  152
  152  149  146  141  136  131  126  124  120  122  122  124  126  130  132  136
  137  142  143  146  147  151  150  154  152  155  153  154  151  150  146  144
  140  138  136  133  130  126  126  119  123                                   
    70.0-180.0 180.0   5.0 450.0                            LAT/LON1/LON2/DLON/H
  122  116  116  120  123  123  126  128  131  133  136  139  142  143  146  145
  147  145  145  143  143  140  140  138  138  138  139  141  145  149  151  153
  154  152  149  145  141  137  132  130  128  129  131  133  136  138  140  141
  143  144  146  147  148  150  151  152  152  152  153  152  152  150  148  144
  142  140  138  134  133  128  126  125  122                                   
    67.5-180.0 180.0   5.0 450.0                            LAT/LON1/LON2/DLON/H
  122  117  117  121  121  122  123  125  128  130  133  136  139  140  143  143
  144  142  141  140  140  137  137  135  136  135  136  138  142  145  149  151
  153  152  150  146  143  139  136  135  135  139  140  144  145  148  148  149
  147  149  147  149  147  150  149  152  150  153  152  154  152  152  149  147
  143  143  139  137  134  130  130  125  122                                   
    65.0-180.0 180.0   5.0 450.0                            LAT/LON1/LON2/DLON/H
  121  117  115  119  120  120  122  122  126  127  131  133  137  138  140  140
  141  139  139  137  137  135  135  132  132  131  132  133  137  140  145  147
  151  149  149  145  144  140  139  139  141  144  149  150  154  153  154  152
  151  151  150  150  149  151  152  153  155  156  157  156  157  155  154  151
  149  147  144  139  137  132  129  132  121                                   
    62.5-180.0 180.0   5.0 450.0                            LAT/LON1/LON2/DLON/H
  118  113  111  113  113  115  116  118  121  123  126  129  132  134  136  136
  137  136  135  135  135  135  134  133  132  131  131  133  135  139  141  146
  148  149  148  146  143  143  140  144  145  152  153  159  157  159  156  155
  152  154  152  153  152  155  155  158  159  163  162  164  161  161  158  156
  151  150  145  142  137  131  129  128  118                                   
    60.0-180.0 180.0   5.0 450.0                            LAT/LON1/LON2/DLON/H
  116  108  103  105  107  108  111  112  117  118  122  124  128  130  132  133
  134  132  133  132  133  132  132  132  132  132  130  132  133  137  140  144
  147  148  148  147  146  144  145  147  151  155  161  162  165  162  161  158
  157  157  157  159  159  162  164  165  168  170  171  171  170  167  165  160
  156  152  148  142  137  127  123  129  116                                   
    57.5-180.0 180.0   5.0 450.0                            LAT/LON1/LON2/DLON/H
  113  102   95   96   98  101  104  107  111  114  118  123  126  128  130  132
  132  131  131  132  133  134  135  136  137  137  136  138  139  142  143  147
  149  151  151  151  149  149  149  153  155  162  164  169  167  167  164  163
  161  164  164  167  167  171  171  175  175  178  177  177  174  172  168  164
  157  153  145  140  132  122  117  121  113                                   
    55.0-180.0 180.0   5.0 450.0                            LAT/LON1/LON2/DLON/H
  110   95   86   88   91   93   97  100  105  107  113  116  122  123  126  127
  128  127  126  127  128  132  134  137  139  142  140  143  142  146  147  151
  152  155  154  156  154  155  154  158  160  167  171  174  173  171  169  167
  167  170  171  175  176  179  180  181  183  183  183  181  178  175  171  164
  158  151  143  136  128  117  110  119  110                                   
    52.5-180.0 180.0   5.0 450.0                            LAT/LON1/LON2/DLON/H
  108   93   84   85   86   90   94   98  101  106  110  117  120  126  126  129
  128  128  126  129  130  135  138  144  146  148  148  151  151  153  155  156
  159  160  161  162  161  162  162  166  168  176  177  182  178  178  174  175
  174  179  180  183  183  187  185  189  187  188  185  185  180  177  171  166
  157  150  139  132  123  109  107  108  108                                   
    50.0-180.0 180.0   5.0 450.0                            LAT/LON1/LON2/DLON/H
  110   90   81   82   85   88   93   95  100  102  107  111  116  119  123  123
  125  125  125  126  129  134  138  145  147  153  152  156  155  159  159  162
  162  167  167  169  168  170  171  174  177  182  184  187  186  185  182  183
  185  188  190  191  191  191  191  191  189  188  186  183  180  177  172  166
  159  150  141  131  123  110  106  109  110                                   
    47.5-180.0 180.0   5.0 450.0                            LAT/LON1/LON2/DLON/H
  112   95   85   85   85   89   93   97  100  104  107  113  116  124  124  130
  129  132  131  135  135  141  143  151  153  158  158  161  162  164  166  167
  170  172  175  176  178  180  182  186  187  194  194  199  196  197  194  196
  196  200  201  202  200  200  197  197  191  191  185  184  178  176  171  167
  160  151  141  133  123  112  110  107  112                                   
    45.0-180.0 180.0   5.0 450.0                            LAT/LON1/LON2/DLON/H
  117   99   87   88   88   90   95   98  103  105  109  112  117  120  124  126
  130  131  134  136  139  143  146  152  153  159  159  164  164  169  169  174
  176  180  182  185  189  192  195  198  200  204  206  208  207  208  206  207
  208  208  209  208  206  205  200  199  192  190  184  181  178  176  174  170
  166  157  149  140  132  122  119  116  117                                   
    42.5-180.0 180.0   5.0 450.0                            LAT/LON1/LON2/DLON/H
  122  108   96   93   91   92   95  102  105  110  113  120  121  127  128  137
  138  144  145  149  150  153  154  158  159  163  164  168  171  173  178  180
  184  188  193  198  202  208  210  215  214  220  220  223  221  222  221  221
  220  220  219  217  213  212  207  205  196  193  185  184  180  181  176  177
  171  166  157  150  140  133  133  122  122                                   
    40.0-180.0 180.0   5.0 450.0                            LAT/LON1/LON2/DLON/H
  130  117  101   99   95   94   98  102  108  114  119  124  128  130  135  140
  145  148  152  155  155  158  157  162  161  168  167  174  176  183  186  190
  194  199  206  212  220  227  231  234  233  235  233  235  234  234  234  233
  233  230  230  224  222  217  214  210  203  198  190  188  184  185  183  186
  184  178  171  162  155  146  142  133  130                                   
    37.5-180.0 180.0   5.0 450.0                            LAT/LON1/LON2/DLON/H
  134  122  109  102   96   95   97  104  108  118  122  131  134  141  143  154
  155  163  163  168  166  167  167  169  169  173  175  182  188  194  200  205
  210  218  226  238  247  258  261  262  260  259  255  255  252  251  249  247
  245  244  242  238  233  229  225  220  212  206  199  196  193  193  192  196
  194  192  182  174  165  157  155  140  134                                   
    35.0-180.0 180.0   5.0 450.0                            LAT/LON1/LON2/DLON/H
  143  129  109  107   98   97   98  103  109  119  126  136  142  148  154  161
  164  170  170  174  172  174  172  176  175  182  183  194  199  209  215  222
  230  243  255  273  282  292  293  293  287  284  275  273  267  266  262  262
  261  260  258  253  247  242  237  230  224  216  209  206  202  203  199  205
  202  202  193  186  178  167  161  151  143                                   
    32.5-180.0 180.0   5.0 450.0                            LAT/LON1/LON2/DLON/H
  146  131  114  107   98   94   94  100  106  118  126  139  146  157  163  173
  175  182  181  185  182  183  182  185  186  190  196  208  217  229  236  249
  257  278  291  310  319  328  327  326  319  312  302  296  288  285  280  279
  276  278  274  270  261  255  247  240  232  225  218  215  213  212  210  213
  212  212  201  197  186  176  171  158  146                                   
    30.0-180.0 180.0   5.0 450.0                            LAT/LON1/LON2/DLON/H
  155  137  115  111  101   95   94   97  103  114  125  139  149  163  173  181
  185  190  191  191  190  190  190  194  195  201  208  222  235  250  264  281
  295  314  330  347  356  362  360  357  344  336  321  317  306  305  297  299
  297  299  294  289  278  268  256  246  237  227  222  220  219  218  215  218
  216  216  208  202  194  183  174  165  155                                   
    27.5-180.0 180.0   5.0 450.0                            LAT/LON1/LON2/DLON/H
  157  142  123  115  105   97   96   96   99  110  120  138  148  167  177  192
  194  199  197  199  196  198  197  202  204  213  223  240  255  278  293  314
  327  347  362  377  386  392  390  383  370  357  343  336  328  325  319  320
  317  320  312  307  291  282  264  253  236  229  221  222  221  220  218  218
  216  217  209  204  194  183  176  168  157                                   
    25.0-180.0 180.0   5.0 450.0                            LAT/LON1/LON2/DLON/H
  165  148  131  126  113  106   99   98   98  105  116  132  148  167  183  194
  200  205  205  206  204  206  204  210  213  224  237  256  280  301  323  339
  355  372  390  402  410  414  408  399  381  368  350  346  339  341  336  340
  337  339  331  324  306  295  275  260  238  224  216  214  218  217  218  215
  214  213  208  203  195  186  177  173  165                                   
    22.5-180.0 180.0   5.0 450.0                            LAT/LON1/LON2/DLON/H
  162  153  139  132  122  111  105  101  100  105  111  129  143  168  182  201
  205  211  210  212  209  210  209  216  222  236  252  276  299  325  342  362
  376  395  409  422  426  425  417  404  388  375  359  356  352  356  352  357
  354  356  346  339  322  306  280  265  243  229  210  212  208  213  210  210
  204  205  198  196  188  180  175  169  162                                   
    20.0-180.0 180.0   5.0 450.0                            LAT/LON1/LON2/DLON/H
  165  158  145  140  127  121  111  109  105  107  113  124  142  165  185  200
  208  213  216  219  216  217  216  222  232  246  268  290  318  338  356  372
  387  403  416  425  429  420  415  400  395  378  374  367  371  371  373  373
  371  370  360  351  328  307  277  257  232  217  204  198  198  198  201  197
  197  191  190  185  182  177  173  167  165                                   
    17.5-180.0 180.0   5.0 450.0                            LAT/LON1/LON2/DLON/H
  159  161  149  141  131  123  116  112  110  110  112  124  137  165  183  208
  212  220  221  225  222  223  222  232  241  260  280  307  332  356  370  387
  399  416  426  433  438  428  426  416  412  400  395  391  393  394  392  394
  387  385  374  357  336  311  281  256  232  214  200  197  190  192  187  185
  180  179  173  174  169  169  168  159  159                                   
    15.0-180.0 180.0   5.0 450.0                            LAT/LON1/LON2/DLON/H
  157  159  148  142  130  127  118  118  113  115  118  124  141  163  187  207
  216  222  226  229  228  228  231  238  252  268  292  317  345  365  381  394
  404  416  428  430  438  429  433  424  426  414  409  408  408  414  410  414
  402  401  381  368  338  314  276  253  229  213  195  186  181  180  175  172
  168  165  162  161  158  161  160  151  157                                   
    12.5-180.0 180.0   5.0 450.0                            LAT/LON1/LON2/DLON/H
  143  156  143  135  126  121  116  114  114  115  115  124  138  162  183  208
  217  229  232  237  236  238  239  250  260  280  300  330  353  376  390  403
  412  424  435  441  446  442  447  444  444  436  430  428  429  435  432  430
  419  410  390  371  343  315  282  259  240  220  202  187  178  173  172  168
  162  158  152  151  147  149  148  139  143                                   
    10.0-180.0 180.0   5.0 450.0                            LAT/LON1/LON2/DLON/H
  142  147  135  129  119  118  111  113  111  113  116  123  138  157  182  202
  218  229  236  241  244  245  249  257  271  287  311  335  363  379  398  402
  415  422  440  438  447  443  450  445  448  433  428  422  423  430  426  432
  417  415  389  373  340  313  279  262  244  231  210  192  175  167  164  161
  159  154  148  145  140  140  135  125  142                                   
     7.5-180.0 180.0   5.0 450.0                            LAT/LON1/LON2/DLON/H
  123  141  128  119  110  107  104  104  104  107  111  121  135  156  177  201
  216  234  242  253  252  259  260  273  281  302  319  346  370  387  405  411
