data/unet/pred2980.15i
     1.0            IONOSPHERE MAPS     GNSS                IONEX VERSION / TYPE
pyspatialgeodesy        IME             05-JAN-18 20:20     PGM / RUN BY / DATE 
Map Name                                                    COMMENT             
Predicted global ionosphere maps (GIM).                     DESCRIPTION         
  2015    10    25     0     0     0                        EPOCH OF FIRST MAP  
  2015    10    26     0     0     0                        EPOCH OF LAST MAP   
  7200                                                      INTERVAL            
    13                                                      # OF MAPS IN FILE   
  NONE                                                      MAPPING FUNCTION    
10.0                                                        ELEVATION CUTOFF    
One-way carrier phase leveled to code                       OBSERVABLES USED    
  6371.0                                                    BASE RADIUS         
 2                                                          MAP DIMENSION       
   450.0 450.0   0.0                                        HGT1 / HGT2 / DHGT  
    87.5 -87.5  -2.5                                        LAT1 / LAT2 / DLAT  
  -180.0 180.0   5.0                                        LON1 / LON2 / DLON  
    -1                                                      EXPONENT            
                                                            END OF HEADER       
[from data line 5148]
    13                                                      START OF TEC MAP    
  2015    10    26     0     0     0                        EPOCH OF CURRENT MAP
    87.5-180.0 180.0   5.0 450.0                            LAT/LON1/LON2/DLON/H
  154  121  118  116  113  112  112  112  112  111  110  107  108  104  104   99
  100   95   96   91   94   89   91   87   90   87   89   85   87   84   86   83
   85   83   85   82   86   84   87   85   89   87   91   89   93   92   95   93
   96   95   97   95   97   96   97   96   98   97   98   97  100   99  100   99
  101  102  103  106  112  114  120  152  154                                   
    85.0-180.0 180.0   5.0 450.0                            LAT/LON1/LON2/DLON/H
  129  124  124  124  122  119  121  119  121  117  117  113  114  109  108  102
  102   96   95   89   90   84   84   78   79   73   74   68   69   65   66   62
   64   62   64   63   67   66   70   70   75   76   81   81   86   87   90   90
   93   93   95   94   96   95   97   96   98   98   99   99  101  102  103  103
  106  107  109  110  118  114  117  124  129                                   
    82.5-180.0 180.0   5.0 450.0                            LAT/LON1/LON2/DLON/H
  133  132  133  134  134  131  133  131  133  130  130  126  126  121  120  115
  113  107  105   99   97   90   87   81   78   72   69   63   61   56   56   52
   54   51   55   54   60   60   66   67   74   76   83   84   91   91   97   96
  101   98  103  100  104  100  105  101  107  103  108  105  112  109  114  112
  118  116  122  121  130  125  127  131  133                                   
    80.0-180.0 180.0   5.0 450.0                            LAT/LON1/LON2/DLON/H
  140  141  143  145  143  142  144  142  144  142  142  140  140  137  135  132
  129  125  121  116  111  105   98   92   86   79   73   67   63   57   55   52
   52   50   53   54   60   62   69   72   79   82   89   91   97   98  102  101
  103  101  103  101  103  102  105  104  107  107  110  111  116  118  121  124
  127  129  132  134  139  137  138  143  140                                   
    77.5-180.0 180.0   5.0 450.0                            LAT/LON1/LON2/DLON/H
  149  148  150  151  147  147  148  149  150  150  150  150  149  148  146  144
  140  137  132  128  122  116  110  103   96   89   82   75   69   63   59   55
   54   53   55   57   62   65   71   75   81   85   90   93   96   97   98   96
   95   93   92   90   91   90   92   93   95   98  102  106  111  115  120  125
  130  133  137  140  144  143  145  151  149                                   
    75.0-180.0 180.0   5.0 450.0                            LAT/LON1/LON2/DLON/H
  157  159  162  162  158  157  158  157  158  158  159  158  158  156  153  149
  146  142  139  134  130  125  120  115  108  102   95   89   81   76   70   66
   64   63   64   66   69   72   77   80   85   87   91   92   92   90   89   85
   82   78   76   74   74   74   77   79   84   87   93   98  105  111  118  124
  132  137  143  147  151  153  158  167  157                                   
    72.5-180.0 180.0   5.0 450.0                            LAT/LON1/LON2/DLON/H
  171  172  177  175  169  167  166  166  166  166  166  165  163  160  156  152
  147  144  141  138  134  131  127  123  118  113  107  101   94   88   83   78
   75   72   72   73   75   76   80   82   85   85   87   85   83   78   75   69
   65   60   58   55   57   57   63   65   73   77   86   92  102  108  117  125
  134  141  149  155  162  167  172  184  171                                   
    70.0-180.0 180.0   5.0 450.0                            LAT/LON1/LON2/DLON/H
  183  188  192  189  181  179  178  178  179  179  178  175  171  165  158  151
  146  140  138  134  132  130  128  126  123  120  116  111  106  100   95   90
   85   81   80   78   78   78   80   80   81   79   79   75   71   64   60   53
   47   43   41   40   42   45   51   56   65   73   83   92  103  111  121  130
  140  147  157  165  173  180  190  204  183                                   
    67.5-180.0 180.0   5.0 450.0                            LAT/LON1/LON2/DLON/H
  204  205  208  204  193  190  187  187  189  189  187  183  176  167  157  148
  140  135  131  128  126  126  125  124  123  121  118  115  111  107  102   97
   91   86   82   78   76   74   74   72   71   69   67   62   57   51   46   39
   35   30   30   31   35   39   47   55   65   74   86   97  109  118  129  137
  147  156  165  175  184  193  202  218  204                                   
    65.0-180.0 180.0   5.0 450.0                            LAT/LON1/LON2/DLON/H
  213  216  221  216  203  198  194  194  195  197  194  190  180  169  156  144
  136  128  124  121  119  118  118  117  117  116  115  113  111  107  103   97
   92   85   80   75   71   67   65   62   60   57   54   50   46   40   36   30
   27   25   25   27   32   38   47   56   69   79   93  104  119  128  138  147
  157  165  174  183  193  201  213  231  213                                   
    62.5-180.0 180.0   5.0 450.0                            LAT/LON1/LON2/DLON/H
  224  225  228  223  210  203  198  198  198  200  197  192  182  169  155  144
  133  126  120  116  113  112  110  108  107  107  106  106  104  101   97   92
   86   80   73   67   62   58   54   51   48   45   43   40   38   34   31   27
   26   24   26   29   35   42   52   62   75   87  101  114  129  139  150  158
  168  174  182  190  200  207  217  236  224                                   
    60.0-180.0 180.0   5.0 450.0                            LAT/LON1/LON2/DLON/H
  229  231  236  228  215  207  200  198  199  200  198  193  183  171  157  145
  136  128  122  116  112  107  103   99   97   96   96   96   95   93   90   85
   79   72   66   60   55   51   47   44   42   40   39   38   37   35   34   31
   31   29   32   33   40   46   56   67   83   94  110  123  139  150  162  171
  180  186  193  199  207  214  223  240  229                                   
    57.5-180.0 180.0   5.0 450.0                            LAT/LON1/LON2/DLON/H
  242  237  241  234  220  211  203  201  200  201  198  193  184  174  161  152
  143  136  129  122  115  108  101   95   91   89   89   89   89   87   84   79
   73   67   62   57   53   51   47   45   43   43   43   44   45   44   44   41
   41   40   41   42   46   53   62   74   89  102  118  133  149  162  175  184
  194  201  207  212  220  224  228  243  242                                   
    55.0-180.0 180.0   5.0 450.0                            LAT/LON1/LON2/DLON/H
  256  253  256  247  233  223  212  207  203  202  198  193  186  178  169  161
  154  147  139  130  121  112  103   95   90   87   87   86   87   85   82   77
   72   66   62   59   58   56   55   53   54   54   56   58   59   59   58   56
   56   52   52   52   57   62   71   82   96  110  125  140  158  172  186  198
  209  219  226  231  235  238  240  254  256                                   
    52.5-180.0 180.0   5.0 450.0                            LAT/LON1/LON2/DLON/H
  279  273  275  266  251  240  227  219  213  209  203  197  190  185  177  172
  165  159  149  139  128  117  107   99   93   91   90   89   89   87   83   78
   73   69   66   65   66   67   66   67   68   71   73   76   77   77   76   74
   71   68   65   65   67   72   79   89  103  115  131  146  164  179  197  209
  226  238  246  252  256  257  257  269  279                                   
    50.0-180.0 180.0   5.0 450.0                            LAT/LON1/LON2/DLON/H
  302  303  303  295  281  268  252  240  229  220  210  202  195  190  185  181
  175  167  156  144  132  121  112  104  100   98   97   96   95   91   87   81
   77   73   73   74   78   80   82   83   86   88   92   94   97   97   95   92
   89   84   82   81   82   86   93  102  115  126  142  155  173  188  205  221
  239  254  265  274  278  279  280  290  302                                   
    47.5-180.0 180.0   5.0 450.0                            LAT/LON1/LON2/DLON/H
  324  329  331  325  312  300  283  268  252  239  224  213  203  199  194  190
  182  173  159  146  134  124  117  112  109  108  106  103  100   95   89   83
   79   78   79   83   87   93   95   98  100  104  107  111  113  115  113  109
  105  101   98   97   97  102  108  118  129  141  154  168  184  198  215  231
  250  265  279  289  295  297  300  307  324                                   
    45.0-180.0 180.0   5.0 450.0                            LAT/LON1/LON2/DLON/H
  339  355  355  352  342  332  314  299  279  262  241  225  213  208  201  196
  186  174  159  145  134  125  122  118  118  115  113  108  103   95   89   82
   79   78   83   87   94  100  104  107  111  114  119  123  127  128  127  123
  120  117  115  114  116  121  128  136  149  159  170  181  195  207  222  238
  254  270  286  299  307  312  318  324  339                                   
    42.5-180.0 180.0   5.0 450.0                            LAT/LON1/LON2/DLON/H
  346  363  367  367  360  354  340  326  306  285  262  243  230  220  210  202
  188  174  158  144  134  129  126  125  123  120  115  107  100   91   83   77
   74   75   81   88   96  103  107  111  115  120  125  131  136  137  137  134
  132  130  129  130  132  138  146  156  168  178  187  195  207  216  232  243
  258  270  286  299  311  318  324  332  346                                   
    40.0-180.0 180.0   5.0 450.0                            LAT/LON1/LON2/DLON/H
  345  366  370  370  367  365  353  344  326  308  283  264  247  235  221  209
  193  175  159  146  139  133  131  128  125  119  111  102   93   83   77   71
   71   73   80   88   97  103  109  112  118  123  130  136  142  144  144  142
  142  141  142  143  147  154  164  175  187  195  203  210  221  230  244  252
  263  273  287  300  312  322  332  336  345                                   
    37.5-180.0 180.0   5.0 450.0                            LAT/LON1/LON2/DLON/H
  341  356  362  362  362  362  357  350  338  322  301  283  267  253  236  220
  201  183  166  154  147  141  136  130  123  114  104   94   85   77   71   68
   69   74   81   91   99  107  110  115  119  126  132  139  145  147  147  146
  146  147  148  151  157  165  177  188  201  209  217  223  234  243  257  262
  272  278  291  301  314  323  330  335  341                                   
    35.0-180.0 180.0   5.0 450.0                            LAT/LON1/LON2/DLON/H
  340  354  357  353  351  353  350  348  340  329  313  299  285  271  251  232
  212  194  178  166  158  148  140  129  119  108   99   89   83   78   75   74
   77   84   93  102  109  114  117  119  125  130  137  143  148  149  149  148
  148  148  150  152  158  167  180  192  206  215  225  231  244  255  269  277
  286  291  300  308  319  329  339  340  340                                   
    32.5-180.0 180.0   5.0 450.0                            LAT/LON1/LON2/DLON/H
  355  361  361  353  347  348  346  347  341  333  322  312  301  287  266  245
  225  208  193  181  167  154  140  127  115  106   99   95   92   92   91   94
   98  106  113  122  125  127  126  127  130  135  140  145  149  149  149  147
  146  144  144  144  150  156  171  185  200  212  224  234  249  264  283  293
  304  310  319  324  334  342  350  353  355                                   
    30.0-180.0 180.0   5.0 450.0                            LAT/LON1/LON2/DLON/H
  391  395  386  371  360  355  348  347  342  337  329  323  314  301  280  259
  238  220  205  190  172  154  139  125  117  112  112  114  118  121  125  129
  135  142  148  152  151  149  144  143  144  146  149  150  152  149  147  144
  141  138  134  131  134  141  154  169  187  201  217  232  253  274  298  316
  328  337  347  354  363  371  385  382  391                                   
    27.5-180.0 180.0   5.0 450.0                            LAT/LON1/LON2/DLON/H
  452  452  438  417  397  385  371  365  356  349  342  335  326  312  291  269
  248  230  211  193  170  149  134  126  125  131  139  150  158  167  173  178
  183  187  189  186  179  171  162  157  154  153  153  151  149  144  140  134
  131  124  119  112  113  119  135  153  172  191  210  230  257  284  316  336
  353  367  384  393  405  413  430  424  452                                   
    25.0-180.0 180.0   5.0 450.0                            LAT/LON1/LON2/DLON/H
  534  550  529  499  470  442  416  398  383  371  360  350  339  324  301  281
  257  237  212  188  161  141  133  134  147  162  181  198  212  223  231  237
  240  240  234  222  208  193  180  172  165  160  156  151  145  138  131  125
  119  112  103   96   95  103  121  143  165  185  209  232  265  299  335  361
  385  407  426  440  456  468  492  487  534                                   
    22.5-180.0 180.0   5.0 450.0                            LAT/LON1/LON2/DLON/H
  622  650  634  606  565  525  485  458  429  410  389  373  356  337  313  289
  265  239  208  179  151  137  139  155  179  208  233  254  272  282  289  290
  289  281  268  246  224  205  189  178  169  160  154  146  139  129  122  113
  103   92   84   77   79   89  111  142  167  192  216  243  277  313  348  379
  412  441  466  486  508  529  548  550  622                                   
    20.0-180.0 180.0   5.0 450.0                            LAT/LON1/LON2/DLON/H
  700  746  739  710  670  621  572  530  493  463  432  407  383  359  331  306
  276  245  207  174  149  144  159  190  226  264  293  315  326  332  332  325
  316  302  280  256  228  208  192  182  171  160  150  141  132  122  111   99
   91   81   72   69   73   87  108  142  175  203  232  261  298  332  368  407
  445  482  511  540  566  593  613  612  700                                   
    17.5-180.0 180.0   5.0 450.0                            LAT/LON1/LON2/DLON/H
  739  798  806  785  749  698  647  602  558  520  480  447  414  386  355  327
  295  258  215  182  162  168  195  236  283  319  343  351  352  348  342  327
  312  294  273  245  220  202  188  179  168  157  145  135  123  113  101   93
   85   75   69   66   74   88  113  151  188  219  251  281  315  347  381  423
  463  506  539  571  601  626  651  649  739                                   
    15.0-180.0 180.0   5.0 450.0                            LAT/LON1/LON2/DLON/H
  751  818  838  831  807  758  711  662  621  577  534  490  452  416  386  355
  323  283  238  205  193  207  242  293  338  365  370  360  347  333  319  304
  287  271  249  227  206  194  184  177  167  156  144  133  121  108   97   87
   81   73   68   69   79   98  125  165  204  234  270  297  332  359  399  439
  482  522  559  591  623  642  672  664  751                                   
    12.5-180.0 180.0   5.0 450.0                            LAT/LON1/LON2/DLON/H
  728  791  821  825  814  780  740  696  658  616  573  526  485  447  416  385
  353  312  272  242  236  254  298  345  381  382  366  333  309  288  274  261
  250  236  220  205  190  184  178  176  166  157  144  131  118  105   94   86
   80   74   70   72   83  106  136  176  214  248  278  306  337  367  402  441
  479  520  552  585  612  630  655  652  728                                   
    10.0-180.0 180.0   5.0 450.0                            LAT/LON1/LON2/DLON/H
  695  748  781  796  802  778  754  716  685  642  606  558  523  480  451  419
  387  346  310  286  286  310  351  388  402  381  340  290  259  237  226  219
  211  204  195  188  181  180  179  177  170  159  148  133  120  104   93   85
   81   77   73   75   90  116  146  182  220  251  282  307  342  367  406  439
  479  510  543  570  597  608  634  627  695                                   
     7.5-180.0 180.0   5.0 450.0                            LAT/LON1/LON2/DLON/H
  651  690  722  743  752  745  731  712  689  658  623  586  555  519  490  460
  429  385  351  327  335  356  394  411  399  350  291  238  208  196  191  191
