data/unet/pred1580.15i
     1.0            IONOSPHERE MAPS     GNSS                IONEX VERSION / TYPE
pyspatialgeodesy        IME             05-JAN-18 20:20     PGM / RUN BY / DATE 
Map Name                                                    COMMENT             
Predicted global ionosphere maps (GIM).                     DESCRIPTION         
  2015     6     7     0     0     0                        EPOCH OF FIRST MAP  
  2015     6     8     0     0     0                        EPOCH OF LAST MAP   
  7200                                                      INTERVAL            
    13                                                      # OF MAPS IN FILE   
  NONE                                                      MAPPING FUNCTION    
10.0                                                        ELEVATION CUTOFF    
One-way carrier phase leveled to code                       OBSERVABLES USED    
  6371.0                                                    BASE RADIUS         
 2                                                          MAP DIMENSION       
   450.0 450.0   0.0                                        HGT1 / HGT2 / DHGT  
    87.5 -87.5  -2.5                                        LAT1 / LAT2 / DLAT  
  -180.0 180.0   5.0                                        LON1 / LON2 / DLON  
    -1                                                      EXPONENT            
                                                            END OF HEADER       
     1                                                      START OF TEC MAP    
  2015     6     7     0     0     0                        EPOCH OF CURRENT MAP
    87.5-180.0 180.0   5.0 450.0                            LAT/LON1/LON2/DLON/H
  223  212  214  217  218  218  221  220  221  221  222  221  222  221  221  220
  220  219  219  217  217  216  216  214  214  212  213  211  211  210  210  208
  208  207  207  204  204  202  201  199  199  197  197  196  196  196  197  197
  199  199  201  201  203  203  204  204  205  205  206  205  206  206  206  206
  207  208  208  209  214  211  208  217  223                                   
    85.0-180.0 180.0   5.0 450.0                            LAT/LON1/LON2/DLON/H
  212  220  225  227  228  227  230  229  231  231  232  231  232  231  232  230
  230  229  229  226  226  223  223  220  219  216  216  213  213  211  211  209
  209  207  207  206  205  204  203  201  201  199  199  198  199  199  200  199
  202  202  204  204  206  207  208  208  210  210  211  211  212  212  212  212
  214  214  215  216  221  217  215  208  212                                   
    82.5-180.0 180.0   5.0 450.0                            LAT/LON1/LON2/DLON/H
  218  224  225  229  229  230  232  233  235  235  237  237  238  237  238  237
  236  234  233  230  228  224  222  217  215  211  209  205  204  201  201  199
  199  198  198  197  198  197  196  195  196  194  195  194  195  195  196  196
  198  198  199  200  202  203  204  204  206  207  208  208  209  209  210  210
  212  212  213  214  220  217  212  210  218                                   
    80.0-180.0 180.0   5.0 450.0                            LAT/LON1/LON2/DLON/H
  215  222  224  228  226  230  232  236  235  238  238  241  240  241  240  241
  238  238  235  233  228  226  220  217  211  207  202  199  195  194  192  192
  191  192  192  194  194  194  194  195  194  194  194  194  194  195  195  196
  197  198  199  201  201  203  203  205  205  207  206  208  208  209  208  210
  210  211  211  213  218  216  213  209  215                                   
    77.5-180.0 180.0   5.0 450.0                            LAT/LON1/LON2/DLON/H
  213  219  219  221  221  226  229  232  233  235  236  238  238  240  239  241
  238  238  234  233  227  224  218  214  207  202  196  192  189  187  186  186
  187  189  191  194  195  197  197  198  198  198  197  198  198  198  199  201
  202  204  205  207  208  209  209  210  210  211  209  211  209  210  208  210
  208  209  208  210  212  211  209  206  213                                   
    75.0-180.0 180.0   5.0 450.0                            LAT/LON1/LON2/DLON/H
  211  216  216  217  217  221  225  228  229  232  234  237  237  239  239  240
  239  238  235  233  229  225  219  213  206  199  194  187  184  181  181  181
  184  186  191  193  197  198  200  199  200  198  200  198  200  200  202  203
  206  208  210  212  213  214  215  215  215  214  213  212  211  210  209  207
  207  206  206  205  208  207  206  201  211                                   
    72.5-180.0 180.0   5.0 450.0                            LAT/LON1/LON2/DLON/H
  212  214  213  213  214  216  219  221  224  226  229  231  233  235  236  237
  236  235  234  232  229  224  219  213  206  199  192  185  181  178  178  179
  183  186  191  194  199  200  202  201  201  199  200  199  200  201  204  206
  209  212  215  217  219  220  220  220  219  217  216  213  212  209  207  206
  205  204  204  203  206  205  204  201  212                                   
    70.0-180.0 180.0   5.0 450.0                            LAT/LON1/LON2/DLON/H
  210  213  212  211  210  212  215  217  219  222  224  227  228  231  231  232
  231  231  230  229  227  224  220  215  208  201  195  188  184  181  182  183
  187  190  196  198  202  202  204  201  202  199  201  199  203  203  208  211
  215  218  222  225  227  229  228  228  226  224  220  218  215  212  210  208
  207  206  207  205  208  205  205  202  210                                   
    67.5-180.0 180.0   5.0 450.0                            LAT/LON1/LON2/DLON/H
  216  216  214  211  210  211  213  214  215  217  220  222  224  225  226  226
  226  225  226  225  225  223  222  217  213  207  202  195  192  189  190  190
  194  195  200  201  204  202  202  198  198  196  197  197  201  204  208  213
  218  222  227  231  234  236  236  235  233  229  225  221  218  214  212  210
  209  209  209  209  212  210  209  206  216                                   
    65.0-180.0 180.0   5.0 450.0                            LAT/LON1/LON2/DLON/H
  221  220  218  214  211  210  211  211  213  214  216  217  219  219  219  218
  218  218  219  220  221  223  223  222  218  215  211  207  204  203  201  202
  202  203  204  203  202  198  195  191  190  187  190  191  197  201  207  213
  219  224  230  234  238  240  240  240  237  234  229  225  221  217  215  212
  213  212  213  213  217  214  214  211  221                                   
    62.5-180.0 180.0   5.0 450.0                            LAT/LON1/LON2/DLON/H
  232  227  224  219  215  213  212  211  211  211  212  212  214  214  214  212
  213  212  214  217  220  223  227  228  229  227  225  222  221  218  218  215
  214  210  208  202  198  192  187  182  180  178  180  183  189  194  202  209
  217  222  229  235  240  243  245  244  242  238  233  228  224  219  216  214
  215  215  216  217  222  220  220  219  232                                   
    60.0-180.0 180.0   5.0 450.0                            LAT/LON1/LON2/DLON/H
  240  235  233  227  221  217  214  211  210  208  208  207  209  208  208  207
  208  208  210  213  219  225  230  236  238  241  239  240  237  237  231  229
  222  215  207  200  192  184  178  172  170  168  171  174  181  188  196  203
  212  218  226  232  239  244  247  247  246  241  236  230  226  221  219  216
  218  217  220  221  227  226  226  225  240                                   
    57.5-180.0 180.0   5.0 450.0                            LAT/LON1/LON2/DLON/H
  251  243  243  237  230  224  220  214  211  207  206  203  204  204  205  204
  205  205  208  212  219  227  237  243  250  253  256  256  255  251  247  238
  230  217  208  195  187  178  171  165  163  162  165  169  175  182  190  196
  205  211  221  228  238  245  250  251  251  246  241  234  229  223  220  218
  219  220  223  225  231  232  232  231  251                                   
    55.0-180.0 180.0   5.0 450.0                            LAT/LON1/LON2/DLON/H
  261  253  254  248  241  235  229  221  214  208  205  201  201  200  202  202
  204  205  208  213  220  230  240  251  257  264  266  269  267  263  255  246
  232  218  204  193  181  174  167  162  159  158  161  164  170  175  183  188
  196  203  214  222  235  244  252  255  256  251  245  237  231  224  221  218
  220  220  223  225  233  234  237  237  261                                   
    52.5-180.0 180.0   5.0 450.0                            LAT/LON1/LON2/DLON/H
  272  264  266  261  256  249  243  232  224  214  208  202  201  200  202  203
  206  207  211  216  224  233  245  253  263  268  273  274  274  269  262  248
  234  216  203  189  181  173  169  164  161  159  161  163  167  170  176  179
  186  193  206  217  232  245  256  261  262  258  252  243  237  229  226  222
  224  223  227  228  235  238  241  244  272                                   
    50.0-180.0 180.0   5.0 450.0                            LAT/LON1/LON2/DLON/H
  282  276  279  277  272  265  259  248  238  225  214  206  203  202  203  205
  208  211  215  221  228  237  247  256  262  269  272  275  274  270  260  247
  232  216  201  191  182  177  172  169  165  163  162  162  164  166  170  171
  177  184  198  211  230  246  259  266  268  265  259  250  243  236  232  229
  229  230  233  235  241  244  250  253  282                                   
    47.5-180.0 180.0   5.0 450.0                            LAT/LON1/LON2/DLON/H
  291  286  291  291  289  284  279  269  258  243  230  217  212  208  209  210
  214  217  223  228  236  242  250  255  262  266  270  271  271  266  259  245
  233  217  205  194  188  183  180  175  172  168  167  165  166  165  166  165
  169  175  190  207  228  247  263  272  275  274  269  262  256  250  246  244
  244  246  248  250  255  258  261  267  291                                   
    45.0-180.0 180.0   5.0 450.0                            LAT/LON1/LON2/DLON/H
  300  297  303  304  304  302  301  293  282  267  251  236  226  220  219  220
  223  226  233  240  246  252  256  259  261  263  265  267  266  263  255  245
  233  221  211  204  196  193  188  185  179  175  172  169  167  166  165  162
  164  170  185  202  225  245  263  273  280  281  278  275  270  266  262  261
  262  264  267  269  273  276  280  285  300                                   
    42.5-180.0 180.0   5.0 450.0                            LAT/LON1/LON2/DLON/H
  312  309  315  317  318  319  320  315  308  294  278  261  249  241  237  235
  237  240  248  255  262  266  268  266  265  265  267  267  267  263  258  248
  240  229  223  215  210  203  199  192  188  181  179  175  174  171  168  164
  164  167  181  198  221  241  261  273  282  287  289  291  291  291  288  289
  289  293  295  298  300  301  299  307  312                                   
    40.0-180.0 180.0   5.0 450.0                            LAT/LON1/LON2/DLON/H
  328  326  331  331  333  336  339  338  334  323  307  291  277  266  259  255
  254  258  264  273  279  284  282  280  275  274  272  273  271  268  262  256
  248  242  235  230  222  216  209  203  196  192  187  186  182  180  174  168
  166  167  179  194  217  236  255  270  284  294  302  309  314  316  317  319
  322  325  330  331  333  331  334  331  328                                   
    37.5-180.0 180.0   5.0 450.0                            LAT/LON1/LON2/DLON/H
  351  351  352  351  352  355  359  361  360  353  340  325  310  296  286  278
  276  277  284  292  301  303  302  297  292  288  287  286  284  279  274  268
  263  256  252  244  237  227  220  212  207  202  199  197  195  192  186  179
  173  171  178  191  209  228  247  266  283  300  315  332  342  350  353  359
  362  370  372  375  374  371  363  361  351                                   
    35.0-180.0 180.0   5.0 450.0                            LAT/LON1/LON2/DLON/H
  385  384  379  375  374  377  379  386  388  385  375  361  347  331  318  306
  301  301  306  314  322  325  322  317  309  306  303  301  296  292  286  282
  275  272  264  257  246  236  226  221  216  215  212  212  208  206  198  190
  180  173  176  184  201  217  236  254  277  299  325  347  367  378  389  394
  402  408  414  416  416  410  407  390  385                                   
    32.5-180.0 180.0   5.0 450.0                            LAT/LON1/LON2/DLON/H
  423  423  414  411  405  408  407  416  419  421  410  401  383  369  352  340
  333  331  336  341  348  349  346  338  331  327  322  318  312  306  300  293
  287  280  273  261  249  236  229  225  225  224  224  224  221  216  207  195
  182  173  169  173  187  201  221  241  265  296  328  358  383  402  415  427
  432  442  444  449  447  442  434  420  423                                   
    30.0-180.0 180.0   5.0 450.0                            LAT/LON1/LON2/DLON/H
  457  458  451  447  445  442  441  446  450  452  445  437  421  405  388  375
  367  362  364  366  371  369  366  359  351  346  339  334  324  317  306  299
  289  283  269  258  242  231  225  225  228  231  231  232  227  222  209  197
  181  169  163  162  173  186  206  228  257  288  325  358  389  411  429  441
  448  457  460  467  471  464  462  443  457                                   
    27.5-180.0 180.0   5.0 450.0                            LAT/LON1/LON2/DLON/H
  482  488  493  496  490  490  482  487  485  489  479  474  456  445  423  413
  401  397  393  395  394  393  385  379  371  364  354  345  333  320  307  294
  282  270  255  239  225  216  214  217  225  230  232  231  226  217  205  188
  172  158  150  148  157  169  190  215  248  282  320  355  387  414  430  446
  450  462  463  475  480  475  471  462  482                                   
    25.0-180.0 180.0   5.0 450.0                            LAT/LON1/LON2/DLON/H
  498  513  527  535  536  534  528  527  526  525  517  510  494  480  463  451
  439  433  427  424  418  414  406  397  385  374  359  346  328  313  293  278
  261  246  229  216  204  199  199  205  214  221  222  220  213  203  190  175
  159  145  136  135  144  157  179  205  240  277  314  348  380  406  425  438
  447  456  461  474  488  484  484  473  498                                   
    22.5-180.0 180.0   5.0 450.0                            LAT/LON1/LON2/DLON/H
  504  527  551  568  571  576  570  571  567  566  557  550  533  523  502  492
  475  470  458  452  441  435  422  412  393  376  354  333  312  290  269  245
  225  208  193  182  176  176  180  188  198  203  204  198  193  181  169  152
  139  125  120  120  133  149  171  198  233  269  304  337  367  392  412  427
  435  445  451  468  483  482  480  477  504                                   
    20.0-180.0 180.0   5.0 450.0                            LAT/LON1/LON2/DLON/H
  504  528  557  578  591  599  600  602  602  602  595  590  576  564  543  530
  514  507  493  481  464  451  434  416  392  365  336  310  283  255  229  205
  185  168  156  150  149  153  161  171  179  183  180  175  168  156  144  130
  117  107  105  108  126  144  168  196  228  263  297  328  358  380  403  416
  428  434  443  456  477  476  481  474  504                                   
    17.5-180.0 180.0   5.0 450.0                            LAT/LON1/LON2/DLON/H
  494  519  553  579  594  606  612  621  624  629  626  626  615  608  586  574
  552  545  525  509  484  465  438  413  380  344  308  276  246  216  190  167
  148  134  128  127  131  139  148  156  162  161  157  149  143  132  121  109
  100   90   92   97  117  139  166  193  224  256  286  316  345  369  391  407
  418  427  434  448  465  466  464  463  494                                   
    15.0-180.0 180.0   5.0 450.0                            LAT/LON1/LON2/DLON/H
  484  506  536  559  577  593  604  618  628  639  643  647  643  639  622  610
  590  577  555  531  500  471  438  402  359  317  276  239  210  181  157  138
  124  116  116  117  124  131  139  144  145  141  135  129  123  114  105   96
   89   83   87   94  115  136  164  190  221  251  280  310  340  363  388  404
  419  425  434  443  461  458  463  456  484                                   
    12.5-180.0 180.0   5.0 450.0                            LAT/LON1/LON2/DLON/H
  469  489  516  539  552  568  581  600  613  631  642  653  655  656  645  638
  619  606  577  549  508  472  428  383  331  285  244  209  182  159  141  126
  120  117  120  124  130  135  139  139  135  127  120  114  109  103   96   89
   82   77   81   89  111  134  160  187  219  249  276  307  335  362  386  405
  420  429  436  446  458  454  451  449  469                                   
    10.0-180.0 180.0   5.0 450.0                            LAT/LON1/LON2/DLON/H
  462  474  496  513  527  538  549  567  583  602  618  636  644  651  647  643
  630  615  587  553  508  462  410  358  302  255  216  187  164  147  134  127
  125  127  133  137  142  144  143  138  130  119  111  105  103   99   93   86
   80   75   79   85  108  128  153  180  213  245  274  308  337  364  391  410
  426  434  445  452  463  457  461  454  462                                   
     7.5-180.0 180.0   5.0 450.0                            LAT/LON1/LON2/DLON/H
  459  467  484  498  506  514  519  533  544  562  578  599  614  627  630  631
  623  609  580  544  495  442  385  328  275  233  200  178  162  150  145  142
