data/unet/pred2240.15i
     1.0            IONOSPHERE MAPS     GNSS                IONEX VERSION / TYPE
pyspatialgeodesy        IME             05-JAN-18 20:20     PGM / RUN BY / DATE 
Map Name                                                    COMMENT             
Predicted global ionosphere maps (GIM).                     DESCRIPTION         
  2015     8    12     0     0     0                        EPOCH OF FIRST MAP  
  2015     8    13     0     0     0                        EPOCH OF LAST MAP   
  7200                                                      INTERVAL            
    13                                                      # OF MAPS IN FILE   
  NONE                                                      MAPPING FUNCTION    
10.0                                                        ELEVATION CUTOFF    
One-way carrier phase leveled to code                       OBSERVABLES USED    
  6371.0                                                    BASE RADIUS         
 2                                                          MAP DIMENSION       
   450.0 450.0   0.0                                        HGT1 / HGT2 / DHGT  
    87.5 -87.5  -2.5                                        LAT1 / LAT2 / DLAT  
  -180.0 180.0   5.0                                        LON1 / LON2 / DLON  
    -1                                                      EXPONENT            
                                                            END OF HEADER       
[from data line 3003]
     8                                                      START OF TEC MAP    
  2015     8    12    14     0     0                        EPOCH OF CURRENT MAP
    87.5-180.0 180.0   5.0 450.0                            LAT/LON1/LON2/DLON/H
  117  132  137  137  135  136  136  137  136  137  137  137  137  137  136  137
  136  136  135  135  134  135  134  134  133  134  133  134  133  133  133  134
  134  134  134  135  135  135  135  135  135  135  134  134  134  134  133  133
  134  134  133  134  134  135  134  135  135  135  134  134  134  134  134  134
  134  134  134  134  132  133  143  128  117                                   
    85.0-180.0 180.0   5.0 450.0                            LAT/LON1/LON2/DLON/H
  121  126  123  122  122  123  123  124  124  125  124  125  125  125  125  125
  125  124  125  124  125  124  125  124  125  124  124  123  124  123  124  123
  124  124  125  124  126  125  126  125  126  126  126  125  126  125  125  125
  126  125  125  124  126  124  125  123  125  123  124  122  123  121  122  120
  122  120  122  121  122  121  124  127  121                                   
    82.5-180.0 180.0   5.0 450.0                            LAT/LON1/LON2/DLON/H
  125  117  116  115  116  114  116  115  117  116  118  117  118  117  119  117
  119  118  120  118  121  120  122  121  123  122  123  122  123  122  122  122
  121  123  121  122  122  123  122  122  123  123  123  122  124  123  125  124
  126  125  126  125  126  125  125  124  124  122  122  120  119  118  117  117
  116  116  116  116  115  114  122  111  125                                   
    80.0-180.0 180.0   5.0 450.0                            LAT/LON1/LON2/DLON/H
  112  109  106  111  109  111  110  113  111  114  111  114  111  113  112  114
  113  115  114  117  117  120  120  122  122  125  123  125  123  125  122  124
  121  123  120  122  120  123  120  123  121  123  122  123  123  125  125  125
  126  125  126  125  125  123  123  120  120  117  116  114  113  111  111  109
  109  108  107  107  106  107  106  108  112                                   
    77.5-180.0 180.0   5.0 450.0                            LAT/LON1/LON2/DLON/H
   99  100   97  100  100  103  102  105  103  104  103  104  102  102  102  103
  104  105  107  109  112  113  116  118  120  121  123  123  123  123  121  122
  119  119  116  118  115  116  114  116  114  116  115  117  117  118  119  120
  121  121  121  121  120  118  118  115  114  111  110  107  105  103  102  100
  100   99   98   98   96   95   99   99   99                                   
    75.0-180.0 180.0   5.0 450.0                            LAT/LON1/LON2/DLON/H
   92   90   90   94   96   97  100   99  100   98  100   96   98   94   97   95
   99   98  103  103  109  109  116  115  121  120  125  123  125  124  124  122
  121  120  118  117  117  116  117  116  117  116  117  116  118  117  120  119
  121  120  122  120  120  119  118  115  113  110  108  104  102   99   98   95
   95   94   94   91   92   89   91   95   92                                   
    72.5-180.0 180.0   5.0 450.0                            LAT/LON1/LON2/DLON/H
   85   85   83   85   88   92   92   94   93   93   92   91   89   89   88   89
   90   92   95   98  102  106  111  114  118  121  123  124  125  126  125  125
  122  123  119  120  118  118  116  117  114  116  114  116  115  117  115  117
  116  118  117  119  117  117  114  113  109  107  103  100   96   94   91   90
   87   87   85   85   83   80   86   87   85                                   
    70.0-180.0 180.0   5.0 450.0                            LAT/LON1/LON2/DLON/H
   80   76   75   78   82   85   89   89   91   88   90   87   88   85   86   85
   87   87   92   94  100  102  108  110  116  118  121  123  125  125  126  126
  124  123  122  121  121  119  119  119  118  118  117  118  117  118  117  118
  117  118  118  119  118  117  115  113  110  106  104   99   97   92   90   86
   84   81   81   78   79   74   77   81   80                                   
    67.5-180.0 180.0   5.0 450.0                            LAT/LON1/LON2/DLON/H
   75   72   70   69   74   79   83   86   87   87   87   86   85   83   83   83
   83   85   88   91   96   99  105  107  113  115  119  121  124  125  126  128
  127  127  125  126  124  124  122  123  121  123  120  123  120  121  119  120
  117  119  117  119  117  117  114  114  109  107  103  100   96   92   87   84
   80   78   76   75   72   68   70   71   75                                   
    65.0-180.0 180.0   5.0 450.0                            LAT/LON1/LON2/DLON/H
   73   66   63   64   70   74   80   82   86   86   88   86   87   85   85   83
   85   84   88   89   94   95  101  102  108  110  115  117  121  123  126  127
  129  128  128  128  128  128  127  127  127  128  127  127  125  125  122  122
  120  121  120  121  120  119  117  115  113  110  108  104  101   96   92   86
   82   78   75   71   70   63   66   67   73                                   
    62.5-180.0 180.0   5.0 450.0                            LAT/LON1/LON2/DLON/H
   69   65   61   62   66   70   75   80   83   86   87   89   88   88   87   87
   86   87   88   90   92   94   98  100  104  107  112  115  120  123  127  130
  131  134  133  134  133  133  132  134  132  135  133  134  130  130  126  126
  123  124  122  123  121  121  119  118  115  113  111  108  104   98   93   88
   81   77   73   71   65   60   62   59   69                                   
    60.0-180.0 180.0   5.0 450.0                            LAT/LON1/LON2/DLON/H
   68   60   57   58   63   65   71   74   79   82   87   88   91   90   91   90
   91   89   91   90   93   92   96   97  101  102  108  111  118  122  128  130
  135  136  138  138  138  137  137  138  138  140  138  139  135  135  131  130
  128  128  128  128  127  126  124  123  122  119  119  115  112  105   99   91
   85   78   75   70   66   59   60   57   68                                   
    57.5-180.0 180.0   5.0 450.0                            LAT/LON1/LON2/DLON/H
   66   64   58   58   61   63   66   71   75   80   84   89   91   93   94   94
   94   93   93   94   95   95   97   98  100  104  108  113  119  125  132  137
  141  146  146  148  145  146  143  146  145  148  145  146  142  141  137  137
  135  136  135  135  134  132  131  129  128  127  125  122  116  110  102   94
   85   80   74   70   64   58   58   52   66                                   
    55.0-180.0 180.0   5.0 450.0                            LAT/LON1/LON2/DLON/H
   67   62   57   58   61   61   63   65   70   74   80   84   90   91   95   95
   98   96   97   96   96   96   98   99  102  105  109  114  122  128  135  141
  148  151  154  154  153  152  151  152  152  154  153  153  149  148  144  143
  142  143  142  142  140  139  136  134  134  132  132  127  123  115  107   97
   89   82   77   71   67   60   60   55   67                                   
    52.5-180.0 180.0   5.0 450.0                            LAT/LON1/LON2/DLON/H
   69   70   63   62   63   64   63   65   67   73   77   84   88   93   95   98
   99  100  100  101  101  102  103  106  108  112  116  122  128  136  143  151
  157  162  163  166  163  164  161  163  161  163  160  160  156  154  151  151
  150  151  150  150  148  146  142  141  139  139  136  134  126  119  109  100
   90   85   80   74   69   62   62   56   69                                   
    50.0-180.0 180.0   5.0 450.0                            LAT/LON1/LON2/DLON/H
   73   70   65   65   66   64   65   63   66   69   75   79   85   87   93   96
  100  101  103  103  105  105  108  111  115  118  123  128  134  140  149  156
  164  169  174  176  176  176  176  175  173  173  171  170  164  163  159  159
  158  159  158  157  155  152  148  145  143  142  141  137  133  123  115  103
   96   89   86   80   77   70   69   64   73                                   
    47.5-180.0 180.0   5.0 450.0                            LAT/LON1/LON2/DLON/H
   77   78   72   70   70   69   68   68   68   72   75   82   85   91   94  100
  103  106  108  110  111  114  117  121  125  130  133  139  144  151  158  167
  173  181  186  191  191  193  192  192  188  188  183  181  175  172  167  167
  166  168  166  165  162  158  154  151  148  147  145  143  136  128  117  109
  101   97   93   89   84   77   76   70   77                                   
    45.0-180.0 180.0   5.0 450.0                            LAT/LON1/LON2/DLON/H
   85   81   76   76   75   73   74   71   73   73   79   81   88   89   96  100
  106  109  112  115  117  119  124  128  134  137  142  147  152  158  165  173
  181  191  199  205  208  209  210  208  206  203  199  194  187  183  177  176
  174  174  171  170  166  163  157  154  151  150  149  146  141  133  125  115
  110  105  103   97   95   87   85   82   85                                   
    42.5-180.0 180.0   5.0 450.0                            LAT/LON1/LON2/DLON/H
   87   86   83   78   78   76   76   77   78   82   84   90   92   98  101  108
  112  118  119  124  125  128  132  137  142  147  152  156  160  167  173  181
  189  201  211  220  226  230  230  229  225  222  215  211  202  197  190  187
  184  182  178  175  171  166  162  158  155  154  151  150  144  139  129  122
  117  114  111  107  102   95   92   88   87                                   
    40.0-180.0 180.0   5.0 450.0                            LAT/LON1/LON2/DLON/H
   97   89   85   85   82   81   82   82   86   87   92   95  101  103  110  113
  119  123  127  130  133  134  139  143  150  154  160  164  169  175  181  189
  199  212  226  238  247  251  252  251  247  243  235  228  220  212  205  201
  195  192  186  183  177  173  168  165  161  158  157  153  150  143  138  130
  128  124  123  115  112  101   97   96   97                                   
    37.5-180.0 180.0   5.0 450.0                            LAT/LON1/LON2/DLON/H
   97   93   87   83   80   81   81   85   88   94   98  106  109  116  118  125
  129  135  137  142  142  144  146  151  155  160  166  170  175  181  189  199
  211  227  244  260  270  277  278  277  273  268  259  251  240  231  223  215
  209  202  196  191  185  179  175  171  167  164  160  158  152  149  143  138
  134  132  130  123  116  106  104   98   97                                   
    35.0-180.0 180.0   5.0 450.0                            LAT/LON1/LON2/DLON/H
  104   93   84   83   81   82   82   86   92   98  105  113  120  126  132  135
  140  144  147  150  151  151  153  156  162  166  173  177  184  191  202  212
  229  248  269  287  300  305  307  305  301  296  286  276  262  252  242  233
  224  215  206  200  193  187  181  177  172  168  164  160  156  152  149  144
  142  139  138  128  122  109  106  104  104                                   
    32.5-180.0 180.0   5.0 450.0                            LAT/LON1/LON2/DLON/H
  102   96   85   80   77   79   79   85   90   99  106  118  126  134  139  145
  149  155  158  161  160  160  160  163  168  173  179  184  193  203  214  230
  248  274  296  315  326  331  333  332  327  322  313  303  288  276  263  252
  240  227  218  207  203  193  189  183  178  171  167  162  157  154  151  148
  146  142  140  132  123  113  113  105  102                                   
    30.0-180.0 180.0   5.0 450.0                            LAT/LON1/LON2/DLON/H
  108   96   85   80   78   80   78   84   88   95  106  118  131  139  148  152
  158  162  165  168  167  166  166  169  174  179  187  195  207  217  233  251
  277  303  327  343  354  355  356  353  351  346  337  328  314  302  287  275
  261  249  237  226  218  208  199  192  184  178  171  166  159  156  153  151
  150  146  144  134  127  116  114  110  108                                   
    27.5-180.0 180.0   5.0 450.0                            LAT/LON1/LON2/DLON/H
  111  104   91   83   80   80   78   81   84   91  100  114  128  140  149  156
  163  170  173  176  174  174  172  175  179  186  195  207  219  234  252  279
  305  331  352  366  376  375  373  371  367  367  357  350  336  325  309  297
  282  270  258  246  237  222  210  196  189  177  173  166  162  157  154  152
  149  146  142  135  128  120  121  113  111                                   
    25.0-180.0 180.0   5.0 450.0                            LAT/LON1/LON2/DLON/H
  119  108   95   90   85   84   81   81   82   87   97  108  124  137  150  156
  167  172  177  180  180  178  178  180  186  194  207  221  237  254  278  306
  332  354  375  387  392  390  384  384  380  381  373  365  353  344  331  321
  306  296  281  270  255  237  219  201  189  180  172  167  161  158  154  153
  150  148  144  138  132  127  123  123  119                                   
    22.5-180.0 180.0   5.0 450.0                            LAT/LON1/LON2/DLON/H
  123  118  105   99   93   91   86   85   82   86   93  108  121  136  150  160
  169  178  182  187  187  186  184  186  193  204  219  237  253  276  300  327
  349  371  389  400  402  400  394  395  390  393  385  380  367  361  348  342
  326  321  305  293  275  253  228  207  194  179  171  164  158  153  152  150
  149  147  142  138  135  130  133  127  123                                   
    20.0-180.0 180.0   5.0 450.0                            LAT/LON1/LON2/DLON/H
  132  124  114  109  104  101   95   92   88   89   95  104  118  129  146  155
  168  176  185  191  192  192  190  195  203  218  237  254  276  298  324  342
  364  379  395  404  405  403  398  399  397  398  395  388  379  371  360  355
  344  337  321  309  285  264  235  217  198  184  173  165  158  152  150  150
  151  149  146  143  139  138  135  137  132                                   
    17.5-180.0 180.0   5.0 450.0                            LAT/LON1/LON2/DLON/H
  134  132  123  119  112  111  102  100   93   95   96  108  120  137  151  164
  172  183  189  199  199  201  202  207  217  234  251  275  295  319  339  355
  371  386  397  410  410  414  409  412  409  411  407  405  396  391  378  380
  368  364  342  326  300  277  249  229  210  191  180  167  160  152  151  149
  154  152  151  147  144  139  143  141  134                                   
    15.0-180.0 180.0   5.0 450.0                            LAT/LON1/LON2/DLON/H
  138  133  127  123  119  116  110  107  101  102  102  111  122  134  150  160
  170  182  190  201  202  208  210  220  233  250  271  296  317  337  353  363
  374  386  399  410  413  417  415  416  417  416  417  412  408  399  392  390
  383  375  351  337  307  285  255  240  221  206  188  176  164  158  153  154
  157  158  157  154  149  145  144  142  138                                   
    12.5-180.0 180.0   5.0 450.0                            LAT/LON1/LON2/DLON/H
  135  133  125  123  117  116  110  110  104  106  104  113  123  140  157  171
  180  192  199  208  214  217  224  233  249  270  290  315  330  349  361  369
  377  391  400  416  420  427  426  429  428  431  428  429  421  418  408  411
  400  391  363  341  312  290  263  248  232  216  199  184  173  165  161  160
  163  161  161  156  151  143  143  136  135                                   
    10.0-180.0 180.0   5.0 450.0                            LAT/LON1/LON2/DLON/H
  132  129  121  119  114  113  108  108  103  107  104  113  123  138  156  169
  182  192  201  212  217  226  234  250  266  289  308  328  346  359  369  373
  380  391  403  416  422  428  428  431  430  432  430  431  423  419  410  408
  395  382  356  339  309  290  266  256  239  226  203  192  178  174  167  167
  167  165  162  156  149  142  137  132  132                                   
     7.5-180.0 180.0   5.0 450.0                            LAT/LON1/LON2/DLON/H
  124  126  116  114  109  106  102  101   97  102  100  110  120  139  161  178
  192  203  212  222  232  239  252  267  284  308  321  345  354  367  373  379
