data/unet/pred1380.15i
     1.0            IONOSPHERE MAPS     GNSS                IONEX VERSION / TYPE
pyspatialgeodesy        IME             05-JAN-18 20:20     PGM / RUN BY / DATE 
Map Name                                                    COMMENT             
Predicted global ionosphere maps (GIM).                     DESCRIPTION         
  2015     5    18     0     0     0                        EPOCH OF FIRST MAP  
  2015     5    19     0     0     0                        EPOCH OF LAST MAP   
  7200                                                      INTERVAL            
    13                                                      # OF MAPS IN FILE   
  NONE                                                      MAPPING FUNCTION    
10.0                                                        ELEVATION CUTOFF    
One-way carrier phase leveled to code                       OBSERVABLES USED    
  6371.0                                                    BASE RADIUS         
 2                                                          MAP DIMENSION       
   450.0 450.0   0.0                                        HGT1 / HGT2 / DHGT  
    87.5 -87.5  -2.5                                        LAT1 / LAT2 / DLAT  
  -180.0 180.0   5.0                                        LON1 / LON2 / DLON  
    -1                                                      EXPONENT            
                                                            END OF HEADER       
[from data line 4290]
    11                                                      START OF TEC MAP    
  2015     5    18    20     0     0                        EPOCH OF CURRENT MAP
    87.5-180.0 180.0   5.0 450.0                            LAT/LON1/LON2/DLON/H
  242  222  217  218  218  217  217  218  219  219  219  219  219  219  218  218
  217  217  217  218  218  218  218  218  218  218  218  219  219  220  220  221
  219  221  219  220  218  219  217  218  216  218  216  218  216  218  216  219
  217  219  217  219  217  218  216  218  216  218  215  217  215  216  214  216
  214  217  215  214  212  210  210  213  242                                   
    85.0-180.0 180.0   5.0 450.0                            LAT/LON1/LON2/DLON/H
  212  215  214  216  214  214  215  216  219  219  221  221  223  221  223  222
  223  222  224  223  224  223  223  223  223  221  222  221  222  220  222  220
  221  219  220  219  220  218  219  218  219  217  218  218  219  218  219  219
  219  219  220  220  220  220  220  219  220  218  218  216  216  215  214  213
  214  213  214  211  209  204  208  220  212                                   
    82.5-180.0 180.0   5.0 450.0                            LAT/LON1/LON2/DLON/H
  215  210  212  210  210  211  212  216  218  222  224  228  228  232  231  234
  233  234  233  235  233  234  231  231  228  228  225  225  222  221  220  219
  218  217  216  216  216  216  216  216  216  217  216  218  218  219  219  220
  220  222  222  223  223  224  223  224  223  223  220  220  218  218  215  216
  214  215  213  212  208  206  204  213  215                                   
    80.0-180.0 180.0   5.0 450.0                            LAT/LON1/LON2/DLON/H
  217  204  202  199  200  202  206  210  214  219  222  227  229  233  234  236
  236  237  236  237  235  234  231  230  226  225  222  220  217  215  213  211
  209  208  208  207  208  207  208  207  210  208  211  210  213  212  214  214
  216  216  218  218  219  218  219  219  219  217  216  215  213  213  210  211
  209  210  209  206  203  200  197  207  217                                   
    77.5-180.0 180.0   5.0 450.0                            LAT/LON1/LON2/DLON/H
  213  201  198  194  196  197  204  206  213  216  224  227  233  235  240  239
  241  240  241  240  239  235  234  230  228  224  222  219  216  213  210  209
  206  205  205  205  204  205  206  207  207  208  209  210  211  212  213  214
  215  216  217  218  219  219  219  219  219  217  216  214  213  212  211  209
  210  210  211  207  205  200  199  206  213                                   
    75.0-180.0 180.0   5.0 450.0                            LAT/LON1/LON2/DLON/H
  220  207  203  200  199  203  205  210  215  222  228  234  239  244  247  247
  248  247  247  245  243  239  236  232  230  227  224  221  218  214  211  209
  207  206  205  205  205  205  206  207  208  208  210  210  211  211  212  212
  213  213  214  215  215  216  216  216  216  215  213  213  212  212  210  212
  212  216  217  217  214  211  212  219  220                                   
    72.5-180.0 180.0   5.0 450.0                            LAT/LON1/LON2/DLON/H
  229  220  214  208  208  209  214  215  222  227  235  240  247  249  253  252
  252  250  249  246  244  240  238  234  232  230  228  225  222  219  215  213
  211  210  209  208  209  208  210  209  211  210  210  210  210  209  210  210
  210  212  212  214  214  215  215  217  216  216  214  213  211  211  210  211
  213  218  222  224  223  224  227  235  229                                   
    70.0-180.0 180.0   5.0 450.0                            LAT/LON1/LON2/DLON/H
  248  236  229  225  222  224  225  228  233  239  245  251  256  259  260  259
  257  254  252  248  245  240  238  235  234  233  232  230  227  224  221  219
  217  216  215  215  214  214  214  214  213  212  210  209  207  205  204  204
  203  204  204  206  206  208  208  210  210  210  209  209  209  210  211  214
  217  224  231  235  235  239  246  251  248                                   
    67.5-180.0 180.0   5.0 450.0                            LAT/LON1/LON2/DLON/H
  261  253  245  237  234  234  237  237  244  247  255  257  263  263  265  261
  260  255  254  251  247  244  241  240  238  237  236  235  233  230  227  226
  223  222  221  221  220  219  219  216  215  212  210  206  204  201  199  197
  197  197  198  200  200  203  203  206  206  208  208  208  209  209  213  214
  220  226  236  239  245  251  262  266  261                                   
    65.0-180.0 180.0   5.0 450.0                            LAT/LON1/LON2/DLON/H
  279  269  259  253  246  247  246  248  251  256  261  266  269  269  269  266
  262  260  257  255  250  249  245  244  242  242  241  241  239  237  235  233
  231  229  228  227  226  224  223  221  218  214  209  205  199  196  192  190
  188  189  188  191  191  194  194  198  198  201  202  204  208  211  215  218
  222  231  239  247  250  262  275  275  279                                   
    62.5-180.0 180.0   5.0 450.0                            LAT/LON1/LON2/DLON/H
  287  280  270  259  254  251  252  251  256  258  264  265  270  268  270  267
  266  263  263  261  259  255  252  251  248  248  245  246  244  243  240  239
  236  236  233  233  230  230  226  224  219  216  209  204  197  193  187  186
  183  183  182  184  184  187  187  191  192  196  200  204  210  213  220  219
  228  231  244  244  256  265  279  281  287                                   
    60.0-180.0 180.0   5.0 450.0                            LAT/LON1/LON2/DLON/H
  292  283  276  265  257  256  254  254  256  258  264  265  268  268  270  269
  268  270  270  271  267  266  260  259  253  253  250  251  249  249  247  246
  244  243  241  239  237  234  232  228  224  219  212  205  196  190  184  181
  177  177  175  177  176  179  178  182  183  187  190  197  204  210  217  223
  229  237  245  252  257  271  282  280  292                                   
    57.5-180.0 180.0   5.0 450.0                            LAT/LON1/LON2/DLON/H
  289  285  282  267  263  258  259  255  259  257  262  261  265  265  268  268
  271  273  278  278  278  272  270  265  261  259  256  256  255  256  255  255
  253  252  249  247  243  241  236  233  227  223  213  207  195  191  182  181
  176  175  172  173  171  173  172  175  176  180  185  193  202  212  219  225
  233  236  247  248  258  267  274  276  289                                   
    55.0-180.0 180.0   5.0 450.0                            LAT/LON1/LON2/DLON/H
  290  286  287  280  272  273  267  265  261  260  259  258  260  261  265  268
  271  277  280  285  282  280  273  271  263  264  260  263  261  264  265  265
  263  262  258  255  251  248  244  240  235  228  219  210  199  191  183  180
  175  174  171  171  168  169  167  168  168  172  176  186  197  208  219  228
  236  244  251  258  261  273  275  276  290                                   
    52.5-180.0 180.0   5.0 450.0                            LAT/LON1/LON2/DLON/H
  286  288  293  284  285  281  283  276  275  266  267  259  261  258  263  264
  271  274  281  282  285  279  277  271  270  268  268  271  273  276  278  278
  276  273  269  264  259  255  251  246  241  234  224  214  202  194  184  182
  175  175  170  171  167  167  164  165  165  168  173  184  195  210  223  234
  244  250  260  259  266  270  270  275  286                                   
    50.0-180.0 180.0   5.0 450.0                            LAT/LON1/LON2/DLON/H
  291  294  301  301  300  304  302  301  294  288  280  275  268  266  266  270
  272  277  280  283  282  280  276  274  271  273  275  280  284  289  290  289
  285  283  278  274  268  264  259  256  249  243  232  220  206  197  188  183
  178  176  173  172  169  169  165  165  163  165  170  180  195  209  227  240
  254  262  274  278  283  285  286  287  291                                   
    47.5-180.0 180.0   5.0 450.0                            LAT/LON1/LON2/DLON/H
  293  303  311  310  316  318  322  318  316  306  300  288  282  274  275  276
  278  278  280  281  281  278  279  278  281  284  290  296  302  304  306  303
  298  295  290  284  279  273  270  264  259  250  240  226  211  201  190  187
  180  181  176  177  173  173  170  169  166  167  171  180  195  212  232  247
  263  273  288  292  298  297  296  298  293                                   
    45.0-180.0 180.0   5.0 450.0                            LAT/LON1/LON2/DLON/H
  305  317  325  330  335  343  346  345  342  335  328  317  308  301  295  295
  290  292  286  289  284  286  285  289  291  298  303  311  315  318  319  314
  311  307  303  300  294  290  284  279  270  262  248  235  217  207  196  192
  187  187  183  184  181  182  178  177  173  173  176  183  196  212  234  250
  271  283  301  308  317  315  316  315  305                                   
    42.5-180.0 180.0   5.0 450.0                            LAT/LON1/LON2/DLON/H
  314  331  336  344  350  359  366  367  367  363  356  346  338  328  322  316
  311  307  300  301  296  299  301  306  310  315  319  327  331  334  332  328
  324  322  321  318  316  310  306  297  288  273  260  243  227  215  205  201
  195  195  191  193  190  192  188  186  182  180  182  185  198  211  235  252
  276  291  311  319  330  333  334  329  314                                   
    40.0-180.0 180.0   5.0 450.0                            LAT/LON1/LON2/DLON/H
  327  339  344  356  362  373  380  382  387  383  385  377  373  367  361  356
  344  341  328  328  322  325  328  329  333  333  337  343  347  349  348  344
  343  342  344  343  342  336  331  322  309  293  274  257  240  230  219  215
  209  209  205  207  203  205  200  199  194  193  191  194  200  212  232  251
  275  295  315  327  339  344  348  343  327                                   
    37.5-180.0 180.0   5.0 450.0                            LAT/LON1/LON2/DLON/H
  332  349  354  364  370  379  389  394  401  405  408  407  405  403  398  393
  383  374  364  359  354  354  356  354  357  355  358  362  364  366  365  363
  363  364  365  364  362  357  351  340  329  311  294  276  260  249  239  234
  226  223  216  217  212  214  209  208  203  199  197  196  202  210  228  247
  270  291  313  326  341  350  357  351  332                                   
    35.0-180.0 180.0   5.0 450.0                            LAT/LON1/LON2/DLON/H
  341  355  362  374  377  387  396  401  412  417  428  432  435  437  436  433
  425  417  407  398  396  391  391  386  386  381  384  382  388  389  392  392
  393  393  393  389  386  378  371  360  348  333  317  300  284  274  260  256
  245  243  231  233  223  227  219  221  213  212  207  205  206  213  227  246
  269  290  313  325  342  350  358  356  341                                   
    32.5-180.0 180.0   5.0 450.0                            LAT/LON1/LON2/DLON/H
  345  363  372  379  387  392  402  409  422  432  444  454  462  468  469  471
  461  454  443  438  433  427  423  414  413  406  408  408  412  416  420  422
  425  423  423  415  409  397  387  371  360  346  336  321  309  296  284  272
  262  251  245  237  234  230  229  222  221  214  211  205  208  210  227  243
  267  288  309  322  337  349  359  357  345                                   
    30.0-180.0 180.0   5.0 450.0                            LAT/LON1/LON2/DLON/H
  356  365  380  389  396  405  409  421  437  451  467  480  491  500  503  506
  498  491  484  476  473  462  458  445  440  433  436  440  447  455  462  469
  469  466  457  445  433  418  403  385  370  358  347  337  324  314  298  290
  275  270  253  247  235  233  226  225  219  218  216  219  217  223  231  250
  274  296  317  328  340  347  358  362  356                                   
    27.5-180.0 180.0   5.0 450.0                            LAT/LON1/LON2/DLON/H
  362  376  391  399  410  413  425  434  454  470  490  505  517  527  531  535
  528  525  514  513  503  499  487  476  470  464  471  478  491  501  514  514
  514  501  484  465  446  426  405  383  368  357  348  339  330  321  314  299
  284  268  260  248  243  237  237  231  228  222  220  218  219  224  238  255
  281  299  322  326  338  344  360  366  362                                   
    25.0-180.0 180.0   5.0 450.0                            LAT/LON1/LON2/DLON/H
  376  384  403  417  429  441  449  463  485  504  530  542  558  564  572  569
  568  559  553  544  538  526  518  506  505  506  515  524  533  543  549  547
  535  523  505  476  449  423  397  375  360  350  345  340  334  327  311  297
  278  269  258  254  250  247  246  242  238  230  226  219  220  222  234  252
  279  300  330  336  343  349  362  377  376                                   
    22.5-180.0 180.0   5.0 450.0                            LAT/LON1/LON2/DLON/H
  381  402  426  439  456  468  481  499  524  547  570  590  602  612  613  614
  609  603  593  587  575  562  545  536  534  536  552  556  571  572  575  564
  549  527  500  464  430  397  371  349  338  333  331  330  320  314  299  288
  274  270  262  262  259  254  255  252  255  247  244  236  235  234  239  253
  272  298  321  340  351  355  371  387  381                                   
    20.0-180.0 180.0   5.0 450.0                            LAT/LON1/LON2/DLON/H
  396  416  445  469  483  500  513  535  562  585  612  628  647  658  665  660
  659  648  644  629  619  587  576  558  570  576  596  600  607  611  608  595
  568  533  489  447  408  371  340  324  319  319  316  313  305  298  286  277
  269  266  263  261  262  258  258  256  257  253  252  243  243  237  243  253
  271  290  315  334  353  361  374  401  396                                   
    17.5-180.0 180.0   5.0 450.0                            LAT/LON1/LON2/DLON/H
  400  430  462  486  502  515  536  555  586  611  636  658  676  695  699  700
  696  695  689  680  662  633  608  598  607  618  629  630  635  636  628  605
  566  514  465  415  375  336  314  301  296  298  299  295  286  283  273  271
  265  263  260  257  257  251  254  252  254  250  249  243  239  234  237  244
  259  280  304  326  345  362  376  408  400                                   
    15.0-180.0 180.0   5.0 450.0                            LAT/LON1/LON2/DLON/H
  411  436  470  497  514  532  549  575  602  632  652  673  697  714  729  729
  729  727  727  719  708  671  652  632  646  652  664  668  668  663  646  610
  553  498  446  396  354  316  294  286  282  286  291  287  281  278  273  270
  267  263  260  253  250  245  245  243  246  243  242  232  229  221  221  226
  237  262  287  315  335  355  373  408  411                                   
    12.5-180.0 180.0   5.0 450.0                            LAT/LON1/LON2/DLON/H
  404  440  475  502  519  534  552  574  607  633  658  682  709  733  750  757
  756  759  757  756  738  716  691  677  674  677  684  685  681  666  635  592
  535  482  437  388  348  311  295  288  286  286  289  285  281  280  279  275
  271  264  259  248  244  233  234  231  230  224  218  211  207  202  200  204
  215  235  262  293  325  346  366  403  404                                   
    10.0-180.0 180.0   5.0 450.0                            LAT/LON1/LON2/DLON/H
  406  442  477  503  520  533  554  581  615  638  661  681  712  738  765  773
  782  786  787  786  774  754  733  714  710  706  704  702  688  665  624  573
  519  471  432  388  355  324  311  307  305  305  307  303  298  298  297  291
  282  271  261  247  240  228  224  214  210  198  193  186  183  179  176  182
  190  213  242  273  307  333  358  398  406                                   
     7.5-180.0 180.0   5.0 450.0                            LAT/LON1/LON2/DLON/H
  403  448  485  511  525  542  558  587  613  636  655  676  703  736  762  780
  787  798  800  805  793  782  761  745  727  716  709  696  679  653  612  562
