data/unet/pred0790.15i
     1.0            IONOSPHERE MAPS     GNSS                IONEX VERSION / TYPE
pyspatialgeodesy        IME             05-JAN-18 20:20     PGM / RUN BY / DATE 
Map Name                                                    COMMENT             
Predicted global ionosphere maps (GIM).                     DESCRIPTION         
  2015     3    20     0     0     0                        EPOCH OF FIRST MAP  
  2015     3    21     0     0     0                        EPOCH OF LAST MAP   
  7200                                                      INTERVAL            
    13                                                      # OF MAPS IN FILE   
  NONE                                                      MAPPING FUNCTION    
10.0                                                        ELEVATION CUTOFF    
One-way carrier phase leveled to code                       OBSERVABLES USED    
  6371.0                                                    BASE RADIUS         
 2                                                          MAP DIMENSION       
   450.0 450.0   0.0                                        HGT1 / HGT2 / DHGT  
    87.5 -87.5  -2.5                                        LAT1 / LAT2 / DLAT  
  -180.0 180.0   5.0                                        LON1 / LON2 / DLON  
    -1                                                      EXPONENT            
                                                            END OF HEADER       
[from data line 2574]
     7                                                      START OF TEC MAP    
  2015     3    20    12     0     0                        EPOCH OF CURRENT MAP
    87.5-180.0 180.0   5.0 450.0                            LAT/LON1/LON2/DLON/H
  106  118  119  119  120  118  120  117  122  118  121  119  122  120  122  120
  122  120  120  119  120  118  119  117  120  117  120  117  121  116  120  116
  120  115  119  115  120  116  120  116  119  117  118  117  117  116  116  115
  116  115  115  115  115  115  114  114  114  114  113  113  114  113  113  113
  113  113  114  112  111  109  119  107  106                                   
    85.0-180.0 180.0   5.0 450.0                            LAT/LON1/LON2/DLON/H
  110  107  106  104  107  106  110  110  113  113  115  115  119  117  120  118
  122  119  122  119  123  119  123  120  123  121  123  121  124  122  124  122
  124  122  124  122  123  121  122  120  121  119  120  119  119  118  119  118
  118  117  117  116  117  115  116  113  115  112  113  111  112  109  110  107
  107  105  105  103  101  102  108  110  110                                   
    82.5-180.0 180.0   5.0 450.0                            LAT/LON1/LON2/DLON/H
   99   93   95   95   98   97  102  102  107  105  110  110  114  113  116  116
  118  116  118  117  119  118  120  120  122  121  123  123  125  124  126  125
  126  125  126  125  124  123  122  120  120  118  117  116  116  114  115  114
  114  112  113  112  113  111  113  110  113  110  111  109  110  107  105  103
  101   98   96   92   89   88   90   89   99                                   
    80.0-180.0 180.0   5.0 450.0                            LAT/LON1/LON2/DLON/H
   83   75   78   79   81   84   89   92   96   98  101  103  105  105  106  106
  107  106  107  106  107  106  108  108  110  109  112  113  116  116  119  120
  121  121  122  121  120  119  119  116  116  112  114  110  112  109  111  110
  110  110  111  112  112  114  114  115  114  114  113  113  110  109  105  102
   98   94   89   84   79   76   74   77   83                                   
    77.5-180.0 180.0   5.0 450.0                            LAT/LON1/LON2/DLON/H
   75   67   67   67   69   73   77   81   84   87   90   92   93   92   94   93
   93   92   92   92   91   93   93   97   95  101  102  109  109  116  116  123
  121  126  123  126  122  122  120  119  116  115  115  113  112  111  111  112
  111  112  113  115  114  117  116  118  118  119  118  117  114  112  109  105
   99   94   88   80   74   68   67   71   75                                   
    75.0-180.0 180.0   5.0 450.0                            LAT/LON1/LON2/DLON/H
   69   63   63   62   63   65   70   73   76   78   81   81   81   80   81   80
   79   78   79   79   79   82   83   87   88   95   98  106  109  117  121  127
  129  133  133  134  130  129  125  123  119  119  117  117  114  116  116  116
  115  118  119  121  121  123  123  125  124  125  124  123  120  118  114  110
  105  100   93   84   77   70   68   73   69                                   
    72.5-180.0 180.0   5.0 450.0                            LAT/LON1/LON2/DLON/H
   68   64   63   62   64   66   68   71   74   76   78   77   76   74   74   73
   72   71   73   72   75   75   79   83   85   94   97  108  113  123  128  137
  139  145  144  146  141  140  134  132  127  127  125  125  123  125  125  126
  126  127  128  128  129  129  130  129  129  127  127  124  123  120  117  112
  108  104   98   89   80   73   70   75   68                                   
    70.0-180.0 180.0   5.0 450.0                            LAT/LON1/LON2/DLON/H
   71   66   64   65   65   65   69   69   73   72   75   73   73   69   70   68
   69   68   71   70   74   77   80   86   89   98  102  112  117  128  134  144
  148  154  154  155  151  149  143  140  135  136  134  135  134  136  137  136
  136  135  135  133  132  131  131  128  128  124  123  119  117  113  111  107
  105  103  100   92   86   79   75   82   71                                   
    67.5-180.0 180.0   5.0 450.0                            LAT/LON1/LON2/DLON/H
   72   70   69   69   70   70   73   74   76   76   78   77   76   74   73   73
   73   74   76   77   80   84   87   92   94  102  106  115  122  133  141  151
  156  161  162  163  158  156  150  147  142  144  142  144  144  146  146  145
  143  141  140  136  134  131  129  124  121  115  112  107  105  101  100   97
   97   96   96   90   86   79   78   82   72                                   
    65.0-180.0 180.0   5.0 450.0                            LAT/LON1/LON2/DLON/H
   73   70   69   71   71   71   75   75   78   77   79   79   79   77   76   75
   76   78   80   84   86   91   93   97   98  105  107  115  121  135  145  155
  162  169  170  171  166  165  157  157  149  155  152  158  155  160  154  155
  147  146  139  136  130  127  121  116  110  104   99   93   89   86   85   84
   86   87   90   86   84   82   78   87   73                                   
    62.5-180.0 180.0   5.0 450.0                            LAT/LON1/LON2/DLON/H
   68   67   68   69   71   70   74   75   78   77   80   80   82   81   81   81
   82   84   87   90   93   96   98  100  100  103  103  111  116  130  142  154
  164  172  176  175  172  168  163  159  156  158  160  163  165  166  164  159
  153  148  142  135  129  124  117  110  103   95   89   81   77   71   72   70
   75   75   82   79   79   73   73   79   68                                   
    60.0-180.0 180.0   5.0 450.0                            LAT/LON1/LON2/DLON/H
   62   60   60   64   66   65   69   69   73   72   78   78   82   81   83   84
   84   88   90   94   96   99  100  102  100  104  103  111  115  130  143  159
  169  180  184  188  182  182  172  174  166  172  169  178  175  180  172  171
  158  154  145  140  131  126  118  112  103   95   87   79   72   66   64   62
   65   66   72   70   70   69   68   73   62                                   
    57.5-180.0 180.0   5.0 450.0                            LAT/LON1/LON2/DLON/H
   54   52   53   55   58   58   62   63   67   67   72   74   78   80   81   82
   82   86   88   92   94   97   98  100   98  102  100  109  113  130  144  163
  176  189  197  201  200  195  189  185  180  181  182  185  187  188  186  180
  173  165  158  150  144  137  130  122  114  106   97   88   79   72   68   63
   65   63   69   65   66   60   62   59   54                                   
    55.0-180.0 180.0   5.0 450.0                            LAT/LON1/LON2/DLON/H
   51   49   44   48   50   51   55   53   58   57   64   66   73   74   77   78
   79   82   82   88   89   93   93   97   95  102  101  113  118  138  150  173
  186  207  219  230  225  224  212  213  201  204  197  202  200  205  200  200
  189  185  174  168  159  154  144  139  130  125  116  110   99   94   84   79
   73   72   71   67   64   59   59   54   51                                   
    52.5-180.0 180.0   5.0 450.0                            LAT/LON1/LON2/DLON/H
   51   46   43   44   45   46   48   49   51   52   57   61   64   66   67   69
   69   72   74   79   81   86   88   94   96  104  108  121  128  148  162  184
  206  231  252  261  263  256  247  240  230  224  216  216  217  218  220  217
  212  203  198  188  183  173  166  157  153  147  142  135  127  121  109  101
   93   85   84   76   74   63   62   50   51                                   
    50.0-180.0 180.0   5.0 450.0                            LAT/LON1/LON2/DLON/H
   64   55   47   48   47   47   47   43   45   42   49   49   55   55   58   58
   60   63   67   71   75   82   86   95   98  111  116  132  140  159  173  196
  221  250  271  284  286  287  276  274  259  253  238  237  232  238  235  238
  229  226  214  210  200  192  182  175  169  168  164  162  156  150  139  131
  118  112  103   96   88   82   75   61   64                                   
    47.5-180.0 180.0   5.0 450.0                            LAT/LON1/LON2/DLON/H
   78   68   59   58   56   54   51   48   46   45   46   48   49   49   49   51
   51   57   61   69   73   81   89   98  110  120  133  147  156  173  191  213
  243  272  294  306  312  315  311  306  294  281  265  256  251  251  249  249
  242  237  229  220  214  203  194  184  180  176  177  176  176  173  164  154
  143  133  127  119  112  100   97   79   78                                   
    45.0-180.0 180.0   5.0 450.0                            LAT/LON1/LON2/DLON/H
  100   90   74   73   72   66   63   54   52   43   47   43   48   43   46   44
   49   54   61   70   77   86   95  107  117  133  142  159  167  185  202  226
  254  283  302  317  324  335  331  335  321  311  289  281  268  266  258  260
  247  248  234  229  215  205  189  181  176  177  177  181  185  185  180  170
  159  152  144  139  131  126  117  106  100                                   
    42.5-180.0 180.0   5.0 450.0                            LAT/LON1/LON2/DLON/H
  117  107   93   88   84   78   73   66   61   55   54   52   51   47   47   47
   51   59   66   76   83   91  102  112  127  139  154  167  181  194  216  236
  265  289  313  324  340  348  357  359  351  338  318  301  287  275  267  261
  251  247  237  226  213  200  184  171  165  163  164  169  175  180  178  173
  164  158  152  149  145  135  136  123  117                                   
    40.0-180.0 180.0   5.0 450.0                            LAT/LON1/LON2/DLON/H
  133  127  109  102  100   92   89   77   74   63   65   56   60   52   57   53
   61   66   76   87   94  102  112  123  137  150  163  177  191  204  224  243
  269  291  311  328  346  361  368  378  369  362  340  325  304  292  277  271
  257  256  240  233  215  199  180  166  157  155  154  162  165  171  172  168
  162  157  153  152  148  147  143  137  133                                   
    37.5-180.0 180.0   5.0 450.0                            LAT/LON1/LON2/DLON/H
  136  130  116  110  107   99   98   88   84   75   74   70   70   66   67   67
   71   78   87   98  103  110  116  127  140  154  168  180  196  209  229  247
  273  292  317  335  362  377  392  398  393  383  363  344  326  309  296  285
  273  265  254  247  235  219  199  182  167  159  153  152  155  157  161  157
  155  151  145  145  142  138  139  136  136                                   
    35.0-180.0 180.0   5.0 450.0                            LAT/LON1/LON2/DLON/H
  133  131  118  113  116  108  110   97   97   84   85   77   83   77   82   78
   86   89   98  106  112  119  126  135  150  161  177  186  204  214  235  253
  279  298  325  348  377  396  412  423  414  408  386  369  352  337  324  318
  304  301  286  282  271  259  240  218  199  181  168  163  158  156  154  152
  149  145  140  138  131  134  130  135  133                                   
    32.5-180.0 180.0   5.0 450.0                            LAT/LON1/LON2/DLON/H
  121  118  106  111  110  109  110  103  101   94   93   91   93   93   95   95
   97  101  107  115  120  129  135  145  156  169  181  194  206  224  243  264
  292  316  349  378  413  427  444  452  447  439  421  405  389  379  368  364
  355  352  343  342  335  327  307  287  256  230  212  195  184  168  168  157
  158  152  145  136  128  118  119  118  121                                   
    30.0-180.0 180.0   5.0 450.0                            LAT/LON1/LON2/DLON/H
  116  103   97  102  114  113  120  107  110   97  101   94  101   98  105  100
  106  104  112  119  128  137  145  155  166  177  192  201  217  232  253  278
  314  344  383  414  444  459  471  481  483  481  463  451  437  436  430  432
  429  428  421  422  416  411  393  369  334  295  263  240  228  208  198  189
  182  175  163  152  135  125  117  116  116                                   
    27.5-180.0 180.0   5.0 450.0                            LAT/LON1/LON2/DLON/H
  108   94   83   94   99  107  113  110  109  103  103  102  107  107  112  110
  112  112  118  125  137  148  158  168  179  191  208  218  236  251  278  303
  343  376  419  449  478  488  502  509  520  524  510  507  497  505  508  521
  516  522  513  514  509  498  478  444  412  366  332  308  285  261  246  229
  229  215  205  185  165  138  128  115  108                                   
    25.0-180.0 180.0   5.0 450.0                            LAT/LON1/LON2/DLON/H
  113   96   81   83   95   98  106  100  109   99  108  101  110  103  111  105
  110  104  114  122  140  153  169  180  195  207  225  236  252  268  306  332
  376  411  456  480  507  518  532  542  555  563  557  562  566  580  595  607
  613  616  612  608  600  584  562  533  485  443  392  370  344  331  310  306
  289  281  248  229  198  177  153  142  113                                   
    22.5-180.0 180.0   5.0 450.0                            LAT/LON1/LON2/DLON/H
  130  112   96   98   95   99   98   96   99   96  100  101  107  106  110  105
  107  104  114  124  144  164  183  196  210  222  240  248  273  293  338  366
  406  443  489  516  536  547  563  575  590  603  603  621  625  658  669  695
  690  698  693  689  685  668  648  609  573  523  477  440  417  390  373  361
  347  333  301  273  239  209  187  170  130                                   
    20.0-180.0 180.0   5.0 450.0                            LAT/LON1/LON2/DLON/H
  174  127  115  112  116  109  107   99  101   92   96   93  101   94  104   98
  102   95  109  118  145  164  192  201  218  229  252  265  294  323  363  396
  437  482  528  551  574  580  597  610  626  644  655  677  697  720  737  747
  748  749  751  741  737  713  697  660  614  578  531  500  468  445  428  416
  406  396  366  340  299  259  228  224  174                                   
    17.5-180.0 180.0   5.0 450.0                            LAT/LON1/LON2/DLON/H
  214  169  146  136  131  124  118  110   97   90   89   89   93   91   96   95
  103  100  112  128  149  174  195  211  223  243  264  280  312  346  391  429
  475  525  569  597  612  621  633  642  663  682  692  720  730  756  761  773
  771  776  775  772  762  740  723  682  646  607  572  540  509  483  466  458
  449  446  422  396  359  320  283  272  214                                   
    15.0-180.0 180.0   5.0 450.0                            LAT/LON1/LON2/DLON/H
  258  217  186  163  157  141  131  120  118   99   96   88   90   88   91   87
  101  100  118  131  158  177  201  219  237  257  274  300  332  379  420  466
  514  559  597  622  641  644  655  664  684  700  712  726  747  755  763  764
  765  770  771  765  753  727  699  669  623  593  557  533  507  491  475  473
  466  466  454  427  404  368  340  324  258                                   
    12.5-180.0 180.0   5.0 450.0                            LAT/LON1/LON2/DLON/H
  297  254  220  200  184  165  149  133  126  116  102   97   91   90   87   89
  100  104  126  145  168  192  212  233  247  263  283  312  355  399  446  489
  537  577  615  645  660  669  679  694  711  726  733  744  755  760  760  757
  757  757  756  747  734  710  680  644  595  554  522  508  495  489  478  476
  470  471  459  434  413  392  376  351  297                                   
    10.0-180.0 180.0   5.0 450.0                            LAT/LON1/LON2/DLON/H
  320  281  252  225  206  181  168  149  142  130  125  117  105  100   94   92
  101  107  128  150  175  198  216  235  254  280  297  339  374  420  460  511
  552  589  627  655  676  680  695  711  729  735  743  733  744  739  741  730
  725  717  716  707  701  676  649  598  535  494  458  454  440  450  446  456
  451  450  444  423  416  401  394  374  320                                   
     7.5-180.0 180.0   5.0 450.0                            LAT/LON1/LON2/DLON/H
  335  303  268  244  227  202  182  167  158  145  142  132  121  112  102   98
  104  111  131  150  176  196  216  238  264  290  313  356  394  431  479  519
