data/unet/pred1310.15i
     1.0            IONOSPHERE MAPS     GNSS                IONEX VERSION / TYPE
pyspatialgeodesy        IME             05-JAN-18 20:20     PGM / RUN BY / DATE 
Map Name                                                    COMMENT             
Predicted global ionosphere maps (GIM).                     DESCRIPTION         
  2015     5    11     0     0     0                        EPOCH OF FIRST MAP  
  2015     5    12     0     0     0                        EPOCH OF LAST MAP   
  7200                                                      INTERVAL            
    13                                                      # OF MAPS IN FILE   
  NONE                                                      MAPPING FUNCTION    
10.0                                                        ELEVATION CUTOFF    
One-way carrier phase leveled to code                       OBSERVABLES USED    
  6371.0                                                    BASE RADIUS         
 2                                                          MAP DIMENSION       
   450.0 450.0   0.0                                        HGT1 / HGT2 / DHGT  
    87.5 -87.5  -2.5                                        LAT1 / LAT2 / DLAT  
  -180.0 180.0   5.0                                        LON1 / LON2 / DLON  
    -1                                                      EXPONENT            
                                                            END OF HEADER       
[from data line 4719]
    12                                                      START OF TEC MAP    
  2015     5    11    22     0     0                        EPOCH OF CURRENT MAP
    87.5-180.0 180.0   5.0 450.0                            LAT/LON1/LON2/DLON/H
  223  195  187  190  190  191  192  195  195  198  198  201  200  202  201  202
  200  201  199  200  197  198  195  196  193  194  191  192  189  189  186  187
  183  183  180  179  176  176  173  173  171  171  169  170  169  170  170  171
  171  172  172  173  174  175  175  176  176  177  177  178  177  178  178  179
  179  180  180  181  180  181  185  204  223                                   
    85.0-180.0 180.0   5.0 450.0                            LAT/LON1/LON2/DLON/H
  199  193  196  199  199  200  202  205  207  209  211  213  214  215  215  215
  214  213  212  211  209  207  205  204  201  199  197  195  192  189  188  184
  182  179  177  173  172  169  169  166  166  164  165  164  165  165  167  167
  169  170  172  173  175  176  178  179  180  181  182  183  184  184  185  185
  186  186  188  187  188  187  185  199  199                                   
    82.5-180.0 180.0   5.0 450.0                            LAT/LON1/LON2/DLON/H
  188  188  189  193  193  198  200  205  207  212  214  218  220  223  223  225
  223  223  220  220  215  215  209  209  202  202  195  195  189  188  182  181
  175  174  168  168  163  163  159  159  157  157  157  158  158  160  161  164
  165  168  168  172  172  175  175  179  178  181  180  182  182  183  182  183
  183  184  183  184  182  183  180  193  188                                   
    80.0-180.0 180.0   5.0 450.0                            LAT/LON1/LON2/DLON/H
  183  183  183  184  187  190  196  199  205  209  215  217  223  223  228  226
  228  224  225  220  219  213  213  207  205  199  198  191  189  182  181  175
  174  168  166  162  160  157  155  152  152  150  151  151  152  153  155  157
  160  161  164  166  168  170  172  173  175  175  177  177  178  177  178  177
  178  178  178  176  175  174  172  178  183                                   
    77.5-180.0 180.0   5.0 450.0                            LAT/LON1/LON2/DLON/H
  179  180  176  177  180  184  190  195  202  207  214  218  224  226  230  229
  230  226  225  221  218  213  211  207  203  199  195  191  186  181  177  173
  170  166  163  160  158  155  154  151  151  149  150  150  152  152  155  156
  159  160  163  164  167  168  171  171  174  173  176  175  177  175  176  175
  176  175  176  173  172  171  169  175  179                                   
    75.0-180.0 180.0   5.0 450.0                            LAT/LON1/LON2/DLON/H
  182  182  179  179  182  186  191  196  203  209  217  222  228  229  233  231
  230  226  223  218  215  211  209  205  203  199  197  191  188  182  179  173
  171  166  165  161  160  156  156  153  153  152  152  152  153  154  155  157
  159  160  162  163  165  165  167  168  170  171  172  173  174  173  174  174
  175  175  176  175  174  176  175  183  182                                   
    72.5-180.0 180.0   5.0 450.0                            LAT/LON1/LON2/DLON/H
  192  193  188  188  188  192  195  200  206  214  222  228  232  234  234  232
  228  224  219  216  211  210  206  206  203  202  197  195  189  185  180  176
  171  169  166  165  162  161  158  157  156  155  155  154  155  154  155  156
  157  158  159  159  161  161  163  164  166  167  169  170  172  172  173  173
  175  176  179  180  181  184  184  195  192                                   
    70.0-180.0 180.0   5.0 450.0                            LAT/LON1/LON2/DLON/H
  206  208  203  201  201  202  205  208  215  222  231  236  239  239  238  233
  229  223  219  214  212  209  208  207  206  204  201  196  192  186  182  176
  173  168  168  164  165  161  161  158  159  155  156  153  154  151  152  150
  153  151  153  151  154  153  156  155  159  159  163  163  167  166  169  169
  173  175  181  182  187  191  193  205  206                                   
    67.5-180.0 180.0   5.0 450.0                            LAT/LON1/LON2/DLON/H
  223  226  221  218  215  214  215  218  223  230  236  241  244  243  240  235
  230  224  219  216  213  212  211  212  209  207  202  199  192  187  180  176
  171  168  165  164  162  161  159  157  155  153  151  148  147  145  144  143
  144  143  144  143  144  145  147  148  151  154  157  160  163  164  166  168
  172  175  181  186  191  199  201  216  223                                   
    65.0-180.0 180.0   5.0 450.0                            LAT/LON1/LON2/DLON/H
  238  241  239  234  232  229  228  228  234  238  245  248  251  250  247  241
  235  230  226  222  222  220  220  219  216  212  207  201  195  188  182  176
  173  167  165  161  161  157  157  154  153  150  147  143  142  138  137  135
  137  134  136  134  136  136  139  140  145  148  154  156  162  163  167  167
  171  174  181  184  194  201  209  222  238                                   
    62.5-180.0 180.0   5.0 450.0                            LAT/LON1/LON2/DLON/H
  247  251  250  244  241  237  236  236  238  243  248  251  254  251  249  243
  240  235  233  231  231  230  229  227  224  219  212  206  199  193  187  182
  176  171  166  162  159  155  154  151  149  145  142  136  134  129  128  125
  126  125  126  126  127  128  131  134  139  145  152  157  162  165  167  169
  172  175  179  185  191  202  208  225  247                                   
    60.0-180.0 180.0   5.0 450.0                            LAT/LON1/LON2/DLON/H
  252  255  257  253  252  247  245  242  245  247  253  255  258  256  255  251
  248  245  244  244  244  242  242  237  234  227  222  216  210  205  200  193
  188  179  173  166  162  156  155  152  149  145  140  136  130  126  122  121
  120  120  120  120  121  123  126  130  137  143  152  158  165  168  172  173
  176  177  181  184  191  198  207  224  252                                   
    57.5-180.0 180.0   5.0 450.0                            LAT/LON1/LON2/DLON/H
  250  255  259  258  257  254  250  248  247  249  252  254  256  255  256  253
  253  250  252  250  252  249  248  243  240  234  229  226  223  221  217  212
  204  193  185  175  168  161  159  155  153  147  143  136  131  124  120  118
  117  116  116  117  117  120  122  129  135  144  153  161  169  174  178  181
  182  183  184  186  188  195  200  220  250                                   
    55.0-180.0 180.0   5.0 450.0                            LAT/LON1/LON2/DLON/H
  250  253  259  262  264  263  261  257  256  255  256  255  258  257  260  259
  261  260  262  261  262  258  258  252  249  243  242  241  243  241  241  233
  226  211  199  185  177  168  165  160  158  153  148  142  135  129  122  120
  117  117  115  115  115  117  120  125  135  142  153  161  171  177  184  187
  191  192  193  191  191  193  200  220  250                                   
    52.5-180.0 180.0   5.0 450.0                            LAT/LON1/LON2/DLON/H
  250  253  261  267  272  275  273  271  266  265  261  260  258  258  260  261
  265  263  266  264  266  262  263  257  257  251  253  254  261  259  261  251
  245  227  214  197  187  177  173  169  167  161  158  149  143  135  129  124
  122  119  117  116  116  118  121  128  136  145  155  165  175  183  191  198
  204  209  210  207  202  203  204  225  250                                   
    50.0-180.0 180.0   5.0 450.0                            LAT/LON1/LON2/DLON/H
  259  261  271  280  286  291  292  292  288  284  275  271  267  264  266  264
  269  266  269  266  270  267  271  265  269  265  270  273  282  281  281  268
  258  239  226  207  195  185  181  177  174  170  165  160  153  146  138  134
  129  126  122  121  119  120  125  130  140  149  161  170  182  190  201  210
  221  228  234  229  225  221  221  241  259                                   
    47.5-180.0 180.0   5.0 450.0                            LAT/LON1/LON2/DLON/H
  275  279  289  298  304  312  315  318  312  309  296  290  280  277  274  272
  272  268  269  266  271  272  278  276  282  279  287  289  299  295  294  278
  265  245  231  213  202  192  189  184  183  179  177  171  167  158  152  145
  140  134  131  127  126  127  131  138  147  158  169  180  193  202  215  225
  240  251  259  258  251  247  245  263  275                                   
    45.0-180.0 180.0   5.0 450.0                            LAT/LON1/LON2/DLON/H
  302  302  310  319  330  337  346  349  347  341  327  318  302  296  288  281
  278  269  270  265  274  275  288  286  295  293  300  301  307  301  298  279
  267  244  234  216  208  199  197  192  191  187  184  180  175  169  162  156
  149  144  139  136  134  134  139  144  156  166  181  192  207  216  229  240
  256  269  281  282  278  272  277  293  302                                   
    42.5-180.0 180.0   5.0 450.0                            LAT/LON1/LON2/DLON/H
  330  330  335  339  352  363  376  382  385  379  367  355  336  327  312  303
  292  281  278  275  285  291  306  308  316  312  315  310  311  301  295  275
  262  242  233  220  215  210  209  205  203  199  196  192  189  183  177  170
  164  157  152  146  144  143  147  154  165  179  195  208  224  233  246  257
  273  287  302  307  309  307  309  323  330                                   
    40.0-180.0 180.0   5.0 450.0                            LAT/LON1/LON2/DLON/H
  359  358  365  365  380  386  405  410  421  414  408  394  376  363  343  329
  312  296  293  289  302  310  328  330  336  328  326  317  312  299  292  271
  262  241  238  225  227  222  225  220  217  212  209  205  202  196  190  182
  175  169  163  158  154  152  154  159  172  187  207  223  241  250  263  272
  286  299  319  328  336  335  346  354  359                                   
    37.5-180.0 180.0   5.0 450.0                            LAT/LON1/LON2/DLON/H
  386  391  394  398  405  415  430  441  450  451  445  435  416  401  376  360
  338  324  317  316  330  340  357  358  359  349  342  329  321  304  296  276
  268  252  248  242  243  242  242  237  234  229  227  223  220  215  208  199
  191  183  176  168  162  158  158  163  175  193  214  232  252  261  274  280
  292  305  324  340  350  360  369  376  386                                   
    35.0-180.0 180.0   5.0 450.0                            LAT/LON1/LON2/DLON/H
  414  418  425  423  437  439  456  461  475  474  478  465  453  433  407  389
  367  350  344  343  357  367  383  383  379  367  355  341  331  315  308  294
  292  282  283  278  279  279  275  268  258  250  245  241  238  232  225  216
  207  198  189  181  172  166  163  167  179  197  220  242  265  275  287  290
  300  311  331  345  360  375  390  394  414                                   
    32.5-180.0 180.0   5.0 450.0                            LAT/LON1/LON2/DLON/H
  438  451  451  455  461  466  477  485  496  500  504  497  485  465  440  420
  395  385  374  378  389  400  409  409  404  391  381  368  361  349  344  335
  333  330  325  327  319  318  306  300  282  272  261  259  254  249  241  232
  222  213  203  192  181  171  165  167  176  198  222  250  275  289  301  302
  311  317  333  349  365  387  403  411  438                                   
    30.0-180.0 180.0   5.0 450.0                            LAT/LON1/LON2/DLON/H
  462  475  480  479  491  489  503  506  520  522  531  521  515  492  468  446
  421  413  404  408  418  425  432  428  422  412  405  400  399  394  390  387
  389  388  384  379  366  360  345  336  318  303  289  279  272  265  257  247
  235  223  211  200  187  176  168  166  171  189  216  248  276  297  313  320
  325  333  346  358  374  394  421  426  462                                   
    27.5-180.0 180.0   5.0 450.0                            LAT/LON1/LON2/DLON/H
  481  506  507  519  525  531  539  544  554  556  563  556  550  529  504  479
  452  444  432  439  442  448  451  447  444  438  440  440  445  440  438  438
  440  437  424  411  389  376  360  348  332  318  305  296  286  279  270  259
  247  233  221  208  196  184  173  170  172  187  208  239  266  293  313  329
  341  351  362  374  387  410  435  444  481                                   
    25.0-180.0 180.0   5.0 450.0                            LAT/LON1/LON2/DLON/H
  505  528  538  549  565  572  585  589  599  598  604  593  591  567  541  514
  481  472  456  458  461  460  466  462  465  463  471  476  479  474  474  466
  467  459  450  426  400  376  365  353  343  329  318  305  294  284  275  263
  253  241  231  217  206  193  182  174  174  183  201  228  255  284  312  335
  352  368  383  398  413  433  460  464  505                                   
    22.5-180.0 180.0   5.0 450.0                            LAT/LON1/LON2/DLON/H
  526  558  571  597  610  626  634  644  649  650  651  643  640  618  593  557
  522  499  479  478  476  478  482  484  491  492  503  506  504  492  477  472
  469  462  446  413  378  352  341  333  330  323  313  303  293  286  277  266
  253  242  230  218  205  194  187  182  182  187  200  223  248  280  311  345
  368  389  406  419  435  455  479  486  526                                   
    20.0-180.0 180.0   5.0 450.0                            LAT/LON1/LON2/DLON/H
  547  579  599  629  648  668  679  694  697  700  697  691  685  663  634  600
  559  534  508  502  501  500  507  507  516  516  525  519  509  484  467  456
  450  439  417  375  342  314  307  302  305  302  300  295  289  279  271  262
  253  240  226  213  199  190  182  180  179  186  197  217  242  273  309  349
  379  408  427  442  456  476  500  504  547                                   
    17.5-180.0 180.0   5.0 450.0                            LAT/LON1/LON2/DLON/H
  560  597  623  657  676  704  716  737  741  749  743  741  730  711  680  642
  602  570  544  536  531  532  537  539  546  542  538  521  489  453  427  413
  406  392  359  327  297  274  263  265  268  276  279  282  279  274  267  258
  247  236  223  208  196  187  183  180  181  184  193  211  233  267  306  349
  384  417  438  454  468  486  510  519  560                                   
    15.0-180.0 180.0   5.0 450.0                            LAT/LON1/LON2/DLON/H
  568  606  635  668  692  720  734  758  765  779  778  778  769  751  723  685
  638  609  581  570  566  565  574  571  571  555  541  502  457  410  380  362
  347  324  302  276  257  240  235  239  247  257  268  272  274  271  267  259
  248  234  218  202  189  182  177  180  179  181  187  203  226  262  303  346
  383  416  439  458  475  498  521  529  568                                   
    12.5-180.0 180.0   5.0 450.0                            LAT/LON1/LON2/DLON/H
  568  608  632  667  688  713  731  755  767  788  795  804  796  785  758  722
  680  647  623  612  604  605  607  601  592  567  525  466  408  358  325  306
  286  272  256  247  236  228  228  235  240  253  263  271  274  273  269  261
  250  234  215  200  187  182  176  176  175  176  182  193  218  254  296  342
  380  416  439  460  476  499  524  537  568                                   
    10.0-180.0 180.0   5.0 450.0                            LAT/LON1/LON2/DLON/H
  572  609  631  662  682  702  717  742  758  781  796  808  810  801  781  748
  710  684  658  650  639  634  632  623  606  568  504  434  372  320  294  267
  255  243  241  239  242  243  246  250  255  264  271  275  277  273  269  262
  250  232  211  195  179  171  164  166  167  168  170  183  209  245  292  335
  375  411  437  459  478  508  531  541  572                                   
     7.5-180.0 180.0   5.0 450.0                            LAT/LON1/LON2/DLON/H
  574  612  626  658  670  688  700  718  735  757  774  792  798  798  781  758
  729  708  691  683  669  662  652  639  610  556  478  408  351  308  284  270
