data/unet/pred2800.15i
     1.0            IONOSPHERE MAPS     GNSS                IONEX VERSION / TYPE
pyspatialgeodesy        IME             05-JAN-18 20:20     PGM / RUN BY / DATE 
Map Name                                                    COMMENT             
Predicted global ionosphere maps (GIM).                     DESCRIPTION         
  2015    10     7     0     0     0                        EPOCH OF FIRST MAP  
  2015    10     8     0     0     0                        EPOCH OF LAST MAP   
  7200                                                      INTERVAL            
    13                                                      # OF MAPS IN FILE   
  NONE                                                      MAPPING FUNCTION    
10.0                                                        ELEVATION CUTOFF    
One-way carrier phase leveled to code                       OBSERVABLES USED    
  6371.0                                                    BASE RADIUS         
 2                                                          MAP DIMENSION       
   450.0 450.0   0.0                                        HGT1 / HGT2 / DHGT  
    87.5 -87.5  -2.5                                        LAT1 / LAT2 / DLAT  
  -180.0 180.0   5.0                                        LON1 / LON2 / DLON  
    -1                                                      EXPONENT            
                                                            END OF HEADER       
[from data line 1287]
     4                                                      START OF TEC MAP    
  2015    10     7     6     0     0                        EPOCH OF CURRENT MAP
    87.5-180.0 180.0   5.0 450.0                            LAT/LON1/LON2/DLON/H
   33   68   64   63   64   61   64   64   68   68   71   71   73   73   75   74
   75   74   75   74   75   75   76   75   76   76   77   77   77   78   78   77
   78   78   78   78   78   79   79   79   79   79   79   79   79   79   78   78
   77   77   77   76   74   74   73   72   70   69   67   65   64   62   61   58
   58   56   58   58   63   63   78   36   33                                   
    85.0-180.0 180.0   5.0 450.0                            LAT/LON1/LON2/DLON/H
   64   59   61   61   62   58   63   64   68   68   73   73   77   75   79   77
   79   77   79   76   77   75   76   74   75   74   75   74   75   75   76   75
   76   76   77   77   78   78   80   79   81   80   83   82   84   82   86   82
   85   81   85   80   83   78   81   75   78   71   73   66   68   61   63   55
   58   52   56   53   57   53   67   53   64                                   
    82.5-180.0 180.0   5.0 450.0                            LAT/LON1/LON2/DLON/H
   53   54   56   55   57   56   61   64   68   70   74   76   78   79   80   80
   80   78   78   76   74   72   71   68   68   65   66   64   64   63   65   64
   66   66   69   70   72   74   76   78   80   81   84   86   87   87   89   89
   90   88   90   87   88   84   86   80   81   74   75   67   69   61   63   55
   57   50   54   47   51   47   65   39   53                                   
    80.0-180.0 180.0   5.0 450.0                            LAT/LON1/LON2/DLON/H
   47   45   44   40   40   41   46   50   55   58   62   64   66   67   69   68
   68   66   65   62   60   58   56   53   50   49   47   48   46   48   47   50
   49   54   55   59   60   66   69   73   76   79   83   85   88   89   91   92
   92   91   92   91   90   88   86   84   80   77   72   70   62   61   54   52
   45   45   40   41   36   32   44   27   47                                   
    77.5-180.0 180.0   5.0 450.0                            LAT/LON1/LON2/DLON/H
   41   38   36   35   35   39   41   47   48   54   54   60   58   61   59   61
   57   59   55   55   50   49   45   43   39   38   37   36   35   36   37   38
   40   42   46   50   54   60   64   70   73   79   82   87   88   92   92   95
   93   96   94   96   92   93   89   89   84   83   77   75   68   66   61   57
   51   49   45   43   38   33   42   25   41                                   
    75.0-180.0 180.0   5.0 450.0                            LAT/LON1/LON2/DLON/H
   41   38   41   36   33   36   40   44   45   48   48   52   48   51   47   51
   46   50   46   48   42   42   37   35   31   30   28   28   25   28   27   30
   30   34   38   42   48   53   61   65   72   75   83   86   90   93   96   98
   99  100  101  101  100  100   98   97   93   92   86   84   76   75   68   66
   58   58   53   53   46   39   48   25   41                                   
    72.5-180.0 180.0   5.0 450.0                            LAT/LON1/LON2/DLON/H
   47   41   39   37   34   35   37   40   41   42   42   42   40   39   39   40
   39   41   40   41   38   38   35   32   30   27   26   24   24   24   24   26
   26   30   33   38   41   49   54   62   66   75   81   88   91  100  103  109
  109  113  114  115  111  111  106  104   99   97   92   90   84   82   76   75
   68   69   65   63   58   52   57   38   47                                   
    70.0-180.0 180.0   5.0 450.0                            LAT/LON1/LON2/DLON/H
   54   49   49   43   36   37   38   39   38   38   35   35   30   30   28   31
   31   35   37   40   39   39   36   34   32   29   27   25   25   24   24   24
   25   27   30   32   37   41   50   53   64   67   79   82   93   99  107  111
  118  119  125  124  127  122  120  113  110  104  101   97   93   91   87   85
   81   82   80   80   76   68   71   50   54                                   
    67.5-180.0 180.0   5.0 450.0                            LAT/LON1/LON2/DLON/H
   65   60   56   49   44   42   41   42   41   38   35   32   28   26   26   28
   30   34   37   41   42   44   42   42   39   38   35   34   33   33   31   31
   30   30   31   32   36   40   47   53   62   69   80   89   98  108  116  123
  127  133  135  139  137  137  131  126  117  112  106  102   97   96   92   92
   89   91   90   92   88   84   82   67   65                                   
    65.0-180.0 180.0   5.0 450.0                            LAT/LON1/LON2/DLON/H
   72   66   63   54   45   43   42   43   40   38   33   30   25   24   23   26
   30   35   40   45   48   50   50   49   49   45   45   42   41   38   38   35
   34   32   31   32   34   39   46   51   62   66   82   88  102  110  122  128
  135  140  145  146  149  145  144  135  131  120  116  108  105  100   99   96
   97   98  100  103  102   97   96   80   72                                   
    62.5-180.0 180.0   5.0 450.0                            LAT/LON1/LON2/DLON/H
   80   74   66   56   47   42   41   42   41   39   35   31   27   26   26   30
   33   38   42   47   49   52   51   53   51   50   49   48   45   44   40   38
   35   31   31   30   33   36   43   51   60   70   82   94  104  117  126  135
  140  148  151  155  154  155  150  145  137  129  123  114  111  104  103  100
   98  100  101  107  107  105  102   90   80                                   
    60.0-180.0 180.0   5.0 450.0                            LAT/LON1/LON2/DLON/H
   81   75   65   53   41   39   37   39   38   37   33   31   28   27   28   31
   36   40   43   47   49   50   50   50   51   49   50   48   47   43   40   36
   33   30   27   30   31   37   44   51   62   68   84   94  109  117  132  139
  149  154  159  162  165  164  164  153  151  137  134  122  121  112  111  103
  104  100  105  107  111  108  107   98   81                                   
    57.5-180.0 180.0   5.0 450.0                            LAT/LON1/LON2/DLON/H
   88   79   67   52   42   35   35   35   36   36   34   32   32   31   32   36
   38   41   41   43   43   43   44   45   47   47   48   47   45   41   36   31
   29   25   26   26   32   36   45   52   62   72   84   98  109  123  135  145
  154  160  169  172  178  178  176  168  162  151  144  134  129  123  119  112
  108  105  104  107  108  108  107  100   88                                   
    55.0-180.0 180.0   5.0 450.0                            LAT/LON1/LON2/DLON/H
   93   85   72   56   42   38   34   36   34   35   32   34   33   36   36   40
   41   43   41   42   40   40   39   39   42   42   44   42   40   36   31   27
   23   23   23   28   33   41   49   57   67   75   90  101  116  127  143  152
  164  174  183  189  195  197  197  189  184  170  162  148  144  137  134  125
  120  112  113  111  113  112  112  108   93                                   
    52.5-180.0 180.0   5.0 450.0                            LAT/LON1/LON2/DLON/H
  108   97   83   67   54   45   41   38   37   36   34   34   36   37   39   41
   40   39   35   34   30   30   29   32   35   38   40   39   37   32   27   23
   20   20   23   29   37   45   54   62   71   80   92  107  120  136  151  161
  175  184  197  202  210  212  212  206  202  190  182  169  164  154  149  141
  134  125  121  118  118  117  116  114  108                                   
    50.0-180.0 180.0   5.0 450.0                            LAT/LON1/LON2/DLON/H
  120  111  101   88   73   64   56   50   44   41   35   38   37   42   40   44
   39   40   31   32   30   31   30   32   33   35   37   36   34   29   24   21
   20   22   26   34   44   53   62   70   79   88  100  115  130  146  160  173
  188  199  210  218  225  226  225  219  214  203  195  183  179  170  165  157
  150  139  135  129  127  125  123  123  120                                   
    47.5-180.0 180.0   5.0 450.0                            LAT/LON1/LON2/DLON/H
  139  127  122  111   98   88   78   69   60   52   46   44   44   45   46   43
   39   31   25   24   25   28   28   31   33   36   38   36   35   30   26   23
   23   26   31   41   51   63   71   80   87   97  109  125  140  157  171  184
  200  211  222  227  233  233  230  223  217  207  200  191  189  182  181  171
  165  155  149  142  138  136  134  129  139                                   
    45.0-180.0 180.0   5.0 450.0                            LAT/LON1/LON2/DLON/H
  150  142  142  135  123  112  102   89   76   64   54   52   49   52   48   48
   37   34   26   29   32   36   37   40   42   43   43   41   38   34   31   30
   30   34   40   50   61   73   82   91   98  107  118  133  150  165  181  196
  211  221  230  236  238  236  232  222  217  205  199  191  190  187  187  181
  176  166  161  154  147  144  142  138  150                                   
    42.5-180.0 180.0   5.0 450.0                            LAT/LON1/LON2/DLON/H
  160  155  154  150  141  130  117  105   91   79   68   64   61   59   58   51
   46   37   37   37   41   43   44   47   48   48   48   45   42   38   36   35
   36   41   48   60   71   84   92  101  108  119  129  144  159  174  190  204
  219  227  234  235  236  232  226  217  210  200  193  188  189  188  189  186
  182  176  172  164  156  151  149  141  160                                   
    40.0-180.0 180.0   5.0 450.0                            LAT/LON1/LON2/DLON/H
  159  157  152  152  144  136  125  114  100   89   79   75   72   70   65   60
   53   49   48   50   55   59   60   60   60   58   55   52   48   46   43   43
   43   47   53   66   76   91   99  109  116  129  139  152  166  180  195  210
  222  229  235  234  235  228  223  212  207  195  190  184  185  183  186  184
  184  182  180  173  162  157  154  146  159                                   
    37.5-180.0 180.0   5.0 450.0                            LAT/LON1/LON2/DLON/H
  156  152  144  141  135  129  121  111  101   93   88   85   84   82   79   71
   68   61   64   64   71   72   73   71   67   65   61   58   53   49   48   47
   48   51   57   69   81   95  106  117  128  141  150  163  174  188  203  217
  228  235  241  239  241  235  231  221  216  207  199  194  191  189  186  185
  184  182  185  179  168  160  153  142  156                                   
    35.0-180.0 180.0   5.0 450.0                            LAT/LON1/LON2/DLON/H
  146  143  127  125  116  116  107  103   94   92   90   91   91   90   88   81
   77   73   76   78   83   83   81   77   72   70   64   62   55   54   51   51
   49   52   56   70   81   97  109  124  136  150  161  170  180  193  207  220
  232  240  250  250  257  254  255  246  242  231  224  214  208  199  193  186
  185  185  189  183  171  165  162  147  146                                   
    32.5-180.0 180.0   5.0 450.0                            LAT/LON1/LON2/DLON/H
  144  134  115  106  101   93   90   84   83   82   87   90   95   94   95   91
   91   87   92   91   95   91   88   83   76   73   69   65   60   56   55   53
   53   53   58   70   85  101  116  132  145  159  169  178  185  198  211  225
  239  249  263  270  282  286  292  288  286  275  264  251  240  228  213  202
  195  192  195  188  177  172  164  150  144                                   
    30.0-180.0 180.0   5.0 450.0                            LAT/LON1/LON2/DLON/H
  147  133  106   96   85   79   73   72   70   75   80   88   93   96   97   95
   95   94   96   94   94   90   84   81   76   76   71   69   64   60   56   54
   50   50   53   66   81  100  116  133  150  164  175  183  191  204  217  234
  248  263  281  294  315  325  337  336  337  324  313  298  285  266  248  229
  217  208  209  200  189  183  181  167  147                                   
    27.5-180.0 180.0   5.0 450.0                            LAT/LON1/LON2/DLON/H
  164  144  114   96   85   74   70   64   67   66   75   79   88   90   96   95
   98   98   98   96   92   89   83   83   81   82   79   75   69   63   59   56
   53   52   56   67   85  104  122  140  155  171  179  189  197  211  226  243
  262  279  301  320  346  362  378  380  384  373  365  350  338  316  293  269
  250  238  233  223  211  207  200  189  164                                   
    25.0-180.0 180.0   5.0 450.0                            LAT/LON1/LON2/DLON/H
  192  161  134  118   99   88   77   75   70   73   75   82   84   87   90   92
   94   94   92   87   83   80   81   83   87   90   89   83   77   69   63   58
   54   53   56   65   84  103  123  137  156  169  182  188  198  214  232  253
  273  294  319  346  373  395  412  416  421  410  405  393  384  362  343  311
  290  271  267  248  239  233  229  224  192                                   
    22.5-180.0 180.0   5.0 450.0                            LAT/LON1/LON2/DLON/H
  229  198  177  156  139  125  109   98   91   86   86   84   84   81   83   83
   85   84   82   77   74   76   82   91   99  105  103   96   85   73   71   67
   61   59   60   71   85  106  125  143  156  173  181  193  202  219  241  262
  287  308  338  361  394  411  430  435  441  434  435  428  425  405  386  357
  334  312  303  286  274  269  261  261  229                                   
    20.0-180.0 180.0   5.0 450.0                            LAT/LON1/LON2/DLON/H
  277  244  223  208  192  173  155  139  124  113  104   99   93   87   83   81
   85   81   80   72   74   76   92  102  114  118  116  104   85   75   72   73
   69   64   69   73   91  104  126  139  157  171  183  194  206  226  252  277
  302  327  355  380  407  424  439  442  450  442  447  445  452  438  425  396
  375  350  339  316  308  302  297  299  277                                   
    17.5-180.0 180.0   5.0 450.0                            LAT/LON1/LON2/DLON/H
  323  297  286  266  254  240  215  193  166  147  130  118  106   94   86   80
   79   74   71   69   77   87  107  123  135  139  130  104   83   74   72   76
   75   73   72   80   93  107  126  142  159  175  185  201  214  237  266  291
  318  340  368  387  412  423  436  436  443  441  450  453  465  460  455  431
  410  387  369  347  337  336  326  333  323                                   
    15.0-180.0 180.0   5.0 450.0                            LAT/LON1/LON2/DLON/H
  355  333  321  313  306  294  270  241  209  180  159  143  129  114   99   89
   83   77   75   72   87  101  126  139  152  152  134  107   87   80   79   82
   84   76   81   80   97  105  127  138  158  176  189  205  224  249  282  308
  332  353  372  387  403  410  417  415  425  425  440  447  468  467  473  456
  443  419  401  375  361  364  359  362  355                                   
    12.5-180.0 180.0   5.0 450.0                            LAT/LON1/LON2/DLON/H
  380  370  359  344  339  327  315  287  254  220  192  172  154  137  120   98
   93   81   82   80   99  114  142  156  162  151  129  106   87   85   83   89
   89   84   83   87   98  107  127  141  162  182  198  215  235  264  295  319
  341  356  370  378  389  388  393  391  402  407  425  438  461  469  479  474
  467  444  428  399  385  390  386  390  380                                   
    10.0-180.0 180.0   5.0 450.0                            LAT/LON1/LON2/DLON/H
  394  386  375  362  356  344  330  312  285  251  221  198  185  168  151  131
  115  108  102  105  121  133  155  163  166  148  125  104   91   89   91   95
   95   84   87   84   98  105  125  139  162  185  203  218  244  273  307  329
  348  358  368  372  378  374  377  375  388  395  414  428  456  465  480  479
  479  464  450  423  411  413  421  416  394                                   
     7.5-180.0 180.0   5.0 450.0                            LAT/LON1/LON2/DLON/H
  411  403  391  369  359  349  339  318  299  271  247  228  214  202  188  162
  146  133  132  132  148  155  171  171  164  145  123  107   94   95   94  101
