data/unet/pred0580.15i
     1.0            IONOSPHERE MAPS     GNSS                IONEX VERSION / TYPE
pyspatialgeodesy        IME             05-JAN-18 20:20     PGM / RUN BY / DATE 
Map Name                                                    COMMENT             
Predicted global ionosphere maps (GIM).                     DESCRIPTION         
  2015     2    27     0     0     0                        EPOCH OF FIRST MAP  
  2015     2    28     0     0     0                        EPOCH OF LAST MAP   
  7200                                                      INTERVAL            
    13                                                      # OF MAPS IN FILE   
  NONE                                                      MAPPING FUNCTION    
10.0                                                        ELEVATION CUTOFF    
One-way carrier phase leveled to code                       OBSERVABLES USED    
  6371.0                                                    BASE RADIUS         
 2                                                          MAP DIMENSION       
   450.0 450.0   0.0                                        HGT1 / HGT2 / DHGT  
    87.5 -87.5  -2.5                                        LAT1 / LAT2 / DLAT  
  -180.0 180.0   5.0                                        LON1 / LON2 / DLON  
    -1                                                      EXPONENT            
                                                            END OF HEADER       
[from data line 5148]
    13                                                      START OF TEC MAP    
  2015     2    28     0     0     0                        EPOCH OF CURRENT MAP
    87.5-180.0 180.0   5.0 450.0                            LAT/LON1/LON2/DLON/H
  148  117  114  110  112  108  113  111  116  114  118  117  121  120  123  121
  123  122  123  121  121  119  119  116  115  111  111  106  106  101  102   97
   99   94   97   91   95   90   94   89   95   91   97   94   99   97  102   99
  104  102  105  104  107  106  108  108  110  110  111  111  112  112  112  111
  112  111  112  113  118  117  120  145  148                                   
    85.0-180.0 180.0   5.0 450.0                            LAT/LON1/LON2/DLON/H
  127  117  125  124  124  118  125  121  128  124  131  127  133  130  135  131
  135  131  134  129  130  125  125  118  118  111  110  103  102   94   94   87
   88   81   83   76   79   75   79   75   80   78   84   83   89   88   93   93
   98   98  102  102  106  107  111  111  114  115  116  117  118  119  119  119
  119  119  121  122  127  122  119  124  127                                   
    82.5-180.0 180.0   5.0 450.0                            LAT/LON1/LON2/DLON/H
  128  126  136  138  136  132  136  134  138  137  142  141  146  144  148  144
  147  143  145  139  140  133  133  125  123  115  113  104  101   92   89   80
   79   72   73   67   69   66   70   68   73   72   79   79   85   85   92   92
   99   97  104  103  110  108  115  113  120  118  123  121  126  124  129  127
  131  130  134  134  139  133  131  131  128                                   
    80.0-180.0 180.0   5.0 450.0                            LAT/LON1/LON2/DLON/H
  141  145  152  155  150  150  151  153  154  156  158  160  162  162  163  162
  161  159  157  154  151  146  143  137  132  126  120  113  106   98   92   85
   81   77   76   74   74   74   76   77   80   81   85   87   91   92   97   98
  102  102  106  106  111  111  115  116  119  120  123  124  129  130  134  136
  140  142  146  146  149  145  141  142  141                                   
    77.5-180.0 180.0   5.0 450.0                            LAT/LON1/LON2/DLON/H
  164  165  171  172  170  169  172  172  175  175  178  178  180  178  179  175
  174  169  168  163  160  154  152  146  141  134  129  121  115  106  100   92
   88   83   82   79   80   79   82   81   85   85   89   89   92   93   96   98
  100  102  104  106  108  110  112  113  116  116  119  121  126  129  133  137
  142  146  151  153  155  152  151  151  164                                   
    75.0-180.0 180.0   5.0 450.0                            LAT/LON1/LON2/DLON/H
  187  191  198  197  194  195  195  196  196  197  198  197  195  191  188  182
  178  173  169  164  160  157  154  151  147  143  138  132  125  119  111  105
   98   94   90   88   87   87   88   88   91   91   94   94   96   96   98   98
   99  100  102  102  104  104  106  106  109  110  114  116  122  125  132  136
  145  149  157  159  163  163  166  167  187                                   
    72.5-180.0 180.0   5.0 450.0                            LAT/LON1/LON2/DLON/H
  222  220  224  221  219  219  219  219  220  219  219  215  211  203  196  186
  179  171  166  160  157  154  154  152  150  147  144  138  133  126  121  113
  109  102   99   96   94   93   93   93   94   93   94   94   94   93   93   93
   93   93   95   95   96   97   98   99  101  103  106  110  117  122  130  136
  145  152  161  167  172  176  182  186  222                                   
    70.0-180.0 180.0   5.0 450.0                            LAT/LON1/LON2/DLON/H
  253  248  253  248  245  244  244  243  243  242  239  234  226  215  202  187
  175  165  156  150  147  146  145  145  145  144  142  139  135  130  125  120
  115  110  106  103  100   98   97   96   95   94   94   91   89   86   86   84
   85   85   86   87   87   89   90   91   94   96  101  105  114  120  129  137
  149  157  168  175  182  189  198  208  253                                   
    67.5-180.0 180.0   5.0 450.0                            LAT/LON1/LON2/DLON/H
  280  270  273  270  268  266  267  266  267  264  263  254  245  228  210  191
  174  159  148  140  137  135  135  134  134  134  132  129  127  122  119  114
  111  107  103   99   97   94   92   91   88   85   83   79   75   72   70   68
   70   71   73   74   75   77   79   82   86   90   95  102  112  120  130  140
  152  162  173  182  192  201  209  224  280                                   
    65.0-180.0 180.0   5.0 450.0                            LAT/LON1/LON2/DLON/H
  297  286  292  287  285  282  283  282  284  283  282  275  262  243  220  197
  176  158  145  137  131  129  126  124  123  121  119  115  113  109  107  103
  102   98   95   92   90   87   84   82   79   75   72   66   63   58   57   55
   58   59   62   65   67   70   73   76   82   88   95  104  115  125  137  148
  161  170  180  189  200  210  219  237  297                                   
    62.5-180.0 180.0   5.0 450.0                            LAT/LON1/LON2/DLON/H
  301  289  295  294  292  289  290  289  293  293  295  288  279  256  233  207
  185  166  151  141  134  129  122  118  112  108  103   99   96   93   91   88
   87   84   82   79   76   74   70   68   64   61   57   53   49   45   45   44
   48   50   55   58   61   65   68   73   80   87   98  110  123  136  149  161
  174  181  189  198  209  218  223  245  301                                   
    60.0-180.0 180.0   5.0 450.0                            LAT/LON1/LON2/DLON/H
  299  287  295  293  292  289  288  288  290  293  295  293  284  267  244  220
  198  181  166  155  145  136  126  115  107   98   92   84   82   77   76   72
   72   68   68   64   64   60   59   56   55   51   50   45   43   39   40   39
   44   47   53   56   60   63   67   72   80   91  104  119  136  151  165  177
  189  195  202  209  219  225  228  249  299                                   
    57.5-180.0 180.0   5.0 450.0                            LAT/LON1/LON2/DLON/H
  292  280  287  288  288  283  282  279  282  283  289  287  284  269  254  235
  217  202  188  176  163  150  134  119  105   94   84   76   71   67   65   61
   60   57   56   54   53   52   50   50   49   49   47   45   43   40   40   41
   47   51   57   59   62   65   69   75   85   98  114  132  153  170  186  197
  208  216  221  227  234  236  235  255  292                                   
    55.0-180.0 180.0   5.0 450.0                            LAT/LON1/LON2/DLON/H
  286  277  287  290  289  285  280  278  275  277  278  279  276  269  259  248
  236  224  211  198  182  164  143  123  107   93   82   73   69   64   63   59
   59   55   55   53   54   52   54   53   56   55   57   53   53   49   51   51
   57   59   65   66   69   71   76   82   93  107  125  146  168  187  203  218
  230  238  243  248  253  254  249  266  286                                   
    52.5-180.0 180.0   5.0 450.0                            LAT/LON1/LON2/DLON/H
  287  282  293  299  299  294  288  281  276  271  270  267  266  262  260  254
  249  241  230  215  197  176  153  133  115  101   90   82   77   73   71   68
   66   64   63   62   62   63   62   65   66   69   69   68   67   66   65   66
   70   72   76   78   79   81   84   91  102  118  138  160  183  202  222  238
  252  261  266  272  276  274  269  282  287                                   
    50.0-180.0 180.0   5.0 450.0                            LAT/LON1/LON2/DLON/H
  295  297  309  318  319  318  307  299  286  277  268  263  259  258  258  258
  255  249  238  222  203  182  160  141  125  113  102   96   91   87   84   81
   79   76   76   75   77   76   79   79   85   85   89   86   88   84   85   83
   86   87   90   91   92   93   96  104  116  132  152  173  195  214  235  254
  269  280  287  294  300  300  293  300  295                                   
    47.5-180.0 180.0   5.0 450.0                            LAT/LON1/LON2/DLON/H
  314  320  334  343  346  343  334  321  305  289  275  263  257  254  256  256
  256  249  238  222  203  185  168  154  140  130  121  116  111  107  101   97
   93   90   89   90   90   92   92   95   97  101  103  105  104  103  101  101
  101  103  103  104  104  106  110  118  130  147  166  186  208  225  248  264
  280  292  302  311  320  318  313  317  314                                   
    45.0-180.0 180.0   5.0 450.0                            LAT/LON1/LON2/DLON/H
  333  350  360  370  371  370  359  348  328  310  290  275  264  260  259  259
  255  246  233  217  201  187  175  166  156  148  139  135  129  123  116  110
  104  101  101  100  104  104  107  107  113  114  120  120  122  119  119  117
  118  117  118  118  119  121  126  135  147  164  182  200  219  235  254  270
  284  296  309  320  332  334  334  333  333                                   
    42.5-180.0 180.0   5.0 450.0                            LAT/LON1/LON2/DLON/H
  356  374  384  390  391  388  378  367  351  330  309  290  279  270  267  261
  255  243  229  214  202  193  185  179  171  164  155  148  140  132  123  115
  109  107  107  109  110  112  112  115  117  122  126  131  131  132  130  130
  129  129  129  130  132  135  141  151  165  182  198  214  230  244  261  272
  285  294  308  320  337  344  345  346  356                                   
    40.0-180.0 180.0   5.0 450.0                            LAT/LON1/LON2/DLON/H
  370  388  390  391  390  387  380  374  360  345  324  307  294  284  276  269
  258  243  229  217  208  202  196  191  181  172  160  152  142  132  123  115
  111  109  112  114  118  118  120  120  125  128  135  137  141  139  140  137
  137  135  137  138  142  146  154  166  182  197  214  226  243  254  268  278
  289  299  312  324  343  354  360  357  370                                   
    37.5-180.0 180.0   5.0 450.0                            LAT/LON1/LON2/DLON/H
  385  396  394  386  381  377  373  369  361  349  334  319  308  297  289  277
  265  249  238  228  222  218  211  201  187  172  157  146  136  126  118  112
  109  111  115  119  122  123  122  123  126  131  137  142  143  145  142  141
  139  137  138  141  145  151  163  176  194  210  225  238  253  264  275  286
  298  309  320  335  351  364  368  368  385                                   
    35.0-180.0 180.0   5.0 450.0                            LAT/LON1/LON2/DLON/H
  407  412  400  382  369  361  355  354  350  344  334  324  315  308  299  289
  276  264  252  246  240  234  221  205  185  165  149  139  132  125  120  117
  117  121  127  131  133  133  131  130  133  136  143  145  148  145  143  138
  136  133  134  137  143  152  163  180  200  217  235  249  265  277  290  305
  316  329  340  354  368  380  391  385  407                                   
    32.5-180.0 180.0   5.0 450.0                            LAT/LON1/LON2/DLON/H
  449  442  426  400  378  364  354  350  346  341  335  328  323  317  311  301
  291  280  274  268  262  248  230  205  181  159  145  141  138  137  135  134
  136  142  147  150  148  146  141  139  139  141  144  148  147  145  140  135
  130  126  126  127  134  143  158  175  197  217  236  250  268  284  303  321
  337  348  359  372  387  402  411  410  449                                   
    30.0-180.0 180.0   5.0 450.0                            LAT/LON1/LON2/DLON/H
  517  514  490  457  427  399  379  367  356  348  339  334  330  327  320  314
  305  300  292  287  274  255  228  199  174  158  153  158  165  170  171  172
  174  178  183  182  177  169  162  155  153  150  151  149  148  143  137  131
  124  120  116  116  121  132  146  165  186  207  230  247  267  285  310  334
  354  369  383  395  410  427  449  452  517                                   
    27.5-180.0 180.0   5.0 450.0                            LAT/LON1/LON2/DLON/H
  599  600  574  547  512  477  443  420  396  377  362  351  345  340  335  327
  322  315  309  297  280  252  223  196  179  174  181  201  217  229  231  230
  228  229  227  221  208  196  183  175  166  161  155  152  146  140  133  126
  119  112  107  103  107  113  129  148  171  193  218  240  265  286  315  344
  369  387  405  417  434  460  486  508  599                                   
    25.0-180.0 180.0   5.0 450.0                            LAT/LON1/LON2/DLON/H
  697  716  694  671  639  598  551  509  468  435  404  383  367  359  349  344
  336  332  318  303  274  246  217  200  196  208  230  264  291  307  309  301
  293  286  278  265  245  226  210  195  184  172  163  155  148  140  134  125
  115  107   96   91   92   97  112  134  164  189  219  245  274  299  328  363
  392  416  436  452  472  508  545  575  697                                   
    22.5-180.0 180.0   5.0 450.0                            LAT/LON1/LON2/DLON/H
  762  809  810  805  772  726  667  617  563  518  474  441  411  390  374  362
  354  340  324  298  267  241  222  221  233  262  295  336  368  381  375  358
  340  326  310  294  272  251  229  214  197  185  168  158  146  138  130  120
  108   95   82   73   75   81   98  120  155  189  220  253  283  314  346  383
  416  445  469  489  515  555  597  639  762                                   
    20.0-180.0 180.0   5.0 450.0                            LAT/LON1/LON2/DLON/H
  825  891  919  932  921  876  820  746  681  622  566  518  473  438  406  387
  371  355  330  303  271  253  245  262  289  329  371  417  443  447  426  397
  369  346  324  304  283  260  236  222  206  192  174  159  148  139  134  122
  107   91   75   67   68   75   92  116  152  190  230  267  300  334  366  403
  440  470  503  526  560  598  647  689  825                                   
    17.5-180.0 180.0   5.0 450.0                            LAT/LON1/LON2/DLON/H
  824  911  964 1003 1004  983  927  859  782  713  651  595  546  495  452  420
  398  374  347  316  290  280  287  315  354  397  434  466  480  466  433  393
  359  329  305  285  266  249  229  220  205  195  174  159  144  138  132  119
  102   86   75   67   70   77   95  117  157  199  239  277  313  349  379  417
  455  489  519  549  584  617  663  708  824                                   
    15.0-180.0 180.0   5.0 450.0                            LAT/LON1/LON2/DLON/H
  818  898  967 1023 1053 1048 1017  945  874  792  725  662  608  551  500  461
  432  405  373  348  327  329  345  389  428  466  481  493  479  453  407  364
  324  289  268  251  236  225  213  205  198  187  173  157  145  138  133  120
  105   93   83   76   77   84  102  126  169  209  252  285  325  359  392  427
  469  499  535  561  598  626  672  704  818                                   
    12.5-180.0 180.0   5.0 450.0                            LAT/LON1/LON2/DLON/H
  755  827  889  951  994 1015 1001  957  895  827  764  708  654  596  543  502
  471  440  411  385  375  384  412  455  487  499  492  468  436  392  350  308
  273  246  231  219  209  206  197  192  183  178  164  153  139  136  133  122
  111  101   97   88   90   95  117  143  185  224  260  291  328  363  397  437
  476  511  544  573  604  627  668  690  755                                   
    10.0-180.0 180.0   5.0 450.0                            LAT/LON1/LON2/DLON/H
  704  736  784  836  894  918  930  905  874  829  781  734  682  626  577  538
  510  483  456  441  434  452  476  514  521  511  467  419  369  325  285  251
  230  215  207  201  194  193  186  181  178  170  164  152  142  137  135  127
  117  111  108  103  105  110  135  163  203  242  276  303  338  368  407  445
  488  523  559  585  615  634  669  676  704                                   
     7.5-180.0 180.0   5.0 450.0                            LAT/LON1/LON2/DLON/H
  642  659  675  707  750  776  794  797  794  784  761  732  694  650  607  571
  548  522  499  487  483  501  520  538  526  483  422  349  297  257  233  216
