data/unet/pred0080.15i
     1.0            IONOSPHERE MAPS     GNSS                IONEX VERSION / TYPE
pyspatialgeodesy        IME             05-JAN-18 20:20     PGM / RUN BY / DATE 
Map Name                                                    COMMENT             
Predicted global ionosphere maps (GIM).                     DESCRIPTION         
  2015     1     8     0     0     0                        EPOCH OF FIRST MAP  
  2015     1     9     0     0     0                        EPOCH OF LAST MAP   
  7200                                                      INTERVAL            
    13                                                      # OF MAPS IN FILE   
  NONE                                                      MAPPING FUNCTION    
10.0                                                        ELEVATION CUTOFF    
One-way carrier phase leveled to code                       OBSERVABLES USED    
  6371.0                                                    BASE RADIUS         
 2                                                          MAP DIMENSION       
   450.0 450.0   0.0                                        HGT1 / HGT2 / DHGT  
    87.5 -87.5  -2.5                                        LAT1 / LAT2 / DLAT  
  -180.0 180.0   5.0                                        LON1 / LON2 / DLON  
    -1                                                      EXPONENT            
                                                            END OF HEADER       
[from data line 429]
     2                                                      START OF TEC MAP    
  2015     1     8     2     0     0                        EPOCH OF CURRENT MAP
    87.5-180.0 180.0   5.0 450.0                            LAT/LON1/LON2/DLON/H
   92   84   75   69   74   69   74   72   77   76   78   77   81   79   80   79
   82   79   80   78   80   77   78   75   77   74   75   72   75   72   73   72
   74   73   75   74   77   77   78   78   82   81   83   83   85   85   86   86
   88   88   88   88   88   88   86   87   86   86   84   84   84   83   81   80
   80   79   79   77   83   76   86   90   92                                   
    85.0-180.0 180.0   5.0 450.0                            LAT/LON1/LON2/DLON/H
   83   92   73   74   75   75   77   78   81   83   84   87   88   91   90   92
   92   92   91   92   90   90   87   87   85   84   81   81   80   79   78   78
   78   79   77   80   79   83   81   86   86   89   88   92   91   94   93   95
   95   96   94   95   94   94   92   92   91   91   90   89   89   88   87   87
   86   87   85   85   83   79   84   96   83                                   
    82.5-180.0 180.0   5.0 450.0                            LAT/LON1/LON2/DLON/H
   85   87   80   84   82   84   85   87   89   90   93   94   97   97  100   98
  102   98  101   96   98   92   92   86   87   80   82   75   79   72   75   71
   76   72   78   76   83   81   87   87   92   92   96   95   99   96  100   97
  101   97  100   95   98   92   95   90   94   89   92   88   93   88   92   89
   93   91   93   92   94   85   96  103   85                                   
    80.0-180.0 180.0   5.0 450.0                            LAT/LON1/LON2/DLON/H
   97   93   91   87   91   87   91   90   93   92   97   97  102  102  106  105
  109  105  107  103  104   97   96   88   88   79   79   72   74   67   70   65
   70   66   72   70   78   76   85   83   92   89   97   94  100   96  102   97
  102   97  101   96   99   92   96   90   94   89   94   90   96   93   98   96
  102  100  104  102  104   97  102  107   97                                   
    77.5-180.0 180.0   5.0 450.0                            LAT/LON1/LON2/DLON/H
  111  110  106  107   99  100   98  100   99  102  104  109  113  117  120  123
  124  124  124  121  118  113  108  100   96   88   85   78   76   72   71   70
   71   71   74   76   79   82   84   88   90   94   97  100  100  102  101  102
  100  101   99   99   96   95   92   92   91   92   93   96   99  102  106  108
  113  115  120  120  120  117  121  118  111                                   
    75.0-180.0 180.0   5.0 450.0                            LAT/LON1/LON2/DLON/H
  132  128  125  121  117  113  112  110  110  110  112  115  119  121  127  128
  131  129  130  124  122  115  111  103   98   91   88   80   80   73   74   69
   72   70   71   73   75   78   81   84   88   91   94   95   96   96   95   95
   94   92   92   90   89   85   85   82   85   83   89   90   99  103  111  115
  123  128  135  137  137  137  141  135  132                                   
    72.5-180.0 180.0   5.0 450.0                            LAT/LON1/LON2/DLON/H
  159  151  146  140  130  124  119  117  114  114  115  116  118  121  123  125
  126  127  124  122  119  115  111  105  102   94   92   85   84   78   78   74
   75   72   75   73   75   74   78   79   83   83   87   86   88   87   87   85
   85   84   84   81   80   77   76   75   76   78   84   89   99  105  116  122
  134  140  152  153  160  162  166  154  159                                   
    70.0-180.0 180.0   5.0 450.0                            LAT/LON1/LON2/DLON/H
  175  170  163  156  146  139  132  125  121  117  115  114  115  115  117  117
  121  119  120  116  118  112  113  106  106   99  100   93   95   88   89   83
   83   79   77   76   73   74   73   75   76   79   79   80   78   77   75   73
   73   72   72   69   69   64   67   63   69   68   78   83   99  107  123  132
  147  156  168  174  179  180  184  172  175                                   
    67.5-180.0 180.0   5.0 450.0                            LAT/LON1/LON2/DLON/H
  196  192  184  174  164  152  143  134  127  122  117  113  110  108  106  107
  107  110  109  110  111  111  110  110  108  107  104  102  100   98   95   91
   89   83   81   74   72   67   68   65   68   66   68   65   65   62   61   60
   62   62   64   62   62   60   61   62   66   70   80   90  104  115  131  144
  161  171  184  188  196  198  198  184  196                                   
    65.0-180.0 180.0   5.0 450.0                            LAT/LON1/LON2/DLON/H
  205  199  191  182  172  162  151  142  134  125  119  111  107   99   99   95
  100   97  102  100  106  104  109  105  109  106  107  103  106   99  100   91
   89   83   76   73   64   66   58   61   56   61   57   58   56   55   52   53
   54   57   59   60   61   62   66   68   76   81   94  104  120  131  148  161
  175  184  193  199  204  206  209  195  205                                   
    62.5-180.0 180.0   5.0 450.0                            LAT/LON1/LON2/DLON/H
  216  213  204  193  183  171  162  151  142  133  123  114  104   97   90   88
   88   91   92   97   98  102  101  105  103  105  102  103  101   98   96   90
   90   79   78   65   63   56   55   51   52   49   51   47   47   44   43   43
   46   48   54   56   62   66   74   80   89  100  111  124  140  152  168  179
  191  196  204  207  213  215  216  202  216                                   
    60.0-180.0 180.0   5.0 450.0                            LAT/LON1/LON2/DLON/H
  223  218  209  198  186  175  165  154  145  134  124  112  102   91   86   80
   83   81   86   86   92   91   95   94   96   94   95   92   93   87   85   78
   75   71   61   62   51   57   48   52   46   49   45   46   43   42   39   40
   42   46   51   59   65   75   85   95  107  118  131  145  163  177  191  201
  209  213  217  218  221  222  223  212  223                                   
    57.5-180.0 180.0   5.0 450.0                            LAT/LON1/LON2/DLON/H
  233  229  218  206  193  182  173  163  154  143  131  119  106   97   88   84
   83   84   85   86   86   86   87   86   86   86   83   81   80   76   76   72
   75   66   68   59   59   57   55   52   52   48   50   45   45   41   39   38
   41   43   51   58   70   83   96  110  122  136  149  168  185  200  213  222
  231  233  235  235  238  236  233  222  233                                   
    55.0-180.0 180.0   5.0 450.0                            LAT/LON1/LON2/DLON/H
  251  240  229  214  201  187  176  165  156  144  134  120  110   99   92   87
   85   85   82   81   77   76   75   74   75   73   71   67   65   62   59   59
   58   60   53   60   51   59   53   56   53   55   51   50   48   46   43   42
   43   47   52   62   76   93  109  124  140  154  170  187  208  222  236  245
  254  254  254  253  254  253  248  240  251                                   
    52.5-180.0 180.0   5.0 450.0                            LAT/LON1/LON2/DLON/H
  275  265  246  232  218  202  191  179  171  158  148  134  123  114  104  101
   95   93   88   83   75   71   67   66   64   65   61   57   57   53   56   56
   63   62   68   66   70   69   69   66   67   63   63   57   57   53   51   48
   49   51   58   68   84  102  120  139  155  174  187  207  226  240  254  263
  272  273  276  276  277  273  267  257  275                                   
    50.0-180.0 180.0   5.0 450.0                            LAT/LON1/LON2/DLON/H
  298  287  272  253  232  216  201  188  176  161  150  134  126  113  111  102
  100   93   84   78   66   63   58   57   59   58   57   53   51   50   51   55
   58   65   66   75   72   78   74   75   74   73   70   68   66   63   60   58
   58   61   66   78   95  115  137  157  177  191  206  221  241  254  267  274
  284  289  290  292  292  290  283  276  298                                   
    47.5-180.0 180.0   5.0 450.0                            LAT/LON1/LON2/DLON/H
  322  312  298  276  259  233  220  201  192  175  164  149  138  130  122  118
  110  104   92   82   68   61   56   58   56   60   59   58   57   55   60   63
   73   78   87   88   93   89   90   85   87   83   83   79   78   74   73   70
   71   71   78   89  107  131  153  177  195  209  221  235  254  262  275  280
  292  298  303  304  306  304  298  289  322                                   
    45.0-180.0 180.0   5.0 450.0                            LAT/LON1/LON2/DLON/H
  338  331  324  308  288  264  243  219  205  183  172  151  144  127  128  115
  114  101   90   79   66   61   59   62   67   68   70   66   63   60   62   64
   71   80   86   95   94   99   94   96   94   94   90   90   87   85   83   83
   82   83   90  104  124  148  175  197  215  226  238  250  265  272  281  284
  294  300  304  308  312  311  302  296  338                                   
    42.5-180.0 180.0   5.0 450.0                            LAT/LON1/LON2/DLON/H
  340  334  329  319  312  284  266  234  219  196  183  165  151  140  132  124
  114  104   92   83   72   69   68   73   78   81   85   81   83   75   81   79
   86   90   99  100  104   99  100   95   99   96   98   95   96   93   94   93
   95   96  106  119  140  166  193  215  231  243  254  264  281  284  294  291
  297  297  303  306  313  311  307  299  340                                   
    40.0-180.0 180.0   5.0 450.0                            LAT/LON1/LON2/DLON/H
  336  336  340  338  333  311  293  257  242  212  201  174  165  141  139  119
  117  100   96   84   83   78   84   87   98   97   99   95   90   84   84   83
   88   93  100  103  105  105  102  104  102  106  102  104  102  100  100  101
  102  107  117  132  153  183  210  230  248  260  273  284  304  309  317  314
  316  314  315  313  317  313  303  299  336                                   
    37.5-180.0 180.0   5.0 450.0                            LAT/LON1/LON2/DLON/H
  322  324  326  333  335  317  303  269  249  224  209  188  173  158  144  132
  121  110  103  100   96   95   98  102  109  110  116  109  112   99  105   97
  104  102  108  107  108  104  105  103  108  109  112  109  110  106  108  107
  111  115  128  142  166  195  223  245  265  281  295  313  336  345  360  358
  358  348  342  331  332  320  313  304  322                                   
    35.0-180.0 180.0   5.0 450.0                            LAT/LON1/LON2/DLON/H
  317  321  330  333  336  321  315  279  265  234  226  197  188  161  159  133
  131  112  118  109  114  111  115  113  120  120  120  119  114  113  112  115
  114  116  116  114  111  111  108  114  110  118  112  115  110  107  107  106
  113  120  133  151  174  206  235  259  282  298  320  342  370  394  418  426
  422  414  396  381  370  353  336  321  317                                   
    32.5-180.0 180.0   5.0 450.0                            LAT/LON1/LON2/DLON/H
  322  325  326  328  327  315  306  276  258  234  223  203  190  177  166  154
  145  135  136  130  128  125  124  120  126  125  137  132  141  134  146  140
  146  141  139  131  126  118  120  117  121  119  119  117  114  110  109  108
  115  123  138  155  182  212  243  270  296  321  346  376  412  452  486  500
  504  490  473  449  432  408  389  361  322                                   
    30.0-180.0 180.0   5.0 450.0                            LAT/LON1/LON2/DLON/H
  338  347  340  332  322  309  307  275  266  234  232  206  200  175  174  152
  157  139  147  136  137  127  124  118  121  127  133  139  142  151  159  166
  164  163  154  147  138  134  126  129  121  126  116  117  109  106  105  103
  113  122  141  162  187  221  253  281  310  335  364  405  456  508  546  577
  585  578  556  535  514  487  461  422  338                                   
    27.5-180.0 180.0   5.0 450.0                            LAT/LON1/LON2/DLON/H
  382  389  368  348  325  316  303  282  263  235  224  205  196  183  178  170
  167  161  159  150  142  129  123  116  123  131  148  154  167  179  192  203
  200  197  182  170  159  146  142  133  131  124  119  114  108  105  103  102
  110  123  143  168  194  224  260  290  322  351  383  435  496  552  604  641
  662  661  644  623  598  569  541  493  382                                   
    25.0-180.0 180.0   5.0 450.0                            LAT/LON1/LON2/DLON/H
  431  446  410  379  346  330  317  293  277  242  234  209  206  183  183  163
  168  152  156  140  135  118  116  113  125  142  161  178  193  214  234  243
  244  234  215  198  174  164  150  146  129  128  113  112  103  100   97   95
  106  122  146  172  202  233  266  298  332  368  407  464  532  599  657  715
  743  754  743  726  706  674  636  585  431                                   
    22.5-180.0 180.0   5.0 450.0                            LAT/LON1/LON2/DLON/H
  520  521  486  443  404  371  346  322  290  258  238  218  208  191  183  172
  168  160  154  142  131  119  119  125  144  166  191  210  229  254  271  287
  279  269  243  219  198  176  162  147  131  121  110  104   98   98   94   93
  103  121  147  178  210  245  279  312  348  385  429  488  564  628  694  754
  799  817  819  808  794  763  725  662  520                                   
    20.0-180.0 180.0   5.0 450.0                            LAT/LON1/LON2/DLON/H
  608  618  584  539  490  444  401  361  329  289  266  236  230  204  197  175
  172  151  147  128  126  120  131  150  176  204  230  256  276  301  320  318
  314  283  258  227  204  181  159  143  121  111   95   92   86   84   83   88
   99  122  151  186  221  258  295  331  367  407  454  512  577  644  704  768
  813  847  858  864  864  835  800  740  608                                   
    17.5-180.0 180.0   5.0 450.0                            LAT/LON1/LON2/DLON/H
  685  710  686  636  593  520  473  417  377  335  299  267  249  227  211  188
  176  157  149  135  137  141  162  189  217  256  283  309  317  334  334  335
  314  291  254  227  202  182  158  143  118  108   91   88   80   82   77   88
  101  125  157  197  233  275  313  347  387  427  474  527  582  637  691  738
  782  811  835  849  866  850  828  770  685                                   
    15.0-180.0 180.0   5.0 450.0                            LAT/LON1/LON2/DLON/H
  740  770  749  712  665  603  537  483  433  386  348  310  292  259  247  216
  201  171  166  153  165  178  206  244  282  318  338  352  352  341  344  325
  316  276  248  218  196  172  149  132  111  101   84   81   74   73   73   84
  102  129  164  208  250  289  328  360  405  446  497  540  581  623  657  691
  720  749  772  800  825  827  824  788  740                                   
    12.5-180.0 180.0   5.0 450.0                            LAT/LON1/LON2/DLON/H
  755  790  784  751  723  664  608  543  495  448  402  364  331  308  288  262
  240  214  206  202  221  246  286  330  357  383  383  380  354  336  319  308
  289  260  230  204  180  161  139  126  105   95   82   77   70   70   68   83
  103  134  170  218  261  301  337  374  418  460  505  544  575  601  620  632
  650  667  690  718  751  766  774  755  755                                   
    10.0-180.0 180.0   5.0 450.0                            LAT/LON1/LON2/DLON/H
  748  782  786  770  746  701  652  593  545  499  460  417  388  359  342  324
  307  279  270  276  303  339  369  401  413  417  400  380  346  313  299  273
  263  231  210  189  169  152  135  125  110  101   88   81   74   71   72   83
  105  136  176  223  266  303  340  376  423  465  510  542  566  583  589  592
  599  611  623  654  679  703  714  726  748                                   
     7.5-180.0 180.0   5.0 450.0                            LAT/LON1/LON2/DLON/H
  715  759  773  762  756  717  682  632  587  546  510  473  435  411  389  379
  369  359  354  372  398  428  446  458  454  435  405  369  330  302  277  261
