data/unet/pred0500.15i
     1.0            IONOSPHERE MAPS     GNSS                IONEX VERSION / TYPE
pyspatialgeodesy        IME             05-JAN-18 20:20     PGM / RUN BY / DATE 
Map Name                                                    COMMENT             
Predicted global ionosphere maps (GIM).                     DESCRIPTION         
  2015     2    19     0     0     0                        EPOCH OF FIRST MAP  
  2015     2    20     0     0     0                        EPOCH OF LAST MAP   
  7200                                                      INTERVAL            
    13                                                      # OF MAPS IN FILE   
  NONE                                                      MAPPING FUNCTION    
10.0                                                        ELEVATION CUTOFF    
One-way carrier phase leveled to code                       OBSERVABLES USED    
  6371.0                                                    BASE RADIUS         
 2                                                          MAP DIMENSION       
   450.0 450.0   0.0                                        HGT1 / HGT2 / DHGT  
    87.5 -87.5  -2.5                                        LAT1 / LAT2 / DLAT  
  -180.0 180.0   5.0                                        LON1 / LON2 / DLON  
    -1                                                      EXPONENT            
                                                            END OF HEADER       
[from data line 4719]
    12                                                      START OF TEC MAP    
  2015     2    19    22     0     0                        EPOCH OF CURRENT MAP
    87.5-180.0 180.0   5.0 450.0                            LAT/LON1/LON2/DLON/H
  167  117  102  107  107  107  110  111  113  114  117  117  120  119  121  120
  122  120  121  119  120  118  118  115  115  113  113  110  110  107  107  104
  104  102  101  100   99   98   98   97   97   96   96   96   96   96   96   96
   97   97   99   99  100  100  101  101  103  102  104  103  104  103  103  102
  103  101  102  100  101  100  105  135  167                                   
    85.0-180.0 180.0   5.0 450.0                            LAT/LON1/LON2/DLON/H
  104   92   94  101  104  106  109  112  115  117  120  123  124  127  127  129
  129  130  128  128  126  124  121  120  116  114  110  108  104  101   98   96
   94   92   90   89   87   86   85   84   83   82   83   82   84   83   85   85
   88   88   90   91   93   94   95   95   96   96   96   96   96   95   95   93
   93   92   92   91   92   91   94  117  104                                   
    82.5-180.0 180.0   5.0 450.0                            LAT/LON1/LON2/DLON/H
   93   89   96  101  106  109  114  120  124  131  135  140  142  147  147  151
  149  151  147  148  143  142  136  134  127  124  118  115  110  107  103  101
   98   96   93   92   89   87   85   84   83   82   82   82   84   83   87   87
   91   90   95   95   99   98  101  100  102  100  100   98   98   94   94   91
   91   87   89   86   88   87   92  106   93                                   
    80.0-180.0 180.0   5.0 450.0                            LAT/LON1/LON2/DLON/H
   92   90   91   99  101  108  117  125  134  143  150  158  162  168  169  174
  171  173  168  167  160  157  149  145  137  134  126  124  117  116  110  110
  105  103   98   97   93   91   88   87   84   84   83   83   84   85   87   89
   92   93   97   99  102  103  105  105  106  105  103  102   99   97   94   91
   88   85   83   81   82   82   84   95   92                                   
    77.5-180.0 180.0   5.0 450.0                            LAT/LON1/LON2/DLON/H
   92   93   92   99  104  111  123  135  148  160  171  181  186  193  193  196
  191  189  182  176  167  160  153  147  141  136  132  128  125  122  120  117
  114  110  108  104  101   97   95   93   91   89   89   88   89   90   92   93
   95   97  100  102  104  106  106  107  108  107  105  104  101   99   96   92
   89   84   83   80   81   80   83   94   92                                   
    75.0-180.0 180.0   5.0 450.0                            LAT/LON1/LON2/DLON/H
   99  103  103  114  120  130  141  157  169  185  196  208  211  217  215  214
  206  197  188  176  166  155  147  138  134  129  127  125  124  123  121  121
  117  116  111  110  105  104  100  100   96   96   94   94   93   94   95   96
   97   99  101  102  104  105  105  105  105  104  102  101   99   98   94   93
   88   88   85   86   85   87   91  104   99                                   
    72.5-180.0 180.0   5.0 450.0                            LAT/LON1/LON2/DLON/H
  117  126  124  136  144  153  168  183  201  215  229  238  243  243  237  229
  215  200  184  170  155  145  135  130  124  124  120  122  120  123  121  121
  118  117  114  111  108  105  104  101  101   99   99   96   96   95   96   93
   95   94   96   95   96   95   96   95   95   95   93   93   91   91   90   89
   89   89   91   91   95   98  104  121  117                                   
    70.0-180.0 180.0   5.0 450.0                            LAT/LON1/LON2/DLON/H
  142  151  153  164  175  186  202  218  237  253  265  275  273  270  255  242
  221  202  182  164  150  135  127  118  115  111  109  108  109  110  109  109
  108  108  105  103  102  101  101  100  100   99   98   96   95   93   93   90
   90   89   88   86   85   83   82   82   81   81   80   81   81   83   84   86
   88   93   97  103  109  117  123  145  142                                   
    67.5-180.0 180.0   5.0 450.0                            LAT/LON1/LON2/DLON/H
  172  179  182  194  204  215  232  249  269  285  295  303  299  291  271  254
  226  204  178  160  142  131  122  115  109  106  100  100   95   97   93   94
   92   92   92   91   91   90   92   92   93   92   93   89   89   85   85   81
   80   76   74   70   69   67   66   65   65   65   65   67   69   73   76   81
   87   93  102  110  124  134  140  166  172                                   
    65.0-180.0 180.0   5.0 450.0                            LAT/LON1/LON2/DLON/H
  194  200  209  218  231  239  256  273  286  303  308  317  310  304  282  262
  234  208  183  166  150  136  128  117  110  100   94   88   83   79   75   73
   69   69   68   70   69   72   74   78   79   80   80   80   79   77   74   72
   68   65   61   57   54   52   50   49   49   51   52   55   58   63   69   75
   83   92  103  116  131  146  157  183  194                                   
    62.5-180.0 180.0   5.0 450.0                            LAT/LON1/LON2/DLON/H
  211  215  222  236  248  260  273  287  302  315  324  329  325  316  298  277
  248  222  198  178  162  147  135  123  114  101   94   84   77   70   65   59
   56   50   52   50   53   54   58   61   65   66   68   66   66   65   63   60
   56   53   49   46   44   41   40   40   41   44   45   49   53   58   64   71
   80   90  103  118  135  151  163  191  211                                   
    60.0-180.0 180.0   5.0 450.0                            LAT/LON1/LON2/DLON/H
  214  218  232  248  261  271  285  297  311  323  331  339  338  331  316  296
  269  242  218  199  182  169  154  137  125  108   98   84   77   67   62   57
   50   47   42   44   43   47   48   53   54   58   58   59   58   57   54   53
   49   47   42   40   37   36   34   36   38   40   42   47   50   56   61   69
   79   89  102  117  133  150  166  193  214                                   
    57.5-180.0 180.0   5.0 450.0                            LAT/LON1/LON2/DLON/H
  215  219  235  256  272  287  300  311  323  332  341  347  350  345  336  319
  298  271  249  228  210  191  175  155  136  117  104   91   84   74   72   64
   59   51   48   46   46   47   48   50   53   54   55   55   54   53   50   49
   45   44   40   39   37   38   38   40   43   46   48   52   55   59   65   72
   80   90  103  117  133  149  162  190  215                                   
    55.0-180.0 180.0   5.0 450.0                            LAT/LON1/LON2/DLON/H
  215  220  240  265  286  303  315  326  336  342  349  352  357  355  349  340
  321  302  278  261  238  218  194  172  150  129  117  104  101   93   91   84
   78   71   65   63   59   60   58   61   60   62   62   63   61   59   56   54
   51   50   47   47   45   46   47   49   52   55   55   60   60   66   70   77
   85   95  107  120  134  149  164  190  215                                   
    52.5-180.0 180.0   5.0 450.0                            LAT/LON1/LON2/DLON/H
  223  228  251  279  305  324  339  348  356  357  361  361  364  363  362  358
  348  332  313  292  270  243  215  187  165  145  133  124  123  118  117  108
  102   93   87   83   81   79   76   76   75   75   76   75   73   70   67   64
   61   61   59   60   59   60   60   62   65   65   67   67   71   73   80   85
   95  104  118  132  144  158  170  196  223                                   
    50.0-180.0 180.0   5.0 450.0                            LAT/LON1/LON2/DLON/H
  238  245  272  299  326  344  358  366  372  368  369  364  367  366  368  368
  362  353  332  317  290  264  232  203  179  162  151  144  145  140  139  128
  121  110  105  102   98   97   93   93   91   93   93   94   92   89   86   82
   80   79   80   79   79   77   77   77   79   79   77   78   78   82   88   96
  107  119  135  149  163  174  188  212  238                                   
    47.5-180.0 180.0   5.0 450.0                            LAT/LON1/LON2/DLON/H
  259  267  296  321  347  365  381  389  393  388  381  373  372  371  375  374
  374  362  349  326  305  274  245  214  192  179  171  165  164  157  153  139
  130  119  115  114  115  112  111  110  110  112  113  113  112  108  105  101
   99   98   99   98   98   94   94   91   92   89   88   84   86   89   98  106
  121  136  156  173  187  200  211  237  259                                   
    45.0-180.0 180.0   5.0 450.0                            LAT/LON1/LON2/DLON/H
  285  297  325  342  366  386  399  409  412  405  393  385  381  379  382  382
  379  369  350  332  305  280  251  226  206  194  188  180  175  163  153  137
  126  115  113  116  119  120  120  122  122  125  128  130  131  127  125  120
  120  119  120  118  116  113  110  107  104   98   94   90   91   93  105  116
  134  154  176  196  212  227  242  266  285                                   
    42.5-180.0 180.0   5.0 450.0                            LAT/LON1/LON2/DLON/H
  306  323  342  359  381  400  416  426  428  421  407  397  392  389  389  385
  380  365  349  327  306  280  256  233  214  202  197  185  176  158  145  125
  115  105  108  111  118  121  125  128  130  134  137  141  143  141  138  135
  134  133  136  131  131  124  123  116  113  104  100   94   96   99  113  126
  146  169  193  215  234  251  267  293  306                                   
    40.0-180.0 180.0   5.0 450.0                            LAT/LON1/LON2/DLON/H
  326  344  359  371  389  406  418  432  434  431  415  410  402  401  397  393
  381  367  344  327  304  285  262  243  226  213  202  186  170  147  130  112
  105   98  104  108  118  122  129  132  134  138  143  148  151  150  149  146
  147  145  147  144  141  136  132  126  118  111  103   99   99  105  119  135
  157  179  203  224  244  265  286  311  326                                   
    37.5-180.0 180.0   5.0 450.0                            LAT/LON1/LON2/DLON/H
  335  359  368  380  391  406  419  433  438  437  425  422  416  415  408  398
  384  366  345  327  309  292  272  252  234  216  203  182  167  143  130  117
  116  113  118  121  128  133  138  141  140  144  146  152  153  153  150  148
  148  148  148  144  142  136  134  126  121  113  106  103  105  112  128  144
  167  188  208  227  247  271  294  323  335                                   
    35.0-180.0 180.0   5.0 450.0                            LAT/LON1/LON2/DLON/H
  349  370  381  386  393  401  410  425  433  436  430  432  429  431  421  412
  391  376  352  338  319  304  283  263  241  219  203  182  165  148  147  142
  153  150  156  148  153  152  156  156  154  154  154  156  156  154  151  148
  147  146  147  143  141  137  133  129  124  118  110  108  109  118  134  153
  174  192  208  224  243  268  296  327  349                                   
    32.5-180.0 180.0   5.0 450.0                            LAT/LON1/LON2/DLON/H
  358  384  393  398  398  402  410  424  433  438  437  441  443  444  434  421
  402  386  365  352  336  320  299  274  251  227  212  195  188  183  196  208
  226  226  222  203  192  181  180  179  177  175  170  168  163  157  150  144
  141  138  136  134  133  133  131  130  125  121  114  112  114  124  141  162
  181  196  208  222  239  265  296  332  358                                   
    30.0-180.0 180.0   5.0 450.0                            LAT/LON1/LON2/DLON/H
  373  399  412  414  413  410  413  424  434  439  442  448  450  451  439  430
  410  397  376  366  351  336  313  287  264  244  234  223  227  243  273  303
  330  334  316  286  249  223  210  202  198  195  189  182  173  163  153  145
  139  135  132  130  130  133  132  133  129  128  122  122  122  132  150  172
  190  205  215  225  242  266  299  340  373                                   
    27.5-180.0 180.0   5.0 450.0                            LAT/LON1/LON2/DLON/H
  393  421  435  446  442  441  440  448  454  459  459  463  463  463  450  439
  420  407  389  379  366  352  329  305  286  272  272  275  295  332  382  430
  466  459  427  364  311  265  245  230  222  215  208  197  185  171  160  150
  142  136  131  129  130  132  134  134  134  132  129  126  127  134  153  180
  199  218  226  239  254  280  315  358  393                                   
    25.0-180.0 180.0   5.0 450.0                            LAT/LON1/LON2/DLON/H
  425  455  475  485  489  486  486  486  491  491  488  486  482  477  462  450
  431  417  400  389  377  361  342  323  310  309  323  344  383  435  499  558
  595  579  517  442  361  304  274  257  249  241  232  217  200  182  169  156
  147  137  130  126  125  127  126  126  123  124  120  123  125  138  158  189
  215  236  251  263  281  309  347  386  425                                   
    22.5-180.0 180.0   5.0 450.0                            LAT/LON1/LON2/DLON/H
  464  498  527  551  555  556  551  551  550  546  532  525  510  504  487  471
  450  433  415  402  389  375  358  349  348  363  392  426  475  530  603  663
  690  650  563  459  379  322  291  276  268  261  251  237  221  202  183  169
  155  145  134  128  125  123  121  118  117  116  117  117  123  135  157  192
  224  256  276  301  320  355  391  425  464                                   
    20.0-180.0 180.0   5.0 450.0                            LAT/LON1/LON2/DLON/H
  505  547  588  618  631  631  625  621  617  612  598  582  557  539  517  497
  474  455  434  420  406  392  383  385  398  428  466  507  552  602  669  718
  730  679  580  466  369  318  294  285  280  275  264  251  238  222  205  188
  173  159  148  139  132  126  117  110  105  103  102  105  109  126  153  192
  230  265  297  328  360  398  438  463  505                                   
    17.5-180.0 180.0   5.0 450.0                            LAT/LON1/LON2/DLON/H
  538  595  643  685  704  705  698  694  693  688  672  652  619  591  556  534
  506  484  460  442  429  421  422  435  462  497  538  570  601  638  676  701
  694  634  531  421  333  295  283  283  281  278  271  261  251  238  226  209
  190  172  160  150  144  138  127  113  105   99   98   98  104  122  153  200
  242  283  318  357  389  434  475  501  538                                   
    15.0-180.0 180.0   5.0 450.0                            LAT/LON1/LON2/DLON/H
  570  635  689  733  758  764  761  757  759  756  746  725  687  643  599  567
  542  517  489  468  454  451  463  491  523  562  592  606  614  617  617  615
  589  534  445  360  296  271  267  273  278  279  274  268  261  252  237  222
  203  187  170  160  149  142  131  118  107  101   97   96  100  121  157  206
  251  295  336  375  416  463  508  531  570                                   
    12.5-180.0 180.0   5.0 450.0                            LAT/LON1/LON2/DLON/H
  586  654  712  760  786  798  798  797  799  798  796  781  748  702  651  614
  584  561  530  504  494  494  518  549  585  615  631  619  586  543  505  484
  449  410  351  301  261  254  259  272  278  277  273  269  265  257  246  231
  215  200  188  173  162  149  140  122  115  105  104   98  106  127  169  218
  265  307  346  387  428  480  527  553  586                                   
    10.0-180.0 180.0   5.0 450.0                            LAT/LON1/LON2/DLON/H
  597  669  727  772  807  816  820  816  819  819  825  815  788  748  705  666
  637  610  578  552  541  544  573  608  639  657  646  605  530  454  388  354
  324  305  284  265  258  269  283  293  291  286  277  273  268  262  250  239
  224  214  199  188  173  161  144  129  120  116  110  108  115  141  182  231
  278  316  354  393  439  494  542  565  597                                   
     7.5-180.0 180.0   5.0 450.0                            LAT/LON1/LON2/DLON/H
  597  668  720  772  800  813  818  814  817  819  832  826  810  781  748  719
  688  660  626  601  593  597  628  661  686  679  642  566  463  369  296  269
