data/unet/pred0200.15i
     1.0            IONOSPHERE MAPS     GNSS                IONEX VERSION / TYPE
pyspatialgeodesy        IME             05-JAN-18 20:20     PGM / RUN BY / DATE 
Map Name                                                    COMMENT             
Predicted global ionosphere maps (GIM).                     DESCRIPTION         
  2015     1    20     0     0     0                        EPOCH OF FIRST MAP  
  2015     1    21     0     0     0                        EPOCH OF LAST MAP   
  7200                                                      INTERVAL            
    13                                                      # OF MAPS IN FILE   
  NONE                                                      MAPPING FUNCTION    
10.0                                                        ELEVATION CUTOFF    
One-way carrier phase leveled to code                       OBSERVABLES USED    
  6371.0                                                    BASE RADIUS         
 2                                                          MAP DIMENSION       
   450.0 450.0   0.0                                        HGT1 / HGT2 / DHGT  
    87.5 -87.5  -2.5                                        LAT1 / LAT2 / DLAT  
  -180.0 180.0   5.0                                        LON1 / LON2 / DLON  
    -1                                                      EXPONENT            
                                                            END OF HEADER       
[from data line 429]
     2                                                      START OF TEC MAP    
  2015     1    20     2     0     0                        EPOCH OF CURRENT MAP
    87.5-180.0 180.0   5.0 450.0                            LAT/LON1/LON2/DLON/H
   93   88   87   81   80   77   78   78   78   78   78   77   76   75   75   73
   72   70   70   67   66   64   64   62   61   60   61   59   59   59   61   61
   61   61   64   63   64   65   67   67   69   69   72   71   72   72   74   72
   73   72   73   72   72   72   73   73   73   74   74   74   75   75   76   75
   77   76   78   78   85   79   84   88   93                                   
    85.0-180.0 180.0   5.0 450.0                            LAT/LON1/LON2/DLON/H
   90   99   81   87   82   80   79   79   79   79   79   79   78   78   76   76
   73   73   71   70   66   66   64   63   60   60   59   59   57   58   59   59
   60   61   63   64   66   67   70   71   73   74   77   77   78   77   79   77
   77   75   76   74   74   72   72   71   71   70   71   70   71   70   72   71
   73   73   75   76   79   73   85  101   90                                   
    82.5-180.0 180.0   5.0 450.0                            LAT/LON1/LON2/DLON/H
   98   97   97   91   91   83   87   82   87   82   88   82   86   80   84   78
   80   74   76   70   71   65   66   61   61   57   59   56   57   54   58   56
   59   58   63   63   68   69   76   76   82   82   89   87   90   87   91   86
   87   81   83   76   77   70   73   67   71   65   70   65   71   67   74   71
   78   75   83   80   86   79   95  103   98                                   
    80.0-180.0 180.0   5.0 450.0                            LAT/LON1/LON2/DLON/H
  109  104   99   97   95   88   89   86   88   85   87   85   86   84   85   82
   82   79   79   74   73   68   67   62   60   55   56   52   53   49   52   50
   53   52   58   59   65   66   74   76   84   85   92   91   95   92   94   88
   88   81   80   73   71   65   64   60   61   59   62   62   67   67   74   74
   82   81   90   89   93   88   95  105  109                                   
    77.5-180.0 180.0   5.0 450.0                            LAT/LON1/LON2/DLON/H
  119  119  112  111  104  103   97   98   94   96   92   95   89   92   86   90
   82   85   78   81   72   74   65   67   57   60   53   56   49   52   48   53
   49   55   54   62   61   70   72   82   82   92   92   99   94   98   91   92
   82   81   72   70   61   60   53   55   51   55   56   62   64   71   75   83
   86   95   99  105  105  105  112  117  119                                   
    75.0-180.0 180.0   5.0 450.0                            LAT/LON1/LON2/DLON/H
  135  133  128  125  120  113  109  107  103  101   96   96   90   91   84   85
   79   80   75   75   70   68   64   61   58   55   54   53   51   52   51   52
   52   55   56   61   63   68   72   78   83   89   93   96   95   94   89   84
   77   72   66   59   54   50   47   47   47   51   54   61   66   75   81   90
   97  106  113  120  122  122  126  126  135                                   
    72.5-180.0 180.0   5.0 450.0                            LAT/LON1/LON2/DLON/H
  153  151  145  140  132  126  119  115  110  107  100   96   87   83   74   71
   65   65   62   63   59   61   56   58   54   55   52   55   52   54   52   55
   52   55   54   58   58   64   65   73   74   82   84   88   85   84   78   74
   66   61   53   50   44   43   40   43   43   49   54   63   71   81   90  101
  111  120  129  134  138  139  144  142  153                                   
    70.0-180.0 180.0   5.0 450.0                            LAT/LON1/LON2/DLON/H
  171  167  161  158  152  140  133  126  119  113  101   97   82   77   63   61
   54   54   53   53   53   52   53   53   55   55   57   58   59   60   60   61
   60   60   60   61   60   62   64   68   70   74   76   79   76   74   68   63
   56   51   47   44   42   41   42   45   50   58   65   74   84   95  105  116
  125  135  144  151  154  157  160  156  171                                   
    67.5-180.0 180.0   5.0 450.0                            LAT/LON1/LON2/DLON/H
  186  181  176  172  165  155  145  139  129  122  108   98   83   70   56   48
   40   41   40   43   43   48   48   52   53   58   58   64   63   67   65   67
   64   63   60   60   57   57   56   60   60   64   65   67   64   62   57   53
   48   45   42   42   41   44   47   54   60   70   80   90  102  111  121  129
  139  146  155  159  164  169  174  169  186                                   
    65.0-180.0 180.0   5.0 450.0                            LAT/LON1/LON2/DLON/H
  196  193  188  186  182  168  162  149  142  128  114  102   83   70   53   46
   41   39   42   42   46   47   51   52   56   58   64   64   68   68   70   68
   67   64   62   58   55   52   51   52   53   56   57   58   56   54   51   47
   45   43   41   42   45   50   58   67   79   91  102  114  123  132  138  145
  152  157  164  169  172  178  183  177  196                                   
    62.5-180.0 180.0   5.0 450.0                            LAT/LON1/LON2/DLON/H
  202  200  195  191  185  175  167  158  148  136  119  106   87   73   56   49
   40   41   40   43   45   48   49   52   53   56   59   62   62   65   64   65
   61   59   55   52   47   44   43   43   44   46   48   49   49   47   45   44
   42   41   42   44   50   59   69   82   96  109  120  130  141  147  153  158
  164  165  172  173  180  185  192  185  202                                   
    60.0-180.0 180.0   5.0 450.0                            LAT/LON1/LON2/DLON/H
  207  206  199  198  193  179  174  160  154  138  124  109   92   79   63   56
   51   48   49   49   53   52   52   51   52   51   54   53   56   54   57   55
   56   52   51   46   44   40   40   41   42   45   47   48   48   47   47   45
   45   44   45   51   58   69   83   99  116  128  139  150  161  167  172  175
  178  178  179  180  183  190  196  190  207                                   
    57.5-180.0 180.0   5.0 450.0                            LAT/LON1/LON2/DLON/H
  210  210  202  197  190  180  171  163  152  141  125  113   97   85   71   66
   59   60   58   60   57   58   53   52   48   48   46   46   44   45   44   45
   44   45   44   43   41   40   42   41   44   45   48   48   50   49   49   48
   46   47   49   55   64   78   94  112  129  142  153  168  179  186  193  193
  195  191  192  188  193  198  204  197  210                                   
    55.0-180.0 180.0   5.0 450.0                            LAT/LON1/LON2/DLON/H
  218  216  207  202  193  180  172  161  153  139  127  114  102   91   81   76
   74   72   71   68   67   62   59   53   50   45   45   40   39   36   37   36
   40   39   44   43   46   46   49   49   52   53   55   56   58   57   58   55
   55   54   56   62   73   89  109  126  144  158  171  184  196  205  212  214
  212  208  204  202  203  207  211  204  218                                   
    52.5-180.0 180.0   5.0 450.0                            LAT/LON1/LON2/DLON/H
  224  225  213  204  193  180  171  161  151  140  127  116  105   96   86   83
   80   79   76   74   69   66   60   57   51   49   44   41   36   34   32   34
   37   42   47   51   55   57   61   61   64   62   65   64   65   66   64   63
   61   60   61   68   79   98  115  136  152  168  182  197  211  221  228  229
  229  223  220  216  218  219  222  214  224                                   
    50.0-180.0 180.0   5.0 450.0                            LAT/LON1/LON2/DLON/H
  236  234  224  215  203  189  176  165  153  141  128  118  109  101   93   90
   86   84   79   76   72   68   65   61   60   56   54   47   45   38   38   37
   44   48   57   61   68   70   75   74   77   75   78   77   78   78   78   75
   75   72   73   80   92  111  130  149  166  183  196  209  223  233  240  242
  240  234  229  226  226  227  229  220  236                                   
    47.5-180.0 180.0   5.0 450.0                            LAT/LON1/LON2/DLON/H
  244  246  234  226  214  199  185  171  158  143  130  120  110  102   94   90
   86   82   78   75   71   71   68   70   69   70   66   62   56   51   47   48
   53   60   68   76   83   86   88   88   88   87   88   88   88   89   88   88
   85   84   84   92  104  123  140  160  176  193  205  219  231  241  248  249
  247  242  237  234  234  233  234  224  244                                   
    45.0-180.0 180.0   5.0 450.0                            LAT/LON1/LON2/DLON/H
  252  252  245  238  229  217  199  185  165  152  135  127  116  109   98   95
   85   84   76   76   74   75   78   81   84   84   82   77   72   65   63   61
   67   73   82   90   97   99  102  100  102   99  101  100  101  101  103  100
   99   96   99  108  122  139  158  176  193  205  214  224  236  243  249  249
  245  239  234  232  231  232  235  227  252                                   
    42.5-180.0 180.0   5.0 450.0                            LAT/LON1/LON2/DLON/H
  253  255  249  247  240  229  214  194  175  159  142  132  120  113  102   95
   86   83   78   80   80   86   89   95   98  100   96   92   85   80   75   74
   77   84   92  100  105  108  107  107  107  107  107  108  109  110  112  111
  110  110  113  123  136  155  173  192  205  215  220  227  235  239  245  243
  239  233  228  226  225  227  232  227  253                                   
    40.0-180.0 180.0   5.0 450.0                            LAT/LON1/LON2/DLON/H
  252  251  250  252  250  239  223  208  184  169  150  140  130  122  112  106
   96   94   90   93   95  101  106  111  113  113  109  104   98   92   87   85
   86   92   98  105  110  111  114  111  115  113  117  116  118  118  120  119
  120  120  128  138  154  173  192  208  220  225  229  232  238  241  244  242
  237  229  224  220  220  224  228  227  252                                   
    37.5-180.0 180.0   5.0 450.0                            LAT/LON1/LON2/DLON/H
  247  249  245  251  250  243  230  212  191  172  156  145  136  129  121  115
  109  108  107  110  113  119  122  125  123  121  114  109  103   98   94   89
   90   93   99  103  108  111  111  113  115  117  118  119  121  122  124  124
  126  128  136  148  165  187  205  221  231  236  239  240  245  245  249  247
  243  236  229  225  226  227  233  228  247                                   
    35.0-180.0 180.0   5.0 450.0                            LAT/LON1/LON2/DLON/H
  248  247  245  248  248  242  231  216  193  178  160  151  143  138  133  130
  128  128  127  131  131  134  134  132  129  122  116  110  106  104  100   98
   95   97   98  102  104  108  109  113  118  119  124  122  124  124  126  125
  128  130  141  155  175  196  216  230  241  247  251  256  262  267  273  272
  270  261  254  243  245  243  244  244  248                                   
    32.5-180.0 180.0   5.0 450.0                            LAT/LON1/LON2/DLON/H
  259  255  245  245  244  239  231  215  196  177  161  151  145  142  141  141
  141  143  143  145  142  142  137  134  125  118  110  107  106  106  106  101
   99   96   97   98  102  104  109  112  119  121  124  122  122  122  123  122
  123  125  138  155  176  200  220  237  250  258  268  276  291  299  310  313
  314  308  298  290  288  283  280  271  259                                   
    30.0-180.0 180.0   5.0 450.0                            LAT/LON1/LON2/DLON/H
  282  272  261  253  246  239  228  216  194  179  161  153  147  146  147  149
  151  153  151  150  143  139  133  127  121  112  108  106  110  113  113  110
  103   99   95   97   96  103  105  112  118  120  124  120  121  118  119  115
  117  117  132  149  176  200  224  243  260  271  287  304  321  339  356  369
  380  380  377  367  367  355  331  315  282                                   
    27.5-180.0 180.0   5.0 450.0                            LAT/LON1/LON2/DLON/H
  322  311  289  271  261  248  239  221  203  181  166  153  147  145  145  148
  149  150  146  142  132  127  119  117  111  109  108  110  118  124  128  122
  114  106   99  100   99  101  106  108  115  115  116  112  110  107  106  102
  101  104  118  139  168  197  225  250  270  290  311  331  355  382  405  428
  444  456  456  458  458  450  417  376  322                                   
    25.0-180.0 180.0   5.0 450.0                            LAT/LON1/LON2/DLON/H
  377  359  337  305  282  266  251  233  212  194  174  161  151  147  145  146
  143  141  134  126  115  110  107  109  112  116  119  125  135  143  145  140
  129  119  109  106  104  106  106  109  111  110  108  102  101   97   96   91
   92   94  114  134  165  197  229  257  286  311  338  364  393  427  461  491
  516  531  542  545  553  542  510  455  377                                   
    22.5-180.0 180.0   5.0 450.0                            LAT/LON1/LON2/DLON/H
  443  430  394  360  333  304  283  259  241  216  198  175  164  151  145  139
  131  125  112  103   92   92   96  108  119  129  137  147  158  167  166  160
  146  135  120  118  113  111  108  106  106  101   99   90   87   83   82   79
   81   88  107  133  165  198  235  268  304  333  365  393  433  471  510  545
  574  595  608  618  623  611  581  522  443                                   
    20.0-180.0 180.0   5.0 450.0                            LAT/LON1/LON2/DLON/H
  501  491  456  425  399  366  334  301  272  247  221  201  182  169  156  145
  129  117  100   90   84   90  106  124  143  157  168  175  187  189  186  177
  161  150  135  128  121  115  108  106  101   96   86   80   76   76   75   74
   76   86  110  141  175  210  247  284  322  358  396  430  474  513  552  584
  614  635  646  653  663  650  632  580  501                                   
    17.5-180.0 180.0   5.0 450.0                            LAT/LON1/LON2/DLON/H
  540  535  506  486  460  431  398  364  329  295  269  237  219  196  181  159
  140  120  103   95   96  111  132  157  179  193  203  208  211  211  201  189
  171  158  142  137  125  117  112  104   98   88   78   67   65   62   65   63
   72   85  113  147  183  221  262  299  342  381  423  459  503  536  571  600
  625  637  645  652  665  656  642  604  540                                   
    15.0-180.0 180.0   5.0 450.0                            LAT/LON1/LON2/DLON/H
  571  569  548  529  512  491  463  432  397  361  324  285  256  232  211  190
  168  150  135  131  139  155  182  202  224  233  238  234  230  221  207  195
  179  166  152  144  130  120  111  105   94   87   72   66   61   62   61   63
   73   91  122  159  194  234  274  314  357  399  439  479  516  545  571  594
  610  618  618  629  645  644  639  624  571                                   
    12.5-180.0 180.0   5.0 450.0                            LAT/LON1/LON2/DLON/H
  577  575  569  560  550  531  510  491  460  431  394  356  319  282  258  233
  214  194  186  188  203  223  244  263  276  276  266  252  238  224  209  195
  178  164  154  143  130  118  110  104   93   84   73   64   62   59   59   63
   76   97  128  166  199  240  282  319  365  403  445  477  514  532  551  561
  570  571  571  584  604  612  613  613  577                                   
    10.0-180.0 180.0   5.0 450.0                            LAT/LON1/LON2/DLON/H
  583  585  584  575  572  556  541  530  508  487  457  424  389  349  316  288
  269  255  252  262  282  304  322  329  326  311  285  258  234  217  204  188
  177  165  157  142  127  117  108  104   91   87   74   70   63   63   62   67
   82  103  136  172  206  245  283  322  364  404  438  472  501  515  525  529
  531  532  527  544  567  582  584  606  583                                   
     7.5-180.0 180.0   5.0 450.0                            LAT/LON1/LON2/DLON/H
  582  579  587  580  580  564  554  546  534  522  500  479  445  414  380  356
  342  332  339  353  374  389  396  384  363  326  290  255  232  215  201  189
