data/unet/pred3020.15i
     1.0            IONOSPHERE MAPS     GNSS                IONEX VERSION / TYPE
pyspatialgeodesy        IME             05-JAN-18 20:20     PGM / RUN BY / DATE 
Map Name                                                    COMMENT             
Predicted global ionosphere maps (GIM).                     DESCRIPTION         
  2015    10    29     0     0     0                        EPOCH OF FIRST MAP  
  2015    10    30     0     0     0                        EPOCH OF LAST MAP   
  7200                                                      INTERVAL            
    13                                                      # OF MAPS IN FILE   
  NONE                                                      MAPPING FUNCTION    
10.0                                                        ELEVATION CUTOFF    
One-way carrier phase leveled to code                       OBSERVABLES USED    
  6371.0                                                    BASE RADIUS         
 2                                                          MAP DIMENSION       
   450.0 450.0   0.0                                        HGT1 / HGT2 / DHGT  
    87.5 -87.5  -2.5                                        LAT1 / LAT2 / DLAT  
  -180.0 180.0   5.0                                        LON1 / LON2 / DLON  
    -1                                                      EXPONENT            
                                                            END OF HEADER       
[from data line 2145]
     6                                                      START OF TEC MAP    
  2015    10    29    10     0     0                        EPOCH OF CURRENT MAP
    87.5-180.0 180.0   5.0 450.0                            LAT/LON1/LON2/DLON/H
   32   54   43   46   43   44   44   45   46   47   48   49   49   51   50   52
   51   53   53   53   54   54   55   54   55   54   55   55   55   55   55   55
   54   54   53   53   52   52   52   52   51   51   50   51   50   51   49   50
   48   48   46   47   45   46   44   44   43   43   42   42   40   40   39   38
   38   38   38   39   37   36   37   35   32                                   
    85.0-180.0 180.0   5.0 450.0                            LAT/LON1/LON2/DLON/H
   46   48   52   50   53   50   56   54   57   56   58   58   60   60   61   61
   62   62   64   63   66   64   67   65   69   67   70   69   72   70   73   70
   73   70   72   69   71   68   70   67   68   65   67   64   65   62   63   60
   60   56   56   52   52   48   48   44   44   42   41   40   40   40   39   40
   40   40   41   41   42   45   53   38   46                                   
    82.5-180.0 180.0   5.0 450.0                            LAT/LON1/LON2/DLON/H
   39   49   43   48   43   46   46   51   49   53   50   55   52   56   53   57
   55   58   56   59   58   60   60   63   64   67   69   71   74   73   76   76
   78   76   78   77   78   76   77   76   76   74   75   74   74   72   71   69
   67   63   61   57   54   50   46   43   39   37   33   32   29   29   28   28
   27   28   27   29   29   31   43   20   39                                   
    80.0-180.0 180.0   5.0 450.0                            LAT/LON1/LON2/DLON/H
   39   44   42   44   41   45   44   48   46   49   47   50   49   51   49   51
   49   51   49   52   50   53   52   57   58   62   64   70   71   75   77   80
   82   82   85   85   88   86   88   87   89   86   89   86   88   86   88   85
   84   79   78   73   68   64   58   54   48   45   40   39   34   34   30   32
   28   30   28   29   27   30   39   16   39                                   
    77.5-180.0 180.0   5.0 450.0                            LAT/LON1/LON2/DLON/H
   39   45   42   41   41   42   44   45   46   47   47   49   49   49   50   50
   50   49   50   49   50   50   52   53   57   59   63   67   72   75   79   82
   86   88   91   93   95   97   98  100  101  102  104  105  107  107  109  108
  108  104  102   96   92   85   80   74   67   62   57   53   50   47   45   42
   41   38   38   35   33   32   40   12   39                                   
    75.0-180.0 180.0   5.0 450.0                            LAT/LON1/LON2/DLON/H
   36   41   42   44   40   45   43   48   45   49   46   51   47   51   49   52
   48   50   47   49   45   48   46   51   50   57   57   65   67   75   78   86
   88   95   97  104  105  111  112  117  118  122  126  129  131  133  133  134
  133  130  127  122  116  109  103   94   88   80   75   69   65   60   57   54
   51   49   45   46   39   41   39   15   36                                   
    72.5-180.0 180.0   5.0 450.0                            LAT/LON1/LON2/DLON/H
   41   47   43   43   40   41   43   43   43   43   44   46   47   48   49   50
   51   49   50   48   48   45   46   45   48   48   53   57   65   70   79   85
   93   99  105  111  115  121  126  131  136  141  149  152  158  159  162  159
  160  154  153  143  139  129  123  112  105   96   90   82   76   72   69   65
   62   58   56   51   47   44   44   20   41                                   
    70.0-180.0 180.0   5.0 450.0                            LAT/LON1/LON2/DLON/H
   40   42   42   41   38   40   39   42   39   41   40   45   44   48   48   52
   51   52   50   51   47   47   43   45   43   47   47   56   61   71   79   90
   97  107  112  121  124  133  136  145  148  158  162  174  175  184  180  182
  176  177  169  164  154  144  135  126  116  110  102   97   90   86   80   76
   73   69   63   61   51   53   45   25   40                                   
    67.5-180.0 180.0   5.0 450.0                            LAT/LON1/LON2/DLON/H
   41   46   41   40   36   38   36   37   36   36   37   40   42   45   49   51
   54   53   54   52   51   47   46   43   42   41   44   49   57   66   77   87
   98  108  117  124  131  137  144  151  160  168  178  185  192  195  197  194
  192  186  181  171  161  149  141  129  121  111  106   98   94   89   85   80
   75   71   67   61   55   51   48   28   41                                   
    65.0-180.0 180.0   5.0 450.0                            LAT/LON1/LON2/DLON/H
   40   42   40   38   34   36   34   35   32   34   34   39   39   45   47   52
   52   56   53   55   50   49   44   43   39   40   41   48   54   66   76   91
  103  116  125  135  141  148  154  163  168  179  183  196  198  207  200  203
  193  191  180  172  158  147  134  126  115  110  103  100   93   91   84   81
   75   71   66   64   54   54   48   31   40                                   
    62.5-180.0 180.0   5.0 450.0                            LAT/LON1/LON2/DLON/H
   39   46   41   39   34   34   32   32   30   30   31   35   38   43   46   49
   52   52   53   51   50   46   44   40   39   37   39   43   52   62   75   88
  103  116  128  137  146  152  161  168  177  184  193  199  207  205  206  200
  197  188  180  167  154  141  130  119  112  104   99   94   89   84   79   74
   67   64   60   56   51   49   47   30   39                                   
    60.0-180.0 180.0   5.0 450.0                            LAT/LON1/LON2/DLON/H
   41   44   43   41   36   36   32   32   29   29   29   33   35   40   41   46
   46   48   46   47   42   42   38   38   35   37   38   45   52   65   77   94
  108  126  137  149  157  165  172  180  183  192  195  205  205  210  203  204
  194  190  177  167  151  140  126  118  109  104   97   94   87   82   75   69
   63   59   53   53   45   47   43   30   41                                   
    57.5-180.0 180.0   5.0 450.0                            LAT/LON1/LON2/DLON/H
   44   51   47   46   39   38   33   31   27   27   27   30   32   36   37   40
   40   40   40   39   37   35   35   34   35   36   39   45   55   66   80   95
  113  129  142  152  162  171  178  185  191  196  202  206  210  208  208  202
  199  191  183  171  158  145  134  123  116  108  103   95   89   82   75   68
   60   56   51   49   44   46   45   31   44                                   
    55.0-180.0 180.0   5.0 450.0                            LAT/LON1/LON2/DLON/H
   53   53   55   51   45   44   38   35   30   29   28   31   31   34   34   36
   34   36   31   33   28   31   29   34   34   40   43   53   62   76   89  109
  124  143  154  166  176  185  192  198  201  207  209  215  213  218  212  213
  204  203  192  186  170  162  146  139  128  122  113  107   97   90   80   72
   65   59   55   54   49   52   51   41   53                                   
    52.5-180.0 180.0   5.0 450.0                            LAT/LON1/LON2/DLON/H
   62   68   63   61   53   50   42   38   33   31   30   32   33   34   34   34
   32   31   29   29   26   28   30   34   39   44   50   59   70   82   97  115
  134  150  162  172  183  193  201  207  213  217  222  224  226  226  225  221
  219  213  209  199  192  179  168  155  148  138  131  121  113  102   91   83
   73   70   66   65   60   63   63   51   62                                   
    50.0-180.0 180.0   5.0 450.0                            LAT/LON1/LON2/DLON/H
   77   76   77   70   64   59   51   47   40   38   36   38   37   39   36   38
   33   34   29   32   28   34   34   43   46   55   60   72   81   95  110  133
  147  165  175  188  198  205  214  221  226  232  233  238  235  240  235  237
  231  231  224  219  209  201  187  179  166  159  148  142  130  121  107   99
   89   86   82   83   78   81   79   68   77                                   
    47.5-180.0 180.0   5.0 450.0                            LAT/LON1/LON2/DLON/H
   90   94   88   83   73   68   59   54   47   45   43   44   44   44   43   42
   40   38   36   36   37   40   44   49   54   61   69   78   88  101  119  138
  155  170  182  193  205  215  225  232  238  244  246  249  249  248  248  244
  244  239  237  228  223  211  203  190  182  171  164  155  146  135  123  114
  105  101   98   98   94   96   95   83   90                                   
    45.0-180.0 180.0   5.0 450.0                            LAT/LON1/LON2/DLON/H
  103  100   99   92   85   78   70   65   58   56   54   55   54   55   53   55
   51   52   49   51   49   55   54   60   62   71   77   88   97  110  127  150
  163  180  190  203  214  226  236  245  249  257  255  260  255  258  253  254
  250  248  243  235  228  217  206  196  185  178  168  162  151  144  131  125
  114  113  109  112  107  109  107   99  103                                   
    42.5-180.0 180.0   5.0 450.0                            LAT/LON1/LON2/DLON/H
  108  107  102   97   89   85   76   73   65   64   62   62   63   63   63   64
   63   63   62   63   63   63   64   65   69   73   81   90  100  111  128  146
  163  176  191  204  219  232  244  254  258  264  263  264  263  261  258  254
  252  246  243  232  227  213  205  190  183  172  166  158  152  143  133  125
  117  113  111  110  108  109  111  102  108                                   
    40.0-180.0 180.0   5.0 450.0                            LAT/LON1/LON2/DLON/H
  105  102  100   96   90   86   80   78   73   71   69   72   72   73   74   76
   75   77   76   78   76   77   73   74   74   79   86   96  106  117  132  151
  165  181  195  210  226  241  253  264  268  274  272  275  271  271  267  262
  258  253  247  237  228  215  203  189  178  168  160  153  146  139  128  123
  112  109  103  107  101  106  104   99  105                                   
    37.5-180.0 180.0   5.0 450.0                            LAT/LON1/LON2/DLON/H
   93   95   89   88   83   84   78   79   74   75   73   76   77   79   82   82
   83   84   84   86   84   83   79   76   76   79   87   96  107  116  130  146
  161  177  193  212  231  251  264  276  280  286  286  287  286  284  281  273
  269  262  257  246  238  224  213  195  185  169  163  152  146  136  127  117
  108  101   97   94   91   92   93   85   93                                   
    35.0-180.0 180.0   5.0 450.0                            LAT/LON1/LON2/DLON/H
   81   82   77   76   73   75   74   75   74   76   76   81   83   86   88   90
   90   91   91   93   90   88   82   79   79   83   93  103  115  123  137  151
  167  183  203  222  246  262  279  289  296  304  305  308  308  308  305  302
  295  291  282  275  261  249  233  216  200  184  172  160  152  140  131  121
  108  102   91   88   80   83   80   74   81                                   
    32.5-180.0 180.0   5.0 450.0                            LAT/LON1/LON2/DLON/H
   67   72   63   64   62   66   65   69   68   73   75   81   84   89   91   91
   92   92   91   93   89   85   80   76   77   83   95  108  119  129  141  155
  170  188  208  233  257  277  293  305  315  324  331  335  340  341  343  337
  336  329  325  316  306  293  275  253  237  216  202  184  173  160  150  136
  124  111   99   89   80   79   75   61   67                                   
    30.0-180.0 180.0   5.0 450.0                            LAT/LON1/LON2/DLON/H
   60   66   58   55   54   59   57   61   63   68   72   81   87   91   94   94
   95   94   93   92   90   85   80   76   80   88  104  117  134  144  158  170
  186  202  223  247  274  292  309  320  333  341  353  365  374  384  387  390
  390  390  387  383  373  360  338  316  290  266  245  225  211  197  184  170
  157  144  126  110   94   90   81   62   60                                   
    27.5-180.0 180.0   5.0 450.0                            LAT/LON1/LON2/DLON/H
   64   75   62   59   55   58   55   58   58   64   68   77   84   91   93   94
   93   92   89   89   84   80   75   72   79   91  110  126  145  159  173  183
  200  215  240  265  290  312  327  340  353  365  384  399  419  431  446  450
  464  465  477  469  466  444  423  390  362  329  302  277  261  245  232  213
  201  185  167  147  125  113   99   71   64                                   
    25.0-180.0 180.0   5.0 450.0                            LAT/LON1/LON2/DLON/H
   78   95   76   67   60   60   56   59   57   62   65   75   83   89   93   93
   93   91   90   88   83   79   76   75   84   98  120  140  162  176  190  202
  219  237  265  291  316  335  353  365  382  395  417  437  461  485  506  525
  543  559  564  568  555  540  511  479  446  408  375  345  324  303  285  272
  258  239  215  197  175  155  134   97   78                                   
    22.5-180.0 180.0   5.0 450.0                            LAT/LON1/LON2/DLON/H
  102  108   98   84   73   67   63   62   59   62   63   71   76   84   86   88
   88   87   85   83   79   75   74   76   87  104  129  149  173  185  201  211
  235  249  286  305  337  352  376  391  413  427  454  476  511  537  568  586
  616  628  643  635  629  606  584  551  522  482  445  410  382  359  340  324
  311  293  273  246  225  204  178  130  102                                   
    20.0-180.0 180.0   5.0 450.0                            LAT/LON1/LON2/DLON/H
  139  145  125  110   92   80   73   69   66   65   63   68   72   76   80   82
   86   84   85   82   80   76   77   81   94  108  132  155  173  192  207  227
  248  272  301  326  349  368  393  408  432  448  480  510  543  573  602  628
  653  672  670  672  655  639  618  594  570  535  503  463  431  404  386  369
  357  341  326  303  279  250  219  177  139                                   
    17.5-180.0 180.0   5.0 450.0                            LAT/LON1/LON2/DLON/H
  179  180  163  138  120  106   92   83   78   71   66   66   66   70   71   74
   76   79   80   80   77   76   77   85   97  112  134  154  175  189  213  231
  260  279  316  333  364  381  408  426  448  467  501  529  565  590  617  636
  656  665  665  655  644  624  612  594  581  555  526  489  454  427  405  392
  380  368  355  336  311  281  259  220  179                                   
    15.0-180.0 180.0   5.0 450.0                            LAT/LON1/LON2/DLON/H
  208  222  197  174  148  124  114  100   91   81   74   68   64   63   63   65
   69   70   77   75   75   73   77   84   97  113  132  155  175  196  221  246
  271  299  326  348  372  393  419  433  457  477  510  541  566  591  606  625
  635  634  630  618  611  594  584  574  567  545  525  489  461  426  405  391
  380  370  363  348  331  307  288  251  208                                   
    12.5-180.0 180.0   5.0 450.0                            LAT/LON1/LON2/DLON/H
  232  239  218  195  171  148  129  117  105   93   84   74   68   60   58   58
   60   64   67   73   72   74   77   85   99  115  136  156  178  199  228  254
  284  310  342  359  385  404  427  443  464  482  510  536  559  572  586  590
  603  593  585  573  568  557  549  543  535  522  501  474  442  415  392  379
  371  364  360  351  340  324  308  278  232                                   
    10.0-180.0 180.0   5.0 450.0                            LAT/LON1/LON2/DLON/H
  248  256  233  211  192  167  147  131  117  103   94   83   75   62   57   54
   57   55   62   63   67   68   75   87  102  121  143  168  190  212  239  268
  295  325  351  368  391  410  435  449  474  491  516  535  544  555  557  564
  569  558  552  545  547  542  537  530  521  505  487  454  427  394  372  353
  345  337  337  334  335  321  304  282  248                                   
     7.5-180.0 180.0   5.0 450.0                            LAT/LON1/LON2/DLON/H
  266  261  242  222  203  181  160  140  125  110  102   90   83   70   64   57
   58   56   58   62   63   68   75   90  107  129  156  177  199  221  246  275
