data/unet/pred1650.15i
     1.0            IONOSPHERE MAPS     GNSS                IONEX VERSION / TYPE
pyspatialgeodesy        IME             05-JAN-18 20:20     PGM / RUN BY / DATE 
Map Name                                                    COMMENT             
Predicted global ionosphere maps (GIM).                     DESCRIPTION         
  2015     6    14     0     0     0                        EPOCH OF FIRST MAP  
  2015     6    15     0     0     0                        EPOCH OF LAST MAP   
  7200                                                      INTERVAL            
    13                                                      # OF MAPS IN FILE   
  NONE                                                      MAPPING FUNCTION    
10.0                                                        ELEVATION CUTOFF    
One-way carrier phase leveled to code                       OBSERVABLES USED    
  6371.0                                                    BASE RADIUS         
 2                                                          MAP DIMENSION       
   450.0 450.0   0.0                                        HGT1 / HGT2 / DHGT  
    87.5 -87.5  -2.5                                        LAT1 / LAT2 / DLAT  
  -180.0 180.0   5.0                                        LON1 / LON2 / DLON  
    -1                                                      EXPONENT            
                                                            END OF HEADER       
[from data line 2574]
     7                                                      START OF TEC MAP    
  2015     6    14    12     0     0                        EPOCH OF CURRENT MAP
    87.5-180.0 180.0   5.0 450.0                            LAT/LON1/LON2/DLON/H
  175  188  190  187  189  186  190  188  192  190  194  192  195  194  197  196
  199  197  200  198  200  199  201  199  201  199  201  199  200  199  200  198
  200  198  199  197  198  196  197  195  196  195  196  194  196  195  196  194
  196  195  196  194  196  194  194  192  193  191  191  188  189  187  187  184
  186  184  185  182  184  183  191  161  175                                   
    85.0-180.0 180.0   5.0 450.0                            LAT/LON1/LON2/DLON/H
  177  184  183  183  182  184  185  187  189  190  191  192  193  195  196  197
  198  199  200  199  200  200  201  200  200  200  199  199  199  199  199  198
  198  198  197  197  196  195  194  193  193  192  193  192  193  193  193  194
  194  195  193  195  193  194  191  192  191  191  188  189  187  187  184  185
  182  183  180  179  177  179  187  182  177                                   
    82.5-180.0 180.0   5.0 450.0                            LAT/LON1/LON2/DLON/H
  171  180  177  174  177  176  181  181  185  183  187  186  190  188  192  191
  195  193  197  195  198  197  199  197  199  197  199  197  200  198  200  197
  200  197  199  196  198  194  196  192  194  192  194  192  194  193  195  192
  195  193  195  192  194  190  192  187  190  184  186  180  183  176  178  172
  176  170  172  168  172  170  175  177  171                                   
    80.0-180.0 180.0   5.0 450.0                            LAT/LON1/LON2/DLON/H
  164  174  173  175  177  180  182  185  185  186  187  188  188  189  189  190
  191  193  194  195  196  197  197  198  197  198  198  198  199  198  200  199
  200  199  200  198  199  198  197  197  196  197  196  197  198  199  198  199
  199  199  198  199  198  198  195  195  193  191  188  187  183  182  177  177
  173  173  169  168  168  167  165  169  164                                   
    77.5-180.0 180.0   5.0 450.0                            LAT/LON1/LON2/DLON/H
  163  171  169  173  175  180  182  184  184  184  183  184  183  183  183  184
  184  187  187  190  190  193  192  195  193  196  195  197  198  199  201  201
  203  202  205  204  206  205  206  205  206  205  207  207  209  209  210  210
  211  211  210  211  210  209  207  205  202  200  196  194  189  187  182  180
  176  174  170  166  165  161  162  166  163                                   
    75.0-180.0 180.0   5.0 450.0                            LAT/LON1/LON2/DLON/H
  159  167  167  174  175  180  181  182  182  182  180  179  176  177  175  176
  175  179  180  184  184  189  188  192  190  193  192  194  195  197  200  202
  204  206  209  210  211  212  212  212  212  214  213  216  216  218  218  219
  219  219  218  219  217  217  214  214  209  208  203  201  194  193  185  185
  176  177  169  166  161  161  159  161  159                                   
    72.5-180.0 180.0   5.0 450.0                            LAT/LON1/LON2/DLON/H
  161  164  164  168  172  175  177  178  178  177  175  172  169  167  166  166
  167  169  172  176  179  183  184  187  187  188  189  191  193  195  200  203
  208  210  216  216  219  219  220  219  220  221  222  223  224  225  225  227
  226  227  226  226  225  224  221  219  216  213  210  206  202  197  193  188
  183  177  171  164  161  157  158  159  161                                   
    70.0-180.0 180.0   5.0 450.0                            LAT/LON1/LON2/DLON/H
  158  160  157  165  166  170  171  173  171  171  168  167  162  162  159  160
  159  164  166  172  175  180  181  184  183  184  184  185  188  191  198  202
  209  212  218  220  224  224  226  225  227  227  229  228  231  230  231  230
  231  230  228  227  225  224  221  220  217  216  213  212  208  205  200  195
  189  184  176  168  163  157  159  153  158                                   
    67.5-180.0 180.0   5.0 450.0                            LAT/LON1/LON2/DLON/H
  159  157  154  156  159  162  163  165  165  165  163  162  160  157  157  155
  157  159  164  168  173  176  179  179  180  179  180  181  185  190  197  203
  211  216  223  226  231  232  234  234  235  236  236  237  237  239  237  237
  236  234  230  228  225  224  221  220  219  218  218  217  216  212  210  204
  200  192  186  175  170  162  162  152  159                                   
    65.0-180.0 180.0   5.0 450.0                            LAT/LON1/LON2/DLON/H
  157  155  147  151  150  155  153  158  156  160  156  160  156  158  154  157
  155  160  163  168  173  176  178  178  178  177  179  179  184  188  198  204
  213  219  226  230  235  236  239  238  241  241  243  243  245  244  243  241
  238  234  229  226  222  221  219  219  219  219  219  219  219  218  216  211
  207  200  195  182  177  168  166  150  157                                   
    62.5-180.0 180.0   5.0 450.0                            LAT/LON1/LON2/DLON/H
  157  152  144  142  142  144  142  145  144  148  148  151  152  153  153  154
  154  156  161  163  170  170  175  174  177  176  179  180  187  193  202  210
  219  225  231  235  239  242  243  245  246  249  250  252  253  252  249  246
  242  238  231  228  224  224  223  222  222  222  222  223  223  223  222  219
  216  210  205  193  188  177  173  152  157                                   
    60.0-180.0 180.0   5.0 450.0                            LAT/LON1/LON2/DLON/H
  156  151  136  137  133  135  131  135  132  140  139  148  148  154  152  157
  155  160  159  164  166  169  171  174  175  177  180  183  189  196  205  213
  222  228  234  238  242  243  246  247  251  253  257  257  260  258  255  252
  247  241  234  231  228  227  227  226  227  227  228  228  228  227  226  224
  223  217  214  202  195  184  178  152  156                                   
    57.5-180.0 180.0   5.0 450.0                            LAT/LON1/LON2/DLON/H
  159  149  135  128  123  122  117  120  118  125  127  136  140  146  149  152
  152  154  154  156  158  160  164  166  171  175  180  186  195  202  212  220
  227  233  237  242  244  247  249  253  257  262  266  268  268  267  263  259
  255  251  244  242  239  240  238  238  238  237  237  236  235  234  231  230
  226  225  220  211  205  193  185  156  159                                   
    55.0-180.0 180.0   5.0 450.0                            LAT/LON1/LON2/DLON/H
  162  151  132  125  117  115  109  110  105  113  116  127  131  142  145  152
  151  156  153  158  155  160  159  167  169  177  182  192  199  209  217  225
  232  238  243  245  247  249  252  255  260  266  271  274  274  274  269  267
  262  258  252  250  248  248  247  244  245  244  244  244  241  239  235  234
  231  230  227  219  210  201  189  158  162                                   
    52.5-180.0 180.0   5.0 450.0                            LAT/LON1/LON2/DLON/H
  167  154  135  123  113  109  105  100   97  101  103  115  120  133  138  147
  150  154  154  155  153  155  157  163  169  177  186  197  210  218  229  235
  243  247  250  253  253  258  260  266  270  277  282  285  285  284  279  277
  273  270  265  266  264  266  262  260  257  256  255  253  249  246  241  239
  234  234  229  223  215  205  197  165  167                                   
    50.0-180.0 180.0   5.0 450.0                            LAT/LON1/LON2/DLON/H
  170  157  138  130  119  114  108  103   97   97   97  107  113  126  134  145
  150  158  157  162  157  162  159  171  172  185  192  207  218  227  235  243
  250  255  257  260  263  266  270  275  280  287  292  296  295  294  288  287
  282  281  277  279  278  279  275  273  268  266  262  261  255  252  246  243
  238  238  234  227  217  209  200  168  170                                   
    47.5-180.0 180.0   5.0 450.0                            LAT/LON1/LON2/DLON/H
  179  165  149  138  128  121  115  108  101   99   97  104  107  120  128  143
  149  161  163  167  164  166  167  173  181  189  201  213  227  234  247  253
  263  266  270  276  279  285  288  293  297  303  308  311  311  308  302  300
  294  294  289  290  287  287  282  280  272  271  266  264  260  256  252  248
  243  243  238  231  221  211  205  174  179                                   
    45.0-180.0 180.0   5.0 450.0                            LAT/LON1/LON2/DLON/H
  182  172  157  151  139  135  125  119  109  106  100  105  107  119  127  144
  154  170  174  183  177  183  182  190  196  204  214  222  235  241  251  260
  266  274  281  291  297  305  308  314  318  323  326  329  327  322  314  310
  303  302  295  293  288  285  281  277  271  269  264  263  258  258  253  251
  247  246  241  232  221  212  208  180  182                                   
    42.5-180.0 180.0   5.0 450.0                            LAT/LON1/LON2/DLON/H
  191  181  172  162  153  147  139  128  120  115  110  113  112  121  126  145
  157  176  184  193  193  197  199  204  212  217  226  231  241  248  261  270
  281  289  300  312  320  329  333  338  341  344  347  349  347  342  334  327
  320  313  301  294  284  280  274  271  265  266  262  263  262  262  261  260
  257  254  249  239  228  219  215  188  191                                   
    40.0-180.0 180.0   5.0 450.0                            LAT/LON1/LON2/DLON/H
  197  192  178  176  165  164  152  145  133  133  123  128  121  131  134  154
  168  191  201  216  214  222  220  227  232  233  241  241  249  252  262  272
  282  299  314  334  348  361  368  374  375  378  379  380  376  370  360  353
  343  334  318  307  291  283  276  270  267  265  265  266  265  268  267  266
  263  259  252  243  231  223  222  198  197                                   
    37.5-180.0 180.0   5.0 450.0                            LAT/LON1/LON2/DLON/H
  207  200  191  182  177  170  164  155  149  144  141  140  136  139  142  159
  175  199  213  228  229  236  237  243  247  250  252  253  259  264  275  286
  299  316  337  359  377  391  400  406  406  410  409  412  408  403  395  387
  377  364  346  330  311  300  289  284  279  279  277  280  279  283  281  281
  275  271  263  253  241  232  232  208  207                                   
    35.0-180.0 180.0   5.0 450.0                            LAT/LON1/LON2/DLON/H
  217  212  197  194  185  185  174  174  165  168  160  166  156  161  156  174
  185  215  225  248  247  259  258  263  265  264  267  264  268  271  279  292
  308  333  358  386  405  423  433  440  441  444  444  448  447  445  438  432
  418  405  381  366  343  333  317  311  303  301  297  297  297  297  295  291
  286  279  271  261  248  239  241  219  217                                   
    32.5-180.0 180.0   5.0 450.0                            LAT/LON1/LON2/DLON/H
  233  224  215  204  197  192  187  180  178  179  180  180  175  171  167  177
  190  212  230  250  258  268  268  277  276  281  279  282  284  290  299  313
  331  355  382  407  430  446  456  464  463  470  470  479  480  484  480  475
  463  451  430  415  395  386  373  363  350  339  327  321  316  315  309  304
  297  288  280  271  258  251  251  229  233                                   
    30.0-180.0 180.0   5.0 450.0                            LAT/LON1/LON2/DLON/H
  247  239  230  223  213  210  201  198  194  199  200  201  192  189  180  189
  195  220  234  259  267  282  283  290  291  295  296  298  302  306  313  329
  350  377  402  430  452  470  480  487  490  494  499  507  514  521  519  514
  503  494  474  465  444  432  413  409  392  386  369  356  341  334  325  318
  310  299  290  279  270  260  259  240  247                                   
    27.5-180.0 180.0   5.0 450.0                            LAT/LON1/LON2/DLON/H
  263  251  247  237  230  222  215  206  203  204  209  207  199  192  182  184
  194  216  236  259  275  286  288  295  295  305  305  316  321  330  339  356
  372  402  425  452  471  488  494  504  502  511  512  525  531  541  540  542
  535  533  520  520  491  487  468  460  437  418  397  391  371  356  338  327
  317  303  295  285  278  274  266  248  263                                   
    25.0-180.0 180.0   5.0 450.0                            LAT/LON1/LON2/DLON/H
  272  258  258  253  250  244  235  227  225  223  226  223  213  201  189  190
  196  219  241  265  281  294  298  303  306  316  321  334  343  350  362  377
  399  426  444  466  482  497  505  511  516  521  529  538  550  558  566  569
  570  573  573  563  543  542  526  517  488  458  422  406  388  368  346  330
  319  307  298  286  280  274  269  255  272                                   
    22.5-180.0 180.0   5.0 450.0                            LAT/LON1/LON2/DLON/H
  269  255  257  256  259  253  250  241  235  229  228  222  218  202  191  184
  194  214  244  271  288  299  301  305  308  322  330  348  358  371  377  398
  417  444  459  479  488  503  506  516  517  528  534  550  558  568  575  582
  586  594  595  591  588  592  579  566  532  489  446  415  385  372  343  327
  312  300  292  280  272  271  269  252  269                                   
    20.0-180.0 180.0   5.0 450.0                            LAT/LON1/LON2/DLON/H
  267  255  254  258  260  259  256  253  246  242  233  230  221  210  195  189
  195  216  246  274  293  299  299  305  311  326  340  358  372  382  393  410
  429  450  463  479  490  502  509  516  521  529  542  554  569  576  588  589
  601  604  611  612  618  624  605  584  542  496  444  410  376  360  330  314
  300  290  286  275  266  260  260  250  267                                   
    17.5-180.0 180.0   5.0 450.0                            LAT/LON1/LON2/DLON/H
  261  252  253  253  258  254  254  249  246  239  233  223  218  204  194  186
  191  207  239  271  289  295  293  299  305  322  338  361  376  392  405  421
  441  459  471  486  494  507  511  518  524  534  543  556  569  576  582  585
  589  594  602  608  616  615  597  569  526  476  431  393  365  344  320  303
  293  284  282  269  257  249  255  242  261                                   
    15.0-180.0 180.0   5.0 450.0                            LAT/LON1/LON2/DLON/H
  258  248  246  248  253  252  249  247  244  242  233  226  216  207  194  188
  187  203  228  259  280  291  289  297  305  326  344  367  383  396  414  428
  453  465  481  493  503  515  520  529  533  542  553  561  573  576  583  580
  585  579  591  595  608  607  583  552  503  458  412  380  349  329  307  297
  282  280  274  265  251  247  244  239  258                                   
    12.5-180.0 180.0   5.0 450.0                            LAT/LON1/LON2/DLON/H
  250  241  238  236  238  237  239  234  236  231  226  214  208  195  189  178
  179  187  214  241  265  278  281  289  299  321  344  369  388  405  420  436
  458  473  489  505  513  527  533  545  551  559  562  569  573  576  574  573
  569  567  574  579  583  581  557  524  484  435  393  355  330  308  292  286
  274  270  260  258  248  243  247  233  250                                   
    10.0-180.0 180.0   5.0 450.0                            LAT/LON1/LON2/DLON/H
  241  231  223  220  222  220  223  222  225  222  218  208  200  191  182  174
  169  178  196  225  242  264  271  287  300  326  349  375  398  411  426  442
  467  478  500  514  527  542  551  566  567  575  572  575  577  579  578  576
  569  566  570  573  574  568  547  520  478  431  383  347  315  299  282  285
  271  268  258  257  247  246  242  238  241                                   
     7.5-180.0 180.0   5.0 450.0                            LAT/LON1/LON2/DLON/H
  233  228  216  207  201  201  201  201  204  196  193  182  179  170  169  161
  159  160  178  202  225  246  265  282  298  324  347  376  401  413  430  446
