data/unet/pred0420.15i
     1.0            IONOSPHERE MAPS     GNSS                IONEX VERSION / TYPE
pyspatialgeodesy        IME             05-JAN-18 20:20     PGM / RUN BY / DATE 
Map Name                                                    COMMENT             
Predicted global ionosphere maps (GIM).                     DESCRIPTION         
  2015     2    11     0     0     0                        EPOCH OF FIRST MAP  
  2015     2    12     0     0     0                        EPOCH OF LAST MAP   
  7200                                                      INTERVAL            
    13                                                      # OF MAPS IN FILE   
  NONE                                                      MAPPING FUNCTION    
10.0                                                        ELEVATION CUTOFF    
One-way carrier phase leveled to code                       OBSERVABLES USED    
  6371.0                                                    BASE RADIUS         
 2                                                          MAP DIMENSION       
   450.0 450.0   0.0                                        HGT1 / HGT2 / DHGT  
    87.5 -87.5  -2.5                                        LAT1 / LAT2 / DLAT  
  -180.0 180.0   5.0                                        LON1 / LON2 / DLON  
    -1                                                      EXPONENT            
                                                            END OF HEADER       
[from data line 4290]
    11                                                      START OF TEC MAP    
  2015     2    11    20     0     0                        EPOCH OF CURRENT MAP
    87.5-180.0 180.0   5.0 450.0                            LAT/LON1/LON2/DLON/H
  214  199  199  204  204  206  208  210  211  214  214  217  217  219  217  219
  216  217  213  213  210  210  206  206  202  203  199  200  195  196  191  193
  188  189  185  186  181  183  177  180  174  177  173  175  171  174  172  174
  172  175  174  176  175  178  176  179  177  181  179  182  181  185  184  187
  186  189  190  191  193  194  190  178  214                                   
    85.0-180.0 180.0   5.0 450.0                            LAT/LON1/LON2/DLON/H
  183  197  200  208  208  212  214  219  223  226  230  232  235  236  238  236
  237  234  233  230  227  224  219  217  212  210  205  204  198  197  191  191
  186  186  182  181  178  177  175  174  172  171  170  169  167  167  168  168
  168  169  171  172  173  174  175  176  177  179  179  181  181  183  183  184
  184  186  186  187  189  187  189  174  183                                   
    82.5-180.0 180.0   5.0 450.0                            LAT/LON1/LON2/DLON/H
  175  182  188  195  198  206  208  218  222  232  235  244  245  253  251  255
  250  252  244  245  235  235  224  224  213  212  202  201  192  191  185  183
  179  178  176  174  172  170  167  167  163  164  159  161  156  159  156  160
  158  163  162  166  165  170  168  172  170  174  172  176  173  177  173  176
  171  175  171  174  170  171  165  153  175                                   
    80.0-180.0 180.0   5.0 450.0                            LAT/LON1/LON2/DLON/H
  156  156  162  167  173  180  190  200  210  222  231  240  248  253  257  257
  256  251  247  238  232  223  214  206  196  189  181  175  169  163  160  155
  156  152  153  149  151  147  148  143  143  140  139  136  135  134  136  136
  139  140  144  145  149  149  153  153  156  155  157  156  157  155  155  153
  151  150  149  146  144  141  138  133  156                                   
    77.5-180.0 180.0   5.0 450.0                            LAT/LON1/LON2/DLON/H
  130  131  133  139  145  154  164  177  191  206  220  232  242  250  255  256
  254  250  242  234  222  212  199  190  175  167  156  151  143  138  134  131
  129  128  130  129  130  129  130  128  128  125  124  122  119  118  118  119
  120  124  127  132  135  139  141  143  143  144  143  144  141  142  137  137
  132  131  127  124  120  118  115  112  130                                   
    75.0-180.0 180.0   5.0 450.0                            LAT/LON1/LON2/DLON/H
  115  113  120  124  130  140  153  166  183  200  216  230  243  253  258  260
  257  249  241  226  214  199  184  168  153  140  129  122  113  110  106  106
  106  108  110  112  115  116  118  117  117  114  114  111  110  109  108  110
  111  116  119  125  129  134  137  139  140  139  138  136  134  131  129  125
  122  118  117  112  110  102  107  106  115                                   
    72.5-180.0 180.0   5.0 450.0                            LAT/LON1/LON2/DLON/H
  111  113  118  121  127  134  148  163  181  198  216  234  249  261  265  268
  263  255  240  226  209  194  174  156  137  123  109  101   93   89   87   87
   89   92   96  100  102  106  107  109  108  108  105  104  101  101   99  101
  103  107  111  117  121  126  128  132  132  133  129  130  125  125  119  118
  113  113  109  108  104  103  107  110  111                                   
    70.0-180.0 180.0   5.0 450.0                            LAT/LON1/LON2/DLON/H
  123  119  129  130  138  146  161  174  191  210  229  248  264  276  281  284
  279  269  253  236  219  200  182  157  140  120  105   94   83   77   71   72
   72   77   79   85   87   93   94   97   97   96   96   93   93   91   92   94
   97  101  106  111  115  119  122  122  122  120  118  116  114  112  110  107
  108  106  109  106  108  104  113  117  123                                   
    67.5-180.0 180.0   5.0 450.0                            LAT/LON1/LON2/DLON/H
  134  134  142  145  153  158  173  185  203  223  244  264  279  293  299  306
  301  292  275  258  239  219  200  177  159  138  122  106   94   82   75   69
   69   68   71   73   75   80   81   85   85   86   85   83   82   81   81   83
   85   90   95  100  104  107  109  109  108  105  103  102   99   99   97   98
   97  100  101  105  105  110  118  128  134                                   
    65.0-180.0 180.0   5.0 450.0                            LAT/LON1/LON2/DLON/H
  151  147  163  169  179  188  202  216  233  254  273  290  306  317  326  331
  328  319  304  287  267  249  230  207  191  168  154  131  116   98   88   76
   70   63   63   62   65   66   71   72   75   75   75   74   73   72   72   73
   76   80   84   88   91   94   95   95   94   90   88   85   84   82   82   82
   85   87   93   96  103  108  122  135  151                                   
    62.5-180.0 180.0   5.0 450.0                            LAT/LON1/LON2/DLON/H
  151  155  172  183  196  205  223  239  259  277  295  311  327  339  350  359
  357  351  335  318  298  280  262  241  221  200  183  164  144  125  107   92
   78   67   61   57   55   55   58   60   63   64   64   63   62   61   59   60
   60   64   68   73   76   78   80   81   80   78   75   73   72   70   70   69
   70   73   77   83   91  101  117  136  151                                   
    60.0-180.0 180.0   5.0 450.0                            LAT/LON1/LON2/DLON/H
  152  156  181  198  214  232  250  270  288  305  321  334  348  359  371  379
  382  379  365  348  329  313  294  275  254  233  214  194  177  155  136  114
   99   80   69   59   56   52   52   53   56   56   58   57   57   54   54   52
   52   53   55   60   62   65   66   68   68   67   65   65   64   63   61   60
   61   61   66   70   79   89  109  129  152                                   
    57.5-180.0 180.0   5.0 450.0                            LAT/LON1/LON2/DLON/H
  141  153  180  204  227  248  269  289  309  324  339  351  363  375  384  395
  403  404  392  379  358  343  324  304  284  263  245  223  206  185  165  143
  121  101   84   71   62   56   54   54   55   55   56   55   54   52   49   47
   45   44   46   49   53   55   59   61   65   65   65   64   65   63   61   56
   54   53   54   58   64   75   95  118  141                                   
    55.0-180.0 180.0   5.0 450.0                            LAT/LON1/LON2/DLON/H
  138  153  189  218  243  270  293  317  335  351  361  373  382  390  400  411
  420  421  415  404  384  370  351  331  310  291  274  254  237  216  199  176
  153  128  110   92   81   70   66   63   64   63   64   63   63   59   58   52
   50   46   46   47   51   54   58   64   66   69   68   71   70   70   68   64
   59   56   55   55   60   69   93  113  138                                   
    52.5-180.0 180.0   5.0 450.0                            LAT/LON1/LON2/DLON/H
  138  157  192  226  257  286  312  338  358  372  380  389  394  403  410  421
  428  430  424  416  398  387  366  350  329  312  294  278  261  244  222  202
  177  154  132  114   99   88   81   77   75   74   74   74   74   72   68   64
   58   55   52   54   57   62   68   72   77   79   80   80   82   81   79   74
   68   63   60   60   62   70   90  114  138                                   
    50.0-180.0 180.0   5.0 450.0                            LAT/LON1/LON2/DLON/H
  149  172  211  247  277  308  337  364  382  398  401  409  412  418  422  431
  433  433  429  420  406  394  376  361  342  326  309  295  282  265  245  222
  197  170  150  132  118  108  100   95   92   90   91   91   93   90   89   83
   78   72   70   69   72   77   81   87   88   90   89   92   93   95   94   93
   85   82   78   77   80   88  110  131  149                                   
    47.5-180.0 180.0   5.0 450.0                            LAT/LON1/LON2/DLON/H
  168  194  229  267  298  331  358  387  403  421  423  429  428  434  432  435
  434  431  425  416  404  395  380  369  349  335  318  306  290  274  249  226
  198  173  154  138  127  118  112  106  102  101  101  104  105  105  104  100
   96   91   88   88   90   94   97  100  101  100  100  100  103  105  106  104
  100   97   95   97  100  109  125  155  168                                   
    45.0-180.0 180.0   5.0 450.0                            LAT/LON1/LON2/DLON/H
  195  222  261  293  322  352  379  404  421  438  437  445  442  447  439  438
  433  430  421  411  401  393  382  369  351  337  321  308  292  271  247  218
  191  166  151  139  132  126  121  116  112  111  112  113  116  117  118  115
  114  109  107  104  105  107  108  109  108  106  104  106  108  114  115  117
  112  114  113  117  124  136  155  182  195                                   
    42.5-180.0 180.0   5.0 450.0                            LAT/LON1/LON2/DLON/H
  219  253  282  315  339  368  391  417  431  448  447  457  456  455  447  442
  435  429  419  411  402  397  387  375  355  340  322  305  283  259  229  198
  171  152  141  134  131  126  124  119  116  114  114  117  119  123  123  124
  123  121  118  117  116  117  117  115  113  109  106  105  109  114  118  118
  117  119  121  128  139  155  172  208  219                                   
    40.0-180.0 180.0   5.0 450.0                            LAT/LON1/LON2/DLON/H
  243  274  305  330  355  379  403  425  441  458  455  468  466  466  457  451
  442  435  425  417  410  405  393  378  358  340  321  298  274  243  214  180
  160  144  139  135  135  134  131  128  123  121  120  121  124  125  127  127
  127  126  124  121  119  119  118  115  112  106  102  102  107  112  115  118
  115  121  123  134  148  168  193  224  243                                   
    37.5-180.0 180.0   5.0 450.0                            LAT/LON1/LON2/DLON/H
  252  289  312  341  361  384  401  427  438  458  457  472  471  474  466  460
  452  444  436  429  421  415  400  384  362  341  318  294  266  235  204  179
  162  152  148  148  149  148  144  137  131  127  125  123  123  123  124  124
  125  123  121  118  117  117  118  115  113  105  103  101  104  108  108  110
  108  109  113  124  140  167  194  232  252                                   
    35.0-180.0 180.0   5.0 450.0                            LAT/LON1/LON2/DLON/H
  261  293  321  346  367  385  404  424  444  460  463  474  477  480  474  469
  461  454  448  441  433  423  406  385  364  341  319  293  268  238  216  196
  186  181  179  183  183  184  174  165  153  148  142  138  133  129  126  126
  124  122  119  117  115  117  120  121  117  111  106  104  106  107  107  107
  104  105  105  113  127  153  194  228  261                                   
    32.5-180.0 180.0   5.0 450.0                            LAT/LON1/LON2/DLON/H
  264  295  321  350  369  386  401  421  441  456  462  475  477  482  479  476
  471  465  461  456  446  433  410  390  368  348  328  308  290  270  259  250
  251  246  250  244  241  233  223  206  190  176  167  157  148  138  130  125
  120  116  113  111  112  117  121  124  123  118  115  112  112  112  109  107
  102   98  100  101  117  142  185  229  264                                   
    30.0-180.0 180.0   5.0 450.0                            LAT/LON1/LON2/DLON/H
  270  295  328  357  377  396  409  428  449  463  470  479  480  486  481  483
  481  476  472  466  456  437  413  390  372  358  348  341  335  338  347  361
  370  370  361  347  328  307  281  263  240  226  208  197  178  166  150  142
  131  127  119  122  120  132  132  140  133  133  125  126  122  122  117  114
  109  105  105  105  117  145  190  236  270                                   
    27.5-180.0 180.0   5.0 450.0                            LAT/LON1/LON2/DLON/H
  277  298  331  362  387  407  421  439  458  470  478  486  487  489  488  488
  488  485  482  474  459  439  411  392  381  380  387  395  416  438  467  478
  490  481  466  444  420  396  360  324  288  267  250  232  214  197  181  167
  157  146  143  142  147  153  155  157  155  150  148  143  142  132  129  120
  122  116  120  120  133  159  201  252  277                                   
    25.0-180.0 180.0   5.0 450.0                            LAT/LON1/LON2/DLON/H
  290  307  349  381  405  430  444  462  476  496  502  509  506  507  499  500
  496  492  484  474  457  433  409  396  397  414  442  477  507  540  571  609
  620  614  576  527  482  446  409  382  344  317  294  277  258  237  219  204
  191  181  173  171  173  178  180  179  173  165  156  152  143  137  132  131
  138  133  134  140  155  186  225  270  290                                   
    22.5-180.0 180.0   5.0 450.0                            LAT/LON1/LON2/DLON/H
  310  330  370  397  429  449  468  487  502  525  532  537  529  528  519  518
  510  503  490  474  455  433  416  411  434  468  512  551  596  648  696  728
  733  714  657  581  512  466  421  391  365  348  322  301  286  268  254  238
  229  217  211  207  209  210  209  202  195  184  180  171  167  151  144  142
  144  152  164  171  188  224  255  302  310                                   
    20.0-180.0 180.0   5.0 450.0                            LAT/LON1/LON2/DLON/H
  343  361  405  429  456  479  494  519  537  571  580  589  577  574  555  553
  537  524  504  482  462  440  432  445  484  521  571  630  688  737  769  798
  789  761  685  593  510  461  416  381  361  349  337  322  311  299  292  281
  276  265  261  252  252  246  242  230  216  203  193  189  181  177  166  163
  163  171  178  196  218  258  294  331  343                                   
    17.5-180.0 180.0   5.0 450.0                            LAT/LON1/LON2/DLON/H
  365  401  443  469  490  512  530  551  583  610  626  631  627  624  606  598
  579  567  540  512  488  469  475  499  544  594  659  716  754  783  807  818
  796  754  659  560  478  429  380  350  333  327  319  320  314  314  316  317
  316  311  308  299  294  282  273  255  240  216  206  195  192  188  182  180
  180  186  195  213  239  286  323  361  365                                   
    15.0-180.0 180.0   5.0 450.0                            LAT/LON1/LON2/DLON/H
  391  434  474  500  524  544  564  590  622  661  679  695  687  694  680  674
  646  628  599  567  541  522  534  557  611  676  736  768  786  804  810  807
  768  699  603  499  434  377  336  310  302  297  298  303  310  315  326  333
  339  338  338  330  322  303  292  271  253  229  212  199  192  188  186  187
  188  197  203  221  249  295  343  380  391                                   
    12.5-180.0 180.0   5.0 450.0                            LAT/LON1/LON2/DLON/H
  395  452  495  527  547  569  592  623  663  693  725  735  746  746  741  733
  714  690  664  637  615  601  609  639  697  750  782  803  798  795  783  765
  718  633  524  449  382  331  293  278  272  273  273  286  297  308  321  335
  348  351  354  343  332  315  298  281  260  239  219  207  194  187  184  183
  185  194  201  218  246  297  352  391  395                                   
    10.0-180.0 180.0   5.0 450.0                            LAT/LON1/LON2/DLON/H
  402  461  509  545  567  590  617  660  700  738  766  787  795  799  795  791
  775  755  732  713  695  685  693  720  759  798  811  809  790  777  757  724
  658  563  475  394  344  299  275  260  264  261  265  274  292  301  318  331
  345  347  346  337  324  308  294  278  263  239  225  204  194  186  184  184
  181  190  195  215  244  295  346  386  402                                   
     7.5-180.0 180.0   5.0 450.0                            LAT/LON1/LON2/DLON/H
  393  456  510  558  583  605  634  680  724  761  792  811  828  829  835  834
  829  814  796  775  758  751  760  783  812  830  820  800  772  757  728  686
