data/unet/pred0670.15i
     1.0            IONOSPHERE MAPS     GNSS                IONEX VERSION / TYPE
pyspatialgeodesy        IME             05-JAN-18 20:20     PGM / RUN BY / DATE 
Map Name                                                    COMMENT             
Predicted global ionosphere maps (GIM).                     DESCRIPTION         
  2015     3     8     0     0     0                        EPOCH OF FIRST MAP  
  2015     3     9     0     0     0                        EPOCH OF LAST MAP   
  7200                                                      INTERVAL            
    13                                                      # OF MAPS IN FILE   
  NONE                                                      MAPPING FUNCTION    
10.0                                                        ELEVATION CUTOFF    
One-way carrier phase leveled to code                       OBSERVABLES USED    
  6371.0                                                    BASE RADIUS         
 2                                                          MAP DIMENSION       
   450.0 450.0   0.0                                        HGT1 / HGT2 / DHGT  
    87.5 -87.5  -2.5                                        LAT1 / LAT2 / DLAT  
  -180.0 180.0   5.0                                        LON1 / LON2 / DLON  
    -1                                                      EXPONENT            
                                                            END OF HEADER       
[from data line 5148]
    13                                                      START OF TEC MAP    
  2015     3     9     0     0     0                        EPOCH OF CURRENT MAP
    87.5-180.0 180.0   5.0 450.0                            LAT/LON1/LON2/DLON/H
  169  139  132  127  126  122  125  122  127  125  128  127  131  130  132  131
  133  132  132  130  131  128  127  123  123  119  118  114  115  111  111  107
  109  105  107  104  107  105  108  106  111  111  114  114  117  117  120  119
  122  122  124  124  127  127  128  128  131  131  131  130  132  132  132  132
  134  134  135  137  143  141  141  163  169                                   
    85.0-180.0 180.0   5.0 450.0                            LAT/LON1/LON2/DLON/H
  147  143  141  137  137  131  136  132  139  136  141  138  145  142  146  142
  147  143  144  139  140  134  132  125  124  117  114  107  106  101   99   94
   95   91   92   89   92   92   94   94   99  101  105  106  111  113  116  117
  121  123  126  128  131  133  135  136  139  139  139  139  141  141  142  141
  143  143  146  146  154  147  145  142  147                                   
    82.5-180.0 180.0   5.0 450.0                            LAT/LON1/LON2/DLON/H
  147  147  146  146  143  140  143  143  147  147  150  151  155  155  156  156
  157  155  153  149  147  141  135  127  122  113  107   99   96   89   86   80
   80   75   76   74   78   76   81   81   88   89   95   97  103  105  110  112
  118  119  125  126  132  132  137  137  142  141  145  144  148  147  150  149
  152  151  154  154  160  155  151  148  147                                   
    80.0-180.0 180.0   5.0 450.0                            LAT/LON1/LON2/DLON/H
  152  156  155  156  151  153  152  156  157  161  162  167  169  173  172  175
  174  173  168  166  160  153  145  137  128  119  109  101   95   87   82   77
   75   71   71   70   74   74   78   81   87   89   94   97  103  104  109  110
  115  116  120  122  126  127  132  134  139  141  145  148  152  154  156  158
  160  161  163  164  167  164  160  156  152                                   
    77.5-180.0 180.0   5.0 450.0                            LAT/LON1/LON2/DLON/H
  164  164  162  163  157  157  156  160  162  167  171  178  181  185  187  189
  188  186  182  178  171  164  154  145  135  124  114  104   96   88   82   77
   73   70   70   69   72   73   78   81   86   88   93   95   99  100  102  103
  105  106  108  109  111  113  117  121  127  131  137  143  148  153  156  160
  162  165  166  168  169  166  165  161  164                                   
    75.0-180.0 180.0   5.0 450.0                            LAT/LON1/LON2/DLON/H
  172  172  171  168  161  158  158  160  165  170  178  184  190  193  196  196
  196  193  189  184  178  168  161  150  141  130  121  111  103   94   88   82
   79   75   76   74   77   78   83   85   91   93   98   99  101  100  101   99
   99   97   96   95   96   97  103  107  115  120  130  135  143  147  154  157
  162  164  169  170  172  172  172  170  172                                   
    72.5-180.0 180.0   5.0 450.0                            LAT/LON1/LON2/DLON/H
  185  183  180  176  166  163  161  164  167  175  183  190  195  198  199  198
  195  191  187  182  176  168  161  153  144  137  127  119  110  103   97   91
   87   84   83   81   83   84   87   89   93   94   98   98   98   95   93   89
   87   83   81   79   79   81   86   92  101  110  119  128  136  142  149  153
  158  162  167  170  174  177  181  181  185                                   
    70.0-180.0 180.0   5.0 450.0                            LAT/LON1/LON2/DLON/H
  194  194  192  185  175  169  167  168  173  180  189  196  200  201  199  196
  190  185  179  175  169  163  159  151  146  138  131  122  115  107  102   95
   92   87   87   84   86   85   88   90   93   94   97   96   95   91   87   80
   75   70   67   64   65   67   73   79   90  100  112  122  132  139  146  150
  155  159  165  170  175  182  187  192  194                                   
    67.5-180.0 180.0   5.0 450.0                            LAT/LON1/LON2/DLON/H
  208  207  203  197  185  179  174  176  179  186  195  201  203  201  196  189
  180  173  167  163  160  156  153  148  143  137  130  121  114  107  101   95
   92   87   86   83   83   81   83   83   86   86   88   86   85   80   76   68
   64   58   57   54   56   59   66   73   85   97  110  121  132  140  146  150
  154  158  164  170  177  185  194  201  208                                   
    65.0-180.0 180.0   5.0 450.0                            LAT/LON1/LON2/DLON/H
  218  218  218  209  196  188  183  181  185  192  200  205  205  201  192  183
  172  165  158  156  153  151  149  144  140  133  126  116  109  101   96   89
   86   82   80   76   75   73   73   73   76   77   79   78   77   72   67   60
   56   53   52   51   53   57   65   73   86   99  114  127  138  146  152  155
  158  161  167  172  177  189  200  213  218                                   
    62.5-180.0 180.0   5.0 450.0                            LAT/LON1/LON2/DLON/H
  230  227  229  221  206  197  189  188  190  198  205  209  207  201  190  180
  168  161  155  153  151  149  146  142  136  128  118  108  100   93   87   83
   80   76   72   68   66   63   62   62   65   67   69   69   68   64   60   54
   53   51   53   53   58   62   70   79   95  108  125  138  151  158  163  165
  167  168  172  176  181  192  204  220  230                                   
    60.0-180.0 180.0   5.0 450.0                            LAT/LON1/LON2/DLON/H
  241  241  245  234  220  207  199  194  196  201  207  209  208  202  192  183
  174  167  161  159  155  152  148  141  133  123  113  102   95   87   84   79
   76   72   68   63   59   56   55   55   59   62   66   67   67   63   60   55
   55   55   57   60   66   71   80   89  106  120  137  152  165  173  178  181
  182  182  184  186  187  197  210  230  241                                   
    57.5-180.0 180.0   5.0 450.0                            LAT/LON1/LON2/DLON/H
  263  260  263  252  237  223  211  205  202  206  208  211  209  205  198  193
  187  183  176  172  165  160  152  143  131  121  109  101   93   88   84   81
   78   74   69   64   59   57   55   57   60   66   70   72   73   70   67   63
   64   64   68   71   78   83   91  101  117  131  151  166  181  190  198  201
  204  203  204  203  201  209  221  240  263                                   
    55.0-180.0 180.0   5.0 450.0                            LAT/LON1/LON2/DLON/H
  289  291  293  281  265  249  234  219  213  210  210  209  208  207  205  205
  204  202  196  190  180  170  159  148  137  125  115  108  103   99   96   92
   89   84   79   74   69   66   66   66   71   75   81   83   85   81   78   74
   77   76   80   84   91   95  103  112  126  141  160  178  195  207  217  224
  229  232  234  231  227  232  243  260  289                                   
    52.5-180.0 180.0   5.0 450.0                            LAT/LON1/LON2/DLON/H
  327  327  328  318  300  284  265  248  234  224  217  213  210  211  214  218
  222  223  216  208  194  181  167  156  144  135  125  121  117  116  111  108
  103   98   92   88   83   82   81   82   85   90   94   97   98   95   92   89
   90   90   94   96  102  105  111  119  133  148  169  187  207  222  236  247
  259  265  270  267  264  265  270  283  327                                   
    50.0-180.0 180.0   5.0 450.0                            LAT/LON1/LON2/DLON/H
  362  373  373  362  352  335  314  289  268  249  233  221  217  218  222  231
  238  239  231  220  204  189  175  163  156  148  143  140  137  135  131  125
  119  113  108  105  102  100  101  100  103  105  110  110  112  108  106  102
  103  103  106  108  112  114  119  127  141  157  176  196  218  237  257  273
  289  301  309  311  309  308  313  318  362                                   
    47.5-180.0 180.0   5.0 450.0                            LAT/LON1/LON2/DLON/H
  394  411  413  409  397  385  360  337  310  283  260  241  232  230  236  243
  253  251  243  227  210  196  183  175  169  166  162  160  157  153  146  139
  130  124  119  117  115  116  115  116  116  119  120  121  122  121  119  117
  116  115  116  116  118  119  124  133  149  167  188  209  234  256  279  297
  318  333  347  352  356  356  351  351  394                                   
    45.0-180.0 180.0   5.0 450.0                            LAT/LON1/LON2/DLON/H
  420  447  451  449  443  429  408  383  354  322  290  267  253  249  251  257
  261  258  246  230  214  203  194  190  187  184  180  177  171  163  154  142
  134  127  125  124  125  126  128  126  128  128  130  130  132  130  130  127
  127  123  122  120  122  123  128  139  158  177  199  221  246  272  299  321
  344  364  379  391  398  400  397  387  420                                   
    42.5-180.0 180.0   5.0 450.0                            LAT/LON1/LON2/DLON/H
  437  462  468  471  466  458  437  417  386  355  322  296  280  271  271  270
  272  263  250  233  219  212  205  204  201  198  191  185  175  164  151  138
  129  125  123  126  128  132  133  134  134  136  137  139  140  141  140  137
  134  129  127  124  125  126  133  145  168  190  215  238  265  290  316  342
  365  385  402  418  432  433  427  416  437                                   
    40.0-180.0 180.0   5.0 450.0                            LAT/LON1/LON2/DLON/H
  452  479  481  483  482  475  459  442  414  383  350  325  306  296  290  287
  283  272  257  241  231  225  220  217  211  204  194  184  171  157  145  132
  126  124  125  129  134  137  139  139  142  142  145  144  148  146  146  140
  138  130  127  123  124  127  136  151  176  199  228  255  284  312  338  364
  386  404  423  440  457  460  462  438  452                                   
    37.5-180.0 180.0   5.0 450.0                            LAT/LON1/LON2/DLON/H
  462  479  479  479  478  473  459  449  424  401  370  349  332  322  315  306
  298  285  272  258  249  243  235  226  214  200  187  175  163  151  140  132
  129  131  133  140  142  146  146  147  149  151  152  153  153  153  149  144
  138  131  125  120  122  124  135  151  178  203  236  266  299  329  356  384
  405  426  441  460  476  483  482  458  462                                   
    35.0-180.0 180.0   5.0 450.0                            LAT/LON1/LON2/DLON/H
  477  489  480  473  471  466  455  447  430  412  386  370  355  347  336  326
  314  303  290  281  271  262  248  231  213  195  182  171  164  155  150  145
  149  153  158  161  162  161  161  160  162  161  162  160  162  157  154  145
  138  128  121  115  115  117  128  142  168  196  231  266  306  346  376  404
  426  445  462  481  501  510  517  486  477                                   
    32.5-180.0 180.0   5.0 450.0                            LAT/LON1/LON2/DLON/H
  503  505  490  476  469  461  450  445  432  421  401  390  377  371  359  349
  336  325  314  304  293  277  255  232  210  194  184  182  181  182  182  186
  192  198  199  196  188  185  180  180  179  179  175  173  169  163  154  144
  134  123  115  108  106  106  115  130  153  180  219  261  309  355  391  422
  444  465  480  502  523  537  545  524  503                                   
    30.0-180.0 180.0   5.0 450.0                            LAT/LON1/LON2/DLON/H
  551  549  530  509  497  483  470  461  449  437  420  411  399  393  380  372
  358  350  337  327  309  287  259  232  214  207  209  217  229  240  249  257
  264  266  260  247  228  217  209  205  200  197  190  183  176  164  155  142
  132  120  111  102   98   97  104  121  144  176  209  264  314  365  403  442
  469  493  509  535  562  579  589  583  551                                   
    27.5-180.0 180.0   5.0 450.0                            LAT/LON1/LON2/DLON/H
  620  619  595  576  559  536  513  497  480  463  444  435  424  418  404  395
  383  373  360  342  319  288  258  236  229  238  259  283  307  326  339  346
  346  340  326  303  274  255  239  233  222  214  201  190  178  165  154  138
  128  119  109  101   92   91   97  114  143  179  218  271  323  373  416  464
  495  525  547  570  599  619  632  644  620                                   
    25.0-180.0 180.0   5.0 450.0                            LAT/LON1/LON2/DLON/H
  696  708  693  678  658  623  590  561  535  509  482  467  452  443  427  416
  403  395  377  353  322  288  263  251  263  292  336  378  413  430  439  433
  424  406  383  353  318  294  268  256  240  227  208  193  180  165  154  137
  128  118  109  101   95   93   99  118  144  189  228  287  335  387  436  487
  526  563  591  617  647  672  709  721  696                                   
    22.5-180.0 180.0   5.0 450.0                            LAT/LON1/LON2/DLON/H
  758  794  793  787  772  735  689  649  611  575  539  512  489  473  453  438
  424  411  389  358  323  291  275  279  313  368  427  481  513  526  520  507
  483  458  423  389  346  318  290  272  249  229  207  189  179  166  152  135
  127  117  113  103  100   98  109  128  162  212  260  316  362  407  456  507
  549  590  623  653  686  716  769  783  758                                   
    20.0-180.0 180.0   5.0 450.0                            LAT/LON1/LON2/DLON/H
  814  870  884  893  888  853  806  757  706  654  610  571  540  512  483  465
  445  429  401  366  332  307  305  331  388  462  530  577  600  595  582  554
  524  485  448  405  361  330  300  279  255  232  208  189  183  168  156  142
  129  122  113  109  103  109  119  144  181  239  289  346  389  436  485  532
  579  618  658  695  734  767  834  842  814                                   
    17.5-180.0 180.0   5.0 450.0                            LAT/LON1/LON2/DLON/H
  844  922  951  968  974  942  898  845  792  734  679  633  592  556  522  494
  472  448  418  383  353  340  357  405  474  550  607  639  639  624  588  552
  508  473  436  397  356  325  299  277  255  229  207  191  186  176  163  148
  136  122  119  110  110  111  132  161  202  259  308  361  408  460  504  551
  592  631  673  713  757  793  852  861  844                                   
    15.0-180.0 180.0   5.0 450.0                            LAT/LON1/LON2/DLON/H
  867  950  987 1015 1023  994  957  910  861  802  748  694  648  602  565  531
  503  476  445  414  396  397  430  491  563  624  659  663  646  605  559  510
  473  441  410  372  341  311  294  274  255  233  212  196  191  181  169  154
  140  130  121  115  113  121  147  181  229  271  321  368  432  478  530  568
  610  644  690  726  769  804  854  865  867                                   
    12.5-180.0 180.0   5.0 450.0                            LAT/LON1/LON2/DLON/H
  849  935  977 1007 1017  996  967  933  898  847  795  740  697  647  606  571
  541  509  484  458  456  471  517  576  627  657  658  637  589  534  477  441
  410  389  366  344  321  298  291  276  259  236  217  201  195  185  175  158
  150  140  132  125  124  134  163  206  247  290  331  385  442  495  541  580
  616  655  695  734  768  796  838  843  849                                   
    10.0-180.0 180.0   5.0 450.0                            LAT/LON1/LON2/DLON/H
  835  903  943  968  983  961  951  932  913  874  830  779  737  688  648  609
  583  551  528  514  523  553  599  643  666  658  625  566  500  436  391  365
  349  341  337  325  309  298  296  285  270  248  227  210  201  191  179  166
  156  147  139  129  130  143  175  216  260  299  342  392  454  504  551  588
  628  668  709  744  773  794  831  825  835                                   
     7.5-180.0 180.0   5.0 450.0                            LAT/LON1/LON2/DLON/H
  794  858  893  917  923  914  906  907  900  876  842  798  762  718  684  646
  622  593  578  568  587  619  656  674  658  611  540  464  390  341  308  303
