data/unet/pred1710.15i
     1.0            IONOSPHERE MAPS     GNSS                IONEX VERSION / TYPE
pyspatialgeodesy        IME             05-JAN-18 20:20     PGM / RUN BY / DATE 
Map Name                                                    COMMENT             
Predicted global ionosphere maps (GIM).                     DESCRIPTION         
  2015     6    20     0     0     0                        EPOCH OF FIRST MAP  
  2015     6    21     0     0     0                        EPOCH OF LAST MAP   
  7200                                                      INTERVAL            
    13                                                      # OF MAPS IN FILE   
  NONE                                                      MAPPING FUNCTION    
10.0                                                        ELEVATION CUTOFF    
One-way carrier phase leveled to code                       OBSERVABLES USED    
  6371.0                                                    BASE RADIUS         
 2                                                          MAP DIMENSION       
   450.0 450.0   0.0                                        HGT1 / HGT2 / DHGT  
    87.5 -87.5  -2.5                                        LAT1 / LAT2 / DLAT  
  -180.0 180.0   5.0                                        LON1 / LON2 / DLON  
    -1                                                      EXPONENT            
                                                            END OF HEADER       
[from data line 429]
     2                                                      START OF TEC MAP    
  2015     6    20     2     0     0                        EPOCH OF CURRENT MAP
    87.5-180.0 180.0   5.0 450.0                            LAT/LON1/LON2/DLON/H
  192  196  198  201  202  200  200  201  201  202  201  201  201  200  198  196
  196  194  192  189  189  186  184  182  181  179  179  177  177  176  177  176
  177  176  178  177  179  178  180  179  180  180  181  180  182  181  183  182
  184  184  186  186  189  189  191  191  193  194  194  194  195  195  195  194
  195  195  194  194  193  191  185  193  192                                   
    85.0-180.0 180.0   5.0 450.0                            LAT/LON1/LON2/DLON/H
  192  199  195  203  202  200  200  201  201  202  202  202  202  202  201  199
  198  196  194  191  190  187  184  182  180  178  177  175  175  173  173  172
  173  172  172  172  172  172  173  173  173  173  174  174  175  175  176  177
  178  179  180  181  183  185  186  187  188  189  189  189  190  190  190  189
  190  190  190  189  190  184  189  185  192                                   
    82.5-180.0 180.0   5.0 450.0                            LAT/LON1/LON2/DLON/H
  195  194  202  205  206  203  205  205  207  207  209  207  209  207  208  204
  205  201  202  198  197  193  193  188  188  184  184  181  180  177  177  174
  175  172  173  171  172  171  172  171  173  172  175  174  177  176  179  179
  182  182  186  186  189  189  192  191  193  192  193  191  193  190  191  188
  192  189  192  189  194  186  188  182  195                                   
    80.0-180.0 180.0   5.0 450.0                            LAT/LON1/LON2/DLON/H
  200  199  206  210  210  210  210  211  212  212  213  211  211  209  209  205
  205  201  201  197  197  193  192  188  187  182  182  177  176  171  171  167
  168  164  167  165  167  165  168  167  170  169  173  173  176  177  181  181
  186  185  191  190  195  194  198  196  200  197  199  196  199  195  196  193
  195  192  195  193  194  189  190  187  200                                   
    77.5-180.0 180.0   5.0 450.0                            LAT/LON1/LON2/DLON/H
  199  202  205  213  212  214  214  215  214  214  214  213  211  209  207  204
  202  199  198  194  194  190  190  185  184  179  178  173  169  166  164  162
  161  161  162  163  164  165  167  168  170  172  174  176  179  182  185  187
  190  192  197  198  201  202  204  205  205  205  205  203  202  200  199  197
  197  196  196  196  195  194  193  190  199                                   
    75.0-180.0 180.0   5.0 450.0                            LAT/LON1/LON2/DLON/H
  203  204  211  215  218  218  219  219  220  218  217  212  211  204  203  196
  195  189  190  184  185  181  182  176  175  169  168  161  159  154  154  152
  155  155  160  161  166  166  171  170  175  174  179  179  184  185  190  191
  196  197  203  203  208  208  211  210  212  209  210  206  205  200  200  195
  197  195  197  196  197  193  198  193  203                                   
    72.5-180.0 180.0   5.0 450.0                            LAT/LON1/LON2/DLON/H
  203  205  209  214  215  216  218  218  219  217  216  211  207  200  194  188
  183  179  178  175  174  172  172  168  164  159  155  151  146  144  143  144
  146  151  154  160  163  167  170  172  174  176  179  182  186  189  193  196
  199  203  206  208  210  212  212  213  212  212  210  209  205  203  199  197
  197  195  197  197  196  198  198  194  203                                   
    70.0-180.0 180.0   5.0 450.0                            LAT/LON1/LON2/DLON/H
  207  206  213  213  217  215  220  219  223  220  220  213  209  198  191  182
  177  171  170  168  168  166  166  162  160  153  150  143  141  138  139  141
  146  150  158  163  168  171  176  178  180  182  186  188  192  195  200  202
  206  208  212  213  216  215  217  216  216  214  212  209  207  202  200  196
  197  195  198  196  197  197  201  196  207                                   
    67.5-180.0 180.0   5.0 450.0                            LAT/LON1/LON2/DLON/H
  208  205  207  211  209  211  214  216  220  219  219  214  208  198  188  178
  170  165  162  161  160  160  158  156  150  145  139  136  131  132  132  137
  141  149  155  162  166  170  173  175  177  180  183  187  190  194  199  203
  206  209  210  212  212  213  213  213  212  211  209  207  204  201  198  196
  196  194  197  197  198  201  198  192  208                                   
    65.0-180.0 180.0   5.0 450.0                            LAT/LON1/LON2/DLON/H
  212  205  208  207  208  206  211  214  221  220  223  217  213  202  192  180
  172  165  161  159  159  157  156  151  148  141  137  131  130  129  132  135
  142  148  155  160  166  169  172  174  177  180  183  188  192  196  203  206
  210  210  214  212  215  213  215  214  214  212  209  207  203  199  196  194
  195  195  198  197  199  199  200  192  212                                   
    62.5-180.0 180.0   5.0 450.0                            LAT/LON1/LON2/DLON/H
  212  204  202  203  200  200  203  208  215  218  222  219  217  207  196  184
  175  167  163  160  158  157  153  150  144  140  134  133  129  131  131  136
  139  146  150  156  159  162  165  168  171  174  179  184  190  196  202  206
  209  210  210  211  211  212  213  213  212  210  209  204  203  197  196  193
  194  194  198  199  201  204  200  189  212                                   
    60.0-180.0 180.0   5.0 450.0                            LAT/LON1/LON2/DLON/H
  217  207  207  203  201  197  199  203  211  215  220  218  218  209  202  190
  183  174  170  165  164  158  156  150  147  140  138  135  134  133  134  135
  138  141  144  147  150  153  157  160  165  170  176  183  189  195  203  206
  211  210  214  212  215  215  218  217  218  216  214  211  207  202  199  196
  196  196  200  201  203  202  203  190  217                                   
    57.5-180.0 180.0   5.0 450.0                            LAT/LON1/LON2/DLON/H
  222  212  209  206  200  196  195  199  205  211  218  218  221  215  211  200
  194  185  182  176  173  167  162  157  152  148  144  143  140  140  137  138
  135  136  135  137  139  141  145  150  155  161  169  177  184  192  199  204
  208  211  214  216  217  219  221  222  221  218  217  211  210  203  203  197
  197  196  200  201  204  206  202  188  222                                   
    55.0-180.0 180.0   5.0 450.0                            LAT/LON1/LON2/DLON/H
  231  224  225  220  215  207  203  204  205  210  215  217  220  216  215  206
  202  194  192  185  183  174  169  162  159  154  152  149  149  144  142  137
  134  130  129  129  132  133  139  143  151  157  165  173  182  190  197  204
  208  213  218  221  227  229  233  233  233  230  227  222  217  212  208  204
  203  202  203  204  207  208  210  196  231                                   
    52.5-180.0 180.0   5.0 450.0                            LAT/LON1/LON2/DLON/H
  241  236  236  236  230  222  215  211  209  211  215  216  220  218  220  214
  213  206  206  199  196  187  180  171  167  163  162  160  157  152  145  139
  131  127  122  123  123  127  132  139  146  152  160  169  178  188  196  204
  210  216  222  227  235  239  242  242  241  235  232  223  221  213  212  205
  206  202  206  205  210  214  215  202  241                                   
    50.0-180.0 180.0   5.0 450.0                            LAT/LON1/LON2/DLON/H
  250  251  259  259  256  247  237  229  222  220  219  219  219  219  220  216
  217  212  212  206  203  194  188  178  175  170  170  166  163  154  146  137
  131  125  123  121  125  126  133  139  146  152  160  168  176  186  195  205
  211  220  225  234  243  251  256  256  253  248  242  235  228  223  217  215
  212  211  211  212  214  218  224  213  250                                   
    47.5-180.0 180.0   5.0 450.0                            LAT/LON1/LON2/DLON/H
  256  260  268  277  275  269  261  248  238  230  226  223  223  222  224  222
  223  221  222  216  216  206  200  190  186  180  179  173  167  156  147  136
  131  126  124  125  126  130  135  140  146  152  158  166  174  186  197  207
  217  225  236  243  255  261  268  267  264  255  250  238  233  224  222  215
  217  211  217  215  220  225  231  223  256                                   
    45.0-180.0 180.0   5.0 450.0                            LAT/LON1/LON2/DLON/H
  264  271  280  290  295  294  287  275  262  250  240  233  228  226  225  222
  224  221  223  220  218  210  204  195  192  185  184  175  168  155  144  134
  130  127  128  130  133  135  140  144  150  154  160  165  174  184  196  210
  220  232  241  250  260  269  275  275  271  263  254  243  235  229  224  224
  223  223  225  227  230  234  241  233  264                                   
    42.5-180.0 180.0   5.0 450.0                            LAT/LON1/LON2/DLON/H
  267  272  280  297  303  309  305  296  283  267  256  245  239  234  232  229
  230  228  230  227  226  218  213  203  200  192  188  178  168  154  142  133
  132  131  133  136  139  141  142  148  151  157  160  166  173  183  196  210
  225  235  248  255  269  273  281  279  279  267  260  243  237  224  223  218
  226  224  233  234  239  244  251  245  267                                   
    40.0-180.0 180.0   5.0 450.0                            LAT/LON1/LON2/DLON/H
  278  284  288  301  308  318  321  317  305  289  276  264  252  248  240  236
  234  231  231  228  226  220  215  207  204  195  191  178  168  153  142  135
  135  137  140  144  148  148  150  150  155  157  161  166  173  182  193  211
  226  241  249  259  269  274  278  278  278  269  260  246  240  230  228  228
  233  237  244  249  254  259  264  258  278                                   
    37.5-180.0 180.0   5.0 450.0                            LAT/LON1/LON2/DLON/H
  289  289  291  302  305  321  326  327  318  303  292  278  268  260  253  247
  243  239  237  233  232  227  223  216  213  204  198  184  172  158  148  143
  144  147  151  153  156  156  155  157  158  162  164  169  176  182  195  209
  227  240  254  261  273  272  280  278  282  272  267  254  252  239  240  236
  246  249  259  264  274  278  281  275  289                                   
    35.0-180.0 180.0   5.0 450.0                            LAT/LON1/LON2/DLON/H
  311  310  310  313  315  324  331  336  331  319  306  294  280  275  264  259
  251  248  241  237  233  230  227  221  219  210  205  190  179  165  156  151
  152  156  158  160  162  161  161  160  163  164  168  171  179  183  192  207
  224  239  251  259  268  268  273  273  278  275  273  266  263  256  256  256
  262  268  278  287  296  302  304  299  311                                   
    32.5-180.0 180.0   5.0 450.0                            LAT/LON1/LON2/DLON/H
  337  337  333  333  331  334  338  343  340  331  319  307  295  288  278  270
  263  255  248  241  238  236  236  233  231  223  218  204  192  179  170  166
  165  167  167  168  167  167  164  167  169  172  174  176  181  181  189  199
  217  229  243  250  261  262  270  272  282  283  287  280  281  271  276  272
  284  285  298  307  322  327  327  327  337                                   
    30.0-180.0 180.0   5.0 450.0                            LAT/LON1/LON2/DLON/H
  366  375  374  374  368  365  364  365  362  353  339  326  312  304  290  283
  271  265  253  247  243  244  245  244  243  234  228  214  204  191  181  175
  172  170  168  167  166  164  164  164  168  169  172  171  176  173  179  186
  202  217  230  241  251  255  265  271  284  292  299  299  300  294  296  295
  301  305  314  328  345  356  359  360  366                                   
    27.5-180.0 180.0   5.0 450.0                            LAT/LON1/LON2/DLON/H
  395  411  419  421  418  408  404  399  392  381  364  349  333  321  306  295
  283  272  261  253  251  253  257  259  258  252  244  228  217  204  192  185
  176  172  167  165  162  162  160  162  165  167  168  165  164  159  163  168
  183  196  212  225  241  251  265  274  290  301  315  317  317  313  315  315
  320  326  334  350  369  383  384  391  395                                   
    25.0-180.0 180.0   5.0 450.0                            LAT/LON1/LON2/DLON/H
  428  447  462  470  467  461  451  444  434  417  398  377  358  344  326  313
  295  283  267  261  257  264  269  273  273  262  251  235  223  209  195  184
  172  163  155  150  148  147  148  149  154  156  159  153  152  142  145  147
  164  178  197  214  232  246  265  279  299  309  326  330  333  329  333  332
  338  342  348  364  387  400  408  415  428                                   
    22.5-180.0 180.0   5.0 450.0                            LAT/LON1/LON2/DLON/H
  451  471  496  508  513  507  499  489  476  456  433  410  387  368  348  332
  312  297  279  271  268  278  284  289  283  272  257  240  226  212  194  179
  162  149  139  134  132  133  134  139  141  145  144  141  136  131  133  137
  153  168  187  207  229  247  268  283  305  314  331  334  340  339  343  347
  352  357  361  378  398  413  418  432  451                                   
    20.0-180.0 180.0   5.0 450.0                            LAT/LON1/LON2/DLON/H
  468  488  520  536  546  545  539  533  518  494  470  442  417  396  373  354
  334  316  295  286  283  291  296  298  290  274  255  237  223  208  188  169
  148  131  120  113  113  113  118  120  125  127  130  124  124  116  121  125
  144  161  184  207  231  253  275  292  311  320  334  338  344  348  355  360
  364  368  370  384  406  413  422  435  468                                   
    17.5-180.0 180.0   5.0 450.0                            LAT/LON1/LON2/DLON/H
  468  486  522  544  561  563  565  564  552  531  503  475  446  421  396  375
  353  336  313  304  299  307  306  305  288  270  247  228  212  198  174  152
  130  110  100   93   96   99  102  107  108  113  112  112  112  109  114  122
  141  161  185  212  237  258  283  299  318  325  340  343  354  359  371  375
  380  381  384  393  411  416  420  436  468                                   
    15.0-180.0 180.0   5.0 450.0                            LAT/LON1/LON2/DLON/H
  454  467  502  525  547  558  568  574  569  550  527  495  467  440  415  395
  374  356  334  323  314  315  309  301  280  256  230  212  196  180  157  136
  114   96   89   83   86   88   93   94   97   98  103  100  103  100  108  116
  140  163  191  219  244  268  293  311  330  338  346  354  357  369  377  387
  386  391  390  401  416  418  417  427  454                                   
    12.5-180.0 180.0   5.0 450.0                            LAT/LON1/LON2/DLON/H
  434  443  472  492  513  525  544  558  563  552  532  507  478  453  427  408
  386  367  347  338  322  320  306  292  263  235  208  190  174  159  141  121
  103   88   78   73   76   80   81   83   85   88   91   93   94   95  103  116
  140  166  195  226  253  277  303  322  346  349  360  362  372  376  389  390
  397  398  403  411  424  423  419  429  434                                   
    10.0-180.0 180.0   5.0 450.0                            LAT/LON1/LON2/DLON/H
  418  418  440  453  469  484  504  524  536  536  527  503  480  452  432  411
  392  376  355  344  324  315  296  275  243  212  186  167  155  143  130  114
  101   84   78   75   77   79   79   78   81   84   89   87   91   88   98  108
  133  159  192  222  252  277  306  326  352  359  366  371  377  386  392  402
  401  410  413  423  431  428  419  423  418                                   
     7.5-180.0 180.0   5.0 450.0                            LAT/LON1/LON2/DLON/H
  411  410  421  427  436  449  467  485  498  505  502  489  466  445  421  402
  382  367  351  339  318  305  280  254  218  188  161  144  136  130  121  110
