data/unet/pred1170.15i
     1.0            IONOSPHERE MAPS     GNSS                IONEX VERSION / TYPE
pyspatialgeodesy        IME             05-JAN-18 20:20     PGM / RUN BY / DATE 
Map Name                                                    COMMENT             
Predicted global ionosphere maps (GIM).                     DESCRIPTION         
  2015     4    27     0     0     0                        EPOCH OF FIRST MAP  
  2015     4    28     0     0     0                        EPOCH OF LAST MAP   
  7200                                                      INTERVAL            
    13                                                      # OF MAPS IN FILE   
  NONE                                                      MAPPING FUNCTION    
10.0                                                        ELEVATION CUTOFF    
One-way carrier phase leveled to code                       OBSERVABLES USED    
  6371.0                                                    BASE RADIUS         
 2                                                          MAP DIMENSION       
   450.0 450.0   0.0                                        HGT1 / HGT2 / DHGT  
    87.5 -87.5  -2.5                                        LAT1 / LAT2 / DLAT  
  -180.0 180.0   5.0                                        LON1 / LON2 / DLON  
    -1                                                      EXPONENT            
                                                            END OF HEADER       
[from data line 858]
     3                                                      START OF TEC MAP    
  2015     4    27     4     0     0                        EPOCH OF CURRENT MAP
    87.5-180.0 180.0   5.0 450.0                            LAT/LON1/LON2/DLON/H
  245  243  240  245  247  246  248  248  249  249  250  250  251  250  251  250
  251  250  251  250  251  251  252  252  253  254  256  258  259  261  262  264
  265  266  267  267  266  266  265  264  261  259  256  253  249  245  243  240
  239  236  237  235  236  236  237  237  238  239  240  240  241  242  242  243
  243  244  242  244  246  243  243  247  245                                   
    85.0-180.0 180.0   5.0 450.0                            LAT/LON1/LON2/DLON/H
  245  246  230  237  236  238  239  242  242  245  246  248  249  250  251  251
  251  251  251  252  251  251  252  252  253  251  254  253  255  254  257  257
  260  259  262  261  262  261  263  261  260  258  257  254  251  248  246  243
  242  240  240  239  239  240  240  241  240  241  241  242  240  242  240  240
  239  239  236  238  237  237  244  245  245                                   
    82.5-180.0 180.0   5.0 450.0                            LAT/LON1/LON2/DLON/H
  235  234  228  232  230  233  236  241  243  249  251  256  257  260  260  262
  261  261  261  261  259  259  258  257  257  255  255  254  255  255  256  257
  259  261  262  263  264  265  266  266  265  265  264  262  258  256  254  253
  251  251  250  251  249  250  250  251  250  251  249  250  248  247  244  243
  240  239  235  236  238  236  236  239  235                                   
    80.0-180.0 180.0   5.0 450.0                            LAT/LON1/LON2/DLON/H
  235  233  226  226  226  230  233  239  241  247  249  255  256  261  260  263
  261  262  260  260  257  256  254  253  249  247  244  244  240  242  241  245
  245  250  251  256  257  261  262  264  264  264  264  263  262  260  260  259
  259  258  260  260  261  262  262  263  262  263  260  261  258  257  252  251
  248  246  241  241  240  237  241  241  235                                   
    77.5-180.0 180.0   5.0 450.0                            LAT/LON1/LON2/DLON/H
  235  234  229  231  228  232  235  240  241  247  249  255  255  260  260  262
  260  260  258  258  254  252  249  245  242  237  234  230  228  227  228  231
  234  239  244  250  254  258  262  264  264  265  266  266  266  266  267  267
  268  269  271  273  275  276  278  278  278  278  277  275  273  271  268  266
  263  260  256  252  252  249  247  249  235                                   
    75.0-180.0 180.0   5.0 450.0                            LAT/LON1/LON2/DLON/H
  244  244  240  238  238  239  243  244  247  249  253  256  256  257  257  257
  254  254  251  251  247  246  241  238  232  228  223  219  215  213  213  217
  220  228  234  242  248  254  259  262  263  265  268  268  270  268  272  272
  276  277  282  284  287  289  293  294  295  293  292  289  286  283  280  278
  275  273  269  265  262  256  256  255  244                                   
    72.5-180.0 180.0   5.0 450.0                            LAT/LON1/LON2/DLON/H
  256  251  251  248  245  247  248  250  249  252  251  253  250  249  245  245
  241  241  239  240  237  236  232  228  222  217  211  205  201  198  198  200
  206  214  222  232  241  247  254  256  260  261  266  266  269  270  276  279
  284  288  295  299  303  305  309  309  310  307  305  301  297  292  289  286
  285  282  278  274  274  272  265  264  256                                   
    70.0-180.0 180.0   5.0 450.0                            LAT/LON1/LON2/DLON/H
  264  260  258  252  253  250  253  251  252  253  253  251  246  241  234  229
  225  224  224  226  225  226  223  221  214  209  202  196  191  188  187  188
  193  202  210  221  231  238  244  247  251  251  257  257  265  266  277  281
  292  297  305  309  313  316  319  320  319  315  313  307  304  297  293  289
  288  287  284  281  279  276  272  269  264                                   
    67.5-180.0 180.0   5.0 450.0                            LAT/LON1/LON2/DLON/H
  270  263  261  257  252  252  251  253  251  252  249  246  236  227  215  208
  202  201  202  207  208  212  211  210  204  200  193  187  181  177  175  175
  178  185  193  205  216  223  231  232  238  238  246  248  256  263  275  287
  299  309  317  323  326  330  330  331  328  324  319  314  309  302  296  291
  290  287  285  282  285  284  275  270  270                                   
    65.0-180.0 180.0   5.0 450.0                            LAT/LON1/LON2/DLON/H
  274  266  263  255  252  248  250  250  252  252  250  245  233  220  205  192
  184  180  182  185  190  195  198  198  194  190  184  178  173  168  165  164
  165  169  175  184  196  202  212  214  221  223  232  235  248  258  276  291
  306  320  328  336  338  343  342  342  339  334  328  321  315  305  297  291
  288  285  283  283  284  282  275  269  274                                   
    62.5-180.0 180.0   5.0 450.0                            LAT/LON1/LON2/DLON/H
  279  267  263  254  246  243  242  246  245  249  245  241  228  216  199  186
  174  169  169  172  176  182  184  186  182  179  174  169  165  159  155  152
  151  150  154  161  175  180  193  195  206  209  220  228  243  257  276  295
  313  329  338  346  349  353  353  352  349  343  338  330  323  311  301  292
  286  281  280  279  284  283  274  268  279                                   
    60.0-180.0 180.0   5.0 450.0                            LAT/LON1/LON2/DLON/H
  282  272  266  253  244  236  236  237  242  243  244  239  230  216  201  184
  172  163  163  163  167  169  173  173  172  168  165  161  158  152  149  143
  141  137  139  143  155  164  175  182  191  200  212  225  242  261  281  303
  320  338  345  355  357  362  361  361  358  354  349  340  332  319  307  295
  286  280  277  277  280  280  274  268  282                                   
    57.5-180.0 180.0   5.0 450.0                            LAT/LON1/LON2/DLON/H
  292  278  273  257  242  235  230  233  233  238  236  236  226  217  202  190
  177  169  165  164  164  165  165  164  163  160  159  156  155  149  145  137
  132  127  127  127  139  147  163  169  184  192  210  225  246  265  286  307
  325  341  348  357  361  365  367  368  369  364  360  351  343  329  318  304
  295  284  281  278  285  284  277  273  292                                   
    55.0-180.0 180.0   5.0 450.0                            LAT/LON1/LON2/DLON/H
  307  297  291  271  256  242  237  233  233  232  233  230  225  217  207  194
  184  173  169  164  163  160  160  155  156  153  154  152  153  147  143  132
  128  120  119  119  128  140  153  165  177  191  210  229  249  273  294  315
  330  347  353  362  365  371  371  376  376  374  370  362  355  343  333  321
  310  301  296  295  298  298  294  287  307                                   
    52.5-180.0 180.0   5.0 450.0                            LAT/LON1/LON2/DLON/H
  330  319  314  296  276  261  248  243  234  232  226  224  218  216  207  199
  189  181  175  169  166  162  160  156  154  153  155  154  155  149  144  132
  127  120  120  120  130  138  153  163  178  191  214  234  258  280  301  321
  337  350  356  363  368  372  376  379  382  379  376  368  363  354  347  338
  330  320  317  314  319  318  313  310  330                                   
    50.0-180.0 180.0   5.0 450.0                            LAT/LON1/LON2/DLON/H
  355  347  341  325  310  291  276  261  250  237  229  222  219  214  209  200
  193  182  177  170  169  162  162  156  157  155  158  157  158  152  146  135
  128  122  122  124  131  141  153  165  179  194  214  238  264  289  310  331
  347  361  366  375  380  385  386  388  388  385  382  375  372  363  359  352
  346  340  336  335  338  339  343  337  355                                   
    47.5-180.0 180.0   5.0 450.0                            LAT/LON1/LON2/DLON/H
  374  367  364  353  339  326  307  290  269  252  235  225  217  213  205  198
  190  182  178  173  173  170  170  167  167  166  167  166  165  159  152  140
  134  127  129  130  138  144  158  166  181  194  218  242  269  296  318  340
  357  370  377  385  391  394  395  394  391  386  382  376  372  368  365  362
  359  355  352  350  354  357  358  363  374                                   
    45.0-180.0 180.0   5.0 450.0                            LAT/LON1/LON2/DLON/H
  389  383  384  375  370  357  342  322  300  274  252  235  225  215  205  195
  186  176  175  172  176  175  180  178  180  177  178  174  172  164  156  145
  138  133  132  136  140  146  156  165  179  194  216  242  271  301  326  350
  369  384  393  403  410  413  411  406  401  392  387  380  378  374  375  372
  375  370  372  370  372  376  379  386  389                                   
    42.5-180.0 180.0   5.0 450.0                            LAT/LON1/LON2/DLON/H
  398  390  391  389  386  381  368  352  327  300  271  250  232  219  204  192
  182  176  176  178  184  187  193  194  197  194  192  186  181  172  163  153
  146  141  141  143  147  148  156  160  178  193  221  246  278  308  333  357
  378  393  403  414  421  423  422  415  408  398  391  384  381  379  379  383
  385  387  387  384  387  391  388  401  398                                   
    40.0-180.0 180.0   5.0 450.0                            LAT/LON1/LON2/DLON/H
  407  399  397  397  402  401  392  375  351  321  294  268  248  229  210  194
  183  177  179  183  191  197  204  207  211  209  205  196  191  181  173  164
  156  151  147  148  146  148  153  159  174  196  224  251  283  312  338  363
  387  402  415  425  434  435  435  428  421  410  404  397  398  394  398  399
  408  408  414  411  411  412  414  415  407                                   
    37.5-180.0 180.0   5.0 450.0                            LAT/LON1/LON2/DLON/H
  421  407  400  402  408  408  400  385  362  336  307  283  260  237  216  199
  189  185  188  194  203  210  218  221  226  224  220  211  205  195  188  180
  171  165  159  156  153  152  155  161  177  198  233  261  294  316  343  365
  393  407  421  432  442  445  446  441  436  426  423  420  420  420  424  428
  435  436  439  436  437  437  426  432  421                                   
    35.0-180.0 180.0   5.0 450.0                            LAT/LON1/LON2/DLON/H
  450  432  416  409  413  411  402  385  364  335  313  288  270  246  224  208
  198  193  197  204  213  222  231  236  244  245  245  237  230  222  214  204
  192  178  170  166  163  161  162  169  184  208  239  273  300  321  344  365
  390  407  421  433  448  453  461  461  462  458  460  459  459  460  466  473
  480  480  481  478  477  472  466  464  450                                   
    32.5-180.0 180.0   5.0 450.0                            LAT/LON1/LON2/DLON/H
  496  469  448  430  423  413  399  379  355  330  309  288  269  248  227  214
  206  204  209  215  224  233  242  249  259  266  271  268  264  257  251  234
  218  203  191  184  177  172  167  173  186  213  242  270  300  320  339  358
  378  398  414  433  450  465  475  486  491  499  501  507  512  519  526  536
  540  537  532  526  525  521  512  509  496                                   
    30.0-180.0 180.0   5.0 450.0                            LAT/LON1/LON2/DLON/H
  562  532  504  474  460  439  413  384  357  325  306  283  270  249  232  220
  215  212  217  223  232  242  256  268  286  298  306  311  310  307  295  269
  248  221  208  195  188  180  176  179  194  218  247  271  292  312  328  344
  362  378  396  422  448  468  486  505  523  540  553  562  570  580  591  602
  608  602  593  582  580  576  581  582  562                                   
    27.5-180.0 180.0   5.0 450.0                            LAT/LON1/LON2/DLON/H
  635  612  583  546  518  485  448  409  373  335  308  284  268  251  237  228
  221  220  223  230  239  251  266  284  307  328  341  352  356  351  334  309
  276  246  225  208  193  182  176  179  189  213  237  263  278  296  314  326
  345  360  380  406  434  464  487  513  537  563  586  603  621  635  651  664
  671  668  659  648  646  642  655  661  635                                   
    25.0-180.0 180.0   5.0 450.0                            LAT/LON1/LON2/DLON/H
  709  706  671  633  599  555  506  458  416  372  336  301  285  265  254  241
  237  233  235  239  248  262  284  307  340  370  386  398  400  390  368  332
  297  257  234  210  196  178  172  169  180  198  223  244  265  280  301  316
  337  353  378  409  438  469  496  526  563  591  623  650  670  689  701  719
  725  730  727  715  716  714  746  762  709                                   
    22.5-180.0 180.0   5.0 450.0                            LAT/LON1/LON2/DLON/H
  769  790  759  720  687  637  585  528  479  430  385  345  316  292  278  266
  259  253  250  253  262  278  301  335  370  405  419  432  426  416  383  343
  302  263  234  209  188  173  162  160  163  181  203  229  249  268  297  313
  338  359  385  420  454  488  515  553  588  628  657  688  706  723  732  748
  753  762  764  770  781  796  800  828  769                                   
    20.0-180.0 180.0   5.0 450.0                            LAT/LON1/LON2/DLON/H
  818  845  822  788  764  714  659  604  554  498  450  401  366  331  319  301
  292  280  273  270  278  295  325  365  407  430  439  433  421  395  360  324
  287  247  221  197  178  160  146  140  146  162  191  210  243  262  295  316
  343  369  400  440  475  512  541  578  619  660  687  713  737  750  770  778
  788  790  796  797  809  824  824  874  818                                   
    17.5-180.0 180.0   5.0 450.0                            LAT/LON1/LON2/DLON/H
  851  882  860  833  812  771  735  677  632  572  522  468  426  392  363  345
  331  315  305  297  303  318  352  393  425  443  442  429  403  367  326  285
  249  216  195  186  164  147  129  127  129  147  170  202  236  264  296  323
  352  379  414  455  492  530  559  600  635  679  700  730  745  765  776  789
  794  801  805  812  824  839  838  887  851                                   
    15.0-180.0 180.0   5.0 450.0                            LAT/LON1/LON2/DLON/H
  857  897  880  857  847  816  788  752  704  644  592  537  494  450  423  394
  373  349  335  326  328  346  378  410  430  434  421  390  355  313  277  244
  215  187  182  161  143  125  109  104  112  128  160  190  237  262  297  327
  359  388  425  471  512  552  587  621  650  690  710  741  755  772  778  785
  791  796  806  814  829  844  839  882  857                                   
    12.5-180.0 180.0   5.0 450.0                            LAT/LON1/LON2/DLON/H
  838  873  877  850  851  823  809  777  752  692  646  590  555  511  480  451
  426  397  378  369  373  382  405  422  430  428  397  356  307  270  239  211
  187  172  163  149  129  114   99   95  101  121  148  188  229  262  297  327
  363  393  435  485  529  570  598  631  662  693  711  732  740  757  759  774
  775  792  798  814  825  836  831  861  838                                   
    10.0-180.0 180.0   5.0 450.0                            LAT/LON1/LON2/DLON/H
  815  850  847  829  828  808  794  770  750  705  664  621  593  556  527  498
  477  452  435  423  421  422  424  425  415  386  342  289  252  219  197  173
  162  149  141  125  107   91   84   80   91  111  143  183  233  261  293  327
  362  397  441  494  541  578  612  642  673  703  714  735  736  749  746  759
  760  777  786  803  817  815  816  836  815                                   
     7.5-180.0 180.0   5.0 450.0                            LAT/LON1/LON2/DLON/H
  795  818  812  789  788  761  747  717  698  656  632  604  592  567  552  525
  513  493  481  469  463  451  434  418  386  346  290  243  212  184  169  158
