data/unet/pred1680.15i
     1.0            IONOSPHERE MAPS     GNSS                IONEX VERSION / TYPE
pyspatialgeodesy        IME             05-JAN-18 20:20     PGM / RUN BY / DATE 
Map Name                                                    COMMENT             
Predicted global ionosphere maps (GIM).                     DESCRIPTION         
  2015     6    17     0     0     0                        EPOCH OF FIRST MAP  
  2015     6    18     0     0     0                        EPOCH OF LAST MAP   
  7200                                                      INTERVAL            
    13                                                      # OF MAPS IN FILE   
  NONE                                                      MAPPING FUNCTION    
10.0                                                        ELEVATION CUTOFF    
One-way carrier phase leveled to code                       OBSERVABLES USED    
  6371.0                                                    BASE RADIUS         
 2                                                          MAP DIMENSION       
   450.0 450.0   0.0                                        HGT1 / HGT2 / DHGT  
    87.5 -87.5  -2.5                                        LAT1 / LAT2 / DLAT  
  -180.0 180.0   5.0                                        LON1 / LON2 / DLON  
    -1                                                      EXPONENT            
                                                            END OF HEADER       
[from data line 4290]
    11                                                      START OF TEC MAP    
  2015     6    17    20     0     0                        EPOCH OF CURRENT MAP
    87.5-180.0 180.0   5.0 450.0                            LAT/LON1/LON2/DLON/H
  210  185  173  176  173  172  170  171  169  170  167  169  166  168  164  166
  163  165  162  164  161  164  160  163  160  162  159  161  158  160  156  159
  156  159  156  160  157  160  158  161  159  162  160  162  161  163  161  163
  162  163  161  163  162  164  161  164  162  165  162  166  164  168  165  169
  167  171  170  172  171  172  171  192  210                                   
    85.0-180.0 180.0   5.0 450.0                            LAT/LON1/LON2/DLON/H
  174  170  170  170  170  167  169  166  169  166  167  164  167  164  165  163
  165  162  163  161  163  159  162  158  160  156  158  154  156  152  155  151
  154  151  153  152  154  153  155  154  157  156  158  157  159  158  160  158
  160  159  160  159  161  159  161  160  162  161  162  162  164  163  164  164
  166  165  167  166  167  163  166  192  174                                   
    82.5-180.0 180.0   5.0 450.0                            LAT/LON1/LON2/DLON/H
  174  171  172  175  170  171  169  172  170  173  170  174  171  175  172  176
  172  176  172  175  171  173  169  171  166  167  163  164  159  160  156  158
  154  157  154  157  155  158  156  160  158  161  159  162  161  164  162  164
  163  165  163  166  164  167  165  168  166  168  166  169  167  170  167  170
  167  170  168  170  167  167  163  183  174                                   
    80.0-180.0 180.0   5.0 450.0                            LAT/LON1/LON2/DLON/H
  173  162  163  163  163  160  163  162  165  164  167  167  171  170  173  172
  175  173  175  173  174  171  171  167  166  161  161  156  155  151  151  147
  148  146  147  146  148  147  151  150  153  152  155  154  156  155  158  156
  159  157  160  158  160  159  161  159  161  159  162  160  162  160  162  160
  162  160  161  160  162  158  156  176  173                                   
    77.5-180.0 180.0   5.0 450.0                            LAT/LON1/LON2/DLON/H
  166  157  157  157  157  156  158  158  161  161  164  166  169  170  173  175
  177  177  178  178  177  175  174  170  168  163  161  157  154  149  148  144
  144  142  143  142  144  145  147  147  149  149  150  150  151  151  152  152
  153  153  155  154  155  155  156  156  157  156  157  157  158  157  158  157
  158  157  158  157  157  154  148  166  166                                   
    75.0-180.0 180.0   5.0 450.0                            LAT/LON1/LON2/DLON/H
  163  151  153  155  157  155  158  157  161  161  165  167  172  174  178  179
  181  182  183  182  182  180  179  176  173  168  166  160  157  152  150  145
  145  142  143  142  145  145  148  147  150  149  151  150  151  150  152  151
  152  152  154  154  155  155  156  155  155  156  157  156  157  156  158  157
  158  156  158  157  157  153  149  168  163                                   
    72.5-180.0 180.0   5.0 450.0                            LAT/LON1/LON2/DLON/H
  161  154  154  158  158  157  158  158  161  162  166  168  173  175  179  180
  183  183  185  185  186  184  183  180  177  172  168  163  159  153  150  146
  145  143  144  144  146  147  149  150  151  151  151  150  149  149  149  148
  149  150  152  151  153  153  154  153  154  153  155  154  156  156  158  156
  158  157  159  158  158  155  150  168  161                                   
    70.0-180.0 180.0   5.0 450.0                            LAT/LON1/LON2/DLON/H
  164  155  159  163  164  162  163  163  166  167  170  173  177  179  183  183
  186  187  189  189  190  188  188  184  182  177  173  167  163  157  155  151
  150  148  149  149  152  152  155  154  156  154  155  152  152  150  151  149
  151  151  154  153  155  155  156  155  156  155  157  157  159  160  162  162
  163  163  165  165  166  163  158  175  164                                   
    67.5-180.0 180.0   5.0 450.0                            LAT/LON1/LON2/DLON/H
  171  164  167  171  171  169  170  169  172  172  175  176  181  181  185  185
  188  187  190  189  191  189  190  186  184  178  175  169  167  160  160  155
  156  152  155  154  157  157  160  160  161  158  158  154  154  151  151  149
  151  150  154  153  155  154  157  154  157  154  159  157  162  161  167  166
  170  170  173  172  174  171  164  181  171                                   
    65.0-180.0 180.0   5.0 450.0                            LAT/LON1/LON2/DLON/H
  180  172  176  180  180  179  179  180  181  181  183  185  188  189  190  191
  192  192  193  194  195  194  194  191  188  183  180  175  173  168  168  165
  165  163  164  163  165  165  168  167  168  165  164  160  158  154  155  152
  154  153  157  155  158  155  157  155  157  156  159  160  164  167  171  173
  176  178  181  182  183  182  175  190  180                                   
    62.5-180.0 180.0   5.0 450.0                            LAT/LON1/LON2/DLON/H
  189  182  185  188  187  185  186  185  188  186  189  189  193  192  194  193
  195  193  195  194  197  195  197  192  191  185  183  179  179  176  178  175
  176  173  175  172  174  173  175  174  175  172  170  165  162  158  157  154
  155  154  157  155  155  152  153  150  152  151  156  157  165  165  173  173
  180  180  185  186  189  186  180  194  189                                   
    60.0-180.0 180.0   5.0 450.0                            LAT/LON1/LON2/DLON/H
  195  189  193  197  196  195  194  195  196  196  197  198  199  199  199  198
  198  196  197  197  199  199  199  196  194  189  188  185  187  186  189  189
  190  187  187  185  185  183  186  184  186  181  181  173  171  164  163  157
  160  155  159  153  155  148  150  145  148  147  154  156  164  167  175  177
  182  185  189  190  192  192  186  199  195                                   
    57.5-180.0 180.0   5.0 450.0                            LAT/LON1/LON2/DLON/H
  202  197  199  203  203  201  201  200  201  200  200  200  202  199  200  196
  198  193  195  193  198  195  199  195  196  191  192  190  195  196  201  201
  203  199  199  194  194  191  194  193  194  190  188  181  176  170  166  162
  160  156  156  151  149  144  142  140  141  142  149  152  162  165  175  175
  183  183  190  190  193  192  187  198  202                                   
    55.0-180.0 180.0   5.0 450.0                            LAT/LON1/LON2/DLON/H
  205  200  204  208  209  209  209  209  208  207  207  207  206  204  202  200
  199  194  194  193  196  195  198  197  197  194  196  197  202  205  212  214
  216  211  210  205  204  201  204  201  203  198  197  188  184  175  172  162
  161  154  154  146  144  136  137  131  136  136  146  149  159  164  172  174
  180  184  189  191  191  197  193  203  205                                   
    52.5-180.0 180.0   5.0 450.0                            LAT/LON1/LON2/DLON/H
  211  205  208  214  215  216  215  215  213  211  210  209  207  204  203  199
  198  191  191  188  192  191  195  194  197  195  198  200  208  212  221  222
  225  220  218  212  211  209  210  209  209  206  201  193  184  177  170  163
  158  151  148  141  136  130  127  125  127  131  139  145  155  160  170  170
  178  181  189  189  193  195  193  203  211                                   
    50.0-180.0 180.0   5.0 450.0                            LAT/LON1/LON2/DLON/H
  212  208  214  220  222  223  224  224  223  221  218  216  214  211  207  203
  200  193  192  188  191  191  195  195  198  197  202  205  213  219  228  230
  233  228  226  220  219  216  219  216  217  210  207  196  188  178  171  161
  157  147  145  136  131  124  122  119  125  127  137  143  154  159  168  172
  178  184  191  195  197  205  201  209  212                                   
    47.5-180.0 180.0   5.0 450.0                            LAT/LON1/LON2/DLON/H
  219  213  217  226  228  232  232  233  232  230  227  223  219  213  210  205
  201  194  192  188  190  191  194  195  198  199  204  208  217  223  231  234
  237  233  230  227  226  225  225  223  221  215  208  196  184  175  166  158
  152  146  142  134  129  123  120  118  122  126  134  141  149  157  166  171
  179  186  193  198  202  208  200  212  219                                   
    45.0-180.0 180.0   5.0 450.0                            LAT/LON1/LON2/DLON/H
  221  217  223  230  235  240  242  245  244  242  240  235  231  224  220  214
  210  202  199  196  198  199  202  203  206  207  212  217  225  231  239  241
  245  240  241  236  238  234  237  232  231  221  214  199  188  175  167  157
  154  146  144  137  134  128  127  123  128  131  139  144  152  159  168  175
  185  192  200  204  211  216  211  220  221                                   
    42.5-180.0 180.0   5.0 450.0                            LAT/LON1/LON2/DLON/H
  230  223  227  235  241  248  252  256  257  256  253  248  243  235  229  223
  216  209  205  203  204  207  209  212  214  217  221  226  233  238  244  248
  251  250  250  249  249  249  249  245  239  230  219  205  190  180  169  163
  157  152  150  145  142  138  136  133  136  137  142  146  153  159  169  176
  187  195  203  208  215  222  213  228  230                                   
    40.0-180.0 180.0   5.0 450.0                            LAT/LON1/LON2/DLON/H
  232  228  234  239  245  253  258  267  269  270  267  263  258  251  245  238
  231  223  219  217  220  222  226  228  231  232  237  240  247  250  257  259
  265  263  266  263  265  263  265  258  253  239  229  212  201  187  180  170
  167  161  162  157  157  152  152  148  150  148  152  154  159  166  175  181
  193  200  211  213  224  228  226  234  232                                   
    37.5-180.0 180.0   5.0 450.0                            LAT/LON1/LON2/DLON/H
  243  236  239  246  252  260  268  277  284  285  285  279  275  267  261  254
  247  240  234  233  236  241  244  247  249  251  255  259  263  266  271  274
  280  282  284  282  283  282  281  275  264  253  238  225  210  200  190  184
  178  174  173  170  169  166  165  162  161  159  159  160  162  169  177  185
  192  202  209  215  222  231  227  239  243                                   
    35.0-180.0 180.0   5.0 450.0                            LAT/LON1/LON2/DLON/H
  246  243  247  251  258  266  275  288  296  302  302  301  297  291  283  277
  269  263  259  259  263  269  271  274  274  277  280  284  288  290  295  298
  306  308  312  309  310  305  301  291  284  267  257  238  227  212  204  194
  190  184  183  179  179  175  175  171  170  166  167  165  169  174  184  190
  200  207  218  221  233  236  239  245  246                                   
    32.5-180.0 180.0   5.0 450.0                            LAT/LON1/LON2/DLON/H
  255  255  254  264  269  278  288  301  313  319  324  323  324  317  313  302
  297  288  285  284  290  295  299  299  300  300  304  307  313  314  319  321
  330  331  333  329  327  320  314  302  291  280  266  252  237  226  213  207
  198  193  188  184  180  177  174  171  168  166  164  164  169  176  185  193
  201  210  216  223  231  241  241  251  255                                   
    30.0-180.0 180.0   5.0 450.0                            LAT/LON1/LON2/DLON/H
  258  261  264  272  278  287  298  314  329  341  350  356  359  355  349  339
  329  319  314  314  319  326  327  326  325  325  328  333  339  341  346  348
  356  355  355  345  339  325  319  303  295  280  273  256  246  229  221  209
  204  193  188  179  177  171  170  166  164  160  159  158  164  169  181  187
  198  204  213  218  229  236  245  252  258                                   
    27.5-180.0 180.0   5.0 450.0                            LAT/LON1/LON2/DLON/H
  264  270  273  287  294  305  316  334  350  368  379  390  397  394  388  375
  366  352  346  343  348  351  352  348  346  345  348  352  360  363  369  373
  378  374  366  350  333  317  305  290  282  270  263  250  240  227  216  207
  197  188  178  171  164  159  157  155  152  150  148  148  152  159  172  182
  192  201  209  217  225  240  242  255  264                                   
    25.0-180.0 180.0   5.0 450.0                            LAT/LON1/LON2/DLON/H
  268  278  285  299  308  319  333  351  374  394  412  430  441  442  434  421
  408  391  381  376  377  377  374  368  365  363  368  373  381  385  391  392
  393  381  367  340  316  292  277  263  256  249  246  235  230  215  210  196
  191  177  171  158  154  145  145  143  143  140  138  136  141  145  159  168
  183  191  203  212  224  234  246  255  268                                   
    22.5-180.0 180.0   5.0 450.0                            LAT/LON1/LON2/DLON/H
  275  284  294  313  324  338  350  373  394  422  440  464  477  485  480  468
  449  428  416  407  405  401  394  386  380  379  382  389  396  403  404  404
  397  383  356  322  288  261  246  232  228  223  221  217  210  199  190  182
  172  161  152  142  137  130  131  130  130  127  124  123  125  130  141  154
  172  187  200  215  223  240  244  259  275                                   
    20.0-180.0 180.0   5.0 450.0                            LAT/LON1/LON2/DLON/H
  278  292  304  323  335  352  367  388  412  438  461  485  507  522  525  518
  500  475  456  442  437  427  417  401  395  388  396  400  409  409  411  402
  395  372  340  297  262  234  214  205  197  195  194  191  187  175  171  160
  156  142  138  125  125  116  120  118  121  115  116  112  115  116  128  139
  162  178  200  213  227  239  250  263  278                                   
    17.5-180.0 180.0   5.0 450.0                            LAT/LON1/LON2/DLON/H
  284  295  308  326  340  358  373  396  420  449  474  500  525  547  556  559
  544  521  497  480  468  456  440  422  408  404  404  412  415  417  410  401
  387  360  325  280  249  219  203  188  182  176  177  174  171  162  156  147
  140  130  125  116  113  108  110  110  111  107  106  104  102  104  114  127
  149  171  194  214  227  243  249  266  284                                   
    15.0-180.0 180.0   5.0 450.0                            LAT/LON1/LON2/DLON/H
  290  301  313  330  344  365  383  404  431  455  486  512  537  559  572  582
  575  560  537  516  501  485  466  442  425  415  417  420  426  422  416  399
  385  353  319  274  248  219  202  189  177  174  170  167  163  153  147  135
  131  119  117  106  108  101  106  103  105   99  103   95   96   94  104  116
  140  163  192  214  232  246  259  271  290                                   
    12.5-180.0 180.0   5.0 450.0                            LAT/LON1/LON2/DLON/H
  296  302  313  324  341  357  380  403  429  452  487  515  544  565  586  598
  599  589  573  554  535  516  491  464  438  429  425  429  432  426  417  399
  381  353  321  285  259  236  218  204  193  183  178  173  169  159  151  139
  132  121  116  108  107  104  103  102  100   99   98   93   90   88   94  104
  127  153  183  209  231  250  261  275  296                                   
    10.0-180.0 180.0   5.0 450.0                            LAT/LON1/LON2/DLON/H
  301  307  318  325  338  357  377  397  420  441  474  503  535  555  583  595
  603  593  586  572  560  536  506  479  450  438  434  436  438  428  416  392
  378  348  327  293  277  257  245  230  217  205  196  189  182  169  160  144
  135  119  116  106  108  101  103   99  100   95   98   90   89   83   89   95
  117  141  172  199  226  246  265  276  301                                   
     7.5-180.0 180.0   5.0 450.0                            LAT/LON1/LON2/DLON/H
  304  310  322  326  339  352  375  388  411  430  458  486  519  542  573  589
  602  599  591  581  570  551  520  490  462  449  441  443  440  428  414  392
