data/unet/pred1330.15i
     1.0            IONOSPHERE MAPS     GNSS                IONEX VERSION / TYPE
pyspatialgeodesy        IME             05-JAN-18 20:20     PGM / RUN BY / DATE 
Map Name                                                    COMMENT             
Predicted global ionosphere maps (GIM).                     DESCRIPTION         
  2015     5    13     0     0     0                        EPOCH OF FIRST MAP  
  2015     5    14     0     0     0                        EPOCH OF LAST MAP   
  7200                                                      INTERVAL            
    13                                                      # OF MAPS IN FILE   
  NONE                                                      MAPPING FUNCTION    
10.0                                                        ELEVATION CUTOFF    
One-way carrier phase leveled to code                       OBSERVABLES USED    
  6371.0                                                    BASE RADIUS         
 2                                                          MAP DIMENSION       
   450.0 450.0   0.0                                        HGT1 / HGT2 / DHGT  
    87.5 -87.5  -2.5                                        LAT1 / LAT2 / DLAT  
  -180.0 180.0   5.0                                        LON1 / LON2 / DLON  
    -1                                                      EXPONENT            
                                                            END OF HEADER       
[from data line 4290]
    11                                                      START OF TEC MAP    
  2015     5    13    20     0     0                        EPOCH OF CURRENT MAP
    87.5-180.0 180.0   5.0 450.0                            LAT/LON1/LON2/DLON/H
  200  184  173  177  175  175  174  175  175  176  175  176  176  177  176  177
  177  177  176  176  176  175  174  174  172  172  170  170  169  168  166  166
  164  164  162  163  161  162  161  162  161  162  161  163  162  163  164  164
  165  166  167  167  170  169  172  171  173  173  175  174  175  175  175  175
  175  175  176  175  175  175  177  186  200                                   
    85.0-180.0 180.0   5.0 450.0                            LAT/LON1/LON2/DLON/H
  160  164  168  173  172  171  172  172  175  174  177  176  179  178  180  179
  182  179  182  178  181  176  179  174  176  170  172  166  168  162  165  159
  162  156  160  155  158  154  158  154  158  154  159  156  161  159  163  162
  166  165  168  168  171  170  172  172  174  173  174  174  173  174  173  173
  172  173  172  171  169  167  168  183  160                                   
    82.5-180.0 180.0   5.0 450.0                            LAT/LON1/LON2/DLON/H
  161  162  169  173  171  173  172  177  176  181  180  185  184  189  188  192
  190  193  191  193  189  191  186  187  181  182  176  177  170  170  165  165
  160  161  157  159  155  158  155  159  156  160  158  162  160  164  163  167
  166  170  169  172  171  174  173  175  174  176  174  176  173  175  172  174
  171  173  170  171  167  166  160  165  161                                   
    80.0-180.0 180.0   5.0 450.0                            LAT/LON1/LON2/DLON/H
  160  154  161  162  162  161  164  164  169  169  175  175  181  181  186  186
  189  188  190  187  189  185  185  180  179  174  173  167  166  159  159  152
  153  147  149  145  148  145  149  147  151  149  154  152  157  155  160  159
  163  163  166  166  169  168  170  170  171  170  171  169  170  168  168  165
  166  163  164  160  160  156  154  158  160                                   
    77.5-180.0 180.0   5.0 450.0                            LAT/LON1/LON2/DLON/H
  153  152  155  156  154  155  156  158  161  163  167  170  175  177  182  183
  186  186  188  186  187  184  185  180  179  174  173  167  165  158  157  150
  150  144  146  143  146  143  148  146  151  149  154  152  156  154  158  156
  160  159  162  161  163  163  165  165  165  166  165  166  164  164  162  162
  160  159  158  157  154  152  145  149  153                                   
    75.0-180.0 180.0   5.0 450.0                            LAT/LON1/LON2/DLON/H
  153  149  154  154  154  152  155  154  159  160  165  168  174  177  182  184
  187  188  190  190  190  189  188  186  184  180  178  172  169  163  160  154
  152  148  149  147  149  148  152  152  155  154  157  157  158  157  159  158
  159  158  160  159  160  161  162  162  162  161  161  160  160  158  159  156
  158  154  158  153  156  150  150  156  153                                   
    72.5-180.0 180.0   5.0 450.0                            LAT/LON1/LON2/DLON/H
  157  156  158  159  155  155  154  155  156  160  163  168  172  176  180  182
  185  186  189  189  190  190  191  189  188  184  182  177  173  166  163  157
  155  150  150  149  151  151  154  154  157  156  157  156  156  155  155  154
  154  154  154  154  155  156  155  156  155  155  154  155  153  153  152  152
  151  152  153  155  156  156  153  160  157                                   
    70.0-180.0 180.0   5.0 450.0                            LAT/LON1/LON2/DLON/H
  166  165  169  169  165  163  162  160  163  164  169  173  178  181  185  187
  190  191  193  194  196  197  198  197  197  193  191  185  181  174  170  163
  160  155  155  152  154  153  156  155  157  155  156  153  152  149  150  147
  148  147  148  147  149  148  149  149  149  149  149  149  149  149  150  149
  151  151  156  158  163  162  165  173  166                                   
    67.5-180.0 180.0   5.0 450.0                            LAT/LON1/LON2/DLON/H
  177  178  178  179  173  171  167  167  168  170  175  178  183  185  189  189
  192  192  195  194  199  199  202  200  201  196  195  188  185  177  173  165
  162  156  155  152  152  152  154  152  153  149  149  144  143  139  138  135
  135  134  136  136  137  138  139  138  138  138  139  139  140  140  141  142
  144  147  152  158  165  168  171  179  177                                   
    65.0-180.0 180.0   5.0 450.0                            LAT/LON1/LON2/DLON/H
  185  186  188  188  184  180  177  176  177  179  184  187  193  194  199  200
  202  201  203  205  207  209  211  210  209  205  202  196  191  184  180  172
  169  162  160  155  155  152  154  151  150  146  144  139  135  131  128  125
  125  125  127  128  130  131  132  131  132  132  133  133  136  136  138  140
  143  147  154  160  169  171  177  188  185                                   
    62.5-180.0 180.0   5.0 450.0                            LAT/LON1/LON2/DLON/H
  189  190  190  191  187  184  181  181  182  184  189  192  198  198  203  202
  206  204  208  206  212  210  215  211  213  206  205  197  193  186  183  175
  172  165  161  156  153  151  150  146  145  140  137  131  126  121  117  114
  114  115  117  118  121  121  122  121  122  122  124  125  128  130  133  136
  140  145  152  159  169  173  178  188  189                                   
    60.0-180.0 180.0   5.0 450.0                            LAT/LON1/LON2/DLON/H
  187  189  191  193  190  187  185  185  187  190  194  198  204  205  209  209
  213  212  215  215  218  219  221  220  218  213  208  203  199  194  192  187
  183  176  171  165  162  157  155  151  149  144  139  133  126  120  116  113
  113  113  116  117  119  119  119  119  119  119  121  123  127  129  134  137
  142  146  153  159  167  171  175  187  187                                   
    57.5-180.0 180.0   5.0 450.0                            LAT/LON1/LON2/DLON/H
  186  186  185  188  187  185  185  185  188  190  195  197  204  203  209  208
  214  212  217  215  220  218  222  217  218  211  210  204  204  200  201  196
  194  187  182  174  169  165  162  159  155  151  145  139  131  126  120  118
  116  116  118  118  119  117  117  115  114  114  116  119  123  129  134  139
  143  149  154  160  166  170  169  181  186                                   
    55.0-180.0 180.0   5.0 450.0                            LAT/LON1/LON2/DLON/H
  183  184  185  187  187  187  187  190  192  195  199  202  206  206  212  212
  218  217  220  219  222  222  223  221  220  216  214  211  212  212  214  213
  210  204  198  190  184  179  177  173  170  166  160  153  144  138  132  128
  127  125  127  125  126  123  122  118  117  116  117  119  125  130  138  143
  150  155  161  166  169  172  171  182  183                                   
    52.5-180.0 180.0   5.0 450.0                            LAT/LON1/LON2/DLON/H
  188  185  186  190  189  189  190  192  196  197  201  201  206  205  211  210
  217  215  219  216  220  218  221  218  220  215  218  215  220  220  226  223
  223  215  210  201  197  191  190  187  185  180  174  167  157  152  144  141
  138  137  136  133  131  128  125  122  119  118  119  121  127  134  141  149
  155  163  169  173  175  177  173  185  188                                   
    50.0-180.0 180.0   5.0 450.0                            LAT/LON1/LON2/DLON/H
  194  192  195  199  199  202  202  204  207  208  209  210  212  212  217  217
  221  220  221  218  220  220  222  222  223  223  224  225  229  232  237  237
  235  228  224  216  213  208  209  205  203  198  193  186  175  168  161  156
  153  149  148  143  141  136  135  130  128  125  126  126  132  138  148  155
  166  173  181  186  188  187  185  198  194                                   
    47.5-180.0 180.0   5.0 450.0                            LAT/LON1/LON2/DLON/H
  211  205  207  213  214  217  217  219  223  223  223  220  222  220  224  223
  227  222  221  216  219  218  223  223  228  227  232  232  238  238  244  240
  240  233  231  225  224  222  222  219  216  212  206  200  189  182  174  170
  164  162  157  153  150  146  143  140  136  134  132  133  137  144  152  162
  172  182  190  197  200  201  198  210  211                                   
    45.0-180.0 180.0   5.0 450.0                            LAT/LON1/LON2/DLON/H
  225  224  226  232  234  240  241  244  247  246  244  241  239  237  239  238
  238  232  227  222  222  224  229  233  238  240  242  243  245  246  247  245
  243  240  240  239  240  240  240  236  232  227  220  214  202  196  187  182
  175  171  166  161  159  155  153  150  149  146  144  143  146  151  160  170
  182  193  203  211  215  217  219  230  225                                   
    42.5-180.0 180.0   5.0 450.0                            LAT/LON1/LON2/DLON/H
  246  246  247  253  259  263  266  269  274  274  271  266  263  259  260  257
  254  245  238  229  231  232  240  244  252  251  255  252  253  249  249  245
  245  243  248  250  253  255  253  250  244  238  230  224  213  208  199  194
  186  180  174  169  166  163  162  161  161  159  156  154  155  158  165  176
  188  201  212  222  229  235  239  249  246                                   
    40.0-180.0 180.0   5.0 450.0                            LAT/LON1/LON2/DLON/H
  263  268  274  280  282  289  290  296  300  304  301  298  294  291  289  283
  276  264  253  246  245  248  255  263  267  269  267  264  260  257  254  252
  253  256  263  268  273  274  274  269  261  253  243  237  225  221  211  206
  197  191  183  178  176  173  174  175  174  174  171  168  165  167  172  183
  194  208  221  234  243  251  261  270  263                                   
    37.5-180.0 180.0   5.0 450.0                            LAT/LON1/LON2/DLON/H
  284  289  297  302  304  307  312  317  326  329  331  327  326  322  320  311
  303  287  275  266  267  268  276  279  284  283  282  276  273  268  267  266
  270  275  285  291  295  296  294  287  279  269  259  250  241  234  227  219
  211  203  195  190  187  185  185  186  187  187  184  178  175  174  179  189
  202  215  230  244  255  269  279  290  284                                   
    35.0-180.0 180.0   5.0 450.0                            LAT/LON1/LON2/DLON/H
  302  312  323  327  325  330  333  343  350  358  360  361  360  357  352  343
  333  318  304  296  293  294  297  302  304  307  306  305  304  302  303  304
  310  318  327  335  337  335  329  319  307  293  280  271  259  254  242  237
  225  219  209  206  203  201  201  201  201  201  195  189  184  184  188  197
  210  225  239  255  267  280  294  307  302                                   
    32.5-180.0 180.0   5.0 450.0                            LAT/LON1/LON2/DLON/H
  316  328  340  341  343  344  354  361  376  382  390  392  392  387  381  370
  360  346  335  326  322  319  320  321  324  330  336  339  344  346  351  357
  363  372  379  385  381  374  365  348  337  318  308  293  285  272  265  253
  247  237  233  226  226  222  224  219  219  214  209  199  196  191  196  204
  218  233  248  264  280  294  308  320  316                                   
    30.0-180.0 180.0   5.0 450.0                            LAT/LON1/LON2/DLON/H
  331  344  360  359  359  368  376  391  404  417  425  430  432  424  414  399
  386  371  362  355  349  346  342  343  348  355  369  376  388  396  409  417
  430  436  441  435  430  412  399  379  364  346  330  317  301  292  278  273
  264  261  254  250  249  244  241  235  229  224  215  208  199  198  202  212
  227  243  262  277  289  302  321  333  331                                   
    27.5-180.0 180.0   5.0 450.0                            LAT/LON1/LON2/DLON/H
  350  359  378  376  385  391  406  419  440  450  465  466  473  464  451  430
  414  398  391  381  375  369  363  364  370  385  404  422  440  456  475  489
  497  496  487  473  457  436  416  394  381  364  352  335  325  314  303  292
  288  281  278  273  268  259  251  241  234  227  222  217  217  206  213  219
  235  248  269  284  299  313  333  351  350                                   
    25.0-180.0 180.0   5.0 450.0                            LAT/LON1/LON2/DLON/H
  371  379  397  399  412  426  443  461  485  500  512  515  515  507  495  473
  454  436  427  416  408  399  392  392  403  422  448  474  499  517  535  544
  552  541  523  491  470  441  418  396  385  377  367  357  341  328  319  310
  310  306  306  299  293  278  267  249  240  226  223  213  212  208  217  228
  240  255  270  289  301  321  344  366  371                                   
    22.5-180.0 180.0   5.0 450.0                            LAT/LON1/LON2/DLON/H
  387  399  418  425  447  463  485  505  534  550  565  566  571  558  547  523
  505  487  475  460  446  433  426  431  444  472  501  528  545  562  579  587
  583  563  528  488  456  423  396  376  365  361  348  347  339  343  336  335
  332  334  331  325  318  298  289  266  257  242  235  225  217  212  219  229
  242  257  275  292  313  328  357  385  387                                   
    20.0-180.0 180.0   5.0 450.0                            LAT/LON1/LON2/DLON/H
  406  418  443  451  476  495  522  544  574  594  608  620  619  612  595  574
  559  537  526  507  496  480  471  479  498  525  550  567  587  598  610  610
  597  566  516  474  429  392  361  345  337  334  332  335  338  344  350  350
  352  351  346  337  329  311  293  274  261  249  243  231  228  217  224  230
  245  261  276  292  311  336  368  400  406                                   
    17.5-180.0 180.0   5.0 450.0                            LAT/LON1/LON2/DLON/H
  415  435  468  480  507  526  552  574  606  627  648  659  670  660  649  627
  615  593  579  554  537  522  522  530  549  567  588  601  608  614  617  610
  587  541  485  442  391  351  323  306  300  304  309  323  334  350  353  356
  356  356  353  340  335  314  299  276  264  250  243  234  229  221  225  233
  245  262  279  295  312  340  375  414  415                                   
    15.0-180.0 180.0   5.0 450.0                            LAT/LON1/LON2/DLON/H
  424  441  485  500  530  546  573  598  628  649  670  692  699  700  684  667
  654  638  626  603  586  571  572  579  597  609  626  631  632  631  624  611
  569  518  461  413  362  323  296  278  279  285  299  318  339  354  358  356
  358  354  350  337  329  307  292  271  258  247  240  228  221  210  216  222
  240  256  277  295  315  343  381  419  424                                   
    12.5-180.0 180.0   5.0 450.0                            LAT/LON1/LON2/DLON/H
  423  445  494  518  547  564  589  616  645  663  686  704  723  726  718  701
  687  675  663  644  629  616  617  623  633  643  648  653  648  638  622  597
  547  492  439  389  346  309  285  276  273  287  294  321  338  361  358  357
  354  345  342  323  316  296  280  264  250  242  230  219  209  204  207  213
  226  244  266  288  316  350  383  422  423                                   
    10.0-180.0 180.0   5.0 450.0                            LAT/LON1/LON2/DLON/H
  432  452  503  527  561  576  603  632  665  685  702  720  739  747  737  723
  708  699  689  677  666  658  657  662  669  671  673  674  666  650  619  580
  529  484  435  397  362  335  318  302  300  303  310  330  348  368  369  359
  353  338  327  310  298  277  264  249  240  230  218  206  195  192  192  197
  212  231  260  287  317  353  386  421  432                                   
     7.5-180.0 180.0   5.0 450.0                            LAT/LON1/LON2/DLON/H
  434  465  514  547  577  596  622  653  682  700  717  730  754  757  756  742
  729  719  711  701  692  687  688  690  689  691  681  680  670  644  610  565
