data/unet/pred2230.15i
     1.0            IONOSPHERE MAPS     GNSS                IONEX VERSION / TYPE
pyspatialgeodesy        IME             05-JAN-18 20:20     PGM / RUN BY / DATE 
Map Name                                                    COMMENT             
Predicted global ionosphere maps (GIM).                     DESCRIPTION         
  2015     8    11     0     0     0                        EPOCH OF FIRST MAP  
  2015     8    12     0     0     0                        EPOCH OF LAST MAP   
  7200                                                      INTERVAL            
    13                                                      # OF MAPS IN FILE   
  NONE                                                      MAPPING FUNCTION    
10.0                                                        ELEVATION CUTOFF    
One-way carrier phase leveled to code                       OBSERVABLES USED    
  6371.0                                                    BASE RADIUS         
 2                                                          MAP DIMENSION       
   450.0 450.0   0.0                                        HGT1 / HGT2 / DHGT  
    87.5 -87.5  -2.5                                        LAT1 / LAT2 / DLAT  
  -180.0 180.0   5.0                                        LON1 / LON2 / DLON  
    -1                                                      EXPONENT            
                                                            END OF HEADER       
[from data line 2574]
     7                                                      START OF TEC MAP    
  2015     8    11    12     0     0                        EPOCH OF CURRENT MAP
    87.5-180.0 180.0   5.0 450.0                            LAT/LON1/LON2/DLON/H
  130  139  138  137  137  135  136  135  137  135  136  135  137  135  137  136
  137  136  137  136  138  136  137  136  136  135  135  134  134  133  133  132
  132  131  130  130  129  128  128  127  128  127  128  127  128  127  128  127
  129  127  129  128  129  128  130  129  130  129  131  130  131  130  132  131
  133  132  134  133  134  133  143  125  130                                   
    85.0-180.0 180.0   5.0 450.0                            LAT/LON1/LON2/DLON/H
  135  131  135  132  135  133  136  134  136  133  136  133  136  133  135  134
  136  135  136  135  137  136  138  136  138  137  138  136  137  135  136  134
  134  132  133  131  132  129  130  127  129  127  128  126  128  126  127  126
  127  126  127  126  127  127  128  127  128  127  128  127  129  127  129  127
  129  127  130  128  130  129  136  138  135                                   
    82.5-180.0 180.0   5.0 450.0                            LAT/LON1/LON2/DLON/H
  131  129  134  132  134  130  133  130  132  129  131  128  130  127  129  127
  130  127  130  128  132  129  133  131  134  131  135  131  135  131  134  131
  133  130  132  129  130  128  129  127  127  126  127  125  126  125  126  125
  125  124  125  124  125  124  125  123  124  122  123  121  123  120  122  120
  123  120  125  122  124  122  126  125  131                                   
    80.0-180.0 180.0   5.0 450.0                            LAT/LON1/LON2/DLON/H
  122  121  126  128  129  127  129  127  128  125  127  124  125  123  124  124
  124  124  124  126  126  128  128  130  130  130  130  131  131  131  131  131
  131  130  130  129  130  128  128  127  127  125  126  125  125  124  125  124
  124  124  124  124  124  123  123  123  122  121  121  119  119  117  118  116
  117  116  118  117  118  117  116  118  122                                   
    77.5-180.0 180.0   5.0 450.0                            LAT/LON1/LON2/DLON/H
  116  116  120  122  124  123  124  122  122  119  120  117  116  114  114  114
  114  116  117  119  120  122  124  125  126  127  127  128  128  128  129  129
  129  130  130  130  129  129  128  128  125  126  125  125  124  125  124  125
  124  125  125  125  125  125  125  124  123  121  121  118  118  115  115  114
  113  112  112  111  111  110  110  111  116                                   
    75.0-180.0 180.0   5.0 450.0                            LAT/LON1/LON2/DLON/H
  107  109  113  118  118  120  118  118  115  114  110  110  106  107  104  107
  105  109  109  114  113  119  118  122  121  124  123  125  124  127  127  129
  128  131  130  132  129  132  130  131  128  130  128  129  127  129  128  129
  126  129  126  129  126  129  127  127  125  125  122  121  118  118  115  114
  111  112  110  108  107  107  104  108  107                                   
    72.5-180.0 180.0   5.0 450.0                            LAT/LON1/LON2/DLON/H
  101  103  105  109  110  110  111  108  107  102  101   97   96   94   94   95
   96   99  102  106  108  112  113  116  116  119  117  120  119  123  122  126
  127  131  131  134  133  136  134  135  132  134  132  133  130  132  130  130
  128  130  128  129  127  129  127  128  125  125  122  122  118  117  114  113
  109  108  106  103  103  100  102  104  101                                   
    70.0-180.0 180.0   5.0 450.0                            LAT/LON1/LON2/DLON/H
   94   96   98  103  103  104  105  102  100   96   93   91   89   89   89   92
   93   97  100  104  106  110  112  115  114  118  116  119  116  121  120  126
  126  133  133  138  137  141  139  141  138  140  138  139  137  137  135  135
  133  134  132  133  131  132  131  130  128  128  126  125  123  122  119  117
  114  112  109  104  103   99   97  100   94                                   
    67.5-180.0 180.0   5.0 450.0                            LAT/LON1/LON2/DLON/H
   89   90   88   92   94   95   96   93   92   88   87   84   85   84   86   88
   90   94   97  100  103  106  107  110  109  112  110  113  112  116  116  123
  125  132  135  140  140  144  143  145  142  143  142  142  140  140  137  137
  134  134  132  133  131  131  129  128  126  126  125  125  123  123  119  119
  114  113  109  104  102   96   95   95   89                                   
    65.0-180.0 180.0   5.0 450.0                            LAT/LON1/LON2/DLON/H
   86   82   81   85   85   88   89   87   86   84   82   82   82   85   86   90
   92   96   98  101  102  105  106  109  108  111  109  112  110  115  116  123
  125  135  137  145  143  150  147  152  146  150  146  148  144  145  140  141
  137  139  136  136  134  134  133  132  130  130  129  130  129  129  126  125
  120  119  115  108  104   98   92   93   86                                   
    62.5-180.0 180.0   5.0 450.0                            LAT/LON1/LON2/DLON/H
   82   78   74   76   77   78   80   78   79   76   78   78   81   82   86   89
   91   93   95   96   97   99   99  103  102  106  104  107  107  111  114  121
  125  134  138  145  147  150  151  152  151  151  151  150  149  146  144  142
  140  139  138  138  136  136  133  134  131  133  132  134  133  134  130  130
  125  123  119  112  105   97   92   89   82                                   
    60.0-180.0 180.0   5.0 450.0                            LAT/LON1/LON2/DLON/H
   82   72   69   69   69   70   73   70   71   68   70   73   76   80   85   89
   92   94   94   94   93   95   95  100  101  104  103  107  108  112  115  123
  127  137  140  149  150  157  154  158  154  158  154  157  152  153  146  147
  142  145  141  143  141  142  139  140  139  140  140  142  142  142  140  138
  133  132  126  119  111  101   91   87   82                                   
    57.5-180.0 180.0   5.0 450.0                            LAT/LON1/LON2/DLON/H
   81   73   67   66   66   65   65   63   63   61   63   65   71   75   81   86
   88   88   88   88   86   88   89   96   97  101  102  106  108  113  117  125
  132  140  145  151  155  158  159  160  161  161  163  161  162  157  155  151
  150  150  150  150  150  150  147  148  147  149  148  151  151  151  148  146
  139  136  131  124  115  102   93   85   81                                   
    55.0-180.0 180.0   5.0 450.0                            LAT/LON1/LON2/DLON/H
   82   72   66   64   62   61   61   57   55   52   53   56   61   67   75   81
   84   86   85   85   83   87   88   97   98  104  104  111  112  119  123  132
  137  147  151  160  162  168  166  171  167  173  170  173  168  167  160  159
  155  158  156  159  157  159  157  158  156  160  159  161  160  160  156  153
  146  144  137  131  120  108   95   86   82                                   
    52.5-180.0 180.0   5.0 450.0                            LAT/LON1/LON2/DLON/H
   85   79   70   67   66   63   61   56   52   48   48   50   54   60   67   75
   79   81   82   82   82   85   89   97  101  106  108  113  117  123  129  137
  145  153  160  166  172  174  177  178  180  180  184  181  181  174  171  165
  165  165  165  167  168  168  167  167  167  169  169  171  170  168  164  159
  151  147  140  133  124  111  101   88   85                                   
    50.0-180.0 180.0   5.0 450.0                            LAT/LON1/LON2/DLON/H
   90   83   77   73   70   69   65   59   53   47   45   44   47   52   60   68
   75   78   80   83   84   90   94  105  107  114  115  122  124  131  136  145
  151  162  168  178  181  187  187  192  191  196  193  195  189  186  177  174
  169  172  171  175  173  176  173  176  175  178  178  179  179  175  172  165
  158  154  147  141  131  120  106   94   90                                   
    47.5-180.0 180.0   5.0 450.0                            LAT/LON1/LON2/DLON/H
   97   92   85   82   81   76   74   66   60   53   48   46   46   50   56   65
   72   77   81   85   88   95  101  110  113  119  121  127  130  136  142  150
  159  168  177  185  193  196  201  202  206  205  208  204  202  195  188  181
  177  178  177  179  179  180  179  180  180  184  183  186  185  182  177  171
  163  158  150  143  134  124  113  101   97                                   
    45.0-180.0 180.0   5.0 450.0                            LAT/LON1/LON2/DLON/H
  104  100   95   91   89   88   85   78   70   64   57   52   49   50   55   63
   72   78   84   90   94  105  110  120  121  128  128  135  137  144  147  157
  163  176  184  196  202  211  214  220  221  225  222  222  215  209  198  192
  184  185  181  183  179  183  180  184  184  188  189  190  190  187  182  176
  169  164  157  150  140  132  120  114  104                                   
    42.5-180.0 180.0   5.0 450.0                            LAT/LON1/LON2/DLON/H
  111  108  102  100  100   97   96   89   84   77   70   65   59   58   59   67
   74   82   89   97  103  114  119  128  128  133  134  139  141  147  152  160
  169  181  192  205  216  224  231  234  238  237  236  234  227  222  212  203
  193  190  185  185  182  183  183  185  186  191  190  193  192  191  186  180
  173  167  160  152  144  135  130  122  111                                   
    40.0-180.0 180.0   5.0 450.0                            LAT/LON1/LON2/DLON/H
  118  115  110  110  108  107  105  100   96   91   86   79   73   68   68   72
   80   88   97  107  115  126  132  138  137  141  139  146  146  154  156  166
  173  187  199  216  228  241  248  256  256  261  255  254  244  240  229  220
  206  202  193  191  185  187  185  190  192  195  195  198  196  195  190  186
  178  173  165  158  146  140  133  131  118                                   
    37.5-180.0 180.0   5.0 450.0                            LAT/LON1/LON2/DLON/H
  122  120  115  114  113  110  111  106  106  103  100   94   86   81   78   81
   87   95  104  115  123  135  140  146  142  145  143  148  150  157  161  169
  181  194  210  227  246  262  271  276  276  278  275  273  264  258  248  238
  225  217  207  201  195  194  194  197  199  202  201  203  201  200  196  191
  184  177  167  158  149  141  140  137  122                                   
    35.0-180.0 180.0   5.0 450.0                            LAT/LON1/LON2/DLON/H
  126  124  116  115  113  112  111  109  109  110  108  104   97   91   86   88
   93  102  111  123  132  143  148  153  147  151  146  154  155  163  170  180
  192  209  226  248  269  287  293  300  299  303  300  301  290  287  274  266
  251  242  227  219  209  209  206  211  211  214  212  211  207  206  201  197
  189  182  171  162  150  146  141  141  126                                   
    32.5-180.0 180.0   5.0 450.0                            LAT/LON1/LON2/DLON/H
  130  126  117  114  110  108  108  107  108  109  111  109  104   99   92   95
   97  107  116  129  138  151  154  159  152  155  151  159  162  171  179  189
  205  222  243  266  291  307  313  320  318  322  320  322  315  312  303  296
  282  270  257  244  236  232  230  233  233  233  229  224  218  214  208  204
  194  186  173  163  152  146  146  144  130                                   
    30.0-180.0 180.0   5.0 450.0                            LAT/LON1/LON2/DLON/H
  135  129  118  115  110  107  105  103  104  106  109  110  106  103   98   99
  101  112  122  135  145  157  161  165  156  161  156  165  171  181  193  204
  222  241  265  292  312  328  333  340  338  343  343  346  341  341  333  329
  316  308  294  285  275  271  266  267  264  260  252  243  235  229  220  215
  204  195  178  167  155  152  152  146  135                                   
    27.5-180.0 180.0   5.0 450.0                            LAT/LON1/LON2/DLON/H
  144  134  123  118  112  107  103  102  101  103  104  107  104  101   96   98
  101  113  126  140  153  165  168  170  163  165  164  174  182  194  207  220
  237  258  286  310  332  345  351  357  356  362  362  363  362  363  360  356
  346  339  330  324  318  312  305  301  293  288  275  265  252  242  233  225
  213  202  183  172  160  157  162  150  144                                   
    25.0-180.0 180.0   5.0 450.0                            LAT/LON1/LON2/DLON/H
  149  141  129  126  116  115  107  103  100   99  101  101  102   99   97   98
  102  114  127  147  158  173  173  177  168  173  173  185  195  208  223  234
  251  273  300  323  341  358  362  370  370  376  377  380  379  381  379  380
  373  373  365  364  356  352  341  336  324  316  299  287  270  255  242  235
  222  210  191  178  168  166  176  159  149                                   
    22.5-180.0 180.0   5.0 450.0                            LAT/LON1/LON2/DLON/H
  162  151  141  137  127  121  116  107  102   98   98  100   99   96   96   95
  101  113  130  151  165  180  180  181  173  176  182  193  205  220  235  247
  264  284  308  328  348  360  370  379  384  392  395  396  395  396  394  394
  392  392  392  392  390  382  371  361  349  337  319  301  284  266  250  239
  228  216  200  186  178  174  188  166  162                                   
    20.0-180.0 180.0   5.0 450.0                            LAT/LON1/LON2/DLON/H
  169  163  155  150  140  138  126  117  109  101   99   97   97   95   94   93
   99  112  129  154  169  186  185  188  180  187  192  206  219  233  247  259
  277  293  316  332  351  365  373  386  391  401  402  404  403  401  403  406
  406  412  412  418  413  407  394  382  367  354  336  315  294  273  256  242
  233  223  209  197  187  183  196  178  169                                   
    17.5-180.0 180.0   5.0 450.0                            LAT/LON1/LON2/DLON/H
  182  174  169  165  155  150  139  128  115  106  102   99   98   95   95   93
  101  112  130  155  169  188  186  188  183  190  199  214  227  245  258  271
  286  304  321  338  353  367  379  393  402  413  418  419  419  416  418  419
  421  423  427  428  426  420  406  393  378  363  346  324  304  279  260  245
  237  227  219  205  196  188  200  183  182                                   
    15.0-180.0 180.0   5.0 450.0                            LAT/LON1/LON2/DLON/H
  189  182  175  170  162  160  150  140  124  116  110  106  104  101   99   98
  103  114  130  153  168  186  188  192  190  201  210  226  240  257  271  284
  299  309  329  345  359  375  384  401  407  421  423  428  426  426  428  430
  430  434  433  436  432  426  413  399  385  372  354  333  306  281  257  245
  236  231  222  213  202  198  200  195  189                                   
    12.5-180.0 180.0   5.0 450.0                            LAT/LON1/LON2/DLON/H
  195  184  179  173  165  162  155  143  130  121  114  110  108  103  102  100
  106  114  131  149  163  181  184  191  193  205  217  237  249  268  280  296
  308  322  340  358  368  387  395  411  419  433  438  442  441  439  441  438
  437  436  434  434  430  425  411  400  387  375  356  335  310  281  258  242
  237  231  227  216  208  201  204  195  195                                   
    10.0-180.0 180.0   5.0 450.0                            LAT/LON1/LON2/DLON/H
  192  182  175  169  161  157  151  144  131  125  119  118  115  110  108  106
  108  116  127  145  157  176  182  192  200  215  229  247  259  277  292  309
  319  334  350  371  379  399  404  421  426  440  441  447  442  444  444  444
  440  438  434  434  431  422  411  398  389  375  355  332  302  273  249  236
  228  223  219  211  204  203  202  197  192                                   
     7.5-180.0 180.0   5.0 450.0                            LAT/LON1/LON2/DLON/H
  193  180  171  162  155  148  145  134  127  120  119  116  115  111  110  107
  111  116  128  142  155  171  180  191  205  223  238  258  266  285  298  314
