data/unet/pred2900.15i
     1.0            IONOSPHERE MAPS     GNSS                IONEX VERSION / TYPE
pyspatialgeodesy        IME             05-JAN-18 20:20     PGM / RUN BY / DATE 
Map Name                                                    COMMENT             
Predicted global ionosphere maps (GIM).                     DESCRIPTION         
  2015    10    17     0     0     0                        EPOCH OF FIRST MAP  
  2015    10    18     0     0     0                        EPOCH OF LAST MAP   
  7200                                                      INTERVAL            
    13                                                      # OF MAPS IN FILE   
  NONE                                                      MAPPING FUNCTION    
10.0                                                        ELEVATION CUTOFF    
One-way carrier phase leveled to code                       OBSERVABLES USED    
  6371.0                                                    BASE RADIUS         
 2                                                          MAP DIMENSION       
   450.0 450.0   0.0                                        HGT1 / HGT2 / DHGT  
    87.5 -87.5  -2.5                                        LAT1 / LAT2 / DLAT  
  -180.0 180.0   5.0                                        LON1 / LON2 / DLON  
    -1                                                      EXPONENT            
                                                            END OF HEADER       
[from data line 4719]
    12                                                      START OF TEC MAP    
  2015    10    17    22     0     0                        EPOCH OF CURRENT MAP
    87.5-180.0 180.0   5.0 450.0                            LAT/LON1/LON2/DLON/H
  156  100   78   81   80   81   82   83   85   86   88   89   90   90   91   91
   91   91   91   90   89   88   87   85   84   82   80   79   77   75   74   72
   71   70   69   68   68   66   66   65   66   65   66   66   67   67   68   68
   69   69   70   70   71   71   71   72   72   72   72   72   73   73   73   73
   73   74   74   75   76   76   79  126  156                                   
    85.0-180.0 180.0   5.0 450.0                            LAT/LON1/LON2/DLON/H
   84   69   67   70   72   74   77   79   82   85   88   90   91   93   93   94
   93   93   91   90   88   86   84   81   78   75   72   68   66   63   61   58
   56   55   53   52   50   50   48   49   48   49   49   51   51   53   54   55
   56   57   59   59   60   60   61   61   62   62   62   61   62   61   61   60
   61   60   61   60   63   62   65   97   84                                   
    82.5-180.0 180.0   5.0 450.0                            LAT/LON1/LON2/DLON/H
   71   65   65   68   70   72   77   82   87   92   96  101  103  106  107  109
  108  108  105  104   99   97   90   86   81   76   72   66   64   59   58   53
   52   48   48   44   46   43   44   42   45   43   46   45   49   48   52   51
   55   55   58   58   60   60   62   61   63   61   63   60   62   58   60   57
   58   56   58   55   59   55   61   84   71                                   
    80.0-180.0 180.0   5.0 450.0                            LAT/LON1/LON2/DLON/H
   72   65   60   64   66   71   77   85   91   98  105  112  116  121  122  125
  124  124  120  118  112  107   99   93   84   79   71   66   60   56   52   48
   45   42   40   39   37   37   36   36   36   37   38   40   42   44   45   48
   49   51   52   54   55   57   57   59   59   59   58   59   57   57   55   54
   52   52   51   51   52   52   54   74   72                                   
    77.5-180.0 180.0   5.0 450.0                            LAT/LON1/LON2/DLON/H
   70   64   58   60   63   66   75   82   92   99  110  117  124  128  133  133
  134  130  128  122  116  107  100   90   83   74   68   61   56   52   47   45
   41   40   37   36   34   34   32   33   32   34   34   36   37   40   40   43
   43   46   46   49   48   51   50   53   52   54   53   54   53   53   52   51
   50   49   49   48   50   48   50   72   70                                   
    75.0-180.0 180.0   5.0 450.0                            LAT/LON1/LON2/DLON/H
   74   67   60   63   65   70   77   85   95  105  115  124  132  136  140  141
  140  136  131  124  116  106   97   88   78   71   63   59   52   51   47   46
   42   42   39   39   36   36   33   34   32   34   33   35   35   37   37   39
   39   41   40   42   42   43   43   45   46   47   47   49   49   50   49   50
   49   50   50   50   51   51   55   76   74                                   
    72.5-180.0 180.0   5.0 450.0                            LAT/LON1/LON2/DLON/H
   84   76   69   71   71   74   81   88   99  108  121  128  138  142  146  144
  143  135  130  120  113  100   91   78   72   62   58   53   51   49   48   47
   45   45   42   42   39   38   36   35   34   34   33   34   34   36   35   36
   36   36   35   35   35   36   36   37   39   40   41   43   44   45   46   47
   48   50   51   52   55   55   60   82   84                                   
    70.0-180.0 180.0   5.0 450.0                            LAT/LON1/LON2/DLON/H
   96   86   82   83   82   84   89   96  106  115  126  134  143  146  149  146
  143  135  128  117  109   96   85   74   64   57   52   50   48   49   47   49
   46   47   44   43   40   39   36   35   33   34   32   33   33   34   33   34
   32   32   29   29   27   28   27   30   30   33   34   37   38   41   43   45
   48   51   54   56   61   63   69   91   96                                   
    67.5-180.0 180.0   5.0 450.0                            LAT/LON1/LON2/DLON/H
  108   98   93   94   91   91   95  101  110  118  130  137  145  146  148  144
  140  131  124  113  105   91   81   68   61   52   50   46   47   47   48   49
   47   47   44   43   39   38   35   34   32   32   31   32   31   33   32   33
   29   29   25   25   22   22   21   24   24   28   29   33   35   38   40   44
   46   51   54   59   64   69   75   99  108                                   
    65.0-180.0 180.0   5.0 450.0                            LAT/LON1/LON2/DLON/H
  120  108  105  106  103  101  103  107  115  123  133  140  147  149  149  146
  141  133  126  116  108   95   83   70   61   53   48   46   46   47   46   49
   46   46   41   41   36   35   31   31   29   30   29   31   30   32   31   31
   28   27   22   21   17   17   16   18   20   23   26   30   33   37   40   43
   48   52   57   61   68   73   82  106  120                                   
    62.5-180.0 180.0   5.0 450.0                            LAT/LON1/LON2/DLON/H
  125  115  112  112  109  105  107  109  117  123  134  140  148  148  149  145
  142  134  129  120  113  100   89   74   66   55   52   47   48   47   47   46
   44   41   37   35   31   29   27   27   26   27   26   29   29   32   30   31
   26   25   20   18   14   14   12   16   17   21   23   28   31   36   40   45
   48   53   56   61   68   75   82  109  125                                   
    60.0-180.0 180.0   5.0 450.0                            LAT/LON1/LON2/DLON/H
  129  119  117  119  115  111  112  113  120  126  135  141  148  150  150  149
  147  142  138  131  124  112  100   85   75   63   58   53   52   51   48   47
   42   39   33   32   27   27   24   26   25   27   27   31   31   33   31   31
   27   24   19   17   14   13   13   16   18   21   24   28   33   38   44   48
   53   56   60   63   68   73   83  110  129                                   
    57.5-180.0 180.0   5.0 450.0                            LAT/LON1/LON2/DLON/H
  129  122  120  122  121  116  117  116  122  125  135  139  147  149  151  152
  153  150  148  142  136  125  113   97   86   73   67   61   61   56   55   49
   44   38   32   29   26   26   25   27   27   30   30   34   34   36   34   33
   28   26   21   19   16   16   16   19   21   24   26   30   34   40   47   52
   57   61   63   66   70   75   81  111  129                                   
    55.0-180.0 180.0   5.0 450.0                            LAT/LON1/LON2/DLON/H
  132  127  128  132  131  128  127  126  130  132  138  142  148  151  155  157
  161  160  159  156  149  139  126  111   98   85   79   73   71   67   62   56
   47   42   35   33   29   31   31   34   35   38   38   41   40   41   39   37
   33   30   25   23   21   23   23   26   27   29   30   33   37   44   52   59
   66   70   72   73   76   78   87  114  132                                   
    52.5-180.0 180.0   5.0 450.0                            LAT/LON1/LON2/DLON/H
  140  138  138  144  145  142  142  139  141  139  143  144  150  152  157  161
  165  166  166  163  158  147  136  122  111   98   94   87   85   78   74   64
   57   47   42   38   37   39   40   44   45   48   48   49   48   47   45   43
   38   36   32   31   30   31   33   35   36   36   36   38   42   48   57   66
   74   80   83   84   86   88   94  123  140                                   
    50.0-180.0 180.0   5.0 450.0                            LAT/LON1/LON2/DLON/H
  153  152  156  163  166  166  165  163  162  157  156  154  157  158  162  166
  171  171  171  169  163  156  145  133  123  113  108  102   99   91   84   75
   64   57   50   49   48   52   53   57   58   61   60   61   59   58   54   52
   48   46   43   43   43   44   46   48   47   47   44   46   49   56   66   75
   87   94   98  100  102  103  110  138  153                                   
    47.5-180.0 180.0   5.0 450.0                            LAT/LON1/LON2/DLON/H
  171  172  177  186  189  190  191  187  183  175  169  164  163  163  166  169
  172  171  170  167  164  158  151  141  135  125  121  113  111  101   94   82
   74   65   61   59   60   63   65   69   70   71   71   70   68   66   62   60
   58   56   55   55   57   59   61   62   61   58   54   54   56   63   73   84
   96  107  114  119  123  125  129  159  171                                   
    45.0-180.0 180.0   5.0 450.0                            LAT/LON1/LON2/DLON/H
  192  191  200  207  214  216  219  216  211  200  190  181  178  175  176  178
  179  177  173  170  167  164  160  154  146  138  131  123  116  106   97   88
   78   74   68   71   71   76   77   80   80   82   80   81   78   76   73   72
   70   70   70   71   73   75   77   77   75   70   66   65   67   73   83   94
  107  119  129  137  144  148  153  183  192                                   
    42.5-180.0 180.0   5.0 450.0                            LAT/LON1/LON2/DLON/H
  210  211  218  228  234  240  243  243  236  224  209  198  191  187  187  188
  187  183  179  175  174  172  171  166  159  147  139  126  118  105   97   88
   82   77   77   79   82   86   87   88   88   88   88   86   85   82   82   81
   81   81   82   84   86   89   91   89   86   80   75   73   75   82   91  103
  116  131  143  153  163  170  174  207  210                                   
    40.0-180.0 180.0   5.0 450.0                            LAT/LON1/LON2/DLON/H
  227  227  235  243  250  255  261  260  256  244  230  219  211  207  205  206
  205  201  195  191  189  190  188  183  173  159  143  128  115  102   94   90
   84   85   84   90   93   97   96   97   94   95   93   93   92   91   91   91
   92   93   95   96   99  100  102  100   96   89   84   84   86   93  102  113
  125  138  151  163  176  186  194  227  227                                   
    37.5-180.0 180.0   5.0 450.0                            LAT/LON1/LON2/DLON/H
  237  240  247  255  258  265  268  270  265  257  244  235  227  224  222  224
  222  220  215  212  210  209  205  196  183  162  144  124  111   97   93   89
   89   89   93   98  103  106  105  103  101   99   98   96   97   95   97   98
  100  101  103  103  105  107  108  105  100   94   89   89   93  102  110  122
  134  147  159  172  185  198  207  245  237                                   
    35.0-180.0 180.0   5.0 450.0                            LAT/LON1/LON2/DLON/H
  250  253  262  265  266  267  271  270  269  263  255  249  245  242  243  243
  246  244  243  238  236  230  224  208  192  168  146  125  111  100   97   98
   99  102  106  112  117  119  116  112  106  105  103  103  102  102  103  105
  107  107  107  106  109  109  110  106  102   95   92   94  100  110  120  131
  141  152  163  176  191  206  218  255  250                                   
    32.5-180.0 180.0   5.0 450.0                            LAT/LON1/LON2/DLON/H
  263  273  280  282  277  277  273  273  268  269  262  261  257  259  257  262
  264  267  265  260  254  244  232  214  195  170  151  131  120  111  113  113
  117  118  122  126  130  130  126  121  115  111  110  108  107  105  106  107
  108  106  104  102  103  105  105  102   97   93   90   95  103  116  128  142
  150  161  171  183  196  214  227  269  263                                   
    30.0-180.0 180.0   5.0 450.0                            LAT/LON1/LON2/DLON/H
  286  300  310  309  301  295  286  280  275  274  271  273  275  274  277  277
  284  284  287  275  269  251  239  216  199  176  162  146  142  138  143  144
  146  142  143  142  145  144  140  134  127  123  121  119  118  115  115  113
  112  106  102   97   99   99  102   99   96   90   91   96  108  123  138  152
  161  171  180  191  206  225  240  282  286                                   
    27.5-180.0 180.0   5.0 450.0                            LAT/LON1/LON2/DLON/H
  315  338  348  350  339  331  315  306  294  295  289  294  292  294  293  295
  297  300  296  284  270  251  233  213  199  184  178  170  171  171  179  179
  177  163  159  155  156  155  153  148  141  137  134  132  129  125  121  117
  111  102   94   87   87   89   93   93   90   87   86   95  107  127  145  164
  174  186  194  206  220  243  262  304  315                                   
    25.0-180.0 180.0   5.0 450.0                            LAT/LON1/LON2/DLON/H
  354  379  393  395  386  377  360  345  330  327  321  323  320  317  316  313
  318  312  308  288  272  245  229  210  205  199  203  201  208  213  221  215
  204  187  174  170  166  165  164  160  157  152  153  149  147  139  134  125
  116  103   91   82   81   84   89   91   90   88   88   95  109  129  153  173
  188  201  212  225  240  265  288  329  354                                   
    22.5-180.0 180.0   5.0 450.0                            LAT/LON1/LON2/DLON/H
  393  421  436  446  441  436  418  404  384  379  369  371  361  358  350  344
  340  330  316  291  268  241  223  215  217  224  239  246  259  263  269  259
  238  213  192  184  177  173  173  173  171  172  172  171  165  157  146  135
  120  101   86   75   75   78   85   91   90   90   89   98  111  133  156  182
  201  219  233  248  264  290  321  361  393                                   
    20.0-180.0 180.0   5.0 450.0                            LAT/LON1/LON2/DLON/H
  430  459  479  490  493  492  479  467  446  436  423  422  412  406  391  385
  372  356  337  306  282  249  237  233  253  266  292  300  313  313  310  294
  267  237  209  198  187  181  180  182  184  187  191  189  186  175  162  146
  128  110   93   83   81   84   91   95   95   93   93  100  114  135  164  191
  217  237  258  274  291  320  353  392  430                                   
    17.5-180.0 180.0   5.0 450.0                            LAT/LON1/LON2/DLON/H
  459  492  515  535  543  548  541  534  514  504  488  485  473  467  449  439
  420  397  369  333  305  276  270  277  303  325  350  358  361  352  341  321
  291  261  229  214  196  189  187  190  193  201  206  211  205  194  177  158
  137  118  100   89   85   88   94   99   99   97   95  103  117  140  168  198
  224  249  275  296  316  348  383  422  459                                   
    15.0-180.0 180.0   5.0 450.0                            LAT/LON1/LON2/DLON/H
  483  518  547  568  585  598  597  596  582  573  559  551  537  526  507  494
  466  445  410  375  348  328  328  340  368  385  400  393  385  366  348  324
  294  265  236  220  199  195  192  197  201  210  218  222  220  207  189  168
  147  126  109   95   92   93   99  102  102   99   99  104  120  143  174  204
  233  260  293  317  344  377  416  446  483                                   
    12.5-180.0 180.0   5.0 450.0                            LAT/LON1/LON2/DLON/H
  495  538  561  590  609  631  645  652  648  642  630  621  610  596  576  559
  528  496  460  430  406  396  400  413  430  433  429  408  390  362  339  314
  290  268  245  228  211  206  206  210  213  223  229  236  228  216  193  172
  151  131  114  102   95   96   99  102  102   99   98  106  122  149  178  210
  236  266  301  331  365  402  439  466  495                                   
    10.0-180.0 180.0   5.0 450.0                            LAT/LON1/LON2/DLON/H
  505  546  567  590  621  653  680  699  703  700  694  683  675  660  640  617
  580  540  503  479  465  467  470  477  481  466  445  409  380  341  318  293
  279  264  250  238  225  223  224  224  227  231  237  237  228  211  189  165
  147  129  115  103   98   96   97   99   98   96   96  104  122  150  182  214
  243  271  310  341  382  423  459  480  505                                   
     7.5-180.0 180.0   5.0 450.0                            LAT/LON1/LON2/DLON/H
  506  555  563  588  612  650  685  719  733  736  734  728  725  718  701  678
  635  585  541  512  503  509  523  529  518  485  448  398  358  320  299  281
