data/unet/pred3450.15i
     1.0            IONOSPHERE MAPS     GNSS                IONEX VERSION / TYPE
pyspatialgeodesy        IME             05-JAN-18 20:20     PGM / RUN BY / DATE 
Map Name                                                    COMMENT             
Predicted global ionosphere maps (GIM).                     DESCRIPTION         
  2015    12    11     0     0     0                        EPOCH OF FIRST MAP  
  2015    12    12     0     0     0                        EPOCH OF LAST MAP   
  7200                                                      INTERVAL            
    13                                                      # OF MAPS IN FILE   
  NONE                                                      MAPPING FUNCTION    
10.0                                                        ELEVATION CUTOFF    
One-way carrier phase leveled to code                       OBSERVABLES USED    
  6371.0                                                    BASE RADIUS         
 2                                                          MAP DIMENSION       
   450.0 450.0   0.0                                        HGT1 / HGT2 / DHGT  
    87.5 -87.5  -2.5                                        LAT1 / LAT2 / DLAT  
  -180.0 180.0   5.0                                        LON1 / LON2 / DLON  
    -1                                                      EXPONENT            
                                                            END OF HEADER       
[from data line 2574]
     7                                                      START OF TEC MAP    
  2015    12    11    12     0     0                        EPOCH OF CURRENT MAP
    87.5-180.0 180.0   5.0 450.0                            LAT/LON1/LON2/DLON/H
   58   64   59   62   58   60   58   59   58   58   59   57   58   56   57   55
   56   54   55   53   55   53   54   52   53   51   53   50   52   50   52   50
   52   50   52   51   52   51   52   51   51   52   51   51   50   51   50   50
   50   49   50   49   50   49   50   50   51   51   52   52   53   53   54   54
   55   56   55   57   56   53   63   55   58                                   
    85.0-180.0 180.0   5.0 450.0                            LAT/LON1/LON2/DLON/H
   68   66   57   55   57   57   59   58   60   59   60   59   60   59   59   57
   58   56   56   55   55   55   55   54   55   55   56   55   56   56   56   56
   55   55   55   54   54   53   52   51   51   49   49   48   48   48   48   48
   48   49   49   49   50   50   51   50   51   51   51   51   52   51   52   51
   52   51   52   50   53   53   61   57   68                                   
    82.5-180.0 180.0   5.0 450.0                            LAT/LON1/LON2/DLON/H
   63   60   49   49   47   48   47   50   48   49   47   48   45   47   44   45
   42   44   41   43   41   44   42   46   43   47   45   49   45   50   46   50
   46   50   45   48   44   46   42   44   40   42   38   40   36   39   36   39
   36   40   37   41   37   42   39   44   40   45   41   45   41   44   40   44
   40   44   39   41   39   39   38   34   63                                   
    80.0-180.0 180.0   5.0 450.0                            LAT/LON1/LON2/DLON/H
   57   48   44   41   43   43   45   44   44   43   42   40   38   36   35   33
   33   32   33   32   34   34   37   37   39   39   42   42   43   43   44   44
   44   45   45   45   44   43   43   41   40   38   38   36   35   34   34   34
   34   35   36   36   37   38   39   40   40   40   40   39   39   38   39   37
   38   35   37   34   37   31   33   31   57                                   
    77.5-180.0 180.0   5.0 450.0                            LAT/LON1/LON2/DLON/H
   51   45   36   37   36   39   37   39   35   36   32   31   27   25   23   22
   20   21   22   23   25   27   29   32   33   36   36   39   37   41   39   44
   41   46   43   47   43   46   41   43   38   39   34   35   31   33   30   32
   30   34   33   37   36   40   39   42   40   42   39   41   37   39   35   37
   32   34   31   31   29   29   31   23   51                                   
    75.0-180.0 180.0   5.0 450.0                            LAT/LON1/LON2/DLON/H
   48   38   38   35   37   37   38   36   35   33   30   26   22   19   16   14
   13   13   16   17   22   23   28   29   32   34   36   37   38   40   41   44
   44   48   50   52   51   53   50   50   45   45   41   39   36   36   35   35
   35   38   39   41   42   45   46   47   46   46   45   43   41   40   38   37
   35   34   33   32   31   28   32   27   48                                   
    72.5-180.0 180.0   5.0 450.0                            LAT/LON1/LON2/DLON/H
   49   43   36   37   37   38   37   37   34   32   27   24   19   15   11   10
    9   10   13   16   21   24   29   32   35   37   40   40   42   43   45   48
   50   55   57   62   61   64   59   59   53   51   47   45   42   41   40   40
   42   43   46   47   50   50   52   52   51   50   48   47   45   44   41   41
   39   39   36   36   34   32   33   28   49                                   
    70.0-180.0 180.0   5.0 450.0                            LAT/LON1/LON2/DLON/H
   50   39   40   37   39   39   40   39   37   34   30   25   20   15   12   10
   10   11   14   19   24   29   34   37   41   43   45   46   46   48   49   54
   57   65   69   76   76   80   75   75   66   65   58   56   51   50   48   48
   48   49   51   52   53   54   54   53   53   51   50   48   48   46   46   45
   45   44   44   42   42   37   38   35   50                                   
    67.5-180.0 180.0   5.0 450.0                            LAT/LON1/LON2/DLON/H
   52   45   39   37   39   39   40   40   37   35   32   27   24   18   17   13
   14   13   18   20   28   31   39   41   47   49   50   51   52   53   55   60
   65   74   80   89   92   95   92   90   82   77   69   65   59   56   54   53
   54   54   55   54   54   53   53   51   49   48   47   47   46   47   46   48
   47   49   48   46   46   42   41   37   52                                   
    65.0-180.0 180.0   5.0 450.0                            LAT/LON1/LON2/DLON/H
   52   39   39   35   36   38   40   40   38   36   33   30   26   23   20   19
   17   19   21   26   30   38   41   49   50   56   56   57   57   59   61   67
   72   83   90  102  104  110  105  104   94   91   81   78   68   67   61   62
   57   59   54   54   50   49   46   45   43   42   42   42   43   43   46   46
   49   49   52   50   50   45   45   44   52                                   
    62.5-180.0 180.0   5.0 450.0                            LAT/LON1/LON2/DLON/H
   52   43   35   32   35   34   37   38   37   36   35   32   31   27   27   23
   24   22   25   28   33   37   43   48   50   56   56   59   59   62   65   72
   80   91  101  111  114  118  115  113  104   98   90   84   77   73   68   65
   61   58   53   50   46   43   39   38   36   35   35   36   37   38   41   43
   45   48   50   50   51   46   46   44   52                                   
    60.0-180.0 180.0   5.0 450.0                            LAT/LON1/LON2/DLON/H
   50   36   33   29   29   32   33   35   33   34   32   32   31   30   28   27
   25   25   24   28   30   36   39   47   49   57   58   63   63   69   73   82
   89  100  108  118  120  125  119  119  108  106   95   94   83   83   72   73
   62   61   50   47   39   37   33   33   31   31   31   32   33   33   37   37
   42   43   48   49   50   46   46   46   50                                   
    57.5-180.0 180.0   5.0 450.0                            LAT/LON1/LON2/DLON/H
   50   41   30   28   28   29   30   32   31   31   30   31   33   32   33   30
   30   26   27   26   29   32   36   41   46   54   57   66   69   78   83   94
  100  110  116  124  126  127  125  122  116  111  106  100   96   91   85   78
   72   64   56   48   42   36   33   31   30   30   30   31   31   32   32   34
   36   39   43   44   47   44   46   45   50                                   
    55.0-180.0 180.0   5.0 450.0                            LAT/LON1/LON2/DLON/H
   51   39   34   30   30   32   31   32   30   29   28   29   30   31   30   30
   26   24   22   23   23   26   29   36   41   52   58   71   76   89   95  108
  112  122  123  130  128  132  126  127  119  120  111  114  105  105   94   91
   78   74   60   54   43   39   34   34   33   34   34   35   35   33   34   32
   34   36   41   43   45   45   48   47   51                                   
    52.5-180.0 180.0   5.0 450.0                            LAT/LON1/LON2/DLON/H
   56   50   37   38   36   38   36   36   32   31   29   31   31   33   32   32
   29   26   24   24   23   25   29   34   42   52   63   77   87  102  110  122
  125  131  132  134  134  134  132  130  129  127  127  125  124  119  112  103
   95   85   74   63   55   48   45   43   44   44   45   45   43   41   39   37
   37   38   41   43   48   47   52   54   56                                   
    50.0-180.0 180.0   5.0 450.0                            LAT/LON1/LON2/DLON/H
   61   56   50   47   49   49   48   44   40   35   33   33   32   32   31   30
   27   25   22   23   22   25   29   36   44   58   69   86   97  113  122  134
  135  140  138  141  138  140  135  138  134  139  137  141  136  136  125  120
  108  100   87   78   66   60   54   54   53   55   56   55   53   51   49   46
   44   43   45   48   52   54   59   59   61                                   
    47.5-180.0 180.0   5.0 450.0                            LAT/LON1/LON2/DLON/H
   70   70   60   63   62   62   59   56   50   45   41   40   38   36   34   34
   31   30   28   29   29   32   37   44   55   67   80   96  108  124  131  141
  141  142  141  141  141  141  142  142  145  147  151  152  152  147  141  132
  123  112  101   89   79   70   65   62   63   63   65   65   64   62   60   56
   55   53   54   55   60   59   66   72   70                                   
    45.0-180.0 180.0   5.0 450.0                            LAT/LON1/LON2/DLON/H
   75   79   75   72   77   73   74   66   65   55   54   49   48   42   40   37
   35   33   33   34   36   40   47   56   67   81   91  108  117  133  137  144
  143  147  143  147  145  151  149  155  154  160  158  163  159  159  150  144
  132  123  111  100   87   78   69   66   65   66   68   69   69   69   68   66
   65   62   64   63   68   68   75   79   75                                   
    42.5-180.0 180.0   5.0 450.0                            LAT/LON1/LON2/DLON/H
   81   87   81   83   84   83   82   78   76   70   69   63   60   53   50   46
   44   42   42   44   46   53   61   72   84   96  106  119  126  136  137  142
  140  142  141  145  150  155  159  160  162  162  165  164  165  162  156  148
  138  128  118  104   90   78   68   64   63   64   65   67   69   71   74   72
   74   71   72   70   74   71   78   86   81                                   
    40.0-180.0 180.0   5.0 450.0                            LAT/LON1/LON2/DLON/H
   80   86   87   83   89   86   89   85   86   82   83   77   75   67   63   57
   55   52   53   55   61   69   80   91  102  114  120  133  134  142  140  145
  142  146  147  157  162  171  171  175  171  174  170  174  170  169  162  155
  146  136  124  110   94   79   68   61   58   59   61   64   67   71   75   76
   78   75   76   75   77   74   82   87   80                                   
    37.5-180.0 180.0   5.0 450.0                            LAT/LON1/LON2/DLON/H
   77   82   81   82   85   86   87   87   91   89   92   88   88   79   75   69
   67   63   63   66   72   84   95  108  118  129  134  141  141  144  141  145
  144  150  156  166  177  184  188  185  184  179  179  176  175  172  166  160
  152  144  131  117   98   82   67   59   56   56   58   61   64   68   75   76
   81   76   77   73   75   71   76   86   77                                   
    35.0-180.0 180.0   5.0 450.0                            LAT/LON1/LON2/DLON/H
   69   72   76   71   80   78   84   84   91   92   97   96   96   89   86   81
   77   74   73   78   85   98  110  125  133  145  146  152  149  152  149  154
  156  165  174  188  199  208  209  206  200  196  189  190  186  186  181  177
  169  161  149  133  115   97   80   69   62   61   60   63   64   67   72   73
   76   73   72   69   68   67   73   77   69                                   
    32.5-180.0 180.0   5.0 450.0                            LAT/LON1/LON2/DLON/H
   61   60   63   60   64   66   71   76   83   88   96   97  100   95   93   88
   85   82   82   87   94  109  121  137  143  154  155  160  157  161  161  168
  173  184  198  213  229  231  235  226  222  211  209  202  204  201  202  197
  194  186  178  162  143  123  107   93   86   83   79   79   76   75   77   75
   76   72   68   65   65   59   63   72   61                                   
    30.0-180.0 180.0   5.0 450.0                            LAT/LON1/LON2/DLON/H
   58   53   54   49   56   56   63   67   76   82   90   93   97   94   95   89
   88   87   88   97  104  121  133  149  155  165  168  176  175  182  183  196
  203  223  237  255  264  271  267  261  249  244  237  234  231  228  228  224
  225  221  219  210  192  172  152  138  127  121  115  109  102   95   90   82
   78   73   68   64   60   59   62   60   58                                   
    27.5-180.0 180.0   5.0 450.0                            LAT/LON1/LON2/DLON/H
   58   50   46   45   44   48   52   60   66   74   81   86   92   91   93   89
   90   89   92  101  111  128  141  155  162  173  180  190  194  205  210  226
  237  257  275  288  299  300  302  292  288  276  273  265  265  259  260  256
  258  257  260  255  247  227  213  196  187  176  167  156  142  128  116  104
   94   82   76   71   70   64   64   59   58                                   
    25.0-180.0 180.0   5.0 450.0                            LAT/LON1/LON2/DLON/H
   70   54   47   44   46   47   51   54   62   65   73   77   82   81   85   82
   85   89   95  107  119  138  151  166  174  184  193  206  216  232  242  264
  276  301  312  329  334  339  334  333  322  317  309  306  303  301  299  300
  299  307  306  310  301  289  270  258  247  236  223  206  185  166  146  129
  113  102   88   85   81   84   80   60   70                                   
    22.5-180.0 180.0   5.0 450.0                            LAT/LON1/LON2/DLON/H
   81   61   53   53   50   51   52   55   57   61   65   70   75   75   79   77
   81   85   95  108  126  143  160  173  183  195  208  224  237  255  267  291
  302  327  340  358  365  366  367  364  361  354  351  347  346  345  345  344
  351  355  363  366  364  355  341  323  309  288  270  247  226  201  180  156
  139  123  113  105  101   98   95   74   81                                   
    20.0-180.0 180.0   5.0 450.0                            LAT/LON1/LON2/DLON/H
   88   67   57   54   56   54   57   54   59   57   63   63   68   67   69   69
   74   83   94  114  132  153  167  181  191  206  220  242  252  279  290  319
  332  357  370  389  394  396  396  398  392  391  385  387  385  388  387  392
  394  403  408  413  412  402  388  372  351  330  308  282  257  228  203  179
  160  144  134  129  118  113  113   86   88                                   
    17.5-180.0 180.0   5.0 450.0                            LAT/LON1/LON2/DLON/H
   94   83   72   69   64   64   63   61   58   58   59   62   65   66   67   69
   73   81   94  117  136  158  172  188  201  218  237  255  270  295  310  338
  352  379  393  409  417  419  424  425  424  425  422  422  420  419  420  423
  428  435  440  445  443  433  416  395  374  347  324  298  276  247  225  196
  182  166  160  147  139  129  121   99   94                                   
    15.0-180.0 180.0   5.0 450.0                            LAT/LON1/LON2/DLON/H
  102   90   78   76   74   73   71   64   62   55   59   59   66   65   65   66
   71   84   97  126  141  168  179  200  212  235  251  275  289  317  334  358
  374  399  413  425  431  433  441  443  446  449  450  453  451  450  451  455
  461  464  469  467  463  444  422  397  370  345  320  299  276  254  231  210
  192  180  173  165  151  144  139  110  102                                   
    12.5-180.0 180.0   5.0 450.0                            LAT/LON1/LON2/DLON/H
  105  102   91   89   82   80   77   71   67   62   62   64   70   72   71   73
   77   90  103  129  145  171  188  209  228  249  270  292  310  333  351  371
  388  411  424  435  442  446  455  462  465  471  470  473  468  466  466  471
  474  478  477  474  463  441  410  379  349  319  296  275  260  243  228  209
  199  184  182  169  164  151  142  117  105                                   
    10.0-180.0 180.0   5.0 450.0                            LAT/LON1/LON2/DLON/H
  109  101   91   90   87   84   78   71   67   64   65   69   75   80   77   80
   85   97  113  138  152  181  197  227  244  271  289  317  332  353  367  383
  401  423  437  443  452  454  466  473  481  485  487  487  484  481  485  486
  491  488  487  474  458  429  392  358  324  295  269  253  238  228  215  204
  194  185  180  173  162  156  148  123  109                                   
     7.5-180.0 180.0   5.0 450.0                            LAT/LON1/LON2/DLON/H
  108  105   95   91   86   83   79   72   68   67   69   74   84   87   89   93
   98  112  125  147  163  190  209  239  262  289  309  335  350  368  378  394
