data/unet/pred2170.15i
     1.0            IONOSPHERE MAPS     GNSS                IONEX VERSION / TYPE
pyspatialgeodesy        IME             05-JAN-18 20:20     PGM / RUN BY / DATE 
Map Name                                                    COMMENT             
Predicted global ionosphere maps (GIM).                     DESCRIPTION         
  2015     8     5     0     0     0                        EPOCH OF FIRST MAP  
  2015     8     6     0     0     0                        EPOCH OF LAST MAP   
  7200                                                      INTERVAL            
    13                                                      # OF MAPS IN FILE   
  NONE                                                      MAPPING FUNCTION    
10.0                                                        ELEVATION CUTOFF    
One-way carrier phase leveled to code                       OBSERVABLES USED    
  6371.0                                                    BASE RADIUS         
 2                                                          MAP DIMENSION       
   450.0 450.0   0.0                                        HGT1 / HGT2 / DHGT  
    87.5 -87.5  -2.5                                        LAT1 / LAT2 / DLAT  
  -180.0 180.0   5.0                                        LON1 / LON2 / DLON  
    -1                                                      EXPONENT            
                                                            END OF HEADER       
[from data line 1287]
     4                                                      START OF TEC MAP    
  2015     8     5     6     0     0                        EPOCH OF CURRENT MAP
    87.5-180.0 180.0   5.0 450.0                            LAT/LON1/LON2/DLON/H
  152  172  165  166  167  166  168  168  169  170  170  171  170  171  170  170
  169  169  168  168  166  166  163  162  160  159  157  156  154  154  152  153
  152  151  151  149  150  148  150  149  152  150  153  152  156  154  157  156
  158  157  159  158  160  159  161  160  162  160  161  160  161  159  159  158
  159  157  158  156  158  154  174  154  152                                   
    85.0-180.0 180.0   5.0 450.0                            LAT/LON1/LON2/DLON/H
  160  160  152  162  159  159  159  161  161  162  162  163  162  163  162  162
  160  160  158  157  154  152  150  147  145  142  141  138  137  136  136  135
  135  135  136  136  136  137  137  138  140  141  142  144  146  148  149  151
  152  154  154  156  157  158  159  159  160  161  160  160  160  160  158  158
  157  157  155  155  153  146  155  163  160                                   
    82.5-180.0 180.0   5.0 450.0                            LAT/LON1/LON2/DLON/H
  158  153  153  158  158  158  161  161  162  162  163  163  163  163  162  162
  161  158  158  154  153  149  147  143  142  137  137  133  134  130  132  129
  132  129  132  131  134  133  137  138  143  143  148  149  155  156  160  160
  165  165  169  168  173  171  174  172  176  172  174  171  172  168  166  163
  163  160  158  156  154  150  153  146  158                                   
    80.0-180.0 180.0   5.0 450.0                            LAT/LON1/LON2/DLON/H
  167  161  156  156  155  155  157  157  157  157  158  157  158  158  158  157
  157  155  155  151  149  144  143  137  136  131  130  126  126  123  125  123
  125  124  126  127  129  130  133  134  138  141  145  149  153  157  161  165
  169  171  175  176  180  180  182  181  183  180  180  178  177  173  171  168
  167  164  163  160  160  153  147  147  167                                   
    77.5-180.0 180.0   5.0 450.0                            LAT/LON1/LON2/DLON/H
  161  157  154  155  155  155  153  153  152  152  152  153  153  154  153  154
  153  153  150  150  144  142  136  135  128  127  122  123  118  122  118  123
  121  125  125  130  130  134  136  140  143  148  152  158  162  167  172  177
  182  186  189  192  194  195  196  196  196  194  193  190  189  185  183  179
  177  173  170  168  166  157  151  146  161                                   
    75.0-180.0 180.0   5.0 450.0                            LAT/LON1/LON2/DLON/H
  166  163  159  156  154  151  147  146  142  142  140  142  140  142  142  144
  142  143  141  140  136  132  127  122  119  115  113  112  111  112  113  115
  118  120  122  126  127  130  132  136  138  144  148  156  162  170  175  183
  187  192  195  198  199  201  201  201  200  199  197  195  192  190  185  184
  179  179  174  172  168  160  154  151  166                                   
    72.5-180.0 180.0   5.0 450.0                            LAT/LON1/LON2/DLON/H
  164  164  158  158  152  150  142  142  136  136  134  135  135  136  137  138
  138  138  136  134  129  125  119  116  110  109  105  107  105  109  108  114
  114  120  121  126  127  131  132  137  140  147  152  161  168  177  183  191
  195  199  200  202  203  203  203  202  202  199  198  196  195  192  189  188
  185  184  181  179  176  165  158  157  164                                   
    70.0-180.0 180.0   5.0 450.0                            LAT/LON1/LON2/DLON/H
  171  171  166  161  156  149  143  136  130  125  124  122  123  123  126  126
  128  127  127  125  119  117  109  106   99   98   95   97   97  102  103  110
  112  118  121  125  127  130  131  137  139  147  154  166  174  184  189  195
  198  200  200  200  201  199  198  196  196  194  193  192  190  189  186  186
  184  184  183  182  178  168  160  163  171                                   
    67.5-180.0 180.0   5.0 450.0                            LAT/LON1/LON2/DLON/H
  171  171  164  162  152  148  137  133  123  121  116  117  117  118  121  122
  123  122  121  118  114  108  101   95   90   87   86   86   89   94  100  106
  111  117  120  125  126  130  131  137  142  151  160  173  182  191  196  200
  201  200  199  197  195  192  190  188  188  186  186  185  185  184  183  183
  183  183  184  183  183  173  164  167  171                                   
    65.0-180.0 180.0   5.0 450.0                            LAT/LON1/LON2/DLON/H
  178  179  174  167  158  150  142  132  123  116  113  109  111  109  113  112
  116  113  112  108  104   99   92   87   81   80   77   81   82   89   93  103
  106  114  117  122  122  126  127  135  141  153  164  179  188  196  199  202
  201  198  195  191  189  184  181  179  178  178  177  178  177  178  175  177
  175  178  179  181  180  172  166  171  178                                   
    62.5-180.0 180.0   5.0 450.0                            LAT/LON1/LON2/DLON/H
  179  182  174  171  159  154  142  135  122  116  109  106  105  105  107  108
  108  106  105  100   96   90   85   79   76   72   73   73   78   83   90   98
  105  111  115  120  122  126  129  137  146  159  173  186  196  201  205  205
  204  200  195  191  187  182  179  176  176  175  174  175  176  175  174  173
  173  174  177  179  183  175  169  174  179                                   
    60.0-180.0 180.0   5.0 450.0                            LAT/LON1/LON2/DLON/H
  186  188  185  179  169  160  152  141  129  118  111  104  102   99  102  101
  102   98   98   91   88   82   79   74   72   70   69   71   73   80   83   93
   98  106  108  114  117  122  127  137  148  164  177  191  200  206  208  208
  206  202  197  193  191  187  184  181  180  178  176  176  175  174  169  168
  166  168  170  174  177  173  169  179  186                                   
    57.5-180.0 180.0   5.0 450.0                            LAT/LON1/LON2/DLON/H
  188  190  188  185  175  168  157  148  133  121  109  102   96   94   93   93
   92   88   87   81   80   74   74   71   72   71   72   72   75   77   83   88
   97  102  107  113  119  125  132  143  155  171  186  197  207  211  215  214
  214  210  207  204  202  199  197  194  192  189  187  185  183  180  174  170
  167  169  170  175  180  178  174  179  188                                   
    55.0-180.0 180.0   5.0 450.0                            LAT/LON1/LON2/DLON/H
  195  199  200  196  190  179  171  158  143  127  113  103   95   91   90   88
   88   84   81   77   76   72   73   72   75   74   75   75   76   78   79   86
   91   99  103  111  117  126  135  147  160  177  190  203  211  216  219  220
  220  218  217  215  216  214  212  208  207  202  199  195  190  184  176  170
  165  166  168  172  177  179  176  186  195                                   
    52.5-180.0 180.0   5.0 450.0                            LAT/LON1/LON2/DLON/H
  201  203  207  207  202  193  181  169  152  134  115  104   93   88   85   83
   81   77   75   70   72   69   75   75   81   81   83   83   83   81   83   86
   93   99  106  115  124  134  145  157  170  186  200  210  219  224  229  231
  233  234  234  234  233  232  229  225  221  217  211  207  201  194  184  178
  171  170  172  177  183  185  185  191  201                                   
    50.0-180.0 180.0   5.0 450.0                            LAT/LON1/LON2/DLON/H
  212  212  217  218  216  206  197  180  163  143  122  108   94   89   82   81
   79   75   74   71   73   74   81   84   90   91   93   91   89   87   85   89
   92  101  107  118  128  140  151  163  177  192  204  214  225  230  237  241
  245  248  250  249  249  246  243  236  234  226  221  215  209  201  191  184
  177  176  177  182  187  191  189  200  212                                   
    47.5-180.0 180.0   5.0 450.0                            LAT/LON1/LON2/DLON/H
  218  217  224  225  223  217  205  190  171  150  127  109   95   87   82   79
   78   74   74   72   77   78   87   91   99  101  103  101   99   95   94   93
   99  104  114  124  138  149  162  173  186  199  213  222  233  239  248  253
  259  263  266  265  264  260  254  247  239  233  226  222  215  209  200  194
  187  186  187  192  198  201  199  206  218                                   
    45.0-180.0 180.0   5.0 450.0                            LAT/LON1/LON2/DLON/H
  227  224  230  231  230  222  214  197  179  159  136  117  101   93   84   83
   79   78   78   78   84   87   96  101  108  109  111  109  106  103  100  100
  102  108  116  127  139  153  164  176  189  202  215  225  237  246  257  265
  272  276  279  277  274  268  260  250  244  235  231  225  221  215  207  204
  198  201  201  205  207  210  208  216  227                                   
    42.5-180.0 180.0   5.0 450.0                            LAT/LON1/LON2/DLON/H
  232  227  232  229  227  219  211  196  180  161  141  120  107   96   91   87
   87   84   86   85   91   94  102  108  113  115  116  115  114  110  109  106
  110  112  122  130  145  157  172  183  197  208  224  233  247  256  269  276
  285  288  291  288  284  278  267  258  249  242  235  232  227  224  218  217
  216  218  220  223  225  225  221  226  232                                   
    40.0-180.0 180.0   5.0 450.0                            LAT/LON1/LON2/DLON/H
  241  234  233  226  221  214  205  192  180  165  147  130  115  106   97   94
   91   91   92   94   99  103  110  116  119  121  121  120  118  116  114  112
  112  116  122  130  142  155  169  182  199  211  228  238  254  265  280  288
  297  300  302  300  296  291  282  271  264  257  251  246  241  237  232  233
  234  240  243  245  241  239  236  239  241                                   
    37.5-180.0 180.0   5.0 450.0                            LAT/LON1/LON2/DLON/H
  251  241  236  222  214  201  196  185  176  161  150  133  123  111  108  100
  102   98  102  100  108  109  116  120  122  124  123  124  124  123  122  118
  119  119  126  132  143  157  173  190  207  221  239  250  267  277  292  300
  311  313  317  316  316  315  308  302  291  285  276  270  262  257  252  254
  258  265  270  272  266  261  254  254  251                                   
    35.0-180.0 180.0   5.0 450.0                            LAT/LON1/LON2/DLON/H
  267  252  243  224  208  196  187  180  172  162  153  141  130  120  112  107
  104  103  105  107  112  117  122  128  129  131  129  129  128  128  126  123
  120  121  125  131  143  154  172  188  209  224  245  256  274  285  303  313
  323  329  333  338  342  347  344  341  332  325  314  303  293  284  278  278
  283  292  299  298  292  285  276  275  267                                   
    32.5-180.0 180.0   5.0 450.0                            LAT/LON1/LON2/DLON/H
  290  272  259  235  218  197  188  176  170  158  154  144  137  126  122  113
  114  108  112  111  118  119  126  131  134  136  134  134  133  133  132  128
  123  121  124  131  140  157  169  193  211  233  252  267  283  296  312  323
  340  345  357  366  377  385  387  388  383  377  364  350  335  320  313  310
  317  324  333  330  322  317  306  300  290                                   
    30.0-180.0 180.0   5.0 450.0                            LAT/LON1/LON2/DLON/H
  319  297  278  256  233  211  195  182  174  163  158  149  142  133  123  116
  112  110  112  114  121  127  133  142  144  148  144  144  139  138  134  130
  123  120  122  128  140  153  172  189  212  232  252  269  287  300  319  332
  351  363  379  397  416  431  440  443  441  433  419  399  379  360  349  344
  351  356  365  358  350  345  331  327  319                                   
    27.5-180.0 180.0   5.0 450.0                            LAT/LON1/LON2/DLON/H
  350  328  307  283  262  237  214  196  183  170  162  153  148  138  132  120
  118  112  116  115  125  128  138  145  152  154  153  150  145  141  136  131
  122  118  119  125  135  152  165  189  205  228  246  268  284  301  319  337
  360  376  399  422  448  470  486  493  491  481  464  441  419  399  386  381
  383  387  393  387  378  377  360  357  350                                   
    25.0-180.0 180.0   5.0 450.0                            LAT/LON1/LON2/DLON/H
  377  362  335  315  291  263  235  211  194  178  170  157  151  140  131  121
  115  111  112  116  126  135  145  157  163  167  163  158  146  143  133  128
  118  115  116  123  136  149  169  184  205  220  243  265  285  299  321  340
  366  388  414  443  471  501  518  531  531  521  504  479  455  434  419  413
  413  414  420  413  408  403  385  384  377                                   
    22.5-180.0 180.0   5.0 450.0                            LAT/LON1/LON2/DLON/H
  397  389  369  346  322  292  261  233  210  192  178  165  156  147  138  126
  121  114  118  119  130  138  151  163  172  173  169  160  149  140  130  121
  112  107  110  118  130  145  161  183  195  215  234  259  279  296  318  341
  369  392  420  449  479  505  525  537  539  531  519  496  476  457  444  437
  436  436  441  435  429  427  411  407  397                                   
    20.0-180.0 180.0   5.0 450.0                            LAT/LON1/LON2/DLON/H
  411  409  393  375  352  319  286  253  224  202  186  171  160  149  138  127
  122  117  119  124  131  142  154  169  176  177  168  158  142  134  121  114
  103  101  102  112  125  142  160  179  196  210  229  254  276  296  318  342
  370  396  419  450  474  499  512  528  526  525  515  501  485  470  458  453
  451  454  457  450  442  442  430  424  411                                   
    17.5-180.0 180.0   5.0 450.0                            LAT/LON1/LON2/DLON/H
  419  417  406  388  365  336  304  272  238  217  198  183  169  158  145  135
  131  126  130  130  138  146  159  170  178  174  165  152  137  124  113  102
   93   88   90   98  113  132  155  175  193  209  226  250  275  294  317  340
  369  391  416  440  463  477  486  492  493  492  490  486  479  472  462  459
  457  459  462  455  447  448  439  433  419                                   
    15.0-180.0 180.0   5.0 450.0                            LAT/LON1/LON2/DLON/H
  421  417  408  392  369  342  312  285  247  226  207  191  178  164  153  143
  139  135  137  138  141  149  157  167  169  166  153  140  122  113   98   90
   79   76   76   88  101  128  148  174  189  208  224  252  274  295  317  342
  366  390  410  431  445  458  460  466  463  468  468  473  471  472  464  463
  462  464  466  455  444  448  441  433  421                                   
    12.5-180.0 180.0   5.0 450.0                            LAT/LON1/LON2/DLON/H
  415  411  399  379  359  334  308  284  252  234  216  204  188  178  164  156
  150  147  149  147  151  152  159  162  163  154  141  125  111   99   87   76
   67   61   66   74   95  122  152  172  195  209  231  252  277  297  319  340
  368  387  408  421  432  436  438  436  437  441  446  456  461  466  461  460
  460  461  462  451  441  444  438  430  415                                   
    10.0-180.0 180.0   5.0 450.0                            LAT/LON1/LON2/DLON/H
  405  395  379  361  337  313  290  271  246  232  219  209  200  186  177  167
  164  159  157  153  152  151  150  151  146  138  122  112   96   88   77   67
   58   54   54   68   88  120  146  174  192  212  229  251  276  298  319  341
  367  387  405  416  422  424  424  424  427  433  438  449  456  461  458  459
  457  459  459  446  433  435  428  423  405                                   
     7.5-180.0 180.0   5.0 450.0                            LAT/LON1/LON2/DLON/H
  399  387  368  342  317  294  276  259  238  232  221  217  205  198  186  178
  173  167  167  160  158  149  146  139  134  123  110   98   88   78   70   59
