data/unet/pred2330.15i
     1.0            IONOSPHERE MAPS     GNSS                IONEX VERSION / TYPE
pyspatialgeodesy        IME             05-JAN-18 20:20     PGM / RUN BY / DATE 
Map Name                                                    COMMENT             
Predicted global ionosphere maps (GIM).                     DESCRIPTION         
  2015     8    21     0     0     0                        EPOCH OF FIRST MAP  
  2015     8    22     0     0     0                        EPOCH OF LAST MAP   
  7200                                                      INTERVAL            
    13                                                      # OF MAPS IN FILE   
  NONE                                                      MAPPING FUNCTION    
10.0                                                        ELEVATION CUTOFF    
One-way carrier phase leveled to code                       OBSERVABLES USED    
  6371.0                                                    BASE RADIUS         
 2                                                          MAP DIMENSION       
   450.0 450.0   0.0                                        HGT1 / HGT2 / DHGT  
    87.5 -87.5  -2.5                                        LAT1 / LAT2 / DLAT  
  -180.0 180.0   5.0                                        LON1 / LON2 / DLON  
    -1                                                      EXPONENT            
                                                            END OF HEADER       
[from data line 429]
     2                                                      START OF TEC MAP    
  2015     8    21     2     0     0                        EPOCH OF CURRENT MAP
    87.5-180.0 180.0   5.0 450.0                            LAT/LON1/LON2/DLON/H
  129  125  120  113  116  111  114  111  116  112  115  110  115  110  113  108
  113  108  111  106  110  105  108  103  107  102  106  101  105  100  103   99
  103   98  102   98  103   99  103   99  104  100  105  100  106  101  105  101
  106  101  105  101  106  102  106  102  108  104  108  104  109  105  109  105
  111  107  112  108  116  110  117  134  129                                   
    85.0-180.0 180.0   5.0 450.0                            LAT/LON1/LON2/DLON/H
  124  136  121  125  125  122  123  121  123  121  121  120  120  118  118  116
  116  114  114  112  111  109  108  106  106  104  103  102  101  101  100  100
  100  100  100  100  101  101  102  102  103  103  104  103  104  103  103  103
  103  103  102  102  103  102  103  102  105  104  106  106  108  108  109  110
  113  113  115  116  118  113  124  127  124                                   
    82.5-180.0 180.0   5.0 450.0                            LAT/LON1/LON2/DLON/H
  127  129  127  129  127  125  127  127  129  127  127  126  126  123  123  120
  120  116  116  112  113  108  108  103  104   98   99   95   97   93   96   93
   96   94   98   97  101  100  103  101  104  102  105  101  104  100  102   99
  101   97   99   96  100   97  100   98  102  101  104  103  107  106  109  108
  113  112  117  116  121  116  127  125  127                                   
    80.0-180.0 180.0   5.0 450.0                            LAT/LON1/LON2/DLON/H
  130  129  129  129  133  128  133  130  133  129  130  127  128  124  124  121
  121  116  115  111  110  104  103   98   97   91   90   86   86   83   85   83
   86   85   90   89   94   93   98   97  101   98  101   97   99   96   97   94
   95   92   94   91   95   92   96   94   99   97  102  101  106  105  110  109
  115  113  119  118  122  117  123  123  130                                   
    77.5-180.0 180.0   5.0 450.0                            LAT/LON1/LON2/DLON/H
  131  132  130  135  131  133  131  134  131  132  129  130  127  127  123  123
  119  118  113  112  106  105   98   97   90   88   82   82   77   78   75   79
   77   82   82   88   89   94   94   98   97   99   97   98   95   96   92   93
   89   91   88   90   88   91   90   94   94   98   99  103  104  107  108  112
  112  116  117  120  119  119  124  123  131                                   
    75.0-180.0 180.0   5.0 450.0                            LAT/LON1/LON2/DLON/H
  129  126  128  130  132  129  132  130  131  128  130  126  127  123  123  119
  118  115  114  110  107  103   99   93   89   83   79   74   72   69   69   69
   71   72   77   79   84   86   90   91   94   93   94   92   92   89   89   86
   86   85   86   85   87   88   90   91   95   95   98  100  103  103  106  107
  110  111  115  116  118  117  125  123  129                                   
    72.5-180.0 180.0   5.0 450.0                            LAT/LON1/LON2/DLON/H
  126  127  128  130  127  128  127  127  126  126  124  123  120  119  115  114
  111  111  108  107  103  101   95   91   84   80   74   70   65   64   61   63
   63   67   69   74   76   81   83   87   87   89   87   88   85   85   83   83
   81   82   81   83   83   86   87   90   92   95   96   98   99  101  103  104
  106  108  111  113  115  115  124  123  126                                   
    70.0-180.0 180.0   5.0 450.0                            LAT/LON1/LON2/DLON/H
  123  123  124  129  129  128  129  128  128  126  124  122  119  116  113  111
  109  108  107  105  103   99   96   90   85   78   74   68   64   61   60   59
   59   61   64   67   70   73   76   79   80   80   81   80   81   80   80   80
   81   81   83   85   87   89   91   94   96   98   99  101  101  102  103  104
  106  107  111  113  115  116  125  123  123                                   
    67.5-180.0 180.0   5.0 450.0                            LAT/LON1/LON2/DLON/H
  123  124  127  129  125  126  126  127  124  124  120  119  113  112  107  106
  103  104  101  103   98   97   91   88   81   77   70   67   61   60   57   56
   54   55   55   59   59   63   65   69   69   72   71   74   73   75   75   78
   78   81   81   85   86   89   91   94   96   98   98  100  100  101  101  102
  103  106  108  112  114  115  124  123  123                                   
    65.0-180.0 180.0   5.0 450.0                            LAT/LON1/LON2/DLON/H
  124  124  125  129  128  127  128  127  127  125  122  119  114  110  104  102
  100   99   98   97   95   91   88   83   80   73   71   66   64   60   59   56
   53   52   51   51   51   53   55   57   59   61   63   65   68   70   74   76
   80   82   85   88   91   94   96   99  102  103  104  104  105  103  104  103
  106  106  110  112  115  116  125  124  124                                   
    62.5-180.0 180.0   5.0 450.0                            LAT/LON1/LON2/DLON/H
  126  126  126  127  123  124  122  124  122  123  118  118  112  110  103  101
   96   97   92   93   87   86   79   78   72   70   65   65   61   60   56   54
   48   46   41   41   39   42   42   46   48   52   54   59   62   67   70   75
   79   82   85   88   92   95   97  100  103  105  104  105  105  104  102  103
  103  106  108  112  114  116  125  124  126                                   
    60.0-180.0 180.0   5.0 450.0                            LAT/LON1/LON2/DLON/H
  128  125  123  127  124  124  124  125  124  124  121  118  114  109  104   99
   97   93   90   87   84   78   74   69   67   63   64   62   63   60   59   53
   49   43   39   35   34   34   35   39   41   45   49   53   59   64   70   76
   81   85   88   92   95   98  101  104  108  109  110  109  111  107  108  106
  108  108  112  113  116  116  126  124  128                                   
    57.5-180.0 180.0   5.0 450.0                            LAT/LON1/LON2/DLON/H
  133  128  125  125  121  121  120  122  121  122  118  119  113  112  103  102
   95   93   87   85   77   73   65   63   59   59   58   61   60   61   57   54
   47   42   35   33   30   31   31   35   38   42   45   51   56   64   70   77
   82   86   90   93   97  100  104  107  111  113  113  113  111  111  108  109
  107  110  111  115  116  118  126  121  133                                   
    55.0-180.0 180.0   5.0 450.0                            LAT/LON1/LON2/DLON/H
  135  130  126  129  126  124  124  124  123  124  122  121  118  114  110  104
  100   94   90   83   78   69   63   58   57   55   57   57   61   59   59   52
   49   42   37   33   32   33   34   37   40   44   48   53   58   66   72   81
   85   91   94   98  101  105  109  112  117  117  118  117  118  115  115  113
  114  114  117  118  121  120  129  123  135                                   
    52.5-180.0 180.0   5.0 450.0                            LAT/LON1/LON2/DLON/H
  139  135  132  131  127  127  126  126  124  125  123  123  120  118  112  108
  102   99   92   87   78   72   62   59   54   56   55   59   59   61   58   55
   49   45   40   40   38   41   41   45   47   50   52   57   62   69   76   84
   91   97  100  104  108  112  116  120  123  124  122  121  120  119  116  116
  115  117  117  121  121  124  130  124  139                                   
    50.0-180.0 180.0   5.0 450.0                            LAT/LON1/LON2/DLON/H
  142  137  136  139  137  134  134  133  131  130  127  127  124  120  117  112
  108  103  100   92   86   76   71   63   62   59   61   60   63   60   60   54
   52   48   47   46   48   50   52   55   57   59   60   64   68   75   81   91
   97  104  107  113  116  122  126  129  131  131  129  126  126  123  123  122
  123  123  125  126  128  127  135  127  142                                   
    47.5-180.0 180.0   5.0 450.0                            LAT/LON1/LON2/DLON/H
  143  144  143  146  142  142  141  139  136  135  133  132  129  126  121  118
  114  112  108  104   95   88   79   74   69   69   66   68   66   66   62   60
   56   57   55   59   59   63   65   68   68   69   69   70   74   80   87   97
  106  114  118  124  128  135  138  142  142  140  136  132  129  127  126  126
  125  127  127  130  131  132  137  130  143                                   
    45.0-180.0 180.0   5.0 450.0                            LAT/LON1/LON2/DLON/H
  147  147  151  156  155  153  153  150  147  145  142  139  135  130  126  122
  121  118  118  112  107   98   94   86   85   81   80   75   74   69   68   64
   63   63   66   68   72   74   76   78   78   78   77   77   79   85   92  103
  113  122  128  135  141  146  151  152  152  147  142  136  134  131  131  131
  133  133  136  136  138  137  143  136  147                                   
    42.5-180.0 180.0   5.0 450.0                            LAT/LON1/LON2/DLON/H
  151  154  158  163  160  163  161  159  154  153  150  148  143  139  133  131
  128  129  127  125  117  112  104  101   96   95   89   87   81   78   73   72
   70   73   74   79   80   84   85   86   86   85   84   83   83   88   96  108
  119  130  136  145  150  158  162  164  162  156  150  143  141  137  136  136
  137  138  140  141  141  141  147  142  151                                   
    40.0-180.0 180.0   5.0 450.0                            LAT/LON1/LON2/DLON/H
  160  160  165  171  168  170  170  169  165  162  160  155  152  144  139  133
  134  132  134  130  126  118  115  110  110  105  103   96   92   85   83   79
   81   81   85   87   90   90   92   91   92   91   89   87   87   90   98  111
  124  135  144  152  161  167  172  172  171  163  157  150  148  145  144  144
  146  146  149  149  149  148  155  149  160                                   
    37.5-180.0 180.0   5.0 450.0                            LAT/LON1/LON2/DLON/H
  169  168  172  172  170  172  172  172  169  168  167  165  161  156  149  145
  142  142  141  137  131  125  120  119  116  116  110  106   99   95   90   89
   89   91   94   96   98   97   97   97   99   97   96   91   90   93  101  115
  127  140  149  159  167  175  179  180  179  173  167  160  158  154  154  153
  154  154  157  157  156  156  160  157  169                                   
    35.0-180.0 180.0   5.0 450.0                            LAT/LON1/LON2/DLON/H
  183  181  182  180  176  176  176  177  176  176  176  174  172  164  158  150
  148  144  142  135  130  122  121  119  121  119  117  112  107  102   99   97
   98   98  100  100  101   99   99   99  102  102   99   95   91   93  100  114
  128  141  152  161  171  178  184  186  187  182  178  172  170  167  166  164
  165  166  170  171  170  170  174  170  183                                   
    32.5-180.0 180.0   5.0 450.0                            LAT/LON1/LON2/DLON/H
  203  197  195  190  184  181  181  179  180  181  184  185  182  178  169  163
  156  152  146  138  129  124  120  121  122  122  120  116  111  108  105  104
  105  106  108  108  106  104  103  103  106  106  104   97   92   92   99  111
  125  140  150  162  170  181  187  193  194  194  189  187  185  182  180  178
  179  180  185  185  184  187  188  185  203                                   
    30.0-180.0 180.0   5.0 450.0                            LAT/LON1/LON2/DLON/H
  229  218  217  208  202  195  192  191  189  190  192  194  193  187  179  170
  163  153  145  134  124  117  117  118  121  121  121  118  115  111  110  108
  108  108  109  106  104  100  101  102  106  107  105   97   90   88   95  106
  120  134  146  156  168  178  190  198  203  204  203  201  201  199  197  194
  196  198  204  205  205  206  212  208  229                                   
    27.5-180.0 180.0   5.0 450.0                            LAT/LON1/LON2/DLON/H
  258  248  243  234  226  218  211  207  204  202  203  204  203  199  190  180
  170  159  148  136  124  119  117  120  121  123  121  119  115  113  110  108
  106  106  105  104  100  100   98  102  104  107  103   95   86   84   88   99
  112  126  137  150  162  176  189  203  210  216  216  219  219  217  215  213
  215  216  224  223  226  229  233  229  258                                   
    25.0-180.0 180.0   5.0 450.0                            LAT/LON1/LON2/DLON/H
  289  278  280  269  260  246  237  231  223  220  216  216  213  208  200  189
  177  164  150  137  125  121  120  124  125  125  123  119  116  112  110  106
  104  101  100   96   94   92   94   95  101   99   98   87   80   75   81   90
  105  119  132  146  161  176  195  210  223  230  234  236  239  236  235  231
  232  236  243  245  247  252  260  260  289                                   
    22.5-180.0 180.0   5.0 450.0                            LAT/LON1/LON2/DLON/H
  322  312  315  311  301  289  275  264  252  244  236  233  226  220  211  199
  185  169  155  141  131  128  128  131  130  129  123  120  114  111  106  100
   96   93   89   89   85   88   85   91   91   94   88   82   71   69   72   84
   97  112  126  142  160  180  198  217  234  245  250  254  255  256  256  255
  256  258  266  268  275  277  280  285  322                                   
    20.0-180.0 180.0   5.0 450.0                            LAT/LON1/LON2/DLON/H
  353  356  363  361  355  339  320  305  286  274  259  253  242  234  223  210
  195  177  162  150  140  138  137  141  137  133  127  120  116  109  105   97
   93   87   85   81   81   80   81   80   86   82   82   72   66   62   67   77
   92  108  124  145  165  188  210  229  250  261  268  271  275  276  280  280
  280  284  288  292  297  302  305  312  353                                   
    17.5-180.0 180.0   5.0 450.0                            LAT/LON1/LON2/DLON/H
  374  383  395  403  401  390  370  351  329  311  291  279  263  254  237  223
  204  184  169  156  148  145  145  145  139  134  124  119  112  108  100   92
   85   81   76   78   73   76   72   75   73   74   69   64   57   56   60   71
   86  102  122  144  168  194  219  244  265  280  286  291  294  299  306  310
  313  315  318  321  326  329  324  333  374                                   
    15.0-180.0 180.0   5.0 450.0                            LAT/LON1/LON2/DLON/H
  394  408  421  431  437  429  412  395  371  350  327  307  285  271  253  237
  217  197  179  167  158  156  152  151  142  134  125  117  113  106  101   93
   88   81   78   74   72   70   69   66   68   65   65   59   57   54   59   68
   83  101  124  150  176  203  229  258  281  296  304  310  315  324  331  336
  338  343  344  346  349  353  351  362  394                                   
    12.5-180.0 180.0   5.0 450.0                            LAT/LON1/LON2/DLON/H
  398  409  425  438  447  446  436  423  404  384  358  336  310  293  269  253
  229  210  190  175  164  160  155  148  138  129  119  116  109  106   99   94
   88   83   77   73   68   65   62   60   59   58   56   53   52   51   54   63
   79   97  124  152  179  208  236  267  293  311  322  329  337  344  354  362
  367  376  375  378  377  383  378  387  398                                   
    10.0-180.0 180.0   5.0 450.0                            LAT/LON1/LON2/DLON/H
  413  421  430  441  453  451  443  434  421  407  386  362  336  310  284  264
  241  223  201  187  173  165  155  148  135  125  117  113  110  107  104  100
   95   90   81   76   68   65   59   57   57   56   57   54   53   49   52   59
   75   95  123  152  180  209  238  269  297  324  336  347  355  366  378  390
  399  406  407  407  406  408  409  415  413                                   
     7.5-180.0 180.0   5.0 450.0                            LAT/LON1/LON2/DLON/H
  416  421  429  436  448  446  441  432  424  413  398  378  349  325  295  276
  251  234  212  197  179  166  152  140  127  118  110  110  106  107  105  104
