data/unet/pred2700.15i
     1.0            IONOSPHERE MAPS     GNSS                IONEX VERSION / TYPE
pyspatialgeodesy        IME             05-JAN-18 20:20     PGM / RUN BY / DATE 
Map Name                                                    COMMENT             
Predicted global ionosphere maps (GIM).                     DESCRIPTION         
  2015     9    27     0     0     0                        EPOCH OF FIRST MAP  
  2015     9    28     0     0     0                        EPOCH OF LAST MAP   
  7200                                                      INTERVAL            
    13                                                      # OF MAPS IN FILE   
  NONE                                                      MAPPING FUNCTION    
10.0                                                        ELEVATION CUTOFF    
One-way carrier phase leveled to code                       OBSERVABLES USED    
  6371.0                                                    BASE RADIUS         
 2                                                          MAP DIMENSION       
   450.0 450.0   0.0                                        HGT1 / HGT2 / DHGT  
    87.5 -87.5  -2.5                                        LAT1 / LAT2 / DLAT  
  -180.0 180.0   5.0                                        LON1 / LON2 / DLON  
    -1                                                      EXPONENT            
                                                            END OF HEADER       
[from data line 429]
     2                                                      START OF TEC MAP    
  2015     9    27     2     0     0                        EPOCH OF CURRENT MAP
    87.5-180.0 180.0   5.0 450.0                            LAT/LON1/LON2/DLON/H
  105   94   91   80   83   74   79   74   80   74   79   73   79   74   79   74
   79   74   79   74   78   73   77   72   76   71   75   69   73   69   73   68
   73   69   75   71   77   73   79   76   83   80   87   84   91   89   95   92
   98   96  101   98  103  100  104  101  105  101  105  101  105  100  103   98
  102   97  101   95  101   94  100  117  105                                   
    85.0-180.0 180.0   5.0 450.0                            LAT/LON1/LON2/DLON/H
   95  106   87   90   85   82   82   82   82   82   82   82   82   83   82   83
   81   82   80   81   77   79   75   76   72   74   70   71   68   69   67   69
   67   69   69   71   71   73   74   77   79   82   84   87   90   92   95   97
  100  102  104  105  107  108  108  109  109  110  109  109  109  108  106  105
  105  104  103  101  101   95  103  109   95                                   
    82.5-180.0 180.0   5.0 450.0                            LAT/LON1/LON2/DLON/H
   98   98   97   94   90   85   88   87   91   88   92   89   93   89   93   88
   92   85   89   82   84   77   80   72   75   66   70   62   66   59   64   58
   64   59   65   62   68   66   72   72   78   79   86   87   94   95  101  102
  108  108  113  113  117  117  120  119  122  120  121  118  121  117  118  113
  116  111  114  110  113  103  116  113   98                                   
    80.0-180.0 180.0   5.0 450.0                            LAT/LON1/LON2/DLON/H
  105  104  102  100   99   94   98   96   99   98  101  100  102  101  102  100
   99   95   94   90   88   82   81   75   73   67   66   61   60   56   57   55
   56   56   58   59   62   64   68   70   75   77   83   86   92   95  101  103
  110  111  119  118  125  123  128  126  131  128  131  127  131  126  128  123
  125  121  124  120  120  110  116  115  105                                   
    77.5-180.0 180.0   5.0 450.0                            LAT/LON1/LON2/DLON/H
  112  114  111  113  104  106  104  109  106  111  110  115  112  115  112  113
  107  107  102  100   93   91   86   83   77   75   69   67   62   62   59   59
   57   59   58   61   61   64   65   69   70   75   78   83   86   92   96  102
  107  112  117  121  125  127  131  132  135  134  135  134  135  134  133  132
  132  131  131  131  129  125  129  123  112                                   
    75.0-180.0 180.0   5.0 450.0                            LAT/LON1/LON2/DLON/H
  122  122  121  123  116  114  116  116  118  119  122  122  123  121  120  116
  113  108  105  100   96   92   89   85   81   77   75   71   68   65   64   62
   61   60   61   61   61   61   62   64   65   67   71   74   79   83   89   93
   99  103  111  114  120  123  127  130  134  134  135  135  137  135  136  134
  137  135  138  138  138  135  139  134  122                                   
    72.5-180.0 180.0   5.0 450.0                            LAT/LON1/LON2/DLON/H
  135  134  134  130  119  118  117  119  118  122  121  124  120  120  115  113
  105  103   97   96   89   88   84   83   78   77   73   72   68   68   65   65
   62   63   60   60   57   57   55   56   55   58   59   63   66   71   76   81
   87   93   99  105  111  117  123  127  132  134  135  136  137  136  136  136
  138  139  142  143  145  147  152  147  135                                   
    70.0-180.0 180.0   5.0 450.0                            LAT/LON1/LON2/DLON/H
  145  144  144  141  131  129  126  127  127  128  129  127  124  120  113  108
  100   96   91   88   84   83   80   79   76   75   73   71   71   69   69   67
   67   65   63   60   58   54   52   50   49   49   51   53   57   62   67   72
   79   85   92   99  106  113  120  126  132  135  137  138  140  139  140  140
  143  143  149  151  155  156  163  160  145                                   
    67.5-180.0 180.0   5.0 450.0                            LAT/LON1/LON2/DLON/H
  157  156  155  147  135  132  127  129  126  130  126  127  119  116  105  100
   89   87   80   80   74   76   72   73   68   70   66   68   65   68   65   68
   64   66   60   59   52   50   44   42   38   39   39   43   45   51   55   62
   68   76   83   92   99  108  117  124  131  135  137  140  142  141  141  141
  143  145  150  155  160  164  170  170  157                                   
    65.0-180.0 180.0   5.0 450.0                            LAT/LON1/LON2/DLON/H
  165  161  159  154  143  138  134  135  134  135  133  131  123  116  104   96
   88   83   79   77   75   74   72   70   68   65   65   63   65   64   65   64
   64   62   59   55   50   46   41   37   35   35   35   38   41   46   51   57
   64   72   79   88   97  107  116  125  133  138  140  143  146  144  145  144
  146  147  153  157  163  167  175  178  165                                   
    62.5-180.0 180.0   5.0 450.0                            LAT/LON1/LON2/DLON/H
  173  169  165  155  143  138  133  134  133  135  131  129  120  113  100   94
   83   81   75   77   72   73   67   67   61   60   56   57   55   58   56   58
   56   57   52   50   44   42   36   34   31   32   32   36   38   43   46   54
   60   69   76   87   96  108  118  128  137  142  144  146  150  148  148  146
  148  148  152  156  161  168  176  179  173                                   
    60.0-180.0 180.0   5.0 450.0                            LAT/LON1/LON2/DLON/H
  174  167  163  157  145  138  134  135  136  137  134  131  124  115  106   98
   93   88   87   84   83   78   74   68   65   58   56   53   55   53   54   54
   54   52   50   47   44   41   37   36   35   36   37   40   42   47   50   57
   63   71   78   87   97  108  119  130  141  146  150  152  156  155  155  153
  154  152  155  157  161  165  175  180  174                                   
    57.5-180.0 180.0   5.0 450.0                            LAT/LON1/LON2/DLON/H
  179  173  168  157  145  137  134  133  135  135  133  130  123  117  108  104
   98   96   92   92   86   83   74   70   62   58   52   51   49   50   48   50
   47   49   45   46   42   43   40   42   41   43   44   47   49   52   55   62
   67   75   82   93  103  115  126  137  149  156  159  163  166  165  166  163
  163  160  160  160  162  166  174  176  179                                   
    55.0-180.0 180.0   5.0 450.0                            LAT/LON1/LON2/DLON/H
  183  175  170  162  149  141  137  135  136  136  133  130  126  120  115  111
  110  107  106  101   97   89   82   73   68   60   58   54   54   52   53   52
   53   51   51   51   50   50   50   52   53   55   56   59   59   62   64   70
   76   83   91  101  110  123  134  147  157  164  167  170  173  174  176  175
  174  171  170  168  168  169  178  181  183                                   
    52.5-180.0 180.0   5.0 450.0                            LAT/LON1/LON2/DLON/H
  190  187  181  170  156  148  144  140  139  136  133  129  124  122  117  117
  115  114  109  106   99   92   84   77   71   67   62   61   59   59   57   58
   56   58   56   60   59   63   62   66   66   68   68   69   69   71   73   79
   85   95  102  114  122  135  146  158  167  174  175  179  180  183  186  187
  188  185  183  180  178  180  185  183  190                                   
    50.0-180.0 180.0   5.0 450.0                            LAT/LON1/LON2/DLON/H
  201  196  192  185  172  163  156  151  146  141  135  129  126  122  122  121
  120  116  113  107  102   93   88   81   79   75   74   71   72   69   69   67
   68   67   69   71   74   75   77   79   79   81   80   81   80   81   83   90
   98  108  118  127  137  148  158  169  178  181  183  184  188  190  195  198
  200  199  199  195  194  192  197  196  201                                   
    47.5-180.0 180.0   5.0 450.0                            LAT/LON1/LON2/DLON/H
  211  211  206  198  187  180  173  165  158  149  140  133  128  126  123  122
  119  115  110  105  100   95   91   89   88   87   85   84   82   81   78   78
   77   79   80   84   86   90   89   92   90   91   90   89   88   90   92  101
  109  123  133  145  152  165  172  184  188  193  191  193  194  199  202  207
  210  210  211  208  207  207  207  204  211                                   
    45.0-180.0 180.0   5.0 450.0                            LAT/LON1/LON2/DLON/H
  224  221  220  212  204  199  193  185  174  161  149  139  134  129  127  122
  118  112  107  102   99   97   97   96   98   97   97   95   93   89   88   85
   86   86   91   94   98   99  100  100   99   99   98   98   98   99  104  113
  124  137  151  160  171  179  188  195  201  200  200  198  202  202  209  212
  217  218  220  219  220  217  222  218  224                                   
    42.5-180.0 180.0   5.0 450.0                            LAT/LON1/LON2/DLON/H
  229  232  227  223  216  214  209  204  193  178  163  151  144  138  132  126
  118  111  105  103  103  104  105  106  107  107  105  102   98   94   90   89
   89   92   96  101  104  106  105  105  103  104  105  106  106  109  113  124
  136  152  165  179  186  197  203  210  213  213  210  209  208  210  213  216
  219  222  225  225  227  228  230  227  229                                   
    40.0-180.0 180.0   5.0 450.0                            LAT/LON1/LON2/DLON/H
  239  238  236  231  227  225  223  217  208  195  178  166  157  150  140  131
  120  112  108  109  111  115  115  116  115  113  109  104   99   94   90   87
   89   91   97  102  107  108  108  106  107  108  111  113  116  119  123  133
  147  162  179  189  200  207  215  219  224  221  219  216  219  217  221  220
  223  224  228  230  233  232  240  237  239                                   
    37.5-180.0 180.0   5.0 450.0                            LAT/LON1/LON2/DLON/H
  246  247  241  239  234  234  231  230  220  211  196  183  173  163  153  140
  129  120  120  121  126  128  128  125  121  115  108  102   95   89   86   83
   86   88   96  100  106  108  108  107  108  111  115  120  123  126  130  140
  152  168  185  198  207  216  223  229  233  232  231  230  231  230  229  227
  227  227  231  233  237  240  245  246  246                                   
    35.0-180.0 180.0   5.0 450.0                            LAT/LON1/LON2/DLON/H
  258  254  250  245  243  241  240  238  231  222  210  199  186  177  163  151
  139  134  134  139  141  142  137  131  123  115  106   98   91   86   82   81
   84   88   93   99  103  106  107  106  109  112  119  124  129  131  133  141
  153  168  185  197  209  217  227  233  240  240  240  241  244  245  246  240
  239  236  240  242  246  247  255  257  258                                   
    32.5-180.0 180.0   5.0 450.0                            LAT/LON1/LON2/DLON/H
  278  274  264  259  253  251  245  247  238  234  221  212  200  188  174  161
  152  148  151  154  156  151  143  133  121  112  102   95   89   84   84   83
   88   90   98  101  106  107  108  108  112  116  122  129  131  132  132  137
  147  162  177  190  203  214  226  234  243  248  253  258  264  266  265  260
  257  253  255  257  259  262  268  273  278                                   
    30.0-180.0 180.0   5.0 450.0                            LAT/LON1/LON2/DLON/H
  309  303  292  280  268  261  255  252  246  241  230  221  209  197  180  169
  159  157  159  163  160  153  142  129  119  111  104  100   94   93   92   94
   97  102  106  110  109  109  110  109  113  114  122  125  129  126  124  125
  134  146  163  177  191  204  219  231  243  249  258  266  278  289  293  289
  286  283  287  288  288  292  294  300  309                                   
    27.5-180.0 180.0   5.0 450.0                            LAT/LON1/LON2/DLON/H
  352  350  332  314  297  282  272  267  258  252  238  229  215  202  183  171
  163  161  162  161  156  145  133  122  115  111  111  109  108  108  109  113
  117  121  125  124  120  116  114  114  115  116  119  120  119  115  110  112
  118  131  146  163  179  194  211  224  238  250  264  277  294  310  321  323
  326  327  332  329  327  334  331  331  352                                   
    25.0-180.0 180.0   5.0 450.0                            LAT/LON1/LON2/DLON/H
  404  408  390  362  338  318  298  285  273  263  248  237  220  205  185  171
  162  158  156  152  143  133  123  118  118  121  124  128  126  130  132  139
  142  147  146  140  133  122  118  111  113  109  112  110  110  104  101  100
  109  122  142  161  179  196  213  228  242  252  269  285  307  325  341  349
  358  364  372  370  367  381  383  380  404                                   
    22.5-180.0 180.0   5.0 450.0                            LAT/LON1/LON2/DLON/H
  450  456  439  416  394  366  341  319  302  284  267  247  229  208  185  170
  158  150  143  134  124  116  113  117  127  136  145  150  149  155  156  164
  163  166  161  152  139  128  118  113  108  105  103   99   97   91   89   89
  101  114  137  157  178  198  219  237  253  268  284  303  325  345  363  380
  394  408  418  417  416  431  434  428  450                                   
    20.0-180.0 180.0   5.0 450.0                            LAT/LON1/LON2/DLON/H
  505  511  493  475  456  432  397  367  342  318  291  267  244  221  196  177
  161  147  134  122  112  109  115  128  145  160  168  174  172  178  177  184
  181  182  174  161  147  133  124  115  109  100   97   90   90   83   85   85
  100  116  141  163  186  210  232  255  278  293  308  326  348  366  386  408
  428  445  458  463  463  477  484  481  505                                   
    17.5-180.0 180.0   5.0 450.0                            LAT/LON1/LON2/DLON/H
  534  538  525  514  505  480  453  421  394  363  335  300  271  241  218  193
  174  152  135  119  114  116  131  150  174  188  194  195  193  195  193  196
  189  186  175  162  146  133  123  114  106   95   90   82   80   75   78   81
   98  118  145  170  197  224  251  281  305  326  340  355  372  388  410  432
  458  480  495  499  502  511  521  517  534                                   
    15.0-180.0 180.0   5.0 450.0                            LAT/LON1/LON2/DLON/H
  557  560  555  550  546  527  501  475  447  417  384  350  311  278  249  221
  198  173  153  138  136  144  164  186  205  213  211  209  200  202  198  199
  191  187  176  165  150  138  126  118  107   96   90   80   79   71   74   76
   98  118  149  178  206  236  267  300  333  354  368  381  394  410  429  454
  480  504  520  528  531  542  552  552  557                                   
    12.5-180.0 180.0   5.0 450.0                            LAT/LON1/LON2/DLON/H
  561  569  569  567  569  550  532  508  487  461  431  397  362  326  295  267
  237  213  191  178  180  192  214  232  245  242  231  220  208  203  200  196
  190  182  175  163  150  137  127  117  105   93   86   76   72   66   69   75
   96  121  154  186  215  247  277  316  350  373  387  401  416  427  446  466
  494  518  536  544  548  557  566  565  561                                   
    10.0-180.0 180.0   5.0 450.0                            LAT/LON1/LON2/DLON/H
  560  568  578  581  585  574  560  541  523  500  478  446  415  380  348  318
  288  263  243  232  237  250  269  276  278  256  234  219  205  200  196  190
  183  177  170  162  148  138  128  121  108   98   90   81   77   66   69   71
   97  123  159  190  219  248  282  319  356  375  395  411  430  442  455  475
  498  520  537  547  554  565  575  581  560                                   
     7.5-180.0 180.0   5.0 450.0                            LAT/LON1/LON2/DLON/H
  555  565  583  588  596  586  578  561  546  526  504  479  451  424  394  370
  342  322  304  299  301  311  317  310  294  264  235  216  204  200  198  189
