data/unet/pred1600.15i
     1.0            IONOSPHERE MAPS     GNSS                IONEX VERSION / TYPE
pyspatialgeodesy        IME             05-JAN-18 20:20     PGM / RUN BY / DATE 
Map Name                                                    COMMENT             
Predicted global ionosphere maps (GIM).                     DESCRIPTION         
  2015     6     9     0     0     0                        EPOCH OF FIRST MAP  
  2015     6    10     0     0     0                        EPOCH OF LAST MAP   
  7200                                                      INTERVAL            
    13                                                      # OF MAPS IN FILE   
  NONE                                                      MAPPING FUNCTION    
10.0                                                        ELEVATION CUTOFF    
One-way carrier phase leveled to code                       OBSERVABLES USED    
  6371.0                                                    BASE RADIUS         
 2                                                          MAP DIMENSION       
   450.0 450.0   0.0                                        HGT1 / HGT2 / DHGT  
    87.5 -87.5  -2.5                                        LAT1 / LAT2 / DLAT  
  -180.0 180.0   5.0                                        LON1 / LON2 / DLON  
    -1                                                      EXPONENT            
                                                            END OF HEADER       
[from data line 3432]
     9                                                      START OF TEC MAP    
  2015     6     9    16     0     0                        EPOCH OF CURRENT MAP
    87.5-180.0 180.0   5.0 450.0                            LAT/LON1/LON2/DLON/H
  174  174  172  172  172  169  170  169  170  168  170  168  169  167  168  165
  166  163  164  161  161  158  160  157  158  155  158  155  158  154  158  154
  157  154  157  154  157  154  157  155  157  155  158  156  158  156  158  156
  159  156  159  157  159  157  159  157  160  158  160  159  161  160  163  162
  164  164  166  167  168  166  170  181  174                                   
    85.0-180.0 180.0   5.0 450.0                            LAT/LON1/LON2/DLON/H
  155  164  165  167  168  166  169  169  170  169  170  170  169  168  168  167
  166  165  163  163  160  160  159  159  156  157  156  156  155  153  154  152
  152  150  152  149  151  148  151  148  150  148  151  149  152  150  152  151
  153  152  154  154  155  154  155  155  155  155  157  156  157  157  159  157
  159  158  162  159  162  159  158  161  155                                   
    82.5-180.0 180.0   5.0 450.0                            LAT/LON1/LON2/DLON/H
  160  160  167  167  168  168  170  171  172  172  174  174  175  173  175  173
  173  170  171  169  167  166  166  164  162  160  161  158  158  155  156  153
  153  151  152  150  151  149  150  149  149  149  151  150  152  152  155  153
  156  155  158  157  159  157  160  158  160  157  160  158  159  157  159  157
  158  156  158  155  156  153  161  147  160                                   
    80.0-180.0 180.0   5.0 450.0                            LAT/LON1/LON2/DLON/H
  153  158  161  167  167  170  169  173  172  174  174  175  175  176  176  176
  175  175  174  174  173  171  171  170  169  167  167  165  165  162  163  160
  160  157  158  156  156  154  154  153  152  152  153  153  154  155  156  157
  158  159  161  162  163  162  164  164  164  162  164  162  162  161  160  159
  158  158  156  154  152  149  155  142  153                                   
    77.5-180.0 180.0   5.0 450.0                            LAT/LON1/LON2/DLON/H
  147  151  158  160  164  165  169  170  173  172  174  175  177  176  177  178
  178  178  178  178  178  177  177  176  176  173  173  171  170  167  167  165
  165  161  162  160  160  156  157  155  155  153  154  154  157  156  159  160
  162  162  165  166  168  168  169  169  169  167  168  165  165  161  161  158
  158  155  155  149  149  142  147  134  147                                   
    75.0-180.0 180.0   5.0 450.0                            LAT/LON1/LON2/DLON/H
  138  145  155  161  165  167  171  171  174  173  175  175  177  176  178  177
  179  179  180  180  180  181  180  180  178  177  176  174  173  171  170  169
  167  165  164  163  161  159  157  156  154  153  152  153  152  154  154  156
  157  159  160  163  163  165  165  166  165  165  164  163  162  160  159  156
  155  154  153  149  148  145  150  133  138                                   
    72.5-180.0 180.0   5.0 450.0                            LAT/LON1/LON2/DLON/H
  138  145  156  160  164  164  169  170  172  171  172  172  173  173  174  176
  177  179  180  182  182  182  182  182  180  178  176  174  172  171  170  168
  167  165  164  162  160  158  156  154  151  151  148  150  148  151  150  153
  153  156  156  160  159  161  160  162  160  161  160  159  157  157  156  154
  152  152  152  149  149  143  146  132  138                                   
    70.0-180.0 180.0   5.0 450.0                            LAT/LON1/LON2/DLON/H
  140  148  158  165  170  171  174  172  174  170  172  171  174  170  175  173
  179  178  183  184  187  187  188  187  186  183  182  180  177  176  173  173
  170  169  166  165  161  159  155  154  150  149  146  148  146  148  148  151
  150  152  152  154  154  155  155  156  155  155  154  154  154  154  154  154
  154  155  155  153  152  151  155  137  140                                   
    67.5-180.0 180.0   5.0 450.0                            LAT/LON1/LON2/DLON/H
  149  156  165  170  173  171  174  172  172  168  169  167  170  166  172  172
  177  177  183  185  188  188  189  188  186  183  181  179  176  174  172  171
  169  169  166  165  160  158  154  153  149  148  146  148  146  148  148  151
  150  151  150  152  151  151  150  151  149  150  148  150  149  151  152  153
  153  155  157  156  159  153  157  140  149                                   
    65.0-180.0 180.0   5.0 450.0                            LAT/LON1/LON2/DLON/H
  153  161  171  177  180  179  181  177  176  170  170  168  171  167  173  172
  180  179  186  186  193  193  195  192  191  188  186  182  180  179  176  176
  173  173  169  167  162  159  155  154  150  150  149  150  149  150  151  151
  150  150  149  149  147  148  145  146  144  145  144  146  146  150  150  153
  155  158  160  161  163  163  167  150  153                                   
    62.5-180.0 180.0   5.0 450.0                            LAT/LON1/LON2/DLON/H
  162  169  179  183  185  180  183  179  177  170  170  168  172  167  175  173
  181  178  187  185  193  190  194  190  190  185  184  182  180  180  179  179
  177  176  173  171  165  162  158  157  154  154  154  156  154  156  155  156
  154  153  151  151  148  147  144  144  141  143  141  145  144  148  149  152
  153  157  159  162  167  163  168  153  162                                   
    60.0-180.0 180.0   5.0 450.0                            LAT/LON1/LON2/DLON/H
  160  169  179  185  189  186  187  183  181  175  173  171  172  170  175  175
  181  180  185  184  192  191  195  193  194  190  190  187  188  187  188  187
  185  183  179  175  171  167  165  163  162  161  163  163  165  163  164  161
  160  156  156  152  151  148  145  145  142  142  141  144  143  147  146  150
  150  156  157  161  164  165  171  157  160                                   
    57.5-180.0 180.0   5.0 450.0                            LAT/LON1/LON2/DLON/H
  159  168  180  186  191  185  188  182  181  173  174  172  175  172  178  178
  183  181  185  183  189  186  193  189  194  189  191  190  191  192  193  195
  193  191  188  184  178  176  173  173  171  173  173  175  174  173  173  171
  168  165  162  161  157  155  152  151  147  147  145  146  144  146  144  146
  146  148  150  153  158  155  162  152  159                                   
    55.0-180.0 180.0   5.0 450.0                            LAT/LON1/LON2/DLON/H
  148  159  172  181  189  189  190  186  184  180  177  177  178  176  179  182
  183  184  184  184  187  186  190  190  196  196  197  197  200  201  203  204
  203  201  197  193  189  186  185  184  185  187  188  189  188  187  185  181
  178  175  172  169  167  164  162  159  156  155  151  152  147  148  143  144
  139  143  141  145  145  149  156  147  148                                   
    52.5-180.0 180.0   5.0 450.0                            LAT/LON1/LON2/DLON/H
  140  152  166  178  188  187  191  186  188  181  181  180  183  182  187  189
  192  189  191  190  191  187  192  192  199  198  204  204  206  208  210  212
  211  210  207  205  201  199  197  199  198  200  201  203  200  199  195  193
  188  186  183  183  179  179  174  173  167  166  161  158  151  149  142  141
  136  136  136  136  139  136  144  136  140                                   
    50.0-180.0 180.0   5.0 450.0                            LAT/LON1/LON2/DLON/H
  130  142  156  170  182  188  192  192  192  191  189  191  190  193  196  198
  198  199  195  195  192  192  193  197  201  204  209  210  215  216  220  221
  223  221  220  217  216  214  214  214  215  216  216  215  214  211  208  203
  201  197  196  195  196  192  190  186  182  178  172  168  158  155  145  142
  137  137  135  135  133  134  140  131  130                                   
    47.5-180.0 180.0   5.0 450.0                            LAT/LON1/LON2/DLON/H
  127  137  151  167  181  187  195  194  198  196  197  198  201  202  206  209
  210  209  206  205  202  201  204  207  213  215  219  220  223  225  229  230
  232  231  230  230  230  228  228  228  228  228  227  227  223  221  214  213
  209  208  206  209  204  205  198  199  192  190  184  177  169  162  152  148
  143  143  142  140  139  133  138  129  127                                   
    45.0-180.0 180.0   5.0 450.0                            LAT/LON1/LON2/DLON/H
  127  136  146  162  177  189  196  200  202  206  206  210  212  216  220  222
  225  224  219  218  212  213  213  218  223  225  227  227  231  233  239  242
  246  246  246  248  249  250  249  249  248  247  244  241  238  232  227  222
  221  216  217  213  215  210  208  204  201  198  193  188  178  173  162  158
  152  153  152  149  145  141  141  132  127                                   
    42.5-180.0 180.0   5.0 450.0                            LAT/LON1/LON2/DLON/H
  132  137  146  162  176  187  199  203  210  212  216  221  225  228  234  239
  242  240  238  234  231  229  233  236  241  240  242  240  243  243  251  256
  261  261  264  267  270  270  270  269  267  263  258  255  249  244  237  234
  229  225  222  219  216  212  207  208  203  204  204  196  193  184  179  172
  170  169  169  168  162  154  154  143  132                                   
    40.0-180.0 180.0   5.0 450.0                            LAT/LON1/LON2/DLON/H
  143  143  148  159  172  186  198  207  215  222  228  234  239  245  250  255
  258  259  256  251  247  246  248  252  255  254  252  251  252  256  265  273
  281  289  293  300  301  302  299  295  290  283  277  273  267  259  252  246
  241  234  231  225  223  215  211  208  207  208  208  207  201  198  190  188
  184  185  184  183  178  169  165  154  143                                   
    37.5-180.0 180.0   5.0 450.0                            LAT/LON1/LON2/DLON/H
  156  151  152  162  168  181  196  207  220  229  237  244  252  258  265  271
  275  275  273  270  266  264  268  269  274  269  269  264  268  271  284  296
  310  318  327  333  336  335  330  325  318  308  300  294  286  281  271  268
  258  252  244  237  229  222  215  216  214  216  220  216  216  211  209  204
  203  202  201  200  195  186  185  169  156                                   
    35.0-180.0 180.0   5.0 450.0                            LAT/LON1/LON2/DLON/H
  168  161  159  160  168  181  196  209  223  236  246  257  267  275  280  287
  288  291  288  288  284  286  286  290  291  290  285  284  285  296  308  327
  341  355  366  373  378  373  367  355  348  334  326  317  311  302  293  285
  276  267  258  248  241  231  226  221  220  223  225  226  225  226  221  220
  216  215  213  209  204  197  196  181  168                                   
    32.5-180.0 180.0   5.0 450.0                            LAT/LON1/LON2/DLON/H
  179  171  166  167  167  179  192  209  224  240  252  266  276  284  291  295
  300  299  302  301  301  299  305  303  309  301  304  300  308  318  334  354
  371  389  405  414  421  413  405  392  380  368  355  351  342  336  322  313
  299  288  276  267  257  248  240  236  233  232  232  235  237  236  236  232
  230  223  220  214  210  202  210  189  179                                   
    30.0-180.0 180.0   5.0 450.0                            LAT/LON1/LON2/DLON/H
  185  176  173  167  169  180  195  213  227  246  259  276  286  297  302  306
  308  310  310  313  312  317  317  321  322  325  324  329  333  350  365  387
  414  436  457  464  470  458  448  431  417  401  387  380  365  355  341  328
  316  299  288  276  270  259  252  244  235  233  230  233  239  240  243  239
  236  228  223  218  211  207  212  196  185                                   
    27.5-180.0 180.0   5.0 450.0                            LAT/LON1/LON2/DLON/H
  188  178  173  171  167  182  194  214  228  248  261  282  292  307  309  313
  314  314  315  318  322  323  329  327  336  336  345  348  363  379  402  428
  453  475  497  499  503  488  481  460  451  433  421  408  396  381  366  353
  341  320  308  285  283  262  259  244  245  236  237  235  238  243  246  245
  240  231  225  215  210  204  218  196  188                                   
    25.0-180.0 180.0   5.0 450.0                            LAT/LON1/LON2/DLON/H
  186  176  170  169  169  183  201  221  235  257  267  288  298  318  317  325
  323  325  325  329  332  335  339  342  349  356  368  379  396  414  440  464
  487  507  523  525  523  512  502  486  472  460  444  434  416  402  382  366
  351  326  309  287  281  257  248  229  229  224  232  227  224  230  236  238
  234  227  221  211  206  200  216  200  186                                   
    22.5-180.0 180.0   5.0 450.0                            LAT/LON1/LON2/DLON/H
  187  175  166  172  172  188  205  226  240  257  272  291  303  321  325  335
  336  335  334  336  340  344  347  352  364  374  393  408  430  450  473  490
  508  520  531  526  526  513  508  493  482  469  459  443  430  412  394  378
  353  330  311  295  283  261  248  230  228  217  225  225  223  219  225  228
  225  219  214  206  201  196  214  196  187                                   
    20.0-180.0 180.0   5.0 450.0                            LAT/LON1/LON2/DLON/H
  183  173  161  169  171  186  207  227  243  262  274  297  305  329  330  346
  343  350  345  349  350  354  359  365  380  394  415  435  457  475  492  504
  514  523  529  526  523  514  508  496  484  474  461  449  428  413  389  373
  347  324  302  284  269  252  242  229  225  212  214  211  206  203  204  210
  210  205  201  195  188  185  205  190  183                                   
    17.5-180.0 180.0   5.0 450.0                            LAT/LON1/LON2/DLON/H
  184  170  154  170  170  196  212  238  248  266  275  297  307  328  337  351
  356  362  362  363  360  364  367  376  392  414  438  457  486  497  511  512
  520  517  525  516  515  503  499  486  478  467  460  444  429  408  387  368
  350  325  304  281  262  247  239  227  224  210  212  200  199  189  193  190
  197  190  190  182  177  173  191  177  184                                   
    15.0-180.0 180.0   5.0 450.0                            LAT/LON1/LON2/DLON/H
  172  158  143  151  158  181  206  225  245  261  273  297  308  332  341  361
  363  373  374  378  377  382  387  399  415  438  460  484  506  516  520  522
  519  521  521  520  516  506  500  489  480  471  461  448  429  408  384  362
  342  325  303  277  257  240  234  223  211  199  190  184  180  177  176  179
  182  179  175  168  162  160  178  163  172                                   
    12.5-180.0 180.0   5.0 450.0                            LAT/LON1/LON2/DLON/H
  162  147  132  146  148  180  196  231  240  266  275  301  315  337  352  369
  378  387  390  396  394  403  407  421  436  457  481  505  521  528  530  526
  525  523  524  520  516  505  499  485  478  466  459  444  429  407  384  362
  342  322  298  275  252  237  225  212  203  190  185  178  175  169  171  168
  173  167  166  157  154  150  159  141  162                                   
    10.0-180.0 180.0   5.0 450.0                            LAT/LON1/LON2/DLON/H
  146  133  121  127  131  150  175  202  229  255  274  298  316  341  357  374
  385  394  404  409  413  422  429  442  455  476  498  523  535  545  543  543
  535  538  534  536  527  521  511  503  492  479  467  451  434  410  388  364
  342  318  293  264  241  225  212  203  194  186  179  173  169  167  165  165
  165  161  160  150  145  141  147  123  146                                   
     7.5-180.0 180.0   5.0 450.0                            LAT/LON1/LON2/DLON/H
  132  122  111  117  119  141  164  199  224  257  275  301  320  345  363  380
  391  407  415  428  430  441  448  459  471  489  511  529  544  549  551  548
