data/unet/pred1520.15i
     1.0            IONOSPHERE MAPS     GNSS                IONEX VERSION / TYPE
pyspatialgeodesy        IME             05-JAN-18 20:20     PGM / RUN BY / DATE 
Map Name                                                    COMMENT             
Predicted global ionosphere maps (GIM).                     DESCRIPTION         
  2015     6     1     0     0     0                        EPOCH OF FIRST MAP  
  2015     6     2     0     0     0                        EPOCH OF LAST MAP   
  7200                                                      INTERVAL            
    13                                                      # OF MAPS IN FILE   
  NONE                                                      MAPPING FUNCTION    
10.0                                                        ELEVATION CUTOFF    
One-way carrier phase leveled to code                       OBSERVABLES USED    
  6371.0                                                    BASE RADIUS         
 2                                                          MAP DIMENSION       
   450.0 450.0   0.0                                        HGT1 / HGT2 / DHGT  
    87.5 -87.5  -2.5                                        LAT1 / LAT2 / DLAT  
  -180.0 180.0   5.0                                        LON1 / LON2 / DLON  
    -1                                                      EXPONENT            
                                                            END OF HEADER       
[from data line 5148]
    13                                                      START OF TEC MAP    
  2015     6     2     0     0     0                        EPOCH OF CURRENT MAP
    87.5-180.0 180.0   5.0 450.0                            LAT/LON1/LON2/DLON/H
  189  164  162  161  160  157  158  157  158  157  157  155  157  156  156  155
  157  155  156  153  155  152  152  148  149  146  145  141  142  139  139  135
  137  134  135  133  136  134  136  134  137  135  138  137  139  139  141  141
  143  143  144  144  146  146  148  147  149  149  150  150  151  151  152  151
  153  153  156  155  160  158  155  180  189                                   
    85.0-180.0 180.0   5.0 450.0                            LAT/LON1/LON2/DLON/H
  166  171  174  173  172  169  171  169  171  169  170  168  171  169  170  168
  170  168  168  165  167  163  162  157  158  153  152  146  147  141  141  136
  138  134  136  133  136  134  136  134  138  136  139  138  141  141  143  143
  146  146  148  149  151  152  153  153  155  155  157  156  158  158  159  158
  161  161  164  163  167  163  160  154  166                                   
    82.5-180.0 180.0   5.0 450.0                            LAT/LON1/LON2/DLON/H
  170  177  177  178  178  175  178  177  179  177  178  176  179  177  178  176
  178  176  176  172  172  167  166  160  159  153  151  145  144  138  137  132
  133  129  131  128  131  129  133  131  135  133  137  136  140  139  143  142
  146  145  149  148  152  152  155  154  157  156  158  157  160  158  160  158
  162  160  165  164  168  164  161  155  170                                   
    80.0-180.0 180.0   5.0 450.0                            LAT/LON1/LON2/DLON/H
  172  178  179  181  180  181  182  183  182  183  182  182  182  182  181  182
  181  181  179  178  175  173  168  165  160  156  150  146  142  138  134  132
  130  128  128  127  129  128  130  130  133  133  137  137  140  140  144  144
  148  148  151  152  155  156  158  159  160  160  161  161  161  161  161  161
  162  163  165  167  169  168  163  160  172                                   
    77.5-180.0 180.0   5.0 450.0                            LAT/LON1/LON2/DLON/H
  172  176  177  179  179  181  182  182  182  182  181  181  180  179  179  179
  179  178  177  176  174  171  168  163  158  153  148  143  138  133  130  127
  126  124  124  124  125  126  128  130  132  134  137  139  141  144  146  149
  150  153  155  158  159  161  162  164  164  164  163  163  162  161  160  160
  160  160  162  163  165  164  162  158  172                                   
    75.0-180.0 180.0   5.0 450.0                            LAT/LON1/LON2/DLON/H
  171  173  175  176  177  178  180  180  180  178  178  176  176  173  174  172
  173  171  172  171  170  168  165  160  155  149  144  138  134  130  128  124
  124  122  124  123  126  126  130  131  135  136  141  142  146  148  151  153
  156  157  161  162  165  166  168  168  168  167  166  164  163  160  159  157
  158  156  159  159  163  161  158  155  171                                   
    72.5-180.0 180.0   5.0 450.0                            LAT/LON1/LON2/DLON/H
  170  171  171  173  173  174  176  176  176  176  175  173  171  170  167  167
  166  165  165  165  164  162  160  155  151  145  140  134  131  127  125  123
  122  122  124  124  126  128  131  133  136  138  141  143  146  149  151  154
  157  159  162  164  167  168  170  170  170  167  166  163  161  158  156  154
  154  154  156  156  159  158  157  154  170                                   
    70.0-180.0 180.0   5.0 450.0                            LAT/LON1/LON2/DLON/H
  167  169  170  170  172  173  176  176  178  177  177  174  172  168  167  164
  163  162  162  162  162  160  158  154  150  144  139  134  130  127  126  124
  125  124  127  126  129  129  133  133  137  138  142  143  147  148  152  154
  157  159  163  165  168  170  171  171  171  168  167  162  161  156  155  152
  153  151  154  154  158  157  157  153  167                                   
    67.5-180.0 180.0   5.0 450.0                            LAT/LON1/LON2/DLON/H
  168  170  170  170  170  171  174  176  179  180  180  178  176  173  169  167
  165  163  163  162  162  160  158  154  150  144  140  136  133  131  130  129
  128  128  129  129  129  129  130  131  133  134  137  139  142  145  148  151
  155  157  161  164  168  169  171  170  170  167  166  162  160  156  155  152
  152  151  154  154  159  158  159  156  168                                   
    65.0-180.0 180.0   5.0 450.0                            LAT/LON1/LON2/DLON/H
  169  172  172  170  170  170  174  177  181  183  184  183  182  178  175  171
  169  167  166  165  164  162  159  156  152  148  144  140  138  137  136  135
  135  133  133  131  130  128  129  127  129  128  131  132  136  139  143  146
  151  154  159  162  166  168  170  169  170  167  166  162  161  157  156  153
  155  153  157  158  163  164  166  161  169                                   
    62.5-180.0 180.0   5.0 450.0                            LAT/LON1/LON2/DLON/H
  177  180  178  175  171  171  174  177  181  184  186  187  186  184  181  177
  175  172  171  170  169  167  164  160  157  153  150  148  147  146  145  144
  142  139  136  132  128  125  123  121  121  120  122  123  128  131  137  141
  147  152  157  161  166  167  170  170  171  169  168  165  164  160  160  158
  159  159  163  165  171  172  175  169  177                                   
    60.0-180.0 180.0   5.0 450.0                            LAT/LON1/LON2/DLON/H
  184  189  186  182  178  175  177  179  182  186  188  190  191  190  187  184
  181  179  177  177  175  174  170  167  163  160  158  157  157  156  155  153
  149  143  138  132  127  121  119  115  115  113  115  116  121  125  131  136
  143  148  156  160  165  167  170  171  173  171  171  169  169  166  166  164
  166  166  170  172  179  181  185  178  184                                   
    57.5-180.0 180.0   5.0 450.0                            LAT/LON1/LON2/DLON/H
  198  202  199  194  187  184  183  183  184  186  189  191  192  193  191  189
  187  187  185  185  184  183  179  175  171  169  167  167  167  167  164  161
  155  148  140  132  124  118  114  111  110  108  110  111  116  121  128  133
  141  147  155  160  166  169  172  174  176  176  176  175  175  174  173  173
  174  175  178  181  187  191  194  187  198                                   
    55.0-180.0 180.0   5.0 450.0                            LAT/LON1/LON2/DLON/H
  210  214  213  208  203  197  195  192  190  190  191  192  193  194  194  193
  192  192  192  192  192  190  187  183  180  177  176  176  176  175  171  166
  159  150  141  132  124  118  115  111  110  107  109  110  115  119  126  131
  140  147  155  161  169  172  177  179  183  182  183  181  183  181  182  181
  182  182  186  188  195  198  202  194  210                                   
    52.5-180.0 180.0   5.0 450.0                            LAT/LON1/LON2/DLON/H
  229  228  229  226  220  215  210  205  200  196  193  192  193  194  193  194
  194  197  197  199  199  199  196  192  188  185  183  183  182  180  175  168
  159  150  140  132  125  121  118  116  114  112  112  113  117  120  127  133
  141  148  157  164  172  177  182  185  189  189  189  188  189  189  189  189
  189  189  191  193  199  203  206  200  229                                   
    50.0-180.0 180.0   5.0 450.0                            LAT/LON1/LON2/DLON/H
  239  239  246  246  243  238  233  224  216  208  202  197  196  196  195  196
  198  200  202  204  205  204  202  197  193  189  187  186  184  179  173  165
  156  146  138  131  126  124  123  122  121  118  117  116  120  121  128  133
  141  147  158  164  175  180  188  190  196  194  197  194  197  195  198  197
  198  196  197  197  203  205  209  204  239                                   
    47.5-180.0 180.0   5.0 450.0                            LAT/LON1/LON2/DLON/H
  252  249  258  262  262  261  255  248  237  226  214  206  201  200  197  199
  199  203  205  209  210  210  207  202  196  193  189  187  182  177  168  161
  152  144  137  133  130  130  131  131  130  126  125  122  124  124  130  134
  142  148  158  164  176  183  193  198  204  204  204  202  204  204  205  205
  205  203  202  201  206  208  211  208  252                                   
    45.0-180.0 180.0   5.0 450.0                            LAT/LON1/LON2/DLON/H
  257  256  267  274  278  280  278  272  262  249  234  221  213  208  205  204
  205  208  211  214  216  215  212  204  199  193  189  184  179  171  164  156
  148  141  138  135  135  137  140  140  139  134  131  127  127  126  130  134
  141  145  155  161  175  183  195  201  211  209  212  208  211  209  212  211
  213  210  210  206  211  212  215  214  257                                   
    42.5-180.0 180.0   5.0 450.0                            LAT/LON1/LON2/DLON/H
  262  260  271  279  286  292  293  293  284  272  255  240  228  221  214  213
  211  215  216  221  222  221  215  208  199  194  187  183  175  169  160  155
  147  144  141  142  143  146  149  149  148  142  138  132  131  130  133  135
  141  144  152  158  172  182  196  205  216  218  220  218  219  217  219  219
  220  218  217  214  218  219  222  223  262                                   
    40.0-180.0 180.0   5.0 450.0                            LAT/LON1/LON2/DLON/H
  267  266  277  284  291  299  305  308  304  295  279  263  249  239  231  226
  224  224  227  230  232  228  221  210  202  195  189  182  176  168  160  155
  151  148  148  149  152  154  158  157  155  148  142  135  133  131  133  134
  139  141  150  155  170  181  197  208  222  225  228  227  228  227  229  229
  232  230  231  229  231  232  236  238  267                                   
    37.5-180.0 180.0   5.0 450.0                            LAT/LON1/LON2/DLON/H
  279  276  285  290  297  304  311  318  318  313  300  286  271  260  248  242
  237  238  239  242  242  237  227  216  205  200  193  189  180  174  165  162
  158  158  157  159  160  163  165  164  161  154  148  141  139  136  138  138
  142  143  149  155  168  181  197  211  226  232  237  239  241  241  241  242
  244  245  247  246  250  251  254  256  279                                   
    35.0-180.0 180.0   5.0 450.0                            LAT/LON1/LON2/DLON/H
  296  296  300  299  303  309  318  325  331  330  321  309  295  283  270  261
  254  253  252  255  253  246  235  222  213  206  201  196  189  182  175  170
  169  168  168  168  169  169  171  169  166  160  154  147  144  140  142  140
  144  143  150  152  166  176  195  209  226  236  243  248  252  253  254  255
  258  260  266  267  271  275  280  284  296                                   
    32.5-180.0 180.0   5.0 450.0                            LAT/LON1/LON2/DLON/H
  325  325  328  323  323  326  333  340  347  347  341  331  317  305  290  280
  271  268  266  267  264  256  244  232  221  216  210  207  200  194  185  182
  177  177  176  175  174  174  174  173  170  166  160  155  151  149  148  146
  147  144  147  150  160  172  188  204  223  235  247  255  260  262  264  265
  271  274  283  286  293  299  306  313  325                                   
    30.0-180.0 180.0   5.0 450.0                            LAT/LON1/LON2/DLON/H
  363  370  369  362  357  356  358  363  368  370  366  357  344  332  314  301
  288  283  279  280  275  268  255  243  234  228  223  218  211  204  196  188
  184  181  179  176  176  174  175  173  172  169  165  160  156  152  151  146
  147  142  146  145  156  164  182  197  219  232  246  256  263  266  271  273
  279  285  295  303  313  324  336  345  363                                   
    27.5-180.0 180.0   5.0 450.0                            LAT/LON1/LON2/DLON/H
  408  416  419  413  407  402  400  401  403  403  396  388  375  360  342  324
  309  300  296  294  288  280  268  257  248  242  235  228  219  211  200  192
  184  179  174  172  171  170  171  172  172  171  168  163  159  154  151  146
  145  139  140  139  147  156  173  189  211  225  243  253  262  268  273  278
  286  294  307  316  331  346  358  370  408                                   
    25.0-180.0 180.0   5.0 450.0                            LAT/LON1/LON2/DLON/H
  448  460  465  466  464  457  451  447  445  441  433  424  410  395  373  354
  333  321  312  309  300  293  280  271  261  253  243  233  222  210  198  186
  176  168  164  161  162  162  165  166  168  168  165  161  156  150  145  139
  138  133  133  132  140  151  167  184  205  221  240  252  262  268  275  281
  291  301  314  327  341  361  384  393  448                                   
    22.5-180.0 180.0   5.0 450.0                            LAT/LON1/LON2/DLON/H
  475  488  503  515  514  513  502  497  489  482  471  460  447  432  410  388
  364  347  335  327  318  305  292  280  269  258  245  232  218  205  189  176
  162  155  149  147  149  151  155  157  159  158  157  152  148  139  134  128
  127  122  124  124  134  144  163  178  200  216  238  249  263  269  278  287
  298  309  323  333  349  367  391  407  475                                   
    20.0-180.0 180.0   5.0 450.0                            LAT/LON1/LON2/DLON/H
  485  507  528  548  557  557  549  540  531  519  505  492  481  467  447  426
  399  378  359  348  333  320  302  289  273  258  240  222  207  191  175  160
  147  137  132  131  135  138  143  144  147  145  143  138  134  127  120  115
  114  112  114  117  126  140  157  175  196  215  236  251  266  274  284  294
  306  317  326  338  350  371  401  416  485                                   
    17.5-180.0 180.0   5.0 450.0                            LAT/LON1/LON2/DLON/H
  482  506  534  561  577  582  576  571  559  549  533  521  509  495  478  458
  435  411  388  369  350  330  309  290  270  249  228  209  191  176  160  147
  132  123  117  117  121  126  130  131  132  129  127  122  119  111  107  101
  102   99  103  105  119  132  151  169  191  211  235  253  271  282  296  306
  318  326  336  345  356  375  399  417  482                                   
    15.0-180.0 180.0   5.0 450.0                            LAT/LON1/LON2/DLON/H
  471  498  527  557  578  587  586  582  575  564  553  539  531  516  501  481
  461  438  411  388  362  338  311  287  261  234  210  189  173  160  146  134
  121  113  110  110  116  120  125  123  124  119  116  111  108  102   97   93
   92   90   93   96  111  125  145  165  188  210  236  257  277  293  306  319
  330  340  346  355  362  379  405  418  471                                   
    12.5-180.0 180.0   5.0 450.0                            LAT/LON1/LON2/DLON/H
  454  477  508  536  555  566  570  569  566  559  551  544  537  527  513  495
  477  454  428  400  370  339  306  275  245  215  190  171  157  146  137  128
  118  113  112  114  119  122  123  121  118  110  108  102  101   95   91   86
   83   80   82   86  101  116  139  161  187  211  239  262  284  304  320  334
  347  358  365  371  376  389  404  420  454                                   
    10.0-180.0 180.0   5.0 450.0                            LAT/LON1/LON2/DLON/H
  439  458  484  507  527  535  543  545  546  542  541  535  535  525  516  498
  482  459  433  403  369  333  295  259  225  196  174  156  146  139  133  129
  124  122  124  126  130  130  130  124  119  109  106  102  101   95   92   85
   80   76   76   78   93  108  134  157  187  212  241  267  292  317  334  352
  366  378  383  389  392  403  418  426  439                                   
     7.5-180.0 180.0   5.0 450.0                            LAT/LON1/LON2/DLON/H
  432  443  463  480  495  501  506  510  512  513  515  516  517  515  507  494
  476  456  430  398  361  319  278  239  205  180  160  148  141  137  136  134
