data/unet/pred2180.15i
     1.0            IONOSPHERE MAPS     GNSS                IONEX VERSION / TYPE
pyspatialgeodesy        IME             05-JAN-18 20:20     PGM / RUN BY / DATE 
Map Name                                                    COMMENT             
Predicted global ionosphere maps (GIM).                     DESCRIPTION         
  2015     8     6     0     0     0                        EPOCH OF FIRST MAP  
  2015     8     7     0     0     0                        EPOCH OF LAST MAP   
  7200                                                      INTERVAL            
    13                                                      # OF MAPS IN FILE   
  NONE                                                      MAPPING FUNCTION    
10.0                                                        ELEVATION CUTOFF    
One-way carrier phase leveled to code                       OBSERVABLES USED    
  6371.0                                                    BASE RADIUS         
 2                                                          MAP DIMENSION       
   450.0 450.0   0.0                                        HGT1 / HGT2 / DHGT  
    87.5 -87.5  -2.5                                        LAT1 / LAT2 / DLAT  
  -180.0 180.0   5.0                                        LON1 / LON2 / DLON  
    -1                                                      EXPONENT            
                                                            END OF HEADER       
[from data line 5148]
    13                                                      START OF TEC MAP    
  2015     8     7     0     0     0                        EPOCH OF CURRENT MAP
    87.5-180.0 180.0   5.0 450.0                            LAT/LON1/LON2/DLON/H
  163  129  124  120  120  119  120  119  122  121  121  119  121  120  120  118
  120  119  119  117  119  118  118  116  118  116  117  114  116  114  115  112
  114  111  112  109  111  109  109  107  108  106  107  105  107  106  107  105
  108  107  108  107  110  109  110  109  111  110  111  109  111  110  112  110
  113  112  115  116  124  124  126  154  163                                   
    85.0-180.0 180.0   5.0 450.0                            LAT/LON1/LON2/DLON/H
  139  136  133  131  130  129  131  131  134  133  133  131  133  131  131  128
  130  128  128  125  127  124  124  121  122  119  119  115  117  114  114  111
  113  109  111  107  110  106  108  104  108  104  107  103  108  105  108  105
  109  107  111  108  113  111  114  111  115  113  115  112  116  114  116  115
  118  118  122  123  131  127  122  123  139                                   
    82.5-180.0 180.0   5.0 450.0                            LAT/LON1/LON2/DLON/H
  139  140  139  139  138  138  141  142  144  143  143  142  142  141  140  138
  139  137  136  134  133  130  128  125  124  120  119  116  116  113  113  110
  112  109  110  107  110  107  110  107  110  107  110  108  112  110  114  112
  116  115  118  117  121  120  123  120  124  121  124  121  125  122  125  123
  127  126  131  131  139  134  127  125  139                                   
    80.0-180.0 180.0   5.0 450.0                            LAT/LON1/LON2/DLON/H
  140  146  145  147  145  150  151  155  155  156  154  156  155  155  152  152
  150  149  146  145  142  139  135  132  128  125  121  119  117  114  113  112
  112  111  112  112  113  113  114  114  115  116  117  117  119  120  121  122
  124  125  126  128  130  130  131  132  133  132  133  133  134  133  134  134
  135  136  139  139  143  140  132  129  140                                   
    77.5-180.0 180.0   5.0 450.0                            LAT/LON1/LON2/DLON/H
  143  147  147  150  148  153  155  160  160  163  161  163  160  160  157  157
  154  153  149  148  144  141  136  133  128  124  120  117  114  112  111  110
  110  111  112  113  115  115  117  117  118  118  119  120  121  123  123  125
  127  129  130  133  134  136  136  138  138  139  138  139  138  138  138  138
  138  139  140  139  141  139  134  129  143                                   
    75.0-180.0 180.0   5.0 450.0                            LAT/LON1/LON2/DLON/H
  142  148  148  148  148  150  156  158  161  162  163  163  161  159  157  155
  152  150  148  146  143  139  135  130  125  119  115  111  108  106  105  104
  105  105  108  108  111  111  114  113  115  114  116  116  118  118  121  122
  125  126  129  131  133  134  136  136  137  137  138  137  137  136  137  136
  136  135  138  136  138  136  132  129  142                                   
    72.5-180.0 180.0   5.0 450.0                            LAT/LON1/LON2/DLON/H
  144  147  148  149  147  150  154  158  159  163  162  163  159  158  154  152
  149  147  145  143  140  137  132  127  121  115  110  106  102  100  100   99
  100  101  104  105  107  107  108  108  108  108  109  110  111  113  115  118
  120  123  125  128  130  132  133  134  135  135  135  135  134  134  134  133
  133  133  135  134  136  137  132  130  144                                   
    70.0-180.0 180.0   5.0 450.0                            LAT/LON1/LON2/DLON/H
  141  148  149  147  145  148  153  157  160  162  162  162  159  156  152  149
  146  144  142  141  138  135  131  125  118  111  105   99   96   93   94   92
   95   95   99   98  101   99  101   98  100   97  100   99  102  103  107  109
  114  116  119  121  125  126  129  130  132  132  134  132  133  132  133  132
  133  132  134  133  135  135  131  129  141                                   
    67.5-180.0 180.0   5.0 450.0                            LAT/LON1/LON2/DLON/H
  146  149  150  149  146  148  152  157  159  162  162  162  157  155  150  147
  143  142  140  139  137  135  130  125  116  109  102   96   91   89   88   88
   90   91   93   93   94   92   92   89   89   87   88   89   92   95   98  103
  106  110  112  115  118  121  123  127  129  131  132  133  133  133  133  133
  133  133  135  135  138  137  133  130  146                                   
    65.0-180.0 180.0   5.0 450.0                            LAT/LON1/LON2/DLON/H
  147  153  153  150  147  148  152  155  159  161  162  160  157  153  150  145
  142  141  140  139  138  136  132  126  118  109  102   95   91   87   87   86
   88   87   89   87   88   84   84   80   81   78   81   80   86   88   93   95
  100  102  106  107  111  114  119  122  127  129  133  133  134  133  135  133
  135  135  138  138  140  140  137  133  147                                   
    62.5-180.0 180.0   5.0 450.0                            LAT/LON1/LON2/DLON/H
  156  159  159  156  150  149  151  155  157  160  160  160  156  154  149  146
  143  142  141  142  140  139  135  129  121  114  105   99   94   91   89   88
   88   86   86   83   82   78   77   74   74   73   75   77   82   85   89   92
   95   98  100  103  105  110  114  120  125  130  133  135  136  136  136  136
  137  139  142  143  147  146  143  137  156                                   
    60.0-180.0 180.0   5.0 450.0                            LAT/LON1/LON2/DLON/H
  160  167  167  163  157  154  154  154  157  158  159  158  156  153  150  147
  145  145  145  145  145  143  139  134  127  119  112  106  101   98   95   93
   91   88   86   81   79   74   73   71   73   72   77   79   86   87   92   92
   96   95   99   99  104  108  114  119  127  131  137  138  140  139  140  139
  141  142  147  149  153  153  150  142  160                                   
    57.5-180.0 180.0   5.0 450.0                            LAT/LON1/LON2/DLON/H
  171  177  177  173  166  161  158  156  157  159  158  159  156  156  152  151
  149  151  151  152  151  150  146  141  135  129  122  117  112  109  105  102
   97   92   88   82   79   75   74   74   77   79   84   88   94   96   98   98
  100  100  101  101  105  110  116  123  130  136  141  143  144  142  142  141
  143  146  151  154  160  160  156  147  171                                   
    55.0-180.0 180.0   5.0 450.0                            LAT/LON1/LON2/DLON/H
  178  186  187  184  178  172  167  163  161  160  160  158  159  157  156  154
  155  156  158  159  159  157  154  148  144  138  134  129  125  121  116  110
  105   98   92   85   82   79   79   80   84   89   94   99  103  104  106  102
  104  101  104  103  109  112  121  125  135  139  146  145  147  144  144  143
  145  148  154  158  164  165  161  151  178                                   
    52.5-180.0 180.0   5.0 450.0                            LAT/LON1/LON2/DLON/H
  189  195  196  195  189  183  177  171  166  163  160  160  159  161  159  161
  161  165  166  168  167  166  161  156  151  148  144  141  137  133  126  120
  113  105   98   92   88   87   88   90   95  100  106  109  112  112  111  108
  107  105  107  108  113  118  126  131  139  143  148  148  149  146  144  143
  144  148  154  160  165  168  165  155  189                                   
    50.0-180.0 180.0   5.0 450.0                            LAT/LON1/LON2/DLON/H
  192  200  202  202  198  194  188  182  177  171  167  164  165  164  165  166
  169  172  176  177  176  173  168  163  159  156  154  151  148  142  135  128
  120  113  106  100   98   97  100  103  109  114  119  122  123  121  119  114
  114  111  114  115  122  126  135  138  146  148  154  151  152  148  147  144
  146  150  157  162  167  168  165  157  192                                   
    47.5-180.0 180.0   5.0 450.0                            LAT/LON1/LON2/DLON/H
  200  206  207  208  206  202  198  193  187  181  175  171  169  170  170  174
  176  182  184  186  184  181  175  171  166  164  162  159  155  150  142  135
  128  121  116  112  110  110  113  116  122  126  130  131  131  128  125  121
  120  119  121  123  130  134  142  145  151  153  156  156  154  152  149  149
  150  155  160  165  170  171  168  160  200                                   
    45.0-180.0 180.0   5.0 450.0                            LAT/LON1/LON2/DLON/H
  201  209  211  213  212  211  209  204  198  191  185  180  179  178  180  182
  186  190  193  194  192  188  182  177  173  171  169  165  161  155  148  142
  136  131  128  124  124  124  126  129  133  136  138  137  135  132  129  124
  125  124  127  129  137  141  149  151  157  157  162  160  161  158  157  156
  157  161  167  170  173  174  171  165  201                                   
    42.5-180.0 180.0   5.0 450.0                            LAT/LON1/LON2/DLON/H
  208  214  215  219  218  218  217  214  208  201  194  189  186  186  186  191
  193  199  200  202  198  196  188  184  180  177  174  170  164  159  152  148
  143  141  137  136  134  135  135  138  141  143  143  141  140  135  133  129
  131  130  132  135  142  147  153  156  160  163  165  166  167  168  167  167
  168  172  176  178  180  180  180  175  208                                   
    40.0-180.0 180.0   5.0 450.0                            LAT/LON1/LON2/DLON/H
  215  219  221  225  226  227  228  225  221  213  206  200  198  197  198  200
  203  207  209  209  207  203  196  191  186  184  179  175  167  162  157  154
  151  151  149  149  146  146  145  146  148  149  148  145  142  138  136  134
  136  135  137  139  147  152  160  162  168  169  174  175  180  180  182  182
  184  185  189  189  191  191  192  190  215                                   
    37.5-180.0 180.0   5.0 450.0                            LAT/LON1/LON2/DLON/H
  227  229  229  234  234  236  237  237  233  226  218  212  209  209  208  212
  212  217  217  218  214  211  204  201  195  193  187  182  174  168  163  161
  159  160  159  159  155  154  151  151  153  153  153  150  148  143  143  140
  142  140  141  142  148  154  162  166  171  176  180  186  190  194  196  197
  199  200  203  203  206  206  209  207  227                                   
    35.0-180.0 180.0   5.0 450.0                            LAT/LON1/LON2/DLON/H
  241  240  242  243  244  247  250  251  248  242  235  228  225  224  224  225
  227  229  229  229  226  223  216  213  208  204  198  192  183  176  171  169
  168  169  169  168  164  161  157  156  158  159  159  156  154  150  148  145
  145  140  139  138  145  150  160  165  175  180  189  193  203  206  213  212
  217  216  221  220  224  225  230  234  241                                   
    32.5-180.0 180.0   5.0 450.0                            LAT/LON1/LON2/DLON/H
  258  254  257  258  257  260  264  266  264  259  251  246  242  242  240  241
  242  243  243  241  238  235  230  227  223  219  212  206  195  188  180  178
  176  178  177  176  171  166  162  161  163  164  166  164  162  157  155  149
  145  138  133  131  136  143  154  164  173  184  193  202  211  217  222  224
  227  227  231  233  239  245  251  258  258                                   
    30.0-180.0 180.0   5.0 450.0                            LAT/LON1/LON2/DLON/H
  273  270  274  274  274  278  283  286  285  281  273  269  265  265  263  263
  261  262  259  257  252  251  246  244  240  237  229  221  209  200  191  187
  183  184  183  180  174  168  164  163  166  169  171  170  167  161  156  148
  141  131  125  121  127  134  147  157  170  180  195  203  217  222  231  232
  236  235  242  243  252  259  270  281  273                                   
    27.5-180.0 180.0   5.0 450.0                            LAT/LON1/LON2/DLON/H
  288  284  293  294  295  298  305  308  308  303  297  292  289  288  286  283
  281  278  275  271  266  264  261  260  255  251  244  235  222  210  199  192
  185  184  181  178  172  166  163  163  168  171  174  171  167  160  153  143
  134  123  117  113  120  128  142  155  168  182  195  207  219  228  235  237
  240  239  246  249  260  271  283  298  288                                   
    25.0-180.0 180.0   5.0 450.0                            LAT/LON1/LON2/DLON/H
  299  300  310  313  317  324  332  337  337  335  328  324  319  317  311  307
  300  297  290  287  281  281  278  277  270  266  256  247  232  218  203  192
  183  179  176  172  166  162  159  160  165  169  171  168  162  153  144  133
  123  112  107  104  112  122  137  151  167  180  195  207  221  228  238  239
  243  243  250  253  264  276  293  313  299                                   
    22.5-180.0 180.0   5.0 450.0                            LAT/LON1/LON2/DLON/H
  312  312  327  333  340  347  356  363  366  366  362  359  355  351  342  333
  324  314  307  299  295  293  292  289  281  273  262  251  235  218  200  185
  174  167  163  160  156  153  152  153  157  160  162  157  149  138  129  118
  110   99   96   95  105  117  133  151  169  184  199  211  222  231  240  242
  244  245  253  256  268  282  300  326  312                                   
    20.0-180.0 180.0   5.0 450.0                            LAT/LON1/LON2/DLON/H
  324  329  344  354  364  373  383  392  398  401  399  398  393  389  376  364
  347  335  321  314  307  306  302  297  286  275  260  246  229  210  190  173
  161  153  149  146  144  142  142  142  146  148  147  141  132  120  111  102
   95   87   85   85   98  112  131  150  172  188  205  216  227  234  243  245
  249  251  258  262  271  285  306  333  324                                   
    17.5-180.0 180.0   5.0 450.0                            LAT/LON1/LON2/DLON/H
  336  340  361  370  383  391  405  415  427  434  438  439  435  428  413  396
  375  357  341  328  320  314  309  297  282  264  248  231  213  194  174  156
  145  137  133  132  131  131  130  130  130  130  127  118  109   97   92   84
   80   73   72   73   89  104  127  148  174  193  213  225  234  241  249  252
  256  259  268  271  279  293  312  340  336                                   
    15.0-180.0 180.0   5.0 450.0                            LAT/LON1/LON2/DLON/H
  348  353  373  386  398  409  422  436  451  464  470  472  467  461  445  430
  403  382  358  343  329  321  309  294  272  250  230  211  195  176  158  143
  133  127  124  124  124  124  122  119  118  113  109   98   89   79   76   72
   70   66   67   69   86   99  123  145  174  198  220  234  243  250  259  263
  266  271  281  284  288  301  320  344  348                                   
    12.5-180.0 180.0   5.0 450.0                            LAT/LON1/LON2/DLON/H
  359  363  385  395  408  417  432  448  465  481  492  495  491  484  470  456
  431  407  381  359  341  324  308  283  258  232  211  193  178  161  147  134
  127  122  120  121  121  119  115  110  104   97   90   80   72   66   65   64
   62   61   61   66   81   96  118  145  176  204  228  245  255  263  272  277
  281  286  298  299  304  314  330  355  359                                   
    10.0-180.0 180.0   5.0 450.0                            LAT/LON1/LON2/DLON/H
  373  379  396  406  417  425  437  454  471  487  500  504  502  496  484  471
  448  424  394  369  344  324  299  273  242  215  194  178  164  152  142  133
  127  125  124  125  123  120  114  105   98   87   80   70   66   60   61   59
   59   58   59   63   78   90  113  140  174  206  234  253  267  279  289  296
  301  307  316  319  318  328  344  364  373                                   
     7.5-180.0 180.0   5.0 450.0                            LAT/LON1/LON2/DLON/H
  387  395  410  415  423  431  440  455  469  484  495  501  500  497  487  478
  457  434  404  376  346  318  289  257  227  201  182  169  160  150  143  136
