data/unet/pred3030.15i
     1.0            IONOSPHERE MAPS     GNSS                IONEX VERSION / TYPE
pyspatialgeodesy        IME             05-JAN-18 20:20     PGM / RUN BY / DATE 
Map Name                                                    COMMENT             
Predicted global ionosphere maps (GIM).                     DESCRIPTION         
  2015    10    30     0     0     0                        EPOCH OF FIRST MAP  
  2015    10    31     0     0     0                        EPOCH OF LAST MAP   
  7200                                                      INTERVAL            
    13                                                      # OF MAPS IN FILE   
  NONE                                                      MAPPING FUNCTION    
10.0                                                        ELEVATION CUTOFF    
One-way carrier phase leveled to code                       OBSERVABLES USED    
  6371.0                                                    BASE RADIUS         
 2                                                          MAP DIMENSION       
   450.0 450.0   0.0                                        HGT1 / HGT2 / DHGT  
    87.5 -87.5  -2.5                                        LAT1 / LAT2 / DLAT  
  -180.0 180.0   5.0                                        LON1 / LON2 / DLON  
    -1                                                      EXPONENT            
                                                            END OF HEADER       
[from data line 2145]
     6                                                      START OF TEC MAP    
  2015    10    30    10     0     0                        EPOCH OF CURRENT MAP
    87.5-180.0 180.0   5.0 450.0                            LAT/LON1/LON2/DLON/H
   54   79   71   71   72   72   73   74   75   77   77   78   79   80   80   80
   80   80   80   80   79   79   79   79   79   79   80   79   80   80   81   80
   81   80   82   81   82   81   83   82   83   82   83   81   81   80   80   79
   78   77   76   75   74   73   72   71   69   68   67   66   65   65   64   64
   64   64   63   64   64   63   65   58   54                                   
    85.0-180.0 180.0   5.0 450.0                            LAT/LON1/LON2/DLON/H
   76   74   77   84   82   87   87   92   92   96   96   99   98  101  100  102
  101  103  101  103  100  103  100  103  100  104  101  104  102  105  104  106
  105  106  105  105  104  103  103  101  100   98   97   94   92   89   87   85
   82   80   77   75   71   69   66   64   61   61   58   58   56   57   56   58
   57   60   60   63   65   68   72   63   76                                   
    82.5-180.0 180.0   5.0 450.0                            LAT/LON1/LON2/DLON/H
   56   74   74   81   79   85   87   93   93   98   98  101  100  101  100  101
   99  100   99   99   99   99   99  100  101  101  104  103  107  105  110  108
  112  110  114  112  114  112  113  111  111  108  107  103  102   97   95   91
   87   84   78   76   70   68   62   60   54   53   48   48   44   45   43   45
   43   46   46   50   52   60   62   54   56                                   
    80.0-180.0 180.0   5.0 450.0                            LAT/LON1/LON2/DLON/H
   52   67   69   73   74   79   80   85   85   89   87   90   87   88   85   86
   83   83   81   82   80   82   80   84   83   88   89   93   95   99  102  105
  107  110  112  115  116  118  119  120  119  119  118  116  114  111  108  104
  100   96   91   85   79   75   68   65   57   55   48   47   41   42   37   39
   36   39   38   42   45   50   54   48   52                                   
    77.5-180.0 180.0   5.0 450.0                            LAT/LON1/LON2/DLON/H
   42   66   70   72   73   76   79   81   82   83   83   82   81   79   77   75
   72   71   70   70   69   71   71   73   74   77   80   84   88   93   98  103
  107  112  116  120  123  127  129  132  132  135  134  134  133  132  129  126
  122  118  114  108  102   96   89   83   75   71   64   60   55   53   50   48
   47   46   47   46   49   51   52   39   42                                   
    75.0-180.0 180.0   5.0 450.0                            LAT/LON1/LON2/DLON/H
   41   59   65   67   67   72   72   75   74   76   74   73   70   69   65   62
   59   58   57   57   58   58   60   61   63   67   71   76   80   88   93  102
  106  116  120  129  132  141  144  150  151  155  157  160  159  159  157  153
  149  144  139  132  125  118  111  104   96   89   80   75   68   65   59   57
   53   53   51   52   49   53   54   42   41                                   
    72.5-180.0 180.0   5.0 450.0                            LAT/LON1/LON2/DLON/H
   39   60   62   66   65   68   69   70   70   69   69   66   65   61   60   56
   53   52   51   52   51   53   53   56   56   60   65   69   75   81   90   97
  106  114  124  132  141  149  158  163  170  174  182  183  188  185  187  180
  177  169  167  157  151  140  133  123  114  106   98   91   82   77   70   66
   62   59   57   56   53   55   55   43   39                                   
    70.0-180.0 180.0   5.0 450.0                            LAT/LON1/LON2/DLON/H
   42   53   59   61   61   64   64   65   65   64   63   60   60   57   56   54
   52   50   51   51   52   52   53   54   57   59   64   68   74   81   90  100
  109  120  130  141  150  163  171  181  187  196  202  209  212  214  212  209
  202  196  191  179  171  157  150  139  131  121  113  105   97   90   84   77
   73   67   65   62   57   58   57   46   42                                   
    67.5-180.0 180.0   5.0 450.0                            LAT/LON1/LON2/DLON/H
   43   56   56   59   58   59   60   61   62   61   60   59   59   58   58   58
   56   56   55   56   54   56   54   55   55   58   62   66   72   79   89   97
  109  119  133  143  156  166  178  187  197  204  215  218  227  225  229  222
  219  208  204  191  182  169  158  147  137  128  117  109  101   95   88   81
   74   70   66   61   57   56   57   45   43                                   
    65.0-180.0 180.0   5.0 450.0                            LAT/LON1/LON2/DLON/H
   43   50   51   53   52   56   55   58   57   58   58   59   60   61   60   62
   59   61   58   59   57   58   55   56   55   59   62   66   73   81   90  102
  113  127  139  153  163  178  185  198  207  216  225  230  234  235  233  229
  222  214  205  193  184  169  159  146  137  125  117  108  102   95   89   82
   76   70   66   63   57   56   55   42   43                                   
    62.5-180.0 180.0   5.0 450.0                            LAT/LON1/LON2/DLON/H
   47   56   50   52   51   52   53   55   56   57   58   60   61   64   65   67
   66   67   64   65   60   61   56   58   55   59   60   67   72   82   90  103
  116  130  143  156  169  179  190  199  210  216  224  227  232  229  230  222
  220  207  203  189  179  165  152  141  131  121  110  101   95   89   82   76
   70   65   62   57   53   51   53   40   47                                   
    60.0-180.0 180.0   5.0 450.0                            LAT/LON1/LON2/DLON/H
   47   51   49   49   48   49   49   51   51   54   55   58   59   63   63   67
   63   68   60   63   55   56   50   54   51   57   59   69   74   86   94  112
  123  142  151  169  177  191  198  209  214  221  225  228  228  227  224  220
  215  207  199  187  177  162  149  138  128  117  108   98   92   85   78   71
   66   62   57   58   51   52   51   36   47                                   
    57.5-180.0 180.0   5.0 450.0                            LAT/LON1/LON2/DLON/H
   54   60   51   52   47   46   46   46   48   50   52   55   57   61   62   65
   64   64   60   58   53   52   48   50   50   56   60   69   78   89  101  119
  132  148  160  175  186  196  206  213  218  221  223  224  225  222  223  216
  216  205  202  188  180  165  153  140  132  121  112  100   93   85   78   70
   65   60   58   54   53   52   54   39   54                                   
    55.0-180.0 180.0   5.0 450.0                            LAT/LON1/LON2/DLON/H
   60   62   58   56   51   50   47   46   46   47   48   51   51   55   54   55
   55   54   49   49   41   45   38   46   44   56   59   75   81  100  109  133
  142  164  173  193  197  212  216  226  226  229  227  231  226  227  223  223
  220  215  210  200  191  177  165  152  142  133  123  113  102   94   84   78
   68   67   61   65   61   64   63   47   60                                   
    52.5-180.0 180.0   5.0 450.0                            LAT/LON1/LON2/DLON/H
   74   79   69   68   58   55   49   47   46   47   48   49   49   52   51   53
   50   48   42   39   35   36   39   43   48   57   65   77   88  105  120  140
  155  171  185  199  210  220  228  233  236  237  237  237  236  235  235  231
  233  226  226  215  210  194  186  171  163  150  141  129  120  109   99   90
   81   77   75   74   74   76   76   62   74                                   
    50.0-180.0 180.0   5.0 450.0                            LAT/LON1/LON2/DLON/H
   87   88   84   78   70   65   59   54   52   50   50   50   49   51   47   48
   45   40   36   33   33   36   38   47   51   63   69   84   94  116  128  153
  166  188  197  215  222  235  239  248  248  253  250  252  246  247  245  246
  246  243  241  232  225  212  201  189  180  169  159  149  138  129  116  109
   97   95   88   94   91   94   92   81   87                                   
    47.5-180.0 180.0   5.0 450.0                            LAT/LON1/LON2/DLON/H
  101  107   99   95   82   77   68   63   59   57   57   55   55   54   52   51
   49   48   42   42   42   47   48   54   60   68   77   88  102  121  136  156
  173  190  205  219  231  241  249  257  261  265  266  265  261  258  258  255
  259  252  253  242  237  224  214  200  192  180  170  160  152  143  132  123
  113  109  104  106  105  108  106   98  101                                   
    45.0-180.0 180.0   5.0 450.0                            LAT/LON1/LON2/DLON/H
  110  113  110  105   95   89   82   78   73   70   69   66   64   62   59   59
   55   56   52   55   54   59   60   66   70   78   85   97  109  129  142  164
  180  201  214  232  241  254  260  274  274  283  279  279  270  268  265  265
  265  260  258  248  240  227  215  204  193  183  172  165  157  152  140  133
  121  120  113  119  115  118  115  111  110                                   
    42.5-180.0 180.0   5.0 450.0                            LAT/LON1/LON2/DLON/H
  113  119  115  115  102  101   92   89   84   83   80   77   77   72   72   69
   68   68   67   70   70   74   74   78   80   86   92  102  113  130  145  163
  181  199  218  234  247  260  270  282  286  292  290  286  279  272  270  266
  266  258  256  246  239  224  213  199  188  176  166  159  154  150  141  133
  123  119  115  116  115  117  116  113  113                                   
    40.0-180.0 180.0   5.0 450.0                            LAT/LON1/LON2/DLON/H
  106  108  109  110  104  106  100   98   94   94   92   91   89   86   83   82
   78   80   80   84   85   88   88   90   91   96   99  111  119  135  146  166
  183  204  222  242  256  273  280  294  296  305  299  298  288  285  278  274
  270  264  261  252  242  228  212  197  184  171  161  155  149  145  135  130
  116  115  105  110  106  109  106  106  106                                   
    37.5-180.0 180.0   5.0 450.0                            LAT/LON1/LON2/DLON/H
   93   98   97  100   95  100   97   99   97   99   98   98   98   95   94   90
   90   91   91   95   95   98   95   95   93   99  103  114  121  135  147  164
  182  202  225  246  264  281  293  305  310  315  312  308  302  295  292  284
  281  273  271  260  254  237  224  204  192  176  166  156  150  142  132  123
  111  105   97   93   91   92   91   90   93                                   
    35.0-180.0 180.0   5.0 450.0                            LAT/LON1/LON2/DLON/H
   76   78   80   80   83   88   92   93   96   98  102  104  105  105  103   99
   97   98   99  103  103  104  100  100   98  104  108  121  128  143  152  170
  186  210  233  258  277  297  307  323  323  331  327  328  321  319  313  310
  304  303  298  293  282  270  252  236  217  198  180  167  156  148  134  125
  109  103   89   88   83   83   79   72   76                                   
    32.5-180.0 180.0   5.0 450.0                            LAT/LON1/LON2/DLON/H
   65   70   66   70   68   75   78   82   86   92   96  103  106  108  107  104
  102  103  103  107  105  103   97   94   93  101  110  124  135  148  159  175
  192  216  243  269  291  310  326  338  343  348  350  349  350  347  349  342
  344  339  345  338  335  317  302  279  262  237  216  195  182  167  155  140
  125  112   98   88   83   80   74   61   65                                   
    30.0-180.0 180.0   5.0 450.0                            LAT/LON1/LON2/DLON/H
   58   59   56   57   57   64   67   71   78   84   93  100  107  109  111  107
  106  106  105  108  104  101   94   92   92  105  115  135  147  164  173  191
  207  233  259  285  304  326  341  355  359  367  368  374  376  384  388  392
  393  396  403  406  404  393  375  352  326  296  264  240  220  203  188  173
  155  143  124  113   97   93   81   60   58                                   
    27.5-180.0 180.0   5.0 450.0                            LAT/LON1/LON2/DLON/H
   65   71   62   60   56   58   60   64   68   77   84   94  103  108  109  108
  106  106  105  106  100   95   86   85   87  102  119  140  159  175  188  203
  218  244  272  296  315  336  355  367  376  383  392  401  413  422  439  443
  454  457  476  478  487  473  461  433  409  371  335  299  273  251  235  216
  202  182  166  146  129  114  101   73   65                                   
    25.0-180.0 180.0   5.0 450.0                            LAT/LON1/LON2/DLON/H
   81   84   72   65   55   55   56   59   63   68   78   87   98  103  109  105
  107  104  104  102   98   91   85   85   91  108  127  155  171  192  202  220
  233  261  288  313  330  352  371  384  391  402  412  428  446  469  488  505
  517  530  546  558  565  558  545  516  486  437  397  359  332  305  287  271
  256  237  213  195  175  155  135  101   81                                   
    22.5-180.0 180.0   5.0 450.0                            LAT/LON1/LON2/DLON/H
  109  113  100   89   70   63   61   57   62   67   72   83   90   98  102  103
  103  103  100  101   93   88   81   84   93  110  136  161  182  199  213  230
  247  274  301  327  346  368  388  401  412  424  439  461  487  513  540  556
  572  585  606  617  626  620  609  583  555  506  459  413  383  359  342  327
  311  293  274  250  228  203  178  138  109                                   
    20.0-180.0 180.0   5.0 450.0                            LAT/LON1/LON2/DLON/H
  154  153  137  114   94   79   73   66   66   65   72   77   86   90   95   95
   99   96   98   95   92   88   83   88   99  117  142  169  188  209  226  247
  265  293  318  343  362  383  402  418  431  446  464  496  523  555  577  599
  614  627  638  647  648  645  632  616  594  559  513  461  424  397  381  369
  359  345  330  310  287  257  226  187  154                                   
    17.5-180.0 180.0   5.0 450.0                            LAT/LON1/LON2/DLON/H
  200  202  173  149  122  106   90   82   76   71   72   77   81   86   87   88
   92   91   94   93   88   87   83   90  104  120  146  168  192  209  230  251
  275  302  329  354  373  397  418  436  452  468  489  522  550  579  601  619
  629  636  641  643  643  638  630  619  603  577  534  487  450  420  405  395
  388  378  368  348  328  299  272  230  200                                   
    15.0-180.0 180.0   5.0 450.0                            LAT/LON1/LON2/DLON/H
  234  235  210  182  147  124  113  100   93   82   83   79   84   80   83   80
   84   83   86   87   85   84   84   93  107  126  149  173  193  214  237  263
  287  317  345  367  386  410  431  453  470  488  507  539  559  587  600  616
  619  619  618  618  618  615  607  601  588  562  530  490  463  432  418  405
  404  393  388  369  354  327  303  271  234                                   
    12.5-180.0 180.0   5.0 450.0                            LAT/LON1/LON2/DLON/H
  263  250  228  206  171  149  131  118  108   97   91   87   87   81   81   77
   79   76   81   80   84   83   90   95  113  128  157  175  201  219  244  270
  298  331  358  381  399  425  443  468  483  501  519  543  558  571  581  589
  595  589  583  579  576  575  567  564  550  536  506  483  451  430  409  401
  392  387  379  369  356  337  319  294  263                                   
    10.0-180.0 180.0   5.0 450.0                            LAT/LON1/LON2/DLON/H
  275  263  247  225  200  174  153  135  126  109  102   91   94   85   86   77
   80   73   78   76   79   81   89  101  118  139  160  185  206  229  253  284
  312  346  369  393  409  435  454  477  496  511  529  544  553  558  558  564
  570  563  558  552  551  550  546  542  531  516  497  473  445  412  393  374
  367  362  357  352  346  337  321  307  275                                   
     7.5-180.0 180.0   5.0 450.0                            LAT/LON1/LON2/DLON/H
  284  265  250  232  210  189  166  151  136  121  110   97   97   87   87   78
   77   73   74   70   77   80   90  104  125  146  175  194  217  242  265  297
