data/unet/pred3060.15i
     1.0            IONOSPHERE MAPS     GNSS                IONEX VERSION / TYPE
pyspatialgeodesy        IME             05-JAN-18 20:20     PGM / RUN BY / DATE 
Map Name                                                    COMMENT             
Predicted global ionosphere maps (GIM).                     DESCRIPTION         
  2015    11     2     0     0     0                        EPOCH OF FIRST MAP  
  2015    11     3     0     0     0                        EPOCH OF LAST MAP   
  7200                                                      INTERVAL            
    13                                                      # OF MAPS IN FILE   
  NONE                                                      MAPPING FUNCTION    
10.0                                                        ELEVATION CUTOFF    
One-way carrier phase leveled to code                       OBSERVABLES USED    
  6371.0                                                    BASE RADIUS         
 2                                                          MAP DIMENSION       
   450.0 450.0   0.0                                        HGT1 / HGT2 / DHGT  
    87.5 -87.5  -2.5                                        LAT1 / LAT2 / DLAT  
  -180.0 180.0   5.0                                        LON1 / LON2 / DLON  
    -1                                                      EXPONENT            
                                                            END OF HEADER       
[from data line 2145]
     6                                                      START OF TEC MAP    
  2015    11     2    10     0     0                        EPOCH OF CURRENT MAP
    87.5-180.0 180.0   5.0 450.0                            LAT/LON1/LON2/DLON/H
   34   58   49   54   50   53   50   53   52   55   55   56   57   58   59   59
   59   60   60   60   59   60   59   59   58   59   57   58   57   58   56   58
   57   58   57   58   57   58   57   58   56   58   56   57   55   57   54   55
   52   53   49   51   48   50   46   50   46   50   45   49   45   49   45   49
   45   49   45   49   46   46   43   43   34                                   
    85.0-180.0 180.0   5.0 450.0                            LAT/LON1/LON2/DLON/H
   46   46   44   46   47   47   50   52   54   55   57   59   60   62   62   65
   64   66   65   67   66   68   67   70   69   71   71   73   73   74   74   74
   75   74   76   74   76   73   75   72   73   70   71   68   68   64   64   61
   60   57   56   54   52   50   48   48   46   45   44   44   43   43   42   43
   43   44   43   43   42   45   52   54   46                                   
    82.5-180.0 180.0   5.0 450.0                            LAT/LON1/LON2/DLON/H
   33   41   42   46   44   45   48   51   53   54   57   58   61   60   63   62
   64   63   65   63   65   64   66   66   68   68   71   72   74   75   76   77
   78   78   79   79   79   78   78   76   77   74   73   71   70   67   65   63
   60   57   54   51   48   46   42   40   37   36   33   34   32   32   31   32
   31   32   33   33   33   35   43   41   33                                   
    80.0-180.0 180.0   5.0 450.0                            LAT/LON1/LON2/DLON/H
   26   31   33   33   35   37   39   43   44   46   47   50   50   51   51   52
   52   51   51   51   51   51   52   54   55   57   59   62   65   67   70   72
   75   75   78   77   80   77   80   79   79   76   77   74   73   71   70   68
   65   63   60   58   55   53   49   48   43   42   38   38   34   35   31   33
   28   30   28   29   27   27   37   36   26                                   
    77.5-180.0 180.0   5.0 450.0                            LAT/LON1/LON2/DLON/H
   28   27   28   32   31   34   36   40   40   42   43   44   44   44   44   44
   43   43   43   43   43   43   44   46   47   50   53   58   60   65   68   73
   75   78   80   83   84   84   85   86   86   86   86   86   85   85   83   83
   80   79   76   74   71   68   64   62   57   55   51   50   47   45   42   42
   38   37   34   31   30   29   33   26   28                                   
    75.0-180.0 180.0   5.0 450.0                            LAT/LON1/LON2/DLON/H
   25   26   26   27   29   31   34   36   37   37   38   39   38   38   37   38
   36   36   36   36   36   36   37   39   39   42   45   51   54   60   63   71
   73   80   82   89   88   95   95  100   98  102  101  105  102  105  103  105
  102  102  100   96   94   88   86   80   78   72   71   67   64   61   59   56
   53   50   47   44   38   36   36   28   25                                   
    72.5-180.0 180.0   5.0 450.0                            LAT/LON1/LON2/DLON/H
   33   30   28   32   30   33   34   37   38   38   39   38   38   36   37   36
   37   35   36   35   36   35   37   37   39   39   44   47   53   58   64   71
   77   83   89   95   99  104  108  112  115  119  122  125  127  127  128  126
  126  123  122  116  114  106  103   95   92   86   83   79   76   73   71   68
   64   61   56   52   47   42   42   29   33                                   
    70.0-180.0 180.0   5.0 450.0                            LAT/LON1/LON2/DLON/H
   34   34   32   34   35   37   38   41   40   41   39   41   38   39   36   39
   36   39   37   40   38   39   38   40   38   40   43   48   52   59   65   74
   81   90   97  107  111  120  122  130  131  138  139  148  145  152  147  151
  146  146  141  137  130  122  116  109  103   98   93   90   86   83   81   78
   73   71   65   62   55   52   47   37   34                                   
    67.5-180.0 180.0   5.0 450.0                            LAT/LON1/LON2/DLON/H
   41   38   36   39   39   40   42   44   44   44   44   44   43   42   42   42
   43   43   44   44   44   43   43   41   41   39   42   45   51   57   66   74
   85   95  104  113  121  128  135  140  147  152  159  162  166  166  168  165
  165  159  157  148  143  131  123  111  106   98   95   90   87   83   81   77
   74   70   66   63   58   53   50   37   41                                   
    65.0-180.0 180.0   5.0 450.0                            LAT/LON1/LON2/DLON/H
   42   42   41   42   43   44   45   47   45   46   45   47   45   47   46   49
   47   50   49   52   50   50   47   46   42   42   41   46   51   59   69   80
   91  104  115  126  133  143  148  158  162  171  171  179  175  183  176  179
  171  171  162  158  144  134  122  113  104   99   93   90   84   81   79   75
   72   69   65   63   57   55   51   44   42                                   
    62.5-180.0 180.0   5.0 450.0                            LAT/LON1/LON2/DLON/H
   44   42   40   44   44   44   44   44   45   44   45   46   47   48   49   50
   52   52   54   53   54   51   50   46   45   41   42   44   51   58   70   82
   95  108  121  131  141  148  158  165  176  181  186  186  190  188  189  184
  182  175  169  159  148  133  123  109  103   94   89   83   79   74   71   67
   64   59   56   54   51   50   48   42   44                                   
    60.0-180.0 180.0   5.0 450.0                            LAT/LON1/LON2/DLON/H
   45   45   45   44   45   45   44   44   43   43   42   45   45   48   48   51
   51   53   53   53   51   51   48   46   42   41   41   45   51   61   74   88
  104  119  134  146  155  163  172  181  189  195  197  201  198  201  194  194
  186  184  174  167  150  138  123  113  103   96   89   83   79   72   69   64
   60   56   53   52   48   48   46   46   45                                   
    57.5-180.0 180.0   5.0 450.0                            LAT/LON1/LON2/DLON/H
   49   48   45   47   46   44   41   39   39   37   39   39   41   42   45   46
   48   47   48   46   46   44   44   42   41   39   42   45   53   64   77   93
  109  126  141  152  161  171  181  189  199  204  208  207  208  205  204  199
  197  190  184  172  160  144  134  119  113  102   96   87   82   75   70   63
   58   53   50   48   46   48   48   49   49                                   
    55.0-180.0 180.0   5.0 450.0                            LAT/LON1/LON2/DLON/H
   58   56   55   52   50   46   43   39   36   34   34   36   37   40   41   44
   43   43   41   41   38   39   38   40   38   40   43   50   58   71   86  103
  123  142  156  168  178  187  196  205  213  219  220  222  217  218  212  213
  206  204  194  188  172  161  144  135  124  117  109  101   92   84   77   69
   65   58   56   54   53   53   55   60   58                                   
    52.5-180.0 180.0   5.0 450.0                            LAT/LON1/LON2/DLON/H
   71   68   62   63   56   52   46   41   36   33   32   33   36   37   41   40
   41   38   37   34   34   34   35   37   39   43   48   56   66   79   94  112
  133  151  163  175  185  195  205  214  223  228  232  230  230  226  225  220
  220  215  211  201  193  176  165  150  144  134  129  119  112  102   93   84
   77   71   68   65   65   64   66   68   71                                   
    50.0-180.0 180.0   5.0 450.0                            LAT/LON1/LON2/DLON/H
   88   81   78   73   69   62   56   48   43   38   35   37   38   42   43   44
   42   41   37   37   35   37   37   42   44   51   57   68   78   91  107  130
  148  167  179  192  200  208  218  227  235  241  242  244  238  239  234  236
  231  231  224  220  207  199  181  172  160  155  146  140  130  123  111  102
   93   88   84   83   82   80   81   87   88                                   
    47.5-180.0 180.0   5.0 450.0                            LAT/LON1/LON2/DLON/H
  102   97   90   89   80   74   66   60   52   48   45   45   47   49   52   50
   49   44   42   41   40   42   43   47   51   59   66   77   87  100  116  137
  156  173  186  199  208  217  227  235  245  249  253  252  250  246  244  241
  241  238  237  228  222  208  198  184  175  166  160  152  145  137  127  117
  109  102   99   96   97   94   95   94  102                                   
    45.0-180.0 180.0   5.0 450.0                            LAT/LON1/LON2/DLON/H
  116  104  102   98   93   87   81   75   69   63   61   61   61   64   64   64
   60   58   54   55   53   57   55   62   63   72   78   90  100  112  128  150
  166  184  197  210  220  227  238  246  254  259  258  261  254  255  250  251
  247  247  240  237  225  218  201  194  178  174  162  160  148  145  133  126
  115  112  105  106  106  101  104  106  116                                   
    42.5-180.0 180.0   5.0 450.0                            LAT/LON1/LON2/DLON/H
  120  110  104  106  100   96   92   87   81   77   74   75   76   77   78   76
   74   70   67   68   67   68   67   70   72   79   85   97  103  116  130  150
  167  185  201  214  226  235  246  254  262  264  267  263  261  257  257  252
  250  245  242  234  227  214  203  189  178  168  161  153  147  141  132  123
  115  110  106  104  105  102  104  101  120                                   
    40.0-180.0 180.0   5.0 450.0                            LAT/LON1/LON2/DLON/H
  118  102  102  102  102  101  100   98   95   92   91   92   94   95   95   93
   91   87   86   87   85   85   83   84   83   89   95  105  115  126  138  158
  173  193  209  223  236  246  257  264  269  271  269  268  263  264  260  258
  252  250  242  238  227  219  202  193  176  170  156  152  140  136  123  118
  106  101   94   96   97   93   97   97  118                                   
    37.5-180.0 180.0   5.0 450.0                            LAT/LON1/LON2/DLON/H
  105   95   87   95   94   98  100   99  100   98  100  100  104  105  107  104
  102  100   98  100   96   96   91   90   88   93   98  109  114  128  137  156
  172  192  211  227  242  255  267  273  280  278  278  272  273  268  268  261
  259  252  251  242  238  225  216  201  188  174  164  154  144  134  122  112
  102   94   89   84   87   83   84   81  105                                   
    35.0-180.0 180.0   5.0 450.0                            LAT/LON1/LON2/DLON/H
   93   76   73   76   82   87   94   97  100  103  107  110  116  117  118  115
  115  112  112  111  109  104   98   95   91   96  103  114  124  135  146  163
  179  199  219  237  254  268  279  286  290  291  287  287  284  286  282  280
  274  273  270  268  260  251  238  225  209  197  180  172  157  149  131  119
  104   96   85   79   80   73   74   68   93                                   
    32.5-180.0 180.0   5.0 450.0                            LAT/LON1/LON2/DLON/H
   79   69   57   66   67   76   81   87   92   96  103  108  115  117  119  119
  118  118  115  116  110  106   98   94   91   97  105  118  125  139  147  165
  180  203  223  245  264  280  293  298  305  303  306  303  309  307  311  305
  306  303  308  304  302  291  280  267  253  235  218  202  190  178  163  146
  129  113   99   88   83   74   71   61   79                                   
    30.0-180.0 180.0   5.0 450.0                            LAT/LON1/LON2/DLON/H
   76   63   55   57   60   65   72   77   83   91   98  108  115  119  121  119
  121  118  119  115  110  103   97   93   92  101  113  127  140  153  163  177
  192  212  237  260  281  297  309  316  319  322  323  331  337  345  349  352
  353  359  364  367  362  356  344  332  317  296  271  253  237  223  209  191
  171  150  131  119  104   88   79   65   76                                   
    27.5-180.0 180.0   5.0 450.0                            LAT/LON1/LON2/DLON/H
   81   77   58   60   57   62   63   68   74   80   89   98  106  112  114  115
  115  116  113  113  104  100   91   89   90  103  117  135  148  162  173  187
  201  222  247  272  292  309  322  329  338  342  352  360  375  385  400  402
  416  418  436  437  444  434  428  412  398  371  345  318  302  283  266  248
  228  205  185  163  141  116  104   85   81                                   
    25.0-180.0 180.0   5.0 450.0                            LAT/LON1/LON2/DLON/H
  100   90   73   67   66   65   64   66   68   73   81   91   99  103  107  107
  109  107  108  103   98   90   86   86   94  109  126  146  161  177  186  202
  218  240  266  289  307  326  338  350  359  373  383  401  415  436  451  466
  477  494  510  521  524  521  514  502  476  443  403  381  357  352  331  311
  290  270  245  223  195  161  140  119  100                                   
    22.5-180.0 180.0   5.0 450.0                            LAT/LON1/LON2/DLON/H
  130  127   99   91   81   79   71   70   67   70   73   82   88   94   97   98
  100  100   98   96   90   86   82   86   94  111  129  151  170  184  199  214
  232  254  281  304  321  341  355  373  388  404  422  439  464  481  508  521
  544  556  581  583  593  585  581  561  547  507  468  438  411  399  378  371
  349  333  309  286  255  222  189  161  130                                   
    20.0-180.0 180.0   5.0 450.0                            LAT/LON1/LON2/DLON/H
  169  157  132  116  106   96   87   80   73   70   71   76   81   86   90   90
   92   91   91   88   84   81   79   86   97  116  133  158  175  195  210  231
  250  273  300  317  335  358  377  401  418  439  458  484  508  537  558  578
  592  611  627  635  630  628  617  607  581  560  519  493  458  440  413  412
  394  385  361  345  317  277  247  220  169                                   
    17.5-180.0 180.0   5.0 450.0                            LAT/LON1/LON2/DLON/H
  217  200  165  152  132  127  110  100   88   80   76   76   78   78   82   80
   83   81   83   82   80   79   80   86  100  114  137  158  183  200  223  244
  268  291  319  339  353  381  398  429  445  471  491  519  548  574  598  612
  629  638  653  649  649  641  630  617  600  577  547  519  487  462  434  428
  412  403  387  376  354  330  300  265  217                                   
    15.0-180.0 180.0   5.0 450.0                            LAT/LON1/LON2/DLON/H
  257  228  194  176  156  144  134  118  106   92   87   79   81   79   80   78
   79   77   80   78   81   80   85   91  105  119  138  163  184  209  230  259
  281  309  334  352  371  396  420  450  470  500  520  551  572  598  611  628
  633  642  646  649  644  636  625  616  600  577  545  508  473  448  427  420
  409  405  390  385  369  354  331  300  257                                   
    12.5-180.0 180.0   5.0 450.0                            LAT/LON1/LON2/DLON/H
  286  248  218  198  177  166  149  140  126  114  105   92   90   80   81   74
   74   70   73   72   77   77   84   89  106  119  146  165  194  215  242  270
  295  329  352  378  390  421  437  470  488  519  536  563  581  598  609  616
  619  620  627  625  620  610  596  586  573  556  520  490  454  433  407  398
  380  377  367  367  360  357  343  311  286                                   
    10.0-180.0 180.0   5.0 450.0                            LAT/LON1/LON2/DLON/H
  293  259  234  214  194  180  165  153  144  128  122  108  105   92   90   83
   80   74   73   75   78   81   91   98  114  131  152  178  198  226  250  279
  304  338  364  387  404  428  450  479  497  526  541  564  570  586  585  587
  584  589  593  594  591  584  575  563  549  532  503  472  438  410  384  369
  355  347  342  344  345  346  341  316  293                                   
     7.5-180.0 180.0   5.0 450.0                            LAT/LON1/LON2/DLON/H
  292  263  244  224  205  190  175  166  154  143  137  123  118  105  100   90
   88   80   79   76   83   83   94  102  122  135  168  186  211  236  262  291
