data/unet/pred3080.15i
     1.0            IONOSPHERE MAPS     GNSS                IONEX VERSION / TYPE
pyspatialgeodesy        IME             05-JAN-18 20:20     PGM / RUN BY / DATE 
Map Name                                                    COMMENT             
Predicted global ionosphere maps (GIM).                     DESCRIPTION         
  2015    11     4     0     0     0                        EPOCH OF FIRST MAP  
  2015    11     5     0     0     0                        EPOCH OF LAST MAP   
  7200                                                      INTERVAL            
    13                                                      # OF MAPS IN FILE   
  NONE                                                      MAPPING FUNCTION    
10.0                                                        ELEVATION CUTOFF    
One-way carrier phase leveled to code                       OBSERVABLES USED    
  6371.0                                                    BASE RADIUS         
 2                                                          MAP DIMENSION       
   450.0 450.0   0.0                                        HGT1 / HGT2 / DHGT  
    87.5 -87.5  -2.5                                        LAT1 / LAT2 / DLAT  
  -180.0 180.0   5.0                                        LON1 / LON2 / DLON  
    -1                                                      EXPONENT            
                                                            END OF HEADER       
[from data line 2145]
     6                                                      START OF TEC MAP    
  2015    11     4    10     0     0                        EPOCH OF CURRENT MAP
    87.5-180.0 180.0   5.0 450.0                            LAT/LON1/LON2/DLON/H
   48   68   58   60   59   60   61   61   62   63   63   64   64   65   65   65
   65   65   64   64   63   63   62   61   59   59   58   57   57   57   58   58
   59   60   61   61   62   63   64   64   65   65   65   64   64   62   61   60
   59   58   56   56   54   54   52   52   50   50   48   49   48   48   46   47
   47   48   47   50   50   47   49   49   48                                   
    85.0-180.0 180.0   5.0 450.0                            LAT/LON1/LON2/DLON/H
   66   64   65   69   67   71   71   76   75   80   77   81   78   81   78   80
   78   81   78   81   78   81   79   83   80   84   81   85   82   85   83   86
   84   87   85   87   85   87   84   86   83   84   80   81   77   77   72   72
   68   68   63   63   60   60   56   56   54   54   50   52   49   51   48   50
   49   50   50   51   51   54   61   54   66                                   
    82.5-180.0 180.0   5.0 450.0                            LAT/LON1/LON2/DLON/H
   52   63   59   64   62   66   68   72   73   76   75   78   75   77   74   76
   74   75   74   75   75   75   77   77   78   79   80   81   81   83   83   85
   85   87   88   90   90   92   92   92   91   90   89   87   84   82   78   77
   73   71   66   65   60   59   54   53   49   49   44   45   41   43   39   41
   38   40   38   40   40   44   49   41   52                                   
    80.0-180.0 180.0   5.0 450.0                            LAT/LON1/LON2/DLON/H
   53   58   52   56   55   61   62   66   66   69   66   68   65   66   62   64
   61   62   60   61   60   62   61   64   64   68   70   72   75   75   79   79
   84   85   90   92   96   98  101  102  103  103  102  101   98   95   90   88
   83   80   75   73   67   65   60   58   53   52   47   47   42   43   38   39
   35   37   33   35   33   36   41   38   53                                   
    77.5-180.0 180.0   5.0 450.0                            LAT/LON1/LON2/DLON/H
   45   56   53   56   58   62   65   65   67   64   64   61   59   56   55   52
   52   51   51   52   53   54   55   56   59   61   65   66   69   71   74   77
   81   86   91   98  102  109  111  116  117  119  117  118  114  113  108  107
  101   99   92   91   84   82   76   74   68   67   62   60   56   53   50   48
   44   43   41   40   38   40   42   31   45                                   
    75.0-180.0 180.0   5.0 450.0                            LAT/LON1/LON2/DLON/H
   47   56   54   57   58   62   63   64   61   61   57   56   49   48   43   43
   39   42   41   44   43   48   47   51   51   56   56   62   63   69   71   79
   83   93   99  109  115  124  129  135  136  139  137  138  133  133  127  127
  121  119  113  110  105  100   96   91   88   82   80   75   71   67   64   59
   55   53   50   49   45   47   46   37   47                                   
    72.5-180.0 180.0   5.0 450.0                            LAT/LON1/LON2/DLON/H
   47   58   57   59   61   63   63   62   61   57   55   50   45   40   38   34
   34   34   37   40   43   47   50   52   54   55   59   60   63   67   72   78
   86   97  107  118  128  137  144  149  152  154  154  155  153  153  149  149
  143  140  134  129  124  119  115  110  105  100   95   90   84   80   76   71
   66   62   59   56   53   52   52   44   47                                   
    70.0-180.0 180.0   5.0 450.0                            LAT/LON1/LON2/DLON/H
   55   60   66   64   65   66   65   64   61   59   53   50   43   40   34   34
   32   35   37   42   45   52   54   58   59   63   61   65   65   70   74   83
   93  108  121  137  149  160  167  174  176  180  179  181  178  179  174  173
  168  163  158  151  147  139  134  127  123  116  111  105  100   95   89   85
   79   76   71   69   63   63   60   58   55                                   
    67.5-180.0 180.0   5.0 450.0                            LAT/LON1/LON2/DLON/H
   58   63   67   68   67   68   67   66   64   60   57   51   46   42   39   37
   37   38   43   48   53   60   64   67   68   69   67   67   69   72   78   87
  102  116  133  148  161  174  184  191  196  201  201  202  200  199  195  191
  188  181  177  168  162  153  145  136  128  122  115  108  103   97   92   86
   81   77   74   71   68   66   66   63   58                                   
    65.0-180.0 180.0   5.0 450.0                            LAT/LON1/LON2/DLON/H
   62   64   70   67   67   67   66   67   65   63   59   57   51   50   46   47
   46   50   53   59   64   70   72   76   75   78   71   73   70   75   80   93
  108  129  146  163  180  193  205  215  220  225  222  226  221  222  215  213
  205  199  191  182  174  161  151  139  130  122  115  108  100   95   89   85
   79   77   73   74   70   70   68   74   62                                   
    62.5-180.0 180.0   5.0 450.0                            LAT/LON1/LON2/DLON/H
   61   63   68   67   64   67   65   69   65   65   62   60   58   56   57   57
   57   59   61   66   69   75   75   78   76   76   72   70   70   72   83   95
  117  135  155  172  190  207  217  229  233  236  235  236  235  232  230  223
  220  207  202  189  180  164  151  139  128  119  109  101   92   86   79   76
   69   68   66   67   67   67   67   68   61                                   
    60.0-180.0 180.0   5.0 450.0                            LAT/LON1/LON2/DLON/H
   59   61   64   59   58   58   59   61   62   62   61   62   62   64   65   67
   68   69   70   71   74   75   75   77   75   75   70   71   70   77   86  104
  124  147  168  187  209  223  237  245  245  250  246  250  246  247  241  237
  230  220  211  198  188  170  156  140  129  119  109  100   91   82   76   69
   64   61   60   63   63   66   63   72   59                                   
    57.5-180.0 180.0   5.0 450.0                            LAT/LON1/LON2/DLON/H
   56   58   62   60   54   55   52   56   55   58   57   60   61   64   68   71
   72   72   72   71   70   70   69   69   66   66   61   64   67   76   91  108
  133  152  175  193  213  229  238  247  247  250  249  251  251  249  247  239
  238  226  221  206  195  176  161  146  133  124  111  103   89   82   71   66
   56   55   53   56   57   64   64   63   56                                   
    55.0-180.0 180.0   5.0 450.0                            LAT/LON1/LON2/DLON/H
   56   61   60   55   51   49   47   48   48   50   50   56   58   64   68   73
   73   72   70   67   64   62   61   60   59   56   55   57   64   75   94  117
  141  164  185  201  221  235  244  253  253  259  255  260  258  258  253  250
  246  238  232  218  208  190  175  158  144  134  123  114  101   90   79   69
   62   57   57   58   59   66   66   70   56                                   
    52.5-180.0 180.0   5.0 450.0                            LAT/LON1/LON2/DLON/H
   61   67   64   63   55   55   48   48   43   43   43   49   52   59   65   69
   70   69   65   62   57   54   54   53   53   53   49   57   63   79  101  125
  150  171  188  204  218  234  240  252  250  258  257  262  262  262  260  255
  255  246  242  228  218  203  188  173  159  149  136  127  115  104   90   82
   71   67   62   64   62   71   71   70   61                                   
    50.0-180.0 180.0   5.0 450.0                            LAT/LON1/LON2/DLON/H
   68   75   73   67   61   58   50   48   42   39   37   43   46   56   59   66
   65   65   59   54   50   49   48   50   52   54   56   59   75   88  118  142
  167  188  203  217  226  238  243  256  258  268  267  273  270  272  268  266
  264  257  251  241  231  216  202  186  173  162  151  144  131  123  108  100
   86   80   76   76   74   78   80   80   68                                   
    47.5-180.0 180.0   5.0 450.0                            LAT/LON1/LON2/DLON/H
   80   90   84   82   73   71   59   56   47   43   37   41   44   53   58   65
   65   64   60   54   52   51   53   56   58   64   64   76   84  107  127  155
  173  196  205  224  229  244  245  259  259  270  269  277  274  276  274  271
  269  262  257  246  237  222  209  193  179  168  159  151  144  134  124  112
  102   94   88   87   84   88   90   86   80                                   
    45.0-180.0 180.0   5.0 450.0                            LAT/LON1/LON2/DLON/H
   87   96   95   92   88   85   76   68   57   49   43   45   47   56   60   68
   66   68   61   60   54   58   56   65   65   74   76   86  102  118  142  170
  185  206  215  230  235  246  251  262  265  276  274  281  276  280  277  275
  272  266  261  250  242  227  212  195  181  169  159  154  146  142  130  124
  112  106   97   99   94   97   97   94   87                                   
    42.5-180.0 180.0   5.0 450.0                            LAT/LON1/LON2/DLON/H
   91  104  100  101   96   96   89   83   70   64   56   58   58   65   69   75
   75   75   73   70   69   70   73   80   82   90   92  105  114  134  147  175
  183  207  214  232  238  251  255  266  266  275  273  279  275  278  277  274
  272  264  260  249  240  224  208  189  174  160  153  146  142  136  130  121
  114  105  100   95   96   96   99   90   91                                   
    40.0-180.0 180.0   5.0 450.0                            LAT/LON1/LON2/DLON/H
   88   94   97   96  101   99  103   94   91   80   76   74   75   80   83   87
   87   88   85   86   83   85   84   90   92   99  107  117  132  143  157  180
  187  210  215  235  238  255  259  271  274  280  276  279  276  280  279  278
  276  270  267  256  246  227  210  188  171  157  148  141  134  129  121  116
  105   96   90   87   91   86   91   88   88                                   
    37.5-180.0 180.0   5.0 450.0                            LAT/LON1/LON2/DLON/H
   83   83   82   90   94   98  102   99   97   94   92   95   95  100  101  102
  101  101   98   98   96   97   97  101  104  112  122  134  141  155  158  182
  186  209  217  240  249  266  269  280  281  286  281  283  281  284  285  283
  283  277  276  265  256  236  219  197  179  162  153  143  135  126  118  107
   99   86   81   75   76   70   78   73   83                                   
    35.0-180.0 180.0   5.0 450.0                            LAT/LON1/LON2/DLON/H
   76   62   71   68   81   83   96   94  103   95  106  105  115  116  121  118
  119  115  114  113  110  110  107  109  113  122  138  148  159  164  169  179
  191  206  219  243  255  276  279  292  288  295  289  291  290  296  298  299
  299  297  295  288  278  262  243  221  202  186  171  162  149  138  123  112
   98   88   80   68   70   57   67   64   76                                   
    32.5-180.0 180.0   5.0 450.0                            LAT/LON1/LON2/DLON/H
   68   58   53   61   62   71   77   83   90   94  106  113  124  129  132  132
  128  127  121  121  113  113  107  106  114  124  139  155  165  175  179  187
  197  212  228  254  270  290  294  306  302  308  303  306  306  312  316  318
  322  321  325  320  313  298  282  262  245  227  212  197  183  171  151  135
  118  108   92   81   72   62   66   58   68                                   
    30.0-180.0 180.0   5.0 450.0                            LAT/LON1/LON2/DLON/H
   68   51   57   45   62   60   75   72   86   84  106  110  128  131  140  138
  137  135  131  129  121  117  112  110  117  127  143  156  168  176  182  189
  201  216  241  263  289  305  315  325  321  326  322  328  331  342  348  355
  360  365  371  372  366  354  335  318  303  288  269  252  234  219  198  177
  154  139  120  107   93   74   78   68   68                                   
    27.5-180.0 180.0   5.0 450.0                            LAT/LON1/LON2/DLON/H
   80   66   60   55   51   54   59   64   67   76   89  105  117  129  131  136
  132  133  125  126  117  113  108  105  112  122  138  160  174  185  190  196
  207  227  252  279  303  323  331  345  342  353  350  357  365  375  390  394
  405  409  422  422  421  410  400  386  376  359  342  318  295  278  258  237
  211  187  164  149  125  108  103   80   80                                   
    25.0-180.0 180.0   5.0 450.0                            LAT/LON1/LON2/DLON/H
  106   96   92   65   70   57   71   60   77   73   91   95  113  117  124  123
  124  124  120  119  112  110  104  105  112  122  142  163  183  195  204  211
  224  241  278  298  326  341  357  366  372  382  384  397  404  423  430  444
  451  462  476  480  480  476  469  465  455  441  416  390  361  342  316  297
  271  251  225  210  186  168  147  118  106                                   
    22.5-180.0 180.0   5.0 450.0                            LAT/LON1/LON2/DLON/H
  133  141  122   99   89   71   72   65   72   69   81   87   95  102  107  108
  110  109  107  107  103  102  100  102  108  122  142  171  188  208  214  225
  238  259  295  319  342  364  375  394  399  416  419  434  445  461  473  482
  496  505  524  527  535  529  532  526  522  504  474  449  416  398  374  361
  330  315  289  278  254  236  206  162  133                                   
    20.0-180.0 180.0   5.0 450.0                            LAT/LON1/LON2/DLON/H
  175  201  186  151  133  105   94   75   84   73   89   83   95   92  101   96
  102   97   99   97   96   98   97  103  111  126  147  171  192  210  222  236
  254  274  310  329  354  375  396  414  430  446  455  471  483  506  515  532
  538  548  560  567  573  572  574  571  568  549  518  485  451  429  411  400
  376  366  343  336  315  297  267  219  175                                   
    17.5-180.0 180.0   5.0 450.0                            LAT/LON1/LON2/DLON/H
  217  255  230  215  179  141  122   98   97   81   90   82   89   84   88   87
   94   90   94   91   94   97  100  104  116  127  149  173  196  217  237  253
  277  300  327  352  368  396  413  438  452  473  484  502  515  531  544  551
  562  561  581  585  596  591  594  591  587  570  539  503  462  436  415  411
  393  386  369  366  353  337  313  272  217                                   
    15.0-180.0 180.0   5.0 450.0                            LAT/LON1/LON2/DLON/H
  259  295  287  267  232  203  167  139  124  107  105   92   97   88   93   86
   94   88   95   94   97  101  104  108  117  130  150  173  193  215  235  260
  285  310  336  361  379  410  431  457  473  496  510  532  541  550  556  562
  570  578  594  599  600  594  596  590  584  570  542  501  459  425  409  395
  393  381  371  371  366  361  339  300  259                                   
    12.5-180.0 180.0   5.0 450.0                            LAT/LON1/LON2/DLON/H
  273  312  302  292  255  230  197  173  154  130  125  106  106   91   98   88
   94   87   93   91   98   98  107  106  120  128  155  175  198  221  245  272
  296  327  347  379  393  426  446  474  487  511  525  539  547  552  560  559
  576  579  599  594  590  581  580  573  567  548  522  483  446  416  396  380
  365  352  346  350  352  355  341  308  273                                   
    10.0-180.0 180.0   5.0 450.0                            LAT/LON1/LON2/DLON/H
  256  297  298  280  255  238  219  206  189  162  148  125  122  107  110  101
  101   95   99   97  101  102  106  110  122  136  160  182  203  227  253  283
  305  339  362  393  411  443  461  488  499  525  538  558  562  565  565  566
  576  584  591  588  581  574  568  562  550  531  501  465  435  401  379  353
  336  322  320  329  331  337  331  304  256                                   
     7.5-180.0 180.0   5.0 450.0                            LAT/LON1/LON2/DLON/H
  246  280  278  274  250  235  223  217  197  185  167  145  136  117  119  104
  107   98  107  101  108  103  112  111  128  141  168  190  212  238  263  295
