data/unet/pred1570.15i
     1.0            IONOSPHERE MAPS     GNSS                IONEX VERSION / TYPE
pyspatialgeodesy        IME             05-JAN-18 20:20     PGM / RUN BY / DATE 
Map Name                                                    COMMENT             
Predicted global ionosphere maps (GIM).                     DESCRIPTION         
  2015     6     6     0     0     0                        EPOCH OF FIRST MAP  
  2015     6     7     0     0     0                        EPOCH OF LAST MAP   
  7200                                                      INTERVAL            
    13                                                      # OF MAPS IN FILE   
  NONE                                                      MAPPING FUNCTION    
10.0                                                        ELEVATION CUTOFF    
One-way carrier phase leveled to code                       OBSERVABLES USED    
  6371.0                                                    BASE RADIUS         
 2                                                          MAP DIMENSION       
   450.0 450.0   0.0                                        HGT1 / HGT2 / DHGT  
    87.5 -87.5  -2.5                                        LAT1 / LAT2 / DLAT  
  -180.0 180.0   5.0                                        LON1 / LON2 / DLON  
    -1                                                      EXPONENT            
                                                            END OF HEADER       
[from data line 4290]
    11                                                      START OF TEC MAP    
  2015     6     6    20     0     0                        EPOCH OF CURRENT MAP
    87.5-180.0 180.0   5.0 450.0                            LAT/LON1/LON2/DLON/H
  241  224  218  221  218  220  218  221  219  221  219  220  218  220  217  218
  216  217  214  214  212  211  209  208  206  206  203  203  200  200  198  198
  196  195  194  194  193  193  193  193  193  194  195  197  197  199  199  202
  201  204  204  206  206  208  208  210  210  212  211  214  213  215  214  217
  216  219  217  217  213  213  213  214  241                                   
    85.0-180.0 180.0   5.0 450.0                            LAT/LON1/LON2/DLON/H
  218  225  225  227  227  226  228  227  229  228  230  227  229  226  227  225
  225  222  223  220  219  216  215  212  211  207  206  203  202  199  198  196
  195  193  193  192  191  191  191  191  191  192  193  195  196  198  199  201
  202  204  206  207  209  209  212  212  215  214  216  215  218  217  219  218
  221  220  223  219  218  212  222  230  218                                   
    82.5-180.0 180.0   5.0 450.0                            LAT/LON1/LON2/DLON/H
  228  227  229  229  230  231  232  234  234  235  235  235  235  235  234  233
  232  232  229  229  226  224  221  219  216  213  209  207  203  201  197  195
  192  191  189  189  187  188  186  188  187  189  189  192  192  195  196  199
  200  203  204  207  208  211  211  214  214  216  216  217  217  219  218  220
  221  223  223  222  221  221  222  230  228                                   
    80.0-180.0 180.0   5.0 450.0                            LAT/LON1/LON2/DLON/H
  232  225  225  223  225  226  229  230  231  231  233  232  233  231  233  231
  233  230  232  228  229  225  225  220  218  212  210  204  202  196  193  188
  187  183  183  180  181  179  180  180  181  181  184  184  187  188  191  192
  195  196  200  200  204  204  207  207  210  208  211  209  212  210  213  211
  215  214  218  214  215  214  216  225  232                                   
    77.5-180.0 180.0   5.0 450.0                            LAT/LON1/LON2/DLON/H
  224  218  218  217  220  222  226  227  229  229  231  231  233  232  234  233
  235  234  235  234  234  231  230  226  223  218  213  209  203  198  193  190
  185  184  181  181  180  180  180  181  181  183  183  185  185  188  189  192
  193  196  197  200  201  203  204  206  206  207  207  208  208  208  208  208
  209  210  211  208  208  207  209  218  224                                   
    75.0-180.0 180.0   5.0 450.0                            LAT/LON1/LON2/DLON/H
  227  216  218  217  219  222  224  225  226  227  229  229  230  230  232  232
  234  234  237  236  237  235  235  231  229  223  219  213  208  202  198  193
  191  188  187  186  186  185  186  186  187  187  188  188  189  189  191  192
  193  194  196  197  198  199  201  201  203  203  205  203  206  204  206  204
  206  205  208  205  207  205  208  218  227                                   
    72.5-180.0 180.0   5.0 450.0                            LAT/LON1/LON2/DLON/H
  226  219  218  219  220  223  225  227  228  229  230  231  232  232  234  234
  236  238  239  241  242  242  240  238  234  230  223  219  211  208  202  200
  195  196  193  194  192  193  192  193  191  192  190  192  190  192  190  193
  192  195  194  197  196  198  198  200  201  203  203  205  206  206  206  207
  207  208  209  207  207  207  210  222  226                                   
    70.0-180.0 180.0   5.0 450.0                            LAT/LON1/LON2/DLON/H
  236  226  226  225  226  228  228  230  230  232  232  233  233  233  234  234
  236  237  240  242  244  244  243  240  236  231  226  220  214  210  206  204
  203  202  201  201  201  200  200  199  198  197  196  194  193  192  192  192
  191  192  191  193  191  193  193  196  197  200  202  204  208  209  211  211
  214  214  216  214  215  213  217  228  236                                   
    67.5-180.0 180.0   5.0 450.0                            LAT/LON1/LON2/DLON/H
  242  235  233  234  233  235  236  237  238  238  239  239  239  238  239  238
  239  240  242  244  246  246  245  242  238  233  226  221  215  213  209  210
  208  210  208  209  207  206  204  204  201  200  197  197  194  193  190  190
  188  189  187  188  187  188  189  192  195  198  203  206  211  215  218  220
  221  224  225  223  224  222  227  237  242                                   
    65.0-180.0 180.0   5.0 450.0                            LAT/LON1/LON2/DLON/H
  258  248  246  245  244  245  245  246  245  247  246  246  244  243  242  241
  240  241  242  244  245  246  243  241  236  231  224  219  215  213  212  212
  214  214  215  214  213  211  209  206  206  203  201  198  196  193  190  188
  186  185  184  183  182  183  183  186  189  195  199  207  213  219  225  227
  232  233  236  234  236  234  238  245  258                                   
    62.5-180.0 180.0   5.0 450.0                            LAT/LON1/LON2/DLON/H
  264  261  258  257  256  256  256  255  255  254  254  253  252  249  248  246
  245  243  243  243  245  244  243  239  235  229  223  219  216  216  215  218
  219  221  220  220  217  215  212  210  209  207  204  201  197  194  189  187
  183  182  179  178  177  176  177  179  184  189  197  205  214  223  229  234
  238  241  244  243  245  246  249  256  264                                   
    60.0-180.0 180.0   5.0 450.0                            LAT/LON1/LON2/DLON/H
  279  273  270  270  267  268  265  265  262  263  260  260  258  256  253  250
  247  245  243  243  242  242  239  237  232  227  222  218  217  217  220  222
  225  226  226  224  221  218  217  214  214  212  209  205  200  195  190  186
  183  179  177  174  172  171  169  172  174  182  188  200  210  222  230  237
  242  246  251  250  253  254  258  264  279                                   
    57.5-180.0 180.0   5.0 450.0                            LAT/LON1/LON2/DLON/H
  281  281  280  280  280  278  279  276  275  271  270  266  266  262  259  255
  251  246  243  241  240  239  238  236  232  227  223  221  220  222  225  230
  232  233  231  229  225  222  220  219  218  217  214  210  203  197  190  185
  179  177  172  170  167  165  163  164  166  172  179  192  202  216  225  235
  240  246  250  251  255  258  264  271  281                                   
    55.0-180.0 180.0   5.0 450.0                            LAT/LON1/LON2/DLON/H
  291  288  290  292  290  291  287  285  281  278  275  272  271  267  265  259
  255  249  244  241  238  238  237  236  233  229  226  224  225  227  232  236
  239  239  238  233  232  227  228  226  227  224  221  215  208  199  193  185
  180  174  171  167  164  160  157  157  156  161  167  180  192  207  219  229
  237  243  248  250  254  258  265  273  291                                   
    52.5-180.0 180.0   5.0 450.0                            LAT/LON1/LON2/DLON/H
  289  292  296  299  304  302  304  299  296  290  286  281  279  275  272  266
  261  252  246  240  239  237  239  238  237  234  231  231  232  236  240  245
  246  247  244  241  237  234  233  233  232  230  225  220  210  202  192  186
  177  173  167  164  159  157  152  151  148  152  155  168  178  195  207  219
  228  236  243  246  251  257  264  276  289                                   
    50.0-180.0 180.0   5.0 450.0                            LAT/LON1/LON2/DLON/H
  298  295  303  310  314  316  316  313  308  302  296  290  287  282  280  275
  269  259  251  244  241  240  242  242  242  240  239  238  240  242  248  251
  254  252  253  248  248  243  244  241  241  236  232  223  215  204  196  186
  179  172  168  163  159  154  149  147  143  145  147  157  168  184  198  211
  222  232  241  244  250  255  264  276  298                                   
    47.5-180.0 180.0   5.0 450.0                            LAT/LON1/LON2/DLON/H
  296  300  308  315  326  328  334  331  328  320  313  305  300  296  292  287
  279  269  259  250  247  245  248  248  250  248  248  247  249  252  255  259
  260  261  260  259  257  255  252  250  246  241  233  225  214  205  195  188
  179  174  167  165  157  155  147  147  140  142  141  151  159  175  189  203
  217  228  238  242  249  255  264  277  296                                   
    45.0-180.0 180.0   5.0 450.0                            LAT/LON1/LON2/DLON/H
  305  304  314  324  333  341  347  347  345  338  331  321  316  308  305  297
  290  279  269  258  254  251  255  256  259  258  259  258  259  260  263  265
  268  269  271  270  271  267  266  261  256  248  240  228  219  208  201  191
  185  177  172  166  161  155  150  147  142  142  142  148  158  172  188  204
  219  230  242  246  254  259  269  281  305                                   
    42.5-180.0 180.0   5.0 450.0                            LAT/LON1/LON2/DLON/H
  305  309  318  328  341  348  360  362  366  360  355  345  339  330  324  317
  308  297  285  273  268  265  269  269  273  272  274  273  273  273  274  276
  279  283  285  288  286  284  278  273  263  254  241  231  220  213  204  198
  189  185  176  172  163  160  152  151  145  147  145  152  159  174  189  206
  222  234  246  250  260  265  277  289  305                                   
    40.0-180.0 180.0   5.0 450.0                            LAT/LON1/LON2/DLON/H
  314  315  322  332  342  355  367  375  382  381  378  370  364  352  346  334
  325  312  301  289  285  280  283  285  288  289  289  290  287  285  284  287
  291  298  303  306  305  300  292  284  273  263  250  239  229  221  214  207
  200  192  185  176  170  163  158  155  151  152  152  157  166  180  196  214
  231  243  255  260  269  274  286  296  314                                   
    37.5-180.0 180.0   5.0 450.0                            LAT/LON1/LON2/DLON/H
  315  321  327  335  347  355  371  381  393  397  399  396  390  381  371  359
  348  336  323  312  305  301  303  304  308  308  310  308  307  304  303  305
  312  321  327  330  324  317  304  294  279  269  254  245  233  228  220  216
  206  201  190  184  173  169  160  159  155  158  157  164  172  186  203  220
  237  247  259  264  277  281  295  303  315                                   
    35.0-180.0 180.0   5.0 450.0                            LAT/LON1/LON2/DLON/H
  321  327  331  342  346  360  372  387  399  410  416  416  412  404  394  381
  369  355  343  333  327  322  323  325  327  331  332  334  331  328  326  330
  337  345  350  348  341  329  316  302  289  278  264  255  245  239  231  225
  216  207  197  188  179  171  165  161  158  160  161  167  176  190  206  224
  240  251  264  268  279  283  298  307  321                                   
    32.5-180.0 180.0   5.0 450.0                            LAT/LON1/LON2/DLON/H
  319  330  336  345  352  359  374  386  404  417  426  431  429  425  416  407
  395  384  370  359  350  345  345  345  350  353  360  360  362  357  356  358
  365  371  372  365  354  337  322  308  295  284  271  262  252  246  237  231
  220  212  198  190  177  171  162  160  155  158  158  166  174  189  205  222
  237  248  260  264  278  285  301  310  319                                   
    30.0-180.0 180.0   5.0 450.0                            LAT/LON1/LON2/DLON/H
  322  333  339  351  354  366  375  393  407  426  437  447  448  448  441  435
  423  413  397  386  376  370  368  370  374  380  387  392  390  386  383  383
  388  388  386  373  358  337  321  306  295  286  275  268  257  249  240  233
  222  211  198  187  175  167  160  156  152  151  152  158  167  182  198  216
  231  242  255  260  273  278  296  309  322                                   
    27.5-180.0 180.0   5.0 450.0                            LAT/LON1/LON2/DLON/H
  319  333  342  353  360  368  380  394  414  432  446  459  463  468  463  461
  450  442  426  413  399  392  389  389  396  401  411  413  415  408  405  402
  405  400  393  374  354  328  311  295  287  279  272  264  253  244  234  227
  216  204  191  180  168  160  152  150  145  146  145  149  158  171  186  204
  219  232  243  251  263  275  294  308  319                                   
    25.0-180.0 180.0   5.0 450.0                            LAT/LON1/LON2/DLON/H
  323  337  347  360  364  376  386  405  420  442  456  476  484  493  490  489
  480  472  455  442  425  416  411  412  419  426  434  437  436  427  423  416
  416  404  393  366  340  311  292  279  272  267  260  255  244  233  222  211
  200  189  178  168  157  150  144  142  138  139  138  141  145  157  171  190
  207  220  236  243  259  266  288  306  323                                   
    22.5-180.0 180.0   5.0 450.0                            LAT/LON1/LON2/DLON/H
  322  338  350  362  373  383  396  411  427  449  468  488  503  513  515  512
  503  495  479  466  448  437  431  433  439  446  453  452  450  439  433  423
  418  402  381  347  316  284  266  254  250  248  242  237  226  215  201  190
  181  171  163  153  146  139  134  134  131  132  129  131  134  142  155  172
  188  205  221  235  249  264  284  303  322                                   
    20.0-180.0 180.0   5.0 450.0                            LAT/LON1/LON2/DLON/H
  325  341  355  368  375  390  401  420  435  456  474  501  517  535  535  534
  523  518  504  493  474  465  454  453  458  461  465  460  457  443  436  422
  411  388  361  322  286  255  235  229  226  226  223  217  210  195  185  171
  165  153  148  140  135  130  127  128  125  126  122  122  122  128  138  154
  173  192  215  228  247  258  281  299  325                                   
    17.5-180.0 180.0   5.0 450.0                            LAT/LON1/LON2/DLON/H
  323  341  354  366  380  391  407  420  434  455  474  502  525  544  551  548
  539  531  518  509  494  484  474  472  471  472  471  465  458  444  432  414
  397  369  336  293  259  228  214  205  206  204  203  197  189  177  168  156
  149  139  135  129  126  124  122  123  120  120  116  114  112  117  124  139
  156  180  202  224  242  260  278  296  323                                   
    15.0-180.0 180.0   5.0 450.0                            LAT/LON1/LON2/DLON/H
  323  338  353  365  375  393  403  420  433  451  470  498  523  547  556  560
  552  543  533  528  513  504  492  483  480  474  471  461  452  435  423  400
  380  349  314  274  242  217  202  196  195  192  193  185  181  168  162  150
  143  133  128  123  121  119  117  118  114  114  109  107  103  105  111  124
  143  167  198  219  242  255  277  291  323                                   
    12.5-180.0 180.0   5.0 450.0                            LAT/LON1/LON2/DLON/H
  319  335  348  360  373  385  402  409  423  439  458  486  513  538  554  559
  558  554  545  537  525  515  504  496  486  478  469  458  446  429  411  388
  363  332  299  262  237  214  203  194  193  189  188  181  178  167  161  148
  141  130  125  120  118  116  113  112  109  108  102  100   94   97   99  113
  127  155  184  214  234  255  270  286  319                                   
    10.0-180.0 180.0   5.0 450.0                            LAT/LON1/LON2/DLON/H
  318  330  345  355  365  381  391  406  415  433  449  474  499  524  540  552
  555  556  552  548  537  527  513  499  488  475  464  451  439  420  403  379
  355  326  297  267  246  229  218  211  207  199  197  191  187  176  169  155
  147  134  126  120  116  114  109  106  101  100   95   93   89   89   90  101
  115  140  173  201  227  246  266  277  318                                   
     7.5-180.0 180.0   5.0 450.0                            LAT/LON1/LON2/DLON/H
  313  329  350  358  371  379  393  397  407  417  436  456  479  502  519  534
  543  550  549  547  536  529  513  502  486  473  458  445  430  411  391  368
