data/unet/pred1140.15i
     1.0            IONOSPHERE MAPS     GNSS                IONEX VERSION / TYPE
pyspatialgeodesy        IME             05-JAN-18 20:20     PGM / RUN BY / DATE 
Map Name                                                    COMMENT             
Predicted global ionosphere maps (GIM).                     DESCRIPTION         
  2015     4    24     0     0     0                        EPOCH OF FIRST MAP  
  2015     4    25     0     0     0                        EPOCH OF LAST MAP   
  7200                                                      INTERVAL            
    13                                                      # OF MAPS IN FILE   
  NONE                                                      MAPPING FUNCTION    
10.0                                                        ELEVATION CUTOFF    
One-way carrier phase leveled to code                       OBSERVABLES USED    
  6371.0                                                    BASE RADIUS         
 2                                                          MAP DIMENSION       
   450.0 450.0   0.0                                        HGT1 / HGT2 / DHGT  
    87.5 -87.5  -2.5                                        LAT1 / LAT2 / DLAT  
  -180.0 180.0   5.0                                        LON1 / LON2 / DLON  
    -1                                                      EXPONENT            
                                                            END OF HEADER       
[from data line 3003]
     8                                                      START OF TEC MAP    
  2015     4    24    14     0     0                        EPOCH OF CURRENT MAP
    87.5-180.0 180.0   5.0 450.0                            LAT/LON1/LON2/DLON/H
  229  247  264  269  274  274  278  276  279  278  281  278  280  277  280  276
  278  275  278  274  275  272  274  272  272  271  273  272  274  273  276  273
  276  273  275  271  272  268  269  264  265  261  262  258  259  256  257  254
  255  252  253  250  251  248  249  247  248  246  247  246  247  246  247  247
  249  250  252  249  249  246  256  215  229                                   
    85.0-180.0 180.0   5.0 450.0                            LAT/LON1/LON2/DLON/H
  236  240  248  260  263  268  272  274  277  278  281  280  282  281  282  280
  281  279  279  277  275  274  273  272  272  271  272  271  272  272  273  272
  272  271  272  269  268  266  264  261  259  256  255  252  250  248  248  245
  244  242  242  239  238  235  234  232  231  229  228  227  227  226  227  227
  230  231  234  233  237  234  239  238  236                                   
    82.5-180.0 180.0   5.0 450.0                            LAT/LON1/LON2/DLON/H
  226  224  228  238  244  253  260  264  269  272  276  276  278  276  279  275
  277  273  274  271  271  268  268  266  266  266  267  266  267  267  269  268
  269  268  269  267  266  263  261  258  255  251  249  245  242  240  238  236
  234  233  231  230  227  225  222  219  215  212  210  208  207  205  205  205
  207  208  210  212  214  215  221  227  226                                   
    80.0-180.0 180.0   5.0 450.0                            LAT/LON1/LON2/DLON/H
  202  210  211  224  229  238  245  251  255  259  261  262  263  261  261  258
  258  256  256  254  253  251  251  250  250  250  252  251  254  255  257  258
  260  261  262  261  261  259  257  253  251  247  245  241  238  235  233  230
  229  226  226  222  222  218  216  211  209  204  201  197  196  193  191  190
  190  190  190  192  191  193  198  205  202                                   
    77.5-180.0 180.0   5.0 450.0                            LAT/LON1/LON2/DLON/H
  187  192  197  211  216  226  233  239  243  246  248  249  248  246  244  241
  240  236  238  234  237  233  237  235  238  238  242  242  247  247  253  253
  259  258  265  261  267  260  265  257  259  252  253  246  246  242  241  238
  236  236  234  234  231  230  227  225  220  216  210  207  200  197  190  189
  184  186  181  181  177  181  187  192  187                                   
    75.0-180.0 180.0   5.0 450.0                            LAT/LON1/LON2/DLON/H
  176  184  190  202  208  216  223  229  233  235  236  235  235  230  228  223
  222  219  220  218  221  220  224  224  228  229  232  234  238  240  246  249
  255  258  264  264  269  266  271  266  269  263  266  259  259  254  255  251
  251  250  250  248  248  246  244  240  236  230  225  220  213  208  200  196
  190  187  182  177  176  173  177  184  176                                   
    72.5-180.0 180.0   5.0 450.0                            LAT/LON1/LON2/DLON/H
  172  177  183  196  200  210  216  223  226  229  230  229  227  223  220  215
  214  211  214  212  217  217  224  225  232  232  239  239  245  245  252  254
  260  264  271  273  278  278  283  281  283  280  282  277  277  273  274  270
  271  269  271  269  269  267  265  261  256  250  242  235  227  219  210  202
  193  189  181  177  172  171  175  178  172                                   
    70.0-180.0 180.0   5.0 450.0                            LAT/LON1/LON2/DLON/H
  164  166  174  186  193  201  209  215  219  221  223  219  218  213  212  206
  206  204  208  208  214  216  224  226  232  235  239  241  244  244  251  252
  259  263  271  275  283  284  292  291  297  295  299  293  294  289  291  286
  288  285  287  285  285  282  278  274  266  260  249  241  233  223  216  205
  197  188  182  173  170  163  166  172  164                                   
    67.5-180.0 180.0   5.0 450.0                            LAT/LON1/LON2/DLON/H
  154  154  158  170  178  190  198  205  210  215  217  216  215  213  211  209
  208  209  213  216  222  227  234  237  243  245  249  249  251  251  252  255
  258  266  271  279  285  293  300  304  309  311  313  310  309  305  305  300
  300  297  297  294  292  288  281  277  267  259  248  239  230  219  211  200
  191  181  174  166  160  156  159  159  154                                   
    65.0-180.0 180.0   5.0 450.0                            LAT/LON1/LON2/DLON/H
  140  133  138  146  158  169  182  190  199  203  209  208  211  209  210  210
  210  214  217  224  229  234  240  243  247  250  252  252  253  251  253  252
  257  261  271  277  289  296  308  315  323  326  328  325  323  318  316  311
  308  303  301  296  291  284  275  268  256  248  237  227  220  209  201  189
  180  170  162  153  146  139  140  146  140                                   
    62.5-180.0 180.0   5.0 450.0                            LAT/LON1/LON2/DLON/H
  125  117  115  121  131  144  156  170  179  188  195  201  205  208  211  214
  216  221  225  231  235  242  247  252  254  258  257  259  256  255  252  255
  255  264  271  283  294  305  319  328  336  340  340  336  333  328  325  318
  314  305  301  293  286  278  267  259  248  239  228  220  210  200  189  176
  165  156  147  137  129  122  127  126  125                                   
    60.0-180.0 180.0   5.0 450.0                            LAT/LON1/LON2/DLON/H
  110   95   94   96  109  116  133  143  159  169  184  190  199  203  208  214
  218  224  228  234  236  243  245  251  251  255  254  256  253  253  252  252
  257  262  275  287  303  316  332  344  353  356  356  350  347  339  335  325
  318  308  301  291  282  272  260  251  239  231  222  213  207  194  184  168
  157  145  136  123  115  104  105  109  110                                   
    57.5-180.0 180.0   5.0 450.0                            LAT/LON1/LON2/DLON/H
  100   85   78   78   86   95  107  123  136  151  163  177  186  196  203  213
  219  227  232  236  238  243  245  250  251  255  253  255  253  254  253  254
  260  269  283  298  314  330  346  357  364  367  366  360  355  347  341  331
  323  311  304  294  284  274  261  253  242  235  227  220  211  199  186  170
  156  142  132  119  109  101  100   97  100                                   
    55.0-180.0 180.0   5.0 450.0                            LAT/LON1/LON2/DLON/H
  101   77   69   70   76   82   94  104  123  137  154  165  179  189  198  209
  218  228  232  236  236  239  238  244  242  250  248  253  252  253  256  260
  270  280  296  312  331  348  364  375  381  385  382  375  367  360  352  343
  336  325  317  307  298  288  277  267  257  250  243  234  228  213  202  184
  170  153  142  127  119  108  101   99  101                                   
    52.5-180.0 180.0   5.0 450.0                            LAT/LON1/LON2/DLON/H
  112   86   74   69   73   78   86   97  109  128  142  159  170  184  194  210
  221  235  242  248  246  249  245  251  249  258  257  263  261  264  268  274
  287  299  317  334  354  370  383  389  394  395  392  385  379  370  365  354
  350  340  334  324  315  308  296  290  277  272  262  257  247  235  221  204
  189  171  160  149  142  128  127  117  112                                   
    50.0-180.0 180.0   5.0 450.0                            LAT/LON1/LON2/DLON/H
  136  107   89   84   83   84   90   96  109  122  140  156  170  181  196  212
  227  243  253  262  262  265  260  266  263  271  271  275  275  278  286  295
  309  323  342  361  380  395  407  412  416  417  410  404  394  387  379  371
  366  360  354  345  337  326  316  308  299  294  286  280  271  258  245  228
  214  197  187  177  172  161  154  146  136                                   
    47.5-180.0 180.0   5.0 450.0                            LAT/LON1/LON2/DLON/H
  165  140  119  106  103   99  102  103  111  125  140  158  170  183  197  217
  238  259  275  287  288  291  286  294  291  300  298  301  296  300  307  317
  333  348  367  385  402  415  426  429  431  428  420  412  404  395  391  382
  379  371  367  356  346  334  320  313  303  301  295  294  286  277  261  247
  233  220  209  204  200  192  192  177  165                                   
    45.0-180.0 180.0   5.0 450.0                            LAT/LON1/LON2/DLON/H
  193  175  152  141  129  123  119  118  124  134  150  166  180  190  207  227
  251  276  297  310  312  318  316  325  325  330  328  326  323  323  330  342
  357  373  393  410  429  442  454  458  458  450  440  430  419  411  404  396
  392  382  376  363  349  331  315  305  295  295  292  294  288  283  270  259
  245  235  226  222  222  217  214  204  193                                   
    42.5-180.0 180.0   5.0 450.0                            LAT/LON1/LON2/DLON/H
  212  200  180  171  158  147  138  135  137  147  159  176  188  200  216  237
  265  294  317  329  335  341  345  355  358  359  356  352  348  348  354  365
  381  398  417  435  453  467  479  481  482  472  462  448  437  422  417  405
  405  392  388  373  354  330  307  292  280  278  277  281  278  278  268  262
  248  241  230  231  228  231  233  219  212                                   
    40.0-180.0 180.0   5.0 450.0                            LAT/LON1/LON2/DLON/H
  219  216  199  192  183  170  159  153  153  163  176  195  206  217  231  254
  280  310  331  343  351  358  366  377  383  387  382  378  372  371  378  389
  406  423  443  464  484  502  515  522  516  502  484  470  454  441  431  419
  414  403  392  375  353  328  301  283  265  255  250  252  253  252  251  247
  242  232  223  220  219  223  226  217  219                                   
    37.5-180.0 180.0   5.0 450.0                            LAT/LON1/LON2/DLON/H
  214  216  205  201  193  184  171  159  159  173  186  207  218  231  245  267
  292  321  343  357  368  377  387  398  407  409  407  401  397  398  404  419
  434  455  474  497  518  542  551  555  547  534  515  501  483  471  453  437
  421  411  400  386  365  342  318  301  282  265  252  246  246  249  250  251
  244  235  221  215  207  211  218  208  214                                   
    35.0-180.0 180.0   5.0 450.0                            LAT/LON1/LON2/DLON/H
  202  208  198  199  190  184  173  167  168  184  201  224  236  250  264  284
  307  333  353  371  382  393  403  413  425  427  428  425  423  427  438  455
  476  499  523  551  574  590  598  597  585  575  552  543  520  502  474  461
  446  438  425  412  385  363  339  324  300  286  265  264  255  259  256  254
  248  237  228  212  204  202  206  196  202                                   
    32.5-180.0 180.0   5.0 450.0                            LAT/LON1/LON2/DLON/H
  197  206  195  194  187  186  177  170  165  186  204  232  247  265  277  299
  317  344  364  382  396  404  413  426  436  443  448  452  456  466  479  505
  528  561  587  620  643  665  667  665  642  627  604  598  574  556  528  519
  506  508  493  485  459  438  410  379  354  327  302  299  281  292  275  286
  269  266  240  224  203  195  207  186  197                                   
    30.0-180.0 180.0   5.0 450.0                            LAT/LON1/LON2/DLON/H
  190  200  191  193  192  187  180  167  168  185  210  239  259  277  293  312
  328  352  370  391  404  416  427  439  450  459  472  479  497  509  535  565
  598  634  669  695  718  724  720  709  688  673  652  640  624  605  592  580
  583  580  587  572  569  543  534  480  456  409  385  365  339  341  317  324
  294  295  258  254  229  214  204  193  190                                   
    27.5-180.0 180.0   5.0 450.0                            LAT/LON1/LON2/DLON/H
  191  201  191  185  179  180  179  170  167  185  203  238  259  285  301  324
  340  359  376  392  410  422  436  449  463  483  497  519  541  570  601  644
  682  725  753  769  778  780  776  765  742  725  702  688  670  660  656  658
  667  672  670  658  650  626  608  572  539  513  474  480  439  438  403  403
  373  365  325  312  277  271  240  207  191                                   
    25.0-180.0 180.0   5.0 450.0                            LAT/LON1/LON2/DLON/H
  227  227  207  198  185  176  170  163  171  177  198  229  257  282  301  325
  343  362  379  397  418  429  448  460  484  507  539  567  604  645  686  738
  774  801  822  833  839  831  824  812  788  773  756  741  731  722  732  741
  745  752  744  753  733  729  696  696  655  636  607  587  557  534  500  491
  472  457  405  380  342  316  283  254  227                                   
    22.5-180.0 180.0   5.0 450.0                            LAT/LON1/LON2/DLON/H
  254  250  227  207  192  185  180  174  171  180  195  221  252  280  301  327
  351  368  385  403  425  443  463  482  511  547  584  625  658  703  751  793
  821  856  882  897  896  876  865  843  830  813  807  794  792  789  796  802
  805  807  802  790  786  779  765  755  734  718  691  690  669  631  603  576
  552  524  488  458  410  364  330  311  254                                   
    20.0-180.0 180.0   5.0 450.0                            LAT/LON1/LON2/DLON/H
  313  267  239  217  196  185  176  170  177  177  191  215  244  272  298  325
  346  367  386  408  433  453  483  507  550  592  637  675  716  765  792  825
  859  893  919  927  911  887  875  860  852  847  842  837  839  835  836  848
  842  843  814  803  779  770  758  749  734  718  704  704  695  682  652  625
  601  570  539  505  470  422  379  372  313                                   
    17.5-180.0 180.0   5.0 450.0                            LAT/LON1/LON2/DLON/H
  353  304  266  239  212  198  182  183  165  167  178  209  233  263  287  317
  340  367  391  418  445  473  506  539  576  624  663  712  749  792  816  850
  887  913  935  929  912  887  876  866  867  862  869  861  866  859  868  864
  860  831  798  763  732  709  699  693  677  679  680  690  699  690  671  648
  622  597  569  543  503  464  414  411  353                                   
    15.0-180.0 180.0   5.0 450.0                            LAT/LON1/LON2/DLON/H
  362  316  286  255  224  208  190  178  176  160  163  183  219  257  288  309
  335  360  387  426  457  487  521  549  600  649  698  744  784  804  826  849
  881  902  918  907  892  873  871  863  872  875  881  885  885  889  885  886
  857  823  765  710  656  642  616  623  608  635  633  660  653  659  641  625
  610  586  568  539  516  478  434  410  362                                   
    12.5-180.0 180.0   5.0 450.0                            LAT/LON1/LON2/DLON/H
  362  322  286  267  230  223  195  193  172  172  159  171  192  238  271  314
  330  364  387  428  464  498  525  565  606  667  710  760  792  813  832  849
  873  879  890  879  872  862  864  869  877  884  892  890  894  888  888  875
  840  786  717  631  572  548  531  534  542  564  569  618  605  627  597  600
  572  567  545  535  500  471  416  410  362                                   
    10.0-180.0 180.0   5.0 450.0                            LAT/LON1/LON2/DLON/H
  332  301  275  258  227  210  191  184  170  161  156  160  185  216  264  307
  340  366  395  432  470  496  531  567  625  685  734  771  802  812  823  839
  847  857  862  857  859  852  868  870  887  893  899  897  894  894  887  868
  821  761  667  554  503  476  455  475  465  503  497  553  535  571  534  533
  517  511  508  491  469  431  388  377  332                                   
     7.5-180.0 180.0   5.0 450.0                            LAT/LON1/LON2/DLON/H
  305  279  259  248  214  204  186  178  159  157  142  154  172  211  249  296
  334  368  392  430  461  490  519  572  625  694  736  780  805  812  824  828
