data/unet/pred0210.15i
     1.0            IONOSPHERE MAPS     GNSS                IONEX VERSION / TYPE
pyspatialgeodesy        IME             05-JAN-18 20:20     PGM / RUN BY / DATE 
Map Name                                                    COMMENT             
Predicted global ionosphere maps (GIM).                     DESCRIPTION         
  2015     1    21     0     0     0                        EPOCH OF FIRST MAP  
  2015     1    22     0     0     0                        EPOCH OF LAST MAP   
  7200                                                      INTERVAL            
    13                                                      # OF MAPS IN FILE   
  NONE                                                      MAPPING FUNCTION    
10.0                                                        ELEVATION CUTOFF    
One-way carrier phase leveled to code                       OBSERVABLES USED    
  6371.0                                                    BASE RADIUS         
 2                                                          MAP DIMENSION       
   450.0 450.0   0.0                                        HGT1 / HGT2 / DHGT  
    87.5 -87.5  -2.5                                        LAT1 / LAT2 / DLAT  
  -180.0 180.0   5.0                                        LON1 / LON2 / DLON  
    -1                                                      EXPONENT            
                                                            END OF HEADER       
[from data line 2145]
     6                                                      START OF TEC MAP    
  2015     1    21    10     0     0                        EPOCH OF CURRENT MAP
    87.5-180.0 180.0   5.0 450.0                            LAT/LON1/LON2/DLON/H
   37   60   50   55   53   55   54   57   56   58   57   58   57   58   57   58
   56   57   56   56   55   55   54   54   53   54   52   52   51   51   50   50
   49   49   48   47   47   47   46   46   46   46   45   45   44   44   42   43
   41   42   39   40   38   39   37   39   37   39   37   39   37   40   38   40
   39   42   41   44   42   43   43   44   37                                   
    85.0-180.0 180.0   5.0 450.0                            LAT/LON1/LON2/DLON/H
   55   53   57   60   62   62   65   65   67   66   67   67   68   68   69   69
   69   70   70   71   71   72   71   72   72   72   72   72   73   72   72   72
   72   71   72   70   72   69   70   68   68   65   65   61   60   56   55   51
   50   47   45   43   42   40   39   38   37   38   36   37   37   38   37   40
   40   43   43   44   45   48   55   52   55                                   
    82.5-180.0 180.0   5.0 450.0                            LAT/LON1/LON2/DLON/H
   45   54   54   59   59   60   63   64   66   66   68   68   68   68   69   69
   69   69   70   70   71   71   72   73   73   73   73   74   74   74   73   73
   73   72   72   71   71   71   70   69   68   66   64   61   59   55   52   49
   46   43   39   37   34   32   28   27   25   25   22   24   22   24   23   26
   26   30   30   33   35   38   44   38   45                                   
    80.0-180.0 180.0   5.0 450.0                            LAT/LON1/LON2/DLON/H
   47   47   48   52   51   54   55   58   57   59   58   60   57   59   56   58
   55   58   56   59   57   60   59   62   62   63   63   64   64   65   66   67
   67   69   69   72   72   74   73   74   73   72   70   68   64   62   58   56
   51   50   44   43   37   36   31   30   26   25   22   22   19   21   19   23
   21   26   24   28   28   32   40   34   47                                   
    77.5-180.0 180.0   5.0 450.0                            LAT/LON1/LON2/DLON/H
   43   44   43   46   47   48   51   52   53   52   52   51   50   48   46   45
   43   44   43   45   46   48   49   51   52   53   54   55   56   56   59   60
   62   65   69   71   75   78   80   81   82   82   81   79   77   75   72   71
   66   65   60   58   52   50   45   42   37   35   31   29   27   27   26   27
   27   29   28   29   30   32   39   24   43                                   
    75.0-180.0 180.0   5.0 450.0                            LAT/LON1/LON2/DLON/H
   40   40   42   46   45   50   50   53   51   52   48   49   43   44   38   38
   34   36   34   38   37   42   42   46   45   48   47   49   48   50   51   55
   58   64   69   75   80   85   89   91   94   94   96   95   94   93   92   89
   87   84   82   78   75   70   67   60   56   49   47   42   40   38   37   37
   36   38   36   38   35   38   39   23   40                                   
    72.5-180.0 180.0   5.0 450.0                            LAT/LON1/LON2/DLON/H
   38   41   42   45   46   47   51   51   52   50   48   46   42   38   34   31
   29   28   29   32   35   39   43   45   47   47   47   46   45   45   47   49
   54   58   68   75   85   91   99  103  108  109  113  113  115  114  115  113
  111  107  106  102   98   92   86   78   70   64   57   52   49   46   46   45
   45   45   46   45   44   42   44   24   38                                   
    70.0-180.0 180.0   5.0 450.0                            LAT/LON1/LON2/DLON/H
   38   37   41   43   44   48   50   53   52   53   48   48   40   38   30   29
   25   26   26   30   33   40   42   48   46   50   45   47   41   44   41   47
   49   61   68   81   89  103  110  120  122  129  131  136  136  140  139  140
  137  135  132  128  122  114  107   96   88   78   70   64   60   56   55   54
   53   53   53   53   50   49   47   27   38                                   
    67.5-180.0 180.0   5.0 450.0                            LAT/LON1/LON2/DLON/H
   35   39   40   41   43   46   51   52   53   52   50   47   41   37   31   28
   25   25   26   30   34   41   46   50   51   51   49   45   41   38   39   41
   48   57   70   82   96  109  122  130  138  142  150  153  157  159  162  161
  162  158  157  148  144  131  123  107   98   85   77   67   63   57   57   55
   55   55   55   54   52   50   50   28   35                                   
    65.0-180.0 180.0   5.0 450.0                            LAT/LON1/LON2/DLON/H
   37   35   37   37   38   42   46   50   51   52   49   49   42   40   32   31
   27   28   28   33   36   44   47   54   51   55   47   48   39   41   37   44
   48   63   74   94  106  124  133  147  152  163  166  174  174  179  176  180
  176  177  169  162  152  140  127  113  101   90   79   71   63   59   57   56
   55   55   55   56   53   53   49   31   37                                   
    62.5-180.0 180.0   5.0 450.0                            LAT/LON1/LON2/DLON/H
   34   38   35   36   35   39   42   45   47   48   47   46   42   39   34   32
   28   29   29   34   36   43   47   51   52   51   48   44   41   37   38   42
   52   65   80   98  115  130  143  153  166  172  181  184  188  188  190  190
  189  186  180  167  157  142  129  113  102   88   79   67   61   53   51   48
   47   47   49   49   49   48   48   28   34                                   
    60.0-180.0 180.0   5.0 450.0                            LAT/LON1/LON2/DLON/H
   35   35   34   32   30   33   34   39   40   42   42   45   41   42   36   36
   31   31   30   33   35   41   43   49   46   49   43   45   39   43   42   53
   59   78   90  114  127  145  155  169  177  187  191  199  195  201  195  200
  191  190  179  169  154  140  127  113  101   90   78   68   60   52   49   43
   42   41   43   47   45   48   45   29   35                                   
    57.5-180.0 180.0   5.0 450.0                            LAT/LON1/LON2/DLON/H
   37   39   35   33   29   30   30   33   33   35   36   40   39   40   36   36
   32   31   30   32   32   36   39   41   41   41   40   41   42   44   50   59
   72   87  105  123  140  154  168  176  188  194  201  202  207  205  207  202
  198  190  182  167  154  138  127  114  105   92   83   70   62   52   47   40
   37   37   39   41   44   45   45   26   37                                   
    55.0-180.0 180.0   5.0 450.0                            LAT/LON1/LON2/DLON/H
   41   41   38   34   30   29   27   29   28   31   32   37   37   40   38   38
   33   33   30   32   31   34   34   37   34   38   36   43   44   55   61   77
   88  109  124  145  158  173  182  195  201  209  210  216  213  218  209  211
  198  197  181  172  153  142  128  119  109   98   90   79   69   58   52   43
   39   36   38   43   43   49   47   32   41                                   
    52.5-180.0 180.0   5.0 450.0                            LAT/LON1/LON2/DLON/H
   47   50   44   41   34   33   28   29   26   28   28   33   34   38   37   37
   35   34   33   33   33   34   34   33   32   33   36   43   51   63   75   90
  108  127  145  161  176  187  197  206  214  218  223  223  228  223  222  212
  210  197  191  174  163  147  140  129  121  111  103   92   82   71   62   53
   46   44   45   47   49   51   54   35   47                                   
    50.0-180.0 180.0   5.0 450.0                            LAT/LON1/LON2/DLON/H
   56   57   53   48   44   39   35   32   30   30   31   35   36   40   39   42
   39   42   40   43   40   42   37   37   32   35   37   49   60   77   92  114
  130  151  166  184  196  206  215  222  227  231  232  234  232  233  225  223
  212  210  196  189  173  163  151  142  135  126  118  110   98   90   78   68
   60   57   54   58   56   61   59   45   56                                   
    47.5-180.0 180.0   5.0 450.0                            LAT/LON1/LON2/DLON/H
   64   67   61   59   51   49   42   41   36   36   34   37   37   40   41   43
   45   47   50   51   52   51   48   43   40   38   44   54   69   87  108  129
  148  165  182  197  211  221  228  232  236  238  241  241  243  235  237  226
  225  215  210  197  189  174  165  153  147  137  131  122  114  104   94   84
   74   69   66   64   63   64   67   51   64                                   
    45.0-180.0 180.0   5.0 450.0                            LAT/LON1/LON2/DLON/H
   70   69   68   66   64   62   58   55   51   50   47   48   47   50   49   55
   55   62   63   69   67   69   61   57   48   49   52   66   80  103  124  148
  163  181  197  214  228  237  244  246  248  249  249  249  245  243  239  238
  231  228  219  211  198  186  173  162  152  144  135  130  119  114  102   96
   82   80   73   73   68   70   71   60   70                                   
    42.5-180.0 180.0   5.0 450.0                            LAT/LON1/LON2/DLON/H
   70   72   69   72   68   70   67   66   62   62   58   57   56   56   58   61
   66   72   77   82   84   81   77   70   63   60   64   74   91  112  134  153
  170  187  205  225  240  251  255  257  255  256  255  252  250  245  245  241
  240  234  229  218  209  192  178  163  154  143  136  127  119  113  104   96
   86   81   77   73   70   68   71   62   70                                   
    40.0-180.0 180.0   5.0 450.0                            LAT/LON1/LON2/DLON/H
   71   66   70   73   74   78   80   81   78   76   72   72   69   70   70   76
   79   88   93   99   99   99   92   86   77   76   76   89  103  127  143  163
  176  196  214  236  254  266  270  270  268  267  264  260  255  253  248  251
  247  247  238  229  215  200  184  169  158  147  136  127  117  111   99   94
   83   81   74   74   68   68   67   61   71                                   
    37.5-180.0 180.0   5.0 450.0                            LAT/LON1/LON2/DLON/H
   69   65   64   72   72   80   80   86   83   84   81   81   80   79   81   84
   91   97  104  109  110  108  103   95   88   85   88   97  114  132  147  163
  176  199  219  246  264  279  282  283  280  280  276  271  266  262  260  258
  258  255  248  235  224  206  193  175  164  151  142  128  118  107   97   88
   81   77   75   70   66   65   66   59   69                                   
    35.0-180.0 180.0   5.0 450.0                            LAT/LON1/LON2/DLON/H
   71   58   64   67   70   78   84   89   89   92   90   92   90   91   92   96
  101  110  116  120  119  117  109  104   97   96  100  114  129  145  158  172
  186  208  233  257  279  292  300  302  301  301  298  294  286  282  276  280
  274  274  261  252  235  222  205  190  177  163  152  138  126  112  101   92
   85   78   75   74   67   68   65   58   71                                   
    32.5-180.0 180.0   5.0 450.0                            LAT/LON1/LON2/DLON/H
   71   64   59   64   64   74   77   84   85   90   89   93   94   96   98  102
  108  116  121  124  122  118  109  102   98   98  106  119  136  151  163  177
  191  215  241  268  291  308  317  323  325  331  329  327  320  310  304  301
  299  293  283  268  256  242  231  216  203  190  177  164  151  135  121  111
  102   96   91   86   81   79   76   64   71                                   
    30.0-180.0 180.0   5.0 450.0                            LAT/LON1/LON2/DLON/H
   82   69   66   62   61   67   72   77   80   84   87   92   97   98  103  107
  113  120  126  128  124  116  108  102  100  104  114  129  149  163  177  189
  205  227  252  276  301  321  336  349  356  369  373  375  364  356  341  340
  330  330  312  305  287  279  267  259  246  236  221  208  191  177  162  149
  138  130  122  118  108  104   92   81   82                                   
    27.5-180.0 180.0   5.0 450.0                            LAT/LON1/LON2/DLON/H
   99   92   77   70   64   67   66   70   70   75   79   86   91   97  100  107
  112  122  125  124  118  110  100   96   95  102  118  135  156  173  185  198
  213  235  261  289  318  340  366  382  397  409  418  419  412  402  388  378
  369  361  352  342  339  331  329  320  311  296  283  268  254  237  221  207
  195  184  175  162  151  137  126  102   99                                   
    25.0-180.0 180.0   5.0 450.0                            LAT/LON1/LON2/DLON/H
  128  119  105   90   76   73   69   68   66   69   73   81   88   92   98  104
  111  119  123  120  115  104   98   93   99  106  123  141  165  181  195  209
  224  244  274  305  337  362  392  413  433  448  458  460  451  444  429  423
  407  403  389  389  390  399  402  402  393  384  367  353  332  319  298  287
  271  262  242  231  211  192  171  150  128                                   
    22.5-180.0 180.0   5.0 450.0                            LAT/LON1/LON2/DLON/H
  168  159  137  119  100   91   80   75   68   69   70   78   83   89   92  100
  105  115  116  113  105   97   90   92   98  108  124  141  164  182  202  214
  233  252  285  316  357  379  419  442  469  479  493  489  483  474  465  455
  447  436  432  430  444  457  472  478  477  469  454  438  419  402  384  371
  354  341  323  305  281  254  222  196  168                                   
    20.0-180.0 180.0   5.0 450.0                            LAT/LON1/LON2/DLON/H
  207  193  175  155  133  116  100   90   79   76   75   80   83   85   88   93
  100  106  108  106  100   93   92   93  101  107  123  139  164  188  212  228
  248  265  302  331  370  394  435  462  490  501  513  512  507  500  492  483
  479  474  469  476  493  514  532  543  543  535  521  505  488  467  448  431
  412  401  384  369  343  309  276  253  207                                   
    17.5-180.0 180.0   5.0 450.0                            LAT/LON1/LON2/DLON/H
  238  226  208  190  169  147  129  111   97   90   86   86   88   87   86   89
   92  100   99   99   91   90   90   95  101  107  119  136  163  191  223  238
  261  278  314  341  382  402  447  475  509  516  532  529  526  515  507  496
  497  497  507  509  531  549  570  580  583  576  561  548  525  502  476  457
  440  429  418  404  384  354  324  291  238                                   
    15.0-180.0 180.0   5.0 450.0                            LAT/LON1/LON2/DLON/H
  262  248  235  216  199  177  156  137  117  106   97   96   93   92   89   87
   88   92   94   92   90   88   93   96  103  106  118  136  168  203  235  253
  274  291  326  351  386  407  449  479  509  524  535  537  537  530  521  517
  513  516  529  536  558  573  589  594  593  580  572  554  536  506  477  454
  438  423  417  406  390  365  343  320  262                                   
    12.5-180.0 180.0   5.0 450.0                            LAT/LON1/LON2/DLON/H
  269  265  257  239  219  199  183  160  143  123  112  104  100   93   92   87
   86   88   87   89   86   86   96   98  108  110  120  138  173  209  243  260
  284  301  337  360  388  407  440  474  501  520  534  541  543  534  535  526
  530  528  545  551  570  577  582  581  576  557  544  526  502  475  446  429
  407  398  386  381  369  355  343  319  269                                   
    10.0-180.0 180.0   5.0 450.0                            LAT/LON1/LON2/DLON/H
  269  267  260  248  233  214  197  178  157  139  121  113  104   95   90   87
   87   83   84   80   80   82   91   99  107  113  126  146  184  221  253  271
  292  311  342  365  390  407  439  470  500  518  539  544  550  547  545  540
  539  540  555  554  569  563  566  554  546  522  508  489  464  432  410  387
  369  353  343  338  334  329  320  303  269                                   
     7.5-180.0 180.0   5.0 450.0                            LAT/LON1/LON2/DLON/H
  256  260  258  251  240  226  211  189  174  150  135  120  112  101   97   91
   89   85   81   80   80   85   94  102  111  120  134  155  193  225  258  275
