data/unet/pred1610.15i
     1.0            IONOSPHERE MAPS     GNSS                IONEX VERSION / TYPE
pyspatialgeodesy        IME             05-JAN-18 20:20     PGM / RUN BY / DATE 
Map Name                                                    COMMENT             
Predicted global ionosphere maps (GIM).                     DESCRIPTION         
  2015     6    10     0     0     0                        EPOCH OF FIRST MAP  
  2015     6    11     0     0     0                        EPOCH OF LAST MAP   
  7200                                                      INTERVAL            
    13                                                      # OF MAPS IN FILE   
  NONE                                                      MAPPING FUNCTION    
10.0                                                        ELEVATION CUTOFF    
One-way carrier phase leveled to code                       OBSERVABLES USED    
  6371.0                                                    BASE RADIUS         
 2                                                          MAP DIMENSION       
   450.0 450.0   0.0                                        HGT1 / HGT2 / DHGT  
    87.5 -87.5  -2.5                                        LAT1 / LAT2 / DLAT  
  -180.0 180.0   5.0                                        LON1 / LON2 / DLON  
    -1                                                      EXPONENT            
                                                            END OF HEADER       
[from data line 429]
     2                                                      START OF TEC MAP    
  2015     6    10     2     0     0                        EPOCH OF CURRENT MAP
    87.5-180.0 180.0   5.0 450.0                            LAT/LON1/LON2/DLON/H
  177  177  171  169  169  163  164  162  165  162  162  159  162  159  159  156
  159  156  157  154  157  154  156  153  157  154  155  151  155  151  152  148
  152  148  150  145  150  146  148  145  150  147  149  147  152  150  153  152
  156  155  157  157  161  160  162  161  165  164  166  165  169  168  169  168
  171  170  173  171  174  169  166  177  177                                   
    85.0-180.0 180.0   5.0 450.0                            LAT/LON1/LON2/DLON/H
  181  190  177  177  176  172  171  171  172  170  169  168  168  167  165  165
  164  165  162  163  162  163  159  160  159  160  155  156  155  155  152  152
  151  151  148  149  148  149  147  148  148  148  147  149  150  151  150  153
  153  155  155  157  159  160  160  162  164  165  166  167  169  170  171  171
  173  173  176  175  176  172  174  176  181                                   
    82.5-180.0 180.0   5.0 450.0                            LAT/LON1/LON2/DLON/H
  182  188  187  191  186  184  183  185  184  183  180  181  179  178  174  175
  173  172  169  169  167  166  162  162  161  159  155  154  153  151  148  148
  148  148  147  148  148  149  147  149  148  150  148  151  151  153  152  155
  155  157  157  159  161  162  162  164  166  166  167  169  172  172  175  176
  179  180  183  183  186  181  179  175  182                                   
    80.0-180.0 180.0   5.0 450.0                            LAT/LON1/LON2/DLON/H
  187  187  192  192  193  190  191  190  191  188  187  185  185  182  180  179
  179  177  175  174  173  171  167  165  164  159  157  154  154  150  149  147
  150  148  150  151  153  153  154  155  156  157  157  159  159  161  161  163
  164  165  165  167  168  168  167  170  170  172  171  174  176  177  178  181
  183  185  188  188  188  184  182  176  187                                   
    77.5-180.0 180.0   5.0 450.0                            LAT/LON1/LON2/DLON/H
  190  194  195  197  195  195  195  196  194  193  190  189  186  185  182  181
  179  178  177  176  174  172  169  166  162  158  154  152  148  146  144  146
  146  148  150  153  155  156  158  159  160  161  163  164  166  167  169  170
  173  173  175  175  177  176  177  176  178  176  179  178  181  180  184  184
  188  188  192  189  188  188  184  175  190                                   
    75.0-180.0 180.0   5.0 450.0                            LAT/LON1/LON2/DLON/H
  191  192  195  195  196  194  197  196  196  193  192  188  187  183  181  177
  177  174  175  172  174  170  170  165  164  158  156  150  148  144  144  143
  146  147  151  154  157  160  161  164  165  167  169  170  172  173  176  177
  181  180  184  182  185  183  185  182  183  182  184  182  184  184  187  186
  190  190  193  190  189  188  187  180  191                                   
    72.5-180.0 180.0   5.0 450.0                            LAT/LON1/LON2/DLON/H
  190  192  193  193  191  192  192  192  191  190  187  184  180  177  172  169
  167  166  165  165  165  165  163  161  158  154  149  144  141  138  137  138
  141  144  150  154  159  162  166  168  171  173  176  177  179  181  183  185
  189  189  191  191  192  191  190  188  187  186  186  184  185  184  186  185
  188  188  191  188  189  189  186  178  190                                   
    70.0-180.0 180.0   5.0 450.0                            LAT/LON1/LON2/DLON/H
  188  187  189  190  190  190  191  192  192  190  189  185  182  177  172  167
  166  163  164  163  165  164  164  161  159  155  150  145  141  139  138  139
  143  147  153  158  163  167  169  172  174  177  178  182  184  187  190  194
  198  199  200  200  200  199  196  194  192  189  188  186  185  184  185  185
  187  187  190  189  189  188  186  181  188                                   
    67.5-180.0 180.0   5.0 450.0                            LAT/LON1/LON2/DLON/H
  188  188  187  189  187  188  189  191  191  191  190  187  182  176  170  164
  160  158  157  158  159  160  159  158  156  151  147  142  139  137  136  139
  141  146  151  156  160  164  167  169  171  174  176  182  185  191  194  199
  203  205  207  207  207  206  204  200  197  193  190  186  185  183  183  182
  184  183  188  186  188  188  183  177  188                                   
    65.0-180.0 180.0   5.0 450.0                            LAT/LON1/LON2/DLON/H
  190  186  185  188  187  188  190  193  194  196  194  192  188  182  174  167
  163  160  158  158  159  160  160  158  155  152  148  146  143  142  142  143
  146  149  153  157  161  163  166  166  169  171  174  180  185  193  198  205
  209  212  214  214  214  212  210  206  202  198  195  190  189  186  187  184
  186  185  189  188  189  187  185  181  190                                   
    62.5-180.0 180.0   5.0 450.0                            LAT/LON1/LON2/DLON/H
  196  191  189  191  189  189  191  194  197  198  198  196  192  185  177  169
  163  158  156  155  155  156  155  153  152  149  148  145  145  144  144  144
  145  147  148  150  151  153  153  154  154  159  162  171  179  190  196  206
  212  215  216  216  217  216  215  211  208  203  199  194  192  188  187  184
  185  183  187  185  189  191  187  182  196                                   
    60.0-180.0 180.0   5.0 450.0                            LAT/LON1/LON2/DLON/H
  203  197  194  195  193  193  193  197  198  201  200  200  197  191  183  175
  168  162  158  157  156  156  154  152  151  151  150  151  151  152  151  150
  149  148  148  147  149  146  148  146  149  151  158  167  177  189  198  208
  215  218  220  220  222  220  220  217  215  211  207  203  200  197  195  192
  192  189  192  191  193  192  191  187  203                                   
    57.5-180.0 180.0   5.0 450.0                            LAT/LON1/LON2/DLON/H
  211  206  203  203  200  198  198  198  200  201  203  202  201  195  189  180
  172  165  161  158  157  154  154  151  152  150  153  153  156  156  155  151
  148  144  141  139  137  137  135  135  135  140  147  160  172  186  196  207
  214  219  222  224  226  227  228  226  225  222  219  213  209  205  203  198
  197  194  196  194  198  200  197  193  211                                   
    55.0-180.0 180.0   5.0 450.0                            LAT/LON1/LON2/DLON/H
  221  217  215  216  211  207  204  203  201  202  202  203  203  200  196  188
  182  175  170  166  163  162  159  157  156  156  158  161  164  165  162  157
  150  145  140  137  136  133  132  130  132  136  144  157  170  185  196  208
  216  222  225  228  233  234  238  236  237  234  232  227  222  218  215  210
  208  205  205  203  205  204  205  202  221                                   
    52.5-180.0 180.0   5.0 450.0                            LAT/LON1/LON2/DLON/H
  232  230  228  228  224  218  214  209  206  203  203  203  204  203  201  195
  190  183  178  173  171  168  166  162  162  161  163  165  169  168  165  157
  150  143  137  133  131  130  127  126  126  131  140  153  168  183  195  207
  216  222  226  233  239  245  249  250  249  247  244  238  232  227  223  218
  216  213  213  211  214  215  216  213  232                                   
    50.0-180.0 180.0   5.0 450.0                            LAT/LON1/LON2/DLON/H
  246  245  244  246  242  236  229  223  215  210  206  205  206  206  205  201
  199  193  191  185  185  179  178  172  172  170  173  174  177  174  169  160
  151  144  139  136  136  133  131  128  129  131  140  151  166  181  194  207
  218  226  232  242  250  257  264  263  264  258  256  248  243  237  234  228
  227  223  225  223  224  224  227  227  246                                   
    47.5-180.0 180.0   5.0 450.0                            LAT/LON1/LON2/DLON/H
  260  262  263  265  262  254  248  238  230  221  215  211  210  209  210  208
  208  205  204  200  199  194  193  186  186  182  183  182  183  177  171  160
  152  145  141  140  140  139  135  133  130  133  140  151  166  182  195  211
  222  233  240  252  262  272  282  282  280  274  268  258  250  241  238  233
  233  231  233  232  237  238  241  242  260                                   
    45.0-180.0 180.0   5.0 450.0                            LAT/LON1/LON2/DLON/H
  277  278  281  284  282  277  270  260  250  238  228  221  218  216  216  214
  217  214  216  212  214  207  208  200  201  196  196  192  190  181  173  163
  155  150  148  148  150  148  145  139  137  136  143  152  169  182  197  213
  226  238  248  261  274  286  298  296  294  285  280  266  259  249  246  241
  242  242  246  248  252  253  257  262  277                                   
    42.5-180.0 180.0   5.0 450.0                            LAT/LON1/LON2/DLON/H
  293  296  298  301  303  295  291  280  272  258  246  236  231  227  226  224
  226  224  226  224  225  222  222  217  217  211  210  203  199  188  179  168
  163  159  159  161  162  161  155  150  144  145  149  160  173  189  202  222
  235  249  258  273  288  302  314  313  311  302  294  279  270  256  252  247
  252  253  261  265  273  276  280  284  293                                   
    40.0-180.0 180.0   5.0 450.0                            LAT/LON1/LON2/DLON/H
  314  314  315  317  317  310  307  299  292  279  268  256  249  241  237  232
  234  230  233  229  231  226  230  224  228  221  221  213  208  196  188  179
  174  173  173  174  174  171  165  157  153  151  157  165  181  194  211  229
  243  256  266  281  296  311  324  325  324  313  307  290  280  267  262  261
  265  270  278  288  294  301  303  310  314                                   
    37.5-180.0 180.0   5.0 450.0                            LAT/LON1/LON2/DLON/H
  334  331  333  334  334  327  326  318  313  301  290  279  271  261  254  245
  243  237  239  233  235  232  237  235  240  236  237  228  222  211  204  195
  192  189  189  187  184  181  174  168  163  164  168  177  189  204  219  236
  250  262  274  286  304  316  332  334  337  330  324  308  299  283  280  275
  284  289  301  312  323  326  328  335  334                                   
    35.0-180.0 180.0   5.0 450.0                            LAT/LON1/LON2/DLON/H
  362  360  361  355  354  344  343  337  335  324  317  305  296  281  272  259
  255  246  246  238  239  235  242  241  251  249  251  241  236  225  219  212
  207  205  201  198  193  188  182  176  173  173  180  188  200  211  226  240
  254  266  275  288  303  320  335  344  346  343  341  325  315  304  296  297
  300  311  321  336  350  356  357  363  362                                   
    32.5-180.0 180.0   5.0 450.0                            LAT/LON1/LON2/DLON/H
  384  383  388  383  381  370  367  362  360  351  345  332  324  307  292  277
  270  259  255  247  246  242  251  254  265  267  271  262  257  246  238  231
  225  219  213  205  198  193  187  184  182  186  191  198  205  215  226  237
  252  261  273  283  300  312  334  341  350  349  349  340  331  321  317  312
  322  327  341  354  371  376  383  392  384                                   
    30.0-180.0 180.0   5.0 450.0                            LAT/LON1/LON2/DLON/H
  417  418  425  417  417  404  402  395  394  385  381  370  361  342  325  304
  293  280  271  260  257  252  262  268  282  286  290  282  274  263  254  245
  236  228  218  209  199  193  191  190  190  193  198  203  208  213  222  231
  243  254  265  278  297  314  334  346  355  359  361  355  351  341  335  334
  337  346  355  372  392  398  409  417  417                                   
    27.5-180.0 180.0   5.0 450.0                            LAT/LON1/LON2/DLON/H
  434  442  453  453  450  441  435  430  426  419  413  403  393  375  357  335
  322  308  296  282  277  275  284  292  307  310  314  302  292  277  266  252
  238  226  214  204  193  191  189  191  191  196  200  202  204  207  212  218
  230  242  255  271  290  309  329  343  355  360  366  364  362  354  349  345
  352  356  371  384  405  410  425  436  434                                   
    25.0-180.0 180.0   5.0 450.0                            LAT/LON1/LON2/DLON/H
  464  471  488  492  492  483  476  468  465  455  449  438  429  412  394  373
  356  337  320  304  296  296  306  317  331  334  332  319  303  285  267  249
  229  216  201  194  187  188  190  193  194  196  198  198  198  197  201  206
  219  231  247  264  288  310  333  346  360  366  374  374  377  370  368  363
  366  372  381  398  418  424  440  453  464                                   
    22.5-180.0 180.0   5.0 450.0                            LAT/LON1/LON2/DLON/H
  469  481  505  519  522  518  509  504  497  488  478  467  455  440  420  401
  381  361  342  329  322  325  335  348  354  354  346  325  306  278  255  231
  209  193  175  170  170  175  181  185  186  189  188  190  185  185  187  195
  207  225  240  262  286  311  329  347  357  368  375  381  384  383  382  378
  381  383  397  406  428  433  448  461  469                                   
    20.0-180.0 180.0   5.0 450.0                            LAT/LON1/LON2/DLON/H
  486  494  519  537  547  546  541  537  530  521  508  497  481  464  443  421
  400  380  361  348  342  348  356  368  369  363  346  323  295  264  234  209
  185  166  152  151  154  165  170  175  176  174  176  171  172  167  176  181
  200  217  241  263  293  312  332  342  356  363  375  382  391  394  398  396
  398  401  411  421  438  442  459  471  486                                   
    17.5-180.0 180.0   5.0 450.0                            LAT/LON1/LON2/DLON/H
  481  487  516  537  554  559  564  562  557  546  531  519  501  484  457  436
  411  394  375  366  361  370  375  384  375  360  337  305  273  237  207  181
  154  137  128  126  136  143  155  155  156  154  154  154  152  152  155  167
  186  214  239  269  294  316  329  343  351  362  372  386  396  407  415  416
  418  419  428  433  447  450  462  471  481                                   
    15.0-180.0 180.0   5.0 450.0                            LAT/LON1/LON2/DLON/H
  489  489  513  530  547  559  568  574  570  565  550  536  514  495  465  443
  417  400  382  376  370  381  383  384  367  343  313  276  243  205  180  150
  132  118  111  116  123  135  141  141  139  136  138  135  138  135  143  155
  181  209  244  273  304  321  338  346  360  367  382  393  408  422  434  439
  440  442  448  451  459  460  472  480  489                                   
    12.5-180.0 180.0   5.0 450.0                            LAT/LON1/LON2/DLON/H
  487  480  500  512  532  541  559  566  572  567  556  538  517  497  466  444
  415  400  383  378  375  383  380  375  347  316  280  241  207  177  151  134
  118  110  106  109  117  124  129  124  119  115  116  116  119  119  127  145
  172  208  245  279  310  333  348  362  373  385  399  413  426  442  456  462
  464  466  470  468  471  472  482  487  487                                   
    10.0-180.0 180.0   5.0 450.0                            LAT/LON1/LON2/DLON/H
  499  491  502  507  517  526  537  552  555  557  546  533  511  491  460  436
  407  394  376  375  367  373  363  349  317  278  239  202  174  148  136  123
  115  109  108  110  114  116  116  109  106  102  106  106  111  109  120  136
  169  203  244  277  314  336  354  368  386  399  416  430  443  463  476  485
  488  490  492  487  485  487  498  505  499                                   
     7.5-180.0 180.0   5.0 450.0                            LAT/LON1/LON2/DLON/H
  508  501  506  501  506  504  516  522  531  528  524  510  494  473  442  418
  391  378  365  361  354  352  334  315  274  237  200  172  154  143  135  129
