data/unet/pred0140.15i
     1.0            IONOSPHERE MAPS     GNSS                IONEX VERSION / TYPE
pyspatialgeodesy        IME             05-JAN-18 20:20     PGM / RUN BY / DATE 
Map Name                                                    COMMENT             
Predicted global ionosphere maps (GIM).                     DESCRIPTION         
  2015     1    14     0     0     0                        EPOCH OF FIRST MAP  
  2015     1    15     0     0     0                        EPOCH OF LAST MAP   
  7200                                                      INTERVAL            
    13                                                      # OF MAPS IN FILE   
  NONE                                                      MAPPING FUNCTION    
10.0                                                        ELEVATION CUTOFF    
One-way carrier phase leveled to code                       OBSERVABLES USED    
  6371.0                                                    BASE RADIUS         
 2                                                          MAP DIMENSION       
   450.0 450.0   0.0                                        HGT1 / HGT2 / DHGT  
    87.5 -87.5  -2.5                                        LAT1 / LAT2 / DLAT  
  -180.0 180.0   5.0                                        LON1 / LON2 / DLON  
    -1                                                      EXPONENT            
                                                            END OF HEADER       
[from data line 1287]
     4                                                      START OF TEC MAP    
  2015     1    14     6     0     0                        EPOCH OF CURRENT MAP
    87.5-180.0 180.0   5.0 450.0                            LAT/LON1/LON2/DLON/H
    1   37   38   36   36   34   36   36   39   40   41   43   44   46   47   49
   49   52   53   55   54   57   56   58   56   58   56   58   57   59   57   58
   57   57   57   56   56   55   56   54   56   54   57   54   56   55   56   55
   56   55   56   56   56   56   55   54   54   53   52   51   51   48   49   45
   47   43   45   42   44   39   42    9    1                                   
    85.0-180.0 180.0   5.0 450.0                            LAT/LON1/LON2/DLON/H
   46   42   49   45   45   42   48   47   53   53   58   58   62   63   67   67
   69   72   72   75   72   76   72   75   72   74   72   73   71   72   72   71
   71   71   72   70   71   69   71   69   70   68   70   69   69   69   70   70
   70   72   72   74   74   74   76   73   76   71   76   68   72   65   68   60
   64   55   60   53   56   42   58   20   46                                   
    82.5-180.0 180.0   5.0 450.0                            LAT/LON1/LON2/DLON/H
   42   48   54   49   52   47   53   50   56   53   59   57   63   60   67   63
   69   64   70   65   70   65   70   64   69   64   70   63   70   64   71   65
   72   66   73   68   73   69   73   70   73   69   73   71   73   71   75   72
   76   72   78   74   79   75   81   76   82   77   83   77   82   74   78   71
   73   66   69   63   62   52   67   25   42                                   
    80.0-180.0 180.0   5.0 450.0                            LAT/LON1/LON2/DLON/H
   48   54   46   44   40   42   43   48   47   54   52   61   58   66   63   69
   67   70   69   70   68   68   66   67   65   66   65   67   67   69   69   70
   71   73   73   74   72   74   73   73   71   73   71   74   72   75   74   77
   77   80   81   83   83   87   86   90   88   92   90   93   89   91   85   85
   79   77   71   68   61   52   57   33   48                                   
    77.5-180.0 180.0   5.0 450.0                            LAT/LON1/LON2/DLON/H
   51   54   46   44   43   44   47   51   53   58   60   64   65   68   69   70
   70   71   71   71   69   69   67   68   66   69   68   71   71   73   73   77
   74   79   77   81   75   80   75   78   72   76   72   77   73   79   77   83
   80   87   86   92   91   96   96  100   99  103  101  104   98  101   93   93
   84   84   77   76   68   59   65   39   51                                   
    75.0-180.0 180.0   5.0 450.0                            LAT/LON1/LON2/DLON/H
   60   58   51   48   44   47   47   54   53   61   61   68   67   74   74   77
   77   76   78   73   74   68   72   65   69   65   69   67   71   72   75   79
   79   84   83   85   80   82   78   78   73   75   72   75   74   80   82   87
   90   93   99  102  108  112  116  118  119  121  120  120  118  116  110  106
   98   95   87   85   76   67   69   45   60                                   
    72.5-180.0 180.0   5.0 450.0                            LAT/LON1/LON2/DLON/H
   67   61   54   48   49   46   51   51   56   59   63   66   69   73   75   78
   78   77   77   74   72   70   69   68   66   67   67   69   68   73   73   78
   77   83   81   84   78   80   74   75   69   71   69   74   73   82   86   95
   99  108  116  124  128  135  138  143  142  146  140  140  133  133  126  122
  112  106   98   92   85   74   78   53   67                                   
    70.0-180.0 180.0   5.0 450.0                            LAT/LON1/LON2/DLON/H
   73   68   54   52   48   50   50   54   55   61   63   68   68   74   75   79
   79   77   78   73   75   68   73   66   72   65   69   68   69   71   71   76
   75   81   78   81   75   76   70   69   63   64   63   70   73   83   92  104
  116  127  141  147  155  159  166  167  171  169  169  162  161  151  146  138
  128  119  110  101   92   81   83   60   73                                   
    67.5-180.0 180.0   5.0 450.0                            LAT/LON1/LON2/DLON/H
   82   74   62   55   54   47   52   47   55   55   62   64   68   70   72   76
   76   76   73   72   69   69   68   67   68   65   65   65   64   66   66   71
   71   74   72   74   69   69   65   63   60   61   64   72   79   94  106  121
  134  149  159  169  172  180  184  190  191  192  188  184  179  170  160  152
  140  131  119  111  100   90   93   67   82                                   
    65.0-180.0 180.0   5.0 450.0                            LAT/LON1/LON2/DLON/H
   86   80   61   59   52   49   50   49   53   54   59   62   64   68   68   74
   72   75   72   70   69   67   69   66   67   64   63   61   59   60   60   64
   64   67   63   65   59   59   53   54   51   54   60   71   84  104  121  140
  157  171  184  193  199  205  212  215  218  216  214  209  205  195  184  171
  157  144  130  118  106   94   99   74   86                                   
    62.5-180.0 180.0   5.0 450.0                            LAT/LON1/LON2/DLON/H
   92   83   68   59   55   48   49   44   51   47   58   57   65   66   67   71
   69   73   67   67   64   63   64   62   64   60   60   57   56   54   54   55
   56   56   55   55   52   50   47   48   48   54   62   77   95  116  137  158
  174  190  203  215  223  230  233  239  239  240  235  232  228  219  208  191
  174  158  141  128  114  103  108   80   92                                   
    60.0-180.0 180.0   5.0 450.0                            LAT/LON1/LON2/DLON/H
   94   86   66   63   53   47   46   44   48   47   55   55   61   63   65   70
   70   73   71   69   68   66   66   67   66   64   61   59   56   53   51   51
   51   51   50   49   47   44   43   43   48   54   69   88  109  133  153  173
  191  210  226  238  248  254  259  262  264  260  256  250  249  240  230  213
  195  174  155  139  122  108  112   87   94                                   
    57.5-180.0 180.0   5.0 450.0                            LAT/LON1/LON2/DLON/H
  101   88   72   62   54   47   44   41   44   42   52   51   61   61   65   70
   67   74   66   69   63   63   64   62   62   59   57   54   52   50   48   49
   49   49   49   48   45   42   42   45   51   62   77  100  121  144  163  183
  203  224  242  256  267  273  277  280  280  276  269  264  264  255  247  230
  214  189  169  153  134  119  122   94  101                                   
    55.0-180.0 180.0   5.0 450.0                            LAT/LON1/LON2/DLON/H
  107   97   75   68   55   49   45   44   45   46   51   53   59   63   68   74
   76   77   75   73   71   69   68   67   62   63   55   54   49   50   48   49
   50   50   52   49   49   44   46   49   60   71   93  114  139  158  179  196
  222  241  261  277  287  291  294  297  296  293  283  279  276  268  257  243
  229  206  184  165  147  129  130  105  107                                   
    52.5-180.0 180.0   5.0 450.0                            LAT/LON1/LON2/DLON/H
  119  104   87   72   63   51   48   44   45   43   48   49   56   59   65   71
   70   76   68   71   63   65   62   62   60   58   54   52   50   51   51   55
   55   57   56   55   54   51   53   60   70   87  106  132  153  172  191  213
  238  258  276  290  301  303  305  304  304  296  289  282  281  270  264  250
  237  218  195  180  162  145  143  118  119                                   
    50.0-180.0 180.0   5.0 450.0                            LAT/LON1/LON2/DLON/H
  127  117   95   86   71   65   55   54   51   52   53   54   59   63   69   73
   77   77   76   73   73   71   71   69   66   65   59   58   56   56   57   60
   63   62   65   63   63   61   66   73   87  104  126  149  171  187  207  230
  254  274  292  306  312  315  312  313  309  304  292  284  281  270  261  248
  237  222  202  188  173  155  154  129  127                                   
    47.5-180.0 180.0   5.0 450.0                            LAT/LON1/LON2/DLON/H
  140  128  112   96   87   72   68   60   59   54   55   54   58   61   66   70
   72   75   70   72   67   72   68   70   67   65   61   58   56   58   58   63
   64   67   69   70   74   75   83   92  107  127  146  170  189  206  228  248
  270  286  302  310  317  315  313  308  305  294  285  273  272  259  252  239
  227  218  202  192  181  166  163  139  140                                   
    45.0-180.0 180.0   5.0 450.0                            LAT/LON1/LON2/DLON/H
  147  139  118  110   99   90   79   75   69   68   65   64   67   69   72   75
   77   77   76   76   78   80   84   82   84   78   75   69   68   65   66   66
   70   71   76   79   84   88   95  107  124  144  165  188  208  228  248  267
  287  305  315  322  321  320  314  311  303  294  279  268  260  247  236  225
  212  208  198  190  180  167  169  144  147                                   
    42.5-180.0 180.0   5.0 450.0                            LAT/LON1/LON2/DLON/H
  154  148  132  115  111   95   92   83   78   75   72   71   71   73   74   77
   77   79   77   82   82   89   89   93   89   86   78   74   69   69   68   69
   69   71   80   86   95  100  112  125  142  163  186  209  232  251  269  283
  301  313  324  322  326  319  316  308  305  290  278  264  256  240  226  212
  200  197  192  188  181  170  167  146  154                                   
    40.0-180.0 180.0   5.0 450.0                            LAT/LON1/LON2/DLON/H
  153  148  128  122  116  106   99   96   90   89   88   87   88   88   89   88
   89   88   89   93  100  103  112  111  113  102   98   86   83   76   75   71
   73   74   81   90   99  107  120  137  154  181  204  232  253  272  289  302
  319  331  337  338  338  335  331  325  321  309  293  279  267  250  232  218
  201  197  188  183  175  159  163  137  153                                   
    37.5-180.0 180.0   5.0 450.0                            LAT/LON1/LON2/DLON/H
  147  143  127  117  115  102  101   95   95   95   95   97   97   98   97   95
   95   96   97  104  107  116  119  125  118  112   99   92   82   79   73   67
   67   66   79   87  102  111  129  147  168  195  220  249  271  289  306  318
  335  342  353  353  360  357  359  351  352  339  327  315  300  282  260  241
  222  213  201  190  178  162  156  129  147                                   
    35.0-180.0 180.0   5.0 450.0                            LAT/LON1/LON2/DLON/H
  140  130  115  111  108  101  100   99   99  104  108  112  118  118  118  115
  116  113  119  121  131  132  141  136  134  120  111   99   89   82   74   66
   64   64   74   83   98  109  129  153  177  205  235  263  286  303  322  334
  352  362  376  385  395  404  408  410  410  405  392  382  368  344  318  285
  260  243  221  202  183  161  157  121  140                                   
    32.5-180.0 180.0   5.0 450.0                            LAT/LON1/LON2/DLON/H
  139  125  108  100   97   92   93   90   93  100  106  117  122  126  124  123
  123  124  128  135  138  145  143  141  131  123  106   98   87   77   70   58
   60   56   69   79   97  109  131  159  188  212  240  270  293  313  333  347
  366  376  398  413  435  451  465  472  475  474  464  458  444  423  395  361
  324  294  266  235  207  179  166  130  139                                   
    30.0-180.0 180.0   5.0 450.0                            LAT/LON1/LON2/DLON/H
  145  120   99   91   87   84   84   85   87   94  105  115  127  132  133  134
  137  137  143  145  151  150  149  141  134  125  112  103   91   83   74   67
   69   67   80   86  102  113  135  164  190  216  237  266  294  316  341  358
  380  397  425  452  483  511  538  557  570  573  565  560  548  529  500  467
  421  383  335  293  252  207  186  152  145                                   
    27.5-180.0 180.0   5.0 450.0                            LAT/LON1/LON2/DLON/H
  169  131  107   93   86   82   84   78   81   84   93  108  117  126  127  131
  135  140  145  149  149  147  139  134  122  117  106   99   91   82   75   66
   69   66   72   75   86  107  135  165  196  224  245  269  292  319  346  370
  394  422  458  491  535  574  619  654  670  679  676  671  663  646  615  580
  537  492  439  379  319  261  224  202  169                                   
    25.0-180.0 180.0   5.0 450.0                            LAT/LON1/LON2/DLON/H
  210  148  121  108   94   92   88   85   82   84   90   99  111  117  122  127
  134  138  145  145  146  142  136  131  124  121  111  109   97   86   82   78
   80   78   74   74   79   99  129  171  200  236  253  281  303  327  356  384
  420  458  503  544  594  644  683  715  740  749  752  745  738  716  699  678
  648  604  553  492  428  343  293  262  210                                   
    22.5-180.0 180.0   5.0 450.0                            LAT/LON1/LON2/DLON/H
  262  189  169  140  125  115  114   98   98   86   92   94  105  109  113  118
  126  133  139  140  137  133  125  124  120  121  117  107   98   96   89   87
   85   81   74   67   68   88  121  171  207  242  262  288  303  333  357  395
  439  482  532  579  638  679  723  755  786  798  805  800  794  777  761  745
  726  700  655  600  533  450  388  341  262                                   
    20.0-180.0 180.0   5.0 450.0                            LAT/LON1/LON2/DLON/H
  332  248  226  198  176  167  157  144  129  118  107  109  108  111  111  116
  122  128  131  133  129  129  121  129  128  134  124  121  118  115  108  109
  102   94   85   71   73   92  130  180  219  254  281  304  323  351  381  419
  472  515  567  611  656  694  738  766  793  806  813  809  805  803  793  788
  773  749  719  670  614  538  479  426  332                                   
    17.5-180.0 180.0   5.0 450.0                            LAT/LON1/LON2/DLON/H
  400  338  299  254  227  212  206  190  177  159  144  133  130  127  125  126
  128  133  132  132  126  129  126  140  136  141  137  143  127  126  112  114
  100   91   79   71   75  102  143  187  227  263  285  314  331  366  395  444
  496  540  585  628  665  696  727  753  770  780  785  786  787  793  794  802
  794  781  760  726  677  616  570  517  400                                   
    15.0-180.0 180.0   5.0 450.0                            LAT/LON1/LON2/DLON/H
  463  419  371  322  283  267  250  244  231  221  203  196  177  175  160  161
  151  150  143  142  130  141  138  152  156  175  175  174  158  151  139  127
  117   92   84   71   89  110  149  189  235  268  300  327  353  382  420  465
  515  557  598  632  663  682  697  708  720  725  728  733  736  752  756  767
  770  766  754  734  703  656  624  583  463                                   
    12.5-180.0 180.0   5.0 450.0                            LAT/LON1/LON2/DLON/H
  514  482  452  400  361  337  324  317  301  288  271  253  235  227  216  208
  194  185  173  165  153  157  155  177  185  204  194  191  163  155  135  130
  114   95   84   85   99  118  158  202  244  283  310  343  369  403  437  484
  527  563  592  617  636  648  655  657  658  666  667  681  686  705  715  725
  731  727  725  713  702  669  662  623  514                                   
    10.0-180.0 180.0   5.0 450.0                            LAT/LON1/LON2/DLON/H
  536  521  501  462  428  406  391  389  376  361  337  325  305  297  272  266
  240  227  202  196  179  189  186  210  222  230  221  204  184  158  150  125
  116   92   92   82   94  115  158  204  248  286  319  349  378  409  448  494
  529  560  580  599  608  612  607  604  607  610  616  619  637  654  664  676
  681  677  677  676  676  659  658  626  536                                   
     7.5-180.0 180.0   5.0 450.0                            LAT/LON1/LON2/DLON/H
  535  534  524  490  468  446  435  432  425  415  399  382  369  358  344  333
  300  272  246  231  221  218  220  232  238  236  222  204  178  159  144  133
