data/unet/pred2020.15i
     1.0            IONOSPHERE MAPS     GNSS                IONEX VERSION / TYPE
pyspatialgeodesy        IME             05-JAN-18 20:20     PGM / RUN BY / DATE 
Map Name                                                    COMMENT             
Predicted global ionosphere maps (GIM).                     DESCRIPTION         
  2015     7    21     0     0     0                        EPOCH OF FIRST MAP  
  2015     7    22     0     0     0                        EPOCH OF LAST MAP   
  7200                                                      INTERVAL            
    13                                                      # OF MAPS IN FILE   
  NONE                                                      MAPPING FUNCTION    
10.0                                                        ELEVATION CUTOFF    
One-way carrier phase leveled to code                       OBSERVABLES USED    
  6371.0                                                    BASE RADIUS         
 2                                                          MAP DIMENSION       
   450.0 450.0   0.0                                        HGT1 / HGT2 / DHGT  
    87.5 -87.5  -2.5                                        LAT1 / LAT2 / DLAT  
  -180.0 180.0   5.0                                        LON1 / LON2 / DLON  
    -1                                                      EXPONENT            
                                                            END OF HEADER       
[from data line 4290]
    11                                                      START OF TEC MAP    
  2015     7    21    20     0     0                        EPOCH OF CURRENT MAP
    87.5-180.0 180.0   5.0 450.0                            LAT/LON1/LON2/DLON/H
  194  170  156  160  158  158  157  157  157  157  156  157  155  156  154  156
  153  155  153  154  153  154  153  153  153  152  152  151  150  149  149  148
  147  146  146  145  144  144  143  143  142  142  142  142  141  141  141  141
  141  141  140  141  140  141  140  141  141  142  142  143  143  145  145  146
  147  149  150  150  152  153  154  176  194                                   
    85.0-180.0 180.0   5.0 450.0                            LAT/LON1/LON2/DLON/H
  158  160  158  161  162  159  161  159  162  159  162  159  162  159  161  158
  161  158  160  157  160  157  158  155  157  154  154  151  152  149  149  146
  147  144  145  142  144  141  142  140  142  139  141  139  141  139  141  138
  141  138  141  138  141  138  141  138  142  139  142  140  144  142  145  144
  147  147  150  149  151  150  154  173  158                                   
    82.5-180.0 180.0   5.0 450.0                            LAT/LON1/LON2/DLON/H
  163  162  163  166  164  165  164  167  165  167  166  167  165  167  165  167
  165  166  164  165  163  164  162  162  159  159  156  155  152  152  148  148
  145  145  142  143  141  142  140  141  140  141  140  141  140  141  140  141
  140  141  140  141  140  142  140  141  140  141  140  142  141  143  142  144
  144  147  148  150  151  152  151  163  163                                   
    80.0-180.0 180.0   5.0 450.0                            LAT/LON1/LON2/DLON/H
  166  157  157  159  159  159  161  161  162  161  162  160  162  159  161  158
  160  158  159  158  160  158  159  157  157  155  154  151  150  147  145  142
  141  139  138  137  137  136  137  136  136  136  136  135  136  135  135  134
  135  134  135  134  134  133  134  132  133  130  131  130  131  130  132  131
  134  135  138  139  143  144  144  157  166                                   
    77.5-180.0 180.0   5.0 450.0                            LAT/LON1/LON2/DLON/H
  159  153  153  153  155  154  156  155  157  156  157  155  156  154  155  153
  155  153  156  155  158  157  159  158  158  155  154  150  148  144  142  139
  137  135  135  133  134  133  135  134  134  133  133  132  132  131  131  130
  131  129  131  129  130  128  128  126  125  123  123  121  121  120  122  121
  124  125  129  130  134  135  135  144  159                                   
    75.0-180.0 180.0   5.0 450.0                            LAT/LON1/LON2/DLON/H
  157  149  152  155  155  156  158  157  158  158  159  157  157  156  155  154
  154  154  156  158  160  162  163  163  163  161  159  155  151  147  144  141
  139  137  137  137  138  138  140  139  139  137  137  134  134  132  132  131
  131  130  131  130  130  129  128  125  123  121  120  118  117  117  118  118
  120  122  126  128  133  133  134  146  157                                   
    72.5-180.0 180.0   5.0 450.0                            LAT/LON1/LON2/DLON/H
  153  149  151  153  154  152  155  154  156  155  157  154  154  152  152  149
  150  150  153  154  159  161  165  165  165  162  161  155  151  145  142  138
  137  135  136  137  139  141  142  141  141  138  136  133  131  129  128  127
  127  127  128  127  126  124  123  120  118  115  114  112  112  111  113  114
  116  119  123  126  130  132  132  143  153                                   
    70.0-180.0 180.0   5.0 450.0                            LAT/LON1/LON2/DLON/H
  153  149  152  155  155  155  156  156  158  158  159  157  157  154  153  150
  150  150  152  155  160  164  167  168  169  166  164  157  153  147  143  139
  138  137  140  141  145  146  148  146  145  141  138  133  130  127  126  124
  125  125  126  125  124  122  120  117  115  112  111  110  110  111  113  115
  118  121  126  129  135  135  137  149  153                                   
    67.5-180.0 180.0   5.0 450.0                            LAT/LON1/LON2/DLON/H
  155  152  154  154  154  153  154  153  156  156  159  157  158  154  153  149
  149  148  151  153  158  161  167  167  168  164  162  155  151  144  141  136
  136  136  139  141  145  147  149  148  145  140  134  129  124  121  119  119
  119  120  120  119  118  115  113  110  107  106  105  106  107  110  113  116
  120  125  130  134  138  139  140  150  155                                   
    65.0-180.0 180.0   5.0 450.0                            LAT/LON1/LON2/DLON/H
  158  155  158  159  158  157  158  157  160  161  164  163  164  161  159  155
  154  152  153  155  160  163  167  169  169  166  162  156  152  146  142  139
  139  139  143  146  150  152  154  152  149  142  135  128  123  119  117  116
  118  117  118  116  114  110  107  104  103  101  103  104  108  112  117  121
  126  131  136  140  145  146  146  157  158                                   
    62.5-180.0 180.0   5.0 450.0                            LAT/LON1/LON2/DLON/H
  160  160  161  161  160  158  159  158  161  162  166  166  167  164  163  158
  157  153  155  155  159  160  165  164  166  161  160  153  152  145  144  140
  141  141  144  147  151  153  155  152  148  140  132  124  119  115  113  112
  113  112  112  108  105  101   97   94   93   94   96  100  106  111  118  123
  129  134  140  143  148  149  148  159  160                                   
    60.0-180.0 180.0   5.0 450.0                            LAT/LON1/LON2/DLON/H
  163  163  167  168  167  165  166  164  167  168  172  172  175  171  171  166
  165  160  160  159  161  162  164  164  164  162  160  157  155  152  151  149
  149  149  151  152  157  158  160  156  153  144  135  127  122  117  115  113
  114  111  109  104  100   94   90   87   88   89   94   98  106  112  119  125
  132  136  142  145  150  151  151  163  163                                   
    57.5-180.0 180.0   5.0 450.0                            LAT/LON1/LON2/DLON/H
  166  167  171  172  172  170  170  169  171  172  175  176  177  175  175  170
  168  163  163  159  161  159  162  160  162  158  160  157  160  157  159  156
  156  154  156  156  159  160  161  158  154  146  138  129  123  118  116  113
  112  108  104   98   91   85   81   79   79   82   88   95  102  110  117  124
  131  135  141  143  147  149  148  160  166                                   
    55.0-180.0 180.0   5.0 450.0                            LAT/LON1/LON2/DLON/H
  167  169  176  179  181  179  180  178  180  179  182  181  183  180  181  176
  174  169  168  164  163  161  161  161  160  161  162  164  167  169  170  169
  167  164  164  163  165  166  168  164  161  153  145  136  130  125  121  117
  114  108  103   94   88   81   77   76   78   81   88   94  101  108  116  122
  129  134  139  142  145  149  149  162  167                                   
    52.5-180.0 180.0   5.0 450.0                            LAT/LON1/LON2/DLON/H
  169  176  182  187  191  191  192  191  189  188  187  185  185  184  183  180
  177  172  169  164  163  160  161  158  160  159  164  166  173  175  178  175
  174  169  167  165  167  168  170  167  164  157  149  141  134  128  124  118
  113  106   99   90   83   77   74   74   75   81   85   92   98  105  111  117
  125  130  136  137  142  144  145  159  169                                   
    50.0-180.0 180.0   5.0 450.0                            LAT/LON1/LON2/DLON/H
  173  182  191  197  203  204  207  203  203  197  196  191  191  187  188  184
  183  176  174  168  166  163  163  161  162  164  168  173  178  183  185  184
  181  176  173  171  173  175  178  176  173  166  159  150  144  137  130  123
  117  107  100   91   85   80   78   79   83   86   91   95  100  104  110  117
  125  131  138  141  145  151  150  165  173                                   
    47.5-180.0 180.0   5.0 450.0                            LAT/LON1/LON2/DLON/H
  178  190  200  207  214  216  220  218  215  211  205  200  195  193  192  189
  186  180  176  170  167  164  165  162  164  165  171  174  182  185  188  186
  183  178  176  175  177  179  182  180  177  170  163  155  147  140  133  125
  117  108  101   92   87   84   83   86   88   92   95   98   99  102  108  113
  122  129  139  141  147  151  150  167  178                                   
    45.0-180.0 180.0   5.0 450.0                            LAT/LON1/LON2/DLON/H
  185  198  208  215  222  227  231  231  230  224  218  211  206  200  200  195
  193  185  181  174  172  170  171  169  171  172  177  181  186  189  192  190
  188  183  183  183  187  190  193  191  188  181  173  165  156  149  140  133
  123  114  106   99   95   93   94   96  100  102  104  105  106  107  112  117
  127  136  147  153  157  165  164  180  185                                   
    42.5-180.0 180.0   5.0 450.0                            LAT/LON1/LON2/DLON/H
  191  203  212  218  226  232  239  241  241  237  230  224  217  213  209  205
  200  193  186  181  179  177  179  177  181  181  186  188  193  194  195  194
  192  190  190  193  197  200  202  199  194  186  178  168  160  151  144  135
  127  119  112  107  103  102  102  106  107  111  110  111  109  111  114  119
  129  138  151  156  164  169  170  187  191                                   
    40.0-180.0 180.0   5.0 450.0                            LAT/LON1/LON2/DLON/H
  200  209  216  221  227  236  242  249  249  249  242  238  232  227  223  216
  212  202  197  190  190  189  192  191  195  195  199  200  202  202  203  203
  204  203  207  209  215  216  217  212  206  196  187  178  169  162  153  146
  137  131  124  119  115  114  115  116  118  118  118  118  118  119  123  128
  137  148  161  169  176  184  186  202  200                                   
    37.5-180.0 180.0   5.0 450.0                            LAT/LON1/LON2/DLON/H
  206  214  217  219  224  231  241  248  253  254  253  250  245  241  236  230
  223  213  207  202  201  202  205  206  209  211  213  215  216  217  218  220
  222  224  226  229  231  232  229  223  214  203  193  184  175  168  160  153
  146  140  134  130  125  124  122  123  121  123  121  123  122  125  128  133
  141  151  164  171  180  187  190  207  206                                   
    35.0-180.0 180.0   5.0 450.0                            LAT/LON1/LON2/DLON/H
  214  216  217  217  221  230  239  249  255  262  262  264  260  259  254  249
  241  231  223  218  217  220  222  226  228  231  234  237  239  241  244  247
  250  252  254  251  252  247  245  235  226  213  204  193  186  178  171  163
  156  151  145  140  134  131  127  125  123  123  122  124  127  131  136  141
  149  158  170  178  187  197  201  216  214                                   
    32.5-180.0 180.0   5.0 450.0                            LAT/LON1/LON2/DLON/H
  218  221  218  216  220  227  237  248  257  265  269  273  273  272  269  265
  258  249  241  235  234  235  238  242  246  251  256  263  266  272  276  284
  287  290  285  279  271  263  252  242  230  219  207  198  190  185  176  169
  160  155  148  143  137  132  126  123  119  119  118  123  125  132  135  142
  147  157  167  176  186  196  200  220  218                                   
    30.0-180.0 180.0   5.0 450.0                            LAT/LON1/LON2/DLON/H
  224  222  220  219  222  229  238  247  257  265  272  280  283  286  283  281
  273  268  260  256  253  255  257  261  265  273  281  291  299  306  313  318
  322  318  312  296  284  267  258  244  235  222  213  203  196  188  180  170
  163  154  148  140  135  128  123  117  114  111  112  117  123  129  136  141
  148  155  167  175  187  198  204  224  224                                   
    27.5-180.0 180.0   5.0 450.0                            LAT/LON1/LON2/DLON/H
  225  229  226  226  230  237  245  254  263  272  279  290  297  301  301  300
  294  289  282  278  275  275  275  278  283  294  305  318  328  337  344  348
  347  342  329  310  287  268  254  243  231  220  211  202  194  184  174  164
  155  147  139  132  126  121  115  111  105  105  104  109  114  123  127  134
  139  149  160  171  184  195  199  224  225                                   
    25.0-180.0 180.0   5.0 450.0                            LAT/LON1/LON2/DLON/H
  232  235  236  239  244  251  259  267  275  284  290  304  312  321  322  323
  318  315  307  303  298  298  295  299  304  316  328  341  352  358  363  364
  363  353  339  311  285  260  249  235  228  217  210  199  190  178  167  154
  144  133  126  119  116  110  106  102   98   97   98  101  107  114  121  126
  135  144  160  172  187  197  205  228  232                                   
    22.5-180.0 180.0   5.0 450.0                            LAT/LON1/LON2/DLON/H
  235  246  248  253  261  268  275  283  290  299  305  320  330  342  346  349
  346  344  336  332  324  321  316  318  322  334  345  357  365  370  373  373
  369  356  336  306  272  248  234  224  216  208  201  191  182  166  153  137
  126  116  109  104  101   99   96   95   91   91   91   94   98  105  108  116
  124  139  155  172  187  199  204  233  235                                   
    20.0-180.0 180.0   5.0 450.0                            LAT/LON1/LON2/DLON/H
  243  252  258  266  274  284  291  300  308  318  323  341  351  365  370  375
  372  372  365  362  352  345  337  338  339  349  357  366  373  376  377  373
  366  349  327  294  261  238  225  214  209  200  194  183  173  155  140  122
  111   99   95   89   89   88   89   89   88   86   85   87   91   94  100  106
  120  134  157  175  194  204  213  238  243                                   
    17.5-180.0 180.0   5.0 450.0                            LAT/LON1/LON2/DLON/H
  247  263  268  278  287  298  305  314  322  334  343  359  371  386  394  401
  399  399  393  391  380  371  359  356  354  361  365  370  372  372  369  363
  352  336  308  277  246  226  213  203  197  188  183  171  161  143  128  110
   99   88   83   79   80   82   85   88   87   85   83   83   83   87   89   97
  109  129  153  175  194  208  214  243  247                                   
    15.0-180.0 180.0   5.0 450.0                            LAT/LON1/LON2/DLON/H
  251  266  273  284  292  306  313  326  335  352  360  380  391  407  415  422
  424  423  417  415  403  393  379  372  368  371  369  370  368  365  359  350
  336  318  291  262  237  221  209  200  194  184  178  165  156  138  123  106
   96   84   80   75   76   79   84   87   87   85   81   79   79   79   83   89
  104  123  152  174  197  209  220  243  251                                   
    12.5-180.0 180.0   5.0 450.0                            LAT/LON1/LON2/DLON/H
  251  270  276  290  297  307  316  328  339  354  365  384  398  416  428  438
  442  443  438  435  423  413  396  387  379  377  370  367  361  355  343  332
  314  295  270  248  229  216  206  196  190  178  172  160  151  134  121  105
   95   84   77   73   74   79   83   88   87   85   80   76   73   74   74   80
   92  113  140  167  190  206  215  242  251                                   
    10.0-180.0 180.0   5.0 450.0                            LAT/LON1/LON2/DLON/H
  251  268  276  289  293  306  311  327  337  355  364  383  398  415  429  441
  449  454  452  447  436  425  407  397  386  382  371  365  356  347  332  318
  298  278  258  242  229  221  213  204  195  182  174  163  154  138  126  111
  100   89   80   75   74   77   81   84   84   81   76   72   70   69   69   73
   85  102  132  158  184  200  214  236  251                                   
     7.5-180.0 180.0   5.0 450.0                            LAT/LON1/LON2/DLON/H
  246  268  278  291  295  301  308  320  331  345  354  370  383  402  417  434
  446  456  455  453  441  432  413  403  391  385  372  365  353  342  324  307
