data/unet/pred0270.15i
     1.0            IONOSPHERE MAPS     GNSS                IONEX VERSION / TYPE
pyspatialgeodesy        IME             05-JAN-18 20:20     PGM / RUN BY / DATE 
Map Name                                                    COMMENT             
Predicted global ionosphere maps (GIM).                     DESCRIPTION         
  2015     1    27     0     0     0                        EPOCH OF FIRST MAP  
  2015     1    28     0     0     0                        EPOCH OF LAST MAP   
  7200                                                      INTERVAL            
    13                                                      # OF MAPS IN FILE   
  NONE                                                      MAPPING FUNCTION    
10.0                                                        ELEVATION CUTOFF    
One-way carrier phase leveled to code                       OBSERVABLES USED    
  6371.0                                                    BASE RADIUS         
 2                                                          MAP DIMENSION       
   450.0 450.0   0.0                                        HGT1 / HGT2 / DHGT  
    87.5 -87.5  -2.5                                        LAT1 / LAT2 / DLAT  
  -180.0 180.0   5.0                                        LON1 / LON2 / DLON  
    -1                                                      EXPONENT            
                                                            END OF HEADER       
[from data line 429]
     2                                                      START OF TEC MAP    
  2015     1    27     2     0     0                        EPOCH OF CURRENT MAP
    87.5-180.0 180.0   5.0 450.0                            LAT/LON1/LON2/DLON/H
   99   93   86   80   83   78   81   78   83   79   82   77   81   76   78   73
   76   70   73   67   71   65   69   63   67   61   65   60   64   59   64   59
   64   61   65   62   67   64   68   66   71   68   72   69   74   71   75   72
   77   74   79   75   80   76   81   77   82   78   82   79   84   81   85   82
   86   84   87   84   91   85   95  101   99                                   
    85.0-180.0 180.0   5.0 450.0                            LAT/LON1/LON2/DLON/H
   96  108   91   96   94   93   93   92   92   93   91   92   90   91   88   89
   85   85   83   82   79   77   75   73   70   68   66   64   62   61   61   60
   60   61   62   63   64   66   68   70   72   74   75   77   77   79   79   81
   80   82   81   82   81   82   82   83   83   84   84   86   87   88   89   91
   92   94   95   96   96   94  102  113   96                                   
    82.5-180.0 180.0   5.0 450.0                            LAT/LON1/LON2/DLON/H
  106  111  108  110  108  103  104  101  103   99  101   98  100   96   98   95
   97   92   93   87   88   80   81   72   73   63   66   57   59   52   57   52
   57   54   61   59   66   66   74   74   81   80   87   86   91   88   93   89
   92   87   90   84   88   81   87   80   87   81   88   84   92   89   97   95
  103  102  109  108  114  107  120  121  106                                   
    80.0-180.0 180.0   5.0 450.0                            LAT/LON1/LON2/DLON/H
  120  122  121  118  120  111  113  106  108  102  103  100  101   99  101  100
  101   99   99   96   94   89   86   79   74   67   63   58   55   51   51   49
   52   52   56   58   65   67   75   77   85   86   93   93   97   96   98   94
   95   90   91   85   86   81   83   79   83   81   86   86   93   94  102  104
  112  114  122  122  127  121  127  130  120                                   
    77.5-180.0 180.0   5.0 450.0                            LAT/LON1/LON2/DLON/H
  135  139  134  132  125  120  115  111  106  104  101  101   98  101   99  103
  101  104  102  103   99   98   92   88   80   75   68   65   58   57   55   55
   55   59   61   66   70   76   81   88   92   98  101  104  104  104  102   99
   95   91   89   84   81   78   77   76   77   79   82   88   95  100  109  114
  122  128  136  140  145  142  147  143  135                                   
    75.0-180.0 180.0   5.0 450.0                            LAT/LON1/LON2/DLON/H
  150  152  148  143  136  127  121  113  108  102   99   96   94   94   94   97
   98  101  102  103  102  100   97   91   85   78   73   68   64   62   61   62
   62   65   67   72   75   81   86   92   95  100  103  106  104  104   99   97
   91   87   82   78   74   71   70   70   72   76   80   87   95  103  112  120
  130  138  148  154  160  159  162  159  150                                   
    72.5-180.0 180.0   5.0 450.0                            LAT/LON1/LON2/DLON/H
  170  172  168  160  150  137  129  118  110  103   97   93   88   88   87   89
   90   94   97  100  100  101   99   97   90   87   80   78   73   73   71   72
   72   74   77   80   83   87   92   95   98  101  103  103  101   97   94   88
   83   77   74   68   67   64   65   66   70   75   81   91  101  109  119  128
  140  149  162  169  177  176  179  175  170                                   
    70.0-180.0 180.0   5.0 450.0                            LAT/LON1/LON2/DLON/H
  188  187  183  175  164  153  142  131  121  111  102   95   88   84   81   81
   81   85   89   92   94   95   95   92   91   87   86   83   83   82   84   83
   85   85   86   86   87   88   90   92   93   95   95   94   90   87   81   77
   72   68   64   62   61   61   63   67   74   82   89  100  111  119  129  138
  149  160  173  182  190  190  194  187  188                                   
    67.5-180.0 180.0   5.0 450.0                            LAT/LON1/LON2/DLON/H
  207  206  204  193  181  167  157  144  133  122  111  101   90   83   76   73
   71   74   78   82   85   88   89   91   89   91   89   91   89   91   91   92
   92   90   90   87   87   84   86   84   86   83   85   81   78   72   68   62
   59   55   55   53   55   58   64   72   81   92  101  113  124  132  141  149
  161  171  184  191  200  200  204  198  207                                   
    65.0-180.0 180.0   5.0 450.0                            LAT/LON1/LON2/DLON/H
  220  216  212  203  190  180  166  157  145  135  122  111   97   85   75   68
   65   66   69   72   76   79   82   82   87   86   91   91   94   93   94   93
   93   89   86   82   79   76   74   72   71   70   68   66   62   59   52   51
   47   47   47   50   55   62   72   83   96  108  118  129  140  147  155  163
  171  179  189  197  204  206  211  206  220                                   
    62.5-180.0 180.0   5.0 450.0                            LAT/LON1/LON2/DLON/H
  232  228  222  214  203  189  176  166  156  147  134  121  104   91   77   68
   61   60   61   64   66   70   71   75   76   81   83   86   87   88   88   86
   85   79   77   70   69   62   62   58   60   57   58   53   52   47   45   40
   39   38   41   47   56   67   80   95  110  123  133  144  156  162  170  175
  184  188  199  200  210  210  216  211  232                                   
    60.0-180.0 180.0   5.0 450.0                            LAT/LON1/LON2/DLON/H
  238  232  227  218  209  194  180  172  162  155  143  132  115  100   86   73
   66   61   62   62   63   64   65   66   69   71   74   75   78   76   76   74
   72   67   64   60   58   54   53   52   53   52   50   48   44   42   37   37
   34   37   40   48   60   75   91  107  124  135  146  158  171  178  185  191
  196  200  205  208  213  215  221  217  238                                   
    57.5-180.0 180.0   5.0 450.0                            LAT/LON1/LON2/DLON/H
  253  245  238  228  218  201  188  178  169  161  150  139  123  109   93   82
   72   68   64   63   60   60   56   58   58   60   61   62   63   62   62   58
   59   54   56   52   55   52   55   54   59   56   58   53   52   46   44   39
   40   40   46   54   68   84  101  117  132  145  156  170  184  192  201  206
  213  213  220  219  226  223  231  226  253                                   
    55.0-180.0 180.0   5.0 450.0                            LAT/LON1/LON2/DLON/H
  268  255  252  239  226  207  192  180  169  163  152  143  130  116  103   92
   85   78   74   68   64   59   56   53   54   53   55   53   53   50   51   48
   51   49   52   53   57   58   61   63   66   66   65   62   58   55   49   48
   45   48   53   63   76   94  111  126  141  152  165  178  194  204  214  223
  228  230  234  232  236  237  241  240  268                                   
    52.5-180.0 180.0   5.0 450.0                            LAT/LON1/LON2/DLON/H
  292  279  273  258  246  224  209  191  181  168  158  146  134  123  111  103
   95   89   82   75   66   61   55   52   51   51   51   50   49   46   47   47
   52   55   62   66   73   76   82   83   88   85   85   79   76   69   67   61
   62   60   68   76   91  107  123  137  148  162  172  188  204  216  228  237
  246  248  253  252  256  255  258  255  292                                   
    50.0-180.0 180.0   5.0 450.0                            LAT/LON1/LON2/DLON/H
  316  311  310  292  273  248  225  203  187  173  158  148  136  127  118  110
  104   96   89   80   71   64   58   55   56   54   56   54   52   49   51   51
   59   64   73   80   87   93   96  100  102  101   98   94   88   84   79   76
   74   74   78   89  103  119  134  145  157  168  178  193  212  225  237  248
  257  261  267  267  271  272  272  272  316                                   
    47.5-180.0 180.0   5.0 450.0                            LAT/LON1/LON2/DLON/H
  337  339  341  327  310  280  255  225  205  182  167  151  139  129  121  116
  108  102   94   86   77   71   66   65   65   67   67   66   65   63   64   67
   75   83   95  101  111  113  118  118  121  117  116  109  106   99   99   92
   93   90   97  105  121  134  148  159  169  180  187  203  220  233  245  255
  266  271  277  279  285  286  287  284  337                                   
    45.0-180.0 180.0   5.0 450.0                            LAT/LON1/LON2/DLON/H
  355  368  374  368  349  321  287  251  218  192  172  154  142  132  126  118
  113  103   97   89   83   79   77   78   81   82   83   82   80   78   79   80
   89   97  108  116  123  125  128  128  129  127  123  118  113  109  106  103
  103  102  108  119  132  148  161  172  180  189  196  209  226  238  248  257
  265  271  278  280  286  289  288  286  355                                   
    42.5-180.0 180.0   5.0 450.0                            LAT/LON1/LON2/DLON/H
  352  367  375  379  371  345  319  277  241  207  186  163  148  138  129  123
  114  108  102   98   95   95   95   98   99  102  103  102  101   97   98   98
  105  111  123  128  134  133  134  132  134  130  130  123  122  116  118  115
  119  118  125  133  149  164  179  189  197  203  207  218  233  242  250  255
  263  268  276  278  283  283  286  283  352                                   
    40.0-180.0 180.0   5.0 450.0                            LAT/LON1/LON2/DLON/H
  346  358  373  378  372  354  331  294  254  217  193  170  158  145  138  126
  121  109  111  106  111  112  117  118  121  120  121  117  116  109  110  106
  112  117  127  130  135  132  132  130  132  129  129  123  122  118  120  120
  123  123  131  142  158  176  192  203  210  215  219  229  240  248  253  257
  262  269  278  280  282  281  281  276  346                                   
    37.5-180.0 180.0   5.0 450.0                            LAT/LON1/LON2/DLON/H
  323  329  335  345  345  334  323  291  261  225  204  182  168  157  146  137
  126  122  121  125  131  135  140  139  140  137  136  130  128  119  119  113
  117  119  127  129  132  128  128  124  129  127  130  124  127  122  128  127
  133  132  142  151  171  189  207  219  227  231  235  242  253  256  261  265
  272  279  289  292  291  287  284  274  323                                   
    35.0-180.0 180.0   5.0 450.0                            LAT/LON1/LON2/DLON/H
  318  316  316  315  314  304  302  277  254  224  205  186  176  163  157  142
  140  129  138  138  150  151  158  153  154  147  146  138  134  126  121  116
  115  118  123  126  127  124  123  122  125  126  128  125  125  122  126  126
  130  131  141  153  174  195  216  230  241  245  251  260  268  275  280  285
  292  304  313  317  315  310  302  292  318                                   
    32.5-180.0 180.0   5.0 450.0                            LAT/LON1/LON2/DLON/H
  322  313  301  290  285  275  274  256  243  220  208  192  184  173  166  156
  150  148  152  159  166  168  169  163  160  151  149  140  139  131  130  121
  120  120  125  126  129  124  126  123  129  129  132  128  130  125  129  127
  130  130  140  153  176  200  225  242  256  262  269  277  288  295  304  311
  320  332  345  354  353  351  340  320  322                                   
    30.0-180.0 180.0   5.0 450.0                            LAT/LON1/LON2/DLON/H
  352  344  328  308  290  276  270  249  238  217  207  192  186  175  172  160
  160  153  164  164  174  170  171  163  160  153  149  146  145  144  138  134
  129  130  132  136  136  133  130  129  131  132  132  130  128  123  123  117
  118  118  129  145  168  196  225  246  264  273  282  295  306  318  330  341
  356  372  390  401  408  413  404  376  352                                   
    27.5-180.0 180.0   5.0 450.0                            LAT/LON1/LON2/DLON/H
  404  401  375  347  324  301  284  260  244  223  214  199  194  183  180  169
  170  166  174  172  178  170  168  158  157  150  153  151  161  158  163  155
  154  151  155  156  156  149  144  138  140  137  136  131  129  122  121  113
  115  114  126  141  167  193  225  249  271  284  295  306  324  342  361  382
  401  423  443  455  464  477  478  439  404                                   
    25.0-180.0 180.0   5.0 450.0                            LAT/LON1/LON2/DLON/H
  479  483  451  422  390  364  335  304  274  247  230  211  202  187  182  169
  170  162  172  164  168  154  155  145  152  151  160  165  176  180  185  182
  181  180  179  179  173  165  154  148  141  139  135  130  126  117  115  105
  106  107  122  140  165  192  221  246  273  289  304  325  344  370  395  428
  454  481  504  518  530  548  554  526  479                                   
    22.5-180.0 180.0   5.0 450.0                            LAT/LON1/LON2/DLON/H
  570  578  545  515  483  446  411  371  330  289  264  236  222  201  192  177
  176  167  172  160  161  148  148  142  154  157  174  179  199  205  215  215
  213  209  203  198  191  178  165  153  146  138  132  125  122  114  111  102
  105  105  123  142  170  196  226  251  279  302  322  344  369  398  435  475
  506  536  563  582  600  624  630  602  570                                   
    20.0-180.0 180.0   5.0 450.0                            LAT/LON1/LON2/DLON/H
  664  680  661  636  600  554  505  457  409  366  323  285  254  224  208  184
  179  163  166  148  152  137  148  145  167  173  195  205  225  234  243  240
  236  226  221  210  198  184  166  151  137  131  122  117  113  106  104   95
   98  101  119  142  172  201  233  262  292  321  345  371  395  432  469  510
  546  580  611  638  666  696  699  676  664                                   
    17.5-180.0 180.0   5.0 450.0                            LAT/LON1/LON2/DLON/H
  723  762  754  747  724  679  620  563  502  451  400  345  305  260  237  207
  193  172  166  152  155  150  164  171  195  205  228  239  253  261  262  258
  246  238  224  212  199  183  162  146  131  121  112  105  102   99   98   96
   99  106  127  153  183  213  245  275  309  341  370  395  428  459  498  532
  565  598  630  658  692  727  734  709  723                                   
    15.0-180.0 180.0   5.0 450.0                            LAT/LON1/LON2/DLON/H
  753  798  808  821  809  776  718  661  606  549  489  429  374  324  285  246
  224  193  182  166  176  177  197  209  234  247  266  271  277  268  270  252
  245  228  219  204  189  172  149  137  118  110   98   93   89   89   89   89
   97  106  130  158  191  222  253  288  322  363  392  420  449  482  509  537
  564  594  621  648  678  714  725  713  753                                   
    12.5-180.0 180.0   5.0 450.0                            LAT/LON1/LON2/DLON/H
  732  786  816  841  850  820  777  728  677  632  575  509  442  381  339  296
  268  232  218  206  216  227  248  271  292  304  305  295  279  266  257  243
  231  219  206  190  178  160  143  130  116  104   94   88   85   87   87   91
   98  115  140  171  204  234  265  297  336  380  410  438  468  490  516  536
  555  571  589  610  634  662  679  676  732                                   
    10.0-180.0 180.0   5.0 450.0                            LAT/LON1/LON2/DLON/H
  691  742  783  830  846  830  798  761  724  690  643  587  519  456  408  368
  337  299  280  269  284  307  324  340  346  338  321  295  270  249  241  230
  222  207  194  180  165  152  134  129  109  103   89   84   81   82   84   88
  100  118  143  177  211  243  270  307  345  389  416  448  469  493  508  527
  539  550  556  573  592  612  624  639  691                                   
     7.5-180.0 180.0   5.0 450.0                            LAT/LON1/LON2/DLON/H
  629  675  726  779  814  804  787  761  738  714  675  630  571  519  473  432
  402  373  358  356  370  387  393  393  385  356  326  286  259  242  234  225
