data/unet/pred3390.15i
     1.0            IONOSPHERE MAPS     GNSS                IONEX VERSION / TYPE
pyspatialgeodesy        IME             05-JAN-18 20:20     PGM / RUN BY / DATE 
Map Name                                                    COMMENT             
Predicted global ionosphere maps (GIM).                     DESCRIPTION         
  2015    12     5     0     0     0                        EPOCH OF FIRST MAP  
  2015    12     6     0     0     0                        EPOCH OF LAST MAP   
  7200                                                      INTERVAL            
    13                                                      # OF MAPS IN FILE   
  NONE                                                      MAPPING FUNCTION    
10.0                                                        ELEVATION CUTOFF    
One-way carrier phase leveled to code                       OBSERVABLES USED    
  6371.0                                                    BASE RADIUS         
 2                                                          MAP DIMENSION       
   450.0 450.0   0.0                                        HGT1 / HGT2 / DHGT  
    87.5 -87.5  -2.5                                        LAT1 / LAT2 / DLAT  
  -180.0 180.0   5.0                                        LON1 / LON2 / DLON  
    -1                                                      EXPONENT            
                                                            END OF HEADER       
     1                                                      START OF TEC MAP    
  2015    12     5     0     0     0                        EPOCH OF CURRENT MAP
    87.5-180.0 180.0   5.0 450.0                            LAT/LON1/LON2/DLON/H
   95   73   65   60   62   58   62   59   63   60   63   60   63   61   63   60
   63   60   62   59   61   58   60   57   59   56   58   54   57   54   56   53
   56   53   56   53   56   53   56   53   56   53   56   53   57   54   58   55
   59   56   60   57   62   59   63   60   64   60   64   60   64   60   64   60
   64   60   65   62   69   65   77   76   95                                   
    85.0-180.0 180.0   5.0 450.0                            LAT/LON1/LON2/DLON/H
   81   40   37   35   35   32   36   35   38   37   39   38   41   39   41   38
   40   37   39   35   37   33   34   30   32   28   29   26   28   25   27   24
   27   23   26   23   26   23   26   23   26   23   26   25   28   27   30   29
   33   33   36   36   39   38   41   39   43   40   43   40   43   40   42   39
   41   38   42   39   46   37   42   75   81                                   
    82.5-180.0 180.0   5.0 450.0                            LAT/LON1/LON2/DLON/H
   70   39   37   38   37   33   36   35   39   37   40   39   42   40   43   41
   42   39   40   37   37   33   33   29   29   25   25   22   24   20   22   19
   21   18   21   18   21   18   22   19   23   20   25   23   28   26   31   29
   34   32   38   36   41   38   43   40   44   40   44   40   44   40   44   40
   43   40   45   42   46   39   48   75   70                                   
    80.0-180.0 180.0   5.0 450.0                            LAT/LON1/LON2/DLON/H
   73   49   47   48   44   42   43   43   44   44   46   47   49   49   51   51
   51   50   49   47   46   43   40   37   34   31   30   27   27   25   25   24
   25   24   25   24   26   24   26   25   27   26   28   29   31   32   34   35
   38   38   41   42   44   44   45   44   46   45   46   45   46   45   47   46
   48   48   51   52   53   49   54   78   73                                   
    77.5-180.0 180.0   5.0 450.0                            LAT/LON1/LON2/DLON/H
   82   55   54   53   49   46   46   45   47   47   49   51   53   54   56   57
   58   56   56   53   51   47   44   40   36   32   30   28   27   26   26   26
   27   26   28   26   27   25   27   25   26   24   27   25   28   27   31   30
   34   33   37   37   39   38   40   38   40   38   40   38   40   38   41   40
   44   44   50   52   57   54   61   80   82                                   
    75.0-180.0 180.0   5.0 450.0                            LAT/LON1/LON2/DLON/H
   86   69   65   66   59   56   55   54   54   54   56   58   60   61   63   63
   63   62   60   58   55   51   48   43   39   35   33   31   30   30   31   31
   31   32   33   33   32   30   29   28   27   26   26   26   26   27   28   30
   31   32   33   34   34   34   34   34   33   33   33   33   33   34   35   38
   40   45   51   57   61   63   68   87   86                                   
    72.5-180.0 180.0   5.0 450.0                            LAT/LON1/LON2/DLON/H
  101   83   83   80   73   68   65   63   62   61   62   63   64   64   65   64
   62   60   58   55   52   49   45   41   37   33   32   30   31   30   33   33
   35   34   36   34   34   31   30   27   26   24   25   24   25   25   27   28
   29   28   29   28   28   27   28   26   27   26   27   26   28   28   31   33
   38   43   52   59   67   71   77   92  101                                   
    70.0-180.0 180.0   5.0 450.0                            LAT/LON1/LON2/DLON/H
  107   99   98   96   87   82   78   74   72   70   70   69   68   66   65   61
   58   54   53   49   47   44   42   38   35   32   32   31   32   33   35   36
   38   37   38   36   35   31   30   27   26   23   24   24   25   25   27   26
   26   25   25   23   23   21   22   21   21   21   23   23   25   25   29   32
   38   45   54   64   73   79   87  101  107                                   
    67.5-180.0 180.0   5.0 450.0                            LAT/LON1/LON2/DLON/H
  121  112  113  111  101   95   90   86   82   79   77   74   71   66   61   56
   51   47   43   41   39   37   36   33   32   30   30   30   32   33   36   36
   38   37   38   34   33   29   29   26   25   23   25   25   26   27   28   27
   26   24   23   20   19   17   18   17   19   20   23   24   27   29   34   36
   43   49   60   69   80   87   94  105  121                                   
    65.0-180.0 180.0   5.0 450.0                            LAT/LON1/LON2/DLON/H
  125  123  124  122  111  105   99   95   91   88   84   80   74   66   59   50
   44   38   36   33   33   31   31   30   29   29   29   30   31   33   34   35
   36   35   34   32   30   27   26   24   24   24   26   27   29   30   30   28
   26   23   21   18   17   15   16   16   19   21   26   29   33   37   42   46
   51   58   67   76   86   93  102  112  125                                   
    62.5-180.0 180.0   5.0 450.0                            LAT/LON1/LON2/DLON/H
  134  131  132  129  118  111  105  101   97   94   90   84   76   66   56   46
   39   32   30   28   29   28   29   27   28   27   29   29   31   30   32   31
   32   29   29   27   26   23   24   23   24   25   28   30   33   33   33   31
   28   24   22   18   18   16   18   18   23   26   34   38   45   48   54   57
   63   67   76   83   92   98  104  114  134                                   
    60.0-180.0 180.0   5.0 450.0                            LAT/LON1/LON2/DLON/H
  131  133  134  132  122  115  109  105  101   98   93   87   78   66   55   44
   37   30   28   26   27   26   27   26   26   26   27   28   28   28   28   27
   26   25   24   23   23   22   22   22   25   27   31   35   37   38   36   33
   29   25   22   19   19   17   20   21   28   34   42   49   57   62   67   71
   76   81   86   93   98  102  108  116  131                                   
    57.5-180.0 180.0   5.0 450.0                            LAT/LON1/LON2/DLON/H
  137  136  139  136  126  120  113  109  105  102   97   90   81   70   59   48
   40   34   31   29   29   27   27   25   26   26   28   28   28   28   27   25
   24   23   23   23   23   23   25   26   29   32   37   41   43   43   41   37
   33   29   26   23   24   23   26   28   35   42   52   59   69   74   81   85
   91   94  100  103  108  110  112  118  137                                   
    55.0-180.0 180.0   5.0 450.0                            LAT/LON1/LON2/DLON/H
  138  142  146  144  134  127  119  114  109  105  100   93   84   74   64   54
   47   40   37   33   31   28   27   24   25   26   28   29   30   30   28   26
   25   25   26   27   29   30   32   33   36   40   44   47   49   49   46   42
   38   34   31   29   31   29   33   35   42   49   60   68   78   85   92   97
  103  108  114  117  119  119  122  125  138                                   
    52.5-180.0 180.0   5.0 450.0                            LAT/LON1/LON2/DLON/H
  152  155  158  157  146  139  130  124  118  113  105   98   90   82   73   65
   58   51   45   40   36   31   28   26   27   29   32   34   35   35   33   32
   32   33   35   38   41   42   44   45   47   50   53   55   56   56   53   49
   45   42   40   39   40   39   41   43   50   56   66   74   84   90   99  105
  113  119  127  130  133  133  133  135  152                                   
    50.0-180.0 180.0   5.0 450.0                            LAT/LON1/LON2/DLON/H
  163  169  176  174  163  155  145  137  129  120  111  103   95   88   81   74
   67   59   52   44   38   32   29   27   29   32   36   39   42   42   41   40
   40   43   46   50   54   56   57   57   57   59   61   63   63   63   60   57
   54   52   50   50   50   50   51   52   58   63   72   79   88   94  103  110
  120  128  138  143  146  146  147  145  163                                   
    47.5-180.0 180.0   5.0 450.0                            LAT/LON1/LON2/DLON/H
  183  186  194  192  182  174  164  155  144  133  121  111  103   97   91   84
   77   68   59   50   43   37   35   33   36   40   44   48   51   51   50   50
   51   54   59   64   68   70   70   68   67   68   69   71   71   71   69   66
   64   63   63   63   63   63   63   63   67   71   79   84   91   96  104  112
  123  134  146  154  158  159  158  156  183                                   
    45.0-180.0 180.0   5.0 450.0                            LAT/LON1/LON2/DLON/H
  193  199  207  204  195  190  181  172  159  146  131  119  110  103   98   90
   82   72   63   53   48   43   42   42   46   49   53   56   58   58   58   57
   60   63   69   74   78   79   79   76   75   75   76   77   79   79   78   76
   75   75   75   75   75   74   74   72   76   79   85   89   95   98  105  112
  124  136  150  158  165  167  168  164  193                                   
    42.5-180.0 180.0   5.0 450.0                            LAT/LON1/LON2/DLON/H
  201  204  209  207  201  198  193  187  174  159  142  129  118  112  105   97
   87   76   67   60   56   54   55   56   59   61   63   64   65   64   64   63
   65   69   74   79   83   84   83   80   79   79   81   83   85   85   85   84
   84   84   84   82   83   81   80   79   83   85   92   94   99  101  107  112
  123  136  150  159  166  169  168  168  201                                   
    40.0-180.0 180.0   5.0 450.0                            LAT/LON1/LON2/DLON/H
  190  195  200  197  193  193  193  191  183  168  150  136  126  119  112  102
   91   79   72   68   68   69   71   71   72   72   71   70   68   67   66   65
   67   70   75   79   83   83   83   80   81   82   86   88   91   92   92   91
   91   90   89   87   88   85   85   85   90   92   99  102  107  107  111  115
  125  135  148  156  163  165  166  165  190                                   
    37.5-180.0 180.0   5.0 450.0                            LAT/LON1/LON2/DLON/H
  178  179  179  177  174  179  184  188  185  174  158  145  135  128  120  110
   98   88   83   82   86   88   89   88   85   81   77   72   69   67   66   65
   67   69   72   75   78   79   79   79   80   83   89   92   95   96   96   94
   93   91   88   86   87   85   86   87   92   97  104  109  115  115  119  121
  128  136  147  154  159  162  161  160  178                                   
    35.0-180.0 180.0   5.0 450.0                            LAT/LON1/LON2/DLON/H
  161  161  158  152  148  155  166  176  178  172  161  149  142  136  129  119
  108   99   97   99  104  106  105   99   92   85   77   71   68   66   66   66
   68   68   71   73   75   76   77   77   82   86   94   97  101  100   99   96
   93   89   86   82   82   81   83   84   91   96  107  112  122  123  128  128
  135  139  148  154  158  160  161  161  161                                   
    32.5-180.0 180.0   5.0 450.0                            LAT/LON1/LON2/DLON/H
  159  153  149  139  131  138  148  162  167  167  161  154  149  145  139  130
  120  114  113  115  118  118  112  102   92   83   75   69   67   67   69   71
   72   73   73   75   76   78   79   81   85   91   98  102  104  102   98   94
   89   84   79   76   75   74   76   79   87   95  106  115  124  129  135  138
  143  148  154  160  163  167  170  170  159                                   
    30.0-180.0 180.0   5.0 450.0                            LAT/LON1/LON2/DLON/H
  167  165  160  144  133  134  142  153  160  161  159  155  154  151  147  140
  132  126  126  126  125  119  109   96   86   78   73   71   72   75   79   82
   85   84   84   84   85   86   88   87   93   98  106  107  108  103   99   92
   86   80   75   71   70   70   73   75   84   93  106  116  129  134  144  147
  155  158  167  172  178  183  190  194  167                                   
    27.5-180.0 180.0   5.0 450.0                            LAT/LON1/LON2/DLON/H
  197  196  195  180  161  157  155  161  161  162  158  157  157  157  154  148
  141  136  132  128  121  110   97   84   77   75   76   79   85   91   96  100
  102  101   99  100   99  100   99  100  102  106  110  111  109  103   96   89
   83   78   73   70   70   70   73   76   85   95  108  120  132  141  152  160
  168  174  182  190  197  206  217  231  197                                   
    25.0-180.0 180.0   5.0 450.0                            LAT/LON1/LON2/DLON/H
  238  241  248  230  210  197  188  182  175  169  163  159  159  159  158  153
  148  140  132  120  107   91   78   68   69   75   84   93  104  110  117  119
  121  119  118  116  117  116  115  110  112  111  115  113  110  101   95   86
   82   76   73   71   72   73   76   79   88   98  111  123  136  146  160  170
  183  191  202  210  222  231  256  279  238                                   
    22.5-180.0 180.0   5.0 450.0                            LAT/LON1/LON2/DLON/H
  288  294  314  299  277  258  240  223  205  193  179  170  164  163  160  156
  149  139  125  108   89   71   61   60   70   85  102  116  126  133  136  139
  137  135  132  131  130  130  125  121  118  117  116  114  109  101   93   86
   83   79   76   74   75   78   81   87   96  108  120  133  143  154  169  184
  199  210  222  231  246  263  297  325  288                                   
    20.0-180.0 180.0   5.0 450.0                            LAT/LON1/LON2/DLON/H
  342  364  386  374  355  330  304  277  250  226  205  189  177  170  164  158
  150  136  119   96   75   60   57   66   86  107  128  140  150  152  154  153
  151  148  144  143  142  140  137  129  125  119  119  114  110  100   94   86
   85   80   80   78   82   83   87   93  103  116  129  141  152  163  181  198
  218  230  247  257  277  302  343  375  342                                   
    17.5-180.0 180.0   5.0 450.0                            LAT/LON1/LON2/DLON/H
  392  424  452  452  438  414  379  344  309  275  245  220  199  186  174  166
  154  139  117   94   73   66   72   92  117  142  160  168  169  167  163  162
  155  153  148  147  145  144  139  133  126  122  118  115  109  102   96   91
   90   87   84   83   87   91   94  102  114  130  143  157  168  181  200  218
  238  254  272  286  308  342  385  410  392                                   
    15.0-180.0 180.0   5.0 450.0                            LAT/LON1/LON2/DLON/H
  430  477  502  513  513  496  459  416  372  333  294  261  231  211  195  184
  169  151  130  108   95   95  113  136  164  183  193  191  184  174  167  163
  156  152  148  147  146  146  143  135  131  123  121  115  112  102   99   92
   93   88   86   86   89   91   96  105  123  140  156  172  185  201  222  239
  258  277  296  314  337  373  414  436  430                                   
    12.5-180.0 180.0   5.0 450.0                            LAT/LON1/LON2/DLON/H
  450  495  528  548  559  552  525  486  440  397  350  308  274  248  227  213
  197  181  158  143  136  147  170  197  217  223  220  205  189  176  164  159
  150  148  142  144  143  145  142  138  132  127  122  118  113  106  101   96
   94   91   87   88   89   93  100  113  133  151  170  188  206  223  243  258
  279  297  316  332  353  383  418  438  450                                   
    10.0-180.0 180.0   5.0 450.0                            LAT/LON1/LON2/DLON/H
  448  500  536  564  582  581  566  536  499  455  405  363  325  294  271  256
  240  222  205  195  197  214  238  259  268  258  237  208  186  168  157  151
  144  141  139  143  145  146  146  142  137  130  127  119  116  106  102   96
   94   90   89   89   91   96  104  118  140  159  179  200  222  239  261  277
  299  317  334  349  362  385  414  427  448                                   
     7.5-180.0 180.0   5.0 450.0                            LAT/LON1/LON2/DLON/H
  437  477  516  550  573  583  577  562  537  502  457  418  378  347  324  306
  292  277  264  260  268  286  308  314  304  272  236  201  175  161  150  149
