data/unet/pred1270.15i
     1.0            IONOSPHERE MAPS     GNSS                IONEX VERSION / TYPE
pyspatialgeodesy        IME             05-JAN-18 20:20     PGM / RUN BY / DATE 
Map Name                                                    COMMENT             
Predicted global ionosphere maps (GIM).                     DESCRIPTION         
  2015     5     7     0     0     0                        EPOCH OF FIRST MAP  
  2015     5     8     0     0     0                        EPOCH OF LAST MAP   
  7200                                                      INTERVAL            
    13                                                      # OF MAPS IN FILE   
  NONE                                                      MAPPING FUNCTION    
10.0                                                        ELEVATION CUTOFF    
One-way carrier phase leveled to code                       OBSERVABLES USED    
  6371.0                                                    BASE RADIUS         
 2                                                          MAP DIMENSION       
   450.0 450.0   0.0                                        HGT1 / HGT2 / DHGT  
    87.5 -87.5  -2.5                                        LAT1 / LAT2 / DLAT  
  -180.0 180.0   5.0                                        LON1 / LON2 / DLON  
    -1                                                      EXPONENT            
                                                            END OF HEADER       
[from data line 3432]
     9                                                      START OF TEC MAP    
  2015     5     7    16     0     0                        EPOCH OF CURRENT MAP
    87.5-180.0 180.0   5.0 450.0                            LAT/LON1/LON2/DLON/H
  164  168  170  170  170  168  170  169  171  170  172  171  172  171  172  171
  171  169  170  168  168  165  166  163  164  161  162  159  159  156  156  153
  153  149  150  146  147  144  145  142  144  141  143  142  144  143  145  144
  147  146  149  148  151  150  152  152  154  154  157  157  159  159  161  162
  163  164  166  166  168  166  167  178  164                                   
    85.0-180.0 180.0   5.0 450.0                            LAT/LON1/LON2/DLON/H
  147  163  170  174  172  174  174  176  175  176  177  176  177  175  176  174
  174  171  172  169  169  165  166  162  162  158  159  154  155  150  150  146
  146  141  142  139  140  137  138  136  137  136  138  137  138  139  141  142
  142  144  145  147  147  149  149  152  150  154  153  156  155  159  158  161
  160  164  163  165  164  164  160  162  147                                   
    82.5-180.0 180.0   5.0 450.0                            LAT/LON1/LON2/DLON/H
  150  158  170  170  170  172  174  175  176  174  177  174  176  174  176  174
  174  172  173  168  168  164  164  160  159  155  155  151  149  145  145  141
  140  136  136  134  134  132  132  132  132  132  133  134  135  136  138  140
  140  142  144  146  145  147  147  148  147  149  148  150  148  151  150  152
  152  154  155  154  156  151  157  148  150                                   
    80.0-180.0 180.0   5.0 450.0                            LAT/LON1/LON2/DLON/H
  140  149  157  163  165  168  170  172  172  172  173  173  174  172  173  171
  172  169  170  168  167  165  164  162  160  157  156  153  152  148  146  143
  141  138  137  136  134  133  132  133  132  133  135  137  139  141  143  144
  145  146  148  149  149  149  148  149  147  147  146  146  144  145  143  144
  142  144  142  141  141  141  145  138  140                                   
    77.5-180.0 180.0   5.0 450.0                            LAT/LON1/LON2/DLON/H
  128  137  148  151  156  157  164  162  166  163  167  164  167  164  166  164
  165  163  164  163  163  161  162  160  161  158  159  156  156  152  150  146
  145  141  141  139  140  137  138  136  139  137  142  143  147  148  153  153
  156  155  157  157  157  155  155  152  152  148  148  145  144  141  140  137
  136  134  133  130  128  125  127  125  128                                   
    75.0-180.0 180.0   5.0 450.0                            LAT/LON1/LON2/DLON/H
  114  125  134  141  145  150  154  156  157  156  158  157  158  156  157  155
  157  156  159  158  161  161  164  163  165  165  166  164  164  161  159  155
  152  148  146  144  143  141  141  140  141  141  144  147  151  154  157  159
  160  162  161  161  159  157  154  152  149  147  145  142  140  137  136  132
  130  127  126  121  121  120  124  119  114                                   
    72.5-180.0 180.0   5.0 450.0                            LAT/LON1/LON2/DLON/H
  109  119  129  134  138  140  146  146  149  148  149  148  148  147  147  147
  148  148  151  153  157  159  164  166  171  170  173  172  172  170  167  164
  159  157  153  153  150  150  149  149  149  149  152  154  157  159  162  164
  164  164  163  162  158  156  151  148  143  141  138  136  133  131  129  125
  122  120  118  115  113  110  112  112  109                                   
    70.0-180.0 180.0   5.0 450.0                            LAT/LON1/LON2/DLON/H
  103  112  122  129  133  136  140  141  143  142  142  143  142  142  142  143
  144  146  150  153  158  162  168  172  176  179  181  182  183  182  179  176
  173  169  165  162  160  158  158  156  157  155  158  157  161  161  164  164
  164  164  161  159  154  151  145  141  136  133  131  130  127  126  125  123
  119  118  115  112  110  109  111  108  103                                   
    67.5-180.0 180.0   5.0 450.0                            LAT/LON1/LON2/DLON/H
  104  114  122  127  131  133  139  138  140  137  140  139  140  139  141  142
  144  146  152  155  161  164  172  176  182  183  188  189  190  189  187  186
  182  180  176  175  171  170  168  167  166  164  163  163  162  163  162  163
  160  160  156  153  146  142  135  132  126  123  121  119  118  117  117  114
  114  111  111  108  107  102  104  103  104                                   
    65.0-180.0 180.0   5.0 450.0                            LAT/LON1/LON2/DLON/H
  100  111  118  126  131  133  138  138  139  138  139  141  141  142  144  146
  148  150  154  159  164  170  175  181  186  190  191  192  193  193  192  191
  191  188  187  184  183  181  178  175  173  169  167  164  163  161  159  157
  155  153  148  145  138  134  126  122  117  115  113  112  111  112  111  111
  109  108  106  103  103  101  104  100  100                                   
    62.5-180.0 180.0   5.0 450.0                            LAT/LON1/LON2/DLON/H
   98  109  119  123  130  131  136  135  138  136  140  141  145  145  147  149
  151  152  157  160  167  170  178  182  188  188  191  191  194  193  194  195
  195  194  194  194  193  192  189  187  182  179  174  170  165  161  158  156
  151  149  144  140  134  128  122  118  113  110  108  107  106  106  106  104
  103  102  101   99   98   93   97   94   98                                   
    60.0-180.0 180.0   5.0 450.0                            LAT/LON1/LON2/DLON/H
   91  105  111  122  127  130  134  135  137  136  140  142  146  148  150  152
  153  154  156  159  164  170  176  182  186  188  190  190  193  193  195  196
  198  198  201  202  204  205  203  201  198  192  187  179  173  166  161  156
  152  148  144  140  134  129  123  119  114  112  109  107  106  105  104  102
  100   98   97   94   94   91   95   91   91                                   
    57.5-180.0 180.0   5.0 450.0                            LAT/LON1/LON2/DLON/H
   86  100  109  116  125  126  132  132  135  132  138  139  146  147  152  152
  153  152  154  157  163  167  174  179  184  186  189  190  194  194  198  200
  204  205  209  210  213  214  213  215  210  208  199  195  186  179  171  168
  161  158  152  149  142  137  132  127  122  119  115  113  110  108  106  103
  100   97   95   92   91   84   88   84   86                                   
    55.0-180.0 180.0   5.0 450.0                            LAT/LON1/LON2/DLON/H
   83   95  101  113  120  125  129  131  132  132  136  140  145  149  152  154
  153  152  151  154  158  164  170  177  184  187  191  192  197  200  205  207
  212  213  214  217  220  222  222  223  221  218  211  206  199  192  186  180
  177  173  168  162  156  150  144  139  133  131  125  122  117  114  111  107
  104  100   97   92   91   88   89   88   83                                   
    52.5-180.0 180.0   5.0 450.0                            LAT/LON1/LON2/DLON/H
   84   92   97  109  118  122  128  129  133  132  138  141  148  150  156  155
  157  153  154  156  160  165  172  179  187  191  199  200  209  210  220  223
  227  228  229  230  232  231  230  233  231  230  226  223  216  210  203  201
  195  194  186  182  173  168  160  157  151  147  142  138  131  127  123  120
  116  111  107  100   97   88   92   87   84                                   
    50.0-180.0 180.0   5.0 450.0                            LAT/LON1/LON2/DLON/H
   92   95   97  106  118  122  130  133  137  139  143  147  152  155  159  161
  161  160  158  160  162  169  177  187  198  203  210  214  221  229  235  238
  239  239  239  240  241  241  239  241  239  240  236  235  229  225  219  216
  215  209  206  196  191  181  178  171  170  164  161  154  149  143  138  134
  129  124  118  112  107   99  103   99   92                                   
    47.5-180.0 180.0   5.0 450.0                            LAT/LON1/LON2/DLON/H
  105  105  102  112  121  128  137  141  147  148  156  158  162  164  169  171
  174  172  172  171  174  178  188  198  209  213  222  224  237  242  252  255
  257  257  257  259  258  257  256  258  257  257  254  253  246  240  234  231
  227  224  215  210  197  193  184  185  178  179  173  171  163  160  153  150
  145  140  136  129  126  116  119  109  105                                   
    45.0-180.0 180.0   5.0 450.0                            LAT/LON1/LON2/DLON/H
  119  114  109  114  129  135  148  152  160  165  170  174  175  179  180  185
  185  187  185  185  189  195  208  217  226  231  235  244  251  260  263  264
  266  264  268  265  272  267  272  267  270  267  264  262  254  250  241  239
  234  229  220  210  201  191  188  181  185  180  183  178  178  173  169  164
  160  154  148  140  137  132  134  125  119                                   
    42.5-180.0 180.0   5.0 450.0                            LAT/LON1/LON2/DLON/H
  128  122  118  123  134  142  158  164  176  181  189  191  193  194  197  200
  203  204  205  204  207  211  223  231  240  242  252  255  267  270  279  278
  286  287  294  297  301  301  301  302  300  296  290  285  276  267  258  252
  243  233  222  210  198  187  179  179  177  180  179  179  177  177  173  173
  168  161  157  151  152  146  153  135  128                                   
    40.0-180.0 180.0   5.0 450.0                            LAT/LON1/LON2/DLON/H
  135  132  125  124  135  148  166  175  191  196  205  208  208  211  211  217
  218  222  221  222  225  232  243  251  260  267  272  279  284  287  292  293
  299  301  309  312  318  314  315  308  307  296  292  284  276  272  264  261
  249  239  224  210  195  184  175  173  177  176  180  178  182  181  183  180
  179  166  162  155  154  151  155  148  135                                   
    37.5-180.0 180.0   5.0 450.0                            LAT/LON1/LON2/DLON/H
  135  131  125  129  142  152  174  183  203  207  218  222  224  226  227  231
  234  236  239  240  245  252  262  271  282  288  299  299  307  307  315  317
  328  337  349  355  360  357  355  348  343  333  323  316  305  299  289  283
  268  254  236  221  204  191  182  179  178  177  177  178  180  183  187  188
  184  175  169  164  161  157  166  157  135                                   
    35.0-180.0 180.0   5.0 450.0                            LAT/LON1/LON2/DLON/H
  133  134  126  125  134  147  168  185  206  215  227  234  239  245  244  250
  247  253  255  261  270  280  292  305  316  324  331  334  337  341  343  357
  367  382  391  401  403  402  393  384  372  359  344  331  320  311  300  292
  278  265  251  236  224  214  205  202  200  194  194  189  192  192  195  194
  192  180  170  165  157  156  162  164  133                                   
    32.5-180.0 180.0   5.0 450.0                            LAT/LON1/LON2/DLON/H
  136  129  126  131  134  141  168  188  213  221  237  244  252  259  260  261
  262  265  271  279  291  302  313  328  340  351  362  369  376  383  394  409
  428  437  454  454  462  451  447  431  422  400  392  375  369  351  341  326
  312  281  271  250  240  231  227  230  230  231  236  235  224  217  213  209
  203  190  182  170  162  159  163  164  136                                   
    30.0-180.0 180.0   5.0 450.0                            LAT/LON1/LON2/DLON/H
  144  142  134  132  136  142  157  178  204  219  239  248  262  272  275  280
  277  284  287  301  316  331  343  357  371  387  401  418  435  451  466  483
  499  512  518  521  511  506  486  477  456  443  425  419  403  386  359  341
  316  300  292  276  274  259  257  252  251  251  248  245  247  253  253  242
  223  210  192  185  173  168  169  165  144                                   
    27.5-180.0 180.0   5.0 450.0                            LAT/LON1/LON2/DLON/H
  156  141  137  136  136  142  156  176  204  221  248  258  273  284  288  292
  292  298  306  323  339  356  368  385  400  420  441  468  494  517  536  550
  566  571  581  570  563  542  528  509  497  480  475  455  443  414  399  370
  360  340  339  315  311  285  279  267  269  269  276  277  281  272  270  262
  263  241  225  206  192  183  174  170  156                                   
    25.0-180.0 180.0   5.0 450.0                            LAT/LON1/LON2/DLON/H
  170  163  141  140  141  151  160  176  194  214  243  260  279  291  299  306
  309  322  328  351  365  386  399  415  432  455  483  516  548  573  594  609
  626  632  632  623  600  582  554  544  528  520  496  485  457  447  422  411
  389  374  357  339  335  321  315  308  311  308  304  301  303  306  300  291
  270  264  246  230  211  202  199  178  170                                   
    22.5-180.0 180.0   5.0 450.0                            LAT/LON1/LON2/DLON/H
  176  164  156  143  141  152  159  174  194  217  252  272  295  303  314  320
  326  341  353  374  392  409  421  434  453  479  513  549  580  605  631  650
  669  673  669  652  626  601  579  568  561  547  522  498  483  468  453  439
  421  409  394  378  376  367  370  369  373  363  354  346  339  339  327  317
  300  287  274  263  237  221  212  198  176                                   
    20.0-180.0 180.0   5.0 450.0                            LAT/LON1/LON2/DLON/H
  183  184  168  162  148  162  170  191  202  225  255  276  299  312  323  334
  344  361  377  400  418  434  445  457  478  508  545  583  616  642  667  683
  700  704  693  672  643  620  601  593  588  572  540  523  498  484  465  452
  432  419  407  397  397  393  397  401  402  397  387  382  371  372  360  352
  330  320  299  291  278  250  233  209  183                                   
    17.5-180.0 180.0   5.0 450.0                            LAT/LON1/LON2/DLON/H
  198  193  184  169  160  168  170  192  202  230  262  289  318  330  344  353
  365  385  404  426  443  455  465  478  502  533  571  605  639  665  689  703
  715  713  701  676  650  628  616  612  607  595  565  544  513  493  471  454
  432  422  415  411  413  412  416  417  415  413  406  404  391  395  373  370
  342  335  305  292  266  273  245  224  198                                   
    15.0-180.0 180.0   5.0 450.0                            LAT/LON1/LON2/DLON/H
  209  208  190  176  168  177  182  207  217  246  267  295  323  341  356  373
  387  410  432  451  467  478  490  504  530  561  597  630  659  682  697  712
  721  719  702  682  659  644  635  634  625  616  587  564  527  501  472  451
  432  421  419  406  410  401  410  407  416  411  409  413  411  413  394  388
  358  352  324  313  289  276  257  222  209                                   
    12.5-180.0 180.0   5.0 450.0                            LAT/LON1/LON2/DLON/H
  212  209  195  179  171  176  185  207  220  243  266  293  327  350  378  393
  412  434  458  475  489  497  510  526  553  584  614  642  668  684  697  710
  717  712  698  679  663  651  645  645  645  634  603  578  540  506  470  445
  425  418  415  407  406  394  404  402  408  408  390  396  384  396  370  371
  335  341  304  304  274  272  252  228  212                                   
    10.0-180.0 180.0   5.0 450.0                            LAT/LON1/LON2/DLON/H
  204  198  184  170  165  172  186  214  230  262  273  302  325  353  379  404
  426  450  478  492  511  520  536  552  577  605  631  654  675  687  699  709
  713  711  693  686  665  665  646  653  637  631  595  575  533  506  470  451
  437  428  425  413  404  390  387  380  376  374  355  359  339  348  325  332
  310  310  291  288  270  259  240  220  204                                   
     7.5-180.0 180.0   5.0 450.0                            LAT/LON1/LON2/DLON/H
  198  187  172  158  155  159  183  210  237  261  281  302  327  356  386  413
  439  462  486  504  522  534  551  571  594  619  644  660  676  686  699  705
