data/unet/pred0870.15i
     1.0            IONOSPHERE MAPS     GNSS                IONEX VERSION / TYPE
pyspatialgeodesy        IME             05-JAN-18 20:20     PGM / RUN BY / DATE 
Map Name                                                    COMMENT             
Predicted global ionosphere maps (GIM).                     DESCRIPTION         
  2015     3    28     0     0     0                        EPOCH OF FIRST MAP  
  2015     3    29     0     0     0                        EPOCH OF LAST MAP   
  7200                                                      INTERVAL            
    13                                                      # OF MAPS IN FILE   
  NONE                                                      MAPPING FUNCTION    
10.0                                                        ELEVATION CUTOFF    
One-way carrier phase leveled to code                       OBSERVABLES USED    
  6371.0                                                    BASE RADIUS         
 2                                                          MAP DIMENSION       
   450.0 450.0   0.0                                        HGT1 / HGT2 / DHGT  
    87.5 -87.5  -2.5                                        LAT1 / LAT2 / DLAT  
  -180.0 180.0   5.0                                        LON1 / LON2 / DLON  
    -1                                                      EXPONENT            
                                                            END OF HEADER       
     1                                                      START OF TEC MAP    
  2015     3    28     0     0     0                        EPOCH OF CURRENT MAP
    87.5-180.0 180.0   5.0 450.0                            LAT/LON1/LON2/DLON/H
  205  186  183  184  184  184  184  183  184  182  182  180  181  179  178  176
  176  174  174  172  171  170  169  167  166  164  162  159  158  156  154  152
  151  149  149  148  148  148  149  149  151  152  155  157  160  163  168  170
  174  177  180  182  184  185  188  189  190  191  192  193  195  195  195  195
  195  194  192  193  196  195  196  212  205                                   
    85.0-180.0 180.0   5.0 450.0                            LAT/LON1/LON2/DLON/H
  190  195  197  196  196  194  196  195  197  196  197  195  197  195  195  192
  192  189  188  184  183  178  177  172  171  165  164  158  156  151  150  146
  145  142  143  141  142  142  144  144  147  148  152  154  158  162  167  170
  175  178  183  186  189  192  195  197  200  202  204  205  207  207  208  208
  209  207  206  204  208  203  206  204  190                                   
    82.5-180.0 180.0   5.0 450.0                            LAT/LON1/LON2/DLON/H
  201  201  199  199  198  197  199  199  202  202  205  206  208  207  207  206
  204  201  198  194  190  185  180  174  169  163  158  151  147  141  138  134
  132  129  130  129  131  132  135  136  139  140  145  146  151  154  160  162
  168  171  176  180  185  189  194  197  201  204  207  209  212  213  215  214
  216  214  213  210  214  207  206  214  201                                   
    80.0-180.0 180.0   5.0 450.0                            LAT/LON1/LON2/DLON/H
  206  205  201  198  195  196  198  201  203  208  211  216  218  221  221  222
  219  217  212  208  201  196  189  183  174  168  160  153  145  140  134  130
  127  125  124  125  126  127  129  131  133  136  138  141  144  148  152  155
  158  162  166  170  175  180  185  190  195  199  203  208  211  215  217  220
  222  222  220  218  219  214  215  222  206                                   
    77.5-180.0 180.0   5.0 450.0                            LAT/LON1/LON2/DLON/H
  214  208  201  197  192  194  195  200  202  208  212  219  224  229  231  232
  230  227  223  218  212  206  199  191  183  175  166  158  150  144  138  134
  130  129  128  129  131  133  135  137  138  140  140  141  142  143  145  145
  146  147  151  153  158  162  169  173  180  184  190  196  201  206  209  214
  217  220  219  219  219  214  215  226  214                                   
    75.0-180.0 180.0   5.0 450.0                            LAT/LON1/LON2/DLON/H
  228  217  213  205  199  198  200  201  207  211  219  224  231  234  236  235
  233  229  225  220  215  209  205  197  191  183  175  166  158  151  146  141
  138  137  137  138  140  142  144  145  145  145  144  142  140  137  136  131
  132  129  133  133  139  142  151  155  164  168  177  182  191  196  203  208
  214  218  220  221  223  219  224  237  228                                   
    72.5-180.0 180.0   5.0 450.0                            LAT/LON1/LON2/DLON/H
  253  236  232  223  213  210  208  210  213  219  226  232  236  238  238  235
  231  225  221  216  212  208  205  199  194  188  181  173  165  158  152  148
  145  143  144  144  147  148  150  150  149  147  143  139  135  128  123  116
  113  109  112  112  117  121  129  136  145  153  162  169  179  186  193  201
  209  215  221  226  229  230  234  251  253                                   
    70.0-180.0 180.0   5.0 450.0                            LAT/LON1/LON2/DLON/H
  279  262  256  243  231  224  220  220  224  229  236  241  242  242  237  231
  223  217  212  208  205  203  202  199  194  189  182  175  166  160  155  150
  147  146  147  148  149  151  151  151  148  144  140  134  127  117  109  101
   98   94   97   97  103  106  117  124  135  143  154  161  173  179  188  197
  206  214  221  230  238  242  250  271  279                                   
    67.5-180.0 180.0   5.0 450.0                            LAT/LON1/LON2/DLON/H
  306  288  280  265  248  239  232  231  233  238  244  249  249  245  237  226
  215  207  201  198  197  196  196  194  190  184  177  169  161  153  149  145
  143  142  143  143  145  144  144  141  137  132  126  117  110   99   94   86
   85   82   85   87   92   99  109  119  130  141  151  161  172  179  188  196
  205  214  223  235  246  255  263  285  306                                   
    65.0-180.0 180.0   5.0 450.0                            LAT/LON1/LON2/DLON/H
  329  314  305  284  263  249  240  237  238  244  250  255  252  247  234  221
  207  197  190  188  187  189  189  187  181  173  165  157  148  142  137  134
  133  132  132  132  131  131  129  126  122  117  111  103   95   87   82   78
   77   76   81   84   92  100  112  122  137  148  161  169  180  186  193  199
  207  215  224  237  250  262  275  301  329                                   
    62.5-180.0 180.0   5.0 450.0                            LAT/LON1/LON2/DLON/H
  344  334  323  300  274  258  244  239  237  243  249  254  252  244  233  217
  203  193  186  184  185  185  184  179  172  161  151  141  133  126  123  119
  119  117  117  114  113  110  108  105  101   96   91   85   80   74   72   69
   71   73   79   85   93  105  117  132  147  162  173  183  192  198  202  206
  213  220  229  242  254  267  279  306  344                                   
    60.0-180.0 180.0   5.0 450.0                            LAT/LON1/LON2/DLON/H
  353  347  338  311  285  263  248  239  236  240  246  252  251  245  233  219
  206  198  191  190  188  188  183  176  165  152  139  130  122  116  112  109
  107  105  103  100   97   93   91   88   87   83   80   76   72   68   65   65
   68   73   81   90  101  114  128  144  161  176  189  198  207  213  216  220
  226  232  239  249  258  270  286  312  353                                   
    57.5-180.0 180.0   5.0 450.0                            LAT/LON1/LON2/DLON/H
  358  355  345  323  295  274  253  241  235  238  243  248  250  246  238  227
  218  210  205  202  200  196  188  177  163  148  135  125  118  112  108  105
  103   99   96   91   88   83   81   80   80   79   77   74   72   67   66   66
   72   78   86   96  106  121  135  155  172  189  201  212  221  228  234  240
  246  253  258  264  270  278  290  314  358                                   
    55.0-180.0 180.0   5.0 450.0                            LAT/LON1/LON2/DLON/H
  364  364  360  339  314  290  267  252  243  242  244  247  248  249  243  238
  232  227  221  217  212  207  196  183  167  153  139  131  124  120  115  112
  108  103   98   93   88   84   83   82   84   84   84   81   78   74   73   75
   79   87   94  104  114  129  144  163  181  198  212  224  233  243  249  258
  266  274  280  285  288  294  306  324  364                                   
    52.5-180.0 180.0   5.0 450.0                            LAT/LON1/LON2/DLON/H
  370  379  376  364  341  319  292  274  259  255  250  251  251  252  252  250
  249  244  239  232  227  217  207  193  178  166  155  148  143  139  134  128
  122  115  108  103   98   96   94   95   96   97   97   94   92   88   89   89
   93   99  104  114  122  138  151  171  190  207  221  232  245  256  267  276
  287  298  307  313  317  317  325  337  370                                   
    50.0-180.0 180.0   5.0 450.0                            LAT/LON1/LON2/DLON/H
  381  398  402  398  382  360  334  313  293  281  270  264  261  262  263  267
  266  263  255  247  238  229  219  209  195  185  177  173  168  164  156  148
  137  127  119  114  111  109  109  110  113  114  114  112  110  108  106  109
  111  117  121  131  138  151  164  182  199  216  230  244  256  269  279  293
  307  323  335  345  350  351  357  360  381                                   
    47.5-180.0 180.0   5.0 450.0                            LAT/LON1/LON2/DLON/H
  392  423  427  433  421  408  381  360  333  315  295  284  276  276  280  283
  285  279  272  261  253  243  237  227  218  210  202  198  192  185  174  161
  146  135  126  123  121  123  123  125  128  130  131  130  129  128  127  129
  131  137  139  148  153  167  178  196  213  230  244  258  272  285  297  311
  330  350  367  382  388  388  390  383  392                                   
    45.0-180.0 180.0   5.0 450.0                            LAT/LON1/LON2/DLON/H
  407  440  450  459  455  447  425  404  376  354  327  309  298  296  298  302
  302  296  286  275  268  261  255  250  242  234  225  217  208  197  182  165
  148  136  129  127  128  130  133  136  140  142  146  146  147  148  147  151
  151  158  158  167  171  183  195  212  229  246  260  275  287  299  312  329
  350  371  390  406  415  417  425  409  407                                   
    42.5-180.0 180.0   5.0 450.0                            LAT/LON1/LON2/DLON/H
  418  456  464  473  471  468  451  435  407  385  355  335  320  318  318  321
  318  309  299  288  284  280  277  271  262  252  240  226  212  196  177  158
  141  130  125  127  129  135  138  143  147  152  157  160  162  163  164  167
  168  173  174  180  184  198  211  231  247  264  278  292  303  316  328  345
  364  386  404  426  436  440  445  427  418                                   
    40.0-180.0 180.0   5.0 450.0                            LAT/LON1/LON2/DLON/H
  431  463  471  477  475  471  461  450  429  408  382  362  346  341  339  338
  333  323  313  305  304  301  299  290  278  261  243  223  205  185  165  146
  133  125  123  128  134  140  145  149  155  160  167  170  174  177  178  182
  182  186  186  192  197  211  226  245  262  280  295  308  321  332  343  357
  376  395  417  438  450  454  463  445  431                                   
    37.5-180.0 180.0   5.0 450.0                            LAT/LON1/LON2/DLON/H
  446  470  478  478  472  468  460  454  438  423  399  383  367  361  356  353
  347  339  330  327  326  325  317  304  284  262  238  215  195  175  157  143
  133  129  130  137  143  151  154  159  165  171  176  181  184  187  188  190
  189  192  191  196  202  217  232  252  268  287  301  318  329  342  350  364
  377  399  419  444  455  463  469  454  446                                   
    35.0-180.0 180.0   5.0 450.0                            LAT/LON1/LON2/DLON/H
  473  487  484  479  471  464  456  451  440  429  411  399  387  381  374  370
  365  359  354  353  352  347  334  313  288  260  235  213  196  181  169  160
  155  152  156  160  166  170  173  176  181  185  190  193  195  197  196  198
  195  196  194  200  204  219  234  254  271  289  305  322  336  349  356  369
  380  399  417  438  453  464  481  472  473                                   
    32.5-180.0 180.0   5.0 450.0                            LAT/LON1/LON2/DLON/H
  513  514  506  493  481  471  459  453  444  439  424  418  405  403  392  390
  382  382  377  379  372  363  342  318  288  264  240  226  215  211  206  205
  202  200  199  199  199  199  199  201  201  203  204  206  205  205  202  200
  195  194  190  193  196  208  221  243  260  280  296  313  331  345  358  369
  383  397  415  433  446  462  488  491  513                                   
    30.0-180.0 180.0   5.0 450.0                            LAT/LON1/LON2/DLON/H
  559  553  535  520  511  501  487  478  464  457  443  438  427  425  415  412
  405  405  403  402  389  373  345  319  292  272  260  256  260  265  272  275
  277  272  264  256  248  242  235  231  227  224  221  219  216  212  206  202
  195  191  184  185  186  195  209  228  250  272  290  310  328  348  360  375
  385  405  421  439  448  467  509  529  559                                   
    27.5-180.0 180.0   5.0 450.0                            LAT/LON1/LON2/DLON/H
  612  601  579  565  558  552  540  526  507  495  478  472  458  455  441  438
  427  427  419  415  394  372  344  322  305  299  299  310  324  341  352  358
  355  346  332  318  303  291  277  264  253  244  236  230  223  216  206  199
  190  181  171  169  169  177  193  213  235  260  283  307  330  355  372  389
  403  421  437  454  465  492  544  580  612                                   
    25.0-180.0 180.0   5.0 450.0                            LAT/LON1/LON2/DLON/H
  668  665  644  641  637  628  613  597  573  553  530  519  501  493  475  467
  453  447  433  419  392  368  342  330  328  339  358  384  406  427  440  441
  432  413  394  372  352  335  314  297  278  264  250  241  231  220  208  197
  183  170  159  156  155  163  179  203  228  259  285  318  343  371  387  409
  424  446  463  483  499  534  612  652  668                                   
    22.5-180.0 180.0   5.0 450.0                            LAT/LON1/LON2/DLON/H
  726  738  730  736  742  732  711  683  651  623  598  579  556  537  513  498
  479  467  441  418  386  364  348  354  369  399  426  456  478  493  498  494
  477  458  428  405  379  361  337  318  294  274  257  242  231  216  201  188
  174  159  149  142  144  148  169  192  223  255  290  326  359  391  413  437
  457  482  506  532  553  593  681  730  726                                   
    20.0-180.0 180.0   5.0 450.0                            LAT/LON1/LON2/DLON/H
  791  816  817  840  860  849  824  789  752  712  676  650  623  598  565  541
  514  491  458  425  388  371  368  390  424  460  489  512  524  529  527  518
  497  473  445  420  388  368  343  324  299  278  258  242  227  210  194  175
  161  144  139  136  138  144  162  189  224  263  302  342  379  412  445  475
  504  534  569  592  621  664  772  802  791                                   
    17.5-180.0 180.0   5.0 450.0                            LAT/LON1/LON2/DLON/H
  836  885  902  936  961  959  936  895  852  805  765  726  692  660  625  592
  555  523  483  443  408  397  404  440  480  513  534  539  537  526  510  490
  466  447  418  395  366  344  322  304  286  268  249  234  219  203  188  172
  161  147  146  135  137  137  160  183  224  268  309  352  391  436  472  511
  546  586  626  656  684  730  821  852  836                                   
    15.0-180.0 180.0   5.0 450.0                            LAT/LON1/LON2/DLON/H
  885  915  939  978 1005 1020 1014  984  940  886  842  798  766  728  691  652
  610  567  520  479  447  443  462  497  535  550  553  540  516  489  463  444
  424  401  374  352  326  306  288  276  265  251  237  223  208  193  184  172
  163  152  146  137  134  140  161  194  240  281  326  361  406  449  498  540
  585  629  678  705  740  789  853  881  885                                   
    12.5-180.0 180.0   5.0 450.0                            LAT/LON1/LON2/DLON/H
  891  934  958  992 1019 1040 1044 1034 1004  951  909  865  829  793  760  712
  668  619  568  526  499  499  521  552  572  564  538  497  453  422  393  379
  360  345  324  308  286  269  258  252  244  234  223  211  197  188  180  171
  166  153  148  133  134  136  167  206  252  289  324  362  408  460  508  557
  604  657  705  741  775  820  862  878  891                                   
    10.0-180.0 180.0   5.0 450.0                            LAT/LON1/LON2/DLON/H
  905  938  964  989 1020 1037 1047 1045 1028  988  954  916  886  852  820  778
  736  682  634  593  572  571  586  594  589  551  492  430  385  346  328  306
  301  292  288  276  264  254  247  241  237  228  217  206  192  181  176  168
  163  153  142  132  131  140  170  215  262  294  325  362  408  459  512  559
  615  668  724  754  793  833  872  873  905                                   
     7.5-180.0 180.0   5.0 450.0                            LAT/LON1/LON2/DLON/H
  881  936  955  978 1007 1026 1037 1041 1032 1010  982  955  929  898  866  828
  792  746  700  660  638  632  630  611  573  500  421  356  314  287  270  265
