data/unet/pred3200.15i
     1.0            IONOSPHERE MAPS     GNSS                IONEX VERSION / TYPE
pyspatialgeodesy        IME             05-JAN-18 20:20     PGM / RUN BY / DATE 
Map Name                                                    COMMENT             
Predicted global ionosphere maps (GIM).                     DESCRIPTION         
  2015    11    16     0     0     0                        EPOCH OF FIRST MAP  
  2015    11    17     0     0     0                        EPOCH OF LAST MAP   
  7200                                                      INTERVAL            
    13                                                      # OF MAPS IN FILE   
  NONE                                                      MAPPING FUNCTION    
10.0                                                        ELEVATION CUTOFF    
One-way carrier phase leveled to code                       OBSERVABLES USED    
  6371.0                                                    BASE RADIUS         
 2                                                          MAP DIMENSION       
   450.0 450.0   0.0                                        HGT1 / HGT2 / DHGT  
    87.5 -87.5  -2.5                                        LAT1 / LAT2 / DLAT  
  -180.0 180.0   5.0                                        LON1 / LON2 / DLON  
    -1                                                      EXPONENT            
                                                            END OF HEADER       
[from data line 3861]
    10                                                      START OF TEC MAP    
  2015    11    16    18     0     0                        EPOCH OF CURRENT MAP
    87.5-180.0 180.0   5.0 450.0                            LAT/LON1/LON2/DLON/H
  129   99   95   99   98   99   99  101  101  103  103  105  105  106  106  106
  106  106  105  105  103  103  101  101   99   99   97   97   94   94   92   92
   91   91   89   89   88   88   87   87   86   86   86   86   86   86   87   87
   88   89   89   90   90   92   92   93   92   94   93   94   93   94   93   93
   92   93   93   94   96   94  100  111  129                                   
    85.0-180.0 180.0   5.0 450.0                            LAT/LON1/LON2/DLON/H
   80   83   81   87   87   89   89   92   93   96   98  101  101  104  104  106
  104  106  103  104  102  102   99   99   96   95   93   91   89   88   86   84
   82   82   80   79   77   77   75   75   73   74   72   74   72   74   73   76
   74   77   76   78   77   80   79   81   80   82   81   82   80   81   79   80
   78   81   78   81   82   79   88  100   80                                   
    82.5-180.0 180.0   5.0 450.0                            LAT/LON1/LON2/DLON/H
   66   64   68   72   72   75   77   81   84   89   93   97  100  104  105  107
  107  108  107  106  104  103  101   99   95   94   90   88   83   83   78   77
   73   73   69   69   64   65   61   62   58   60   58   60   58   61   60   63
   63   66   66   69   69   71   72   73   74   75   75   75   74   75   72   73
   70   71   69   70   69   64   69   69   66                                   
    80.0-180.0 180.0   5.0 450.0                            LAT/LON1/LON2/DLON/H
   52   52   53   57   58   61   65   70   76   82   89   94  101  105  110  111
  114  113  112  109  108  104  101   97   93   90   86   83   79   77   73   70
   68   65   62   59   56   55   51   51   47   48   45   48   46   50   49   53
   53   57   58   61   62   65   67   68   69   70   71   70   70   69   68   67
   65   64   61   60   57   49   58   56   52                                   
    77.5-180.0 180.0   5.0 450.0                            LAT/LON1/LON2/DLON/H
   36   39   39   41   42   45   50   57   64   73   83   91  100  107  114  117
  119  119  118  114  111  106  102   95   90   84   80   75   72   67   67   62
   61   56   56   52   49   46   43   41   38   38   36   36   37   39   41   43
   47   48   53   54   59   60   64   64   66   65   67   65   65   64   63   60
   58   56   54   51   48   41   45   38   36                                   
    75.0-180.0 180.0   5.0 450.0                            LAT/LON1/LON2/DLON/H
   32   33   29   32   33   38   42   50   59   70   82   93  104  113  121  125
  128  127  125  120  114  109  101   96   87   83   77   74   69   67   64   62
   60   57   55   51   47   44   41   38   35   33   31   31   31   35   36   40
   42   47   48   53   54   58   59   61   62   63   63   62   62   61   60   58
   56   54   51   48   43   34   44   37   32                                   
    72.5-180.0 180.0   5.0 450.0                            LAT/LON1/LON2/DLON/H
   33   33   29   31   32   36   40   48   56   70   83   97  110  120  131  136
  140  138  137  130  125  116  109   99   94   85   82   75   73   69   70   66
   66   62   60   55   50   46   42   39   35   33   32   31   32   33   36   37
   42   43   48   50   55   55   59   58   61   59   61   58   60   57   58   54
   54   51   50   46   43   36   42   30   33                                   
    70.0-180.0 180.0   5.0 450.0                            LAT/LON1/LON2/DLON/H
   38   37   33   35   36   40   46   53   64   77   91  106  120  131  143  148
  152  151  148  141  135  126  116  108   99   94   88   85   80   79   77   76
   73   71   66   62   56   51   46   42   38   35   34   34   34   37   38   41
   43   46   47   50   51   54   54   56   56   56   56   55   55   54   55   53
   53   52   52   49   45   36   45   35   38                                   
    67.5-180.0 180.0   5.0 450.0                            LAT/LON1/LON2/DLON/H
   41   42   39   41   42   46   50   59   67   84   97  115  128  143  154  163
  165  166  164  160  153  143  134  124  116  107  102   95   91   87   86   82
   81   76   72   66   59   53   48   43   39   37   36   37   37   38   40   41
   43   43   45   46   48   48   50   49   51   49   51   49   51   48   50   48
   49   48   48   47   44   39   48   33   41                                   
    65.0-180.0 180.0   5.0 450.0                            LAT/LON1/LON2/DLON/H
   44   46   44   47   46   52   57   68   78   95  108  126  141  153  165  170
  176  178  178  176  172  162  152  142  131  123  114  109  103   99   95   92
   87   83   75   70   61   56   49   45   40   39   38   39   39   43   41   44
   42   43   41   41   40   41   40   41   42   43   43   43   44   44   45   45
   46   46   47   45   43   37   47   35   44                                   
    62.5-180.0 180.0   5.0 450.0                            LAT/LON1/LON2/DLON/H
   36   45   46   51   53   60   65   77   86  105  117  135  147  163  172  183
  187  192  193  194  192  185  175  161  150  140  131  121  116  108  106   98
   94   84   77   68   62   54   49   44   41   40   40   41   41   41   41   39
   38   36   34   33   32   32   32   32   35   35   38   37   41   39   41   39
   40   39   40   38   38   34   44   29   36                                   
    60.0-180.0 180.0   5.0 450.0                            LAT/LON1/LON2/DLON/H
   31   45   43   55   54   67   71   88   98  117  129  146  158  170  182  188
  196  198  204  206  207  201  191  178  164  152  141  134  127  120  116  111
  102   91   80   70   62   54   49   44   42   41   42   43   43   43   40   39
   34   33   29   27   24   26   25   28   28   32   32   35   36   37   37   37
   37   36   36   34   31   29   40   25   31                                   
    57.5-180.0 180.0   5.0 450.0                            LAT/LON1/LON2/DLON/H
   22   40   46   57   61   73   81   97  108  127  139  154  165  177  185  197
  200  210  212  219  219  217  207  195  180  167  156  147  142  134  132  122
  115   98   87   74   64   56   51   47   45   45   45   45   44   42   40   35
   33   28   27   22   23   21   24   25   28   30   34   34   37   35   37   34
   35   33   33   30   32   28   38   18   22                                   
    55.0-180.0 180.0   5.0 450.0                            LAT/LON1/LON2/DLON/H
   25   43   45   60   62   79   88  106  119  138  149  164  174  185  195  202
  208  214  223  227  229  228  219  209  194  182  171  164  157  152  146  137
  126  109   94   81   71   62   57   52   52   50   51   49   49   45   42   36
   33   29   28   25   25   25   26   29   31   35   37   39   38   39   38   38
   37   36   35   33   32   29   40   19   25                                   
    52.5-180.0 180.0   5.0 450.0                            LAT/LON1/LON2/DLON/H
   28   47   52   66   72   87   98  114  131  145  161  172  183  191  201  210
  214  225  227  236  234  235  228  220  208  198  189  183  178  171  163  150
  139  119  104   88   78   69   65   62   60   59   58   57   55   51   47   42
   39   35   35   33   33   33   35   37   42   44   46   46   46   43   44   42
   43   42   44   42   42   37   46   24   28                                   
    50.0-180.0 180.0   5.0 450.0                            LAT/LON1/LON2/DLON/H
   45   58   61   75   81   97  110  126  143  158  171  182  193  203  212  218
  224  229  238  241  244  243  238  232  223  215  209  203  196  188  176  161
  147  128  112   98   87   80   77   72   72   70   70   67   64   59   56   51
   49   47   47   46   46   47   49   52   56   57   58   57   55   54   52   53
   53   56   56   57   53   49   56   38   45                                   
    47.5-180.0 180.0   5.0 450.0                            LAT/LON1/LON2/DLON/H
   60   71   75   87   96  110  123  138  155  167  182  190  202  210  222  230
  236  242  245  248  247  247  243  241  234  230  224  219  211  198  184  165
  152  130  116  102   93   87   84   82   81   80   79   77   74   70   66   63
   62   63   63   64   65   66   69   70   73   72   72   69   67   63   62   62
   64   66   70   71   70   64   69   55   60                                   
    45.0-180.0 180.0   5.0 450.0                            LAT/LON1/LON2/DLON/H
   79   86   90  102  110  125  138  156  170  184  196  206  218  224  234  240
  248  250  255  254  255  253  252  252  249  245  240  234  219  202  184  165
  148  129  116  104   99   95   93   91   90   89   88   85   83   79   76   74
   74   77   78   80   81   82   83   85   87   85   83   80   76   74   72   74
   76   81   85   87   85   81   84   75   79                                   
    42.5-180.0 180.0   5.0 450.0                            LAT/LON1/LON2/DLON/H
   87   94  101  114  126  141  156  171  186  196  210  217  229  236  248  255
  262  263  264  262  259  260  257  259  255  253  247  237  219  197  177  156
  141  123  113  103  100   97   97   96   94   93   92   91   89   87   83   83
   84   88   91   92   94   93   95   95   97   94   92   87   85   81   81   80
   84   87   91   93   93   89   94   86   87                                   
    40.0-180.0 180.0   5.0 450.0                            LAT/LON1/LON2/DLON/H
   91   99  109  125  136  152  166  184  199  214  224  237  245  252  262  265
  275  271  274  269  271  268  268  268  266  265  256  241  218  192  170  150
  135  121  113  106  105  104  105  103  100   97   97   95   95   91   90   87
   89   92   94   96   95   96   97   98  100   97   95   92   89   88   86   88
   88   91   94   95   94   91   95   85   91                                   
    37.5-180.0 180.0   5.0 450.0                            LAT/LON1/LON2/DLON/H
   85   96  110  124  143  155  177  191  209  223  236  246  257  265  275  280
  285  282  281  280  277  279  275  276  270  269  257  239  213  187  167  150
  138  129  124  119  118  117  117  113  107  103  100   99   98   96   93   91
   90   92   93   93   93   94   96   98   99   97   96   93   92   90   89   87
   86   85   85   83   84   80   87   78   85                                   
    35.0-180.0 180.0   5.0 450.0                            LAT/LON1/LON2/DLON/H
   76   90  105  126  142  162  182  205  220  241  252  265  273  280  287  287
  293  287  291  286  289  286  285  282  276  274  262  243  217  193  175  164
  157  151  149  144  144  141  139  131  123  114  110  106  104  100   98   93
   91   89   88   85   85   87   91   93   96   94   93   92   92   92   90   88
   83   80   76   72   70   66   73   63   76                                   
    32.5-180.0 180.0   5.0 450.0                            LAT/LON1/LON2/DLON/H
   59   79   98  119  141  161  185  205  227  246  261  274  285  292  300  300
  301  296  297  298  298  298  293  288  280  276  266  254  232  217  203  201
  197  198  192  188  179  175  168  158  145  134  124  119  114  109  104   99
   94   90   86   83   82   86   90   94   96   95   94   93   93   93   91   86
   80   72   65   60   59   54   60   45   59                                   
    30.0-180.0 180.0   5.0 450.0                            LAT/LON1/LON2/DLON/H
   41   70   93  115  138  163  187  213  233  259  274  287  299  305  310  306
  307  300  306  305  310  306  301  292  284  283  280  274  265  259  257  258
  260  256  252  241  227  214  200  186  172  158  149  142  136  129  123  115
  107  100   94   90   88   93   98  103  105  103  102  100   99   98   93   90
   80   73   64   57   51   48   51   36   41                                   
    27.5-180.0 180.0   5.0 450.0                            LAT/LON1/LON2/DLON/H
   32   67   89  113  137  162  185  212  237  262  280  297  308  315  321  316
  315  309  312  314  315  312  303  295  288  294  298  306  309  315  325  338
  345  343  329  310  283  262  239  220  202  188  176  167  160  153  146  136
  127  118  110  106  106  111  118  123  123  120  116  114  111  108  101   94
   85   77   66   57   54   47   53   32   32                                   
    25.0-180.0 180.0   5.0 450.0                            LAT/LON1/LON2/DLON/H
   36   72   96  118  143  171  195  222  248  274  292  309  323  327  332  323
  323  314  318  314  320  309  304  292  297  307  326  345  362  380  404  418
  429  416  398  366  331  304  272  249  230  214  203  195  189  182  176  167
  158  150  143  138  136  141  147  151  148  141  134  127  123  119  113  106
   95   87   75   67   60   54   58   37   36                                   
    22.5-180.0 180.0   5.0 450.0                            LAT/LON1/LON2/DLON/H
   49   87  108  132  156  183  208  235  260  284  303  319  333  341  345  338
  336  325  325  321  321  314  307  307  314  339  366  401  431  461  491  504
  515  494  461  418  369  340  302  274  251  236  225  219  215  211  205  197
  187  176  159  153  149  158  165  168  163  153  144  138  137  135  128  118
  108   96   86   76   75   67   69   56   49                                   
    20.0-180.0 180.0   5.0 450.0                            LAT/LON1/LON2/DLON/H
   72  107  123  152  165  200  214  251  266  300  317  337  352  361  367  359
  354  339  337  326  326  313  315  319  340  374  415  463  502  535  565  577
  576  550  503  451  391  355  316  289  265  255  246  244  237  237  228  226
  210  202  186  180  178  185  191  195  189  178  163  150  146  140  135  126
  118  111  100   94   86   84   79   74   72                                   
    17.5-180.0 180.0   5.0 450.0                            LAT/LON1/LON2/DLON/H
   87  128  142  165  187  211  228  253  270  306  322  354  372  385  392  388
  381  365  354  341  335  327  332  349  378  423  472  524  566  595  621  627
  618  579  525  469  406  361  320  294  269  264  252  253  243  249  241  243
  231  224  210  207  203  213  217  219  209  194  180  165  158  149  142  130
  121  113  111  105  101   92   93   98   87                                   
    15.0-180.0 180.0   5.0 450.0                            LAT/LON1/LON2/DLON/H
  102  143  161  191  205  242  248  288  300  341  348  382  393  423  427  430
  421  405  391  373  366  361  370  396  432  481  528  571  603  625  643  642
  625  582  524  470  407  359  318  296  275  271  253  258  249  256  252  257
  253  249  239  234  231  233  235  233  221  210  193  177  167  156  149  137
  127  119  114  113  104  101  101  100  102                                   
    12.5-180.0 180.0   5.0 450.0                            LAT/LON1/LON2/DLON/H
  105  150  172  206  234  263  285  317  340  375  385  410  419  451  461  474
  465  450  429  416  404  404  416  450  489  532  577  605  626  634  640  628
  603  559  510  458  398  355  311  297  278  271  254  255  244  254  252  265
  262  265  256  255  246  246  240  236  224  213  196  184  171  163  152  142
  130  122  116  111  106  102  103  103  105                                   
    10.0-180.0 180.0   5.0 450.0                            LAT/LON1/LON2/DLON/H
  106  149  175  221  248  288  305  357  377  422  427  454  455  492  499  523
  516  508  481  466  453  459  470  505  534  575  603  624  635  635  632  616
  584  545  499  455  400  358  325  305  278  274  254  257  244  252  254  268
  272  275  269  264  254  247  240  231  224  213  198  187  174  165  155  144
  131  122  114  108   96   93   96   87  106                                   
     7.5-180.0 180.0   5.0 450.0                            LAT/LON1/LON2/DLON/H
  101  148  179  221  263  303  338  381  416  453  462  480  486  514  529  557
  555  549  529  512  502  508  525  546  580  609  631  632  634  624  615  591
