data/unet/pred2380.15i
     1.0            IONOSPHERE MAPS     GNSS                IONEX VERSION / TYPE
pyspatialgeodesy        IME             05-JAN-18 20:20     PGM / RUN BY / DATE 
Map Name                                                    COMMENT             
Predicted global ionosphere maps (GIM).                     DESCRIPTION         
  2015     8    26     0     0     0                        EPOCH OF FIRST MAP  
  2015     8    27     0     0     0                        EPOCH OF LAST MAP   
  7200                                                      INTERVAL            
    13                                                      # OF MAPS IN FILE   
  NONE                                                      MAPPING FUNCTION    
10.0                                                        ELEVATION CUTOFF    
One-way carrier phase leveled to code                       OBSERVABLES USED    
  6371.0                                                    BASE RADIUS         
 2                                                          MAP DIMENSION       
   450.0 450.0   0.0                                        HGT1 / HGT2 / DHGT  
    87.5 -87.5  -2.5                                        LAT1 / LAT2 / DLAT  
  -180.0 180.0   5.0                                        LON1 / LON2 / DLON  
    -1                                                      EXPONENT            
                                                            END OF HEADER       
[from data line 3003]
     8                                                      START OF TEC MAP    
  2015     8    26    14     0     0                        EPOCH OF CURRENT MAP
    87.5-180.0 180.0   5.0 450.0                            LAT/LON1/LON2/DLON/H
  109  120  127  127  127  127  126  127  127  128  128  129  130  131  130  131
  131  132  132  132  132  131  131  130  130  129  128  128  126  126  124  124
  122  122  119  120  117  118  116  116  114  116  114  115  114  116  115  116
  116  118  118  119  120  121  122  123  123  125  124  125  125  126  125  125
  125  125  125  125  123  125  133  124  109                                   
    85.0-180.0 180.0   5.0 450.0                            LAT/LON1/LON2/DLON/H
  107  111  108  107  108  109  110  111  112  113  114  115  117  117  118  119
  120  120  121  121  122  122  122  121  121  120  119  118  117  115  114  112
  111  108  106  104  103  101  100   98   97   96   96   95   97   96   97   97
   99   99  101  101  103  103  105  105  107  106  108  107  109  107  108  106
  108  106  107  106  108  107  110  117  107                                   
    82.5-180.0 180.0   5.0 450.0                            LAT/LON1/LON2/DLON/H
  107   99  100  101  102  103  104  105  108  109  112  112  115  115  119  118
  121  120  123  122  125  124  125  124  125  124  124  122  122  119  117  114
  112  108  105  101   99   94   93   89   88   86   86   85   87   87   89   90
   92   93   95   96   98   99  101  101  102  102  103  101  103  100  102   99
  101   98  100   99   99   97  102   99  107                                   
    80.0-180.0 180.0   5.0 450.0                            LAT/LON1/LON2/DLON/H
   95   89   88   94   92   95   96  100  101  104  107  109  112  113  117  117
  121  120  124  123  126  125  127  126  127  126  126  125  124  122  120  117
  113  108  103  100   95   91   87   85   81   81   79   81   81   84   85   89
   91   94   95   98   99  101  102  103  103  104  102  102  101  101   99   98
   97   96   94   93   90   88   86   91   95                                   
    77.5-180.0 180.0   5.0 450.0                            LAT/LON1/LON2/DLON/H
   82   78   76   80   82   84   87   91   94   97  100  103  107  108  112  113
  117  115  120  119  123  122  125  125  126  126  128  128  128  126  124  121
  117  111  106  100   94   87   84   79   77   74   75   76   78   81   84   88
   90   94   95   99   99  101  100  102  100  101   98   99   96   95   93   92
   89   88   86   83   80   76   74   78   82                                   
    75.0-180.0 180.0   5.0 450.0                            LAT/LON1/LON2/DLON/H
   75   66   67   72   73   77   80   84   88   91   97   99  104  105  110  111
  115  115  118  117  121  120  122  122  125  125  127  127  130  128  129  125
  122  116  110  103   97   90   85   80   78   76   77   78   81   84   88   91
   96   97  101  101  103  103  104  102  102  100  100   96   95   92   91   86
   85   81   80   75   73   69   68   72   75                                   
    72.5-180.0 180.0   5.0 450.0                            LAT/LON1/LON2/DLON/H
   67   62   61   65   67   70   73   78   81   86   90   94   98  101  106  108
  112  112  115  115  117  117  118  119  121  122  124  127  128  130  129  129
  125  120  115  107  100   93   88   83   80   80   80   84   86   92   94   99
  100  104  103  105  103  104  100  100   96   96   91   91   88   87   84   82
   79   78   75   72   68   63   63   65   67                                   
    70.0-180.0 180.0   5.0 450.0                            LAT/LON1/LON2/DLON/H
   63   53   54   57   60   63   67   71   76   79   86   89   96   98  105  106
  111  110  113  112  113  112  113  113  114  116  118  120  123  126  127  127
  126  121  116  109  102   96   90   87   85   86   88   91   96  100  104  106
  108  109  108  107  105  102   99   95   92   89   87   85   84   82   82   78
   77   73   72   67   65   60   60   61   63                                   
    67.5-180.0 180.0   5.0 450.0                            LAT/LON1/LON2/DLON/H
   59   54   51   53   56   60   64   68   72   77   82   89   94   98  103  107
  110  111  112  112  112  111  111  111  110  111  112  116  117  122  123  126
  124  123  118  112  105   99   94   92   90   94   96  102  106  111  112  114
  113  113  109  107  102   98   93   89   85   82   80   80   78   78   77   77
   73   73   69   67   61   56   59   56   59                                   
    65.0-180.0 180.0   5.0 450.0                            LAT/LON1/LON2/DLON/H
   57   47   47   49   52   56   60   64   68   73   78   85   91   97  102  107
  109  111  111  111  110  109  108  107  106  106  105  108  110  115  118  121
  121  121  116  112  105  101   96   95   96  100  105  110  115  118  120  119
  118  115  111  106  101   95   90   85   82   79   78   75   76   74   75   72
   72   68   66   61   60   54   56   53   57                                   
    62.5-180.0 180.0   5.0 450.0                            LAT/LON1/LON2/DLON/H
   53   50   47   46   50   53   57   60   65   69   76   83   90   97  103  109
  111  112  112  112  111  109  108  106  105  103  101  103  104  109  112  118
  119  120  116  113  108  104  100  102  102  109  113  120  123  124  124  123
  120  116  111  106  101   95   91   86   84   81   79   79   78   76   75   73
   70   67   63   61   56   51   55   48   53                                   
    60.0-180.0 180.0   5.0 450.0                            LAT/LON1/LON2/DLON/H
   52   44   43   44   47   49   52   55   59   64   69   78   85   94   99  107
  109  112  111  113  110  110  108  108  104  103   99  100  100  105  109  115
  117  119  116  113  108  105  104  106  110  115  121  126  129  128  128  124
  121  116  111  106  102   97   94   89   88   85   85   83   82   78   76   71
   69   64   62   56   55   48   51   45   52                                   
    57.5-180.0 180.0   5.0 450.0                            LAT/LON1/LON2/DLON/H
   50   47   43   43   45   47   49   52   55   60   67   76   84   92   99  106
  109  112  112  113  112  110  111  109  109  105  103  102  102  106  110  117
  120  123  121  121  116  115  114  118  120  126  130  134  135  134  132  129
  125  121  117  112  109  104  102   99   98   96   95   93   89   84   78   73
   67   63   59   55   51   46   49   41   50                                   
    55.0-180.0 180.0   5.0 450.0                            LAT/LON1/LON2/DLON/H
   52   45   43   43   46   46   48   48   52   55   62   69   78   87   94  103
  106  111  111  113  112  115  112  115  111  112  107  107  106  110  113  120
  122  126  125  123  121  120  121  124  128  133  137  138  139  136  136  130
  129  126  123  120  118  114  113  109  109  107  106  101   97   88   83   72
   69   62   60   54   53   47   50   43   52                                   
    52.5-180.0 180.0   5.0 450.0                            LAT/LON1/LON2/DLON/H
   54   53   48   46   48   49   50   51   53   56   62   70   78   86   95  102
  107  112  114  116  117  116  118  119  119  117  116  115  114  118  122  128
  131  135  134  135  132  134  134  138  140  144  146  146  145  143  142  139
  137  136  134  133  130  128  124  123  122  121  117  113  105   96   85   77
   69   64   60   56   54   50   53   44   54                                   
    50.0-180.0 180.0   5.0 450.0                            LAT/LON1/LON2/DLON/H
   62   58   53   51   54   53   56   53   55   56   62   67   75   83   92  102
  107  117  117  123  121  124  123  127  124  125  121  122  120  125  128  135
  138  142  142  142  143  144  147  148  151  151  154  151  152  147  150  146
  148  146  146  145  142  139  137  135  134  131  127  121  113  101   93   80
   75   67   65   60   60   55   60   54   62                                   
    47.5-180.0 180.0   5.0 450.0                            LAT/LON1/LON2/DLON/H
   69   70   62   59   59   60   60   61   61   64   66   73   79   88   96  107
  115  124  126  130  129  130  130  133  131  133  130  131  130  135  137  145
  147  154  153  158  157  161  162  165  166  165  165  162  160  159  159  159
  159  159  158  157  154  150  145  144  140  139  132  128  117  108   95   87
   78   75   70   68   65   64   67   60   69                                   
    45.0-180.0 180.0   5.0 450.0                            LAT/LON1/LON2/DLON/H
   81   76   69   66   67   65   68   66   69   68   74   76   84   89   99  111
  121  134  136  142  138  139  136  139  135  138  134  136  134  139  142  150
  153  160  163  167  171  174  178  178  181  177  178  172  172  168  172  170
  173  171  170  167  161  156  151  147  145  141  136  130  122  111  103   93
   88   83   82   77   77   72   78   75   81                                   
    42.5-180.0 180.0   5.0 450.0                            LAT/LON1/LON2/DLON/H
   87   87   77   73   71   72   73   74   75   79   82   87   92  100  107  121
  132  145  149  153  149  148  144  146  144  146  144  145  143  147  149  158
  161  171  175  184  188  193  197  198  199  196  194  190  187  186  187  188
  186  185  179  174  167  160  152  147  142  140  133  131  121  115  106  102
   95   93   89   88   84   84   89   81   87                                   
    40.0-180.0 180.0   5.0 450.0                            LAT/LON1/LON2/DLON/H
   96   89   82   78   77   76   78   77   81   83   90   93  102  107  117  130
  142  156  160  165  159  159  152  153  150  153  149  150  148  151  155  162
  168  178  186  195  203  208  214  215  216  211  210  204  204  200  204  201
  201  195  189  180  171  161  152  145  140  137  133  130  123  118  114  110
  109  105  103   96   97   90   96   91   96                                   
    37.5-180.0 180.0   5.0 450.0                            LAT/LON1/LON2/DLON/H
   98   95   85   79   77   77   78   80   84   89   96  104  112  120  130  141
  154  167  171  174  169  167  161  161  160  162  162  162  160  162  165  173
  179  193  202  213  224  230  238  239  239  235  231  226  224  224  222  222
  215  211  199  190  177  166  153  146  138  135  129  129  123  122  119  118
  115  114  109  106  100   99  103   94   98                                   
    35.0-180.0 180.0   5.0 450.0                            LAT/LON1/LON2/DLON/H
  103   91   84   78   77   74   76   76   83   89  100  109  120  130  140  151
  161  174  176  182  175  173  166  168  166  170  169  169  169  168  175  180
  190  204  218  231  245  253  262  263  262  257  253  247  245  242  244  239
  236  226  215  203  189  177  164  154  146  140  134  131  127  127  126  127
  126  123  120  111  109   99  103   97  103                                   
    32.5-180.0 180.0   5.0 450.0                            LAT/LON1/LON2/DLON/H
  103   93   84   79   74   73   74   75   81   88  101  112  128  137  150  158
  169  181  184  188  182  180  174  174  175  179  181  184  183  186  189  200
  212  228  243  257  271  279  287  288  289  285  281  274  273  268  268  263
  258  248  234  222  208  194  180  169  158  150  142  138  133  134  131  134
  130  128  120  115  107  103  104   97  103                                   
    30.0-180.0 180.0   5.0 450.0                            LAT/LON1/LON2/DLON/H
  107   89   82   79   74   70   69   70   76   85   99  112  131  143  154  162
  171  182  183  189  181  182  174  177  179  184  189  192  195  196  206  219
  239  257  276  290  303  310  316  316  316  313  311  304  302  294  294  287
  284  273  261  249  235  220  203  190  176  165  154  145  140  137  138  139
  137  133  126  118  112  103  103   98  107                                   
    27.5-180.0 180.0   5.0 450.0                            LAT/LON1/LON2/DLON/H
  109   95   87   83   75   73   69   70   74   81   95  109  128  143  156  164
  173  183  185  191  184  187  179  183  185  193  199  207  211  221  234  252
  273  292  308  321  331  337  340  342  341  342  338  337  332  329  322  318
  312  303  290  277  262  246  227  210  194  178  166  155  146  143  141  142
  138  137  128  122  112  107  106  101  109                                   
    25.0-180.0 180.0   5.0 450.0                            LAT/LON1/LON2/DLON/H
  115  100   90   87   79   75   70   71   72   79   93  106  127  142  157  163
  172  179  183  191  185  189  184  185  190  195  208  215  229  239  262  282
  306  324  342  353  361  364  368  368  371  371  370  369  366  363  358  354
  347  339  326  312  293  276  251  233  211  197  178  166  154  147  145  145
  142  142  136  130  122  116  113  108  115                                   
    22.5-180.0 180.0   5.0 450.0                            LAT/LON1/LON2/DLON/H
  120  110   98   94   85   82   76   77   74   81   89  104  122  139  152  161
  168  176  181  191  189  195  190  196  197  208  218  235  250  269  291  314
  337  354  368  376  380  381  382  386  388  393  391  393  388  388  384  384
  375  369  353  337  314  293  267  244  225  204  189  173  160  152  147  146
  143  143  142  139  131  125  123  118  120                                   
    20.0-180.0 180.0   5.0 450.0                            LAT/LON1/LON2/DLON/H
  128  119  108  102   92   88   82   80   78   80   87  100  120  134  150  157
  167  174  178  191  190  199  198  204  209  218  234  249  272  290  317  339
  364  379  392  397  401  401  401  404  406  411  411  414  410  414  411  410
  402  393  379  359  336  312  285  263  240  221  200  185  170  159  152  150
  147  149  149  149  144  137  133  128  128                                   
    17.5-180.0 180.0   5.0 450.0                            LAT/LON1/LON2/DLON/H
  130  126  117  108   99   94   88   89   84   86   87  101  115  132  143  154
  160  173  180  194  197  207  207  216  222  235  250  272  293  317  341  365
  384  398  405  410  412  415  413  418  418  425  423  426  424  429  427  430
  420  414  396  377  349  323  296  272  250  228  210  191  179  167  160  156
  153  154  155  155  150  146  141  135  130                                   
    15.0-180.0 180.0   5.0 450.0                            LAT/LON1/LON2/DLON/H
  134  128  120  112  101   98   92   91   89   88   90   97  113  128  143  151
  164  173  183  196  203  213  221  231  240  254  270  287  312  333  361  381
  401  411  419  424  428  429  431  433  435  440  440  443  441  445  443  442
  436  428  412  391  361  337  306  286  262  245  222  203  189  178  171  166
  163  163  163  162  157  152  143  139  134                                   
    12.5-180.0 180.0   5.0 450.0                            LAT/LON1/LON2/DLON/H
  131  131  122  113  102   96   93   94   92   96   93  104  112  131  141  153
  161  177  186  202  210  223  233  245  256  269  286  311  332  360  378  397
  410  420  426  434  439  442  442  446  446  451  449  449  447  450  447  450
  442  437  419  397  366  339  312  292  271  250  229  208  196  186  182  178
  173  171  169  166  159  152  147  135  131                                   
    10.0-180.0 180.0   5.0 450.0                            LAT/LON1/LON2/DLON/H
  128  127  119  112   98   94   88   90   91   94   97  101  115  127  142  152
  165  178  192  205  218  231  244  261  275  290  306  326  353  376  397  409
  419  426  435  442  449  452  454  458  459  461  457  458  453  454  447  445
  438  433  415  397  366  344  315  301  279  260  235  216  199  192  187  185
  180  177  175  169  161  153  144  130  128                                   
     7.5-180.0 180.0   5.0 450.0                            LAT/LON1/LON2/DLON/H
  122  126  114  106   96   87   85   83   86   93   95  105  114  132  144  156
  168  184  198  213  224  240  255  274  290  311  324  351  373  398  409  421
