data/unet/pred0410.15i
     1.0            IONOSPHERE MAPS     GNSS                IONEX VERSION / TYPE
pyspatialgeodesy        IME             05-JAN-18 20:20     PGM / RUN BY / DATE 
Map Name                                                    COMMENT             
Predicted global ionosphere maps (GIM).                     DESCRIPTION         
  2015     2    10     0     0     0                        EPOCH OF FIRST MAP  
  2015     2    11     0     0     0                        EPOCH OF LAST MAP   
  7200                                                      INTERVAL            
    13                                                      # OF MAPS IN FILE   
  NONE                                                      MAPPING FUNCTION    
10.0                                                        ELEVATION CUTOFF    
One-way carrier phase leveled to code                       OBSERVABLES USED    
  6371.0                                                    BASE RADIUS         
 2                                                          MAP DIMENSION       
   450.0 450.0   0.0                                        HGT1 / HGT2 / DHGT  
    87.5 -87.5  -2.5                                        LAT1 / LAT2 / DLAT  
  -180.0 180.0   5.0                                        LON1 / LON2 / DLON  
    -1                                                      EXPONENT            
                                                            END OF HEADER       
[from data line 858]
     3                                                      START OF TEC MAP    
  2015     2    10     4     0     0                        EPOCH OF CURRENT MAP
    87.5-180.0 180.0   5.0 450.0                            LAT/LON1/LON2/DLON/H
   91  122  117  119  118  119  118  120  119  121  119  122  119  123  120  125
  121  127  123  126  121  124  119  121  115  118  113  114  110  111  108  110
  107  109  109  110  109  109  109  108  108  108  109  109  108  110  109  111
  110  112  112  114  113  116  115  119  118  121  120  123  121  124  120  122
  118  121  118  122  122  118  125   90   91                                   
    85.0-180.0 180.0   5.0 450.0                            LAT/LON1/LON2/DLON/H
  139  120  116  124  120  116  115  113  112  112  111  111  110  111  111  112
  112  113  112  112  110  110  107  107  103  105  101  102   98  102   99  102
  100  103  103  105  103  106  104  106  103  106  105  107  106  109  108  111
  110  113  115  117  119  121  125  127  130  133  135  137  138  139  138  138
  136  135  134  135  134  129  133  134  139                                   
    82.5-180.0 180.0   5.0 450.0                            LAT/LON1/LON2/DLON/H
  140  121  124  123  118  112  111  107  108  103  107  103  108  105  110  107
  112  107  112  106  109  102  105   98   99   94   95   90   91   87   90   86
   90   88   94   93   95   97   98   99   99  100  102  103  104  106  109  110
  113  114  120  120  127  128  136  138  146  147  154  154  158  157  158  156
  153  150  148  147  144  139  143  137  140                                   
    80.0-180.0 180.0   5.0 450.0                            LAT/LON1/LON2/DLON/H
  153  136  133  126  120  113  109  105  104  103  104  104  108  109  113  114
  117  115  119  115  115  108  108  101   99   93   90   87   84   84   83   83
   86   86   91   92   97   98  102  102  103  104  106  107  108  109  111  114
  116  121  124  129  134  139  146  152  160  164  172  175  181  181  183  180
  180  177  176  173  168  156  153  147  153                                   
    77.5-180.0 180.0   5.0 450.0                            LAT/LON1/LON2/DLON/H
  170  149  139  131  120  112  104  100   95   96   94   98   99  105  108  113
  115  118  120  121  116  113  107  102   95   91   86   82   78   78   78   79
   81   85   89   92   96   99  102  103  104  104  106  105  106  106  109  110
  115  120  128  136  144  152  162  170  180  187  196  200  206  208  212  211
  211  208  205  198  194  180  175  162  170                                   
    75.0-180.0 180.0   5.0 450.0                            LAT/LON1/LON2/DLON/H
  177  163  150  138  123  115  103   98   90   90   86   91   91   97   99  105
  107  111  113  113  110  105  100   93   86   82   78   77   74   75   75   79
   80   85   88   92   96   99  102  103  102  102  101  101   99  100   99  104
  105  117  125  138  149  160  173  184  197  205  215  221  225  228  231  232
  233  232  229  225  216  197  191  174  177                                   
    72.5-180.0 180.0   5.0 450.0                            LAT/LON1/LON2/DLON/H
  197  179  167  151  132  120  107   98   90   86   83   83   84   86   90   92
   98   99  103  101  100   96   92   85   80   75   74   71   74   72   78   78
   82   84   89   91   94   97   98   98   97   95   94   91   90   89   91   95
  103  114  132  147  164  178  192  207  218  230  236  244  247  250  250  251
  251  250  247  243  238  223  214  197  197                                   
    70.0-180.0 180.0   5.0 450.0                            LAT/LON1/LON2/DLON/H
  212  200  187  170  147  135  119  110   98   94   86   86   79   80   78   80
   82   84   88   87   91   87   86   81   78   74   72   73   74   76   78   83
   84   89   89   93   94   97   95   96   94   93   88   85   82   81   84   89
  100  117  137  158  178  194  214  228  243  252  261  266  271  271  270  269
  268  267  266  264  257  244  234  216  212                                   
    67.5-180.0 180.0   5.0 450.0                            LAT/LON1/LON2/DLON/H
  232  220  207  189  164  148  131  119  107  101   91   87   75   69   64   60
   63   65   71   75   75   78   76   76   72   72   69   71   72   75   77   80
   82   84   84   87   86   88   85   85   83   80   76   72   71   71   76   86
  101  121  148  170  195  215  236  251  264  274  279  283  285  284  281  279
  278  276  276  274  271  265  249  237  232                                   
    65.0-180.0 180.0   5.0 450.0                            LAT/LON1/LON2/DLON/H
  246  238  226  209  185  166  147  134  121  113   98   94   76   70   55   54
   48   53   55   61   66   71   73   75   76   74   75   75   77   77   78   80
   80   81   78   78   76   77   74   74   73   69   66   63   63   63   70   83
  103  129  156  180  208  232  257  273  286  292  294  295  295  292  289  284
  284  283  283  283  279  277  265  251  246                                   
    62.5-180.0 180.0   5.0 450.0                            LAT/LON1/LON2/DLON/H
  261  250  238  222  196  179  157  145  129  121  106   98   80   70   55   45
   41   40   43   49   55   64   66   73   73   75   73   74   73   73   71   72
   68   68   61   63   60   62   62   63   61   59   56   55   55   57   67   83
  109  136  170  191  224  249  273  288  303  306  307  306  305  300  294  289
  287  285  285  285  286  285  275  268  261                                   
    60.0-180.0 180.0   5.0 450.0                            LAT/LON1/LON2/DLON/H
  271  261  249  235  210  191  169  155  140  129  112  102   86   73   60   53
   48   50   51   57   62   65   69   72   74   73   71   70   70   66   67   63
   62   56   52   49   51   51   52   52   53   49   50   47   49   51   65   85
  113  144  176  203  236  264  290  305  319  321  321  317  316  309  303  297
  294  292  293  293  295  292  288  277  271                                   
    57.5-180.0 180.0   5.0 450.0                            LAT/LON1/LON2/DLON/H
  288  274  260  244  216  197  174  159  142  132  117  107   90   80   69   65
   62   62   61   65   66   68   67   69   66   65   62   60   60   57   56   54
   51   47   45   43   48   47   50   48   51   47   49   45   50   54   71   93
  125  156  188  217  251  279  302  319  331  333  332  331  330  324  316  309
  305  303  302  303  308  306  299  294  288                                   
    55.0-180.0 180.0   5.0 450.0                            LAT/LON1/LON2/DLON/H
  307  291  276  259  230  207  182  164  146  134  117  106   92   80   74   69
   71   68   71   69   70   68   68   63   63   57   56   52   53   50   52   49
   50   46   47   47   53   51   56   54   58   54   56   51   55   63   79  105
  135  166  198  231  265  290  315  329  344  348  349  347  349  343  337  329
  322  320  318  319  323  321  315  308  307                                   
    52.5-180.0 180.0   5.0 450.0                            LAT/LON1/LON2/DLON/H
  328  313  299  275  243  217  189  168  148  134  117  106   93   86   80   81
   82   82   81   79   74   73   66   64   58   55   51   48   48   48   50   51
   53   53   58   60   68   65   71   68   70   66   67   63   67   78   96  123
  154  182  217  248  280  302  324  340  355  360  361  362  363  360  354  348
  341  337  334  333  338  337  329  327  328                                   
    50.0-180.0 180.0   5.0 450.0                            LAT/LON1/LON2/DLON/H
  348  334  316  295  262  232  199  173  150  133  114  104   93   87   85   86
   90   87   88   82   81   74   71   64   61   54   52   48   49   49   53   55
   61   63   70   73   85   82   88   83   86   79   79   75   79   92  112  140
  167  199  233  265  295  314  335  352  367  373  376  376  376  373  367  361
  355  352  347  346  344  343  338  336  348                                   
    47.5-180.0 180.0   5.0 450.0                            LAT/LON1/LON2/DLON/H
  360  348  334  314  282  251  216  186  159  138  118  105   95   91   89   92
   93   92   91   87   85   81   76   73   67   63   59   56   55   56   60   65
   72   77   84   89   99   99  102   99   98   94   91   89   97  111  134  160
  189  220  255  284  308  327  346  362  374  379  380  379  379  376  371  363
  356  353  351  347  348  348  337  339  360                                   
    45.0-180.0 180.0   5.0 450.0                            LAT/LON1/LON2/DLON/H
  366  354  341  328  300  269  235  204  173  146  124  112  101   95   94   95
   96   93   94   91   91   90   89   84   82   76   74   68   68   67   71   75
   82   88   96  100  108  108  111  108  108  103  101   99  110  128  149  177
  208  241  274  301  322  340  356  370  382  385  385  381  379  374  367  358
  350  348  344  343  342  341  333  335  366                                   
    42.5-180.0 180.0   5.0 450.0                            LAT/LON1/LON2/DLON/H
  360  351  342  334  312  288  254  225  191  163  138  123  109  103   98   99
   97   95   96   97  100  103  101  101   97   94   90   86   84   82   82   85
   90   95  101  106  113  114  117  116  117  113  111  113  126  145  169  197
  232  262  291  315  335  354  367  377  386  386  383  378  376  370  361  351
  343  341  339  335  334  331  320  322  360                                   
    40.0-180.0 180.0   5.0 450.0                            LAT/LON1/LON2/DLON/H
  341  329  320  318  307  289  260  235  206  176  149  135  121  114  107  105
  102  102  104  109  114  117  119  117  116  110  108  101   99   94   90   91
   92   98  100  109  112  116  117  120  121  119  118  124  139  161  183  217
  250  280  306  327  348  365  378  388  397  395  391  384  380  373  364  354
  348  345  341  335  327  316  311  305  341                                   
    37.5-180.0 180.0   5.0 450.0                            LAT/LON1/LON2/DLON/H
  327  311  303  302  291  280  257  238  213  189  163  149  133  127  115  114
  110  112  116  125  130  135  135  134  131  125  121  115  109  102   97   93
   94   96  100  106  112  116  122  126  128  127  130  136  153  172  200  231
  265  292  314  335  357  375  389  400  408  405  401  395  394  388  383  375
  372  369  364  353  342  322  309  296  327                                   
    35.0-180.0 180.0   5.0 450.0                            LAT/LON1/LON2/DLON/H
  322  298  287  276  266  256  240  226  209  189  171  158  146  140  130  127
  123  128  134  142  149  152  152  146  142  135  130  127  120  115  103  102
   94  100   95  106  106  117  120  127  131  133  138  148  162  184  209  240
  271  298  318  341  361  381  400  412  423  420  421  419  426  427  428  423
  422  422  415  404  387  352  327  305  322                                   
    32.5-180.0 180.0   5.0 450.0                            LAT/LON1/LON2/DLON/H
  355  315  290  267  251  240  224  214  197  184  169  162  154  150  140  139
  137  145  152  162  167  168  163  156  148  142  137  135  129  125  115  114
  107  111  109  112  116  123  129  134  136  139  144  155  171  191  218  247
  276  300  321  346  369  393  411  429  441  444  448  456  471  483  495  500
  506  507  503  487  468  428  375  347  355                                   
    30.0-180.0 180.0   5.0 450.0                            LAT/LON1/LON2/DLON/H
  423  372  330  288  254  232  213  196  185  169  162  157  156  155  148  148
  149  157  166  176  182  178  170  159  153  149  148  151  144  146  134  139
  133  136  128  125  123  123  128  131  135  140  148  157  176  198  225  255
  281  305  326  354  380  409  431  447  460  466  478  494  522  554  578  599
  612  619  613  595  568  527  464  427  423                                   
    27.5-180.0 180.0   5.0 450.0                            LAT/LON1/LON2/DLON/H
  525  477  412  345  287  252  219  196  176  162  155  154  155  155  150  151
  154  163  174  184  188  182  171  162  157  161  162  173  167  171  164  170
  164  166  161  152  145  135  132  131  132  138  145  158  181  208  237  266
  294  316  338  368  397  435  459  482  491  504  517  545  588  636  685  716
  740  746  741  714  685  637  583  540  525                                   
    25.0-180.0 180.0   5.0 450.0                            LAT/LON1/LON2/DLON/H
  659  607  540  461  385  318  264  222  192  165  156  149  153  151  149  150
  154  162  174  181  184  177  172  168  171  181  189  202  201  202  197  197
  193  191  187  170  162  141  132  127  129  133  142  156  182  214  246  272
  302  327  353  389  423  463  492  513  526  539  555  593  647  711  772  813
  844  856  854  836  807  762  714  668  659                                   
    22.5-180.0 180.0   5.0 450.0                            LAT/LON1/LON2/DLON/H
  778  747  675  592  510  430  357  286  237  186  169  153  155  150  149  148
  150  157  165  169  173  170  170  179  193  214  230  247  249  250  237  228
  215  202  193  176  164  145  134  126  123  120  128  146  183  221  260  289
  324  349  379  416  453  497  525  551  562  578  596  641  704  777  840  886
  917  928  936  927  912  880  831  787  778                                   
    20.0-180.0 180.0   5.0 450.0                            LAT/LON1/LON2/DLON/H
  878  874  796  723  632  551  477  408  331  258  214  185  179  165  162  152
  153  151  158  160  166  171  183  202  230  262  285  305  299  291  266  246
  229  206  196  180  161  137  121  121  115  112  119  143  178  229  271  310
  348  378  412  456  499  539  569  588  604  621  646  694  759  830  887  924
  946  956  962  957  963  939  906  864  878                                   
    17.5-180.0 180.0   5.0 450.0                            LAT/LON1/LON2/DLON/H
  931  938  902  839  750  666  584  517  445  370  303  255  233  209  196  176
  167  156  158  160  168  185  205  245  287  346  355  374  349  334  294  265
  234  211  198  180  152  131  113  109  104   97  108  134  176  229  283  326
  370  404  446  491  536  573  600  623  642  664  688  739  794  853  893  923
  936  940  943  952  966  964  945  915  931                                   
    15.0-180.0 180.0   5.0 450.0                            LAT/LON1/LON2/DLON/H
  947  972  948  910  833  766  682  613  544  478  421  379  336  293  256  226
  209  189  185  186  199  220  259  317  368  409  402  394  365  328  290  252
  228  204  192  171  142  120  102   98   99  104  112  145  184  242  295  343
  389  426  473  518  563  594  623  646  675  701  725  772  813  854  880  892
  893  888  891  905  933  939  935  914  947                                   
    12.5-180.0 180.0   5.0 450.0                            LAT/LON1/LON2/DLON/H
  928  951  963  934  897  843  774  706  638  576  527  481  452  403  357  311
  280  256  241  241  251  300  344  419  445  469  436  413  350  304  258  224
  211  196  184  160  137  117  102   94   90   99  105  142  188  248  306  353
  404  441  493  534  574  602  627  658  692  724  748  783  808  835  845  850
  838  832  831  846  870  891  897  895  928                                   
    10.0-180.0 180.0   5.0 450.0                            LAT/LON1/LON2/DLON/H
  873  910  927  934  904  879  818  770  709  659  612  576  541  504  459  423
  378  352  330  343  363  407  450  491  498  485  442  383  324  270  238  214
  200  182  171  150  132  114  104   98  100  111  121  152  199  253  312  354
  408  449  500  542  577  598  628  659  698  733  760  785  807  821  821  808
  791  781  779  792  814  828  847  857  873                                   
     7.5-180.0 180.0   5.0 450.0                            LAT/LON1/LON2/DLON/H
  817  852  884  882  887  855  827  787  745  712  678  644  614  577  549  519
  487  465  451  465  482  519  538  550  536  502  433  360  295  242  224  204
