data/unet/pred1420.15i
     1.0            IONOSPHERE MAPS     GNSS                IONEX VERSION / TYPE
pyspatialgeodesy        IME             05-JAN-18 20:20     PGM / RUN BY / DATE 
Map Name                                                    COMMENT             
Predicted global ionosphere maps (GIM).                     DESCRIPTION         
  2015     5    22     0     0     0                        EPOCH OF FIRST MAP  
  2015     5    23     0     0     0                        EPOCH OF LAST MAP   
  7200                                                      INTERVAL            
    13                                                      # OF MAPS IN FILE   
  NONE                                                      MAPPING FUNCTION    
10.0                                                        ELEVATION CUTOFF    
One-way carrier phase leveled to code                       OBSERVABLES USED    
  6371.0                                                    BASE RADIUS         
 2                                                          MAP DIMENSION       
   450.0 450.0   0.0                                        HGT1 / HGT2 / DHGT  
    87.5 -87.5  -2.5                                        LAT1 / LAT2 / DLAT  
  -180.0 180.0   5.0                                        LON1 / LON2 / DLON  
    -1                                                      EXPONENT            
                                                            END OF HEADER       
[from data line 429]
     2                                                      START OF TEC MAP    
  2015     5    22     2     0     0                        EPOCH OF CURRENT MAP
    87.5-180.0 180.0   5.0 450.0                            LAT/LON1/LON2/DLON/H
  180  181  177  176  178  173  174  173  176  174  174  171  174  170  169  166
  167  163  162  159  160  156  156  152  154  151  152  149  152  150  151  148
  151  149  150  148  151  149  151  149  153  151  154  152  157  156  158  157
  162  161  163  162  166  165  166  164  168  166  167  165  168  165  166  164
  166  166  170  169  172  169  167  177  180                                   
    85.0-180.0 180.0   5.0 450.0                            LAT/LON1/LON2/DLON/H
  184  192  180  183  182  178  179  179  181  179  180  178  179  176  176  173
  174  171  170  167  168  164  163  160  161  157  157  154  156  153  153  151
  153  151  152  151  153  152  152  152  154  154  155  156  158  159  159  160
  162  163  164  165  167  168  167  168  169  169  169  169  169  169  168  168
  168  169  172  173  173  171  175  177  184                                   
    82.5-180.0 180.0   5.0 450.0                            LAT/LON1/LON2/DLON/H
  182  187  185  191  189  186  186  189  190  189  188  188  187  185  182  182
  180  178  175  174  172  169  165  165  162  160  156  156  154  153  151  151
  150  150  149  151  151  152  150  153  153  155  155  158  159  161  161  163
  165  166  167  169  171  171  171  172  173  173  172  173  173  173  171  173
  171  175  177  180  178  177  177  174  182                                   
    80.0-180.0 180.0   5.0 450.0                            LAT/LON1/LON2/DLON/H
  188  187  189  191  194  189  192  192  196  193  194  191  192  188  187  183
  184  179  179  175  176  170  169  164  164  159  157  153  153  149  149  147
  149  147  148  149  151  151  152  153  156  156  158  160  162  163  165  167
  169  171  172  174  176  176  177  178  179  178  177  177  177  176  175  176
  176  177  180  180  179  178  180  174  188                                   
    77.5-180.0 180.0   5.0 450.0                            LAT/LON1/LON2/DLON/H
  192  194  191  195  196  194  197  197  200  197  197  194  194  188  186  182
  180  176  175  173  171  168  166  162  160  155  152  149  147  144  143  143
  144  144  146  148  150  150  153  154  157  157  161  162  165  166  170  171
  175  175  180  180  183  182  185  183  185  182  184  181  182  179  181  179
  181  179  184  180  177  181  184  175  192                                   
    75.0-180.0 180.0   5.0 450.0                            LAT/LON1/LON2/DLON/H
  195  195  193  195  198  194  198  198  200  198  198  194  192  187  183  177
  173  169  167  163  163  159  158  153  151  146  144  141  138  137  137  137
  138  141  144  147  150  151  155  156  158  160  164  164  167  168  173  174
  179  180  185  185  189  188  190  188  188  186  186  183  183  181  183  181
  182  183  188  185  179  184  190  181  195                                   
    72.5-180.0 180.0   5.0 450.0                            LAT/LON1/LON2/DLON/H
  199  198  195  198  198  196  197  197  199  196  195  190  187  179  174  166
  163  158  156  154  154  152  151  148  146  143  139  136  134  133  133  133
  136  139  143  147  151  154  157  159  162  163  166  166  169  170  174  175
  180  181  187  187  191  190  192  188  189  184  185  180  181  179  182  180
  184  184  192  188  185  191  193  182  199                                   
    70.0-180.0 180.0   5.0 450.0                            LAT/LON1/LON2/DLON/H
  201  198  196  198  198  195  197  198  200  198  198  193  189  181  173  165
  158  153  150  149  149  148  148  145  143  140  135  134  130  131  129  132
  135  139  145  150  155  158  161  163  166  166  168  168  170  170  174  176
  180  182  187  189  192  192  193  190  189  185  184  181  180  178  181  182
  185  188  194  194  189  194  198  188  201                                   
    67.5-180.0 180.0   5.0 450.0                            LAT/LON1/LON2/DLON/H
  204  201  197  198  196  194  196  197  200  198  198  193  190  179  173  161
  156  149  148  146  147  148  148  146  144  140  136  133  130  128  128  130
  133  137  144  149  154  159  162  164  165  166  167  167  169  170  174  174
  179  180  186  186  191  189  192  188  189  184  184  179  178  175  179  178
  183  185  195  195  195  198  199  187  204                                   
    65.0-180.0 180.0   5.0 450.0                            LAT/LON1/LON2/DLON/H
  207  200  198  199  198  193  195  197  200  201  201  197  194  185  178  167
  159  153  151  150  151  151  153  150  148  144  139  136  133  131  131  131
  134  137  144  147  154  156  161  162  164  163  166  166  168  169  172  174
  177  179  184  185  188  188  190  188  188  185  186  181  181  178  182  182
  187  191  199  201  199  203  204  192  207                                   
    62.5-180.0 180.0   5.0 450.0                            LAT/LON1/LON2/DLON/H
  210  204  200  200  197  192  193  194  198  199  200  197  196  188  182  171
  165  156  154  152  154  155  155  153  150  147  143  139  135  133  132  131
  131  133  136  139  144  147  150  153  154  157  159  161  164  166  170  171
  175  176  182  182  188  187  190  187  190  185  187  182  182  179  181  180
  185  188  197  198  199  204  203  192  210                                   
    60.0-180.0 180.0   5.0 450.0                            LAT/LON1/LON2/DLON/H
  215  207  204  204  202  194  194  192  195  196  198  197  198  192  189  180
  174  167  163  161  162  161  162  158  157  152  150  146  144  140  139  135
  135  132  135  134  140  141  147  148  152  153  157  159  164  168  172  175
  177  180  184  186  189  190  191  190  193  190  192  187  187  184  185  184
  188  191  198  202  202  207  208  196  215                                   
    57.5-180.0 180.0   5.0 450.0                            LAT/LON1/LON2/DLON/H
  221  216  212  211  206  198  195  191  192  191  195  194  198  195  195  188
  184  175  172  166  167  164  165  160  159  155  153  151  149  146  144  139
  135  131  128  128  131  133  139  142  146  150  155  159  166  171  178  179
  183  184  191  191  196  195  198  195  200  195  198  191  191  187  187  184
  187  189  196  199  203  209  208  200  221                                   
    55.0-180.0 180.0   5.0 450.0                            LAT/LON1/LON2/DLON/H
  232  226  224  224  219  209  203  196  192  190  191  191  195  196  198  195
  192  185  181  176  174  172  172  168  166  164  163  162  162  158  156  148
  143  135  132  127  132  134  140  142  147  150  157  162  170  178  185  190
  192  197  200  203  205  208  209  209  210  207  205  199  196  192  190  187
  190  191  197  203  205  212  215  208  232                                   
    52.5-180.0 180.0   5.0 450.0                            LAT/LON1/LON2/DLON/H
  244  241  239  240  234  224  215  204  198  191  191  191  196  198  203  201
  201  193  189  182  180  176  176  171  171  168  170  168  170  166  163  155
  147  138  132  130  131  135  139  143  148  152  159  165  175  183  192  195
  201  204  211  213  219  221  223  221  226  217  214  204  201  196  194  191
  194  195  203  207  212  221  223  222  244                                   
    50.0-180.0 180.0   5.0 450.0                            LAT/LON1/LON2/DLON/H
  262  258  261  263  258  247  235  222  210  200  194  194  196  200  204  205
  205  200  194  190  185  183  181  180  178  178  179  180  181  179  176  168
  160  150  146  141  144  146  150  152  156  159  166  172  181  190  200  206
  212  220  226  233  238  241  241  239  239  229  221  213  206  200  198  195
  198  199  207  213  215  226  233  232  262                                   
    47.5-180.0 180.0   5.0 450.0                            LAT/LON1/LON2/DLON/H
  275  276  280  283  279  271  260  243  229  215  206  201  203  204  209  209
  210  205  202  195  194  189  190  185  187  184  187  187  189  186  184  175
  166  158  154  152  154  157  161  162  164  166  172  177  186  193  203  208
  218  225  238  245  256  259  262  256  257  242  233  219  211  205  204  202
  205  208  216  221  228  238  242  246  275                                   
    45.0-180.0 180.0   5.0 450.0                            LAT/LON1/LON2/DLON/H
  291  294  298  305  306  298  286  272  254  237  220  213  209  210  212  213
  212  209  205  202  197  196  194  193  192  193  195  197  198  194  191  184
  177  170  169  166  170  171  173  172  172  172  176  181  189  197  206  213
  223  236  252  266  278  283  285  277  274  259  246  232  221  215  214  210
  214  216  225  230  234  248  253  258  291                                   
    42.5-180.0 180.0   5.0 450.0                            LAT/LON1/LON2/DLON/H
  300  305  310  320  326  321  312  299  281  264  246  233  226  222  221  218
  218  214  213  208  207  202  202  199  201  200  204  201  202  198  196  190
  185  181  181  181  183  186  187  184  182  179  182  184  192  196  206  213
  229  240  262  277  299  302  307  297  297  275  265  246  237  230  230  226
  229  232  239  244  251  259  266  271  300                                   
    40.0-180.0 180.0   5.0 450.0                            LAT/LON1/LON2/DLON/H
  312  315  319  327  335  331  328  318  305  288  269  255  243  235  228  224
  220  217  215  212  210  207  206  206  207  210  212  212  210  206  204  200
  196  193  193  192  194  194  195  190  188  184  184  187  193  199  207  219
  233  249  270  292  315  322  324  317  314  298  287  274  260  258  254  252
  253  253  260  263  268  277  281  286  312                                   
    37.5-180.0 180.0   5.0 450.0                            LAT/LON1/LON2/DLON/H
  323  325  327  334  341  338  337  332  322  309  292  279  264  254  244  233
  227  222  220  216  215  210  211  209  214  215  220  217  217  212  211  208
  208  207  205  205  203  204  203  199  198  191  190  189  194  199  209  219
  237  250  274  293  323  328  338  329  330  314  312  297  292  285  289  283
  284  282  286  285  293  294  297  304  323                                   
    35.0-180.0 180.0   5.0 450.0                            LAT/LON1/LON2/DLON/H
  346  342  345  342  346  342  344  339  336  324  314  299  285  269  257  243
  234  227  223  219  217  214  213  216  222  228  232  231  229  224  221  219
  218  215  213  208  207  204  202  197  196  191  189  187  191  198  208  222
  237  254  274  294  319  330  342  339  344  336  335  329  324  326  323  322
  318  315  315  315  319  321  323  330  346                                   
    32.5-180.0 180.0   5.0 450.0                            LAT/LON1/LON2/DLON/H
  371  370  373  365  362  358  357  355  350  342  331  319  304  290  273  258
  245  233  227  221  221  217  220  223  234  240  247  243  240  235  232  231
  229  225  219  214  209  205  202  197  198  192  191  187  191  194  207  219
  237  249  267  284  308  318  338  341  353  349  357  352  355  357  359  355
  353  347  346  347  355  352  352  363  371                                   
    30.0-180.0 180.0   5.0 450.0                            LAT/LON1/LON2/DLON/H
  415  416  422  406  400  391  388  382  379  367  358  343  329  310  291  270
  255  240  232  226  224  224  228  237  249  259  264  261  255  247  242  237
  233  225  219  210  206  199  195  190  192  186  185  179  182  186  198  213
  230  244  259  273  297  311  329  344  360  364  375  379  386  388  391  388
  388  378  380  379  393  388  390  397  415                                   
    27.5-180.0 180.0   5.0 450.0                            LAT/LON1/LON2/DLON/H
  456  458  472  463  453  442  432  423  412  400  386  370  353  333  311  289
  268  250  237  229  229  231  240  252  266  275  280  273  265  255  246  238
  230  223  213  206  198  193  187  186  185  182  178  173  173  177  188  202
  222  232  249  265  288  303  325  338  364  370  389  394  405  408  415  412
  414  406  408  412  426  425  425  438  456                                   
    25.0-180.0 180.0   5.0 450.0                            LAT/LON1/LON2/DLON/H
  508  508  530  520  515  498  486  469  456  439  423  404  387  363  339  310
  283  259  244  234  235  241  254  270  284  294  295  289  277  266  251  239
  229  216  209  198  194  187  184  179  184  177  175  165  166  164  176  188
  209  220  241  252  277  297  322  341  365  380  395  405  419  430  437  442
  443  437  439  443  461  458  459  477  508                                   
    22.5-180.0 180.0   5.0 450.0                            LAT/LON1/LON2/DLON/H
  541  553  579  579  576  556  539  518  501  478  458  437  418  393  369  335
  306  278  255  244  243  252  268  286  301  307  304  293  278  263  248  232
  221  210  200  194  186  185  178  177  172  169  160  154  150  150  158  172
  193  209  230  245  273  292  322  342  372  383  403  412  431  442  457  460
  464  460  463  470  488  485  487  510  541                                   
    20.0-180.0 180.0   5.0 450.0                            LAT/LON1/LON2/DLON/H
  574  594  622  629  631  616  594  570  549  523  501  473  452  425  400  365
  330  297  269  253  254  267  285  304  313  317  308  294  275  258  240  221
  213  198  195  183  184  174  176  165  167  157  155  143  144  137  148  157
  183  195  219  232  265  292  320  345  372  384  399  413  437  456  470  483
  485  487  487  497  510  507  503  539  574                                   
    17.5-180.0 180.0   5.0 450.0                            LAT/LON1/LON2/DLON/H
  585  614  644  652  665  651  638  610  589  559  537  510  482  453  425  391
  354  319  287  270  269  284  300  316  323  316  300  276  254  233  216  200
  189  180  172  171  167  167  159  152  146  141  133  129  125  126  132  148
  171  190  213  234  270  295  332  353  382  388  405  417  442  458  481  487
  496  498  502  509  524  518  513  550  585                                   
    15.0-180.0 180.0   5.0 450.0                            LAT/LON1/LON2/DLON/H
  590  621  648  663  672  673  658  641  615  589  566  537  510  474  447  411
  379  338  307  289  289  302  314  325  321  311  288  260  235  213  201  181
  177  164  169  163  167  160  158  146  145  136  134  125  125  119  127  134
  161  178  209  233  271  302  333  358  380  391  406  427  449  474  494  510
  512  520  521  531  538  530  517  559  590                                   
    12.5-180.0 180.0   5.0 450.0                            LAT/LON1/LON2/DLON/H
  581  609  636  642  660  657  657  638  623  594  576  548  519  487  456  425
  391  355  325  310  307  316  321  321  311  289  260  229  205  186  176  164
  156  154  153  157  155  153  144  138  129  125  120  117  114  113  116  128
  150  175  207  236  277  305  343  365  391  399  420  436  461  481  506  518
  525  530  538  539  548  535  525  562  581                                   
    10.0-180.0 180.0   5.0 450.0                            LAT/LON1/LON2/DLON/H
  577  600  618  630  638  643  638  630  612  591  571  547  523  489  462  429
  400  366  342  329  325  326  321  313  290  261  230  199  181  166  161  152
  150  146  149  147  144  141  132  127  121  116  118  111  115  106  111  114
  140  159  197  229  271  306  341  370  393  408  432  457  478  504  526  541
  542  551  556  559  561  548  528  568  577                                   
     7.5-180.0 180.0   5.0 450.0                            LAT/LON1/LON2/DLON/H
  573  594  607  608  618  613  614  600  589  566  552  530  507  480  450  423
  393  367  347  337  331  325  311  289  257  224  192  167  153  147  147  144
