data/unet/pred2700.15i
     1.0            IONOSPHERE MAPS     GNSS                IONEX VERSION / TYPE
pyspatialgeodesy        IME             05-JAN-18 20:20     PGM / RUN BY / DATE 
Map Name                                                    COMMENT             
Predicted global ionosphere maps (GIM).                     DESCRIPTION         
  2015     9    27     0     0     0                        EPOCH OF FIRST MAP  
  2015     9    28     0     0     0                        EPOCH OF LAST MAP   
  7200                                                      INTERVAL            
    13                                                      # OF MAPS IN FILE   
  NONE                                                      MAPPING FUNCTION    
10.0                                                        ELEVATION CUTOFF    
One-way carrier phase leveled to code                       OBSERVABLES USED    
  6371.0                                                    BASE RADIUS         
 2                                                          MAP DIMENSION       
   450.0 450.0   0.0                                        HGT1 / HGT2 / DHGT  
    87.5 -87.5  -2.5                                        LAT1 / LAT2 / DLAT  
  -180.0 180.0   5.0                                        LON1 / LON2 / DLON  
    -1                                                      EXPONENT            
                                                            END OF HEADER       
[from data line 858]
     3                                                      START OF TEC MAP    
  2015     9    27     4     0     0                        EPOCH OF CURRENT MAP
    87.5-180.0 180.0   5.0 450.0                            LAT/LON1/LON2/DLON/H
   96  113  100   97   96   92   93   92   94   93   93   93   92   93   92   93
   92   93   92   93   91   92   90   91   89   91   89   90   88   90   88   90
   89   91   91   92   92   94   94   95   97   97  100   99  102  102  104  104
  105  105  106  106  107  107  107  106  107  107  107  106  106  105  105  104
  105  103  104  103  105  102  119  115   96                                   
    85.0-180.0 180.0   5.0 450.0                            LAT/LON1/LON2/DLON/H
  115  113   95  100   96   94   93   95   93   95   92   95   92   95   91   94
   89   93   88   90   85   88   83   85   81   83   79   82   78   81   79   82
   81   84   83   87   87   90   90   93   94   97   98  100  102  105  105  107
  108  110  110  111  111  112  111  112  112  112  111  111  111  110  109  108
  108  107  106  106  105  104  116  124  115                                   
    82.5-180.0 180.0   5.0 450.0                            LAT/LON1/LON2/DLON/H
  107   95   97   99   92   89   89   90   91   91   90   91   90   90   89   88
   86   84   82   79   76   73   71   67   66   62   63   59   61   58   61   60
   63   64   68   70   73   76   79   82   85   89   91   96   97  102  104  108
  110  112  114  115  117  118  119  119  120  119  119  117  117  115  114  112
  112  110  110  109  110  106  122  115  107                                   
    80.0-180.0 180.0   5.0 450.0                            LAT/LON1/LON2/DLON/H
  115  109  108  108  104  102  102  103  102  102  101  102  101  100   99   98
   95   93   89   86   81   78   73   70   65   63   60   58   58   58   60   61
   64   66   71   73   78   81   85   88   91   95   98  102  106  109  113  117
  121  123  127  128  131  132  134  133  134  133  133  131  131  128  127  125
  124  122  122  122  121  115  127  122  115                                   
    77.5-180.0 180.0   5.0 450.0                            LAT/LON1/LON2/DLON/H
  121  113  110  112  104  101   99  100   98   99   97   99   96   98   95   96
   92   91   87   85   79   77   70   67   60   58   53   52   49   50   51   54
   56   60   64   69   72   76   80   83   86   89   93   98  101  106  113  118
  125  130  135  138  142  143  145  144  145  143  142  140  138  136  134  133
  132  131  131  132  131  125  134  126  121                                   
    75.0-180.0 180.0   5.0 450.0                            LAT/LON1/LON2/DLON/H
  123  121  116  115  106  102  100   97   96   94   94   93   93   92   92   89
   89   86   86   80   78   72   69   62   59   53   51   46   47   45   48   48
   53   55   60   62   67   69   74   76   81   82   89   90   97  101  108  115
  123  130  137  141  146  147  151  151  153  150  149  146  145  142  140  139
  138  139  140  141  140  135  141  135  123                                   
    72.5-180.0 180.0   5.0 450.0                            LAT/LON1/LON2/DLON/H
  134  125  122  118  106  100   95   93   88   87   85   85   83   84   84   84
   83   83   81   79   76   73   69   64   60   56   52   48   46   45   46   47
   50   53   56   59   62   65   67   70   73   76   80   85   89   95  105  112
  122  129  138  144  150  153  158  159  161  159  157  154  152  149  146  146
  145  147  148  151  151  151  154  147  134                                   
    70.0-180.0 180.0   5.0 450.0                            LAT/LON1/LON2/DLON/H
  140  135  133  126  110  103   98   92   88   83   81   78   78   75   76   74
   77   75   79   75   76   71   70   64   63   57   55   51   49   47   47   47
   50   50   54   54   57   57   60   60   64   66   72   76   83   92  101  110
  119  129  139  146  152  156  160  163  165  164  162  159  157  154  151  151
  152  153  158  161  163  161  166  158  140                                   
    67.5-180.0 180.0   5.0 450.0                            LAT/LON1/LON2/DLON/H
  153  142  142  133  116  106   97   91   84   80   74   72   68   68   65   67
   67   70   70   73   71   70   66   65   60   58   54   53   50   49   47   47
   47   48   48   50   50   51   51   53   55   58   63   70   78   88   98  108
  118  128  138  144  152  155  161  163  166  164  162  159  158  154  151  151
  152  157  162  170  172  173  176  168  153                                   
    65.0-180.0 180.0   5.0 450.0                            LAT/LON1/LON2/DLON/H
  157  151  150  140  121  112  102   95   88   81   76   71   67   63   61   62
   63   66   69   71   72   70   69   66   64   60   59   55   54   51   49   46
   45   44   44   43   43   42   44   44   49   52   59   67   77   90   99  111
  119  132  138  147  152  158  161  165  166  168  164  160  159  155  153  151
  152  155  163  169  175  174  180  176  157                                   
    62.5-180.0 180.0   5.0 450.0                            LAT/LON1/LON2/DLON/H
  165  156  155  144  127  116  106   99   90   84   75   70   64   61   55   57
   57   63   64   68   67   68   65   64   61   59   57   56   54   52   48   45
   43   41   39   39   38   39   39   42   45   51   58   68   79   92  101  112
  122  131  140  145  152  156  162  165  169  168  165  161  160  156  152  150
  149  153  158  167  173  178  183  179  165                                   
    60.0-180.0 180.0   5.0 450.0                            LAT/LON1/LON2/DLON/H
  165  157  156  146  130  119  110  103   96   87   80   72   66   59   55   55
   57   59   63   65   67   64   64   61   61   58   58   56   56   50   47   43
   41   37   35   35   35   35   37   40   46   52   61   74   86   99  107  119
  126  137  142  150  154  161  164  170  173  175  171  168  168  163  160  155
  154  154  158  163  170  170  180  179  165                                   
    57.5-180.0 180.0   5.0 450.0                            LAT/LON1/LON2/DLON/H
  168  157  158  149  133  123  114  108  100   92   83   75   68   63   57   57
   58   61   62   64   62   62   58   58   56   57   55   57   54   51   46   43
   40   38   36   37   37   39   41   45   50   58   67   80   93  105  114  125
  132  140  148  154  161  167  173  178  183  185  182  182  179  176  171  166
  161  159  159  163  167  171  176  176  168                                   
    55.0-180.0 180.0   5.0 450.0                            LAT/LON1/LON2/DLON/H
  169  161  160  152  138  129  120  112  105   95   88   78   72   64   60   58
   60   60   62   59   60   55   54   51   53   52   54   54   54   51   47   44
   42   41   41   43   44   45   48   51   58   65   76   89  102  114  123  134
  140  149  155  165  171  180  185  192  196  198  196  195  194  191  187  181
  175  170  169  168  169  168  176  177  169                                   
    52.5-180.0 180.0   5.0 450.0                            LAT/LON1/LON2/DLON/H
  172  165  166  159  146  138  128  118  109  100   90   82   74   68   63   61
   61   61   60   58   55   52   50   51   52   55   55   58   56   54   49   47
   46   48   50   53   55   57   59   62   67   74   84   98  110  123  132  143
  150  161  169  180  187  196  202  208  211  213  210  210  208  207  203  198
  190  186  181  179  177  177  180  178  172                                   
    50.0-180.0 180.0   5.0 450.0                            LAT/LON1/LON2/DLON/H
  179  175  174  169  159  152  141  127  116  103   95   84   79   70   67   62
   64   59   61   54   56   50   52   51   57   58   62   62   62   58   56   53
   54   56   60   65   68   70   71   72   76   83   93  106  118  133  142  155
  164  177  186  197  206  214  219  223  226  226  224  223  223  221  218  214
  208  204  199  196  192  185  190  187  179                                   
    47.5-180.0 180.0   5.0 450.0                            LAT/LON1/LON2/DLON/H
  188  184  186  181  170  165  153  139  123  110   98   88   81   74   70   65
   64   60   60   55   56   54   58   60   65   68   70   71   69   66   63   62
   62   67   71   76   80   82   82   83   85   91   99  113  128  143  155  169
  181  195  205  217  223  231  233  238  236  237  232  233  231  231  228  225
  221  218  214  211  207  201  199  193  188                                   
    45.0-180.0 180.0   5.0 450.0                            LAT/LON1/LON2/DLON/H
  198  196  195  191  185  179  168  154  134  116  104   92   87   78   75   67
   67   60   61   57   62   62   69   72   79   80   82   79   77   73   71   70
   72   76   81   87   90   92   91   91   92   98  108  123  138  155  169  187
  200  215  227  235  241  246  248  249  248  246  242  240  238  238  234  234
  231  231  227  225  221  211  211  206  198                                   
    42.5-180.0 180.0   5.0 450.0                            LAT/LON1/LON2/DLON/H
  207  204  205  202  193  190  178  165  143  124  110  100   92   86   80   72
   69   63   64   63   70   74   84   88   92   92   89   86   82   78   75   75
   77   82   87   93   96   97   96   96   98  105  116  134  151  168  185  203
  218  233  243  252  255  259  256  257  253  252  244  243  240  240  237  237
  235  237  235  234  232  224  221  216  207                                   
    40.0-180.0 180.0   5.0 450.0                            LAT/LON1/LON2/DLON/H
  215  214  212  209  203  197  186  172  152  133  119  108  101   92   88   79
   75   70   72   73   82   90   98  102  104  100   96   90   86   81   79   78
   81   85   90   94   97   99   98   99  103  111  125  144  162  184  199  219
  234  248  258  264  266  266  265  264  262  260  255  253  249  246  242  241
  239  241  241  242  240  231  231  228  215                                   
    37.5-180.0 180.0   5.0 450.0                            LAT/LON1/LON2/DLON/H
  225  221  219  215  202  199  186  175  157  141  127  118  110  104   97   89
   86   80   84   85   98  104  110  112  110  106   97   92   85   81   79   78
   81   84   89   92   95   98   99  101  107  117  136  155  174  193  210  228
  243  255  264  268  269  270  270  273  273  274  269  268  262  257  250  247
  243  244  244  246  243  239  239  238  225                                   
    35.0-180.0 180.0   5.0 450.0                            LAT/LON1/LON2/DLON/H
  235  229  224  215  205  198  186  174  159  145  132  124  119  112  108  102
  100   96   99  103  110  116  118  118  114  106   99   91   86   81   80   78
   80   82   85   88   91   95   97  102  110  123  143  164  182  201  216  233
  246  256  264  268  270  272  276  283  290  294  295  294  288  280  270  261
  254  253  251  252  249  244  248  248  235                                   
    32.5-180.0 180.0   5.0 450.0                            LAT/LON1/LON2/DLON/H
  255  240  233  220  201  193  179  170  156  146  136  130  125  121  117  113
  112  109  114  114  120  121  122  121  113  107   98   92   87   81   81   78
   81   81   84   86   90   95   99  105  114  127  150  170  188  202  217  228
  242  249  257  259  267  272  285  297  311  321  327  328  324  313  299  285
  275  268  264  262  256  255  257  265  255                                   
    30.0-180.0 180.0   5.0 450.0                            LAT/LON1/LON2/DLON/H
  280  258  245  227  207  193  179  168  157  146  137  132  129  125  124  122
  122  122  123  124  124  124  121  117  113  106  101   96   92   87   86   82
   83   82   82   85   88   93   99  105  115  127  147  170  187  200  210  222
  232  240  248  256  266  279  298  316  337  353  364  369  364  355  339  321
  306  297  290  285  277  275  280  282  280                                   
    27.5-180.0 180.0   5.0 450.0                            LAT/LON1/LON2/DLON/H
  320  287  269  245  220  204  184  172  157  148  138  133  129  128  126  125
  127  126  128  125  125  121  118  116  112  110  108  105  101   95   92   90
   89   87   86   86   86   93   98  105  114  126  144  162  179  189  199  208
  219  226  240  251  271  290  312  335  361  384  400  408  407  397  381  363
  347  334  327  317  308  307  309  316  320                                   
    25.0-180.0 180.0   5.0 450.0                            LAT/LON1/LON2/DLON/H
  363  332  301  273  247  228  206  187  171  156  146  136  133  129  128  127
  128  128  127  124  118  116  114  114  117  118  120  119  115  108  107  102
  101   98   95   93   88   92   95  101  108  117  132  153  168  181  190  201
  211  223  241  262  285  310  333  361  385  410  429  441  443  437  424  408
  392  381  375  362  352  357  361  361  363                                   
    22.5-180.0 180.0   5.0 450.0                            LAT/LON1/LON2/DLON/H
  410  381  346  317  285  263  237  215  193  175  159  146  137  133  128  127
  126  124  122  117  112  111  112  119  128  136  141  140  135  127  121  117
  111  106  100   95   88   88   91   95  101  110  123  141  160  173  187  198
  215  230  254  279  308  335  362  393  417  440  457  469  475  474  465  453
  437  427  421  411  402  413  407  410  410                                   
    20.0-180.0 180.0   5.0 450.0                            LAT/LON1/LON2/DLON/H
  455  432  396  369  342  318  283  256  230  207  186  164  154  142  137  130
  128  121  117  111  107  109  117  130  147  160  165  164  157  147  138  129
  121  115  107  101   91   90   87   91   92   99  115  129  153  168  187  199
  223  242  273  299  329  358  389  419  439  464  477  489  499  502  500  491
  481  473  469  462  458  468  468  457  455                                   
    17.5-180.0 180.0   5.0 450.0                            LAT/LON1/LON2/DLON/H
  483  461  433  410  391  371  334  304  274  246  222  199  178  163  150  141
  133  124  118  112  111  117  129  151  171  186  191  190  181  166  153  138
  127  118  108  100   90   85   84   83   86   92  108  124  151  169  192  209
  239  262  292  319  350  384  415  443  462  484  491  507  515  520  519  516
  508  507  505  502  503  513  508  493  483                                   
    15.0-180.0 180.0   5.0 450.0                            LAT/LON1/LON2/DLON/H
  509  489  462  443  434  417  390  363  330  300  270  240  219  195  178  162
  151  138  130  125  126  134  154  176  199  213  215  209  194  177  160  145
  130  121  108  100   88   85   77   79   79   86  103  118  149  168  196  217
  251  276  310  338  372  405  432  456  473  490  499  512  520  526  530  531
  532  531  538  537  542  548  554  526  509                                   
    12.5-180.0 180.0   5.0 450.0                            LAT/LON1/LON2/DLON/H
  524  506  487  472  462  451  430  410  384  354  320  292  263  240  218  198
  181  166  155  152  153  166  184  207  229  239  235  224  207  184  167  147
  134  121  110   98   89   82   77   74   77   82   99  119  151  173  204  228
  265  291  321  353  386  414  434  452  467  483  490  504  513  522  529  538
  542  550  554  558  562  572  570  548  524                                   
    10.0-180.0 180.0   5.0 450.0                            LAT/LON1/LON2/DLON/H
  536  525  512  495  492  481  466  450  432  411  380  346  313  287  261  241
  221  206  196  190  193  198  216  234  253  252  240  221  201  181  162  146
  132  121  106   96   82   80   71   73   74   82   97  120  152  176  208  235
  273  302  336  367  398  417  432  448  463  479  487  500  508  515  526  536
  547  553  565  569  579  582  592  567  536                                   
     7.5-180.0 180.0   5.0 450.0                            LAT/LON1/LON2/DLON/H
  544  542  532  521  515  506  491  477  463  444  419  388  351  325  304  284
  263  248  238  232  229  233  243  257  264  256  236  216  198  179  164  146
