data/unet/pred0720.15i
     1.0            IONOSPHERE MAPS     GNSS                IONEX VERSION / TYPE
pyspatialgeodesy        IME             05-JAN-18 20:20     PGM / RUN BY / DATE 
Map Name                                                    COMMENT             
Predicted global ionosphere maps (GIM).                     DESCRIPTION         
  2015     3    13     0     0     0                        EPOCH OF FIRST MAP  
  2015     3    14     0     0     0                        EPOCH OF LAST MAP   
  7200                                                      INTERVAL            
    13                                                      # OF MAPS IN FILE   
  NONE                                                      MAPPING FUNCTION    
10.0                                                        ELEVATION CUTOFF    
One-way carrier phase leveled to code                       OBSERVABLES USED    
  6371.0                                                    BASE RADIUS         
 2                                                          MAP DIMENSION       
   450.0 450.0   0.0                                        HGT1 / HGT2 / DHGT  
    87.5 -87.5  -2.5                                        LAT1 / LAT2 / DLAT  
  -180.0 180.0   5.0                                        LON1 / LON2 / DLON  
    -1                                                      EXPONENT            
                                                            END OF HEADER       
[from data line 429]
     2                                                      START OF TEC MAP    
  2015     3    13     2     0     0                        EPOCH OF CURRENT MAP
    87.5-180.0 180.0   5.0 450.0                            LAT/LON1/LON2/DLON/H
  168  172  168  167  165  164  163  162  163  161  161  160  161  160  160  159
  160  159  157  156  156  153  152  148  149  145  144  139  141  135  136  131
  134  129  131  126  131  126  130  125  131  128  133  131  136  136  140  140
  145  146  149  150  153  154  157  157  161  161  165  164  167  167  169  169
  170  170  170  171  174  174  177  189  168                                   
    85.0-180.0 180.0   5.0 450.0                            LAT/LON1/LON2/DLON/H
  163  170  160  163  164  160  161  159  160  159  160  159  161  159  162  159
  162  158  158  155  155  150  149  144  143  138  135  130  130  125  124  120
  121  118  118  117  118  118  119  119  121  121  123  124  126  127  130  131
  135  135  140  140  145  144  150  149  155  154  160  159  164  163  167  165
  169  167  170  169  174  168  176  183  163                                   
    82.5-180.0 180.0   5.0 450.0                            LAT/LON1/LON2/DLON/H
  166  164  167  169  166  162  163  162  164  163  164  165  167  168  169  168
  168  165  164  160  157  152  148  142  137  130  125  119  117  112  109  106
  106  104  105  105  108  108  110  111  114  115  118  120  122  123  127  128
  133  134  138  140  143  144  149  150  154  155  161  162  167  167  173  172
  178  176  180  178  184  176  181  182  166                                   
    80.0-180.0 180.0   5.0 450.0                            LAT/LON1/LON2/DLON/H
  173  167  169  167  167  161  163  160  163  162  166  167  171  172  173  173
  172  170  166  161  157  149  143  135  129  120  113  105  101   95   92   88
   90   87   90   89   94   94   99  100  106  106  111  112  116  116  121  122
  128  127  135  134  141  142  149  152  158  161  167  171  177  181  187  189
  194  194  196  195  198  189  188  192  173                                   
    77.5-180.0 180.0   5.0 450.0                            LAT/LON1/LON2/DLON/H
  187  182  180  178  172  167  164  163  163  165  167  170  172  176  175  176
  172  171  164  160  152  145  136  129  119  113  103   98   90   87   81   81
   78   81   80   84   85   91   92   98   99  103  104  108  107  111  111  117
  117  123  124  131  134  140  146  154  158  167  172  181  187  194  200  207
  210  214  215  216  215  211  208  211  187                                   
    75.0-180.0 180.0   5.0 450.0                            LAT/LON1/LON2/DLON/H
  201  195  192  186  178  168  166  163  164  165  168  170  172  173  172  169
  167  161  156  148  143  133  127  117  111  103   96   90   85   80   78   75
   76   75   79   80   84   87   91   93   97   98  102  101  103  102  105  104
  108  110  115  119  125  133  141  150  157  167  176  185  194  202  210  217
  225  231  233  236  236  233  228  231  201                                   
    72.5-180.0 180.0   5.0 450.0                            LAT/LON1/LON2/DLON/H
  223  218  212  202  190  179  174  170  170  170  172  172  172  170  164  160
  152  147  138  132  125  119  112  107  101   97   91   87   82   80   76   75
   74   75   76   79   81   85   87   89   90   91   92   92   91   91   93   94
   96   99  103  109  116  124  134  143  153  163  173  182  192  200  210  218
  229  236  244  250  254  252  249  255  223                                   
    70.0-180.0 180.0   5.0 450.0                            LAT/LON1/LON2/DLON/H
  241  236  229  219  206  194  186  180  178  178  178  178  175  169  160  151
  141  131  123  115  112  106  106  100  100   95   93   89   87   84   82   79
   79   78   79   79   81   82   84   84   84   84   84   83   81   81   82   85
   86   92   96  103  110  120  132  144  155  166  175  184  193  200  208  216
  227  236  246  255  264  266  266  273  241                                   
    67.5-180.0 180.0   5.0 450.0                            LAT/LON1/LON2/DLON/H
  258  254  244  232  217  205  197  191  188  187  186  183  176  165  152  139
  125  115  106  102  100  100  100  100  100   99   98   97   93   91   86   84
   78   77   74   75   74   74   74   73   72   70   69   67   66   66   68   71
   77   83   91  100  110  122  135  149  161  174  182  190  197  200  206  211
  221  229  242  253  266  271  277  286  258                                   
    65.0-180.0 180.0   5.0 450.0                            LAT/LON1/LON2/DLON/H
  268  264  254  240  222  211  201  197  195  194  193  188  179  166  151  134
  120  107  101   95   98   96  103  101  106  103  104  101   99   95   90   84
   80   74   71   68   67   66   65   63   62   61   59   58   56   58   59   66
   71   82   91  103  116  131  148  163  178  189  197  203  209  209  211  213
  220  227  238  248  262  270  280  289  268                                   
    62.5-180.0 180.0   5.0 450.0                            LAT/LON1/LON2/DLON/H
  273  270  256  240  223  209  203  197  198  197  197  191  181  165  149  133
  117  108  101  101  102  106  108  109  110  109  107  104  100   96   88   82
   74   68   62   59   57   55   54   53   53   51   51   48   48   49   52   59
   68   79   91  106  122  141  160  178  194  207  214  221  225  224  223  222
  226  228  236  243  255  263  277  288  273                                   
    60.0-180.0 180.0   5.0 450.0                            LAT/LON1/LON2/DLON/H
  274  271  259  240  221  208  196  194  192  194  193  190  181  168  153  139
  128  119  115  112  116  114  118  114  115  110  107  103   99   92   85   76
   69   60   55   51   49   48   48   49   50   50   50   50   49   50   52   61
   70   83   97  115  134  154  175  193  211  223  233  239  245  242  241  237
  238  236  240  243  251  259  273  282  274                                   
    57.5-180.0 180.0   5.0 450.0                            LAT/LON1/LON2/DLON/H
  278  277  261  242  224  208  198  190  189  189  189  186  180  168  157  147
  140  135  131  131  130  130  127  122  116  111  105  101   95   89   82   73
   66   57   52   47   47   46   50   50   55   54   55   52   52   52   55   63
   74   87  104  123  144  167  187  210  228  245  254  264  269  270  269  264
  264  259  258  254  258  259  271  279  278                                   
    55.0-180.0 180.0   5.0 450.0                            LAT/LON1/LON2/DLON/H
  286  286  273  250  231  215  199  192  185  183  181  180  175  170  161  157
  154  151  148  145  143  137  131  123  115  108  102   97   93   87   81   72
   65   58   54   52   52   54   58   61   65   66   67   65   63   63   65   72
   82   96  114  134  156  177  200  221  242  258  272  282  291  297  298  297
  295  289  285  275  273  272  280  284  286                                   
    52.5-180.0 180.0   5.0 450.0                            LAT/LON1/LON2/DLON/H
  305  307  294  275  257  237  221  206  197  187  182  176  173  167  163  163
  163  163  159  156  149  143  133  124  115  108  102   98   94   89   84   77
   72   65   63   61   63   65   72   75   79   79   79   75   72   71   73   80
   90  105  123  144  164  188  207  232  251  272  285  300  311  319  325  328
  330  326  323  310  306  295  296  297  305                                   
    50.0-180.0 180.0   5.0 450.0                            LAT/LON1/LON2/DLON/H
  331  331  325  307  289  267  246  227  212  198  186  178  170  169  165  170
  169  169  164  158  149  141  132  124  116  110  105  102   98   94   90   84
   80   76   75   75   78   83   89   92   96   94   96   91   89   86   89   92
  103  115  134  154  175  195  217  239  261  279  294  308  322  332  339  345
  351  351  351  342  338  326  319  315  331                                   
    47.5-180.0 180.0   5.0 450.0                            LAT/LON1/LON2/DLON/H
  355  362  357  347  330  310  285  261  239  218  201  184  176  169  167  168
  168  166  160  154  146  141  134  129  123  119  115  111  107  102   96   91
   89   87   88   88   92   96  102  104  107  105  105  100   98   96   98  103
  113  126  146  166  185  206  224  248  267  286  298  314  327  338  348  357
  366  371  375  371  369  355  341  336  355                                   
    45.0-180.0 180.0   5.0 450.0                            LAT/LON1/LON2/DLON/H
  376  385  386  381  369  349  324  293  266  238  216  198  185  178  172  173
  167  165  156  152  145  143  141  139  137  132  127  122  115  108  101   95
   93   92   95   96  102  108  115  116  120  116  118  112  112  109  113  115
  126  137  158  177  197  215  235  256  275  291  305  319  330  340  349  360
  370  381  387  391  389  384  361  354  376                                   
    42.5-180.0 180.0   5.0 450.0                            LAT/LON1/LON2/DLON/H
  382  390  391  395  389  377  353  327  294  265  239  218  204  192  184  177
  169  161  153  150  149  154  155  158  154  150  141  133  120  109   99   94
   93   94   98  100  109  114  121  123  125  122  121  118  120  120  123  127
  137  151  171  191  212  231  250  270  288  303  314  324  334  340  351  359
  373  384  397  402  407  402  380  372  382                                   
    40.0-180.0 180.0   5.0 450.0                            LAT/LON1/LON2/DLON/H
  391  393  391  395  395  388  373  350  319  286  260  235  220  208  197  187
  177  167  160  160  163  170  177  177  175  162  150  134  120  105   95   87
   89   89   95  100  110  118  127  129  134  129  131  128  132  131  136  138
  150  163  183  205  226  247  264  283  300  314  324  334  340  349  355  364
  377  390  401  412  419  424  403  386  391                                   
    37.5-180.0 180.0   5.0 450.0                            LAT/LON1/LON2/DLON/H
  393  388  381  380  382  379  372  357  333  307  279  256  241  226  213  202
  190  179  173  175  181  192  195  194  185  170  151  132  116  101   90   86
   85   87   94   98  111  119  130  135  137  135  136  137  139  140  142  145
  153  168  188  210  234  255  275  292  312  326  339  346  353  359  367  378
  389  403  415  426  439  442  421  403  393                                   
    35.0-180.0 180.0   5.0 450.0                            LAT/LON1/LON2/DLON/H
  409  395  380  368  368  366  365  356  342  320  297  273  257  241  227  214
  203  194  191  194  201  207  208  198  187  166  148  127  116  102   99   93
   97   96  103  107  117  128  139  144  147  144  146  145  148  145  146  146
  154  165  184  209  232  257  277  297  317  339  352  366  376  390  398  410
  418  427  436  448  463  474  455  430  409                                   
    32.5-180.0 180.0   5.0 450.0                            LAT/LON1/LON2/DLON/H
  438  419  398  375  367  359  360  352  343  329  310  291  272  255  238  224
  214  207  203  207  209  214  208  196  179  160  147  135  131  125  123  123
  124  123  124  125  131  137  149  153  154  152  151  151  150  146  141  139
  143  155  173  198  223  247  270  293  317  343  362  384  402  421  435  451
  458  466  470  481  498  507  497  471  438                                   
    30.0-180.0 180.0   5.0 450.0                            LAT/LON1/LON2/DLON/H
  504  481  451  415  394  380  373  364  354  338  321  304  284  264  246  230
  221  212  210  209  210  207  200  183  169  155  154  151  160  157  163  159
  163  160  162  155  155  155  162  164  162  160  156  154  152  144  138  133
  135  146  165  191  217  244  267  292  316  351  374  403  432  461  481  499
  512  518  524  532  549  560  558  542  504                                   
    27.5-180.0 180.0   5.0 450.0                            LAT/LON1/LON2/DLON/H
  590  563  528  483  452  426  411  393  382  359  341  319  297  274  251  236
  223  214  207  201  195  190  181  172  166  168  179  193  204  209  212  210
  207  203  198  190  181  176  177  173  170  162  157  151  144  135  124  118
  120  130  154  180  211  237  268  296  324  359  386  424  458  497  523  551
  566  577  583  595  609  619  621  625  590                                   
    25.0-180.0 180.0   5.0 450.0                            LAT/LON1/LON2/DLON/H
  708  706  660  610  567  528  490  462  438  410  379  350  319  286  256  235
  221  206  196  183  174  167  166  166  178  190  220  236  261  257  264  251
  246  236  232  217  208  194  188  180  168  162  151  144  134  125  114  109
  111  126  153  189  223  255  287  314  344  378  406  449  486  533  575  612
  630  647  652  671  688  709  714  724  708                                   
    22.5-180.0 180.0   5.0 450.0                            LAT/LON1/LON2/DLON/H
  816  831  788  744  698  655  606  559  521  478  441  397  364  317  278  248
  226  207  190  174  162  159  167  184  209  239  280  311  330  333  326  312
  294  279  257  241  221  208  194  180  165  155  142  131  120  109  102   95
  104  116  150  183  226  257  299  323  358  387  424  464  501  553  597  646
  672  702  716  738  754  780  796  811  816                                   
    20.0-180.0 180.0   5.0 450.0                            LAT/LON1/LON2/DLON/H
  913  942  928  898  858  800  747  700  649  594  537  483  430  381  328  284
  249  220  196  176  166  173  196  230  279  329  375  402  418  401  387  354
  339  307  287  255  231  209  187  174  155  145  131  122  113  105   99   96
  105  124  160  199  240  279  315  346  376  412  446  486  523  572  622  670
  708  751  771  799  813  832  859  882  913                                   
    17.5-180.0 180.0   5.0 450.0                            LAT/LON1/LON2/DLON/H
  962 1006 1021 1023  989  937  875  818  758  703  640  577  518  459  401  348
  304  266  236  214  209  224  263  320  380  429  470  489  489  461  423  387
  356  331  298  262  230  205  182  165  146  130  115  104   99   93   92   91
  106  129  171  212  259  295  334  369  406  437  472  507  543  587  630  680
  718  769  798  825  843  868  876  916  962                                   
    15.0-180.0 180.0   5.0 450.0                            LAT/LON1/LON2/DLON/H
  973 1021 1058 1075 1064 1019  980  929  877  809  742  684  626  566  505  446
  392  348  313  293  291  329  378  443  497  532  555  550  533  478  429  379
  353  318  288  249  218  193  174  156  135  118  112  106  100   99   96   98
  113  144  188  229  274  305  348  382  420  458  495  527  567  608  653  689
  728  774  804  837  855  871  877  926  973                                   
    12.5-180.0 180.0   5.0 450.0                            LAT/LON1/LON2/DLON/H
  937  997 1048 1084 1086 1064 1038  995  954  893  830  772  716  668  605  552
  496  455  422  410  420  462  509  564  597  606  589  559  509  449  392  355
  325  297  261  233  205  184  168  148  126  106  104  101  100   96   98  100
  122  154  201  241  280  314  355  395  439  477  514  550  583  624  653  688
  719  759  792  822  842  863  856  904  937                                   
    10.0-180.0 180.0   5.0 450.0                            LAT/LON1/LON2/DLON/H
  886  935  991 1053 1070 1063 1056 1030 1005  962  907  858  806  754  703  657
  611  576  555  549  570  607  650  680  680  641  596  532  459  391  343  310
  293  265  243  217  194  176  168  146  131  114  116  116  108  107  103  106
  128  161  205  239  276  313  358  400  445  486  525  560  595  629  666  691
  721  753  780  807  828  840  838  881  886                                   
     7.5-180.0 180.0   5.0 450.0                            LAT/LON1/LON2/DLON/H
  824  869  922  977 1012 1023 1028 1028 1013  982  945  907  863  821  770  733
  697  682  669  680  701  734  753  744  689  617  538  462  391  338  302  284
