data/unet/pred3600.15i
     1.0            IONOSPHERE MAPS     GNSS                IONEX VERSION / TYPE
pyspatialgeodesy        IME             05-JAN-18 20:20     PGM / RUN BY / DATE 
Map Name                                                    COMMENT             
Predicted global ionosphere maps (GIM).                     DESCRIPTION         
  2015    12    26     0     0     0                        EPOCH OF FIRST MAP  
  2015    12    27     0     0     0                        EPOCH OF LAST MAP   
  7200                                                      INTERVAL            
    13                                                      # OF MAPS IN FILE   
  NONE                                                      MAPPING FUNCTION    
10.0                                                        ELEVATION CUTOFF    
One-way carrier phase leveled to code                       OBSERVABLES USED    
  6371.0                                                    BASE RADIUS         
 2                                                          MAP DIMENSION       
   450.0 450.0   0.0                                        HGT1 / HGT2 / DHGT  
    87.5 -87.5  -2.5                                        LAT1 / LAT2 / DLAT  
  -180.0 180.0   5.0                                        LON1 / LON2 / DLON  
    -1                                                      EXPONENT            
                                                            END OF HEADER       
[from data line 5148]
    13                                                      START OF TEC MAP    
  2015    12    27     0     0     0                        EPOCH OF CURRENT MAP
    87.5-180.0 180.0   5.0 450.0                            LAT/LON1/LON2/DLON/H
  103   76   69   64   66   63   65   63   66   63   65   62   64   62   63   60
   62   59   62   58   61   57   60   57   59   56   59   56   58   56   58   56
   59   57   60   58   60   58   61   59   61   59   62   59   62   59   62   60
   63   61   64   61   65   62   65   62   66   63   66   62   66   63   65   62
   65   62   66   64   70   66   77   89  103                                   
    85.0-180.0 180.0   5.0 450.0                            LAT/LON1/LON2/DLON/H
   82   49   50   49   51   46   50   48   51   48   51   47   50   45   48   44
   46   41   44   39   42   36   40   34   37   32   35   31   34   30   34   31
   35   32   37   34   38   36   40   38   42   39   43   40   44   41   45   42
   47   44   48   45   49   45   50   46   50   46   50   45   49   45   49   45
   48   44   49   44   50   39   44   74   82                                   
    82.5-180.0 180.0   5.0 450.0                            LAT/LON1/LON2/DLON/H
   75   49   50   53   53   51   54   52   55   52   54   52   54   50   52   49
   51   47   49   45   45   41   41   37   37   33   34   31   31   29   31   30
   32   31   34   34   36   36   39   38   41   39   43   42   45   44   47   46
   49   48   51   49   52   49   51   49   51   48   50   47   49   46   48   45
   48   45   49   47   50   42   48   74   75                                   
    80.0-180.0 180.0   5.0 450.0                            LAT/LON1/LON2/DLON/H
   76   57   58   62   60   60   61   61   62   62   62   62   63   63   64   64
   64   63   63   61   59   57   55   51   48   45   43   41   39   38   38   38
   39   40   42   44   45   47   49   49   50   51   53   53   55   55   57   57
   59   58   59   59   59   57   57   55   55   53   53   51   51   50   50   50
   51   51   54   54   55   51   55   78   76                                   
    77.5-180.0 180.0   5.0 450.0                            LAT/LON1/LON2/DLON/H
   82   62   63   66   64   64   65   66   67   67   68   69   70   71   73   74
   75   74   74   73   71   68   66   62   58   54   51   48   45   44   44   45
   46   47   50   52   54   55   56   57   57   57   58   59   60   60   62   61
   62   61   61   60   59   57   56   54   52   50   50   48   48   47   48   48
   49   50   53   55   59   56   60   79   82                                   
    75.0-180.0 180.0   5.0 450.0                            LAT/LON1/LON2/DLON/H
   84   70   72   76   74   74   75   75   75   75   76   77   78   80   81   83
   84   85   85   85   82   81   77   73   69   64   61   57   54   53   53   53
   54   56   59   61   63   64   65   65   64   64   64   65   64   65   65   64
   64   63   62   60   58   56   54   51   49   47   46   45   45   45   46   48
   50   53   57   61   65   64   68   86   84                                   
    72.5-180.0 180.0   5.0 450.0                            LAT/LON1/LON2/DLON/H
   95   81   85   87   85   84   85   84   84   83   83   83   83   84   85   86
   86   87   87   87   85   84   82   78   74   70   67   63   60   59   59   59
   60   62   65   66   67   67   67   66   65   64   63   63   61   61   60   60
   59   58   57   55   53   50   47   45   43   41   40   39   40   41   42   45
   48   52   58   64   70   71   75   90   95                                   
    70.0-180.0 180.0   5.0 450.0                            LAT/LON1/LON2/DLON/H
  100   93   98  100   99   98   97   96   95   93   92   91   89   88   86   85
   84   84   83   83   82   82   81   79   75   72   69   66   64   62   62   62
   63   64   66   66   66   65   64   62   60   59   58   56   55   54   54   52
   52   50   50   48   46   43   41   39   37   36   36   36   37   38   41   45
   49   55   62   69   77   79   86  100  100                                   
    67.5-180.0 180.0   5.0 450.0                            LAT/LON1/LON2/DLON/H
  115  108  113  115  113  112  110  108  107  104  102   98   95   90   86   82
   78   77   75   75   74   75   75   75   73   72   70   68   65   64   63   63
   63   64   63   63   61   60   57   54   52   50   49   48   47   46   46   45
   45   44   43   41   40   38   37   34   34   32   34   34   36   38   42   46
   52   57   66   74   83   87   94  105  115                                   
    65.0-180.0 180.0   5.0 450.0                            LAT/LON1/LON2/DLON/H
  123  122  126  128  125  123  122  120  118  115  111  106  100   92   84   76
   71   66   65   63   64   65   67   67   67   67   66   65   64   63   61   61
   59   59   57   55   52   49   47   43   42   40   41   40   41   40   40   39
   39   38   38   36   36   34   33   32   32   32   34   36   39   43   47   52
   58   64   73   81   90   94  104  114  123                                   
    62.5-180.0 180.0   5.0 450.0                            LAT/LON1/LON2/DLON/H
  137  134  138  138  135  133  131  129  127  124  119  114  105   94   83   73
   65   59   56   54   55   55   57   58   59   59   59   60   58   58   55   54
   52   50   47   45   41   38   35   32   32   32   34   34   36   35   35   33
   33   32   32   32   32   31   32   31   32   32   36   38   44   48   55   59
   66   71   80   87   96  101  110  119  137                                   
    60.0-180.0 180.0   5.0 450.0                            LAT/LON1/LON2/DLON/H
  140  142  145  146  141  140  137  136  134  131  127  120  111   98   85   72
   62   54   50   47   47   46   48   48   50   50   51   52   52   51   49   47
   44   41   38   36   33   30   28   26   27   28   31   32   34   33   33   30
   29   28   28   28   30   30   31   31   33   34   39   43   51   56   64   69
   77   82   90   96  103  107  117  124  140                                   
    57.5-180.0 180.0   5.0 450.0                            LAT/LON1/LON2/DLON/H
  150  150  153  153  149  147  144  142  141  139  134  127  117  105   91   77
   65   56   50   45   44   42   42   41   43   43   44   45   45   44   42   40
   37   35   32   30   29   27   25   25   27   29   33   35   37   36   34   31
   29   27   28   28   31   31   34   33   36   37   43   48   58   65   74   80
   89   94  102  107  112  117  123  131  150                                   
    55.0-180.0 180.0   5.0 450.0                            LAT/LON1/LON2/DLON/H
  152  157  162  162  157  155  151  149  147  145  140  134  124  111   98   84
   72   61   53   46   42   38   37   35   36   36   39   39   41   40   39   37
   35   33   31   30   30   29   29   29   32   34   39   42   44   42   39   35
   32   30   30   31   34   35   37   37   40   42   48   55   66   75   85   93
  102  108  115  120  124  127  133  138  152                                   
    52.5-180.0 180.0   5.0 450.0                            LAT/LON1/LON2/DLON/H
  165  168  173  174  169  167  163  159  156  152  146  140  130  119  107   95
   83   71   61   53   46   42   38   35   35   36   38   39   41   41   40   38
   36   36   35   36   36   37   36   38   40   44   48   52   52   51   46   42
   38   35   35   37   40   41   43   42   44   45   53   60   73   83   95  104
  114  121  129  134  138  140  143  148  165                                   
    50.0-180.0 180.0   5.0 450.0                            LAT/LON1/LON2/DLON/H
  174  180  189  190  186  183  176  171  164  158  151  144  135  125  114  103
   92   80   69   59   51   45   40   37   37   37   39   41   44   44   43   42
   41   42   43   45   46   46   46   47   49   53   57   61   62   60   56   50
   46   43   43   45   47   48   50   48   50   52   60   69   82   93  105  115
  126  134  142  147  151  151  153  156  174                                   
    47.5-180.0 180.0   5.0 450.0                            LAT/LON1/LON2/DLON/H
  191  195  204  207  206  203  195  187  177  168  158  150  140  132  122  113
  102   91   79   69   61   55   49   47   45   46   47   49   50   50   49   49
   48   50   51   55   56   57   57   58   59   63   66   70   71   70   65   61
   56   53   53   54   56   57   58   56   57   60   67   77   90  102  114  124
  134  143  152  159  163  162  162  164  191                                   
    45.0-180.0 180.0   5.0 450.0                            LAT/LON1/LON2/DLON/H
  203  210  220  224  222  221  212  203  189  177  165  155  145  137  128  118
  108   96   85   75   68   63   58   56   54   54   54   55   56   56   55   54
   55   56   59   62   65   66   67   66   68   70   74   77   79   78   76   71
   68   65   65   65   67   67   67   65   67   68   76   85   98  109  120  129
  139  147  157  166  171  170  169  170  203                                   
    42.5-180.0 180.0   5.0 450.0                            LAT/LON1/LON2/DLON/H
  214  219  229  234  235  233  226  215  201  187  172  161  150  143  133  125
  113  102   90   82   77   74   70   68   65   64   62   61   61   61   59   58
   58   60   62   66   69   71   71   71   72   75   79   82   85   85   83   80
   77   75   74   74   75   74   74   72   74   76   84   93  105  114  125  132
  140  148  158  167  173  173  171  171  214                                   
    40.0-180.0 180.0   5.0 450.0                            LAT/LON1/LON2/DLON/H
  217  223  232  237  236  236  227  219  204  191  175  164  154  145  136  127
  116  104   94   87   84   83   81   78   74   69   65   63   62   61   59   57
   57   58   61   65   68   70   71   72   74   77   83   86   91   91   92   89
   87   84   83   82   82   82   82   80   83   85   94  102  114  121  130  134
  140  147  156  164  170  171  170  169  217                                   
    37.5-180.0 180.0   5.0 450.0                            LAT/LON1/LON2/DLON/H
  217  221  227  230  230  228  222  215  202  191  176  166  156  149  140  131
  120  110  101   96   94   94   91   87   81   74   68   64   61   59   56   54
   53   55   57   62   65   68   70   72   75   80   86   90   95   96   96   94
   92   89   87   85   86   85   86   86   89   93  103  112  123  129  135  138
  142  148  156  162  167  168  166  166  217                                   
    35.0-180.0 180.0   5.0 450.0                            LAT/LON1/LON2/DLON/H
  213  216  222  221  216  215  208  203  192  183  172  163  157  150  143  134
  124  114  107  102  102  101   98   91   82   73   66   61   59   56   53   52
   52   53   57   61   66   69   71   73   78   84   91   95  100  100  101   99
   97   92   90   86   87   87   90   90   96  101  112  120  131  136  143  144
  147  151  159  163  166  167  168  166  213                                   
    32.5-180.0 180.0   5.0 450.0                            LAT/LON1/LON2/DLON/H
  218  218  221  215  207  204  196  191  182  175  167  162  157  153  146  139
  131  123  116  112  109  106  100   91   80   71   64   60   58   56   55   54
   54   58   61   68   72   76   77   79   83   89   97  100  103  102  103  101
   98   93   89   85   86   87   90   93  100  107  118  128  139  146  153  156
  158  162  168  171  173  174  176  175  218                                   
    30.0-180.0 180.0   5.0 450.0                            LAT/LON1/LON2/DLON/H
  232  232  235  225  211  205  195  188  177  170  164  160  159  155  150  144
  138  130  125  119  114  107   99   87   76   68   63   62   63   64   63   64
   66   70   76   81   86   88   88   88   92   97  104  106  107  104  104  100
   97   91   86   83   83   85   90   96  105  113  127  138  152  158  169  171
  175  178  183  186  186  187  192  193  232                                   
    27.5-180.0 180.0   5.0 450.0                            LAT/LON1/LON2/DLON/H
  264  261  266  253  237  225  212  202  188  179  170  165  162  159  154  150
  145  140  133  125  116  106   95   83   74   69   69   73   77   80   80   82
   84   90   96  103  105  106  103  101  101  104  108  108  107  102  101   97
   93   87   82   79   79   82   89   96  107  118  134  149  166  176  188  194
  197  202  206  207  206  210  216  225  264                                   
    25.0-180.0 180.0   5.0 450.0                            LAT/LON1/LON2/DLON/H
  299  307  315  304  286  274  254  237  215  199  184  175  169  163  158  153
  150  144  138  126  114  101   90   80   75   76   82   90   98  101  101  102
  105  113  119  125  126  125  120  113  111  109  111  107  103   97   94   87
   84   78   75   73   74   78   85   95  109  123  142  160  180  193  209  217
  224  230  237  236  237  240  253  268  299                                   
    22.5-180.0 180.0   5.0 450.0                            LAT/LON1/LON2/DLON/H
  340  356  371  367  357  344  324  297  267  239  214  198  184  174  164  159
  155  149  139  126  110   97   87   82   84   92  104  117  124  127  125  124
  125  132  138  142  141  138  129  121  115  111  109  102   96   87   83   77
   75   70   70   67   71   75   84   95  112  129  150  171  194  212  231  244
  255  263  270  269  272  277  294  313  340                                   
    20.0-180.0 180.0   5.0 450.0                            LAT/LON1/LON2/DLON/H
  380  409  426  436  437  432  407  377  336  295  256  228  206  189  175  166
  160  150  139  122  108   95   91   92  102  117  133  147  154  154  146  143
  141  147  148  152  149  145  135  123  116  109  105   94   86   74   72   65
   65   61   62   60   64   69   79   93  113  134  158  184  210  233  255  272
  286  297  306  308  309  321  345  359  380                                   
    17.5-180.0 180.0   5.0 450.0                            LAT/LON1/LON2/DLON/H
  424  456  478  501  515  517  495  462  413  363  314  272  238  213  192  180
  167  155  139  123  108  102  103  113  128  148  166  181  185  179  166  158
  149  151  147  150  145  140  129  119  110  105   97   86   75   67   63   61
   58   57   54   54   58   64   73   88  114  140  167  196  228  253  278  297
  313  326  338  343  350  364  388  397  424                                   
    15.0-180.0 180.0   5.0 450.0                            LAT/LON1/LON2/DLON/H
  465  503  526  555  578  588  568  535  481  428  370  321  277  243  215  196
  180  162  144  126  117  116  125  140  160  181  197  206  204  193  175  161
  148  144  138  139  137  133  122  113  106   99   92   79   72   61   62   57
   58   55   53   52   55   60   68   86  115  146  177  210  243  270  296  317
  333  351  366  375  381  402  429  433  465                                   
    12.5-180.0 180.0   5.0 450.0                            LAT/LON1/LON2/DLON/H
  492  529  553  587  614  628  616  583  531  477  418  368  322  282  247  222
  199  179  156  142  136  142  155  176  195  211  219  221  213  196  175  160
  142  137  128  129  125  126  115  109  103   97   88   77   67   60   59   60
   59   59   55   55   57   62   71   89  122  155  187  220  253  279  307  327
  346  364  382  388  400  421  445  450  492                                   
    10.0-180.0 180.0   5.0 450.0                            LAT/LON1/LON2/DLON/H
  502  540  562  594  623  640  633  607  558  508  452  405  362  321  284  255
  229  204  184  169  169  178  195  212  226  233  232  224  210  190  169  152
  136  128  122  123  123  124  117  112  108  101   93   80   73   64   65   65
   66   62   59   57   61   65   75   95  131  163  196  228  260  285  312  333
  352  369  387  397  409  432  458  460  502                                   
     7.5-180.0 180.0   5.0 450.0                            LAT/LON1/LON2/DLON/H
  500  531  551  578  604  619  617  598  560  517  470  431  391  358  323  296
  268  243  220  210  209  220  235  246  251  245  234  218  201  181  164  152
