data/unet/pred1010.15i
     1.0            IONOSPHERE MAPS     GNSS                IONEX VERSION / TYPE
pyspatialgeodesy        IME             05-JAN-18 20:20     PGM / RUN BY / DATE 
Map Name                                                    COMMENT             
Predicted global ionosphere maps (GIM).                     DESCRIPTION         
  2015     4    11     0     0     0                        EPOCH OF FIRST MAP  
  2015     4    12     0     0     0                        EPOCH OF LAST MAP   
  7200                                                      INTERVAL            
    13                                                      # OF MAPS IN FILE   
  NONE                                                      MAPPING FUNCTION    
10.0                                                        ELEVATION CUTOFF    
One-way carrier phase leveled to code                       OBSERVABLES USED    
  6371.0                                                    BASE RADIUS         
 2                                                          MAP DIMENSION       
   450.0 450.0   0.0                                        HGT1 / HGT2 / DHGT  
    87.5 -87.5  -2.5                                        LAT1 / LAT2 / DLAT  
  -180.0 180.0   5.0                                        LON1 / LON2 / DLON  
    -1                                                      EXPONENT            
                                                            END OF HEADER       
[from data line 858]
     3                                                      START OF TEC MAP    
  2015     4    11     4     0     0                        EPOCH OF CURRENT MAP
    87.5-180.0 180.0   5.0 450.0                            LAT/LON1/LON2/DLON/H
  119  141  126  120  122  116  119  115  120  117  122  118  122  119  123  119
  122  118  122  117  120  116  119  114  116  112  115  111  113  110  112  109
  111  108  111  109  111  110  113  111  113  112  115  112  115  113  115  112
  114  111  114  110  112  109  112  108  111  108  111  108  111  109  112  110
  112  112  115  119  123  120  131  103  119                                   
    85.0-180.0 180.0   5.0 450.0                            LAT/LON1/LON2/DLON/H
  151  126  113  113  115  110  112  112  114  113  116  116  117  116  119  118
  117  118  118  118  115  116  114  115  110  111  108  110  104  106  103  106
  101  104  102  105  102  105  104  108  106  109  108  111  108  110  109  111
  109  111  110  111  110  111  112  112  112  112  113  112  112  111  112  111
  110  110  112  115  119  118  118  129  151                                   
    82.5-180.0 180.0   5.0 450.0                            LAT/LON1/LON2/DLON/H
  133  111  104  109  104  107  104  112  109  114  111  117  112  116  113  118
  112  116  112  116  108  111  105  109   99  102   95   98   90   94   88   92
   84   90   86   93   87   95   92   99   95  102  100  106  102  107  104  108
  105  109  107  112  110  114  113  118  116  119  118  123  119  122  119  121
  116  120  117  123  120  120  119  117  133                                   
    80.0-180.0 180.0   5.0 450.0                            LAT/LON1/LON2/DLON/H
  134  115  111  111  108  109  109  116  114  119  119  124  121  125  123  127
  122  125  121  124  116  119  112  114  104  105   98  100   90   93   87   90
   83   88   87   94   90   98   97  105  101  109  107  114  110  116  114  119
  116  121  122  127  127  131  133  135  137  138  140  142  140  141  140  140
  135  135  133  134  132  124  122  114  134                                   
    77.5-180.0 180.0   5.0 450.0                            LAT/LON1/LON2/DLON/H
  147  129  116  118  112  109  110  113  114  117  120  123  124  125  126  127
  126  124  123  121  117  114  109  105   99   94   90   85   81   78   77   76
   74   77   81   86   87   92   96  102  103  107  109  113  114  115  119  120
  126  126  135  136  143  144  150  151  155  156  160  160  161  160  161  159
  156  155  154  153  150  143  136  130  147                                   
    75.0-180.0 180.0   5.0 450.0                            LAT/LON1/LON2/DLON/H
  149  135  125  119  113  107  106  106  107  109  111  113  113  115  114  115
  113  112  109  110  104  104   97   95   86   83   74   72   64   63   61   62
   61   67   72   80   82   89   94   99  102  106  107  110  110  114  115  122
  124  132  135  144  146  152  156  159  162  164  167  168  170  169  170  168
  166  166  167  168  169  158  154  143  149                                   
    72.5-180.0 180.0   5.0 450.0                            LAT/LON1/LON2/DLON/H
  169  150  141  137  124  117  111  112  110  111  110  111  109  110  108  109
  105  105  102  102   98   96   91   87   80   73   69   63   59   55   57   57
   60   64   73   79   83   89   96  100  103  104  108  109  114  116  123  126
  135  140  149  154  160  164  169  171  175  176  179  178  180  179  180  179
  178  181  182  185  187  178  173  166  169                                   
    70.0-180.0 180.0   5.0 450.0                            LAT/LON1/LON2/DLON/H
  175  163  158  146  138  124  120  115  116  109  109  105  104   99   97   94
   92   88   87   85   83   80   77   74   68   63   58   54   51   48   51   52
   56   62   71   77   82   88   94   98  101  103  107  110  113  118  123  131
  137  146  153  160  167  173  179  180  187  183  190  185  191  185  190  185
  190  190  197  199  201  186  187  176  175                                   
    67.5-180.0 180.0   5.0 450.0                            LAT/LON1/LON2/DLON/H
  192  180  173  166  149  142  131  130  124  121  114  110  103   99   92   90
   83   81   78   78   76   76   74   72   69   64   62   57   56   53   55   57
   61   66   74   79   82   87   92   96  100  104  109  113  119  123  132  139
  151  156  167  172  183  186  195  194  198  195  198  194  196  190  193  190
  193  197  201  205  207  201  198  196  192                                   
    65.0-180.0 180.0   5.0 450.0                            LAT/LON1/LON2/DLON/H
  197  192  186  173  161  147  141  134  131  122  119  108  102   92   87   78
   76   69   70   66   69   66   69   65   66   61   61   57   57   54   57   56
   61   65   71   75   77   82   85   90   92   99  104  112  118  127  134  145
  154  163  172  181  192  195  204  201  206  201  203  195  197  189  191  185
  189  192  201  204  205  200  207  200  197                                   
    62.5-180.0 180.0   5.0 450.0                            LAT/LON1/LON2/DLON/H
  208  200  194  186  168  159  146  145  136  132  121  113  103   95   86   80
   74   71   69   70   69   71   70   71   69   68   67   66   65   63   62   64
   64   66   69   71   73   76   78   81   88   94  105  113  126  134  147  156
  170  178  190  197  208  210  214  210  213  208  207  198  198  189  188  181
  183  186  191  196  199  202  205  208  208                                   
    60.0-180.0 180.0   5.0 450.0                            LAT/LON1/LON2/DLON/H
  210  208  201  190  177  163  154  146  143  133  125  113  106   95   87   79
   77   71   71   67   71   66   69   65   67   63   65   62   62   59   59   59
   58   61   61   65   64   69   67   74   77   89  100  115  128  141  154  166
  180  190  201  208  218  220  223  220  221  214  211  202  202  191  189  180
  181  181  189  193  196  196  208  204  210                                   
    57.5-180.0 180.0   5.0 450.0                            LAT/LON1/LON2/DLON/H
  221  216  210  203  187  177  162  158  148  141  128  120  109  102   93   89
   84   81   79   77   76   75   73   74   71   72   70   71   68   67   64   65
   61   62   61   62   61   64   66   70   78   89  108  121  143  153  172  183
  199  207  219  225  231  232  234  231  231  225  221  214  210  201  197  188
  186  185  190  194  197  200  204  206  221                                   
    55.0-180.0 180.0   5.0 450.0                            LAT/LON1/LON2/DLON/H
  229  229  225  215  204  191  178  167  157  144  134  122  114  106  100   96
   93   88   86   82   80   75   74   70   70   69   70   69   67   64   61   59
   56   57   56   59   57   62   61   69   75   90  109  129  148  166  183  196
  211  221  231  237  244  244  244  242  242  237  236  228  226  216  214  202
  200  195  201  202  205  203  214  209  229                                   
    52.5-180.0 180.0   5.0 450.0                            LAT/LON1/LON2/DLON/H
  248  244  240  234  221  212  196  187  172  159  144  134  123  116  109  107
  102   99   95   90   86   80   77   75   74   75   76   75   73   70   66   64
   61   62   63   65   66   68   72   76   88   97  123  138  165  180  200  210
  228  234  249  253  264  261  262  258  259  255  253  249  245  239  232  224
  217  215  215  215  216  218  219  221  248                                   
    50.0-180.0 180.0   5.0 450.0                            LAT/LON1/LON2/DLON/H
  262  260  258  250  243  233  221  207  193  175  159  144  135  124  119  114
  112  107  103   97   92   86   82   80   81   82   82   82   79   75   69   67
   63   67   68   73   73   79   81   89   96  111  132  154  178  197  215  228
  243  254  265  274  282  282  281  277  280  275  274  267  267  259  255  247
  242  239  240  237  236  232  240  235  262                                   
    47.5-180.0 180.0   5.0 450.0                            LAT/LON1/LON2/DLON/H
  277  273  272  270  262  257  242  233  214  197  179  164  151  140  131  125
  119  116  110  106  100   95   92   89   91   91   94   93   91   86   81   78
   77   81   84   88   93   96  103  105  116  128  153  170  197  212  228  243
  260  269  285  295  309  307  311  300  307  299  300  293  290  286  281  277
  268  268  262  262  257  257  252  253  277                                   
    45.0-180.0 180.0   5.0 450.0                            LAT/LON1/LON2/DLON/H
  285  284  281  276  275  271  263  252  236  217  197  180  166  153  143  133
  127  123  119  115  112  108  105  103  105  105  107  107  103   99   94   92
   91   95   98  105  107  114  116  121  131  145  173  191  218  233  248  264
  277  292  301  316  325  330  331  325  327  316  316  307  307  302  302  297
  292  289  286  283  279  273  275  270  285                                   
    42.5-180.0 180.0   5.0 450.0                            LAT/LON1/LON2/DLON/H
  293  290  284  285  281  282  275  270  253  238  215  199  183  168  155  145
  136  133  129  129  127  125  123  121  123  123  124  121  117  111  106  105
  104  109  112  117  122  128  133  136  152  167  191  212  229  248  257  275
  287  302  315  328  342  344  352  345  350  339  336  328  325  324  321  319
  311  312  303  304  294  296  286  285  293                                   
    40.0-180.0 180.0   5.0 450.0                            LAT/LON1/LON2/DLON/H
  296  291  284  278  278  281  277  275  264  249  229  211  195  180  165  153
  146  141  142  142  143  142  139  138  137  136  133  131  124  120  115  116
  118  122  123  129  132  138  144  147  165  184  211  232  250  270  279  296
  306  321  329  345  354  363  367  366  370  361  357  346  343  339  341  337
  335  331  325  322  314  310  305  298  296                                   
    37.5-180.0 180.0   5.0 450.0                            LAT/LON1/LON2/DLON/H
  303  289  277  277  267  276  270  274  263  254  235  220  204  190  173  161
  154  153  155  157  159  158  156  153  153  149  147  140  135  128  124  125
  126  131  132  135  138  144  149  157  175  198  223  247  265  283  292  304
  318  329  342  351  368  373  383  383  392  387  387  378  376  375  378  375
  371  364  356  350  339  337  322  318  303                                   
    35.0-180.0 180.0   5.0 450.0                            LAT/LON1/LON2/DLON/H
  314  291  277  264  258  260  257  259  251  244  231  218  206  194  177  167
  160  163  164  168  172  169  167  163  163  158  155  149  145  136  134  134
  135  138  136  140  143  147  150  159  175  201  227  254  273  292  300  316
  328  340  348  359  376  385  398  406  417  418  418  413  410  414  418  422
  422  419  407  398  386  379  355  348  314                                   
    32.5-180.0 180.0   5.0 450.0                            LAT/LON1/LON2/DLON/H
  347  316  289  274  256  260  249  253  240  236  223  215  205  195  179  171
  165  169  171  176  178  175  173  171  169  168  163  160  154  149  143  144
  142  143  141  142  147  148  151  160  179  199  229  250  272  286  300  313
  333  343  359  367  392  404  428  445  466  474  479  482  483  489  494  497
  498  493  478  464  452  443  406  398  347                                   
    30.0-180.0 180.0   5.0 450.0                            LAT/LON1/LON2/DLON/H
  403  373  336  296  275  264  250  244  236  230  217  210  202  194  181  176
  168  177  174  182  181  180  178  176  180  179  178  175  170  163  156  154
  150  150  146  148  146  144  143  153  169  194  218  240  258  275  288  307
  323  339  353  368  396  416  451  475  507  526  546  560  567  575  576  579
  575  567  555  541  526  519  490  477  403                                   
    27.5-180.0 180.0   5.0 450.0                            LAT/LON1/LON2/DLON/H
  497  459  422  376  325  301  269  260  240  232  216  210  203  197  185  179
  170  175  172  178  177  178  179  186  191  200  198  200  193  185  175  167
  160  156  154  155  149  142  139  146  159  181  206  225  246  259  280  295
  321  337  362  383  418  450  487  520  552  585  615  641  662  670  679  674
  666  655  647  632  623  612  590  572  497                                   
    25.0-180.0 180.0   5.0 450.0                            LAT/LON1/LON2/DLON/H
  594  561  522  467  411  374  319  291  266  247  229  218  211  204  192  185
  175  177  170  178  179  183  189  198  215  223  229  229  224  210  196  182
  171  165  161  156  147  138  131  134  143  166  192  220  238  258  273  293
  317  340  363  388  426  464  503  543  582  624  660  695  720  738  747  751
  747  737  733  726  727  722  710  685  594                                   
    22.5-180.0 180.0   5.0 450.0                            LAT/LON1/LON2/DLON/H
  691  675  639  580  528  472  406  361  307  280  253  242  234  222  208  196
  184  179  171  177  180  189  202  221  238  256  262  260  252  232  216  195
  183  177  166  165  149  141  128  128  132  152  179  212  237  256  277  294
  325  351  378  410  449  490  527  566  607  648  683  720  753  776  794  799
  802  797  799  804  819  825  811  779  691                                   
    20.0-180.0 180.0   5.0 450.0                            LAT/LON1/LON2/DLON/H
  777  785  751  688  634  566  496  436  377  336  301  284  272  256  237  219
  202  191  181  185  191  204  226  249  276  296  307  295  276  249  229  209
  194  184  175  169  154  142  127  120  123  144  171  209  237  260  281  303
  333  365  396  435  473  515  549  589  624  666  696  738  769  798  815  829
  834  836  842  853  877  883  879  844  777                                   
    17.5-180.0 180.0   5.0 450.0                            LAT/LON1/LON2/DLON/H
  837  866  849  804  745  664  587  521  457  416  369  352  326  309  286  255
  233  217  206  206  215  235  263  296  317  346  348  337  301  269  243  218
  200  191  178  176  156  145  125  116  115  137  164  204  234  264  287  314
  347  384  421  461  503  539  573  608  639  671  699  736  768  796  814  835
  843  851  860  876  901  913  900  867  837                                   
    15.0-180.0 180.0   5.0 450.0                            LAT/LON1/LON2/DLON/H
  869  894  896  867  821  738  664  590  533  485  442  417  391  364  339  312
  282  264  248  249  260  279  305  336  362  380  376  348  306  268  243  223
  206  194  181  168  153  133  116  106  105  130  157  197  232  266  291  321
  360  397  442  482  529  559  593  620  647  671  696  727  755  781  802  823
  837  846  857  870  890  893  888  864  869                                   
    12.5-180.0 180.0   5.0 450.0                            LAT/LON1/LON2/DLON/H
  863  901  911  897  856  789  709  645  589  548  509  487  459  431  395  370
  342  322  304  306  309  331  349  384  396  410  381  347  295  262  241  218
  203  190  176  161  144  123  108   98  101  120  152  191  227  263  293  325
  369  410  458  503  549  579  603  625  644  667  691  714  738  758  779  801
  816  828  840  847  859  869  858  845  863                                   
    10.0-180.0 180.0   5.0 450.0                            LAT/LON1/LON2/DLON/H
  847  887  903  896  860  797  730  670  628  585  553  528  503  473  442  422
  392  387  365  373  367  389  397  419  419  404  369  316  270  247  226  213
  191  182  167  150  131  113   96   92   94  117  147  186  223  259  286  323
  368  412  463  508  557  582  608  623  648  669  690  715  732  753  771  793
  804  813  820  823  828  827  818  817  847                                   
     7.5-180.0 180.0   5.0 450.0                            LAT/LON1/LON2/DLON/H
  817  865  888  880  848  796  726  684  634  602  567  546  526  506  480  466
  450  450  433  440  432  444  441  452  424  397  340  291  252  233  219  200
