data/unet/pred2130.15i
     1.0            IONOSPHERE MAPS     GNSS                IONEX VERSION / TYPE
pyspatialgeodesy        IME             05-JAN-18 20:20     PGM / RUN BY / DATE 
Map Name                                                    COMMENT             
Predicted global ionosphere maps (GIM).                     DESCRIPTION         
  2015     8     1     0     0     0                        EPOCH OF FIRST MAP  
  2015     8     2     0     0     0                        EPOCH OF LAST MAP   
  7200                                                      INTERVAL            
    13                                                      # OF MAPS IN FILE   
  NONE                                                      MAPPING FUNCTION    
10.0                                                        ELEVATION CUTOFF    
One-way carrier phase leveled to code                       OBSERVABLES USED    
  6371.0                                                    BASE RADIUS         
 2                                                          MAP DIMENSION       
   450.0 450.0   0.0                                        HGT1 / HGT2 / DHGT  
    87.5 -87.5  -2.5                                        LAT1 / LAT2 / DLAT  
  -180.0 180.0   5.0                                        LON1 / LON2 / DLON  
    -1                                                      EXPONENT            
                                                            END OF HEADER       
[from data line 429]
     2                                                      START OF TEC MAP    
  2015     8     1     2     0     0                        EPOCH OF CURRENT MAP
    87.5-180.0 180.0   5.0 450.0                            LAT/LON1/LON2/DLON/H
  129  128  122  117  120  117  121  120  124  122  124  122  124  122  123  120
  122  118  119  115  118  114  115  111  114  110  112  108  111  106  109  105
  108  105  108  105  109  106  109  106  110  107  109  106  110  107  109  106
  110  107  109  106  110  108  110  107  111  108  111  109  113  110  113  110
  115  112  117  116  125  118  120  135  129                                   
    85.0-180.0 180.0   5.0 450.0                            LAT/LON1/LON2/DLON/H
  126  137  123  123  125  124  127  126  129  128  129  128  130  128  129  126
  127  124  124  121  121  117  117  113  113  109  109  106  106  104  103  102
  102  102  102  103  103  104  104  105  105  106  106  106  107  107  106  107
  107  107  107  107  108  108  108  109  110  110  110  111  112  112  113  113
  115  115  118  119  123  120  121  126  126                                   
    82.5-180.0 180.0   5.0 450.0                            LAT/LON1/LON2/DLON/H
  130  135  129  134  130  134  134  138  137  139  137  139  138  138  135  135
  133  132  128  127  124  122  117  116  112  110  106  105  102  101   99   99
   98   99   98  100  100  102  102  103  104  105  105  106  107  107  107  108
  108  109  108  110  110  112  111  113  113  115  115  117  117  119  118  121
  121  123  124  127  128  125  129  128  130                                   
    80.0-180.0 180.0   5.0 450.0                            LAT/LON1/LON2/DLON/H
  132  134  134  134  139  137  143  141  146  143  146  144  146  142  142  139
  140  135  134  130  129  122  120  115  112  106  104  100   98   95   94   93
   95   94   96   97  100   99  102  102  105  104  106  106  108  107  109  108
  111  110  112  111  115  113  117  116  120  118  122  121  125  122  126  123
  128  125  129  127  131  124  127  123  132                                   
    77.5-180.0 180.0   5.0 450.0                            LAT/LON1/LON2/DLON/H
  136  143  140  146  144  147  148  151  150  152  149  151  148  149  145  145
  141  141  136  136  130  128  121  119  111  109  102  101   95   95   91   94
   92   96   95  100  100  104  104  108  107  111  109  112  111  113  112  114
  113  116  115  119  118  122  121  125  125  128  128  130  130  131  131  132
  132  133  133  133  130  128  129  125  136                                   
    75.0-180.0 180.0   5.0 450.0                            LAT/LON1/LON2/DLON/H
  134  139  140  141  145  144  149  149  151  149  150  148  148  144  143  140
  139  135  134  130  128  123  119  113  109  102   99   93   91   88   88   88
   90   92   96   97  102  103  107  107  110  110  113  112  114  113  115  114
  117  116  119  119  123  123  126  127  130  129  132  131  133  131  132  131
  133  130  133  131  131  127  131  126  134                                   
    72.5-180.0 180.0   5.0 450.0                            LAT/LON1/LON2/DLON/H
  137  140  141  143  141  145  147  149  148  148  146  145  142  141  137  135
  131  131  128  127  122  120  114  110  103   99   92   89   83   83   81   83
   84   88   90   95   96  101  102  105  106  109  109  111  112  113  114  115
  116  118  119  121  124  126  128  130  131  132  134  134  134  133  133  133
  133  132  133  132  130  129  132  126  137                                   
    70.0-180.0 180.0   5.0 450.0                            LAT/LON1/LON2/DLON/H
  134  139  139  141  143  144  148  149  149  148  146  144  140  137  133  130
  127  125  123  121  119  116  112  107  102   95   91   86   83   81   81   82
   85   88   92   95   97   99  101  102  105  106  108  110  113  114  117  118
  121  122  124  126  129  132  135  136  138  138  140  139  140  138  138  136
  137  135  137  136  134  131  135  129  134                                   
    67.5-180.0 180.0   5.0 450.0                            LAT/LON1/LON2/DLON/H
  138  140  140  142  139  143  145  148  147  147  143  142  136  134  128  125
  121  120  117  116  114  112  108  104   97   92   86   82   78   77   76   79
   80   83   85   88   89   92   92   94   96   99  102  105  109  112  116  118
  121  122  124  126  129  132  134  136  138  139  140  140  140  139  138  138
  138  137  138  138  136  135  137  130  138                                   
    65.0-180.0 180.0   5.0 450.0                            LAT/LON1/LON2/DLON/H
  137  140  139  142  143  144  147  148  149  148  145  142  138  134  129  125
  120  117  116  114  113  110  108  102   99   92   88   82   81   78   79   80
   82   83   85   85   86   85   86   87   90   93   98  102  108  113  117  121
  123  125  127  129  132  135  138  140  143  143  146  145  145  143  143  141
  142  141  144  143  142  139  143  135  137                                   
    62.5-180.0 180.0   5.0 450.0                            LAT/LON1/LON2/DLON/H
  140  143  141  143  140  142  143  146  146  147  144  142  137  135  128  124
  118  115  112  111  109  107  103  100   94   90   84   81   77   77   75   77
   76   77   76   76   74   75   74   76   79   84   90   96  104  109  116  118
  122  123  125  127  131  133  137  139  143  144  146  145  145  143  141  141
  141  142  143  145  144  145  146  137  140                                   
    60.0-180.0 180.0   5.0 450.0                            LAT/LON1/LON2/DLON/H
  142  144  142  144  144  143  144  146  146  146  145  143  141  138  133  128
  123  119  116  114  113  109  108  101   99   92   90   84   84   81   81   80
   80   77   77   73   73   70   71   72   76   80   87   94  103  110  116  120
  123  125  126  129  132  135  140  142  147  148  151  149  149  146  145  143
  145  144  148  148  150  148  152  142  142                                   
    57.5-180.0 180.0   5.0 450.0                            LAT/LON1/LON2/DLON/H
  150  152  149  149  145  144  143  145  144  146  145  145  142  141  136  133
  127  123  119  116  114  112  108  105   99   96   91   89   86   86   83   82
   79   76   72   70   67   66   65   67   71   75   82   90  100  108  116  121
  125  127  130  132  137  140  146  149  155  156  158  156  155  151  148  146
  146  147  150  152  154  156  158  145  150                                   
    55.0-180.0 180.0   5.0 450.0                            LAT/LON1/LON2/DLON/H
  157  158  155  156  153  149  148  147  145  145  145  146  146  145  143  140
  136  132  129  126  123  119  116  110  108  102  101   97   97   94   92   88
   85   80   76   72   72   70   72   72   76   80   86   93  103  111  119  125
  130  133  136  139  144  148  154  158  161  164  165  163  161  156  153  150
  151  151  156  157  161  162  166  155  157                                   
    52.5-180.0 180.0   5.0 450.0                            LAT/LON1/LON2/DLON/H
  172  172  169  167  161  157  155  152  149  148  147  148  149  150  147  146
  142  140  137  134  131  127  123  119  115  113  110  109  105  103   98   94
   88   84   78   76   75   76   77   79   80   83   88   95  104  113  123  130
  138  143  149  151  157  161  166  170  173  175  175  173  169  164  159  157
  156  158  162  165  169  173  175  164  172                                   
    50.0-180.0 180.0   5.0 450.0                            LAT/LON1/LON2/DLON/H
  184  185  183  180  175  170  167  161  157  153  151  151  153  154  154  152
  152  150  149  147  143  139  134  130  127  124  124  121  119  114  111  103
   98   92   89   86   89   87   92   91   93   92   96  101  109  118  129  139
  149  156  163  168  173  177  181  183  186  186  186  182  178  173  167  164
  163  165  170  173  178  179  185  177  184                                   
    47.5-180.0 180.0   5.0 450.0                            LAT/LON1/LON2/DLON/H
  202  203  200  196  190  185  182  176  171  166  162  160  160  160  160  160
  159  159  159  156  154  149  144  140  138  137  136  135  130  126  119  113
  105  100   96   95   97   99  101  103  101  101  102  107  115  125  138  151
  162  172  179  184  190  193  195  197  196  197  195  191  187  182  177  175
  174  177  180  184  189  193  196  188  202                                   
    45.0-180.0 180.0   5.0 450.0                            LAT/LON1/LON2/DLON/H
  217  217  218  213  208  202  200  192  186  178  173  169  169  168  168  167
  169  169  170  168  164  159  153  150  149  149  149  147  145  138  132  123
  118  110  111  107  113  112  116  113  113  108  111  111  120  130  145  158
  173  184  193  199  204  206  209  208  209  207  208  203  201  194  191  186
  186  188  192  195  201  201  209  206  217                                   
    42.5-180.0 180.0   5.0 450.0                            LAT/LON1/LON2/DLON/H
  234  235  233  229  224  219  217  209  205  195  190  183  181  178  177  178
  180  181  181  177  173  166  161  157  157  158  159  159  154  148  140  132
  125  120  117  117  119  120  122  120  118  117  116  120  126  138  151  168
  181  195  202  208  214  216  218  218  217  217  215  213  209  205  199  195
  194  197  201  205  210  216  221  220  234                                   
    40.0-180.0 180.0   5.0 450.0                            LAT/LON1/LON2/DLON/H
  250  249  251  244  241  235  234  226  220  210  204  195  194  190  190  188
  192  191  192  186  180  170  165  160  163  164  168  166  165  156  152  141
  136  130  131  127  133  129  132  127  127  123  126  127  133  144  158  174
  191  203  214  222  227  229  230  229  229  228  229  225  224  217  214  208
  209  211  217  220  226  228  238  239  250                                   
    37.5-180.0 180.0   5.0 450.0                            LAT/LON1/LON2/DLON/H
  267  267  264  261  256  251  249  242  238  227  222  213  212  208  207  205
  207  205  204  196  188  177  169  166  168  173  176  175  171  165  159  151
  146  140  138  134  135  132  133  130  130  129  132  135  140  149  162  179
  194  210  218  227  233  235  238  237  239  239  239  238  235  229  224  221
  221  223  229  234  240  246  254  258  267                                   
    35.0-180.0 180.0   5.0 450.0                            LAT/LON1/LON2/DLON/H
  287  287  285  277  274  267  264  257  252  243  237  229  227  223  221  217
  220  215  211  201  191  178  174  169  173  177  182  180  178  170  167  160
  157  150  149  143  144  138  140  135  137  137  141  143  147  155  165  179
  195  210  222  231  238  243  245  246  247  248  250  248  248  241  237  233
  235  239  248  254  261  264  276  282  287                                   
    32.5-180.0 180.0   5.0 450.0                            LAT/LON1/LON2/DLON/H
  311  313  306  302  293  286  281  274  269  260  255  247  246  240  239  234
  235  228  219  207  195  185  179  179  182  188  190  189  184  179  173  169
  165  159  155  148  145  141  140  137  140  141  148  149  152  155  163  175
  188  205  216  228  236  243  250  253  256  258  260  260  259  253  249  245
  248  255  267  275  283  291  299  306  311                                   
    30.0-180.0 180.0   5.0 450.0                            LAT/LON1/LON2/DLON/H
  339  345  342  334  324  313  304  293  286  279  273  267  264  258  254  246
  242  233  220  207  195  186  186  185  191  194  197  194  190  183  180  175
  171  164  160  150  149  142  144  141  144  146  150  151  150  151  156  165
  178  193  208  221  234  244  253  257  262  265  267  268  268  264  262  261
  265  274  288  297  308  318  326  333  339                                   
    27.5-180.0 180.0   5.0 450.0                            LAT/LON1/LON2/DLON/H
  364  377  376  372  361  349  332  321  310  305  296  290  284  278  271  261
  252  237  222  207  199  195  197  201  206  209  208  203  196  190  182  178
  171  165  157  152  146  144  142  141  145  144  147  146  145  140  144  152
  166  180  196  209  224  235  250  257  268  272  278  280  281  278  278  277
  283  291  307  319  332  347  353  358  364                                   
    25.0-180.0 180.0   5.0 450.0                            LAT/LON1/LON2/DLON/H
  390  408  412  411  403  390  371  356  343  333  323  315  307  299  284  269
  254  235  218  206  200  199  207  213  220  220  216  208  199  189  182  174
  167  158  153  146  143  139  139  138  141  140  140  134  129  124  124  132
  147  164  185  203  221  235  251  262  276  281  288  290  294  293  294  293
  299  308  322  334  351  368  377  382  390                                   
    22.5-180.0 180.0   5.0 450.0                            LAT/LON1/LON2/DLON/H
  407  426  435  438  435  422  405  393  378  368  355  346  334  324  303  284
  259  237  219  209  206  211  220  230  234  230  223  210  198  186  173  164
  151  147  137  135  130  131  129  130  131  129  124  117  110  102  106  112
  131  149  175  195  218  235  254  269  285  294  302  305  310  311  313  313
  317  325  338  351  367  386  397  401  407                                   
    20.0-180.0 180.0   5.0 450.0                            LAT/LON1/LON2/DLON/H
  425  443  452  458  459  448  437  426  415  405  392  382  365  350  321  296
  262  238  218  209  212  219  232  240  242  232  221  205  190  176  162  147
  137  129  121  117  114  114  115  114  116  110  105   94   88   83   87   96
  117  140  170  196  221  239  262  275  294  301  313  317  326  329  333  334
  336  342  355  369  387  404  416  418  425                                   
    17.5-180.0 180.0   5.0 450.0                            LAT/LON1/LON2/DLON/H
  429  446  458  466  471  464  456  450  441  433  420  412  392  372  341  312
  273  246  225  219  222  232  241  246  242  228  212  191  177  157  144  128
  116  107  100   96   94   96   96   97   95   90   82   74   70   65   73   82
  107  132  166  192  221  243  268  288  306  317  326  334  341  348  354  358
  363  370  381  394  408  421  429  433  429                                   
    15.0-180.0 180.0   5.0 450.0                            LAT/LON1/LON2/DLON/H
  436  448  459  466  473  469  467  465  460  454  442  434  415  395  358  329
  288  259  235  225  230  238  247  243  235  216  198  177  160  142  126  113
   99   91   82   81   78   81   81   80   79   71   67   59   58   57   65   78
  103  131  166  194  222  246  275  297  318  330  341  348  356  366  377  385
  390  398  408  419  430  439  449  450  436                                   
    12.5-180.0 180.0   5.0 450.0                            LAT/LON1/LON2/DLON/H
  433  443  451  457  464  463  464  466  463  460  452  447  430  408  376  343
  306  279  255  245  243  248  248  240  224  202  180  160  144  127  112   98
   86   77   71   67   66   66   66   66   63   58   53   50   51   52   63   75
  104  129  165  194  225  253  283  306  328  343  353  364  373  384  398  409
  417  424  431  441  447  453  458  460  433                                   
    10.0-180.0 180.0   5.0 450.0                            LAT/LON1/LON2/DLON/H
  434  439  444  448  454  455  458  462  461  461  454  453  438  420  388  362
  326  301  277  260  253  247  244  227  210  185  164  144  130  117  102   91
   80   73   67   64   61   61   60   59   59   52   51   49   52   55   64   77
  103  128  163  191  223  251  280  307  331  348  359  373  385  401  417  428
  434  441  446  453  462  465  470  471  434                                   
     7.5-180.0 180.0   5.0 450.0                            LAT/LON1/LON2/DLON/H
  431  434  438  441  443  444  444  448  447  449  445  444  434  417  392  365
  336  316  292  276  259  248  234  215  191  167  146  131  118  109   97   88
