data/unet/pred3170.15i
     1.0            IONOSPHERE MAPS     GNSS                IONEX VERSION / TYPE
pyspatialgeodesy        IME             05-JAN-18 20:20     PGM / RUN BY / DATE 
Map Name                                                    COMMENT             
Predicted global ionosphere maps (GIM).                     DESCRIPTION         
  2015    11    13     0     0     0                        EPOCH OF FIRST MAP  
  2015    11    14     0     0     0                        EPOCH OF LAST MAP   
  7200                                                      INTERVAL            
    13                                                      # OF MAPS IN FILE   
  NONE                                                      MAPPING FUNCTION    
10.0                                                        ELEVATION CUTOFF    
One-way carrier phase leveled to code                       OBSERVABLES USED    
  6371.0                                                    BASE RADIUS         
 2                                                          MAP DIMENSION       
   450.0 450.0   0.0                                        HGT1 / HGT2 / DHGT  
    87.5 -87.5  -2.5                                        LAT1 / LAT2 / DLAT  
  -180.0 180.0   5.0                                        LON1 / LON2 / DLON  
    -1                                                      EXPONENT            
                                                            END OF HEADER       
[from data line 1287]
     4                                                      START OF TEC MAP    
  2015    11    13     6     0     0                        EPOCH OF CURRENT MAP
    87.5-180.0 180.0   5.0 450.0                            LAT/LON1/LON2/DLON/H
   -1   36   32   31   32   31   34   33   36   35   37   36   37   36   37   35
   37   36   37   35   37   36   36   35   36   35   36   34   35   34   35   33
   35   34   35   33   34   33   34   32   33   32   33   32   33   32   33   32
   33   32   32   30   31   29   29   27   28   25   27   23   25   22   24   21
   23   21   24   23   27   22   25    0   -1                                   
    85.0-180.0 180.0   5.0 450.0                            LAT/LON1/LON2/DLON/H
   36   25   36   30   36   29   39   34   43   37   45   40   47   41   48   41
   47   40   47   39   46   39   45   38   44   38   44   38   43   38   43   37
   43   37   43   37   42   37   42   37   42   38   43   39   43   40   44   40
   45   39   44   37   42   34   39   30   35   27   31   23   27   20   24   17
   21   16   22   19   25   15   29    6   36                                   
    82.5-180.0 180.0   5.0 450.0                            LAT/LON1/LON2/DLON/H
   28   31   33   27   31   28   34   32   37   35   40   38   43   40   45   42
   46   43   46   43   45   42   43   40   41   39   40   38   39   37   38   36
   37   35   37   35   37   36   38   37   40   38   42   40   43   41   45   42
   46   42   46   43   46   42   46   42   44   40   41   38   38   35   35   32
   32   29   30   25   25   21   36    5   28                                   
    80.0-180.0 180.0   5.0 450.0                            LAT/LON1/LON2/DLON/H
   26   29   27   20   19   22   23   29   28   33   32   37   35   39   38   40
   39   40   39   39   37   37   35   34   32   32   31   31   30   31   30   31
   29   31   30   31   29   32   31   32   32   35   36   38   38   41   41   44
   44   46   47   48   48   49   49   48   47   46   44   42   39   36   33   29
   26   23   22   19   16   11   19    3   26                                   
    77.5-180.0 180.0   5.0 450.0                            LAT/LON1/LON2/DLON/H
   26   28   24   20   21   22   23   26   27   29   30   33   34   36   36   38
   37   37   37   36   35   33   32   30   29   27   27   27   27   27   28   28
   29   28   29   29   30   29   31   31   34   35   38   40   43   45   47   49
   50   53   54   57   57   60   59   62   58   61   56   57   50   50   43   42
   35   33   29   27   19   15   25    8   26                                   
    75.0-180.0 180.0   5.0 450.0                            LAT/LON1/LON2/DLON/H
   29   31   30   23   19   23   22   28   25   31   28   34   32   36   35   38
   37   37   36   36   33   32   30   29   26   26   25   27   26   27   28   29
   29   29   29   29   28   28   30   31   33   36   40   43   46   49   53   55
   58   61   64   67   70   73   75   76   77   77   76   74   69   65   60   55
   48   43   40   35   30   22   34   14   29                                   
    72.5-180.0 180.0   5.0 450.0                            LAT/LON1/LON2/DLON/H
   38   34   32   24   25   23   24   24   25   26   27   29   30   30   32   33
   33   32   34   31   31   28   28   26   26   25   26   26   28   28   30   29
   30   28   30   27   28   25   28   27   32   33   40   43   50   52   57   60
   64   67   71   75   77   82   83   87   87   90   88   89   83   80   73   69
   60   55   49   44   38   31   39   21   38                                   
    70.0-180.0 180.0   5.0 450.0                            LAT/LON1/LON2/DLON/H
   42   41   38   30   26   28   24   28   25   27   25   28   28   30   30   32
   32   32   32   31   29   27   26   25   25   25   27   28   31   31   33   32
   32   30   29   26   25   23   24   26   30   34   40   46   53   57   63   66
   73   76   84   86   94   95  103  103  109  107  109  105  104   97   92   82
   76   67   61   56   49   40   45   28   42                                   
    67.5-180.0 180.0   5.0 450.0                            LAT/LON1/LON2/DLON/H
   50   44   43   33   36   31   32   31   31   30   29   29   28   29   28   30
   29   31   30   29   28   25   25   25   26   27   31   34   36   37   39   37
   36   32   31   26   24   21   22   23   28   32   41   47   57   61   70   76
   83   90   96  101  109  114  119  122  126  126  126  123  116  111  103   94
   83   78   69   65   58   49   55   33   50                                   
    65.0-180.0 180.0   5.0 450.0                            LAT/LON1/LON2/DLON/H
   50   48   44   37   34   33   33   33   33   31   31   31   30   31   31   32
   33   33   33   31   30   28   27   27   29   31   34   36   39   39   40   37
   35   31   28   24   22   20   20   22   28   32   42   49   59   67   76   84
   93   99  109  115  125  129  136  137  144  143  146  141  137  127  120  108
   97   86   80   74   67   57   59   40   50                                   
    62.5-180.0 180.0   5.0 450.0                            LAT/LON1/LON2/DLON/H
   55   49   45   35   36   32   35   35   35   35   33   33   30   32   29   32
   30   31   29   29   27   26   25   27   28   31   34   37   38   39   37   35
   32   27   24   19   18   15   17   20   27   33   44   51   63   74   83   92
  100  108  118  126  136  142  149  151  157  156  156  152  146  137  125  117
  102   95   84   80   72   63   66   44   55                                   
    60.0-180.0 180.0   5.0 450.0                            LAT/LON1/LON2/DLON/H
   51   47   40   31   28   25   29   30   33   32   32   32   32   32   32   34
   34   34   32   31   29   28   28   29   31   33   34   35   36   34   32   29
   26   23   20   18   18   17   20   22   31   37   48   56   67   79   89   97
  107  116  128  136  147  150  159  160  169  164  167  160  156  145  137  125
  115  103   95   89   81   70   68   49   51                                   
    57.5-180.0 180.0   5.0 450.0                            LAT/LON1/LON2/DLON/H
   61   48   39   26   26   21   25   26   31   31   32   32   31   32   30   33
   32   32   29   27   24   24   23   25   26   29   30   31   29   28   24   22
   20   17   16   14   15   16   19   25   33   41   53   62   75   87   97  107
  116  129  139  150  158  164  169  170  174  173  173  170  165  156  145  135
  122  114  103   98   89   79   77   56   61                                   
    55.0-180.0 180.0   5.0 450.0                            LAT/LON1/LON2/DLON/H
   67   57   42   28   20   18   20   22   27   27   29   30   31   32   32   34
   34   34   32   30   28   27   28   28   30   30   31   30   28   24   22   20
   20   17   18   16   18   19   25   30   41   49   61   71   84   95  107  115
  129  139  151  158  169  174  179  177  182  179  181  176  174  165  158  148
  138  127  120  110  101   91   87   70   67                                   
    52.5-180.0 180.0   5.0 450.0                            LAT/LON1/LON2/DLON/H
   87   69   55   35   29   19   22   21   26   26   29   30   30   32   31   33
   32   31   28   26   24   24   25   25   27   29   28   28   21   16   14   17
   18   17   18   18   21   25   31   40   50   61   71   85   95  110  119  132
  143  156  164  176  184  189  190  189  189  189  188  187  186  180  173  162
  152  142  133  124  116  105  101   85   87                                   
    50.0-180.0 180.0   5.0 450.0                            LAT/LON1/LON2/DLON/H
  102   88   67   52   38   31   27   26   29   28   29   30   30   32   31   33
   33   32   30   29   28   28   29   29   31   31   31   31   23   19   18   21
   23   21   22   23   27   32   39   50   61   73   85   97  111  121  134  145
  158  168  179  188  199  200  202  198  201  198  198  195  197  192  187  176
  166  156  146  137  128  114  112  102  102                                   
    47.5-180.0 180.0   5.0 450.0                            LAT/LON1/LON2/DLON/H
  123  103   86   68   60   48   43   35   36   32   32   32   32   33   32   32
   32   29   28   26   28   28   31   31   32   34   33   34   27   23   23   28
   27   27   27   31   35   43   50   64   75   92  102  117  126  140  151  163
  174  186  195  205  212  216  215  213  213  211  210  209  209  205  201  189
  178  167  156  147  137  125  121  112  123                                   
    45.0-180.0 180.0   5.0 450.0                            LAT/LON1/LON2/DLON/H
  136  121  103   92   78   70   59   54   47   43   39   38   37   38   35   36
   34   33   32   32   33   34   36   36   37   37   38   38   37   33   33   34
   32   32   34   38   42   51   60   74   88  106  119  130  142  153  166  174
  187  194  202  209  218  219  222  218  220  216  216  213  213  208  203  193
  179  168  154  145  132  122  125  117  136                                   
    42.5-180.0 180.0   5.0 450.0                            LAT/LON1/LON2/DLON/H
  136  127  114  106   98   92   80   76   66   59   50   48   44   42   39   37
   35   31   33   33   36   38   41   42   41   44   42   46   44   44   39   39
   35   38   40   46   50   60   70   89  105  125  136  148  158  170  178  189
  197  203  207  212  220  222  223  221  223  220  218  216  215  210  203  191
  179  166  151  138  123  116  116  110  136                                   
    40.0-180.0 180.0   5.0 450.0                            LAT/LON1/LON2/DLON/H
  126  119  111  110  106  102   93   89   80   72   62   59   55   52   48   45
   41   40   40   42   45   47   48   47   46   46   46   48   48   47   42   40
   37   40   43   49   55   68   80  101  121  140  153  162  174  181  193  199
  206  207  210  212  221  223  225  223  227  224  222  219  218  211  202  192
  177  162  144  128  109   99  102   96  126                                   
    37.5-180.0 180.0   5.0 450.0                            LAT/LON1/LON2/DLON/H
   99  101   93   97   99  100   94   94   87   84   75   71   66   63   58   53
   49   45   47   48   55   56   58   57   54   54   52   54   52   51   45   42
   39   43   46   54   61   75   91  116  137  157  169  179  188  199  207  214
  218  217  218  219  228  230  232  233  236  236  234  230  227  218  208  194
  181  166  147  130  107   93   93   79   99                                   
    35.0-180.0 180.0   5.0 450.0                            LAT/LON1/LON2/DLON/H
   80   77   71   74   79   79   85   85   86   84   79   78   74   73   68   65
   60   58   58   60   65   66   67   64   59   58   55   57   54   53   46   42
   39   41   46   54   63   80   99  128  150  170  185  191  206  213  224  228
  234  234  235  237  244  249  250  252  256  257  255  249  243  234  223  210
  194  178  158  136  109   88   85   66   80                                   
    32.5-180.0 180.0   5.0 450.0                            LAT/LON1/LON2/DLON/H
   69   53   58   60   63   65   70   73   76   78   78   80   81   81   79   75
   72   69   72   71   77   77   79   76   70   66   62   61   58   54   48   41
   40   40   48   56   69   87  111  141  164  185  198  208  223  234  244  249
  256  258  262  267  276  281  284  288  291  295  291  286  276  265  253  242
  227  211  189  167  137  106  100   71   69                                   
    30.0-180.0 180.0   5.0 450.0                            LAT/LON1/LON2/DLON/H
   77   51   44   45   44   49   55   60   63   67   70   76   80   84   84   84
   82   81   82   82   85   85   86   83   78   73   68   64   61   55   50   43
   42   40   45   54   67   90  116  150  171  195  210  225  243  255  268  273
  283  288  297  307  317  323  327  329  334  337  336  330  322  308  297  285
  274  258  231  206  174  142  120   95   77                                   
    27.5-180.0 180.0   5.0 450.0                            LAT/LON1/LON2/DLON/H
  105   71   64   47   41   33   39   41   52   57   64   69   76   82   86   87
   89   88   91   89   92   92   94   93   90   83   79   70   67   59   59   51
   52   46   53   58   74   95  125  157  182  202  221  240  261  277  291  299
  309  320  335  353  366  375  376  377  380  383  383  383  377  370  360  349
  341  325  302  273  235  197  168  150  105                                   
    25.0-180.0 180.0   5.0 450.0                            LAT/LON1/LON2/DLON/H
  157  113   91   75   59   42   35   38   41   48   55   66   71   77   83   87
   88   91   89   89   88   90   92   96   96   90   85   74   67   57   54   50
   57   61   63   66   77   98  125  163  185  211  229  253  278  298  315  323
  336  352  372  397  412  425  424  426  424  429  429  433  431  427  419  409
  402  388  371  345  315  263  225  207  157                                   
    22.5-180.0 180.0   5.0 450.0                            LAT/LON1/LON2/DLON/H
  234  155  137  111   97   76   61   48   50   44   50   51   62   70   77   80
   84   84   85   83   83   86   92  100  103   99   93   74   67   54   53   47
   56   55   70   67   81   99  133  169  194  219  241  265  294  318  337  348
  365  383  410  436  455  465  465  463  460  465  466  476  478  477  471  462
  462  453  447  419  395  352  314  281  234                                   
    20.0-180.0 180.0   5.0 450.0                            LAT/LON1/LON2/DLON/H
  300  222  201  170  142  120  107   87   73   63   58   56   59   62   70   76
   80   80   78   75   74   78   89   98  106  101   91   72   64   56   58   53
   63   57   69   72   81  102  132  174  198  228  250  278  306  336  356  373
  392  416  444  472  488  497  495  493  489  496  499  512  517  517  510  508
  506  504  499  481  459  431  398  364  300                                   
    17.5-180.0 180.0   5.0 450.0                            LAT/LON1/LON2/DLON/H
  384  316  280  231  206  179  154  131  123   93   81   66   65   57   59   57
   66   68   71   67   69   74   88   99  107   97   87   68   60   54   60   60
   66   59   65   72   82  104  137  174  207  236  262  293  323  354  379  397
  420  442  473  498  514  519  515  512  509  516  521  534  540  542  538  534
  531  530  529  517  506  490  464  430  384                                   
    15.0-180.0 180.0   5.0 450.0                            LAT/LON1/LON2/DLON/H
  435  379  356  313  273  242  211  193  170  145  115   99   84   75   66   60
   59   62   65   67   72   75   90   95  101   92   82   65   59   54   64   58
   65   56   63   65   82  105  143  181  217  250  276  307  338  368  396  417
  439  462  488  512  524  529  524  523  522  531  538  549  555  555  550  544
  537  534  532  523  519  509  495  469  435                                   
    12.5-180.0 180.0   5.0 450.0                            LAT/LON1/LON2/DLON/H
  465  431  414  380  347  311  265  236  222  198  173  140  122   98   84   68
   61   56   57   58   62   65   76   83   90   85   77   69   62   62   64   67
   68   64   66   63   80  109  149  186  225  261  289  323  355  384  415  431
  454  470  493  512  523  525  518  518  520  533  541  550  554  552  547  538
  528  525  521  522  518  517  510  490  465                                   
    10.0-180.0 180.0   5.0 450.0                            LAT/LON1/LON2/DLON/H
  469  439  427  405  385  361  327  298  272  245  218  190  163  138  115   93
   78   69   64   61   64   64   74   79   84   82   76   69   68   63   70   64
   72   66   64   62   84  113  155  193  232  266  295  330  364  393  424  443
  460  475  493  509  518  520  516  516  520  532  537  546  544  544  534  527
  513  508  503  502  504  503  497  486  469                                   
     7.5-180.0 180.0   5.0 450.0                            LAT/LON1/LON2/DLON/H
  458  439  434  415  402  383  362  341  320  287  255  234  205  176  151  125
  106   89   79   70   68   64   70   75   81   83   80   83   79   79   75   74
