data/unet/pred3370.15i
     1.0            IONOSPHERE MAPS     GNSS                IONEX VERSION / TYPE
pyspatialgeodesy        IME             05-JAN-18 20:20     PGM / RUN BY / DATE 
Map Name                                                    COMMENT             
Predicted global ionosphere maps (GIM).                     DESCRIPTION         
  2015    12     3     0     0     0                        EPOCH OF FIRST MAP  
  2015    12     4     0     0     0                        EPOCH OF LAST MAP   
  7200                                                      INTERVAL            
    13                                                      # OF MAPS IN FILE   
  NONE                                                      MAPPING FUNCTION    
10.0                                                        ELEVATION CUTOFF    
One-way carrier phase leveled to code                       OBSERVABLES USED    
  6371.0                                                    BASE RADIUS         
 2                                                          MAP DIMENSION       
   450.0 450.0   0.0                                        HGT1 / HGT2 / DHGT  
    87.5 -87.5  -2.5                                        LAT1 / LAT2 / DLAT  
  -180.0 180.0   5.0                                        LON1 / LON2 / DLON  
    -1                                                      EXPONENT            
                                                            END OF HEADER       
[from data line 2145]
     6                                                      START OF TEC MAP    
  2015    12     3    10     0     0                        EPOCH OF CURRENT MAP
    87.5-180.0 180.0   5.0 450.0                            LAT/LON1/LON2/DLON/H
   31   50   39   38   39   38   39   38   39   39   40   40   40   40   39   39
   38   38   38   37   36   36   36   35   35   35   34   34   34   34   33   34
   33   34   33   34   33   34   33   34   33   34   33   33   32   32   31   31
   30   30   29   28   28   27   28   27   28   27   29   27   31   28   32   29
   33   30   34   34   36   33   34   34   31                                   
    85.0-180.0 180.0   5.0 450.0                            LAT/LON1/LON2/DLON/H
   53   54   57   55   59   54   59   57   59   57   59   56   58   55   56   53
   54   52   53   50   51   49   49   48   48   48   47   48   47   47   47   47
   47   46   45   45   44   43   42   40   40   38   37   36   35   34   32   32
   31   30   31   30   32   32   34   33   37   37   39   39   43   42   45   44
   48   46   51   48   52   53   53   47   53                                   
    82.5-180.0 180.0   5.0 450.0                            LAT/LON1/LON2/DLON/H
   46   59   58   59   57   54   56   56   56   54   54   52   51   49   47   46
   44   43   42   41   41   40   40   39   39   39   39   39   40   39   39   39
   38   37   36   35   34   33   31   30   29   27   25   25   23   22   20   20
   19   19   19   19   20   22   23   25   26   29   30   32   34   36   38   39
   41   42   45   46   49   51   51   37   46                                   
    80.0-180.0 180.0   5.0 450.0                            LAT/LON1/LON2/DLON/H
   40   50   51   51   49   51   49   51   47   48   43   45   39   39   34   35
   31   32   29   31   28   31   29   32   30   32   32   35   34   35   35   37
   35   35   34   35   34   33   32   31   29   28   25   25   22   21   18   18
   16   17   15   18   16   20   18   23   21   26   25   29   28   32   31   35
   34   37   37   38   39   41   45   35   40                                   
    77.5-180.0 180.0   5.0 450.0                            LAT/LON1/LON2/DLON/H
   34   39   43   44   44   44   46   45   45   42   40   37   35   31   29   26
   25   22   23   21   23   22   24   24   26   25   28   28   30   30   32   32
   34   33   35   35   37   36   37   35   36   33   33   31   30   28   27   25
   25   23   24   23   24   24   26   26   28   28   31   31   33   32   34   32
   33   33   34   33   34   35   36   22   34                                   
    75.0-180.0 180.0   5.0 450.0                            LAT/LON1/LON2/DLON/H
   29   30   35   36   38   39   41   41   40   37   34   32   27   26   21   21
   17   17   17   19   19   20   22   22   24   23   26   26   27   28   30   32
   34   35   39   40   43   43   46   45   46   44   44   43   41   39   37   36
   33   34   31   33   30   33   31   33   31   34   33   35   33   34   32   32
   31   30   30   29   29   31   32   21   29                                   
    72.5-180.0 180.0   5.0 450.0                            LAT/LON1/LON2/DLON/H
   29   27   30   33   33   33   37   36   37   32   32   27   26   20   21   16
   17   14   17   16   20   19   23   22   25   23   26   25   27   27   30   31
   35   36   42   44   50   51   56   56   59   57   60   57   57   54   52   49
   46   44   42   41   39   39   37   37   35   35   35   34   35   33   34   32
   32   29   30   27   28   26   27   12   29                                   
    70.0-180.0 180.0   5.0 450.0                            LAT/LON1/LON2/DLON/H
   25   21   25   27   29   32   34   36   35   33   30   29   24   23   19   19
   17   17   18   20   22   24   25   26   26   25   25   25   25   27   28   33
   35   40   45   51   56   62   66   71   73   75   75   76   73   71   68   65
   61   57   55   52   50   47   45   41   40   37   37   37   36   37   37   37
   35   35   33   32   29   29   28   17   25                                   
    67.5-180.0 180.0   5.0 450.0                            LAT/LON1/LON2/DLON/H
   28   25   25   27   29   29   34   33   35   32   33   28   28   23   24   21
   22   20   23   23   26   26   28   27   27   24   24   22   24   24   28   30
   36   40   48   53   61   67   75   79   85   87   91   89   89   86   82   77
   73   67   63   59   54   49   46   41   38   34   34   32   34   34   37   36
   37   35   36   34   33   29   30   12   28                                   
    65.0-180.0 180.0   5.0 450.0                            LAT/LON1/LON2/DLON/H
   28   26   25   28   27   32   32   37   34   36   32   33   29   30   26   28
   25   27   26   29   29   31   30   30   27   25   24   24   22   25   27   34
   38   45   52   62   68   77   83   94   96  103  104  107  103  103   97   94
   86   82   75   69   63   55   51   43   40   34   34   33   33   35   36   39
   38   41   40   42   38   37   37   23   28                                   
    62.5-180.0 180.0   5.0 450.0                            LAT/LON1/LON2/DLON/H
   34   33   30   31   30   30   34   35   36   35   35   34   34   31   33   31
   31   29   30   29   31   29   29   27   26   21   21   20   22   22   28   32
   41   47   57   65   74   81   90   97  105  108  113  114  115  112  110  104
   98   90   85   75   68   57   52   42   39   31   31   28   30   30   34   35
   38   38   41   40   42   40   41   23   34                                   
    60.0-180.0 180.0   5.0 450.0                            LAT/LON1/LON2/DLON/H
   37   36   33   34   31   33   33   37   34   36   33   35   32   34   32   34
   31   31   28   29   27   28   25   26   22   22   20   22   23   27   32   41
   47   57   64   75   81   92   98  108  111  117  119  124  122  123  118  117
  109  105   96   89   78   66   59   49   43   36   34   32   32   33   33   37
   36   41   41   46   45   47   45   31   37                                   
    57.5-180.0 180.0   5.0 450.0                            LAT/LON1/LON2/DLON/H
   42   44   40   39   36   35   36   36   35   34   33   32   32   31   33   32
   32   28   28   24   24   21   21   20   19   18   19   19   24   27   36   43
   54   62   71   79   87   96  103  109  114  118  122  124  127  127  127  123
  120  114  109   97   88   74   66   56   50   42   41   37   36   34   35   35
   36   37   41   43   47   48   49   33   42                                   
    55.0-180.0 180.0   5.0 450.0                            LAT/LON1/LON2/DLON/H
   48   48   45   44   39   39   37   38   34   34   30   32   27   30   28   30
   26   27   22   22   17   18   16   19   18   21   20   26   28   36   44   56
   64   75   82   94   99  108  112  119  121  126  127  133  132  137  133  135
  129  129  120  113  100   89   78   69   62   57   53   50   47   44   41   39
   37   39   41   46   48   52   53   43   48                                   
    52.5-180.0 180.0   5.0 450.0                            LAT/LON1/LON2/DLON/H
   52   56   51   50   46   44   42   41   37   35   31   29   28   27   27   27
   27   23   22   18   17   14   16   17   20   20   24   27   34   40   50   61
   72   83   91  102  107  114  118  122  125  129  133  136  141  142  144  142
  143  138  134  123  114  101   92   82   77   71   68   64   60   55   51   46
   43   41   44   45   50   53   57   46   52                                   
    50.0-180.0 180.0   5.0 450.0                            LAT/LON1/LON2/DLON/H
   61   60   57   57   52   51   47   47   41   39   33   32   27   27   25   28
   25   26   20   21   16   19   17   23   23   29   30   38   42   52   60   73
   82   97  103  117  120  127  130  136  137  140  141  146  146  153  151  156
  152  153  144  139  126  117  105   99   92   88   85   82   77   72   65   59
   53   50   49   53   54   59   61   55   61                                   
    47.5-180.0 180.0   5.0 450.0                            LAT/LON1/LON2/DLON/H
   67   68   62   62   59   58   56   54   49   46   40   37   31   30   29   29
   29   27   27   24   23   23   25   27   29   32   37   42   48   55   64   75
   85  100  109  121  127  134  138  142  145  147  149  150  154  156  161  160
  163  158  156  147  138  127  117  108  103   98   95   92   88   83   77   70
   65   59   59   57   60   61   66   57   67                                   
    45.0-180.0 180.0   5.0 450.0                            LAT/LON1/LON2/DLON/H
   73   70   68   69   67   68   65   65   60   58   51   47   39   38   34   36
   34   37   34   37   32   36   34   39   38   43   46   54   57   66   72   84
   92  109  118  132  139  148  154  160  160  161  159  162  161  166  167  170
  167  166  159  155  143  135  121  116  106  104   99   98   93   91   85   82
   75   71   66   68   66   67   70   65   73                                   
    42.5-180.0 180.0   5.0 450.0                            LAT/LON1/LON2/DLON/H
   76   74   68   72   69   72   72   72   70   68   63   58   51   47   44   44
   44   45   46   45   45   44   45   45   46   48   53   57   64   69   76   83
   94  108  120  133  145  155  164  168  170  168  167  165  166  167  171  169
  171  165  163  154  147  134  124  113  105   99   95   93   92   90   89   88
   84   79   76   72   71   69   72   64   76                                   
    40.0-180.0 180.0   5.0 450.0                            LAT/LON1/LON2/DLON/H
   76   69   70   72   74   77   78   81   80   80   76   73   65   61   55   57
   55   60   58   62   57   58   54   56   54   57   61   68   74   78   83   91
  100  114  127  142  157  167  178  183  183  180  177  174  173  175  175  176
  171  169  163  159  148  139  124  115  103   98   91   90   88   89   88   90
   87   85   80   79   74   72   72   63   76                                   
    37.5-180.0 180.0   5.0 450.0                            LAT/LON1/LON2/DLON/H
   73   68   63   69   69   75   77   81   84   86   86   83   77   74   68   68
   68   71   71   71   68   66   63   60   60   60   67   72   80   83   88   93
  102  115  129  145  161  174  185  189  190  186  183  178  178  179  180  178
  177  172  171  164  160  146  136  119  111   98   93   87   87   86   88   90
   90   87   84   78   76   71   71   57   73                                   
    35.0-180.0 180.0   5.0 450.0                            LAT/LON1/LON2/DLON/H
   69   59   60   61   65   71   75   82   86   92   94   94   90   87   82   82
   79   83   81   83   77   77   69   68   63   67   73   84   91   97  100  107
  113  127  141  159  175  187  198  202  202  200  195  193  191  193  193  193
  189  189  185  184  175  167  153  140  125  113  103   98   92   91   90   94
   92   90   84   81   75   70   69   52   69                                   
    32.5-180.0 180.0   5.0 450.0                            LAT/LON1/LON2/DLON/H
   60   54   47   52   53   60   65   73   80   88   93   96   96   93   90   89
   88   89   88   90   84   81   73   68   66   68   78   89  100  107  111  116
  123  137  151  168  183  197  207  211  211  208  205  204  205  207  210  209
  210  209  213  209  209  196  189  170  161  144  134  122  115  108  104  102
   98   92   87   79   77   67   66   49   60                                   
    30.0-180.0 180.0   5.0 450.0                            LAT/LON1/LON2/DLON/H
   59   46   43   42   47   51   58   66   75   85   92   99   99   99   97   97
   95   96   95   95   90   86   76   72   67   75   85  101  114  125  130  140
  145  159  173  188  203  213  222  225  226  226  224  226  228  234  237  239
  240  244  247  250  250  244  231  217  202  186  172  162  151  143  130  124
  113  104   92   86   78   70   64   46   59                                   
    27.5-180.0 180.0   5.0 450.0                            LAT/LON1/LON2/DLON/H
   57   48   37   38   37   42   46   55   63   74   84   91   95   96   97   96
   95   96   94   94   88   84   75   70   70   77   91  107  121  137  146  157
  166  180  192  209  220  234  240  244  245  247  250  254  263  267  276  274
  280  282  292  296  302  297  288  268  255  236  222  206  195  182  170  156
  140  125  108   96   91   78   71   50   57                                   
    25.0-180.0 180.0   5.0 450.0                            LAT/LON1/LON2/DLON/H
   61   48   42   39   38   38   40   46   55   66   76   85   89   93   93   95
   94   95   92   92   87   82   75   72   73   81   95  113  131  151  165  182
  191  206  217  231  244  252  261  262  264  267  273  282  292  304  308  315
  316  325  333  345  353  355  347  330  313  295  275  257  238  223  207  192
  172  152  133  123  108   96   83   65   61                                   
    22.5-180.0 180.0   5.0 450.0                            LAT/LON1/LON2/DLON/H
   72   66   52   49   42   42   37   41   45   56   64   72   78   82   85   86
   87   86   85   84   80   76   72   71   74   84   97  115  135  157  179  196
  211  224  238  252  264  278  282  287  286  294  300  312  326  337  349  350
  361  363  382  387  403  403  402  385  372  350  332  310  290  267  250  228
  208  187  164  149  134  116  105   83   72                                   
    20.0-180.0 180.0   5.0 450.0                            LAT/LON1/LON2/DLON/H
   87   82   72   65   56   50   45   45   45   50   56   64   68   74   76   80
   79   80   78   78   74   73   71   72   76   86  101  119  139  168  185  213
  225  244  257  272  284  293  298  301  303  309  316  331  348  365  376  381
  391  401  418  428  440  444  442  427  415  395  378  356  335  312  289  270
  251  224  199  178  162  144  125  109   87                                   
    17.5-180.0 180.0   5.0 450.0                            LAT/LON1/LON2/DLON/H
  109  110   94   86   72   63   54   51   48   50   49   55   57   64   67   70
   69   70   69   69   67   68   68   71   75   85   99  118  142  168  194  218
  240  255  272  289  297  310  311  321  319  327  336  355  377  393  408  410
  423  427  450  452  465  463  466  451  440  422  404  383  363  339  318  298
  279  259  232  207  188  173  151  133  109                                   
    15.0-180.0 180.0   5.0 450.0                            LAT/LON1/LON2/DLON/H
  129  124  113  104   94   80   69   64   58   56   51   52   52   57   60   64
   64   65   63   65   64   67   68   71   81   91  108  127  147  178  200  233
  251  271  287  304  313  322  327  333  336  344  359  381  401  421  428  434
  439  450  462  469  474  474  473  461  453  434  420  397  377  350  332  312
  299  279  258  230  213  192  177  166  129                                   
    12.5-180.0 180.0   5.0 450.0                            LAT/LON1/LON2/DLON/H
  148  143  126  123  108   97   83   75   68   63   57   55   52   56   56   60
   59   60   58   60   60   62   67   71   82   91  112  130  157  185  212  241
  262  283  302  319  327  338  342  353  353  366  377  402  419  437  442  445
  451  454  463  464  467  462  458  447  438  423  408  387  366  345  327  312
  299  285  266  244  225  211  195  185  148                                   
    10.0-180.0 180.0   5.0 450.0                            LAT/LON1/LON2/DLON/H
  159  146  132  128  120  109   96   86   82   75   70   62   59   57   57   58
   58   58   59   58   62   63   73   77   90  104  123  147  168  200  223  253
  269  296  314  332  342  353  363  372  378  388  398  416  430  441  442  443
  443  450  455  458  456  450  444  434  426  411  396  375  357  335  320  307
  297  283  267  248  233  218  207  204  159                                   
     7.5-180.0 180.0   5.0 450.0                            LAT/LON1/LON2/DLON/H
  164  151  132  133  122  117  107   99   94   87   81   72   68   63   61   58
   60   59   62   61   67   67   78   81   98  109  134  156  181  211  233  256
