data/unet/pred0320.15i
     1.0            IONOSPHERE MAPS     GNSS                IONEX VERSION / TYPE
pyspatialgeodesy        IME             05-JAN-18 20:20     PGM / RUN BY / DATE 
Map Name                                                    COMMENT             
Predicted global ionosphere maps (GIM).                     DESCRIPTION         
  2015     2     1     0     0     0                        EPOCH OF FIRST MAP  
  2015     2     2     0     0     0                        EPOCH OF LAST MAP   
  7200                                                      INTERVAL            
    13                                                      # OF MAPS IN FILE   
  NONE                                                      MAPPING FUNCTION    
10.0                                                        ELEVATION CUTOFF    
One-way carrier phase leveled to code                       OBSERVABLES USED    
  6371.0                                                    BASE RADIUS         
 2                                                          MAP DIMENSION       
   450.0 450.0   0.0                                        HGT1 / HGT2 / DHGT  
    87.5 -87.5  -2.5                                        LAT1 / LAT2 / DLAT  
  -180.0 180.0   5.0                                        LON1 / LON2 / DLON  
    -1                                                      EXPONENT            
                                                            END OF HEADER       
[from data line 858]
     3                                                      START OF TEC MAP    
  2015     2     1     4     0     0                        EPOCH OF CURRENT MAP
    87.5-180.0 180.0   5.0 450.0                            LAT/LON1/LON2/DLON/H
   99  120  102  100   94   93   91   92   91   91   89   90   87   89   85   88
   84   87   83   84   80   81   78   78   75   75   73   72   71   70   69   67
   69   67   69   66   70   67   71   69   73   72   76   75   79   79   81   82
   84   85   87   88   89   91   92   93   94   96   96   98   99  100  100  101
  101  101  101  102  102  104  120  106   99                                   
    85.0-180.0 180.0   5.0 450.0                            LAT/LON1/LON2/DLON/H
  126  115   99  101   93   92   90   92   89   91   87   90   86   89   85   87
   83   84   80   79   75   74   70   68   66   64   62   60   59   58   57   57
   58   58   58   58   61   61   64   64   67   68   71   72   74   76   78   80
   82   84   86   89   91   95   97  100  102  105  107  109  112  112  114  113
  115  113  114  112  113  110  121  127  126                                   
    82.5-180.0 180.0   5.0 450.0                            LAT/LON1/LON2/DLON/H
  120  101  101   98   94   87   90   87   89   86   89   87   89   88   88   87
   86   82   81   75   73   66   63   56   53   47   45   41   41   38   38   37
   40   39   42   43   47   49   53   55   60   62   65   68   71   73   76   78
   81   83   87   90   93   97  102  105  111  113  120  120  127  125  130  127
  129  126  127  122  122  117  127  118  120                                   
    80.0-180.0 180.0   5.0 450.0                            LAT/LON1/LON2/DLON/H
  129  111  106  103   97   92   89   89   88   91   91   95   95   98   97   99
   97   94   91   86   81   75   69   62   55   50   43   41   38   38   37   40
   41   45   47   52   55   60   63   69   71   76   75   80   79   82   81   84
   85   89   91   96  101  106  112  118  125  131  139  144  151  154  156  157
  157  156  153  151  146  137  138  128  129                                   
    77.5-180.0 180.0   5.0 450.0                            LAT/LON1/LON2/DLON/H
  137  116  109  104   95   90   86   85   84   86   87   92   93   98   97  100
   97   96   90   87   79   74   66   61   50   45   38   37   34   35   35   40
   42   48   51   58   62   68   71   77   78   81   81   83   80   82   79   82
   79   85   85   95   97  108  116  128  137  150  159  169  175  182  182  183
  181  179  174  171  166  155  150  137  137                                   
    75.0-180.0 180.0   5.0 450.0                            LAT/LON1/LON2/DLON/H
  146  129  115  107   97   90   85   82   81   84   86   91   93   98   99  101
  101   97   94   86   81   73   66   58   49   43   38   36   36   37   40   44
   49   55   60   68   71   79   81   86   86   88   87   87   84   84   80   81
   79   82   85   91   96  107  119  132  144  159  171  183  193  199  201  202
  200  197  193  188  182  170  162  148  146                                   
    72.5-180.0 180.0   5.0 450.0                            LAT/LON1/LON2/DLON/H
  158  139  128  115  103   93   88   82   83   81   87   90   96   98  102  102
  101   97   91   86   79   74   66   59   52   47   43   43   44   46   50   55
   60   67   72   79   82   87   88   91   89   90   88   87   84   81   78   76
   75   78   82   89   97  112  124  141  154  171  184  198  207  216  217  220
  216  215  209  204  196  187  179  164  158                                   
    70.0-180.0 180.0   5.0 450.0                            LAT/LON1/LON2/DLON/H
  172  158  142  129  115  104   96   90   86   87   88   92   93   96   96   97
   95   89   87   78   78   69   67   59   59   54   56   54   59   60   65   68
   75   78   84   87   91   92   93   92   91   89   88   85   81   77   75   72
   74   77   85   94  107  121  136  151  168  182  196  207  219  225  229  232
  230  228  224  219  211  199  195  178  172                                   
    67.5-180.0 180.0   5.0 450.0                            LAT/LON1/LON2/DLON/H
  189  175  166  147  129  116  107   98   93   89   91   90   94   91   92   89
   85   81   76   74   69   67   64   63   63   63   66   68   73   77   80   84
   86   89   89   92   91   92   90   89   85   84   81   80   74   71   69   69
   72   78   90  105  118  133  148  166  179  195  206  217  226  234  236  239
  236  236  231  227  221  213  209  194  189                                   
    65.0-180.0 180.0   5.0 450.0                            LAT/LON1/LON2/DLON/H
  206  195  183  168  149  135  122  113  105  101   96   96   91   89   83   80
   76   71   70   65   67   62   66   63   71   69   78   78   85   86   90   90
   92   90   91   88   88   84   81   77   76   74   73   70   67   65   66   66
   74   86  103  118  137  151  170  183  199  209  221  229  239  243  244  243
  243  241  238  234  230  222  221  208  206                                   
    62.5-180.0 180.0   5.0 450.0                            LAT/LON1/LON2/DLON/H
  219  207  200  183  163  147  134  123  113  108  101   98   94   87   83   76
   72   68   64   64   62   63   64   68   72   77   83   87   91   93   93   93
   90   89   85   82   77   73   68   64   64   63   63   61   60   60   63   68
   82   98  117  135  154  171  187  201  214  225  232  241  248  249  247  246
  243  240  237  235  233  231  232  223  219                                   
    60.0-180.0 180.0   5.0 450.0                            LAT/LON1/LON2/DLON/H
  230  221  211  197  175  159  144  135  122  115  106  102   93   86   80   72
   72   65   66   62   64   61   64   65   72   73   81   83   90   88   90   86
   86   79   76   69   64   58   55   52   52   52   54   54   55   57   63   74
   92  112  134  153  176  191  208  219  232  237  246  252  258  256  253  249
  248  243  241  239  239  235  238  231  230                                   
    57.5-180.0 180.0   5.0 450.0                            LAT/LON1/LON2/DLON/H
  241  227  221  205  181  166  148  137  123  115  105  102   96   88   85   79
   78   73   69   67   65   63   62   63   65   68   71   75   78   80   80   78
   74   69   64   57   54   48   47   44   46   47   51   52   55   59   68   83
  105  127  151  173  194  209  223  234  244  252  257  262  266  265  259  257
  250  246  242  241  242  243  247  242  241                                   
    55.0-180.0 180.0   5.0 450.0                            LAT/LON1/LON2/DLON/H
  254  239  229  217  191  175  154  143  125  116  107  100   95   86   85   77
   81   74   76   69   68   61   60   56   59   59   63   64   69   67   70   65
   66   60   58   53   52   46   45   44   46   48   52   54   57   62   75   94
  117  141  166  190  212  226  242  248  260  266  270  274  277  276  271  267
  262  257  254  253  253  252  253  249  254                                   
    52.5-180.0 180.0   5.0 450.0                            LAT/LON1/LON2/DLON/H
  272  251  242  227  200  184  161  145  125  114  104   99   94   89   88   85
   87   83   79   74   67   61   54   52   51   53   54   57   59   60   60   60
   60   58   58   56   55   52   52   52   54   57   60   63   66   74   88  110
  133  159  186  208  229  243  254  263  272  278  280  286  290  291  285  280
  272  268  266  266  267  266  265  263  272                                   
    50.0-180.0 180.0   5.0 450.0                            LAT/LON1/LON2/DLON/H
  295  272  258  245  218  199  172  154  131  118  105   96   90   83   84   80
   85   78   80   70   68   57   53   48   50   49   53   54   59   57   61   60
   64   62   66   64   66   64   64   63   65   68   69   72   75   86  103  125
  148  176  202  227  248  259  271  278  287  293  294  301  304  307  302  296
  291  287  285  283  282  277  273  267  295                                   
    47.5-180.0 180.0   5.0 450.0                            LAT/LON1/LON2/DLON/H
  310  284  277  262  237  220  191  168  142  126  111  101   93   87   85   82
   84   80   77   71   65   59   52   51   51   55   58   62   64   65   67   69
   72   75   78   79   80   79   79   78   79   81   82   85   89  103  120  142
  168  196  221  243  261  276  283  293  297  305  305  312  317  318  312  307
  299  297  294  293  292  286  281  276  310                                   
    45.0-180.0 180.0   5.0 450.0                            LAT/LON1/LON2/DLON/H
  323  301  287  280  257  238  211  185  155  137  118  107   95   86   83   77
   81   73   76   67   69   60   62   59   65   66   73   73   77   75   77   77
   82   84   90   89   93   90   91   89   89   90   91   94  102  118  135  160
  186  212  239  260  277  292  300  310  314  320  320  327  327  327  319  313
  306  303  301  299  297  287  284  275  323                                   
    42.5-180.0 180.0   5.0 450.0                            LAT/LON1/LON2/DLON/H
  319  296  294  286  269  252  227  205  173  152  132  119  106   96   90   83
   83   78   79   75   76   75   75   78   82   88   90   93   91   91   87   89
   89   94   96   99   99  100   98   98   98   98  100  105  117  132  152  179
  206  232  254  275  291  310  318  328  330  334  332  335  335  330  321  313
  304  302  298  297  295  286  284  279  319                                   
    40.0-180.0 180.0   5.0 450.0                            LAT/LON1/LON2/DLON/H
  312  293  282  282  269  253  233  211  183  162  143  130  117  103   97   86
   88   81   88   84   93   91  100  100  107  107  110  107  105   99   96   93
   95   95  100  100  104  102  103  103  103  103  106  115  127  144  165  194
  222  247  269  289  308  326  338  349  353  354  351  351  347  339  327  318
  310  305  302  297  292  282  284  274  312                                   
    37.5-180.0 180.0   5.0 450.0                            LAT/LON1/LON2/DLON/H
  295  277  272  265  253  246  229  215  191  173  154  142  129  120  110  102
  101   99  104  107  113  118  120  124  124  127  123  121  113  109  100   97
   94   96   96   98   99  102  103  106  107  109  115  124  137  154  180  208
  235  257  276  300  321  342  357  368  373  373  369  367  361  351  339  329
  320  317  311  304  294  282  283  278  295                                   
    35.0-180.0 180.0   5.0 450.0                            LAT/LON1/LON2/DLON/H
  297  274  257  248  235  227  215  202  185  171  157  148  137  127  122  112
  116  112  123  126  137  138  145  140  141  137  133  127  121  112  104   98
   96   94   95   93   96   98  102  105  109  112  120  129  142  162  188  219
  245  266  286  308  334  358  378  392  400  400  397  391  385  375  365  357
  351  346  343  331  318  301  299  288  297                                   
    32.5-180.0 180.0   5.0 450.0                            LAT/LON1/LON2/DLON/H
  313  279  258  237  217  212  198  190  174  166  155  149  140  136  130  129
  129  134  140  148  155  159  159  155  149  144  136  131  123  116  106  100
   95   92   92   91   93   97  102  108  113  117  125  133  148  166  195  223
  251  271  290  315  346  374  399  416  424  425  424  421  417  411  404  400
  394  393  389  376  358  344  325  317  313                                   
    30.0-180.0 180.0   5.0 450.0                            LAT/LON1/LON2/DLON/H
  360  315  283  248  219  203  183  172  159  154  147  143  140  135  136  132
  140  141  153  156  168  165  165  154  149  142  137  133  129  121  112  105
  102   99   97   92   92   94  101  108  114  117  124  135  151  171  199  229
  255  278  298  324  357  391  422  445  456  459  458  456  460  458  460  458
  460  459  460  442  421  404  387  370  360                                   
    27.5-180.0 180.0   5.0 450.0                            LAT/LON1/LON2/DLON/H
  430  382  340  285  242  216  186  171  155  150  142  140  134  136  133  138
  139  147  153  160  162  160  151  144  137  136  135  137  133  130  123  120
  118  116  110  101   96   97  102  110  115  118  123  134  154  175  206  234
  262  284  308  336  370  404  439  462  479  486  490  491  496  502  509  516
  523  529  531  512  495  486  462  445  430                                   
    25.0-180.0 180.0   5.0 450.0                            LAT/LON1/LON2/DLON/H
  529  492  438  384  317  268  226  195  170  155  144  137  134  132  134  131
  138  137  146  145  148  141  137  131  132  136  142  146  149  145  143  140
  142  135  131  114  103   98  100  104  110  110  118  128  151  178  211  245
  277  303  331  361  396  431  464  487  507  513  524  526  541  551  572  585
  601  610  615  600  577  574  560  543  529                                   
    22.5-180.0 180.0   5.0 450.0                            LAT/LON1/LON2/DLON/H
  621  594  554  499  429  367  295  244  206  179  158  147  137  139  132  135
  131  132  131  131  127  123  120  125  132  147  154  167  171  171  170  168
  164  153  142  127  115  107  104  103  104  107  114  129  152  184  221  257
  293  321  353  383  432  468  503  530  550  564  577  586  601  621  645  667
  685  697  702  680  659  662  658  643  621                                   
    20.0-180.0 180.0   5.0 450.0                            LAT/LON1/LON2/DLON/H
  724  706  668  615  555  497  419  357  282  231  194  172  159  152  145  138
  133  123  121  116  116  115  121  132  153  172  191  203  209  203  198  187
  181  161  158  141  127  113  105   99   97  101  111  127  155  193  236  273
  311  342  380  416  467  506  542  566  589  607  625  640  664  687  714  736
  758  771  777  764  747  758  748  752  724                                   
    17.5-180.0 180.0   5.0 450.0                            LAT/LON1/LON2/DLON/H
  808  811  778  731  678  617  544  474  399  328  264  223  199  188  168  162
  142  136  124  122  119  125  136  161  187  219  236  253  254  243  227  205
  193  174  167  150  138  119  109  100   96  101  109  131  164  209  254  292
  331  365  406  451  503  542  573  599  626  650  676  692  718  741  766  786
  805  818  831  829  820  832  830  824  808                                   
    15.0-180.0 180.0   5.0 450.0                            LAT/LON1/LON2/DLON/H
  872  892  869  834  781  724  651  583  509  439  374  323  268  244  216  202
  179  167  153  150  153  165  187  220  253  282  299  299  290  261  239  212
  199  186  179  158  143  123  110  101   97   98  109  132  172  218  267  305
  349  385  431  477  525  560  591  617  647  679  703  727  750  773  792  808
  819  838  851  856  860  868  872  866  872                                   
    12.5-180.0 180.0   5.0 450.0                            LAT/LON1/LON2/DLON/H
  894  921  927  904  871  811  750  684  614  557  495  442  388  349  302  275
  247  237  223  221  224  244  263  306  333  357  357  350  317  282  249  222
  209  193  184  164  151  131  118  109  102  102  113  139  183  232  278  321
  363  404  449  496  537  569  595  619  659  689  721  739  761  775  791  796
  806  821  840  848  859  877  879  872  894                                   
    10.0-180.0 180.0   5.0 450.0                            LAT/LON1/LON2/DLON/H
  896  927  933  934  894  867  805  755  688  641  587  539  494  456  410  383
  341  331  315  329  333  358  376  407  416  416  401  366  325  278  242  221
  204  192  182  168  152  137  125  114  109  107  115  144  188  235  283  323
  368  407  452  496  533  562  588  613  656  688  717  740  762  775  783  787
  790  802  817  830  842  853  856  852  896                                   
     7.5-180.0 180.0   5.0 450.0                            LAT/LON1/LON2/DLON/H
  865  896  917  914  906  875  836  785  736  690  651  616  580  560  516  501
  455  452  428  442  434  459  464  478  468  456  418  373  317  274  243  222
