data/unet/pred2320.15i
     1.0            IONOSPHERE MAPS     GNSS                IONEX VERSION / TYPE
pyspatialgeodesy        IME             05-JAN-18 20:20     PGM / RUN BY / DATE 
Map Name                                                    COMMENT             
Predicted global ionosphere maps (GIM).                     DESCRIPTION         
  2015     8    20     0     0     0                        EPOCH OF FIRST MAP  
  2015     8    21     0     0     0                        EPOCH OF LAST MAP   
  7200                                                      INTERVAL            
    13                                                      # OF MAPS IN FILE   
  NONE                                                      MAPPING FUNCTION    
10.0                                                        ELEVATION CUTOFF    
One-way carrier phase leveled to code                       OBSERVABLES USED    
  6371.0                                                    BASE RADIUS         
 2                                                          MAP DIMENSION       
   450.0 450.0   0.0                                        HGT1 / HGT2 / DHGT  
    87.5 -87.5  -2.5                                        LAT1 / LAT2 / DLAT  
  -180.0 180.0   5.0                                        LON1 / LON2 / DLON  
    -1                                                      EXPONENT            
                                                            END OF HEADER       
[from data line 3003]
     8                                                      START OF TEC MAP    
  2015     8    20    14     0     0                        EPOCH OF CURRENT MAP
    87.5-180.0 180.0   5.0 450.0                            LAT/LON1/LON2/DLON/H
   87  103  108  109  108  109  109  110  110  111  110  111  111  111  111  111
  111  111  110  111  110  111  110  110  109  110  109  109  108  109  107  108
  106  107  106  107  105  107  105  107  105  107  106  107  106  106  105  106
  105  106  105  106  105  106  105  106  105  105  104  105  105  105  104  105
  105  105  106  106  106  108  116  107   87                                   
    85.0-180.0 180.0   5.0 450.0                            LAT/LON1/LON2/DLON/H
   92  102  101   96   99   99  101   99  102  101  103  101  104  102  104  102
  105  102  105  102  105  102  104  102  104  102  104  101  103  101  103  100
  102  100  102  100  102  101  102  100  101  100  101   99  101   99   99   97
   99   96   98   95   97   94   96   93   95   93   94   92   95   92   94   92
   96   94   96   95   99   99  102  103   92                                   
    82.5-180.0 180.0   5.0 450.0                            LAT/LON1/LON2/DLON/H
   97   94   93   90   92   90   93   91   95   93   96   94   97   96   98   97
   99   97   99   98  101   98  101   99  102  100  102  101  102  101  101  101
  100  101   99  101   99  100   98   99   98   99   97   98   98   97   97   96
   96   96   95   95   94   93   93   92   91   90   89   89   88   89   88   89
   89   90   90   91   91   90   92   87   97                                   
    80.0-180.0 180.0   5.0 450.0                            LAT/LON1/LON2/DLON/H
   87   89   87   89   88   90   89   91   90   92   91   93   91   93   92   94
   93   95   94   97   96   99   98  101   99  102   99  102   99  102   98  101
   97  100   96   99   97  100   97  101   98  102   99  102   99  102   98  100
   97   99   96   97   94   95   92   92   89   89   86   87   84   85   82   84
   82   85   83   87   84   86   82   83   87                                   
    77.5-180.0 180.0   5.0 450.0                            LAT/LON1/LON2/DLON/H
   76   82   82   82   83   86   84   87   85   86   85   86   85   85   86   86
   87   88   90   91   93   94   97   98   99  100  101  100   99   98   98   97
   95   95   93   95   92   96   94   98   95   99   96   99   96   99   96   98
   95   97   94   95   92   92   89   89   86   86   82   82   79   80   77   78
   77   78   77   78   78   76   75   74   76                                   
    75.0-180.0 180.0   5.0 450.0                            LAT/LON1/LON2/DLON/H
   71   77   77   79   80   81   83   82   83   81   82   79   81   78   81   79
   81   81   85   85   89   91   95   95   98   99  101   99  100   98   97   94
   93   92   91   91   91   93   93   94   94   96   96   96   96   96   96   95
   95   95   94   92   91   90   89   86   84   83   81   78   77   75   74   73
   73   73   74   73   74   72   73   72   71                                   
    72.5-180.0 180.0   5.0 450.0                            LAT/LON1/LON2/DLON/H
   65   73   73   72   75   78   78   79   79   79   78   77   75   75   74   76
   75   78   80   83   85   89   92   95   97   99  101  102  101  100   99   97
   95   93   91   91   90   93   92   95   93   97   94   97   93   96   93   95
   92   94   92   93   90   91   87   86   82   81   76   76   72   72   70   70
   69   69   70   71   70   68   68   66   65                                   
    70.0-180.0 180.0   5.0 450.0                            LAT/LON1/LON2/DLON/H
   63   67   66   67   71   72   75   74   77   73   76   71   73   70   72   71
   72   73   76   77   81   83   88   90   94   96   99  100  101  100   99   97
   95   93   91   91   91   92   93   95   95   97   95   95   93   93   91   91
   90   91   90   90   89   89   87   84   82   78   76   72   70   67   67   65
   66   65   67   66   67   64   66   63   63                                   
    67.5-180.0 180.0   5.0 450.0                            LAT/LON1/LON2/DLON/H
   59   63   61   60   64   67   69   71   72   72   72   72   71   71   70   71
   71   72   73   75   77   80   83   86   90   93   97   99  101  101  101  100
   98   96   95   94   94   94   95   96   95   97   94   95   90   90   88   88
   87   89   88   89   87   87   83   82   77   75   71   69   65   64   61   61
   59   60   60   62   61   59   60   56   59                                   
    65.0-180.0 180.0   5.0 450.0                            LAT/LON1/LON2/DLON/H
   58   55   52   53   57   60   65   66   70   69   72   70   72   71   73   71
   73   72   73   73   75   76   79   81   86   89   94   96   99  100  101  100
  100   98   97   95   96   95   96   97   98   97   96   93   90   88   87   85
   86   87   87   87   87   86   84   81   78   73   70   66   64   60   59   56
   56   55   56   56   57   54   57   52   58                                   
    62.5-180.0 180.0   5.0 450.0                            LAT/LON1/LON2/DLON/H
   55   51   47   47   50   54   59   62   66   68   70   72   73   74   74   75
   74   74   73   74   74   74   76   78   81   85   90   95   99  101  104  105
  105  104  102  101  100  100  100  101  100  101   97   96   91   90   87   87
   86   88   87   89   86   87   82   81   76   73   68   67   61   59   55   54
   50   51   51   52   51   49   52   45   55                                   
    60.0-180.0 180.0   5.0 450.0                            LAT/LON1/LON2/DLON/H
   53   43   40   41   44   48   53   56   62   64   68   70   74   74   77   77
   78   75   75   73   73   71   72   74   77   80   86   91   97  100  104  106
  108  106  105  104  103  102  102  103  103  102  100   98   95   91   90   89
   90   90   91   91   91   88   86   83   81   75   71   68   64   59   56   52
   50   48   48   48   48   46   49   41   53                                   
    57.5-180.0 180.0   5.0 450.0                            LAT/LON1/LON2/DLON/H
   52   44   38   38   40   44   48   52   57   61   65   69   72   75   77   80
   79   78   76   75   73   72   72   73   76   79   84   91   97  102  108  112
  114  114  113  112  110  109  109  110  109  110  108  105  103  100   98   97
   98   98   98   98   96   94   91   89   86   82   77   74   68   63   58   54
   49   48   46   47   46   45   46   36   52                                   
    55.0-180.0 180.0   5.0 450.0                            LAT/LON1/LON2/DLON/H
   51   39   36   36   38   40   45   46   52   55   61   64   69   71   76   78
   79   78   77   74   73   71   71   72   74   77   82   88   95  102  109  114
  118  118  118  116  114  113  114  113  115  114  114  111  110  107  107  106
  107  107  107  104  103   99   98   94   93   88   86   79   74   68   63   56
   52   49   47   47   48   46   47   35   51                                   
    52.5-180.0 180.0   5.0 450.0                            LAT/LON1/LON2/DLON/H
   53   45   39   38   38   40   42   45   48   53   58   64   68   72   76   79
   79   80   78   77   76   74   74   76   78   80   85   91   99  106  115  121
  126  128  127  127  124  124  122  123  123  125  123  122  120  118  118  117
  117  118  116  114  111  108  105  103  101  100   95   91   83   77   70   64
   57   54   50   51   49   47   48   36   53                                   
    50.0-180.0 180.0   5.0 450.0                            LAT/LON1/LON2/DLON/H
   55   46   42   42   41   41   43   42   46   48   54   58   64   66   72   73
   76   76   77   76   76   75   77   78   81   84   89   93  101  107  116  123
  129  132  133  132  131  129  129  128  131  130  132  130  130  127  127  125
  127  125  124  121  118  114  112  109  109  107  105  100   94   86   80   73
   68   62   58   56   56   53   53   39   55                                   
    47.5-180.0 180.0   5.0 450.0                            LAT/LON1/LON2/DLON/H
   58   54   48   46   45   44   44   44   45   50   53   60   64   69   72   76
   77   79   79   81   81   82   83   87   90   94   98  102  108  114  123  131
  138  142  142  144  141  142  140  142  142  143  142  142  139  138  136  135
  135  134  131  129  124  121  117  116  114  114  111  110  102   97   89   83
   77   72   67   65   60   58   57   45   58                                   
    45.0-180.0 180.0   5.0 450.0                            LAT/LON1/LON2/DLON/H
   63   57   50   51   50   48   48   44   47   48   54   58   64   66   71   72
   77   77   80   82   84   85   89   93   98  102  106  109  115  119  128  136
  143  148  150  152  152  151  151  151  151  152  152  149  148  144  142  139
  139  137  134  131  127  124  120  119  117  118  116  114  111  106  101   93
   89   83   79   73   71   66   63   54   63                                   
    42.5-180.0 180.0   5.0 450.0                            LAT/LON1/LON2/DLON/H
   65   63   55   52   51   50   49   48   49   53   56   63   68   72   75   79
   81   83   86   90   91   93   97  102  108  112  117  120  125  129  137  146
  152  158  160  166  165  167  166  167  165  166  162  160  155  152  148  146
  143  142  137  135  129  126  120  120  118  119  116  118  114  113  107  104
   98   94   89   84   76   72   69   62   65                                   
    40.0-180.0 180.0   5.0 450.0                            LAT/LON1/LON2/DLON/H
   73   66   55   54   53   50   51   49   53   54   61   66   73   75   80   81
   85   86   91   93   97   97  103  107  115  120  126  128  134  138  146  153
  161  168  175  182  186  188  189  187  184  180  176  170  167  160  156  151
  148  145  140  136  131  128  122  121  119  119  117  118  118  117  117  112
  111  103  100   92   88   81   75   70   73                                   
    37.5-180.0 180.0   5.0 450.0                            LAT/LON1/LON2/DLON/H
   75   71   60   54   51   50   51   52   56   60   66   72   79   83   87   89
   93   96   99  103  104  105  109  115  122  128  135  139  144  150  156  164
  170  183  191  204  209  216  214  213  204  200  192  186  180  174  169  163
  159  154  149  143  138  132  126  122  118  117  115  118  117  120  119  120
  116  114  107  102   93   88   81   77   75                                   
    35.0-180.0 180.0   5.0 450.0                            LAT/LON1/LON2/DLON/H
   84   73   61   54   51   48   50   50   56   61   70   76   85   89   94   95
  100  102  106  107  109  109  114  118  127  133  142  146  153  158  165  173
  184  197  211  227  239  244  245  238  231  221  212  201  197  189  183  175
  170  164  158  152  145  139  130  125  118  116  113  115  116  119  121  122
  122  119  116  108  103   96   87   87   84                                   
    32.5-180.0 180.0   5.0 450.0                            LAT/LON1/LON2/DLON/H
   87   79   65   59   51   49   50   51   58   64   73   81   92   97  104  106
  110  112  115  116  116  116  119  124  132  139  148  154  161  168  174  186
  196  214  229  250  262  268  266  261  251  242  230  220  215  208  202  193
  189  179  175  165  159  148  139  130  123  118  115  115  114  117  118  120
  119  120  116  112  106  100   93   91   87                                   
    30.0-180.0 180.0   5.0 450.0                            LAT/LON1/LON2/DLON/H
   98   84   72   65   58   53   53   53   60   64   76   83   98  103  111  113
  117  117  120  120  121  120  124  127  136  142  152  158  168  176  187  197
  215  230  252  271  288  289  290  281  272  264  254  247  239  232  224  216
  209  199  191  179  172  159  148  139  129  125  117  117  113  115  115  116
  117  117  117  111  109  104   97  100   98                                   
    27.5-180.0 180.0   5.0 450.0                            LAT/LON1/LON2/DLON/H
  102   94   81   73   64   60   60   60   66   68   79   85  103  107  119  120
  126  126  128  128  128  127  131  134  141  147  155  164  174  185  196  213
  229  251  271  294  307  311  307  301  291  285  278  272  267  261  252  246
  235  225  211  198  187  169  156  141  133  125  119  115  112  113  112  112
  111  111  111  109  106  106  102  103  102                                   
    25.0-180.0 180.0   5.0 450.0                            LAT/LON1/LON2/DLON/H
  112  100   89   83   75   69   68   66   68   69   77   84  102  109  123  126
  131  131  132  133  133  133  136  139  145  150  160  167  181  193  209  224
  246  264  290  305  321  318  317  311  304  303  297  297  291  291  281  277
  263  256  237  224  203  182  165  150  140  132  121  116  110  110  106  106
  104  105  105  104  104  106  102  108  112                                   
    22.5-180.0 180.0   5.0 450.0                            LAT/LON1/LON2/DLON/H
  112  107   99   94   85   82   78   78   76   78   84   92  110  118  133  134
  139  139  140  142  142  141  144  146  150  155  163  173  188  204  221  241
  262  282  303  322  331  332  326  323  318  319  316  317  314  313  305  302
  289  282  264  249  225  199  180  160  149  134  123  111  106  103  102  100
   98   98  100  101  101  104  102  108  112                                   
    20.0-180.0 180.0   5.0 450.0                            LAT/LON1/LON2/DLON/H
  117  107  103  102   96   92   90   86   83   81   85   91  106  118  134  138
  142  144  145  148  147  148  149  150  154  158  169  181  199  215  236  253
  277  293  316  325  339  335  333  331  328  334  333  337  333  335  326  326
  310  305  284  270  241  215  191  172  160  145  129  115  104  101   96   95
   89   92   94   98   98  102  101  108  117                                   
    17.5-180.0 180.0   5.0 450.0                            LAT/LON1/LON2/DLON/H
  113  107  103  103   98   98   97   94   88   87   88   98  110  126  138  146
  149  150  153  155  157  156  158  157  160  165  176  191  210  230  251  270
  292  309  329  342  348  351  347  348  346  352  354  356  353  353  345  345
  330  326  303  286  255  228  202  183  172  153  138  118  108   99   97   91
   87   89   92   95   94   99   98  104  113                                   
    15.0-180.0 180.0   5.0 450.0                            LAT/LON1/LON2/DLON/H
  111  101   98  101   98  100   99   96   92   90   90   94  110  122  140  146
  153  155  157  162  160  161  163  162  167  174  188  207  228  248  269  288
  306  322  340  348  356  357  359  361  364  373  374  375  370  370  361  362
  345  340  315  297  263  238  211  196  184  167  150  131  115  107   99   95
   87   88   90   93   91   96   97  100  111                                   
    12.5-180.0 180.0   5.0 450.0                            LAT/LON1/LON2/DLON/H
  102   98   91   93   91   93   93   93   87   87   87   95  108  125  139  151
  156  161  164  168  170  168  172  172  177  185  201  221  244  264  288  302
  322  335  351  361  367  374  374  383  385  393  391  390  384  382  373  373
  357  351  326  305  271  247  223  209  199  180  162  140  126  114  109  101
   95   90   92   93   92   94   92   96  102                                   
    10.0-180.0 180.0   5.0 450.0                            LAT/LON1/LON2/DLON/H
   98   91   85   87   85   87   86   86   83   83   83   91  104  120  138  149
  160  164  170  172  176  174  180  181  189  201  219  237  260  279  301  315
  331  343  356  365  374  380  388  396  400  407  403  402  394  392  382  384
  363  357  328  308  273  251  227  218  206  190  170  151  135  123  116  112
  104   99   97   98   93   97   93   87   98                                   
     7.5-180.0 180.0   5.0 450.0                            LAT/LON1/LON2/DLON/H
   92   92   80   78   75   74   74   74   71   73   74   84   94  114  131  149
  157  168  173  178  182  184  188  195  202  215  234  251  276  292  316  323
