data/unet/pred3500.15i
     1.0            IONOSPHERE MAPS     GNSS                IONEX VERSION / TYPE
pyspatialgeodesy        IME             05-JAN-18 20:20     PGM / RUN BY / DATE 
Map Name                                                    COMMENT             
Predicted global ionosphere maps (GIM).                     DESCRIPTION         
  2015    12    16     0     0     0                        EPOCH OF FIRST MAP  
  2015    12    17     0     0     0                        EPOCH OF LAST MAP   
  7200                                                      INTERVAL            
    13                                                      # OF MAPS IN FILE   
  NONE                                                      MAPPING FUNCTION    
10.0                                                        ELEVATION CUTOFF    
One-way carrier phase leveled to code                       OBSERVABLES USED    
  6371.0                                                    BASE RADIUS         
 2                                                          MAP DIMENSION       
   450.0 450.0   0.0                                        HGT1 / HGT2 / DHGT  
    87.5 -87.5  -2.5                                        LAT1 / LAT2 / DLAT  
  -180.0 180.0   5.0                                        LON1 / LON2 / DLON  
    -1                                                      EXPONENT            
                                                            END OF HEADER       
[from data line 5148]
    13                                                      START OF TEC MAP    
  2015    12    17     0     0     0                        EPOCH OF CURRENT MAP
    87.5-180.0 180.0   5.0 450.0                            LAT/LON1/LON2/DLON/H
   96   67   60   54   56   52   56   53   57   54   57   54   58   55   58   55
   58   55   57   54   57   54   56   53   56   53   56   52   56   52   55   52
   55   52   55   52   55   51   54   51   54   51   54   51   55   52   56   53
   57   54   58   55   59   56   60   57   60   57   60   57   60   56   59   55
   59   55   59   57   65   62   72   82   96                                   
    85.0-180.0 180.0   5.0 450.0                            LAT/LON1/LON2/DLON/H
   76   33   31   28   27   25   29   28   31   30   32   31   34   32   34   32
   33   31   32   30   31   29   29   27   28   26   27   25   26   24   26   23
   26   23   25   23   26   24   26   25   26   25   27   27   29   29   31   31
   34   34   36   36   39   38   40   38   40   38   39   37   38   36   37   34
   35   33   36   34   42   32   35   72   76                                   
    82.5-180.0 180.0   5.0 450.0                            LAT/LON1/LON2/DLON/H
   65   32   32   33   33   30   35   33   37   35   39   38   42   40   42   41
   42   39   40   38   38   35   34   32   31   28   28   26   26   24   24   23
   23   22   23   23   24   23   25   26   28   28   31   31   35   35   39   39
   42   42   45   45   47   46   47   45   47   44   45   42   44   40   42   39
   41   38   42   40   44   36   40   70   65                                   
    80.0-180.0 180.0   5.0 450.0                            LAT/LON1/LON2/DLON/H
   67   44   43   46   42   43   44   45   46   46   48   50   52   52   54   54
   54   53   52   51   49   46   44   42   40   37   35   33   32   30   29   29
   28   28   28   29   29   30   31   32   34   35   38   40   42   44   46   49
   50   52   53   54   55   54   54   53   52   51   49   48   48   47   47   47
   47   48   50   51   52   46   48   74   67                                   
    77.5-180.0 180.0   5.0 450.0                            LAT/LON1/LON2/DLON/H
   75   49   51   52   49   47   48   47   49   49   52   53   56   56   59   58
   59   57   57   54   53   49   48   45   42   39   38   36   35   34   33   33
   33   32   33   32   33   32   34   33   35   35   38   39   42   43   47   48
   50   51   53   53   54   53   52   50   49   46   46   43   43   42   43   43
   46   47   52   53   57   53   56   77   75                                   
    75.0-180.0 180.0   5.0 450.0                            LAT/LON1/LON2/DLON/H
   80   64   65   65   59   58   56   57   56   58   59   62   63   64   64   64
   63   62   60   58   55   53   50   48   45   44   42   41   40   40   40   40
   39   40   39   40   38   38   37   37   36   37   38   40   41   44   45   48
   49   50   51   52   51   50   48   47   44   43   40   39   38   38   39   42
   44   50   54   61   65   64   65   86   80                                   
    72.5-180.0 180.0   5.0 450.0                            LAT/LON1/LON2/DLON/H
   95   79   84   82   74   70   68   67   66   66   67   68   69   68   67   65
   63   60   58   55   53   50   49   48   46   44   45   44   44   44   45   45
   45   44   44   42   41   38   38   35   35   34   36   37   39   40   43   44
   46   45   47   46   45   43   42   39   38   35   35   33   33   33   37   39
   44   50   59   66   74   76   78   95   95                                   
    70.0-180.0 180.0   5.0 450.0                            LAT/LON1/LON2/DLON/H
  104   99  104  101   92   88   83   81   79   78   77   76   74   71   68   63
   59   54   52   49   47   46   46   45   45   44   45   45   46   46   47   48
   48   47   46   44   41   38   36   34   33   32   33   34   36   36   39   39
   40   39   39   38   37   35   34   32   31   29   29   28   30   31   35   40
   46   54   64   74   83   87   92  106  104                                   
    67.5-180.0 180.0   5.0 450.0                            LAT/LON1/LON2/DLON/H
  121  117  124  122  112  107  102   98   95   92   90   86   81   75   68   61
   55   49   46   43   43   42   43   43   44   44   45   46   47   48   49   49
   49   46   45   41   39   34   33   30   30   28   31   31   33   34   36   35
   35   33   33   30   30   28   29   27   28   26   29   29   32   34   41   45
   53   60   71   82   94   99  104  118  121                                   
    65.0-180.0 180.0   5.0 450.0                            LAT/LON1/LON2/DLON/H
  128  133  140  138  128  123  116  112  108  105  101   96   88   79   68   58
   50   43   39   37   37   38   39   40   41   42   43   45   46   47   47   47
   45   42   40   36   33   30   28   26   26   26   28   29   31   31   32   31
   30   27   26   24   24   23   24   24   27   28   31   33   38   43   49   54
   61   69   79   90  101  107  115  127  128                                   
    62.5-180.0 180.0   5.0 450.0                            LAT/LON1/LON2/DLON/H
  140  144  151  149  140  134  128  123  120  117  112  105   96   84   71   59
   49   41   37   35   35   36   38   39   40   41   42   43   44   45   44   42
   40   36   33   29   27   24   23   22   24   25   27   29   31   30   30   28
   26   23   22   20   21   21   24   25   30   32   39   43   51   55   63   66
   74   79   88   96  107  112  119  132  140                                   
    60.0-180.0 180.0   5.0 450.0                            LAT/LON1/LON2/DLON/H
  140  149  155  156  147  142  135  132  128  125  119  112  101   88   74   61
   50   41   37   34   34   34   35   36   37   38   38   40   40   40   39   37
   33   30   26   23   22   20   20   21   23   25   28   29   31   30   28   25
   23   20   18   17   19   19   23   26   34   39   47   54   63   68   75   80
   86   90   97  103  112  116  124  135  140                                   
    57.5-180.0 180.0   5.0 450.0                            LAT/LON1/LON2/DLON/H
  149  153  160  161  153  148  143  139  136  132  127  119  108   95   81   68
   56   48   43   40   38   37   36   36   36   36   37   38   39   38   37   34
   31   27   24   22   21   21   22   24   26   29   32   34   34   33   30   26
   23   20   18   18   20   22   27   31   40   47   57   65   75   82   90   95
  100  103  109  113  120  123  127  138  149                                   
    55.0-180.0 180.0   5.0 450.0                            LAT/LON1/LON2/DLON/H
  151  159  167  169  160  155  149  146  141  138  131  124  113  101   87   75
   64   56   50   45   41   38   36   34   33   33   35   37   38   38   37   34
   31   28   26   25   25   26   28   30   33   36   38   39   38   36   32   28
   25   22   21   20   23   25   30   35   45   52   64   72   84   92  102  107
  113  117  123  127  132  132  137  144  151                                   
    52.5-180.0 180.0   5.0 450.0                            LAT/LON1/LON2/DLON/H
  167  172  179  180  171  167  160  156  151  146  138  130  120  109   97   86
   76   67   59   53   47   42   38   35   34   34   37   39   42   42   41   39
   36   34   33   34   34   36   38   40   42   45   45   46   44   42   38   34
   31   29   28   27   30   31   36   40   49   56   68   77   90   98  109  116
  125  131  138  144  149  150  149  156  167                                   
    50.0-180.0 180.0   5.0 450.0                            LAT/LON1/LON2/DLON/H
  179  187  195  194  186  181  173  168  160  154  143  134  124  114  104   94
   84   74   65   57   50   44   39   36   35   36   39   43   46   47   46   44
   42   41   42   44   46   48   49   50   51   53   54   54   52   50   46   43
   41   39   38   38   40   41   44   47   56   63   73   83   95  104  116  124
  135  144  155  163  169  168  168  171  179                                   
    47.5-180.0 180.0   5.0 450.0                            LAT/LON1/LON2/DLON/H
  204  206  212  212  204  200  192  185  176  166  153  143  131  123  113  104
   93   82   72   63   55   49   44   42   41   42   46   49   52   52   51   49
   48   49   52   55   58   60   60   60   60   62   62   62   61   60   58   56
   55   54   54   53   54   54   56   58   64   70   80   88  100  109  120  129
  142  154  168  179  189  189  185  188  204                                   
    45.0-180.0 180.0   5.0 450.0                            LAT/LON1/LON2/DLON/H
  215  223  228  227  220  216  208  201  190  178  163  150  138  129  119  109
   98   86   75   66   59   54   51   49   49   50   52   55   56   56   54   52
   52   54   58   63   67   69   69   68   67   68   69   70   70   70   69   69
   70   70   70   68   69   67   68   68   74   79   88   96  106  114  125  133
  147  161  179  192  203  204  201  203  215                                   
    42.5-180.0 180.0   5.0 450.0                            LAT/LON1/LON2/DLON/H
  226  228  234  234  229  228  223  216  205  193  175  161  149  139  128  117
  103   90   80   73   68   66   64   62   61   60   60   61   60   58   56   54
   54   57   62   67   71   73   73   71   70   72   74   77   78   79   80   81
   82   83   84   83   83   81   80   80   85   89   98  104  114  120  129  138
  150  165  183  198  210  213  208  213  226                                   
    40.0-180.0 180.0   5.0 450.0                            LAT/LON1/LON2/DLON/H
  222  230  235  234  232  233  229  224  214  201  185  171  159  148  135  121
  107   94   84   80   78   78   77   75   72   69   66   63   61   58   55   53
   54   56   62   67   73   74   74   72   72   75   79   83   86   88   89   90
   93   94   96   94   95   91   91   90   96  100  109  116  125  131  139  145
  156  168  185  199  210  212  210  213  222                                   
    37.5-180.0 180.0   5.0 450.0                            LAT/LON1/LON2/DLON/H
  220  222  226  227  225  229  228  227  219  209  193  182  169  159  145  131
  116  103   95   93   94   96   94   90   83   77   70   66   62   59   56   55
   55   58   63   68   72   75   73   73   74   78   84   89   93   95   95   96
   98  101  102  102  102  100   99  100  105  112  122  130  139  146  153  157
  164  174  186  197  205  208  205  211  220                                   
    35.0-180.0 180.0   5.0 450.0                            LAT/LON1/LON2/DLON/H
  211  216  220  219  218  222  223  223  217  209  198  187  178  168  155  139
  125  112  108  107  109  110  106   98   89   80   72   67   64   63   62   61
   62   63   67   71   75   76   76   75   78   83   91   95  100   99   99   98
  100  101  103  102  104  103  104  105  113  120  132  140  154  159  169  171
  177  182  192  197  202  203  205  210  211                                   
    32.5-180.0 180.0   5.0 450.0                            LAT/LON1/LON2/DLON/H
  217  216  220  219  216  218  219  219  215  209  198  193  185  178  164  150
  136  126  122  122  123  121  113  102   90   81   74   72   72   75   75   76
   74   76   75   79   80   83   81   82   84   91   97  101  103  101   99   97
   97   97   98   99  100  101  103  107  116  126  139  150  163  172  181  187
  192  196  202  203  204  205  209  219  217                                   
    30.0-180.0 180.0   5.0 450.0                            LAT/LON1/LON2/DLON/H
  232  233  236  233  229  228  225  223  217  209  201  194  190  184  172  158
  146  136  133  132  130  123  112   98   88   81   79   82   88   95   99  100
   98   96   94   94   95   93   93   92   97  101  107  108  108  104  100   96
   94   93   94   94   96   98  102  107  118  129  147  158  175  184  198  203
  213  215  221  220  218  217  226  241  232                                   
    27.5-180.0 180.0   5.0 450.0                            LAT/LON1/LON2/DLON/H
  270  267  277  272  264  259  253  245  234  221  208  201  194  190  178  167
  153  146  140  136  128  117  104   92   85   85   90  101  111  124  129  132
  127  124  117  115  111  111  107  108  109  112  115  114  111  104   99   93
   90   87   87   87   90   93   98  104  116  130  149  166  182  196  211  224
  238  243  250  247  243  243  257  275  270                                   
    25.0-180.0 180.0   5.0 450.0                            LAT/LON1/LON2/DLON/H
  326  329  340  332  322  313  298  281  262  243  225  212  203  195  184  171
  159  149  142  131  120  105   93   85   87   95  110  126  143  155  163  163
  159  152  143  136  132  128  125  122  123  122  124  119  115  106   99   90
   86   82   82   81   85   87   93  101  115  131  151  169  188  204  226  245
  265  275  286  285  282  287  312  328  326                                   
    22.5-180.0 180.0   5.0 450.0                            LAT/LON1/LON2/DLON/H
  399  409  419  412  400  386  365  341  315  286  258  238  219  207  190  179
  163  153  138  124  107   94   85   87   97  117  137  158  174  189  194  193
  184  174  160  152  144  142  137  134  132  132  129  123  116  107   98   90
   84   79   78   78   82   85   93  103  119  136  156  175  195  217  242  267
  293  308  324  329  333  345  372  386  399                                   
    20.0-180.0 180.0   5.0 450.0                            LAT/LON1/LON2/DLON/H
  474  497  502  498  492  477  447  414  379  342  306  273  246  223  204  188
  172  154  137  118  101   90   90  101  123  147  172  192  209  217  217  212
  201  185  171  159  154  150  147  142  141  137  135  127  120  109  102   92
   86   79   77   76   78   82   90  103  120  139  160  180  203  229  259  291
  322  346  367  383  394  415  448  450  474                                   
    17.5-180.0 180.0   5.0 450.0                            LAT/LON1/LON2/DLON/H
  534  557  562  567  570  561  535  501  455  413  366  324  286  255  227  207
  185  165  140  121  105  103  112  134  160  189  212  228  239  237  230  217
  203  184  166  158  152  152  148  146  143  141  136  130  122  112  104   96
   90   82   78   77   78   82   91  105  126  148  169  192  218  247  279  316
  351  378  407  426  447  473  502  504  534                                   
    15.0-180.0 180.0   5.0 450.0                            LAT/LON1/LON2/DLON/H
  579  604  605  619  633  633  613  582  538  487  429  381  336  295  260  231
  207  182  156  136  129  134  154  179  210  234  252  259  257  245  229  214
  200  179  166  158  154  154  152  148  147  141  138  132  128  117  111  101
   96   88   82   79   78   81   91  107  131  155  180  205  235  264  297  338
  375  407  435  462  487  519  544  542  579                                   
    12.5-180.0 180.0   5.0 450.0                            LAT/LON1/LON2/DLON/H
  597  617  618  637  662  673  665  645  605  558  495  441  388  343  299  269
  237  212  184  171  168  184  206  236  263  278  282  276  263  243  224  208
  191  174  161  159  154  159  154  152  147  143  138  135  131  122  115  107
  100   92   84   80   79   82   94  111  138  165  193  221  251  279  316  354
  393  422  453  479  507  541  560  558  597                                   
    10.0-180.0 180.0   5.0 450.0                            LAT/LON1/LON2/DLON/H
  595  619  618  642  674  692  695  682  652  612  557  502  447  399  354  317
  285  255  231  218  223  244  273  297  310  308  294  276  254  232  214  200
  186  175  166  166  165  165  162  157  152  145  142  137  136  126  120  111
  105   96   89   86   84   89  103  122  149  176  207  234  265  292  328  365
  401  428  456  483  512  545  564  559  595                                   
     7.5-180.0 180.0   5.0 450.0                            LAT/LON1/LON2/DLON/H
  580  594  591  618  656  680  689  686  668  641  595  551  497  457  409  375
  336  309  283  278  287  312  338  351  346  323  293  267  244  225  210  198
