data/unet/pred2270.15i
     1.0            IONOSPHERE MAPS     GNSS                IONEX VERSION / TYPE
pyspatialgeodesy        IME             05-JAN-18 20:20     PGM / RUN BY / DATE 
Map Name                                                    COMMENT             
Predicted global ionosphere maps (GIM).                     DESCRIPTION         
  2015     8    15     0     0     0                        EPOCH OF FIRST MAP  
  2015     8    16     0     0     0                        EPOCH OF LAST MAP   
  7200                                                      INTERVAL            
    13                                                      # OF MAPS IN FILE   
  NONE                                                      MAPPING FUNCTION    
10.0                                                        ELEVATION CUTOFF    
One-way carrier phase leveled to code                       OBSERVABLES USED    
  6371.0                                                    BASE RADIUS         
 2                                                          MAP DIMENSION       
   450.0 450.0   0.0                                        HGT1 / HGT2 / DHGT  
    87.5 -87.5  -2.5                                        LAT1 / LAT2 / DLAT  
  -180.0 180.0   5.0                                        LON1 / LON2 / DLON  
    -1                                                      EXPONENT            
                                                            END OF HEADER       
     1                                                      START OF TEC MAP    
  2015     8    15     0     0     0                        EPOCH OF CURRENT MAP
    87.5-180.0 180.0   5.0 450.0                            LAT/LON1/LON2/DLON/H
  152  119  118  114  115  112  115  113  117  115  117  115  117  115  117  114
  116  114  115  112  114  111  112  110  112  109  111  108  110  107  109  106
  108  105  106  103  104  101  102   98  100   96   99   94   97   94   97   94
   97   94   97   95   98   95   98   96   99   97  100   98  101  100  103  101
  105  104  107  107  113  113  119  144  152                                   
    85.0-180.0 180.0   5.0 450.0                            LAT/LON1/LON2/DLON/H
  127  120  123  122  122  118  122  120  124  122  124  122  125  122  124  121
  122  120  120  118  118  115  116  113  113  111  111  108  109  107  107  104
  105  102  103   99  100   96   97   93   95   90   92   88   91   87   90   87
   90   88   91   89   92   90   93   91   94   93   96   95   99   98  101  101
  105  105  109  109  115  111  112  116  127                                   
    82.5-180.0 180.0   5.0 450.0                            LAT/LON1/LON2/DLON/H
  127  126  129  130  129  125  129  127  132  128  132  129  133  129  132  127
  130  125  127  121  123  118  119  114  116  110  112  106  109  104  106  101
  103   99  101   97   98   94   95   91   93   88   90   87   89   86   89   86
   90   87   91   88   93   89   94   91   96   93   98   95  101   99  104  102
  109  107  114  113  120  117  117  117  127                                   
    80.0-180.0 180.0   5.0 450.0                            LAT/LON1/LON2/DLON/H
  135  136  137  138  136  136  137  138  140  139  140  139  139  138  138  135
  135  132  131  128  126  122  120  116  115  111  109  106  106  103  103  101
  102  100  101  100   99   98   98   96   96   94   94   93   93   92   93   93
   94   94   96   96   97   97   98   98  100  100  102  103  106  107  109  110
  113  115  119  120  125  124  124  125  135                                   
    77.5-180.0 180.0   5.0 450.0                            LAT/LON1/LON2/DLON/H
  143  141  140  140  138  138  139  140  142  142  142  142  142  140  139  137
  136  133  131  128  124  120  117  113  110  106  104  101  100   98   98   98
   98   98   99   99   98   98   96   96   94   93   91   91   90   90   90   91
   92   93   95   96   97   99   99  101  101  103  103  105  106  107  108  110
  112  114  117  120  124  124  125  124  143                                   
    75.0-180.0 180.0   5.0 450.0                            LAT/LON1/LON2/DLON/H
  145  142  140  140  138  138  141  143  144  145  146  145  144  142  141  138
  136  133  131  128  124  119  115  111  107  102   99   96   94   93   93   94
   95   95   97   97   97   96   95   93   92   90   89   88   87   87   89   90
   92   93   96   98  100  101  103  103  104  105  105  105  106  107  108  109
  111  114  117  120  123  123  123  123  145                                   
    72.5-180.0 180.0   5.0 450.0                            LAT/LON1/LON2/DLON/H
  145  141  138  137  135  135  138  140  142  143  144  143  142  140  138  136
  133  131  129  125  121  117  113  108  103   97   94   89   88   86   87   87
   89   90   92   92   92   91   90   88   86   84   83   82   82   82   85   87
   89   92   95   98   99  101  103  104  104  104  104  104  103  103  104  105
  107  109  113  115  119  120  122  122  145                                   
    70.0-180.0 180.0   5.0 450.0                            LAT/LON1/LON2/DLON/H
  141  137  135  134  132  133  137  140  143  145  146  145  143  141  139  136
  133  131  129  126  122  118  114  108  102   95   91   86   83   81   82   82
   84   84   87   86   87   85   84   81   79   76   77   75   76   77   82   84
   88   90   95   97   99  100  103  104  104  104  104  104  103  103  103  104
  105  108  111  114  117  118  120  122  141                                   
    67.5-180.0 180.0   5.0 450.0                            LAT/LON1/LON2/DLON/H
  140  137  133  132  129  130  134  137  140  143  144  143  141  139  136  133
  131  129  128  126  123  120  115  109  103   96   90   84   81   79   79   78
   79   79   80   79   78   76   74   71   69   67   67   67   68   70   75   79
   83   86   90   93   95   97   99  101  102  103  103  103  102  101  101  102
  104  106  110  113  117  118  121  123  140                                   
    65.0-180.0 180.0   5.0 450.0                            LAT/LON1/LON2/DLON/H
  138  134  132  131  128  129  133  136  140  142  144  143  141  138  136  133
  131  130  130  129  128  125  120  114  107  100   93   87   83   80   79   77
   76   75   74   72   71   68   66   63   61   59   61   61   64   66   72   75
   80   83   87   89   92   94   97   99  102  103  104  104  104  103  103  103
  105  107  112  115  119  120  123  125  138                                   
    62.5-180.0 180.0   5.0 450.0                            LAT/LON1/LON2/DLON/H
  141  137  134  132  128  127  130  133  137  139  140  140  138  136  133  131
  131  131  131  132  131  129  125  120  113  106   99   93   88   84   81   78
   75   71   69   66   63   59   57   54   54   52   54   55   58   61   66   70
   75   78   81   84   87   89   93   97  100  102  104  105  106  105  105  105
  107  109  114  118  123  125  128  128  141                                   
    60.0-180.0 180.0   5.0 450.0                            LAT/LON1/LON2/DLON/H
  144  140  138  135  131  128  130  132  135  137  138  138  137  135  133  132
  133  134  136  137  138  137  133  128  121  115  108  102   96   91   86   81
   76   70   66   61   58   54   53   51   51   51   53   54   57   60   64   68
   71   74   77   79   83   86   91   96  101  105  108  109  111  110  110  110
  113  115  120  124  129  130  133  133  144                                   
    57.5-180.0 180.0   5.0 450.0                            LAT/LON1/LON2/DLON/H
  153  149  146  142  136  133  132  132  134  136  137  137  136  135  134  134
  136  138  141  144  145  144  141  137  131  124  118  112  106  100   93   85
   78   70   64   59   55   52   51   50   51   52   54   55   58   59   62   64
   67   68   71   74   78   82   89   95  101  106  110  113  115  115  116  116
  119  122  127  132  136  138  140  138  153                                   
    55.0-180.0 180.0   5.0 450.0                            LAT/LON1/LON2/DLON/H
  160  157  155  150  144  139  137  135  135  135  136  136  136  136  136  138
  141  144  147  151  152  153  148  145  139  134  128  122  116  108   99   89
   80   71   65   59   56   53   54   54   57   59   60   62   62   64   64   65
   66   68   70   73   78   83   92   98  106  112  117  120  123  124  125  126
  129  132  138  142  146  146  148  145  160                                   
    52.5-180.0 180.0   5.0 450.0                            LAT/LON1/LON2/DLON/H
  172  169  166  162  154  149  145  142  140  139  138  138  138  139  140  142
  146  150  154  158  159  159  156  151  146  141  135  130  123  114  103   93
   82   74   67   63   61   60   62   63   67   68   70   70   70   69   69   68
   68   69   71   75   80   87   96  104  113  119  124  128  130  132  133  135
  138  142  148  152  156  156  157  153  172                                   
    50.0-180.0 180.0   5.0 450.0                            LAT/LON1/LON2/DLON/H
  179  178  178  175  168  163  158  153  149  145  143  141  141  142  144  147
  151  156  158  162  163  163  159  156  150  146  140  134  126  117  105   94
   84   76   71   68   68   68   71   74   78   80   80   80   77   76   73   73
   72   73   76   80   87   94  105  113  123  128  134  137  140  140  142  144
  149  153  160  163  165  164  164  163  179                                   
    47.5-180.0 180.0   5.0 450.0                            LAT/LON1/LON2/DLON/H
  189  188  189  188  182  179  173  168  162  157  152  149  148  149  151  153
  157  160  163  166  167  167  163  160  154  149  143  137  127  117  106   96
   87   81   78   76   78   80   83   86   89   90   90   88   85   82   80   78
   78   80   83   89   96  104  114  122  131  137  142  144  146  147  149  151
  157  162  169  173  175  173  172  171  189                                   
    45.0-180.0 180.0   5.0 450.0                            LAT/LON1/LON2/DLON/H
  194  195  200  200  196  194  190  186  179  173  166  161  159  158  158  160
  162  165  166  169  169  169  165  162  157  151  144  136  127  116  106   97
   90   86   84   84   87   89   92   95   98   99   98   95   90   86   84   83
   84   86   90   95  103  111  123  130  140  144  149  150  152  152  154  157
  164  170  178  182  184  180  180  181  194                                   
    42.5-180.0 180.0   5.0 450.0                            LAT/LON1/LON2/DLON/H
  202  202  207  209  207  207  204  201  196  189  181  175  171  169  168  168
  169  171  171  173  173  173  169  166  161  155  146  138  129  118  109  101
   96   93   93   94   96   98  100  102  105  104  103   99   95   90   89   88
   91   93   97  102  109  117  127  135  144  148  152  153  155  155  157  161
  168  175  185  190  193  190  190  192  202                                   
    40.0-180.0 180.0   5.0 450.0                            LAT/LON1/LON2/DLON/H
  208  208  215  217  217  218  219  217  212  205  197  190  184  181  177  177
  176  176  175  177  177  177  173  170  166  159  150  141  132  122  113  106
  102  100  101  101  103  103  105  106  109  108  107  103   97   94   91   91
   94   96  100  103  111  117  129  137  146  150  155  155  158  158  162  165
  175  182  193  199  203  202  201  206  208                                   
    37.5-180.0 180.0   5.0 450.0                            LAT/LON1/LON2/DLON/H
  217  216  222  224  224  226  227  227  224  218  210  203  197  194  189  188
  187  186  184  185  186  185  182  179  175  169  158  149  139  130  121  115
  111  110  110  109  109  108  109  109  112  111  110  106  102   98   97   97
   99  100  102  105  111  119  131  139  148  152  156  157  160  162  166  171
  180  188  199  207  213  213  214  222  217                                   
    35.0-180.0 180.0   5.0 450.0                            LAT/LON1/LON2/DLON/H
  229  226  234  234  234  234  236  237  236  231  224  216  210  206  201  200
  198  196  194  195  194  193  190  187  183  177  166  156  147  138  131  124
  120  116  115  112  111  109  109  110  113  114  113  110  106  102  100   99
  100   99  101  102  109  116  129  137  147  151  156  157  161  163  169  173
  184  192  206  214  222  227  228  240  229                                   
    32.5-180.0 180.0   5.0 450.0                            LAT/LON1/LON2/DLON/H
  247  242  248  249  245  245  245  246  245  242  235  230  224  221  215  214
  212  210  208  208  207  205  202  199  194  188  177  167  157  148  140  134
  127  123  118  114  111  110  109  111  114  117  116  113  109  105  102  100
  100   98   98   98  104  112  126  136  147  153  158  160  165  168  173  178
  188  196  209  220  230  237  244  258  247                                   
    30.0-180.0 180.0   5.0 450.0                            LAT/LON1/LON2/DLON/H
  267  264  270  269  266  262  262  262  262  259  253  248  241  238  233  231
  227  225  222  221  218  216  211  208  203  197  186  176  166  156  147  138
  131  122  116  111  108  106  107  109  114  116  117  114  109  104  101   97
   95   91   91   90   97  105  120  132  145  151  158  162  169  172  178  182
  193  201  216  227  237  249  259  277  267                                   
    27.5-180.0 180.0   5.0 450.0                            LAT/LON1/LON2/DLON/H
  289  286  293  293  289  286  283  283  282  279  273  268  262  259  254  251
  248  245  241  238  236  232  227  222  216  208  196  185  173  162  150  140
  130  121  112  108  104  104  104  108  112  115  114  111  106  100   95   90
   88   84   85   85   90   99  114  127  141  151  159  165  174  180  186  192
  201  209  223  235  245  259  273  289  289                                   
    25.0-180.0 180.0   5.0 450.0                            LAT/LON1/LON2/DLON/H
  305  307  316  316  315  310  309  308  309  307  301  297  290  287  281  278
  272  267  261  257  251  247  241  235  226  217  202  190  176  163  150  137
  125  114  106   99   98   97   99  101  108  109  110  105  100   93   88   82
   81   78   78   78   83   93  108  122  138  148  157  164  175  184  193  201
  210  218  232  245  254  273  288  306  305                                   
    22.5-180.0 180.0   5.0 450.0                            LAT/LON1/LON2/DLON/H
  320  323  336  342  342  337  334  333  335  333  330  327  323  319  312  306
  300  292  284  276  270  265  258  250  239  226  208  193  176  161  145  131
  117  106   97   93   91   92   93   96  100  101  100   96   90   83   77   72
   71   68   71   71   77   86  103  120  136  147  158  166  179  189  201  210
  221  228  243  254  267  283  300  317  320                                   
    20.0-180.0 180.0   5.0 450.0                            LAT/LON1/LON2/DLON/H
  333  338  355  365  370  364  361  358  361  361  361  359  356  353  344  336
  326  315  303  295  286  281  271  263  248  231  209  192  173  156  138  122
  109   98   91   86   87   86   89   90   95   93   93   87   82   74   70   64
   64   63   67   70   75   84  101  119  137  149  162  171  185  198  210  222
  234  243  258  269  280  297  315  331  333                                   
    17.5-180.0 180.0   5.0 450.0                            LAT/LON1/LON2/DLON/H
  343  350  371  384  391  390  386  383  384  388  389  391  388  385  375  365
  352  339  325  313  304  295  285  272  254  235  210  189  167  149  130  116
  102   94   87   86   85   87   87   88   88   86   82   77   71   65   58   54
   54   55   60   62   68   77   96  114  137  151  167  180  196  210  225  238
  252  265  279  289  301  313  326  341  343                                   
    15.0-180.0 180.0   5.0 450.0                            LAT/LON1/LON2/DLON/H
  353  360  380  393  405  406  405  404  407  412  417  420  419  416  405  393
  377  361  342  330  316  307  291  278  255  233  205  184  162  144  127  113
  103   95   92   90   93   92   93   88   87   81   78   71   69   60   57   50
   52   52   58   62   67   78   94  114  136  154  173  189  207  224  240  255
  273  288  303  313  322  332  343  354  353                                   
    12.5-180.0 180.0   5.0 450.0                            LAT/LON1/LON2/DLON/H
  361  366  387  397  408  413  414  416  420  429  436  442  443  441  430  419
  401  383  361  344  328  313  296  276  252  228  201  180  158  142  127  117
  108  104  102  102  103  102   99   93   86   80   73   68   63   56   50   46
   46   46   52   55   63   73   90  111  137  158  180  199  220  238  258  277
  299  315  331  339  347  352  356  367  361                                   
    10.0-180.0 180.0   5.0 450.0                            LAT/LON1/LON2/DLON/H
  370  375  390  398  408  412  415  418  425  435  446  455  457  458  447  437
  418  399  372  353  331  315  291  271  245  221  196  177  159  145  134  125
  120  117  118  117  119  115  110   99   92   82   78   71   70   60   57   49
   49   47   51   53   59   68   84  105  133  158  183  205  229  252  274  299
  322  340  355  365  371  375  380  382  370                                   
     7.5-180.0 180.0   5.0 450.0                            LAT/LON1/LON2/DLON/H
  379  386  397  401  408  412  414  418  423  432  442  453  459  461  455  446
  430  409  382  357  331  307  283  258  235  215  193  178  163  152  142  137
