data/unet/pred0980.15i
     1.0            IONOSPHERE MAPS     GNSS                IONEX VERSION / TYPE
pyspatialgeodesy        IME             05-JAN-18 20:20     PGM / RUN BY / DATE 
Map Name                                                    COMMENT             
Predicted global ionosphere maps (GIM).                     DESCRIPTION         
  2015     4     8     0     0     0                        EPOCH OF FIRST MAP  
  2015     4     9     0     0     0                        EPOCH OF LAST MAP   
  7200                                                      INTERVAL            
    13                                                      # OF MAPS IN FILE   
  NONE                                                      MAPPING FUNCTION    
10.0                                                        ELEVATION CUTOFF    
One-way carrier phase leveled to code                       OBSERVABLES USED    
  6371.0                                                    BASE RADIUS         
 2                                                          MAP DIMENSION       
   450.0 450.0   0.0                                        HGT1 / HGT2 / DHGT  
    87.5 -87.5  -2.5                                        LAT1 / LAT2 / DLAT  
  -180.0 180.0   5.0                                        LON1 / LON2 / DLON  
    -1                                                      EXPONENT            
                                                            END OF HEADER       
[from data line 5148]
    13                                                      START OF TEC MAP    
  2015     4     9     0     0     0                        EPOCH OF CURRENT MAP
    87.5-180.0 180.0   5.0 450.0                            LAT/LON1/LON2/DLON/H
  217  201  204  204  204  202  202  201  201  199  198  195  195  193  193  189
  191  187  188  184  186  182  183  178  180  177  178  175  177  174  176  173
  176  174  177  176  178  178  180  178  180  179  181  179  182  181  183  182
  184  184  185  183  186  185  186  184  186  185  187  185  188  188  189  188
  192  191  192  191  195  190  187  201  217                                   
    85.0-180.0 180.0   5.0 450.0                            LAT/LON1/LON2/DLON/H
  202  206  211  211  210  208  210  209  211  209  210  208  209  208  208  205
  206  203  203  199  199  195  195  190  190  186  186  181  182  178  178  174
  176  173  175  173  176  175  177  176  179  179  181  180  182  183  184  184
  186  186  187  187  189  189  190  189  191  192  193  193  195  195  196  196
  199  198  199  198  201  196  194  185  202                                   
    82.5-180.0 180.0   5.0 450.0                            LAT/LON1/LON2/DLON/H
  207  209  209  211  209  208  210  211  213  214  216  216  218  218  218  217
  217  215  213  210  208  204  200  196  193  188  184  179  177  172  170  165
  165  162  163  161  163  162  165  165  168  168  172  172  176  175  179  178
  182  181  184  183  187  186  188  188  192  191  193  193  196  196  197  197
  200  198  200  199  202  197  192  189  207                                   
    80.0-180.0 180.0   5.0 450.0                            LAT/LON1/LON2/DLON/H
  209  209  209  210  208  210  212  216  218  223  225  230  231  233  232  233
  230  229  224  222  217  212  206  202  196  191  185  180  174  169  164  161
  158  155  154  154  154  156  157  159  160  162  164  166  168  170  172  174
  176  177  178  180  183  184  186  188  191  192  195  196  198  199  199  200
  201  201  202  202  203  201  195  194  209                                   
    77.5-180.0 180.0   5.0 450.0                            LAT/LON1/LON2/DLON/H
  214  211  210  209  208  210  214  218  223  229  234  239  242  243  244  243
  240  236  231  225  221  214  209  202  196  189  184  177  171  165  161  156
  153  150  150  149  149  150  152  153  155  156  158  159  161  163  164  166
  168  169  171  173  176  179  182  186  189  193  195  199  201  203  203  205
  205  205  205  205  205  202  201  199  214                                   
    75.0-180.0 180.0   5.0 450.0                            LAT/LON1/LON2/DLON/H
  223  218  218  216  213  215  220  224  230  236  243  249  252  253  253  249
  245  237  232  223  218  210  205  196  192  183  179  171  167  160  158  152
  150  146  146  143  145  144  146  146  147  147  149  149  150  150  151  151
  153  153  156  158  164  166  173  175  183  186  193  194  201  201  205  204
  208  207  210  208  208  207  207  209  223                                   
    72.5-180.0 180.0   5.0 450.0                            LAT/LON1/LON2/DLON/H
  236  228  228  225  222  223  225  229  234  242  250  255  259  258  257  250
  244  234  227  218  212  203  199  191  185  178  173  166  162  157  154  149
  146  142  141  138  137  135  136  135  136  136  136  136  136  135  136  134
  136  136  139  142  148  152  159  166  173  179  186  191  197  199  203  205
  208  208  211  211  213  214  217  218  236                                   
    70.0-180.0 180.0   5.0 450.0                            LAT/LON1/LON2/DLON/H
  248  239  241  236  231  230  232  236  242  251  259  266  268  267  260  252
  241  231  221  213  205  198  192  185  179  172  168  162  158  153  150  146
  142  138  136  132  130  127  126  124  123  122  122  121  120  118  118  116
  119  119  124  128  136  142  151  159  169  176  185  190  197  199  204  204
  209  209  214  214  216  220  224  230  248                                   
    67.5-180.0 180.0   5.0 450.0                            LAT/LON1/LON2/DLON/H
  263  252  255  249  241  238  237  240  247  257  267  273  276  272  265  252
  240  228  218  209  201  194  189  181  175  168  163  157  152  148  145  140
  137  132  129  123  119  114  112  108  107  104  104  102  102  100  101  100
  103  106  111  118  128  137  147  158  169  178  187  194  200  204  207  208
  211  212  216  217  221  226  232  237  263                                   
    65.0-180.0 180.0   5.0 450.0                            LAT/LON1/LON2/DLON/H
  274  267  269  261  251  244  241  243  250  261  270  278  280  277  267  256
  240  230  218  211  204  198  190  183  175  167  160  154  149  144  140  136
  132  126  122  115  109  103   99   96   93   91   91   89   89   88   88   88
   92   96  103  111  122  133  146  158  172  183  193  200  207  210  212  212
  215  215  218  219  224  231  238  246  274                                   
    62.5-180.0 180.0   5.0 450.0                            LAT/LON1/LON2/DLON/H
  286  280  282  273  259  249  241  241  247  258  269  277  280  277  269  257
  245  234  226  219  213  206  199  189  179  168  159  151  144  139  136  131
  127  121  116  108  101   94   90   87   85   83   83   81   82   81   82   83
   88   92  100  109  121  135  149  164  179  192  204  212  219  222  223  223
  222  221  223  223  230  237  243  254  286                                   
    60.0-180.0 180.0   5.0 450.0                            LAT/LON1/LON2/DLON/H
  294  293  294  285  269  255  244  240  244  253  263  272  276  277  270  263
  253  247  239  235  229  221  211  199  185  171  160  151  143  138  134  129
  124  118  113  105   97   91   88   85   85   84   84   83   82   81   82   84
   88   93  100  110  122  137  152  169  187  201  214  224  233  236  239  237
  237  234  235  235  239  246  252  263  294                                   
    57.5-180.0 180.0   5.0 450.0                            LAT/LON1/LON2/DLON/H
  304  304  305  297  280  264  249  242  240  248  256  265  270  272  271  267
  264  261  258  255  249  239  227  211  195  178  165  154  146  139  135  129
  124  118  113  106   99   95   93   92   92   92   92   91   90   89   89   90
   93   97  104  113  125  140  156  174  194  209  225  236  248  254  257  258
  257  255  254  253  256  260  262  272  304                                   
    55.0-180.0 180.0   5.0 450.0                            LAT/LON1/LON2/DLON/H
  310  314  317  311  296  280  263  251  246  248  253  258  263  268  269  273
  274  278  276  275  267  256  240  224  206  189  174  163  154  147  141  135
  129  124  118  112  108  105  105  105  105  106  106  104  102  101  100  100
  103  106  110  118  128  142  159  178  198  215  232  247  260  267  275  277
  279  278  278  277  279  280  279  287  310                                   
    52.5-180.0 180.0   5.0 450.0                            LAT/LON1/LON2/DLON/H
  319  326  331  328  316  302  284  271  260  257  254  255  258  263  269  276
  284  288  292  288  282  269  254  236  219  204  190  179  169  161  154  146
  138  132  127  123  119  119  119  121  122  122  122  120  118  116  114  113
  115  115  119  124  134  147  164  182  204  220  239  254  269  278  287  292
  296  299  301  302  305  303  299  304  319                                   
    50.0-180.0 180.0   5.0 450.0                            LAT/LON1/LON2/DLON/H
  328  343  348  349  341  330  314  300  286  275  265  259  257  261  267  278
  287  294  297  294  286  276  261  247  231  218  207  197  187  176  167  157
  148  141  137  134  133  133  135  137  138  138  138  135  133  130  129  127
  127  126  128  132  140  152  168  186  207  224  241  258  272  284  294  304
  311  318  324  328  332  328  323  323  328                                   
    47.5-180.0 180.0   5.0 450.0                            LAT/LON1/LON2/DLON/H
  342  360  367  369  365  357  345  332  315  300  283  271  264  265  271  280
  289  293  295  291  286  277  268  257  246  235  225  215  204  192  177  165
  154  147  143  142  142  145  147  150  152  153  152  149  146  144  143  141
  140  137  137  140  148  159  176  192  213  228  246  260  275  285  298  307
  319  329  342  348  356  351  344  341  342                                   
    45.0-180.0 180.0   5.0 450.0                            LAT/LON1/LON2/DLON/H
  356  378  384  387  387  381  374  364  349  330  308  291  279  276  278  284
  289  291  289  287  283  280  274  270  260  251  239  228  213  199  181  167
  156  149  146  148  150  155  158  161  163  164  162  160  158  156  156  155
  153  150  148  151  157  168  185  201  220  234  249  262  275  286  297  309
  323  337  351  363  375  373  368  358  356                                   
    42.5-180.0 180.0   5.0 450.0                            LAT/LON1/LON2/DLON/H
  372  393  398  402  402  401  396  391  378  360  336  315  301  295  293  294
  296  292  289  286  287  286  286  280  272  259  246  231  215  197  178  164
  153  148  146  149  152  158  162  167  169  171  170  169  167  167  167  166
  165  161  159  160  167  178  196  212  230  242  255  265  277  285  298  307
  324  336  355  368  386  386  386  376  372                                   
    40.0-180.0 180.0   5.0 450.0                            LAT/LON1/LON2/DLON/H
  388  405  407  409  411  411  412  411  402  387  364  344  328  320  314  311
  307  301  295  295  296  299  295  290  275  259  240  223  206  189  172  159
  149  145  145  148  153  160  165  171  175  176  176  176  175  175  176  176
  175  171  168  170  177  189  208  224  241  251  263  271  282  289  300  310
  326  340  358  372  391  396  403  389  388                                   
    37.5-180.0 180.0   5.0 450.0                            LAT/LON1/LON2/DLON/H
  407  418  422  420  418  419  420  423  419  407  387  370  357  348  340  333
  327  318  312  311  313  313  307  293  273  249  228  211  196  181  167  156
  148  145  145  149  154  162  168  176  180  183  184  183  182  183  183  183
  181  177  174  175  182  194  213  229  244  254  262  271  281  290  301  314
  330  345  362  377  396  402  412  403  407                                   
    35.0-180.0 180.0   5.0 450.0                            LAT/LON1/LON2/DLON/H
  429  433  436  431  428  423  424  428  426  422  406  395  383  376  366  358
  348  339  332  332  332  329  314  295  266  239  216  203  192  183  174  165
  159  155  157  157  162  169  176  184  189  192  193  193  192  191  191  189
  187  181  177  178  185  197  214  230  242  251  258  265  278  289  302  318
  334  351  368  384  405  416  432  422  429                                   
    32.5-180.0 180.0   5.0 450.0                            LAT/LON1/LON2/DLON/H
  459  457  462  455  447  439  437  437  438  434  425  416  407  401  391  382
  370  361  354  353  349  339  318  290  257  230  212  204  200  198  194  190
  185  181  178  176  176  183  187  198  202  204  204  203  201  198  195  192
  187  180  174  174  180  190  205  221  233  241  248  257  271  286  303  320
  341  358  376  393  417  431  450  449  459                                   
    30.0-180.0 180.0   5.0 450.0                            LAT/LON1/LON2/DLON/H
  495  492  493  487  482  474  467  464  461  458  447  442  433  427  414  403
  391  380  371  367  356  339  310  280  248  227  217  218  223  230  234  234
  230  221  212  203  200  202  207  215  219  221  220  219  214  208  202  196
  189  179  172  170  174  182  196  212  226  235  245  255  273  288  306  327
  349  364  384  401  424  441  468  484  495                                   
    27.5-180.0 180.0   5.0 450.0                            LAT/LON1/LON2/DLON/H
  546  544  542  539  538  534  524  513  505  494  482  470  460  450  436  420
  405  393  381  371  355  331  299  270  247  238  240  251  264  277  286  288
  283  269  255  240  232  232  233  240  239  237  230  225  218  210  201  194
  185  174  166  163  167  175  189  205  220  233  245  262  280  299  318  345
  369  386  403  419  442  458  491  528  546                                   
    25.0-180.0 180.0   5.0 450.0                            LAT/LON1/LON2/DLON/H
  588  586  597  609  613  611  595  582  564  549  527  509  490  478  457  440
  419  402  385  368  343  316  285  264  255  260  272  291  314  328  337  335
  330  314  299  281  271  267  262  265  258  250  239  229  220  209  200  190
  184  172  166  161  163  170  187  206  221  238  253  275  294  316  334  362
  387  406  425  441  463  482  526  580  588                                   
    22.5-180.0 180.0   5.0 450.0                            LAT/LON1/LON2/DLON/H
  621  632  655  676  692  695  681  661  634  605  580  554  531  508  486  461
  435  411  386  361  331  303  280  269  274  290  309  332  358  369  374  369
  362  349  331  315  300  296  284  281  268  257  238  226  214  203  191  183
  180  173  170  163  164  166  183  201  225  247  266  291  308  332  351  381
  406  429  447  466  491  513  565  637  621                                   
    20.0-180.0 180.0   5.0 450.0                            LAT/LON1/LON2/DLON/H
  641  657  700  738  770  780  766  739  702  673  634  608  578  553  517  489
  451  421  387  356  320  297  282  283  297  318  341  366  389  393  392  382
  376  362  348  330  315  307  291  284  266  253  236  220  210  195  188  178
  179  172  170  160  158  159  176  198  230  258  283  311  330  353  371  399
  428  452  476  493  525  547  603  676  641                                   
    17.5-180.0 180.0   5.0 450.0                            LAT/LON1/LON2/DLON/H
  660  687  741  789  835  848  841  813  774  732  694  661  633  597  560  519
  477  435  396  356  322  301  297  304  323  344  366  383  397  393  384  377
  368  359  347  333  315  304  286  276  256  243  225  212  197  186  179  172
  174  170  168  157  155  152  175  199  237  271  296  326  347  371  387  415
  442  472  495  521  554  575  628  701  660                                   
    15.0-180.0 180.0   5.0 450.0                            LAT/LON1/LON2/DLON/H
  675  699  761  819  877  895  900  875  840  799  751  719  677  647  602  562
  512  465  413  373  337  321  322  334  349  362  371  376  377  366  354  345
  341  336  332  319  301  289  272  258  240  227  217  201  195  180  177  167
  170  162  160  145  142  141  171  201  246  279  310  341  366  387  407  427
  457  481  511  538  576  595  643  697  675                                   
    12.5-180.0 180.0   5.0 450.0                            LAT/LON1/LON2/DLON/H
  681  708  761  823  874  901  913  900  879  840  801  761  726  688  651  606
  558  505  447  401  368  355  356  365  370  367  359  344  333  317  309  306
  304  309  307  300  282  271  253  243  225  217  205  193  185  175  169  160
  158  152  145  132  129  132  165  203  243  279  312  348  375  402  419  439
  464  489  520  552  593  608  644  683  681                                   
    10.0-180.0 180.0   5.0 450.0                            LAT/LON1/LON2/DLON/H
  679  709  747  793  835  859  880  879  880  860  831  807  771  742  698  663
  610  559  504  455  419  404  396  394  380  354  322  296  277  263  260  261
  271  277  283  278  265  250  237  224  211  202  199  186  183  168  162  148
  145  137  128  116  114  122  159  202  246  279  315  351  384  414  437  454
  477  499  534  568  611  625  649  664  679                                   
     7.5-180.0 180.0   5.0 450.0                            LAT/LON1/LON2/DLON/H
  673  711  731  754  776  790  805  827  838  840  831  819  799  772  739  702
  660  611  562  515  476  454  432  411  373  322  276  245  227  222  229  243
