data/unet/pred0770.15i
     1.0            IONOSPHERE MAPS     GNSS                IONEX VERSION / TYPE
pyspatialgeodesy        IME             05-JAN-18 20:20     PGM / RUN BY / DATE 
Map Name                                                    COMMENT             
Predicted global ionosphere maps (GIM).                     DESCRIPTION         
  2015     3    18     0     0     0                        EPOCH OF FIRST MAP  
  2015     3    19     0     0     0                        EPOCH OF LAST MAP   
  7200                                                      INTERVAL            
    13                                                      # OF MAPS IN FILE   
  NONE                                                      MAPPING FUNCTION    
10.0                                                        ELEVATION CUTOFF    
One-way carrier phase leveled to code                       OBSERVABLES USED    
  6371.0                                                    BASE RADIUS         
 2                                                          MAP DIMENSION       
   450.0 450.0   0.0                                        HGT1 / HGT2 / DHGT  
    87.5 -87.5  -2.5                                        LAT1 / LAT2 / DLAT  
  -180.0 180.0   5.0                                        LON1 / LON2 / DLON  
    -1                                                      EXPONENT            
                                                            END OF HEADER       
[from data line 3861]
    10                                                      START OF TEC MAP    
  2015     3    18    18     0     0                        EPOCH OF CURRENT MAP
    87.5-180.0 180.0   5.0 450.0                            LAT/LON1/LON2/DLON/H
  197  158  163  160  160  155  159  155  161  157  164  161  168  164  170  167
  171  168  171  168  170  167  168  166  166  163  163  160  161  157  157  153
  154  148  150  144  147  141  145  139  144  139  144  140  145  142  147  145
  150  147  153  151  156  153  158  156  160  157  161  157  161  156  160  155
  159  154  159  158  165  161  162  170  197                                   
    85.0-180.0 180.0   5.0 450.0                            LAT/LON1/LON2/DLON/H
  154  142  148  153  149  152  150  155  153  158  157  162  160  166  162  167
  163  167  162  165  162  164  159  161  157  158  154  155  151  151  146  145
  141  140  136  135  132  131  130  129  128  127  127  127  128  128  129  130
  132  133  134  137  138  140  141  143  144  145  145  146  146  146  145  145
  144  144  143  147  149  145  145  160  154                                   
    82.5-180.0 180.0   5.0 450.0                            LAT/LON1/LON2/DLON/H
  140  127  141  145  143  149  146  154  152  158  158  162  162  164  166  166
  168  166  167  165  166  164  164  162  162  160  159  157  154  152  149  147
  141  140  134  135  128  130  125  127  122  123  120  121  119  120  121  121
  122  123  126  127  130  131  135  136  138  138  141  140  140  140  138  139
  134  136  132  133  133  128  122  127  140                                   
    80.0-180.0 180.0   5.0 450.0                            LAT/LON1/LON2/DLON/H
  124  116  119  125  125  130  131  139  139  145  147  152  154  156  160  160
  164  162  165  163  165  163  163  162  161  159  158  156  152  150  145  143
  135  135  127  129  121  124  116  120  111  115  108  111  105  108  104  107
  104  107  108  111  112  115  118  121  122  125  124  127  124  125  120  121
  115  116  110  113  112  106  102  105  124                                   
    77.5-180.0 180.0   5.0 450.0                            LAT/LON1/LON2/DLON/H
  106   97  104  107  110  114  119  123  128  132  137  140  144  146  151  152
  154  155  158  158  159  160  162  161  161  160  160  158  154  152  148  144
  137  135  130  130  124  125  119  120  113  113  109  107  103  101  100   99
   99   99  102  105  108  109  114  116  117  118  118  117  114  111  108  104
  101   98   94   95   96   89   85   94  106                                   
    75.0-180.0 180.0   5.0 450.0                            LAT/LON1/LON2/DLON/H
   94   86   88   94   97  102  105  113  115  122  127  132  136  140  145  148
  151  153  155  159  159  164  163  166  164  167  164  165  158  160  152  150
  141  140  133  134  127  130  122  125  116  118  109  110  102  102   95   98
   94   97   97  102  103  109  109  114  111  113  109  110  101  100   93   91
   84   84   79   80   80   79   77   91   94                                   
    72.5-180.0 180.0   5.0 450.0                            LAT/LON1/LON2/DLON/H
   87   82   88   89   91   96  100  105  111  116  123  128  134  138  144  148
  151  154  158  161  166  168  172  172  173  173  173  170  168  166  162  157
  152  149  144  143  137  139  132  134  127  128  120  119  112  106  101   98
   97   96  100  102  106  109  113  114  114  113  110  107  100   95   89   85
   80   78   76   76   78   77   77   93   87                                   
    70.0-180.0 180.0   5.0 450.0                            LAT/LON1/LON2/DLON/H
   91   87   88   91   93   95   99  104  111  116  125  131  137  142  147  152
  155  159  163  169  172  178  177  181  178  180  176  177  173  174  168  165
  159  156  150  147  143  141  139  139  136  134  129  126  118  113  104  103
   99  100  101  105  108  113  114  117  114  115  108  105   95   91   83   80
   75   75   73   75   77   79   81   98   91                                   
    67.5-180.0 180.0   5.0 450.0                            LAT/LON1/LON2/DLON/H
   91   90   97   96   96   97  101  106  113  119  130  135  142  147  153  158
  162  167  173  179  185  188  190  188  188  182  183  177  177  172  172  166
  162  156  151  148  143  143  140  143  140  140  135  132  124  117  109  104
  100   98  101  104  108  111  114  115  113  111  107  100   93   86   81   76
   74   73   73   75   80   82   83  104   91                                   
    65.0-180.0 180.0   5.0 450.0                            LAT/LON1/LON2/DLON/H
   94   92   93   96   96   96  100  106  113  122  132  139  146  152  157  163
  168  174  181  189  194  197  194  192  186  180  176  172  171  169  167  163
  161  156  152  148  143  140  140  139  139  137  135  132  126  118  110  104
  100   98   99  103  106  110  111  113  108  108   99   95   83   82   73   73
   68   71   69   73   76   83   84  104   94                                   
    62.5-180.0 180.0   5.0 450.0                            LAT/LON1/LON2/DLON/H
   87   87   92   93   91   93   96  104  111  120  132  139  147  154  159  167
  173  182  190  199  203  207  203  197  188  177  172  164  166  161  165  158
  159  151  150  142  136  131  130  129  129  128  128  124  120  113  105   99
   95   93   94   96   99  101  104  103  100   96   92   84   78   71   67   63
   62   62   62   64   68   74   74   96   87                                   
    60.0-180.0 180.0   5.0 450.0                            LAT/LON1/LON2/DLON/H
   80   75   77   83   83   86   89   99  107  117  128  136  144  151  158  167
  174  184  192  203  205  210  202  197  180  171  161  158  158  161  163  165
  163  159  153  146  136  129  125  124  124  122  124  119  117  109  104   98
   93   91   90   91   93   94   94   93   90   87   81   76   69   67   61   60
   55   56   52   55   55   62   64   79   80                                   
    57.5-180.0 180.0   5.0 450.0                            LAT/LON1/LON2/DLON/H
   68   62   69   74   76   82   86   95  104  113  125  133  141  149  157  168
  174  186  193  205  208  212  206  200  185  172  165  160  166  171  182  184
  187  180  173  159  147  134  128  122  120  117  117  113  110  103   98   93
   89   86   86   87   87   87   87   86   82   79   75   71   67   63   59   56
   52   49   46   44   44   48   48   59   68                                   
    55.0-180.0 180.0   5.0 450.0                            LAT/LON1/LON2/DLON/H
   64   54   59   70   73   83   87   99  105  115  123  131  137  146  154  165
  173  184  192  203  206  212  206  205  189  182  170  174  177  193  202  211
  209  204  191  178  160  147  137  130  127  121  121  115  114  106  102   95
   92   87   87   86   85   84   83   81   77   75   72   68   67   64   61   57
   54   49   45   41   37   41   43   43   64                                   
    52.5-180.0 180.0   5.0 450.0                            LAT/LON1/LON2/DLON/H
   61   51   63   74   83   93   99  110  114  119  125  131  136  144  153  166
  173  185  192  202  207  216  216  218  211  208  199  207  213  231  241  247
  246  234  222  205  192  176  166  154  146  137  130  124  119  113  108  102
   98   94   91   90   89   87   86   84   82   80   78   75   73   70   68   64
   61   55   50   44   39   39   39   36   61                                   
    50.0-180.0 180.0   5.0 450.0                            LAT/LON1/LON2/DLON/H
   69   61   71   88   97  112  118  129  129  133  133  137  139  146  155  166
  175  185  193  201  208  220  224  234  232  238  230  243  246  264  267  273
  267  256  243  231  219  207  195  182  172  159  152  141  137  127  123  114
  110  104  102   99   98   96   94   92   90   89   88   84   82   78   76   73
   70   64   59   53   47   47   49   40   69                                   
    47.5-180.0 180.0   5.0 450.0                            LAT/LON1/LON2/DLON/H
   79   72   89  108  121  138  144  151  149  149  146  147  148  153  160  172
  178  187  193  202  210  226  238  253  258  266  264  274  281  290  302  298
  299  285  278  269  258  245  230  218  203  190  177  165  154  144  136  129
  123  118  113  111  107  106  102  102   98   99   96   95   90   88   84   83
   80   76   73   68   63   61   60   56   79                                   
    45.0-180.0 180.0   5.0 450.0                            LAT/LON1/LON2/DLON/H
   96   93  107  131  147  166  170  177  172  173  165  167  163  169  174  182
  188  193  199  204  216  232  249  269  278  289  290  297  310  312  325  315
  318  302  302  290  287  272  257  242  224  211  196  183  173  160  153  142
  136  129  124  120  116  114  109  109  104  106  102  101   97   96   93   92
   88   88   84   82   78   78   77   79   96                                   
    42.5-180.0 180.0   5.0 450.0                            LAT/LON1/LON2/DLON/H
  105  106  126  149  170  187  194  198  196  196  190  190  185  187  188  193
  194  200  201  209  220  238  258  278  296  307  317  328  342  347  361  350
  352  334  338  325  329  311  297  271  251  232  214  201  186  175  164  155
  145  138  129  125  119  115  110  108  103  104  102  102   99  100   96   98
   96   96   94   94   93   94   95   97  105                                   
    40.0-180.0 180.0   5.0 450.0                            LAT/LON1/LON2/DLON/H
  118  120  134  158  180  200  207  215  215  220  216  220  214  216  210  212
  210  212  212  217  229  249  270  292  311  326  344  351  369  368  376  367
  362  351  352  351  353  340  326  297  269  247  227  212  198  188  177  165
  156  144  134  126  119  115  109  107  102  104  101  103  100  101   99  102
   98  102   98  101  102  103  105  113  118                                   
    37.5-180.0 180.0   5.0 450.0                            LAT/LON1/LON2/DLON/H
  119  119  137  164  188  206  217  224  231  239  245  252  247  245  236  232
  226  226  226  234  245  264  286  308  334  353  374  385  403  401  414  395
  404  385  397  386  395  376  365  329  300  266  243  224  208  197  186  176
  164  150  136  126  117  111  105  103   99  102  101  103  100  103  100  104
  101  103  101  102  101  103  106  114  119                                   
    35.0-180.0 180.0   5.0 450.0                            LAT/LON1/LON2/DLON/H
  114  113  127  155  182  201  217  225  238  254  268  279  279  278  265  260
  251  252  251  260  272  289  309  328  357  373  398  404  420  421  430  426
  426  426  422  420  416  400  387  358  329  294  267  244  226  215  203  193
  179  163  145  133  122  115  110  109  107  108  107  109  107  108  104  108
  104  105   99   99   94   95   95  113  114                                   
    32.5-180.0 180.0   5.0 450.0                            LAT/LON1/LON2/DLON/H
  104  102  116  149  179  201  220  231  248  266  287  303  307  305  295  289
  282  280  284  293  308  320  339  360  388  404  427  436  461  463  495  492
  519  499  512  483  484  450  431  396  371  330  301  274  251  240  226  217
  200  181  158  142  124  121  113  113  115  122  121  123  122  122  122  123
  119  115  107   98   92   87   87   95  104                                   
    30.0-180.0 180.0   5.0 450.0                            LAT/LON1/LON2/DLON/H
   97  100  112  140  173  195  218  229  250  269  297  315  325  324  319  314
  309  313  319  331  347  358  379  393  419  430  452  467  500  528  569  602
  626  624  612  575  546  507  470  432  397  366  341  318  293  278  258  251
  233  210  180  162  148  140  135  128  125  126  134  134  142  144  142  142
  135  128  114  105   93   89   85   82   97                                   
    27.5-180.0 180.0   5.0 450.0                            LAT/LON1/LON2/DLON/H
   98  103  124  151  183  205  230  243  266  285  315  333  346  347  345  339
  336  341  353  370  390  405  421  435  453  467  488  512  561  608  676  727
  756  745  720  678  625  569  523  483  438  408  384  365  342  332  312  306
  277  252  215  198  184  185  178  175  170  163  165  164  164  157  151  145
  138  126  118  104  100   92   88   72   98                                   
    25.0-180.0 180.0   5.0 450.0                            LAT/LON1/LON2/DLON/H
  103  118  139  165  196  219  245  257  280  298  328  347  364  368  368  361
  360  368  380  404  429  443  461  472  494  506  527  566  627  701  769  811
  822  808  772  732  677  618  545  500  459  432  406  395  376  371  352  340
  309  275  235  206  199  197  204  202  206  204  198  197  191  183  174  165
  155  140  125  114  102   95   88   70  103                                   
    22.5-180.0 180.0   5.0 450.0                            LAT/LON1/LON2/DLON/H
  112  131  164  191  227  240  267  276  305  317  350  370  391  400  404  403
  403  410  426  449  469  483  497  516  536  557  578  629  697  760  821  859
  864  845  811  763  700  643  558  506  469  451  432  422  407  399  382  371
  341  312  275  254  249  251  256  257  249  238  232  227  218  205  196  181
  166  153  140  126  116  110  100   83  112                                   
    20.0-180.0 180.0   5.0 450.0                            LAT/LON1/LON2/DLON/H
  132  141  173  208  247  262  286  295  325  337  370  387  416  433  445  450
  454  464  480  494  510  517  530  548  572  602  636  691  742  794  848  872
  874  853  815  770  702  640  555  498  463  451  443  442  434  426  414  404
  383  352  324  299  301  303  309  306  288  277  251  248  231  223  205  195
  178  165  150  147  131  132  121  100  132                                   
    17.5-180.0 180.0   5.0 450.0                            LAT/LON1/LON2/DLON/H
  153  159  188  221  263  281  302  313  338  357  387  408  439  464  482  495
  503  515  528  536  543  549  560  589  616  657  696  733  765  807  842  859
  854  832  792  743  678  610  530  480  446  440  439  446  445  440  432  425
  409  386  361  342  347  349  354  344  326  301  279  259  242  227  214  200
  188  171  160  151  142  145  138  125  153                                   
    15.0-180.0 180.0   5.0 450.0                            LAT/LON1/LON2/DLON/H
  168  166  196  224  265  284  310  323  354  372  403  425  466  496  522  542
  552  566  570  576  573  578  583  615  649  701  740  759  779  801  822  830
  821  797  756  710  649  584  511  466  437  429  434  439  444  438  439  430
  422  398  378  365  369  376  374  367  343  318  280  258  236  224  212  200
  187  173  161  152  144  145  147  140  168                                   
    12.5-180.0 180.0   5.0 450.0                            LAT/LON1/LON2/DLON/H
  171  171  194  226  264  288  313  335  364  387  415  443  483  514  547  572
  592  601  608  607  604  603  613  648  687  740  769  769  772  781  790  790
  774  750  705  674  614  555  493  459  435  429  429  434  433  429  428  424
  413  396  379  373  379  378  380  367  347  318  283  256  234  220  206  192
  178  168  159  152  142  144  141  146  171                                   
    10.0-180.0 180.0   5.0 450.0                            LAT/LON1/LON2/DLON/H
  168  167  193  222  258  283  311  337  372  398  435  461  504  536  573  602
  623  638  641  644  638  635  645  679  720  771  787  772  768  761  761  755
  734  712  677  650  601  550  501  468  445  435  438  434  438  429  432  424
  417  392  379  375  375  379  368  362  337  309  274  246  226  209  198  182
  170  160  153  145  132  134  137  140  168                                   
     7.5-180.0 180.0   5.0 450.0                            LAT/LON1/LON2/DLON/H
  163  164  188  223  258  287  319  351  386  424  460  489  528  560  595  628
  653  669  677  681  679  676  684  719  758  791  790  764  751  741  730  719
