data/unet/pred1030.15i
     1.0            IONOSPHERE MAPS     GNSS                IONEX VERSION / TYPE
pyspatialgeodesy        IME             05-JAN-18 20:20     PGM / RUN BY / DATE 
Map Name                                                    COMMENT             
Predicted global ionosphere maps (GIM).                     DESCRIPTION         
  2015     4    13     0     0     0                        EPOCH OF FIRST MAP  
  2015     4    14     0     0     0                        EPOCH OF LAST MAP   
  7200                                                      INTERVAL            
    13                                                      # OF MAPS IN FILE   
  NONE                                                      MAPPING FUNCTION    
10.0                                                        ELEVATION CUTOFF    
One-way carrier phase leveled to code                       OBSERVABLES USED    
  6371.0                                                    BASE RADIUS         
 2                                                          MAP DIMENSION       
   450.0 450.0   0.0                                        HGT1 / HGT2 / DHGT  
    87.5 -87.5  -2.5                                        LAT1 / LAT2 / DLAT  
  -180.0 180.0   5.0                                        LON1 / LON2 / DLON  
    -1                                                      EXPONENT            
                                                            END OF HEADER       
[from data line 858]
     3                                                      START OF TEC MAP    
  2015     4    13     4     0     0                        EPOCH OF CURRENT MAP
    87.5-180.0 180.0   5.0 450.0                            LAT/LON1/LON2/DLON/H
  136  156  144  143  147  144  148  148  151  151  154  153  156  155  157  156
  158  157  158  157  158  156  156  154  154  151  151  148  148  144  145  141
  143  140  143  139  142  139  142  140  143  141  144  142  145  144  146  146
  146  147  147  147  146  148  147  148  147  149  147  149  148  149  147  147
  147  146  146  145  145  145  157  147  136                                   
    85.0-180.0 180.0   5.0 450.0                            LAT/LON1/LON2/DLON/H
  158  153  137  146  144  146  145  150  150  154  155  159  159  163  162  164
  163  165  163  164  160  161  156  156  151  151  146  145  140  140  136  135
  133  133  132  132  131  132  132  133  134  135  136  137  137  139  139  140
  140  142  141  143  142  146  145  148  148  151  150  153  152  154  151  153
  151  152  149  151  146  147  153  157  158                                   
    82.5-180.0 180.0   5.0 450.0                            LAT/LON1/LON2/DLON/H
  147  136  134  136  134  134  136  139  144  147  153  156  161  162  166  166
  168  167  168  165  163  158  155  149  145  139  136  131  127  123  121  119
  118  117  118  118  119  120  122  122  125  125  129  128  131  129  134  132
  136  134  139  138  142  142  147  147  151  151  154  153  156  154  155  151
  153  148  150  146  146  142  150  147  147                                   
    80.0-180.0 180.0   5.0 450.0                            LAT/LON1/LON2/DLON/H
  153  144  137  136  135  133  135  140  144  151  156  163  167  172  174  177
  177  178  176  175  169  165  156  150  141  136  129  124  119  116  114  112
  112  111  113  114  117  119  122  124  127  129  131  134  135  138  140  143
  145  148  150  153  154  157  160  163  165  169  170  172  173  174  173  172
  171  170  168  169  162  156  155  156  153                                   
    77.5-180.0 180.0   5.0 450.0                            LAT/LON1/LON2/DLON/H
  160  149  143  140  134  132  134  138  143  149  156  163  168  172  174  176
  176  175  174  170  165  157  149  140  132  125  119  114  109  106  104  104
  103  106  108  112  114  120  122  127  129  134  136  140  141  145  147  151
  153  156  159  162  164  168  171  176  179  184  186  190  192  194  194  194
  194  193  191  190  186  176  169  166  160                                   
    75.0-180.0 180.0   5.0 450.0                            LAT/LON1/LON2/DLON/H
  168  163  159  152  142  139  137  141  144  150  155  161  164  167  169  168
  168  166  164  160  153  146  138  131  123  116  110  104  100   97   97   96
   99  101  107  111  116  121  127  131  134  139  141  145  146  151  152  158
  158  164  164  171  171  180  181  190  190  200  197  206  203  211  206  212
  208  215  210  215  205  193  186  181  168                                   
    72.5-180.0 180.0   5.0 450.0                            LAT/LON1/LON2/DLON/H
  181  177  177  166  153  148  144  146  148  151  153  156  156  157  155  155
  151  149  146  142  136  132  126  120  113  107  102   97   94   93   93   94
   97  101  106  113  118  126  130  136  138  144  145  149  150  154  157  160
  163  166  170  173  178  183  189  194  200  204  206  209  213  215  215  217
  220  223  225  228  227  216  206  201  181                                   
    70.0-180.0 180.0   5.0 450.0                            LAT/LON1/LON2/DLON/H
  195  197  194  186  172  164  158  159  157  157  157  154  151  145  143  138
  136  129  129  125  124  120  118  113  108  103   98   94   92   90   92   93
   97  100  108  114  121  127  133  137  139  145  145  151  151  158  159  166
  167  174  176  185  186  196  197  207  206  214  209  216  212  220  213  221
  218  229  227  237  233  228  218  214  195                                   
    67.5-180.0 180.0   5.0 450.0                            LAT/LON1/LON2/DLON/H
  207  210  207  196  181  174  166  165  161  160  156  151  141  136  130  125
  119  115  113  112  111  111  110  109  104  101   98   94   92   91   93   94
   97  101  107  113  117  123  126  130  131  135  139  144  149  154  159  164
  171  175  184  189  196  201  208  209  214  213  213  211  213  210  209  209
  215  218  226  232  239  235  225  225  207                                   
    65.0-180.0 180.0   5.0 450.0                            LAT/LON1/LON2/DLON/H
  218  222  217  207  194  185  178  175  169  166  161  151  141  130  123  114
  109  104  103  103  104  104  106  105  103  100   98   94   92   90   92   92
   95   97  103  106  110  113  117  119  122  128  134  143  148  156  161  171
  177  188  194  204  207  215  216  222  219  222  216  218  211  213  203  208
  204  215  217  231  233  235  226  227  218                                   
    62.5-180.0 180.0   5.0 450.0                            LAT/LON1/LON2/DLON/H
  220  223  221  209  196  187  181  176  172  167  160  149  135  126  117  111
  105  102  102  102  103  105  105  105  103  101   99   96   93   91   91   90
   91   92   96   96   98  100  103  106  109  117  127  138  147  157  167  177
  187  198  207  214  219  223  226  227  227  226  223  220  217  211  206  201
  201  204  210  219  230  229  224  229  220                                   
    60.0-180.0 180.0   5.0 450.0                            LAT/LON1/LON2/DLON/H
  224  225  220  211  199  190  182  179  173  168  159  148  136  125  118  111
  107  103  104  103  104  103  104  103  101   99   97   94   91   88   86   84
   83   85   85   88   88   92   93   99  102  116  124  142  148  164  172  189
  198  211  218  229  228  237  234  241  236  242  234  237  227  227  213  213
  200  208  204  218  217  222  219  225  224                                   
    57.5-180.0 180.0   5.0 450.0                            LAT/LON1/LON2/DLON/H
  223  222  221  209  197  187  181  175  170  162  153  142  131  123  115  112
  108  108  107  106  105  103  102  100   97   96   93   91   85   83   78   76
   73   73   75   76   79   81   85   89   96  106  123  138  152  166  180  197
  209  220  229  235  239  243  246  251  252  255  253  253  248  241  233  225
  217  214  213  216  222  222  220  229  223                                   
    55.0-180.0 180.0   5.0 450.0                            LAT/LON1/LON2/DLON/H
  231  228  223  215  202  193  186  181  172  162  151  141  130  123  118  114
  112  110  109  106  104   99   98   95   93   91   89   86   82   77   74   72
   70   71   72   76   77   82   85   92   97  111  127  146  160  178  193  211
  220  235  239  249  249  259  258  268  269  277  277  281  275  274  262  257
  242  241  230  234  230  230  227  235  231                                   
    52.5-180.0 180.0   5.0 450.0                            LAT/LON1/LON2/DLON/H
  243  234  236  224  213  202  194  187  176  164  150  138  128  121  117  114
  112  109  107  103  100   95   93   90   89   88   87   85   80   75   70   69
   68   71   73   76   80   83   89   93  103  113  134  150  168  186  204  221
  233  243  250  257  261  268  273  283  289  298  304  308  308  305  299  290
  278  269  262  258  258  252  245  253  243                                   
    50.0-180.0 180.0   5.0 450.0                            LAT/LON1/LON2/DLON/H
  265  251  254  242  233  223  215  205  194  179  160  146  132  125  118  114
  111  106  103   99   96   91   90   87   88   86   88   85   84   78   77   74
   76   77   82   86   90   94   99  104  112  124  144  161  180  200  218  237
  247  260  265  275  276  287  291  304  310  322  328  336  339  341  336  330
  319  308  298  291  285  276  270  275  265                                   
    47.5-180.0 180.0   5.0 450.0                            LAT/LON1/LON2/DLON/H
  287  272  278  268  257  247  237  228  212  196  175  156  138  128  119  113
  106  102   97   94   91   89   88   87   89   90   92   91   91   87   85   84
   84   88   92   97  103  107  113  117  125  137  154  174  192  213  232  249
  261  274  279  289  294  306  312  326  332  344  349  359  361  366  364  362
  355  347  337  328  324  310  300  306  287                                   
    45.0-180.0 180.0   5.0 450.0                            LAT/LON1/LON2/DLON/H
  310  297  297  288  279  271  260  249  233  216  195  175  152  136  123  113
  105   99   96   94   95   93   95   93   97   97  102  100  103   97   98   93
   96   97  104  108  115  119  125  128  137  149  168  186  206  226  246  265
  279  293  299  311  316  329  336  351  357  368  372  381  383  392  390  395
  388  387  374  371  361  343  337  339  310                                   
    42.5-180.0 180.0   5.0 450.0                            LAT/LON1/LON2/DLON/H
  326  310  312  303  295  288  275  267  249  235  211  193  167  148  130  119
  107  103   99  101  103  105  107  106  109  110  114  114  114  111  110  107
  107  109  114  118  124  128  133  138  146  161  177  197  215  236  256  278
  292  308  316  330  338  350  359  372  377  386  389  398  397  405  402  408
  405  404  397  392  387  368  357  362  326                                   
    40.0-180.0 180.0   5.0 450.0                            LAT/LON1/LON2/DLON/H
  339  323  315  305  296  292  281  273  257  242  221  202  181  158  141  124
  116  109  112  114  121  121  125  120  123  120  126  122  125  118  120  114
  117  115  121  122  129  131  138  142  155  168  188  205  227  246  269  293
  309  325  335  349  358  372  381  393  398  410  413  422  421  425  423  425
  421  422  414  412  403  384  373  376  339                                   
    37.5-180.0 180.0   5.0 450.0                            LAT/LON1/LON2/DLON/H
  348  325  315  305  294  289  278  272  256  245  223  209  188  170  150  139
  129  129  131  138  144  145  145  141  139  136  138  136  136  131  129  125
  124  122  124  127  131  135  139  144  156  171  191  211  231  253  276  299
  318  333  346  359  371  383  395  407  415  427  434  440  441  442  437  438
  434  433  427  424  417  399  376  386  348                                   
    35.0-180.0 180.0   5.0 450.0                            LAT/LON1/LON2/DLON/H
  368  337  321  304  288  277  266  255  244  229  216  202  187  171  160  147
  145  143  153  158  167  166  166  159  156  150  150  147  146  140  137  131
  129  125  127  127  131  131  138  142  154  171  195  215  236  253  279  301
  322  339  351  365  380  396  411  424  435  450  462  471  473  473  470  467
  461  459  452  451  442  422  405  407  368                                   
    32.5-180.0 180.0   5.0 450.0                            LAT/LON1/LON2/DLON/H
  397  363  340  319  293  277  254  242  225  214  198  191  177  170  160  157
  156  162  171  179  186  187  186  180  177  172  171  167  165  159  154  148
  141  140  136  139  136  137  138  143  152  168  194  216  234  252  277  300
  324  340  357  371  391  407  424  443  453  470  481  489  495  496  497  497
  494  491  490  486  484  463  435  435  397                                   
    30.0-180.0 180.0   5.0 450.0                            LAT/LON1/LON2/DLON/H
  453  421  392  357  320  288  258  229  212  191  182  170  168  161  161  158
  165  166  178  183  192  193  196  194  195  194  193  194  186  180  169  161
  153  149  147  144  146  137  143  140  153  164  190  212  235  248  274  298
  323  342  364  385  406  428  451  473  486  506  525  536  543  546  550  555
  554  556  552  553  549  527  513  494  453                                   
    27.5-180.0 180.0   5.0 450.0                            LAT/LON1/LON2/DLON/H
  521  497  468  433  381  339  290  254  220  196  176  165  160  155  156  156
  165  168  177  183  190  194  204  208  218  221  224  225  218  210  196  186
  171  166  159  156  150  142  139  138  146  163  187  214  236  253  275  299
  325  343  365  389  415  440  467  490  507  531  553  577  590  600  606  613
  613  619  619  622  623  607  584  555  521                                   
    25.0-180.0 180.0   5.0 450.0                            LAT/LON1/LON2/DLON/H
  617  594  571  542  494  443  376  312  264  221  197  174  168  157  161  157
  167  164  171  172  179  190  209  228  243  257  258  261  251  240  222  205
  187  175  168  162  157  141  140  132  141  153  183  204  233  250  273  300
  328  352  376  404  430  458  488  510  529  556  587  621  641  662  678  690
  693  706  709  718  719  695  684  640  617                                   
    22.5-180.0 180.0   5.0 450.0                            LAT/LON1/LON2/DLON/H
  708  700  684  644  600  545  486  419  352  292  251  218  201  188  180  171
  172  166  168  165  176  193  223  250  277  292  299  300  286  269  240  220
  196  184  172  163  150  136  128  124  126  144  173  206  235  254  280  305
  338  364  392  419  449  475  505  525  546  572  606  644  677  705  727  752
  763  786  798  806  810  785  768  720  708                                   
    20.0-180.0 180.0   5.0 450.0                            LAT/LON1/LON2/DLON/H
  799  811  788  753  708  654  598  542  482  416  360  313  275  250  230  208
  198  182  177  172  182  206  243  280  308  333  338  334  314  284  249  223
  203  187  179  165  153  132  121  111  116  131  165  199  233  256  287  316
  353  380  414  444  480  503  536  545  576  594  632  673  707  740  763  794
  811  839  860  868  879  860  829  799  799                                   
    17.5-180.0 180.0   5.0 450.0                            LAT/LON1/LON2/DLON/H
  859  900  896  863  825  761  710  648  595  534  479  428  385  344  301  264
  241  219  207  201  211  236  275  314  350  370  368  354  319  283  240  216
  195  180  171  155  142  124  108  100  104  124  157  196  232  257  294  326
  367  395  434  464  503  528  560  580  605  626  656  693  723  754  777  809
  834  863  888  904  910  913  866  851  859                                   
    15.0-180.0 180.0   5.0 450.0                            LAT/LON1/LON2/DLON/H
  892  947  946  929  899  855  800  749  688  635  585  543  498  458  400  354
  307  279  256  248  255  279  318  366  395  403  390  357  315  273  236  210
  192  175  164  146  130  113   98   87   96  117  153  190  229  259  296  332
  374  404  447  479  517  546  583  605  632  657  679  713  737  762  784  811
  833  866  897  912  928  926  886  881  892                                   
    12.5-180.0 180.0   5.0 450.0                            LAT/LON1/LON2/DLON/H
  887  937  970  966  951  906  868  820  768  716  670  632  594  549  493  445
  396  357  327  316  317  337  373  409  423  416  389  350  299  259  227  200
  184  163  152  132  116  101   89   82   89  113  149  188  227  259  301  337
  380  416  458  492  533  564  596  622  649  677  697  721  735  757  776  801
  827  852  884  896  912  924  894  888  887                                   
    10.0-180.0 180.0   5.0 450.0                            LAT/LON1/LON2/DLON/H
  865  913  939  950  932  916  876  858  806  769  723  696  660  626  570  528
  482  452  417  401  395  409  429  447  446  422  384  325  276  237  211  188
  173  155  142  121  106   92   82   78   87  112  146  185  223  258  296  333
  377  414  455  494  530  562  588  620  657  691  712  729  745  758  778  797
  816  837  863  874  892  903  886  884  865                                   
     7.5-180.0 180.0   5.0 450.0                            LAT/LON1/LON2/DLON/H
  834  868  895  887  888  864  853  825  791  752  721  694  681  650  616  575
  546  528  505  492  477  470  470  461  438  407  356  300  254  218  198  178
