data/unet/pred0530.15i
     1.0            IONOSPHERE MAPS     GNSS                IONEX VERSION / TYPE
pyspatialgeodesy        IME             05-JAN-18 20:20     PGM / RUN BY / DATE 
Map Name                                                    COMMENT             
Predicted global ionosphere maps (GIM).                     DESCRIPTION         
  2015     2    22     0     0     0                        EPOCH OF FIRST MAP  
  2015     2    23     0     0     0                        EPOCH OF LAST MAP   
  7200                                                      INTERVAL            
    13                                                      # OF MAPS IN FILE   
  NONE                                                      MAPPING FUNCTION    
10.0                                                        ELEVATION CUTOFF    
One-way carrier phase leveled to code                       OBSERVABLES USED    
  6371.0                                                    BASE RADIUS         
 2                                                          MAP DIMENSION       
   450.0 450.0   0.0                                        HGT1 / HGT2 / DHGT  
    87.5 -87.5  -2.5                                        LAT1 / LAT2 / DLAT  
  -180.0 180.0   5.0                                        LON1 / LON2 / DLON  
    -1                                                      EXPONENT            
                                                            END OF HEADER       
[from data line 2574]
     7                                                      START OF TEC MAP    
  2015     2    22    12     0     0                        EPOCH OF CURRENT MAP
    87.5-180.0 180.0   5.0 450.0                            LAT/LON1/LON2/DLON/H
  109  121  122  123  121  121  121  122  124  124  125  124  125  122  123  120
  122  119  121  119  121  119  121  119  121  119  120  118  118  116  116  115
  116  114  115  114  114  114  112  111  110  108  106  105  103  102  100   99
   97   96   94   95   93   95   93   95   94   97   96   99   99  102  102  105
  106  108  110  113  115  116  129  106  109                                   
    85.0-180.0 180.0   5.0 450.0                            LAT/LON1/LON2/DLON/H
  117  114  116  114  118  117  120  119  122  119  121  118  120  117  117  115
  114  113  111  111  111  111  110  111  111  111  111  112  112  114  114  115
  115  116  116  116  116  115  114  112  111  108  106  104  100   99   95   94
   90   90   87   86   84   84   84   83   84   84   85   85   88   88   91   91
   95   95   99   99  104  103  113  114  117                                   
    82.5-180.0 180.0   5.0 450.0                            LAT/LON1/LON2/DLON/H
  111  110  111  108  113  110  114  112  115  112  113  110  111  106  106  101
  101   96   97   94   95   93   96   96   99  101  104  107  111  114  117  119
  122  122  125  123  125  120  121  116  115  110  108  102   99   93   89   82
   80   76   73   71   68   67   65   65   63   64   64   66   69   70   75   76
   82   81   88   86   94   93   99   96  111                                   
    80.0-180.0 180.0   5.0 450.0                            LAT/LON1/LON2/DLON/H
   97   94   96   96   98   97   98   98   98   96   96   94   93   90   87   84
   81   79   76   75   74   74   74   77   79   85   88   96  100  108  112  119
  122  127  128  130  129  129  125  123  119  116  111  106  101   95   91   84
   81   75   73   68   66   65   63   62   60   61   61   62   63   64   69   69
   75   74   80   78   83   78   81   86   97                                   
    77.5-180.0 180.0   5.0 450.0                            LAT/LON1/LON2/DLON/H
   86   85   77   80   80   81   79   81   79   78   78   75   74   71   70   67
   65   63   60   59   58   58   59   62   65   73   77   90   94  109  114  126
  129  137  138  144  142  143  137  136  129  125  119  115  108  105   98   95
   88   86   81   79   74   74   70   71   68   69   67   69   69   72   71   76
   73   78   75   76   74   72   72   78   86                                   
    75.0-180.0 180.0   5.0 450.0                            LAT/LON1/LON2/DLON/H
   77   76   71   72   72   71   72   71   70   68   67   63   62   59   58   55
   54   51   51   49   49   49   51   55   61   69   77   89   98  112  123  133
  142  150  156  160  161  162  157  156  148  145  138  134  128  124  119  114
  109  107  102  100   95   93   88   88   82   84   80   82   79   81   80   82
   81   81   79   75   73   70   69   75   77                                   
    72.5-180.0 180.0   5.0 450.0                            LAT/LON1/LON2/DLON/H
   76   74   63   71   70   70   68   68   64   63   60   57   55   53   53   51
   51   50   50   51   50   53   55   60   66   73   83   95  107  122  134  145
  155  163  171  174  179  179  181  176  174  168  165  159  157  151  150  143
  141  135  133  127  123  118  113  108  103   99   96   94   93   92   92   91
   89   89   84   80   75   70   70   75   76                                   
    70.0-180.0 180.0   5.0 450.0                            LAT/LON1/LON2/DLON/H
   73   73   69   70   74   69   73   66   68   61   61   56   55   52   53   52
   55   54   56   58   60   63   67   72   79   88   96  107  118  130  141  153
  164  173  181  188  194  198  198  199  195  194  189  187  183  181  178  175
  171  166  162  155  147  139  132  124  116  112  105  104  101  102  100  100
   99   95   93   84   78   73   71   74   73                                   
    67.5-180.0 180.0   5.0 450.0                            LAT/LON1/LON2/DLON/H
   75   74   69   74   75   76   73   73   69   65   60   58   55   55   56   59
   61   65   69   72   75   78   82   89   95  103  109  118  127  138  148  158
  169  178  186  194  201  206  211  212  216  214  214  210  211  207  207  200
  199  189  185  173  165  153  145  133  124  115  108  104  101   99   99  100
  100   98   93   88   80   73   73   74   75                                   
    65.0-180.0 180.0   5.0 450.0                            LAT/LON1/LON2/DLON/H
   71   72   73   73   79   76   80   73   75   65   65   60   61   60   61   64
   67   72   76   81   84   90   96  104  109  115  119  125  131  140  147  157
  167  179  186  200  205  216  219  227  228  232  229  231  231  231  228  223
  215  208  197  182  169  153  142  128  118  109  101   95   91   90   89   91
   93   91   90   84   77   74   73   71   71                                   
    62.5-180.0 180.0   5.0 450.0                            LAT/LON1/LON2/DLON/H
   66   70   67   73   74   77   76   77   72   69   64   62   61   61   64   67
   72   76   82   86   90   95  101  110  114  120  123  127  131  140  146  158
  166  179  186  199  206  217  225  232  241  241  245  244  249  244  243  232
  226  211  203  183  169  152  139  126  114  103   92   86   79   76   75   77
   79   79   80   77   73   69   69   67   66                                   
    60.0-180.0 180.0   5.0 450.0                            LAT/LON1/LON2/DLON/H
   61   60   64   65   72   69   74   69   72   63   62   57   59   62   63   67
   68   73   76   83   87   94   99  110  114  121  123  126  130  138  144  157
  165  180  187  206  211  226  230  245  249  257  258  263  261  260  250  240
  230  217  205  187  167  149  133  119  107   95   84   75   68   64   61   63
   67   67   69   70   66   67   66   61   61                                   
    57.5-180.0 180.0   5.0 450.0                            LAT/LON1/LON2/DLON/H
   58   58   55   60   60   62   63   64   62   60   55   54   54   57   60   62
   64   66   69   74   79   85   91  103  109  117  120  124  127  138  146  164
  172  189  199  217  224  238  245  256  264  269  276  277  275  265  256  242
  234  218  209  189  173  154  141  128  115  104   90   80   70   65   60   59
   61   61   64   64   63   61   61   57   58                                   
    55.0-180.0 180.0   5.0 450.0                            LAT/LON1/LON2/DLON/H
   59   50   52   48   51   49   54   50   53   47   47   44   45   48   49   54
   54   57   56   62   66   74   82   97  102  114  115  124  127  143  153  172
  184  205  219  238  244  258  261  273  277  285  287  291  285  278  265  253
  241  229  218  202  185  170  155  143  129  118  105   94   83   76   67   62
   61   63   64   66   67   67   66   59   59                                   
    52.5-180.0 180.0   5.0 450.0                            LAT/LON1/LON2/DLON/H
   67   58   49   47   45   43   43   45   43   43   40   40   40   42   45   47
   50   50   50   55   60   69   79   93  103  116  121  129  137  152  166  185
  200  226  242  260  269  279  284  289  297  301  304  302  298  287  277  261
  253  240  234  219  210  195  185  169  159  145  132  121  106   99   88   82
   75   74   76   75   75   74   73   70   67                                   
    50.0-180.0 180.0   5.0 450.0                            LAT/LON1/LON2/DLON/H
   82   67   61   50   49   44   44   39   43   37   41   38   40   39   41   42
   43   46   45   51   56   67   80   96  108  124  130  142  149  168  180  202
  225  252  269  286  293  303  304  310  312  318  316  319  312  305  291  281
  269  261  253  243  232  223  211  197  184  169  156  145  133  126  115  108
   98   94   91   92   92   93   92   88   82                                   
    47.5-180.0 180.0   5.0 450.0                            LAT/LON1/LON2/DLON/H
  100   85   72   62   56   50   48   45   45   43   43   42   43   42   44   43
   47   48   52   57   63   75   90  106  121  136  146  156  167  182  194  219
  242  266  285  301  312  318  323  325  330  330  331  330  325  316  307  294
  288  278  274  261  255  241  232  216  203  185  174  164  155  149  140  133
  124  118  114  110  110  110  111  113  100                                   
    45.0-180.0 180.0   5.0 450.0                            LAT/LON1/LON2/DLON/H
  115  102   91   78   74   66   64   56   58   51   54   50   54   50   51   51
   53   56   60   67   75   88  101  121  135  154  161  175  181  196  209  234
  254  278  295  315  325  335  338  345  345  349  344  346  339  333  321  313
  305  299  292  282  270  257  242  228  212  193  182  174  167  164  155  149
  141  137  130  129  127  131  130  132  115                                   
    42.5-180.0 180.0   5.0 450.0                            LAT/LON1/LON2/DLON/H
  125  117  105   95   89   79   76   70   70   63   63   59   61   57   59   60
   64   67   75   84   93  107  120  138  152  167  178  188  193  204  217  238
  253  275  296  318  335  348  357  362  366  366  364  360  353  343  330  320
  314  306  301  286  274  255  239  217  202  185  175  167  163  161  157  152
  148  142  139  135  134  134  139  147  125                                   
    40.0-180.0 180.0   5.0 450.0                            LAT/LON1/LON2/DLON/H
  128  124  114  108  105   96   94   85   85   74   77   71   74   69   72   72
   76   81   89   98  107  123  135  153  166  183  192  203  204  216  226  244
  256  282  304  334  351  369  376  386  384  388  380  379  368  359  344  334
  326  318  309  294  276  257  234  209  191  174  165  157  154  153  148  145
  139  136  131  131  127  129  132  142  128                                   
    37.5-180.0 180.0   5.0 450.0                            LAT/LON1/LON2/DLON/H
  123  120  113  111  110  103  101   94   92   84   84   79   80   76   79   80
   87   93  101  111  119  134  146  164  178  194  202  210  213  221  230  246
  260  288  317  347  371  395  405  415  414  415  408  402  390  377  362  349
  339  328  317  297  278  255  229  202  183  166  156  146  144  140  140  134
  130  124  121  115  112  109  117  130  123                                   
    35.0-180.0 180.0   5.0 450.0                            LAT/LON1/LON2/DLON/H
  114  110  105  106  110  106  108   99   98   88   91   85   89   83   88   88
   96   99  107  117  125  140  153  174  190  206  213  220  221  232  239  257
  273  304  334  368  399  426  441  450  447  449  439  432  419  409  392  380
  366  354  337  318  295  272  243  215  194  176  164  154  148  143  137  132
  124  118  108  104   96   97  101  108  114                                   
    32.5-180.0 180.0   5.0 450.0                            LAT/LON1/LON2/DLON/H
  104  100   94   98  101  103  103   99   95   90   89   88   89   88   90   94
   99  103  106  117  124  143  159  183  199  214  223  231  235  247  257  278
  294  329  359  402  436  472  491  505  498  499  486  475  462  447  435  420
  409  393  378  357  337  316  290  264  243  220  206  191  183  170  162  149
  137  125  111  100   94   92   91   89  104                                   
    30.0-180.0 180.0   5.0 450.0                            LAT/LON1/LON2/DLON/H
   91   76   76   82   90   92   99   90   91   83   89   86   92   88   94   93
   98   97  102  111  122  144  167  192  211  223  235  244  250  263  276  296
  318  351  389  436  479  520  543  558  553  552  539  527  513  495  487  473
  461  445  430  414  399  385  368  353  331  310  288  271  253  240  219  203
  183  166  139  119  100   92   88   75   91                                   
    27.5-180.0 180.0   5.0 450.0                            LAT/LON1/LON2/DLON/H
   78   79   72   72   73   78   80   79   78   77   80   83   88   89   90   92
   93   95   97  108  122  150  177  204  221  236  249  260  266  282  300  330
  360  401  442  493  538  576  598  613  610  613  597  590  566  553  541  533
  523  514  505  498  493  486  480  464  451  421  396  374  356  328  299  265
  238  211  188  163  134  117  103   64   78                                   
    25.0-180.0 180.0   5.0 450.0                            LAT/LON1/LON2/DLON/H
   94  101   86   81   77   72   71   65   70   66   74   76   86   85   90   88
   91   86   92  103  125  157  191  217  234  246  258  270  281  303  332  369
  417  451  499  540  583  608  631  642  647  650  644  638  623  608  599  591
  587  580  580  576  588  592  602  598  584  564  527  508  486  451  403  358
  309  268  232  203  173  146  134   98   94                                   
    22.5-180.0 180.0   5.0 450.0                            LAT/LON1/LON2/DLON/H
  130  130  115  106   99   86   78   71   69   67   70   74   79   83   84   84
   84   83   88  106  131  168  200  227  241  253  265  279  302  332  376  421
  470  506  551  585  616  633  650  660  669  680  679  684  670  668  659  661
  659  666  678  692  707  712  714  707  685  648  610  588  570  546  508  479
  432  383  334  282  240  206  189  141  130                                   
    20.0-180.0 180.0   5.0 450.0                            LAT/LON1/LON2/DLON/H
  174  174  145  133  121  115  100   85   83   75   77   72   78   76   83   78
   81   77   88  106  138  177  211  231  244  255  271  296  327  369  418  461
  516  547  592  614  637  641  654  662  676  694  701  711  708  711  719  723
  738  746  758  767  782  785  771  757  731  692  647  629  609  596  563  537
  500  475  428  375  325  277  248  207  174                                   
    17.5-180.0 180.0   5.0 450.0                            LAT/LON1/LON2/DLON/H
  222  208  186  160  139  127  124  109   97   87   84   81   75   74   76   80
   82   82   94  117  148  188  215  236  248  263  284  317  360  402  451  499
  547  584  615  636  648  650  662  667  691  710  724  739  740  753  757  771
  782  795  808  813  820  812  795  770  742  683  642  616  607  590  577  557
  534  512  482  436  393  340  311  267  222                                   
    15.0-180.0 180.0   5.0 450.0                            LAT/LON1/LON2/DLON/H
  260  246  223  197  171  149  133  134  123  110   98   86   74   71   71   75
   82   87  101  125  156  189  215  236  249  273  299  342  380  428  469  516
  562  596  624  635  644  647  654  666  688  713  729  746  757  770  780  788
  801  805  812  808  807  798  778  752  719  663  615  599  584  583  566  562
  546  533  503  464  424  382  357  311  260                                   
    12.5-180.0 180.0   5.0 450.0                            LAT/LON1/LON2/DLON/H
  292  273  250  223  194  168  150  137  134  126  110   94   71   65   62   72
   83   95  109  133  167  196  220  242  263  286  317  358  405  448  492  537
  577  604  623  632  642  645  657  667  695  719  739  759  769  782  785  793
  798  795  787  775  767  750  729  690  649  584  548  533  530  533  532  542
  542  538  508  468  435  402  382  338  292                                   
    10.0-180.0 180.0   5.0 450.0                            LAT/LON1/LON2/DLON/H
  297  286  269  241  219  184  163  150  137  136  123  113   86   72   63   71
   78   97  118  144  174  206  227  251  274  298  329  378  420  469  506  548
  572  592  609  621  636  644  658  676  697  723  742  760  772  780  782  783
  780  770  755  740  728  713  688  649  606  544  504  492  494  503  505  509
  510  500  479  443  416  386  383  336  297                                   
     7.5-180.0 180.0   5.0 450.0                            LAT/LON1/LON2/DLON/H
  295  294  279  256  233  199  176  158  149  135  131  121   98   81   65   70
   73   93  118  151  183  212  228  253  281  312  344  394  444  485  523  552
