data/unet/pred2170.15i
     1.0            IONOSPHERE MAPS     GNSS                IONEX VERSION / TYPE
pyspatialgeodesy        IME             05-JAN-18 20:20     PGM / RUN BY / DATE 
Map Name                                                    COMMENT             
Predicted global ionosphere maps (GIM).                     DESCRIPTION         
  2015     8     5     0     0     0                        EPOCH OF FIRST MAP  
  2015     8     6     0     0     0                        EPOCH OF LAST MAP   
  7200                                                      INTERVAL            
    13                                                      # OF MAPS IN FILE   
  NONE                                                      MAPPING FUNCTION    
10.0                                                        ELEVATION CUTOFF    
One-way carrier phase leveled to code                       OBSERVABLES USED    
  6371.0                                                    BASE RADIUS         
 2                                                          MAP DIMENSION       
   450.0 450.0   0.0                                        HGT1 / HGT2 / DHGT  
    87.5 -87.5  -2.5                                        LAT1 / LAT2 / DLAT  
  -180.0 180.0   5.0                                        LON1 / LON2 / DLON  
    -1                                                      EXPONENT            
                                                            END OF HEADER       
[from data line 3003]
     8                                                      START OF TEC MAP    
  2015     8     5    14     0     0                        EPOCH OF CURRENT MAP
    87.5-180.0 180.0   5.0 450.0                            LAT/LON1/LON2/DLON/H
  154  167  173  173  173  174  175  177  177  179  179  180  180  180  181  181
  181  181  181  180  181  179  180  177  178  175  176  173  174  172  172  170
  170  169  168  167  165  165  164  164  164  164  164  164  165  165  166  164
  166  165  166  164  166  165  166  165  166  165  166  165  166  165  166  164
  166  164  166  164  164  163  177  154  154                                   
    85.0-180.0 180.0   5.0 450.0                            LAT/LON1/LON2/DLON/H
  163  168  168  172  172  174  174  176  176  178  178  179  179  180  180  181
  180  181  181  182  181  181  181  180  180  179  178  178  176  176  173  172
  169  168  166  164  164  162  162  160  161  160  161  161  162  161  162  162
  162  162  161  161  161  161  160  160  160  160  159  159  159  159  157  159
  158  159  158  160  160  161  165  160  163                                   
    82.5-180.0 180.0   5.0 450.0                            LAT/LON1/LON2/DLON/H
  168  160  162  164  164  167  166  170  168  173  170  174  171  174  172  175
  173  175  175  175  177  174  178  174  179  173  179  171  177  169  174  167
  169  165  165  163  162  161  159  159  158  158  158  158  159  158  159  158
  159  157  159  156  158  156  157  154  155  153  153  151  151  149  149  148
  148  148  149  149  151  151  161  146  168                                   
    80.0-180.0 180.0   5.0 450.0                            LAT/LON1/LON2/DLON/H
  157  153  153  158  158  159  159  158  160  158  160  158  159  159  159  160
  161  163  164  166  168  169  170  172  172  172  172  171  171  168  168  165
  164  162  160  159  157  157  156  156  155  156  155  155  155  156  155  156
  155  155  155  154  154  153  152  151  150  149  146  145  143  142  140  140
  139  140  139  141  141  145  142  139  157                                   
    77.5-180.0 180.0   5.0 450.0                            LAT/LON1/LON2/DLON/H
  142  143  147  151  151  154  153  154  153  152  151  150  149  149  149  151
  152  155  157  161  162  167  167  171  169  171  170  171  168  167  165  164
  162  161  159  158  157  156  156  154  154  153  154  153  154  153  155  154
  155  154  155  154  154  152  152  149  148  145  143  140  138  135  133  132
  130  131  130  131  129  132  135  127  142                                   
    75.0-180.0 180.0   5.0 450.0                            LAT/LON1/LON2/DLON/H
  138  138  143  146  149  148  149  146  147  143  143  139  139  137  138  138
  141  144  149  153  158  162  166  167  170  170  172  169  170  165  166  161
  161  157  159  155  158  155  158  155  157  155  158  155  157  156  157  156
  157  156  157  157  156  156  155  152  149  147  143  139  136  132  130  127
  127  125  126  124  128  127  128  123  138                                   
    72.5-180.0 180.0   5.0 450.0                            LAT/LON1/LON2/DLON/H
  129  135  137  143  144  147  146  146  143  141  140  135  134  131  134  133
  138  140  146  152  157  163  166  171  171  175  173  174  170  170  166  165
  162  162  160  161  160  161  160  160  159  159  158  158  157  158  156  157
  156  157  156  158  157  157  155  153  150  147  142  138  134  130  126  124
  122  121  120  120  120  121  126  118  129                                   
    70.0-180.0 180.0   5.0 450.0                            LAT/LON1/LON2/DLON/H
  125  129  133  138  142  142  144  141  141  136  136  129  130  125  129  128
  133  137  143  148  156  160  167  169  174  173  176  172  173  167  168  162
  163  159  161  158  160  158  161  159  161  158  161  157  159  155  156  154
  155  154  156  156  157  156  157  154  153  147  145  139  136  131  130  124
  125  121  122  118  121  117  123  118  125                                   
    67.5-180.0 180.0   5.0 450.0                            LAT/LON1/LON2/DLON/H
  120  125  123  131  133  138  138  140  139  137  135  131  130  129  131  131
  137  138  145  150  157  163  169  174  177  179  178  178  174  172  167  165
  161  160  159  160  160  160  160  160  160  159  159  158  155  154  151  151
  150  151  152  154  155  156  156  155  153  149  146  142  139  135  131  129
  126  124  121  119  118  116  122  115  120                                   
    65.0-180.0 180.0   5.0 450.0                            LAT/LON1/LON2/DLON/H
  117  116  115  120  126  128  133  133  137  134  135  132  133  131  135  134
  141  140  149  149  159  160  170  170  177  175  180  174  176  168  168  161
  161  157  159  156  159  156  160  156  160  157  159  154  154  150  150  148
  149  148  151  151  155  155  157  155  156  151  151  146  145  140  139  134
  133  128  127  120  120  113  118  116  117                                   
    62.5-180.0 180.0   5.0 450.0                            LAT/LON1/LON2/DLON/H
  113  110  103  108  111  118  120  127  127  132  132  135  136  139  141  144
  148  149  153  156  160  164  170  174  178  179  179  178  175  171  168  164
  162  160  159  158  158  158  158  159  159  158  156  155  152  150  147  148
  147  149  150  153  155  156  158  158  157  156  154  152  151  147  145  142
  138  133  128  122  117  111  114  109  113                                   
    60.0-180.0 180.0   5.0 450.0                            LAT/LON1/LON2/DLON/H
  110   96   93   93   99  101  110  113  120  123  128  130  134  137  143  145
  151  150  156  153  161  158  168  167  174  172  177  172  174  167  169  164
  166  161  162  158  159  155  159  157  160  156  158  153  153  149  150  149
  151  150  153  153  157  157  160  159  161  158  159  156  158  153  153  146
  144  137  132  124  120  106  107  108  110                                   
    57.5-180.0 180.0   5.0 450.0                            LAT/LON1/LON2/DLON/H
  106   92   85   83   87   92   96  104  107  117  120  129  131  140  143  150
  152  157  156  159  159  163  166  171  173  175  176  175  174  171  171  170
  171  168  167  164  162  161  161  162  162  162  159  158  155  154  152  154
  154  155  157  158  160  161  163  163  164  163  163  162  162  159  156  151
  146  140  133  125  117  106  104   99  106                                   
    55.0-180.0 180.0   5.0 450.0                            LAT/LON1/LON2/DLON/H
  105   84   78   75   81   82   88   90   98  104  112  118  125  132  140  147
  153  157  157  157  158  157  163  163  169  169  174  172  175  172  177  174
  178  175  174  170  169  165  167  165  168  166  167  162  163  159  161  161
  163  163  165  165  167  167  168  167  169  167  168  166  168  162  161  152
  149  140  136  125  120  105  101  100  105                                   
    52.5-180.0 180.0   5.0 450.0                            LAT/LON1/LON2/DLON/H
  106   88   79   77   80   83   86   91   94  101  106  116  121  132  138  151
  154  161  158  162  157  161  161  168  170  174  176  178  179  180  183  184
  188  186  185  181  179  177  177  178  179  179  176  174  170  169  169  171
  171  173  173  174  174  174  173  174  174  174  172  173  171  168  162  156
  148  143  135  127  120  110  105  100  106                                   
    50.0-180.0 180.0   5.0 450.0                            LAT/LON1/LON2/DLON/H
  111   93   86   82   84   84   87   88   92   97  104  111  118  127  135  144
  152  157  157  160  157  159  162  165  172  174  179  179  184  183  190  190
  196  193  194  189  190  186  189  188  191  188  189  184  183  180  182  183
  185  184  184  184  184  183  183  182  181  180  179  177  176  169  166  157
  151  141  138  128  125  113  109  106  111                                   
    47.5-180.0 180.0   5.0 450.0                            LAT/LON1/LON2/DLON/H
  118  105   98   93   93   93   94   97   99  104  109  116  120  129  134  146
  151  159  158  164  160  165  164  173  177  184  186  190  191  194  197  202
  206  206  206  204  204  204  203  206  205  205  202  199  195  194  193  195
  194  195  193  194  191  191  188  189  187  187  185  184  180  175  168  161
  151  145  138  132  127  121  119  114  118                                   
    45.0-180.0 180.0   5.0 450.0                            LAT/LON1/LON2/DLON/H
  126  116  110  104  102  101  100  102  106  111  118  122  127  131  136  142
  149  156  159  164  162  167  170  177  184  190  195  196  199  199  203  205
  211  212  214  213  218  215  221  218  222  216  216  210  210  205  206  206
  206  206  203  201  199  197  195  193  192  191  189  187  185  177  173  162
  157  146  142  134  133  126  124  123  126                                   
    42.5-180.0 180.0   5.0 450.0                            LAT/LON1/LON2/DLON/H
  131  125  120  116  113  111  111  113  116  123  130  134  137  139  141  147
  151  158  162  168  169  176  178  187  193  200  203  206  207  208  211  215
  221  224  228  230  236  237  241  241  239  236  231  227  224  221  219  218
  216  214  210  208  204  202  197  197  195  195  194  192  190  185  178  171
  162  154  146  139  136  133  135  130  131                                   
    40.0-180.0 180.0   5.0 450.0                            LAT/LON1/LON2/DLON/H
  135  128  124  119  117  114  114  117  121  131  139  145  150  148  150  149
  154  158  164  170  173  179  184  192  200  206  212  211  214  212  216  220
  229  235  243  246  257  259  266  263  262  254  252  241  241  234  235  231
  229  225  221  216  212  206  202  199  197  197  196  196  194  188  184  176
  170  159  153  142  140  133  132  134  135                                   
    37.5-180.0 180.0   5.0 450.0                            LAT/LON1/LON2/DLON/H
  134  127  122  120  117  116  115  118  124  134  145  152  159  158  160  159
  161  166  170  176  180  187  191  199  206  213  217  220  220  222  226  234
  247  256  271  279  294  297  304  299  296  285  279  268  264  257  255  250
  246  239  234  227  221  215  210  206  203  201  201  200  199  194  189  184
  176  167  156  145  138  133  135  133  134                                   
    35.0-180.0 180.0   5.0 450.0                            LAT/LON1/LON2/DLON/H
  133  121  118  112  116  109  113  113  121  133  146  158  167  168  169  169
  171  173  177  181  185  191  196  202  211  215  224  224  229  229  238  248
  265  282  304  318  335  339  343  338  333  320  313  300  296  286  284  276
  271  264  257  248  241  232  223  217  211  209  206  205  202  198  194  188
  181  172  160  146  138  130  127  133  133                                   
    32.5-180.0 180.0   5.0 450.0                            LAT/LON1/LON2/DLON/H
  128  120  113  111  107  108  107  109  114  128  143  156  169  173  180  179
  181  182  185  190  193  199  202  207  213  220  227  233  236  243  253  269
  292  314  343  362  381  387  389  383  376  364  355  341  335  324  317  308
  301  293  284  274  263  251  238  228  219  213  212  209  207  203  198  193
  184  175  161  149  137  129  129  130  128                                   
    30.0-180.0 180.0   5.0 450.0                            LAT/LON1/LON2/DLON/H
  129  121  113  109  111  104  105  101  110  119  138  153  170  177  183  186
  188  190  192  195  199  200  204  206  215  221  233  239  247  256  272  295
  324  353  385  409  426  433  432  424  417  403  395  380  372  359  351  340
  335  327  317  309  293  279  257  244  228  221  214  212  208  202  198  192
  185  174  163  149  139  131  127  131  129                                   
    27.5-180.0 180.0   5.0 450.0                            LAT/LON1/LON2/DLON/H
  133  127  119  117  111  111  105  101  101  111  126  142  162  171  184  188
  193  196  199  203  205  207  206  210  213  224  233  247  256  272  291  321
  350  385  415  439  452  458  456  449  441  430  421  410  400  388  378  371
  361  356  344  335  317  300  275  255  233  220  212  205  201  193  190  184
  178  168  159  148  137  132  130  132  133                                   
    25.0-180.0 180.0   5.0 450.0                            LAT/LON1/LON2/DLON/H
  135  135  125  126  123  117  110  101  100  103  119  134  158  171  183  191
  197  203  204  209  208  209  206  207  214  223  238  252  269  288  312  340
  377  415  446  465  476  477  475  468  460  452  443  435  425  416  407  402
  392  388  373  362  340  322  294  273  241  223  208  200  191  183  177  175
  168  164  155  146  138  134  132  137  135                                   
    22.5-180.0 180.0   5.0 450.0                            LAT/LON1/LON2/DLON/H
  139  140  135  137  131  129  119  112  102  103  109  126  145  162  179  189
  199  207  211  215  215  212  208  209  211  225  243  262  281  304  327  359
  395  432  460  476  480  480  476  470  463  455  449  443  435  428  422  421
  414  409  395  377  355  332  304  280  249  224  202  188  174  166  160  160
  156  153  146  139  133  131  132  139  139                                   
    20.0-180.0 180.0   5.0 450.0                            LAT/LON1/LON2/DLON/H
  138  145  140  145  141  138  127  115  105   99  106  119  139  159  177  190
  201  212  216  219  216  212  207  206  213  225  249  272  295  315  340  370
  408  439  461  470  474  470  469  463  462  458  455  452  446  443  436  437
  430  427  410  394  367  340  312  286  255  227  201  183  165  153  147  146
  145  145  141  138  134  134  133  141  138                                   
    17.5-180.0 180.0   5.0 450.0                            LAT/LON1/LON2/DLON/H
  135  144  144  148  144  140  130  121  107  103  101  114  128  152  169  185
  200  211  220  225  221  214  208  208  214  231  255  284  305  331  352  381
  411  437  449  454  452  449  446  449  447  454  449  452  445  446  439  443
  438  433  417  396  371  343  317  292  259  229  200  178  157  145  135  136
  137  138  137  132  128  129  131  137  135                                   
    15.0-180.0 180.0   5.0 450.0                            LAT/LON1/LON2/DLON/H
  132  138  136  141  138  137  127  118  107  101  100  109  125  143  163  179
  196  209  222  226  224  216  211  209  220  239  267  296  320  340  362  387
  408  425  430  431  427  426  425  432  438  447  449  452  446  446  440  439
  433  427  412  393  368  341  316  293  264  235  202  178  156  142  130  130
  131  132  134  128  126  124  124  132  132                                   
    12.5-180.0 180.0   5.0 450.0                            LAT/LON1/LON2/DLON/H
  120  130  125  129  125  124  118  112  102  100   96  105  116  139  155  176
  193  209  221  228  229  224  218  221  231  252  278  308  330  353  372  391
  405  415  416  416  411  414  414  427  433  448  447  451  444  444  436  437
  430  423  406  383  361  335  313  291  266  237  206  178  156  142  130  130
  130  131  129  124  116  116  114  119  120                                   
    10.0-180.0 180.0   5.0 450.0                            LAT/LON1/LON2/DLON/H
  112  116  108  112  110  109  103   97   91   90   89   98  112  131  151  168
  189  202  219  223  232  226  228  229  245  265  292  319  343  362  381  393
  404  410  412  412  413  416  419  432  439  452  450  452  443  439  430  426
  417  407  389  368  346  325  306  289  266  241  208  182  157  145  132  132
  129  128  125  117  109  108  102  106  112                                   
     7.5-180.0 180.0   5.0 450.0                            LAT/LON1/LON2/DLON/H
   99  107   99   94   93   90   87   83   79   80   81   92  104  128  147  166
  187  204  219  229  237  239  241  250  262  284  304  332  353  372  389  399
