data/unet/pred0370.15i
     1.0            IONOSPHERE MAPS     GNSS                IONEX VERSION / TYPE
pyspatialgeodesy        IME             05-JAN-18 20:20     PGM / RUN BY / DATE 
Map Name                                                    COMMENT             
Predicted global ionosphere maps (GIM).                     DESCRIPTION         
  2015     2     6     0     0     0                        EPOCH OF FIRST MAP  
  2015     2     7     0     0     0                        EPOCH OF LAST MAP   
  7200                                                      INTERVAL            
    13                                                      # OF MAPS IN FILE   
  NONE                                                      MAPPING FUNCTION    
10.0                                                        ELEVATION CUTOFF    
One-way carrier phase leveled to code                       OBSERVABLES USED    
  6371.0                                                    BASE RADIUS         
 2                                                          MAP DIMENSION       
   450.0 450.0   0.0                                        HGT1 / HGT2 / DHGT  
    87.5 -87.5  -2.5                                        LAT1 / LAT2 / DLAT  
  -180.0 180.0   5.0                                        LON1 / LON2 / DLON  
    -1                                                      EXPONENT            
                                                            END OF HEADER       
[from data line 429]
     2                                                      START OF TEC MAP    
  2015     2     6     2     0     0                        EPOCH OF CURRENT MAP
    87.5-180.0 180.0   5.0 450.0                            LAT/LON1/LON2/DLON/H
  153  156  164  159  157  151  152  149  151  149  151  148  149  146  146  142
  141  137  136  131  131  127  127  121  121  117  117  111  112  107  108  103
  106  102  106  102  106  104  109  106  110  109  113  110  115  113  118  116
  121  119  125  123  129  127  134  132  138  136  140  138  142  140  143  140
  144  141  145  143  150  145  147  159  153                                   
    85.0-180.0 180.0   5.0 450.0                            LAT/LON1/LON2/DLON/H
  157  174  161  165  160  154  155  152  153  151  153  150  150  149  148  146
  144  141  139  135  132  128  126  120  116  112  108  103   99   96   93   91
   89   90   89   91   90   94   94   97   98  101  102  106  106  110  110  114
  114  118  119  122  122  126  127  131  131  135  135  137  137  140  140  142
  144  146  147  149  151  147  154  154  157                                   
    82.5-180.0 180.0   5.0 450.0                            LAT/LON1/LON2/DLON/H
  175  173  174  168  167  158  162  154  160  153  160  153  159  153  158  151
  155  147  150  142  142  133  132  121  118  106  104   93   90   81   81   74
   77   72   78   74   82   80   88   86   94   92  101   99  106  104  111  108
  115  113  120  117  124  121  128  127  133  131  138  137  143  142  149  149
  156  155  162  161  168  160  168  158  175                                   
    80.0-180.0 180.0   5.0 450.0                            LAT/LON1/LON2/DLON/H
  190  187  179  175  168  160  159  155  154  153  155  154  156  156  158  159
  159  158  158  152  149  141  137  126  119  107  100   89   82   74   71   66
   66   64   68   69   74   76   81   84   89   92   96   99  102  105  107  109
  111  113  115  117  118  121  123  127  129  133  136  140  144  148  154  157
  164  167  173  176  179  176  179  170  190                                   
    77.5-180.0 180.0   5.0 450.0                            LAT/LON1/LON2/DLON/H
  201  197  193  184  176  167  163  158  155  153  154  154  154  157  158  161
  159  161  158  157  150  147  138  132  119  111   98   90   79   75   68   68
   65   68   69   74   76   82   85   90   92   96   99  101  102  103  105  105
  107  107  108  109  110  112  115  120  123  127  132  137  142  150  157  166
  174  181  190  193  197  196  197  188  201                                   
    75.0-180.0 180.0   5.0 450.0                            LAT/LON1/LON2/DLON/H
  223  220  214  204  189  177  168  161  155  150  148  145  146  145  147  146
  149  148  149  147  144  139  135  127  119  109   99   89   81   74   72   69
   71   72   77   79   85   89   94   97  100  102  103  103  102  102  101  101
  101  101  101  101  101  103  105  111  114  122  127  136  142  152  161  172
  183  192  202  207  215  218  222  215  223                                   
    72.5-180.0 180.0   5.0 450.0                            LAT/LON1/LON2/DLON/H
  252  248  244  230  213  195  183  172  162  155  147  143  136  135  130  130
  128  129  131  131  130  129  126  121  114  107   98   91   83   80   77   78
   79   83   87   91   95   99  103  105  107  107  108  105  103   99  100   96
   97   95   95   92   92   93   98  103  110  118  126  136  145  157  168  181
  193  204  216  225  236  241  247  245  252                                   
    70.0-180.0 180.0   5.0 450.0                            LAT/LON1/LON2/DLON/H
  283  281  276  264  242  220  201  189  175  165  152  143  133  125  121  116
  117  116  120  122  123  123  121  118  112  107  101   97   92   89   88   90
   92   95   98  102  105  108  109  111  109  110  106  105  100   97   95   93
   91   89   89   87   88   90   96  104  115  125  136  147  159  169  182  192
  206  218  232  244  258  265  271  273  283                                   
    67.5-180.0 180.0   5.0 450.0                            LAT/LON1/LON2/DLON/H
  315  311  308  292  275  251  232  214  198  183  169  155  139  126  113  106
  101  101  104  109  112  116  116  116  112  111  108  107  103  103  101  103
  103  104  105  106  107  107  108  107  106  104  101   97   92   89   87   84
   82   81   81   83   85   90   98  110  122  136  147  161  172  184  192  203
  216  228  244  259  275  286  293  295  315                                   
    65.0-180.0 180.0   5.0 450.0                            LAT/LON1/LON2/DLON/H
  338  340  340  325  301  280  258  240  221  204  188  168  149  128  112   98
   95   92   97  101  108  112  115  116  116  115  115  111  113  108  110  106
  107  103  103  100   99   98   97   97   96   95   91   89   85   83   81   79
   78   78   80   83   88   97  110  125  142  157  171  184  197  204  213  220
  231  242  254  268  287  297  305  311  338                                   
    62.5-180.0 180.0   5.0 450.0                            LAT/LON1/LON2/DLON/H
  352  352  353  340  323  302  287  267  250  230  213  190  167  142  118  102
   91   90   91   99  104  111  113  116  115  115  114  113  111  111  108  106
  101   97   90   87   83   81   81   81   81   80   79   76   74   72   70   70
   70   73   77   84   93  105  120  139  157  177  191  208  218  227  231  237
  246  252  263  277  294  305  312  320  352                                   
    60.0-180.0 180.0   5.0 450.0                            LAT/LON1/LON2/DLON/H
  358  365  370  361  339  320  301  286  266  247  226  202  181  153  131  108
   99   91   94   95  104  104  109  107  110  105  108  104  107  102  103   95
   93   82   77   69   67   63   65   66   68   68   69   68   69   68   67   67
   68   72   78   86   99  115  134  157  179  199  218  231  246  251  257  260
  265  268  273  283  300  309  313  325  358                                   
    57.5-180.0 180.0   5.0 450.0                            LAT/LON1/LON2/DLON/H
  362  366  370  364  350  329  313  297  282  261  242  217  196  170  144  125
  110  103  101  103  106  106  106  104  102   98   96   95   94   92   89   83
   76   68   61   55   52   51   53   55   58   60   61   62   63   62   61   62
   64   71   79   89  105  123  145  170  194  219  235  255  268  278  283  286
  289  288  291  297  310  317  320  330  362                                   
    55.0-180.0 180.0   5.0 450.0                            LAT/LON1/LON2/DLON/H
  367  377  384  380  360  342  320  305  284  265  243  221  202  178  160  139
  131  115  116  106  109  100  102   93   94   87   87   84   85   81   81   72
   69   59   55   48   49   47   52   53   60   60   64   63   66   63   64   64
   67   73   82   94  113  133  158  184  212  233  256  271  291  301  309  312
  314  314  314  319  331  333  332  340  367                                   
    52.5-180.0 180.0   5.0 450.0                            LAT/LON1/LON2/DLON/H
  381  390  394  390  375  350  331  309  292  269  250  227  211  190  172  157
  145  133  124  116  108  102   97   92   87   84   80   78   76   75   72   68
   64   59   56   54   55   57   61   65   68   70   71   71   70   68   67   68
   72   78   88  101  121  143  169  197  224  250  270  292  310  325  334  340
  344  345  347  352  362  360  357  356  381                                   
    50.0-180.0 180.0   5.0 450.0                            LAT/LON1/LON2/DLON/H
  401  416  420  415  396  372  344  321  292  271  245  225  209  191  180  164
  157  139  134  115  111   95   96   84   88   79   81   77   78   74   75   69
   71   64   67   65   70   69   76   76   82   81   84   81   81   77   76   76
   81   85   96  111  132  156  182  210  238  260  281  301  324  339  348  356
  364  370  377  384  397  394  382  376  401                                   
    47.5-180.0 180.0   5.0 450.0                            LAT/LON1/LON2/DLON/H
  418  433  434  435  421  394  369  338  310  281  255  230  214  198  185  174
  160  147  133  121  109  102   97   95   91   90   86   85   80   80   77   77
   76   77   80   84   87   90   93   95   98   97   98   95   94   90   89   88
   93   95  107  122  145  170  197  225  250  273  291  314  333  349  359  371
  379  391  402  413  425  421  409  394  418                                   
    45.0-180.0 180.0   5.0 450.0                            LAT/LON1/LON2/DLON/H
  428  446  446  450  438  419  388  359  324  293  258  233  213  198  187  172
  162  143  134  116  112  100  105   98  103   95   96   90   89   82   84   81
   85   86   94   96  103  102  108  106  111  109  112  109  109  104  103  102
  106  109  123  138  162  187  216  240  265  283  300  319  336  353  363  374
  388  401  417  429  442  442  423  405  428                                   
    42.5-180.0 180.0   5.0 450.0                            LAT/LON1/LON2/DLON/H
  421  436  439  447  442  426  405  374  345  310  276  243  224  205  190  177
  160  147  132  125  119  120  120  122  119  115  107  101   94   89   87   87
   90   95  102  108  112  114  114  116  118  119  123  122  123  119  119  117
  122  126  139  155  182  210  236  263  283  299  312  328  344  357  369  381
  391  404  419  432  445  442  429  406  421                                   
    40.0-180.0 180.0   5.0 450.0                            LAT/LON1/LON2/DLON/H
  410  424  427  433  429  418  399  376  349  320  284  253  229  208  194  176
  163  143  137  128  133  131  138  133  134  122  116  106  100   93   91   90
   94   98  108  111  117  115  119  118  125  127  133  134  135  131  131  131
  135  141  154  172  201  229  256  278  299  311  323  337  349  362  374  384
  395  405  418  431  446  442  427  402  410                                   
    37.5-180.0 180.0   5.0 450.0                            LAT/LON1/LON2/DLON/H
  393  401  404  404  402  391  382  365  349  326  298  265  242  220  203  186
  169  157  150  151  155  160  159  156  147  137  124  116  107  100   97   95
   99  103  109  111  113  111  114  114  124  129  140  141  145  140  141  141
  145  150  165  186  218  250  277  301  319  332  341  352  363  376  385  396
  404  412  424  436  451  445  434  405  393                                   
    35.0-180.0 180.0   5.0 450.0                            LAT/LON1/LON2/DLON/H
  394  397  391  382  372  361  352  344  333  318  298  271  250  226  210  191
  180  167  170  168  179  175  176  161  154  137  131  122  118  113  112  110
  112  115  117  118  115  114  114  117  127  134  143  146  147  144  144  145
  148  153  170  193  228  260  290  313  334  346  354  367  377  394  406  421
  430  439  450  465  479  477  469  436  394                                   
    32.5-180.0 180.0   5.0 450.0                            LAT/LON1/LON2/DLON/H
  420  413  398  372  355  336  329  323  319  309  296  276  258  237  220  204
  193  188  191  197  201  197  186  170  153  141  136  136  138  137  138  138
  140  141  138  132  124  116  118  117  128  135  144  145  148  144  145  146
  149  156  174  200  233  267  297  322  340  354  364  378  394  418  437  460
  478  492  505  518  531  531  526  492  420                                   
    30.0-180.0 180.0   5.0 450.0                            LAT/LON1/LON2/DLON/H
  485  470  439  403  368  344  319  315  306  300  288  274  260  238  224  207
  202  196  206  208  215  200  187  164  156  146  154  159  169  172  179  182
  189  187  180  169  146  135  129  131  135  139  143  144  143  140  141  143
  149  156  175  202  237  270  300  325  344  359  372  394  418  452  483  519
  545  573  588  608  621  623  622  593  485                                   
    27.5-180.0 180.0   5.0 450.0                            LAT/LON1/LON2/DLON/H
  599  567  520  467  431  387  357  333  319  306  293  279  263  244  229  217
  209  210  214  219  213  196  175  157  151  158  172  192  207  221  234  247
  249  247  229  208  184  164  153  147  147  145  145  140  138  132  134  137
  144  152  174  201  236  272  305  332  352  369  386  414  446  490  530  585
  628  673  701  719  734  743  732  702  599                                   
    25.0-180.0 180.0   5.0 450.0                            LAT/LON1/LON2/DLON/H
  745  714  659  592  531  477  425  398  362  339  309  290  268  245  227  210
  205  201  208  205  199  180  168  157  168  183  210  238  266  290  306  311
  311  299  276  246  216  189  176  164  158  153  144  139  127  120  115  118
  127  143  169  202  239  278  311  340  360  381  406  446  489  545  600  673
  732  780  823  844  868  884  859  846  745                                   
    22.5-180.0 180.0   5.0 450.0                            LAT/LON1/LON2/DLON/H
  893  862  795  724  671  604  540  488  441  395  355  317  285  257  232  214
  203  199  194  191  181  171  164  173  193  231  264  316  340  363  369  373
  361  353  319  285  242  212  194  181  168  156  141  129  118  106   99   97
  105  121  152  192  240  279  319  349  372  399  430  479  535  601  663  742
  804  854  905  931  953  964  964  958  893                                   
    20.0-180.0 180.0   5.0 450.0                            LAT/LON1/LON2/DLON/H
 1002  989  931  869  809  740  672  616  547  483  417  370  320  278  245  216
  201  187  182  174  174  172  185  209  255  306  348  384  404  412  408  399
  398  377  349  306  262  224  204  184  174  160  141  127  108   99   85   88
   89  109  137  190  239  290  326  362  390  423  463  523  588  654  718  786
  852  911  957  981  999 1008 1031 1037 1002                                   
    17.5-180.0 180.0   5.0 450.0                            LAT/LON1/LON2/DLON/H
 1068 1071 1048 1002  940  861  791  722  650  579  503  437  382  325  276  241
  214  199  188  186  188  205  229  290  341  398  422  445  445  440  424  417
  410  392  356  318  272  240  215  191  174  156  140  124  112   98   88   84
   89  105  142  192  249  299  340  377  412  456  503  576  631  699  753  816
  878  928  967  991 1010 1026 1049 1049 1068                                   
    15.0-180.0 180.0   5.0 450.0                            LAT/LON1/LON2/DLON/H
 1084 1096 1092 1077 1034  954  884  814  747  672  596  523  460  397  337  284
  248  220  210  213  229  270  318  384  439  474  481  476  453  432  411  398
  394  373  346  305  267  233  209  186  164  147  128  120  106   97   81   84
   85  112  148  206  258  310  348  388  430  478  540  606  664  722  772  828
  874  915  951  970  998 1008 1036 1042 1084                                   
    12.5-180.0 180.0   5.0 450.0                            LAT/LON1/LON2/DLON/H
 1035 1066 1092 1091 1066 1009  949  886  820  751  676  601  537  474  412  356
  310  283  272  288  314  368  424  487  526  533  515  485  442  409  381  371
  360  349  320  292  256  238  214  194  169  148  130  119  108   90   84   78
   87  113  159  214  269  315  355  400  445  502  560  629  671  734  777  822
  854  885  909  938  952  968  981  990 1035                                   
    10.0-180.0 180.0   5.0 450.0                            LAT/LON1/LON2/DLON/H
  964 1007 1038 1054 1048 1011  974  922  871  806  744  675  614  551  499  440
  398  368  364  383  423  480  535  580  594  575  527  477  413  370  344  330
  321  303  289  261  242  226  210  194  167  151  134  131  112   99   87   87
   96  125  168  227  274  318  363  403  457  512  569  631  675  725  762  800
  825  851  872  892  911  912  918  936  964                                   
     7.5-180.0 180.0   5.0 450.0                            LAT/LON1/LON2/DLON/H
  873  910  950  975  990  977  966  937  901  847  793  735  681  621  572  523
  481  461  458  487  528  582  621  645  633  585  518  449  381  341  316  308
