data/unet/pred3610.15i
     1.0            IONOSPHERE MAPS     GNSS                IONEX VERSION / TYPE
pyspatialgeodesy        IME             05-JAN-18 20:20     PGM / RUN BY / DATE 
Map Name                                                    COMMENT             
Predicted global ionosphere maps (GIM).                     DESCRIPTION         
  2015    12    27     0     0     0                        EPOCH OF FIRST MAP  
  2015    12    28     0     0     0                        EPOCH OF LAST MAP   
  7200                                                      INTERVAL            
    13                                                      # OF MAPS IN FILE   
  NONE                                                      MAPPING FUNCTION    
10.0                                                        ELEVATION CUTOFF    
One-way carrier phase leveled to code                       OBSERVABLES USED    
  6371.0                                                    BASE RADIUS         
 2                                                          MAP DIMENSION       
   450.0 450.0   0.0                                        HGT1 / HGT2 / DHGT  
    87.5 -87.5  -2.5                                        LAT1 / LAT2 / DLAT  
  -180.0 180.0   5.0                                        LON1 / LON2 / DLON  
    -1                                                      EXPONENT            
                                                            END OF HEADER       
[from data line 5148]
    13                                                      START OF TEC MAP    
  2015    12    28     0     0     0                        EPOCH OF CURRENT MAP
    87.5-180.0 180.0   5.0 450.0                            LAT/LON1/LON2/DLON/H
  102   75   68   62   64   60   63   59   63   59   62   58   61   57   60   55
   59   55   58   54   57   53   57   53   56   52   55   52   55   51   54   51
   54   50   54   50   54   51   54   51   55   52   56   53   57   54   58   56
   60   58   62   60   64   61   65   63   66   64   67   64   67   64   66   63
   66   63   67   65   71   67   78   87  102                                   
    85.0-180.0 180.0   5.0 450.0                            LAT/LON1/LON2/DLON/H
   85   50   50   48   47   42   45   42   45   41   42   39   41   38   39   35
   37   34   35   31   33   29   30   27   28   25   26   23   25   21   23   20
   23   20   22   20   23   22   24   23   26   26   28   28   31   32   35   35
   39   39   43   43   47   45   50   47   51   48   52   48   52   49   52   48
   52   49   53   49   54   43   48   77   85                                   
    82.5-180.0 180.0   5.0 450.0                            LAT/LON1/LON2/DLON/H
   77   50   50   51   50   44   47   43   47   43   46   42   45   41   44   40
   42   38   39   35   36   32   32   28   28   24   24   21   22   19   21   18
   20   17   20   18   22   20   24   22   27   25   30   29   34   34   39   39
   44   43   48   48   52   51   54   52   55   52   55   52   55   52   55   52
   55   52   56   54   56   48   54   76   77                                   
    80.0-180.0 180.0   5.0 450.0                            LAT/LON1/LON2/DLON/H
   81   61   61   63   59   57   57   56   57   55   56   55   56   54   55   54
   55   53   52   50   49   46   44   40   39   35   33   30   29   27   27   25
   26   24   26   25   27   27   29   29   32   33   37   38   42   43   47   48
   52   53   56   57   59   59   60   59   59   58   58   56   57   56   57   57
   58   59   61   62   62   58   62   83   81                                   
    77.5-180.0 180.0   5.0 450.0                            LAT/LON1/LON2/DLON/H
   87   65   66   67   64   60   60   59   59   57   59   58   60   59   61   60
   62   61   62   60   59   56   54   50   47   43   41   37   35   33   32   30
   31   29   30   29   31   29   32   31   34   33   37   38   42   43   48   49
   53   54   57   57   58   57   58   55   55   52   52   49   50   48   50   50
   52   54   59   61   64   61   65   83   87                                   
    75.0-180.0 180.0   5.0 450.0                            LAT/LON1/LON2/DLON/H
   87   72   72   75   71   68   67   66   66   66   66   67   67   68   70   71
   71   72   72   72   70   69   66   62   58   54   51   47   44   42   41   40
   39   39   38   38   37   37   36   36   36   38   39   42   43   46   49   51
   53   55   56   57   55   55   53   51   48   46   43   42   41   41   42   45
   46   51   56   61   65   64   69   87   87                                   
    72.5-180.0 180.0   5.0 450.0                            LAT/LON1/LON2/DLON/H
   97   82   85   86   81   78   76   75   74   73   74   74   75   75   76   77
   77   77   78   78   77   75   73   69   65   60   57   53   50   48   48   47
   46   45   45   43   42   40   40   38   38   37   40   41   43   44   48   48
   51   50   52   50   49   46   45   41   39   35   34   32   32   31   35   37
   41   46   54   60   67   68   73   90   97                                   
    70.0-180.0 180.0   5.0 450.0                            LAT/LON1/LON2/DLON/H
  101   94   98   99   94   92   90   88   87   85   85   84   83   82   82   80
   80   79   80   79   79   77   75   71   67   62   59   56   53   52   52   51
   50   50   49   47   45   42   40   38   38   37   40   40   42   43   46   46
   46   45   45   42   40   37   35   31   29   26   26   24   25   26   30   33
   40   46   55   62   71   74   82   98  101                                   
    67.5-180.0 180.0   5.0 450.0                            LAT/LON1/LON2/DLON/H
  116  109  114  114  110  107  105  103  101   99   97   94   92   87   85   81
   79   77   76   75   75   74   71   68   65   61   58   55   53   52   52   51
   51   49   49   45   43   39   38   36   36   35   39   39   41   42   44   42
   42   38   38   34   33   29   28   24   23   20   22   21   25   27   33   37
   45   51   61   68   78   83   91  104  116                                   
    65.0-180.0 180.0   5.0 450.0                            LAT/LON1/LON2/DLON/H
  122  122  126  128  123  121  118  116  113  111  107  104   99   92   86   80
   76   72   70   68   68   67   65   62   59   56   53   51   49   49   48   48
   47   46   44   41   38   36   34   33   33   34   37   38   40   40   40   38
   36   32   30   27   26   23   21   19   19   19   22   24   29   34   41   47
   54   61   70   79   87   92  102  113  122                                   
    62.5-180.0 180.0   5.0 450.0                            LAT/LON1/LON2/DLON/H
  135  133  137  138  134  131  128  126  123  120  116  111  104   95   86   77
   71   65   62   60   60   58   57   54   52   49   47   45   44   43   43   42
   41   39   37   34   32   30   29   29   30   32   36   37   39   39   38   34
   31   27   25   23   21   20   19   18   20   21   26   30   39   45   54   59
   68   73   82   89   98  102  110  119  135                                   
    60.0-180.0 180.0   5.0 450.0                            LAT/LON1/LON2/DLON/H
  136  139  144  146  141  138  134  132  129  126  121  115  108   97   86   75
   67   59   55   51   50   48   46   44   43   40   39   39   38   37   37   36
   34   33   31   29   27   26   26   26   29   32   36   39   40   40   37   33
   28   24   21   19   19   18   19   19   23   26   33   39   49   57   66   74
   81   87   94  100  107  110  118  125  136                                   
    57.5-180.0 180.0   5.0 450.0                            LAT/LON1/LON2/DLON/H
  145  146  150  152  147  144  140  137  133  130  125  119  111  100   88   75
   66   57   52   47   45   42   40   38   37   34   35   34   34   33   34   32
   31   30   29   27   26   26   26   28   31   35   40   42   44   43   40   35
   30   26   23   22   23   23   25   26   31   35   43   50   62   70   80   87
   95  100  107  112  118  120  124  131  145                                   
    55.0-180.0 180.0   5.0 450.0                            LAT/LON1/LON2/DLON/H
  146  151  157  160  154  151  145  141  137  133  127  120  112  101   89   77
   67   58   52   46   41   37   34   31   30   29   31   31   33   33   33   33
   32   31   31   30   30   30   32   33   38   42   47   49   51   49   45   40
   35   31   28   28   31   31   33   35   40   45   53   61   73   83   92  100
  107  113  119  125  129  130  134  138  146                                   
    52.5-180.0 180.0   5.0 450.0                            LAT/LON1/LON2/DLON/H
  157  161  166  169  164  160  154  148  142  136  129  123  114  105   94   83
   73   64   57   50   44   38   35   31   30   30   32   34   36   37   37   37
   37   37   37   38   38   39   40   42   45   49   53   56   57   56   52   48
   44   41   38   38   41   42   45   46   51   55   63   71   83   92  103  109
  118  123  131  136  141  142  143  147  157                                   
    50.0-180.0 180.0   5.0 450.0                            LAT/LON1/LON2/DLON/H
  163  170  180  184  179  174  165  158  149  141  132  124  116  107   97   87
   79   70   62   54   47   40   35   31   31   32   35   39   41   43   43   43
   43   44   46   47   49   49   50   51   54   58   62   64   65   65   62   59
   56   53   51   51   54   55   57   59   63   66   74   81   93  102  112  119
  127  133  141  147  153  152  154  155  163                                   
    47.5-180.0 180.0   5.0 450.0                            LAT/LON1/LON2/DLON/H
  177  183  194  198  194  190  181  171  160  150  139  130  121  112  103   95
   87   79   71   63   55   48   43   39   39   40   43   47   49   51   50   49
   49   51   54   57   58   59   60   60   62   65   68   71   73   73   72   71
   69   68   65   65   66   68   69   70   72   75   82   90  102  109  119  126
  134  141  150  158  164  164  164  164  177                                   
    45.0-180.0 180.0   5.0 450.0                            LAT/LON1/LON2/DLON/H
  184  195  207  212  209  206  196  186  172  160  147  136  126  116  108   99
   92   84   77   69   62   56   51   48   47   48   50   53   55   56   54   53
   54   56   60   62   65   66   66   66   68   70   74   77   80   81   83   82
   83   81   79   78   79   79   79   79   81   83   90   97  108  116  125  131
  139  147  157  165  172  172  173  172  184                                   
    42.5-180.0 180.0   5.0 450.0                            LAT/LON1/LON2/DLON/H
  195  203  214  220  219  216  208  198  185  172  158  146  135  125  115  106
   99   91   84   77   72   68   64   60   58   58   59   59   60   58   56   54
   54   56   60   64   67   69   69   69   71   74   77   81   84   87   90   92
   93   92   89   86   86   85   85   84   86   89   96  102  115  122  130  135
  143  151  161  170  177  177  177  176  195                                   
    40.0-180.0 180.0   5.0 450.0                            LAT/LON1/LON2/DLON/H
  195  206  217  223  222  221  213  205  193  181  167  155  144  132  122  111
  103   95   89   84   81   79   75   71   67   65   63   62   61   58   55   52
   52   54   58   62   66   68   69   70   73   76   81   84   89   92   96   98
  100   99   95   91   91   90   90   90   93   96  103  111  123  129  137  141
  148  155  165  173  178  178  179  177  195                                   
    37.5-180.0 180.0   5.0 450.0                            LAT/LON1/LON2/DLON/H
  198  205  214  218  218  216  210  204  195  187  175  166  155  144  132  121
  111  103   97   94   93   91   88   83   77   71   67   63   60   57   53   51
   50   52   55   60   64   68   69   72   74   80   84   88   92   96   99  101
  102  100   96   91   91   90   91   93   97  102  111  119  131  138  145  149
  155  161  169  175  179  178  178  177  198                                   
    35.0-180.0 180.0   5.0 450.0                            LAT/LON1/LON2/DLON/H
  195  203  211  212  208  208  202  198  192  187  180  173  165  153  142  128
  119  110  106  102  103  101   97   89   81   73   67   62   60   57   54   51
   52   53   57   61   66   70   72   75   79   85   90   93   97   99  101  102
  102   98   94   89   89   89   92   95  101  107  118  126  139  144  154  155
  162  166  175  178  180  181  183  182  195                                   
    32.5-180.0 180.0   5.0 450.0                            LAT/LON1/LON2/DLON/H
  206  207  211  209  202  199  193  190  185  184  180  178  172  164  151  139
  129  121  116  114  113  111  104   95   84   74   67   64   62   61   59   59
   59   62   65   69   73   77   78   82   85   92   96  100  101  101  100   99
   98   93   88   84   85   86   92   97  106  114  125  134  146  153  161  164
  170  176  183  186  187  189  193  195  206                                   
    30.0-180.0 180.0   5.0 450.0                            LAT/LON1/LON2/DLON/H
  223  225  226  218  206  201  193  188  183  182  181  182  179  172  160  148
  140  131  127  123  121  115  108   95   84   75   70   69   71   72   73   74
   76   78   82   85   88   91   91   93   96  101  105  106  106  103  101   97
   94   88   84   80   82   85   92   99  110  119  133  143  157  162  172  175
  183  188  197  201  201  205  214  219  223                                   
    27.5-180.0 180.0   5.0 450.0                            LAT/LON1/LON2/DLON/H
  261  256  257  244  228  219  208  199  189  185  183  185  183  179  168  158
  150  143  137  132  125  118  107   95   85   79   78   82   87   91   93   96
   99  102  105  108  108  108  105  105  105  108  110  109  107  102   99   94
   91   85   81   78   79   83   92  101  112  124  138  151  166  174  185  192
  201  209  218  222  224  231  244  255  261                                   
    25.0-180.0 180.0   5.0 450.0                            LAT/LON1/LON2/DLON/H
  301  303  303  288  268  256  239  224  208  198  191  190  189  184  176  166
  159  151  144  135  126  116  106   95   88   87   92  100  109  115  118  121
  125  128  131  131  129  126  120  116  114  113  114  110  107  101   97   91
   87   82   79   76   77   82   91  102  115  128  143  158  174  185  199  210
  226  236  248  252  257  267  290  302  301                                   
    22.5-180.0 180.0   5.0 450.0                            LAT/LON1/LON2/DLON/H
  347  355  359  344  328  313  292  269  243  222  207  201  195  191  182  175
  166  158  148  136  124  113  104   97   95  101  111  123  133  140  142  145
  147  151  151  149  144  138  128  121  115  113  112  108  104   98   96   89
   87   81   79   77   79   82   91  103  118  133  149  166  183  198  217  233
  255  267  281  286  294  307  332  345  347                                   
    20.0-180.0 180.0   5.0 450.0                            LAT/LON1/LON2/DLON/H
  395  413  421  412  402  384  358  326  288  257  231  217  207  199  190  182
  173  163  150  136  123  112  107  105  110  120  134  147  157  162  161  163
  164  165  164  160  153  145  134  123  116  111  109  103   99   93   91   86
   86   80   79   76   77   80   89  102  118  136  154  173  192  212  236  259
  283  300  314  323  330  349  378  389  395                                   
    17.5-180.0 180.0   5.0 450.0                            LAT/LON1/LON2/DLON/H
  439  462  477  482  483  471  438  395  343  300  267  244  226  214  201  193
  180  168  151  136  121  115  114  119  128  142  158  171  178  179  175  172
  169  169  165  161  152  143  130  119  111  106  103   98   94   89   87   85
   86   82   80   76   74   75   85   99  121  142  162  184  208  232  259  286
  311  328  345  355  365  383  412  422  439                                   
    15.0-180.0 180.0   5.0 450.0                            LAT/LON1/LON2/DLON/H
  478  506  524  537  550  545  515  462  398  346  306  277  251  233  217  205
  191  175  155  138  127  124  130  139  153  169  183  190  192  189  180  173
  167  164  161  156  149  139  126  116  109  103  100   94   92   85   86   85
   87   82   80   74   71   71   80   96  123  148  171  196  225  252  280  310
  333  354  368  379  392  413  444  452  478                                   
    12.5-180.0 180.0   5.0 450.0                            LAT/LON1/LON2/DLON/H
  499  528  548  568  587  590  568  521  451  392  345  311  285  263  242  225
  206  188  165  149  139  143  151  167  181  195  202  205  200  193  180  171
  162  161  154  152  143  136  123  115  108  104  100   95   91   86   86   86
   87   83   77   71   66   67   78   95  127  156  182  209  241  268  300  328
  353  372  386  397  414  434  462  470  499                                   
    10.0-180.0 180.0   5.0 450.0                            LAT/LON1/LON2/DLON/H
  509  538  556  577  600  606  591  551  492  433  382  347  320  296  273  253
  229  207  185  168  163  168  182  197  209  218  219  216  206  195  180  169
  161  156  153  150  143  135  125  118  113  109  106   98   95   88   88   87
   87   82   74   68   64   65   79  100  136  165  193  221  254  281  315  342
  367  384  399  412  432  450  474  475  509                                   
     7.5-180.0 180.0   5.0 450.0                            LAT/LON1/LON2/DLON/H
  501  527  545  565  587  597  587  560  513  465  416  382  355  332  309  287
  260  237  212  200  194  203  216  228  236  236  231  222  210  198  184  174
