data/unet/pred3090.15i
     1.0            IONOSPHERE MAPS     GNSS                IONEX VERSION / TYPE
pyspatialgeodesy        IME             05-JAN-18 20:20     PGM / RUN BY / DATE 
Map Name                                                    COMMENT             
Predicted global ionosphere maps (GIM).                     DESCRIPTION         
  2015    11     5     0     0     0                        EPOCH OF FIRST MAP  
  2015    11     6     0     0     0                        EPOCH OF LAST MAP   
  7200                                                      INTERVAL            
    13                                                      # OF MAPS IN FILE   
  NONE                                                      MAPPING FUNCTION    
10.0                                                        ELEVATION CUTOFF    
One-way carrier phase leveled to code                       OBSERVABLES USED    
  6371.0                                                    BASE RADIUS         
 2                                                          MAP DIMENSION       
   450.0 450.0   0.0                                        HGT1 / HGT2 / DHGT  
    87.5 -87.5  -2.5                                        LAT1 / LAT2 / DLAT  
  -180.0 180.0   5.0                                        LON1 / LON2 / DLON  
    -1                                                      EXPONENT            
                                                            END OF HEADER       
[from data line 3003]
     8                                                      START OF TEC MAP    
  2015    11     5    14     0     0                        EPOCH OF CURRENT MAP
    87.5-180.0 180.0   5.0 450.0                            LAT/LON1/LON2/DLON/H
   68   79   89   91   91   93   92   94   93   95   94   96   95   97   96   97
   97   98   98   99   99  101  101  103  102  104  103  104  103  104  102  104
  102  103  102  104  102  103  100  102   99  100   97   98   95   96   93   94
   91   92   88   91   87   89   85   88   84   87   83   86   83   85   82   85
   83   85   83   86   84   86   91   81   68                                   
    85.0-180.0 180.0   5.0 450.0                            LAT/LON1/LON2/DLON/H
   72   78   73   73   75   77   78   79   80   81   83   83   86   86   88   87
   90   89   91   90   93   91   93   92   94   93   93   93   93   93   93   93
   92   92   91   92   91   90   88   88   87   86   85   84   84   82   81   79
   80   77   78   75   77   72   74   70   73   69   71   67   70   66   68   65
   68   66   67   67   70   69   74   67   72                                   
    82.5-180.0 180.0   5.0 450.0                            LAT/LON1/LON2/DLON/H
   67   61   59   60   60   62   64   65   67   68   71   72   75   75   78   78
   82   81   84   85   88   88   89   91   92   94   92   95   93   95   92   94
   92   93   90   91   90   89   87   86   84   81   80   77   77   73   73   70
   71   67   68   64   65   60   61   57   58   54   54   52   52   50   49   48
   49   48   48   48   47   48   51   48   67                                   
    80.0-180.0 180.0   5.0 450.0                            LAT/LON1/LON2/DLON/H
   52   50   45   50   50   52   54   55   56   58   59   61   62   64   66   69
   70   73   74   80   80   85   84   90   89   93   89   93   90   91   87   89
   86   87   84   86   83   85   81   83   79   78   75   74   71   69   66   65
   62   62   59   59   56   56   53   53   50   50   47   47   45   45   42   43
   40   42   39   42   40   40   43   35   52                                   
    77.5-180.0 180.0   5.0 450.0                            LAT/LON1/LON2/DLON/H
   39   42   40   40   42   43   45   45   47   46   48   48   50   50   53   55
   58   61   66   72   76   80   84   88   89   92   91   92   88   88   85   85
   81   82   80   81   78   79   77   77   75   73   71   69   67   64   63   61
   60   58   58   57   56   55   54   53   52   49   49   46   45   43   42   40
   39   38   37   37   35   33   36   27   39                                   
    75.0-180.0 180.0   5.0 450.0                            LAT/LON1/LON2/DLON/H
   41   38   37   37   40   39   42   40   41   38   40   37   40   38   42   42
   48   49   57   62   71   76   85   89   93   95   95   94   92   89   86   83
   81   80   80   78   77   77   75   74   70   68   65   62   60   57   55   53
   54   52   55   54   56   55   57   55   55   53   53   50   49   46   45   42
   42   40   41   39   39   37   40   29   41                                   
    72.5-180.0 180.0   5.0 450.0                            LAT/LON1/LON2/DLON/H
   42   43   40   39   40   39   41   39   38   35   35   32   32   31   33   35
   38   43   51   60   69   80   89   98  102  106  105  105   99   99   92   92
   86   88   84   85   81   81   76   74   69   66   62   59   56   53   51   51
   51   52   55   56   59   60   61   62   62   61   60   56   55   51   51   47
   47   45   47   46   46   43   45   38   42                                   
    70.0-180.0 180.0   5.0 450.0                            LAT/LON1/LON2/DLON/H
   47   44   43   41   43   41   43   39   40   34   34   29   30   26   30   29
   35   38   50   58   72   84   97  108  114  118  118  118  113  109  104  102
   99   98   96   95   90   88   81   78   71   67   60   56   51   48   46   46
   48   49   53   55   59   61   63   65   66   66   65   62   60   56   55   52
   53   51   53   53   54   53   55   49   47                                   
    67.5-180.0 180.0   5.0 450.0                            LAT/LON1/LON2/DLON/H
   51   49   45   44   44   42   43   42   41   37   34   31   28   27   27   28
   32   38   49   62   76   94  108  121  127  134  132  134  127  125  118  118
  113  114  110  110  104  100   94   89   80   72   65   58   53   48   47   45
   46   49   52   55   58   60   63   65   66   66   65   64   60   57   56   55
   55   56   58   60   61   59   60   56   51                                   
    65.0-180.0 180.0   5.0 450.0                            LAT/LON1/LON2/DLON/H
   54   49   46   43   46   43   46   42   44   39   38   33   33   28   30   29
   35   39   52   64   82  101  118  132  139  145  144  145  140  138  135  132
  131  129  128  126  121  117  109  101   91   81   71   64   56   51   46   45
   45   46   48   50   53   54   58   59   63   63   63   61   57   55   52   50
   51   53   57   60   64   63   65   62   54                                   
    62.5-180.0 180.0   5.0 450.0                            LAT/LON1/LON2/DLON/H
   53   46   43   41   41   41   44   43   43   40   39   36   34   32   32   33
   36   42   53   69   85  105  124  139  146  152  151  154  150  150  147  149
  148  149  147  147  141  136  127  118  105   93   82   72   65   57   53   49
   48   47   48   48   48   49   51   54   56   58   58   57   54   51   48   46
   46   48   52   57   62   61   62   57   53                                   
    60.0-180.0 180.0   5.0 450.0                            LAT/LON1/LON2/DLON/H
   50   42   38   36   38   37   41   40   42   38   39   35   37   34   37   37
   43   46   59   71   89  108  126  140  148  154  154  158  157  159  161  165
  169  169  169  167  163  153  145  132  120  106   93   84   74   67   59   55
   51   49   46   46   45   43   45   48   51   53   53   53   50   46   42   38
   38   39   44   49   56   57   59   53   50                                   
    57.5-180.0 180.0   5.0 450.0                            LAT/LON1/LON2/DLON/H
   48   37   34   33   32   31   34   35   35   32   32   33   35   35   39   42
   47   52   61   75   89  107  125  139  147  154  155  162  163  169  174  181
  186  189  188  186  180  171  162  151  137  124  110  100   90   80   74   66
   62   55   53   49   46   43   41   46   47   51   52   53   51   47   43   38
   35   35   40   45   52   53   53   42   48                                   
    55.0-180.0 180.0   5.0 450.0                            LAT/LON1/LON2/DLON/H
   49   38   32   30   32   31   32   31   30   26   28   28   33   35   42   46
   53   58   68   78   92  108  123  137  145  151  156  162  169  177  187  193
  204  204  206  200  197  185  178  167  156  142  130  119  107   99   89   82
   73   67   60   56   51   45   44   44   49   51   54   55   55   52   48   41
   38   36   40   44   49   50   53   43   49                                   
    52.5-180.0 180.0   5.0 450.0                            LAT/LON1/LON2/DLON/H
   57   45   39   37   36   33   33   30   27   22   23   25   29   35   43   51
   57   63   71   82   95  110  124  138  146  152  158  169  179  190  201  214
  222  224  221  219  211  204  194  186  174  163  151  142  130  119  110  100
   92   82   76   68   63   57   53   53   54   58   60   64   63   63   58   53
   48   44   45   49   54   53   59   44   57                                   
    50.0-180.0 180.0   5.0 450.0                            LAT/LON1/LON2/DLON/H
   68   57   50   47   48   45   43   36   31   24   24   24   30   34   45   53
   63   68   79   90  103  115  130  140  151  156  167  177  194  201  217  224
  235  231  229  227  224  218  210  202  192  180  169  161  151  140  128  119
  109  102   92   85   77   71   67   64   66   67   71   74   79   76   76   67
   66   57   58   59   63   62   69   59   68                                   
    47.5-180.0 180.0   5.0 450.0                            LAT/LON1/LON2/DLON/H
   81   75   68   69   67   62   57   49   41   33   29   30   33   41   50   61
   70   79   89  103  114  128  139  151  159  170  179  194  208  219  232  240
  245  242  239  239  236  233  225  219  207  196  185  177  167  156  145  134
  125  115  108  100   94   87   82   79   77   80   81   88   89   91   89   86
   79   74   72   72   75   75   85   73   81                                   
    45.0-180.0 180.0   5.0 450.0                            LAT/LON1/LON2/DLON/H
   95   88   85   83   86   81   76   67   59   49   45   41   44   48   60   67
   80   90  104  117  131  142  154  164  175  185  200  211  228  234  248  247
  251  244  243  244  244  245  238  232  220  208  196  187  177  167  154  144
  133  126  116  111  103   98   92   90   88   88   90   92  100  101  103   99
   98   89   85   83   86   86   93   92   95                                   
    42.5-180.0 180.0   5.0 450.0                            LAT/LON1/LON2/DLON/H
  100   99  100  102  104   99   96   89   80   71   66   62   63   67   74   84
   95  108  121  136  148  160  170  182  193  203  220  229  245  247  255  252
  253  249  249  256  258  260  255  247  233  218  205  194  183  170  159  145
  136  125  117  110  103   98   92   90   87   89   88   95   99  104  105  106
  100   92   90   88   93   91  103   99  100                                   
    40.0-180.0 180.0   5.0 450.0                            LAT/LON1/LON2/DLON/H
  105  102  104  103  110  103  108   99   97   89   86   82   84   85   93  100
  114  124  139  151  166  177  190  200  212  223  239  248  262  261  266  261
  262  260  263  271  275  280  274  264  248  228  212  197  187  173  160  147
  135  124  115  108  101   95   91   89   88   88   89   94   98  102  105  106
  103   94   91   89   92   92   98   99  105                                   
    37.5-180.0 180.0   5.0 450.0                            LAT/LON1/LON2/DLON/H
   95   95   97  103  108  107  110  107  107  103  104  102  106  109  115  124
  134  144  156  171  184  197  207  218  230  240  254  260  272  268  271  267
  273  273  284  294  303  307  301  286  265  242  220  203  191  176  164  148
  137  124  116  106   99   94   89   89   87   89   87   93   93   98   98  102
   94   88   85   85   87   86   93   90   95                                   
    35.0-180.0 180.0   5.0 450.0                            LAT/LON1/LON2/DLON/H
   85   83   87   88   94   93  101  100  105  104  111  112  121  125  136  142
  155  161  176  189  203  214  225  234  248  255  267  273  282  278  281  280
  292  298  313  327  335  337  329  312  288  260  235  213  202  184  173  157
  147  134  124  115  106  100   95   94   92   92   90   92   92   95   96   96
   93   85   83   81   80   79   80   77   85                                   
    32.5-180.0 180.0   5.0 450.0                            LAT/LON1/LON2/DLON/H
   70   67   68   74   76   79   84   87   96  100  111  120  131  139  150  161
  170  180  192  207  217  229  236  247  258  264  276  280  289  287  293  301
  316  330  350  364  376  371  362  341  313  285  257  236  219  204  192  177
  168  155  148  137  128  118  111  108  107  107  105  105  104  105  102  100
   91   86   79   80   76   73   70   65   70                                   
    30.0-180.0 180.0   5.0 450.0                            LAT/LON1/LON2/DLON/H
   61   56   54   54   58   61   62   67   78   86  102  109  129  139  159  170
  188  195  211  220  233  239  252  256  268  273  284  289  298  299  308  319
  339  357  379  399  411  410  394  372  344  316  288  269  252  236  224  209
  204  192  185  173  162  151  140  134  130  129  127  128  127  124  120  111
  105   96   92   88   83   74   68   57   61                                   
    27.5-180.0 180.0   5.0 450.0                            LAT/LON1/LON2/DLON/H
   62   59   51   49   50   49   53   54   64   71   90  101  123  136  159  177
  195  206  219  231  237  247  252  261  270  277  287  293  305  311  327  347
  370  394  419  438  450  442  430  405  377  351  325  310  292  280  266  257
  247  242  232  223  208  195  181  173  168  165  162  159  154  149  146  136
  124  118  113  109  101   93   77   71   62                                   
    25.0-180.0 180.0   5.0 450.0                            LAT/LON1/LON2/DLON/H
   85   72   54   50   49   46   45   41   47   51   67   78  103  120  152  174
  202  216  233  239  250  253  265  267  279  283  295  302  317  329  349  373
  401  428  453  468  473  468  451  435  406  388  363  355  338  332  321  317
  311  310  300  294  273  260  235  226  214  211  203  200  193  189  180  169
  160  149  146  140  128  117  101   87   85                                   
    22.5-180.0 180.0   5.0 450.0                            LAT/LON1/LON2/DLON/H
  105   85   69   57   56   42   48   39   44   44   61   69   96  111  145  171
  201  219  235  245  251  261  268  275  280  287  300  312  332  349  378  404
  439  466  484  494  492  484  470  455  440  426  409  402  389  384  376  374
  372  373  369  362  345  330  310  300  288  282  266  259  241  233  218  207
  202  190  185  174  166  154  137  121  105                                   
    20.0-180.0 180.0   5.0 450.0                            LAT/LON1/LON2/DLON/H
  136  104   80   59   56   42   52   39   41   33   43   53   75   96  133  164
  205  222  244  249  266  266  280  280  290  291  310  323  348  370  404  435
  472  495  508  510  503  494  480  475  460  462  446  444  429  423  414  413
  411  412  408  402  386  372  356  349  339  321  305  297  283  277  254  240
  228  225  219  208  188  176  170  146  136                                   
    17.5-180.0 180.0   5.0 450.0                            LAT/LON1/LON2/DLON/H
  147  119  101   75   69   53   60   53   57   44   49   56   80   99  137  169
  206  228  246  256  265  273  281  285  291  301  317  335  363  391  434  463
  498  517  524  523  513  505  498  496  492  492  487  482  468  459  450  446
  443  442  441  431  420  407  395  385  367  349  330  321  305  296  281  273
  258  255  253  241  223  205  191  179  147                                   
    15.0-180.0 180.0   5.0 450.0                            LAT/LON1/LON2/DLON/H
  172  141  122  103   88   72   73   62   68   54   55   55   78  100  138  172
  214  236  258  263  275  276  289  289  301  307  331  349  385  415  458  485
  516  524  527  522  513  511  506  513  510  518  508  504  485  475  466  458
  454  446  443  430  419  405  394  376  366  347  334  318  307  294  283  276
  264  267  270  260  248  229  208  194  172                                   
    12.5-180.0 180.0   5.0 450.0                            LAT/LON1/LON2/DLON/H
  179  155  140  123  108   89   85   78   84   72   72   72   94  120  159  192
  231  256  277  280  287  287  296  299  311  321  344  369  406  439  479  504
  526  531  533  529  525  527  529  539  544  548  542  528  510  494  480  468
  459  453  446  430  420  401  392  375  368  350  339  321  312  298  280  271
  261  266  267  264  249  233  213  205  179                                   
    10.0-180.0 180.0   5.0 450.0                            LAT/LON1/LON2/DLON/H
  181  170  141  140  120  107   99   89   92   84   79   81  103  131  173  206
  247  269  295  294  302  297  307  311  326  337  363  388  428  457  493  511
  527  530  529  529  527  536  539  554  556  562  552  536  514  497  479  466
  452  441  427  410  393  381  365  363  351  347  333  323  303  288  271  256
  255  252  259  246  242  221  207  202  181                                   
     7.5-180.0 180.0   5.0 450.0                            LAT/LON1/LON2/DLON/H
  170  175  150  142  128  111  107   96   98   87   86   91  115  147  189  223
  262  287  309  311  316  311  318  327  342  358  382  411  447  477  505  522
