data/unet/pred1820.15i
     1.0            IONOSPHERE MAPS     GNSS                IONEX VERSION / TYPE
pyspatialgeodesy        IME             05-JAN-18 20:20     PGM / RUN BY / DATE 
Map Name                                                    COMMENT             
Predicted global ionosphere maps (GIM).                     DESCRIPTION         
  2015     7     1     0     0     0                        EPOCH OF FIRST MAP  
  2015     7     2     0     0     0                        EPOCH OF LAST MAP   
  7200                                                      INTERVAL            
    13                                                      # OF MAPS IN FILE   
  NONE                                                      MAPPING FUNCTION    
10.0                                                        ELEVATION CUTOFF    
One-way carrier phase leveled to code                       OBSERVABLES USED    
  6371.0                                                    BASE RADIUS         
 2                                                          MAP DIMENSION       
   450.0 450.0   0.0                                        HGT1 / HGT2 / DHGT  
    87.5 -87.5  -2.5                                        LAT1 / LAT2 / DLAT  
  -180.0 180.0   5.0                                        LON1 / LON2 / DLON  
    -1                                                      EXPONENT            
                                                            END OF HEADER       
[from data line 1287]
     4                                                      START OF TEC MAP    
  2015     7     1     6     0     0                        EPOCH OF CURRENT MAP
    87.5-180.0 180.0   5.0 450.0                            LAT/LON1/LON2/DLON/H
  153  174  170  171  172  171  173  171  173  172  174  172  173  172  173  172
  173  172  173  171  171  170  170  168  167  165  165  162  162  159  159  156
  157  154  156  152  154  151  153  150  152  150  152  149  151  150  152  150
  153  152  155  153  156  155  158  157  159  158  160  159  161  159  160  159
  162  160  162  160  164  160  180  166  153                                   
    85.0-180.0 180.0   5.0 450.0                            LAT/LON1/LON2/DLON/H
  162  167  160  168  165  165  165  167  165  167  166  167  165  167  166  167
  165  165  165  165  163  162  161  160  158  156  156  154  153  151  150  149
  148  147  147  145  145  144  144  143  143  142  143  143  143  144  145  145
  146  148  149  150  151  153  153  155  155  157  156  158  157  158  157  158
  159  159  159  159  159  153  161  168  162                                   
    82.5-180.0 180.0   5.0 450.0                            LAT/LON1/LON2/DLON/H
  159  157  157  161  162  161  164  163  164  163  165  164  165  164  166  164
  165  163  165  163  163  160  161  158  157  154  154  151  150  147  148  145
  146  144  145  144  145  144  145  143  144  142  145  144  147  146  150  149
  153  152  156  155  159  157  162  160  163  160  163  159  162  158  158  156
  158  157  158  157  157  153  155  148  159                                   
    80.0-180.0 180.0   5.0 450.0                            LAT/LON1/LON2/DLON/H
  166  163  159  160  159  159  161  161  162  161  163  162  163  162  163  162
  163  161  162  160  159  157  155  153  150  147  145  143  141  140  139  139
  140  140  141  142  142  142  142  142  142  141  143  144  145  147  150  151
  153  156  158  161  162  164  165  167  167  167  166  166  165  163  161  159
  160  157  158  156  158  151  148  147  166                                   
    77.5-180.0 180.0   5.0 450.0                            LAT/LON1/LON2/DLON/H
  159  157  154  157  157  160  159  160  159  161  160  162  160  163  161  164
  161  163  160  161  157  156  151  149  143  141  136  136  133  134  133  137
  137  142  142  148  146  150  148  151  148  152  151  156  155  160  160  166
  164  171  169  176  173  180  177  183  178  183  177  181  175  177  170  171
  165  166  162  162  158  152  148  141  159                                   
    75.0-180.0 180.0   5.0 450.0                            LAT/LON1/LON2/DLON/H
  160  159  153  153  154  154  155  155  154  154  154  154  154  154  155  156
  156  157  156  155  152  149  143  138  131  127  123  122  120  123  125  130
  134  138  143  146  148  149  149  150  149  151  152  156  157  162  164  169
  170  174  176  179  179  182  182  184  183  183  181  180  178  175  170  168
  164  163  159  159  156  149  147  141  160                                   
    72.5-180.0 180.0   5.0 450.0                            LAT/LON1/LON2/DLON/H
  155  152  148  150  148  150  148  148  146  146  144  145  143  146  146  149
  149  152  150  151  146  144  136  131  122  118  112  113  111  116  119  127
  132  142  145  154  152  158  153  158  153  159  158  165  164  172  171  178
  177  183  181  186  182  187  182  186  181  185  180  183  178  180  173  174
  168  168  163  164  159  153  148  143  155                                   
    70.0-180.0 180.0   5.0 450.0                            LAT/LON1/LON2/DLON/H
  159  157  152  152  150  149  147  145  141  140  138  138  138  139  141  142
  145  146  147  146  143  138  130  122  113  107  104  105  105  111  116  125
  134  143  150  155  158  158  158  158  158  160  164  170  174  179  183  186
  187  189  188  188  185  184  180  180  177  177  175  175  175  173  171  170
  168  168  166  165  161  152  147  149  159                                   
    67.5-180.0 180.0   5.0 450.0                            LAT/LON1/LON2/DLON/H
  158  154  150  152  147  147  142  139  134  132  129  128  127  129  130  134
  135  138  138  140  136  132  123  116  107  102   99  101  102  109  114  126
  135  148  153  162  160  164  159  163  159  166  167  178  180  189  189  195
  191  193  186  186  176  175  166  167  160  163  159  164  163  168  165  169
  167  171  169  171  167  160  151  154  158                                   
    65.0-180.0 180.0   5.0 450.0                            LAT/LON1/LON2/DLON/H
  165  164  158  156  152  150  145  142  134  131  126  125  123  124  126  127
  130  131  132  131  128  122  114  105  100   95   95   96  102  108  117  127
  138  149  156  161  162  162  162  162  163  169  175  184  191  198  202  203
  200  197  190  184  174  167  161  155  152  150  150  151  154  156  159  162
  165  168  170  171  169  159  151  160  165                                   
    62.5-180.0 180.0   5.0 450.0                            LAT/LON1/LON2/DLON/H
  166  168  159  159  153  151  146  141  134  128  124  119  117  115  115  117
  118  119  119  119  115  111  104   98   93   91   91   95  101  110  119  131
  141  151  157  163  162  164  161  164  164  173  178  190  196  205  205  208
  200  196  184  177  163  157  148  144  138  139  137  142  144  151  152  161
  162  170  171  175  173  166  158  166  166                                   
    60.0-180.0 180.0   5.0 450.0                            LAT/LON1/LON2/DLON/H
  173  177  170  167  162  158  152  148  139  135  126  122  116  114  112  112
  112  112  110  109  106  101   97   90   90   86   92   94  105  111  122  130
  142  149  155  159  160  161  161  164  168  176  185  197  205  213  214  214
  206  200  189  180  167  158  150  144  138  136  135  138  142  147  152  156
  162  167  172  173  175  164  159  171  173                                   
    57.5-180.0 180.0   5.0 450.0                            LAT/LON1/LON2/DLON/H
  177  184  178  176  169  164  157  150  142  134  126  119  113  108  105  103
  102  100   98   96   93   88   85   80   81   81   87   94  103  113  120  131
  139  148  152  158  159  162  162  166  170  179  188  199  205  212  211  211
  203  196  185  177  165  158  151  145  139  139  135  140  140  148  149  158
  160  169  170  176  176  170  167  175  177                                   
    55.0-180.0 180.0   5.0 450.0                            LAT/LON1/LON2/DLON/H
  186  194  191  187  182  175  169  161  151  144  134  126  116  111  103  100
   96   94   91   89   86   83   81   77   82   80   92   94  108  111  122  127
  135  140  148  153  158  162  166  171  176  186  194  205  209  215  214  215
  207  203  193  188  178  173  165  162  156  155  151  151  151  153  156  158
  165  167  172  174  177  167  167  182  186                                   
    52.5-180.0 180.0   5.0 450.0                            LAT/LON1/LON2/DLON/H
  192  201  201  199  193  186  177  167  157  147  137  126  116  105   99   93
   91   87   85   81   80   76   77   75   79   81   89   96  104  111  117  124
  130  140  146  156  161  169  173  181  186  194  200  208  211  215  215  215
  210  207  201  198  191  189  180  178  170  170  164  164  159  161  158  162
  162  168  167  174  176  172  175  186  192                                   
    50.0-180.0 180.0   5.0 450.0                            LAT/LON1/LON2/DLON/H
  202  210  212  211  206  198  191  179  169  158  146  136  121  111  100   95
   90   87   84   82   82   80   83   82   88   88   98   99  109  110  118  120
  129  134  145  154  165  174  183  190  196  204  209  215  216  221  220  222
  219  220  217  219  213  212  206  203  195  192  186  183  177  172  170  167
  170  170  173  176  181  174  179  195  202                                   
    47.5-180.0 180.0   5.0 450.0                            LAT/LON1/LON2/DLON/H
  208  214  221  219  213  207  200  188  176  165  152  138  124  109   99   92
   90   86   86   83   85   84   88   89   95   96  102  103  107  110  113  119
  124  135  145  159  169  181  190  200  205  212  215  220  221  225  226  230
  229  232  232  234  230  230  222  219  210  207  197  195  185  183  174  176
  172  178  177  182  186  184  188  200  208                                   
    45.0-180.0 180.0   5.0 450.0                            LAT/LON1/LON2/DLON/H
  217  223  226  226  220  213  209  198  188  174  162  147  131  118  104   98
   93   91   90   90   93   94  100  101  108  106  112  109  112  111  116  117
  125  133  147  159  173  187  199  208  214  221  223  229  229  235  236  242
  242  248  247  249  246  245  239  234  227  221  213  208  199  194  189  186
  188  188  191  193  197  190  193  210  217                                   
    42.5-180.0 180.0   5.0 450.0                            LAT/LON1/LON2/DLON/H
  224  224  232  229  224  218  212  203  192  181  168  152  137  119  108   99
   98   95   97   96  100  103  111  116  121  120  121  117  115  113  114  119
  125  136  148  164  176  192  205  216  221  228  230  235  237  243  247  255
  257  263  261  263  257  256  247  244  234  231  220  217  207  204  196  198
  197  202  202  205  208  204  204  216  224                                   
    40.0-180.0 180.0   5.0 450.0                            LAT/LON1/LON2/DLON/H
  236  235  234  233  228  223  218  209  200  187  177  161  145  130  116  108
  102  101  101  103  109  115  124  127  137  134  134  127  125  119  120  122
  130  138  149  164  177  195  208  221  228  235  238  244  247  256  260  268
  272  277  275  274  269  265  259  253  247  242  235  229  223  217  213  213
  216  218  221  221  223  214  215  228  236                                   
    37.5-180.0 180.0   5.0 450.0                            LAT/LON1/LON2/DLON/H
  245  237  240  233  229  223  221  210  202  192  183  168  155  138  127  115
  112  106  109  108  116  122  133  141  149  148  145  139  133  128  125  128
  134  140  151  163  178  193  209  223  232  240  244  249  255  262  270  278
  284  289  287  286  281  278  271  268  260  257  249  245  237  234  229  232
  234  238  239  240  241  233  230  240  245                                   
    35.0-180.0 180.0   5.0 450.0                            LAT/LON1/LON2/DLON/H
  264  252  247  240  236  229  225  214  208  197  190  177  163  149  136  125
  119  115  115  115  125  131  144  153  160  161  157  150  144  136  134  134
  138  143  149  163  173  192  206  224  234  243  248  255  260  270  276  287
  293  298  299  299  297  295  291  288  284  280  274  267  261  256  253  253
  257  259  261  262  261  251  250  261  264                                   
    32.5-180.0 180.0   5.0 450.0                            LAT/LON1/LON2/DLON/H
  282  268  262  249  243  232  228  216  210  200  195  184  175  160  148  133
  129  119  119  116  125  134  147  158  167  169  166  159  151  145  141  140
  143  143  150  159  171  186  202  220  232  241  247  255  262  271  281  291
  301  307  312  316  318  321  321  319  314  309  302  296  288  283  277  277
  278  282  282  284  285  277  274  279  282                                   
    30.0-180.0 180.0   5.0 450.0                            LAT/LON1/LON2/DLON/H
  307  291  279  267  257  245  235  221  212  202  199  190  181  169  156  142
  134  128  126  125  134  142  154  167  172  176  173  166  159  151  147  144
  143  143  145  154  164  183  196  215  227  238  243  252  260  271  281  293
  303  314  320  331  339  349  352  357  352  347  338  330  320  312  303  300
  298  300  301  304  306  298  296  303  307                                   
    27.5-180.0 180.0   5.0 450.0                            LAT/LON1/LON2/DLON/H
  327  313  304  290  275  259  246  227  215  203  200  193  187  175  164  148
  141  130  130  128  137  146  160  171  179  181  177  170  161  154  147  141
  138  134  137  144  158  174  190  204  218  228  235  243  253  266  279  291
  306  316  330  344  359  374  383  390  386  381  373  364  354  342  331  323
  318  318  318  323  328  322  321  320  327                                   
    25.0-180.0 180.0   5.0 450.0                            LAT/LON1/LON2/DLON/H
  345  336  324  312  298  278  258  235  218  205  198  193  187  178  165  152
  142  136  134  137  148  158  172  182  185  186  179  172  162  153  144  135
  127  126  124  136  146  168  181  197  210  221  228  238  249  262  278  292
  307  321  336  356  375  398  408  418  414  411  402  395  384  374  358  347
  336  336  333  341  344  342  339  342  345                                   
    22.5-180.0 180.0   5.0 450.0                            LAT/LON1/LON2/DLON/H
  354  349  342  328  314  295  272  247  226  210  201  195  190  180  169  154
  147  138  139  143  156  167  183  190  194  189  180  169  156  144  133  121
  112  107  112  121  140  158  177  190  203  215  225  236  248  264  280  295
  311  325  344  365  389  410  424  432  430  425  419  414  406  397  382  368
  356  351  349  355  360  360  356  353  354                                   
    20.0-180.0 180.0   5.0 450.0                            LAT/LON1/LON2/DLON/H
  363  358  349  339  324  307  283  256  231  214  201  193  186  178  167  155
  146  142  144  153  168  181  193  199  197  190  177  163  148  137  123  111
   97   95   95  112  128  155  166  185  197  213  226  240  255  269  287  301
  317  333  349  375  396  422  432  443  439  437  430  428  421  415  399  388
  373  367  360  367  368  368  361  366  363                                   
    17.5-180.0 180.0   5.0 450.0                            LAT/LON1/LON2/DLON/H
  362  359  354  341  326  310  287  262  240  221  206  196  188  180  170  158
  151  146  150  159  177  189  203  205  201  189  169  152  135  120  105   90
   80   75   82   95  122  144  166  179  196  211  230  247  261  277  292  307
  323  337  355  375  398  415  427  433  432  432  428  431  426  424  411  400
  386  378  373  376  378  377  369  367  362                                   
    15.0-180.0 180.0   5.0 450.0                            LAT/LON1/LON2/DLON/H
  362  355  346  335  319  303  283  262  241  224  208  195  186  179  170  159
  151  149  154  167  184  196  204  206  197  181  160  141  123  110   94   80
   65   64   65   86  105  137  156  178  191  212  234  255  272  286  303  317
  330  345  359  380  396  415  422  431  429  432  431  433  432  430  422  412
  400  392  385  388  385  383  370  377  362                                   
    12.5-180.0 180.0   5.0 450.0                            LAT/LON1/LON2/DLON/H
  361  353  345  330  312  295  277  260  245  230  215  201  193  185  176  166
  158  155  160  170  186  197  205  203  190  169  143  124  104   90   78   64
   58   54   61   74   97  126  155  174  194  211  239  263  279  294  309  323
  337  349  365  380  397  407  415  420  422  427  426  432  430  434  425  419
  408  400  395  394  393  390  378  377  361                                   
    10.0-180.0 180.0   5.0 450.0                            LAT/LON1/LON2/DLON/H
  362  350  335  323  304  286  269  256  245  232  219  206  198  190  182  172
  162  160  163  172  184  191  194  190  175  150  130  112   98   86   74   64
   52   53   53   70   85  119  142  171  190  211  239  267  284  298  313  328
  342  357  370  385  397  410  416  425  429  436  436  437  436  436  431  426
  418  411  405  404  402  396  379  386  362                                   
     7.5-180.0 180.0   5.0 450.0                            LAT/LON1/LON2/DLON/H
  368  354  341  324  305  286  267  257  249  240  227  213  204  197  189  179
  169  164  163  167  174  179  178  172  152  132  109   95   83   73   68   57
