data/unet/pred1040.15i
     1.0            IONOSPHERE MAPS     GNSS                IONEX VERSION / TYPE
pyspatialgeodesy        IME             05-JAN-18 20:20     PGM / RUN BY / DATE 
Map Name                                                    COMMENT             
Predicted global ionosphere maps (GIM).                     DESCRIPTION         
  2015     4    14     0     0     0                        EPOCH OF FIRST MAP  
  2015     4    15     0     0     0                        EPOCH OF LAST MAP   
  7200                                                      INTERVAL            
    13                                                      # OF MAPS IN FILE   
  NONE                                                      MAPPING FUNCTION    
10.0                                                        ELEVATION CUTOFF    
One-way carrier phase leveled to code                       OBSERVABLES USED    
  6371.0                                                    BASE RADIUS         
 2                                                          MAP DIMENSION       
   450.0 450.0   0.0                                        HGT1 / HGT2 / DHGT  
    87.5 -87.5  -2.5                                        LAT1 / LAT2 / DLAT  
  -180.0 180.0   5.0                                        LON1 / LON2 / DLON  
    -1                                                      EXPONENT            
                                                            END OF HEADER       
     1                                                      START OF TEC MAP    
  2015     4    14     0     0     0                        EPOCH OF CURRENT MAP
    87.5-180.0 180.0   5.0 450.0                            LAT/LON1/LON2/DLON/H
  200  184  193  195  194  192  194  192  194  193  195  194  195  195  196  195
  194  193  193  190  189  186  184  180  178  175  173  170  168  166  165  163
  163  163  164  164  166  167  169  170  173  175  178  179  183  184  187  187
  189  191  192  193  194  195  195  195  196  196  196  195  196  195  195  193
  194  192  191  190  193  191  187  203  200                                   
    85.0-180.0 180.0   5.0 450.0                            LAT/LON1/LON2/DLON/H
  183  188  193  195  194  195  196  197  198  200  201  203  203  205  205  205
  204  204  202  201  198  196  193  190  186  183  179  176  172  170  168  166
  164  164  164  165  165  167  169  171  173  176  179  182  184  186  189  190
  192  194  195  196  196  197  198  199  198  199  198  198  197  198  196  196
  195  195  193  193  195  190  192  183  183                                   
    82.5-180.0 180.0   5.0 450.0                            LAT/LON1/LON2/DLON/H
  189  187  187  189  188  190  192  195  199  202  206  209  211  213  215  215
  215  214  213  210  207  203  200  195  190  185  181  175  171  166  164  159
  157  155  156  154  156  156  160  161  165  167  171  174  178  181  185  188
  191  193  195  196  198  199  201  200  201  201  201  200  200  198  198  196
  196  194  193  192  194  188  188  188  189                                   
    80.0-180.0 180.0   5.0 450.0                            LAT/LON1/LON2/DLON/H
  195  189  188  189  187  192  192  200  202  210  212  219  221  225  226  227
  226  226  223  222  217  214  208  204  196  191  184  179  170  166  159  156
  151  150  147  148  147  150  151  155  157  162  166  171  175  180  183  187
  189  192  194  197  198  199  200  201  201  201  201  201  199  199  197  197
  195  195  193  194  195  193  194  197  195                                   
    77.5-180.0 180.0   5.0 450.0                            LAT/LON1/LON2/DLON/H
  193  188  189  190  189  192  195  202  208  215  221  227  232  235  238  237
  237  235  234  230  226  221  216  211  204  196  188  181  173  166  160  154
  148  145  143  142  142  143  145  148  151  156  161  165  171  175  179  181
  185  186  190  191  193  195  197  197  198  197  198  197  196  195  194  194
  193  192  191  193  196  194  196  200  193                                   
    75.0-180.0 180.0   5.0 450.0                            LAT/LON1/LON2/DLON/H
  198  192  192  194  193  195  198  205  211  221  226  234  237  241  241  241
  238  236  233  231  226  223  217  213  206  199  191  184  175  168  161  155
  148  144  141  139  138  138  140  142  145  149  153  158  162  166  169  173
  175  178  180  182  184  186  188  190  191  191  192  191  191  191  190  190
  190  189  189  191  194  195  198  206  198                                   
    72.5-180.0 180.0   5.0 450.0                            LAT/LON1/LON2/DLON/H
  207  200  201  202  200  201  202  209  215  225  232  238  241  243  242  239
  235  231  229  225  223  219  216  210  206  198  192  184  176  168  161  154
  148  143  140  136  134  132  133  133  135  137  140  144  148  151  155  157
  160  161  164  166  170  172  176  178  181  183  185  185  186  186  187  185
  187  186  188  190  194  196  200  211  207                                   
    70.0-180.0 180.0   5.0 450.0                            LAT/LON1/LON2/DLON/H
  222  211  211  211  208  208  207  214  218  228  234  241  242  242  237  232
  225  220  215  213  210  209  206  204  199  194  186  181  173  167  160  155
  147  143  138  134  130  128  126  126  125  127  128  131  134  137  140  142
  144  147  150  153  157  160  165  168  173  175  179  180  183  183  184  183
  184  184  186  189  195  198  206  220  222                                   
    67.5-180.0 180.0   5.0 450.0                            LAT/LON1/LON2/DLON/H
  241  225  224  221  217  214  214  218  223  231  237  243  242  239  232  223
  214  207  203  200  199  198  197  194  191  185  180  174  168  163  158  152
  146  141  136  130  125  121  119  116  115  114  115  116  118  121  124  127
  129  133  136  142  145  151  156  162  167  172  177  180  183  184  185  183
  184  183  186  190  197  203  211  225  241                                   
    65.0-180.0 180.0   5.0 450.0                            LAT/LON1/LON2/DLON/H
  257  237  235  229  222  219  217  221  224  234  238  244  240  236  225  215
  203  196  191  190  187  189  186  185  179  176  170  166  160  157  153  149
  143  139  131  126  119  116  111  109  106  106  105  106  107  110  112  115
  118  122  128  134  141  147  155  161  170  176  182  186  190  190  191  188
  187  185  187  191  199  207  216  232  257                                   
    62.5-180.0 180.0   5.0 450.0                            LAT/LON1/LON2/DLON/H
  268  247  244  236  227  221  219  221  225  232  238  241  238  232  221  209
  198  191  186  185  183  182  179  175  171  165  161  156  153  150  149  145
  140  134  128  120  114  109  106  102  100   98   98   98   98  100  101  104
  105  111  117  125  132  142  150  161  171  180  188  193  198  198  199  194
  193  189  190  192  202  209  219  235  268                                   
    60.0-180.0 180.0   5.0 450.0                            LAT/LON1/LON2/DLON/H
  277  255  253  242  232  223  220  220  224  231  235  239  235  231  220  211
  200  195  190  189  185  183  176  171  163  158  153  150  148  148  146  144
  139  134  125  119  111  108  104  103  100  101   98   98   97   98   98   99
  100  105  112  120  130  140  152  164  177  186  196  203  208  209  208  204
  201  197  195  197  205  212  222  240  277                                   
    57.5-180.0 180.0   5.0 450.0                            LAT/LON1/LON2/DLON/H
  283  261  260  252  239  228  222  220  223  228  232  235  234  231  224  217
  211  206  201  199  193  187  177  169  160  155  150  148  149  149  150  146
  143  135  127  118  112  108  107  106  105  105  104  103  101  100   98   98
   97  100  107  115  125  138  150  165  179  191  203  210  217  220  220  216
  213  209  207  208  215  221  229  245  283                                   
    55.0-180.0 180.0   5.0 450.0                            LAT/LON1/LON2/DLON/H
  291  271  272  264  252  239  232  227  228  231  232  235  234  234  230  228
  224  223  218  214  204  196  182  173  162  158  153  155  154  159  157  155
  149  142  131  123  115  114  112  115  113  115  112  112  108  107  104  102
  101  103  109  116  128  140  155  170  185  197  210  218  227  232  234  233
  230  227  224  225  230  233  240  258  291                                   
    52.5-180.0 180.0   5.0 450.0                            LAT/LON1/LON2/DLON/H
  300  282  285  282  271  258  248  242  240  239  237  237  236  237  238  240
  240  238  234  226  216  204  189  178  169  165  164  165  168  169  169  164
  158  147  137  128  122  120  121  122  123  124  123  122  119  116  113  109
  107  108  112  119  130  143  158  174  189  202  215  226  237  245  250  253
  253  252  250  251  255  255  259  273  300                                   
    50.0-180.0 180.0   5.0 450.0                            LAT/LON1/LON2/DLON/H
  314  302  307  306  298  288  279  271  266  260  251  248  243  247  249  255
  254  254  247  239  226  212  197  188  179  177  175  179  179  182  178  174
  164  154  144  136  130  129  130  133  133  134  133  133  130  129  125  122
  119  119  121  126  137  149  165  179  195  207  221  231  244  256  265  273
  278  281  281  283  285  283  283  298  314                                   
    47.5-180.0 180.0   5.0 450.0                            LAT/LON1/LON2/DLON/H
  330  324  332  335  330  323  313  305  297  287  274  265  258  258  262  266
  269  265  258  246  233  218  207  199  194  191  191  192  192  189  186  178
  169  159  150  144  139  138  139  141  142  143  144  144  144  142  140  136
  133  130  130  134  143  156  172  187  204  216  229  241  256  268  282  294
  305  313  317  322  324  320  316  323  330                                   
    45.0-180.0 180.0   5.0 450.0                            LAT/LON1/LON2/DLON/H
  349  354  362  365  365  362  355  347  337  323  303  289  277  277  277  282
  280  276  265  255  240  229  218  212  207  205  203  202  197  193  184  177
  168  162  155  150  148  145  146  146  148  149  152  153  154  154  152  150
  145  141  140  143  151  164  180  196  213  225  239  252  268  284  300  316
  332  345  357  364  370  362  357  356  349                                   
    42.5-180.0 180.0   5.0 450.0                            LAT/LON1/LON2/DLON/H
  367  380  384  387  389  387  383  378  370  354  333  314  301  294  294  293
  291  282  273  261  250  240  233  226  221  216  212  206  199  189  181  173
  168  163  160  157  154  153  151  151  152  155  159  160  163  163  163  160
  155  151  148  150  159  172  191  207  226  238  255  267  286  302  321  339
  359  375  390  402  409  403  394  382  367                                   
    40.0-180.0 180.0   5.0 450.0                            LAT/LON1/LON2/DLON/H
  389  407  407  407  405  403  400  399  394  380  358  339  323  317  312  309
  303  294  283  276  265  259  248  241  231  222  214  205  195  184  175  171
  169  168  167  166  164  161  159  157  160  160  165  165  170  169  170  165
  162  155  152  151  160  174  194  212  232  249  269  287  309  327  348  366
  387  401  419  432  442  435  431  411  389                                   
    37.5-180.0 180.0   5.0 450.0                            LAT/LON1/LON2/DLON/H
  413  432  426  421  413  407  403  404  401  391  374  356  342  332  328  322
  316  306  297  291  284  277  266  253  240  225  215  205  196  186  180  177
  178  179  180  179  177  174  170  169  170  171  173  173  176  175  174  169
  163  155  150  149  158  172  195  214  237  254  279  300  328  350  373  391
  408  423  437  454  465  460  455  430  413                                   
    35.0-180.0 180.0   5.0 450.0                            LAT/LON1/LON2/DLON/H
  458  474  463  446  432  416  409  406  405  397  384  370  356  350  343  339
  332  326  320  316  307  298  281  264  244  229  218  212  205  202  198  199
  199  202  201  200  197  192  189  186  185  184  184  182  182  177  174  167
  160  151  145  144  151  166  188  211  236  257  282  312  345  374  402  420
  438  452  468  484  498  494  491  465  458                                   
    32.5-180.0 180.0   5.0 450.0                            LAT/LON1/LON2/DLON/H
  513  528  513  491  461  442  425  419  412  405  392  380  369  359  355  348
  343  339  338  335  327  314  293  270  250  236  230  229  230  231  232  232
  233  232  231  229  223  219  213  211  205  202  197  193  187  180  171  162
  153  143  137  135  141  153  175  198  227  250  277  308  347  380  410  431
  449  467  483  502  519  521  524  500  513                                   
    30.0-180.0 180.0   5.0 450.0                            LAT/LON1/LON2/DLON/H
  596  619  602  574  539  504  478  460  445  430  411  399  384  377  367  361
  354  354  353  353  342  327  301  278  259  252  253  263  273  282  284  285
  281  278  271  263  254  245  239  235  229  221  213  206  197  185  174  162
  152  141  133  129  133  143  164  188  218  248  278  313  352  385  417  440
  461  483  505  531  554  560  573  558  596                                   
    27.5-180.0 180.0   5.0 450.0                            LAT/LON1/LON2/DLON/H
  678  713  700  678  640  600  559  531  501  476  446  425  406  393  382  370
  363  358  358  354  344  326  304  286  276  279  291  311  328  341  342  341
  333  323  307  293  279  268  259  254  244  235  224  216  204  191  177  164
  153  140  132  125  130  139  161  186  212  242  275  312  349  382  411  437
  463  492  520  554  581  597  616  612  678                                   
    25.0-180.0 180.0   5.0 450.0                            LAT/LON1/LON2/DLON/H
  770  827  825  810  775  726  680  635  589  548  505  476  447  431  407  394
  376  372  362  357  342  328  309  303  304  322  344  374  392  407  406  399
  382  366  341  320  297  282  271  264  254  243  229  221  210  196  184  170
  161  148  137  129  128  136  158  184  212  246  277  317  351  385  416  443
  478  512  550  588  624  647  680  681  770                                   
    22.5-180.0 180.0   5.0 450.0                            LAT/LON1/LON2/DLON/H
  827  903  921  919  893  843  790  735  682  628  576  535  503  477  447  422
  399  382  367  351  337  322  314  320  337  367  400  430  448  455  450  431
  408  384  355  327  299  281  267  260  249  237  224  217  206  194  183  170
  163  150  144  133  133  135  158  185  215  250  279  318  347  380  411  445
  483  525  565  610  648  679  720  733  827                                   
    20.0-180.0 180.0   5.0 450.0                            LAT/LON1/LON2/DLON/H
  870  949  983  990  985  948  915  853  788  723  663  612  574  542  504  473
  435  413  383  362  340  329  327  346  375  416  444  470  480  479  466  443
  413  387  354  324  291  270  255  249  239  228  216  211  205  194  186  172
  166  156  147  137  132  140  159  187  219  259  288  327  355  385  417  454
  498  540  590  640  682  717  766  782  870                                   
    17.5-180.0 180.0   5.0 450.0                            LAT/LON1/LON2/DLON/H
  868  958 1004 1026 1034 1013  987  948  889  809  739  681  641  603  565  524
  484  447  411  378  353  340  345  373  406  438  462  474  472  457  438  411
  384  358  325  295  268  248  238  232  224  212  201  199  198  192  184  172
  169  158  152  139  138  144  168  197  233  269  295  332  361  392  422  461
  503  548  600  654  692  724  777  803  868                                   
    15.0-180.0 180.0   5.0 450.0                            LAT/LON1/LON2/DLON/H
  857  950 1004 1036 1061 1049 1041 1007  973  896  823  753  707  662  623  580
  534  496  450  415  381  371  377  404  426  449  459  454  437  410  390  367
  343  316  285  258  238  226  222  219  210  198  188  185  190  184  180  169
  166  157  149  142  138  149  173  208  245  281  309  342  374  404  439  473
  516  560  620  670  709  739  793  811  857                                   
    12.5-180.0 180.0   5.0 450.0                            LAT/LON1/LON2/DLON/H
  801  887  954  996 1031 1036 1039 1021  997  937  874  813  763  712  667  623
  578  533  489  445  412  397  402  416  426  431  426  402  369  340  320  302
  286  265  248  232  222  218  214  213  199  187  174  176  179  177  172  164
  161  153  146  136  134  140  169  206  246  280  309  346  382  422  453  488
  524  573  627  678  713  736  784  805  801                                   
    10.0-180.0 180.0   5.0 450.0                            LAT/LON1/LON2/DLON/H
  749  793  860  921  983  999 1019 1011 1001  949  902  849  805  752  702  656
  615  573  526  484  445  425  419  418  413  398  376  333  295  266  253  241
  240  232  226  220  219  217  216  209  198  183  170  168  173  169  164  151
  151  139  136  125  126  133  163  200  244  279  313  350  394  434  472  503
  541  587  642  685  721  742  792  795  749                                   
     7.5-180.0 180.0   5.0 450.0                            LAT/LON1/LON2/DLON/H
  687  713  748  800  857  893  924  933  932  907  884  852  820  773  725  679
  640  601  561  513  474  445  429  412  390  357  316  268  233  210  207  210
