data/unet/pred2580.15i
     1.0            IONOSPHERE MAPS     GNSS                IONEX VERSION / TYPE
pyspatialgeodesy        IME             05-JAN-18 20:20     PGM / RUN BY / DATE 
Map Name                                                    COMMENT             
Predicted global ionosphere maps (GIM).                     DESCRIPTION         
  2015     9    15     0     0     0                        EPOCH OF FIRST MAP  
  2015     9    16     0     0     0                        EPOCH OF LAST MAP   
  7200                                                      INTERVAL            
    13                                                      # OF MAPS IN FILE   
  NONE                                                      MAPPING FUNCTION    
10.0                                                        ELEVATION CUTOFF    
One-way carrier phase leveled to code                       OBSERVABLES USED    
  6371.0                                                    BASE RADIUS         
 2                                                          MAP DIMENSION       
   450.0 450.0   0.0                                        HGT1 / HGT2 / DHGT  
    87.5 -87.5  -2.5                                        LAT1 / LAT2 / DLAT  
  -180.0 180.0   5.0                                        LON1 / LON2 / DLON  
    -1                                                      EXPONENT            
                                                            END OF HEADER       
[from data line 2145]
     6                                                      START OF TEC MAP    
  2015     9    15    10     0     0                        EPOCH OF CURRENT MAP
    87.5-180.0 180.0   5.0 450.0                            LAT/LON1/LON2/DLON/H
   68   92   83   85   83   82   83   82   83   83   83   83   83   83   83   82
   82   82   81   80   80   80   80   79   79   78   78   77   77   77   77   76
   77   77   76   76   76   76   76   76   76   76   75   75   75   75   74   74
   74   74   73   74   74   74   73   73   73   73   72   73   73   74   73   74
   74   75   75   77   77   73   74   69   68                                   
    85.0-180.0 180.0   5.0 450.0                            LAT/LON1/LON2/DLON/H
   92   93  100   98   99   96   99   97   98   96   97   95   96   94   94   94
   94   93   93   93   94   95   94   95   95   96   96   97   96   97   97   97
   97   98   97   97   96   96   95   95   94   93   92   91   91   89   89   88
   88   86   86   84   85   82   83   80   82   79   82   79   82   80   83   82
   85   84   89   87   89   88   94   86   92                                   
    82.5-180.0 180.0   5.0 450.0                            LAT/LON1/LON2/DLON/H
   81   93   96   96   93   91   93   92   91   90   89   88   86   86   85   85
   84   85   84   86   86   88   88   89   89   91   91   92   92   93   94   94
   94   95   95   95   94   94   93   93   92   91   90   89   89   87   86   86
   85   83   82   81   79   77   76   75   74   72   72   72   72   72   73   73
   75   76   79   79   80   83   89   83   81                                   
    80.0-180.0 180.0   5.0 450.0                            LAT/LON1/LON2/DLON/H
   77   83   84   84   82   84   83   84   82   80   77   76   73   72   70   71
   68   70   69   72   71   74   74   77   77   80   81   83   84   86   87   89
   89   90   91   91   91   91   91   91   90   90   89   89   88   87   86   86
   84   81   80   78   75   72   70   68   66   63   63   62   62   60   61   61
   62   63   65   66   66   68   77   76   77                                   
    77.5-180.0 180.0   5.0 450.0                            LAT/LON1/LON2/DLON/H
   68   73   76   77   76   78   78   79   76   74   70   68   64   62   60   58
   58   58   59   60   62   64   67   69   71   73   75   77   79   80   81   84
   84   86   86   89   88   91   89   92   90   92   90   92   91   91   90   90
   87   86   83   82   78   75   71   68   65   62   60   58   57   56   55   55
   55   56   57   59   59   62   70   58   68                                   
    75.0-180.0 180.0   5.0 450.0                            LAT/LON1/LON2/DLON/H
   62   67   68   71   69   74   73   73   69   67   62   59   53   51   47   46
   44   46   47   51   52   56   58   61   63   66   69   71   73   75   77   79
   80   82   84   87   88   90   92   93   94   96   97   98   99   98   99   97
   96   94   92   88   84   80   77   71   69   64   63   59   58   55   55   53
   53   53   54   55   56   59   64   54   62                                   
    72.5-180.0 180.0   5.0 450.0                            LAT/LON1/LON2/DLON/H
   54   61   62   64   65   66   68   66   64   60   56   51   47   41   40   37
   38   38   43   45   49   51   56   58   62   62   66   67   70   72   74   76
   78   81   83   86   88   91   94   97   98  101  103  105  105  105  105  105
  103  102   99   96   91   87   82   78   74   70   68   65   62   60   57   56
   53   53   53   53   54   54   61   45   54                                   
    70.0-180.0 180.0   5.0 450.0                            LAT/LON1/LON2/DLON/H
   51   54   55   58   58   63   63   63   60   56   52   47   42   37   36   34
   35   37   41   44   49   52   56   58   60   62   63   65   67   69   72   75
   78   81   84   88   91   95   98  102  104  108  110  113  112  114  113  114
  111  110  107  105  100   97   91   88   83   80   76   74   71   68   65   63
   59   59   56   57   55   56   57   47   51                                   
    67.5-180.0 180.0   5.0 450.0                            LAT/LON1/LON2/DLON/H
   46   49   50   51   53   54   58   57   56   52   49   43   40   35   35   34
   36   38   43   47   52   54   58   59   61   61   63   63   66   66   70   73
   76   80   84   89   92   96  101  104  107  109  112  112  115  114  115  114
  112  111  109  106  102   99   94   91   87   84   82   79   76   73   70   68
   64   62   60   59   57   54   58   44   46                                   
    65.0-180.0 180.0   5.0 450.0                            LAT/LON1/LON2/DLON/H
   47   47   46   49   48   53   54   55   54   51   48   44   40   38   37   38
   40   43   47   52   54   58   60   62   61   62   62   63   63   65   68   73
   77   82   86   92   96  100  104  108  111  113  115  116  116  117  115  116
  112  113  110  110  105  105   99   99   93   93   89   88   84   82   79   77
   73   72   68   68   63   62   60   51   47                                   
    62.5-180.0 180.0   5.0 450.0                            LAT/LON1/LON2/DLON/H
   47   46   43   43   43   44   48   48   49   46   45   42   41   38   40   41
   44   47   51   54   56   59   60   60   61   59   60   60   62   63   67   71
   76   81   86   91   96  100  106  107  112  111  115  113  115  112  112  110
  110  109  109  109  106  105  100  100   96   95   93   91   89   86   83   81
   77   76   73   72   69   64   65   52   47                                   
    60.0-180.0 180.0   5.0 450.0                            LAT/LON1/LON2/DLON/H
   51   45   40   40   37   41   41   44   43   43   41   41   39   41   41   45
   47   51   51   56   55   58   57   59   57   59   58   60   61   63   67   73
   77   85   89   97  100  105  108  111  113  115  115  115  114  114  112  112
  111  113  112  115  112  112  108  108  105  104  101  101   98   95   91   89
   86   85   82   82   78   75   69   60   51                                   
    57.5-180.0 180.0   5.0 450.0                            LAT/LON1/LON2/DLON/H
   55   50   41   37   34   32   35   34   36   35   36   35   37   38   42   44
   47   49   51   52   52   52   53   53   54   55   57   58   61   62   68   72
   80   86   92   97  103  106  111  112  116  115  117  114  115  113  112  111
  113  115  117  120  119  119  115  115  110  110  107  107  102  101   96   93
   90   88   88   86   82   77   76   64   55                                   
    55.0-180.0 180.0   5.0 450.0                            LAT/LON1/LON2/DLON/H
   61   52   42   38   31   31   28   31   28   30   28   32   31   36   37   43
   43   47   45   48   45   47   46   51   50   55   56   60   62   67   70   78
   83   93   96  106  107  113  114  118  119  121  120  121  118  121  118  122
  121  125  127  131  130  130  126  126  120  120  115  116  111  111  105  103
   98   97   94   94   90   87   82   74   61                                   
    52.5-180.0 180.0   5.0 450.0                            LAT/LON1/LON2/DLON/H
   65   60   47   41   34   28   28   24   25   23   25   25   29   31   35   38
   40   40   40   40   40   40   42   46   50   53   58   60   65   68   75   80
   89   96  102  108  113  116  120  121  126  125  127  126  128  127  128  128
  131  134  137  140  140  139  136  133  129  128  124  125  121  119  113  109
  104  102  100   97   93   88   86   76   65                                   
    50.0-180.0 180.0   5.0 450.0                            LAT/LON1/LON2/DLON/H
   74   64   52   48   39   35   29   27   22   23   21   25   25   30   30   36
   35   38   35   38   36   40   41   48   52   59   62   69   71   78   80   90
   94  106  108  119  119  126  125  131  132  136  134  139  138  142  140  144
  144  148  148  152  151  151  146  144  137  137  133  135  131  131  125  123
  116  115  108  107  100   96   92   83   74                                   
    47.5-180.0 180.0   5.0 450.0                            LAT/LON1/LON2/DLON/H
   77   73   60   54   46   40   36   30   28   24   24   24   25   28   29   32
   32   34   33   34   34   38   42   49   55   62   67   72   76   81   86   93
  100  108  115  121  125  129  134  136  141  142  146  146  150  150  152  152
  153  154  155  156  157  155  153  148  145  143  143  143  143  141  138  132
  127  122  117  111  105   98   96   84   77                                   
    45.0-180.0 180.0   5.0 450.0                            LAT/LON1/LON2/DLON/H
   85   76   65   61   53   50   43   40   32   31   27   30   27   31   29   34
   31   35   34   38   37   43   47   56   61   70   73   82   83   90   92  102
  105  118  121  131  131  140  140  148  147  154  155  160  159  164  161  164
  160  161  157  159  156  157  152  152  147  148  147  152  152  152  149  147
  140  136  126  122  111  106  101   93   85                                   
    42.5-180.0 180.0   5.0 450.0                            LAT/LON1/LON2/DLON/H
   87   83   72   67   61   56   52   46   42   37   36   35   33   34   32   35
   34   37   36   40   41   46   51   60   66   75   79   85   88   92   96  102
  109  118  125  133  138  143  149  153  159  161  166  167  169  169  169  166
  164  159  157  155  156  153  152  150  150  151  154  158  160  160  160  156
  151  144  137  126  114  105  103   93   87                                   
    40.0-180.0 180.0   5.0 450.0                            LAT/LON1/LON2/DLON/H
   93   83   75   72   66   65   60   57   51   48   44   44   41   42   40   43
   40   44   43   48   48   54   57   66   72   81   85   92   94   99  101  109
  113  127  132  143  147  156  159  168  170  178  178  182  181  185  180  179
  171  167  161  159  158  158  156  157  157  160  163  168  170  171  169  167
  162  156  144  135  121  113  105   99   93                                   
    37.5-180.0 180.0   5.0 450.0                            LAT/LON1/LON2/DLON/H
   93   88   78   75   69   67   65   61   58   55   53   51   49   49   47   48
   47   50   50   52   53   57   60   68   74   83   88   94   97  101  104  109
  116  127  136  146  155  164  172  178  186  189  193  192  195  194  194  188
  185  176  173  168  169  169  170  171  173  176  180  183  186  183  181  176
  172  163  154  139  124  112  108  100   93                                   
    35.0-180.0 180.0   5.0 450.0                            LAT/LON1/LON2/DLON/H
   98   84   79   74   71   70   69   66   65   62   60   60   58   59   57   59
   57   59   57   59   58   60   62   69   75   84   91   98  102  106  109  117
  123  137  146  160  170  181  189  199  204  209  211  213  212  214  211  211
  203  201  194  192  190  191  190  190  192  195  198  202  199  198  191  187
  177  172  157  146  128  118  108  107   98                                   
    32.5-180.0 180.0   5.0 450.0                            LAT/LON1/LON2/DLON/H
   96   87   78   74   68   66   65   64   63   63   62   63   63   64   65   65
   64   64   61   61   59   60   61   66   72   81   90   97  104  108  113  119
  129  142  157  171  186  198  211  216  227  227  233  230  234  232  236  232
  233  228  228  224  225  224  224  223  224  226  227  224  221  213  206  195
  187  175  164  148  132  117  113  109   96                                   
    30.0-180.0 180.0   5.0 450.0                            LAT/LON1/LON2/DLON/H
  102   85   80   74   72   67   69   67   68   66   68   68   70   72   73   75
   72   71   66   63   59   60   59   64   70   80   92   99  109  113  119  127
  139  155  171  189  204  221  232  241  249  254  256  258  258  263  264  270
  268  273  269  273  270  271  269  266  266  265  265  260  249  238  222  214
  198  189  169  158  139  124  114  114  102                                   
    27.5-180.0 180.0   5.0 450.0                            LAT/LON1/LON2/DLON/H
  105   91   83   79   72   68   66   66   64   66   66   68   70   75   78   80
   77   74   68   64   59   58   58   62   69   78   91  100  111  116  125  130
  145  160  182  201  223  240  255  260  274  276  285  283  292  293  303  306
  314  317  324  324  328  325  323  315  312  306  301  290  277  260  244  227
  213  197  181  164  148  129  121  116  105                                   
    25.0-180.0 180.0   5.0 450.0                            LAT/LON1/LON2/DLON/H
  115   97   89   80   77   69   70   66   69   66   69   70   74   77   82   83
   80   75   68   63   58   58   57   62   69   79   95  103  118  126  135  143
  155  174  193  217  236  257  266  279  289  299  307  313  318  328  333  346
  352  367  375  387  387  387  379  371  362  356  345  330  310  288  267  251
  230  215  194  180  162  145  132  128  115                                   
    22.5-180.0 180.0   5.0 450.0                            LAT/LON1/LON2/DLON/H
  123  110  101   94   86   78   74   70   67   68   67   69   71   76   79   82
   78   73   66   60   57   55   58   61   71   79   95  104  122  128  142  150
  162  182  205  230  253  270  284  291  309  317  332  337  348  355  366  377
  393  409  426  438  442  436  426  409  400  387  377  359  339  314  290  271
  252  231  209  191  178  157  148  136  123                                   
    20.0-180.0 180.0   5.0 450.0                            LAT/LON1/LON2/DLON/H
  138  127  117  108  101   86   85   74   76   72   74   71   75   76   81   79
   77   69   63   57   54   55   57   65   73   84   98  109  128  139  153  164
  178  199  219  245  264  282  293  305  323  337  351  362  369  382  389  407
  422  446  461  478  478  473  459  442  430  421  410  394  373  347  321  297
  275  255  231  213  195  176  161  153  138                                   
    17.5-180.0 180.0   5.0 450.0                            LAT/LON1/LON2/DLON/H
  150  143  135  130  115  103   97   88   86   81   79   76   75   76   75   76
   71   65   59   54   54   54   61   62   76   83   99  109  130  141  158  173
  189  213  235  260  281  294  310  322  345  355  372  379  392  401  412  425
  445  462  483  489  494  484  472  454  443  434  427  413  395  370  344  317
  293  268  247  225  209  186  175  165  150                                   
    15.0-180.0 180.0   5.0 450.0                            LAT/LON1/LON2/DLON/H
  165  159  153  151  134  120  113  100  101   92   92   83   82   76   77   70
   68   57   53   49   52   54   60   66   75   85   99  113  133  149  169  188
  205  227  248  271  289  303  321  337  360  375  389  401  411  423  428  444
  456  473  486  495  496  488  476  463  456  451  445  435  419  392  367  338
  312  290  268  250  231  209  192  195  165                                   
    12.5-180.0 180.0   5.0 450.0                            LAT/LON1/LON2/DLON/H
  183  173  169  168  151  140  125  116  111  105  102   92   87   79   76   69
   63   54   51   47   53   51   63   62   77   83  102  114  135  152  176  196
  217  238  261  281  300  315  333  350  372  383  400  409  423  428  438  444
  459  462  479  476  485  474  466  456  453  449  445  436  421  400  374  349
  324  299  280  265  251  229  212  216  183                                   
    10.0-180.0 180.0   5.0 450.0                            LAT/LON1/LON2/DLON/H
  196  192  184  182  168  157  140  131  127  117  115  103   99   85   84   68
   65   51   49   47   53   54   61   64   75   84  103  120  141  161  186  210
  228  245  265  282  300  316  336  353  375  389  405  414  425  432  438  444
  451  455  464  466  469  462  457  453  453  453  448  440  425  403  379  355
  332  313  296  285  274  254  236  250  196                                   
     7.5-180.0 180.0   5.0 450.0                            LAT/LON1/LON2/DLON/H
  217  204  197  193  176  168  152  144  134  130  123  111  105   91   87   72
   67   54   53   46   55   48   62   59   78   85  108  122  145  165  192  215
