data/unet/pred3390.15i
     1.0            IONOSPHERE MAPS     GNSS                IONEX VERSION / TYPE
pyspatialgeodesy        IME             05-JAN-18 20:20     PGM / RUN BY / DATE 
Map Name                                                    COMMENT             
Predicted global ionosphere maps (GIM).                     DESCRIPTION         
  2015    12     5     0     0     0                        EPOCH OF FIRST MAP  
  2015    12     6     0     0     0                        EPOCH OF LAST MAP   
  7200                                                      INTERVAL            
    13                                                      # OF MAPS IN FILE   
  NONE                                                      MAPPING FUNCTION    
10.0                                                        ELEVATION CUTOFF    
One-way carrier phase leveled to code                       OBSERVABLES USED    
  6371.0                                                    BASE RADIUS         
 2                                                          MAP DIMENSION       
   450.0 450.0   0.0                                        HGT1 / HGT2 / DHGT  
    87.5 -87.5  -2.5                                        LAT1 / LAT2 / DLAT  
  -180.0 180.0   5.0                                        LON1 / LON2 / DLON  
    -1                                                      EXPONENT            
                                                            END OF HEADER       
[from data line 858]
     3                                                      START OF TEC MAP    
  2015    12     5     4     0     0                        EPOCH OF CURRENT MAP
    87.5-180.0 180.0   5.0 450.0                            LAT/LON1/LON2/DLON/H
   26   61   57   53   57   54   56   53   55   53   54   53   54   53   53   53
   52   52   52   52   52   51   51   51   51   50   51   50   51   51   52   51
   52   52   53   52   55   53   56   54   56   54   57   54   57   54   57   54
   57   54   57   54   57   54   57   53   58   53   58   52   59   52   59   52
   59   53   59   55   57   50   65   33   26                                   
    85.0-180.0 180.0   5.0 450.0                            LAT/LON1/LON2/DLON/H
   62   65   44   47   49   46   47   46   47   46   47   46   47   46   46   46
   45   45   44   44   44   43   43   42   43   41   43   42   44   43   45   44
   47   46   49   48   51   49   52   51   53   51   53   52   52   51   52   51
   51   50   50   49   49   48   49   48   49   48   49   48   49   48   50   49
   49   48   49   47   46   40   61   74   62                                   
    82.5-180.0 180.0   5.0 450.0                            LAT/LON1/LON2/DLON/H
   60   41   34   35   33   33   34   34   36   35   36   35   37   35   36   34
   35   32   33   30   31   28   29   26   28   25   27   25   28   26   30   28
   32   30   35   34   38   37   40   40   42   41   42   42   42   41   40   40
   39   37   37   36   36   35   35   35   35   34   36   35   36   36   37   37
   37   37   37   37   34   31   46   72   60                                   
    80.0-180.0 180.0   5.0 450.0                            LAT/LON1/LON2/DLON/H
   64   42   32   32   31   31   31   33   33   35   34   36   35   37   35   37
   34   35   32   32   29   28   25   25   23   23   22   24   23   25   26   29
   30   32   34   37   38   41   41   43   43   44   43   43   41   41   39   38
   36   35   34   34   32   33   32   34   34   35   36   38   38   40   40   42
   41   41   41   41   38   34   44   71   64                                   
    77.5-180.0 180.0   5.0 450.0                            LAT/LON1/LON2/DLON/H
   72   42   36   35   31   28   29   29   30   30   32   34   34   35   35   36
   34   33   31   30   27   25   23   22   20   19   19   19   20   21   23   25
   27   29   32   35   36   38   40   41   42   41   41   41   39   38   36   35
   33   32   32   31   30   31   32   34   34   36   37   40   41   44   45   47
   46   46   47   47   43   41   52   72   72                                   
    75.0-180.0 180.0   5.0 450.0                            LAT/LON1/LON2/DLON/H
   74   44   35   30   29   26   26   26   26   28   29   31   32   33   34   34
   33   31   31   28   26   23   22   19   19   17   19   17   19   19   22   23
   26   27   31   32   34   35   37   36   37   36   36   34   33   31   30   28
   27   26   27   27   27   29   31   33   36   38   42   45   46   50   51   52
   52   52   54   54   53   48   54   76   74                                   
    72.5-180.0 180.0   5.0 450.0                            LAT/LON1/LON2/DLON/H
   83   43   38   36   30   25   25   23   25   25   27   29   31   32   34   35
   34   33   31   29   27   24   24   21   21   19   21   20   22   21   24   24
   26   27   30   29   32   30   33   31   33   30   32   29   30   27   29   26
   27   25   28   28   30   32   35   39   42   46   50   53   55   59   60   61
   61   61   62   60   60   57   68   80   83                                   
    70.0-180.0 180.0   5.0 450.0                            LAT/LON1/LON2/DLON/H
   85   50   41   38   31   25   26   23   26   23   27   27   31   30   33   32
   34   31   33   28   30   26   29   25   28   24   29   25   29   26   30   27
   31   27   31   28   31   27   30   26   28   25   27   25   27   24   27   24
   28   26   32   32   37   39   47   49   56   58   65   65   69   69   72   70
   71   70   72   70   70   63   72   84   85                                   
    67.5-180.0 180.0   5.0 450.0                            LAT/LON1/LON2/DLON/H
   93   50   45   45   34   29   26   24   24   23   25   26   28   29   30   31
   31   30   30   29   29   28   30   29   31   30   32   31   33   31   32   31
   32   29   30   27   27   24   25   22   24   22   25   23   26   25   28   28
   31   32   37   40   46   52   58   63   69   72   78   80   82   83   83   82
   79   78   78   76   75   72   81   87   93                                   
    65.0-180.0 180.0   5.0 450.0                            LAT/LON1/LON2/DLON/H
   93   57   50   47   37   31   28   25   26   24   26   25   28   26   30   28
   31   28   32   29   33   30   35   33   38   35   40   36   39   34   36   32
   34   29   30   26   26   22   21   19   20   19   22   22   25   25   29   31
   35   38   45   50   60   66   76   80   88   90   96   95   97   95   96   92
   90   87   85   84   82   75   84   91   93                                   
    62.5-180.0 180.0   5.0 450.0                            LAT/LON1/LON2/DLON/H
  100   58   52   51   39   34   28   28   26   27   25   26   25   25   26   27
   28   28   29   29   30   31   33   35   37   37   39   38   38   35   34   32
   31   29   28   25   24   20   20   18   20   19   25   24   28   29   33   35
   41   46   54   63   74   83   91   97  104  107  111  112  113  109  106  102
   97   93   90   87   85   81   89   92  100                                   
    60.0-180.0 180.0   5.0 450.0                            LAT/LON1/LON2/DLON/H
  100   63   57   50   40   33   30   28   28   26   26   24   25   22   26   25
   29   27   30   27   32   28   33   32   37   35   38   35   36   31   31   28
   30   27   28   24   24   20   20   17   20   20   26   26   30   32   36   40
   48   54   66   76   90   96  107  111  118  120  124  124  125  121  117  113
  107  101   97   94   90   83   91   94  100                                   
    57.5-180.0 180.0   5.0 450.0                            LAT/LON1/LON2/DLON/H
  108   67   61   56   42   36   30   31   28   29   25   24   23   22   24   25
   28   28   30   28   28   27   28   29   33   32   34   31   30   27   26   24
   26   25   27   24   25   21   22   20   24   24   31   30   35   35   42   44
   54   62   76   88  100  109  118  122  128  131  134  135  135  133  129  124
  119  112  106   99   97   92   98   97  108                                   
    55.0-180.0 180.0   5.0 450.0                            LAT/LON1/LON2/DLON/H
  112   78   70   61   49   40   35   33   32   29   27   24   24   21   25   25
   30   28   31   26   27   23   26   25   30   28   31   27   27   22   23   22
   26   26   30   28   30   26   28   25   30   30   36   35   39   40   47   51
   62   72   89   98  112  119  129  131  136  138  141  142  144  143  142  137
  132  127  121  114  107   99  106  105  112                                   
    52.5-180.0 180.0   5.0 450.0                            LAT/LON1/LON2/DLON/H
  126   92   82   73   59   50   40   39   34   33   29   26   24   24   26   27
   31   31   31   27   25   22   24   24   29   29   31   26   25   21   22   22
   27   29   35   35   38   35   36   35   39   39   43   42   45   47   54   59
   71   84   99  111  122  130  137  139  143  145  147  149  151  154  154  151
  145  140  134  126  120  114  118  114  126                                   
    50.0-180.0 180.0   5.0 450.0                            LAT/LON1/LON2/DLON/H
  136  109   96   86   73   61   53   47   42   37   33   29   28   25   29   28
   34   31   31   25   25   20   24   24   32   32   35   30   31   25   27   26
   34   36   44   44   49   45   47   44   48   47   51   49   54   55   62   69
   83   96  112  121  134  138  145  146  149  151  153  155  159  161  164  161
  157  152  147  140  132  124  128  124  136                                   
    47.5-180.0 180.0   5.0 450.0                            LAT/LON1/LON2/DLON/H
  150  124  114  104   89   76   65   59   51   46   40   35   32   31   32   33
   35   34   32   27   25   24   28   31   38   40   42   39   37   33   33   34
   40   44   53   55   59   56   57   54   57   56   59   58   61   64   73   81
   95  110  122  134  144  148  154  155  157  157  159  161  164  167  169  169
  162  158  153  146  140  137  135  132  150                                   
    45.0-180.0 180.0   5.0 450.0                            LAT/LON1/LON2/DLON/H
  156  135  125  116  104   90   80   70   62   54   49   43   41   37   38   36
   38   34   35   29   31   30   37   41   49   51   55   52   51   45   46   43
   51   54   64   65   69   66   66   63   65   64   67   66   71   74   84   94
  110  124  137  144  151  156  159  161  162  163  164  165  167  168  170  165
  161  156  153  147  139  134  138  135  156                                   
    42.5-180.0 180.0   5.0 450.0                            LAT/LON1/LON2/DLON/H
  159  139  133  127  114  102   91   81   72   65   59   54   49   46   43   42
   40   39   39   37   39   41   49   54   61   65   65   64   60   57   54   53
   57   62   70   73   75   73   72   68   70   70   73   74   78   84   94  107
  122  135  144  150  156  159  163  164  167  167  167  167  167  166  163  159
  152  149  144  138  132  129  132  132  159                                   
    40.0-180.0 180.0   5.0 450.0                            LAT/LON1/LON2/DLON/H
  151  131  126  123  116  106   97   88   80   72   68   63   61   56   53   49
   47   46   48   48   53   57   65   70   76   77   77   73   72   66   65   60
   65   68   75   77   80   77   75   72   74   75   80   82   88   94  107  119
  133  145  151  156  161  165  167  170  172  173  173  171  171  165  160  151
  146  141  138  132  122  114  123  122  151                                   
    37.5-180.0 180.0   5.0 450.0                            LAT/LON1/LON2/DLON/H
  138  115  113  113  107  103   96   91   84   79   75   73   71   68   64   60
   57   58   60   65   69   75   79   83   84   85   81   79   74   71   67   66
   67   70   77   78   80   77   75   72   76   78   85   89   95  104  114  130
  142  150  155  158  164  166  171  174  177  178  179  178  176  169  162  152
  145  141  136  130  120  112  113  115  138                                   
    35.0-180.0 180.0   5.0 450.0                            LAT/LON1/LON2/DLON/H
  127  102   95   94   93   92   90   87   83   80   80   80   81   79   76   73
   71   73   77   82   87   91   94   93   91   88   83   79   76   72   72   68
   70   73   77   79   78   77   73   73   77   83   91   95  105  112  125  138
  149  156  160  163  168  173  176  181  185  188  190  188  188  181  175  164
  157  152  149  142  128  112  113  112  127                                   
    32.5-180.0 180.0   5.0 450.0                            LAT/LON1/LON2/DLON/H
  125   93   81   78   74   77   76   78   76   77   79   82   85   86   85   82
   82   86   91   98  101  104  101   98   91   86   80   76   74   74   72   70
   72   72   78   77   77   74   73   72   80   85   95  100  108  119  131  145
  154  160  165  168  174  178  184  188  197  199  205  204  206  201  198  189
  186  180  176  170  155  139  126  124  125                                   
    30.0-180.0 180.0   5.0 450.0                            LAT/LON1/LON2/DLON/H
  130   93   77   67   62   63   66   67   68   70   75   81   87   90   91   92
   93   97  103  108  111  111  106   98   90   83   78   74   75   76   76   75
   76   77   78   80   75   75   71   74   79   88   97  104  113  123  137  149
  160  166  172  177  185  193  198  207  214  221  227  231  236  231  233  225
  224  217  214  204  191  168  150  141  130                                   
    27.5-180.0 180.0   5.0 450.0                            LAT/LON1/LON2/DLON/H
  154  115   94   78   63   62   58   61   59   64   68   76   82   89   93   95
   98  103  108  113  113  111  102   94   87   81   78   77   78   80   81   80
   78   79   79   79   76   74   73   74   82   89   99  106  117  130  143  156
  168  174  182  189  200  209  221  229  239  246  254  261  267  270  275  270
  271  264  263  257  241  218  195  178  154                                   
    25.0-180.0 180.0   5.0 450.0                            LAT/LON1/LON2/DLON/H
  178  141  119   98   78   67   60   56   54   57   62   69   77   84   90   94
   98  101  106  107  106  100   94   86   83   80   81   82   86   87   89   86
   83   82   81   81   75   75   70   74   79   88   96  105  118  131  147  161
  173  181  192  203  216  232  244  257  266  278  285  294  300  307  318  317
  322  315  318  307  301  265  238  214  178                                   
    22.5-180.0 180.0   5.0 450.0                            LAT/LON1/LON2/DLON/H
  219  183  161  136  110   97   81   74   63   64   61   66   70   78   83   88
   91   94   95   95   91   87   82   81   83   86   90   93   98   98   98   94
   89   86   83   81   77   72   71   72   80   85   95  103  120  137  157  170
  187  195  211  224  244  261  275  286  297  307  317  328  336  347  361  361
  367  361  362  355  350  320  286  264  219                                   
    20.0-180.0 180.0   5.0 450.0                            LAT/LON1/LON2/DLON/H
  264  218  204  167  141  118  105   92   80   73   67   69   70   75   79   83
   83   83   83   81   78   75   75   80   87   96  103  107  110  107  106   99
   94   89   85   81   76   73   68   70   76   81   90   99  119  141  161  182
  197  212  228  247  269  285  295  306  318  331  342  355  362  379  392  396
  404  396  401  393  394  371  333  311  264                                   
    17.5-180.0 180.0   5.0 450.0                            LAT/LON1/LON2/DLON/H
  313  275  252  225  189  169  144  128  112  102   89   85   79   81   81   81
   78   74   72   69   66   68   75   86   98  111  121  123  122  117  111  105
   95   91   84   81   76   70   70   69   75   78   87   97  124  148  178  195
  217  231  255  276  299  311  317  327  342  357  368  380  389  403  422  422
  425  413  417  412  414  414  370  359  313                                   
    15.0-180.0 180.0   5.0 450.0                            LAT/LON1/LON2/DLON/H
  349  325  307  264  230  203  180  155  138  127  115  109  100   98   94   90
   82   76   69   68   68   75   85   98  114  129  141  140  137  124  117  104
   96   89   83   79   74   70   68   68   71   73   84   97  125  156  184  206
  230  250  275  294  313  321  330  338  357  371  382  394  402  416  431  430
  429  416  416  414  416  429  396  389  349                                   
    12.5-180.0 180.0   5.0 450.0                            LAT/LON1/LON2/DLON/H
  378  368  357  327  285  258  230  207  184  167  149  141  128  125  115  109
   97   87   80   78   80   89  100  117  134  149  156  153  143  127  115  103
   92   88   82   77   76   70   72   70   72   75   86  103  137  168  199  219
  248  268  294  311  326  333  340  350  365  377  387  397  406  419  430  424
  417  404  403  398  404  427  403  406  378                                   
    10.0-180.0 180.0   5.0 450.0                            LAT/LON1/LON2/DLON/H
  395  401  396  377  343  311  271  246  227  210  192  177  168  159  149  138
  123  113  105  104  107  114  126  139  158  166  170  159  147  128  115  100
   91   85   81   77   75   70   72   70   73   74   89  108  144  175  204  226
  254  274  299  313  329  335  344  354  370  380  388  394  401  409  417  412
  406  392  388  381  385  407  398  405  395                                   
     7.5-180.0 180.0   5.0 450.0                            LAT/LON1/LON2/DLON/H
  404  419  420  407  384  356  317  290  270  252  235  223  209  203  189  177
  158  146  138  136  140  145  156  167  178  181  178  163  146  127  112  101
