data/unet/pred1700.15i
     1.0            IONOSPHERE MAPS     GNSS                IONEX VERSION / TYPE
pyspatialgeodesy        IME             05-JAN-18 20:20     PGM / RUN BY / DATE 
Map Name                                                    COMMENT             
Predicted global ionosphere maps (GIM).                     DESCRIPTION         
  2015     6    19     0     0     0                        EPOCH OF FIRST MAP  
  2015     6    20     0     0     0                        EPOCH OF LAST MAP   
  7200                                                      INTERVAL            
    13                                                      # OF MAPS IN FILE   
  NONE                                                      MAPPING FUNCTION    
10.0                                                        ELEVATION CUTOFF    
One-way carrier phase leveled to code                       OBSERVABLES USED    
  6371.0                                                    BASE RADIUS         
 2                                                          MAP DIMENSION       
   450.0 450.0   0.0                                        HGT1 / HGT2 / DHGT  
    87.5 -87.5  -2.5                                        LAT1 / LAT2 / DLAT  
  -180.0 180.0   5.0                                        LON1 / LON2 / DLON  
    -1                                                      EXPONENT            
                                                            END OF HEADER       
[from data line 3003]
     8                                                      START OF TEC MAP    
  2015     6    19    14     0     0                        EPOCH OF CURRENT MAP
    87.5-180.0 180.0   5.0 450.0                            LAT/LON1/LON2/DLON/H
  173  188  195  195  196  194  194  193  193  192  190  190  189  189  188  187
  187  186  186  186  187  186  186  185  186  185  185  183  184  183  183  182
  183  182  183  182  183  181  181  179  180  178  179  177  178  177  178  178
  179  179  180  180  181  181  182  182  183  183  183  184  184  185  185  186
  187  189  190  190  187  186  199  172  173                                   
    85.0-180.0 180.0   5.0 450.0                            LAT/LON1/LON2/DLON/H
  183  183  184  186  186  187  185  185  184  185  183  184  183  182  182  181
  182  180  181  180  181  180  180  179  179  179  177  177  176  176  175  175
  173  174  173  172  170  170  168  167  165  166  164  166  164  167  165  169
  167  171  170  173  172  175  174  175  175  176  175  176  175  176  174  176
  176  178  179  179  180  178  181  180  183                                   
    82.5-180.0 180.0   5.0 450.0                            LAT/LON1/LON2/DLON/H
  188  176  179  182  181  181  181  180  181  180  181  180  181  179  180  179
  179  178  178  178  179  179  179  178  179  178  177  176  176  174  173  171
  170  169  167  166  164  163  161  159  157  158  157  158  157  160  160  163
  163  167  167  171  169  173  171  174  171  173  171  172  170  171  168  170
  169  172  171  174  174  172  178  168  188                                   
    80.0-180.0 180.0   5.0 450.0                            LAT/LON1/LON2/DLON/H
  176  166  167  171  169  170  169  170  170  171  171  172  172  172  172  173
  173  174  173  175  174  176  174  176  174  176  173  174  171  172  168  168
  165  165  161  160  157  156  152  152  149  150  148  151  151  154  156  159
  161  165  166  170  169  172  171  173  171  172  169  171  168  169  165  167
  164  167  164  167  165  165  157  159  176                                   
    77.5-180.0 180.0   5.0 450.0                            LAT/LON1/LON2/DLON/H
  165  152  156  161  159  161  160  161  160  161  161  162  161  162  162  164
  164  165  165  167  167  169  168  171  170  172  171  173  171  172  170  169
  167  165  162  160  157  155  151  151  147  149  148  151  150  155  156  162
  163  168  168  173  171  174  172  174  170  171  168  168  165  165  161  162
  158  160  156  157  153  154  150  144  165                                   
    75.0-180.0 180.0   5.0 450.0                            LAT/LON1/LON2/DLON/H
  157  146  149  153  152  153  152  153  153  154  154  155  156  156  157  157
  158  158  160  160  162  163  165  166  168  170  171  171  173  173  173  172
  171  169  167  164  161  159  155  153  150  151  151  153  154  158  161  165
  167  170  172  173  174  174  173  172  170  169  167  165  162  161  158  157
  154  153  152  149  149  146  139  140  157                                   
    72.5-180.0 180.0   5.0 450.0                            LAT/LON1/LON2/DLON/H
  152  142  146  150  149  150  150  150  149  150  150  150  149  149  150  150
  151  153  153  155  156  158  159  162  163  167  169  173  174  177  178  178
  177  175  173  171  167  165  162  161  157  159  158  161  161  166  167  172
  171  176  175  179  176  178  175  175  171  170  166  166  161  160  155  155
  151  151  148  147  144  141  139  135  152                                   
    70.0-180.0 180.0   5.0 450.0                            LAT/LON1/LON2/DLON/H
  148  139  144  147  149  148  149  148  149  148  149  147  148  146  149  148
  150  149  152  151  153  152  155  155  160  161  167  169  175  176  180  179
  180  178  178  174  173  170  168  167  165  166  167  168  169  172  173  175
  175  177  177  178  176  176  175  174  172  170  168  167  164  161  159  156
  154  151  150  145  145  139  135  137  148                                   
    67.5-180.0 180.0   5.0 450.0                            LAT/LON1/LON2/DLON/H
  148  143  146  150  149  151  152  153  152  152  152  150  150  147  148  147
  149  149  150  150  151  150  152  153  156  158  163  168  174  178  181  183
  184  184  183  182  179  178  176  175  173  175  175  178  177  180  179  181
  178  179  177  178  176  176  175  175  174  173  172  172  169  166  164  161
  157  154  151  147  145  141  140  136  148                                   
    65.0-180.0 180.0   5.0 450.0                            LAT/LON1/LON2/DLON/H
  148  141  146  149  151  152  154  155  155  156  156  154  154  152  152  151
  152  151  152  151  151  149  152  151  156  156  163  166  173  177  182  183
  186  185  187  185  185  183  182  181  181  182  183  184  184  184  183  181
  179  178  178  176  176  176  177  178  178  179  178  179  177  175  172  168
  164  159  156  149  148  142  138  142  148                                   
    62.5-180.0 180.0   5.0 450.0                            LAT/LON1/LON2/DLON/H
  148  144  146  152  152  155  157  159  159  161  161  160  158  156  156  154
  154  153  153  151  151  150  151  151  154  157  162  166  173  178  183  186
  188  190  191  191  190  189  188  187  187  189  191  192  191  190  185  183
  179  179  177  178  177  180  182  186  186  188  189  190  189  186  183  177
  171  164  160  153  148  143  143  141  148                                   
    60.0-180.0 180.0   5.0 450.0                            LAT/LON1/LON2/DLON/H
  143  139  142  146  151  152  155  158  160  162  162  162  161  160  159  159
  157  157  154  154  151  153  152  155  156  161  165  170  175  181  186  189
  192  193  196  195  196  193  193  192  193  194  196  197  196  193  188  183
  179  176  177  177  179  181  186  190  193  196  197  199  198  194  190  183
  177  169  163  155  149  141  137  143  143                                   
    57.5-180.0 180.0   5.0 450.0                            LAT/LON1/LON2/DLON/H
  138  136  135  142  143  148  151  155  156  160  160  162  160  161  161  161
  160  159  157  157  155  155  156  158  162  165  171  176  182  188  192  197
  198  203  203  204  203  201  201  199  200  202  204  205  201  198  192  186
  180  179  178  181  182  188  192  198  202  205  207  207  206  202  197  189
  181  172  165  156  148  140  138  138  138                                   
    55.0-180.0 180.0   5.0 450.0                            LAT/LON1/LON2/DLON/H
  131  127  127  131  137  138  143  146  150  154  156  158  158  161  161  164
  160  164  158  161  155  160  157  164  165  173  177  185  188  194  197  202
  206  209  213  211  213  209  209  206  208  210  212  211  208  201  196  186
  181  177  179  179  183  187  193  198  203  207  208  208  206  202  196  186
  177  167  159  150  143  135  130  134  131                                   
    52.5-180.0 180.0   5.0 450.0                            LAT/LON1/LON2/DLON/H
  126  121  118  123  125  132  134  141  142  150  150  155  154  159  159  164
  164  164  164  162  162  162  164  168  174  180  187  193  198  203  209  213
  218  222  227  227  226  224  222  220  219  222  222  222  217  211  204  194
  188  185  185  189  189  197  197  205  205  210  208  208  205  201  193  185
  173  165  156  149  142  132  129  127  126                                   
    50.0-180.0 180.0   5.0 450.0                            LAT/LON1/LON2/DLON/H
  122  113  111  114  119  121  128  132  137  142  145  149  150  155  158  165
  164  170  165  170  163  168  165  175  176  188  192  201  204  211  215  221
  227  233  240  240  243  238  238  234  234  235  236  232  229  221  215  203
  197  192  192  192  192  198  197  202  203  206  205  205  201  198  191  182
  171  163  154  148  140  131  125  123  122                                   
    47.5-180.0 180.0   5.0 450.0                            LAT/LON1/LON2/DLON/H
  121  113  108  109  111  118  120  129  130  139  140  148  146  155  156  166
  167  170  172  170  171  169  174  178  186  195  203  209  216  221  229  234
  242  250  258  262  264  263  259  256  252  254  251  248  242  235  227  216
  210  205  203  202  199  202  199  202  200  204  201  202  197  195  188  182
  171  163  154  148  142  132  128  122  121                                   
    45.0-180.0 180.0   5.0 450.0                            LAT/LON1/LON2/DLON/H
  124  112  108  108  111  117  120  127  132  138  142  148  150  156  159  167
  170  177  174  179  174  179  177  186  191  201  208  216  221  229  235  243
  252  261  273  277  284  282  280  274  268  267  263  259  253  244  237  226
  220  216  211  208  204  204  200  200  198  198  197  197  194  193  190  183
  175  165  158  151  144  134  129  123  124                                   
    42.5-180.0 180.0   5.0 450.0                            LAT/LON1/LON2/DLON/H
  129  119  110  110  112  118  121  130  133  143  145  154  155  164  165  176
  178  185  184  185  184  184  187  192  201  208  218  225  234  241  251  260
  270  281  292  303  309  312  306  301  291  288  281  277  267  259  248  238
  230  225  220  214  208  205  199  199  193  196  192  195  192  195  191  188
  179  172  164  157  150  140  138  129  129                                   
    40.0-180.0 180.0   5.0 450.0                            LAT/LON1/LON2/DLON/H
  135  123  117  113  117  120  124  131  137  146  153  162  165  173  176  185
  189  196  193  199  193  198  195  204  208  217  224  235  242  253  261  273
  285  297  312  324  334  335  328  322  310  307  297  295  282  275  263  254
  243  237  228  219  213  207  203  200  198  198  196  199  199  202  200  196
  190  181  175  165  159  149  142  136  135                                   
    37.5-180.0 180.0   5.0 450.0                            LAT/LON1/LON2/DLON/H
  140  131  121  118  118  121  125  134  139  152  159  172  176  187  188  199
  200  209  207  213  208  210  210  215  220  228  238  247  257  267  278  290
  302  318  335  351  362  366  358  352  340  334  322  317  306  297  285  274
  262  252  241  229  221  214  209  208  206  207  204  207  206  210  209  208
  201  194  184  176  167  155  152  143  140                                   
    35.0-180.0 180.0   5.0 450.0                            LAT/LON1/LON2/DLON/H
  144  133  127  123  123  123  127  134  142  154  164  179  185  198  201  210
  213  221  220  227  220  226  221  231  230  242  247  259  266  281  292  307
  320  337  353  371  386  395  392  390  377  370  351  345  328  319  303  292
  276  264  251  238  225  217  211  209  209  211  212  215  217  219  219  217
  212  204  196  185  177  164  155  152  144                                   
    32.5-180.0 180.0   5.0 450.0                            LAT/LON1/LON2/DLON/H
  149  141  128  124  120  122  124  134  140  155  166  185  194  208  212  219
  223  232  231  239  235  242  237  246  245  257  263  274  285  297  310  322
  337  354  371  394  411  427  427  429  417  408  388  375  356  343  325  315
  296  288  268  259  241  234  222  222  215  220  217  223  223  226  223  223
  217  211  200  192  181  168  166  157  149                                   
    30.0-180.0 180.0   5.0 450.0                            LAT/LON1/LON2/DLON/H
  154  146  134  129  124  123  124  131  139  152  163  182  194  212  218  230
  234  245  244  253  248  255  250  259  258  268  274  287  296  310  321  336
  355  375  396  418  440  455  462  464  456  449  426  413  388  375  353  341
  321  311  294  285  269  259  241  231  217  214  214  218  223  225  226  224
  221  214  205  195  186  175  168  167  154                                   
    27.5-180.0 180.0   5.0 450.0                            LAT/LON1/LON2/DLON/H
  158  154  141  134  126  124  122  130  133  148  155  177  190  211  222  236
  243  253  256  261  259  264  260  267  268  277  285  296  309  323  336  355
  374  398  416  441  458  475  479  483  476  470  451  438  418  404  382  370
  348  343  329  323  309  292  273  256  229  217  208  213  216  221  220  221
  217  213  203  196  187  177  177  169  158                                   
    25.0-180.0 180.0   5.0 450.0                            LAT/LON1/LON2/DLON/H
  158  158  146  143  135  131  129  132  133  143  149  165  181  203  217  239
  246  262  263  270  267  269  267  268  274  279  290  304  319  335  351  373
  396  416  435  454  473  488  490  492  486  483  469  461  444  434  416  404
  385  380  362  345  315  287  262  249  233  215  196  193  199  203  208  208
  208  204  198  193  186  179  176  171  158                                   
    22.5-180.0 180.0   5.0 450.0                            LAT/LON1/LON2/DLON/H
  152  165  154  148  142  138  133  137  134  139  140  158  170  197  214  238
  254  269  274  282  279  278  273  274  277  285  294  314  330  354  369  397
  415  437  443  462  470  484  480  483  479  478  471  467  457  453  436  427
  408  397  380  349  321  282  262  237  227  204  186  177  176  183  191  195
  195  195  188  185  180  176  178  166  152                                   
    20.0-180.0 180.0   5.0 450.0                            LAT/LON1/LON2/DLON/H
  147  167  158  158  152  149  143  143  140  139  140  148  162  186  207  233
  251  272  283  291  290  284  279  277  284  289  300  325  343  372  390  416
  433  447  452  460  467  469  468  461  467  463  466  464  462  458  445  436
  418  404  380  359  320  286  256  234  211  190  175  161  157  162  173  178
  182  182  178  177  174  172  171  165  147                                   
    17.5-180.0 180.0   5.0 450.0                            LAT/LON1/LON2/DLON/H
  144  170  162  162  162  161  153  149  143  141  137  146  157  180  203  230
  252  274  290  300  301  297  288  288  291  301  313  342  365  398  416  441
  450  461  458  465  459  462  453  457  457  462  465  466  465  462  450  437
  417  397  372  348  321  280  259  226  199  179  168  153  147  149  159  166
  170  171  169  165  165  163  165  156  144                                   
    15.0-180.0 180.0   5.0 450.0                            LAT/LON1/LON2/DLON/H
  149  165  160  159  162  164  160  155  148  142  140  147  158  176  197  223
  247  271  292  303  312  309  304  301  302  313  325  357  383  417  436  455
  463  466  463  458  451  447  443  448  453  459  463  464  464  461  449  437
  414  390  360  334  301  270  237  213  189  181  163  152  144  146  152  160
  163  166  160  158  153  154  152  150  149                                   
    12.5-180.0 180.0   5.0 450.0                            LAT/LON1/LON2/DLON/H
  142  157  152  157  160  162  157  151  144  140  136  146  156  176  190  219
  241  270  288  304  310  317  315  319  318  333  347  382  411  441  455  467
  470  471  463  458  447  448  443  453  454  463  463  466  462  456  444  429
  402  374  346  320  290  261  232  208  195  182  171  160  154  155  158  163
  167  164  158  148  143  139  139  133  142                                   
    10.0-180.0 180.0   5.0 450.0                            LAT/LON1/LON2/DLON/H
  140  144  137  140  141  144  141  138  133  128  132  140  154  174  189  215
  239  265  285  297  310  319  325  331  335  347  362  395  429  450  465  467
  472  465  459  449  445  445  443  457  457  464  459  460  454  446  434  420
  397  367  339  315  281  257  228  212  197  193  179  176  164  166  165  170
  171  168  156  145  133  130  123  119  140                                   
     7.5-180.0 180.0   5.0 450.0                            LAT/LON1/LON2/DLON/H
  123  134  126  124  121  124  120  119  115  117  122  135  151  172  183  210
  229  261  278  296  304  323  327  347  352  368  384  415  446  462  472  471
