data/unet/pred1530.15i
     1.0            IONOSPHERE MAPS     GNSS                IONEX VERSION / TYPE
pyspatialgeodesy        IME             05-JAN-18 20:20     PGM / RUN BY / DATE 
Map Name                                                    COMMENT             
Predicted global ionosphere maps (GIM).                     DESCRIPTION         
  2015     6     2     0     0     0                        EPOCH OF FIRST MAP  
  2015     6     3     0     0     0                        EPOCH OF LAST MAP   
  7200                                                      INTERVAL            
    13                                                      # OF MAPS IN FILE   
  NONE                                                      MAPPING FUNCTION    
10.0                                                        ELEVATION CUTOFF    
One-way carrier phase leveled to code                       OBSERVABLES USED    
  6371.0                                                    BASE RADIUS         
 2                                                          MAP DIMENSION       
   450.0 450.0   0.0                                        HGT1 / HGT2 / DHGT  
    87.5 -87.5  -2.5                                        LAT1 / LAT2 / DLAT  
  -180.0 180.0   5.0                                        LON1 / LON2 / DLON  
    -1                                                      EXPONENT            
                                                            END OF HEADER       
[from data line 4719]
    12                                                      START OF TEC MAP    
  2015     6     2    22     0     0                        EPOCH OF CURRENT MAP
    87.5-180.0 180.0   5.0 450.0                            LAT/LON1/LON2/DLON/H
  203  170  160  162  161  160  160  160  159  159  158  157  157  157  156  155
  155  155  155  154  154  153  153  151  150  149  148  146  145  144  143  142
  141  140  140  139  140  139  139  139  139  139  140  141  142  142  144  144
  145  146  147  148  149  150  151  151  152  153  154  154  155  155  156  156
  157  157  158  158  158  158  165  188  203                                   
    85.0-180.0 180.0   5.0 450.0                            LAT/LON1/LON2/DLON/H
  171  169  169  173  172  171  172  171  172  171  171  170  171  170  170  169
  168  168  167  165  165  163  161  158  156  153  151  147  145  143  140  138
  136  135  133  133  131  132  131  132  132  134  134  137  137  140  141  144
  144  147  147  150  150  153  153  156  155  158  157  159  159  161  160  162
  162  163  164  164  164  165  167  181  171                                   
    82.5-180.0 180.0   5.0 450.0                            LAT/LON1/LON2/DLON/H
  168  170  170  174  172  174  173  176  174  177  175  177  175  177  174  176
  173  174  171  172  168  168  164  162  157  155  150  147  142  139  135  132
  129  126  124  123  122  122  122  122  123  125  127  129  131  133  136  138
  140  143  145  147  148  151  152  155  155  157  157  159  158  160  159  161
  160  163  162  164  163  164  163  177  168                                   
    80.0-180.0 180.0   5.0 450.0                            LAT/LON1/LON2/DLON/H
  168  168  167  169  170  172  173  174  175  176  176  177  177  177  176  177
  176  176  175  174  173  171  167  164  160  156  150  146  140  136  131  126
  123  119  117  114  113  112  113  113  115  117  120  123  126  129  132  136
  138  141  144  146  149  150  152  154  155  155  156  157  157  157  157  157
  158  158  159  158  159  158  156  164  168                                   
    77.5-180.0 180.0   5.0 450.0                            LAT/LON1/LON2/DLON/H
  160  162  161  162  165  167  171  171  174  173  176  175  176  175  176  175
  177  175  177  175  175  172  171  166  164  157  153  146  142  136  132  126
  123  118  116  113  112  111  111  111  113  115  119  121  125  127  132  135
  138  141  145  146  149  150  153  153  154  154  155  154  154  152  154  151
  153  151  153  150  152  149  149  155  160                                   
    75.0-180.0 180.0   5.0 450.0                            LAT/LON1/LON2/DLON/H
  153  155  154  159  162  166  168  171  172  174  175  175  174  175  174  175
  175  175  176  177  177  176  174  171  166  162  155  150  143  138  133  128
  124  121  118  116  114  114  114  115  115  118  120  123  126  129  132  136
  139  142  145  147  149  150  152  152  152  152  152  151  150  149  148  147
  147  146  147  144  145  143  145  151  153                                   
    72.5-180.0 180.0   5.0 450.0                            LAT/LON1/LON2/DLON/H
  147  152  151  155  159  163  167  170  173  174  176  175  174  173  172  171
  172  172  174  175  177  176  175  172  169  162  158  150  146  139  136  131
  129  125  125  122  122  120  120  119  120  120  123  124  127  129  132  135
  138  141  143  145  147  148  149  149  149  149  149  148  147  146  146  145
  145  144  145  142  143  141  142  149  147                                   
    70.0-180.0 180.0   5.0 450.0                            LAT/LON1/LON2/DLON/H
  145  151  151  156  161  165  170  174  177  179  179  179  178  176  174  173
  172  173  174  176  178  178  177  175  171  166  160  155  149  145  141  138
  136  134  133  132  130  129  128  127  126  125  126  126  127  128  131  132
  136  138  141  142  144  144  146  145  146  145  146  145  146  145  145  145
  146  146  147  145  145  142  144  152  145                                   
    67.5-180.0 180.0   5.0 450.0                            LAT/LON1/LON2/DLON/H
  148  155  155  158  162  167  172  175  180  181  183  182  181  178  176  173
  173  172  173  175  177  178  178  176  173  167  162  155  153  148  148  144
  145  143  143  141  140  137  136  133  131  128  127  125  124  125  126  128
  130  132  134  136  137  138  139  140  141  142  144  145  146  147  148  149
  150  151  153  152  151  149  150  157  148                                   
    65.0-180.0 180.0   5.0 450.0                            LAT/LON1/LON2/DLON/H
  157  165  165  167  170  174  178  182  186  189  190  191  188  186  182  179
  177  176  176  177  180  180  181  179  176  170  165  160  157  155  155  154
  155  154  153  151  149  145  142  138  135  131  128  125  123  121  122  122
  124  125  128  129  131  132  134  135  139  140  143  145  148  150  153  154
  157  159  162  161  162  159  160  168  157                                   
    62.5-180.0 180.0   5.0 450.0                            LAT/LON1/LON2/DLON/H
  169  177  175  176  177  180  184  186  190  192  195  193  193  188  186  181
  179  177  177  177  179  180  181  179  177  171  168  163  163  161  164  163
  165  163  163  159  156  151  147  142  138  132  128  124  120  118  117  117
  118  120  121  123  124  126  129  132  135  139  143  147  151  154  157  160
  163  166  170  171  172  171  171  179  169                                   
    60.0-180.0 180.0   5.0 450.0                            LAT/LON1/LON2/DLON/H
  184  191  190  191  190  192  193  195  196  198  199  200  198  196  191  188
  184  181  180  180  181  182  182  181  179  174  171  169  170  171  174  175
  176  173  172  166  162  156  152  146  142  136  131  125  121  116  114  114
  114  115  117  118  119  121  124  128  133  138  143  148  153  157  160  164
  169  173  177  178  182  182  181  191  184                                   
    57.5-180.0 180.0   5.0 450.0                            LAT/LON1/LON2/DLON/H
  200  205  204  203  202  201  201  199  199  199  200  199  199  195  193  187
  185  180  180  178  180  180  182  180  180  176  176  175  178  180  184  184
  185  180  177  170  165  158  155  149  145  139  133  127  121  117  113  113
  112  113  112  114  113  116  119  124  131  138  145  151  156  161  164  168
  173  177  182  185  189  191  190  202  200                                   
    55.0-180.0 180.0   5.0 450.0                            LAT/LON1/LON2/DLON/H
  211  217  219  219  217  216  214  211  208  206  204  203  201  200  196  193
  188  184  182  180  181  182  183  182  182  180  181  182  186  189  194  193
  192  187  182  173  168  161  158  154  150  145  139  132  125  119  115  113
  112  112  110  109  108  110  113  120  129  138  146  153  160  163  168  171
  177  181  186  189  194  197  198  210  211                                   
    52.5-180.0 180.0   5.0 450.0                            LAT/LON1/LON2/DLON/H
  222  227  231  230  231  229  226  221  216  211  208  204  202  199  197  192
  189  183  182  179  181  180  183  182  184  183  186  188  194  197  201  199
  196  189  182  174  168  163  160  157  154  150  144  137  129  124  118  117
  114  114  110  108  105  106  109  117  128  140  150  158  163  168  171  174
  179  183  189  192  196  200  200  217  222                                   
    50.0-180.0 180.0   5.0 450.0                            LAT/LON1/LON2/DLON/H
  229  234  238  241  243  244  239  236  229  224  217  213  207  205  201  198
  193  190  187  184  184  184  184  184  186  186  191  194  201  204  207  203
  199  191  184  175  170  166  165  163  161  156  151  143  135  128  123  120
  119  116  112  107  103  103  105  115  127  140  152  161  167  170  175  178
  184  188  193  195  199  202  204  219  229                                   
    47.5-180.0 180.0   5.0 450.0                            LAT/LON1/LON2/DLON/H
  234  238  244  247  253  254  253  249  243  236  229  222  216  210  206  201
  197  193  191  186  187  184  187  185  188  189  195  199  206  208  211  205
  200  190  184  176  174  170  171  168  166  162  156  149  140  134  128  126
  123  120  115  109  104  102  106  115  130  144  157  167  172  177  180  185
  191  196  200  199  202  204  203  222  234                                   
    45.0-180.0 180.0   5.0 450.0                            LAT/LON1/LON2/DLON/H
  237  241  248  255  262  265  265  265  259  253  245  238  229  225  216  213
  206  203  199  196  195  192  192  191  193  193  199  203  210  211  213  206
  201  192  187  181  181  178  180  175  174  167  162  154  145  139  133  131
  129  124  119  111  105  102  104  115  129  145  159  169  178  182  189  193
  202  206  211  208  207  205  208  224  237                                   
    42.5-180.0 180.0   5.0 450.0                            LAT/LON1/LON2/DLON/H
  238  242  250  255  265  270  274  275  275  270  264  256  248  240  231  224
  217  212  209  205  203  200  200  197  200  201  207  210  217  217  218  209
  206  198  196  191  193  190  191  186  183  175  168  160  152  146  140  138
  134  130  124  115  108  105  108  116  131  146  161  173  182  189  198  205
  213  220  224  219  217  215  212  232  238                                   
    40.0-180.0 180.0   5.0 450.0                            LAT/LON1/LON2/DLON/H
  242  245  251  259  267  275  280  286  288  289  284  279  269  260  249  241
  231  227  222  218  216  213  211  210  212  212  216  219  224  222  224  216
  214  207  208  204  207  203  203  196  192  183  175  167  160  154  149  146
  143  137  131  121  113  109  110  119  131  146  160  173  186  195  208  217
  228  235  239  234  230  224  225  241  242                                   
    37.5-180.0 180.0   5.0 450.0                            LAT/LON1/LON2/DLON/H
  249  250  256  260  268  275  283  290  299  303  304  301  294  283  271  259
  248  239  234  230  229  225  225  222  226  224  229  227  233  230  233  226
  226  220  221  219  221  216  215  206  201  192  184  176  169  163  158  155
  151  146  139  128  121  116  117  123  134  147  160  174  188  201  215  228
  240  248  252  247  243  239  237  253  249                                   
    35.0-180.0 180.0   5.0 450.0                            LAT/LON1/LON2/DLON/H
  262  262  267  271  275  283  290  301  311  322  325  327  320  311  295  282
  267  257  250  245  243  241  240  241  242  241  243  242  244  241  244  238
  238  232  235  231  233  227  224  215  209  199  193  186  180  174  168  163
  159  152  145  135  127  121  121  125  133  144  157  171  188  202  219  232
  246  255  260  257  255  250  255  268  262                                   
    32.5-180.0 180.0   5.0 450.0                            LAT/LON1/LON2/DLON/H
  281  281  284  283  286  290  298  308  324  336  344  348  345  337  323  307
  290  276  268  262  262  261  263  263  266  263  264  260  263  257  258  252
  252  245  245  239  239  233  230  221  214  207  201  196  190  185  178  171
  166  158  150  140  133  127  125  126  133  142  152  167  184  202  219  233
  247  258  265  266  266  266  270  285  281                                   
    30.0-180.0 180.0   5.0 450.0                            LAT/LON1/LON2/DLON/H
  299  304  308  305  302  306  308  322  335  350  359  368  367  362  348  332
  312  296  287  282  283  285  288  290  292  288  286  279  278  270  268  260
  257  247  244  236  235  229  226  217  214  208  207  203  200  192  185  175
  169  160  153  143  137  129  127  126  130  135  146  160  178  196  214  228
  242  254  263  268  273  275  286  302  299                                   
    27.5-180.0 180.0   5.0 450.0                            LAT/LON1/LON2/DLON/H
  322  331  338  334  331  328  329  338  354  369  379  389  390  385  373  357
  337  321  310  306  308  311  316  318  320  314  310  298  293  281  275  263
  257  242  236  227  223  219  213  210  206  208  207  207  203  195  187  176
  169  158  151  141  135  128  125  123  124  128  138  152  172  192  210  223
  238  251  262  271  279  287  296  316  322                                   
    25.0-180.0 180.0   5.0 450.0                            LAT/LON1/LON2/DLON/H
  343  354  367  367  366  366  363  372  383  397  403  413  414  412  399  384
  365  349  338  334  335  337  341  342  342  333  324  311  300  285  273  258
  246  230  221  209  206  199  196  193  197  198  203  202  200  192  184  170
  162  152  145  136  132  125  122  119  118  120  129  143  164  183  201  214
  229  244  258  269  283  294  309  328  343                                   
    22.5-180.0 180.0   5.0 450.0                            LAT/LON1/LON2/DLON/H
  357  372  388  395  398  398  400  407  418  429  434  441  443  441  428  415
  395  381  370  368  367  369  368  365  358  347  334  317  302  281  264  245
  231  213  201  190  182  178  174  176  177  182  186  188  185  179  169  158
  150  140  133  126  121  117  113  110  108  111  119  134  154  175  193  207
  224  239  257  270  284  299  312  334  357                                   
    20.0-180.0 180.0   5.0 450.0                            LAT/LON1/LON2/DLON/H
  370  382  403  413  422  426  429  441  449  462  463  470  468  469  457  445
  427  414  403  400  398  396  391  381  370  352  336  314  297  272  251  228
  213  193  182  168  166  159  160  159  164  166  171  171  169  162  153  143
  136  126  123  115  112  108  106  101   99  100  109  124  144  166  185  202
  219  237  255  269  284  298  316  337  370                                   
    17.5-180.0 180.0   5.0 450.0                            LAT/LON1/LON2/DLON/H
  369  388  406  421  429  437  445  462  473  485  487  492  491  492  482  474
  456  446  434  432  424  419  405  391  372  352  332  310  288  261  237  214
  197  182  169  159  153  150  149  149  150  153  155  155  151  144  134  126
  119  113  108  102  102   98   96   93   91   93  102  118  138  161  182  202
  222  241  262  276  289  301  315  339  369                                   
    15.0-180.0 180.0   5.0 450.0                            LAT/LON1/LON2/DLON/H
  372  386  404  417  427  438  447  469  482  497  498  504  502  507  499  495
  481  472  460  453  444  431  414  391  371  345  327  301  278  250  226  202
  189  171  163  154  154  151  151  149  149  147  148  145  140  133  124  116
  110  103   99   92   92   88   89   86   85   87   96  112  131  155  180  203
  226  249  271  284  295  306  320  340  372                                   
    12.5-180.0 180.0   5.0 450.0                            LAT/LON1/LON2/DLON/H
  365  381  393  408  418  428  441  463  480  496  501  507  509  514  509  509
  498  492  479  473  457  441  416  391  365  342  318  292  267  241  218  200
  188  177  169  165  165  164  163  159  154  149  145  142  135  127  118  110
  102   95   89   83   81   79   80   79   79   82   92  107  127  152  178  205
  230  256  279  292  302  311  322  344  365                                   
    10.0-180.0 180.0   5.0 450.0                            LAT/LON1/LON2/DLON/H
  367  376  385  395  405  415  429  449  466  483  487  498  498  509  504  509
  502  498  487  477  462  439  413  384  360  332  310  282  258  233  213  198
  192  183  181  178  183  184  184  177  168  157  151  144  138  129  120  111
  103   94   88   79   78   74   76   75   75   78   85  100  119  146  175  206
  235  261  285  297  308  317  329  348  367                                   
     7.5-180.0 180.0   5.0 450.0                            LAT/LON1/LON2/DLON/H
  369  381  381  393  399  406  420  436  452  466  472  482  487  496  496  502
  498  497  486  478  459  439  408  382  353  326  299  272  248  227  212  204
