data/unet/pred0430.15i
     1.0            IONOSPHERE MAPS     GNSS                IONEX VERSION / TYPE
pyspatialgeodesy        IME             05-JAN-18 20:20     PGM / RUN BY / DATE 
Map Name                                                    COMMENT             
Predicted global ionosphere maps (GIM).                     DESCRIPTION         
  2015     2    12     0     0     0                        EPOCH OF FIRST MAP  
  2015     2    13     0     0     0                        EPOCH OF LAST MAP   
  7200                                                      INTERVAL            
    13                                                      # OF MAPS IN FILE   
  NONE                                                      MAPPING FUNCTION    
10.0                                                        ELEVATION CUTOFF    
One-way carrier phase leveled to code                       OBSERVABLES USED    
  6371.0                                                    BASE RADIUS         
 2                                                          MAP DIMENSION       
   450.0 450.0   0.0                                        HGT1 / HGT2 / DHGT  
    87.5 -87.5  -2.5                                        LAT1 / LAT2 / DLAT  
  -180.0 180.0   5.0                                        LON1 / LON2 / DLON  
    -1                                                      EXPONENT            
                                                            END OF HEADER       
[from data line 3432]
     9                                                      START OF TEC MAP    
  2015     2    12    16     0     0                        EPOCH OF CURRENT MAP
    87.5-180.0 180.0   5.0 450.0                            LAT/LON1/LON2/DLON/H
  148  167  171  173  177  175  179  178  182  180  184  182  186  183  186  182
  184  180  180  176  175  171  170  166  164  160  159  156  154  151  150  147
  146  143  142  140  139  138  136  136  134  134  133  133  133  133  133  134
  134  136  136  138  140  141  143  144  147  147  150  150  154  153  156  155
  159  158  162  161  166  164  168  163  148                                   
    85.0-180.0 180.0   5.0 450.0                            LAT/LON1/LON2/DLON/H
  139  156  166  171  174  176  179  181  184  186  188  190  192  193  193  194
  192  193  188  190  183  184  175  177  167  168  159  160  151  152  143  145
  136  138  130  132  126  126  121  120  117  117  114  115  113  115  113  116
  115  119  118  123  123  129  127  133  133  138  137  141  141  145  143  146
  146  150  150  153  153  154  153  154  139                                   
    82.5-180.0 180.0   5.0 450.0                            LAT/LON1/LON2/DLON/H
  136  150  156  157  160  161  167  169  174  176  181  183  188  189  193  192
  194  192  193  190  188  184  180  174  169  163  158  152  146  141  136  132
  127  123  119  115  111  107  103  100   97   94   93   92   93   93   96   97
  102  104  108  110  115  119  121  124  128  130  131  132  135  136  136  137
  138  139  140  139  140  136  143  128  136                                   
    80.0-180.0 180.0   5.0 450.0                            LAT/LON1/LON2/DLON/H
  110  122  124  125  133  137  143  148  153  159  162  169  171  175  176  180
  180  181  181  181  180  179  174  170  165  160  154  148  141  134  129  123
  118  113  108  104   98   94   87   84   79   76   73   72   72   72   73   76
   81   86   89   95   98  104  105  111  113  116  115  117  116  117  115  115
  116  114  115  110  111  110  118  110  110                                   
    77.5-180.0 180.0   5.0 450.0                            LAT/LON1/LON2/DLON/H
   91   99  101   99  104  110  117  124  131  137  144  150  154  158  162  165
  168  168  173  172  176  174  175  170  169  163  160  153  146  137  132  124
  119  113  108  102   98   91   87   80   74   69   68   62   64   61   65   64
   70   73   79   85   90   97  100  106  109  113  112  113  112  112  109  108
  105  104  101   95   90   89   93   90   91                                   
    75.0-180.0 180.0   5.0 450.0                            LAT/LON1/LON2/DLON/H
   78   82   84   80   88   89   99  102  113  117  128  133  141  145  151  154
  160  162  169  172  177  179  183  182  182  179  173  169  160  154  147  140
  132  126  118  114  106  102   95   89   81   75   69   64   63   60   62   61
   65   69   74   82   86   95  100  107  110  114  115  117  114  114  110  107
  105  101   98   91   86   83   90   88   78                                   
    72.5-180.0 180.0   5.0 450.0                            LAT/LON1/LON2/DLON/H
   78   79   74   72   74   73   81   84   94   98  108  115  126  132  143  147
  156  158  170  172  184  186  197  196  201  197  199  193  188  179  172  164
  156  148  139  133  124  119  111  105   96   88   81   74   69   67   64   65
   65   70   72   79   84   91   97  103  109  113  116  119  118  118  115  112
  109  106  100   95   85   84   86   86   78                                   
    70.0-180.0 180.0   5.0 450.0                            LAT/LON1/LON2/DLON/H
   80   79   78   68   74   68   75   72   82   82   96  102  115  122  136  142
  153  159  175  182  197  203  219  222  229  228  231  227  222  215  205  196
  187  179  171  164  155  146  136  128  118  109   99   90   84   79   74   72
   68   71   68   75   74   84   86   96   98  106  109  115  118  119  118  116
  114  110  107  101   94   90   94   92   80                                   
    67.5-180.0 180.0   5.0 450.0                            LAT/LON1/LON2/DLON/H
   84   83   78   76   75   73   74   75   79   83   91   98  108  118  132  143
  156  166  183  195  211  221  240  247  258  255  260  254  252  242  237  228
  218  210  201  193  181  173  159  150  136  126  114  105   94   87   77   72
   65   61   59   58   63   65   74   77   87   89   98  104  111  115  116  117
  115  112  107  103   94   91   94   92   84                                   
    65.0-180.0 180.0   5.0 450.0                            LAT/LON1/LON2/DLON/H
   85   82   83   74   77   72   74   71   76   78   88   94  107  116  133  144
  162  173  192  204  227  240  259  270  283  282  283  275  273  264  261  254
  249  240  232  220  210  197  184  171  159  146  134  122  110   99   87   77
   66   60   51   49   48   52   56   62   67   73   78   87   95  102  106  107
  108  105  104   98   91   87   91   91   85                                   
    62.5-180.0 180.0   5.0 450.0                            LAT/LON1/LON2/DLON/H
   77   75   78   76   77   73   72   72   73   78   85   97  108  119  132  149
  166  182  203  220  242  259  279  290  305  303  303  292  290  279  278  272
  268  259  251  238  224  211  196  185  170  158  144  131  116  100   84   71
   59   48   41   34   39   34   42   40   50   50   60   64   76   81   89   90
   92   91   86   81   73   72   76   79   77                                   
    60.0-180.0 180.0   5.0 450.0                            LAT/LON1/LON2/DLON/H
   68   59   70   66   68   64   65   64   68   72   84   96  110  120  137  151
  172  186  212  227  254  271  292  305  316  313  312  301  296  287  286  281
  281  273  266  254  241  224  210  198  183  170  156  142  125  106   88   73
   58   46   37   34   33   32   32   32   36   38   43   47   58   64   72   75
   77   75   71   66   62   61   62   63   68                                   
    57.5-180.0 180.0   5.0 450.0                            LAT/LON1/LON2/DLON/H
   46   46   56   58   60   58   56   58   61   69   81   97  111  123  139  155
  176  195  220  238  263  279  301  310  320  315  316  307  305  297  298  293
  292  283  275  259  245  228  214  204  189  178  164  151  131  111   92   76
   61   48   40   33   36   27   33   26   33   29   38   38   50   52   62   62
   65   63   59   55   50   50   45   45   46                                   
    55.0-180.0 180.0   5.0 450.0                            LAT/LON1/LON2/DLON/H
   38   35   50   49   53   50   49   47   58   68   83   98  115  128  146  161
  185  204  229  244  269  284  304  314  322  318  319  313  313  307  308  304
  305  293  285  268  254  236  223  211  198  187  174  159  141  122  104   89
   75   62   52   46   44   41   42   40   42   41   45   45   52   54   61   62
   63   59   57   52   49   47   43   36   38                                   
    52.5-180.0 180.0   5.0 450.0                            LAT/LON1/LON2/DLON/H
   36   40   47   50   51   48   45   44   55   71   86  104  121  135  154  172
  198  217  243  257  280  293  309  315  322  321  320  318  322  318  321  316
  314  300  289  272  257  241  228  219  207  196  183  170  153  134  117  104
   91   81   73   67   62   58   59   56   58   55   57   57   62   63   67   67
   67   65   63   59   55   53   47   37   36                                   
    50.0-180.0 180.0   5.0 450.0                            LAT/LON1/LON2/DLON/H
   54   49   57   56   57   55   55   46   59   72   92  109  126  141  162  182
  207  228  251  267  287  298  311  317  324  326  326  327  330  327  328  323
  319  303  292  275  263  247  237  227  217  205  193  180  166  149  136  122
  113  102   97   92   87   84   81   80   82   78   80   76   80   79   82   81
   80   76   76   71   70   70   67   57   54                                   
    47.5-180.0 180.0   5.0 450.0                            LAT/LON1/LON2/DLON/H
   76   75   73   71   72   67   69   68   75   90  104  123  139  156  178  198
  223  242  266  281  299  307  318  324  333  335  337  336  339  333  332  324
  315  298  288  272  264  253  246  238  226  214  201  191  178  162  149  138
  129  122  117  113  107  103  100   98   99   99   98   98   98  100  100  100
   95   94   91   91   90   89   88   82   76                                   
    45.0-180.0 180.0   5.0 450.0                            LAT/LON1/LON2/DLON/H
  101   97   92   90   86   83   80   79   86  100  117  139  154  170  190  210
  233  253  277  291  309  317  328  335  343  347  347  346  340  331  324  313
  303  289  279  270  267  258  254  245  235  220  207  194  183  169  157  146
  138  131  126  120  114  109  103  104  105  105  108  106  111  112  117  115
  115  111  110  107  108  110  114  113  101                                   
    42.5-180.0 180.0   5.0 450.0                            LAT/LON1/LON2/DLON/H
  123  116  110  106  105   97   97   96  104  119  138  160  178  192  211  229
  252  270  292  307  321  328  339  346  356  354  356  349  340  324  313  301
  290  280  275  272  273  269  265  256  243  226  211  198  187  173  159  148
  139  131  124  117  108   98   93   92   94   97   99  103  107  114  118  122
  119  118  116  118  121  124  133  131  123                                   
    40.0-180.0 180.0   5.0 450.0                            LAT/LON1/LON2/DLON/H
  129  122  116  115  113  107  103  102  112  128  153  177  197  211  228  244
  265  282  305  317  330  338  348  356  360  363  356  349  332  315  300  289
  282  278  280  282  287  284  280  267  254  232  215  198  187  172  160  145
  136  125  116  105   94   83   77   76   80   82   88   91   99  105  114  119
  119  114  114  111  119  125  137  140  129                                   
    37.5-180.0 180.0   5.0 450.0                            LAT/LON1/LON2/DLON/H
  132  121  118  116  117  109  108  106  121  140  172  197  219  233  248  263
  282  301  319  330  340  349  357  363  369  364  359  346  333  315  303  300
  297  301  304  310  312  310  302  288  268  246  227  210  194  180  165  152
  138  126  115  100   87   72   69   66   72   72   79   81   89   93  101  106
  105  103   98  100  105  114  125  131  132                                   
    35.0-180.0 180.0   5.0 450.0                            LAT/LON1/LON2/DLON/H
  119  106  111  110  112  107  105  103  121  144  183  212  237  252  266  279
  298  313  329  339  349  358  364  370  370  367  357  350  338  330  324  328
  333  343  349  355  356  350  336  314  292  267  250  231  216  198  186  169
  162  146  134  115   98   84   74   74   77   80   82   86   90   95  102  106
  109  104   99   91   97  100  109  115  119                                   
    32.5-180.0 180.0   5.0 450.0                            LAT/LON1/LON2/DLON/H
  104   96  103  105  105  103  100  101  119  149  190  224  250  268  280  300
  314  329  339  350  358  369  372  377  373  370  367  364  366  366  378  391
  410  424  431  431  421  411  389  362  330  304  283  269  255  239  224  210
  199  188  178  150  128  102   89   83   89   95  110  108  110  110  116  120
  120  115  107   95   92   93   91   93  104                                   
    30.0-180.0 180.0   5.0 450.0                            LAT/LON1/LON2/DLON/H
   89   79   89   94   96   97   96   97  117  146  192  228  257  275  292  309
  324  335  347  358  368  377  378  380  376  377  380  389  403  425  455  486
  510  531  531  523  501  480  447  418  383  357  334  322  308  298  286  272
  256  245  227  210  184  168  143  135  122  128  123  130  122  129  128  141
  138  125  106   85   77   74   89   80   89                                   
    27.5-180.0 180.0   5.0 450.0                            LAT/LON1/LON2/DLON/H
   89   91   92   94   93   94   94  101  117  151  192  233  262  283  302  323
  335  347  358  371  379  387  382  384  380  390  409  432  474  509  555  589
  630  642  636  607  575  546  517  484  450  422  399  380  367  352  343  328
  325  317  319  305  296  261  240  216  209  197  192  181  174  161  157  154
  155  148  143  118   98   81   80   89   89                                   
    25.0-180.0 180.0   5.0 450.0                            LAT/LON1/LON2/DLON/H
   96   78   95  103   97   99  100  104  123  149  194  234  265  287  312  330
  346  357  371  383  393  396  393  391  396  412  446  491  547  592  652  699
  744  758  739  698  652  613  574  551  519  497  469  460  446  439  426  418
  412  410  412  409  399  370  342  316  298  285  267  256  245  237  220  212
  196  188  177  167  146  120  100  112   96                                   
    22.5-180.0 180.0   5.0 450.0                            LAT/LON1/LON2/DLON/H
  126  104  107  115  114  115  115  123  137  166  203  243  271  295  318  341
  356  369  383  397  405  406  403  403  418  448  499  553  617  668  753  810
  862  866  842  782  726  665  627  598  579  557  540  527  516  502  488  469
  464  463  469  474  466  444  418  400  376  358  329  314  290  282  263  260
  249  237  216  207  195  173  154  154  126                                   
    20.0-180.0 180.0   5.0 450.0                            LAT/LON1/LON2/DLON/H
  160  134  129  125  123  136  134  147  160  183  215  247  277  302  328  352
  368  383  396  409  417  418  417  424  453  495  556  611  687  755  833  898
  927  938  890  828  760  707  663  649  629  629  609  599  579  563  538  515
  504  496  504  503  500  479  464  440  427  403  386  359  342  323  311  296
  292  279  261  245  224  197  185  186  160                                   
    17.5-180.0 180.0   5.0 450.0                            LAT/LON1/LON2/DLON/H
  192  168  152  137  131  139  153  169  189  210  233  260  285  313  337  367
  383  401  413  425  432  433  436  453  491  541  607  665  742  806  874  912
  937  935  892  830  771  727  694  684  673  669  654  640  609  576  541  515
  499  499  504  517  512  504  487  472  457  428  413  385  376  356  349  331
  324  309  291  276  250  217  211  201  192                                   
    15.0-180.0 180.0   5.0 450.0                            LAT/LON1/LON2/DLON/H
  200  176  154  138  128  140  146  177  204  233  253  276  292  323  347  385
  405  426  433  446  449  454  463  494  541  595  656  713  772  821  860  896
  900  894  852  811  762  732  705  704  696  697  676  661  623  577  540  503
  492  481  487  489  482  466  457  437  432  406  397  378  373  363  348  337
  324  313  294  286  265  239  220  209  200                                   
    12.5-180.0 180.0   5.0 450.0                            LAT/LON1/LON2/DLON/H
  196  177  156  139  125  131  143  171  208  242  269  288  310  336  358  396
  425  448  460  470  473  478  497  532  578  639  696  741  784  802  825  831
  830  820  799  776  747  727  715  716  711  708  687  664  613  560  508  479
  454  441  430  422  406  404  393  381  375  359  357  349  352  343  339  323
  309  296  285  273  261  237  228  194  196                                   
    10.0-180.0 180.0   5.0 450.0                            LAT/LON1/LON2/DLON/H
  164  162  144  122  109  114  128  165  206  249  277  303  325  355  376  417
  444  479  490  506  502  517  536  579  628  678  726  757  774  782  782  779
  769  763  754  744  731  723  717  719  714  711  685  654  596  532  486  443
  410  388  366  351  351  344  350  332  331  316  318  320  324  323  316  304
  281  271  260  251  238  216  213  175  164                                   
     7.5-180.0 180.0   5.0 450.0                            LAT/LON1/LON2/DLON/H
  130  151  127  110  101  105  123  164  207  250  280  307  331  367  396  435
  463  498  519  537  533  549  568  616  661  711  754  763  767  753  747  730
