data/unet/pred2680.15i
     1.0            IONOSPHERE MAPS     GNSS                IONEX VERSION / TYPE
pyspatialgeodesy        IME             05-JAN-18 20:20     PGM / RUN BY / DATE 
Map Name                                                    COMMENT             
Predicted global ionosphere maps (GIM).                     DESCRIPTION         
  2015     9    25     0     0     0                        EPOCH OF FIRST MAP  
  2015     9    26     0     0     0                        EPOCH OF LAST MAP   
  7200                                                      INTERVAL            
    13                                                      # OF MAPS IN FILE   
  NONE                                                      MAPPING FUNCTION    
10.0                                                        ELEVATION CUTOFF    
One-way carrier phase leveled to code                       OBSERVABLES USED    
  6371.0                                                    BASE RADIUS         
 2                                                          MAP DIMENSION       
   450.0 450.0   0.0                                        HGT1 / HGT2 / DHGT  
    87.5 -87.5  -2.5                                        LAT1 / LAT2 / DLAT  
  -180.0 180.0   5.0                                        LON1 / LON2 / DLON  
    -1                                                      EXPONENT            
                                                            END OF HEADER       
[from data line 5148]
    13                                                      START OF TEC MAP    
  2015     9    26     0     0     0                        EPOCH OF CURRENT MAP
    87.5-180.0 180.0   5.0 450.0                            LAT/LON1/LON2/DLON/H
  132  101   96   92   92   89   92   91   94   93   95   93   96   94   96   94
   96   94   95   93   94   93   94   92   93   92   93   91   92   91   92   91
   92   91   92   91   92   91   91   89   91   88   90   87   89   86   88   86
   88   86   88   86   88   87   88   86   89   87   88   87   89   87   89   87
   89   87   90   89   93   91  100  123  132                                   
    85.0-180.0 180.0   5.0 450.0                            LAT/LON1/LON2/DLON/H
  109   93   93   92   91   88   91   91   94   94   96   96   98   97   99   97
   98   96   97   94   94   91   91   89   89   86   87   84   85   83   84   82
   83   82   83   83   84   83   84   82   84   82   83   81   83   81   82   81
   83   82   83   83   84   84   84   84   86   85   85   84   86   85   85   84
   86   84   86   85   89   83   83   97  109                                   
    82.5-180.0 180.0   5.0 450.0                            LAT/LON1/LON2/DLON/H
  104   94   96   96   96   92   98   96  102  101  106  105  110  108  111  108
  110  107  108  103  103   98   98   93   93   88   89   85   86   82   84   81
   83   80   83   81   83   80   83   80   83   79   82   79   83   79   83   80
   85   81   86   83   89   86   90   87   92   88   92   88   93   88   92   88
   93   89   94   90   96   89   91   99  104                                   
    80.0-180.0 180.0   5.0 450.0                            LAT/LON1/LON2/DLON/H
  108  103  106  106  104  104  107  109  112  115  118  122  124  126  126  127
  125  124  121  119  114  112  107  104   99   96   92   90   88   87   85   85
   84   84   84   84   83   83   82   82   82   81   81   80   81   79   81   80
   83   82   85   85   89   89   92   91   95   94   96   95   97   96   97   96
   99   98  101  100  103   99  102  108  108                                   
    77.5-180.0 180.0   5.0 450.0                            LAT/LON1/LON2/DLON/H
  119  113  114  113  110  110  112  115  119  123  128  133  137  140  141  142
  140  138  135  132  127  123  117  112  106  102   98   95   92   91   89   90
   88   89   88   88   86   84   82   80   78   76   75   73   72   70   71   70
   72   72   75   76   80   82   85   87   90   91   93   95   96   97   98  100
  101  102  105  106  108  107  110  113  119                                   
    75.0-180.0 180.0   5.0 450.0                            LAT/LON1/LON2/DLON/H
  128  126  125  124  118  118  120  124  128  134  139  145  149  152  153  154
  151  150  146  142  136  132  125  119  112  108  102  100   96   96   94   94
   93   94   92   92   89   85   81   77   74   70   68   65   63   61   60   59
   60   61   64   66   70   73   78   81   85   87   91   92   96   97  100  101
  105  106  110  112  115  115  119  122  128                                   
    72.5-180.0 180.0   5.0 450.0                            LAT/LON1/LON2/DLON/H
  144  140  138  133  127  125  126  128  133  138  145  150  154  156  157  156
  153  150  146  141  135  130  123  117  109  104   99   95   92   91   90   90
   90   90   89   88   84   80   75   70   65   60   57   53   51   47   47   45
   47   46   51   53   59   62   69   73   80   82   88   90   95   96  101  103
  108  109  115  118  123  124  129  133  144                                   
    70.0-180.0 180.0   5.0 450.0                            LAT/LON1/LON2/DLON/H
  155  153  150  144  135  132  132  134  138  143  148  153  155  157  154  153
  148  145  140  135  129  124  117  111  103   98   92   88   85   84   83   83
   83   84   83   81   78   73   69   63   58   52   49   44   42   38   38   36
   37   37   41   43   50   54   63   68   77   81   88   91   97   99  104  107
  112  114  119  123  128  132  138  144  155                                   
    67.5-180.0 180.0   5.0 450.0                            LAT/LON1/LON2/DLON/H
  170  165  161  153  143  138  136  137  139  143  148  151  151  150  146  143
  138  135  130  127  121  117  110  104   96   90   84   80   77   76   75   74
   74   73   72   69   67   62   58   52   48   43   40   36   34   31   30   28
   30   29   34   37   44   49   59   65   76   81   89   94  101  103  109  111
  116  118  124  128  134  137  144  151  170                                   
    65.0-180.0 180.0   5.0 450.0                            LAT/LON1/LON2/DLON/H
  175  172  169  161  149  143  139  138  140  144  147  149  146  143  137  132
  127  125  122  120  116  112  105   99   92   85   80   75   73   71   69   67
   65   63   61   58   56   51   48   44   42   38   36   33   32   29   29   27
   29   29   33   36   43   49   59   67   79   86   94  100  107  111  115  118
  121  124  128  131  136  140  147  156  175                                   
    62.5-180.0 180.0   5.0 450.0                            LAT/LON1/LON2/DLON/H
  180  176  171  163  152  144  139  138  138  141  143  143  140  135  128  124
  119  118  117  117  114  110  103   97   90   83   77   74   71   67   64   61
   58   54   51   47   45   41   39   37   36   34   33   32   31   30   30   29
   30   30   34   35   43   49   60   69   82   89   99  105  114  117  122  124
  128  128  131  133  137  140  147  157  180                                   
    60.0-180.0 180.0   5.0 450.0                            LAT/LON1/LON2/DLON/H
  176  175  172  166  153  145  138  136  136  138  139  138  135  129  123  119
  117  117  119  119  117  113  106   99   91   85   79   75   72   69   64   60
   55   49   45   41   39   37   36   35   36   35   36   36   37   36   36   35
   36   35   37   39   46   53   64   73   87   95  105  112  121  125  130  132
  135  135  135  136  138  140  147  156  176                                   
    57.5-180.0 180.0   5.0 450.0                            LAT/LON1/LON2/DLON/H
  175  175  171  165  153  145  138  135  134  135  136  134  131  126  121  119
  120  123  126  127  126  120  112  104   96   89   84   80   77   74   68   62
   56   50   45   41   39   38   38   38   39   41   42   43   44   44   44   42
   42   40   42   42   49   55   67   77   92  101  111  118  127  133  138  141
  143  143  142  141  141  142  147  155  175                                   
    55.0-180.0 180.0   5.0 450.0                            LAT/LON1/LON2/DLON/H
  172  174  175  170  157  148  139  135  133  133  134  132  130  127  124  125
  128  133  136  139  135  129  119  110  102   96   91   89   86   82   75   69
   61   55   49   45   44   43   45   45   49   50   52   53   54   53   53   51
   50   47   47   48   54   61   72   84   98  108  117  124  133  139  145  149
  152  152  151  148  148  146  151  158  172                                   
    52.5-180.0 180.0   5.0 450.0                            LAT/LON1/LON2/DLON/H
  177  180  180  176  163  153  144  139  136  136  135  135  133  132  132  134
  140  145  150  151  148  140  129  118  110  104  100   99   96   92   85   78
   70   63   58   56   55   55   56   58   60   62   62   63   63   62   60   58
   56   53   52   52   59   65   78   89  103  113  122  129  137  144  151  157
  161  163  162  160  158  157  159  165  177                                   
    50.0-180.0 180.0   5.0 450.0                            LAT/LON1/LON2/DLON/H
  186  190  193  189  177  166  155  147  143  140  139  138  138  139  140  145
  151  157  160  161  156  149  136  128  120  115  111  110  107  103   94   86
   78   72   68   66   67   68   70   71   74   74   75   73   73   70   69   66
   64   62   61   62   69   76   89  100  114  123  130  136  143  150  157  164
  170  174  175  174  173  170  172  175  186                                   
    47.5-180.0 180.0   5.0 450.0                            LAT/LON1/LON2/DLON/H
  203  205  207  203  192  182  171  162  154  151  148  148  148  150  153  157
  163  167  169  168  165  157  147  139  131  126  121  119  114  108   99   91
   84   79   77   79   80   83   84   85   87   87   85   83   81   78   76   74
   72   70   71   72   78   87   99  112  123  132  139  144  150  156  163  171
  179  184  186  187  188  186  186  189  203                                   
    45.0-180.0 180.0   5.0 450.0                            LAT/LON1/LON2/DLON/H
  216  219  224  219  209  201  191  180  171  165  161  160  160  164  166  170
  173  175  175  175  171  165  158  151  143  136  130  124  117  109   99   91
   86   83   84   86   90   93   96   96   98   96   95   92   90   87   85   83
   83   82   83   84   90   99  112  124  136  144  149  153  158  164  170  177
  186  191  196  198  202  201  201  204  216                                   
    42.5-180.0 180.0   5.0 450.0                            LAT/LON1/LON2/DLON/H
  233  231  236  232  225  217  208  198  189  182  177  176  178  180  182  184
  185  184  184  182  180  177  171  164  155  144  133  123  113  103   94   87
   83   83   86   91   97  101  104  105  106  104  102  100   98   95   94   93
   94   93   93   94  100  109  123  136  148  155  160  163  168  173  179  186
  192  198  202  207  213  213  212  221  233                                   
    40.0-180.0 180.0   5.0 450.0                            LAT/LON1/LON2/DLON/H
  245  242  248  243  237  231  223  215  206  200  195  195  197  200  200  200
  197  196  193  193  192  190  185  177  164  149  132  118  106   94   86   80
   79   80   86   92  100  105  109  110  112  111  110  107  106  104  104  103
  105  104  104  103  109  117  132  146  160  167  172  175  180  185  190  195
  199  204  208  214  223  224  223  234  245                                   
    37.5-180.0 180.0   5.0 450.0                            LAT/LON1/LON2/DLON/H
  260  252  255  251  245  242  235  229  221  217  213  216  219  221  221  218
  214  211  209  209  209  206  199  187  170  149  129  112   98   88   79   76
   75   80   86   96  103  110  113  115  117  116  115  113  112  112  111  111
  113  111  111  109  114  122  139  154  169  178  184  188  195  199  204  207
  210  212  215  222  232  236  235  248  260                                   
    35.0-180.0 180.0   5.0 450.0                            LAT/LON1/LON2/DLON/H
  276  270  268  261  254  251  247  242  237  234  234  238  240  244  242  238
  233  229  227  227  225  220  208  192  170  145  124  107   95   86   80   77
   78   83   91  100  108  114  119  120  122  121  121  119  119  117  117  115
  116  113  111  109  115  123  142  158  176  186  194  199  207  213  217  219
  221  221  225  232  244  249  252  267  276                                   
    32.5-180.0 180.0   5.0 450.0                            LAT/LON1/LON2/DLON/H
  303  292  286  277  267  264  259  256  252  251  253  257  262  263  261  256
  252  247  245  241  236  224  207  186  162  139  119  107   98   95   91   91
   92   97  104  114  119  126  128  130  129  128  126  123  122  119  117  114
  113  107  105  101  108  117  137  156  176  189  200  208  219  227  234  239
  241  241  244  251  262  269  273  289  303                                   
    30.0-180.0 180.0   5.0 450.0                            LAT/LON1/LON2/DLON/H
  340  335  324  309  294  286  279  274  270  270  272  277  280  281  277  272
  265  262  256  249  236  219  196  172  149  131  119  115  114  116  116  116
  116  120  123  131  134  139  141  139  139  134  132  125  122  116  113  107
  105   98   95   91   96  105  125  145  169  185  199  212  225  238  250  257
  262  264  268  275  290  297  309  321  340                                   
    27.5-180.0 180.0   5.0 450.0                            LAT/LON1/LON2/DLON/H
  384  385  372  356  334  321  309  300  295  294  295  297  299  297  292  283
  275  267  257  243  223  199  174  152  136  127  126  133  140  148  151  153
  151  151  151  154  154  156  154  153  148  143  135  126  119  110  105   98
   94   87   84   79   82   92  113  134  158  178  196  212  230  246  264  278
  286  294  300  314  328  340  348  354  384                                   
    25.0-180.0 180.0   5.0 450.0                            LAT/LON1/LON2/DLON/H
  431  447  435  415  392  373  354  339  330  325  323  322  319  314  304  294
  280  267  249  227  200  172  148  133  128  132  143  160  175  188  192  192
  187  184  178  177  172  172  169  165  159  150  140  127  116  104   97   89
   85   78   72   69   72   83  105  127  152  172  193  211  231  251  274  293
  309  322  337  353  375  390  406  397  431                                   
    22.5-180.0 180.0   5.0 450.0                            LAT/LON1/LON2/DLON/H
  471  489  481  471  447  430  405  392  375  368  359  353  344  335  321  303
  284  261  235  204  174  146  129  124  132  149  171  195  215  228  231  227
  217  209  201  195  187  184  179  174  167  156  142  127  112   99   90   82
   76   68   62   58   62   76   99  124  150  172  192  212  234  256  283  308
  330  352  372  398  420  440  449  439  471                                   
    20.0-180.0 180.0   5.0 450.0                            LAT/LON1/LON2/DLON/H
  508  534  529  522  505  490  467  450  432  421  406  394  377  362  343  321
  291  259  222  186  154  132  125  132  151  179  205  235  256  268  266  257
  241  227  214  205  196  193  188  183  175  163  147  130  115  100   89   80
   74   66   57   57   57   74   98  125  152  175  197  219  244  267  296  324
  352  377  403  430  462  480  495  483  508                                   
    17.5-180.0 180.0   5.0 450.0                            LAT/LON1/LON2/DLON/H
  530  554  554  557  545  537  517  506  487  478  460  446  421  402  374  345
  306  264  220  182  153  140  142  160  186  214  242  266  281  285  278  264
  246  229  215  207  199  196  191  187  180  167  151  132  115   99   88   78
   70   60   51   50   52   67   95  126  154  180  204  229  253  278  309  340
  369  398  425  461  491  510  520  510  530                                   
    15.0-180.0 180.0   5.0 450.0                            LAT/LON1/LON2/DLON/H
  551  580  583  592  588  585  569  559  544  533  516  501  475  450  418  383
  335  284  236  196  175  171  182  204  229  257  277  290  295  289  278  260
  241  222  210  203  197  195  191  189  182  170  154  134  117  101   88   79
   70   60   54   54   56   72   97  129  159  187  213  238  265  290  324  353
  384  412  442  474  511  528  547  536  551                                   
    12.5-180.0 180.0   5.0 450.0                            LAT/LON1/LON2/DLON/H
  560  587  597  614  617  620  609  604  591  582  565  550  526  502  466  428
  373  319  269  235  218  220  235  257  281  294  301  298  291  278  263  244
  226  212  203  198  194  194  191  189  183  170  154  135  117  100   88   76
   67   58   54   53   59   74  101  134  166  196  223  248  273  300  334  366
  396  425  453  489  519  536  548  539  560                                   
    10.0-180.0 180.0   5.0 450.0                            LAT/LON1/LON2/DLON/H
  570  596  610  634  648  654  651  647  637  629  615  598  577  552  518  476
  422  366  317  288  276  285  298  317  328  325  313  292  278  260  245  226
  215  204  199  196  192  192  189  187  180  168  152  132  114   97   82   71
   62   55   52   54   60   75  101  133  165  197  224  250  276  307  342  373
  404  430  459  488  522  534  555  546  570                                   
     7.5-180.0 180.0   5.0 450.0                            LAT/LON1/LON2/DLON/H
  567  592  610  636  654  666  669  670  665  658  647  635  617  595  562  523
  470  422  377  354  346  355  363  365  358  333  304  274  254  236  225  214
