data/unet/pred0150.15i
     1.0            IONOSPHERE MAPS     GNSS                IONEX VERSION / TYPE
pyspatialgeodesy        IME             05-JAN-18 20:20     PGM / RUN BY / DATE 
Map Name                                                    COMMENT             
Predicted global ionosphere maps (GIM).                     DESCRIPTION         
  2015     1    15     0     0     0                        EPOCH OF FIRST MAP  
  2015     1    16     0     0     0                        EPOCH OF LAST MAP   
  7200                                                      INTERVAL            
    13                                                      # OF MAPS IN FILE   
  NONE                                                      MAPPING FUNCTION    
10.0                                                        ELEVATION CUTOFF    
One-way carrier phase leveled to code                       OBSERVABLES USED    
  6371.0                                                    BASE RADIUS         
 2                                                          MAP DIMENSION       
   450.0 450.0   0.0                                        HGT1 / HGT2 / DHGT  
    87.5 -87.5  -2.5                                        LAT1 / LAT2 / DLAT  
  -180.0 180.0   5.0                                        LON1 / LON2 / DLON  
    -1                                                      EXPONENT            
                                                            END OF HEADER       
[from data line 4719]
    12                                                      START OF TEC MAP    
  2015     1    15    22     0     0                        EPOCH OF CURRENT MAP
    87.5-180.0 180.0   5.0 450.0                            LAT/LON1/LON2/DLON/H
  159  120  110  113  113  113  113  114  115  117  117  119  119  121  120  122
  121  122  120  122  120  122  120  122  121  123  121  123  121  122  121  122
  120  122  120  121  119  120  118  119  117  119  117  118  117  119  117  118
  117  118  117  118  116  117  116  116  115  115  114  114  113  113  111  111
  109  109  108  108  107  107  106  134  159                                   
    85.0-180.0 180.0   5.0 450.0                            LAT/LON1/LON2/DLON/H
  110   96   97   99  102  102  106  107  111  113  117  118  123  124  128  127
  130  128  129  128  128  126  126  125  125  124  124  123  122  121  120  119
  118  117  116  115  115  114  114  113  113  112  113  112  113  113  114  113
  114  113  114  112  113  111  111  109  109  107  106  103  102   99   98   94
   93   91   91   87   89   86   87  112  110                                   
    82.5-180.0 180.0   5.0 450.0                            LAT/LON1/LON2/DLON/H
   90   84   87   92   95  100  104  110  114  121  125  131  134  138  139  142
  140  140  137  137  133  133  129  129  126  127  124  125  122  122  120  119
  118  116  115  114  113  113  112  111  111  111  111  113  112  114  114  116
  116  118  117  118  116  118  115  116  112  112  108  106  101   99   95   92
   88   85   83   79   78   74   74   95   90                                   
    80.0-180.0 180.0   5.0 450.0                            LAT/LON1/LON2/DLON/H
   84   79   80   87   92   99  107  115  123  132  139  146  151  155  156  156
  153  149  145  139  134  130  124  124  119  120  116  118  115  115  113  114
  113  111  111  110  110  108  108  107  108  106  109  108  111  111  115  115
  119  119  122  122  123  123  123  121  119  116  112  108  103   98   93   88
   83   79   75   72   69   66   66   82   84                                   
    77.5-180.0 180.0   5.0 450.0                            LAT/LON1/LON2/DLON/H
   80   77   78   83   91   98  110  119  132  142  153  160  167  168  170  165
  161  152  145  135  128  121  115  111  107  105  103  103  102  101  102  102
  103  101  102  101  101   99  100   98   99   98  101  101  104  104  109  110
  114  115  120  121  123  123  124  122  121  116  114  107  103   96   92   84
   81   74   72   66   66   60   61   79   80                                   
    75.0-180.0 180.0   5.0 450.0                            LAT/LON1/LON2/DLON/H
   83   81   83   93  101  112  123  136  149  162  173  183  188  190  189  182
  172  159  145  132  119  111  101   96   89   89   84   88   85   89   89   93
   93   96   95   96   96   94   93   91   91   91   93   94   97   99  102  104
  107  111  114  117  119  121  121  121  119  116  113  107  102   96   91   86
   80   76   72   69   67   67   68   84   83                                   
    72.5-180.0 180.0   5.0 450.0                            LAT/LON1/LON2/DLON/H
   96   96   98  107  117  128  142  155  169  183  196  205  211  213  208  198
  183  166  147  128  113  100   91   83   78   74   71   73   74   77   80   84
   86   88   89   90   89   89   87   87   85   86   87   89   89   92   94   96
   97  100  103  107  109  111  113  113  112  110  107  102   97   92   88   84
   80   77   76   73   74   73   78   95   96                                   
    70.0-180.0 180.0   5.0 450.0                            LAT/LON1/LON2/DLON/H
  112  114  117  129  139  151  163  178  194  208  223  234  243  244  233  219
  196  176  154  131  112   97   84   76   67   64   60   64   62   67   67   73
   73   78   78   82   80   82   79   79   78   79   80   81   81   82   83   84
   85   87   90   92   95   97   98   99   99   97   95   91   88   84   82   79
   78   77   79   78   80   83   90  109  112                                   
    67.5-180.0 180.0   5.0 450.0                            LAT/LON1/LON2/DLON/H
  132  137  139  153  162  172  185  200  216  233  251  266  274  272  259  241
  214  190  162  140  117   99   85   75   67   61   58   58   57   59   59   64
   64   68   69   72   72   72   71   70   69   71   71   71   70   71   70   71
   70   72   73   76   76   79   79   81   80   80   78   77   74   73   71   71
   72   74   78   81   86   92  101  122  132                                   
    65.0-180.0 180.0   5.0 450.0                            LAT/LON1/LON2/DLON/H
  149  155  160  173  184  194  207  220  238  257  279  293  301  299  287  268
  241  215  183  157  133  112   97   83   74   64   61   55   53   51   51   53
   52   55   55   59   59   61   60   59   60   60   61   61   62   61   60   59
   58   57   58   58   60   60   62   61   63   62   61   60   60   59   60   61
   65   69   76   81   90   99  111  135  149                                   
    62.5-180.0 180.0   5.0 450.0                            LAT/LON1/LON2/DLON/H
  167  171  178  194  205  213  226  240  260  279  298  311  320  321  312  294
  269  243  211  181  155  130  110   97   84   72   63   56   50   46   43   43
   43   43   44   46   47   49   49   50   50   53   52   54   53   54   50   50
   46   46   43   44   43   44   44   46   46   47   46   47   46   47   48   52
   56   63   72   81   92  104  118  146  167                                   
    60.0-180.0 180.0   5.0 450.0                            LAT/LON1/LON2/DLON/H
  182  184  196  211  225  235  247  260  277  293  308  321  332  334  331  317
  295  276  244  215  183  157  134  116  102   84   74   60   52   43   40   36
   34   33   32   35   36   39   40   42   43   46   47   50   50   51   48   46
   42   39   36   35   34   34   35   35   37   36   37   36   37   38   40   44
   50   58   70   80   93  109  125  153  182                                   
    57.5-180.0 180.0   5.0 450.0                            LAT/LON1/LON2/DLON/H
  198  199  215  235  252  261  272  281  293  304  315  328  338  343  343  334
  319  301  277  248  217  189  163  142  124  104   89   73   61   49   42   36
   33   30   30   30   32   33   35   39   40   45   46   49   49   51   47   46
   40   38   34   33   31   32   31   32   32   34   33   34   34   36   38   42
   49   59   71   84  100  118  133  163  198                                   
    55.0-180.0 180.0   5.0 450.0                            LAT/LON1/LON2/DLON/H
  214  215  239  260  279  288  294  299  304  310  318  328  339  344  348  346
  334  324  300  277  248  221  192  167  145  123  105   88   75   62   53   46
   42   39   35   36   34   37   38   42   44   50   52   56   57   58   55   54
   48   45   40   39   37   37   35   36   36   36   36   36   37   38   41   45
   54   63   79   93  111  130  147  176  214                                   
    52.5-180.0 180.0   5.0 450.0                            LAT/LON1/LON2/DLON/H
  232  238  265  288  307  314  317  317  317  320  322  329  338  344  349  349
  343  331  315  291  269  243  218  192  167  144  125  108   95   80   70   60
   56   49   48   44   45   44   46   49   53   58   62   65   67   68   65   62
   57   54   50   48   46   46   44   45   44   45   43   45   44   46   47   53
   61   74   91  111  130  148  164  194  232                                   
    50.0-180.0 180.0   5.0 450.0                            LAT/LON1/LON2/DLON/H
  251  256  289  311  330  335  334  333  329  328  325  327  333  338  343  346
  340  333  316  299  278  259  237  212  185  161  142  125  112   99   87   78
   71   66   61   59   56   57   56   61   64   71   76   80   83   82   80   77
   72   68   64   62   60   60   57   57   56   55   54   53   53   54   58   63
   74   89  110  130  151  169  186  214  251                                   
    47.5-180.0 180.0   5.0 450.0                            LAT/LON1/LON2/DLON/H
  267  277  307  329  345  349  347  346  344  340  334  331  333  336  341  341
  336  324  313  294  283  265  250  226  203  178  160  144  132  117  106   93
   86   77   75   70   70   68   70   73   79   84   90   94   96   95   93   89
   85   81   77   75   73   72   70   69   66   67   63   64   63   64   67   73
   85  104  127  152  174  191  207  235  267                                   
    45.0-180.0 180.0   5.0 450.0                            LAT/LON1/LON2/DLON/H
  283  291  319  338  350  354  355  357  356  353  343  339  338  339  339  339
  331  322  307  295  284  271  258  237  215  191  172  156  143  128  114  103
   93   87   81   81   77   80   79   85   89   97  103  108  112  109  109  104
  101   96   92   89   86   84   81   79   76   75   72   72   71   72   76   82
   96  117  144  169  192  212  228  253  283                                   
    42.5-180.0 180.0   5.0 450.0                            LAT/LON1/LON2/DLON/H
  291  300  323  339  347  353  358  363  366  366  357  354  351  350  350  343
  336  320  309  294  288  275  265  245  225  200  181  164  149  133  118  104
   96   86   86   83   85   85   89   93  100  106  114  118  121  121  119  116
  113  108  103   98   95   92   89   85   82   80   78   78   77   77   81   88
  104  127  156  184  207  226  241  268  291                                   
    40.0-180.0 180.0   5.0 450.0                            LAT/LON1/LON2/DLON/H
  298  305  323  331  338  344  350  359  368  373  367  369  364  364  358  353
  340  330  315  307  300  289  276  256  232  204  183  162  146  127  113   99
   91   86   84   86   86   91   93  101  106  113  120  124  129  127  128  125
  123  118  113  107  102   97   93   89   85   82   80   80   80   81   85   94
  111  136  165  192  214  235  251  277  298                                   
    37.5-180.0 180.0   5.0 450.0                            LAT/LON1/LON2/DLON/H
  299  307  320  325  328  334  343  355  367  377  377  381  380  379  375  366
  356  341  331  322  317  303  290  264  236  203  179  159  138  120  104   93
   85   81   84   86   91   94  101  106  113  119  124  130  130  132  130  129
  126  123  117  110  104   99   94   89   86   82   80   80   81   82   87   97
  116  141  169  194  215  236  253  283  299                                   
    35.0-180.0 180.0   5.0 450.0                            LAT/LON1/LON2/DLON/H
  306  315  323  323  325  328  335  350  364  377  381  390  389  392  382  379
  364  357  345  341  333  320  301  270  237  200  173  151  133  113  102   91
   86   84   89   91   97  101  106  112  117  122  128  130  133  131  133  130
  130  124  119  112  107  102   97   93   88   84   81   80   80   83   89  101
  121  148  173  195  213  233  253  286  306                                   
    32.5-180.0 180.0   5.0 450.0                            LAT/LON1/LON2/DLON/H
  320  334  339  342  339  341  344  358  369  382  388  398  399  401  394  388
  377  368  362  357  351  334  311  273  237  196  170  149  133  119  110  103
   98   96   99  100  106  108  117  118  124  128  132  134  134  132  131  129
  125  122  114  109  104  102   98   96   90   86   81   80   80   84   91  107
  128  155  178  197  214  234  259  297  320                                   
    30.0-180.0 180.0   5.0 450.0                            LAT/LON1/LON2/DLON/H
  347  365  373  373  370  367  366  376  381  389  393  403  403  406  395  392
  379  376  372  371  363  346  317  276  237  199  176  157  148  136  134  129
  127  121  121  117  121  121  128  130  135  137  140  140  140  134  133  128
  126  119  114  107  104  102  102  100   97   91   89   86   87   90  101  120
  145  172  194  209  224  247  274  318  347                                   
    27.5-180.0 180.0   5.0 450.0                            LAT/LON1/LON2/DLON/H
  382  406  414  421  418  414  413  415  413  414  412  418  415  414  402  395
  384  382  381  380  373  352  322  280  247  214  196  182  179  177  185  185
  178  168  157  149  144  142  143  142  145  144  145  146  144  140  133  129
  120  115  105  101   96   98   99  100   97   94   92   91   95  100  115  139
  168  195  216  231  245  271  305  351  382                                   
    25.0-180.0 180.0   5.0 450.0                            LAT/LON1/LON2/DLON/H
  427  456  472  481  483  484  477  473  465  455  443  441  433  426  409  400
  388  385  386  385  379  358  330  293  267  244  235  228  235  242  255  256
  245  225  204  187  173  170  166  161  155  152  152  152  149  142  135  126
  120  110  103   95   92   91   94   92   94   90   94   93  103  110  131  160
  196  224  248  262  279  306  345  391  427                                   
    22.5-180.0 180.0   5.0 450.0                            LAT/LON1/LON2/DLON/H
  476  511  533  556  561  566  560  556  539  524  500  487  469  455  431  418
  401  397  392  394  385  367  341  317  301  290  288  296  316  332  341  336
  322  300  262  232  207  198  193  181  168  161  157  156  151  149  138  133
  122  115  106   98   93   91   92   91   91   91   92   98  108  122  149  190
  231  264  288  305  324  355  398  438  476                                   
    20.0-180.0 180.0   5.0 450.0                            LAT/LON1/LON2/DLON/H
  526  569  604  628  647  654  652  648  624  601  571  546  516  494  466  449
  430  420  414  409  403  383  369  352  346  344  357  365  381  390  400  394
  371  343  304  272  245  231  217  205  185  172  164  161  159  154  145  137
  127  119  111  105   97   95   93   92   90   89   91   96  108  125  159  205
  255  297  330  351  377  410  454  486  526                                   
    17.5-180.0 180.0   5.0 450.0                            LAT/LON1/LON2/DLON/H
  563  619  663  702  724  738  741  740  712  685  651  624  591  560  525  501
  477  467  456  449  436  422  409  407  413  418  424  433  442  448  450  439
  408  377  326  298  267  254  233  220  198  186  173  170  166  161  151  142
  130  124  115  111  103  101   97   95   92   92   92  100  110  133  170  223
  275  326  360  391  415  452  493  524  563                                   
    15.0-180.0 180.0   5.0 450.0                            LAT/LON1/LON2/DLON/H
  591  658  703  737  771  788  804  812  797  776  742  713  675  648  610  586
  551  530  516  501  490  472  472  475  487  490  491  489  484  483  480  466
  432  389  339  308  279  265  246  229  208  196  183  179  174  168  157  149
  137  133  124  125  117  119  112  110  105  103  102  105  116  137  179  229
  289  341  382  415  447  482  525  546  591                                   
    12.5-180.0 180.0   5.0 450.0                            LAT/LON1/LON2/DLON/H
  595  668  709  749  781  808  830  850  855  851  827  802  769  741  706  682
  648  627  601  581  567  554  558  566  578  582  565  543  518  500  486  465
  423  383  337  312  284  275  255  242  220  205  192  186  180  171  162  152
  143  138  134  132  130  130  126  122  117  113  110  114  122  148  187  243
  298  352  390  428  458  498  538  558  595                                   
    10.0-180.0 180.0   5.0 450.0                            LAT/LON1/LON2/DLON/H
  589  661  693  725  765  790  823  850  875  886  872  855  825  805  779  763
  738  715  687  660  645  632  635  636  641  632  599  563  518  488  459  434
  400  370  340  316  294  283  266  249  228  214  200  194  186  178  169  162
  152  151  146  148  145  146  142  140  133  127  123  124  135  159  200  252
  307  357  397  433  469  510  548  559  589                                   
     7.5-180.0 180.0   5.0 450.0                            LAT/LON1/LON2/DLON/H
  567  632  651  682  708  736  771  810  849  877  879  868  849  836  823  816
  800  782  758  737  721  710  706  699  686  659  611  555  496  454  421  402
