data/unet/pred3300.15i
     1.0            IONOSPHERE MAPS     GNSS                IONEX VERSION / TYPE
pyspatialgeodesy        IME             05-JAN-18 20:20     PGM / RUN BY / DATE 
Map Name                                                    COMMENT             
Predicted global ionosphere maps (GIM).                     DESCRIPTION         
  2015    11    26     0     0     0                        EPOCH OF FIRST MAP  
  2015    11    27     0     0     0                        EPOCH OF LAST MAP   
  7200                                                      INTERVAL            
    13                                                      # OF MAPS IN FILE   
  NONE                                                      MAPPING FUNCTION    
10.0                                                        ELEVATION CUTOFF    
One-way carrier phase leveled to code                       OBSERVABLES USED    
  6371.0                                                    BASE RADIUS         
 2                                                          MAP DIMENSION       
   450.0 450.0   0.0                                        HGT1 / HGT2 / DHGT  
    87.5 -87.5  -2.5                                        LAT1 / LAT2 / DLAT  
  -180.0 180.0   5.0                                        LON1 / LON2 / DLON  
    -1                                                      EXPONENT            
                                                            END OF HEADER       
[from data line 3861]
    10                                                      START OF TEC MAP    
  2015    11    26    18     0     0                        EPOCH OF CURRENT MAP
    87.5-180.0 180.0   5.0 450.0                            LAT/LON1/LON2/DLON/H
  108   70   68   71   70   69   69   69   70   71   72   73   73   75   75   76
   76   77   78   78   78   79   79   79   79   78   79   78   78   78   78   77
   78   77   77   77   77   77   77   76   77   76   77   76   77   76   76   76
   76   75   75   75   75   75   75   74   75   74   74   73   73   72   72   71
   71   70   70   69   73   68   75   94  108                                   
    85.0-180.0 180.0   5.0 450.0                            LAT/LON1/LON2/DLON/H
   58   51   51   57   57   58   57   59   58   61   60   63   62   66   64   68
   66   69   67   70   68   70   68   70   67   70   67   69   67   68   66   68
   66   68   66   68   66   68   65   68   65   67   64   67   64   67   63   66
   63   66   63   66   63   66   63   66   64   65   63   65   63   64   62   63
   61   62   58   60   60   55   66   78   58                                   
    82.5-180.0 180.0   5.0 450.0                            LAT/LON1/LON2/DLON/H
   44   38   39   41   41   41   42   44   45   48   50   53   55   59   60   63
   64   67   66   69   67   69   67   68   66   67   65   65   63   65   62   63
   60   62   60   61   59   60   57   59   56   57   55   56   54   55   53   54
   53   54   53   55   54   56   54   56   55   56   55   55   54   54   52   53
   50   50   47   47   46   42   47   47   44                                   
    80.0-180.0 180.0   5.0 450.0                            LAT/LON1/LON2/DLON/H
   35   31   28   32   31   33   33   38   38   44   46   52   55   60   62   67
   68   72   71   74   73   74   71   71   69   68   66   65   63   63   60   61
   59   59   57   58   55   55   52   52   49   49   46   46   44   44   43   43
   43   44   44   46   45   47   47   48   47   48   47   48   46   47   45   45
   43   43   40   39   38   32   38   32   35                                   
    77.5-180.0 180.0   5.0 450.0                            LAT/LON1/LON2/DLON/H
   23   23   22   22   25   25   28   31   36   41   46   53   58   64   70   74
   79   81   84   84   84   82   81   77   75   71   69   65   64   60   60   57
   56   54   54   52   49   48   45   42   40   37   36   33   33   32   33   32
   34   33   36   36   38   38   40   40   41   41   42   42   42   41   41   39
   39   36   37   33   34   27   29   22   23                                   
    75.0-180.0 180.0   5.0 450.0                            LAT/LON1/LON2/DLON/H
   21   21   17   21   21   26   27   33   35   44   49   59   65   74   81   87
   91   95   97   98   96   95   91   87   82   78   74   69   65   61   60   57
   56   54   53   50   46   43   39   36   31   31   27   27   24   26   25   27
   26   29   29   31   32   34   35   36   36   37   37   37   36   37   35   35
   33   34   32   31   31   23   30   20   21                                   
    72.5-180.0 180.0   5.0 450.0                            LAT/LON1/LON2/DLON/H
   21   21   19   20   24   24   29   33   39   47   55   66   76   86   95  102
  107  111  114  114  113  109  106   99   95   87   83   74   71   64   63   59
   57   55   53   50   45   39   35   30   26   23   22   20   20   19   22   21
   24   23   26   27   30   30   32   32   33   33   34   32   34   32   34   32
   34   31   35   31   33   27   31   15   21                                   
    70.0-180.0 180.0   5.0 450.0                            LAT/LON1/LON2/DLON/H
   27   26   22   24   27   30   35   40   48   57   67   79   90  101  111  118
  124  128  132  132  130  126  120  115  106   99   91   83   76   72   68   65
   61   58   54   50   43   39   32   29   22   22   18   20   18   21   20   23
   23   26   26   29   29   31   31   32   31   31   31   31   31   32   32   33
   34   35   36   35   36   27   37   21   27                                   
    67.5-180.0 180.0   5.0 450.0                            LAT/LON1/LON2/DLON/H
   32   32   28   30   34   36   43   49   57   68   79   93  104  115  125  133
  140  144  148  148  146  142  136  128  120  109  102   91   85   76   74   67
   64   59   56   49   44   37   31   27   21   19   19   19   20   21   23   24
   26   26   28   29   29   29   30   29   29   28   29   29   30   30   33   33
   37   37   41   40   41   37   42   23   32                                   
    65.0-180.0 180.0   5.0 450.0                            LAT/LON1/LON2/DLON/H
   38   39   34   36   39   43   49   58   67   81   93  107  117  128  138  146
  153  157  160  161  159  155  148  141  130  121  110  101   90   84   77   72
   65   60   54   48   41   36   29   27   21   22   19   23   21   26   25   28
   27   30   29   31   29   31   28   30   27   29   27   29   29   31   33   36
   38   41   43   45   44   38   48   32   38                                   
    62.5-180.0 180.0   5.0 450.0                            LAT/LON1/LON2/DLON/H
   42   43   40   42   45   49   56   67   77   92  105  118  129  138  147  155
  162  165  169  171  170  166  158  150  142  130  120  108  100   90   85   77
   70   61   55   47   41   34   28   25   22   21   22   23   25   26   29   29
   30   29   30   28   28   26   28   26   28   26   28   27   30   30   34   35
   39   41   45   45   47   43   51   33   42                                   
    60.0-180.0 180.0   5.0 450.0                            LAT/LON1/LON2/DLON/H
   46   48   43   47   49   55   63   74   85  101  114  128  138  147  155  162
  167  171  175  177  177  172  164  155  144  135  125  115  105   98   91   83
   73   64   55   48   40   34   29   27   24   26   26   29   28   32   30   32
   30   30   29   28   26   27   26   27   27   29   30   30   32   33   35   39
   41   44   46   49   48   44   52   38   46                                   
    57.5-180.0 180.0   5.0 450.0                            LAT/LON1/LON2/DLON/H
   48   49   48   52   55   62   70   82   95  109  123  136  146  153  161  167
  172  176  180  181  179  175  167  158  148  138  132  121  115  105  101   91
   81   69   60   50   42   35   31   29   28   29   31   33   34   33   34   32
   32   29   30   26   27   24   28   26   29   28   33   32   35   34   38   39
   43   44   48   47   48   45   52   36   48                                   
    55.0-180.0 180.0   5.0 450.0                            LAT/LON1/LON2/DLON/H
   52   55   53   59   63   71   79   91  103  118  131  143  152  160  167  172
  178  181  185  184  182  175  168  159  149  142  135  129  123  117  110  102
   90   78   67   55   48   39   37   34   36   37   40   41   40   40   38   37
   34   32   31   29   27   27   29   30   32   34   37   38   39   41   43   45
   47   49   50   51   50   46   53   42   52                                   
    52.5-180.0 180.0   5.0 450.0                            LAT/LON1/LON2/DLON/H
   54   58   60   67   73   82   91  102  114  127  139  150  158  165  173  177
  184  186  189  189  183  177  168  160  152  146  143  137  134  127  122  111
  100   85   73   62   54   47   44   44   45   47   50   50   49   47   44   41
   39   36   36   33   33   32   35   36   40   41   45   44   47   46   50   50
   53   52   55   54   54   50   56   42   54                                   
    50.0-180.0 180.0   5.0 450.0                            LAT/LON1/LON2/DLON/H
   60   65   68   80   85   96  104  115  124  137  147  155  164  169  178  183
  191  193  197  192  188  177  171  163  157  153  149  147  143  138  131  120
  108   93   82   71   64   57   57   55   58   59   61   61   59   57   53   51
   46   46   43   43   41   43   44   48   49   53   53   55   54   56   57   59
   60   61   62   63   60   55   62   51   60                                   
    47.5-180.0 180.0   5.0 450.0                            LAT/LON1/LON2/DLON/H
   63   70   78   90   99  109  118  128  136  146  155  162  168  173  183  189
  197  199  201  198  189  182  174  170  165  162  159  156  152  144  136  123
  109   96   86   77   71   67   66   66   68   70   71   72   70   67   64   62
   60   58   58   56   56   56   60   61   65   65   66   64   63   62   65   65
   68   67   71   69   68   62   68   55   63                                   
    45.0-180.0 180.0   5.0 450.0                            LAT/LON1/LON2/DLON/H
   66   74   84  103  110  126  129  142  147  158  163  168  173  178  188  194
  203  205  207  201  196  188  184  181  177  173  168  164  156  148  135  122
  109   97   89   83   81   77   78   77   80   80   82   81   80   78   75   75
   72   74   71   72   69   72   71   75   74   76   72   71   67   69   70   73
   74   76   78   78   74   69   74   66   66                                   
    42.5-180.0 180.0   5.0 450.0                            LAT/LON1/LON2/DLON/H
   64   74   90  108  121  134  142  152  158  167  173  177  179  182  192  198
  205  209  208  206  200  199  195  194  189  184  177  169  159  145  131  117
  105   94   89   86   86   85   86   86   87   86   88   87   86   84   84   84
   85   84   83   81   79   79   81   82   82   79   76   72   70   70   74   74
   79   78   83   79   80   73   78   67   64                                   
    40.0-180.0 180.0   5.0 450.0                            LAT/LON1/LON2/DLON/H
   64   73   89  114  124  143  148  162  166  177  181  185  186  189  196  202
  209  211  213  211  210  208  208  207  201  194  183  173  158  142  126  114
  103   94   92   93   95   96   97   97   96   95   96   94   93   92   91   92
   91   92   87   86   80   84   81   85   81   80   74   72   69   71   74   77
   80   81   83   82   80   73   77   69   64                                   
    37.5-180.0 180.0   5.0 450.0                            LAT/LON1/LON2/DLON/H
   56   67   86  108  125  141  152  165  174  185  190  194  195  196  203  207
  211  214  215  218  216  218  217  216  209  200  188  174  157  140  126  115
  105  100  100  102  105  106  106  105  103  102  101   99   99   97   97   96
   96   92   89   84   79   79   80   81   80   75   71   67   67   68   74   76
   79   78   81   78   79   71   73   62   56                                   
    35.0-180.0 180.0   5.0 450.0                            LAT/LON1/LON2/DLON/H
   54   63   79  105  120  141  152  169  178  193  198  204  205  207  211  215
  218  218  220  223  225  226  225  223  215  205  191  178  160  147  135  127
  122  120  120  122  125  124  123  119  115  111  110  107  106  105  103  102
   97   94   86   81   74   76   75   78   75   74   69   68   67   71   75   77
   79   79   78   76   73   65   67   57   54                                   
    32.5-180.0 180.0   5.0 450.0                            LAT/LON1/LON2/DLON/H
   47   58   72   96  115  133  150  166  181  195  206  212  216  216  222  222
  222  224  225  229  230  230  228  223  216  206  194  184  171  164  157  155
  153  154  154  153  150  147  141  136  130  125  121  118  115  114  112  109
  104   96   86   78   72   71   73   74   74   72   70   70   71   74   78   79
   80   77   76   72   71   64   61   46   47                                   
    30.0-180.0 180.0   5.0 450.0                            LAT/LON1/LON2/DLON/H
   48   58   69   91  110  128  147  164  182  199  211  220  224  229  231  232
  230  230  231  233  235  233  228  223  216  210  204  200  197  197  198  202
  203  203  196  191  181  172  167  158  152  144  138  133  129  127  124  122
  114  104   93   83   77   77   77   81   80   82   79   81   81   84   85   86
   84   81   77   73   67   62   57   44   48                                   
    27.5-180.0 180.0   5.0 450.0                            LAT/LON1/LON2/DLON/H
   51   58   70   90  106  124  145  163  183  199  217  224  234  236  242  239
  237  236  236  239  237  232  226  220  216  217  220  227  233  244  254  263
  263  256  244  229  214  199  191  182  174  166  159  152  146  142  140  137
  129  118  106   95   89   87   89   91   93   93   93   95   94   96   96   94
   90   85   81   74   69   64   58   41   51                                   
    25.0-180.0 180.0   5.0 450.0                            LAT/LON1/LON2/DLON/H
   61   67   79   98  113  130  149  167  188  203  220  230  240  246  248  247
  244  242  241  241  239  231  223  220  223  233  249  268  286  305  318  327
  322  308  287  264  243  225  212  202  194  187  181  173  167  164  160  158
  148  138  123  113  106  104  102  105  104  107  105  108  107  107  106  102
   97   92   85   80   70   68   60   49   61                                   
    22.5-180.0 180.0   5.0 450.0                            LAT/LON1/LON2/DLON/H
   70   76   90  110  124  141  159  177  198  210  225  233  246  250  256  253
  249  247  244  244  238  230  223  225  234  257  283  313  337  361  382  389
  385  363  336  301  270  242  226  213  207  199  193  186  182  180  179  176
  168  157  145  135  127  123  122  122  123  124  125  124  120  119  115  111
  104   97   92   82   75   68   64   51   70                                   
    20.0-180.0 180.0   5.0 450.0                            LAT/LON1/LON2/DLON/H
   83   90  105  126  141  158  173  191  206  220  232  241  251  259  262  260
  254  249  246  243  239  230  228  236  258  290  325  361  390  416  435  442
  432  404  367  325  287  252  231  215  209  202  197  192  189  189  190  192
  186  181  169  158  145  139  132  132  129  131  130  133  130  124  117  111
  106   99   93   87   75   73   65   58   83                                   
    17.5-180.0 180.0   5.0 450.0                            LAT/LON1/LON2/DLON/H
   90  103  120  142  161  179  193  209  221  231  242  251  261  266  271  268
  262  255  249  248  240  238  239  259  289  330  368  405  437  463  482  481
  469  433  392  341  299  258  234  216  207  199  193  188  185  188  194  200
  198  194  184  171  158  153  146  145  143  143  138  136  132  127  119  112
  105   99   94   86   78   72   69   67   90                                   
    15.0-180.0 180.0   5.0 450.0                            LAT/LON1/LON2/DLON/H
   97  111  130  155  175  198  211  233  237  251  253  265  274  283  288  285
  277  265  257  252  248  249  261  291  330  374  412  445  471  490  500  494
  474  435  388  338  295  253  229  209  200  192  186  180  181  181  189  194
  195  195  188  178  165  156  148  147  147  146  141  136  129  125  116  108
  100   94   91   84   74   72   69   70   97                                   
    12.5-180.0 180.0   5.0 450.0                            LAT/LON1/LON2/DLON/H
   95  119  138  166  193  217  232  253  262  275  280  291  300  304  307  302
  294  282  270  266  264  274  293  332  371  414  447  474  496  504  507  490
  463  425  385  335  294  257  231  212  201  189  179  176  175  177  180  188
  191  194  189  178  165  155  147  148  147  147  141  136  127  120  113  104
   96   88   85   78   73   69   68   72   95                                   
    10.0-180.0 180.0   5.0 450.0                            LAT/LON1/LON2/DLON/H
   96  121  143  170  200  226  243  268  277  298  298  318  324  331  330  327
  320  308  296  289  293  307  337  377  416  450  472  491  499  499  486  462
  433  398  364  323  290  256  232  212  198  184  176  168  172  168  175  177
  185  181  182  169  162  152  149  149  153  147  141  132  125  120  113  105
   93   85   81   74   70   68   66   64   96                                   
     7.5-180.0 180.0   5.0 450.0                            LAT/LON1/LON2/DLON/H
   89  123  144  172  204  233  255  278  297  318  331  350  361  365  366  360
  353  337  331  324  332  351  385  422  454  479  493  498  500  485  466  436
