data/unet/pred0360.15i
     1.0            IONOSPHERE MAPS     GNSS                IONEX VERSION / TYPE
pyspatialgeodesy        IME             05-JAN-18 20:20     PGM / RUN BY / DATE 
Map Name                                                    COMMENT             
Predicted global ionosphere maps (GIM).                     DESCRIPTION         
  2015     2     5     0     0     0                        EPOCH OF FIRST MAP  
  2015     2     6     0     0     0                        EPOCH OF LAST MAP   
  7200                                                      INTERVAL            
    13                                                      # OF MAPS IN FILE   
  NONE                                                      MAPPING FUNCTION    
10.0                                                        ELEVATION CUTOFF    
One-way carrier phase leveled to code                       OBSERVABLES USED    
  6371.0                                                    BASE RADIUS         
 2                                                          MAP DIMENSION       
   450.0 450.0   0.0                                        HGT1 / HGT2 / DHGT  
    87.5 -87.5  -2.5                                        LAT1 / LAT2 / DLAT  
  -180.0 180.0   5.0                                        LON1 / LON2 / DLON  
    -1                                                      EXPONENT            
                                                            END OF HEADER       
[from data line 3432]
     9                                                      START OF TEC MAP    
  2015     2     5    16     0     0                        EPOCH OF CURRENT MAP
    87.5-180.0 180.0   5.0 450.0                            LAT/LON1/LON2/DLON/H
  133  139  138  140  140  140  141  143  144  146  146  149  150  151  151  153
  154  155  156  157  159  158  159  158  159  158  158  157  157  155  155  153
  153  151  152  149  150  148  149  147  148  146  146  144  144  142  142  141
  142  140  141  140  141  139  140  138  139  137  137  136  135  134  134  133
  133  133  134  133  133  134  139  154  133                                   
    85.0-180.0 180.0   5.0 450.0                            LAT/LON1/LON2/DLON/H
  103  126  122  123  125  125  129  130  135  136  140  142  147  148  151  154
  157  159  160  164  164  167  165  168  166  166  162  163  159  158  155  154
  152  149  148  146  146  143  144  141  143  140  141  138  139  137  137  135
  134  134  132  132  130  131  129  130  127  129  124  126  121  123  118  120
  116  118  115  117  115  114  120  120  103                                   
    82.5-180.0 180.0   5.0 450.0                            LAT/LON1/LON2/DLON/H
   96   99   98  100   99  102  105  109  113  117  122  126  132  134  141  144
  151  153  159  161  165  165  169  168  170  167  168  163  163  157  156  152
  151  145  145  141  141  137  137  134  135  133  133  133  133  134  133  132
  132  131  130  128  127  125  124  121  119  117  114  112  109  108  104  102
   99   98   96   95   93   89  102   91   96                                   
    80.0-180.0 180.0   5.0 450.0                            LAT/LON1/LON2/DLON/H
   79   82   83   78   79   82   84   89   92   96  100  105  111  116  123  129
  137  144  149  155  157  162  163  167  165  166  161  160  154  151  145  143
  137  134  128  126  120  119  115  114  113  114  114  115  116  119  119  121
  120  120  118  117  115  114  111  110  107  107  104  104  102  100   97   95
   91   89   85   81   78   77   84   79   79                                   
    77.5-180.0 180.0   5.0 450.0                            LAT/LON1/LON2/DLON/H
   70   72   65   63   61   64   66   70   72   76   82   86   94   98  107  114
  125  130  141  146  154  157  163  165  167  164  162  157  152  146  141  136
  130  125  119  114  107  103   99   98   94   95   96   98  100  103  105  108
  109  113  111  113  110  112  109  108  104  105  103  102  101   98   97   92
   91   86   83   77   72   67   75   71   70                                   
    75.0-180.0 180.0   5.0 450.0                            LAT/LON1/LON2/DLON/H
   70   72   68   62   67   67   72   70   76   74   82   81   92   93  106  110
  122  129  141  148  158  163  170  173  176  172  170  164  157  150  142  136
  129  121  115  108  101   95   90   87   84   85   84   86   87   91   94   98
  100  105  107  109  109  110  109  107  107  106  108  105  106  104  103  100
   99   95   92   84   82   77   86   80   70                                   
    72.5-180.0 180.0   5.0 450.0                            LAT/LON1/LON2/DLON/H
   75   77   70   70   66   69   70   74   77   80   85   88   94   95  104  108
  122  129  146  154  169  175  188  192  195  196  192  187  177  165  154  144
  134  125  116  108  100   93   87   82   78   77   79   79   81   82   85   86
   89   95   99  104  107  111  112  114  114  115  115  115  115  114  114  111
  110  107  103   98   91   87   94   89   75                                   
    70.0-180.0 180.0   5.0 450.0                            LAT/LON1/LON2/DLON/H
   83   86   82   76   78   79   82   81   86   84   91   89   98   97  109  111
  128  136  156  168  186  197  213  220  224  223  218  210  195  184  167  157
  144  132  122  113  104   95   88   82   78   74   73   73   74   76   76   80
   80   87   88   97   97  106  107  112  112  115  116  117  117  117  118  115
  117  113  114  107  104   98  105  100   83                                   
    67.5-180.0 180.0   5.0 450.0                            LAT/LON1/LON2/DLON/H
   84   85   81   81   79   82   82   86   88   90   94   95  103  104  113  119
  134  147  168  182  205  219  240  251  252  251  244  235  221  206  190  175
  161  149  135  125  114  106   97   90   82   78   74   73   70   71   70   72
   72   75   78   80   84   87   91   96  100  105  107  111  112  113  114  115
  115  114  113  110  103   98  101  100   84                                   
    65.0-180.0 180.0   5.0 450.0                            LAT/LON1/LON2/DLON/H
   84   84   86   80   83   83   85   85   88   87   93   95  104  106  118  124
  142  154  183  197  227  243  268  275  277  271  264  253  240  228  213  200
  184  172  159  146  134  121  111  101   94   86   81   77   72   70   64   64
   59   61   61   64   65   71   72   79   80   89   90   96   96   99  101  102
  104  102  104   99   96   89   93   93   84                                   
    62.5-180.0 180.0   5.0 450.0                            LAT/LON1/LON2/DLON/H
   74   71   73   75   76   78   78   81   82   86   90   94  104  106  120  127
  147  165  192  211  243  258  286  291  291  283  275  265  255  243  234  223
  209  196  180  167  152  141  128  117  106   98   88   81   73   67   58   53
   48   46   48   47   51   52   57   58   63   66   71   75   79   78   81   82
   84   84   82   81   73   69   72   74   74                                   
    60.0-180.0 180.0   5.0 450.0                            LAT/LON1/LON2/DLON/H
   56   57   65   64   68   66   69   69   74   75   84   90  101  105  120  130
  151  167  200  220  254  271  299  301  301  288  281  271  266  259  255  249
  239  227  209  193  177  161  150  136  127  114  104   96   85   76   61   53
   42   39   36   37   37   39   42   45   49   52   55   59   62   64   64   64
   63   62   63   57   53   51   53   56   56                                   
    57.5-180.0 180.0   5.0 450.0                            LAT/LON1/LON2/DLON/H
   34   42   51   54   58   58   58   60   60   67   75   87   98  106  120  133
  154  176  206  228  262  277  304  307  308  292  287  276  274  269  268  265
  257  248  229  212  193  178  165  154  142  131  119  108   96   83   68   55
   44   36   36   30   35   32   38   40   44   44   47   48   52   51   52   50
   51   49   47   44   39   40   38   37   34                                   
    55.0-180.0 180.0   5.0 450.0                            LAT/LON1/LON2/DLON/H
   22   33   48   46   52   50   50   46   50   55   69   80   96  103  124  136
  164  181  213  234  265  280  305  307  312  297  294  284  286  280  283  281
  278  269  253  233  215  198  185  172  162  151  140  128  116  100   85   70
   57   48   44   40   40   41   44   48   51   52   52   51   54   52   53   50
   50   47   46   43   41   41   40   30   22                                   
    52.5-180.0 180.0   5.0 450.0                            LAT/LON1/LON2/DLON/H
   25   39   51   51   55   46   38   38   38   52   65   82   98  112  130  147
  172  193  222  243  271  283  303  308  314  309  307  300  302  297  299  296
  291  280  263  244  225  210  197  185  177  167  156  144  131  116  101   88
   77   68   61   57   57   57   61   63   68   66   65   62   64   60   59   57
   57   55   53   52   50   51   47   37   25                                   
    50.0-180.0 180.0   5.0 450.0                            LAT/LON1/LON2/DLON/H
   43   48   63   57   58   45   40   36   43   52   71   85  104  117  140  157
  187  206  233  249  273  283  301  308  318  316  319  313  316  311  314  306
  304  288  275  254  239  223  213  200  193  182  172  159  149  134  123  109
  102   94   89   85   80   81   81   85   88   87   85   82   82   77   77   72
   72   70   70   69   69   70   70   59   43                                   
    47.5-180.0 180.0   5.0 450.0                            LAT/LON1/LON2/DLON/H
   69   74   79   77   77   68   55   54   54   71   83  103  118  134  155  175
  202  223  247  260  282  288  303  310  319  322  325  324  326  320  320  312
  304  287  272  254  244  230  224  213  206  195  185  173  163  150  138  129
  120  116  112  108  103  103  103  106  108  108  104  103  100   97   94   92
   88   87   86   87   86   90   90   85   69                                   
    45.0-180.0 180.0   5.0 450.0                            LAT/LON1/LON2/DLON/H
   95   89   94   89   94   80   76   67   73   86  104  121  137  152  172  192
  218  237  260  272  290  296  310  318  329  334  336  332  330  321  318  306
  298  280  268  255  251  242  237  227  218  204  192  181  172  161  150  140
  133  129  125  122  116  115  113  117  119  120  118  115  114  111  111  107
  106  104  104  103  105  108  115  111   95                                   
    42.5-180.0 180.0   5.0 450.0                            LAT/LON1/LON2/DLON/H
  113  106  102  103  102  102   98   95   94  113  126  144  155  171  188  209
  234  254  276  288  304  308  321  330  341  344  344  336  330  317  308  296
  286  272  266  259  261  255  253  243  232  216  203  192  182  170  158  148
  141  135  130  125  119  115  114  115  117  120  117  119  115  116  114  114
  110  111  108  111  113  119  124  125  113                                   
    40.0-180.0 180.0   5.0 450.0                            LAT/LON1/LON2/DLON/H
  119  111  110  105  110  107  110  110  116  130  144  161  177  189  207  226
  251  269  291  301  315  324  334  345  351  353  345  335  319  305  291  282
  273  269  269  273  278  278  274  261  246  227  210  199  190  177  166  151
  143  134  128  120  112  106  103  105  109  111  112  111  112  110  112  111
  110  106  105  104  111  116  125  126  119                                   
    37.5-180.0 180.0   5.0 450.0                            LAT/LON1/LON2/DLON/H
  112  107  105  104  105  105  107  111  119  134  154  178  190  206  221  240
  263  282  303  313  326  334  346  356  361  358  350  334  316  300  289  283
  283  287  297  305  311  310  303  288  267  247  228  215  203  189  175  160
  148  137  128  118  108   99   94   94   97  101  101  100   99   98   98   98
   96   92   88   89   94  104  111  114  112                                   
    35.0-180.0 180.0   5.0 450.0                            LAT/LON1/LON2/DLON/H
   97   97   97   93   97   95  102  104  121  137  166  188  210  224  244  259
  284  299  319  328  343  352  361  370  368  365  350  337  316  306  297  302
  308  325  338  353  356  354  338  321  294  272  249  237  224  211  196  179
  168  152  143  129  119  106  101   97  100  102  103  100   98   95   96   95
   95   90   85   79   80   84   93   98   97                                   
    32.5-180.0 180.0   5.0 450.0                            LAT/LON1/LON2/DLON/H
   83   80   81   85   87   87   90   96  113  136  169  198  222  241  258  275
  297  312  332  340  355  363  373  378  375  370  362  352  340  336  338  350
  372  397  420  428  423  407  383  362  330  309  283  270  256  245  229  215
  200  188  180  165  152  137  129  120  120  117  114  112  107  104  104  103
  102   94   90   80   75   78   78   79   83                                   
    30.0-180.0 180.0   5.0 450.0                            LAT/LON1/LON2/DLON/H
   71   72   71   73   78   75   80   85  106  132  170  203  237  256  279  294
  317  327  346  356  370  377  383  385  380  377  373  375  374  387  396  431
  460  502  518  524  500  475  435  408  374  353  328  315  299  290  275  264
  251  243  228  217  196  178  162  157  152  154  148  147  135  131  127  128
  118  112   99   92   85   85   82   67   71                                   
    27.5-180.0 180.0   5.0 450.0                            LAT/LON1/LON2/DLON/H
   77   74   72   71   72   67   66   73   92  128  171  212  245  267  289  308
  331  342  361  370  383  389  389  387  384  390  403  420  442  467  500  542
  586  617  633  615  586  540  498  462  431  405  384  363  352  337  329  317
  309  302  298  287  270  254  238  216  208  198  191  183  175  163  154  150
  146  136  128  107   90   77   80   64   77                                   
    25.0-180.0 180.0   5.0 450.0                            LAT/LON1/LON2/DLON/H
   87   69   73   80   71   68   59   65   85  124  171  219  255  279  307  329
  352  366  383  393  402  406  402  397  397  413  438  482  519  568  614  667
  706  740  742  722  665  611  558  525  483  461  436  425  414  413  408  407
  397  398  392  387  371  351  317  297  276  268  258  248  242  229  225  216
  200  187  165  149  129  108   90   87   87                                   
    22.5-180.0 180.0   5.0 450.0                            LAT/LON1/LON2/DLON/H
  108   77   78   77   75   67   59   66   86  131  173  232  265  291  320  345
  370  385  406  417  426  423  417  410  421  448  494  544  604  653  713  770
  815  834  828  784  735  667  620  585  552  527  509  495  494  491  494  492
  490  485  483  475  461  434  401  372  346  328  308  296  280  277  263  267
  253  247  217  203  187  171  141  121  108                                   
    20.0-180.0 180.0   5.0 450.0                            LAT/LON1/LON2/DLON/H
  133   91   86   77   81   86   82   92  107  157  193  246  277  306  337  371
  394  417  434  449  453  452  444  444  458  497  547  610  671  740  799  855
  886  908  883  841  772  719  669  645  623  598  578  559  549  540  536  532
  530  525  527  518  513  487  463  435  409  382  360  344  333  322  313  304
  298  287  272  248  228  196  187  155  133                                   
    17.5-180.0 180.0   5.0 450.0                            LAT/LON1/LON2/DLON/H
  161  122  113   94   90   91   92  106  135  173  215  261  293  327  358  391
  423  444  470  481  490  485  484  486  510  544  600  655  729  790  847  883
  915  916  895  844  789  741  700  680  665  651  627  597  579  558  558  550
  551  543  543  538  526  508  484  462  437  408  391  378  378  363  362  347
  338  323  301  281  249  220  212  179  161                                   
    15.0-180.0 180.0   5.0 450.0                            LAT/LON1/LON2/DLON/H
  176  147  134  112  103   98   99  119  153  202  240  278  313  344  382  420
  449  477  501  519  527  529  529  543  565  607  657  715  777  827  864  892
  897  898  872  840  794  759  725  711  701  692  669  628  600  570  563  546
  543  528  531  516  509  489  475  452  430  404  392  389  389  386  373  359
  346  338  312  292  257  228  216  190  176                                   
    12.5-180.0 180.0   5.0 450.0                            LAT/LON1/LON2/DLON/H
  176  162  141  124  107   98   97  130  163  218  257  298  327  365  408  446
  482  507  540  557  573  577  584  593  612  642  703  744  799  818  847  852
  855  849  832  814  787  767  743  738  726  716  685  633  589  546  525  505
  496  486  478  468  457  445  430  413  395  382  374  380  380  381  363  353
  328  320  293  277  247  226  227  186  176                                   
    10.0-180.0 180.0   5.0 450.0                            LAT/LON1/LON2/DLON/H
  158  166  146  131  118  106  105  144  180  242  280  319  355  388  444  487
  521  552  584  608  626  633  644  649  678  703  745  774  799  814  819  821
  813  804  797  787  782  765  756  748  743  727  695  632  577  523  494  469
  451  431  417  400  392  388  385  376  374  366  370  369  368  357  337  319
  298  284  268  253  236  224  218  170  158                                   
     7.5-180.0 180.0   5.0 450.0                            LAT/LON1/LON2/DLON/H
  136  156  139  130  109  100  105  148  197  257  298  344  374  418  468  514
  552  586  615  647  670  676  684  690  722  744  775  783  795  794  799  791
