data/unet/pred3320.15i
     1.0            IONOSPHERE MAPS     GNSS                IONEX VERSION / TYPE
pyspatialgeodesy        IME             05-JAN-18 20:20     PGM / RUN BY / DATE 
Map Name                                                    COMMENT             
Predicted global ionosphere maps (GIM).                     DESCRIPTION         
  2015    11    28     0     0     0                        EPOCH OF FIRST MAP  
  2015    11    29     0     0     0                        EPOCH OF LAST MAP   
  7200                                                      INTERVAL            
    13                                                      # OF MAPS IN FILE   
  NONE                                                      MAPPING FUNCTION    
10.0                                                        ELEVATION CUTOFF    
One-way carrier phase leveled to code                       OBSERVABLES USED    
  6371.0                                                    BASE RADIUS         
 2                                                          MAP DIMENSION       
   450.0 450.0   0.0                                        HGT1 / HGT2 / DHGT  
    87.5 -87.5  -2.5                                        LAT1 / LAT2 / DLAT  
  -180.0 180.0   5.0                                        LON1 / LON2 / DLON  
    -1                                                      EXPONENT            
                                                            END OF HEADER       
[from data line 2145]
     6                                                      START OF TEC MAP    
  2015    11    28    10     0     0                        EPOCH OF CURRENT MAP
    87.5-180.0 180.0   5.0 450.0                            LAT/LON1/LON2/DLON/H
   41   60   49   52   49   49   48   48   47   47   45   45   43   43   41   41
   39   39   37   37   35   34   33   32   31   30   30   29   27   28   27   27
   26   27   26   26   26   26   26   26   26   27   28   28   28   29   30   31
   30   32   32   33   32   34   33   35   35   36   36   37   37   39   38   40
   40   42   42   45   43   45   41   47   41                                   
    85.0-180.0 180.0   5.0 450.0                            LAT/LON1/LON2/DLON/H
   63   62   60   63   61   61   61   60   60   59   58   57   56   54   53   51
   50   49   47   47   45   45   44   45   43   45   44   45   43   45   44   45
   45   45   45   45   45   44   44   44   44   44   44   44   44   45   45   46
   46   47   46   47   47   48   48   49   49   50   51   51   52   53   53   54
   55   56   56   56   55   58   62   54   63                                   
    82.5-180.0 180.0   5.0 450.0                            LAT/LON1/LON2/DLON/H
   55   64   56   58   54   54   53   54   52   51   49   48   46   44   42   40
   39   37   36   34   34   34   34   35   35   37   36   38   37   40   38   40
   39   41   39   41   38   41   38   40   38   41   38   41   39   41   40   42
   41   43   41   43   41   43   41   43   42   44   43   45   44   46   45   47
   46   48   48   50   50   52   53   46   55                                   
    80.0-180.0 180.0   5.0 450.0                            LAT/LON1/LON2/DLON/H
   54   56   48   50   46   48   46   48   45   45   41   41   37   35   32   31
   28   28   25   25   24   25   24   26   26   29   29   31   31   34   34   35
   35   36   36   36   35   36   35   35   35   36   35   37   36   39   38   41
   39   42   39   41   38   40   37   40   37   39   37   40   38   41   38   42
   39   43   40   42   41   43   46   39   54                                   
    77.5-180.0 180.0   5.0 450.0                            LAT/LON1/LON2/DLON/H
   44   47   40   41   40   40   41   40   40   37   37   33   33   29   29   26
   26   24   24   23   23   23   24   25   26   28   30   31   33   34   36   37
   38   39   40   40   40   41   40   42   40   42   42   44   44   47   48   49
   49   51   49   49   46   46   43   43   40   40   38   38   37   37   37   37
   37   37   37   36   37   36   38   22   44                                   
    75.0-180.0 180.0   5.0 450.0                            LAT/LON1/LON2/DLON/H
   34   37   32   37   35   38   37   40   36   37   33   33   28   29   26   28
   25   27   26   28   26   28   27   29   27   31   30   34   32   37   37   41
   40   44   44   46   45   48   46   50   48   52   51   55   54   59   59   63
   60   64   60   61   56   55   49   48   43   43   39   40   36   38   36   37
   34   35   33   33   32   33   33   17   34                                   
    72.5-180.0 180.0   5.0 450.0                            LAT/LON1/LON2/DLON/H
   27   31   30   30   31   31   34   34   34   32   33   30   30   28   29   28
   31   31   34   34   36   35   36   34   34   33   34   33   35   37   40   42
   45   46   50   51   53   54   56   58   59   63   64   67   69   72   74   77
   75   78   74   73   67   64   56   53   46   44   40   39   37   38   37   38
   36   35   34   32   32   31   30    9   27                                   
    70.0-180.0 180.0   5.0 450.0                            LAT/LON1/LON2/DLON/H
   20   25   25   28   27   32   31   35   32   33   30   32   28   31   30   35
   35   40   40   44   43   44   41   39   36   34   33   33   33   36   39   43
   47   52   55   59   61   65   66   71   72   78   79   84   86   91   91   95
   94   95   92   87   81   73   67   59   53   48   44   44   41   42   41   42
   41   41   39   38   35   35   32   13   20                                   
    67.5-180.0 180.0   5.0 450.0                            LAT/LON1/LON2/DLON/H
   21   27   28   28   29   30   32   33   33   32   32   31   32   32   36   38
   44   46   52   52   53   51   48   42   37   32   30   28   30   32   38   41
   50   53   61   64   69   73   77   82   85   92   94  100  103  107  109  110
  110  109  104   97   88   78   69   60   51   46   42   41   39   41   41   44
   43   44   43   41   40   38   36   15   21                                   
    65.0-180.0 180.0   5.0 450.0                            LAT/LON1/LON2/DLON/H
   25   30   28   30   28   32   30   35   31   34   31   33   32   37   38   45
   47   55   56   59   57   55   49   43   35   30   25   24   26   31   37   45
   52   60   65   73   76   84   87   96   99  107  110  115  118  122  123  124
  122  120  114  105   95   82   71   60   53   47   44   42   43   44   45   48
   49   50   50   51   47   45   44   28   25                                   
    62.5-180.0 180.0   5.0 450.0                            LAT/LON1/LON2/DLON/H
   33   38   35   34   33   33   33   35   33   33   32   33   34   37   41   46
   52   56   60   59   58   53   47   40   32   25   20   20   22   27   37   45
   56   64   72   78   84   92   97  105  110  119  122  127  128  131  132  131
  130  126  119  107   95   81   69   58   50   43   40   39   39   41   42   46
   47   50   51   52   50   49   49   34   33                                   
    60.0-180.0 180.0   5.0 450.0                            LAT/LON1/LON2/DLON/H
   42   43   40   38   35   35   34   36   33   34   31   34   33   38   41   48
   50   56   54   56   52   49   42   35   27   22   17   18   21   31   40   54
   63   74   80   90   95  104  109  117  122  129  132  135  135  137  135  135
  132  128  119  109   97   82   70   58   54   47   45   43   44   43   44   46
   49   51   53   56   54   54   53   44   42                                   
    57.5-180.0 180.0   5.0 450.0                            LAT/LON1/LON2/DLON/H
   50   53   45   43   38   38   36   36   34   33   32   32   33   36   40   45
   48   49   50   47   46   40   37   31   25   21   18   19   25   35   48   60
   73   82   90   99  105  112  118  125  131  137  139  140  140  139  138  136
  134  129  123  110   99   84   74   63   57   52   48   47   44   44   42   43
   44   47   50   53   54   55   57   47   50                                   
    55.0-180.0 180.0   5.0 450.0                            LAT/LON1/LON2/DLON/H
   57   58   51   48   43   41   39   40   37   37   34   34   33   36   38   43
   42   45   39   39   33   34   30   31   25   25   22   27   33   46   58   75
   85  100  104  116  117  127  131  139  141  149  146  149  144  145  139  141
  135  134  125  117  103   91   79   71   65   62   60   57   54   50   48   46
   46   47   49   55   54   58   60   53   57                                   
    52.5-180.0 180.0   5.0 450.0                            LAT/LON1/LON2/DLON/H
   63   67   56   55   48   47   43   44   40   39   36   35   34   35   38   40
   41   39   36   32   31   29   31   31   32   31   32   35   44   56   71   84
   98  110  117  124  130  137  143  148  153  155  155  152  151  147  146  143
  143  138  136  124  113   98   89   80   76   72   69   66   61   56   51   49
   46   47   49   53   54   58   63   52   63                                   
    50.0-180.0 180.0   5.0 450.0                            LAT/LON1/LON2/DLON/H
   68   69   64   62   57   55   52   51   48   46   41   40   36   37   38   41
   39   39   32   33   28   34   34   42   41   45   45   51   58   71   83  101
  112  127  130  140  143  153  156  165  164  169  162  164  156  157  150  153
  148  150  143  137  122  112  100   94   87   85   82   78   74   68   63   58
   55   55   55   59   59   63   65   56   68                                   
    47.5-180.0 180.0   5.0 450.0                            LAT/LON1/LON2/DLON/H
   70   77   70   70   63   62   58   58   54   51   47   43   40   40   41   43
   43   41   38   35   35   38   44   50   54   57   58   62   70   80   92  108
  120  132  138  147  154  161  168  171  175  173  172  168  165  162  160  158
  159  156  155  145  135  121  110  101   96   91   88   84   79   74   68   64
   61   61   62   64   63   66   71   55   70                                   
    45.0-180.0 180.0   5.0 450.0                            LAT/LON1/LON2/DLON/H
   72   76   77   76   73   72   69   69   65   63   56   53   47   47   45   50
   47   49   44   46   44   52   55   64   66   71   71   77   81   91  101  118
  127  141  147  160  168  178  183  189  188  189  182  181  173  174  167  170
  166  167  161  156  142  133  117  110  100   97   90   88   83   80   75   73
   70   71   71   74   71   72   74   61   72                                   
    42.5-180.0 180.0   5.0 450.0                            LAT/LON1/LON2/DLON/H
   72   82   79   81   76   77   74   75   72   69   65   59   55   52   52   54
   55   55   55   54   56   60   66   73   77   81   82   85   88   95  104  116
  126  138  151  163  177  186  197  198  200  195  191  185  181  178  177  174
  174  169  167  158  148  135  121  110  100   92   87   82   81   78   76   75
   75   76   78   78   75   74   78   61   72                                   
    40.0-180.0 180.0   5.0 450.0                            LAT/LON1/LON2/DLON/H
   73   76   81   82   81   81   80   82   80   80   75   71   64   61   58   63
   62   66   64   68   69   75   78   84   85   89   90   95   97  106  110  122
  130  146  158  178  192  205  212  218  215  213  203  200  191  191  185  185
  179  177  171  165  152  142  125  115  100   92   84   81   79   78   78   78
   79   82   82   84   78   78   77   64   73                                   
    37.5-180.0 180.0   5.0 450.0                            LAT/LON1/LON2/DLON/H
   70   77   76   79   76   78   76   80   80   82   80   76   72   67   66   66
   69   71   73   77   78   83   84   86   87   90   93   98  103  110  114  122
  132  147  165  184  204  217  229  230  229  222  215  205  201  196  194  188
  186  180  177  168  160  147  135  120  107   94   86   79   79   77   78   79
   81   83   85   83   78   75   76   60   70                                   
    35.0-180.0 180.0   5.0 450.0                            LAT/LON1/LON2/DLON/H
   67   66   70   70   71   72   74   77   80   84   86   84   80   76   71   73
   71   77   80   86   87   89   87   88   87   92   96  106  113  121  125  134
  144  162  180  204  222  240  248  252  245  240  227  222  212  211  205  203
  195  193  185  180  170  163  148  138  121  108   96   90   86   85   85   85
   85   85   85   85   75   74   71   58   67                                   
    32.5-180.0 180.0   5.0 450.0                            LAT/LON1/LON2/DLON/H
   59   62   57   60   58   62   62   67   71   79   84   85   84   80   76   74
   74   79   83   88   88   88   83   82   82   86   96  109  119  130  137  147
  159  177  199  223  244  260  268  271  267  257  246  236  229  225  223  217
  215  208  206  198  192  185  178  168  155  139  128  116  111  104  101   96
   91   88   86   82   73   70   67   54   59                                   
    30.0-180.0 180.0   5.0 450.0                            LAT/LON1/LON2/DLON/H
   55   51   49   49   51   53   57   59   66   73   83   86   88   84   80   78
   76   81   85   89   88   87   81   79   80   89  101  120  134  150  160  172
  185  204  227  251  270  286  293  298  290  284  271  264  255  253  248  247
  242  242  236  234  228  225  217  210  198  184  170  160  151  144  133  123
  110  103   94   88   74   73   66   53   55                                   
    27.5-180.0 180.0   5.0 450.0                            LAT/LON1/LON2/DLON/H
   53   55   44   45   40   44   46   49   55   65   75   82   86   84   81   78
   76   80   83   86   82   79   74   71   74   86  103  126  147  167  179  194
  208  229  252  272  290  304  314  317  315  306  300  291  290  286  286  282
  282  279  279  274  275  272  269  262  252  240  226  212  200  188  176  160
  142  127  114   99   86   82   72   54   53                                   
    25.0-180.0 180.0   5.0 450.0                            LAT/LON1/LON2/DLON/H
   55   54   44   43   39   41   44   44   52   59   71   76   83   82   81   78
   77   79   82   82   79   76   72   72   78   92  112  137  162  183  200  216
  234  254  277  294  311  325  335  341  339  336  331  328  328  329  326  328
  327  331  332  337  337  342  336  332  319  304  286  265  248  230  214  200
  177  158  137  125  104   98   86   68   55                                   
    22.5-180.0 180.0   5.0 450.0                            LAT/LON1/LON2/DLON/H
   68   72   58   53   44   42   41   41   45   53   63   69   76   76   77   76
   74   77   76   75   70   66   64   68   77   95  118  142  169  190  210  229
  250  271  293  311  326  339  351  358  363  362  365  364  369  369  374  373
  380  380  391  392  401  402  404  398  389  369  349  320  297  269  252  233
  216  194  172  151  131  117  104   83   68                                   
    20.0-180.0 180.0   5.0 450.0                            LAT/LON1/LON2/DLON/H
   84   90   77   67   55   50   49   43   47   50   60   62   72   70   75   74
   75   75   75   71   69   65   69   73   86  103  127  151  176  197  220  243
  266  286  306  323  338  353  366  375  382  386  394  400  407  410  414  417
  420  427  432  445  450  456  454  448  437  413  391  357  332  301  283  263
  245  227  203  184  162  149  128  106   84                                   
    17.5-180.0 180.0   5.0 450.0                            LAT/LON1/LON2/DLON/H
  104  117  103   91   73   63   59   48   50   51   55   58   64   65   69   71
   72   73   72   68   65   65   68   76   90  107  131  150  178  196  224  247
  273  295  317  337  349  366  379  392  401  410  422  432  445  448  457  455
  462  460  471  473  483  480  479  470  460  433  409  377  354  321  302  283
  269  248  230  207  188  171  154  126  104                                   
    15.0-180.0 180.0   5.0 450.0                            LAT/LON1/LON2/DLON/H
  124  132  127  114   95   82   73   64   60   58   60   57   63   60   67   67
   71   70   72   66   69   67   76   82  100  112  137  158  183  206  233  258
  281  308  330  350  360  380  393  406  421  434  451  467  480  487  488  489
  490  490  493  496  496  495  491  480  468  439  416  385  362  331  309  291
  279  263  244  228  208  192  173  153  124                                   
    12.5-180.0 180.0   5.0 450.0                            LAT/LON1/LON2/DLON/H
  142  147  138  133  112  103   90   79   76   67   64   60   62   61   64   67
   69   70   70   68   70   69   78   88  106  118  143  162  189  210  236  258
  287  318  341  363  372  393  403  424  437  456  472  491  503  497  503  498
  507  497  500  492  493  485  479  466  453  425  402  373  352  323  303  284
  277  264  252  235  218  202  186  170  142                                   
    10.0-180.0 180.0   5.0 450.0                            LAT/LON1/LON2/DLON/H
  152  151  142  138  121  111  101   93   85   81   76   71   70   65   68   66
   68   68   71   68   74   75   87   95  111  127  155  177  201  224  245  270
  299  332  353  374  383  400  415  432  452  469  489  510  517  513  511  507
  510  502  494  489  485  481  472  456  440  411  388  360  340  313  291  274
  265  258  245  236  223  206  193  184  152                                   
     7.5-180.0 180.0   5.0 450.0                            LAT/LON1/LON2/DLON/H
  160  150  139  137  118  114  104   98   94   93   88   81   76   71   70   69
   68   67   72   69   74   81   89  101  116  138  168  188  213  235  251  277
