data/unet/pred2340.15i
     1.0            IONOSPHERE MAPS     GNSS                IONEX VERSION / TYPE
pyspatialgeodesy        IME             05-JAN-18 20:20     PGM / RUN BY / DATE 
Map Name                                                    COMMENT             
Predicted global ionosphere maps (GIM).                     DESCRIPTION         
  2015     8    22     0     0     0                        EPOCH OF FIRST MAP  
  2015     8    23     0     0     0                        EPOCH OF LAST MAP   
  7200                                                      INTERVAL            
    13                                                      # OF MAPS IN FILE   
  NONE                                                      MAPPING FUNCTION    
10.0                                                        ELEVATION CUTOFF    
One-way carrier phase leveled to code                       OBSERVABLES USED    
  6371.0                                                    BASE RADIUS         
 2                                                          MAP DIMENSION       
   450.0 450.0   0.0                                        HGT1 / HGT2 / DHGT  
    87.5 -87.5  -2.5                                        LAT1 / LAT2 / DLAT  
  -180.0 180.0   5.0                                        LON1 / LON2 / DLON  
    -1                                                      EXPONENT            
                                                            END OF HEADER       
[from data line 3432]
     9                                                      START OF TEC MAP    
  2015     8    22    16     0     0                        EPOCH OF CURRENT MAP
    87.5-180.0 180.0   5.0 450.0                            LAT/LON1/LON2/DLON/H
  128  138  136  136  136  135  135  136  137  137  138  138  139  139  139  139
  138  138  138  137  136  136  135  134  134  133  132  131  131  130  129  128
  128  127  127  126  126  126  125  125  125  124  125  124  125  124  125  125
  126  126  127  127  128  128  129  129  130  130  131  130  131  131  131  131
  132  132  132  132  132  134  138  153  128                                   
    85.0-180.0 180.0   5.0 450.0                            LAT/LON1/LON2/DLON/H
  108  129  124  126  126  128  128  130  131  132  133  134  135  135  136  135
  136  135  135  133  133  131  130  129  128  126  125  123  122  121  120  118
  118  117  116  115  114  114  113  112  112  112  112  112  112  113  113  114
  114  116  115  118  117  120  119  121  120  122  121  122  121  122  121  121
  121  122  121  122  122  121  125  126  108                                   
    82.5-180.0 180.0   5.0 450.0                            LAT/LON1/LON2/DLON/H
  110  113  113  114  113  115  116  118  119  121  122  124  125  126  127  127
  128  127  128  127  127  126  124  123  121  121  118  118  114  115  111  112
  107  109  105  106  102  103  100  100   98   99   97   99   98  101   99  103
  101  106  104  108  107  111  109  113  110  114  111  113  111  113  110  111
  110  111  110  112  111  107  117  111  110                                   
    80.0-180.0 180.0   5.0 450.0                            LAT/LON1/LON2/DLON/H
   97  102  104  107  107  110  110  114  115  119  119  123  122  126  125  128
  126  129  127  129  126  129  125  128  123  126  120  123  116  119  112  115
  108  110  105  106  101  102   98   98   95   96   94   95   94   96   95   98
   98  101  100  103  102  105  104  107  106  108  105  107  105  106  103  105
  102  105  102  104  101  103  103  104   97                                   
    77.5-180.0 180.0   5.0 450.0                            LAT/LON1/LON2/DLON/H
   86   96   94   95   97  100  104  106  109  111  114  116  117  119  120  122
  122  122  123  123  124  124  125  125  124  124  123  122  119  118  115  113
  110  108  107  105  103  102  101   99   97   97   96   95   95   96   96   97
   96   98   99  100  100  101  101  101  100  100   99   98   98   96   96   95
   94   94   95   94   94   88   88   91   86                                   
    75.0-180.0 180.0   5.0 450.0                            LAT/LON1/LON2/DLON/H
   78   84   87   88   92   93   98   99  104  106  110  112  115  116  118  118
  120  120  122  123  125  126  128  129  129  130  129  128  125  124  121  119
  115  115  111  110  106  105  102  100   98   97   96   93   94   93   94   92
   94   93   95   93   96   93   95   92   94   90   91   88   88   86   87   85
   86   86   87   86   87   85   87   87   78                                   
    72.5-180.0 180.0   5.0 450.0                            LAT/LON1/LON2/DLON/H
   75   82   81   84   87   90   94   97  102  105  109  111  113  114  116  115
  116  115  118  119  123  124  129  130  134  134  136  134  132  129  126  123
  120  118  115  113  110  110  107  105  102  101   99   97   95   94   93   92
   91   91   91   91   90   89   87   86   84   84   80   80   78   78   76   78
   77   78   79   80   80   76   78   79   75                                   
    70.0-180.0 180.0   5.0 450.0                            LAT/LON1/LON2/DLON/H
   70   75   79   80   85   86   92   93  100  101  107  108  112  110  113  110
  112  110  114  114  120  121  128  130  135  136  138  137  136  132  131  128
  124  124  119  120  115  117  111  112  106  107  102  101   97   97   94   94
   91   91   89   87   87   84   83   79   79   75   73   71   71   69   68   69
   69   70   72   73   74   72   77   76   70                                   
    67.5-180.0 180.0   5.0 450.0                            LAT/LON1/LON2/DLON/H
   70   76   79   79   83   86   91   94   99  103  107  110  111  111  111  109
  108  107  109  110  115  118  125  128  134  134  138  137  138  134  134  131
  128  126  124  123  120  120  117  117  113  112  108  106  100   99   95   94
   90   90   87   85   82   79   75   73   69   68   63   64   61   62   61   62
   62   64   65   67   68   64   69   69   70                                   
    65.0-180.0 180.0   5.0 450.0                            LAT/LON1/LON2/DLON/H
   67   71   76   77   82   85   92   93  101  103  109  110  113  111  112  108
  108  105  108  109  116  118  125  127  133  132  135  133  135  132  133  130
  130  127  126  126  123  125  121  123  118  119  113  112  106  105  100   99
   94   93   88   87   81   78   73   69   66   63   60   59   58   57   57   56
   57   57   60   60   62   62   67   67   67                                   
    62.5-180.0 180.0   5.0 450.0                            LAT/LON1/LON2/DLON/H
   65   70   75   75   80   83   89   92   99  102  107  111  114  115  113  111
  109  108  109  111  116  119  124  127  132  130  132  131  132  131  133  132
  133  130  130  128  128  126  126  125  123  122  117  115  108  106  101   99
   95   94   89   87   82   79   72   70   65   64   58   59   56   55   53   53
   52   53   53   55   55   53   56   58   65                                   
    60.0-180.0 180.0   5.0 450.0                            LAT/LON1/LON2/DLON/H
   59   61   68   70   77   81   88   89   97   99  107  110  116  115  118  114
  114  111  114  115  120  121  127  126  130  126  129  126  129  129  133  132
  135  132  132  131  130  130  129  129  128  126  123  120  114  112  107  105
  101   99   94   91   85   81   75   72   68   66   62   60   57   55   52   50
   49   48   49   48   49   50   54   53   59                                   
    57.5-180.0 180.0   5.0 450.0                            LAT/LON1/LON2/DLON/H
   55   59   65   67   71   75   82   85   91   94  100  104  111  113  117  116
  117  115  117  117  122  121  125  124  127  123  125  125  128  131  135  137
  140  139  139  136  136  134  134  133  132  130  127  123  118  114  110  109
  104  103   98   95   90   86   80   78   74   72   66   65   60   57   52   50
   46   46   43   44   41   41   43   42   55                                   
    55.0-180.0 180.0   5.0 450.0                            LAT/LON1/LON2/DLON/H
   49   51   59   61   70   74   83   83   92   91  100  101  112  112  120  118
  123  120  123  121  125  123  126  123  126  121  124  124  130  134  141  144
  148  147  145  143  140  140  139  139  139  137  134  130  125  122  118  117
  113  111  105  101   96   92   87   85   82   80   76   71   66   60   55   51
   47   45   43   41   41   42   44   41   49                                   
    52.5-180.0 180.0   5.0 450.0                            LAT/LON1/LON2/DLON/H
   48   52   56   60   66   73   80   82   88   90   95   99  107  110  117  119
  124  122  125  121  125  121  124  120  123  119  124  126  135  141  149  153
  157  155  154  150  149  146  148  147  147  144  141  136  131  127  124  122
  119  117  112  108  102   99   94   93   91   90   83   79   72   66   58   55
   49   47   44   43   40   39   40   36   48                                   
    50.0-180.0 180.0   5.0 450.0                            LAT/LON1/LON2/DLON/H
   49   51   56   59   68   75   85   85   94   93  100  101  112  113  123  123
  130  126  130  126  128  123  124  121  124  122  127  132  140  148  157  162
  165  164  161  158  156  156  156  157  156  154  150  145  140  137  133  131
  128  125  120  115  110  106  103  101  101   98   93   87   80   71   64   59
   55   52   51   46   48   47   49   42   49                                   
    47.5-180.0 180.0   5.0 450.0                            LAT/LON1/LON2/DLON/H
   57   59   59   62   67   77   85   90   96   99  103  108  115  120  126  129
  134  132  132  127  128  122  124  121  126  125  132  137  147  153  163  167
  170  167  167  163  163  164  165  166  164  160  156  151  146  142  140  136
  133  130  125  121  114  112  109  110  109  108  101   96   88   80   71   66
   60   60   58   55   52   51   52   45   57                                   
    45.0-180.0 180.0   5.0 450.0                            LAT/LON1/LON2/DLON/H
   64   62   63   63   73   80   93   96  107  109  117  118  127  129  137  138
  142  139  139  132  131  126  127  127  130  134  140  146  153  159  167  169
  172  171  169  169  169  173  175  176  174  170  165  160  155  151  147  144
  141  137  132  127  122  119  118  117  118  115  111  103   96   87   80   74
   70   68   68   63   66   61   66   56   64                                   
    42.5-180.0 180.0   5.0 450.0                            LAT/LON1/LON2/DLON/H
   70   71   67   69   74   83   94  103  114  120  128  132  138  142  147  149
  151  147  144  136  134  128  128  130  136  140  147  151  159  162  170  171
  175  175  177  179  183  186  188  188  185  179  173  167  161  157  153  149
  145  141  136  131  126  123  122  124  123  124  116  113  105   98   90   86
   80   79   76   75   72   68   71   65   70                                   
    40.0-180.0 180.0   5.0 450.0                            LAT/LON1/LON2/DLON/H
   73   72   70   69   77   85  100  110  125  132  144  147  155  158  161  161
  160  155  150  143  138  135  134  138  141  148  153  158  163  167  173  176
  182  185  188  195  198  203  205  203  199  192  185  179  173  167  163  158
  153  149  144  139  133  130  128  129  129  127  124  118  113  107  101   97
   93   90   88   84   82   77   80   74   73                                   
    37.5-180.0 180.0   5.0 450.0                            LAT/LON1/LON2/DLON/H
   75   75   69   70   72   83   97  111  127  139  153  160  168  170  173  170
  168  161  156  146  143  138  137  140  146  151  158  161  169  172  182  189
  200  207  216  221  226  226  226  219  213  203  196  188  182  175  170  163
  157  152  146  140  134  131  129  129  130  131  127  127  122  119  111  110
  101  101   92   90   82   79   80   78   75                                   
    35.0-180.0 180.0   5.0 450.0                            LAT/LON1/LON2/DLON/H
   74   72   68   64   70   79   95  110  129  145  161  171  180  183  183  179
  175  169  161  155  150  148  147  150  154  160  166  170  179  187  200  211
  227  238  248  253  256  255  250  242  230  221  211  204  197  190  183  175
  167  160  153  146  138  135  131  130  130  131  130  129  128  127  123  120
  114  110  103   98   91   83   83   80   74                                   
    32.5-180.0 180.0   5.0 450.0                            LAT/LON1/LON2/DLON/H
   73   70   63   62   62   75   88  107  125  144  163  175  185  187  186  181
  176  168  163  154  151  146  144  146  151  157  167  176  192  206  225  244
  263  279  291  293  294  287  278  263  250  236  227  218  213  205  198  186
  177  167  158  148  140  133  129  126  126  126  125  128  128  131  125  126
  115  115  102  100   87   82   81   80   73                                   
    30.0-180.0 180.0   5.0 450.0                            LAT/LON1/LON2/DLON/H
   70   65   60   59   62   72   84  103  121  143  159  176  185  191  188  186
  178  174  167  162  157  153  152  154  158  168  176  191  209  234  255  281
  300  318  324  328  326  320  307  293  275  262  251  243  233  225  215  203
  191  179  169  155  144  136  128  125  122  121  122  124  126  130  128  129
  122  119  111  105   94   85   82   79   70                                   
    27.5-180.0 180.0   5.0 450.0                            LAT/LON1/LON2/DLON/H
   72   67   58   57   57   68   80  101  116  140  157  177  184  192  189  188
  181  177  172  168  166  159  159  156  164  169  185  203  232  260  292  322
  342  358  363  360  357  346  333  316  298  284  273  263  254  241  229  212
  199  184  171  155  140  130  124  119  117  116  116  119  120  126  122  126
  116  118  107  106   91   87   84   81   72                                   
    25.0-180.0 180.0   5.0 450.0                            LAT/LON1/LON2/DLON/H
   76   69   64   61   63   72   83  100  113  133  150  169  179  191  189  193
  184  185  176  178  171  173  167  171  171  188  197  228  252  290  323  351
  368  383  381  380  374  365  351  337  321  312  301  293  280  266  248  230
  209  192  175  156  140  129  123  117  115  111  111  113  115  119  119  122
  117  119  114  112  101   94   89   84   76                                   
    22.5-180.0 180.0   5.0 450.0                            LAT/LON1/LON2/DLON/H
   85   79   68   68   66   75   85  103  115  135  149  169  180  193  194  200
  193  195  188  192  188  191  186  187  190  202  219  249  282  317  358  382
  402  411  411  400  388  376  362  349  337  330  322  313  300  281  261  238
  217  195  176  156  140  129  122  119  115  112  108  110  110  114  112  115
  110  116  112  114  103  101   96   90   85                                   
    20.0-180.0 180.0   5.0 450.0                            LAT/LON1/LON2/DLON/H
   91   83   77   74   76   82   93  103  117  130  144  158  172  187  192  201
  196  201  193  201  196  203  197  202  202  221  237  274  306  341  382  404
  421  426  422  407  393  379  368  359  352  350  345  337  320  300  274  252
  224  202  178  159  144  131  125  122  119  113  109  106  104  106  106  110
  109  115  116  119  112  107  101   96   91                                   
    17.5-180.0 180.0   5.0 450.0                            LAT/LON1/LON2/DLON/H
  101   92   84   83   83   90   99  111  121  136  146  163  175  194  201  211
  209  213  209  215  213  219  215  218  222  239  265  298  336  370  411  429
  442  436  429  407  392  380  369  367  363  365  359  350  330  307  280  253
  227  202  180  161  146  134  128  128  124  119  110  106  100  101   99  104
  104  112  113  118  111  107  103   99  101                                   
    15.0-180.0 180.0   5.0 450.0                            LAT/LON1/LON2/DLON/H
  101   91   87   85   88   97  106  117  126  136  146  157  171  190  199  211
  212  219  216  225  224  233  231  240  247  269  293  326  360  393  426  440
  444  437  424  404  390  381  375  377  379  382  376  365  343  320  290  263
  234  212  187  169  151  142  135  134  130  125  114  106   98   97   95   99
  100  109  111  116  111  105   99   98  101                                   
    12.5-180.0 180.0   5.0 450.0                            LAT/LON1/LON2/DLON/H
  100   92   84   84   86   99  109  123  132  144  151  166  176  198  205  223
  225  234  231  239  239  247  248  260  271  294  316  353  380  411  435  446
  443  432  420  401  391  387  385  391  392  394  384  370  346  319  289  261
  236  212  190  171  156  144  141  140  137  130  118  109   99   96   93   95
   97  104  105  109  102   98   93   89  100                                   
    10.0-180.0 180.0   5.0 450.0                            LAT/LON1/LON2/DLON/H
   87   81   79   77   80   94  108  123  133  146  154  170  181  204  213  232
  238  249  250  260  262  275  278  294  305  323  346  374  399  424  440  448
  442  431  418  408  401  403  402  410  408  407  393  375  348  321  292  267
  240  218  194  176  158  148  142  143  138  132  120  111  100   97   94   94
   96   98   99   98   95   87   85   76   87                                   
     7.5-180.0 180.0   5.0 450.0                            LAT/LON1/LON2/DLON/H
   77   78   73   69   72   88  101  122  134  150  158  175  186  208  219  240
  248  264  266  275  279  289  297  313  325  348  366  390  411  430  443  446
