data/unet/pred0810.15i
     1.0            IONOSPHERE MAPS     GNSS                IONEX VERSION / TYPE
pyspatialgeodesy        IME             05-JAN-18 20:20     PGM / RUN BY / DATE 
Map Name                                                    COMMENT             
Predicted global ionosphere maps (GIM).                     DESCRIPTION         
  2015     3    22     0     0     0                        EPOCH OF FIRST MAP  
  2015     3    23     0     0     0                        EPOCH OF LAST MAP   
  7200                                                      INTERVAL            
    13                                                      # OF MAPS IN FILE   
  NONE                                                      MAPPING FUNCTION    
10.0                                                        ELEVATION CUTOFF    
One-way carrier phase leveled to code                       OBSERVABLES USED    
  6371.0                                                    BASE RADIUS         
 2                                                          MAP DIMENSION       
   450.0 450.0   0.0                                        HGT1 / HGT2 / DHGT  
    87.5 -87.5  -2.5                                        LAT1 / LAT2 / DLAT  
  -180.0 180.0   5.0                                        LON1 / LON2 / DLON  
    -1                                                      EXPONENT            
                                                            END OF HEADER       
[from data line 5148]
    13                                                      START OF TEC MAP    
  2015     3    23     0     0     0                        EPOCH OF CURRENT MAP
    87.5-180.0 180.0   5.0 450.0                            LAT/LON1/LON2/DLON/H
  159  136  138  135  133  131  134  133  136  136  138  137  140  139  140  138
  139  137  136  134  133  131  130  128  127  125  125  123  123  122  122  121
  122  122  122  122  124  124  125  125  127  127  128  128  130  130  131  130
  132  132  133  132  134  134  135  134  136  135  135  134  135  134  134  134
  135  135  134  133  133  131  134  159  159                                   
    85.0-180.0 180.0   5.0 450.0                            LAT/LON1/LON2/DLON/H
  139  142  144  142  140  137  140  139  143  143  147  147  150  150  152  151
  152  150  150  146  144  141  138  134  132  128  126  123  121  118  117  115
  116  115  116  116  118  119  121  122  125  127  128  130  132  133  134  135
  137  138  139  139  141  142  143  143  144  144  144  144  145  145  144  145
  145  146  145  143  142  137  135  136  139                                   
    82.5-180.0 180.0   5.0 450.0                            LAT/LON1/LON2/DLON/H
  138  143  142  141  137  136  137  138  141  143  146  149  152  154  157  157
  158  157  157  153  151  146  144  137  134  127  125  117  116  109  109  103
  106  102  105  104  110  109  115  115  121  120  126  125  130  129  132  131
  135  133  136  135  139  138  142  140  145  143  145  144  147  145  147  146
  149  147  150  147  149  142  140  134  138                                   
    80.0-180.0 180.0   5.0 450.0                            LAT/LON1/LON2/DLON/H
  140  144  142  142  137  137  137  140  141  146  149  155  157  163  163  168
  166  168  164  163  158  154  147  142  134  127  120  113  107  100   96   91
   90   88   90   91   97   99  104  107  113  114  118  119  122  121  122  122
  123  122  123  123  125  125  128  129  133  134  136  137  140  141  143  144
  147  148  151  151  152  148  149  145  140                                   
    77.5-180.0 180.0   5.0 450.0                            LAT/LON1/LON2/DLON/H
  148  149  146  145  139  138  137  140  142  147  151  157  161  167  170  173
  174  174  172  169  165  159  153  146  137  128  119  109   99   91   83   79
   76   75   77   80   85   90   96  101  106  108  111  112  112  110  109  107
  105  104  103  104  104  107  109  113  116  120  123  128  131  134  136  140
  142  145  148  152  154  154  157  154  148                                   
    75.0-180.0 180.0   5.0 450.0                            LAT/LON1/LON2/DLON/H
  157  158  156  154  148  145  144  145  147  152  156  162  166  171  174  177
  177  177  175  173  169  165  158  151  141  131  120  108   96   85   78   71
   70   69   73   76   83   88   95   99  105  107  110  108  107  102  100   95
   93   90   91   90   93   94  100  102  108  112  117  120  126  128  132  135
  139  142  148  152  159  161  167  168  157                                   
    72.5-180.0 180.0   5.0 450.0                            LAT/LON1/LON2/DLON/H
  169  171  169  166  159  156  152  153  154  158  162  166  170  173  175  175
  176  174  173  171  169  165  160  153  144  134  122  108   95   83   76   69
   68   67   71   74   81   86   93   96  102  102  104  100   98   91   88   81
   79   76   77   78   80   84   90   95  103  107  113  117  123  126  129  131
  136  139  146  152  162  168  177  184  169                                   
    70.0-180.0 180.0   5.0 450.0                            LAT/LON1/LON2/DLON/H
  178  181  182  178  171  166  164  162  163  166  170  173  174  174  172  171
  168  166  164  164  162  162  157  153  145  135  123  110   96   85   77   70
   68   66   69   72   78   82   88   92   95   95   95   90   86   79   75   70
   68   66   68   69   74   78   87   93  102  108  114  119  125  127  130  132
  136  138  146  152  164  172  185  197  178                                   
    67.5-180.0 180.0   5.0 450.0                            LAT/LON1/LON2/DLON/H
  187  189  189  187  180  176  175  174  175  177  180  181  180  176  171  165
  160  156  155  153  155  155  154  151  144  134  122  110   98   86   79   72
   70   67   68   69   74   76   81   82   85   83   83   77   72   65   62   59
   59   60   63   66   71   78   86   95  104  112  119  124  130  132  133  134
  136  137  142  149  161  170  186  202  187                                   
    65.0-180.0 180.0   5.0 450.0                            LAT/LON1/LON2/DLON/H
  187  191  192  191  185  182  181  182  183  187  189  189  185  178  168  159
  151  147  143  145  146  150  148  147  139  130  118  107   95   86   79   73
   70   66   65   64   66   68   69   71   72   70   69   64   59   55   53   52
   54   58   63   68   76   82   93  101  113  120  128  134  139  139  139  137
  137  136  139  143  153  164  181  199  187                                   
    62.5-180.0 180.0   5.0 450.0                            LAT/LON1/LON2/DLON/H
  186  188  190  189  184  181  181  183  187  191  195  194  190  179  168  156
  147  139  137  137  140  143  142  139  132  122  110   99   89   80   75   69
   66   61   59   56   57   56   58   58   61   59   59   54   52   47   48   49
   55   60   68   75   82   91  100  110  120  129  137  143  148  148  147  143
  141  137  137  138  146  155  171  191  186                                   
    60.0-180.0 180.0   5.0 450.0                            LAT/LON1/LON2/DLON/H
  177  181  183  183  179  174  175  179  185  192  196  197  192  182  169  156
  145  138  134  134  136  137  135  130  121  110   99   89   81   75   70   66
   62   58   54   51   49   49   49   51   53   54   53   50   47   45   47   50
   57   65   74   83   92  100  110  119  130  138  147  153  159  160  158  153
  150  144  141  140  143  150  165  183  177                                   
    57.5-180.0 180.0   5.0 450.0                            LAT/LON1/LON2/DLON/H
  176  177  180  181  174  171  171  176  183  190  196  198  195  185  174  161
  151  142  137  135  133  131  127  119  110   98   88   80   74   70   66   63
   60   55   51   48   46   46   46   50   54   56   57   54   53   51   53   56
   65   73   83   93  100  109  116  126  133  144  151  160  166  170  169  167
  164  159  154  151  151  153  164  179  176                                   
    55.0-180.0 180.0   5.0 450.0                            LAT/LON1/LON2/DLON/H
  177  181  184  185  178  173  173  177  185  192  197  199  196  191  181  172
  161  152  145  139  134  128  120  111  101   91   82   76   72   70   68   66
   62   58   53   50   48   49   50   55   60   63   65   64   62   61   63   67
   74   82   92  100  108  115  123  130  141  149  159  167  175  180  182  183
  182  179  175  171  168  167  174  184  177                                   
    52.5-180.0 180.0   5.0 450.0                            LAT/LON1/LON2/DLON/H
  195  198  201  200  193  188  185  189  194  199  202  202  201  197  192  185
  177  165  154  143  134  125  116  107   98   89   83   79   77   77   75   73
   69   66   61   59   57   59   60   67   72   77   79   80   78   78   79   81
   85   91   97  105  109  116  121  131  139  152  160  172  180  189  194  200
  202  203  201  199  196  193  196  201  195                                   
    50.0-180.0 180.0   5.0 450.0                            LAT/LON1/LON2/DLON/H
  221  225  232  230  222  213  210  208  210  211  210  210  208  207  204  200
  190  178  160  145  133  122  114  107  100   95   91   90   88   88   86   84
   79   76   71   70   68   70   73   78   85   90   94   96   96   95   95   96
   97  100  105  110  114  118  125  133  146  159  170  182  191  202  209  217
  224  229  233  235  234  231  229  234  221                                   
    47.5-180.0 180.0   5.0 450.0                            LAT/LON1/LON2/DLON/H
  258  260  269  267  257  249  241  236  232  228  223  220  218  218  218  213
  203  187  167  148  133  123  116  112  109  105  103  103  101  100   98   94
   90   86   83   82   81   84   85   91   96  103  107  111  111  112  110  110
  108  110  110  113  112  118  122  135  147  165  176  192  202  214  222  234
  243  254  261  269  272  270  266  272  258                                   
    45.0-180.0 180.0   5.0 450.0                            LAT/LON1/LON2/DLON/H
  289  300  309  308  298  287  276  266  258  249  239  234  229  231  231  227
  214  196  171  150  135  127  123  122  121  120  117  116  112  110  105  100
   96   93   91   91   91   93   95   99  106  112  120  124  126  126  125  124
  120  119  117  117  116  120  126  139  156  175  190  207  218  230  238  251
  261  274  286  297  304  306  307  309  289                                   
    42.5-180.0 180.0   5.0 450.0                            LAT/LON1/LON2/DLON/H
  316  329  339  339  328  316  301  289  279  267  255  246  242  241  242  235
  223  202  178  157  144  138  137  137  136  132  128  122  116  110  106  100
   98   96   96   98   99  102  102  108  112  121  128  134  136  139  137  136
  129  128  121  122  117  124  128  145  159  182  198  218  231  246  255  268
  276  290  303  318  329  334  335  337  316                                   
    40.0-180.0 180.0   5.0 450.0                            LAT/LON1/LON2/DLON/H
  333  355  361  360  350  336  319  304  292  279  266  257  251  252  251  244
  229  209  185  168  159  157  157  156  152  143  133  123  112  106  101   98
   98   97  101  103  107  107  110  113  120  128  137  143  147  149  147  145
  137  133  125  124  120  126  130  146  164  188  207  230  247  266  276  288
  295  307  322  338  352  357  364  358  333                                   
    37.5-180.0 180.0   5.0 450.0                            LAT/LON1/LON2/DLON/H
  349  368  372  367  353  339  320  306  295  284  273  264  259  256  256  247
  234  216  198  186  181  181  179  176  165  149  131  116  104   97   96   96
   98  101  106  111  115  119  120  126  131  140  147  155  156  159  155  152
  140  136  123  124  115  124  123  143  157  186  206  233  254  277  289  303
  308  323  336  356  368  375  380  373  349                                   
    35.0-180.0 180.0   5.0 450.0                            LAT/LON1/LON2/DLON/H
  369  388  386  374  357  339  319  305  294  285  276  269  263  263  261  254
  241  227  215  208  205  202  199  188  173  150  129  113  102   99  102  106
  111  116  122  127  132  135  138  142  147  155  161  166  167  167  161  155
  142  135  122  119  114  117  119  134  152  176  199  229  256  282  300  317
  326  339  356  372  387  393  408  392  369                                   
    32.5-180.0 180.0   5.0 450.0                            LAT/LON1/LON2/DLON/H
  404  416  410  394  370  348  324  309  297  288  281  275  271  268  266  258
  251  242  236  232  228  220  209  192  173  150  130  119  115  118  127  133
  141  146  151  155  158  162  162  167  169  174  175  178  173  170  161  152
  136  127  113  111  103  111  113  130  144  168  189  217  246  275  297  323
  335  354  368  390  403  414  427  418  404                                   
    30.0-180.0 180.0   5.0 450.0                            LAT/LON1/LON2/DLON/H
  457  462  456  434  407  379  351  332  314  303  294  288  281  278  273  268
  264  262  260  256  248  230  214  191  175  154  144  137  145  154  171  180
  190  192  195  194  194  193  191  193  193  195  192  189  182  173  161  149
  133  122  109  104  104  109  116  129  149  172  194  221  246  278  303  331
  350  371  393  414  433  444  466  460  457                                   
    27.5-180.0 180.0   5.0 450.0                            LAT/LON1/LON2/DLON/H
  522  525  516  491  465  435  404  377  354  336  323  310  302  292  286  277
  277  276  277  270  255  230  209  192  181  174  174  183  198  216  238  250
  259  257  252  242  232  227  220  220  215  213  205  198  182  169  152  139
  121  112  103  105  106  117  122  142  160  188  207  228  252  282  309  340
  363  395  419  445  460  473  500  510  522                                   
    25.0-180.0 180.0   5.0 450.0                            LAT/LON1/LON2/DLON/H
  589  590  575  550  530  508  481  455  421  395  369  351  333  318  303  295
  293  291  290  276  257  226  210  197  202  206  226  246  276  302  328  338
  341  329  315  295  276  260  246  240  233  225  213  200  182  164  147  131
  114  103  102   99  106  109  124  139  165  195  222  246  268  297  328  361
  393  432  465  490  505  517  554  579  589                                   
    22.5-180.0 180.0   5.0 450.0                            LAT/LON1/LON2/DLON/H
  649  653  635  611  595  582  567  542  511  472  437  407  381  355  335  318
  313  305  298  277  254  227  215  219  239  265  298  331  364  395  412  415
  403  383  359  334  305  284  259  250  236  226  209  193  172  155  135  122
  109  106  102  102  103  107  118  138  166  200  230  261  287  320  353  395
  433  478  509  534  550  569  608  642  649                                   
    20.0-180.0 180.0   5.0 450.0                            LAT/LON1/LON2/DLON/H
  687  697  683  670  667  668  654  635  601  563  516  482  444  410  377  352
  339  325  311  284  263  238  242  258  299  341  386  417  447  465  477  466
  444  412  383  352  321  292  265  249  234  221  203  184  165  144  128  113
  108  100   99   94   96  100  115  136  174  213  250  285  317  353  393  442
  488  527  565  588  607  627  675  706  687                                   
    17.5-180.0 180.0   5.0 450.0                            LAT/LON1/LON2/DLON/H
  709  729  715  706  717  729  726  712  679  636  591  554  517  476  435  401
  380  356  336  304  284  271  287  324  379  421  457  478  489  494  487  468
  437  407  374  344  306  276  246  234  217  206  189  174  155  144  127  116
  110  101   97   89   91   94  111  134  177  219  264  302  344  387  439  487
  523  563  595  621  639  665  717  741  709                                   
    15.0-180.0 180.0   5.0 450.0                            LAT/LON1/LON2/DLON/H
  723  743  733  734  758  785  793  783  746  703  655  620  587  546  499  460
  430  400  377  342  327  320  354  398  451  481  500  495  489  469  452  426
  404  374  345  312  277  248  224  211  198  188  175  159  150  136  128  115
  111  100   95   89   89   93  117  148  193  235  281  323  368  420  476  516
  552  588  622  646  669  691  746  757  723                                   
    12.5-180.0 180.0   5.0 450.0                            LAT/LON1/LON2/DLON/H
  728  751  737  741  773  811  831  825  795  748  706  674  644  609  569  526
  493  462  437  406  397  398  431  469  507  512  502  470  438  407  383  362
  346  324  298  272  245  220  202  193  181  175  164  153  144  137  128  119
  114  105  100   93   94  102  128  166  216  259  297  335  387  443  489  527
  558  592  624  649  669  692  740  748  728                                   
    10.0-180.0 180.0   5.0 450.0                            LAT/LON1/LON2/DLON/H
  733  756  745  753  795  833  864  865  841  795  755  726  700  666  633  597
  564  532  506  482  473  479  502  523  532  509  471  409  369  325  309  289
  288  271  260  241  228  207  197  187  178  169  164  149  146  132  129  117
  114  104  101   92   99  109  143  182  237  272  311  343  397  443  492  522
  555  585  620  642  667  686  730  730  733                                   
     7.5-180.0 180.0   5.0 450.0                            LAT/LON1/LON2/DLON/H
  732  764  755  767  803  850  878  887  868  829  795  767  747  715  687  654
  630  601  578  555  551  546  555  545  525  469  405  330  282  250  242  233
