data/unet/pred3150.15i
     1.0            IONOSPHERE MAPS     GNSS                IONEX VERSION / TYPE
pyspatialgeodesy        IME             05-JAN-18 20:20     PGM / RUN BY / DATE 
Map Name                                                    COMMENT             
Predicted global ionosphere maps (GIM).                     DESCRIPTION         
  2015    11    11     0     0     0                        EPOCH OF FIRST MAP  
  2015    11    12     0     0     0                        EPOCH OF LAST MAP   
  7200                                                      INTERVAL            
    13                                                      # OF MAPS IN FILE   
  NONE                                                      MAPPING FUNCTION    
10.0                                                        ELEVATION CUTOFF    
One-way carrier phase leveled to code                       OBSERVABLES USED    
  6371.0                                                    BASE RADIUS         
 2                                                          MAP DIMENSION       
   450.0 450.0   0.0                                        HGT1 / HGT2 / DHGT  
    87.5 -87.5  -2.5                                        LAT1 / LAT2 / DLAT  
  -180.0 180.0   5.0                                        LON1 / LON2 / DLON  
    -1                                                      EXPONENT            
                                                            END OF HEADER       
[from data line 1716]
     5                                                      START OF TEC MAP    
  2015    11    11     8     0     0                        EPOCH OF CURRENT MAP
    87.5-180.0 180.0   5.0 450.0                            LAT/LON1/LON2/DLON/H
   29   42   40   38   40   38   41   40   43   42   44   43   44   43   46   44
   45   44   45   44   44   43   44   43   43   42   43   42   42   42   43   41
   42   41   42   41   42   42   42   42   43   42   43   42   43   42   43   42
   43   42   43   41   42   40   41   39   41   38   39   37   38   35   36   34
   35   33   36   36   41   36   37   35   29                                   
    85.0-180.0 180.0   5.0 450.0                            LAT/LON1/LON2/DLON/H
   34   56   50   59   54   58   57   62   60   64   62   66   63   67   64   66
   63   66   63   65   61   64   61   63   59   62   59   61   57   60   57   60
   56   60   57   60   57   60   57   61   57   61   57   61   56   61   55   59
   54   59   53   57   52   56   50   55   49   53   48   51   47   50   45   49
   45   49   45   50   48   48   41   29   34                                   
    82.5-180.0 180.0   5.0 450.0                            LAT/LON1/LON2/DLON/H
   36   54   46   50   47   51   51   57   55   60   58   62   60   63   60   63
   60   62   58   59   55   57   54   55   51   54   50   53   49   52   49   52
   48   52   49   53   49   54   50   55   51   56   52   56   53   55   52   53
   50   52   48   50   47   48   44   46   42   44   40   42   37   40   36   39
   35   38   35   38   36   36   38   19   36                                   
    80.0-180.0 180.0   5.0 450.0                            LAT/LON1/LON2/DLON/H
   34   49   41   42   42   45   46   51   51   54   54   56   56   57   56   56
   55   54   51   51   48   48   45   45   42   43   41   41   41   41   41   41
   41   42   42   44   45   46   47   48   51   51   54   54   57   56   58   55
   57   54   55   52   53   51   50   48   46   45   42   42   39   39   35   36
   33   34   32   31   31   26   29   15   34                                   
    77.5-180.0 180.0   5.0 450.0                            LAT/LON1/LON2/DLON/H
   27   47   40   37   39   41   45   46   48   48   51   50   52   51   51   49
   49   46   46   43   41   39   39   36   36   34   36   34   36   35   37   37
   38   38   40   40   41   42   45   47   50   52   57   59   62   64   66   66
   66   64   64   62   62   59   59   55   55   51   51   47   47   41   42   37
   38   34   36   31   32   27   31    9   27                                   
    75.0-180.0 180.0   5.0 450.0                            LAT/LON1/LON2/DLON/H
   28   44   37   38   38   42   44   46   47   48   49   49   48   49   47   46
   43   43   40   39   35   35   32   31   28   30   28   29   29   32   32   34
   34   36   37   38   39   41   44   47   51   57   62   67   72   75   77   78
   78   77   76   74   72   72   69   69   66   65   63   60   57   53   50   46
   43   40   39   36   35   29   31   14   28                                   
    72.5-180.0 180.0   5.0 450.0                            LAT/LON1/LON2/DLON/H
   31   49   39   37   38   40   43   44   44   45   44   44   43   42   41   39
   38   36   35   33   30   29   26   24   22   23   23   24   25   28   30   32
   33   35   35   36   36   38   41   45   50   57   64   72   79   84   88   89
   90   89   88   86   84   83   80   79   77   75   73   69   66   60   58   52
   50   44   44   39   38   34   35   19   31                                   
    70.0-180.0 180.0   5.0 450.0                            LAT/LON1/LON2/DLON/H
   34   44   39   39   41   43   47   47   49   47   48   45   46   44   44   41
   41   39   39   36   35   33   31   28   27   27   26   27   29   32   34   35
   37   38   39   38   39   39   44   46   56   62   74   82   92   98  104  105
  105  103  102  100   99   97   96   94   92   89   87   82   79   73   70   63
   60   53   52   46   44   35   38   26   34                                   
    67.5-180.0 180.0   5.0 450.0                            LAT/LON1/LON2/DLON/H
   32   47   41   40   42   43   46   47   47   47   46   45   43   43   42   42
   41   41   40   39   37   36   33   32   29   28   27   28   29   32   34   36
   38   39   39   38   38   39   42   48   55   66   77   91  102  112  117  119
  119  118  115  114  111  111  108  107  104  101   97   92   87   80   75   68
   63   57   54   47   44   38   41   29   32                                   
    65.0-180.0 180.0   5.0 450.0                            LAT/LON1/LON2/DLON/H
   32   44   39   40   43   47   51   52   53   51   52   50   50   48   49   48
   48   47   47   46   44   43   41   39   37   35   33   33   33   35   37   40
   42   42   43   41   41   41   45   49   60   71   87  102  116  125  130  132
  132  129  127  125  125  122  122  119  117  113  109  103   96   88   82   74
   67   61   57   49   46   36   39   30   32                                   
    62.5-180.0 180.0   5.0 450.0                            LAT/LON1/LON2/DLON/H
   27   44   36   38   40   43   49   50   51   50   50   50   49   50   49   50
   50   49   48   47   46   45   43   42   39   36   33   31   31   31   34   36
   40   41   43   42   42   42   47   52   63   76   94  110  124  132  137  139
  138  136  133  133  131  132  130  128  126  121  116  108  102   92   84   74
   67   59   55   47   44   35   37   26   27                                   
    60.0-180.0 180.0   5.0 450.0                            LAT/LON1/LON2/DLON/H
   25   38   30   33   35   41   45   49   49   49   49   51   51   52   53   55
   54   52   50   50   48   47   46   44   41   38   33   31   27   28   28   33
   37   41   43   45   46   47   53   59   71   87  104  121  132  141  146  149
  148  147  145  144  145  145  143  141  136  133  126  119  110  100   89   78
   69   62   56   49   46   35   34   25   25                                   
    57.5-180.0 180.0   5.0 450.0                            LAT/LON1/LON2/DLON/H
   25   40   29   29   31   35   40   42   44   43   44   46   47   50   51   53
   51   49   48   46   45   45   44   43   40   36   31   27   23   22   24   29
   35   40   46   49   52   54   60   69   81   97  113  128  138  148  152  156
  156  157  156  160  159  159  157  153  150  145  140  132  123  109   98   84
   75   65   61   53   51   41   40   25   25                                   
    55.0-180.0 180.0   5.0 450.0                            LAT/LON1/LON2/DLON/H
   31   41   27   29   28   31   34   36   37   37   38   42   44   48   50   51
   49   47   44   42   41   41   41   41   38   34   28   24   18   20   20   27
   34   43   49   56   61   66   74   83   96  111  125  138  148  158  163  168
  172  174  178  180  180  178  174  170  165  162  156  152  143  131  114   99
   86   76   69   63   60   48   48   36   31                                   
    52.5-180.0 180.0   5.0 450.0                            LAT/LON1/LON2/DLON/H
   41   54   38   35   32   33   32   33   32   31   31   34   38   42   43   44
   42   40   36   35   34   36   36   37   34   32   26   22   17   17   19   26
   35   45   56   66   74   81   90  100  112  126  137  148  158  167  175  182
  188  196  197  200  199  198  195  190  186  182  176  172  163  152  137  118
  102   88   81   74   73   63   64   48   41                                   
    50.0-180.0 180.0   5.0 450.0                            LAT/LON1/LON2/DLON/H
   60   65   49   46   41   40   38   35   32   29   29   30   34   37   40   40
   39   36   34   32   32   33   34   36   34   32   27   25   19   21   22   31
   41   56   69   82   92  102  112  122  132  143  152  162  173  183  193  200
  211  216  220  221  220  217  213  209  205  201  196  193  188  178  163  145
  126  107   97   90   89   76   77   68   60                                   
    47.5-180.0 180.0   5.0 450.0                            LAT/LON1/LON2/DLON/H
   76   84   69   62   57   54   48   44   37   34   30   30   31   34   34   36
   32   31   28   29   28   31   30   33   31   32   28   26   21   23   25   34
   46   64   81   95  110  120  132  141  150  158  166  176  187  198  207  219
  225  232  234  236  235  233  229  224  220  215  211  208  204  196  184  164
  143  121  110  101   99   91   95   84   76                                   
    45.0-180.0 180.0   5.0 450.0                            LAT/LON1/LON2/DLON/H
   90   92   79   77   72   69   63   58   49   43   38   35   35   34   35   34
   33   31   31   31   31   33   32   33   33   33   31   31   27   29   31   42
   56   78   95  114  128  141  152  163  169  178  185  195  205  213  225  233
  239  244  245  248  247  245  238  232  226  222  216  214  212  208  196  179
  155  133  116  109  106   97   99   97   90                                   
    42.5-180.0 180.0   5.0 450.0                            LAT/LON1/LON2/DLON/H
   93  102   92   89   87   83   79   73   64   57   48   45   41   40   37   36
   32   33   31   34   32   34   31   32   30   33   30   32   29   32   35   47
   66   88  108  125  144  156  171  179  189  195  202  211  218  229  236  244
  246  250  250  251  251  249  242  235  228  220  214  210  210  205  196  176
  156  131  116  105  102   93  101   95   93                                   
    40.0-180.0 180.0   5.0 450.0                            LAT/LON1/LON2/DLON/H
   85   95   86   91   92   91   89   87   77   71   62   58   53   48   47   43
   41   40   41   42   41   40   36   35   32   35   34   38   36   40   43   58
   75   99  118  140  157  175  188  202  210  217  223  228  236  243  250  252
  254  255  255  258  259  255  247  239  231  221  213  209  207  202  192  175
  153  130  113  102   95   85   88   84   85                                   
    37.5-180.0 180.0   5.0 450.0                            LAT/LON1/LON2/DLON/H
   68   89   80   86   91   92   93   93   88   82   75   71   65   62   56   53
   48   49   48   51   47   47   38   37   31   35   33   38   37   42   46   62
   81  104  126  146  168  185  203  215  227  234  238  244  249  259  257  261
  259  261  262  263  266  262  258  249  242  229  221  212  208  199  189  171
  151  129  112   97   85   70   77   67   68                                   
    35.0-180.0 180.0   5.0 450.0                            LAT/LON1/LON2/DLON/H
   42   66   64   74   78   83   87   89   88   87   82   81   77   74   70   66
   63   62   62   63   60   56   48   42   36   36   36   40   41   46   53   70
   92  117  138  162  180  201  217  233  245  253  258  262  270  273  275  275
  277  281  284  288  289  288  281  276  263  250  235  228  218  209  197  181
  163  139  118   99   84   66   67   49   42                                   
    32.5-180.0 180.0   5.0 450.0                            LAT/LON1/LON2/DLON/H
   31   44   56   64   67   70   73   77   80   82   82   85   84   84   79   77
   73   73   71   73   68   66   55   49   39   40   35   39   39   44   53   71
   95  120  144  165  188  207  230  246  260  270  276  286  290  297  295  298
  299  306  314  320  325  324  321  314  306  290  276  261  249  234  222  204
  189  165  143  117   97   71   65   44   31                                   
    30.0-180.0 180.0   5.0 450.0                            LAT/LON1/LON2/DLON/H
   28   32   36   35   43   53   58   61   66   71   76   83   86   90   89   89
   85   85   83   84   80   77   66   59   49   46   44   45   44   47   57   75
   99  126  147  172  194  220  242  264  280  290  304  313  322  325  329  330
  336  346  356  369  375  380  378  373  365  351  334  318  303  285  267  249
  231  206  181  154  127   97   70   57   28                                   
    27.5-180.0 180.0   5.0 450.0                            LAT/LON1/LON2/DLON/H
   60   48   38   31   29   33   36   47   53   58   66   76   81   90   91   92
   89   89   87   89   86   83   75   67   56   54   49   50   49   52   63   80
  108  135  159  182  206  229  256  277  297  310  328  339  348  355  362  370
  381  395  412  424  434  440  443  438  433  418  403  385  368  348  327  308
  287  264  240  205  183  146  121   90   60                                   
    25.0-180.0 180.0   5.0 450.0                            LAT/LON1/LON2/DLON/H
  101   81   66   40   33   29   26   32   42   45   54   64   74   86   89   95
   93   96   92   95   91   90   83   77   67   62   59   57   59   60   76   96
  123  152  174  199  217  243  265  290  312  331  352  363  381  386  402  412
  433  452  471  486  495  505  509  512  511  502  484  468  443  423  395  381
  356  341  311  280  249  216  174  144  101                                   
    22.5-180.0 180.0   5.0 450.0                            LAT/LON1/LON2/DLON/H
  164  144  122   98   66   52   34   33   32   40   48   55   64   76   81   87
   89   90   89   90   89   89   85   81   74   70   67   65   66   71   87  107
  139  169  193  214  232  255  280  306  329  353  374  392  411  422  443  458
  482  503  527  542  552  561  567  573  576  573  558  541  518  495  470  454
  434  422  399  371  335  297  256  209  164                                   
    20.0-180.0 180.0   5.0 450.0                            LAT/LON1/LON2/DLON/H
  228  208  188  145  119   96   72   57   45   41   45   51   58   67   73   81
   83   87   86   88   87   89   87   86   83   79   76   71   72   77   94  115
  146  181  204  227  245  272  295  325  354  379  405  423  451  463  491  505
  535  557  586  603  615  618  622  624  622  620  611  600  578  558  530  520
  494  489  465  450  422  386  337  289  228                                   
    17.5-180.0 180.0   5.0 450.0                            LAT/LON1/LON2/DLON/H
  306  293  262  226  180  150  122  100   75   63   55   55   60   62   66   72
   74   78   78   80   81   83   86   86   87   82   79   72   73   80   98  122
  157  188  214  237  259  286  315  347  375  408  433  457  483  501  524  542
  572  601  625  639  645  645  639  635  638  637  635  628  616  598  572  553
  529  517  501  488  476  454  418  367  306                                   
    15.0-180.0 180.0   5.0 450.0                            LAT/LON1/LON2/DLON/H
  364  351  321  285  251  214  174  147  122   97   82   69   66   62   65   67
   73   72   75   76   79   80   85   87   89   83   80   68   71   80   96  123
  157  192  219  247  271  307  331  370  401  433  463  486  514  528  551  574
  604  628  647  657  655  648  636  636  636  638  639  640  630  619  592  573
  544  534  514  507  498  484  454  423  364                                   
    12.5-180.0 180.0   5.0 450.0                            LAT/LON1/LON2/DLON/H
  397  405  375  355  313  279  233  204  168  143  118   98   86   69   65   60
   66   71   74   75   79   80   87   86   86   76   67   63   68   82  100  126
  161  193  223  250  280  313  342  383  410  450  477  506  528  548  568  594
  615  634  642  650  643  635  623  617  619  621  623  625  621  612  589  567
  538  521  502  496  495  487  473  444  397                                   
    10.0-180.0 180.0   5.0 450.0                            LAT/LON1/LON2/DLON/H
  407  421  394  379  347  317  282  249  221  190  161  133  116   86   78   61
   68   63   80   73   85   75   84   74   78   66   66   65   71   83   99  127
  159  194  224  258  283  323  348  385  421  456  488  513  540  554  577  594
  612  623  629  629  622  616  603  601  600  601  601  604  598  589  570  552
  526  505  482  473  471  464  458  438  407                                   
     7.5-180.0 180.0   5.0 450.0                            LAT/LON1/LON2/DLON/H
  387  404  400  395  370  353  317  289  258  229  205  169  144  108   97   76
   77   72   75   72   72   66   68   67   71   70   71   75   80   92  105  131
