data/unet/pred1840.15i
     1.0            IONOSPHERE MAPS     GNSS                IONEX VERSION / TYPE
pyspatialgeodesy        IME             05-JAN-18 20:20     PGM / RUN BY / DATE 
Map Name                                                    COMMENT             
Predicted global ionosphere maps (GIM).                     DESCRIPTION         
  2015     7     3     0     0     0                        EPOCH OF FIRST MAP  
  2015     7     4     0     0     0                        EPOCH OF LAST MAP   
  7200                                                      INTERVAL            
    13                                                      # OF MAPS IN FILE   
  NONE                                                      MAPPING FUNCTION    
10.0                                                        ELEVATION CUTOFF    
One-way carrier phase leveled to code                       OBSERVABLES USED    
  6371.0                                                    BASE RADIUS         
 2                                                          MAP DIMENSION       
   450.0 450.0   0.0                                        HGT1 / HGT2 / DHGT  
    87.5 -87.5  -2.5                                        LAT1 / LAT2 / DLAT  
  -180.0 180.0   5.0                                        LON1 / LON2 / DLON  
    -1                                                      EXPONENT            
                                                            END OF HEADER       
[from data line 3003]
     8                                                      START OF TEC MAP    
  2015     7     3    14     0     0                        EPOCH OF CURRENT MAP
    87.5-180.0 180.0   5.0 450.0                            LAT/LON1/LON2/DLON/H
  154  168  172  175  174  177  175  179  178  181  181  184  183  186  185  186
  186  186  186  185  185  183  184  181  182  179  180  177  178  175  175  173
  173  171  172  170  170  169  169  168  169  169  170  171  172  174  175  177
  178  180  181  182  183  184  185  185  186  185  185  185  185  184  182  183
  181  182  179  179  176  176  189  159  154                                   
    85.0-180.0 180.0   5.0 450.0                            LAT/LON1/LON2/DLON/H
  160  163  161  165  167  166  169  168  172  171  176  175  178  177  181  179
  182  180  183  179  182  178  180  176  177  173  174  170  171  167  168  164
  165  162  163  160  161  158  159  157  158  158  160  160  163  163  166  166
  170  170  174  174  177  177  180  179  181  179  181  178  180  177  177  174
  176  173  174  170  172  168  176  164  160                                   
    82.5-180.0 180.0   5.0 450.0                            LAT/LON1/LON2/DLON/H
  163  155  154  156  158  161  162  165  166  170  170  174  174  177  177  179
  179  181  180  181  180  181  179  179  176  177  173  174  170  170  166  166
  162  163  160  160  156  157  154  154  151  154  152  155  153  158  157  162
  161  166  165  170  169  173  172  175  174  175  173  173  172  170  169  167
  166  165  164  163  163  160  175  157  163                                   
    80.0-180.0 180.0   5.0 450.0                            LAT/LON1/LON2/DLON/H
  157  148  149  152  154  154  159  158  163  162  168  166  171  170  174  173
  176  175  178  175  177  175  176  173  174  171  172  168  170  166  168  163
  165  161  161  157  157  154  153  150  151  149  151  149  153  152  157  156
  161  161  166  165  170  168  172  170  173  170  171  168  168  164  164  161
  161  158  158  155  155  154  158  151  157                                   
    77.5-180.0 180.0   5.0 450.0                            LAT/LON1/LON2/DLON/H
  149  143  145  150  150  155  156  160  160  166  166  171  170  175  175  178
  177  180  179  180  178  178  177  176  175  173  174  172  172  170  171  168
  167  165  164  161  159  156  154  152  151  150  151  152  153  156  157  162
  163  168  168  173  172  177  175  178  175  177  172  173  167  168  161  163
  157  158  152  152  147  147  152  142  149                                   
    75.0-180.0 180.0   5.0 450.0                            LAT/LON1/LON2/DLON/H
  149  138  144  145  149  149  154  154  158  159  164  164  169  169  174  173
  178  176  179  176  178  174  176  171  173  169  171  168  171  168  172  168
  170  166  169  163  164  158  159  153  154  151  153  151  155  155  160  160
  165  166  171  171  175  174  176  174  175  171  171  167  167  161  160  155
  155  151  151  145  147  142  146  141  149                                   
    72.5-180.0 180.0   5.0 450.0                            LAT/LON1/LON2/DLON/H
  150  142  144  147  148  152  154  158  158  164  164  169  169  174  174  178
  178  181  179  181  179  180  177  177  174  174  173  173  173  175  175  176
  175  175  174  172  168  165  163  159  157  156  156  157  157  162  163  168
  168  174  174  179  178  181  179  180  177  177  173  173  168  167  161  161
  155  155  151  150  146  143  148  142  150                                   
    70.0-180.0 180.0   5.0 450.0                            LAT/LON1/LON2/DLON/H
  153  142  147  147  151  149  155  153  158  158  163  163  168  168  174  173
  177  176  179  175  178  173  175  169  171  166  168  164  168  166  171  170
  174  171  175  169  170  164  164  158  159  155  158  156  160  160  165  165
  169  170  173  173  175  173  175  173  174  170  171  166  168  162  163  158
  159  153  154  147  149  142  148  148  153                                   
    67.5-180.0 180.0   5.0 450.0                            LAT/LON1/LON2/DLON/H
  155  147  147  150  150  153  155  158  158  161  162  166  167  171  172  175
  175  177  176  177  175  175  172  171  168  168  165  167  166  170  171  176
  175  178  177  176  173  170  167  164  162  162  161  163  163  167  167  171
  170  173  173  175  174  175  174  175  174  174  174  174  173  171  168  167
  164  162  158  155  150  147  153  151  155                                   
    65.0-180.0 180.0   5.0 450.0                            LAT/LON1/LON2/DLON/H
  158  148  149  148  151  150  155  153  158  155  161  159  165  164  170  168
  172  170  172  168  171  166  168  163  165  160  162  159  162  162  167  167
  173  172  177  171  174  166  168  162  164  161  166  164  168  166  169  167
  170  168  170  167  170  167  170  168  172  170  173  171  175  170  173  168
  170  164  164  154  156  148  154  158  158                                   
    62.5-180.0 180.0   5.0 450.0                            LAT/LON1/LON2/DLON/H
  156  148  145  148  147  149  151  153  154  156  158  160  162  165  167  169
  170  170  168  168  167  166  166  165  166  165  164  165  165  169  171  176
  177  181  180  180  176  174  172  170  170  172  172  175  173  176  172  174
  170  172  168  170  168  171  170  174  175  177  179  182  184  183  182  181
  178  176  170  165  158  153  160  159  156                                   
    60.0-180.0 180.0   5.0 450.0                            LAT/LON1/LON2/DLON/H
  154  143  141  140  143  140  145  143  149  147  154  151  158  156  163  160
  165  160  164  157  162  155  162  159  165  162  166  164  168  168  173  173
  179  178  182  177  179  174  175  172  175  174  179  177  179  175  175  170
  170  165  168  162  167  164  171  169  176  175  181  181  187  182  186  179
  181  172  172  161  160  151  156  159  154                                   
    57.5-180.0 180.0   5.0 450.0                            LAT/LON1/LON2/DLON/H
  149  137  134  135  135  135  138  138  143  144  148  148  154  155  160  160
  162  160  158  156  156  156  159  163  168  171  174  176  178  181  183  186
  187  189  188  187  184  183  182  182  183  187  187  189  185  185  178  176
  171  170  167  169  168  172  173  178  180  184  186  190  191  191  189  186
  181  177  171  165  157  151  156  152  149                                   
    55.0-180.0 180.0   5.0 450.0                            LAT/LON1/LON2/DLON/H
  143  127  128  126  130  127  132  131  137  136  142  140  148  147  157  153
  161  153  158  148  154  148  159  158  170  170  178  178  184  184  189  188
  192  190  193  188  190  187  188  187  190  190  194  192  192  186  183  176
  174  169  171  168  174  171  179  177  185  183  189  188  193  187  187  179
  177  167  166  155  155  144  147  146  143                                   
    52.5-180.0 180.0   5.0 450.0                            LAT/LON1/LON2/DLON/H
  138  125  121  122  125  124  128  127  133  134  139  138  145  147  156  157
  162  159  158  152  153  152  158  165  175  182  188  193  196  199  201  202
  204  203  203  200  200  199  199  200  202  204  204  204  200  196  189  184
  179  178  177  179  180  184  184  189  190  193  192  195  194  191  185  180
  172  168  160  156  149  143  146  139  138                                   
    50.0-180.0 180.0   5.0 450.0                            LAT/LON1/LON2/DLON/H
  135  118  118  115  121  118  126  125  133  133  138  136  145  145  158  158
  167  160  165  154  159  152  162  163  177  180  191  192  200  199  206  204
  209  205  209  203  208  204  208  206  210  208  211  207  208  200  197  190
  188  184  186  184  190  187  193  189  195  191  195  191  194  185  182  172
  168  159  156  147  147  137  137  132  135                                   
    47.5-180.0 180.0   5.0 450.0                            LAT/LON1/LON2/DLON/H
  132  120  115  116  118  118  125  126  134  134  142  139  147  147  161  164
  174  171  172  165  165  161  166  171  181  188  196  202  207  211  216  217
  220  218  220  218  220  220  221  221  222  221  222  220  216  211  206  201
  198  196  196  198  198  200  199  201  199  199  197  196  193  189  181  175
  166  161  152  149  142  138  140  130  132                                   
    45.0-180.0 180.0   5.0 450.0                            LAT/LON1/LON2/DLON/H
  133  120  118  115  119  117  127  127  139  140  147  144  151  154  166  171
  182  180  183  175  174  168  173  172  182  185  195  199  208  211  219  219
  225  221  229  225  235  231  239  233  237  231  234  227  231  221  222  212
  213  208  210  206  209  205  207  202  204  199  200  194  195  186  183  172
  169  158  156  145  145  136  136  127  133                                   
    42.5-180.0 180.0   5.0 450.0                            LAT/LON1/LON2/DLON/H
  132  124  118  118  118  120  127  132  143  146  154  152  158  161  172  179
  191  193  193  189  186  182  183  183  190  194  201  207  215  222  229  233
  238  239  245  247  256  256  261  258  259  253  253  248  248  242  239  232
  229  225  223  221  218  216  213  212  209  208  204  202  198  194  188  182
  174  168  158  154  145  141  144  134  132                                   
    40.0-180.0 180.0   5.0 450.0                            LAT/LON1/LON2/DLON/H
  135  124  120  116  116  116  125  131  145  152  160  161  167  169  179  187
  198  202  203  201  196  193  190  190  193  196  202  210  219  227  237  241
  251  250  263  265  281  280  290  284  285  276  276  269  272  262  264  252
  253  242  242  233  232  223  222  215  215  209  209  203  205  196  196  186
  184  170  167  154  152  143  143  134  135                                   
    37.5-180.0 180.0   5.0 450.0                            LAT/LON1/LON2/DLON/H
  134  125  119  114  112  113  119  129  142  152  163  167  175  177  187  195
  206  211  212  209  206  200  200  197  203  205  213  220  231  240  251  259
  271  277  292  300  316  321  327  322  320  311  309  302  301  295  290  281
  276  265  259  250  245  236  231  226  221  217  213  212  209  206  202  198
  190  183  170  164  152  148  150  144  134                                   
    35.0-180.0 180.0   5.0 450.0                            LAT/LON1/LON2/DLON/H
  135  123  115  108  104  104  111  122  138  152  166  172  181  186  195  202
  210  216  216  218  211  209  204  206  206  212  220  229  240  252  266  278
  293  306  324  334  353  356  363  356  355  346  343  336  332  324  320  307
  302  289  283  270  264  252  248  239  235  227  224  219  219  212  211  202
  200  184  179  163  159  148  147  144  135                                   
    32.5-180.0 180.0   5.0 450.0                            LAT/LON1/LON2/DLON/H
  134  122  111  106  100  100  102  112  127  143  160  171  184  192  203  211
  219  224  226  226  224  220  217  217  220  227  235  245  259  273  290  306
  325  342  361  377  392  398  400  394  389  381  377  369  364  355  347  336
  327  314  304  291  283  272  265  256  247  240  232  229  224  222  215  210
  200  192  178  171  156  152  152  153  134                                   
    30.0-180.0 180.0   5.0 450.0                            LAT/LON1/LON2/DLON/H
  134  119  107   99   92   89   90  100  117  136  156  172  187  198  209  220
  224  230  226  233  225  228  220  225  227  236  245  258  275  293  314  336
  355  378  396  413  426  430  431  425  422  413  409  401  393  380  370  357
  349  337  326  314  302  292  281  273  260  250  240  234  230  223  220  210
  205  188  182  166  159  150  147  151  134                                   
    27.5-180.0 180.0   5.0 450.0                            LAT/LON1/LON2/DLON/H
  133  119  106  100   91   88   88   93  106  122  143  163  182  198  212  224
  230  234  231  235  229  231  226  231  236  246  259  276  293  316  336  361
  381  406  421  436  444  450  449  446  441  434  430  421  411  398  386  376
  367  356  344  329  316  303  291  279  265  252  238  229  221  218  211  208
  197  188  174  166  153  150  150  154  133                                   
    25.0-180.0 180.0   5.0 450.0                            LAT/LON1/LON2/DLON/H
  134  122  108  102   92   89   85   90  100  116  135  158  180  200  216  230
  235  239  233  235  227  228  225  227  239  249  269  285  309  334  355  383
  401  424  438  450  456  462  461  460  455  451  445  437  424  413  400  391
  383  371  359  343  329  314  299  285  267  252  233  221  211  206  203  198
  192  179  171  157  151  147  147  152  134                                   
    22.5-180.0 180.0   5.0 450.0                            LAT/LON1/LON2/DLON/H
  135  126  115  109   99   97   92   94   98  113  128  150  172  195  216  231
  239  243  238  237  230  230  227  232  242  257  276  295  317  347  367  395
  411  433  440  452  454  460  458  459  456  452  446  437  426  414  405  396
  389  378  366  350  335  319  301  283  262  242  221  205  192  189  185  185
  178  171  158  154  144  146  148  154  135                                   
    20.0-180.0 180.0   5.0 450.0                            LAT/LON1/LON2/DLON/H
  134  130  119  116  107  103   98   97  101  112  124  149  170  197  216  233
  241  246  241  238  230  228  228  233  246  260  283  301  327  354  375  399
  414  430  436  444  446  452  453  456  453  452  445  438  428  420  411  404
  397  387  373  355  338  319  300  280  257  235  212  194  177  171  168  170
  168  160  154  144  142  141  145  150  134                                   
    17.5-180.0 180.0   5.0 450.0                            LAT/LON1/LON2/DLON/H
  133  130  124  120  113  111  106  106  105  115  123  145  164  190  211  227
  241  246  245  239  234  230  229  235  250  265  285  306  333  361  378  400
  410  423  423  429  429  436  436  441  440  440  434  429  420  415  407  403
  395  385  372  352  334  313  292  271  248  224  198  179  161  154  150  154
  153  152  143  141  135  137  142  146  133                                   
    15.0-180.0 180.0   5.0 450.0                            LAT/LON1/LON2/DLON/H
  129  127  120  120  115  114  108  108  108  115  124  143  160  187  205  224
  237  244  245  240  235  232  235  241  256  269  290  310  338  362  381  397
  407  413  413  417  418  426  428  435  433  437  430  428  419  416  410  406
  399  387  372  352  328  307  285  264  240  216  191  170  152  144  140  144
  145  144  141  134  131  130  134  137  129                                   
    12.5-180.0 180.0   5.0 450.0                            LAT/LON1/LON2/DLON/H
  122  121  115  112  107  110  105  110  108  118  124  143  157  180  199  216
  233  239  245  239  239  234  240  247  262  276  296  322  347  372  388  402
  406  409  406  409  410  419  419  428  427  431  422  420  413  411  407  402
  395  382  367  343  320  296  274  251  228  205  181  159  143  136  132  135
  138  141  135  130  125  125  126  131  122                                   
    10.0-180.0 180.0   5.0 450.0                            LAT/LON1/LON2/DLON/H
  117  110  102   99   94   97   93   99  100  112  120  138  151  175  191  210
  226  235  243  242  242  241  247  256  270  286  308  329  359  379  397  406
  412  411  410  412  414  422  423  432  429  432  422  421  414  415  409  406
  396  382  360  337  308  284  261  239  216  194  171  152  138  132  129  133
  136  138  135  126  122  115  113  115  117                                   
     7.5-180.0 180.0   5.0 450.0                            LAT/LON1/LON2/DLON/H
  107   99   91   84   82   81   81   88   91  104  113  131  146  166  183  201
  219  230  242  243  248  248  258  270  281  301  322  349  373  396  409  418
