data/unet/pred2640.15i
     1.0            IONOSPHERE MAPS     GNSS                IONEX VERSION / TYPE
pyspatialgeodesy        IME             05-JAN-18 20:20     PGM / RUN BY / DATE 
Map Name                                                    COMMENT             
Predicted global ionosphere maps (GIM).                     DESCRIPTION         
  2015     9    21     0     0     0                        EPOCH OF FIRST MAP  
  2015     9    22     0     0     0                        EPOCH OF LAST MAP   
  7200                                                      INTERVAL            
    13                                                      # OF MAPS IN FILE   
  NONE                                                      MAPPING FUNCTION    
10.0                                                        ELEVATION CUTOFF    
One-way carrier phase leveled to code                       OBSERVABLES USED    
  6371.0                                                    BASE RADIUS         
 2                                                          MAP DIMENSION       
   450.0 450.0   0.0                                        HGT1 / HGT2 / DHGT  
    87.5 -87.5  -2.5                                        LAT1 / LAT2 / DLAT  
  -180.0 180.0   5.0                                        LON1 / LON2 / DLON  
    -1                                                      EXPONENT            
                                                            END OF HEADER       
[from data line 1716]
     5                                                      START OF TEC MAP    
  2015     9    21     8     0     0                        EPOCH OF CURRENT MAP
    87.5-180.0 180.0   5.0 450.0                            LAT/LON1/LON2/DLON/H
   60   74   74   76   75   74   75   75   76   76   76   76   77   77   77   77
   77   77   77   77   77   77   76   76   76   75   75   74   75   74   75   73
   74   73   74   72   73   71   72   70   71   70   71   70   71   71   72   72
   73   72   73   73   74   74   74   74   74   73   73   73   73   72   72   71
   72   72   72   73   75   75   75   73   60                                   
    85.0-180.0 180.0   5.0 450.0                            LAT/LON1/LON2/DLON/H
   69   87   82   89   85   87   84   88   86   88   85   88   85   88   84   87
   83   87   83   87   83   87   83   87   83   87   83   87   84   87   83   86
   83   86   82   86   82   86   81   85   81   86   81   86   81   87   82   87
   84   87   84   87   86   87   86   87   86   86   85   85   84   84   82   83
   81   82   80   82   81   82   85   75   69                                   
    82.5-180.0 180.0   5.0 450.0                            LAT/LON1/LON2/DLON/H
   78   87   81   83   85   83   85   84   87   84   86   84   85   82   83   81
   81   79   80   79   79   79   79   79   79   79   80   81   81   83   83   83
   84   85   85   85   85   87   86   86   86   87   87   87   87   88   87   88
   88   89   88   89   89   89   89   88   88   86   86   83   83   80   80   76
   78   75   76   74   75   72   77   70   78                                   
    80.0-180.0 180.0   5.0 450.0                            LAT/LON1/LON2/DLON/H
   77   79   77   79   79   80   81   82   82   81   81   79   79   76   76   74
   74   71   71   70   70   69   70   70   71   71   72   74   75   77   79   81
   82   84   85   86   87   89   89   89   90   90   91   91   92   92   93   93
   94   94   95   94   95   93   94   92   91   88   87   84   83   80   78   75
   74   72   72   70   73   67   72   72   77                                   
    77.5-180.0 180.0   5.0 450.0                            LAT/LON1/LON2/DLON/H
   73   81   74   74   76   74   77   75   76   73   73   70   70   66   65   63
   61   60   59   58   57   57   56   57   57   59   60   62   64   67   70   73
   76   79   81   84   85   88   90   91   91   93   94   96   96   98   99  101
  102  103  104  104  104  102  103  100  100   95   95   90   89   83   83   78
   77   73   74   70   72   66   70   62   73                                   
    75.0-180.0 180.0   5.0 450.0                            LAT/LON1/LON2/DLON/H
   77   75   67   70   70   70   70   70   68   67   65   63   60   58   55   54
   50   51   48   48   47   47   47   47   47   49   50   52   54   57   61   65
   69   74   79   82   87   90   93   95   97   98  101  102  104  106  109  111
  113  114  116  115  116  113  113  109  108  104  102   98   95   91   88   83
   80   77   76   73   73   65   70   65   77                                   
    72.5-180.0 180.0   5.0 450.0                            LAT/LON1/LON2/DLON/H
   77   78   66   64   66   63   65   61   62   58   58   54   53   49   48   45
   44   42   42   40   41   40   41   40   42   41   44   44   48   49   55   57
   64   67   75   78   85   89   95   96  100  101  104  107  110  113  117  120
  123  124  127  126  126  124  122  118  116  111  109  104  102   97   93   88
   85   81   79   75   74   69   72   65   77                                   
    70.0-180.0 180.0   5.0 450.0                            LAT/LON1/LON2/DLON/H
   79   72   62   63   63   61   62   60   59   56   55   53   50   49   47   46
   44   43   42   41   42   41   42   42   42   42   43   43   46   47   51   53
   61   65   73   80   87   94  100  104  107  110  114  118  122  126  131  134
  138  139  141  139  139  134  132  127  125  120  117  113  111  106  103   98
   94   89   87   82   81   71   75   70   79                                   
    67.5-180.0 180.0   5.0 450.0                            LAT/LON1/LON2/DLON/H
   78   75   61   58   59   57   58   55   55   52   51   49   47   46   46   44
   44   43   43   42   42   42   44   43   44   42   44   42   44   44   48   50
   57   61   71   77   87   94  102  106  111  114  119  123  127  133  137  142
  145  147  149  147  146  142  138  132  130  124  122  117  115  111  109  104
  100   95   92   87   84   78   78   71   78                                   
    65.0-180.0 180.0   5.0 450.0                            LAT/LON1/LON2/DLON/H
   80   71   60   58   57   55   56   54   53   52   51   50   50   49   49   49
   48   49   47   47   47   47   48   48   49   48   48   46   47   45   48   50
   57   62   71   81   90  101  107  114  117  124  128  135  139  145  147  152
  154  156  156  155  152  148  142  137  134  129  127  124  124  120  118  113
  110  104  101   95   92   82   83   76   80                                   
    62.5-180.0 180.0   5.0 450.0                            LAT/LON1/LON2/DLON/H
   79   75   58   54   52   50   50   48   48   48   48   49   48   50   49   51
   50   50   49   48   47   48   49   49   51   49   50   46   47   44   48   48
   55   60   70   78   92  100  110  114  122  127  134  138  144  148  152  154
  157  158  160  157  157  152  148  142  138  134  133  129  130  126  125  119
  116  110  107  100   97   89   89   80   79                                   
    60.0-180.0 180.0   5.0 450.0                            LAT/LON1/LON2/DLON/H
   84   74   61   56   52   48   48   47   47   47   48   48   50   50   52   53
   52   52   50   49   49   48   50   50   52   51   51   48   48   45   47   50
   56   64   72   85   95  108  114  124  128  137  141  148  152  157  159  163
  164  167  167  168  166  162  157  151  147  142  141  137  139  134  134  127
  125  118  116  108  106   95   93   87   84                                   
    57.5-180.0 180.0   5.0 450.0                            LAT/LON1/LON2/DLON/H
   87   81   65   56   50   44   43   41   40   41   41   43   44   46   47   49
   47   47   45   44   42   43   45   46   48   48   49   46   46   44   47   50
   57   65   76   86  100  108  120  124  134  137  147  151  160  163  169  169
  174  174  177  177  179  175  171  164  160  155  153  148  149  144  143  135
  132  125  123  116  114  105  100   93   87                                   
    55.0-180.0 180.0   5.0 450.0                            LAT/LON1/LON2/DLON/H
   94   86   74   65   55   48   44   41   41   39   40   41   43   44   46   46
   46   44   42   39   38   38   39   41   44   45   46   45   44   44   46   53
   59   72   81   96  105  117  122  132  137  147  153  163  170  177  180  184
  186  191  192  197  196  195  189  184  177  172  166  164  161  156  153  145
  140  134  131  125  124  113  110  105   94                                   
    52.5-180.0 180.0   5.0 450.0                            LAT/LON1/LON2/DLON/H
  102   97   83   72   63   52   46   41   38   35   35   34   35   36   37   38
   38   36   35   30   30   29   32   34   37   39   40   39   40   42   45   53
   61   75   88   99  113  119  130  133  145  150  165  172  185  189  196  198
  204  206  211  211  214  210  206  199  194  186  182  175  173  166  163  153
  150  141  142  134  132  124  119  114  102                                   
    50.0-180.0 180.0   5.0 450.0                            LAT/LON1/LON2/DLON/H
  111  105   97   87   75   64   55   48   43   38   36   34   34   34   35   35
   35   33   32   28   27   27   28   31   34   36   37   37   38   42   47   57
   67   85   95  111  119  131  134  144  150  163  174  188  198  207  212  218
  220  225  227  232  231  230  222  217  208  202  193  190  184  182  173  167
  159  154  151  145  144  132  127  126  111                                   
    47.5-180.0 180.0   5.0 450.0                            LAT/LON1/LON2/DLON/H
  117  113  108   98   88   75   66   55   47   41   37   32   31   29   31   30
   31   29   29   26   25   24   27   29   31   34   33   35   35   40   47   59
   73   89  105  116  132  136  149  151  164  172  189  201  215  222  231  232
  236  236  239  238  238  232  227  218  213  204  200  193  192  185  182  171
  167  158  159  151  150  138  135  130  117                                   
    45.0-180.0 180.0   5.0 450.0                            LAT/LON1/LON2/DLON/H
  122  119  118  111  102   89   79   68   58   50   45   40   36   33   33   32
   32   32   32   30   29   29   31   33   34   34   35   36   37   43   51   65
   78   97  110  128  137  150  155  164  170  185  197  214  224  236  238  244
  244  247  243  244  238  234  224  219  210  205  197  195  191  192  185  181
  171  167  162  157  155  142  136  136  122                                   
    42.5-180.0 180.0   5.0 450.0                            LAT/LON1/LON2/DLON/H
  120  119  119  114  108   97   89   78   69   59   53   47   43   38   38   36
   37   36   37   36   35   36   36   38   37   39   36   38   38   45   53   67
   82   99  119  133  152  160  174  175  187  195  213  224  239  242  249  247
  251  247  245  238  233  223  217  209  207  200  197  192  194  190  190  181
  178  169  169  159  156  140  137  132  120                                   
    40.0-180.0 180.0   5.0 450.0                            LAT/LON1/LON2/DLON/H
  117  114  117  115  111  101   93   84   76   68   61   56   52   48   46   45
   45   44   45   45   45   45   46   45   45   43   43   43   44   51   60   74
   90  108  128  146  163  177  185  192  198  210  224  238  249  255  257  259
  257  257  247  243  231  225  213  211  206  203  196  194  192  193  191  189
  182  179  172  165  159  143  134  132  117                                   
    37.5-180.0 180.0   5.0 450.0                            LAT/LON1/LON2/DLON/H
  108  106  107  106  104   96   91   85   80   75   70   66   62   59   58   56
   55   54   54   55   54   55   53   53   50   50   46   46   46   52   61   75
   92  110  133  152  175  188  204  206  219  224  243  253  267  267  274  269
  273  266  262  249  243  232  227  223  224  217  214  207  205  201  200  195
  193  185  182  170  163  141  135  125  108                                   
    35.0-180.0 180.0   5.0 450.0                            LAT/LON1/LON2/DLON/H
  102   98   95   95   92   87   85   81   78   75   74   72   71   70   69   68
   66   64   65   64   65   62   61   58   56   53   52   51   53   60   68   83
   99  118  139  163  183  203  214  223  230  245  257  271  281  287  291  293
  293  294  287  283  270  265  255  259  255  250  239  228  219  214  209  208
  202  198  190  181  169  147  136  128  102                                   
    32.5-180.0 180.0   5.0 450.0                            LAT/LON1/LON2/DLON/H
   97   93   82   78   77   72   74   71   72   72   74   76   76   79   78   78
   76   74   72   72   70   69   65   62   58   56   53   53   55   60   70   82
   99  116  140  160  186  204  224  232  250  260  278  288  304  308  319  318
  327  326  329  321  317  308  306  306  304  293  282  265  254  240  233  225
  222  213  207  190  181  154  140  125   97                                   
    30.0-180.0 180.0   5.0 450.0                            LAT/LON1/LON2/DLON/H
  102   91   76   70   66   62   62   62   64   67   69   75   78   82   84   85
   84   80   79   76   76   72   69   62   60   56   56   56   58   65   75   88
  104  122  142  165  188  213  228  247  258  281  292  313  321  334  341  351
  360  369  376  377  375  372  368  371  367  354  336  310  287  269  253  246
  237  228  219  207  196  170  151  135  102                                   
    27.5-180.0 180.0   5.0 450.0                            LAT/LON1/LON2/DLON/H
  115  104   82   69   64   57   58   58   59   62   66   72   77   83   86   89
   87   84   82   80   77   74   68   64   58   56   54   55   57   65   75   87
  103  120  138  158  186  206  232  247  272  288  311  328  344  357  368  381
  396  412  426  432  435  433  431  431  426  407  389  358  337  308  291  275
  266  251  245  226  217  188  166  147  115                                   
    25.0-180.0 180.0   5.0 450.0                            LAT/LON1/LON2/DLON/H
  132  117   92   77   69   63   63   61   60   61   62   69   72   80   84   87
   86   84   81   79   77   72   67   60   56   54   52   53   56   64   76   87
  102  120  138  160  184  211  231  256  274  301  320  347  360  377  388  410
  423  449  459  476  478  482  478  480  476  462  441  404  376  344  318  299
  283  267  255  242  235  210  187  167  132                                   
    22.5-180.0 180.0   5.0 450.0                            LAT/LON1/LON2/DLON/H
  160  145  116  100   90   78   74   71   68   66   66   68   72   79   81   85
   83   81   78   76   73   70   64   60   54   53   49   51   53   62   74   88
  104  120  141  161  188  210  237  257  283  305  332  356  373  391  406  428
  447  468  486  503  513  516  513  510  507  493  481  446  421  380  357  331
  313  294  281  267  256  233  212  194  160                                   
    20.0-180.0 180.0   5.0 450.0                            LAT/LON1/LON2/DLON/H
  177  169  136  123  116  101   94   87   84   78   75   74   73   77   77   80
   77   76   72   70   69   66   64   59   56   54   49   51   52   61   73   87
  103  124  144  169  191  219  239  263  286  314  342  367  386  403  418  441
  455  483  496  519  526  534  528  529  523  515  506  482  459  419  388  359
  338  316  299  287  282  257  241  222  177                                   
    17.5-180.0 180.0   5.0 450.0                            LAT/LON1/LON2/DLON/H
  208  195  165  155  140  130  116  106   94   88   83   83   82   80   80   80
   76   72   68   65   64   63   62   61   57   57   51   53   53   62   74   89
  107  126  148  171  199  226  248  272  294  323  348  375  390  411  426  446
  462  485  504  521  528  531  527  525  520  517  515  502  488  453  426  394
  370  351  331  321  307  287  267  253  208                                   
    15.0-180.0 180.0   5.0 450.0                            LAT/LON1/LON2/DLON/H
  224  217  186  176  163  149  137  121  112  100   93   86   82   86   82   80
   74   71   65   63   63   62   65   64   62   60   54   54   57   65   79   93
  111  133  152  180  207  234  250  277  299  330  355  380  400  420  433  453
  462  485  492  508  505  510  503  508  505  510  511  511  501  477  451  422
  397  375  356  343  331  309  295  274  224                                   
    12.5-180.0 180.0   5.0 450.0                            LAT/LON1/LON2/DLON/H
  253  241  213  205  188  175  157  148  132  123  107   98   85   81   76   82
   79   73   68   62   61   62   64   68   65   66   59   59   62   69   82   95
  114  131  154  182  211  236  255  283  305  336  357  383  402  424  434  453
  463  478  483  489  486  485  480  482  483  493  499  509  504  493  472  446
  425  404  385  370  354  335  317  293  253                                   
    10.0-180.0 180.0   5.0 450.0                            LAT/LON1/LON2/DLON/H
  263  252  230  223  209  196  174  162  150  142  131  115  103   91   83   85
   80   80   74   68   66   67   71   76   76   78   72   71   72   77   91  102
  118  136  156  183  210  234  256  279  307  333  361  385  407  427  436  453
  457  467  465  470  464  467  461  470  471  486  491  503  501  496  479  462
  442  423  403  381  362  344  329  306  263                                   
     7.5-180.0 180.0   5.0 450.0                            LAT/LON1/LON2/DLON/H
  284  265  248  241  228  215  191  181  164  167  151  145  120  112   96   97
   90   87   83   77   74   74   78   85   86   86   80   77   78   82   92  102
