data/unet/pred2120.15i
     1.0            IONOSPHERE MAPS     GNSS                IONEX VERSION / TYPE
pyspatialgeodesy        IME             05-JAN-18 20:20     PGM / RUN BY / DATE 
Map Name                                                    COMMENT             
Predicted global ionosphere maps (GIM).                     DESCRIPTION         
  2015     7    31     0     0     0                        EPOCH OF FIRST MAP  
  2015     8     1     0     0     0                        EPOCH OF LAST MAP   
  7200                                                      INTERVAL            
    13                                                      # OF MAPS IN FILE   
  NONE                                                      MAPPING FUNCTION    
10.0                                                        ELEVATION CUTOFF    
One-way carrier phase leveled to code                       OBSERVABLES USED    
  6371.0                                                    BASE RADIUS         
 2                                                          MAP DIMENSION       
   450.0 450.0   0.0                                        HGT1 / HGT2 / DHGT  
    87.5 -87.5  -2.5                                        LAT1 / LAT2 / DLAT  
  -180.0 180.0   5.0                                        LON1 / LON2 / DLON  
    -1                                                      EXPONENT            
                                                            END OF HEADER       
[from data line 3861]
    10                                                      START OF TEC MAP    
  2015     7    31    18     0     0                        EPOCH OF CURRENT MAP
    87.5-180.0 180.0   5.0 450.0                            LAT/LON1/LON2/DLON/H
  177  147  142  144  144  140  142  139  142  139  142  138  142  137  142  135
  141  135  141  135  141  137  142  137  141  138  141  137  139  136  138  134
  136  133  135  131  134  130  133  128  132  127  131  126  131  126  131  127
  131  127  132  129  134  131  135  132  136  134  138  135  139  136  139  137
  140  138  142  140  143  141  153  159  177                                   
    85.0-180.0 180.0   5.0 450.0                            LAT/LON1/LON2/DLON/H
  141  135  135  140  139  139  137  139  137  139  137  139  137  139  137  139
  137  139  137  139  138  139  137  138  137  138  136  136  134  134  131  131
  129  129  126  126  124  124  122  122  120  121  119  120  119  120  119  121
  121  123  123  125  125  128  127  130  130  132  132  133  133  135  135  136
  136  138  137  137  138  134  145  153  141                                   
    82.5-180.0 180.0   5.0 450.0                            LAT/LON1/LON2/DLON/H
  141  134  137  136  138  136  138  137  139  138  140  139  141  141  143  142
  143  142  143  142  144  142  143  141  142  139  139  137  136  134  132  131
  129  127  125  123  122  120  119  117  116  115  115  114  115  115  117  117
  119  120  122  123  125  126  128  128  131  130  132  131  134  133  135  134
  136  134  137  135  139  130  135  138  141                                   
    80.0-180.0 180.0   5.0 450.0                            LAT/LON1/LON2/DLON/H
  138  137  131  134  132  133  133  135  134  136  136  138  138  140  139  142
  141  143  141  144  142  143  141  142  140  141  138  138  136  136  133  133
  130  129  125  125  121  121  116  116  112  113  109  112  109  113  111  115
  114  119  118  123  122  126  125  128  127  130  129  131  131  133  132  134
  133  135  133  136  134  130  133  133  138                                   
    77.5-180.0 180.0   5.0 450.0                            LAT/LON1/LON2/DLON/H
  135  132  129  127  128  128  130  129  131  131  135  135  137  138  141  141
  143  142  145  144  146  144  146  143  144  141  142  140  139  137  136  135
  133  130  128  125  123  119  117  114  112  109  110  108  110  109  113  113
  117  117  121  122  125  125  127  126  129  127  130  128  130  128  131  129
  131  130  133  132  132  126  126  130  135                                   
    75.0-180.0 180.0   5.0 450.0                            LAT/LON1/LON2/DLON/H
  135  132  126  130  128  131  130  133  132  135  135  139  138  142  141  144
  143  146  145  148  147  148  147  148  147  147  145  145  143  144  141  142
  137  138  133  133  127  127  120  120  114  114  110  112  110  113  113  117
  118  122  123  126  125  128  127  129  127  128  127  128  126  129  127  130
  128  132  131  133  131  127  127  134  135                                   
    72.5-180.0 180.0   5.0 450.0                            LAT/LON1/LON2/DLON/H
  137  131  131  128  130  129  131  131  133  133  137  137  141  141  144  143
  146  145  148  147  150  149  151  149  150  148  148  146  146  144  144  143
  141  139  137  135  132  128  125  121  118  115  114  113  114  113  117  117
  122  122  126  126  129  127  128  125  125  122  123  121  122  121  124  124
  126  127  130  131  132  127  128  135  137                                   
    70.0-180.0 180.0   5.0 450.0                            LAT/LON1/LON2/DLON/H
  139  136  130  134  134  134  136  136  138  138  141  142  145  145  146  146
  146  148  148  150  151  152  153  152  152  150  148  146  145  144  144  143
  142  141  139  138  135  133  129  127  123  121  118  118  116  118  119  122
  123  126  127  129  127  127  124  122  119  118  115  116  115  117  118  120
  122  125  127  130  131  128  129  139  139                                   
    67.5-180.0 180.0   5.0 450.0                            LAT/LON1/LON2/DLON/H
  143  137  137  135  137  136  138  138  140  140  144  144  148  147  149  149
  150  150  152  152  155  154  155  154  152  149  147  144  144  142  143  142
  143  140  141  138  138  134  133  129  128  124  123  121  122  120  123  123
  127  126  129  126  126  121  119  114  111  108  107  106  108  109  112  114
  118  120  124  127  130  127  131  140  143                                   
    65.0-180.0 180.0   5.0 450.0                            LAT/LON1/LON2/DLON/H
  143  143  138  141  143  143  145  144  146  146  149  149  153  152  154  152
  154  153  155  154  157  156  157  154  153  148  145  141  141  139  141  140
  141  140  140  139  138  136  135  133  132  129  128  127  125  126  126  128
  128  129  128  125  122  117  112  107  103  100   98   99  100  103  105  109
  111  116  119  124  127  127  131  144  143                                   
    62.5-180.0 180.0   5.0 450.0                            LAT/LON1/LON2/DLON/H
  143  143  144  143  145  146  147  147  147  148  152  153  156  156  158  156
  157  154  156  155  158  156  157  154  152  146  144  139  140  138  141  141
  143  141  142  139  140  137  138  136  137  134  136  132  132  130  131  130
  131  129  127  122  117  111  105   99   95   92   91   92   94   96  100  103
  106  110  115  119  124  124  132  142  143                                   
    60.0-180.0 180.0   5.0 450.0                            LAT/LON1/LON2/DLON/H
  139  147  145  148  151  151  153  151  152  153  156  157  161  160  162  159
  160  156  158  155  159  157  158  154  152  146  143  139  141  139  144  144
  147  145  145  142  143  141  143  143  144  143  143  141  139  138  136  135
  134  131  127  121  113  106   99   94   90   88   88   89   91   93   95   98
  100  105  108  114  119  121  129  141  139                                   
    57.5-180.0 180.0   5.0 450.0                            LAT/LON1/LON2/DLON/H
  136  145  146  147  150  152  151  152  152  153  156  158  162  162  164  161
  161  157  158  156  157  157  157  154  152  146  145  141  144  144  149  151
  153  151  150  147  147  145  149  150  154  153  154  150  148  144  142  139
  136  132  127  119  110  102   96   91   88   87   88   89   90   91   93   94
   96   99  102  108  111  115  126  135  136                                   
    55.0-180.0 180.0   5.0 450.0                            LAT/LON1/LON2/DLON/H
  131  146  144  151  154  157  157  157  156  157  158  159  162  163  165  162
  161  156  156  152  155  154  156  153  152  148  148  146  150  152  158  159
  162  159  158  154  154  153  158  159  163  164  163  160  156  152  148  144
  140  134  127  118  110  101   95   91   89   90   91   91   92   91   91   91
   92   94   96  102  105  110  122  131  131                                   
    52.5-180.0 180.0   5.0 450.0                            LAT/LON1/LON2/DLON/H
  128  143  145  151  155  160  159  160  157  158  156  157  159  158  161  158
  159  154  153  150  151  151  153  153  153  151  152  152  158  161  167  170
  171  170  166  164  163  165  169  172  175  176  174  170  165  158  154  148
  143  136  129  120  111  102   98   94   95   95   97   97   96   93   91   91
   90   92   93   98  101  105  117  127  128                                   
    50.0-180.0 180.0   5.0 450.0                            LAT/LON1/LON2/DLON/H
  129  148  147  159  164  170  169  171  165  166  161  161  158  158  158  157
  156  153  151  148  149  149  153  153  156  156  159  161  167  171  177  179
  181  178  177  174  175  176  181  182  186  185  183  178  172  166  160  154
  148  141  133  123  115  107  103  102  103  104  106  104  101   97   94   93
   92   93   95   98  100  104  117  127  129                                   
    47.5-180.0 180.0   5.0 450.0                            LAT/LON1/LON2/DLON/H
  131  149  155  163  169  175  177  176  173  170  165  161  157  155  155  153
  153  150  149  146  147  148  153  155  159  162  166  170  176  180  186  188
  189  188  187  186  188  191  196  197  199  196  192  185  178  171  165  159
  151  145  136  128  119  112  110  110  112  115  114  112  106  103   97   98
   95   99   98  102  102  103  116  128  131                                   
    45.0-180.0 180.0   5.0 450.0                            LAT/LON1/LON2/DLON/H
  139  157  161  175  181  190  189  192  184  183  174  169  164  158  157  153
  153  150  147  145  146  149  153  159  164  169  173  178  182  187  192  193
  196  195  197  196  201  203  209  208  209  204  199  191  185  178  171  165
  158  151  143  134  126  120  118  119  123  124  125  119  115  108  105  103
  104  106  108  109  109  110  120  133  139                                   
    42.5-180.0 180.0   5.0 450.0                            LAT/LON1/LON2/DLON/H
  144  161  169  182  189  197  199  198  196  190  186  176  171  162  162  154
  157  149  152  145  150  150  157  162  169  174  180  184  189  193  198  200
  203  205  208  212  216  221  224  223  221  214  207  199  191  183  176  169
  162  156  147  140  132  127  125  128  131  133  131  128  120  117  110  113
  111  117  114  117  114  112  124  137  144                                   
    40.0-180.0 180.0   5.0 450.0                            LAT/LON1/LON2/DLON/H
  150  164  173  189  199  207  211  213  208  206  198  190  183  173  171  163
  165  159  161  154  157  156  164  168  175  182  188  193  196  201  205  207
  212  215  222  225  233  236  240  236  234  224  218  207  200  191  184  177
  169  162  154  146  138  132  131  133  137  138  137  132  127  123  120  122
  123  127  125  126  121  120  127  139  150                                   
    37.5-180.0 180.0   5.0 450.0                            LAT/LON1/LON2/DLON/H
  151  167  175  192  201  213  215  218  217  216  213  204  197  187  184  175
  176  168  174  164  170  167  175  177  183  190  196  201  206  212  217  223
  227  236  241  248  254  257  258  252  246  235  226  216  208  199  190  182
  173  167  157  150  140  135  134  135  139  141  140  138  132  132  127  132
  130  135  130  129  121  120  129  139  151                                   
    35.0-180.0 180.0   5.0 450.0                            LAT/LON1/LON2/DLON/H
  150  166  175  193  204  215  220  224  224  228  225  220  211  203  195  190
  185  186  183  183  183  184  187  190  194  203  209  218  223  232  237  245
  255  262  269  273  279  278  277  267  260  245  237  225  217  206  198  187
  180  170  162  153  144  137  134  134  138  139  141  138  137  136  134  138
  138  140  135  131  123  121  127  134  150                                   
    32.5-180.0 180.0   5.0 450.0                            LAT/LON1/LON2/DLON/H
  145  163  174  192  202  214  217  223  227  234  236  236  229  224  214  209
  203  202  202  201  204  202  207  206  211  220  228  239  245  256  266  280
  287  296  301  302  303  299  293  280  268  253  242  230  221  210  199  189
  179  171  162  155  145  139  135  135  136  139  140  141  139  143  140  144
  141  143  134  129  117  115  124  131  145                                   
    30.0-180.0 180.0   5.0 450.0                            LAT/LON1/LON2/DLON/H
  140  161  169  187  196  209  215  223  229  239  242  245  237  232  219  213
  203  207  202  212  208  213  210  215  217  232  242  260  270  286  306  317
  332  334  338  333  331  319  310  291  277  258  247  233  223  210  198  186
  177  169  162  153  146  138  134  133  134  136  138  139  140  143  143  145
  142  141  133  125  114  112  121  124  140                                   
    27.5-180.0 180.0   5.0 450.0                            LAT/LON1/LON2/DLON/H
  135  152  165  182  196  208  216  224  231  240  248  249  249  244  234  228
  220  221  222  227  227  228  228  230  236  251  265  287  301  325  338  355
  360  363  360  353  344  331  315  294  276  258  244  228  216  201  189  178
  169  162  155  150  142  137  133  132  130  134  134  139  139  144  141  145
  139  139  127  121  108  106  118  122  135                                   
    25.0-180.0 180.0   5.0 450.0                            LAT/LON1/LON2/DLON/H
  134  152  162  183  194  211  221  232  240  250  259  263  262  258  245  238
  227  231  230  239  238  241  237  244  248  269  286  315  336  358  378  386
  396  390  383  368  358  338  323  296  278  255  240  222  209  193  181  169
  162  153  149  142  137  132  129  127  126  127  130  133  137  140  139  140
  137  133  125  117  107  106  118  121  134                                   
    22.5-180.0 180.0   5.0 450.0                            LAT/LON1/LON2/DLON/H
  133  147  163  180  198  216  232  243  254  262  269  273  276  271  264  259
  250  255  256  265  266  267  264  268  276  296  317  346  365  389  400  410
  409  404  388  372  357  340  320  294  272  249  231  213  198  180  168  157
  151  144  139  134  128  125  122  122  120  123  123  129  130  136  132  134
  129  129  121  118  109  108  118  127  133                                   
    20.0-180.0 180.0   5.0 450.0                            LAT/LON1/LON2/DLON/H
  137  152  168  189  206  229  245  260  270  279  286  289  290  288  283  278
  272  275  278  286  287  287  284  288  299  320  347  373  399  413  427  429
  432  417  401  379  361  343  322  296  273  246  228  207  191  173  161  150
  144  136  131  124  120  116  117  116  116  115  118  120  125  127  127  126
  125  125  123  120  115  114  123  131  137                                   
    17.5-180.0 180.0   5.0 450.0                            LAT/LON1/LON2/DLON/H
  139  153  170  188  211  233  256  270  284  293  298  303  304  306  302  302
  300  307  309  320  317  319  316  319  331  353  377  402  420  430  438  438
  430  416  392  372  352  337  315  293  268  244  222  202  185  168  156  147
  141  131  126  118  113  112  113  114  113  113  112  115  116  119  117  118
  117  121  122  122  119  116  123  135  139                                   
    15.0-180.0 180.0   5.0 450.0                            LAT/LON1/LON2/DLON/H
  141  155  172  192  214  240  260  281  293  305  308  315  317  321  322  324
  326  332  339  347  349  347  347  347  363  379  407  424  447  448  456  445
  438  416  397  376  359  343  324  301  277  250  229  208  191  174  162  152
  143  132  124  113  110  107  112  112  113  110  108  106  108  108  107  107
  109  115  121  123  120  118  124  132  141                                   
    12.5-180.0 180.0   5.0 450.0                            LAT/LON1/LON2/DLON/H
  137  151  166  188  211  238  261  278  294  306  312  320  324  332  334  340
  344  355  365  374  377  380  377  383  393  412  429  447  459  458  457  444
  428  409  386  372  353  343  322  303  279  258  236  219  201  186  174  161
  150  137  126  115  110  111  114  117  114  111  104  102   99   99   96   97
   99  108  114  118  117  113  117  126  137                                   
    10.0-180.0 180.0   5.0 450.0                            LAT/LON1/LON2/DLON/H
  129  141  158  178  202  231  252  275  288  306  309  322  327  339  346  356
  364  374  387  395  402  402  408  409  424  434  456  462  474  465  464  446
  432  410  394  379  368  355  338  315  295  270  255  234  220  201  188  172
  157  142  128  118  111  112  116  117  115  107  100   93   92   90   87   88
   92  100  108  111  109  103  108  111  129                                   
     7.5-180.0 180.0   5.0 450.0                            LAT/LON1/LON2/DLON/H
  118  129  144  168  191  220  242  263  280  294  305  315  324  337  346  357
  368  381  396  405  412  416  421  433  441  457  467  474  476  468  460  444
