data/unet/pred1550.15i
     1.0            IONOSPHERE MAPS     GNSS                IONEX VERSION / TYPE
pyspatialgeodesy        IME             05-JAN-18 20:20     PGM / RUN BY / DATE 
Map Name                                                    COMMENT             
Predicted global ionosphere maps (GIM).                     DESCRIPTION         
  2015     6     4     0     0     0                        EPOCH OF FIRST MAP  
  2015     6     5     0     0     0                        EPOCH OF LAST MAP   
  7200                                                      INTERVAL            
    13                                                      # OF MAPS IN FILE   
  NONE                                                      MAPPING FUNCTION    
10.0                                                        ELEVATION CUTOFF    
One-way carrier phase leveled to code                       OBSERVABLES USED    
  6371.0                                                    BASE RADIUS         
 2                                                          MAP DIMENSION       
   450.0 450.0   0.0                                        HGT1 / HGT2 / DHGT  
    87.5 -87.5  -2.5                                        LAT1 / LAT2 / DLAT  
  -180.0 180.0   5.0                                        LON1 / LON2 / DLON  
    -1                                                      EXPONENT            
                                                            END OF HEADER       
[from data line 4290]
    11                                                      START OF TEC MAP    
  2015     6     4    20     0     0                        EPOCH OF CURRENT MAP
    87.5-180.0 180.0   5.0 450.0                            LAT/LON1/LON2/DLON/H
  219  202  195  199  197  199  197  199  197  200  198  199  197  198  196  197
  194  195  193  193  190  190  188  187  185  184  183  182  180  180  179  179
  178  178  177  178  177  178  177  178  177  178  177  178  177  178  177  178
  177  179  178  180  179  180  180  182  181  183  182  184  183  185  185  187
  187  190  189  189  187  189  190  200  219                                   
    85.0-180.0 180.0   5.0 450.0                            LAT/LON1/LON2/DLON/H
  190  197  197  203  202  202  203  204  204  205  205  205  205  205  204  203
  202  201  200  198  197  195  194  191  190  187  186  184  183  181  180  178
  177  176  176  174  175  174  175  173  175  173  175  174  176  174  176  176
  178  177  179  179  181  181  182  182  184  184  184  185  186  186  186  187
  188  190  190  189  188  186  193  209  190                                   
    82.5-180.0 180.0   5.0 450.0                            LAT/LON1/LON2/DLON/H
  196  197  200  203  205  207  208  210  211  213  213  215  214  215  213  213
  211  211  209  208  205  204  202  199  197  194  191  189  186  183  180  178
  175  175  172  172  171  171  170  170  170  171  171  172  173  174  174  176
  177  179  179  181  181  183  182  184  184  185  184  185  184  186  185  186
  186  189  189  190  189  189  188  202  196                                   
    80.0-180.0 180.0   5.0 450.0                            LAT/LON1/LON2/DLON/H
  200  192  195  195  199  199  205  204  209  208  213  211  214  212  214  211
  213  210  211  207  208  204  204  199  199  193  192  186  185  179  178  172
  171  167  167  163  164  161  164  161  164  162  166  165  168  167  171  170
  173  172  175  174  176  175  177  176  178  176  177  175  177  175  176  175
  177  176  179  177  180  178  180  195  200                                   
    77.5-180.0 180.0   5.0 450.0                            LAT/LON1/LON2/DLON/H
  189  185  187  188  192  195  199  203  205  208  210  211  212  212  213  212
  211  211  211  210  209  208  206  204  202  199  195  191  186  182  177  174
  169  168  164  164  161  162  161  163  161  164  164  167  166  169  168  171
  170  172  171  174  172  174  172  174  172  173  171  172  170  171  169  170
  169  171  171  170  169  169  171  185  189                                   
    75.0-180.0 180.0   5.0 450.0                            LAT/LON1/LON2/DLON/H
  188  181  186  186  191  193  198  199  204  205  209  209  211  210  211  209
  210  210  211  211  212  211  212  209  208  205  202  197  194  188  185  179
  177  172  170  167  166  164  164  164  165  165  167  167  169  169  170  170
  171  171  171  171  171  170  171  170  171  170  171  170  170  169  168  167
  167  167  168  167  168  166  169  185  188                                   
    72.5-180.0 180.0   5.0 450.0                            LAT/LON1/LON2/DLON/H
  186  184  185  188  190  194  197  201  204  206  209  210  210  210  210  209
  209  209  210  212  213  215  215  216  214  212  208  205  199  196  190  187
  181  180  174  174  170  171  168  170  169  171  170  172  171  172  170  172
  170  172  169  171  168  170  167  170  168  171  168  171  168  171  167  169
  165  168  167  168  166  168  171  186  186                                   
    70.0-180.0 180.0   5.0 450.0                            LAT/LON1/LON2/DLON/H
  195  189  191  191  194  196  200  202  206  208  211  211  211  210  209  208
  208  208  210  212  215  217  219  219  218  216  213  209  206  201  198  193
  191  187  185  181  179  177  176  175  175  174  174  174  173  172  172  171
  169  169  167  167  165  165  165  166  167  169  171  173  174  175  175  175
  174  175  175  175  175  175  178  192  195                                   
    67.5-180.0 180.0   5.0 450.0                            LAT/LON1/LON2/DLON/H
  203  201  201  201  202  203  206  208  210  213  215  215  215  213  211  209
  208  208  209  212  215  219  221  222  221  219  215  212  208  205  201  199
  195  194  190  188  184  183  181  181  178  179  176  177  174  174  170  170
  166  167  163  164  161  163  160  164  163  169  169  176  176  182  180  183
  181  183  183  183  182  185  187  200  203                                   
    65.0-180.0 180.0   5.0 450.0                            LAT/LON1/LON2/DLON/H
  221  214  215  214  214  213  214  214  216  218  220  220  219  217  214  211
  210  209  212  213  217  219  223  222  222  219  216  212  211  206  206  203
  203  200  199  195  193  189  188  186  186  183  183  180  178  174  172  168
  166  163  160  159  157  157  156  159  161  166  171  177  182  187  190  192
  193  195  196  195  197  197  200  211  221                                   
    62.5-180.0 180.0   5.0 450.0                            LAT/LON1/LON2/DLON/H
  231  230  230  227  227  224  225  225  226  227  229  228  227  223  220  217
  214  213  213  214  217  220  221  221  220  218  214  212  210  209  208  208
  207  207  203  201  197  195  192  192  190  190  186  184  179  175  169  167
  162  161  156  157  153  155  152  156  157  164  168  178  183  191  194  199
  200  203  203  204  205  208  211  222  231                                   
    60.0-180.0 180.0   5.0 450.0                            LAT/LON1/LON2/DLON/H
  244  241  242  240  239  236  235  234  234  234  236  235  234  230  227  223
  221  218  218  218  221  221  222  221  219  216  213  211  211  211  213  213
  215  213  212  207  205  202  201  200  201  197  196  190  185  178  172  167
  163  159  156  154  151  150  148  150  152  159  164  174  183  191  197  201
  205  207  210  210  214  215  221  231  244                                   
    57.5-180.0 180.0   5.0 450.0                            LAT/LON1/LON2/DLON/H
  246  250  251  250  249  247  246  245  245  245  246  245  244  240  236  230
  226  223  220  219  219  220  219  219  216  214  211  211  212  215  217  220
  220  220  216  214  210  208  207  207  206  204  200  195  187  180  171  166
  160  158  153  152  147  147  143  146  145  152  156  168  175  186  192  198
  201  205  208  209  214  217  224  234  246                                   
    55.0-180.0 180.0   5.0 450.0                            LAT/LON1/LON2/DLON/H
  250  253  256  258  258  256  256  254  254  253  253  250  249  244  242  236
  233  227  225  221  222  220  220  218  217  214  213  213  217  219  225  226
  229  226  225  220  220  216  218  216  219  213  211  202  195  183  175  167
  162  157  154  150  146  143  139  139  139  143  148  158  169  177  187  192
  199  202  206  208  213  216  223  234  250                                   
    52.5-180.0 180.0   5.0 450.0                            LAT/LON1/LON2/DLON/H
  247  256  260  264  267  266  267  266  265  264  262  259  256  253  249  245
  240  234  228  223  221  220  218  219  217  217  216  219  222  227  232  235
  235  234  230  228  225  225  224  225  224  221  215  208  196  186  174  167
  159  157  150  149  142  140  135  135  133  136  139  148  156  166  175  182
  189  194  200  202  209  212  221  231  247                                   
    50.0-180.0 180.0   5.0 450.0                            LAT/LON1/LON2/DLON/H
  250  255  261  268  273  275  277  276  276  273  271  266  263  259  257  252
  248  239  234  226  225  222  223  223  224  223  225  227  232  236  241  242
  244  240  240  236  237  235  238  236  236  230  225  213  204  189  179  169
  163  157  153  147  143  138  134  132  131  132  136  142  152  159  171  177
  188  194  202  204  209  211  219  230  250                                   
    47.5-180.0 180.0   5.0 450.0                            LAT/LON1/LON2/DLON/H
  248  257  263  271  279  282  288  288  288  285  281  276  272  270  267  264
  258  249  241  233  229  228  228  229  229  231  232  236  240  244  249  250
  250  248  247  245  244  245  245  245  241  236  227  217  204  192  179  172
  162  159  151  148  141  137  132  131  130  130  133  138  145  152  162  171
  183  190  200  204  210  212  220  231  248                                   
    45.0-180.0 180.0   5.0 450.0                            LAT/LON1/LON2/DLON/H
  254  256  265  274  282  290  296  298  299  296  292  287  283  279  279  274
  269  257  250  240  237  235  237  238  240  241  245  247  253  254  258  257
  259  256  257  255  258  257  260  257  254  244  235  222  210  196  186  176
  169  162  157  150  145  139  136  133  133  134  138  140  148  153  166  174
  189  197  209  212  219  219  227  237  254                                   
    42.5-180.0 180.0   5.0 450.0                            LAT/LON1/LON2/DLON/H
  257  262  267  276  287  294  302  307  310  308  306  301  298  295  294  289
  283  272  262  253  248  248  248  250  252  255  257  260  263  265  266  267
  268  268  269  271  273  275  273  268  260  250  237  226  212  202  190  184
  175  170  161  156  148  143  139  137  137  138  141  144  150  155  166  177
  191  202  214  221  227  231  238  249  257                                   
    40.0-180.0 180.0   5.0 450.0                            LAT/LON1/LON2/DLON/H
  270  267  273  280  288  298  305  313  317  319  319  316  314  311  310  302
  297  285  277  267  264  261  263  265  270  270  275  275  279  277  279  278
  283  283  289  290  296  293  292  282  272  258  246  232  221  210  202  194
  188  180  173  165  158  151  147  144  143  144  147  150  157  162  173  185
  200  212  226  233  242  244  253  263  270                                   
    37.5-180.0 180.0   5.0 450.0                            LAT/LON1/LON2/DLON/H
  276  276  280  285  293  301  310  318  326  330  335  334  334  330  329  322
  315  305  295  287  282  280  281  283  286  288  291  293  293  293  293  297
  301  307  312  317  316  314  304  293  277  264  249  239  226  219  210  206
  197  193  182  176  165  160  153  151  148  148  150  153  160  167  177  190
  203  218  230  242  250  257  266  276  276                                   
    35.0-180.0 180.0   5.0 450.0                            LAT/LON1/LON2/DLON/H
  293  288  294  295  299  308  314  324  332  341  348  351  352  348  347  338
  333  320  314  306  304  301  302  303  308  311  317  317  320  317  320  322
  330  333  338  337  334  325  315  299  284  269  256  246  237  229  223  217
  212  204  195  186  177  169  161  156  152  150  152  155  162  169  180  193
  207  222  237  247  258  264  276  282  293                                   
    32.5-180.0 180.0   5.0 450.0                            LAT/LON1/LON2/DLON/H
  298  300  306  309  312  316  323  330  342  350  362  366  370  367  366  359
  353  344  337  331  328  325  324  326  330  338  343  350  349  351  349  354
  356  360  358  353  344  333  319  304  287  272  258  250  241  237  230  227
  219  213  201  193  180  174  164  158  151  149  148  152  159  167  177  191
  204  221  233  247  258  269  280  289  298                                   
    30.0-180.0 180.0   5.0 450.0                            LAT/LON1/LON2/DLON/H
  308  311  319  324  323  331  333  343  350  363  373  382  387  385  383  377
  371  365  360  355  354  351  352  353  360  368  378  385  386  385  382  381
  381  377  371  359  346  329  315  299  284  270  258  251  245  241  236  232
  226  218  207  195  186  175  166  157  148  144  142  145  151  160  170  185
  200  216  231  244  258  268  281  291  308                                   
    27.5-180.0 180.0   5.0 450.0                            LAT/LON1/LON2/DLON/H
  306  315  328  335  338  341  346  354  363  373  384  394  400  401  398  394
  390  387  383  379  375  373  374  379  386  398  409  416  415  411  406  403
  398  388  376  357  337  317  300  285  272  261  252  247  241  239  233  229
  222  214  202  191  180  172  160  153  142  138  134  137  140  148  158  174
  189  208  221  237  251  265  277  291  306                                   
    25.0-180.0 180.0   5.0 450.0                            LAT/LON1/LON2/DLON/H
  308  321  334  346  347  356  357  369  372  386  396  410  415  420  418  416
  412  412  409  406  403  401  404  407  416  426  437  442  439  434  427  419
  409  391  372  343  319  294  277  263  253  245  242  238  235  230  225  218
  213  202  193  179  171  159  153  144  136  130  126  128  130  137  145  162
  180  199  216  231  247  258  273  287  308                                   
    22.5-180.0 180.0   5.0 450.0                            LAT/LON1/LON2/DLON/H
  302  319  336  347  356  360  368  374  385  396  410  420  430  435  436  436
  432  434  431  429  425  425  426  430  437  446  454  458  454  447  437  426
  410  388  358  324  294  269  251  241  233  229  227  225  222  218  211  204
  197  188  178  166  159  150  145  138  131  125  119  118  119  125  133  149
  168  189  206  224  240  253  267  284  302                                   
    20.0-180.0 180.0   5.0 450.0                            LAT/LON1/LON2/DLON/H
  298  317  336  351  356  368  375  388  396  411  422  437  446  458  461  467
  465  468  464  461  458  456  458  459  464  467  473  473  468  457  445  429
  409  378  344  304  273  247  235  225  221  217  217  214  211  203  197  187
  183  171  165  152  147  139  137  131  126  120  115  112  111  112  121  135
  156  179  202  219  237  246  262  279  298                                   
    17.5-180.0 180.0   5.0 450.0                            LAT/LON1/LON2/DLON/H
  290  310  331  344  356  367  380  389  402  417  433  447  462  474  484  491
  492  494  489  488  483  484  482  483  482  482  481  480  469  457  442  423
  398  365  326  289  256  235  222  215  211  210  207  205  200  191  184  174
  168  158  150  140  136  130  128  126  122  118  114  110  105  105  111  125
  145  171  194  215  231  244  256  276  290                                   
    15.0-180.0 180.0   5.0 450.0                            LAT/LON1/LON2/DLON/H
  286  305  326  340  350  367  380  395  409  427  441  459  474  494  502  516
  519  524  522  519  517  514  512  509  504  498  493  487  473  455  439  418
  391  355  319  281  255  235  229  220  219  212  210  201  196  184  178  165
  161  147  141  128  126  121  122  122  120  117  114  108  103   98  103  116
  137  162  189  211  229  238  250  270  286                                   
    12.5-180.0 180.0   5.0 450.0                            LAT/LON1/LON2/DLON/H
  279  298  319  334  347  364  380  396  410  426  443  461  479  499  514  529
  534  540  540  540  538  536  532  527  515  504  493  482  465  448  430  408
  381  350  315  284  260  245  238  233  228  221  212  204  195  183  175  163
  156  143  133  123  118  116  116  117  117  116  113  108  100   96   97  108
  125  150  177  202  221  235  245  265  279                                   
    10.0-180.0 180.0   5.0 450.0                            LAT/LON1/LON2/DLON/H
  277  291  312  326  339  359  375  396  411  429  446  463  483  506  525  540
  551  555  561  559  562  558  553  544  529  514  497  480  460  441  426  404
  380  351  323  296  280  267  265  257  251  237  227  212  203  188  180  166
  157  141  131  118  113  110  109  111  111  112  109  103   96   90   91  100
  116  138  166  192  213  225  239  256  277                                   
     7.5-180.0 180.0   5.0 450.0                            LAT/LON1/LON2/DLON/H
  272  290  313  327  342  360  376  393  409  420  437  454  472  496  516  535
  547  556  563  568  571  569  560  548  530  510  488  470  449  435  418  400
