data/unet/pred1670.15i
     1.0            IONOSPHERE MAPS     GNSS                IONEX VERSION / TYPE
pyspatialgeodesy        IME             05-JAN-18 20:20     PGM / RUN BY / DATE 
Map Name                                                    COMMENT             
Predicted global ionosphere maps (GIM).                     DESCRIPTION         
  2015     6    16     0     0     0                        EPOCH OF FIRST MAP  
  2015     6    17     0     0     0                        EPOCH OF LAST MAP   
  7200                                                      INTERVAL            
    13                                                      # OF MAPS IN FILE   
  NONE                                                      MAPPING FUNCTION    
10.0                                                        ELEVATION CUTOFF    
One-way carrier phase leveled to code                       OBSERVABLES USED    
  6371.0                                                    BASE RADIUS         
 2                                                          MAP DIMENSION       
   450.0 450.0   0.0                                        HGT1 / HGT2 / DHGT  
    87.5 -87.5  -2.5                                        LAT1 / LAT2 / DLAT  
  -180.0 180.0   5.0                                        LON1 / LON2 / DLON  
    -1                                                      EXPONENT            
                                                            END OF HEADER       
[from data line 3861]
    10                                                      START OF TEC MAP    
  2015     6    16    18     0     0                        EPOCH OF CURRENT MAP
    87.5-180.0 180.0   5.0 450.0                            LAT/LON1/LON2/DLON/H
  212  187  184  186  185  184  185  185  187  186  188  187  189  188  189  188
  189  187  188  186  188  185  186  183  184  182  182  179  180  177  178  175
  176  172  173  170  172  168  170  167  169  166  168  165  168  164  167  163
  167  162  167  162  166  161  166  161  166  161  166  161  167  163  168  165
  170  167  172  169  173  172  184  188  212                                   
    85.0-180.0 180.0   5.0 450.0                            LAT/LON1/LON2/DLON/H
  178  174  177  182  178  180  178  183  182  186  184  188  187  191  189  192
  191  192  191  192  190  191  188  189  186  186  183  183  180  180  176  177
  173  174  169  170  167  168  164  166  163  164  162  164  162  164  161  164
  162  165  162  165  162  165  162  165  163  166  163  166  164  167  164  168
  165  168  165  167  164  165  173  177  178                                   
    82.5-180.0 180.0   5.0 450.0                            LAT/LON1/LON2/DLON/H
  174  166  171  169  170  170  173  173  179  178  183  183  189  188  193  192
  196  194  197  194  197  193  194  190  191  186  186  182  182  177  176  173
  172  167  167  164  164  161  162  160  162  159  162  160  163  161  164  163
  165  163  166  165  167  165  168  166  167  165  167  165  166  164  166  164
  165  162  163  158  160  153  157  157  174                                   
    80.0-180.0 180.0   5.0 450.0                            LAT/LON1/LON2/DLON/H
  164  158  160  162  162  166  168  172  174  178  181  185  189  192  195  198
  199  200  200  201  199  199  196  195  191  189  184  182  178  175  171  169
  166  163  161  159  157  155  155  153  154  153  155  155  157  157  159  159
  160  161  162  163  163  164  164  165  163  164  163  164  162  162  161  161
  159  158  157  154  153  149  149  149  164                                   
    77.5-180.0 180.0   5.0 450.0                            LAT/LON1/LON2/DLON/H
  156  150  152  151  155  156  163  164  170  171  178  180  186  188  194  195
  199  198  202  200  202  198  199  194  193  187  185  180  178  173  171  167
  165  161  160  157  155  152  153  151  152  151  153  153  155  155  158  158
  160  160  163  162  163  163  165  164  164  162  163  161  161  159  159  156
  156  153  153  147  147  140  140  143  156                                   
    75.0-180.0 180.0   5.0 450.0                            LAT/LON1/LON2/DLON/H
  154  149  150  151  156  157  162  163  169  171  178  180  187  190  195  197
  201  202  204  204  204  203  201  199  195  192  187  184  179  176  172  170
  166  164  161  160  156  155  153  153  152  153  153  155  155  157  158  160
  160  162  163  165  164  166  165  165  164  164  163  162  161  160  159  158
  157  155  153  149  148  143  142  147  154                                   
    72.5-180.0 180.0   5.0 450.0                            LAT/LON1/LON2/DLON/H
  158  151  156  155  159  160  164  165  170  171  177  180  186  188  194  196
  200  201  204  204  206  204  204  200  198  192  189  183  181  176  174  170
  168  165  164  161  160  156  156  154  155  153  155  155  157  157  160  160
  162  162  165  164  165  164  165  163  163  161  162  161  162  160  161  159
  160  157  157  152  153  147  146  151  158                                   
    70.0-180.0 180.0   5.0 450.0                            LAT/LON1/LON2/DLON/H
  165  160  161  164  167  166  169  169  172  174  178  181  186  188  193  195
  198  200  201  203  204  204  203  201  198  193  190  186  182  178  177  175
  173  171  168  167  165  163  161  160  159  159  159  160  161  161  162  164
  165  165  166  167  166  165  164  163  161  160  160  161  161  162  163  164
  164  164  162  161  159  156  152  159  165                                   
    67.5-180.0 180.0   5.0 450.0                            LAT/LON1/LON2/DLON/H
  178  169  175  175  177  176  177  176  178  177  181  182  187  188  193  193
  197  197  201  201  204  203  204  202  200  195  193  188  185  181  181  179
  178  176  175  173  171  167  167  165  165  163  165  164  165  164  167  166
  168  166  168  166  166  162  162  159  158  156  158  157  161  161  165  166
  169  168  170  168  169  164  162  165  178                                   
    65.0-180.0 180.0   5.0 450.0                            LAT/LON1/LON2/DLON/H
  187  183  185  188  188  187  187  184  184  182  186  186  190  191  195  196
  198  199  200  201  203  203  204  203  201  197  195  191  189  187  186  187
  186  185  183  181  179  176  174  174  173  173  172  173  173  173  172  172
  171  171  170  169  166  164  161  158  156  154  154  155  157  160  163  167
  169  173  174  176  175  172  169  174  187                                   
    62.5-180.0 180.0   5.0 450.0                            LAT/LON1/LON2/DLON/H
  198  191  198  197  200  198  196  192  190  186  190  189  194  193  198  197
  200  197  200  200  203  203  206  204  204  199  198  195  195  193  196  196
  197  195  194  191  188  185  184  183  182  182  183  183  183  180  180  176
  176  173  173  170  167  163  160  156  153  150  150  151  152  155  160  163
  168  170  176  177  180  177  178  179  198                                   
    60.0-180.0 180.0   5.0 450.0                            LAT/LON1/LON2/DLON/H
  201  199  202  206  207  204  203  199  196  193  194  195  198  199  201  202
  201  200  200  201  202  204  206  207  206  203  202  199  200  200  204  207
  208  206  205  202  199  196  195  195  196  196  196  198  194  192  187  186
  181  179  177  174  170  165  161  157  153  149  148  148  148  150  153  157
  161  166  169  174  177  179  179  182  201                                   
    57.5-180.0 180.0   5.0 450.0                            LAT/LON1/LON2/DLON/H
  203  202  209  210  212  210  208  205  201  197  198  197  201  200  204  203
  203  199  201  199  202  202  207  206  208  205  206  203  206  208  215  218
  219  219  217  214  208  207  206  208  207  210  209  210  204  201  195  192
  187  184  182  178  173  168  164  158  153  149  146  145  143  143  146  148
  152  155  163  165  173  174  180  180  203                                   
    55.0-180.0 180.0   5.0 450.0                            LAT/LON1/LON2/DLON/H
  199  205  208  214  216  213  213  209  207  203  203  203  204  205  207  206
  205  203  201  200  201  204  207  210  211  209  209  208  212  216  224  228
  231  229  228  223  221  217  219  220  222  225  223  222  216  212  204  200
  194  190  187  183  178  173  168  161  156  150  147  144  140  138  138  139
  142  147  152  158  165  170  178  181  199                                   
    52.5-180.0 180.0   5.0 450.0                            LAT/LON1/LON2/DLON/H
  195  203  211  216  220  219  219  216  213  211  210  209  210  210  211  210
  208  204  202  200  202  202  208  209  213  212  214  213  219  224  232  238
  239  240  237  235  230  231  230  234  233  237  234  232  224  219  211  206
  198  195  191  188  181  178  172  166  160  153  149  144  138  134  132  132
  133  136  144  148  158  163  176  176  195                                   
    50.0-180.0 180.0   5.0 450.0                            LAT/LON1/LON2/DLON/H
  191  203  210  218  224  227  227  225  222  220  218  218  217  217  216  215
  212  209  206  204  204  206  210  213  216  216  219  219  226  231  241  245
  250  248  249  244  244  243  247  247  250  249  247  242  234  227  218  211
  204  199  194  190  185  182  177  170  166  158  153  147  139  133  129  127
  127  130  136  143  152  160  173  178  191                                   
    47.5-180.0 180.0   5.0 450.0                            LAT/LON1/LON2/DLON/H
  190  202  214  220  228  232  236  234  233  229  229  227  226  224  223  221
  218  215  212  209  208  209  213  216  220  221  223  226  232  238  247  253
  257  258  260  259  258  261  260  265  261  263  256  251  240  234  222  216
  206  201  196  194  189  187  183  179  174  167  162  153  145  137  131  126
  125  126  134  140  151  157  172  175  190                                   
    45.0-180.0 180.0   5.0 450.0                            LAT/LON1/LON2/DLON/H
  191  205  215  225  235  242  246  248  246  244  242  240  237  235  233  232
  230  228  223  221  217  218  220  224  227  228  232  234  241  245  255  260
  267  268  274  273  276  276  279  280  279  276  269  261  250  240  228  219
  210  203  198  196  193  191  189  186  181  175  168  161  151  144  136  131
  128  131  136  143  152  158  173  181  191                                   
    42.5-180.0 180.0   5.0 450.0                            LAT/LON1/LON2/DLON/H
  195  206  220  230  240  248  255  257  258  255  255  254  252  248  247  246
  245  244  240  236  232  231  232  235  237  241  243  247  251  257  265  273
  280  286  293  296  296  300  297  301  293  291  280  272  258  248  235  226
  215  208  203  202  198  199  196  195  191  186  179  172  163  154  146  141
  137  138  143  147  157  161  176  183  195                                   
    40.0-180.0 180.0   5.0 450.0                            LAT/LON1/LON2/DLON/H
  199  211  220  232  245  254  262  267  268  270  270  272  269  267  265  265
  264  265  262  259  254  252  253  255  260  260  264  265  270  274  285  291
  305  310  321  320  323  321  320  317  311  303  293  282  270  257  244  233
  224  215  210  207  206  205  205  202  201  196  190  183  173  165  158  153
  149  150  151  155  161  165  177  188  199                                   
    37.5-180.0 180.0   5.0 450.0                            LAT/LON1/LON2/DLON/H
  200  212  223  234  246  254  266  272  277  279  284  285  287  286  287  288
  287  289  286  284  279  279  279  283  285  289  290  293  296  304  312  323
  337  346  355  355  351  347  339  335  325  317  306  294  282  270  257  246
  237  228  222  218  215  213  212  212  208  206  201  196  186  178  171  166
  162  162  162  162  167  166  179  188  200                                   
    35.0-180.0 180.0   5.0 450.0                            LAT/LON1/LON2/DLON/H
  201  215  224  235  247  255  268  277  285  292  299  306  308  312  311  312
  313  314  314  311  311  309  313  315  320  322  325  325  331  334  348  356
  373  380  388  386  379  369  357  348  338  330  319  307  295  282  269  256
  248  237  233  227  225  220  220  215  216  212  211  205  198  191  184  179
  175  173  172  171  172  171  179  192  201                                   
    32.5-180.0 180.0   5.0 450.0                            LAT/LON1/LON2/DLON/H
  198  213  223  235  246  254  265  277  289  299  311  319  329  332  338  340
  341  343  340  340  339  341  344  349  353  355  357  360  364  371  381  395
  411  420  427  425  416  402  382  367  352  342  331  320  307  295  283  270
  259  250  244  238  233  229  225  223  221  219  218  215  209  202  194  189
  183  180  176  174  175  172  182  189  198                                   
    30.0-180.0 180.0   5.0 450.0                            LAT/LON1/LON2/DLON/H
  197  214  223  235  245  255  266  279  294  308  322  336  347  356  360  364
  363  364  363  363  366  369  375  381  387  388  390  392  400  405  420  433
  453  465  473  469  458  437  409  386  366  351  339  330  318  305  292  279
  268  258  249  243  237  232  227  224  222  220  221  219  215  209  201  195
  187  183  179  177  177  174  180  192  197                                   
    27.5-180.0 180.0   5.0 450.0                            LAT/LON1/LON2/DLON/H
  197  212  223  234  242  251  263  277  296  311  331  349  368  379  387  388
  387  385  388  388  392  396  402  409  414  416  418  422  428  439  453  470
  492  505  511  507  489  464  428  400  372  355  340  330  320  307  295  285
  273  260  248  240  233  226  226  223  223  221  223  221  218  212  205  197
  188  182  177  174  174  171  181  189  197                                   
    25.0-180.0 180.0   5.0 450.0                            LAT/LON1/LON2/DLON/H
  199  212  223  235  243  256  268  285  301  320  342  368  391  409  416  417
  411  408  411  413  420  424  432  435  443  440  446  448  459  469  487  504
  526  540  541  531  506  475  433  399  369  350  335  328  315  309  296  286
  269  261  246  241  230  224  216  212  211  217  217  217  217  211  203  195
  185  179  173  173  170  171  181  195  199                                   
    22.5-180.0 180.0   5.0 450.0                            LAT/LON1/LON2/DLON/H
  199  212  226  237  247  259  271  290  307  327  351  381  410  432  442  443
  437  432  432  437  446  452  456  460  460  460  460  468  477  491  506  522
  539  549  547  531  501  466  423  384  351  330  319  312  303  296  280  271
  256  250  237  234  226  223  213  205  202  204  213  212  212  208  200  191
  181  172  168  166  168  168  185  196  199                                   
    20.0-180.0 180.0   5.0 450.0                            LAT/LON1/LON2/DLON/H
  201  213  227  240  253  266  281  300  318  338  361  393  423  448  461  466
  463  460  458  462  472  478  483  479  480  472  478  483  496  510  524  539
  549  554  542  522  488  452  409  367  333  312  301  292  283  274  257  250
  237  235  222  222  216  213  204  195  189  191  198  204  205  201  193  183
  172  165  162  164  163  169  182  197  201                                   
    17.5-180.0 180.0   5.0 450.0                            LAT/LON1/LON2/DLON/H
  198  213  231  244  258  272  287  307  327  347  369  399  432  457  478  485
  488  488  490  493  500  502  503  498  490  484  485  494  505  516  528  537
  546  541  527  503  473  440  399  359  324  303  288  278  264  253  236  233
  221  222  212  212  208  204  197  187  182  180  188  193  198  194  187  176
  166  158  157  155  158  163  180  196  198                                   
    15.0-180.0 180.0   5.0 450.0                            LAT/LON1/LON2/DLON/H
  195  214  233  251  265  280  298  315  337  357  378  406  438  465  489  502
  509  516  519  523  527  527  526  511  507  497  503  511  521  533  538  545
  544  532  513  486  461  428  395  355  324  298  282  268  253  237  225  217
  212  209  205  201  198  189  184  175  171  170  174  178  183  182  177  163
  155  146  143  145  146  156  167  187  195                                   
    12.5-180.0 180.0   5.0 450.0                            LAT/LON1/LON2/DLON/H
  184  207  230  251  268  284  301  320  341  362  381  408  440  467  494  512
  523  538  545  550  550  547  540  527  516  509  512  520  527  536  538  540
  536  519  498  473  452  428  400  369  334  308  287  273  251  241  225  223
  212  214  205  200  194  187  181  176  171  168  170  168  172  167  161  151
  145  135  135  130  135  140  153  175  184                                   
    10.0-180.0 180.0   5.0 450.0                            LAT/LON1/LON2/DLON/H
  178  199  224  247  268  283  302  318  340  355  376  401  430  458  485  509
  525  546  558  568  568  559  551  537  530  524  527  536  539  545  543  541
  531  509  490  464  449  427  410  379  345  315  298  280  262  248  235  225
  219  212  206  196  193  182  179  172  168  164  161  159  156  152  146  135
  128  122  120  119  117  128  133  152  178                                   
     7.5-180.0 180.0   5.0 450.0                            LAT/LON1/LON2/DLON/H
  164  190  215  239  262  281  299  316  334  349  369  393  419  443  469  494
  515  537  554  568  570  563  553  543  535  532  532  537  539  540  538  532
