data/unet/pred3230.15i
     1.0            IONOSPHERE MAPS     GNSS                IONEX VERSION / TYPE
pyspatialgeodesy        IME             05-JAN-18 20:20     PGM / RUN BY / DATE 
Map Name                                                    COMMENT             
Predicted global ionosphere maps (GIM).                     DESCRIPTION         
  2015    11    19     0     0     0                        EPOCH OF FIRST MAP  
  2015    11    20     0     0     0                        EPOCH OF LAST MAP   
  7200                                                      INTERVAL            
    13                                                      # OF MAPS IN FILE   
  NONE                                                      MAPPING FUNCTION    
10.0                                                        ELEVATION CUTOFF    
One-way carrier phase leveled to code                       OBSERVABLES USED    
  6371.0                                                    BASE RADIUS         
 2                                                          MAP DIMENSION       
   450.0 450.0   0.0                                        HGT1 / HGT2 / DHGT  
    87.5 -87.5  -2.5                                        LAT1 / LAT2 / DLAT  
  -180.0 180.0   5.0                                        LON1 / LON2 / DLON  
    -1                                                      EXPONENT            
                                                            END OF HEADER       
[from data line 2574]
     7                                                      START OF TEC MAP    
  2015    11    19    12     0     0                        EPOCH OF CURRENT MAP
    87.5-180.0 180.0   5.0 450.0                            LAT/LON1/LON2/DLON/H
   82   91   86   86   85   85   84   85   84   85   84   86   84   86   84   84
   83   82   82   80   80   78   77   76   74   75   71   72   67   70   65   68
   63   67   62   66   59   63   58   61   56   60   56   60   56   61   58   63
   60   65   63   67   65   69   68   71   70   74   73   76   75   77   77   79
   79   80   80   82   82   79   93   79   82                                   
    85.0-180.0 180.0   5.0 450.0                            LAT/LON1/LON2/DLON/H
   93   89   83   82   80   81   82   83   83   84   82   83   81   80   78   77
   75   73   72   71   71   71   71   71   72   72   73   72   72   72   71   70
   70   69   69   67   65   64   63   61   60   58   58   56   57   55   57   55
   58   57   59   59   62   63   65   67   69   71   72   74   75   76   76   76
   78   77   79   77   79   79   84   82   93                                   
    82.5-180.0 180.0   5.0 450.0                            LAT/LON1/LON2/DLON/H
   91   84   74   73   74   73   73   75   73   74   71   71   68   66   63   62
   59   58   56   56   56   57   58   58   61   62   65   65   66   67   67   67
   65   66   63   64   59   59   54   55   48   50   44   46   41   43   39   43
   39   44   41   47   45   51   50   56   54   61   59   65   62   67   64   68
   65   68   66   68   67   65   64   63   91                                   
    80.0-180.0 180.0   5.0 450.0                            LAT/LON1/LON2/DLON/H
   76   68   61   60   64   62   65   63   64   61   60   57   55   51   50   46
   45   41   43   39   43   40   46   43   51   48   59   56   65   62   70   65
   71   66   69   63   63   57   57   51   49   44   43   39   37   35   36   34
   35   34   37   38   40   43   47   50   52   55   57   59   60   59   61   59
   59   57   58   55   56   51   50   52   76                                   
    77.5-180.0 180.0   5.0 450.0                            LAT/LON1/LON2/DLON/H
   65   57   47   49   50   53   52   54   50   51   46   46   40   40   36   34
   33   31   32   30   32   33   37   40   45   50   55   61   63   71   72   78
   76   81   76   78   70   70   63   59   53   50   45   42   37   36   34   34
   33   34   35   38   39   43   45   50   51   55   55   59   56   59   56   56
   52   52   48   45   43   40   40   39   65                                   
    75.0-180.0 180.0   5.0 450.0                            LAT/LON1/LON2/DLON/H
   55   47   43   43   47   48   50   50   48   47   43   39   35   32   30   28
   28   25   27   24   28   27   34   36   43   50   56   65   69   79   82   90
   89   96   91   93   85   85   77   72   65   63   58   53   49   47   45   43
   41   41   42   43   44   47   50   52   54   57   57   59   57   57   54   52
   49   47   45   41   38   33   34   34   55                                   
    72.5-180.0 180.0   5.0 450.0                            LAT/LON1/LON2/DLON/H
   53   47   38   43   44   49   49   52   48   49   42   41   35   34   30   30
   29   28   29   29   31   35   39   44   51   59   66   76   83   94   96  105
  105  113  107  110  100  102   90   91   81   83   75   74   67   67   62   59
   56   55   55   55   55   57   58   59   61   62   63   62   62   60   58   54
   51   48   44   40   37   32   32   32   53                                   
    70.0-180.0 180.0   5.0 450.0                            LAT/LON1/LON2/DLON/H
   52   46   43   44   50   51   56   55   56   53   50   44   40   35   34   32
   33   32   35   34   39   39   44   46   55   62   72   82   91  101  108  116
  120  127  125  126  121  121  115  112  107  107  102  100   95   92   88   81
   77   72   71   65   66   62   63   61   62   61   62   62   60   59   58   55
   52   50   49   43   41   36   35   36   52                                   
    67.5-180.0 180.0   5.0 450.0                            LAT/LON1/LON2/DLON/H
   56   52   44   49   52   56   58   61   59   60   54   53   47   46   44   43
   44   43   45   45   49   50   53   58   63   72   80   90   99  109  116  127
  130  139  137  141  135  136  129  130  124  127  122  120  116  113  107  101
   93   88   80   75   69   67   62   60   59   58   59   58   58   56   57   54
   54   52   52   47   46   40   41   43   56                                   
    65.0-180.0 180.0   5.0 450.0                            LAT/LON1/LON2/DLON/H
   56   49   48   50   56   58   64   62   65   62   61   58   54   52   51   50
   49   49   50   52   54   58   60   63   70   76   87   94  104  112  123  134
  142  149  152  153  152  149  147  146  147  147  147  143  139  134  127  117
  107   95   87   76   69   62   57   52   49   48   47   48   48   49   50   49
   51   51   53   51   50   46   46   48   56                                   
    62.5-180.0 180.0   5.0 450.0                            LAT/LON1/LON2/DLON/H
   58   52   44   50   52   58   61   64   63   64   62   62   61   61   60   60
   59   58   57   57   59   62   64   70   75   83   91   99  108  117  128  138
  147  153  158  159  161  160  159  159  160  162  162  161  156  149  141  129
  116  102   89   78   66   58   50   45   42   40   39   39   40   41   44   45
   48   50   53   52   53   48   49   53   58                                   
    60.0-180.0 180.0   5.0 450.0                            LAT/LON1/LON2/DLON/H
   52   43   42   43   48   51   58   58   62   60   60   62   60   61   61   61
   60   58   55   57   54   62   63   70   78   86   95  102  112  121  133  146
  157  164  170  173  174  172  170  172  173  174  174  172  166  162  151  138
  121  105   89   76   63   52   43   39   33   33   29   32   31   34   36   38
   42   45   50   51   52   50   49   49   52                                   
    57.5-180.0 180.0   5.0 450.0                            LAT/LON1/LON2/DLON/H
   51   41   33   38   39   45   48   53   54   56   56   59   60   61   63   63
   62   59   56   54   53   57   60   70   79   89  100  108  120  129  144  154
  167  174  185  187  191  185  185  184  185  185  186  182  179  169  161  144
  129  110   95   79   65   53   44   37   33   30   29   30   31   31   33   36
   39   43   48   50   52   48   47   50   51                                   
    55.0-180.0 180.0   5.0 450.0                            LAT/LON1/LON2/DLON/H
   47   36   31   30   35   37   44   43   47   49   49   53   52   56   55   56
   53   50   46   47   44   55   56   73   80   94  102  114  125  138  153  167
  179  193  203  208  207  205  201  204  201  202  198  196  190  183  170  156
  137  120  102   88   73   62   51   46   40   38   34   37   36   36   36   37
   40   42   47   49   51   50   48   45   47                                   
    52.5-180.0 180.0   5.0 450.0                            LAT/LON1/LON2/DLON/H
   52   40   29   33   32   37   37   41   42   45   46   49   51   53   54   54
   51   48   45   45   46   54   61   78   87  101  110  124  136  151  167  180
  197  210  223  223  224  220  218  217  217  215  213  208  204  192  186  169
  154  134  119  102   91   77   70   60   58   52   50   49   48   46   46   45
   46   47   52   53   56   51   49   52   52                                   
    50.0-180.0 180.0   5.0 450.0                            LAT/LON1/LON2/DLON/H
   58   46   40   38   42   40   42   40   40   42   41   45   43   48   45   49
   43   42   37   40   43   57   66   88   95  112  118  135  144  162  175  194
  211  228  235  240  237  236  232  234  230  229  224  222  216  209  197  183
  167  150  133  118  105   94   86   80   76   71   67   69   65   64   60   58
   58   57   60   60   62   61   60   59   58                                   
    47.5-180.0 180.0   5.0 450.0                            LAT/LON1/LON2/DLON/H
   74   62   53   55   55   53   49   48   46   46   47   48   51   50   51   49
   47   43   43   44   51   64   80   98  110  123  132  147  157  173  186  203
  220  231  240  241  245  242  243  241  242  236  235  230  227  217  210  195
  185  167  153  135  124  109  103   93   91   85   84   83   81   80   75   74
   71   69   71   72   74   71   71   77   74                                   
    45.0-180.0 180.0   5.0 450.0                            LAT/LON1/LON2/DLON/H
   84   78   73   70   74   68   65   60   56   57   54   58   54   57   52   54
   47   48   44   49   56   77   90  111  120  135  143  157  165  181  192  210
  224  235  241  248  250  254  252  254  252  249  244  241  234  229  219  208
  194  179  163  144  130  116  106   98   95   93   90   93   92   95   91   88
   84   81   82   81   85   85   87   92   84                                   
    42.5-180.0 180.0   5.0 450.0                            LAT/LON1/LON2/DLON/H
   98   95   90   90   90   83   81   73   72   69   71   70   72   66   67   60
   61   54   56   58   71   88  105  121  133  145  154  165  174  184  195  205
  218  226  238  244  255  257  263  261  262  255  252  245  241  233  224  213
  202  185  170  149  133  115  103   92   88   85   84   88   89   95   93   95
   90   88   87   87   92   91   99  109   98                                   
    40.0-180.0 180.0   5.0 450.0                            LAT/LON1/LON2/DLON/H
  100  104  102   99  102   96   94   89   88   88   88   90   87   84   78   74
   66   64   62   71   80  102  114  133  141  154  160  172  177  185  194  203
  214  226  239  254  264  273  276  278  276  271  263  256  247  239  230  218
  207  189  171  148  130  110   96   85   80   78   78   84   87   92   95   95
   93   90   88   87   90   93  102  112  100                                   
    37.5-180.0 180.0   5.0 450.0                            LAT/LON1/LON2/DLON/H
   98  102  102  102  103   98   98   92   97   95  101  102  103   97   95   84
   83   75   79   82   96  112  126  139  149  161  169  177  181  185  191  197
  209  223  246  264  283  291  300  297  296  285  278  265  256  246  236  224
  213  195  176  152  132  110   92   79   73   72   73   77   80   87   90   93
   91   87   83   82   84   86   93  109   98                                   
    35.0-180.0 180.0   5.0 450.0                            LAT/LON1/LON2/DLON/H
   90   91   91   88   95   92   96   94  101  103  109  112  113  110  105   97
   90   86   88   96  109  125  136  150  157  170  176  183  185  191  195  206
  219  244  268  295  313  326  330  329  323  314  298  285  271  261  252  239
  226  211  191  167  144  120   99   87   82   81   83   85   88   91   94   96
   91   86   77   74   73   77   83   94   90                                   
    32.5-180.0 180.0   5.0 450.0                            LAT/LON1/LON2/DLON/H
   77   71   74   74   78   78   83   84   93   98  108  113  118  116  115  105
  103   95   99  106  119  133  143  155  164  177  185  190  193  198  203  215
  232  261  291  321  342  354  359  356  354  341  328  312  299  284  274  260
  250  236  222  200  178  151  129  115  111  111  112  113  111  112  109  107
  101   91   80   73   69   67   68   78   77                                   
    30.0-180.0 180.0   5.0 450.0                            LAT/LON1/LON2/DLON/H
   71   53   52   53   59   61   68   70   82   91  102  110  116  118  116  112
  106  105  107  117  130  147  153  167  173  187  194  203  206  216  220  240
  259  295  329  359  377  387  387  387  382  373  359  350  338  325  311  297
  284  272  263  249  228  204  181  167  160  160  157  157  151  148  141  136
  124  111   92   81   71   68   66   57   71                                   
    27.5-180.0 180.0   5.0 450.0                            LAT/LON1/LON2/DLON/H
   68   53   44   45   47   51   57   62   71   82   93  101  110  112  115  107
  107  103  110  120  136  151  160  173  182  197  205  215  222  232  241  263
  292  331  367  398  414  420  422  417  418  408  402  395  387  374  361  349
  339  333  330  325  311  285  264  243  237  231  228  222  210  201  187  177
  163  144  124  107   95   82   70   52   68                                   
    25.0-180.0 180.0   5.0 450.0                            LAT/LON1/LON2/DLON/H
   61   47   41   40   42   45   50   54   64   72   83   92   98  103  103  105
  104  108  115  131  148  167  174  190  195  211  221  231  243  259  275  306
  343  383  421  447  458  460  455  453  453  453  451  451  443  430  414  402
  395  394  397  397  390  372  354  333  319  310  310  302  284  262  240  226
  212  198  177  156  131  108   93   53   61                                   
    22.5-180.0 180.0   5.0 450.0                            LAT/LON1/LON2/DLON/H
   70   83   67   54   51   51   54   57   63   69   76   83   88   92   96   95
   98  101  114  132  154  173  185  200  209  224  236  249  264  285  311  339
  388  427  466  487  495  491  488  481  490  491  502  502  499  488  472  466
  459  465  468  467  457  430  410  378  370  357  365  358  355  334  309  281
  263  242  221  197  174  146  125   65   70                                   
    20.0-180.0 180.0   5.0 450.0                            LAT/LON1/LON2/DLON/H
   99  114  109   94   83   71   65   63   62   63   70   75   79   81   83   88
   89  102  114  142  160  187  197  215  222  239  254  270  290  314  336  366
  416  451  492  510  514  511  505  504  511  525  540  549  548  539  527  521
  518  524  527  521  506  483  453  424  404  397  399  401  389  364  334  318
  298  281  258  240  214  185  155  105   99                                   
    17.5-180.0 180.0   5.0 450.0                            LAT/LON1/LON2/DLON/H
  147  152  141  125  117  110  103   86   74   67   68   70   75   75   77   80
   88   98  116  141  165  191  209  223  240  255  277  294  319  336  355  389
  437  470  501  516  519  513  515  513  531  547  563  574  577  574  563  565
  559  569  568  559  544  510  475  432  418  411  434  433  435  395  363  332
  317  304  291  272  255  228  206  150  147                                   
    15.0-180.0 180.0   5.0 450.0                            LAT/LON1/LON2/DLON/H
  177  195  177  159  142  130  124  118   94   77   72   71   75   75   75   76
   86   99  122  151  172  198  213  234  248  272  291  318  339  357  376  404
  446  473  496  504  508  510  513  524  540  558  571  586  593  594  590  594
  590  594  589  584  565  535  485  441  414  413  427  433  428  404  364  338
  320  313  301  288  274  256  232  201  177                                   
    12.5-180.0 180.0   5.0 450.0                            LAT/LON1/LON2/DLON/H
  201  221  201  184  159  144  138  130  113   94   83   79   80   80   80   81
   93  109  130  156  177  201  221  241  266  284  313  335  357  377  401  434
  456  476  486  495  499  503  516  529  540  555  566  585  593  603  599  605
  597  599  592  588  570  527  481  426  403  384  396  393  399  371  347  322
  314  306  291  281  268  257  240  222  201                                   
    10.0-180.0 180.0   5.0 450.0                            LAT/LON1/LON2/DLON/H
  202  213  207  192  172  153  145  137  127  103   88   85   81   85   85   87
   95  113  136  159  180  206  224  254  274  304  326  355  371  393  417  443
  457  474  478  487  493  509  522  537  550  559  574  589  602  611  609  614
  607  606  595  587  564  521  468  412  374  356  348  345  342  330  316  304
  299  285  276  266  258  248  236  222  202                                   
     7.5-180.0 180.0   5.0 450.0                            LAT/LON1/LON2/DLON/H
  190  198  187  181  165  152  149  140  133  113   97   91   86   86   86   92
  102  122  146  173  193  215  237  260  287  313  342  367  392  416  439  456
