data/unet/pred1320.15i
     1.0            IONOSPHERE MAPS     GNSS                IONEX VERSION / TYPE
pyspatialgeodesy        IME             05-JAN-18 20:20     PGM / RUN BY / DATE 
Map Name                                                    COMMENT             
Predicted global ionosphere maps (GIM).                     DESCRIPTION         
  2015     5    12     0     0     0                        EPOCH OF FIRST MAP  
  2015     5    13     0     0     0                        EPOCH OF LAST MAP   
  7200                                                      INTERVAL            
    13                                                      # OF MAPS IN FILE   
  NONE                                                      MAPPING FUNCTION    
10.0                                                        ELEVATION CUTOFF    
One-way carrier phase leveled to code                       OBSERVABLES USED    
  6371.0                                                    BASE RADIUS         
 2                                                          MAP DIMENSION       
   450.0 450.0   0.0                                        HGT1 / HGT2 / DHGT  
    87.5 -87.5  -2.5                                        LAT1 / LAT2 / DLAT  
  -180.0 180.0   5.0                                        LON1 / LON2 / DLON  
    -1                                                      EXPONENT            
                                                            END OF HEADER       
[from data line 3861]
    10                                                      START OF TEC MAP    
  2015     5    12    18     0     0                        EPOCH OF CURRENT MAP
    87.5-180.0 180.0   5.0 450.0                            LAT/LON1/LON2/DLON/H
  214  193  191  193  191  190  191  190  193  193  195  195  197  196  198  197
  199  198  198  197  198  197  196  195  194  192  191  190  188  186  184  183
  181  179  178  176  175  173  172  169  170  167  168  166  168  165  168  165
  168  165  168  165  169  165  170  166  170  167  172  169  173  170  174  172
  176  174  177  176  179  180  185  188  214                                   
    85.0-180.0 180.0   5.0 450.0                            LAT/LON1/LON2/DLON/H
  179  178  181  184  183  183  183  185  186  187  188  188  190  190  192  192
  194  193  194  193  194  192  191  189  189  188  186  184  183  182  179  178
  175  174  170  170  166  167  162  163  160  161  159  161  159  161  160  163
  163  165  164  167  167  168  168  170  170  171  171  173  173  175  174  176
  174  176  174  175  175  174  176  175  179                                   
    82.5-180.0 180.0   5.0 450.0                            LAT/LON1/LON2/DLON/H
  170  164  171  171  173  171  175  175  179  179  182  183  186  188  190  191
  193  193  194  193  193  191  190  188  187  184  183  180  178  175  172  169
  167  164  161  159  156  154  152  150  149  148  149  148  150  150  153  153
  157  156  160  160  162  162  165  164  166  165  167  166  167  166  168  167
  167  166  166  163  164  158  156  151  170                                   
    80.0-180.0 180.0   5.0 450.0                            LAT/LON1/LON2/DLON/H
  159  154  159  159  163  163  167  169  172  174  179  182  186  189  192  195
  196  197  197  197  196  194  192  190  188  185  182  180  176  173  169  166
  162  158  155  152  149  145  143  140  139  138  138  139  140  141  144  146
  149  151  153  155  156  159  159  161  161  162  161  162  161  161  160  160
  159  159  158  157  156  150  148  142  159                                   
    77.5-180.0 180.0   5.0 450.0                            LAT/LON1/LON2/DLON/H
  151  145  150  149  152  152  158  160  165  166  173  174  181  182  190  190
  194  193  196  193  194  190  191  185  185  179  179  174  172  168  166  161
  158  153  151  147  144  140  138  135  134  132  134  134  137  139  144  146
  149  150  154  155  157  158  160  160  160  159  160  158  158  156  156  154
  154  151  152  147  149  141  140  133  151                                   
    75.0-180.0 180.0   5.0 450.0                            LAT/LON1/LON2/DLON/H
  150  143  146  145  148  150  153  157  159  164  168  173  177  182  186  189
  192  193  194  193  193  191  190  187  185  182  180  178  174  172  169  165
  162  158  155  151  147  144  140  138  136  136  136  139  140  145  147  150
  152  155  157  158  158  159  159  158  157  157  156  155  154  153  152  150
  150  148  148  147  147  141  140  135  150                                   
    72.5-180.0 180.0   5.0 450.0                            LAT/LON1/LON2/DLON/H
  155  146  153  151  153  152  155  156  160  162  169  172  179  182  188  190
  194  194  197  196  197  193  195  190  189  184  184  179  178  174  173  168
  167  162  161  155  154  149  147  143  143  142  143  145  148  150  154  156
  158  159  160  161  161  159  159  156  155  152  152  150  150  149  150  148
  149  147  149  147  149  143  143  135  155                                   
    70.0-180.0 180.0   5.0 450.0                            LAT/LON1/LON2/DLON/H
  163  154  160  159  161  157  159  158  161  162  168  172  179  182  189  191
  194  194  196  195  196  193  194  190  190  184  184  180  180  175  175  170
  170  165  165  161  159  155  153  151  150  151  150  154  155  157  158  161
  161  162  161  161  159  157  154  151  148  146  145  144  144  144  145  145
  146  146  147  149  150  147  147  143  163                                   
    67.5-180.0 180.0   5.0 450.0                            LAT/LON1/LON2/DLON/H
  172  166  173  173  172  167  167  164  166  166  172  175  182  185  192  194
  198  198  200  200  200  198  198  195  194  190  188  184  183  179  178  175
  174  171  171  166  165  161  161  157  158  156  158  158  160  160  162  162
  162  160  159  157  154  149  147  141  140  136  136  135  138  138  142  142
  146  146  149  151  154  151  152  146  172                                   
    65.0-180.0 180.0   5.0 450.0                            LAT/LON1/LON2/DLON/H
  177  174  180  182  181  176  175  170  172  171  176  180  186  190  196  198
  201  201  202  202  203  203  202  200  198  194  192  188  186  182  181  178
  178  176  175  172  170  167  165  164  163  163  163  164  164  165  163  163
  160  158  155  152  148  143  138  134  131  127  127  127  130  132  136  139
  142  145  147  151  153  153  156  155  177                                   
    62.5-180.0 180.0   5.0 450.0                            LAT/LON1/LON2/DLON/H
  178  180  187  189  188  182  181  177  178  176  182  184  192  194  200  202
  205  204  206  206  208  207  207  206  204  200  198  194  191  187  186  184
  185  182  183  179  177  173  172  170  170  169  171  169  169  166  165  161
  158  153  150  145  141  134  131  124  122  116  118  118  122  124  130  134
  139  142  146  148  153  152  156  154  178                                   
    60.0-180.0 180.0   5.0 450.0                            LAT/LON1/LON2/DLON/H
  174  180  184  189  188  185  183  180  180  179  184  188  193  196  201  202
  205  204  206  208  209  209  209  210  207  205  202  200  197  194  193  192
  192  192  190  188  184  181  179  178  178  178  178  177  175  172  167  162
  157  152  147  142  138  131  127  121  118  114  114  114  118  121  125  130
  134  138  140  144  146  147  151  155  174                                   
    57.5-180.0 180.0   5.0 450.0                            LAT/LON1/LON2/DLON/H
  165  175  183  188  187  185  183  182  182  182  187  190  194  196  200  201
  204  203  206  207  209  209  211  211  210  207  207  205  204  203  204  202
  204  202  203  199  195  192  190  190  189  190  190  188  184  179  173  166
  160  153  149  144  139  133  129  124  120  115  115  114  116  118  123  127
  132  135  138  139  143  142  149  149  165                                   
    55.0-180.0 180.0   5.0 450.0                            LAT/LON1/LON2/DLON/H
  160  173  176  187  186  187  184  185  184  186  188  192  195  196  199  200
  203  202  205  206  208  209  212  212  212  212  212  212  213  214  216  217
  218  217  216  212  208  205  204  203  205  205  205  202  198  191  183  175
  168  162  157  152  148  142  138  134  130  126  123  122  121  123  125  129
  132  135  136  139  140  139  145  151  160                                   
    52.5-180.0 180.0   5.0 450.0                            LAT/LON1/LON2/DLON/H
  157  169  178  188  190  191  191  192  191  192  192  195  196  197  199  201
  203  203  206  206  208  208  212  212  215  215  218  220  223  226  230  231
  233  230  230  227  222  221  218  221  219  222  219  217  209  201  193  185
  178  173  169  165  161  157  154  148  145  139  137  133  130  129  130  134
  136  138  140  141  143  141  150  152  157                                   
    50.0-180.0 180.0   5.0 450.0                            LAT/LON1/LON2/DLON/H
  164  175  181  196  199  203  201  203  200  199  197  199  198  201  203  206
  209  208  210  208  210  209  213  214  218  221  226  230  235  240  244  247
  248  247  246  243  239  235  236  235  236  236  235  230  224  214  206  196
  193  186  185  178  177  171  170  165  162  157  152  147  143  140  139  142
  143  147  148  151  152  150  159  166  164                                   
    47.5-180.0 180.0   5.0 450.0                            LAT/LON1/LON2/DLON/H
  177  182  196  209  215  219  219  218  214  209  205  204  203  206  210  214
  217  216  216  213  212  211  215  217  223  227  233  239  244  251  256  259
  261  261  262  258  255  253  252  251  250  248  247  240  232  222  213  207
  203  199  196  191  188  183  182  178  178  172  168  162  155  151  149  150
  151  154  157  159  163  161  172  182  177                                   
    45.0-180.0 180.0   5.0 450.0                            LAT/LON1/LON2/DLON/H
  197  201  211  227  234  239  241  239  233  224  217  213  213  215  222  227
  232  229  227  222  220  218  221  225  233  239  246  252  260  265  271  275
  279  279  281  277  275  272  270  268  263  263  257  252  241  231  222  215
  211  205  201  193  191  184  187  184  188  184  183  176  170  165  161  160
  160  163  166  170  175  174  185  202  197                                   
    42.5-180.0 180.0   5.0 450.0                            LAT/LON1/LON2/DLON/H
  216  217  232  243  254  258  260  259  253  243  234  226  225  227  235  242
  245  243  238  232  228  226  230  235  243  250  257  266  270  280  283  288
  292  295  299  297  298  294  290  285  278  272  264  257  246  235  226  221
  215  209  203  196  191  188  188  189  193  194  193  189  182  176  172  169
  168  168  172  174  182  184  200  212  216                                   
    40.0-180.0 180.0   5.0 450.0                            LAT/LON1/LON2/DLON/H
  232  236  244  259  268  274  278  277  273  263  254  245  244  247  255  261
  264  259  255  245  243  241  246  252  261  267  276  283  290  297  301  308
  314  319  325  326  329  324  320  311  297  289  276  270  256  248  237  231
  224  216  209  197  194  185  189  189  196  200  202  199  193  189  183  179
  175  174  175  180  189  195  209  223  232                                   
    37.5-180.0 180.0   5.0 450.0                            LAT/LON1/LON2/DLON/H
  241  246  259  270  281  287  289  292  288  280  273  266  266  267  275  280
  282  276  269  261  256  257  263  269  277  287  294  306  311  322  324  331
  338  343  353  354  359  352  345  331  315  301  289  278  268  259  250  244
  236  228  218  208  200  196  195  197  203  209  211  210  204  198  193  187
  181  177  178  181  191  197  219  225  241                                   
    35.0-180.0 180.0   5.0 450.0                            LAT/LON1/LON2/DLON/H
  243  252  264  277  287  293  299  300  303  299  298  293  296  296  303  304
  307  298  292  279  278  276  284  291  299  311  321  336  345  360  367  377
  385  394  406  408  411  402  386  367  347  331  314  303  289  279  268  260
  250  240  230  219  215  209  214  213  221  224  230  225  222  213  207  198
  190  184  182  183  190  199  217  227  243                                   
    32.5-180.0 180.0   5.0 450.0                            LAT/LON1/LON2/DLON/H
  242  255  269  287  295  303  305  311  313  319  320  324  328  330  333  334
  331  321  313  304  301  302  309  317  326  343  354  377  389  412  425  442
  456  467  479  477  478  458  441  410  388  360  344  327  312  299  287  278
  268  257  250  240  238  231  234  231  242  248  255  252  244  234  224  214
  203  195  190  186  188  195  223  227  242                                   
    30.0-180.0 180.0   5.0 450.0                            LAT/LON1/LON2/DLON/H
  244  255  271  288  298  301  312  318  331  337  347  351  360  363  366  363
  358  347  340  331  332  332  339  345  354  374  394  426  448  479  500  523
  538  550  558  555  546  524  491  461  416  400  370  361  337  326  302  297
  280  275  267  266  267  266  272  271  279  276  276  262  254  241  233  223
  214  208  200  196  194  200  218  230  244                                   
    27.5-180.0 180.0   5.0 450.0                            LAT/LON1/LON2/DLON/H
  251  261  277  294  306  315  322  336  350  362  373  381  391  394  397  395
  388  376  370  365  369  372  376  382  386  409  434  474  508  546  576  601
  615  620  619  608  587  555  524  489  446  423  398  383  368  351  335  324
  315  315  312  318  317  323  321  326  326  326  316  300  280  262  247  236
  228  216  209  200  200  204  225  238  251                                   
    25.0-180.0 180.0   5.0 450.0                            LAT/LON1/LON2/DLON/H
  258  258  286  302  317  324  337  349  369  382  397  409  421  427  426  426
  420  410  406  406  410  411  413  414  424  449  482  530  574  621  655  678
  681  679  665  654  626  587  539  501  453  428  399  383  366  355  334  331
  324  336  335  357  360  366  362  364  361  357  346  327  307  286  265  252
  241  236  228  221  211  213  220  250  258                                   
    22.5-180.0 180.0   5.0 450.0                            LAT/LON1/LON2/DLON/H
  273  269  296  316  333  348  359  375  393  412  426  442  453  462  461  460
  454  451  450  453  456  456  453  456  466  497  536  591  642  688  718  717
  714  701  686  668  639  599  541  508  463  439  410  394  379  371  359  359
  365  378  390  405  409  408  405  398  392  383  365  348  319  300  282  280
  274  273  258  248  232  229  233  258  273                                   
    20.0-180.0 180.0   5.0 450.0                            LAT/LON1/LON2/DLON/H
  282  270  305  323  344  360  375  394  411  433  449  472  481  495  491  495
  488  491  495  501  503  500  498  500  517  551  597  651  701  729  747  748
  737  722  699  677  645  603  550  513  474  442  411  386  368  360  352  363
  376  400  414  431  428  431  426  422  411  398  376  347  323  298  288  280
  280  278  271  257  241  238  242  257  282                                   
    17.5-180.0 180.0   5.0 450.0                            LAT/LON1/LON2/DLON/H
  279  277  309  336  357  368  387  407  427  450  472  497  510  523  522  525
  517  527  536  548  549  547  544  552  570  605  649  690  723  746  760  755
  739  719  696  674  640  599  548  511  467  438  402  382  357  355  350  369
  389  411  435  442  444  435  431  421  412  396  370  346  314  299  283  285
  286  288  278  268  243  242  240  259  279                                   
    15.0-180.0 180.0   5.0 450.0                            LAT/LON1/LON2/DLON/H
  271  270  308  334  364  377  391  416  432  464  482  514  530  549  547  555
  551  563  574  589  594  591  591  598  625  649  687  711  743  760  770  755
  737  709  689  665  634  597  558  515  471  432  393  361  333  329  329  357
  382  411  430  438  438  428  424  415  400  382  356  324  298  276  271  272
  280  282  277  260  240  234  236  247  271                                   
    12.5-180.0 180.0   5.0 450.0                            LAT/LON1/LON2/DLON/H
  260  264  297  330  358  378  395  421  440  473  494  527  552  573  575  580
  583  590  607  617  625  624  630  639  665  680  706  728  751  763  762  745
  720  698  674  661  629  599  558  521  467  430  386  356  326  327  328  354
  376  400  418  425  424  415  407  398  381  365  333  310  285  273  270  277
  277  287  273  264  234  229  222  236  260                                   
    10.0-180.0 180.0   5.0 450.0                            LAT/LON1/LON2/DLON/H
  245  241  277  307  343  364  388  420  450  481  506  539  565  592  603  610
  618  627  639  648  658  656  668  673  695  705  736  749  770  764  759  736
  718  693  677  664  637  611  578  538  489  439  392  360  333  335  338  362
  376  391  400  402  401  389  382  370  355  337  309  282  265  251  253  255
  260  265  258  243  220  214  205  218  245                                   
     7.5-180.0 180.0   5.0 450.0                            LAT/LON1/LON2/DLON/H
  229  231  265  299  335  358  390  427  462  493  521  556  583  613  628  636
  647  652  664  666  676  678  693  694  716  729  756  769  774  768  752  736
