data/unet/pred0720.15i
     1.0            IONOSPHERE MAPS     GNSS                IONEX VERSION / TYPE
pyspatialgeodesy        IME             05-JAN-18 20:20     PGM / RUN BY / DATE 
Map Name                                                    COMMENT             
Predicted global ionosphere maps (GIM).                     DESCRIPTION         
  2015     3    13     0     0     0                        EPOCH OF FIRST MAP  
  2015     3    14     0     0     0                        EPOCH OF LAST MAP   
  7200                                                      INTERVAL            
    13                                                      # OF MAPS IN FILE   
  NONE                                                      MAPPING FUNCTION    
10.0                                                        ELEVATION CUTOFF    
One-way carrier phase leveled to code                       OBSERVABLES USED    
  6371.0                                                    BASE RADIUS         
 2                                                          MAP DIMENSION       
   450.0 450.0   0.0                                        HGT1 / HGT2 / DHGT  
    87.5 -87.5  -2.5                                        LAT1 / LAT2 / DLAT  
  -180.0 180.0   5.0                                        LON1 / LON2 / DLON  
    -1                                                      EXPONENT            
                                                            END OF HEADER       
[from data line 1716]
     5                                                      START OF TEC MAP    
  2015     3    13     8     0     0                        EPOCH OF CURRENT MAP
    87.5-180.0 180.0   5.0 450.0                            LAT/LON1/LON2/DLON/H
   93  106  111  115  116  117  120  122  126  128  131  133  137  138  141  142
  145  145  147  147  149  148  149  148  149  147  148  147  148  146  147  145
  147  145  147  144  147  143  145  142  145  142  144  141  143  141  143  141
  142  140  140  139  137  136  134  133  131  129  128  125  124  122  120  119
  117  117  115  117  116  117  115  104   93                                   
    85.0-180.0 180.0   5.0 450.0                            LAT/LON1/LON2/DLON/H
   87  103  102  112  113  115  119  123  127  130  133  136  139  142  143  146
  148  149  150  151  152  152  152  152  153  152  152  151  153  151  151  151
  153  153  153  154  156  156  156  157  158  158  158  157  158  156  156  155
  154  152  151  148  146  142  140  136  134  130  128  123  121  116  115  111
  111  107  107  105  107  100  102   85   87                                   
    82.5-180.0 180.0   5.0 450.0                            LAT/LON1/LON2/DLON/H
   78   83   81   85   90   93  101  106  113  117  122  126  131  133  136  138
  140  141  142  143  143  144  142  143  141  142  139  140  140  141  141  144
  146  149  152  156  160  163  165  168  169  171  171  173  172  172  170  170
  167  165  162  160  155  152  148  143  139  133  128  122  116  110  106  101
   98   92   90   84   85   76   78   70   78                                   
    80.0-180.0 180.0   5.0 450.0                            LAT/LON1/LON2/DLON/H
   72   68   66   67   74   79   88   93  102  106  113  116  123  124  128  129
  132  131  132  131  131  129  128  127  126  123  123  122  124  124  128  132
  138  141  149  153  161  164  171  173  179  179  184  184  188  186  189  186
  188  185  186  180  180  172  171  163  160  152  148  138  133  122  118  107
  103   93   88   81   79   70   68   63   72                                   
    77.5-180.0 180.0   5.0 450.0                            LAT/LON1/LON2/DLON/H
   70   72   61   60   66   70   80   84   93   98  105  109  114  117  119  120
  120  120  118  116  114  111  108  105  103  101   99  100  100  104  106  114
  119  129  135  145  152  162  168  175  180  186  190  195  197  201  206  208
  212  214  217  217  217  214  213  205  201  191  185  175  167  156  147  136
  127  117  108   97   91   79   75   64   70                                   
    75.0-180.0 180.0   5.0 450.0                            LAT/LON1/LON2/DLON/H
   75   69   59   57   61   65   73   77   85   90   96  101  105  107  109  108
  108  104  104   99   98   93   92   86   84   80   79   79   81   85   89   98
  105  117  127  138  148  158  169  176  184  190  199  203  210  216  224  230
  235  240  243  246  246  248  245  242  236  231  222  215  202  194  180  170
  157  145  133  120  110   95   92   75   75                                   
    72.5-180.0 180.0   5.0 450.0                            LAT/LON1/LON2/DLON/H
   87   82   68   62   64   64   72   74   81   84   90   93   96   96   96   95
   93   90   88   84   84   79   80   73   74   67   68   65   69   71   76   84
   93  105  117  130  141  154  164  173  182  190  200  207  216  224  237  246
  256  263  271  274  279  278  279  274  271  263  258  247  239  226  216  202
  190  176  163  148  136  120  112   97   87                                   
    70.0-180.0 180.0   5.0 450.0                            LAT/LON1/LON2/DLON/H
   97   83   71   64   65   63   69   70   77   78   83   85   87   86   85   82
   82   78   80   76   79   75   78   72   73   69   68   66   66   67   71   78
   87  100  112  127  139  151  163  172  183  192  203  211  221  232  244  258
  269  279  289  295  301  303  304  300  296  288  279  271  259  249  235  226
  211  199  184  172  158  140  131  111   97                                   
    67.5-180.0 180.0   5.0 450.0                            LAT/LON1/LON2/DLON/H
  106   93   79   69   65   62   67   68   74   74   79   79   79   77   74   73
   71   71   73   73   77   75   80   76   79   74   75   70   70   69   72   77
   85   97  109  124  136  148  159  169  179  190  201  212  223  236  250  265
  278  290  300  309  314  318  317  315  308  301  289  281  270  259  246  235
  222  209  197  183  171  153  141  125  106                                   
    65.0-180.0 180.0   5.0 450.0                            LAT/LON1/LON2/DLON/H
  108   94   78   67   61   58   62   63   70   71   75   75   75   71   69   67
   68   67   72   72   79   78   84   82   86   81   81   77   74   73   72   77
   84   98  109  125  137  149  160  171  182  193  205  216  230  243  255  270
  283  296  305  314  319  323  322  320  314  305  292  284  272  263  247  238
  223  213  199  187  175  159  146  129  108                                   
    62.5-180.0 180.0   5.0 450.0                            LAT/LON1/LON2/DLON/H
  108   98   81   68   59   55   58   59   65   67   71   71   70   68   64   65
   63   66   68   73   78   80   87   85   91   86   87   81   78   73   73   75
   83   96  109  124  136  148  160  171  183  194  207  221  234  248  261  275
  287  299  307  315  319  321  319  317  311  304  289  282  271  261  247  235
  223  209  197  182  172  155  144  128  108                                   
    60.0-180.0 180.0   5.0 450.0                            LAT/LON1/LON2/DLON/H
  108   99   82   68   57   52   54   55   59   62   66   68   67   66   64   63
   64   65   69   72   79   78   86   84   89   84   85   78   75   71   70   74
   82   98  111  128  140  153  164  178  190  203  217  232  246  259  271  285
  295  306  313  321  323  325  321  320  314  308  293  287  275  265  248  236
  220  208  194  181  168  152  142  128  108                                   
    57.5-180.0 180.0   5.0 450.0                            LAT/LON1/LON2/DLON/H
  114  107   89   74   61   54   53   53   55   58   62   64   64   64   62   62
   63   64   66   69   72   74   78   77   82   79   79   73   70   66   67   71
   81   97  114  131  144  158  171  185  199  213  227  244  257  270  283  296
  306  316  324  328  331  330  326  322  318  311  301  294  285  274  259  242
  229  211  199  180  167  151  143  127  114                                   
    55.0-180.0 180.0   5.0 450.0                            LAT/LON1/LON2/DLON/H
  127  118  101   87   72   62   57   53   55   55   59   61   62   63   62   63
   64   64   67   66   68   67   70   68   71   67   68   63   61   59   62   70
   82  103  121  140  155  169  183  199  213  228  243  259  272  287  300  312
  322  331  339  343  346  345  342  340  336  332  323  317  306  297  279  262
  244  229  212  196  182  165  153  142  127                                   
    52.5-180.0 180.0   5.0 450.0                            LAT/LON1/LON2/DLON/H
  151  139  124  108   94   80   71   62   59   58   58   61   61   62   62   64
   64   65   65   65   64   63   63   62   63   62   61   59   56   57   60   70
   87  107  129  149  166  181  198  214  229  244  259  275  288  304  317  328
  338  347  356  359  361  359  357  353  352  347  344  336  328  315  301  281
  264  243  231  211  200  183  171  155  151                                   
    50.0-180.0 180.0   5.0 450.0                            LAT/LON1/LON2/DLON/H
  174  162  147  135  119  103   89   75   68   63   63   63   64   65   66   67
   69   68   70   66   67   62   62   59   60   56   58   54   55   56   64   76
   95  120  143  164  180  199  214  231  245  260  277  292  309  323  336  346
  356  364  372  373  375  371  369  367  367  364  361  354  346  336  321  306
  287  270  253  236  224  204  191  180  174                                   
    47.5-180.0 180.0   5.0 450.0                            LAT/LON1/LON2/DLON/H
  196  184  172  159  149  131  115   96   84   75   71   70   69   71   71   72
   72   73   73   74   70   70   66   66   63   64   62   61   58   62   68   81
  103  128  154  175  194  212  229  246  260  277  294  312  327  339  350  360
  368  375  381  381  380  374  370  366  368  364  364  357  353  341  330  314
  301  282  268  248  239  220  209  195  196                                   
    45.0-180.0 180.0   5.0 450.0                            LAT/LON1/LON2/DLON/H
  201  193  182  177  167  155  136  118  101   89   81   81   80   81   81   81
   82   83   86   85   86   82   81   76   76   72   73   69   69   70   78   91
  116  142  169  193  212  231  246  262  278  294  314  331  345  355  366  372
  379  384  390  390  384  379  371  371  366  364  356  352  342  339  327  320
  304  291  273  257  242  222  211  199  201                                   
    42.5-180.0 180.0   5.0 450.0                            LAT/LON1/LON2/DLON/H
  194  187  180  181  178  169  157  140  122  107   98   95   93   95   93   93
   93   95   98  101  102  100   98   95   92   90   87   83   78   78   82   95
  120  145  177  200  225  241  259  276  294  314  334  350  361  369  376  382
  387  394  398  398  395  386  379  372  368  358  349  339  331  325  319  308
  298  282  267  247  236  216  206  189  194                                   
    40.0-180.0 180.0   5.0 450.0                            LAT/LON1/LON2/DLON/H
  169  169  161  168  170  169  162  150  134  120  110  108  107  109  107  108
  107  110  113  120  122  122  121  114  112  104  101   92   87   81   86   99
  123  151  178  209  231  255  274  293  315  336  357  373  385  391  399  402
  407  412  418  417  414  405  397  389  381  371  357  344  330  323  312  304
  291  274  256  239  221  198  188  168  169                                   
    37.5-180.0 180.0   5.0 450.0                            LAT/LON1/LON2/DLON/H
  144  144  139  146  154  157  159  152  141  132  123  122  123  126  124  123
  123  125  131  135  140  137  137  128  126  118  111  100   89   83   85   93
  119  141  175  203  236  261  285  308  331  355  376  391  404  409  416  419
  426  432  440  444  444  440  433  425  415  402  385  366  349  334  321  307
  292  272  253  231  212  184  174  142  144                                   
    35.0-180.0 180.0   5.0 450.0                            LAT/LON1/LON2/DLON/H
  118  118  110  117  125  135  141  140  136  131  127  128  131  136  135  137
  137  141  145  150  152  151  147  140  133  123  115   99   88   79   80   89
  111  138  165  197  228  265  292  321  347  371  393  412  427  432  442  445
  455  463  476  483  491  493  490  485  479  464  447  420  394  375  352  334
  314  291  267  242  220  190  169  132  118                                   
    32.5-180.0 180.0   5.0 450.0                            LAT/LON1/LON2/DLON/H
  123  106  100  100  106  116  125  128  128  127  126  131  137  144  145  145
  147  148  154  154  157  153  150  141  133  122  110   96   84   76   79   89
  110  130  166  196  227  263  299  333  357  385  407  429  444  455  466  475
  490  505  530  552  575  589  601  598  592  578  555  526  491  459  424  395
  364  332  304  276  247  210  180  138  123                                   
    30.0-180.0 180.0   5.0 450.0                            LAT/LON1/LON2/DLON/H
  136  112   90   82   89  103  112  114  119  118  121  128  135  144  146  149
  150  153  157  159  158  156  150  141  132  118  106   90   81   75   80   88
  110  133  167  204  232  266  297  336  367  398  421  446  467  479  501  513
  543  567  606  638  657  666  678  681  686  677  656  629  596  569  526  492
  451  419  381  343  303  262  212  180  136                                   
    27.5-180.0 180.0   5.0 450.0                            LAT/LON1/LON2/DLON/H
  192  147  120   92   90   96  112  115  118  118  118  123  131  138  142  145
  149  150  154  152  151  146  144  135  128  114  101   89   83   83   83   97
  115  137  175  210  245  275  303  342  371  407  430  461  483  506  534  561
  597  633  681  709  740  760  785  797  813  811  799  768  727  689  650  617
  575  522  472  425  384  338  285  249  192                                   
    25.0-180.0 180.0   5.0 450.0                            LAT/LON1/LON2/DLON/H
  276  237  187  145  114  108  109  112  110  111  113  123  129  134  136  141
  142  146  147  146  144  142  141  135  127  112  101   91   88   88   81   90
  107  135  174  217  251  286  313  351  384  419  446  476  503  530  573  603
  648  689  739  773  814  841  868  892  911  924  921  904  869  828  784  745
  696  647  595  539  490  440  390  347  276                                   
    22.5-180.0 180.0   5.0 450.0                            LAT/LON1/LON2/DLON/H
  399  332  291  225  184  155  144  131  124  114  114  120  133  134  136  135
  139  141  142  138  138  137  142  140  134  122  108   96   85   88   89  109
  131  158  192  231  265  296  325  360  393  433  458  492  521  563  605  643
  684  734  778  816  856  882  911  934  963  981  990  981  963  928  890  850
  803  755  698  646  598  552  492  451  399                                   
    20.0-180.0 180.0   5.0 450.0                            LAT/LON1/LON2/DLON/H
  491  450  376  316  276  242  202  185  163  149  131  132  129  136  135  137
  137  139  136  134  134  142  148  152  147  126  108   97   80   91   98  117
  139  166  206  244  278  309  340  375  409  442  476  508  545  587  632  665
  715  753  795  824  861  883  911  936  964  993 1007 1012 1001  985  954  923
  880  836  784  730  681  632  589  537  491                                   
    17.5-180.0 180.0   5.0 450.0                            LAT/LON1/LON2/DLON/H
  568  547  501  426  363  316  292  255  224  198  180  164  154  145  141  140
  144  140  140  134  139  144  158  164  152  131  117   97   88   94  113  132
  159  191  227  263  286  316  351  384  416  456  490  527  566  612  651  687
  722  760  789  815  836  852  870  890  917  947  970  981  989  980  974  944
  917  877  836  788  742  692  650  615  568                                   
    15.0-180.0 180.0   5.0 450.0                            LAT/LON1/LON2/DLON/H
  609  589  549  502  437  388  341  320  298  263  229  207  186  170  152  148
  143  148  148  143  146  158  168  169  152  135  111   99   93  109  123  142
  170  207  244  267  293  323  357  390  430  466  506  546  590  626  667  685
  725  743  764  780  789  795  799  810  834  862  895  917  935  940  941  927
  906  876  840  802  762  715  674  647  609                                   
    12.5-180.0 180.0   5.0 450.0                            LAT/LON1/LON2/DLON/H
  616  603  574  541  501  447  410  384  356  331  299  257  230  211  190  174
  164  160  159  156  156  158  167  160  153  133  118  112  112  118  134  147
  179  215  242  264  290  322  358  389  430  463  507  556  603  642  670  692
  711  720  729  731  733  727  722  724  737  767  799  831  860  875  889  880
  870  849  823  786  749  703  664  645  616                                   
    10.0-180.0 180.0   5.0 450.0                            LAT/LON1/LON2/DLON/H
  608  596  566  549  508  478  439  430  403  378  344  323  282  252  230  209
  195  184  179  176  170  172  170  170  158  151  138  136  132  130  135  151
  181  216  241  265  293  325  355  388  428  462  507  558  606  636  667  674
  692  691  694  695  690  684  671  667  676  693  726  761  796  819  831  832
  823  814  789  761  721  682  647  613  608                                   
     7.5-180.0 180.0   5.0 450.0                            LAT/LON1/LON2/DLON/H
  583  572  560  539  522  487  472  460  448  421  394  365  346  314  280  256
  236  225  207  197  180  170  162  168  166  165  159  150  139  128  132  145
