data/unet/pred0160.15i
     1.0            IONOSPHERE MAPS     GNSS                IONEX VERSION / TYPE
pyspatialgeodesy        IME             05-JAN-18 20:20     PGM / RUN BY / DATE 
Map Name                                                    COMMENT             
Predicted global ionosphere maps (GIM).                     DESCRIPTION         
  2015     1    16     0     0     0                        EPOCH OF FIRST MAP  
  2015     1    17     0     0     0                        EPOCH OF LAST MAP   
  7200                                                      INTERVAL            
    13                                                      # OF MAPS IN FILE   
  NONE                                                      MAPPING FUNCTION    
10.0                                                        ELEVATION CUTOFF    
One-way carrier phase leveled to code                       OBSERVABLES USED    
  6371.0                                                    BASE RADIUS         
 2                                                          MAP DIMENSION       
   450.0 450.0   0.0                                        HGT1 / HGT2 / DHGT  
    87.5 -87.5  -2.5                                        LAT1 / LAT2 / DLAT  
  -180.0 180.0   5.0                                        LON1 / LON2 / DLON  
    -1                                                      EXPONENT            
                                                            END OF HEADER       
[from data line 5148]
    13                                                      START OF TEC MAP    
  2015     1    17     0     0     0                        EPOCH OF CURRENT MAP
    87.5-180.0 180.0   5.0 450.0                            LAT/LON1/LON2/DLON/H
  117   95   89   85   87   83   87   84   89   86   89   86   90   87   90   87
   90   87   91   87   91   88   91   88   91   89   92   89   92   90   92   91
   93   93   95   94   96   96   98   97   99   98  100   99  100   99  100   98
   99   97   98   95   96   93   93   91   91   88   89   86   87   84   86   83
   85   83   86   85   91   88   95  105  117                                   
    85.0-180.0 180.0   5.0 450.0                            LAT/LON1/LON2/DLON/H
  102   75   78   77   76   73   77   75   80   77   81   78   82   79   83   80
   84   80   85   81   85   82   86   82   85   81   85   81   85   82   87   84
   88   86   91   90   95   93   99   97  102  100  105  102  106  102  106  102
  105  100  103   97  100   93   96   90   91   85   87   82   84   79   81   77
   79   77   79   77   83   73   72   98  102                                   
    82.5-180.0 180.0   5.0 450.0                            LAT/LON1/LON2/DLON/H
   94   77   79   82   80   79   82   82   85   83   86   85   87   85   87   86
   87   86   87   86   87   85   86   84   84   82   83   81   82   81   83   83
   85   86   90   91   95   96  101  102  105  107  110  111  113  113  113  113
  112  110  109  106  104  100   98   93   91   86   85   81   82   77   80   77
   80   77   82   80   84   77   78   95   94                                   
    80.0-180.0 180.0   5.0 450.0                            LAT/LON1/LON2/DLON/H
   97   86   90   94   91   93   94   97   96   97   97   97   97   96   96   95
   94   92   92   91   90   89   89   87   86   84   83   81   80   80   80   81
   82   83   87   89   93   96  100  103  106  110  113  115  116  118  118  118
  116  114  111  109  104  100   96   91   87   83   81   78   77   76   78   78
   81   83   86   88   91   87   87  100   97                                   
    77.5-180.0 180.0   5.0 450.0                            LAT/LON1/LON2/DLON/H
  108   98  103  106  103  104  106  107  107  107  107  106  104  101  100   96
   94   90   89   87   86   85   85   84   82   81   79   78   76   75   75   75
   76   78   81   84   87   90   94   98  101  105  108  111  112  114  113  114
  111  110  107  104   99   94   89   84   79   74   72   69   70   70   73   75
   81   84   91   94  100   98  101  107  108                                   
    75.0-180.0 180.0   5.0 450.0                            LAT/LON1/LON2/DLON/H
  119  118  123  125  120  122  121  123  121  122  120  119  114  110  105  100
   93   89   85   84   82   83   83   83   81   80   78   77   75   74   73   73
   73   75   77   80   82   86   89   92   95   98  101  103  103  104  104  103
  101  100   98   95   90   85   80   75   70   66   63   62   63   66   70   76
   84   91  100  107  114  116  119  124  119                                   
    72.5-180.0 180.0   5.0 450.0                            LAT/LON1/LON2/DLON/H
  141  140  147  147  140  140  139  139  137  136  134  130  123  116  108   98
   88   81   77   74   74   74   76   77   77   76   75   73   71   69   68   67
   67   67   70   72   75   76   80   82   84   85   88   88   88   87   86   85
   83   82   80   78   74   70   66   61   58   54   53   52   56   60   68   76
   87   97  110  119  130  135  139  143  141                                   
    70.0-180.0 180.0   5.0 450.0                            LAT/LON1/LON2/DLON/H
  159  164  171  170  161  159  157  158  155  154  149  144  134  124  111   97
   84   74   68   65   65   66   70   73   75   75   74   72   69   66   65   63
   63   63   65   66   68   70   73   73   75   74   77   75   74   70   69   66
   65   63   63   62   59   57   54   51   49   47   47   49   53   59   70   80
   94  106  121  133  144  153  161  166  159                                   
    67.5-180.0 180.0   5.0 450.0                            LAT/LON1/LON2/DLON/H
  183  185  193  191  181  178  175  175  173  171  166  159  147  134  117  100
   83   71   64   60   60   63   68   72   75   76   76   73   69   65   62   59
   58   57   58   59   61   61   63   64   64   63   64   62   59   56   53   51
   49   50   50   51   49   48   47   45   45   44   46   47   54   61   73   85
  100  113  130  143  158  169  177  184  183                                   
    65.0-180.0 180.0   5.0 450.0                            LAT/LON1/LON2/DLON/H
  198  203  211  207  196  192  188  189  186  187  182  177  162  146  127  107
   89   74   65   61   60   63   68   73   76   77   75   72   67   62   57   53
   52   50   51   51   52   52   53   53   53   53   54   52   49   45   43   40
   40   40   42   43   43   43   44   44   45   46   48   52   60   68   81   93
  108  122  138  153  167  179  191  199  198                                   
    62.5-180.0 180.0   5.0 450.0                            LAT/LON1/LON2/DLON/H
  216  215  222  217  205  202  198  198  197  199  196  191  177  161  140  121
  101   86   75   70   68   69   72   76   77   76   73   68   62   56   50   46
   43   42   42   42   42   42   43   44   44   45   45   45   42   40   37   36
   35   36   38   40   42   43   44   46   48   49   53   58   68   77   91  103
  119  132  148  161  175  188  198  209  216                                   
    60.0-180.0 180.0   5.0 450.0                            LAT/LON1/LON2/DLON/H
  224  228  233  227  214  209  205  205  204  207  205  203  190  175  154  136
  118  103   91   84   78   77   76   77   75   72   68   62   55   48   43   39
   37   35   36   36   36   35   37   38   40   42   44   44   43   40   40   37
   36   36   38   40   44   44   47   49   53   55   60   68   80   91  105  118
  133  146  160  171  183  194  206  217  224                                   
    57.5-180.0 180.0   5.0 450.0                            LAT/LON1/LON2/DLON/H
  239  237  245  239  225  219  214  214  213  214  212  210  201  189  170  155
  138  125  112  102   93   88   82   79   74   68   62   56   49   43   38   36
   34   33   33   34   33   34   35   38   40   44   46   48   48   48   47   45
   42   41   43   45   48   49   51   54   58   62   69   79   93  106  122  137
  153  165  177  186  195  205  214  227  239                                   
    55.0-180.0 180.0   5.0 450.0                            LAT/LON1/LON2/DLON/H
  251  253  264  257  241  234  227  225  221  221  216  215  206  198  183  171
  157  144  131  118  106   96   87   80   73   67   59   53   47   42   39   37
   37   37   38   39   39   39   42   44   48   51   56   57   62   60   60   55
   53   49   52   52   54   55   57   61   65   71   79   91  107  123  141  158
  173  185  196  203  210  219  227  240  251                                   
    52.5-180.0 180.0   5.0 450.0                            LAT/LON1/LON2/DLON/H
  269  268  281  277  264  257  249  243  236  231  223  218  209  204  193  184
  171  160  145  133  117  106   94   85   77   70   63   56   51   48   45   45
   45   47   47   49   49   52   53   57   58   64   67   71   73   74   72   68
   64   61   61   60   62   63   64   68   72   79   88  102  120  139  160  177
  194  206  217  223  230  236  239  254  269                                   
    50.0-180.0 180.0   5.0 450.0                            LAT/LON1/LON2/DLON/H
  280  287  301  299  288  284  275  267  254  244  229  221  210  205  196  191
  181  170  155  141  126  113  101   92   85   79   71   66   61   58   55   56
   57   59   60   63   65   67   69   71   74   77   83   84   90   88   87   82
   78   72   72   70   71   73   75   78   83   90  100  115  136  156  177  195
  213  225  234  241  246  251  255  266  280                                   
    47.5-180.0 180.0   5.0 450.0                            LAT/LON1/LON2/DLON/H
  290  294  311  316  311  309  302  294  280  264  245  230  216  209  200  195
  186  177  161  148  134  123  113  106  100   95   89   83   77   73   69   69
   70   73   75   79   81   84   84   87   87   92   95   99  102  102  100   95
   90   85   83   81   81   83   84   88   92  100  111  127  149  170  192  209
  228  239  248  253  260  262  263  274  290                                   
    45.0-180.0 180.0   5.0 450.0                            LAT/LON1/LON2/DLON/H
  285  295  312  320  322  325  321  315  300  283  260  241  223  214  203  199
  189  180  166  153  141  133  127  122  118  113  107  100   93   87   83   81
   82   85   89   93   98   99  100  100  102  104  108  110  114  114  113  108
  104   99   95   94   94   96   97  100  106  113  124  140  161  181  201  218
  233  243  252  257  264  267  268  275  285                                   
    42.5-180.0 180.0   5.0 450.0                            LAT/LON1/LON2/DLON/H
  276  280  298  309  316  326  328  328  318  303  281  260  239  225  212  205
  195  186  172  162  152  149  144  142  137  133  124  116  106   98   91   89
   89   93   97  102  107  109  108  109  109  113  116  120  123  125  124  120
  117  112  108  106  105  107  108  111  117  125  136  152  172  188  206  221
  233  241  249  253  262  264  262  271  276                                   
    40.0-180.0 180.0   5.0 450.0                            LAT/LON1/LON2/DLON/H
  258  262  276  286  297  311  320  326  322  314  294  277  253  238  223  215
  205  196  184  176  170  167  163  159  154  146  136  125  114  104   96   93
   92   96  101  107  112  114  114  114  117  119  124  127  133  133  134  131
  129  124  120  117  116  116  118  122  128  136  149  162  183  197  214  226
  235  240  246  249  257  260  261  267  258                                   
    37.5-180.0 180.0   5.0 450.0                            LAT/LON1/LON2/DLON/H
  247  245  257  263  272  288  301  314  319  317  306  290  272  256  241  230
  220  213  203  199  193  191  182  175  162  152  138  127  115  105   97   92
   91   94   99  105  111  113  114  116  118  123  128  134  137  139  139  137
  135  131  127  124  122  122  124  127  133  143  156  171  192  207  225  236
  242  245  248  251  261  265  266  271  247                                   
    35.0-180.0 180.0   5.0 450.0                            LAT/LON1/LON2/DLON/H
  244  243  247  246  251  265  279  295  305  312  306  298  282  272  257  248
  239  233  226  222  217  210  196  180  161  146  132  121  111  103   97   93
   93   95  101  106  113  115  117  119  124  129  135  140  143  143  143  140
  138  133  129  125  124  124  125  129  136  146  160  176  199  218  240  253
  260  262  263  264  276  282  290  294  244                                   
    32.5-180.0 180.0   5.0 450.0                            LAT/LON1/LON2/DLON/H
  265  256  259  251  247  256  267  281  293  302  303  299  290  283  273  265
  257  252  247  244  234  220  197  174  150  135  121  114  107  104  102  101
   99  102  105  110  115  118  118  122  125  131  136  140  141  140  138  135
  131  126  121  118  118  118  121  124  132  144  161  180  207  231  259  277
  288  292  295  298  313  323  332  336  265                                   
    30.0-180.0 180.0   5.0 450.0                            LAT/LON1/LON2/DLON/H
  307  296  296  280  270  268  271  279  287  296  298  299  293  293  283  280
  272  269  261  255  240  217  187  159  137  123  114  112  114  116  120  120
  121  121  122  121  123  123  125  128  131  135  139  139  137  132  128  122
  118  110  107  104  105  108  111  116  125  137  158  183  216  247  283  313
  331  345  356  365  381  391  411  402  307                                   
    27.5-180.0 180.0   5.0 450.0                            LAT/LON1/LON2/DLON/H
  372  368  369  342  327  309  301  296  299  301  303  302  299  296  291  286
  279  274  265  255  232  204  167  142  124  117  116  123  132  144  151  155
  154  153  147  141  135  134  130  134  135  139  138  135  127  121  114  107
  100   93   92   90   94   96  102  108  120  138  161  192  229  266  311  349
  382  407  429  446  463  476  493  479  372                                   
    25.0-180.0 180.0   5.0 450.0                            LAT/LON1/LON2/DLON/H
  445  454  449  423  402  377  355  337  326  321  316  313  306  304  295  293
  282  276  261  244  213  182  150  131  124  127  138  152  169  185  199  203
  203  193  184  168  159  151  147  144  144  144  139  130  120  108   99   89
   85   77   78   77   81   85   90   99  114  136  167  202  246  288  341  393
  437  478  511  531  550  563  582  571  445                                   
    22.5-180.0 180.0   5.0 450.0                            LAT/LON1/LON2/DLON/H
  513  537  534  517  495  466  432  400  380  360  347  334  325  315  305  295
  284  270  251  227  193  163  140  136  143  160  179  204  224  245  260  264
  257  241  219  199  182  168  159  156  149  147  133  124  107   96   85   79
   73   69   70   71   74   79   84   96  115  146  183  220  265  309  368  427
  482  532  571  596  619  636  652  648  513                                   
    20.0-180.0 180.0   5.0 450.0                            LAT/LON1/LON2/DLON/H
  570  601  599  589  569  549  510  479  446  422  394  373  353  338  322  308
  290  273  245  216  182  160  152  164  189  217  246  271  293  308  321  318
  306  279  253  222  201  180  170  163  156  146  131  115  100   85   80   71
   68   64   66   65   70   73   79   91  116  154  201  242  289  335  399  462
  521  574  616  645  672  688  719  701  570                                   
    17.5-180.0 180.0   5.0 450.0                            LAT/LON1/LON2/DLON/H
  604  642  648  640  626  607  571  540  512  482  455  423  398  374  354  331
  310  283  254  222  194  184  191  218  255  291  320  340  353  360  361  352
  333  305  271  237  209  189  174  167  155  145  125  109   92   82   72   68
   65   64   66   66   71   73   81   97  130  176  224  267  313  365  425  485
  542  591  628  651  678  695  727  713  604                                   
    15.0-180.0 180.0   5.0 450.0                            LAT/LON1/LON2/DLON/H
  625  661  668  670  665  649  618  587  555  528  504  479  450  423  398  375
  348  317  282  253  228  227  248  286  331  372  394  403  401  396  387  368
  346  313  276  235  208  188  175  162  154  138  123  104   94   80   77   71
   69   66   67   66   70   73   85  108  150  199  250  292  342  394  451  505
  558  599  627  648  669  678  706  691  625                                   
    12.5-180.0 180.0   5.0 450.0                            LAT/LON1/LON2/DLON/H
  628  657  668  677  681  668  641  612  583  558  539  518  500  473  449  424
  404  371  334  303  287  292  320  367  412  444  452  441  423  404  388  366
  338  307  269  231  203  186  173  162  149  138  121  108   95   88   80   77
   72   71   71   70   73   79   96  125  173  224  268  312  359  410  458  509
  552  583  601  614  630  631  650  642  628                                   
    10.0-180.0 180.0   5.0 450.0                            LAT/LON1/LON2/DLON/H
  618  642  651  660  676  666  652  627  608  586  569  552  538  518  498  480
  460  436  403  373  358  370  399  448  484  500  487  458  426  401  379  356
  326  295  256  223  199  181  171  157  148  136  126  112  105   93   91   86
   82   79   79   77   81   89  110  142  191  235  282  319  369  412  459  502
  539  559  572  581  590  586  594  591  618                                   
     7.5-180.0 180.0   5.0 450.0                            LAT/LON1/LON2/DLON/H
  594  612  629  643  660  659  650  632  622  604  591  576  564  547  539  524
  515  494  471  449  437  445  469  503  521  510  481  435  399  372  353  332
