data/unet/pred3160.15i
     1.0            IONOSPHERE MAPS     GNSS                IONEX VERSION / TYPE
pyspatialgeodesy        IME             05-JAN-18 20:20     PGM / RUN BY / DATE 
Map Name                                                    COMMENT             
Predicted global ionosphere maps (GIM).                     DESCRIPTION         
  2015    11    12     0     0     0                        EPOCH OF FIRST MAP  
  2015    11    13     0     0     0                        EPOCH OF LAST MAP   
  7200                                                      INTERVAL            
    13                                                      # OF MAPS IN FILE   
  NONE                                                      MAPPING FUNCTION    
10.0                                                        ELEVATION CUTOFF    
One-way carrier phase leveled to code                       OBSERVABLES USED    
  6371.0                                                    BASE RADIUS         
 2                                                          MAP DIMENSION       
   450.0 450.0   0.0                                        HGT1 / HGT2 / DHGT  
    87.5 -87.5  -2.5                                        LAT1 / LAT2 / DLAT  
  -180.0 180.0   5.0                                        LON1 / LON2 / DLON  
    -1                                                      EXPONENT            
                                                            END OF HEADER       
[from data line 3003]
     8                                                      START OF TEC MAP    
  2015    11    12    14     0     0                        EPOCH OF CURRENT MAP
    87.5-180.0 180.0   5.0 450.0                            LAT/LON1/LON2/DLON/H
   48   67   70   67   66   66   67   67   68   68   69   68   70   69   70   70
   71   71   72   73   74   75   76   76   77   78   78   78   80   79   80   79
   80   80   80   81   80   81   79   81   80   81   79   80   79   80   78   80
   78   79   78   78   77   76   76   75   76   73   74   72   73   70   71   69
   71   69   70   68   67   67   79   64   48                                   
    85.0-180.0 180.0   5.0 450.0                            LAT/LON1/LON2/DLON/H
   56   69   60   59   59   59   60   61   62   63   63   64   64   66   66   67
   68   68   69   70   72   71   73   73   75   74   76   75   77   76   76   76
   76   76   76   76   76   76   75   75   75   75   74   74   73   73   72   72
   72   71   71   71   71   70   70   69   70   68   68   66   66   64   64   61
   63   61   62   60   63   62   65   51   56                                   
    82.5-180.0 180.0   5.0 450.0                            LAT/LON1/LON2/DLON/H
   45   52   47   51   45   49   44   50   45   51   46   52   48   54   50   56
   54   59   57   61   63   65   67   68   70   71   72   72   73   73   72   72
   71   71   70   70   69   69   68   68   67   66   65   64   64   63   63   63
   63   64   64   65   66   66   67   66   67   65   64   62   61   59   57   55
   54   53   51   50   47   46   45   29   45                                   
    80.0-180.0 180.0   5.0 450.0                            LAT/LON1/LON2/DLON/H
   30   39   34   37   34   35   32   34   32   35   32   36   33   39   36   42
   40   46   44   51   50   57   56   62   61   66   62   66   62   65   60   63
   59   61   57   60   56   60   55   58   54   57   51   55   51   54   51   55
   52   56   55   59   58   61   59   62   60   60   57   58   54   54   50   50
   46   46   42   43   39   37   37   20   30                                   
    77.5-180.0 180.0   5.0 450.0                            LAT/LON1/LON2/DLON/H
   16   35   32   30   27   27   25   25   24   24   23   25   25   27   28   32
   33   38   39   45   47   52   54   58   60   64   62   65   60   61   56   57
   52   54   51   54   51   53   49   52   47   48   44   45   42   43   42   45
   45   48   49   53   55   58   58   60   59   59   57   54   52   49   47   44
   43   40   39   37   34   31   31   14   16                                   
    75.0-180.0 180.0   5.0 450.0                            LAT/LON1/LON2/DLON/H
   22   31   32   29   28   24   24   21   21   19   20   19   20   22   22   27
   28   33   37   42   47   52   59   62   68   70   72   69   67   62   60   55
   54   51   51   51   51   50   49   47   45   42   40   36   36   34   36   35
   39   41   46   48   53   55   58   57   59   57   55   52   50   46   45   42
   41   38   39   37   37   33   37   20   22                                   
    72.5-180.0 180.0   5.0 450.0                            LAT/LON1/LON2/DLON/H
   25   43   40   36   33   31   29   29   27   27   26   25   25   26   26   30
   32   37   42   50   56   63   70   79   83   88   87   86   79   75   68   64
   59   58   56   57   57   58   55   55   50   46   40   38   33   33   31   34
   35   40   43   50   53   57   58   60   59   59   56   53   51   47   46   43
   43   42   44   44   44   41   43   27   25                                   
    70.0-180.0 180.0   5.0 450.0                            LAT/LON1/LON2/DLON/H
   37   45   49   43   44   37   40   33   36   31   34   29   30   27   28   30
   32   37   43   51   60   71   83   92  100  104  105  102   96   88   81   74
   70   66   65   65   66   64   63   60   56   49   44   37   33   29   29   28
   33   34   42   45   52   54   58   59   61   58   57   54   51   47   46   44
   45   44   47   49   51   49   52   38   37                                   
    67.5-180.0 180.0   5.0 450.0                            LAT/LON1/LON2/DLON/H
   38   52   53   48   46   44   44   41   41   40   41   39   38   36   35   36
   37   42   47   58   67   84   95  110  116  124  123  123  115  108   98   91
   85   81   78   80   78   79   75   75   66   62   53   47   39   35   32   34
   34   38   42   47   50   55   56   59   58   58   55   53   50   48   46   46
   46   48   50   53   55   53   54   41   38                                   
    65.0-180.0 180.0   5.0 450.0                            LAT/LON1/LON2/DLON/H
   40   49   53   49   50   47   50   46   49   45   48   43   44   38   37   35
   36   40   47   57   70   87  103  117  126  134  136  136  130  123  114  105
   98   93   90   89   89   87   86   81   75   66   58   48   43   35   33   30
   33   33   38   40   46   48   52   53   54   53   52   49   47   44   44   42
   43   45   48   50   54   51   53   40   40                                   
    62.5-180.0 180.0   5.0 450.0                            LAT/LON1/LON2/DLON/H
   28   42   45   44   43   44   45   45   47   46   48   48   47   43   41   40
   40   45   50   63   75   95  108  125  132  142  144  148  144  140  131  123
  114  109  104  102   99   99   95   93   84   77   67   59   51   45   40   38
   35   36   37   38   40   42   44   48   48   50   47   47   43   41   38   39
   38   41   43   46   47   43   44   30   28                                   
    60.0-180.0 180.0   5.0 450.0                            LAT/LON1/LON2/DLON/H
   17   28   34   34   35   38   39   41   41   43   45   46   46   43   42   40
   40   43   51   61   76   93  109  123  132  142  147  152  152  150  143  137
  130  124  118  114  110  105  102   96   90   81   74   64   57   48   44   37
   36   32   32   31   33   34   37   40   42   43   43   42   40   37   35   32
   33   31   34   35   37   32   35   17   17                                   
    57.5-180.0 180.0   5.0 450.0                            LAT/LON1/LON2/DLON/H
    4   22   25   26   27   29   30   31   34   36   40   42   44   43   43   44
   45   49   57   69   81  100  112  126  134  144  149  156  157  159  156  153
  148  142  134  129  122  118  111  107  100   93   84   77   69   61   56   48
   43   37   34   32   31   31   33   36   37   41   40   42   39   37   33   30
   27   27   27   30   28   24   24    6    4                                   
    55.0-180.0 180.0   5.0 450.0                            LAT/LON1/LON2/DLON/H
    4   16   21   21   24   25   24   26   25   29   31   35   38   40   42   43
   46   50   59   69   85   99  112  123  131  140  148  156  160  164  166  165
  162  155  148  140  133  126  120  114  107  100   94   86   80   70   63   53
   48   39   36   32   32   32   33   36   38   42   42   43   42   39   36   30
   29   26   27   26   25   20   24    3    4                                   
    52.5-180.0 180.0   5.0 450.0                            LAT/LON1/LON2/DLON/H
    9   26   26   27   27   28   26   24   23   23   27   32   36   39   44   48
   53   60   69   83   94  110  117  128  134  145  151  162  167  173  178  179
  177  169  161  155  145  140  131  129  119  116  107  102   94   86   78   67
   60   51   48   43   42   40   41   44   44   48   48   50   47   46   41   37
   34   31   31   31   28   24   26    9    9                                   
    50.0-180.0 180.0   5.0 450.0                            LAT/LON1/LON2/DLON/H
   31   33   38   36   40   34   35   21   22   14   22   24   32   37   41   47
   56   64   78   88  103  112  121  129  137  144  153  162  171  178  185  185
  184  176  169  163  156  150  144  139  133  127  121  115  109   98   90   78
   70   61   58   54   54   52   53   55   56   57   57   57   57   54   52   48
   47   42   45   42   40   36   40   27   31                                   
    47.5-180.0 180.0   5.0 450.0                            LAT/LON1/LON2/DLON/H
   50   54   55   55   55   52   45   38   29   23   22   26   33   39   44   54
   63   75   87  104  113  126  129  140  145  155  160  173  178  185  188  188
  184  179  171  169  163  160  154  152  145  143  135  131  122  113  103   94
   85   77   73   71   71   71   70   71   69   70   68   70   67   67   64   62
   59   58   58   59   57   55   56   48   50                                   
    45.0-180.0 180.0   5.0 450.0                            LAT/LON1/LON2/DLON/H
   65   70   72   74   76   68   64   48   42   30   33   28   35   39   47   56
   70   81   98  111  123  131  139  146  155  161  169  176  185  186  189  184
  184  178  175  173  172  168  165  161  157  152  146  139  133  121  113  102
   95   88   85   83   83   83   82   81   80   78   77   77   78   76   77   73
   74   71   73   72   72   72   73   73   65                                   
    42.5-180.0 180.0   5.0 450.0                            LAT/LON1/LON2/DLON/H
   73   83   86   87   88   81   76   64   54   46   41   41   42   47   54   67
   78   94  108  125  132  143  148  160  165  176  179  188  188  186  182  179
  175  174  174  176  177  176  173  170  164  160  153  150  139  130  119  111
  102   96   92   91   89   88   85   84   82   81   79   81   80   83   81   81
   79   78   80   80   82   81   85   86   73                                   
    40.0-180.0 180.0   5.0 450.0                            LAT/LON1/LON2/DLON/H
   80   88   88   93   94   92   86   78   67   60   56   53   56   57   66   75
   90  102  119  130  140  147  158  167  178  183  191  191  190  179  176  169
  171  172  179  183  188  187  186  179  175  166  159  151  145  132  124  112
  105   98   94   90   88   85   82   81   79   79   79   80   83   85   86   84
   84   79   81   81   82   82   85   89   80                                   
    37.5-180.0 180.0   5.0 450.0                            LAT/LON1/LON2/DLON/H
   68   79   80   82   85   85   84   80   75   69   66   65   65   68   75   88
  101  117  128  142  149  160  168  182  186  196  197  199  188  180  171  170
  172  180  188  198  205  207  203  195  186  177  166  159  149  139  128  117
  109  100   95   88   85   80   77   75   74   75   76   80   80   84   82   82
   78   75   74   75   75   76   75   79   68                                   
    35.0-180.0 180.0   5.0 450.0                            LAT/LON1/LON2/DLON/H
   58   63   61   65   69   70   76   76   75   73   73   73   77   80   89  102
  117  129  142  151  162  171  182  191  201  204  209  202  195  183  180  180
  189  201  217  230  240  238  232  217  207  189  180  165  159  145  138  125
  117  106   99   91   86   80   77   75   75   78   79   81   83   83   82   79
   75   69   66   63   61   62   63   67   58                                   
    32.5-180.0 180.0   5.0 450.0                            LAT/LON1/LON2/DLON/H
   43   47   43   48   49   54   59   66   69   74   75   82   84   93  100  117
  130  144  155  166  175  188  195  207  210  217  215  214  203  200  200  210
  223  243  263  280  288  286  271  254  233  215  198  186  174  164  155  145
  136  125  116  106  100   93   90   86   87   90   92   95   92   92   86   81
   71   66   58   56   51   54   46   47   43                                   
    30.0-180.0 180.0   5.0 450.0                            LAT/LON1/LON2/DLON/H
   29   32   26   29   33   36   44   48   58   61   70   75   85   94  109  125
  144  156  170  182  194  202  212  218  226  227  229  225  226  228  238  252
  273  296  318  334  343  337  319  296  272  247  229  211  202  190  184  174
  166  156  148  139  133  126  120  117  114  116  115  118  114  109  101   90
   81   73   63   57   51   50   44   37   29                                   
    27.5-180.0 180.0   5.0 450.0                            LAT/LON1/LON2/DLON/H
   21   27   18   18   20   24   31   38   44   52   61   68   81   97  114  137
  155  172  186  201  210  220  225  234  238  242  240  248  254  269  284  308
  332  360  382  396  399  392  369  346  315  293  271  258  244  236  226  221
  213  207  199  192  186  176  168  161  156  153  150  147  141  135  124  111
   97   92   81   78   67   68   44   38   21                                   
    25.0-180.0 180.0   5.0 450.0                            LAT/LON1/LON2/DLON/H
   36   34   17   14   13   17   26   29   36   41   51   57   74   91  117  139
  165  182  203  215  228  234  241  246  253  256  263  273  290  309  338  365
  398  422  443  450  450  439  418  395  366  345  322  311  300  296  288  287
  281  284  276  277  265  259  241  232  218  211  196  191  178  167  154  141
  131  122  116  111   99   92   67   51   36                                   
    22.5-180.0 180.0   5.0 450.0                            LAT/LON1/LON2/DLON/H
   47   47   24   12   10    2   17   21   34   41   45   52   68   86  117  144
  171  193  215  231  241  251  255  261  265  272  282  302  323  351  387  423
  456  483  501  504  498  485  462  442  417  398  380  368  361  358  353  351
  351  354  356  356  350  341  328  319  302  287  268  254  228  212  196  181
  168  158  148  144  131  119   97   77   47                                   
    20.0-180.0 180.0   5.0 450.0                            LAT/LON1/LON2/DLON/H
   71   73   52   32   19   17   20   16   34   29   34   41   60   79  113  140
  175  196  223  237  254  259  270  272  280  288  304  324  356  388  439  473
  513  529  540  537  528  516  496  483  466  456  439  430  417  413  403  405
  406  417  414  413  404  393  375  360  338  320  297  285  260  243  216  205
  191  182  172  154  143  131  132   95   71                                   
    17.5-180.0 180.0   5.0 450.0                            LAT/LON1/LON2/DLON/H
   83   88   67   50   35   26   27   20   28   37   37   43   58   81  115  148
  181  206  231  248  265  273  281  285  293  302  324  349  388  427  474  511
  541  553  564  562  552  541  527  520  511  506  495  487  476  466  458  455
  460  457  458  451  444  426  409  384  363  334  315  296  277  259  238  219
  209  203  199  181  169  153  154  124   83                                   
    15.0-180.0 180.0   5.0 450.0                            LAT/LON1/LON2/DLON/H
  104  113   86   73   56   48   40   35   38   37   37   41   55   79  118  152
  189  213  243  257  278  283  294  295  306  318  343  376  422  461  511  534
  558  565  573  569  563  560  548  554  547  554  543  541  529  519  506  499
  489  481  473  468  459  446  425  400  373  346  323  303  282  271  251  244
  232  230  227  214  194  175  175  142  104                                   
    12.5-180.0 180.0   5.0 450.0                            LAT/LON1/LON2/DLON/H
  111  119   99   79   68   58   49   42   39   43   48   52   64   90  128  167
  211  235  266  279  300  304  314  316  330  343  370  408  450  491  525  548
  564  571  576  576  569  573  571  582  586  592  586  581  572  554  537  517
  502  485  477  464  457  438  420  393  373  342  322  297  284  271  264  258
  251  245  246  243  223  203  185  155  111                                   
    10.0-180.0 180.0   5.0 450.0                            LAT/LON1/LON2/DLON/H
  127  128  104   84   75   68   63   55   53   47   49   58   71   99  139  176
  226  252  287  297  326  326  343  344  360  374  399  440  478  509  536  545
  560  561  567  563  563  575  577  606  610  626  614  613  595  579  550  528
  496  477  455  446  432  419  401  384  367  342  316  297  283  277  262  247
  242  235  238  230  219  191  176  157  127                                   
     7.5-180.0 180.0   5.0 450.0                            LAT/LON1/LON2/DLON/H
  129  133  111   89   80   68   66   59   54   56   59   69   88  117  158  196
  243  274  307  324  346  358  373  385  397  413  433  469  499  523  539  546
