data/unet/pred0450.15i
     1.0            IONOSPHERE MAPS     GNSS                IONEX VERSION / TYPE
pyspatialgeodesy        IME             05-JAN-18 20:20     PGM / RUN BY / DATE 
Map Name                                                    COMMENT             
Predicted global ionosphere maps (GIM).                     DESCRIPTION         
  2015     2    14     0     0     0                        EPOCH OF FIRST MAP  
  2015     2    15     0     0     0                        EPOCH OF LAST MAP   
  7200                                                      INTERVAL            
    13                                                      # OF MAPS IN FILE   
  NONE                                                      MAPPING FUNCTION    
10.0                                                        ELEVATION CUTOFF    
One-way carrier phase leveled to code                       OBSERVABLES USED    
  6371.0                                                    BASE RADIUS         
 2                                                          MAP DIMENSION       
   450.0 450.0   0.0                                        HGT1 / HGT2 / DHGT  
    87.5 -87.5  -2.5                                        LAT1 / LAT2 / DLAT  
  -180.0 180.0   5.0                                        LON1 / LON2 / DLON  
    -1                                                      EXPONENT            
                                                            END OF HEADER       
[from data line 2574]
     7                                                      START OF TEC MAP    
  2015     2    14    12     0     0                        EPOCH OF CURRENT MAP
    87.5-180.0 180.0   5.0 450.0                            LAT/LON1/LON2/DLON/H
   76   97   98  101  103  107  108  113  112  119  117  122  119  124  121  125
  121  124  121  122  120  120  118  118  117  118  116  116  114  115  112  112
  109  108  106  104  101   99   96   93   89   86   83   79   76   73   71   68
   65   64   63   63   61   63   62   65   63   66   66   68   68   69   70   71
   72   74   76   77   81   84  100   82   76                                   
    85.0-180.0 180.0   5.0 450.0                            LAT/LON1/LON2/DLON/H
   85   92   95   98  102  107  111  118  118  126  125  130  128  132  129  130
  127  127  124  121  118  116  114  111  110  109  109  108  109  107  108  105
  106  102  102   97   97   92   93   87   88   82   82   77   75   73   70   67
   64   63   60   59   57   57   57   56   58   57   59   57   59   59   60   61
   61   64   66   69   74   77   87   82   85                                   
    82.5-180.0 180.0   5.0 450.0                            LAT/LON1/LON2/DLON/H
   79   82   80   85   92   98  106  112  119  123  129  129  134  132  134  130
  129  126  123  118  115  111  109  105  105  103  104  104  105  105  106  106
  106  105  104  101   99   96   93   88   83   79   74   69   65   62   59   55
   50   47   45   42   40   38   38   38   37   38   37   37   36   39   38   41
   42   45   47   50   54   58   62   65   79                                   
    80.0-180.0 180.0   5.0 450.0                            LAT/LON1/LON2/DLON/H
   67   71   63   71   78   86   92  102  106  113  117  122  123  126  123  124
  119  118  112  110  105  103  101   98   99   98  101  102  106  108  111  114
  116  118  118  119  118  117  115  111  109  103  100   93   89   83   80   73
   69   62   60   54   51   46   45   41   41   39   39   37   38   36   37   36
   37   36   38   37   39   41   48   51   67                                   
    77.5-180.0 180.0   5.0 450.0                            LAT/LON1/LON2/DLON/H
   58   57   52   58   64   73   78   89   91  103  104  112  111  115  112  112
  105  105   97   96   89   90   86   88   86   91   93   99  102  110  115  123
  127  132  134  137  137  137  136  133  131  127  124  119  115  111  105   99
   90   86   79   75   69   66   62   60   57   56   54   53   51   49   48   47
   45   44   42   39   38   37   39   46   58                                   
    75.0-180.0 180.0   5.0 450.0                            LAT/LON1/LON2/DLON/H
   54   45   40   43   51   57   63   72   76   85   88   95   94  100   95   97
   90   91   84   82   76   77   74   75   77   81   88   94  103  111  122  131
  140  147  153  158  161  163  164  161  160  156  155  149  148  142  139  132
  127  120  116  108  102   96   91   85   80   77   73   69   64   62   59   55
   53   49   46   41   40   38   40   44   54                                   
    72.5-180.0 180.0   5.0 450.0                            LAT/LON1/LON2/DLON/H
   54   44   37   40   44   50   54   63   67   75   78   84   86   89   88   86
   84   79   74   71   65   66   64   68   71   79   86   96  106  119  132  146
  159  167  175  179  184  185  187  185  184  181  180  176  174  173  172  167
  162  156  151  143  135  127  118  111  104   98   92   90   83   81   75   73
   67   63   59   54   50   42   43   48   54                                   
    70.0-180.0 180.0   5.0 450.0                            LAT/LON1/LON2/DLON/H
   54   39   40   35   45   41   54   53   65   65   74   72   80   78   82   79
   78   76   71   71   65   67   65   71   76   84   93  103  116  130  144  162
  175  187  196  204  208  208  209  206  205  204  204  201  202  203  202  198
  193  187  179  170  160  149  139  127  117  107  101   96   91   90   86   84
   79   75   70   63   59   53   51   50   54                                   
    67.5-180.0 180.0   5.0 450.0                            LAT/LON1/LON2/DLON/H
   59   43   39   39   43   42   47   51   55   58   62   64   68   70   75   75
   77   77   76   74   69   70   70   75   82   90  101  113  126  142  158  175
  191  203  215  222  228  226  227  223  225  223  225  222  226  226  229  224
  218  209  200  188  178  162  149  134  120  108   99   93   88   87   84   85
   81   80   75   70   66   58   59   58   59                                   
    65.0-180.0 180.0   5.0 450.0                            LAT/LON1/LON2/DLON/H
   59   43   47   37   46   41   51   49   57   55   60   59   64   65   71   72
   75   78   79   79   74   78   78   85   90  100  111  123  135  152  167  186
  201  217  230  240  244  243  243  242  244  245  246  247  247  246  244  237
  229  217  206  192  179  161  142  122  106   92   83   76   72   71   70   72
   73   73   72   70   67   65   62   58   59                                   
    62.5-180.0 180.0   5.0 450.0                            LAT/LON1/LON2/DLON/H
   61   46   45   43   46   46   48   50   52   52   53   54   57   61   65   70
   73   78   79   81   78   77   82   89   98  107  119  131  142  160  174  191
  207  221  235  242  246  244  246  246  251  252  256  256  257  255  250  241
  231  215  204  188  176  154  132  111   92   76   65   56   51   49   50   55
   59   63   64   65   62   61   61   60   61                                   
    60.0-180.0 180.0   5.0 450.0                            LAT/LON1/LON2/DLON/H
   62   46   50   41   45   45   49   49   51   49   49   50   51   54   57   63
   65   70   72   75   75   76   80   92  100  112  122  135  146  162  176  192
  211  226  239  248  252  252  253  254  256  262  262  269  263  261  251  242
  230  215  201  185  167  146  122  101   82   67   55   46   42   39   40   44
   50   51   55   57   57   60   60   56   62                                   
    57.5-180.0 180.0   5.0 450.0                            LAT/LON1/LON2/DLON/H
   62   51   48   44   44   43   45   45   46   45   44   45   45   48   51   56
   59   62   63   66   68   72   78   90  101  114  125  138  150  166  180  197
  214  232  243  253  257  257  260  260  264  267  272  275  268  264  253  240
  227  212  199  183  168  145  125  106   87   72   58   51   44   40   39   40
   44   47   49   52   53   57   56   56   62                                   
    55.0-180.0 180.0   5.0 450.0                            LAT/LON1/LON2/DLON/H
   69   52   49   43   43   43   44   44   45   44   42   43   41   42   43   46
   48   49   50   52   55   64   72   89  100  117  127  144  153  172  185  203
  223  242  255  264  269  272  272  277  277  285  284  289  279  275  261  250
  236  224  211  196  180  159  137  120  104   90   78   70   62   56   52   47
   49   48   52   53   56   61   61   59   69                                   
    52.5-180.0 180.0   5.0 450.0                            LAT/LON1/LON2/DLON/H
   77   63   54   52   47   44   44   45   45   44   44   42   41   39   39   40
   41   43   43   48   53   63   73   89  102  122  133  151  161  178  194  212
  231  250  261  271  278  281  285  287  295  299  303  303  294  286  271  260
  248  236  226  210  199  179  163  144  132  121  110  102   92   86   77   69
   66   62   63   63   65   69   69   69   77                                   
    50.0-180.0 180.0   5.0 450.0                            LAT/LON1/LON2/DLON/H
   93   76   65   59   57   54   53   52   52   50   50   49   46   42   39   37
   39   38   40   43   50   61   74   95  108  129  141  159  169  186  200  218
  238  255  270  279  287  291  295  301  305  314  316  319  308  303  286  279
  263  257  244  234  220  204  184  167  154  146  137  131  122  115  106   98
   89   81   79   80   80   86   86   85   93                                   
    47.5-180.0 180.0   5.0 450.0                            LAT/LON1/LON2/DLON/H
  109   94   83   76   70   65   63   62   61   59   59   57   55   49   45   41
   43   43   46   52   59   70   85  105  121  141  153  170  180  195  206  225
  240  258  268  280  290  296  305  310  319  324  328  328  320  313  300  289
  277  267  257  246  233  216  198  177  168  159  155  150  143  138  129  122
  114  105  100   96   99   97  102  105  109                                   
    45.0-180.0 180.0   5.0 450.0                            LAT/LON1/LON2/DLON/H
  119  111   99   92   88   82   82   77   77   74   75   74   72   64   60   54
   54   53   58   63   71   82   98  118  133  154  165  182  189  201  209  226
  241  256  269  283  294  304  310  320  324  332  333  335  327  322  308  301
  288  281  268  257  241  221  196  173  160  153  149  147  143  141  135  132
  125  120  113  111  108  113  113  121  119                                   
    42.5-180.0 180.0   5.0 450.0                            LAT/LON1/LON2/DLON/H
  124  121  113  108  102   97   95   93   92   89   92   89   87   77   72   66
   67   67   71   78   85   98  112  132  146  165  176  190  194  203  208  224
  235  251  265  283  300  312  324  332  337  342  342  342  334  328  316  306
  295  282  270  254  238  212  185  159  145  135  133  130  129  128  126  123
  121  116  115  110  110  110  118  127  124                                   
    40.0-180.0 180.0   5.0 450.0                            LAT/LON1/LON2/DLON/H
  120  123  116  112  113  107  109  104  106  104  109  109  106   96   91   84
   85   85   89   94  102  114  127  145  158  176  183  195  198  205  210  224
  238  256  273  296  316  333  340  352  352  359  351  353  343  339  326  319
  303  294  277  263  242  213  182  151  132  118  112  107  107  107  108  107
  109  108  107  103  102  104  106  122  120                                   
    37.5-180.0 180.0   5.0 450.0                            LAT/LON1/LON2/DLON/H
  107  113  111  112  111  112  111  111  111  113  117  119  117  108  102   96
   97   98  100  106  111  124  135  154  165  182  187  198  198  206  208  225
  239  263  283  311  333  349  362  372  375  376  371  369  360  355  342  333
  320  307  291  274  254  229  196  164  141  124  113  105  101   98   99   96
   98   98   98   94   91   93   94  108  107                                   
    35.0-180.0 180.0   5.0 450.0                            LAT/LON1/LON2/DLON/H
   95  100  100  101  108  105  111  108  114  114  124  124  126  117  114  105
  107  106  109  113  119  129  142  159  171  187  190  200  203  209  215  229
  250  278  306  338  361  381  392  404  401  406  394  396  384  382  369  364
  352  343  325  311  288  266  233  203  176  157  142  129  120  112  106  100
   98   97   94   87   83   85   86   95   95                                   
    32.5-180.0 180.0   5.0 450.0                            LAT/LON1/LON2/DLON/H
   83   87   87   92   97   99  101  103  106  112  119  123  125  120  116  112
  110  109  109  113  119  133  144  165  173  190  195  205  209  217  225  245
  265  301  331  370  395  414  429  437  440  440  434  435  425  422  412  410
  402  398  385  376  360  344  317  292  262  238  215  197  178  162  149  135
  123  111  103   92   83   81   79   80   83                                   
    30.0-180.0 180.0   5.0 450.0                            LAT/LON1/LON2/DLON/H
   74   67   71   75   84   87   96   93  101  102  118  119  126  116  116  106
  108  104  107  110  120  136  152  171  182  198  205  216  223  232  248  267
  299  335  373  409  438  461  474  484  481  484  476  476  469  466  462  463
  463  461  455  453  445  436  415  397  372  355  327  307  275  253  224  201
  178  153  130  107   98   87   85   71   74                                   
    27.5-180.0 180.0   5.0 450.0                            LAT/LON1/LON2/DLON/H
   73   76   68   68   73   77   82   84   89   96  107  114  119  113  111  105
  104  102  103  110  122  143  160  182  192  209  219  233  243  257  280  306
  343  382  420  455  482  505  521  526  532  536  535  537  533  533  531  539
  540  545  543  547  547  545  532  516  498  479  456  428  401  371  333  291
  255  218  187  153  134  116   98   71   73                                   
    25.0-180.0 180.0   5.0 450.0                            LAT/LON1/LON2/DLON/H
   97  101   83   78   72   72   74   72   76   81   95  102  113  107  106   97
   98   94   99  110  126  155  175  197  208  224  236  252  265  292  317  346
  385  428  470  498  529  548  560  569  574  584  590  593  598  603  618  624
  636  634  640  647  661  664  666  654  633  603  579  555  526  492  442  386
  347  298  259  223  197  161  134  108   97                                   
    22.5-180.0 180.0   5.0 450.0                            LAT/LON1/LON2/DLON/H
  141  133  120  107   99   86   84   74   75   78   86   94  101   99  100   95
   95   94  102  117  141  169  193  213  224  238  254  276  299  318  344  386
  438  485  517  542  562  580  591  599  609  619  631  639  652  671  692  711
  716  722  730  741  758  764  766  752  734  705  684  661  639  602  555  485
  436  381  344  294  264  216  194  157  141                                   
    20.0-180.0 180.0   5.0 450.0                            LAT/LON1/LON2/DLON/H
  190  175  157  140  124  118  106   93   84   82   84   86   92   91   95   91
   93   93  104  127  152  187  209  223  232  252  273  312  324  362  394  448
  498  532  557  574  596  606  616  629  642  659  669  682  700  721  741  751
  762  762  768  776  793  796  799  784  767  739  714  698  678  651  616  553
  499  438  406  358  332  281  252  223  190                                   
    17.5-180.0 180.0   5.0 450.0                            LAT/LON1/LON2/DLON/H
  232  218  198  178  164  141  131  120  103   91   88   89   91   88   89   90
   92   95  111  133  164  197  218  226  242  263  291  326  350  393  444  493
  542  569  587  607  618  624  630  649  669  688  696  711  726  750  762  776
  782  781  781  784  793  789  787  765  745  712  694  677  660  639  611  568
  532  477  443  405  381  332  294  269  232                                   
    15.0-180.0 180.0   5.0 450.0                            LAT/LON1/LON2/DLON/H
  271  249  234  208  187  171  154  142  128  113  101   96   87   88   85   91
   93   98  114  138  167  201  216  233  257  288  315  363  383  436  481  522
  562  587  598  611  632  623  651  663  692  704  717  725  741  758  771  782
  787  783  774  769  763  752  735  713  683  651  615  593  586  568  552  527
  507  462  438  403  389  350  319  301  271                                   
    12.5-180.0 180.0   5.0 450.0                            LAT/LON1/LON2/DLON/H
  293  268  255  233  213  187  173  155  144  131  113  103   93   88   80   91
   97  106  119  142  168  199  222  244  261  298  330  373  412  462  505  536
  571  587  600  615  628  636  656  682  705  722  733  745  751  763  771  780
  781  776  761  745  727  709  681  649  610  550  520  487  486  474  479  461
  454  431  415  398  383  351  326  310  293                                   
    10.0-180.0 180.0   5.0 450.0                            LAT/LON1/LON2/DLON/H
  289  275  267  241  226  205  181  170  155  143  129  119  102  100   87   95
   99  112  125  147  178  218  233  255  273  318  350  395  430  479  501  535
  551  577  589  601  626  633  668  681  712  721  740  742  755  759  765  775
  773  765  742  712  684  660  626  587  521  454  400  370  372  369  376  380
  386  386  379  374  361  334  321  302  289                                   
     7.5-180.0 180.0   5.0 450.0                            LAT/LON1/LON2/DLON/H
  279  270  266  247  236  209  191  173  163  149  140  124  112  104   93   97
   98  115  130  159  179  213  226  258  286  328  362  408  452  485  512  543
