data/unet/pred2130.15i
     1.0            IONOSPHERE MAPS     GNSS                IONEX VERSION / TYPE
pyspatialgeodesy        IME             05-JAN-18 20:20     PGM / RUN BY / DATE 
Map Name                                                    COMMENT             
Predicted global ionosphere maps (GIM).                     DESCRIPTION         
  2015     8     1     0     0     0                        EPOCH OF FIRST MAP  
  2015     8     2     0     0     0                        EPOCH OF LAST MAP   
  7200                                                      INTERVAL            
    13                                                      # OF MAPS IN FILE   
  NONE                                                      MAPPING FUNCTION    
10.0                                                        ELEVATION CUTOFF    
One-way carrier phase leveled to code                       OBSERVABLES USED    
  6371.0                                                    BASE RADIUS         
 2                                                          MAP DIMENSION       
   450.0 450.0   0.0                                        HGT1 / HGT2 / DHGT  
    87.5 -87.5  -2.5                                        LAT1 / LAT2 / DLAT  
  -180.0 180.0   5.0                                        LON1 / LON2 / DLON  
    -1                                                      EXPONENT            
                                                            END OF HEADER       
[from data line 1287]
     4                                                      START OF TEC MAP    
  2015     8     1     6     0     0                        EPOCH OF CURRENT MAP
    87.5-180.0 180.0   5.0 450.0                            LAT/LON1/LON2/DLON/H
   99  129  128  125  127  123  126  124  128  126  128  126  129  126  128  125
  127  124  126  123  126  122  125  122  124  122  124  121  124  121  123  122
  123  122  124  123  124  125  124  126  125  126  125  127  126  127  126  128
  127  129  127  129  128  129  128  128  128  128  128  126  128  126  128  124
  127  124  128  125  130  122  134  101   99                                   
    85.0-180.0 180.0   5.0 450.0                            LAT/LON1/LON2/DLON/H
  120  128  119  120  121  117  119  118  120  119  120  119  121  119  120  118
  119  116  117  114  115  112  113  110  110  109  109  109  108  108  107  109
  107  110  108  111  109  111  110  113  111  114  113  116  115  118  116  120
  119  121  120  123  121  124  122  124  122  123  122  123  122  123  122  122
  122  121  122  123  124  116  125  126  120                                   
    82.5-180.0 180.0   5.0 450.0                            LAT/LON1/LON2/DLON/H
  118  126  121  126  120  123  120  125  122  125  122  125  122  125  121  123
  119  121  116  118  114  115  111  112  108  110  107  110  106  109  106  109
  107  109  107  110  109  111  110  112  112  114  114  117  118  120  120  124
  125  127  127  130  130  131  131  132  132  132  131  132  131  132  129  131
  129  130  129  130  126  124  125  123  118                                   
    80.0-180.0 180.0   5.0 450.0                            LAT/LON1/LON2/DLON/H
  125  123  123  119  119  114  118  115  118  116  118  116  118  116  117  115
  116  112  113  109  109  105  106  102  103   99  101   99  102  100  103  102
  105  103  106  105  107  105  108  106  109  108  112  111  117  117  123  123
  130  129  136  134  140  137  141  137  141  137  139  137  138  135  136  133
  134  131  133  129  129  119  121  118  125                                   
    77.5-180.0 180.0   5.0 450.0                            LAT/LON1/LON2/DLON/H
  125  123  118  119  117  115  116  116  116  116  115  116  115  115  115  115
  113  112  110  108  105  103  100   98   96   95   94   96   95   98   98  101
  102  104  104  106  106  106  106  107  108  109  111  114  118  122  126  132
  136  141  143  147  148  149  149  150  149  148  147  146  145  143  142  139
  139  137  138  134  131  122  122  117  125                                   
    75.0-180.0 180.0   5.0 450.0                            LAT/LON1/LON2/DLON/H
  132  125  120  118  114  113  113  113  110  111  110  111  110  112  111  112
  110  110  107  106  101  100   95   94   90   89   88   90   90   93   96   98
  101  102  105  104  105  104  105  104  106  106  111  114  121  125  131  136
  142  144  149  149  152  150  152  149  149  147  147  146  145  144  142  142
  140  140  140  139  135  128  126  119  132                                   
    72.5-180.0 180.0   5.0 450.0                            LAT/LON1/LON2/DLON/H
  134  122  116  114  111  107  106  105  104  104  104  105  106  108  108  110
  108  108  105  104   99   96   91   87   84   82   81   82   83   87   90   95
   98  101  103  104  103  104  102  104  103  107  111  117  123  131  137  144
  148  153  154  155  154  154  151  150  147  146  145  144  143  144  143  144
  143  143  143  142  139  132  127  121  134                                   
    70.0-180.0 180.0   5.0 450.0                            LAT/LON1/LON2/DLON/H
  138  128  120  117  111  109  105  104  101  100   99  100  101  103  104  105
  106  105  103  100   96   92   86   81   78   75   75   76   79   83   88   93
   98  101  105  104  105  103  103  103  106  107  115  120  130  137  145  148
  154  154  155  152  152  146  145  140  140  136  138  136  139  138  142  142
  145  144  147  145  144  136  129  127  138                                   
    67.5-180.0 180.0   5.0 450.0                            LAT/LON1/LON2/DLON/H
  140  125  119  117  113  109  105  103   99   98   96   97   98  100  102  104
  104  105  102   99   94   90   84   79   76   72   72   72   75   79   84   90
   95  100  101  103  102  103  101  103  105  111  118  129  138  148  154  158
  160  158  155  151  146  142  136  133  131  130  130  132  134  138  140  145
  147  151  152  154  152  143  135  130  140                                   
    65.0-180.0 180.0   5.0 450.0                            LAT/LON1/LON2/DLON/H
  145  131  127  123  117  114  108  104   98   96   91   92   92   94   96   98
   99   98   96   93   88   82   77   71   67   65   64   65   69   74   80   87
   93   97  101  101  102  101  102  103  108  115  127  137  148  156  161  162
  162  157  152  144  139  132  128  123  123  121  124  125  130  132  137  140
  145  148  152  153  153  145  137  137  145                                   
    62.5-180.0 180.0   5.0 450.0                            LAT/LON1/LON2/DLON/H
  146  134  129  128  124  119  112  107  100   96   90   89   88   89   91   92
   93   91   90   85   81   75   71   65   63   60   61   61   66   70   76   82
   88   93   96   98   98  100  100  106  112  124  135  148  158  165  168  166
  164  157  149  142  135  129  125  121  120  120  122  125  128  132  135  139
  143  149  152  155  155  149  141  141  146                                   
    60.0-180.0 180.0   5.0 450.0                            LAT/LON1/LON2/DLON/H
  152  140  138  136  131  126  119  111  102   96   88   85   83   84   85   85
   85   83   79   75   71   65   62   57   56   54   56   58   62   67   73   79
   84   89   93   95   98  100  102  109  119  130  144  155  166  172  173  169
  165  156  148  140  135  129  126  123  124  124  126  128  131  132  134  137
  141  144  148  149  151  147  141  145  152                                   
    57.5-180.0 180.0   5.0 450.0                            LAT/LON1/LON2/DLON/H
  154  147  144  146  142  136  127  118  108  100   91   86   81   80   80   79
   79   75   74   67   66   58   58   52   55   53   57   58   64   67   74   77
   84   88   92   95   98  104  107  116  126  139  152  163  173  177  178  173
  169  162  155  150  146  143  141  139  139  139  141  142  142  142  140  141
  142  144  148  151  153  150  145  147  154                                   
    55.0-180.0 180.0   5.0 450.0                            LAT/LON1/LON2/DLON/H
  162  156  155  156  151  145  136  126  113  103   91   85   79   76   75   73
   72   68   66   59   57   51   52   48   52   53   58   59   64   67   72   75
   80   85   89   93   99  105  113  120  134  145  159  169  179  181  183  178
  176  171  167  164  164  160  160  156  156  154  154  153  151  148  145  143
  142  142  145  147  150  150  147  153  162                                   
    52.5-180.0 180.0   5.0 450.0                            LAT/LON1/LON2/DLON/H
  168  167  164  168  163  158  147  137  123  110   98   88   80   75   72   70
   69   66   64   58   57   51   54   51   57   56   64   65   70   72   76   77
   82   86   92   96  105  114  122  132  143  155  166  179  187  189  191  189
  189  188  188  187  190  188  187  183  179  177  172  171  165  163  156  152
  148  147  149  152  155  156  153  159  168                                   
    50.0-180.0 180.0   5.0 450.0                            LAT/LON1/LON2/DLON/H
  178  178  174  176  173  166  157  145  131  116  101   91   80   76   70   68
   67   64   62   57   58   54   58   56   63   62   71   71   78   77   82   80
   85   87   94   99  110  119  130  139  151  160  175  185  194  195  200  200
  203  205  207  208  212  210  208  202  197  192  188  183  177  170  163  157
  153  151  153  155  159  160  160  169  178                                   
    47.5-180.0 180.0   5.0 450.0                            LAT/LON1/LON2/DLON/H
  189  187  184  185  182  175  167  155  142  127  112   99   88   80   74   71
   71   69   68   65   67   64   69   67   74   73   81   82   86   87   88   88
   89   93  100  107  120  131  142  153  163  174  188  199  208  211  218  219
  226  228  231  231  233  230  226  220  210  207  197  196  187  184  172  169
  164  166  166  171  176  174  174  178  189                                   
    45.0-180.0 180.0   5.0 450.0                            LAT/LON1/LON2/DLON/H
  198  197  193  191  186  177  170  160  148  134  118  106   92   85   76   73
   72   71   72   70   74   74   80   79   85   85   90   91   95   94   96   93
   96   97  106  112  127  137  152  159  171  180  197  207  218  221  231  233
  241  243  246  245  245  241  236  227  220  212  207  202  197  192  185  179
  177  179  183  186  191  187  187  193  198                                   
    42.5-180.0 180.0   5.0 450.0                            LAT/LON1/LON2/DLON/H
  207  200  197  194  188  180  176  165  156  142  131  116  105   93   86   80
   80   79   82   81   86   87   93   92   96   95   99   99  102  102  101  100
  100  104  111  122  136  149  162  173  183  197  213  225  235  241  251  255
  263  264  265  262  259  255  246  240  229  226  216  214  207  204  195  193
  191  197  201  206  209  206  203  206  207                                   
    40.0-180.0 180.0   5.0 450.0                            LAT/LON1/LON2/DLON/H
  215  209  202  196  187  180  174  166  159  148  138  126  114  103   92   87
   85   84   87   88   95   98  104  104  106  105  105  107  108  108  107  106
  105  109  119  127  142  153  169  177  193  205  225  234  247  254  267  272
  281  281  283  278  276  270  262  254  246  239  234  229  225  218  212  208
  210  214  221  225  226  222  219  222  215                                   
    37.5-180.0 180.0   5.0 450.0                            LAT/LON1/LON2/DLON/H
  225  211  207  198  190  182  176  167  163  155  149  137  129  115  106   98
   97   94   97  100  108  112  118  117  116  114  113  113  113  113  113  111
  111  115  123  133  146  160  173  186  201  219  237  252  262  274  285  295
  302  304  304  301  297  295  287  282  274  268  259  252  246  239  232  230
  230  237  241  247  245  241  236  233  225                                   
    35.0-180.0 180.0   5.0 450.0                            LAT/LON1/LON2/DLON/H
  239  225  214  202  191  181  175  167  164  158  155  148  139  128  117  108
  103  100  102  107  116  123  129  128  126  122  120  119  116  116  115  116
  117  120  129  137  151  160  177  188  208  225  247  260  273  283  297  305
  316  318  323  322  323  325  323  320  314  304  294  282  273  260  252  246
  249  255  262  266  263  260  254  253  239                                   
    32.5-180.0 180.0   5.0 450.0                            LAT/LON1/LON2/DLON/H
  257  238  230  214  201  190  180  171  166  161  160  153  150  138  130  117
  114  108  111  114  126  134  140  140  136  132  128  125  123  121  121  119
  122  123  131  138  150  164  177  194  210  231  252  269  279  294  303  317
  326  336  342  348  354  361  366  368  364  353  338  320  308  291  280  274
  274  282  288  290  287  284  274  273  257                                   
    30.0-180.0 180.0   5.0 450.0                            LAT/LON1/LON2/DLON/H
  282  262  248  232  217  200  190  177  171  166  165  162  158  149  138  127
  119  115  115  122  135  145  152  152  150  143  136  131  126  123  121  121
  124  124  133  137  152  163  182  194  215  231  256  268  285  293  311  319
  336  345  358  367  384  398  412  417  416  404  388  368  349  328  313  304
  303  306  311  310  307  305  296  297  282                                   
    27.5-180.0 180.0   5.0 450.0                            LAT/LON1/LON2/DLON/H
  309  289  279  261  245  227  207  192  180  173  171  168  166  157  149  134
  129  121  124  130  144  156  164  168  165  156  147  137  132  126  125  122
  123  122  129  136  149  163  180  197  211  229  249  268  280  297  311  325
  341  354  372  389  410  432  451  461  461  447  429  408  388  366  349  341
  336  337  339  335  331  328  321  318  309                                   
    25.0-180.0 180.0   5.0 450.0                            LAT/LON1/LON2/DLON/H
  336  317  303  289  273  250  227  205  190  179  175  172  169  162  152  140
  132  129  129  140  154  166  179  182  181  169  155  142  131  124  119  116
  115  115  122  130  144  160  180  194  214  224  247  261  282  293  315  327
  348  362  385  407  435  463  485  499  501  489  468  446  424  405  387  376
  368  365  363  356  348  346  337  341  336                                   
    22.5-180.0 180.0   5.0 450.0                            LAT/LON1/LON2/DLON/H
  357  347  338  324  307  285  255  227  204  189  181  176  174  167  160  148
  142  136  138  148  160  175  188  194  191  176  159  142  131  119  114  107
  104  105  110  120  136  156  175  193  206  222  237  260  277  295  313  331
  354  371  397  422  452  479  501  513  514  503  484  465  448  432  416  407
  396  391  384  377  368  364  357  357  357                                   
    20.0-180.0 180.0   5.0 450.0                            LAT/LON1/LON2/DLON/H
  373  364  353  345  329  303  274  242  215  197  186  180  177  172  163  156
  147  147  146  157  169  182  198  201  199  181  159  142  123  113  101   94
   90   89   94  107  124  150  169  191  204  218  235  257  277  293  313  333
  356  380  403  431  455  483  500  513  510  505  490  480  469  458  442  431
  419  412  404  396  384  378  366  373  373                                   
    17.5-180.0 180.0   5.0 450.0                            LAT/LON1/LON2/DLON/H
  381  379  372  361  346  320  291  259  227  205  192  183  179  176  170  164
  159  157  157  166  175  188  199  202  196  175  151  129  114   97   88   78
   74   70   77   89  111  136  163  183  201  213  232  254  276  294  315  336
  362  384  409  429  452  471  483  490  487  486  478  477  471  469  456  451
  437  431  424  415  404  397  384  384  381                                   
    15.0-180.0 180.0   5.0 450.0                            LAT/LON1/LON2/DLON/H
  384  380  370  362  344  319  291  260  228  209  194  186  182  182  176  175
  168  170  166  174  180  189  198  195  190  168  143  124  103   91   76   71
   63   61   65   81  100  133  154  183  197  214  229  256  279  298  320  345
  368  393  412  432  444  461  465  473  469  472  470  475  475  476  471  465
  455  448  442  435  422  412  395  397  384                                   
    12.5-180.0 180.0   5.0 450.0                            LAT/LON1/LON2/DLON/H
  383  377  369  352  335  310  288  259  232  213  199  190  187  187  184  184
  180  178  175  179  181  188  188  184  173  151  130  109   95   77   70   58
   58   52   59   70   97  125  155  179  200  216  235  262  286  305  329  351
  379  398  419  430  443  448  452  452  451  455  457  468  472  481  477  474
  467  461  455  447  438  429  414  406  383                                   
    10.0-180.0 180.0   5.0 450.0                            LAT/LON1/LON2/DLON/H
  378  369  355  342  321  301  276  252  227  214  201  196  194  193  193  195
  189  189  180  182  180  181  181  173  163  143  122  105   86   77   64   60
   54   51   54   68   88  125  150  182  199  219  238  264  288  306  331  353
  379  400  418  433  441  449  448  451  449  457  457  470  476  485  484  482
  476  470  464  456  450  436  420  415  378                                   
     7.5-180.0 180.0   5.0 450.0                            LAT/LON1/LON2/DLON/H
  375  361  350  330  314  292  272  249  231  219  208  203  202  202  201  202
  197  193  182  179  171  169  163  156  143  126  110   93   83   70   67   57
