data/unet/pred1330.15i
     1.0            IONOSPHERE MAPS     GNSS                IONEX VERSION / TYPE
pyspatialgeodesy        IME             05-JAN-18 20:20     PGM / RUN BY / DATE 
Map Name                                                    COMMENT             
Predicted global ionosphere maps (GIM).                     DESCRIPTION         
  2015     5    13     0     0     0                        EPOCH OF FIRST MAP  
  2015     5    14     0     0     0                        EPOCH OF LAST MAP   
  7200                                                      INTERVAL            
    13                                                      # OF MAPS IN FILE   
  NONE                                                      MAPPING FUNCTION    
10.0                                                        ELEVATION CUTOFF    
One-way carrier phase leveled to code                       OBSERVABLES USED    
  6371.0                                                    BASE RADIUS         
 2                                                          MAP DIMENSION       
   450.0 450.0   0.0                                        HGT1 / HGT2 / DHGT  
    87.5 -87.5  -2.5                                        LAT1 / LAT2 / DLAT  
  -180.0 180.0   5.0                                        LON1 / LON2 / DLON  
    -1                                                      EXPONENT            
                                                            END OF HEADER       
[from data line 858]
     3                                                      START OF TEC MAP    
  2015     5    13     4     0     0                        EPOCH OF CURRENT MAP
    87.5-180.0 180.0   5.0 450.0                            LAT/LON1/LON2/DLON/H
  186  185  172  171  169  164  162  161  162  161  161  161  162  163  163  163
  163  163  163  161  161  159  159  156  157  154  155  152  154  151  153  150
  153  150  154  150  154  152  156  153  157  155  159  158  161  161  164  164
  168  169  171  173  175  178  179  180  182  183  183  184  184  185  184  184
  183  183  183  184  183  178  183  191  186                                   
    85.0-180.0 180.0   5.0 450.0                            LAT/LON1/LON2/DLON/H
  192  182  173  176  172  166  164  165  164  164  163  164  165  165  166  166
  167  165  166  163  164  160  161  157  158  155  155  153  153  150  151  148
  149  146  148  145  148  146  148  146  150  148  153  152  156  157  162  163
  168  171  174  177  179  182  183  185  187  189  189  190  190  192  190  190
  188  189  188  189  187  181  185  186  192                                   
    82.5-180.0 180.0   5.0 450.0                            LAT/LON1/LON2/DLON/H
  179  174  171  175  167  166  163  167  165  168  165  169  167  171  169  173
  169  172  167  170  164  167  160  163  156  159  151  156  147  151  143  147
  141  145  140  145  141  145  142  148  145  151  150  157  156  162  162  169
  170  176  177  180  183  184  186  186  189  189  190  190  191  189  190  187
  186  184  184  182  182  179  180  172  179                                   
    80.0-180.0 180.0   5.0 450.0                            LAT/LON1/LON2/DLON/H
  184  179  181  181  176  173  173  175  175  174  174  176  177  178  179  181
  181  181  180  179  178  175  172  170  166  164  159  157  153  151  146  147
  144  145  143  146  146  149  148  153  152  157  156  161  162  166  168  172
  175  177  181  183  187  187  190  191  194  193  196  196  198  196  197  194
  194  191  192  189  190  185  185  172  184                                   
    77.5-180.0 180.0   5.0 450.0                            LAT/LON1/LON2/DLON/H
  187  182  180  183  176  174  174  174  173  171  170  171  172  173  174  177
  178  178  178  179  177  175  172  170  166  161  157  152  148  142  140  137
  139  138  142  143  148  149  154  156  159  160  164  165  169  169  174  176
  180  182  186  189  193  195  197  198  200  200  202  202  204  202  203  201
  200  199  198  196  196  193  191  175  187                                   
    75.0-180.0 180.0   5.0 450.0                            LAT/LON1/LON2/DLON/H
  187  186  185  184  179  174  173  171  168  166  164  164  164  165  165  168
  169  171  171  173  172  171  168  165  160  154  148  143  136  132  128  128
  128  132  136  141  146  151  155  158  160  163  165  167  170  174  178  183
  187  192  195  199  202  206  206  210  208  211  209  211  209  210  209  209
  207  208  207  206  204  200  198  179  187                                   
    72.5-180.0 180.0   5.0 450.0                            LAT/LON1/LON2/DLON/H
  194  189  187  187  181  175  172  169  166  162  159  157  156  155  155  156
  158  159  162  162  164  163  162  157  152  145  139  130  125  120  118  118
  120  124  131  136  144  148  153  155  159  159  163  163  169  173  180  184
  192  196  202  206  210  213  214  215  215  215  214  213  212  212  212  212
  212  213  215  212  213  208  203  187  194                                   
    70.0-180.0 180.0   5.0 450.0                            LAT/LON1/LON2/DLON/H
  193  194  192  188  184  176  174  170  168  163  158  154  151  148  147  146
  148  149  152  154  157  157  156  152  147  140  132  125  120  117  116  117
  120  124  131  138  145  150  154  156  156  157  159  163  168  173  183  188
  197  203  210  215  219  222  222  223  220  220  216  216  212  211  210  210
  212  214  216  215  215  210  208  191  193                                   
    67.5-180.0 180.0   5.0 450.0                            LAT/LON1/LON2/DLON/H
  197  195  191  188  181  175  173  171  168  165  159  155  149  143  140  137
  136  136  139  142  145  147  146  143  139  132  126  120  117  115  114  116
  118  122  129  135  141  146  148  150  150  151  154  157  165  172  182  189
  200  207  215  220  224  227  226  226  223  220  215  213  207  204  201  201
  202  204  209  207  213  210  205  194  197                                   
    65.0-180.0 180.0   5.0 450.0                            LAT/LON1/LON2/DLON/H
  193  196  191  185  180  172  171  169  169  166  162  156  150  141  135  129
  127  125  127  130  133  136  136  135  130  125  120  116  113  113  112  114
  115  120  124  130  135  140  142  143  143  144  147  150  159  165  180  187
  202  211  219  225  228  231  231  229  226  222  218  213  208  201  198  194
  197  197  202  201  207  204  204  194  193                                   
    62.5-180.0 180.0   5.0 450.0                            LAT/LON1/LON2/DLON/H
  196  193  186  181  172  166  165  166  166  166  162  158  151  143  135  128
  124  121  120  121  122  124  125  124  121  118  115  113  111  111  110  111
  111  114  117  122  126  131  134  136  138  139  144  146  158  164  179  189
  206  214  222  227  232  233  233  231  229  223  220  212  207  198  192  186
  187  186  192  191  201  201  200  193  196                                   
    60.0-180.0 180.0   5.0 450.0                            LAT/LON1/LON2/DLON/H
  192  193  186  178  170  160  160  161  164  163  162  158  153  145  137  129
  124  120  118  117  117  118  117  117  113  111  108  108  107  107  106  106
  105  107  107  112  115  120  124  128  130  134  138  143  154  164  178  191
  206  215  222  228  233  235  237  235  235  229  225  218  210  200  191  185
  184  184  188  190  197  196  200  192  192                                   
    57.5-180.0 180.0   5.0 450.0                            LAT/LON1/LON2/DLON/H
  202  197  189  183  170  161  158  159  160  162  159  159  153  149  140  133
  126  122  117  115  112  111  109  107  104  104  103  105  105  105  104  102
  100   99   99  101  107  112  119  125  132  135  143  147  160  170  184  198
  211  219  226  231  238  239  243  240  241  236  233  224  217  206  197  190
  187  186  190  190  199  201  200  194  202                                   
    55.0-180.0 180.0   5.0 450.0                            LAT/LON1/LON2/DLON/H
  208  210  205  194  181  168  164  160  161  158  158  156  154  149  144  136
  130  124  118  114  109  107  103  101   98   99  100  103  105  106  104  101
   97   95   93   98  103  111  119  127  134  140  147  155  166  177  190  203
  216  222  228  233  239  243  247  247  248  242  241  231  225  214  206  199
  197  196  198  200  206  205  209  202  208                                   
    52.5-180.0 180.0   5.0 450.0                            LAT/LON1/LON2/DLON/H
  231  224  226  217  201  188  177  172  167  164  159  158  152  151  144  140
  132  127  121  116  110  106  102   99   98   99  103  107  110  110  108  104
   99   95   95   97  105  112  123  132  142  148  160  167  182  189  203  213
  226  230  236  241  249  253  258  256  257  251  249  240  235  225  218  213
  211  211  212  211  218  221  221  216  231                                   
    50.0-180.0 180.0   5.0 450.0                            LAT/LON1/LON2/DLON/H
  253  248  253  241  230  215  204  191  184  173  166  159  155  151  148  142
  136  130  124  120  114  111  107  105  104  106  110  114  118  118  116  111
  107  104  102  106  113  122  133  141  153  162  175  184  196  203  217  225
  237  240  246  251  260  265  270  268  269  261  260  250  248  238  234  228
  230  229  231  231  234  234  241  238  253                                   
    47.5-180.0 180.0   5.0 450.0                            LAT/LON1/LON2/DLON/H
  284  274  284  276  262  248  234  221  208  194  180  172  161  159  151  147
  139  135  129  127  122  121  118  117  117  118  122  125  129  129  128  123
  120  117  117  118  126  133  142  153  166  178  193  201  217  222  238  241
  253  253  262  265  276  281  285  282  280  271  268  259  256  249  247  246
  247  249  251  250  256  259  261  263  284                                   
    45.0-180.0 180.0   5.0 450.0                            LAT/LON1/LON2/DLON/H
  309  304  310  301  291  279  267  249  236  219  202  186  176  166  159  150
  146  140  137  135  134  133  133  131  132  132  135  138  141  142  140  137
  134  132  131  135  139  145  154  162  178  191  209  218  236  242  256  262
  271  272  280  283  297  299  300  295  293  283  279  268  266  259  260  260
  266  268  273  273  276  278  286  287  309                                   
    42.5-180.0 180.0   5.0 450.0                            LAT/LON1/LON2/DLON/H
  333  325  332  325  314  303  291  274  259  243  223  210  192  183  168  161
  152  150  146  148  148  151  150  151  150  149  151  153  157  158  158  155
  152  150  148  150  152  158  164  175  191  207  228  241  258  264  281  283
  299  293  308  308  324  323  322  317  311  302  292  282  276  271  271  274
  279  286  289  291  294  299  302  309  333                                   
    40.0-180.0 180.0   5.0 450.0                            LAT/LON1/LON2/DLON/H
  351  342  339  332  324  315  301  291  276  263  246  230  214  199  184  169
  164  158  160  160  166  167  171  169  170  167  168  167  170  171  172  171
  168  167  164  164  163  168  173  182  200  221  247  261  282  290  309  315
  329  327  339  342  355  357  357  349  341  327  315  302  296  287  287  287
  295  299  306  308  310  316  321  327  351                                   
    37.5-180.0 180.0   5.0 450.0                            LAT/LON1/LON2/DLON/H
  368  353  343  334  325  316  306  297  284  276  260  249  232  218  198  185
  173  172  170  176  179  186  188  190  188  188  184  185  185  188  187  187
  184  182  178  175  172  174  178  188  212  235  267  287  304  319  336  346
  359  358  371  374  389  394  398  392  382  366  351  334  322  313  308  309
  313  320  325  330  336  341  338  348  368                                   
    35.0-180.0 180.0   5.0 450.0                            LAT/LON1/LON2/DLON/H
  394  373  352  333  322  313  301  294  283  278  269  261  250  234  214  196
  187  180  183  184  193  196  203  203  205  203  203  204  205  208  207  206
  201  196  188  180  174  174  176  191  217  248  283  305  325  338  357  369
  383  386  399  408  426  434  440  437  432  417  404  385  371  353  344  339
  344  350  359  368  376  380  375  378  394                                   
    32.5-180.0 180.0   5.0 450.0                            LAT/LON1/LON2/DLON/H
  430  408  376  349  327  312  300  290  280  279  272  272  260  247  222  209
  197  195  193  199  202  210  215  221  223  227  227  230  230  231  228  223
  217  205  198  183  179  173  179  194  227  261  298  319  338  353  368  386
  400  411  426  442  463  475  486  486  486  473  462  445  429  409  392  385
  384  392  401  417  428  434  425  426  430                                   
    30.0-180.0 180.0   5.0 450.0                            LAT/LON1/LON2/DLON/H
  483  463  428  393  363  340  315  301  288  286  281  279  271  255  235  217
  209  202  205  205  214  218  229  236  245  249  253  255  255  254  250  241
  229  214  200  188  177  172  175  197  228  266  302  322  340  352  369  387
  402  422  439  463  485  506  518  530  532  534  522  516  495  475  452  443
  439  450  461  482  495  498  497  486  483                                   
    27.5-180.0 180.0   5.0 450.0                            LAT/LON1/LON2/DLON/H
  544  524  493  460  424  397  365  344  314  307  296  295  282  270  244  230
  217  215  213  218  222  231  242  256  266  277  281  282  281  277  269  252
  235  212  200  188  180  173  180  197  230  264  297  317  333  347  361  383
  397  424  445  473  501  527  550  567  581  591  589  586  572  551  527  513
  507  513  524  543  559  568  568  554  544                                   
    25.0-180.0 180.0   5.0 450.0                            LAT/LON1/LON2/DLON/H
  621  608  583  552  519  493  452  420  379  353  324  314  302  284  263  242
  232  224  224  224  232  242  259  275  290  299  305  306  304  298  285  262
  236  214  198  189  177  174  177  196  224  256  285  304  319  333  345  362
  384  408  442  476  513  544  575  601  620  636  638  647  633  623  595  586
  572  582  585  611  624  633  642  641  621                                   
    22.5-180.0 180.0   5.0 450.0                            LAT/LON1/LON2/DLON/H
  703  706  694  670  636  603  556  513  460  421  377  357  331  310  287  268
  250  243  239  240  245  260  277  301  314  327  329  327  320  306  287  256
  230  206  193  187  179  176  177  191  214  240  265  285  302  312  332  347
  377  407  446  491  531  566  597  630  654  673  681  690  686  674  654  643
  633  633  641  660  685  694  710  721  703                                   
    20.0-180.0 180.0   5.0 450.0                            LAT/LON1/LON2/DLON/H
  777  804  794  775  751  719  667  620  551  500  443  416  380  353  321  297
  280  265  259  258  263  279  297  319  335  343  347  340  326  302  278  245
  217  197  184  180  174  173  171  178  198  219  244  264  284  297  322  345
  382  417  468  508  557  591  623  657  684  708  714  728  723  721  700  696
  683  691  700  723  745  751  765  787  777                                   
    17.5-180.0 180.0   5.0 450.0                            LAT/LON1/LON2/DLON/H
  826  867  881  879  865  831  780  719  642  579  515  480  436  402  365  335
  313  300  288  286  288  303  321  344  354  360  354  340  315  286  258  227
  204  187  178  176  169  167  164  167  182  202  226  247  272  290  324  354
  395  443  495  542  582  621  652  682  709  725  741  747  751  747  737  735
  731  738  752  766  787  798  809  819  826                                   
    15.0-180.0 180.0   5.0 450.0                            LAT/LON1/LON2/DLON/H
  851  896  914  923  912  889  842  783  695  635  570  532  485  452  407  379
  349  334  319  315  316  332  346  363  368  362  347  317  292  257  235  209
  191  177  171  168  162  157  155  152  167  184  211  238  265  293  329  364
  416  458  517  559  604  636  664  695  717  736  745  759  761  768  761  768
  762  778  787  803  817  825  826  833  851                                   
    12.5-180.0 180.0   5.0 450.0                            LAT/LON1/LON2/DLON/H
  849  890  913  920  925  905  868  809  731  661  605  567  527  494  450  422
  389  372  353  350  345  360  364  373  363  347  317  286  254  230  215  195
  185  174  171  163  159  147  145  142  154  176  204  234  265  296  339  382
  432  486  538  583  617  646  680  698  720  729  747  753  762  764  769  773
  777  790  808  818  831  843  834  833  849                                   
    10.0-180.0 180.0   5.0 450.0                            LAT/LON1/LON2/DLON/H
  839  872  881  889  884  873  835  786  714  657  604  578  546  518  481  456
  424  412  390  389  378  385  378  373  350  313  280  241  222  204  193  183
  175  171  167  154  148  137  134  134  148  170  201  235  262  293  339  380
  436  485  544  587  622  651  680  706  724  742  754  766  769  775  777  787
  789  810  826  838  845  852  842  831  839                                   
     7.5-180.0 180.0   5.0 450.0                            LAT/LON1/LON2/DLON/H
  827  852  855  848  840  819  785  740  683  626  586  563  545  526  500  480
  453  441  420  416  400  396  376  359  320  281  242  216  200  188  184  179
