data/unet/pred1790.15i
     1.0            IONOSPHERE MAPS     GNSS                IONEX VERSION / TYPE
pyspatialgeodesy        IME             05-JAN-18 20:20     PGM / RUN BY / DATE 
Map Name                                                    COMMENT             
Predicted global ionosphere maps (GIM).                     DESCRIPTION         
  2015     6    28     0     0     0                        EPOCH OF FIRST MAP  
  2015     6    29     0     0     0                        EPOCH OF LAST MAP   
  7200                                                      INTERVAL            
    13                                                      # OF MAPS IN FILE   
  NONE                                                      MAPPING FUNCTION    
10.0                                                        ELEVATION CUTOFF    
One-way carrier phase leveled to code                       OBSERVABLES USED    
  6371.0                                                    BASE RADIUS         
 2                                                          MAP DIMENSION       
   450.0 450.0   0.0                                        HGT1 / HGT2 / DHGT  
    87.5 -87.5  -2.5                                        LAT1 / LAT2 / DLAT  
  -180.0 180.0   5.0                                        LON1 / LON2 / DLON  
    -1                                                      EXPONENT            
                                                            END OF HEADER       
[from data line 1716]
     5                                                      START OF TEC MAP    
  2015     6    28     8     0     0                        EPOCH OF CURRENT MAP
    87.5-180.0 180.0   5.0 450.0                            LAT/LON1/LON2/DLON/H
  117  127  135  135  136  134  135  136  138  138  140  140  142  142  143  142
  143  142  141  140  141  139  139  138  138  137  137  136  137  136  136  135
  136  135  135  135  136  135  135  135  136  135  136  135  135  135  135  134
  134  134  134  134  134  134  134  134  135  134  134  133  134  132  132  130
  131  129  130  129  132  127  135  120  117                                   
    85.0-180.0 180.0   5.0 450.0                            LAT/LON1/LON2/DLON/H
  122  130  132  140  139  138  141  142  144  144  146  147  149  149  149  149
  150  149  149  148  149  147  147  145  147  145  145  144  145  144  144  143
  144  143  143  143  145  145  145  145  146  146  146  146  146  146  145  144
  144  144  143  143  142  142  142  142  141  141  139  138  138  137  135  134
  134  133  133  131  134  128  133  119  122                                   
    82.5-180.0 180.0   5.0 450.0                            LAT/LON1/LON2/DLON/H
  126  126  130  132  134  133  137  137  141  140  143  142  145  143  146  143
  146  143  145  142  145  142  143  140  143  139  141  138  141  138  140  138
  141  139  141  139  142  141  144  143  145  145  147  146  148  146  147  146
  146  145  145  144  144  143  143  142  142  140  139  137  136  134  132  130
  129  127  127  126  126  123  126  120  126                                   
    80.0-180.0 180.0   5.0 450.0                            LAT/LON1/LON2/DLON/H
  127  121  127  125  127  128  130  132  135  135  136  137  138  137  138  137
  137  136  136  135  136  134  133  133  133  131  131  130  131  130  131  131
  133  133  134  135  138  138  140  141  143  144  145  147  147  148  147  148
  147  147  147  147  147  146  146  145  145  142  140  137  136  132  130  127
  125  123  122  121  121  117  118  121  127                                   
    77.5-180.0 180.0   5.0 450.0                            LAT/LON1/LON2/DLON/H
  125  126  128  127  130  129  133  132  136  134  135  133  135  131  132  129
  130  127  128  126  127  125  125  123  123  121  122  120  121  120  122  122
  125  126  130  132  136  138  142  143  147  148  152  152  156  156  158  156
  158  157  159  158  160  159  160  159  158  155  154  150  148  143  140  135
  133  129  128  125  125  121  124  118  125                                   
    75.0-180.0 180.0   5.0 450.0                            LAT/LON1/LON2/DLON/H
  129  126  128  126  129  127  130  129  131  129  128  126  125  122  121  119
  118  117  117  116  116  114  114  112  112  110  110  108  109  109  111  113
  116  119  123  129  134  139  144  147  150  154  156  159  161  163  163  164
  164  165  166  166  168  168  169  168  168  165  163  159  156  151  148  142
  140  135  135  131  131  124  128  124  129                                   
    72.5-180.0 180.0   5.0 450.0                            LAT/LON1/LON2/DLON/H
  134  131  130  129  129  127  129  126  127  123  122  117  116  111  109  106
  106  104  105  104  106  104  105  102  102   99   99   97   98   98  101  103
  108  113  120  125  134  139  146  150  155  158  162  164  168  169  171  170
  172  171  174  173  175  174  176  175  175  173  171  167  165  158  155  148
  146  141  141  137  136  132  134  129  134                                   
    70.0-180.0 180.0   5.0 450.0                            LAT/LON1/LON2/DLON/H
  141  134  134  131  130  125  126  122  122  118  115  111  108  103  101   98
   98   95   98   97   99   98   99   97   97   94   94   92   94   94   98  100
  107  111  120  126  135  142  149  155  160  163  168  170  174  175  176  176
  176  177  177  177  178  177  179  178  179  176  176  172  171  164  162  156
  154  150  151  147  146  138  140  139  141                                   
    67.5-180.0 180.0   5.0 450.0                            LAT/LON1/LON2/DLON/H
  147  139  136  131  127  121  120  115  114  109  106  101   98   93   91   88
   88   87   89   91   93   93   94   92   92   89   90   88   91   91   97   99
  107  112  121  129  138  146  152  158  163  167  171  175  178  179  180  178
  179  177  177  175  175  174  175  175  175  174  173  172  172  167  165  160
  158  155  156  152  152  147  147  143  147                                   
    65.0-180.0 180.0   5.0 450.0                            LAT/LON1/LON2/DLON/H
  155  142  139  131  126  118  114  109  107  102   99   95   93   88   87   83
   85   83   87   87   91   91   92   90   91   89   90   90   94   94  100  103
  112  116  125  132  142  148  154  160  165  170  173  178  181  184  183  183
  180  179  176  174  172  171  171  170  172  170  171  169  171  167  166  163
  163  161  162  160  161  155  154  153  155                                   
    62.5-180.0 180.0   5.0 450.0                            LAT/LON1/LON2/DLON/H
  160  147  141  131  122  113  108  101   98   94   92   88   87   84   82   80
   81   80   83   84   87   87   88   87   88   87   89   90   95   97  104  107
  116  121  130  137  146  152  156  161  165  170  175  179  184  185  186  183
  181  177  175  170  168  166  165  164  165  165  165  166  166  166  164  163
  162  163  165  165  167  162  161  158  160                                   
    60.0-180.0 180.0   5.0 450.0                            LAT/LON1/LON2/DLON/H
  168  153  147  134  125  112  105   96   92   87   85   83   83   80   80   77
   79   78   81   81   84   84   85   84   86   86   89   92   99  103  110  114
  123  127  136  141  151  153  159  162  166  170  176  182  186  189  188  187
  182  180  174  171  167  165  164  163  165  163  164  163  166  164  165  163
  165  165  169  170  174  170  167  168  168                                   
    57.5-180.0 180.0   5.0 450.0                            LAT/LON1/LON2/DLON/H
  175  161  152  138  125  112  103   93   88   83   81   79   79   76   76   73
   74   73   75   74   77   75   77   75   79   79   85   90   98  103  112  117
  126  131  140  145  152  156  160  164  167  173  178  185  190  192  193  190
  188  182  179  174  171  169  167  167  166  165  163  164  163  164  162  163
  162  166  168  173  176  175  173  172  175                                   
    55.0-180.0 180.0   5.0 450.0                            LAT/LON1/LON2/DLON/H
  183  170  162  148  134  117  106   94   88   80   77   75   75   72   72   69
   71   68   70   68   70   68   69   69   73   75   83   89  100  106  116  122
  131  136  144  148  157  159  165  166  171  175  182  189  193  199  196  197
  190  189  183  182  179  178  176  175  174  171  169  167  168  167  165  165
  165  168  172  176  182  180  179  181  183                                   
    52.5-180.0 180.0   5.0 450.0                            LAT/LON1/LON2/DLON/H
  191  182  172  156  140  126  112   99   90   82   78   73   73   69   69   65
   66   63   64   62   63   60   62   62   67   70   79   86   97  105  116  122
  132  138  146  152  160  165  169  174  176  184  190  197  201  205  205  203
  200  196  194  191  189  188  185  184  179  178  172  171  169  169  167  167
  166  169  172  179  184  186  185  185  191                                   
    50.0-180.0 180.0   5.0 450.0                            LAT/LON1/LON2/DLON/H
  198  187  181  167  154  137  124  107   97   85   79   73   70   66   65   61
   62   60   60   57   57   56   57   58   64   68   79   86   99  108  118  125
  134  142  152  158  169  172  182  183  190  193  203  207  212  216  215  215
  209  208  204  204  200  200  196  192  189  183  180  177  176  175  173  173
  173  175  180  183  192  190  191  195  198                                   
    47.5-180.0 180.0   5.0 450.0                            LAT/LON1/LON2/DLON/H
  202  196  188  178  162  148  132  117  104   91   83   74   70   64   63   59
   59   57   57   54   53   52   54   57   63   69   79   86   97  107  117  126
  135  145  154  165  173  183  188  197  199  209  213  222  223  227  226  225
  220  220  216  216  212  211  205  201  194  189  183  182  180  181  179  180
  179  181  183  189  194  196  195  196  202                                   
    45.0-180.0 180.0   5.0 450.0                            LAT/LON1/LON2/DLON/H
  206  195  191  184  173  158  146  128  114   99   89   78   73   66   64   59
   59   57   57   55   55   54   57   60   68   73   86   91  103  112  122  131
  142  151  164  172  186  192  204  207  217  222  230  234  238  241  239  238
  232  233  229  229  223  221  214  208  201  194  190  187  187  187  187  187
  188  189  193  195  201  199  200  204  206                                   
    42.5-180.0 180.0   5.0 450.0                            LAT/LON1/LON2/DLON/H
  207  198  192  186  176  164  150  135  122  106   97   84   79   70   68   62
   63   60   60   58   58   58   61   66   74   80   91   96  107  115  127  136
  147  159  169  184  192  206  211  223  227  239  241  250  249  253  250  250
  245  246  240  240  232  229  221  215  207  202  195  194  193  195  194  196
  195  197  199  202  205  203  204  204  207                                   
    40.0-180.0 180.0   5.0 450.0                            LAT/LON1/LON2/DLON/H
  210  193  189  184  178  165  157  141  130  115  105   93   87   79   75   69
   69   67   67   65   66   65   72   75   86   91  102  105  115  123  135  144
  157  167  183  192  207  214  227  233  244  250  258  261  263  265  264  264
  261  261  257  255  248  242  234  227  219  213  207  207  205  208  206  208
  208  210  211  211  213  207  207  212  210                                   
    37.5-180.0 180.0   5.0 450.0                            LAT/LON1/LON2/DLON/H
  211  195  185  179  170  160  151  140  131  119  113  101   97   87   85   77
   77   73   74   71   73   74   79   86   94  100  108  111  121  131  143  154
  167  178  191  204  213  225  232  244  250  263  265  273  271  276  274  277
  274  276  271  270  262  258  250  244  237  232  227  225  224  225  223  225
  223  224  223  221  222  215  211  213  211                                   
    35.0-180.0 180.0   5.0 450.0                            LAT/LON1/LON2/DLON/H
  217  194  184  175  167  157  151  141  135  126  121  112  108  100   96   90
   87   84   84   81   84   83   91   95  106  108  117  116  128  135  152  161
  178  186  202  210  223  229  241  246  260  267  276  280  284  288  289  291
  293  295  295  296  289  287  279  276  269  264  256  254  249  248  244  246
  241  243  237  236  233  222  215  223  217                                   
    32.5-180.0 180.0   5.0 450.0                            LAT/LON1/LON2/DLON/H
  227  206  189  176  162  152  146  137  134  128  127  121  117  110  106   98
   95   89   90   85   89   89   96  101  108  112  118  120  130  141  155  169
  181  194  204  217  223  233  238  248  256  270  277  288  290  297  298  305
  307  314  315  320  317  319  314  316  311  309  298  293  284  279  272  267
  263  259  253  248  245  235  226  227  227                                   
    30.0-180.0 180.0   5.0 450.0                            LAT/LON1/LON2/DLON/H
  238  212  196  182  168  156  149  140  138  134  135  130  129  122  118  109
  105   99   98   93   97   96  106  107  117  116  123  122  133  143  159  171
  187  196  210  216  227  231  240  245  258  268  282  290  299  306  312  318
  324  334  340  348  350  355  355  359  358  356  346  338  325  315  305  297
  289  282  274  266  261  245  233  241  238                                   
    27.5-180.0 180.0   5.0 450.0                            LAT/LON1/LON2/DLON/H
  249  228  210  194  179  163  154  145  142  138  141  138  137  130  125  116
  111  104  103   97  103  102  110  112  117  119  122  124  131  143  158  173
  184  196  205  215  222  229  234  242  252  267  279  293  299  310  315  329
  335  351  356  371  372  383  384  393  393  394  384  375  362  350  337  325
  316  303  295  283  279  262  250  249  249                                   
    25.0-180.0 180.0   5.0 450.0                            LAT/LON1/LON2/DLON/H
  258  239  223  209  194  180  168  159  154  150  152  149  147  141  135  126
  119  112  111  106  110  111  118  118  123  121  124  123  131  141  158  171
  184  191  205  212  223  228  238  243  258  268  284  294  306  317  327  340
  350  366  375  390  396  410  415  426  426  425  418  410  396  383  368  356
  342  331  316  306  296  277  263  264  258                                   
    22.5-180.0 180.0   5.0 450.0                            LAT/LON1/LON2/DLON/H
  268  248  234  221  208  193  182  171  166  161  161  156  154  146  141  130
  124  116  115  111  116  116  122  121  123  123  123  123  127  137  151  166
  175  186  195  208  218  229  238  248  260  274  286  299  309  323  333  349
  358  378  386  406  411  431  437  452  453  454  445  433  422  407  392  377
  364  349  335  321  312  295  282  274  268                                   
    20.0-180.0 180.0   5.0 450.0                            LAT/LON1/LON2/DLON/H
  270  253  242  231  220  209  197  188  181  176  173  168  164  155  148  136
  131  123  122  122  124  126  129  128  129  125  124  121  124  132  145  158
  170  180  195  207  222  233  249  256  274  282  298  308  322  334  346  361
  373  389  401  420  430  449  460  472  475  471  466  455  444  428  411  395
  379  365  350  338  325  306  294  284  270                                   
    17.5-180.0 180.0   5.0 450.0                            LAT/LON1/LON2/DLON/H
  271  253  244  234  226  215  207  196  192  186  182  177  171  161  154  142
  136  127  127  125  129  128  132  130  129  126  120  117  116  123  133  146
  156  170  185  202  220  235  251  265  280  292  305  318  328  341  352  369
  379  396  406  427  434  456  463  479  478  481  475  468  456  441  423  406
  390  373  361  346  336  316  301  287  271                                   
    15.0-180.0 180.0   5.0 450.0                            LAT/LON1/LON2/DLON/H
  267  250  241  234  226  217  208  202  196  195  190  185  179  171  162  149
  142  133  133  134  135  135  137  135  134  127  120  111  109  112  122  136
  149  164  183  202  224  240  263  274  294  304  318  327  338  350  364  378
  390  403  415  432  441  461  468  480  483  481  478  471  461  450  432  415
  394  380  367  356  345  324  310  296  267                                   
    12.5-180.0 180.0   5.0 450.0                            LAT/LON1/LON2/DLON/H
  267  248  240  232  226  215  210  201  199  195  192  188  181  174  168  154
  149  136  136  133  135  133  134  132  128  123  111  103   97  100  107  122
  134  151  174  195  222  240  265  281  300  312  322  332  341  354  368  383
  395  408  417  432  439  456  461  476  477  482  475  472  462  450  435  417
  400  383  372  361  351  329  310  294  267                                   
    10.0-180.0 180.0   5.0 450.0                            LAT/LON1/LON2/DLON/H
  266  250  238  230  222  211  204  197  195  195  191  189  184  179  172  160
  152  142  139  138  137  135  135  131  126  116  102   92   87   89   99  115
  130  149  174  198  224  245  271  285  308  317  329  335  347  359  374  388
  401  412  420  433  438  455  459  473  476  481  480  476  465  458  437  426
  404  391  376  367  355  334  316  303  266                                   
     7.5-180.0 180.0   5.0 450.0                            LAT/LON1/LON2/DLON/H
  273  254  243  232  221  206  199  191  190  186  184  180  178  173  168  156
  152  140  139  131  130  125  124  118  111  102   89   84   78   83   89  107
