data/unet/pred1140.15i
     1.0            IONOSPHERE MAPS     GNSS                IONEX VERSION / TYPE
pyspatialgeodesy        IME             05-JAN-18 20:20     PGM / RUN BY / DATE 
Map Name                                                    COMMENT             
Predicted global ionosphere maps (GIM).                     DESCRIPTION         
  2015     4    24     0     0     0                        EPOCH OF FIRST MAP  
  2015     4    25     0     0     0                        EPOCH OF LAST MAP   
  7200                                                      INTERVAL            
    13                                                      # OF MAPS IN FILE   
  NONE                                                      MAPPING FUNCTION    
10.0                                                        ELEVATION CUTOFF    
One-way carrier phase leveled to code                       OBSERVABLES USED    
  6371.0                                                    BASE RADIUS         
 2                                                          MAP DIMENSION       
   450.0 450.0   0.0                                        HGT1 / HGT2 / DHGT  
    87.5 -87.5  -2.5                                        LAT1 / LAT2 / DLAT  
  -180.0 180.0   5.0                                        LON1 / LON2 / DLON  
    -1                                                      EXPONENT            
                                                            END OF HEADER       
     1                                                      START OF TEC MAP    
  2015     4    24     0     0     0                        EPOCH OF CURRENT MAP
    87.5-180.0 180.0   5.0 450.0                            LAT/LON1/LON2/DLON/H
  252  249  259  262  264  261  260  257  255  253  252  249  246  243  240  237
  234  231  229  225  223  219  217  213  211  209  209  207  208  205  206  203
  205  202  204  201  203  202  205  204  208  209  213  214  218  219  223  224
  227  229  233  234  238  239  243  244  247  248  251  251  254  254  256  255
  258  257  256  256  258  252  242  239  252                                   
    85.0-180.0 180.0   5.0 450.0                            LAT/LON1/LON2/DLON/H
  263  260  269  272  271  270  268  267  266  265  265  264  262  260  258  254
  252  248  245  240  237  232  230  224  222  217  215  211  209  205  205  200
  200  197  198  195  196  195  198  197  201  202  206  207  211  214  218  221
  225  228  232  235  239  242  245  248  251  254  256  258  259  261  262  263
  264  265  264  264  267  263  255  248  263                                   
    82.5-180.0 180.0   5.0 450.0                            LAT/LON1/LON2/DLON/H
  278  270  273  276  274  275  273  274  273  276  275  277  275  275  272  269
  264  260  255  250  244  237  231  224  219  213  208  202  197  191  188  183
  181  177  178  175  177  176  180  180  184  185  190  193  198  201  207  211
  216  220  226  230  235  239  244  247  251  253  256  258  261  262  264  266
  267  268  267  270  273  270  259  263  278                                   
    80.0-180.0 180.0   5.0 450.0                            LAT/LON1/LON2/DLON/H
  277  268  271  269  269  269  270  273  273  278  280  284  284  286  283  282
  276  273  266  261  252  246  237  229  220  214  206  200  192  187  181  177
  172  170  168  167  166  167  169  171  174  177  181  185  190  195  201  206
  211  217  223  228  233  238  242  246  249  252  254  257  259  261  262  264
  264  265  265  268  272  270  261  267  277                                   
    77.5-180.0 180.0   5.0 450.0                            LAT/LON1/LON2/DLON/H
  266  258  261  261  261  262  264  268  272  278  284  289  293  296  295  294
  289  287  280  274  264  257  246  238  227  219  212  204  197  191  186  181
  176  174  172  171  170  171  172  174  176  180  184  188  192  197  202  208
  212  217  221  227  231  236  239  244  246  249  251  254  255  257  258  259
  259  260  260  262  267  265  259  263  266                                   
    75.0-180.0 180.0   5.0 450.0                            LAT/LON1/LON2/DLON/H
  260  252  256  255  256  256  259  264  271  278  287  293  299  302  303  302
  298  293  287  279  270  260  250  240  230  221  215  207  202  196  192  187
  183  180  179  177  177  176  177  178  179  181  185  188  192  195  201  205
  210  214  219  223  227  232  236  240  243  246  248  250  252  253  254  254
  255  255  257  258  264  263  257  262  260                                   
    72.5-180.0 180.0   5.0 450.0                            LAT/LON1/LON2/DLON/H
  256  251  254  254  253  253  256  260  270  277  288  294  303  305  307  304
  300  294  287  278  270  261  252  243  234  226  220  213  208  202  199  193
  191  187  186  183  183  180  181  179  180  179  183  183  188  189  195  197
  203  205  211  215  220  225  229  233  237  240  242  244  246  246  246  246
  246  247  248  251  258  259  257  260  256                                   
    70.0-180.0 180.0   5.0 450.0                            LAT/LON1/LON2/DLON/H
  259  253  258  256  254  252  255  261  271  280  292  299  306  309  308  305
  298  292  283  276  268  262  254  247  238  230  222  216  210  206  202  199
  195  193  189  188  184  183  181  180  179  177  178  178  180  181  185  187
  192  196  202  208  213  218  223  227  231  234  236  239  240  241  240  239
  239  238  241  244  253  257  257  262  259                                   
    67.5-180.0 180.0   5.0 450.0                            LAT/LON1/LON2/DLON/H
  262  257  260  258  253  250  253  258  270  281  294  304  311  313  312  306
  298  290  282  276  270  264  259  251  244  234  226  216  211  205  202  197
  195  190  187  182  179  175  173  170  170  167  167  165  166  166  170  173
  180  186  194  201  209  215  221  226  231  234  238  240  242  241  239  236
  235  233  234  237  246  253  254  259  262                                   
    65.0-180.0 180.0   5.0 450.0                            LAT/LON1/LON2/DLON/H
  262  255  258  254  249  243  247  253  267  280  295  306  314  318  315  310
  298  291  282  279  273  270  263  257  246  237  224  215  205  200  195  191
  187  182  177  172  167  163  159  156  154  153  151  149  148  149  153  157
  164  173  182  192  202  211  219  226  232  237  242  245  247  246  242  237
  233  229  228  229  237  245  247  256  262                                   
    62.5-180.0 180.0   5.0 450.0                            LAT/LON1/LON2/DLON/H
  260  251  254  250  241  236  236  244  257  274  292  307  317  322  321  314
  305  299  292  289  284  280  272  263  251  237  223  210  200  192  187  182
  177  170  164  156  151  144  141  137  137  135  135  132  133  133  139  143
  153  161  174  186  199  210  222  230  239  246  253  256  259  256  252  245
  238  230  226  224  230  237  241  251  260                                   
    60.0-180.0 180.0   5.0 450.0                            LAT/LON1/LON2/DLON/H
  256  247  249  242  233  224  225  230  244  262  282  298  313  321  323  322
  316  314  309  308  301  296  285  273  255  239  221  208  195  188  180  174
  168  159  152  142  135  129  126  125  125  125  126  124  124  124  128  133
  142  152  166  179  195  208  222  233  245  255  264  270  274  272  267  258
  248  237  230  225  227  232  237  249  256                                   
    57.5-180.0 180.0   5.0 450.0                            LAT/LON1/LON2/DLON/H
  258  248  250  243  233  224  220  225  234  252  272  291  307  318  325  328
  331  330  331  329  325  316  302  284  264  242  225  209  197  187  179  171
  163  152  142  131  124  118  117  117  119  121  123  121  121  120  124  128
  137  147  162  176  195  210  227  239  254  266  276  283  288  287  284  275
  265  253  245  237  236  238  240  252  258                                   
    55.0-180.0 180.0   5.0 450.0                            LAT/LON1/LON2/DLON/H
  267  260  262  253  242  231  226  226  233  245  262  281  299  314  325  335
  341  348  350  353  348  340  321  301  275  254  233  219  205  196  185  174
  164  151  141  130  124  121  120  122  125  128  129  128  125  124  125  129
  137  146  160  175  194  210  229  244  262  275  289  298  305  306  305  299
  292  281  272  263  259  257  256  265  267                                   
    52.5-180.0 180.0   5.0 450.0                            LAT/LON1/LON2/DLON/H
  287  283  285  277  267  257  250  246  246  253  263  278  296  312  327  338
  351  357  366  367  367  356  340  315  291  268  250  235  223  212  198  184
  170  158  146  138  134  131  131  133  137  138  140  136  135  132  133  135
  142  151  163  177  197  214  234  250  269  284  300  311  320  323  326  322
  320  312  307  299  297  291  283  289  287                                   
    50.0-180.0 180.0   5.0 450.0                            LAT/LON1/LON2/DLON/H
  315  319  320  314  307  298  289  281  276  274  276  285  298  314  329  343
  356  367  372  378  374  369  352  334  308  289  270  258  243  229  212  195
  179  164  156  149  148  146  146  148  151  153  152  149  147  145  145  146
  151  157  167  180  199  217  239  256  277  292  310  324  336  342  347  348
  350  347  345  342  341  335  328  327  315                                   
    47.5-180.0 180.0   5.0 450.0                            LAT/LON1/LON2/DLON/H
  351  360  362  360  357  351  342  329  319  309  302  302  311  321  335  347
  361  369  376  378  378  372  362  345  326  306  290  275  259  241  219  201
  183  171  163  160  160  160  161  162  164  163  162  159  158  155  155  155
  160  164  173  184  204  221  245  263  283  297  315  327  343  351  362  368
  376  378  384  386  391  385  375  372  351                                   
    45.0-180.0 180.0   5.0 450.0                            LAT/LON1/LON2/DLON/H
  390  411  413  415  415  412  403  389  374  358  343  336  333  339  346  356
  365  373  374  379  375  377  366  358  339  324  304  288  268  245  220  199
  183  171  168  166  169  170  172  172  173  171  170  168  168  166  166  166
  169  171  179  190  208  228  252  270  289  306  322  334  350  361  376  386
  398  405  416  425  438  433  430  416  390                                   
    42.5-180.0 180.0   5.0 450.0                            LAT/LON1/LON2/DLON/H
  434  453  462  469  471  471  462  451  431  409  387  370  362  360  362  366
  372  375  376  378  379  378  373  364  350  331  311  289  265  239  214  194
  178  169  168  169  174  176  179  179  179  178  177  176  176  175  176  176
  178  180  187  197  216  236  260  277  294  309  323  333  348  359  376  388
  403  413  430  446  465  466  465  451  434                                   
    40.0-180.0 180.0   5.0 450.0                            LAT/LON1/LON2/DLON/H
  476  497  505  512  516  517  512  502  483  458  431  409  394  387  383  382
  380  381  377  382  381  384  376  370  352  334  309  285  258  231  207  187
  175  168  170  174  181  184  188  189  189  188  188  188  187  187  186  187
  187  189  193  204  222  243  266  283  299  313  326  339  355  367  384  397
  411  425  443  465  490  495  502  481  476                                   
    37.5-180.0 180.0   5.0 450.0                            LAT/LON1/LON2/DLON/H
  513  532  537  543  543  547  541  535  515  490  463  440  426  415  407  400
  396  393  391  393  394  394  386  375  355  333  305  280  252  229  206  192
  181  179  182  189  196  203  206  209  209  209  208  208  205  203  201  200
  198  197  199  207  224  245  269  286  302  314  328  342  358  371  386  399
  414  429  449  476  506  520  525  504  513                                   
    35.0-180.0 180.0   5.0 450.0                            LAT/LON1/LON2/DLON/H
  552  573  575  572  571  568  564  556  539  515  491  470  456  446  435  427
  418  415  411  415  411  411  397  382  356  333  304  282  257  236  218  208
  204  204  209  216  224  231  237  240  240  241  239  237  231  225  218  214
  207  203  201  206  221  241  266  286  303  317  330  348  366  383  398  413
  427  445  463  493  525  544  556  539  552                                   
    32.5-180.0 180.0   5.0 450.0                            LAT/LON1/LON2/DLON/H
  595  614  613  608  598  589  579  571  553  532  509  491  479  470  462  452
  445  442  440  441  437  430  410  387  358  334  311  294  276  262  248  243
  242  245  252  258  267  274  277  280  277  278  274  271  260  250  237  227
  214  205  200  201  213  233  260  283  303  319  334  354  374  396  413  429
  444  461  479  509  543  563  577  574  595                                   
    30.0-180.0 180.0   5.0 450.0                            LAT/LON1/LON2/DLON/H
  650  674  670  659  645  627  613  597  580  557  536  518  507  500  489  483
  473  471  466  466  457  443  419  390  360  340  324  317  308  302  296  295
  298  300  305  310  317  319  321  319  319  315  312  304  293  274  258  240
  223  209  198  196  202  221  243  271  287  311  325  354  373  407  427  449
  464  483  498  527  561  580  607  613  650                                   
    27.5-180.0 180.0   5.0 450.0                            LAT/LON1/LON2/DLON/H
  705  732  733  723  701  674  651  630  609  584  563  545  534  524  514  506
  498  494  488  482  469  450  421  391  364  349  343  344  346  347  347  348
  349  350  353  355  354  355  351  351  347  344  340  329  312  287  267  244
  225  205  195  185  194  207  231  254  271  298  317  351  380  422  450  478
  494  513  525  551  583  604  641  659  705                                   
    25.0-180.0 180.0   5.0 450.0                            LAT/LON1/LON2/DLON/H
  757  785  792  783  765  734  704  677  651  624  603  587  576  564  549  539
  526  518  504  492  473  448  422  393  375  367  372  383  394  399  398  393
  391  388  387  384  377  374  374  374  372  365  360  345  326  297  272  246
  224  206  190  184  189  205  226  249  262  293  316  362  399  449  483  517
  536  559  570  590  617  635  687  711  757                                   
    22.5-180.0 180.0   5.0 450.0                            LAT/LON1/LON2/DLON/H
  798  839  850  843  824  796  768  743  712  685  659  639  627  611  594  575
  558  540  518  495  468  441  416  395  383  384  399  413  425  426  419  411
  405  399  393  385  372  371  372  376  374  371  364  349  328  297  272  244
  226  204  198  186  199  211  236  257  274  308  340  390  430  484  519  557
  582  606  622  637  665  679  741  772  798                                   
    20.0-180.0 180.0   5.0 450.0                            LAT/LON1/LON2/DLON/H
  840  888  903  901  887  860  831  810  781  762  735  716  693  674  648  626
  598  569  532  498  466  433  413  395  396  401  419  429  436  425  417  407
  402  393  384  369  354  353  362  366  368  362  357  340  322  290  266  241
  224  208  197  190  196  209  233  252  278  316  364  411  463  509  551  584
  619  645  674  686  713  726  792  821  840                                   
    17.5-180.0 180.0   5.0 450.0                            LAT/LON1/LON2/DLON/H
  860  925  953  955  946  923  895  874  854  835  816  798  776  745  711  677
  642  598  548  501  461  425  408  396  399  405  414  414  406  392  377  370
  364  356  346  332  316  315  325  335  337  336  330  316  301  276  258  239
  225  207  197  184  189  198  226  252  286  330  375  428  483  531  573  609
  649  682  715  733  757  766  812  852  860                                   
    15.0-180.0 180.0   5.0 450.0                            LAT/LON1/LON2/DLON/H
  868  934  963  983  986  968  945  932  920  911  892  876  846  811  767  729
  684  634  570  512  464  425  411  401  400  400  397  381  366  343  329  313
  313  302  302  286  284  281  299  303  307  298  295  279  274  256  248  233
  220  204  189  178  180  193  222  258  296  342  387  442  498  543  586  625
  670  709  747  765  791  799  835  878  868                                   
    12.5-180.0 180.0   5.0 450.0                            LAT/LON1/LON2/DLON/H
  859  928  957  972  976  972  958  957  960  960  959  943  917  868  821  769
  725  659  593  523  470  431  411  400  390  377  360  336  309  285  265  256
  252  250  250  250  255  264  277  282  278  270  263  254  251  247  239  228
  212  196  180  170  171  186  220  264  302  344  389  441  503  551  600  640
  689  733  772  798  818  824  849  884  859                                   
    10.0-180.0 180.0   5.0 450.0                            LAT/LON1/LON2/DLON/H
  854  903  929  940  948  948  945  951  955  974  980  981  954  907  849  799
  748  688  615  545  490  447  422  402  377  349  324  283  253  224  218  208
  220  222  234  241  255  267  280  276  268  254  243  236  238  235  230  214
  199  182  164  157  157  178  215  265  300  338  379  437  493  547  592  641
  687  739  780  811  832  848  870  898  854                                   
     7.5-180.0 180.0   5.0 450.0                            LAT/LON1/LON2/DLON/H
  848  899  907  914  913  911  906  916  923  948  971  982  967  918  865  806
  762  704  643  570  518  469  434  403  361  319  281  241  211  195  196  198
