data/unet/pred0100.15i
     1.0            IONOSPHERE MAPS     GNSS                IONEX VERSION / TYPE
pyspatialgeodesy        IME             05-JAN-18 20:20     PGM / RUN BY / DATE 
Map Name                                                    COMMENT             
Predicted global ionosphere maps (GIM).                     DESCRIPTION         
  2015     1    10     0     0     0                        EPOCH OF FIRST MAP  
  2015     1    11     0     0     0                        EPOCH OF LAST MAP   
  7200                                                      INTERVAL            
    13                                                      # OF MAPS IN FILE   
  NONE                                                      MAPPING FUNCTION    
10.0                                                        ELEVATION CUTOFF    
One-way carrier phase leveled to code                       OBSERVABLES USED    
  6371.0                                                    BASE RADIUS         
 2                                                          MAP DIMENSION       
   450.0 450.0   0.0                                        HGT1 / HGT2 / DHGT  
    87.5 -87.5  -2.5                                        LAT1 / LAT2 / DLAT  
  -180.0 180.0   5.0                                        LON1 / LON2 / DLON  
    -1                                                      EXPONENT            
                                                            END OF HEADER       
     1                                                      START OF TEC MAP    
  2015     1    10     0     0     0                        EPOCH OF CURRENT MAP
    87.5-180.0 180.0   5.0 450.0                            LAT/LON1/LON2/DLON/H
  115   92   90   83   86   80   85   81   87   83   88   84   88   84   88   83
   86   82   85   80   83   78   82   77   81   76   80   76   79   76   79   75
   79   75   79   75   79   76   80   76   81   77   81   77   81   78   81   78
   81   78   81   78   81   78   80   76   80   75   78   73   78   73   77   72
   78   74   79   75   85   82   91  102  115                                   
    85.0-180.0 180.0   5.0 450.0                            LAT/LON1/LON2/DLON/H
  102   79   83   82   81   74   79   75   81   77   83   78   84   79   84   79
   83   78   82   76   79   73   75   69   72   66   68   63   66   62   64   60
   64   60   64   61   65   62   67   64   69   66   71   67   73   68   74   68
   75   70   75   69   76   70   75   69   74   68   71   65   70   64   69   64
   70   67   72   69   78   70   75   97  102                                   
    82.5-180.0 180.0   5.0 450.0                            LAT/LON1/LON2/DLON/H
  100   86   92   92   87   83   85   85   87   87   88   89   90   90   90   90
   90   89   89   86   85   81   79   74   73   68   66   62   62   59   59   57
   58   57   58   59   61   62   65   67   68   70   71   72   74   74   75   76
   77   77   78   77   79   77   79   75   78   74   75   71   74   70   73   70
   75   74   78   78   84   80   83   98  100                                   
    80.0-180.0 180.0   5.0 450.0                            LAT/LON1/LON2/DLON/H
  109  104  110  109  104  103  103  104  104  105  105  106  106  107  107  107
  106  105  103  101   97   92   87   81   76   70   66   61   58   56   55   53
   54   54   56   58   61   64   67   71   73   76   78   80   81   83   83   84
   84   85   85   85   85   85   84   84   83   81   80   79   78   78   78   80
   82   85   88   93   96   95   96  108  109                                   
    77.5-180.0 180.0   5.0 450.0                            LAT/LON1/LON2/DLON/H
  123  121  128  126  122  119  119  119  118  118  118  117  117  116  116  115
  113  110  109  104  100   93   88   79   74   65   61   54   51   47   47   45
   47   47   51   54   58   62   67   71   75   78   80   83   84   86   85   86
   85   85   84   84   84   82   82   80   79   76   75   71   72   70   73   74
   79   82   90   95  102  103  106  114  123                                   
    75.0-180.0 180.0   5.0 450.0                            LAT/LON1/LON2/DLON/H
  135  141  146  146  140  137  135  134  132  130  129  127  125  123  121  118
  116  113  110  105   99   93   86   78   70   63   57   51   47   44   43   43
   44   46   50   54   58   63   68   73   76   79   82   84   85   85   85   84
   83   80   80   78   78   76   74   72   69   66   64   61   60   60   62   66
   72   80   89   98  107  111  117  123  135                                   
    72.5-180.0 180.0   5.0 450.0                            LAT/LON1/LON2/DLON/H
  157  164  171  168  162  158  154  150  146  142  138  134  130  126  121  117
  113  109  106  101   96   90   84   76   70   62   57   52   49   46   46   46
   47   50   54   59   63   67   72   76   78   80   82   83   83   83   82   80
   78   76   74   72   71   69   68   65   62   59   56   53   53   53   57   62
   71   80   91  102  114  122  129  136  157                                   
    70.0-180.0 180.0   5.0 450.0                            LAT/LON1/LON2/DLON/H
  174  185  195  192  184  179  172  166  160  153  147  140  135  127  121  113
  109  102   99   94   90   84   80   73   68   62   59   55   53   51   51   51
   53   54   59   62   66   69   73   75   77   77   79   78   78   76   75   71
   69   65   64   62   62   60   60   58   56   53   51   49   49   50   56   62
   72   82   96  109  122  132  142  149  174                                   
    67.5-180.0 180.0   5.0 450.0                            LAT/LON1/LON2/DLON/H
  197  204  215  212  204  199  191  184  176  168  160  151  143  131  122  111
  104   97   92   87   83   78   75   70   66   62   61   58   58   57   57   57
   58   59   62   65   67   69   72   74   74   74   74   73   72   69   66   62
   59   56   54   54   54   55   55   54   54   52   50   50   51   54   60   68
   78   90  104  118  132  143  152  161  197                                   
    65.0-180.0 180.0   5.0 450.0                            LAT/LON1/LON2/DLON/H
  211  220  232  230  220  216  207  201  192  184  174  163  152  138  125  112
  102   93   87   81   77   73   70   67   65   64   62   62   62   62   61   62
   61   62   63   64   65   66   67   68   68   69   68   67   65   62   58   52
   49   46   45   45   47   49   50   50   51   50   51   52   56   61   69   77
   88  100  115  128  141  153  165  172  211                                   
    62.5-180.0 180.0   5.0 450.0                            LAT/LON1/LON2/DLON/H
  223  230  241  239  231  226  219  214  206  199  189  178  164  148  132  117
  105   94   87   80   76   71   68   64   63   62   62   63   63   63   61   61
   59   58   58   58   58   58   59   61   61   62   61   62   59   56   50   46
   41   39   38   40   45   46   50   50   52   52   55   58   65   72   83   92
  104  115  129  141  153  164  175  183  223                                   
    60.0-180.0 180.0   5.0 450.0                            LAT/LON1/LON2/DLON/H
  229  238  250  249  240  235  227  223  217  212  204  193  179  161  143  126
  114  101   92   83   77   69   64   60   58   58   58   60   60   60   57   56
   53   52   51   51   50   50   51   53   53   55   55   56   54   50   44   38
   34   31   34   36   43   45   49   50   54   57   62   68   79   88  101  112
  124  134  147  158  167  178  188  195  229                                   
    57.5-180.0 180.0   5.0 450.0                            LAT/LON1/LON2/DLON/H
  239  244  256  255  248  241  235  232  227  223  216  207  194  176  158  141
  126  114  103   93   83   73   65   59   55   54   54   55   55   54   52   49
   46   45   44   44   43   45   45   48   48   51   52   54   52   50   43   38
   34   32   35   39   45   47   52   54   59   63   71   80   94  106  122  135
  150  160  170  180  188  198  205  213  239                                   
    55.0-180.0 180.0   5.0 450.0                            LAT/LON1/LON2/DLON/H
  248  256  270  270  260  255  246  243  236  233  226  220  207  192  174  158
  144  129  118  103   91   77   66   57   52   50   49   51   51   51   48   45
   43   42   42   43   44   46   47   48   50   51   54   55   56   51   46   38
   37   34   38   41   47   49   55   57   63   69   80   92  108  124  143  159
  175  185  195  203  212  222  229  237  248                                   
    52.5-180.0 180.0   5.0 450.0                            LAT/LON1/LON2/DLON/H
  268  272  288  287  278  269  262  254  248  241  236  228  218  206  189  176
  162  147  131  115   99   84   69   59   53   50   49   50   50   50   47   45
   42   43   44   48   50   53   51   53   53   56   57   60   60   57   51   45
   43   42   44   47   52   54   59   62   68   75   89  103  122  142  163  181
  197  209  220  229  240  251  256  265  268                                   
    50.0-180.0 180.0   5.0 450.0                            LAT/LON1/LON2/DLON/H
  282  297  310  311  301  294  283  273  260  252  241  235  225  216  202  190
  176  159  142  123  106   89   74   63   56   54   52   53   53   52   49   48
   48   50   54   58   62   63   64   62   64   63   66   67   69   65   60   53
   53   50   53   54   60   61   66   69   77   85   99  114  135  156  178  196
  215  228  238  248  262  274  282  289  282                                   
    47.5-180.0 180.0   5.0 450.0                            LAT/LON1/LON2/DLON/H
  299  314  328  331  324  316  306  291  278  262  249  241  233  225  213  202
  185  169  148  129  111   96   82   74   68   65   63   62   60   58   54   54
   54   59   63   70   73   77   75   75   73   73   74   76   77   75   71   66
   65   62   63   64   69   71   75   79   87   95  109  124  146  167  188  207
  227  241  252  265  280  292  297  304  299                                   
    45.0-180.0 180.0   5.0 450.0                            LAT/LON1/LON2/DLON/H
  302  323  338  345  342  339  329  314  294  277  257  248  238  231  221  209
  192  172  152  131  117  102   93   85   81   78   74   71   67   64   61   60
   63   67   74   80   87   89   90   87   86   84   87   87   89   87   84   80
   79   75   75   74   78   81   85   89   98  106  119  133  155  174  195  213
  232  247  260  274  287  303  306  312  302                                   
    42.5-180.0 180.0   5.0 450.0                            LAT/LON1/LON2/DLON/H
  305  318  338  348  351  352  346  332  313  292  273  259  248  241  230  217
  197  177  154  137  123  113  105  101   96   93   86   82   75   70   66   66
   67   73   78   87   91   96   96   95   93   93   96   98  100   99   98   94
   93   88   87   84   87   90   94   98  109  116  130  144  166  183  201  219
  237  251  264  276  291  301  303  311  305                                   
    40.0-180.0 180.0   5.0 450.0                            LAT/LON1/LON2/DLON/H
  295  309  327  339  348  355  351  342  324  306  283  271  258  250  238  222
  202  179  158  141  133  125  121  116  111  104   96   88   80   74   69   68
   70   74   80   87   94   98  101  100  101  101  105  107  111  110  110  105
  104   97   95   92   94   96  102  106  118  127  143  159  180  196  213  231
  248  260  271  280  290  296  298  303  295                                   
    37.5-180.0 180.0   5.0 450.0                            LAT/LON1/LON2/DLON/H
  289  296  313  326  337  347  350  345  333  316  298  283  272  262  249  232
  209  188  166  154  145  141  135  130  121  113  102   94   83   78   71   71
   69   74   76   84   89   96   98  101  103  107  111  115  118  118  117  114
  111  104  102   98   99  100  106  113  126  139  156  173  191  208  227  245
  264  274  283  288  296  296  293  298  289                                   
    35.0-180.0 180.0   5.0 450.0                            LAT/LON1/LON2/DLON/H
  291  296  306  312  322  336  340  342  332  322  305  296  283  275  259  241
  219  197  179  166  160  154  147  137  126  114  104   93   84   78   75   73
   73   76   78   83   89   93   99  101  107  111  118  119  122  119  119  113
  111  103  101   96   98   99  105  113  129  143  163  178  198  217  241  263
  285  297  304  307  312  309  307  307  291                                   
    32.5-180.0 180.0   5.0 450.0                            LAT/LON1/LON2/DLON/H
  313  311  317  315  321  333  339  341  336  327  316  306  297  284  269  251
  229  212  193  184  173  165  151  139  125  114  102   95   86   84   79   80
   77   82   78   86   88   96  100  105  111  117  121  123  123  119  116  109
  105   97   95   92   95   95  102  111  128  146  166  185  207  232  260  289
  315  330  341  343  349  341  337  331  313                                   
    30.0-180.0 180.0   5.0 450.0                            LAT/LON1/LON2/DLON/H
  356  360  352  339  335  343  343  345  339  333  319  314  302  294  275  259
  239  223  208  197  184  169  152  134  123  111  107  102  100   96   97   91
   90   86   87   89   99  102  112  115  123  123  126  123  122  113  111  100
   95   88   85   85   90   94  101  111  128  146  173  197  227  254  293  326
  358  377  389  394  403  397  392  377  356                                   
    27.5-180.0 180.0   5.0 450.0                            LAT/LON1/LON2/DLON/H
  424  428  414  389  378  378  373  368  358  346  332  321  311  297  279  262
  244  232  215  204  185  167  146  130  121  117  116  121  124  127  127  123
  116  112  108  114  118  125  128  132  134  133  129  125  120  111  104   94
   84   77   75   76   83   90   99  109  126  150  183  217  249  286  333  375
  411  434  447  455  464  465  461  434  424                                   
    25.0-180.0 180.0   5.0 450.0                            LAT/LON1/LON2/DLON/H
  506  525  499  472  452  444  425  412  392  371  350  334  318  303  281  265
  247  234  218  203  180  157  139  125  127  132  143  155  165  169  169  165
  156  152  149  146  151  148  150  147  147  138  134  123  119  107  100   87
   78   71   69   72   80   88   98  108  129  155  194  233  274  321  376  424
  468  496  514  523  537  545  531  504  506                                   
    22.5-180.0 180.0   5.0 450.0                            LAT/LON1/LON2/DLON/H
  588  615  596  576  560  545  518  491  455  423  388  361  335  309  284  263
  245  231  212  195  169  150  135  132  142  160  181  198  214  213  215  207
  197  190  183  175  170  168  167  164  156  146  134  124  115  105   93   84
   72   67   66   69   76   84   94  107  132  161  202  242  289  349  410  466
  516  549  576  589  608  619  602  570  588                                   
    20.0-180.0 180.0   5.0 450.0                            LAT/LON1/LON2/DLON/H
  665  708  694  688  680  663  632  594  547  493  442  401  362  324  290  264
  241  224  204  184  161  146  143  152  178  210  237  257  268  263  260  253
  242  236  224  212  203  192  186  175  164  147  137  121  113   99   90   81
   72   68   66   71   77   85   95  112  141  174  215  257  310  380  447  505
  556  590  619  642  669  681  672  631  665                                   
    17.5-180.0 180.0   5.0 450.0                            LAT/LON1/LON2/DLON/H
  709  760  761  773  779  767  735  695  641  582  514  458  403  353  310  274
  246  223  199  180  162  160  168  196  233  272  305  316  320  305  298  290
  279  273  255  244  222  213  198  187  165  151  132  120  107   96   85   82
   72   70   68   70   75   84   96  120  155  190  234  275  336  404  466  522
  569  602  629  655  688  705  706  665  709                                   
    15.0-180.0 180.0   5.0 450.0                            LAT/LON1/LON2/DLON/H
  729  791  804  833  852  851  828  788  733  670  600  530  465  403  349  301
  268  238  212  194  187  194  217  256  304  343  363  362  354  335  326  317
  308  302  283  264  240  225  205  187  167  148  130  113  105   92   86   82
   76   74   73   78   82   93  109  136  176  214  257  302  363  427  479  529
  568  599  624  651  684  698  713  676  729                                   
    12.5-180.0 180.0   5.0 450.0                            LAT/LON1/LON2/DLON/H
  711  764  788  832  862  877  863  837  787  736  668  606  534  470  406  353
  310  276  248  232  230  250  283  335  381  405  407  390  374  352  339  329
  318  309  286  267  241  228  202  187  163  145  123  111  100   93   86   85
   79   78   77   84   88  103  120  154  193  234  274  320  378  432  477  514
  545  570  591  615  645  663  682  662  711                                   
    10.0-180.0 180.0   5.0 450.0                            LAT/LON1/LON2/DLON/H
  675  719  750  800  842  870  874  860  828  783  730  670  610  540  474  415
  371  333  304  292  299  326  369  416  449  452  432  401  374  348  334  322
  310  297  279  257  234  216  194  175  156  137  119  105  101   93   92   90
   86   84   85   89   95  109  131  165  208  248  289  332  386  432  471  496
  520  538  557  580  604  621  643  636  675                                   
     7.5-180.0 180.0   5.0 450.0                            LAT/LON1/LON2/DLON/H
  623  654  688  733  775  807  825  827  812  786  747  704  653  595  529  478
  437  405  378  373  380  409  444  478  490  472  433  393  360  334  320  309
