data/unet/pred2490.15i
     1.0            IONOSPHERE MAPS     GNSS                IONEX VERSION / TYPE
pyspatialgeodesy        IME             05-JAN-18 20:20     PGM / RUN BY / DATE 
Map Name                                                    COMMENT             
Predicted global ionosphere maps (GIM).                     DESCRIPTION         
  2015     9     6     0     0     0                        EPOCH OF FIRST MAP  
  2015     9     7     0     0     0                        EPOCH OF LAST MAP   
  7200                                                      INTERVAL            
    13                                                      # OF MAPS IN FILE   
  NONE                                                      MAPPING FUNCTION    
10.0                                                        ELEVATION CUTOFF    
One-way carrier phase leveled to code                       OBSERVABLES USED    
  6371.0                                                    BASE RADIUS         
 2                                                          MAP DIMENSION       
   450.0 450.0   0.0                                        HGT1 / HGT2 / DHGT  
    87.5 -87.5  -2.5                                        LAT1 / LAT2 / DLAT  
  -180.0 180.0   5.0                                        LON1 / LON2 / DLON  
    -1                                                      EXPONENT            
                                                            END OF HEADER       
[from data line 3432]
     9                                                      START OF TEC MAP    
  2015     9     6    16     0     0                        EPOCH OF CURRENT MAP
    87.5-180.0 180.0   5.0 450.0                            LAT/LON1/LON2/DLON/H
  128  135  136  136  137  135  136  135  136  136  137  137  139  138  139  139
  140  139  140  139  139  138  138  137  137  136  135  134  134  132  131  131
  130  129  128  127  127  126  126  126  126  126  126  126  127  127  127  127
  128  128  129  129  130  130  132  131  133  133  134  134  135  134  135  135
  135  135  135  135  134  134  138  151  128                                   
    85.0-180.0 180.0   5.0 450.0                            LAT/LON1/LON2/DLON/H
  101  122  120  124  126  125  128  128  130  130  131  133  134  135  136  137
  137  137  137  136  137  135  134  132  132  129  128  126  125  123  121  121
  119  118  116  116  114  114  111  113  110  112  110  112  111  113  112  114
  114  115  115  117  118  119  119  121  122  123  123  124  125  125  124  124
  124  124  123  124  122  120  121  123  101                                   
    82.5-180.0 180.0   5.0 450.0                            LAT/LON1/LON2/DLON/H
  101  106  110  111  112  112  115  116  119  120  121  123  125  126  128  128
  130  129  130  129  130  129  128  127  126  125  123  122  119  120  116  117
  113  115  111  112  108  109  105  106  103  104  101  103  101  104  102  105
  104  107  106  109  109  112  111  113  113  115  115  116  115  115  114  114
  112  112  110  110  109  103  112  103  101                                   
    80.0-180.0 180.0   5.0 450.0                            LAT/LON1/LON2/DLON/H
   87   95   96   99   99  103  105  109  110  113  115  118  119  122  123  126
  127  128  128  130  129  130  127  129  125  126  122  123  118  120  114  116
  110  112  106  107  102  103   97   98   94   96   91   94   91   95   92   96
   94   98   96  100   99  103  102  105  104  106  104  106  104  105  102  102
   99  100   96   96   93   93   95   92   87                                   
    77.5-180.0 180.0   5.0 450.0                            LAT/LON1/LON2/DLON/H
   76   84   87   86   90   93   98  100  104  107  110  113  115  116  119  120
  121  121  124  124  125  124  125  124  125  123  123  122  120  118  116  114
  111  109  107  105  103  100   97   94   92   90   89   87   87   86   87   88
   89   90   92   94   95   97   97   99   99  100   99  100   98   98   95   95
   92   92   90   87   85   79   78   79   76                                   
    75.0-180.0 180.0   5.0 450.0                            LAT/LON1/LON2/DLON/H
   67   74   77   78   83   85   92   93  100  101  106  108  112  114  118  119
  122  123  125  126  127  128  129  129  129  129  128  127  124  123  120  118
  114  113  109  108  104  102   97   95   91   89   86   84   83   82   82   82
   82   84   84   86   87   88   89   90   90   90   90   88   88   87   87   84
   83   81   81   77   77   74   75   74   67                                   
    72.5-180.0 180.0   5.0 450.0                            LAT/LON1/LON2/DLON/H
   61   70   72   73   76   81   86   90   95   98  103  106  109  110  113  114
  117  117  120  121  125  125  128  128  131  130  131  130  129  127  125  122
  119  117  114  112  109  107  103   99   95   92   89   86   84   82   81   80
   79   80   79   81   80   81   80   81   79   80   79   79   77   78   75   75
   72   73   71   70   69   65   64   67   61                                   
    70.0-180.0 180.0   5.0 450.0                            LAT/LON1/LON2/DLON/H
   57   62   67   69   73   76   83   86   92   95  101  103  107  108  112  112
  116  115  120  121  126  127  130  131  133  132  133  131  131  128  126  124
  121  119  116  115  111  109  105  103   98   96   92   89   85   84   81   81
   78   78   76   77   75   75   72   72   70   70   68   69   67   68   66   66
   64   64   63   63   63   62   64   64   57                                   
    67.5-180.0 180.0   5.0 450.0                            LAT/LON1/LON2/DLON/H
   55   59   64   64   68   74   79   84   90   94   99  102  105  106  108  109
  112  112  116  118  122  124  129  130  134  132  135  133  134  131  130  127
  124  122  120  119  116  114  111  108  105  102   99   95   92   88   85   83
   80   78   75   74   71   69   66   65   61   61   60   60   59   60   58   58
   58   57   58   57   58   55   56   59   55                                   
    65.0-180.0 180.0   5.0 450.0                            LAT/LON1/LON2/DLON/H
   52   54   59   60   64   70   77   81   87   91   98  101  105  105  109  109
  113  111  118  119  125  126  131  132  135  134  135  132  133  129  130  126
  125  123  120  119  117  116  113  112  109  108  104  101   97   94   90   87
   84   81   76   73   69   65   61   58   55   53   53   53   52   54   53   53
   52   53   52   51   52   54   57   57   52                                   
    62.5-180.0 180.0   5.0 450.0                            LAT/LON1/LON2/DLON/H
   49   51   58   55   60   64   71   76   83   87   93   98  104  105  109  110
  112  112  116  118  123  125  130  131  134  132  134  132  132  130  130  129
  127  126  123  122  120  119  118  117  115  114  111  107  102   99   94   91
   87   83   78   75   69   64   59   55   51   51   50   51   50   52   51   51
   51   50   51   49   49   47   49   50   49                                   
    60.0-180.0 180.0   5.0 450.0                            LAT/LON1/LON2/DLON/H
   45   44   51   51   57   60   67   70   79   82   91   97  104  106  111  112
  115  113  119  120  126  126  131  131  134  132  132  131  131  129  130  129
  129  126  124  123  121  120  119  120  118  117  115  112  108  104  100   97
   93   88   82   77   71   65   58   54   51   49   48   49   49   50   50   49
   49   48   48   46   46   47   48   45   45                                   
    57.5-180.0 180.0   5.0 450.0                            LAT/LON1/LON2/DLON/H
   45   45   51   50   54   57   64   66   75   79   88   95  102  106  110  112
  115  114  118  119  124  124  129  130  132  130  132  130  132  131  133  132
  132  130  128  126  124  123  123  124  125  124  123  119  115  111  107  105
  100   95   89   84   76   70   63   60   54   54   53   53   52   53   51   52
   50   49   50   47   46   43   42   39   45                                   
    55.0-180.0 180.0   5.0 450.0                            LAT/LON1/LON2/DLON/H
   45   42   49   49   56   58   65   66   74   78   88   94  105  107  115  115
  120  117  122  120  126  123  128  128  131  130  131  131  133  135  136  138
  137  136  133  130  128  128  128  129  130  129  129  124  122  118  115  112
  108  103   96   89   82   75   69   65   62   60   59   57   57   56   54   53
   52   51   52   48   48   47   47   41   45                                   
    52.5-180.0 180.0   5.0 450.0                            LAT/LON1/LON2/DLON/H
   50   50   52   53   58   62   68   70   77   79   89   95  105  108  115  116
  120  118  122  121  125  122  126  125  130  128  132  132  138  139  144  145
  147  143  141  137  136  134  134  136  137  136  135  132  129  126  123  120
  116  111  103   97   89   84   78   76   71   72   69   67   63   62   59   58
   57   57   57   55   54   48   46   42   50                                   
    50.0-180.0 180.0   5.0 450.0                            LAT/LON1/LON2/DLON/H
   57   52   56   56   64   67   76   75   83   85   94   99  109  112  121  120
  127  122  127  122  126  121  127  125  131  131  135  136  141  145  149  153
  152  152  148  146  144  143  143  144  145  143  142  139  137  134  132  128
  125  119  111  105   97   93   89   87   86   85   83   79   75   70   66   65
   64   64   65   62   61   59   59   52   57                                   
    47.5-180.0 180.0   5.0 450.0                            LAT/LON1/LON2/DLON/H
   67   65   62   64   68   74   81   85   92   93  102  107  116  118  125  126
  131  128  129  127  128  124  128  128  134  134  141  141  149  150  158  159
  162  159  158  154  153  151  152  153  153  150  149  147  145  142  139  137
  132  127  119  114  106  103   99   99   96   97   93   90   84   80   74   74
   71   74   74   75   73   67   65   62   67                                   
    45.0-180.0 180.0   5.0 450.0                            LAT/LON1/LON2/DLON/H
   75   68   71   68   75   79   90   92  103  106  116  118  127  128  135  134
  140  134  137  132  135  129  134  133  141  141  148  149  155  157  162  165
  167  166  164  163  164  164  165  166  166  162  160  157  155  152  150  147
  143  136  129  122  116  113  110  110  108  109  105  100   95   88   84   82
   82   83   84   82   82   81   80   77   75                                   
    42.5-180.0 180.0   5.0 450.0                            LAT/LON1/LON2/DLON/H
   80   81   75   75   76   82   92  100  112  118  128  132  141  140  145  145
  148  144  144  142  141  139  140  142  148  150  156  157  162  162  169  169
  173  170  172  170  174  175  177  177  177  172  169  166  163  160  159  155
  149  143  135  130  123  121  117  119  116  117  112  109  101   96   92   92
   90   93   92   93   90   86   87   85   80                                   
    40.0-180.0 180.0   5.0 450.0                            LAT/LON1/LON2/DLON/H
   84   80   80   75   80   83   95  103  121  128  142  145  155  154  160  157
  161  154  156  151  153  149  151  152  158  158  166  165  169  169  174  175
  177  178  179  183  188  193  195  196  193  189  184  180  177  175  172  167
  160  153  144  138  130  128  123  124  123  122  119  114  108  102   99   98
   98  100  100   98   95   93   95   91   84                                   
    37.5-180.0 180.0   5.0 450.0                            LAT/LON1/LON2/DLON/H
   82   83   75   75   72   80   88  102  121  134  150  157  169  169  173  171
  170  165  163  162  161  160  161  163  167  169  173  173  177  178  182  184
  188  190  195  200  207  210  214  212  211  204  201  197  193  190  184  179
  170  162  151  144  135  131  126  127  124  125  120  118  111  109  106  106
  105  106  104  102   95   92   94   90   82                                   
    35.0-180.0 180.0   5.0 450.0                            LAT/LON1/LON2/DLON/H
   82   79   75   68   73   77   89   99  122  137  157  165  179  180  184  180
  180  173  173  169  172  170  173  174  177  178  183  183  189  190  196  199
  205  209  216  224  231  237  238  235  231  225  220  217  213  210  203  196
  185  174  161  151  138  133  126  126  124  124  120  117  113  112  111  112
  112  111  107  100   93   89   92   88   82                                   
    32.5-180.0 180.0   5.0 450.0                            LAT/LON1/LON2/DLON/H
   78   77   69   67   62   71   76   93  113  132  156  169  185  188  191  188
  185  180  179  178  181  181  183  185  186  188  192  196  202  207  215  222
  229  236  245  253  262  264  264  256  251  242  240  236  233  227  219  208
  196  184  168  155  143  133  126  124  122  120  117  115  111  113  112  116
  115  115  107  101   88   83   84   80   78                                   
    30.0-180.0 180.0   5.0 450.0                            LAT/LON1/LON2/DLON/H
   81   78   72   64   65   71   81   94  112  132  153  169  185  191  195  192
  189  183  185  184  191  191  196  194  197  197  203  208  221  230  243  254
  265  275  285  293  299  300  294  286  275  268  262  261  255  249  238  225
  210  195  177  162  147  139  130  128  124  123  119  119  115  117  118  120
  123  120  114  102   90   84   82   78   81                                   
    27.5-180.0 180.0   5.0 450.0                            LAT/LON1/LON2/DLON/H
   86   78   70   68   63   73   77   93  108  129  149  169  185  194  197  196
  192  189  190  193  200  202  204  203  204  206  216  228  245  261  278  294
  308  319  329  332  336  331  321  309  300  289  287  281  278  266  254  236
  220  203  183  165  151  141  135  131  129  126  123  122  120  120  121  124
  125  125  117  109   91   85   80   75   86                                   
    25.0-180.0 180.0   5.0 450.0                            LAT/LON1/LON2/DLON/H
   94   85   75   72   71   76   84   97  111  131  145  167  182  196  202  202
  201  196  199  199  209  210  215  212  216  222  238  255  277  297  318  337
  349  360  363  365  361  358  345  335  323  318  313  310  301  290  273  255
  236  216  194  175  160  148  144  139  140  134  132  129  126  129  127  131
  133  134  129  120  107   97   90   83   94                                   
    22.5-180.0 180.0   5.0 450.0                            LAT/LON1/LON2/DLON/H
  106   89   80   80   79   86   93  107  119  134  147  166  181  198  204  208
  208  206  209  212  219  222  225  224  230  240  260  282  308  331  354  372
  384  388  389  385  378  369  360  348  341  333  332  326  318  302  285  265
  246  228  205  187  170  161  154  154  150  145  140  135  135  132  136  134
  139  136  136  130  118  107  100   86  106                                   
    20.0-180.0 180.0   5.0 450.0                            LAT/LON1/LON2/DLON/H
  115   97   89   89   91   92  102  108  120  133  145  161  176  196  206  217
  218  219  222  224  234  235  243  243  253  265  286  311  336  362  382  399
  405  410  403  397  384  377  367  361  354  354  348  346  334  320  300  282
  260  241  219  201  187  175  173  169  167  157  151  143  141  139  138  140
  140  142  140  139  130  120  112   96  115                                   
    17.5-180.0 180.0   5.0 450.0                            LAT/LON1/LON2/DLON/H
  124  103   98  102  101  105  108  117  126  137  147  162  179  200  211  223
  228  232  236  240  249  254  259  261  272  285  309  335  360  382  403  413
  419  420  411  399  387  378  372  368  368  367  365  358  346  329  310  291
  271  255  235  219  201  194  189  189  182  172  160  152  148  144  145  141
  143  139  143  139  136  127  121   99  124                                   
    15.0-180.0 180.0   5.0 450.0                            LAT/LON1/LON2/DLON/H
  119  104  102  104  110  110  119  123  134  142  154  166  183  202  217  233
  241  250  255  261  269  270  278  280  294  309  333  358  380  403  415  425
  426  425  413  403  390  385  381  381  383  384  382  374  360  342  323  307
  287  272  251  238  221  214  207  205  198  187  172  160  152  148  144  140
  139  140  140  140  134  128  123  104  119                                   
    12.5-180.0 180.0   5.0 450.0                            LAT/LON1/LON2/DLON/H
  117  101   97  102  103  112  116  128  137  148  158  174  191  214  228  249
  257  266  272  280  286  289  294  298  314  330  354  377  398  414  423  429
  429  427  418  410  398  397  391  395  396  398  393  382  364  345  326  310
  292  280  259  248  233  228  221  222  213  200  181  167  158  151  146  139
  136  133  133  130  129  125  118   99  117                                   
    10.0-180.0 180.0   5.0 450.0                            LAT/LON1/LON2/DLON/H
  107   93   91   91  100  104  119  129  145  159  172  187  205  226  245  264
  277  287  293  301  305  303  312  315  334  347  373  391  410  421  423  427
  428  429  425  420  415  413  412  414  414  413  405  389  368  347  328  313
  297  283  263  250  234  230  225  226  218  204  188  172  161  152  145  135
  132  128  128  125  123  117  112   94  107                                   
     7.5-180.0 180.0   5.0 450.0                            LAT/LON1/LON2/DLON/H
  101   86   81   81   81   92  108  126  144  162  179  197  215  241  258  279
  291  306  312  319  320  319  326  332  350  364  387  404  420  423  426  428
