data/unet/pred1300.15i
     1.0            IONOSPHERE MAPS     GNSS                IONEX VERSION / TYPE
pyspatialgeodesy        IME             05-JAN-18 20:20     PGM / RUN BY / DATE 
Map Name                                                    COMMENT             
Predicted global ionosphere maps (GIM).                     DESCRIPTION         
  2015     5    10     0     0     0                        EPOCH OF FIRST MAP  
  2015     5    11     0     0     0                        EPOCH OF LAST MAP   
  7200                                                      INTERVAL            
    13                                                      # OF MAPS IN FILE   
  NONE                                                      MAPPING FUNCTION    
10.0                                                        ELEVATION CUTOFF    
One-way carrier phase leveled to code                       OBSERVABLES USED    
  6371.0                                                    BASE RADIUS         
 2                                                          MAP DIMENSION       
   450.0 450.0   0.0                                        HGT1 / HGT2 / DHGT  
    87.5 -87.5  -2.5                                        LAT1 / LAT2 / DLAT  
  -180.0 180.0   5.0                                        LON1 / LON2 / DLON  
    -1                                                      EXPONENT            
                                                            END OF HEADER       
[from data line 4719]
    12                                                      START OF TEC MAP    
  2015     5    10    22     0     0                        EPOCH OF CURRENT MAP
    87.5-180.0 180.0   5.0 450.0                            LAT/LON1/LON2/DLON/H
  241  209  199  201  200  200  200  201  201  202  202  202  202  202  201  201
  200  199  198  198  197  195  194  192  192  190  189  188  187  186  185  184
  183  182  181  181  180  180  179  180  179  180  180  182  182  184  184  186
  186  188  189  191  192  194  194  196  196  198  197  199  198  200  199  201
  201  202  201  201  198  198  201  218  241                                   
    85.0-180.0 180.0   5.0 450.0                            LAT/LON1/LON2/DLON/H
  229  213  214  216  215  215  217  217  219  218  221  220  221  219  220  217
  218  215  215  211  211  208  207  203  203  199  198  195  194  191  190  187
  186  184  183  182  182  181  181  181  181  182  183  185  186  188  190  192
  194  196  199  201  204  205  208  208  212  211  213  212  216  214  216  214
  217  215  217  213  213  207  209  226  229                                   
    82.5-180.0 180.0   5.0 450.0                            LAT/LON1/LON2/DLON/H
  228  214  215  217  217  218  220  223  225  227  229  230  231  231  230  229
  227  226  223  222  218  216  211  209  205  202  198  196  192  190  186  184
  181  179  176  176  174  174  172  174  173  175  176  179  181  185  187  191
  193  197  199  203  206  209  212  215  218  219  220  221  223  223  222  223
  223  223  223  221  216  213  210  227  228                                   
    80.0-180.0 180.0   5.0 450.0                            LAT/LON1/LON2/DLON/H
  229  214  212  210  214  213  219  220  227  227  233  234  238  237  239  237
  237  234  233  228  226  221  218  213  210  204  202  196  194  187  186  180
  179  174  174  170  171  168  169  167  170  169  173  174  179  179  185  186
  192  193  199  200  206  206  213  213  219  216  221  219  224  220  223  220
  224  219  223  215  216  209  205  219  229                                   
    77.5-180.0 180.0   5.0 450.0                            LAT/LON1/LON2/DLON/H
  225  211  207  206  209  211  217  221  228  232  239  242  248  248  251  248
  249  244  243  237  235  228  225  219  216  210  207  201  198  192  190  185
  182  177  176  172  171  169  169  168  169  169  172  174  177  180  184  187
  192  194  199  201  206  207  212  213  217  217  220  219  222  220  222  220
  221  219  220  214  213  208  204  220  225                                   
    75.0-180.0 180.0   5.0 450.0                            LAT/LON1/LON2/DLON/H
  225  212  208  207  211  214  220  224  232  237  246  250  256  257  260  257
  257  251  250  242  240  232  230  224  222  215  213  205  204  196  195  188
  187  181  181  176  176  172  173  170  172  171  174  174  178  179  184  185
  190  190  195  195  200  200  205  205  210  208  213  211  216  213  216  214
  217  214  218  212  213  208  206  222  225                                   
    72.5-180.0 180.0   5.0 450.0                            LAT/LON1/LON2/DLON/H
  230  220  215  215  216  220  224  230  237  245  253  258  264  264  267  263
  261  255  252  246  243  236  234  228  225  220  217  212  207  202  198  194
  190  187  184  181  179  177  175  174  173  174  174  176  176  179  180  184
  185  187  188  190  191  193  195  197  200  201  204  205  208  207  209  209
  211  212  213  213  213  213  211  231  230                                   
    70.0-180.0 180.0   5.0 450.0                            LAT/LON1/LON2/DLON/H
  240  228  225  224  226  228  232  236  244  250  259  264  271  271  272  267
  265  257  255  247  246  238  238  231  230  223  221  214  212  204  202  195
  193  187  186  180  180  176  176  172  173  171  172  171  173  172  175  174
  177  176  178  177  179  178  181  182  186  187  191  193  197  197  200  201
  205  206  211  211  216  215  218  236  240                                   
    67.5-180.0 180.0   5.0 450.0                            LAT/LON1/LON2/DLON/H
  251  242  239  238  237  238  240  244  250  256  264  269  276  275  277  270
  268  260  257  252  249  244  242  237  234  228  224  218  213  208  202  198
  193  189  185  181  178  175  173  170  169  168  167  166  166  166  166  166
  166  166  165  165  165  165  166  169  173  176  181  185  190  192  194  196
  198  202  206  211  215  221  224  245  251                                   
    65.0-180.0 180.0   5.0 450.0                            LAT/LON1/LON2/DLON/H
  264  253  255  252  252  251  252  251  258  262  271  275  282  280  283  276
  274  266  265  258  259  252  252  245  243  235  232  223  219  211  207  200
  196  188  185  178  176  169  169  164  163  160  160  157  157  154  155  153
  154  151  151  149  150  149  152  154  160  164  171  176  183  185  190  191
  196  198  205  207  216  220  228  249  264                                   
    62.5-180.0 180.0   5.0 450.0                            LAT/LON1/LON2/DLON/H
  270  263  268  266  264  262  260  259  263  267  274  277  283  284  285  281
  279  273  271  268  267  264  261  256  251  244  238  230  224  218  212  207
  199  193  186  180  173  168  164  161  158  155  152  149  147  145  144  142
  141  139  138  136  137  137  140  145  152  159  167  174  181  185  190  192
  195  197  202  205  212  220  228  253  270                                   
    60.0-180.0 180.0   5.0 450.0                            LAT/LON1/LON2/DLON/H
  275  266  276  274  276  270  269  265  269  268  276  277  284  282  287  282
  284  278  281  276  279  275  275  267  263  253  249  241  237  230  226  217
  211  199  191  180  174  165  161  155  153  148  146  141  138  134  133  130
  130  127  127  124  126  126  131  137  146  153  164  172  182  186  193  194
  198  198  203  203  211  215  224  250  275                                   
    57.5-180.0 180.0   5.0 450.0                            LAT/LON1/LON2/DLON/H
  270  266  277  280  279  277  274  272  271  272  275  276  280  281  285  285
  286  285  285  284  286  284  283  277  272  264  258  253  249  246  241  234
  224  212  199  188  177  169  163  158  154  150  144  139  134  130  127  124
  123  121  120  119  120  122  128  135  145  154  166  176  187  193  201  202
  206  205  207  206  209  213  220  248  270                                   
    55.0-180.0 180.0   5.0 450.0                            LAT/LON1/LON2/DLON/H
  268  261  275  278  283  280  281  276  278  276  278  276  279  279  285  284
  290  286  290  287  292  288  291  285  283  276  274  268  269  261  261  247
  242  222  210  192  183  171  166  160  157  151  146  139  133  126  124  119
  120  116  117  114  117  118  125  132  144  154  168  178  192  198  210  211
  218  216  220  214  216  212  219  246  268                                   
    52.5-180.0 180.0   5.0 450.0                            LAT/LON1/LON2/DLON/H
  266  263  274  281  285  290  290  290  288  286  284  281  281  282  286  288
  290  290  289  289  291  291  295  291  292  285  286  283  287  281  281  266
  256  236  221  203  190  180  174  170  166  162  154  148  140  133  128  125
  124  122  120  119  119  122  127  135  147  158  172  184  199  207  220  224
  232  232  235  228  226  222  225  251  266                                   
    50.0-180.0 180.0   5.0 450.0                            LAT/LON1/LON2/DLON/H
  273  267  280  284  295  298  305  304  306  301  299  292  291  288  292  292
  295  290  291  286  292  291  299  296  301  295  301  295  305  295  298  275
  267  239  228  206  197  184  181  175  173  167  162  153  147  138  134  129
  129  125  125  121  123  123  129  136  148  160  175  187  203  212  228  234
  247  249  256  246  246  234  240  262  273                                   
    47.5-180.0 180.0   5.0 450.0                            LAT/LON1/LON2/DLON/H
  283  282  289  297  308  317  323  328  327  326  319  312  305  301  301  301
  298  293  289  286  289  293  301  301  307  302  311  307  315  307  306  284
  271  245  231  212  202  194  189  186  182  178  171  165  157  151  145  142
  140  138  135  133  132  133  138  145  156  167  181  194  209  220  236  245
  260  266  274  269  267  257  259  278  283                                   
    45.0-180.0 180.0   5.0 450.0                            LAT/LON1/LON2/DLON/H
  302  296  306  308  324  329  343  346  353  347  342  331  323  317  314  309
  305  296  294  287  295  297  310  307  318  309  320  311  320  306  305  280
  268  241  230  213  207  198  197  192  191  184  180  172  167  160  156  152
  150  146  144  140  139  138  143  149  159  171  185  198  214  224  244  253
  273  281  296  291  294  281  287  298  302                                   
    42.5-180.0 180.0   5.0 450.0                            LAT/LON1/LON2/DLON/H
  323  324  325  329  338  349  360  370  374  375  367  358  347  339  332  326
  318  307  302  298  307  310  323  321  329  321  327  318  322  307  302  278
  263  240  230  219  214  210  209  206  201  196  190  185  179  175  170  168
  164  162  157  154  151  150  153  158  167  179  193  206  222  235  253  265
  283  296  312  313  317  311  313  322  323                                   
    40.0-180.0 180.0   5.0 450.0                            LAT/LON1/LON2/DLON/H
  351  348  355  351  363  365  381  387  398  395  393  380  374  361  355  345
  336  322  319  313  326  326  342  335  345  331  337  321  323  305  298  275
  261  243  235  229  229  226  226  218  214  204  201  193  192  186  184  180
  178  173  170  164  160  157  158  162  171  182  198  211  230  241  262  271
  293  303  325  327  339  335  343  343  351                                   
    37.5-180.0 180.0   5.0 450.0                            LAT/LON1/LON2/DLON/H
  375  380  382  383  387  392  401  410  417  420  416  410  400  392  382  373
  361  350  343  342  352  355  366  360  363  350  350  335  331  312  299  280
  266  255  247  248  246  248  243  239  231  222  215  211  208  205  202  199
  195  191  184  179  172  168  165  168  174  186  202  219  238  253  270  280
  299  311  332  342  354  359  364  365  375                                   
    35.0-180.0 180.0   5.0 450.0                            LAT/LON1/LON2/DLON/H
  399  401  410  408  417  413  425  426  437  436  438  429  427  416  412  399
  391  378  376  373  382  383  391  383  384  369  367  352  345  325  312  296
  286  281  275  277  277  274  271  257  251  235  233  224  225  219  219  212
  210  202  197  188  182  174  171  169  176  184  204  220  244  258  276  287
  305  314  336  346  364  374  383  382  399                                   
    32.5-180.0 180.0   5.0 450.0                            LAT/LON1/LON2/DLON/H
  415  429  435  439  443  444  448  452  459  461  462  458  457  450  444  433
  424  416  412  413  417  417  419  410  409  396  393  382  374  360  344  334
  325  319  312  309  304  299  291  279  269  256  251  246  244  239  235  229
  223  216  206  198  187  180  172  171  174  186  203  223  245  263  281  293
  311  321  340  353  372  388  395  399  415                                   
    30.0-180.0 180.0   5.0 450.0                            LAT/LON1/LON2/DLON/H
  432  449  460  463  469  467  473  474  483  483  487  480  484  473  473  458
  454  443  443  441  444  439  439  427  429  418  421  411  409  397  385  377
  370  363  351  343  329  318  307  293  287  272  270  265  267  258  254  245
  237  224  213  200  189  176  168  162  164  174  195  218  245  266  286  303
  319  330  348  360  376  396  409  415  432                                   
    27.5-180.0 180.0   5.0 450.0                            LAT/LON1/LON2/DLON/H
  448  477  485  496  502  506  510  516  521  522  522  518  516  510  503  493
  484  477  471  472  468  463  459  452  454  449  454  449  448  435  426  418
  414  400  383  360  339  323  312  301  292  285  286  283  281  273  266  254
  244  229  216  201  188  176  164  159  158  168  185  210  238  266  292  311
  332  345  360  367  385  405  421  429  448                                   
    25.0-180.0 180.0   5.0 450.0                            LAT/LON1/LON2/DLON/H
  467  495  513  525  540  549  555  561  565  563  563  557  557  544  539  522
  513  498  497  489  488  477  477  469  477  475  484  480  478  463  454  442
  440  426  405  376  346  326  314  304  301  296  298  295  290  281  270  259
  248  233  221  204  192  177  168  158  158  163  180  201  234  267  297  322
  345  360  374  383  399  416  438  445  467                                   
    22.5-180.0 180.0   5.0 450.0                            LAT/LON1/LON2/DLON/H
  484  520  539  567  585  605  615  625  628  628  625  620  614  601  588  567
  550  531  520  514  508  502  500  498  507  508  515  503  488  467  456  444
  439  424  399  365  334  314  303  299  300  301  302  298  293  282  273  263
  252  236  221  206  190  178  168  164  164  170  182  202  231  264  300  328
  356  372  389  393  410  427  446  465  484                                   
    20.0-180.0 180.0   5.0 450.0                            LAT/LON1/LON2/DLON/H
  502  536  565  594  624  647  664  677  682  683  679  675  670  657  641  610
  592  562  550  535  533  523  527  524  535  534  532  506  486  458  445  428
  422  407  375  344  315  296  291  291  296  298  298  296  291  285  277  263
  250  234  220  202  186  172  164  161  162  171  186  207  234  266  301  335
  365  385  404  411  423  439  460  479  502                                   
    17.5-180.0 180.0   5.0 450.0                            LAT/LON1/LON2/DLON/H
  511  549  583  621  652  681  697  717  725  735  731  732  724  712  691  663
  633  604  583  570  565  559  559  557  561  550  535  504  468  436  408  394
  386  368  334  308  288  274  272  276  281  288  290  293  292  289  279  263
  250  233  219  200  182  169  162  160  164  169  187  206  235  267  303  338
  367  391  410  421  433  446  466  493  511                                   
    15.0-180.0 180.0   5.0 450.0                            LAT/LON1/LON2/DLON/H
  523  560  596  634  673  699  720  739  753  766  770  772  767  754  733  702
  671  636  617  599  595  588  587  578  572  551  529  481  440  398  375  358
  346  323  301  280  268  260  262  269  275  283  287  293  295  293  282  267
  252  234  216  197  179  168  160  155  158  167  184  207  235  270  306  339
  370  393  415  429  442  456  476  501  523                                   
    12.5-180.0 180.0   5.0 450.0                            LAT/LON1/LON2/DLON/H
  527  569  601  640  671  697  716  737  756  779  791  801  803  793  770  740
  706  677  655  643  633  628  617  603  581  558  513  460  409  370  342  327
  307  293  278  268  262  261  264  275  279  289  292  300  298  296  283  269
  251  233  213  194  178  163  155  150  154  167  182  200  232  267  305  340
  369  395  415  433  448  463  483  512  527                                   
    10.0-180.0 180.0   5.0 450.0                            LAT/LON1/LON2/DLON/H
  541  583  612  642  672  691  713  730  754  776  796  807  815  811  796  767
  737  708  694  682  678  667  652  632  594  549  492  432  385  345  326  307
  293  281  278  276  281  286  292  301  300  305  302  307  301  298  282  267
  249  230  208  186  166  154  145  142  147  158  172  192  224  259  300  334
  366  392  416  437  455  474  495  519  541                                   
     7.5-180.0 180.0   5.0 450.0                            LAT/LON1/LON2/DLON/H
  550  599  622  652  670  686  700  714  733  755  779  794  808  810  802  784
  760  739  728  722  717  705  680  648  600  542  475  420  376  346  329  312
