data/unet/pred3110.15i
     1.0            IONOSPHERE MAPS     GNSS                IONEX VERSION / TYPE
pyspatialgeodesy        IME             05-JAN-18 20:20     PGM / RUN BY / DATE 
Map Name                                                    COMMENT             
Predicted global ionosphere maps (GIM).                     DESCRIPTION         
  2015    11     7     0     0     0                        EPOCH OF FIRST MAP  
  2015    11     8     0     0     0                        EPOCH OF LAST MAP   
  7200                                                      INTERVAL            
    13                                                      # OF MAPS IN FILE   
  NONE                                                      MAPPING FUNCTION    
10.0                                                        ELEVATION CUTOFF    
One-way carrier phase leveled to code                       OBSERVABLES USED    
  6371.0                                                    BASE RADIUS         
 2                                                          MAP DIMENSION       
   450.0 450.0   0.0                                        HGT1 / HGT2 / DHGT  
    87.5 -87.5  -2.5                                        LAT1 / LAT2 / DLAT  
  -180.0 180.0   5.0                                        LON1 / LON2 / DLON  
    -1                                                      EXPONENT            
                                                            END OF HEADER       
[from data line 858]
     3                                                      START OF TEC MAP    
  2015    11     7     4     0     0                        EPOCH OF CURRENT MAP
    87.5-180.0 180.0   5.0 450.0                            LAT/LON1/LON2/DLON/H
   26   59   57   50   56   49   54   51   55   52   55   52   54   52   54   51
   53   51   53   51   53   52   53   52   54   53   54   53   54   54   54   54
   55   55   56   57   57   59   59   61   60   62   61   63   61   63   62   63
   61   63   62   64   62   64   63   64   64   64   64   63   64   60   63   57
   61   55   60   57   62   55   61   34   26                                   
    85.0-180.0 180.0   5.0 450.0                            LAT/LON1/LON2/DLON/H
   68   68   46   50   51   48   49   49   51   50   52   51   53   52   53   53
   53   52   51   51   50   50   48   48   47   47   46   46   45   46   46   47
   47   50   51   53   54   57   58   60   61   63   64   65   65   66   66   66
   66   66   67   66   66   65   66   65   66   64   65   63   64   62   61   59
   59   57   57   56   56   52   70   81   68                                   
    82.5-180.0 180.0   5.0 450.0                            LAT/LON1/LON2/DLON/H
   71   48   43   44   38   39   38   41   42   44   45   47   48   50   49   50
   48   48   46   45   42   40   38   36   35   32   32   31   31   30   31   33
   35   37   40   44   48   51   55   58   62   64   67   69   70   70   72   70
   72   69   72   68   71   67   71   65   71   64   69   62   67   61   64   58
   60   55   57   53   51   47   62   80   71                                   
    80.0-180.0 180.0   5.0 450.0                            LAT/LON1/LON2/DLON/H
   78   53   45   45   40   41   39   45   45   49   49   55   55   59   58   60
   58   58   53   52   46   44   38   36   32   31   28   27   26   27   28   31
   33   37   41   47   52   58   62   68   71   74   77   79   80   80   80   80
   80   79   79   78   79   78   79   79   80   80   80   80   80   79   78   77
   74   74   70   70   62   57   63   88   78                                   
    77.5-180.0 180.0   5.0 450.0                            LAT/LON1/LON2/DLON/H
   88   53   47   44   36   35   34   37   39   42   45   50   53   56   56   59
   56   57   51   50   43   40   34   31   26   24   22   21   20   21   22   25
   28   33   39   45   52   58   64   69   74   76   79   80   80   80   78   78
   77   77   76   78   77   80   81   84   85   88   88   91   90   91   90   90
   87   85   83   81   75   70   73   89   88                                   
    75.0-180.0 180.0   5.0 450.0                            LAT/LON1/LON2/DLON/H
   92   59   50   43   36   33   31   34   34   39   41   46   47   52   51   54
   51   51   47   45   38   36   28   26   21   19   18   17   17   19   21   24
   28   33   40   47   53   60   67   72   75   77   80   80   79   78   76   74
   72   74   74   77   78   83   85   90   91   96   97   99   99  100   99   99
   98   96   95   92   90   80   83   94   92                                   
    72.5-180.0 180.0   5.0 450.0                            LAT/LON1/LON2/DLON/H
  109   70   67   56   47   37   36   34   37   38   41   43   46   46   47   46
   46   44   43   40   36   33   30   26   24   22   24   22   24   23   29   29
   35   36   46   49   59   62   72   72   77   76   80   77   77   73   72   69
   69   70   74   78   82   87   92   97  100  105  105  108  107  108  106  107
  105  105  105  104  101   95  100   99  109                                   
    70.0-180.0 180.0   5.0 450.0                            LAT/LON1/LON2/DLON/H
  117   84   75   62   52   42   38   38   37   40   40   43   44   44   43   42
   40   39   38   35   34   31   30   27   29   27   31   31   35   34   38   38
   42   43   50   53   60   64   70   72   75   74   76   73   72   68   67   64
   65   68   74   80   88   96  103  110  114  119  118  119  117  116  115  113
  114  114  115  115  114  107  111  108  117                                   
    67.5-180.0 180.0   5.0 450.0                            LAT/LON1/LON2/DLON/H
  131   95   88   73   63   49   47   41   45   41   44   41   44   40   41   37
   38   36   36   32   33   31   33   32   36   37   42   44   47   47   49   49
   51   51   54   56   61   62   68   67   70   67   68   64   63   60   59   58
   61   66   75   85   95  107  115  124  127  131  129  128  123  121  117  116
  114  116  118  120  121  119  123  113  131                                   
    65.0-180.0 180.0   5.0 450.0                            LAT/LON1/LON2/DLON/H
  134  103   93   77   72   54   54   47   50   46   47   44   44   42   40   38
   38   36   35   33   34   33   36   36   42   45   52   54   58   58   59   57
   56   54   54   54   56   57   60   60   62   60   61   58   58   55   56   56
   62   70   81   96  108  121  131  138  143  145  141  137  130  125  120  117
  116  116  119  121  124  121  126  119  134                                   
    62.5-180.0 180.0   5.0 450.0                            LAT/LON1/LON2/DLON/H
  140  108  101   80   75   54   57   45   51   41   47   38   44   35   39   32
   38   33   36   33   36   35   38   40   46   51   56   61   62   63   61   59
   55   53   50   48   50   49   52   51   53   51   53   50   51   50   52   56
   62   74   88  103  115  131  141  150  156  157  152  145  136  128  121  116
  113  114  116  119  124  125  131  122  140                                   
    60.0-180.0 180.0   5.0 450.0                            LAT/LON1/LON2/DLON/H
  142  113  102   85   83   63   67   56   61   50   54   45   49   42   44   41
   43   41   41   39   39   37   41   40   48   49   56   58   60   59   57   54
   49   46   44   42   43   41   43   41   45   43   46   45   48   49   54   59
   69   85  100  115  128  142  152  161  168  169  165  158  149  139  130  123
  118  116  118  119  123  122  129  125  142                                   
    57.5-180.0 180.0   5.0 450.0                            LAT/LON1/LON2/DLON/H
  146  120  110   90   84   65   68   57   60   48   53   42   48   41   47   40
   47   41   44   39   40   37   38   38   43   46   50   52   52   51   47   45
   42   40   39   37   38   36   38   36   41   39   43   43   48   51   59   65
   77   94  107  121  136  149  162  170  178  180  178  172  165  155  144  135
  128  124  123  124  127  128  136  132  146                                   
    55.0-180.0 180.0   5.0 450.0                            LAT/LON1/LON2/DLON/H
  150  127  114   99   89   73   73   63   64   53   56   47   52   47   53   49
   55   50   51   45   44   39   40   37   42   41   46   44   45   42   40   39
   38   38   39   38   39   37   38   36   39   38   43   45   51   58   66   76
   90  107  119  133  147  161  172  184  189  194  191  189  185  178  169  160
  152  147  142  141  138  138  142  142  150                                   
    52.5-180.0 180.0   5.0 450.0                            LAT/LON1/LON2/DLON/H
  159  140  131  109   96   78   74   62   63   50   52   42   48   43   50   46
   54   50   50   44   42   37   37   34   38   37   41   39   39   35   37   34
   37   38   43   42   44   41   43   39   42   42   48   51   60   68   79   92
  106  118  131  143  158  170  184  192  202  205  207  206  205  202  194  187
  179  173  165  162  160  159  161  159  159                                   
    50.0-180.0 180.0   5.0 450.0                            LAT/LON1/LON2/DLON/H
  174  159  143  126  110   90   83   69   65   54   54   46   51   49   54   51
   56   50   52   44   44   38   38   37   40   40   42   39   39   35   37   36
   41   44   49   51   53   51   50   47   47   49   54   60   69   81   94  110
  122  133  145  156  170  185  196  205  214  219  221  223  225  224  218  214
  204  198  188  184  175  174  175  171  174                                   
    47.5-180.0 180.0   5.0 450.0                            LAT/LON1/LON2/DLON/H
  187  174  166  146  130  108   98   80   72   58   57   48   53   48   54   47
   52   45   47   39   41   36   41   39   46   46   49   45   45   39   42   40
   48   51   59   59   62   58   58   52   54   54   61   68   80   93  110  125
  138  147  160  170  186  198  208  215  224  229  232  236  239  239  235  230
  219  211  202  198  194  191  192  186  187                                   
    45.0-180.0 180.0   5.0 450.0                            LAT/LON1/LON2/DLON/H
  200  186  174  162  145  125  115   95   85   69   64   57   59   56   55   50
   49   44   45   39   42   40   45   48   53   55   57   54   52   47   48   49
   56   60   68   69   71   68   66   62   61   64   69   79   89  107  123  140
  149  160  171  187  199  211  219  226  233  238  241  244  247  249  243  238
  226  218  208  205  197  194  197  189  200                                   
    42.5-180.0 180.0   5.0 450.0                            LAT/LON1/LON2/DLON/H
  196  183  177  169  155  140  130  111  100   82   75   67   67   60   60   51
   50   42   44   38   46   44   54   58   65   68   70   66   63   57   56   57
   63   68   75   76   78   73   71   66   67   69   76   84   97  116  134  149
  162  172  187  200  211  220  228  234  241  243  243  245  246  246  239  233
  222  215  207  202  197  192  195  191  196                                   
    40.0-180.0 180.0   5.0 450.0                            LAT/LON1/LON2/DLON/H
  194  178  163  162  151  143  136  123  113   96   88   79   77   72   69   62
   57   51   53   50   57   57   64   69   74   75   75   72   68   63   62   62
   68   73   79   80   80   77   74   72   72   76   81   93  104  125  141  158
  168  183  196  209  220  229  238  243  250  248  248  246  247  245  236  229
  220  212  203  198  187  182  182  177  194                                   
    37.5-180.0 180.0   5.0 450.0                            LAT/LON1/LON2/DLON/H
  180  161  149  149  137  136  130  126  116  105   97   91   88   83   82   73
   72   64   67   64   72   72   80   81   85   83   81   76   72   67   66   66
   70   74   79   80   81   78   77   74   77   81   89   97  112  129  149  163
  179  191  206  216  228  236  247  251  259  257  255  250  248  243  233  226
  217  210  202  194  185  177  172  169  180                                   
    35.0-180.0 180.0   5.0 450.0                            LAT/LON1/LON2/DLON/H
  172  148  127  124  114  116  115  117  112  107  103   99   99   96   94   90
   89   86   87   86   91   89   91   88   86   83   79   75   70   67   68   68
   71   74   78   80   80   79   77   77   80   87   94  105  117  136  152  170
  183  197  212  223  236  247  259  265  274  272  272  265  263  256  247  241
  234  227  219  212  198  184  174  170  172                                   
    32.5-180.0 180.0   5.0 450.0                            LAT/LON1/LON2/DLON/H
  172  142  116  103   90   92   94  100   98  100   97   99  101  102  103  101
  105  102  106  103  107  103  102   94   90   83   78   72   68   67   66   67
   69   71   75   76   80   79   81   80   86   92  101  109  125  138  159  173
  189  200  218  229  244  258  274  283  295  295  295  291  291  284  277  274
  272  266  259  244  229  210  198  189  172                                   
    30.0-180.0 180.0   5.0 450.0                            LAT/LON1/LON2/DLON/H
  182  149  116  100   83   83   78   87   83   89   88   95  100  104  107  111
  114  116  117  116  113  108  101   94   88   80   75   69   68   66   71   69
   72   71   74   76   80   82   83   83   88   96  104  115  128  144  160  176
  192  204  224  240  258  277  294  311  323  329  331  331  336  333  330  330
  334  332  327  308  284  255  241  221  182                                   
    27.5-180.0 180.0   5.0 450.0                            LAT/LON1/LON2/DLON/H
  224  180  144  114   93   84   77   77   73   77   76   85   91   98  103  108
  116  117  119  115  113  106  101   93   90   83   78   71   71   71   74   74
   73   71   74   75   81   83   85   85   91   98  108  117  135  149  170  180
  198  209  231  248  272  292  315  335  354  360  370  376  390  392  395  398
  404  407  405  387  367  332  302  284  224                                   
    25.0-180.0 180.0   5.0 450.0                            LAT/LON1/LON2/DLON/H
  292  238  199  156  126  102   87   79   73   72   73   79   82   90   93  101
  108  109  107  103   98   93   91   90   91   87   84   79   80   80   86   83
   81   78   78   79   83   85   85   85   89   96  107  118  137  158  178  195
  211  227  245  262  284  309  333  356  376  390  402  417  438  450  462  473
  483  492  495  485  463  436  396  369  292                                   
    22.5-180.0 180.0   5.0 450.0                            LAT/LON1/LON2/DLON/H
  393  326  278  230  187  148  124  102   92   84   81   82   81   84   83   88
   93   93   88   83   80   80   87   93   98   98   98   93   95   96   97   95
   90   85   82   81   82   82   81   80   85   92  104  118  143  163  191  207
  227  240  261  275  301  322  354  376  403  417  434  455  481  497  511  527
  543  560  572  568  555  532  492  468  393                                   
    20.0-180.0 180.0   5.0 450.0                            LAT/LON1/LON2/DLON/H
  490  444  398  331  275  217  176  143  120  105   97   93   89   86   81   82
   83   78   72   65   66   69   85   95  107  111  113  110  110  109  110  106
   99   95   89   85   86   82   79   78   81   86  102  119  146  174  201  227
  244  262  280  301  325  350  378  403  428  444  462  484  514  533  549  567
  586  610  624  630  622  607  582  551  490                                   
    17.5-180.0 180.0   5.0 450.0                            LAT/LON1/LON2/DLON/H
  556  526  486  437  375  311  252  197  169  140  126  117  110  101   90   86
   82   74   64   57   59   70   89  104  122  129  134  130  127  125  120  115
  106  100   93   88   84   80   74   71   74   81   98  118  153  184  216  237
  259  274  297  317  342  367  401  428  454  473  489  509  533  549  561  577
  596  619  639  649  654  651  634  603  556                                   
    15.0-180.0 180.0   5.0 450.0                            LAT/LON1/LON2/DLON/H
  599  579  552  509  465  409  355  287  243  201  177  156  148  130  119  105
   98   85   76   66   72   80  100  117  136  148  154  150  143  135  128  120
  109  103   92   88   85   79   72   68   68   77   95  119  155  192  223  248
  267  287  311  333  358  384  420  440  467  478  498  510  534  542  553  564
  582  595  613  630  641  649  652  626  599                                   
    12.5-180.0 180.0   5.0 450.0                            LAT/LON1/LON2/DLON/H
  605  602  586  550  515  467  421  366  318  259  232  206  194  171  158  145
  131  118  105   98   99  106  124  139  158  169  174  171  159  147  133  124
  112  103   95   89   84   78   71   63   65   74   93  118  160  194  228  249
  274  290  318  340  369  400  430  450  469  481  494  504  518  520  523  532
  543  552  566  581  605  622  632  616  605                                   
    10.0-180.0 180.0   5.0 450.0                            LAT/LON1/LON2/DLON/H
  594  590  584  561  537  505  471  422  382  327  289  256  240  215  206  187
  179  157  144  131  132  134  149  163  178  189  189  184  168  152  136  125
  112  105   94   91   85   80   72   65   64   74   92  119  161  197  230  253
  278  296  327  347  377  402  427  441  457  466  479  484  495  492  496  500
  511  517  528  544  563  581  598  593  594                                   
     7.5-180.0 180.0   5.0 450.0                            LAT/LON1/LON2/DLON/H
  557  569  570  552  536  511  488  452  419  370  336  301  288  268  257  240
  232  213  197  181  176  174  182  190  199  206  202  195  177  159  140  129
