data/unet/pred1890.15i
     1.0            IONOSPHERE MAPS     GNSS                IONEX VERSION / TYPE
pyspatialgeodesy        IME             05-JAN-18 20:20     PGM / RUN BY / DATE 
Map Name                                                    COMMENT             
Predicted global ionosphere maps (GIM).                     DESCRIPTION         
  2015     7     8     0     0     0                        EPOCH OF FIRST MAP  
  2015     7     9     0     0     0                        EPOCH OF LAST MAP   
  7200                                                      INTERVAL            
    13                                                      # OF MAPS IN FILE   
  NONE                                                      MAPPING FUNCTION    
10.0                                                        ELEVATION CUTOFF    
One-way carrier phase leveled to code                       OBSERVABLES USED    
  6371.0                                                    BASE RADIUS         
 2                                                          MAP DIMENSION       
   450.0 450.0   0.0                                        HGT1 / HGT2 / DHGT  
    87.5 -87.5  -2.5                                        LAT1 / LAT2 / DLAT  
  -180.0 180.0   5.0                                        LON1 / LON2 / DLON  
    -1                                                      EXPONENT            
                                                            END OF HEADER       
[from data line 3861]
    10                                                      START OF TEC MAP    
  2015     7     8    18     0     0                        EPOCH OF CURRENT MAP
    87.5-180.0 180.0   5.0 450.0                            LAT/LON1/LON2/DLON/H
  210  185  182  184  186  183  185  184  186  185  187  187  189  188  190  189
  190  189  191  190  191  189  190  189  189  188  189  187  188  186  186  184
  185  183  184  181  183  180  182  178  181  177  181  177  181  177  181  177
  181  178  182  179  182  179  183  179  182  179  181  178  180  177  180  176
  179  177  180  176  177  173  186  184  210                                   
    85.0-180.0 180.0   5.0 450.0                            LAT/LON1/LON2/DLON/H
  181  177  178  183  182  184  182  185  183  187  186  188  187  190  189  191
  190  192  190  193  191  194  191  193  191  193  190  192  188  191  186  189
  184  187  182  184  180  183  178  181  176  180  176  179  175  180  176  180
  176  181  178  183  179  183  180  184  180  184  179  182  178  181  176  179
  176  179  176  177  172  168  177  180  181                                   
    82.5-180.0 180.0   5.0 450.0                            LAT/LON1/LON2/DLON/H
  182  174  176  178  180  181  181  183  183  185  186  188  188  190  191  192
  193  194  194  195  196  196  196  196  196  195  195  193  193  190  190  187
  187  185  184  181  182  179  179  176  177  174  176  173  175  172  175  172
  176  174  178  175  179  177  180  177  180  178  179  176  177  175  176  173
  174  173  174  170  171  161  166  166  182                                   
    80.0-180.0 180.0   5.0 450.0                            LAT/LON1/LON2/DLON/H
  180  176  173  177  178  179  181  182  183  185  186  188  189  191  192  194
  196  197  198  200  200  201  200  201  199  199  197  197  194  194  191  190
  188  187  184  183  181  180  178  176  175  174  173  172  172  171  172  172
  174  174  176  176  178  178  178  178  178  178  177  176  175  175  173  172
  171  172  170  171  166  162  160  162  180                                   
    77.5-180.0 180.0   5.0 450.0                            LAT/LON1/LON2/DLON/H
  177  174  171  172  174  177  178  180  180  183  184  186  187  190  192  195
  196  199  200  202  203  204  204  203  202  201  200  199  197  195  194  192
  191  189  188  186  185  182  181  178  176  174  174  172  173  172  172  173
  174  175  175  176  176  177  176  177  175  175  174  173  172  171  170  169
  168  168  168  166  164  157  158  161  177                                   
    75.0-180.0 180.0   5.0 450.0                            LAT/LON1/LON2/DLON/H
  183  176  173  176  178  179  181  181  183  183  186  187  190  192  196  197
  201  203  206  206  209  208  210  207  208  204  205  201  201  197  198  194
  195  191  193  189  189  185  184  180  179  175  175  173  174  172  173  171
  174  173  175  173  175  173  174  173  173  172  172  171  172  171  171  170
  170  170  170  170  167  164  161  168  183                                   
    72.5-180.0 180.0   5.0 450.0                            LAT/LON1/LON2/DLON/H
  193  185  183  184  185  188  187  189  188  190  191  194  195  199  200  205
  207  210  213  215  216  217  218  217  215  213  210  207  205  202  201  199
  198  197  196  195  192  190  187  184  181  179  176  176  174  175  174  175
  174  176  174  175  172  173  171  172  169  171  169  171  170  172  171  172
  172  174  175  174  173  169  171  178  193                                   
    70.0-180.0 180.0   5.0 450.0                            LAT/LON1/LON2/DLON/H
  207  196  193  196  198  197  197  196  197  196  198  199  202  204  208  211
  215  217  221  222  226  224  227  223  223  217  216  209  210  204  205  201
  203  199  200  196  196  191  190  185  183  179  179  176  176  173  174  173
  174  172  173  171  170  168  167  165  166  164  166  167  170  172  174  175
  177  179  181  181  181  180  179  190  207                                   
    67.5-180.0 180.0   5.0 450.0                            LAT/LON1/LON2/DLON/H
  220  209  209  210  209  210  207  207  204  205  205  207  208  213  214  219
  221  225  227  230  233  234  234  232  228  223  220  214  212  208  208  206
  205  204  202  200  197  195  192  189  185  183  181  179  177  177  175  176
  174  175  172  172  167  167  162  162  159  161  161  165  168  172  175  178
  180  184  186  188  189  189  192  202  220                                   
    65.0-180.0 180.0   5.0 450.0                            LAT/LON1/LON2/DLON/H
  232  222  220  222  223  220  219  215  214  212  213  213  216  218  223  225
  230  231  236  237  242  240  243  237  235  227  224  217  216  210  212  208
  211  206  207  201  200  195  193  189  188  184  185  180  181  177  179  175
  176  172  172  168  166  160  158  153  153  152  157  159  166  169  176  178
  183  185  190  192  195  197  200  211  232                                   
    62.5-180.0 180.0   5.0 450.0                            LAT/LON1/LON2/DLON/H
  238  229  230  231  230  229  226  222  219  218  218  219  221  225  228  232
  233  236  238  241  242  244  243  241  236  231  225  220  217  214  215  214
  214  212  209  206  201  198  194  193  191  190  189  187  185  183  181  180
  177  176  172  169  163  159  153  150  147  149  152  158  163  169  174  179
  181  187  190  194  197  200  207  218  238                                   
    60.0-180.0 180.0   5.0 450.0                            LAT/LON1/LON2/DLON/H
  238  234  232  237  238  236  235  229  227  223  225  224  227  229  234  236
  239  240  242  242  244  243  244  241  238  232  228  222  221  217  221  219
  222  217  215  208  205  198  198  194  196  194  196  191  191  186  185  181
  180  175  173  166  162  155  150  144  144  143  148  152  160  164  171  173
  178  180  186  190  194  199  206  217  238                                   
    57.5-180.0 180.0   5.0 450.0                            LAT/LON1/LON2/DLON/H
  230  231  233  235  238  237  236  232  229  226  226  224  227  228  233  235
  237  236  236  236  237  238  239  239  236  233  229  226  225  225  227  229
  228  226  220  215  208  204  200  200  200  201  200  198  194  192  187  185
  180  177  171  167  160  156  149  146  142  144  145  151  156  161  164  167
  168  173  176  181  185  190  201  210  230                                   
    55.0-180.0 180.0   5.0 450.0                            LAT/LON1/LON2/DLON/H
  220  226  228  235  240  241  243  239  237  231  230  227  229  229  233  234
  236  234  234  232  234  234  236  235  236  232  231  229  230  230  235  235
  238  232  229  218  214  206  206  204  207  205  207  202  200  194  190  185
  181  176  173  166  162  156  152  147  145  143  146  149  154  156  160  159
  161  161  165  168  172  179  191  198  220                                   
    52.5-180.0 180.0   5.0 450.0                            LAT/LON1/LON2/DLON/H
  207  217  222  229  238  241  244  241  239  234  232  227  227  226  230  229
  230  227  225  224  224  226  229  231  232  233  231  232  234  238  242  245
  243  242  234  228  219  215  212  212  213  214  212  210  205  201  194  190
  184  180  174  171  164  161  155  152  148  148  148  152  154  155  154  154
  152  153  153  158  161  167  181  187  207                                   
    50.0-180.0 180.0   5.0 450.0                            LAT/LON1/LON2/DLON/H
  200  212  219  231  244  250  256  253  252  244  242  233  232  229  232  230
  231  227  225  223  223  225  227  230  233  233  235  236  240  243  249  251
  252  246  243  233  230  222  224  220  223  221  222  217  214  207  201  195
  190  184  181  175  171  165  162  157  155  153  155  157  158  158  156  153
  151  148  149  151  153  161  174  180  200                                   
    47.5-180.0 180.0   5.0 450.0                            LAT/LON1/LON2/DLON/H
  195  208  218  231  247  255  263  262  261  256  251  243  238  233  234  232
  231  226  222  219  218  220  225  228  232  234  236  239  243  248  253  256
  255  253  247  243  237  234  232  232  232  231  229  226  221  215  208  201
  195  190  186  182  177  174  169  167  163  162  163  163  164  161  158  153
  150  148  147  149  151  155  171  177  195                                   
    45.0-180.0 180.0   5.0 450.0                            LAT/LON1/LON2/DLON/H
  197  212  225  240  260  271  282  280  283  275  272  259  255  246  246  241
  240  235  231  227  226  227  231  234  237  239  242  244  249  253  259  261
  261  258  257  251  252  247  249  244  246  242  242  237  233  226  221  214
  209  203  199  192  189  183  181  176  174  174  174  175  174  173  168  164
  160  157  157  157  157  160  172  179  197                                   
    42.5-180.0 180.0   5.0 450.0                            LAT/LON1/LON2/DLON/H
  203  216  230  246  266  275  288  291  293  292  288  280  272  263  258  253
  250  244  240  234  232  232  235  238  243  245  248  251  256  260  265  267
  269  268  268  267  267  264  264  260  259  256  253  249  244  238  233  225
  220  214  210  204  200  197  193  192  189  188  188  187  186  183  180  174
  170  168  166  166  163  164  181  187  203                                   
    40.0-180.0 180.0   5.0 450.0                            LAT/LON1/LON2/DLON/H
  211  227  240  258  277  291  301  306  311  311  310  302  296  284  279  269
  267  260  257  252  250  248  249  252  256  260  262  265  269  273  277  280
  283  284  287  286  288  284  284  277  275  270  267  263  260  254  249  243
  236  231  224  220  215  212  209  206  203  202  199  200  198  198  193  190
  185  183  181  181  178  175  185  195  211                                   
    37.5-180.0 180.0   5.0 450.0                            LAT/LON1/LON2/DLON/H
  219  233  247  261  278  285  299  303  314  316  321  319  313  306  297  288
  281  275  271  265  263  260  261  263  268  272  276  280  284  289  293  299
  304  308  311  310  310  305  301  293  288  284  279  276  272  268  262  255
  250  243  238  233  229  227  223  222  218  216  213  211  209  207  203  201
  196  194  190  189  184  182  197  204  219                                   
    35.0-180.0 180.0   5.0 450.0                            LAT/LON1/LON2/DLON/H
  226  245  256  270  284  295  304  309  321  327  333  332  330  324  318  307
  301  292  290  285  285  282  283  284  290  297  304  310  316  321  328  335
  342  344  346  342  339  330  324  313  306  298  295  291  288  282  277  269
  262  256  250  248  244  243  240  237  232  227  223  219  217  215  211  210
  204  202  199  198  195  190  199  209  226                                   
    32.5-180.0 180.0   5.0 450.0                            LAT/LON1/LON2/DLON/H
  231  247  258  267  282  285  298  301  318  325  338  340  343  340  334  327
  318  312  306  302  300  298  299  302  309  319  331  342  349  357  363  373
  379  383  381  373  363  350  338  326  316  310  303  300  296  291  284  276
  270  263  259  257  253  253  250  248  243  239  232  229  224  221  216  213
  207  207  203  200  196  192  206  215  231                                   
    30.0-180.0 180.0   5.0 450.0                            LAT/LON1/LON2/DLON/H
  235  256  262  275  285  294  301  309  321  332  344  350  354  353  350  344
  337  330  326  323  322  321  322  326  335  348  366  380  391  398  407  415
  423  423  419  405  389  371  355  341  329  320  314  308  303  296  289  279
  274  267  264  262  263  262  262  258  254  245  240  231  229  222  219  213
  207  206  203  202  199  196  205  218  235                                   
    27.5-180.0 180.0   5.0 450.0                            LAT/LON1/LON2/DLON/H
  237  252  261  268  280  283  294  299  316  326  344  352  362  364  365  361
  355  351  346  344  342  341  341  345  355  372  392  409  420  429  437  449
  455  457  447  430  408  384  365  347  333  325  314  308  298  291  282  273
  266  261  258  260  261  261  256  255  250  249  243  237  230  225  219  213
  206  204  200  199  193  191  207  218  237                                   
    25.0-180.0 180.0   5.0 450.0                            LAT/LON1/LON2/DLON/H
  237  258  261  275  281  291  299  307  319  332  346  360  374  380  385  382
  380  373  371  367  367  364  365  367  382  398  421  433  447  452  465  476
  487  484  473  449  424  395  375  352  335  322  312  301  293  283  274  264
  259  251  253  251  253  252  252  249  246  238  233  228  228  218  216  206
  202  197  197  194  190  190  204  217  237                                   
    22.5-180.0 180.0   5.0 450.0                            LAT/LON1/LON2/DLON/H
  234  247  258  266  278  283  295  302  317  330  347  362  383  396  405  407
  406  402  399  395  394  389  388  387  401  417  434  450  458  469  480  494
  501  498  481  455  426  397  372  349  329  315  301  289  277  269  258  250
  242  240  241  241  242  245  243  242  237  229  220  212  210  207  200  193
  188  187  186  187  184  183  202  214  234                                   
    20.0-180.0 180.0   5.0 450.0                            LAT/LON1/LON2/DLON/H
  232  254  259  275  281  293  304  316  327  340  353  372  391  410  423  428
  432  428  427  423  419  411  411  409  422  432  451  461  475  481  495  507
  514  505  488  458  429  398  376  349  329  308  295  279  268  258  249  240
  232  230  230  228  232  232  235  232  230  220  213  202  196  192  186  181
  176  176  178  180  179  182  198  210  232                                   
    17.5-180.0 180.0   5.0 450.0                            LAT/LON1/LON2/DLON/H
  222  237  248  261  276  285  303  312  327  340  355  374  395  417  434  444
  450  449  448  445  441  431  427  422  432  444  458  473  481  489  499  508
  511  499  476  446  415  391  367  346  322  304  284  271  258  248  238  230
  222  221  216  217  215  217  217  217  214  208  199  189  181  172  166  161
  159  161  164  168  170  171  192  202  222                                   
    15.0-180.0 180.0   5.0 450.0                            LAT/LON1/LON2/DLON/H
  211  237  243  263  273  290  304  320  332  345  356  377  396  421  440  455
  464  467  467  463  458  445  438  436  444  452  469  479  489  495  503  505
  505  489  469  439  412  390  372  351  330  306  290  272  260  249  240  231
  223  217  211  206  203  200  201  200  204  196  190  178  168  160  151  150
  146  151  152  158  160  163  180  190  211                                   
    12.5-180.0 180.0   5.0 450.0                            LAT/LON1/LON2/DLON/H
  189  210  226  242  261  274  296  308  327  339  355  373  395  419  441  461
  475  483  487  482  476  462  452  447  453  465  476  490  496  501  499  497
  487  474  450  427  402  387  370  356  333  314  292  278  261  255  243  237
  226  218  207  200  192  193  191  195  188  184  171  164  152  145  136  134
  130  133  135  140  143  146  163  174  189                                   
    10.0-180.0 180.0   5.0 450.0                            LAT/LON1/LON2/DLON/H
  172  198  212  238  253  276  290  311  325  342  354  375  392  419  439  461
  479  492  499  495  489  472  460  458  465  474  487  499  507  509  505  496
  483  467  450  430  412  399  388  373  354  331  311  295  282  272  260  250
  237  225  211  200  189  186  185  186  182  176  164  154  142  134  127  125
  121  124  125  129  132  133  142  153  172                                   
     7.5-180.0 180.0   5.0 450.0                            LAT/LON1/LON2/DLON/H
  150  173  195  216  243  259  283  295  317  334  353  368  385  408  429  454
  474  491  502  501  494  476  466  466  471  484  494  509  514  514  505  493
