data/unet/pred1510.15i
     1.0            IONOSPHERE MAPS     GNSS                IONEX VERSION / TYPE
pyspatialgeodesy        IME             05-JAN-18 20:20     PGM / RUN BY / DATE 
Map Name                                                    COMMENT             
Predicted global ionosphere maps (GIM).                     DESCRIPTION         
  2015     5    31     0     0     0                        EPOCH OF FIRST MAP  
  2015     6     1     0     0     0                        EPOCH OF LAST MAP   
  7200                                                      INTERVAL            
    13                                                      # OF MAPS IN FILE   
  NONE                                                      MAPPING FUNCTION    
10.0                                                        ELEVATION CUTOFF    
One-way carrier phase leveled to code                       OBSERVABLES USED    
  6371.0                                                    BASE RADIUS         
 2                                                          MAP DIMENSION       
   450.0 450.0   0.0                                        HGT1 / HGT2 / DHGT  
    87.5 -87.5  -2.5                                        LAT1 / LAT2 / DLAT  
  -180.0 180.0   5.0                                        LON1 / LON2 / DLON  
    -1                                                      EXPONENT            
                                                            END OF HEADER       
[from data line 1287]
     4                                                      START OF TEC MAP    
  2015     5    31     6     0     0                        EPOCH OF CURRENT MAP
    87.5-180.0 180.0   5.0 450.0                            LAT/LON1/LON2/DLON/H
  170  194  188  189  190  189  189  188  189  188  189  186  188  186  188  185
  188  185  188  184  186  182  183  179  181  177  178  175  177  174  175  174
  176  175  177  176  179  178  181  179  181  180  182  180  182  179  181  178
  180  177  179  175  177  173  176  172  174  171  174  171  174  171  174  172
  176  174  178  175  180  172  190  181  170                                   
    85.0-180.0 180.0   5.0 450.0                            LAT/LON1/LON2/DLON/H
  181  185  179  185  185  181  183  181  182  180  182  180  180  179  180  179
  179  178  179  177  177  174  175  171  171  168  169  166  167  165  166  164
  166  165  167  167  168  168  169  169  170  170  170  171  170  171  170  172
  170  172  170  172  169  170  169  170  168  169  168  169  168  170  168  170
  170  173  173  175  174  170  173  182  181                                   
    82.5-180.0 180.0   5.0 450.0                            LAT/LON1/LON2/DLON/H
  177  176  174  177  176  173  175  176  176  176  177  177  177  177  178  178
  178  178  178  178  177  175  174  172  170  168  168  165  165  163  164  162
  164  163  166  165  169  166  171  168  172  169  173  169  173  169  174  169
  174  170  175  170  175  170  174  170  173  169  172  168  171  167  169  166
  169  167  169  168  169  169  166  161  177                                   
    80.0-180.0 180.0   5.0 450.0                            LAT/LON1/LON2/DLON/H
  184  186  181  179  177  175  175  175  174  174  174  173  173  173  175  174
  176  175  177  175  176  173  171  168  165  162  160  158  156  155  155  154
  155  156  158  160  162  165  168  169  172  173  176  176  178  178  180  180
  182  182  183  183  183  182  182  180  179  177  176  174  174  172  172  169
  171  169  172  170  173  168  163  166  184                                   
    77.5-180.0 180.0   5.0 450.0                            LAT/LON1/LON2/DLON/H
  174  180  178  180  179  176  176  173  173  170  171  169  170  169  171  172
  174  174  175  174  173  171  168  165  160  156  153  150  148  147  148  150
  153  157  161  165  169  172  176  178  181  183  186  189  190  194  195  199
  199  202  201  204  201  202  199  199  195  194  190  190  185  184  181  179
  178  177  178  177  177  172  164  162  174                                   
    75.0-180.0 180.0   5.0 450.0                            LAT/LON1/LON2/DLON/H
  177  182  178  178  176  173  171  168  164  162  159  159  157  159  160  162
  164  166  168  168  166  164  159  156  148  145  139  138  134  137  137  143
  146  155  158  168  170  178  180  186  186  192  193  198  201  205  209  212
  215  216  217  216  214  212  208  206  201  200  195  193  188  186  180  179
  175  175  174  175  174  171  165  165  177                                   
    72.5-180.0 180.0   5.0 450.0                            LAT/LON1/LON2/DLON/H
  169  176  174  174  174  168  167  160  158  151  150  145  145  144  148  149
  153  155  158  159  158  157  152  148  140  135  129  127  126  128  132  139
  147  158  166  175  182  188  192  196  199  202  206  210  214  220  224  228
  230  230  230  228  224  221  215  212  206  204  199  197  192  190  184  182
  179  178  178  179  180  177  168  166  169                                   
    70.0-180.0 180.0   5.0 450.0                            LAT/LON1/LON2/DLON/H
  174  178  175  174  170  166  161  159  151  149  142  140  135  136  136  139
  143  145  149  150  151  147  145  138  131  123  119  117  115  119  126  136
  146  160  170  182  189  197  200  204  205  209  214  219  224  230  236  238
  241  238  238  232  228  221  216  210  205  200  197  193  191  187  184  181
  179  178  179  180  180  174  164  170  174                                   
    67.5-180.0 180.0   5.0 450.0                            LAT/LON1/LON2/DLON/H
  170  172  169  169  166  161  159  153  150  142  140  132  130  125  127  127
  131  134  138  141  141  140  136  131  123  118  112  112  111  118  124  139
  151  168  178  192  198  206  209  212  213  216  222  226  232  238  243  244
  245  240  237  230  223  215  208  202  196  194  189  190  187  187  183  184
  181  182  182  184  185  178  168  170  170                                   
    65.0-180.0 180.0   5.0 450.0                            LAT/LON1/LON2/DLON/H
  174  175  170  168  164  161  157  156  150  148  141  136  128  125  120  123
  122  126  129  131  132  130  127  120  115  109  107  107  109  115  125  136
  153  168  183  195  203  208  211  213  214  218  225  230  238  243  249  249
  248  241  236  226  218  207  200  192  189  184  184  182  183  181  181  179
  180  179  182  182  183  174  165  172  174                                   
    62.5-180.0 180.0   5.0 450.0                            LAT/LON1/LON2/DLON/H
  174  176  168  169  165  161  160  155  153  147  144  135  131  121  119  114
  116  115  118  120  121  120  118  114  110  106  105  107  110  118  126  142
  155  174  185  199  205  211  214  216  219  223  232  238  247  251  255  253
  249  240  231  220  210  199  190  184  180  179  177  179  179  181  179  180
  178  181  181  184  186  179  171  172  174                                   
    60.0-180.0 180.0   5.0 450.0                            LAT/LON1/LON2/DLON/H
  181  181  175  173  171  166  163  161  157  155  148  142  132  125  115  114
  108  111  108  113  111  111  108  105  103  100  102  106  112  120  129  140
  155  169  183  195  204  209  212  215  219  224  235  243  251  256  258  255
  249  240  229  218  208  197  190  183  181  180  179  181  181  182  181  180
  181  181  182  183  186  178  170  178  181                                   
    57.5-180.0 180.0   5.0 450.0                            LAT/LON1/LON2/DLON/H
  186  188  182  184  182  178  172  167  164  157  153  143  137  124  118  109
  107  101  103  100  102   98   99   96   97   97  102  107  115  123  129  139
  149  166  175  189  197  205  211  215  222  229  241  247  256  258  261  257
  253  244  233  223  214  206  196  192  188  187  185  187  186  186  184  184
  183  184  184  187  191  184  179  183  186                                   
    55.0-180.0 180.0   5.0 450.0                            LAT/LON1/LON2/DLON/H
  199  201  199  200  200  193  187  179  172  166  157  149  138  128  115  110
  101  100   95   96   92   93   90   92   94   97  104  110  119  125  132  137
  147  158  170  181  193  200  208  214  223  231  244  251  259  263  264  262
  257  250  240  233  226  220  213  208  206  203  200  199  196  195  190  188
  187  187  189  193  197  195  187  197  199                                   
    52.5-180.0 180.0   5.0 450.0                            LAT/LON1/LON2/DLON/H
  210  211  214  217  216  211  202  191  181  171  162  150  141  126  118  108
  104   98   97   91   92   86   88   86   93   96  106  111  121  125  129  135
  138  152  163  178  188  199  210  218  229  239  251  257  265  268  272  269
  269  264  258  252  246  242  235  232  226  222  216  212  208  203  199  196
  194  195  197  202  208  207  202  207  210                                   
    50.0-180.0 180.0   5.0 450.0                            LAT/LON1/LON2/DLON/H
  225  226  233  236  238  230  223  209  195  182  168  155  142  129  116  110
  102  101   95   96   91   91   87   90   92   99  106  115  123  127  130  132
  138  146  161  173  188  199  212  222  233  244  255  263  271  275  279  280
  281  280  273  270  265  262  256  251  245  238  231  224  217  211  204  202
  200  203  204  211  216  219  212  222  225                                   
    47.5-180.0 180.0   5.0 450.0                            LAT/LON1/LON2/DLON/H
  232  236  246  251  252  245  235  221  204  187  172  158  143  128  119  111
  109  105  105  101  102   95   97   93  100  102  113  117  126  125  127  128
  131  141  156  173  189  203  218  229  242  251  262  268  276  281  289  291
  297  295  294  289  284  280  271  266  258  251  243  234  226  219  215  212
  213  215  218  223  230  229  225  230  232                                   
    45.0-180.0 180.0   5.0 450.0                            LAT/LON1/LON2/DLON/H
  242  246  253  258  260  254  246  232  217  196  181  164  147  131  118  113
  108  109  107  109  106  106  103  104  106  110  115  120  124  126  126  127
  132  139  156  173  191  206  223  237  248  257  267  274  281  288  296  304
  309  312  308  306  296  289  280  273  265  257  248  239  232  227  222  224
  224  229  231  235  238  238  232  239  242                                   
    42.5-180.0 180.0   5.0 450.0                            LAT/LON1/LON2/DLON/H
  244  249  256  258  262  255  249  235  220  200  183  169  150  134  121  115
  114  114  118  116  119  114  117  113  116  116  121  123  127  125  125  124
  129  136  155  174  195  213  232  246  259  267  276  280  287  294  306  313
  323  323  322  316  308  299  288  280  271  262  254  247  242  240  240  242
  245  249  251  254  256  250  245  246  244                                   
    40.0-180.0 180.0   5.0 450.0                            LAT/LON1/LON2/DLON/H
  251  250  249  250  253  250  245  235  222  205  190  176  159  142  126  121
  116  119  119  123  123  124  123  124  125  125  127  128  129  128  126  128
  132  140  157  176  199  217  238  253  266  273  281  286  292  302  312  325
  331  336  332  328  316  308  294  288  280  273  265  259  255  255  257  263
  267  271  272  272  270  261  252  252  251                                   
    37.5-180.0 180.0   5.0 450.0                            LAT/LON1/LON2/DLON/H
  255  250  247  243  243  237  234  222  214  201  191  179  164  146  132  124
  123  123  128  127  132  130  135  132  136  134  135  134  135  132  132  131
  137  143  162  180  205  224  246  259  275  280  289  292  301  308  322  331
  342  344  343  337  330  321  310  306  300  295  289  286  281  282  284  292
  297  301  300  299  296  283  267  263  255                                   
    35.0-180.0 180.0   5.0 450.0                            LAT/LON1/LON2/DLON/H
  266  254  247  236  230  224  219  211  206  200  195  186  174  159  140  133
  126  129  129  132  134  137  140  142  143  143  142  143  142  140  138  141
  145  153  166  184  209  228  249  264  279  285  294  298  305  317  328  341
  349  358  356  356  346  343  335  335  330  328  322  318  312  312  314  320
  324  327  324  323  319  304  286  278  266                                   
    32.5-180.0 180.0   5.0 450.0                            LAT/LON1/LON2/DLON/H
  282  263  253  234  224  211  205  199  197  194  193  188  181  166  151  139
  135  131  134  132  137  139  148  149  154  153  154  152  150  147  146  147
  151  156  171  186  211  230  252  264  282  287  298  300  310  318  334  344
  358  364  371  372  372  370  368  371  369  369  364  359  351  348  349  350
  353  354  353  352  351  335  316  305  282                                   
    30.0-180.0 180.0   5.0 450.0                            LAT/LON1/LON2/DLON/H
  310  284  264  241  225  210  202  196  193  194  194  193  188  177  161  150
  141  140  135  138  140  147  154  159  161  164  162  161  157  156  152  154
  156  162  171  186  208  227  251  263  282  287  297  299  309  319  333  348
  362  375  385  395  400  406  407  413  414  413  406  399  392  387  384  381
  381  379  377  379  376  363  339  332  310                                   
    27.5-180.0 180.0   5.0 450.0                            LAT/LON1/LON2/DLON/H
  342  311  290  261  243  225  212  203  198  196  197  195  193  181  169  156
  151  142  140  138  145  152  164  170  175  175  173  168  164  160  157  156
  157  162  171  185  206  224  244  259  276  282  292  295  308  315  332  345
  364  378  398  412  425  436  442  454  455  455  447  439  429  420  413  407
  402  399  397  399  402  394  370  361  342                                   
    25.0-180.0 180.0   5.0 450.0                            LAT/LON1/LON2/DLON/H
  377  352  323  296  273  252  234  220  210  204  201  200  196  187  176  165
  157  151  146  148  153  164  173  181  185  186  180  174  166  163  158  158
  156  160  166  178  198  213  236  250  271  276  289  291  306  313  331  345
  367  387  411  433  449  464  477  490  496  493  482  470  457  447  435  427
  417  416  412  417  421  415  396  391  377                                   
    22.5-180.0 180.0   5.0 450.0                            LAT/LON1/LON2/DLON/H
  406  393  369  340  314  292  268  249  234  222  212  207  202  193  182  172
  166  156  153  152  162  173  184  194  197  191  181  171  164  157  154  151
  151  154  161  175  191  210  226  244  261  272  284  289  304  313  332  347
  372  396  424  448  466  486  497  514  515  512  498  486  472  461  447  435
  423  420  419  425  435  435  423  416  406                                   
    20.0-180.0 180.0   5.0 450.0                            LAT/LON1/LON2/DLON/H
  428  427  405  383  358  332  308  285  260  241  223  213  204  195  185  177
  171  164  161  164  173  186  197  206  205  195  180  168  157  152  145  144
  141  146  150  164  180  196  213  226  247  262  281  288  308  317  337  355
  381  407  433  455  473  490  503  517  521  514  500  486  475  465  451  442
  427  426  422  432  441  442  438  431  428                                   
    17.5-180.0 180.0   5.0 450.0                            LAT/LON1/LON2/DLON/H
  441  449  435  414  391  369  340  318  288  264  239  225  214  203  192  183
  176  168  167  170  181  192  205  210  205  190  172  156  146  138  133  128
  129  131  139  152  168  189  203  221  234  260  277  291  307  319  340  360
  387  414  437  456  468  481  488  500  502  499  484  478  468  462  450  441
  427  425  424  433  442  444  440  437  441                                   
    15.0-180.0 180.0   5.0 450.0                            LAT/LON1/LON2/DLON/H
  444  452  443  427  407  385  363  338  309  277  249  232  217  208  197  189
  182  175  173  180  188  200  209  210  200  182  163  149  137  130  121  117
  114  118  124  139  156  180  197  217  233  257  279  294  314  324  350  369
  395  413  435  447  455  462  469  477  480  473  464  461  459  459  448  444
  428  430  425  437  442  443  443  440  444                                   
    12.5-180.0 180.0   5.0 450.0                            LAT/LON1/LON2/DLON/H
  441  450  441  420  400  381  362  344  315  288  258  239  226  217  207  197
  188  180  177  182  191  197  203  200  185  167  150  135  124  114  107  100
  101  102  109  124  141  170  187  213  230  254  276  296  313  330  354  374
  395  411  425  435  436  441  445  454  456  456  448  452  454  457  452  446
  434  433  432  440  445  444  441  442  441                                   
    10.0-180.0 180.0   5.0 450.0                            LAT/LON1/LON2/DLON/H
  430  434  421  403  380  358  344  327  308  283  257  241  229  224  214  205
  195  186  181  185  189  194  193  187  170  153  137  125  114  106   98   92
   89   92   99  114  131  159  183  209  231  255  279  299  320  335  363  381
  404  414  430  435  436  440  445  455  456  458  450  458  459  466  456  455
  441  442  435  443  444  443  439  443  430                                   
     7.5-180.0 180.0   5.0 450.0                            LAT/LON1/LON2/DLON/H
  427  425  410  383  355  332  317  305  294  276  255  244  235  233  225  214
  204  190  184  182  183  180  177  167  152  135  123  110  103   93   88   81
