data/unet/pred2100.15i
     1.0            IONOSPHERE MAPS     GNSS                IONEX VERSION / TYPE
pyspatialgeodesy        IME             05-JAN-18 20:20     PGM / RUN BY / DATE 
Map Name                                                    COMMENT             
Predicted global ionosphere maps (GIM).                     DESCRIPTION         
  2015     7    29     0     0     0                        EPOCH OF FIRST MAP  
  2015     7    30     0     0     0                        EPOCH OF LAST MAP   
  7200                                                      INTERVAL            
    13                                                      # OF MAPS IN FILE   
  NONE                                                      MAPPING FUNCTION    
10.0                                                        ELEVATION CUTOFF    
One-way carrier phase leveled to code                       OBSERVABLES USED    
  6371.0                                                    BASE RADIUS         
 2                                                          MAP DIMENSION       
   450.0 450.0   0.0                                        HGT1 / HGT2 / DHGT  
    87.5 -87.5  -2.5                                        LAT1 / LAT2 / DLAT  
  -180.0 180.0   5.0                                        LON1 / LON2 / DLON  
    -1                                                      EXPONENT            
                                                            END OF HEADER       
[from data line 858]
     3                                                      START OF TEC MAP    
  2015     7    29     4     0     0                        EPOCH OF CURRENT MAP
    87.5-180.0 180.0   5.0 450.0                            LAT/LON1/LON2/DLON/H
  140  144  132  132  131  130  130  132  132  132  132  132  131  131  130  129
  129  128  128  126  127  124  124  122  123  120  121  118  120  116  118  114
  117  112  115  111  115  111  115  111  116  112  116  113  118  115  119  116
  120  117  121  119  122  121  124  123  125  125  126  126  128  127  127  127
  128  127  128  128  129  126  143  152  140                                   
    85.0-180.0 180.0   5.0 450.0                            LAT/LON1/LON2/DLON/H
  148  148  131  142  137  138  138  141  139  142  139  141  139  140  137  138
  135  135  132  132  130  129  126  126  124  124  120  121  118  119  116  116
  115  115  113  114  113  114  113  114  114  115  114  115  116  117  117  119
  119  121  121  123  124  125  126  127  128  129  130  131  131  132  131  132
  132  133  132  134  133  130  141  144  148                                   
    82.5-180.0 180.0   5.0 450.0                            LAT/LON1/LON2/DLON/H
  138  132  131  137  135  134  137  138  141  140  141  140  140  138  138  135
  134  132  130  127  126  124  121  120  117  117  113  113  110  111  107  108
  106  108  104  107  105  107  105  108  107  109  108  111  111  113  114  116
  118  119  121  122  124  124  127  126  129  127  129  128  130  128  130  127
  129  127  129  127  130  125  139  132  138                                   
    80.0-180.0 180.0   5.0 450.0                            LAT/LON1/LON2/DLON/H
  143  138  138  142  142  142  144  145  148  147  148  147  146  145  142  141
  138  136  132  131  127  125  122  120  117  115  112  111  109  108  106  107
  105  106  105  107  106  108  107  109  109  110  110  112  114  116  118  120
  123  124  127  129  131  132  134  134  136  135  136  135  137  135  136  135
  135  134  134  135  135  130  140  136  143                                   
    77.5-180.0 180.0   5.0 450.0                            LAT/LON1/LON2/DLON/H
  145  138  138  143  142  143  145  146  147  147  147  146  145  143  141  139
  136  133  130  127  123  120  116  114  110  108  104  103  100   99   98   99
   98  100  100  102  102  104  105  106  107  108  110  112  115  117  121  124
  127  129  132  134  137  138  139  140  140  140  140  139  140  139  138  138
  138  137  138  138  138  132  139  134  145                                   
    75.0-180.0 180.0   5.0 450.0                            LAT/LON1/LON2/DLON/H
  142  137  136  138  139  138  140  141  143  143  143  142  140  139  135  134
  130  128  125  122  118  115  112  107  104  100   98   94   94   91   92   92
   94   95   97   99  100  101  103  103  105  106  108  111  114  117  121  125
  129  132  136  138  139  141  141  141  141  141  140  139  139  138  137  136
  135  136  136  137  137  131  139  136  142                                   
    72.5-180.0 180.0   5.0 450.0                            LAT/LON1/LON2/DLON/H
  141  135  133  135  133  133  134  135  136  136  135  134  132  131  127  127
  123  122  118  117  113  111  106  103   99   96   93   91   88   88   87   88
   89   91   93   96   96   99   99  101  102  104  107  111  114  120  124  129
  134  138  141  143  143  145  143  143  141  141  139  138  137  136  135  135
  134  135  135  136  137  133  139  135  141                                   
    70.0-180.0 180.0   5.0 450.0                            LAT/LON1/LON2/DLON/H
  138  133  130  132  131  129  131  131  132  132  131  130  128  125  123  121
  120  117  116  112  111  106  104   98   97   90   89   84   85   82   84   83
   86   88   92   94   96   97   98  100  101  104  107  113  117  124  129  137
  140  145  146  148  146  146  142  142  139  139  137  137  136  136  135  135
  134  136  137  139  139  133  141  138  138                                   
    67.5-180.0 180.0   5.0 450.0                            LAT/LON1/LON2/DLON/H
  138  132  129  131  128  127  128  128  128  127  125  125  122  120  117  117
  113  112  109  108  105  102   98   95   90   87   83   82   80   80   80   82
   83   85   87   91   91   94   94   97   99  104  108  116  123  131  137  144
  146  149  148  148  144  142  138  135  133  132  132  132  132  133  132  133
  133  136  137  139  140  135  141  137  138                                   
    65.0-180.0 180.0   5.0 450.0                            LAT/LON1/LON2/DLON/H
  138  133  129  130  128  125  126  126  126  125  123  122  120  117  117  112
  112  107  107  103  101   96   94   88   87   81   80   76   77   74   77   76
   79   80   83   85   88   89   91   94   97  105  111  122  129  140  144  151
  152  153  150  147  141  138  132  130  128  128  127  129  129  131  130  133
  132  136  137  141  141  136  142  141  138                                   
    62.5-180.0 180.0   5.0 450.0                            LAT/LON1/LON2/DLON/H
  140  132  129  130  128  126  125  125  124  124  122  121  119  117  114  111
  107  104  100   97   93   90   85   83   79   76   73   72   71   71   71   72
   72   74   75   78   79   83   85   91   95  106  116  127  137  146  152  155
  156  154  150  144  138  132  128  125  124  125  125  126  127  129  129  130
  131  134  137  140  141  138  142  140  140                                   
    60.0-180.0 180.0   5.0 450.0                            LAT/LON1/LON2/DLON/H
  142  136  132  133  130  127  126  125  124  123  122  120  120  115  114  108
  106   99   96   90   89   82   80   75   74   70   69   66   67   65   66   65
   66   66   68   69   73   77   82   89   97  109  120  133  142  152  155  159
  157  155  149  144  138  133  127  126  125  126  125  127  127  129  127  129
  129  134  136  140  141  138  144  144  142                                   
    57.5-180.0 180.0   5.0 450.0                            LAT/LON1/LON2/DLON/H
  143  136  136  138  134  132  129  127  125  125  122  122  119  118  112  108
  102   97   91   86   82   78   74   71   69   67   65   65   65   65   63   63
   62   62   63   65   69   74   80   89  100  114  127  140  150  158  162  163
  162  159  154  148  144  138  133  132  132  132  131  132  131  132  130  131
  130  134  136  140  142  140  144  141  143                                   
    55.0-180.0 180.0   5.0 450.0                            LAT/LON1/LON2/DLON/H
  147  143  143  145  142  138  136  132  129  126  125  121  122  116  114  106
  103   93   90   82   80   73   71   67   67   65   66   65   67   64   64   60
   60   57   60   60   66   71   80   90  103  119  132  145  155  163  167  168
  167  163  160  156  153  150  146  144  143  143  140  140  137  136  133  133
  131  135  136  141  142  139  146  145  147                                   
    52.5-180.0 180.0   5.0 450.0                            LAT/LON1/LON2/DLON/H
  151  147  151  154  151  148  145  141  135  132  128  126  122  120  113  108
  102   96   90   85   80   75   71   69   68   69   69   71   70   70   67   64
   61   60   60   62   68   74   83   95  110  127  140  152  162  170  175  176
  175  174  173  170  170  168  165  162  159  156  152  149  145  143  139  138
  136  138  140  142  145  144  148  145  151                                   
    50.0-180.0 180.0   5.0 450.0                            LAT/LON1/LON2/DLON/H
  156  156  160  164  163  159  156  150  145  139  135  131  127  120  116  107
  104   96   93   87   85   79   78   75   76   76   77   76   77   74   73   68
   66   62   64   64   71   77   88  100  116  131  146  157  169  175  182  183
  186  186  188  188  188  187  183  181  176  171  164  160  154  151  147  146
  143  146  145  149  149  147  154  153  156                                   
    47.5-180.0 180.0   5.0 450.0                            LAT/LON1/LON2/DLON/H
  165  165  170  175  173  169  165  160  154  149  144  139  132  125  116  110
  105  101   97   94   91   89   86   86   85   86   85   85   83   82   78   76
   72   71   70   73   78   86   95  109  124  140  153  165  175  184  192  196
  200  204  208  209  210  208  202  198  191  183  174  168  162  159  156  155
  154  156  156  158  159  157  159  157  165                                   
    45.0-180.0 180.0   5.0 450.0                            LAT/LON1/LON2/DLON/H
  171  176  178  184  183  179  175  169  164  159  155  148  141  129  121  111
  109  103  104  101  101   98   99   97   99   96   97   94   93   88   87   82
   81   78   79   80   86   91  102  112  127  141  156  166  178  186  197  203
  210  217  224  228  228  226  218  211  202  194  183  176  170  169  165  167
  165  168  167  170  168  164  167  167  171                                   
    42.5-180.0 180.0   5.0 450.0                            LAT/LON1/LON2/DLON/H
  184  184  187  190  188  185  179  175  170  168  163  158  149  136  124  115
  111  109  110  110  111  111  111  111  110  109  106  104  100   96   92   90
   88   88   88   91   95  101  108  118  132  148  160  172  183  194  205  215
  222  230  239  244  245  242  231  222  212  202  191  183  178  176  176  178
  179  182  182  184  183  178  179  176  184                                   
    40.0-180.0 180.0   5.0 450.0                            LAT/LON1/LON2/DLON/H
  196  196  195  196  192  188  184  180  177  176  174  169  161  149  133  122
  118  116  118  118  121  120  122  122  123  120  119  114  110  105  101   97
   97   96   98   99  103  105  113  119  134  147  163  175  189  198  213  221
  232  241  251  256  258  256  245  235  223  214  203  196  192  192  191  195
  195  200  199  201  198  192  192  190  196                                   
    37.5-180.0 180.0   5.0 450.0                            LAT/LON1/LON2/DLON/H
  215  207  206  202  195  190  185  183  182  182  181  178  171  159  144  130
  124  122  123  125  126  128  129  132  132  132  127  123  117  112  107  105
  103  104  105  109  110  112  116  125  138  155  170  186  198  211  222  233
  241  252  260  266  269  267  259  250  239  229  219  211  208  205  208  208
  212  214  216  218  217  214  209  206  215                                   
    35.0-180.0 180.0   5.0 450.0                            LAT/LON1/LON2/DLON/H
  236  226  220  212  203  196  190  188  188  189  190  188  183  173  156  142
  133  128  128  127  129  130  134  137  141  139  139  132  127  120  116  111
  111  110  112  113  114  114  119  125  139  156  175  190  207  216  232  239
  250  257  266  272  275  277  273  268  261  253  243  233  229  227  227  229
  231  235  236  240  239  232  228  225  236                                   
    32.5-180.0 180.0   5.0 450.0                            LAT/LON1/LON2/DLON/H
  264  241  236  224  212  205  198  197  195  197  196  197  192  183  167  152
  141  133  129  129  129  132  137  143  147  150  147  143  135  129  122  119
  116  116  115  118  117  118  120  129  140  160  176  197  210  225  236  247
  254  262  270  276  282  286  289  290  287  280  270  262  256  251  250  249
  253  254  259  260  263  259  252  253  264                                   
    30.0-180.0 180.0   5.0 450.0                            LAT/LON1/LON2/DLON/H
  293  271  261  247  232  223  216  212  210  208  209  206  203  194  179  162
  149  137  132  128  129  131  138  145  153  154  156  148  143  134  128  122
  120  117  117  116  117  116  120  128  140  156  175  196  211  224  237  245
  255  261  271  276  286  294  303  311  314  311  302  294  286  279  275  274
  275  279  283  287  289  284  283  281  293                                   
    27.5-180.0 180.0   5.0 450.0                            LAT/LON1/LON2/DLON/H
  325  296  287  272  256  247  237  233  226  223  218  216  209  201  185  169
  152  138  130  128  128  133  141  152  157  163  160  155  146  139  131  126
  120  118  114  116  114  116  117  126  136  152  168  189  202  218  230  240
  249  257  266  275  287  301  316  331  338  339  332  326  316  310  304  302
  303  306  311  315  318  317  316  315  325                                   
    25.0-180.0 180.0   5.0 450.0                            LAT/LON1/LON2/DLON/H
  354  336  322  307  289  280  268  260  251  241  234  226  219  208  193  175
  157  141  133  127  131  135  147  156  166  166  165  156  148  138  131  122
  118  113  111  109  109  108  112  118  130  143  157  176  192  206  220  230
  243  251  264  274  292  311  333  352  363  366  360  354  344  337  331  327
  328  333  338  344  346  347  351  346  354                                   
    22.5-180.0 180.0   5.0 450.0                            LAT/LON1/LON2/DLON/H
  378  365  357  343  326  314  298  288  274  262  246  236  223  213  196  179
  159  142  133  131  135  144  155  167  171  172  164  156  144  135  126  119
  111  108  102  103  101  103  105  111  121  133  147  163  180  194  211  222
  237  248  262  276  295  317  340  360  373  377  374  370  364  359  355  351
  353  355  362  366  369  372  378  377  378                                   
    20.0-180.0 180.0   5.0 450.0                            LAT/LON1/LON2/DLON/H
  397  390  383  374  359  353  333  319  298  282  263  246  232  218  201  182
  164  147  140  137  145  154  168  176  180  174  164  150  138  128  120  110
  104   97   94   92   91   91   94   98  110  117  133  151  172  188  203  218
  234  247  266  283  306  329  355  372  385  389  388  386  382  381  378  377
  377  379  383  387  388  391  397  395  397                                   
    17.5-180.0 180.0   5.0 450.0                            LAT/LON1/LON2/DLON/H
  405  403  402  396  387  383  364  345  318  298  275  256  237  223  204  186
  167  152  146  147  155  168  178  186  182  174  157  142  128  121  110  103
   93   89   81   82   79   81   84   88   96  103  119  138  165  179  196  208
  230  248  267  287  309  334  356  373  383  388  389  391  392  395  396  395
  396  396  399  400  403  406  408  407  405                                   
    15.0-180.0 180.0   5.0 450.0                            LAT/LON1/LON2/DLON/H
  411  409  412  409  405  402  385  368  338  317  290  265  244  226  209  190
  174  161  157  158  170  181  189  191  184  168  147  131  119  109  101   91
   83   75   71   69   71   71   75   77   84   89  107  131  158  177  192  209
  230  251  275  295  320  343  364  379  390  396  397  403  405  413  417  419
  419  420  420  420  417  419  420  419  411                                   
    12.5-180.0 180.0   5.0 450.0                            LAT/LON1/LON2/DLON/H
  410  410  415  415  412  411  397  377  350  324  297  272  247  231  212  196
  181  170  168  171  181  191  194  191  178  156  134  120  108  102   89   85
   74   71   65   65   65   68   68   70   74   80   99  121  152  169  190  205
  230  255  278  300  322  345  362  378  388  397  400  407  413  423  428  432
  429  428  427  428  427  428  426  425  410                                   
    10.0-180.0 180.0   5.0 450.0                            LAT/LON1/LON2/DLON/H
  410  409  416  415  414  410  396  378  352  329  302  276  252  233  219  204
  194  185  183  183  191  195  194  186  166  141  123  110  100   92   84   77
   71   65   62   60   61   61   64   62   69   71   91  115  145  167  188  207
  234  259  287  306  330  351  370  387  401  410  414  422  427  438  442  445
  444  443  442  440  437  436  437  432  410                                   
     7.5-180.0 180.0   5.0 450.0                            LAT/LON1/LON2/DLON/H
  411  409  413  410  404  400  387  372  347  326  301  278  254  237  222  212
  202  196  193  193  196  196  189  175  152  130  113  103   91   88   79   77
