data/unet/pred0060.15i
     1.0            IONOSPHERE MAPS     GNSS                IONEX VERSION / TYPE
pyspatialgeodesy        IME             05-JAN-18 20:20     PGM / RUN BY / DATE 
Map Name                                                    COMMENT             
Predicted global ionosphere maps (GIM).                     DESCRIPTION         
  2015     1     6     0     0     0                        EPOCH OF FIRST MAP  
  2015     1     7     0     0     0                        EPOCH OF LAST MAP   
  7200                                                      INTERVAL            
    13                                                      # OF MAPS IN FILE   
  NONE                                                      MAPPING FUNCTION    
10.0                                                        ELEVATION CUTOFF    
One-way carrier phase leveled to code                       OBSERVABLES USED    
  6371.0                                                    BASE RADIUS         
 2                                                          MAP DIMENSION       
   450.0 450.0   0.0                                        HGT1 / HGT2 / DHGT  
    87.5 -87.5  -2.5                                        LAT1 / LAT2 / DLAT  
  -180.0 180.0   5.0                                        LON1 / LON2 / DLON  
    -1                                                      EXPONENT            
                                                            END OF HEADER       
[from data line 4290]
    11                                                      START OF TEC MAP    
  2015     1     6    20     0     0                        EPOCH OF CURRENT MAP
    87.5-180.0 180.0   5.0 450.0                            LAT/LON1/LON2/DLON/H
  112   85   63   68   68   69   71   73   74   78   80   84   86   91   93   98
   99  104  105  109  110  113  114  115  115  117  116  117  115  115  114  114
  112  112  110  110  108  108  105  105  102  102  100  100   97   97   95   95
   92   92   90   90   86   87   83   84   80   81   77   77   73   74   71   71
   68   69   66   66   67   67   59  103  112                                   
    85.0-180.0 180.0   5.0 450.0                            LAT/LON1/LON2/DLON/H
   49   45   43   48   52   52   56   58   64   67   74   78   86   90   97  102
  106  110  114  117  120  123  125  126  127  128  129  129  128  127  125  125
  122  122  119  119  115  115  111  111  107  107  103  104   99  100   96   96
   92   93   88   89   84   85   80   81   75   75   70   69   64   63   59   57
   54   52   50   48   50   47   42   63   49                                   
    82.5-180.0 180.0   5.0 450.0                            LAT/LON1/LON2/DLON/H
   27   26   24   29   29   32   34   42   46   55   63   72   80   88   97  105
  111  118  123  130  132  138  137  142  140  144  140  144  138  141  134  137
  130  132  125  127  120  122  115  117  110  112  106  109  103  106  100  103
   96  100   93   97   89   93   84   88   78   82   72   74   64   65   56   56
   47   47   39   39   34   31   23   31   27                                   
    80.0-180.0 180.0   5.0 450.0                            LAT/LON1/LON2/DLON/H
   21   13   12   13   14   14   20   25   35   43   57   65   78   85   98  104
  115  121  129  132  137  139  142  142  143  143  144  141  142  138  138  133
  133  128  127  122  122  117  117  112  113  110  111  107  108  105  107  103
  104  100  101   96   97   93   93   88   87   81   79   73   69   63   60   52
   48   41   37   29   26   19   10   19   21                                   
    77.5-180.0 180.0   5.0 450.0                            LAT/LON1/LON2/DLON/H
   16   10    6    5    5    3   10   16   29   40   55   66   81   92  106  115
  125  131  137  139  141  141  142  139  139  137  136  134  133  130  128  124
  122  118  116  113  111  107  107  103  104  101  103  101  102  101  102  101
  100  100   99   99   97   97   94   92   88   86   81   77   71   66   62   57
   51   46   40   34   28   21   12   14   16                                   
    75.0-180.0 180.0   5.0 450.0                            LAT/LON1/LON2/DLON/H
   22   16   12   13   11   14   17   28   40   55   68   83   96  110  122  131
  137  140  143  141  140  137  135  131  128  126  125  124  124  122  122  119
  118  114  113  109  107  103  103   99  100   98  101  100  102  101  104  103
  105  104  106  104  106  103  103   97   97   92   90   83   81   76   74   68
   64   59   56   48   44   35   30   30   22                                   
    72.5-180.0 180.0   5.0 450.0                            LAT/LON1/LON2/DLON/H
   40   35   28   25   23   22   29   39   52   66   81   98  116  132  143  150
  154  153  151  146  140  134  129  121  118  114  114  113  113  111  112  108
  108  104  105  101  100   97   97   96   95   96   97   99   99  102  102  104
  104  107  107  108  107  109  106  105  101   99   94   92   87   84   81   78
   74   72   68   65   60   54   49   45   40                                   
    70.0-180.0 180.0   5.0 450.0                            LAT/LON1/LON2/DLON/H
   61   56   52   50   47   46   51   59   70   85  102  122  141  157  170  174
  174  170  162  153  144  133  125  114  109  103  103  103  104  105  105  102
  101   98   97   93   92   89   89   88   89   90   92   93   95   97   98  100
  101  104  104  105  106  106  105  103  101   98   96   91   90   86   86   82
   82   79   80   76   75   70   70   67   61                                   
    67.5-180.0 180.0   5.0 450.0                            LAT/LON1/LON2/DLON/H
   76   76   72   70   67   63   70   74   90  103  126  145  165  184  195  200
  195  189  176  165  151  137  122  108  100   93   92   91   92   92   92   89
   88   84   83   78   78   75   76   77   79   82   83   86   86   88   87   88
   89   90   92   92   94   94   94   94   92   92   87   86   82   82   79   79
   77   79   79   80   81   80   81   78   76                                   
    65.0-180.0 180.0   5.0 450.0                            LAT/LON1/LON2/DLON/H
   82   85   88   87   88   85   93   98  114  131  151  175  194  213  222  225
  220  211  197  184  167  149  131  112  101   90   88   83   84   82   83   79
   78   72   70   65   64   61   62   62   65   69   71   74   74   75   74   74
   73   73   75   75   78   76   79   77   80   78   77   75   74   72   71   69
   70   69   72   72   76   77   84   86   82                                   
    62.5-180.0 180.0   5.0 450.0                            LAT/LON1/LON2/DLON/H
   77   86   91   93   98   95  108  112  131  145  169  189  213  231  243  246
  239  233  217  205  185  167  145  123  105   92   83   77   73   72   69   67
   64   59   54   49   46   45   47   49   53   56   59   61   60   60   58   56
   54   53   53   55   57   58   60   62   63   64   62   62   58   58   54   54
   52   53   55   57   61   64   73   77   77                                   
    60.0-180.0 180.0   5.0 450.0                            LAT/LON1/LON2/DLON/H
   70   83   92   99  107  111  125  136  153  171  192  215  236  255  267  272
  266  261  245  232  213  194  171  146  122  100   87   73   68   64   62   59
   55   49   44   39   37   35   37   40   44   46   48   49   48   46   43   40
   38   35   36   36   40   42   46   47   50   49   50   48   48   44   43   39
   40   36   39   37   45   46   60   68   70                                   
    57.5-180.0 180.0   5.0 450.0                            LAT/LON1/LON2/DLON/H
   60   77   87   95  108  112  131  141  160  177  201  225  250  269  281  289
  287  281  270  257  241  222  198  170  142  114   93   77   66   62   60   57
   53   47   41   35   33   32   35   37   40   42   43   43   41   38   34   30
   27   24   23   23   28   29   33   35   38   38   39   38   37   35   32   30
   27   24   23   22   27   31   45   54   60                                   
    55.0-180.0 180.0   5.0 450.0                            LAT/LON1/LON2/DLON/H
   60   75   90  103  117  128  145  161  179  198  219  241  265  282  298  309
  310  307  294  282  268  252  229  201  169  137  109   87   77   70   69   64
   61   55   49   41   39   38   41   43   46   47   47   47   44   41   37   32
   29   25   24   25   27   30   34   36   38   37   38   36   36   32   31   26
   26   21   21   18   22   25   40   48   60                                   
    52.5-180.0 180.0   5.0 450.0                            LAT/LON1/LON2/DLON/H
   66   84   97  111  128  139  159  175  196  215  233  251  269  290  306  318
  325  320  311  299  291  279  258  228  191  159  129  108   93   87   83   79
   74   68   60   53   49   49   50   53   53   55   53   54   50   48   43   39
   35   32   30   29   31   32   36   37   40   40   39   37   36   35   33   31
   28   24   23   20   24   30   43   51   66                                   
    50.0-180.0 180.0   5.0 450.0                            LAT/LON1/LON2/DLON/H
   87   97  117  133  152  169  189  209  227  243  256  265  280  295  312  325
  331  327  320  311  308  298  281  252  214  181  152  129  114  104  100   94
   89   83   76   71   67   67   67   68   67   68   67   66   65   62   59   56
   52   49   47   47   46   49   50   52   53   51   48   46   44   43   43   41
   41   38   38   36   40   44   61   68   87                                   
    47.5-180.0 180.0   5.0 450.0                            LAT/LON1/LON2/DLON/H
  111  124  142  160  180  199  224  245  260  272  275  283  288  305  316  330
  334  332  328  324  324  317  302  276  237  203  173  153  135  122  115  107
   99   92   87   81   81   80   80   79   78   78   76   77   75   74   72   69
   67   64   63   61   62   62   64   65   64   62   57   54   52   53   52   53
   53   51   53   53   59   65   80   92  111                                   
    45.0-180.0 180.0   5.0 450.0                            LAT/LON1/LON2/DLON/H
  143  156  180  196  214  235  258  278  293  300  302  304  307  315  325  332
  338  333  335  330  333  325  315  290  257  221  193  173  155  138  126  115
  106   99   95   92   93   93   92   91   88   87   87   88   88   88   86   84
   83   81   79   79   77   78   79   81   78   75   69   66   63   64   64   66
   68   68   71   73   81   90  110  121  143                                   
    42.5-180.0 180.0   5.0 450.0                            LAT/LON1/LON2/DLON/H
  165  181  203  220  240  261  284  307  320  329  325  330  326  337  338  347
  347  345  340  339  340  335  324  304  273  242  211  190  168  147  129  113
  102   96   94   94   99  100  100   97   94   92   92   93   94   94   93   92
   91   90   90   88   87   87   88   89   87   83   76   72   70   69   70   71
   73   73   79   83   94  106  123  142  165                                   
    40.0-180.0 180.0   5.0 450.0                            LAT/LON1/LON2/DLON/H
  188  204  226  241  257  282  304  328  342  349  347  348  348  353  356  359
  359  352  348  344  344  339  330  312  286  255  227  202  178  151  128  111
  100   96   95  100  105  108  107  103   99   96   97   98   99   99   98   97
   97   96   96   94   94   94   94   95   93   89   82   78   76   75   75   76
   77   78   82   87  102  117  140  156  188                                   
    37.5-180.0 180.0   5.0 450.0                            LAT/LON1/LON2/DLON/H
  191  207  227  244  266  286  313  335  353  362  363  370  368  377  376  381
  373  369  359  355  349  344  335  319  294  267  238  210  183  152  127  109
  101   98  103  108  117  116  116  109  104  100   99  100  100   98   96   94
   94   93   94   93   92   93   94   94   94   89   83   79   76   75   72   71
   70   67   72   78   93  111  135  160  191                                   
    35.0-180.0 180.0   5.0 450.0                            LAT/LON1/LON2/DLON/H
  198  217  236  256  275  301  324  348  364  374  379  388  393  401  403  404
  398  388  377  369  361  354  341  325  301  274  249  220  192  162  139  125
  119  121  125  134  136  138  131  124  115  110  107  105  104   99   96   92
   92   91   92   91   91   92   93   94   93   88   83   81   78   77   73   72
   65   63   64   71   87  107  136  157  198                                   
    32.5-180.0 180.0   5.0 450.0                            LAT/LON1/LON2/DLON/H
  194  214  232  254  277  299  324  344  363  374  383  394  404  417  416  423
  412  408  393  385  374  364  348  328  304  280  256  231  208  184  169  158
  159  161  170  171  173  164  157  143  133  125  120  115  110  103   96   91
   89   89   91   91   92   93   94   94   94   90   86   82   79   77   71   65
   58   53   54   57   73   95  129  153  194                                   
    30.0-180.0 180.0   5.0 450.0                            LAT/LON1/LON2/DLON/H
  200  221  246  267  286  308  327  346  360  372  380  395  408  422  427  433
  425  419  406  399  386  374  351  331  306  286  268  250  236  223  218  218
  222  227  228  227  217  206  188  175  159  151  143  136  127  117  109  101
   98   96   97   97   98  100  101  101   98   94   89   86   82   82   75   71
   61   55   54   58   74   96  136  158  200                                   
    27.5-180.0 180.0   5.0 450.0                            LAT/LON1/LON2/DLON/H
  208  232  254  281  300  322  338  354  365  375  385  394  406  421  425  433
  425  421  410  404  391  376  353  330  309  294  283  276  273  274  281  291
  302  301  295  282  265  245  224  204  187  173  164  153  142  129  119  110
  105  103  102  101  103  104  105  103  100   94   90   88   84   83   74   70
   62   57   60   64   81  103  144  174  208                                   
    25.0-180.0 180.0   5.0 450.0                            LAT/LON1/LON2/DLON/H
  228  248  283  314  330  355  363  379  384  396  401  413  419  430  431  436
  427  422  412  405  390  374  351  331  312  305  305  310  321  335  353  371
  377  371  355  334  306  283  256  237  215  204  189  180  165  154  141  132
  125  121  119  116  114  117  114  112  105   98   91   89   86   84   77   74
   69   68   71   79   98  121  166  199  228                                   
    22.5-180.0 180.0   5.0 450.0                            LAT/LON1/LON2/DLON/H
  248  280  318  346  372  391  408  414  424  432  439  443  443  446  442  440
  429  422  410  401  385  370  350  333  321  326  336  355  376  398  422  441
  440  425  400  374  342  307  279  255  237  221  208  195  183  171  161  152
  144  139  133  129  125  122  119  112  105   96   90   86   82   81   75   76
   76   80   85   99  119  150  188  236  248                                   
    20.0-180.0 180.0   5.0 450.0                            LAT/LON1/LON2/DLON/H
  283  316  359  392  413  443  452  471  476  497  489  497  486  486  472  464
  448  437  419  408  391  375  357  349  348  364  384  409  434  461  480  482
  468  452  425  391  353  319  283  264  245  235  220  213  200  195  184  178
  167  162  152  147  139  137  127  122  109  103   93   89   83   81   75   78
   79   91  102  119  145  174  220  262  283                                   
    17.5-180.0 180.0   5.0 450.0                            LAT/LON1/LON2/DLON/H
  311  356  404  430  463  482  510  532  554  566  564  558  544  531  515  501
  480  459  437  419  400  383  370  372  385  409  434  461  485  500  509  505
  484  459  426  392  350  315  283  260  246  233  226  215  212  204  201  192
  185  178  169  162  154  148  139  129  117  106   97   91   84   80   75   79
   86   99  113  138  162  198  236  285  311                                   
    15.0-180.0 180.0   5.0 450.0                            LAT/LON1/LON2/DLON/H
  338  382  431  464  501  531  560  602  619  646  636  635  611  596  571  555
  527  501  474  449  425  408  400  410  428  457  484  505  516  525  527  515
  483  451  411  374  332  299  272  258  243  235  224  221  216  216  211  207
  199  194  184  178  167  163  151  142  125  114  100   95   85   82   75   82
   88  103  119  143  172  212  258  300  338                                   
    12.5-180.0 180.0   5.0 450.0                            LAT/LON1/LON2/DLON/H
  349  399  449  483  525  554  601  638  677  698  702  691  677  657  633  610
  580  547  518  485  462  443  441  455  478  505  519  533  538  539  529  512
  473  429  383  344  312  287  268  255  247  235  230  222  224  218  217  211
  208  201  194  186  177  169  159  147  133  118  108   99   92   84   82   85
   94  107  127  150  180  218  260  307  349                                   
    10.0-180.0 180.0   5.0 450.0                            LAT/LON1/LON2/DLON/H
  358  402  458  502  546  586  624  675  708  747  747  747  728  713  690  673
  641  606  568  532  506  489  489  506  530  547  557  558  560  548  529  496
  457  404  357  318  295  281  275  265  254  243  233  228  223  219  215  212
  207  204  198  193  184  176  165  154  140  129  117  110  100   94   90   93
   99  111  130  150  181  217  263  310  358                                   
     7.5-180.0 180.0   5.0 450.0                            LAT/LON1/LON2/DLON/H
  358  412  466  509  558  587  631  669  718  748  764  758  756  742  732  713
  691  655  620  583  556  539  538  554  568  585  580  578  565  546  518  479
