data/unet/pred2990.15i
     1.0            IONOSPHERE MAPS     GNSS                IONEX VERSION / TYPE
pyspatialgeodesy        IME             05-JAN-18 20:20     PGM / RUN BY / DATE 
Map Name                                                    COMMENT             
Predicted global ionosphere maps (GIM).                     DESCRIPTION         
  2015    10    26     0     0     0                        EPOCH OF FIRST MAP  
  2015    10    27     0     0     0                        EPOCH OF LAST MAP   
  7200                                                      INTERVAL            
    13                                                      # OF MAPS IN FILE   
  NONE                                                      MAPPING FUNCTION    
10.0                                                        ELEVATION CUTOFF    
One-way carrier phase leveled to code                       OBSERVABLES USED    
  6371.0                                                    BASE RADIUS         
 2                                                          MAP DIMENSION       
   450.0 450.0   0.0                                        HGT1 / HGT2 / DHGT  
    87.5 -87.5  -2.5                                        LAT1 / LAT2 / DLAT  
  -180.0 180.0   5.0                                        LON1 / LON2 / DLON  
    -1                                                      EXPONENT            
                                                            END OF HEADER       
[from data line 4719]
    12                                                      START OF TEC MAP    
  2015    10    26    22     0     0                        EPOCH OF CURRENT MAP
    87.5-180.0 180.0   5.0 450.0                            LAT/LON1/LON2/DLON/H
  173  124  107  111  110  109  110  110  111  111  111  111  112  112  112  111
  111  110  109  107  107  105  104  102  101   99   98   97   95   94   93   92
   91   90   89   88   87   87   86   86   86   86   86   86   87   87   88   88
   89   90   90   92   93   94   94   96   96   97   97   98   99  100  100  100
  101  102  102  103  104  104  108  147  173                                   
    85.0-180.0 180.0   5.0 450.0                            LAT/LON1/LON2/DLON/H
  112  103  105  109  109  109  110  110  112  113  114  114  116  116  117  116
  117  115  115  112  112  108  108  104  103   99   98   95   93   91   89   87
   85   83   81   80   78   77   75   75   75   74   75   75   76   76   78   78
   81   81   83   84   87   87   89   90   92   93   93   93   94   95   95   96
   96   97   97   97   99   98  101  123  112                                   
    82.5-180.0 180.0   5.0 450.0                            LAT/LON1/LON2/DLON/H
  101  101  104  107  108  110  112  115  119  122  125  129  132  134  135  136
  135  135  132  131  127  125  121  117  114  110  107  102  101   96   96   91
   91   86   85   81   81   77   78   74   76   73   75   73   77   75   79   78
   83   82   86   86   91   90   94   93   96   95   97   95   98   95   97   94
   97   95   97   95   96   95   99  113  101                                   
    80.0-180.0 180.0   5.0 450.0                            LAT/LON1/LON2/DLON/H
  102  104  102  107  108  113  116  122  127  134  138  145  148  153  153  155
  152  152  147  146  140  137  130  127  120  116  111  108  103  102   97   96
   92   90   86   85   81   80   76   75   72   72   70   71   70   73   73   76
   77   80   82   84   86   89   91   93   94   94   94   94   93   94   92   93
   91   93   91   92   91   93   95  105  102                                   
    77.5-180.0 180.0   5.0 450.0                            LAT/LON1/LON2/DLON/H
  100  107  103  106  110  114  121  127  137  143  153  158  165  166  170  168
  168  162  160  153  148  141  136  130  125  120  116  112  109  105  103   99
   97   94   92   89   86   83   80   77   74   72   70   70   69   70   70   72
   74   76   79   81   84   86   88   89   90   91   90   90   89   89   88   87
   87   88   88   88   90   90   95  105  100                                   
    75.0-180.0 180.0   5.0 450.0                            LAT/LON1/LON2/DLON/H
  102  112  109  116  118  125  130  140  148  158  165  173  178  182  182  182
  178  174  167  162  154  147  140  135  128  124  118  116  110  109  104  104
  100  100   95   94   89   87   81   80   74   73   68   69   66   68   66   69
   69   72   74   77   78   81   81   83   83   84   81   83   80   82   80   82
   81   85   86   89   90   94  100  112  102                                   
    72.5-180.0 180.0   5.0 450.0                            LAT/LON1/LON2/DLON/H
  113  126  121  128  132  138  144  152  161  168  177  183  189  190  191  187
  184  178  172  164  157  148  142  135  130  123  119  114  112  108  107  104
  103  101  100   97   94   90   86   82   77   74   70   68   66   66   66   67
   68   69   70   71   73   73   75   75   75   74   74   73   72   72   73   75
   77   81   85   89   95  100  106  122  113                                   
    70.0-180.0 180.0   5.0 450.0                            LAT/LON1/LON2/DLON/H
  128  141  140  146  148  153  157  164  171  180  187  194  197  198  196  193
  188  182  175  167  158  150  143  136  129  123  116  112  107  105  101  101
   98   98   95   94   90   88   82   80   74   72   67   66   64   64   63   63
   63   64   63   64   63   64   62   64   61   62   59   61   59   62   62   67
   71   77   84   92  100  108  116  135  128                                   
    67.5-180.0 180.0   5.0 450.0                            LAT/LON1/LON2/DLON/H
  147  158  156  161  162  163  167  172  180  187  194  199  202  201  198  193
  188  181  175  167  160  150  144  135  128  118  113  105  101   96   95   92
   91   89   89   87   85   82   78   75   70   67   63   62   60   60   59   59
   57   57   55   54   53   53   52   51   50   50   48   49   49   52   54   60
   66   75   83   95  107  119  125  148  147                                   
    65.0-180.0 180.0   5.0 450.0                            LAT/LON1/LON2/DLON/H
  164  172  171  173  174  174  176  180  186  191  198  203  205  204  198  195
  188  184  178  172  164  156  147  138  128  118  109  101   94   89   85   83
   79   79   75   76   71   71   66   65   60   59   56   56   55   55   54   54
   51   49   47   45   43   43   42   42   41   41   40   41   42   46   50   57
   65   75   87  100  113  126  135  159  164                                   
    62.5-180.0 180.0   5.0 450.0                            LAT/LON1/LON2/DLON/H
  179  181  179  182  183  181  183  183  189  192  199  202  205  203  199  193
  188  184  182  176  170  162  152  141  130  117  107   96   89   82   79   74
   73   68   67   64   62   60   57   55   52   51   49   50   49   51   49   48
   45   42   39   37   35   34   33   35   34   35   34   37   39   44   49   58
   66   79   91  106  119  132  140  167  179                                   
    60.0-180.0 180.0   5.0 450.0                            LAT/LON1/LON2/DLON/H
  187  188  188  191  191  189  189  188  191  194  199  203  204  205  199  198
  192  191  187  186  180  172  161  148  133  119  107   97   88   82   77   74
   69   66   60   59   54   53   49   49   46   47   46   48   48   50   48   47
   42   39   35   33   31   31   31   32   33   35   35   38   41   47   54   64
   75   87  100  112  124  135  145  172  187                                   
    57.5-180.0 180.0   5.0 450.0                            LAT/LON1/LON2/DLON/H
  197  194  195  199  200  198  197  193  196  195  199  201  204  203  202  200
  199  197  197  194  190  181  168  153  138  122  112  100   95   88   86   78
   75   67   63   58   55   52   50   48   46   47   48   50   51   52   50   48
   43   39   35   33   33   33   35   37   39   41   41   45   48   55   63   73
   84   98  109  121  130  139  146  176  197                                   
    55.0-180.0 180.0   5.0 450.0                            LAT/LON1/LON2/DLON/H
  203  203  210  216  218  216  213  209  207  205  203  205  204  206  204  208
  205  209  206  206  198  189  175  160  143  128  118  109  105  100   97   92
   85   78   70   66   60   59   55   56   53   56   56   59   60   61   58   56
   49   46   41   40   39   42   43   47   48   50   50   54   57   65   74   86
   97  112  122  130  138  145  154  184  203                                   
    52.5-180.0 180.0   5.0 450.0                            LAT/LON1/LON2/DLON/H
  216  218  226  237  240  239  236  228  224  216  212  208  209  208  210  211
  215  214  215  211  204  193  180  165  150  136  130  121  120  115  114  105
  100   89   83   75   72   68   67   66   65   66   68   71   72   73   70   65
   59   54   51   49   51   54   58   60   63   63   63   65   69   77   88  101
  114  129  138  147  152  159  165  197  216                                   
    50.0-180.0 180.0   5.0 450.0                            LAT/LON1/LON2/DLON/H
  230  235  251  261  266  266  261  253  245  235  224  219  214  215  215  219
  220  223  220  215  206  196  182  168  155  144  139  133  131  127  123  117
  107   99   90   86   82   82   80   82   80   83   83   88   88   89   85   82
   75   70   66   66   67   72   74   78   78   78   75   77   80   90  101  115
  130  145  156  164  170  178  186  216  230                                   
    47.5-180.0 180.0   5.0 450.0                            LAT/LON1/LON2/DLON/H
  248  256  274  284  290  293  291  282  273  257  244  233  228  223  226  225
  230  226  225  215  207  196  184  172  161  153  148  141  139  132  128  118
  110  100   95   91   91   90   92   92   93   95   97  100  103  103  101   96
   91   86   84   83   86   89   93   94   94   91   89   88   92  101  115  130
  148  164  176  185  193  202  208  238  248                                   
    45.0-180.0 180.0   5.0 450.0                            LAT/LON1/LON2/DLON/H
  267  276  294  302  311  315  315  308  297  281  263  250  239  235  234  235
  234  231  224  216  206  196  186  176  167  159  153  144  138  128  120  111
  101   95   90   92   93   98   99  103  101  106  108  114  115  116  114  112
  107  104  101  102  103  106  109  109  107  103   98   97  102  112  126  143
  162  178  191  202  213  225  236  261  267                                   
    42.5-180.0 180.0   5.0 450.0                            LAT/LON1/LON2/DLON/H
  282  293  308  316  324  331  331  327  318  303  287  269  258  250  248  245
  243  234  228  216  207  196  188  180  172  163  153  141  130  115  106   95
   87   82   83   87   95   99  104  106  108  111  115  119  123  123  123  120
  118  115  114  114  116  118  119  118  115  109  106  104  110  120  136  153
  172  187  202  215  230  245  255  280  282                                   
    40.0-180.0 180.0   5.0 450.0                            LAT/LON1/LON2/DLON/H
  295  305  318  324  330  334  336  335  331  320  303  288  273  268  261  260
  252  244  234  225  215  205  195  187  177  165  151  134  118  101   90   81
   75   75   79   89   98  106  108  112  112  116  120  125  129  131  130  129
  127  125  125  124  124  125  124  123  119  114  110  110  116  128  144  160
  177  191  206  219  238  254  269  291  295                                   
    37.5-180.0 180.0   5.0 450.0                            LAT/LON1/LON2/DLON/H
  300  313  321  325  327  332  333  337  339  332  320  306  295  286  280  274
  267  257  248  238  230  217  206  192  179  162  146  126  109   93   84   77
   78   80   90  100  111  115  118  118  117  119  122  126  130  132  132  130
  129  127  127  126  126  126  125  124  120  116  114  115  123  134  152  167
  182  193  206  220  238  259  274  299  300                                   
    35.0-180.0 180.0   5.0 450.0                            LAT/LON1/LON2/DLON/H
  306  320  327  327  327  327  329  333  339  339  332  323  312  307  299  295
  286  278  268  260  250  238  221  201  182  163  143  126  111   99   96   95
  101  108  119  129  136  138  135  131  125  124  126  129  132  134  134  131
  130  128  128  127  126  126  124  123  119  117  115  119  129  142  161  175
  186  195  205  217  236  259  278  301  306                                   
    32.5-180.0 180.0   5.0 450.0                            LAT/LON1/LON2/DLON/H
  313  332  335  336  332  331  327  332  340  343  342  338  332  326  321  315
  310  301  294  283  273  255  236  208  187  164  149  135  131  128  133  138
  147  151  160  165  170  169  163  152  140  134  131  132  132  132  131  128
  126  123  122  120  121  121  121  119  116  114  114  120  131  146  166  179
  190  198  206  218  235  260  281  309  313                                   
    30.0-180.0 180.0   5.0 450.0                            LAT/LON1/LON2/DLON/H
  331  350  357  354  347  340  331  332  338  344  344  347  341  342  333  333
  326  322  314  304  289  268  242  213  189  172  162  160  165  174  186  194
  201  202  201  201  200  196  191  176  160  147  142  139  137  134  132  128
  125  119  116  114  113  116  117  119  116  115  115  121  134  152  173  189
  200  207  213  224  242  265  292  321  331                                   
    27.5-180.0 180.0   5.0 450.0                            LAT/LON1/LON2/DLON/H
  357  383  387  387  379  369  355  350  349  354  356  359  356  355  348  347
  342  337  331  316  300  271  245  213  196  185  188  199  219  240  256  268
  266  263  251  246  234  221  210  197  180  168  157  151  144  139  133  128
  121  114  107  102  101  104  108  109  108  106  109  116  130  150  174  194
  208  218  226  238  255  282  311  340  357                                   
    25.0-180.0 180.0   5.0 450.0                            LAT/LON1/LON2/DLON/H
  395  422  430  429  424  412  391  382  371  375  369  373  366  368  358  361
  355  348  339  322  301  271  243  218  208  210  227  254  281  313  333  343
  334  318  291  274  256  237  221  208  196  184  178  169  162  152  144  133
  123  109  100   92   92   96  100  103  103  102  103  112  128  151  180  205
  224  239  250  263  282  308  340  367  395                                   
    22.5-180.0 180.0   5.0 450.0                            LAT/LON1/LON2/DLON/H
  433  462  472  477  473  461  445  426  412  406  399  396  390  387  378  376
  367  357  344  324  300  270  246  231  234  251  280  316  355  393  417  417
  396  361  317  285  261  240  223  209  200  194  189  184  176  165  153  142
  127  113   99   92   90   92   99  101  101   97   99  107  126  155  186  220
  243  263  278  296  315  345  376  401  433                                   
    20.0-180.0 180.0   5.0 450.0                            LAT/LON1/LON2/DLON/H
  470  501  517  523  525  517  498  481  461  448  430  426  414  411  398  394
  380  366  348  325  300  274  258  255  271  298  334  374  419  455  471  457
  421  368  316  275  248  226  215  204  204  201  202  197  192  179  166  150
  135  117  103   92   90   92   97  102  101   97   96  104  123  154  190  226
  256  285  310  330  355  383  417  436  470                                   
    17.5-180.0 180.0   5.0 450.0                            LAT/LON1/LON2/DLON/H
  496  534  553  569  576  572  563  544  527  507  482  468  452  444  427  416
  396  379  355  333  308  292  284  296  318  351  382  421  462  486  485  456
  404  346  290  254  223  205  193  192  197  203  207  207  202  190  177  161
  144  127  109   97   92   93  100  105  104   99   97  105  125  158  192  231
  261  297  325  357  386  415  449  467  496                                   
    15.0-180.0 180.0   5.0 450.0                            LAT/LON1/LON2/DLON/H
  518  557  583  605  619  625  616  605  589  570  540  518  491  479  455  441
  415  394  369  344  325  317  322  338  364  389  419  447  474  474  457  408
  350  294  250  218  196  178  174  182  194  204  213  213  211  197  183  166
  150  132  113  103   96  104  110  117  112  106  103  111  130  162  196  231
  265  301  339  373  408  440  476  490  518                                   
    12.5-180.0 180.0   5.0 450.0                            LAT/LON1/LON2/DLON/H
  526  575  599  632  651  664  664  658  645  630  602  576  539  516  492  470
  442  418  391  371  355  357  366  391  411  429  443  450  448  428  387  334
  280  241  210  189  169  162  166  180  194  207  214  218  214  203  187  168
  151  131  115  104  101  109  119  123  119  113  108  118  138  170  202  237
  268  308  342  380  415  453  489  507  526                                   
    10.0-180.0 180.0   5.0 450.0                            LAT/LON1/LON2/DLON/H
  533  577  605  630  660  678  688  689  682  672  650  626  589  560  528  508
  478  451  423  403  397  405  422  443  456  458  449  428  400  357  306  255
  213  190  180  174  169  173  181  197  207  216  221  220  216  203  185  166
  146  131  114  108  107  117  127  133  128  122  118  126  148  177  209  239
  272  310  348  385  420  461  501  517  533                                   
     7.5-180.0 180.0   5.0 450.0                            LAT/LON1/LON2/DLON/H
  531  582  596  631  655  681  696  705  703  698  681  668  634  605  571  551
  522  495  471  455  455  467  484  497  495  477  439  394  343  291  238  202
