data/unet/pred0420.15i
     1.0            IONOSPHERE MAPS     GNSS                IONEX VERSION / TYPE
pyspatialgeodesy        IME             05-JAN-18 20:20     PGM / RUN BY / DATE 
Map Name                                                    COMMENT             
Predicted global ionosphere maps (GIM).                     DESCRIPTION         
  2015     2    11     0     0     0                        EPOCH OF FIRST MAP  
  2015     2    12     0     0     0                        EPOCH OF LAST MAP   
  7200                                                      INTERVAL            
    13                                                      # OF MAPS IN FILE   
  NONE                                                      MAPPING FUNCTION    
10.0                                                        ELEVATION CUTOFF    
One-way carrier phase leveled to code                       OBSERVABLES USED    
  6371.0                                                    BASE RADIUS         
 2                                                          MAP DIMENSION       
   450.0 450.0   0.0                                        HGT1 / HGT2 / DHGT  
    87.5 -87.5  -2.5                                        LAT1 / LAT2 / DLAT  
  -180.0 180.0   5.0                                        LON1 / LON2 / DLON  
    -1                                                      EXPONENT            
                                                            END OF HEADER       
[from data line 5148]
    13                                                      START OF TEC MAP    
  2015     2    12     0     0     0                        EPOCH OF CURRENT MAP
    87.5-180.0 180.0   5.0 450.0                            LAT/LON1/LON2/DLON/H
  173  138  130  127  128  125  130  128  132  130  133  131  133  130  131  127
  128  124  124  119  120  116  116  112  113  109  110  107  109  105  107  104
  107  105  107  105  108  106  109  107  110  108  111  109  113  111  114  113
  117  116  118  117  119  119  120  119  120  119  119  119  119  120  119  120
  121  123  123  129  137  139  138  170  173                                   
    85.0-180.0 180.0   5.0 450.0                            LAT/LON1/LON2/DLON/H
  150  140  142  140  141  140  145  145  149  149  151  149  151  147  146  141
  139  133  130  124  123  117  116  110  110  106  104  100  100   97   97   95
   96   96   96   96   98   98  100  101  103  104  106  107  111  112  115  115
  119  119  121  121  123  123  124  123  124  123  123  122  124  124  125  125
  128  129  131  136  147  144  138  145  150                                   
    82.5-180.0 180.0   5.0 450.0                            LAT/LON1/LON2/DLON/H
  151  149  150  154  154  154  158  159  162  162  162  161  161  158  155  150
  146  139  135  129  127  119  118  111  110  103  101   95   94   88   88   84
   86   82   86   84   88   87   91   91   95   95  100  102  107  108  112  113
  117  116  120  119  123  122  124  122  125  122  124  123  126  125  129  130
  134  136  140  144  155  153  149  155  151                                   
    80.0-180.0 180.0   5.0 450.0                            LAT/LON1/LON2/DLON/H
  157  162  164  170  168  171  172  178  176  179  175  178  172  171  163  161
  152  148  140  136  129  126  120  117  112  108  102   98   93   88   84   81
   81   79   80   80   83   84   88   89   93   95   99  102  105  107  110  111
  113  113  114  116  117  117  118  118  119  119  118  120  121  125  127  134
  137  143  146  153  159  160  157  162  157                                   
    77.5-180.0 180.0   5.0 450.0                            LAT/LON1/LON2/DLON/H
  172  176  179  185  183  187  188  193  192  194  192  192  186  180  171  165
  155  147  138  131  126  121  118  114  111  106  102   96   91   84   81   77
   76   73   75   76   79   81   84   87   89   91   93   95   95   98   98   99
   99  100  100  102  102  103  104  105  106  106  106  107  110  114  118  126
  134  141  147  154  160  163  165  169  172                                   
    75.0-180.0 180.0   5.0 450.0                            LAT/LON1/LON2/DLON/H
  191  197  204  207  204  207  209  213  212  214  210  209  199  190  176  165
  151  140  130  123  117  115  112  112  109  107  104   99   93   88   84   80
   78   77   78   79   82   84   88   90   91   92   93   94   93   92   92   91
   90   89   89   89   90   90   91   92   92   93   94   98  101  107  114  122
  133  142  152  161  167  175  180  190  191                                   
    72.5-180.0 180.0   5.0 450.0                            LAT/LON1/LON2/DLON/H
  222  225  235  237  235  236  238  238  238  236  232  225  214  199  181  163
  145  131  119  110  106  105  107  109  110  110  108  104   99   93   89   84
   81   79   80   80   83   84   88   89   90   89   89   87   84   81   78   76
   73   72   71   71   72   73   74   75   77   78   82   87   94  102  111  123
  136  149  161  173  181  191  200  213  222                                   
    70.0-180.0 180.0   5.0 450.0                            LAT/LON1/LON2/DLON/H
  253  260  271  270  265  267  265  265  262  262  253  247  229  212  187  164
  143  124  111  101   99   99  104  106  110  110  110  107  102   96   92   87
   84   81   81   81   83   83   86   86   86   84   83   79   75   70   67   61
   58   54   55   56   57   59   60   62   64   67   72   79   90  100  114  128
  143  157  173  186  195  208  223  240  253                                   
    67.5-180.0 180.0   5.0 450.0                            LAT/LON1/LON2/DLON/H
  284  286  295  293  288  288  287  285  284  282  277  268  251  227  198  170
  144  124  108   99   97   98  101  105  108  109  108  105   99   94   89   85
   81   78   78   76   77   77   78   76   75   72   71   66   61   56   52   46
   43   41   43   44   48   48   51   53   57   62   70   79   92  105  122  138
  156  171  188  202  214  227  242  261  284                                   
    65.0-180.0 180.0   5.0 450.0                            LAT/LON1/LON2/DLON/H
  303  311  319  313  307  305  301  299  297  298  294  289  270  249  215  185
  153  130  113  102  101   99  102  103  105  103  102   96   92   86   83   78
   75   72   71   69   68   67   67   66   64   61   59   54   50   44   41   35
   34   33   37   39   42   43   46   50   55   62   72   85  102  118  137  154
  172  188  203  219  231  247  264  284  303                                   
    62.5-180.0 180.0   5.0 450.0                            LAT/LON1/LON2/DLON/H
  317  321  329  324  314  311  307  305  306  308  308  304  291  269  239  205
  170  146  126  116  109  107  105  105  101   98   93   89   83   79   74   70
   67   64   61   59   57   55   54   53   52   49   47   44   40   36   32   29
   31   32   36   38   42   43   46   52   58   67   81   97  117  137  158  175
  193  206  223  235  248  261  277  298  317                                   
    60.0-180.0 180.0   5.0 450.0                            LAT/LON1/LON2/DLON/H
  322  332  340  333  323  317  309  308  308  312  313  312  302  287  258  230
  197  171  149  135  126  119  113  105   99   91   86   80   76   72   70   66
   63   59   55   52   49   47   45   44   45   42   42   38   36   31   29   25
   31   32   38   40   44   45   49   55   64   76   93  112  137  158  180  196
  213  227  240  252  263  278  296  315  322                                   
    57.5-180.0 180.0   5.0 450.0                            LAT/LON1/LON2/DLON/H
  329  336  346  340  328  319  312  310  312  317  318  319  312  298  278  255
  227  202  176  161  146  136  122  111   98   90   81   77   73   72   70   66
   62   58   53   49   45   45   41   43   42   43   42   42   40   38   34   33
   38   40   45   47   50   50   54   61   71   86  106  127  155  178  201  217
  236  248  259  268  280  292  307  325  329                                   
    55.0-180.0 180.0   5.0 450.0                            LAT/LON1/LON2/DLON/H
  333  346  354  349  339  329  321  317  317  319  319  319  313  304  289  274
  251  229  206  186  166  150  133  116  101   90   82   79   78   78   77   74
   70   64   59   55   53   50   50   47   52   50   54   51   52   47   47   43
   49   48   54   55   57   56   60   68   80   96  116  140  168  194  217  238
  254  268  278  289  300  315  329  341  333                                   
    52.5-180.0 180.0   5.0 450.0                            LAT/LON1/LON2/DLON/H
  344  357  367  363  356  349  341  336  331  330  327  324  318  310  299  286
  269  250  228  207  182  163  142  124  106   96   88   87   87   89   88   84
   78   73   68   65   63   63   62   63   63   65   65   67   66   65   61   60
   62   62   65   65   65   64   67   74   86  101  123  146  177  203  230  252
  271  284  297  309  324  336  345  355  344                                   
    50.0-180.0 180.0   5.0 450.0                            LAT/LON1/LON2/DLON/H
  359  379  390  389  387  383  374  365  356  347  336  328  320  312  303  293
  278  261  239  216  192  169  149  131  116  106  100  100  101  102  100   94
   88   82   79   77   78   78   79   77   80   79   82   82   83   79   78   73
   76   74   76   75   74   73   76   83   94  109  128  152  183  212  239  264
  283  302  316  332  348  361  370  371  359                                   
    47.5-180.0 180.0   5.0 450.0                            LAT/LON1/LON2/DLON/H
  379  401  414  420  424  425  415  405  388  373  355  341  329  319  310  299
  284  264  241  218  194  174  154  140  127  121  115  115  113  112  107  100
   92   88   86   87   89   92   92   92   92   93   94   97   97   96   92   90
   90   87   87   85   83   83   86   92  103  115  136  159  191  219  249  273
  295  314  334  350  368  377  383  382  379                                   
    45.0-180.0 180.0   5.0 450.0                            LAT/LON1/LON2/DLON/H
  396  423  437  449  457  461  452  441  421  400  374  353  337  325  313  301
  283  263  237  215  194  178  163  151  143  137  132  128  123  116  108   97
   91   88   89   92   98  101  103  102  103  103  106  107  109  107  106  102
  102   97   97   93   92   93   95  100  112  125  145  168  198  226  256  281
  303  325  346  364  379  390  396  389  396                                   
    42.5-180.0 180.0   5.0 450.0                            LAT/LON1/LON2/DLON/H
  402  430  448  464  477  482  476  467  448  426  393  370  350  336  321  306
  287  263  237  216  198  187  174  168  159  153  144  137  126  116  103   92
   86   86   89   96  102  106  107  108  108  110  112  116  118  119  117  114
  111  108  105  102  102  101  104  108  121  135  156  179  209  235  264  286
  308  328  350  365  382  389  395  391  402                                   
    40.0-180.0 180.0   5.0 450.0                            LAT/LON1/LON2/DLON/H
  399  428  444  463  476  484  481  474  458  439  406  382  361  346  329  313
  291  268  240  222  208  200  191  184  176  163  151  138  126  110   98   87
   83   85   92   99  107  111  112  112  114  115  119  121  126  126  125  122
  120  116  113  110  110  109  111  117  131  148  170  194  223  249  274  295
  314  335  353  368  382  389  397  388  399                                   
    37.5-180.0 180.0   5.0 450.0                            LAT/LON1/LON2/DLON/H
  398  419  436  449  460  468  467  466  456  442  414  393  372  358  342  325
  303  280  256  239  226  220  209  201  187  171  152  138  124  111  100   93
   91   97  102  111  114  118  116  118  118  121  124  128  132  134  132  130
  126  123  119  116  116  114  118  124  140  160  184  210  236  260  282  299
  316  334  352  367  381  388  393  387  398                                   
    35.0-180.0 180.0   5.0 450.0                            LAT/LON1/LON2/DLON/H
  405  420  428  432  438  443  442  445  439  432  411  397  380  368  352  338
  317  298  278  264  250  240  225  209  192  169  151  136  128  120  117  114
  116  121  125  130  132  131  129  128  129  131  134  135  138  138  137  134
  131  126  121  118  117  114  118  125  145  165  193  216  245  264  284  298
  314  331  351  368  387  396  407  398  405                                   
    32.5-180.0 180.0   5.0 450.0                            LAT/LON1/LON2/DLON/H
  431  435  437  429  427  426  423  425  423  419  406  398  386  377  364  351
  334  318  301  288  273  257  235  212  190  166  149  141  141  146  151  158
  160  166  166  165  159  153  145  145  143  145  144  143  142  141  138  134
  131  125  119  115  113  110  113  120  141  162  191  217  245  264  285  301
  315  331  351  371  392  407  426  420  431                                   
    30.0-180.0 180.0   5.0 450.0                            LAT/LON1/LON2/DLON/H
  478  472  467  448  439  430  420  419  413  411  401  400  392  387  375  364
  348  336  321  308  288  265  236  207  185  165  157  162  177  194  212  224
  232  233  228  214  201  183  173  166  164  161  158  151  146  139  135  130
  130  123  118  112  110  107  110  116  139  161  192  218  247  268  287  304
  317  336  359  380  406  427  456  467  478                                   
    27.5-180.0 180.0   5.0 450.0                            LAT/LON1/LON2/DLON/H
  546  534  515  490  477  463  448  436  426  417  407  405  401  397  386  375
  360  347  333  316  291  261  229  202  184  175  181  201  230  262  291  309
  318  319  303  281  250  225  205  195  186  181  169  160  147  140  130  128
  123  119  112  107  104  102  107  117  139  164  195  223  254  280  300  319
  334  356  380  407  433  464  503  534  546                                   
    25.0-180.0 180.0   5.0 450.0                            LAT/LON1/LON2/DLON/H
  624  604  572  539  526  516  496  481  461  447  430  425  417  413  398  385
  366  353  335  313  282  251  221  201  196  202  224  263  304  350  380  396
  401  394  373  341  302  264  240  223  212  199  185  169  157  142  135  127
  123  114  110  105  101   98  104  116  142  170  203  237  267  295  316  341
  365  390  421  447  479  519  570  619  624                                   
    22.5-180.0 180.0   5.0 450.0                            LAT/LON1/LON2/DLON/H
  697  690  649  615  598  586  570  551  527  497  474  458  446  433  414  393
  371  352  329  302  270  242  222  216  223  247  285  335  387  432  465  474
  466  452  416  378  328  294  262  247  228  213  193  177  159  146  134  128
  119  113  106  100  100   97  104  117  146  182  221  265  296  329  349  384
  416  447  479  507  546  589  648  709  697                                   
    20.0-180.0 180.0   5.0 450.0                            LAT/LON1/LON2/DLON/H
  749  751  724  693  676  668  654  640  604  572  536  515  490  468  436  408
  377  352  323  293  264  245  240  251  275  316  362  419  467  511  537  540
  516  483  439  385  339  298  272  255  241  220  200  180  168  151  142  130
  123  112  104   97   95   96  104  123  156  197  243  291  328  361  392  427
  473  504  543  569  619  664  725  780  749                                   
    17.5-180.0 180.0   5.0 450.0                            LAT/LON1/LON2/DLON/H
  783  808  789  762  753  750  745  725  690  649  610  575  548  513  471  430
  394  361  330  300  276  271  283  312  356  404  451  490  530  553  567  550
  513  475  418  365  317  289  263  253  236  222  199  183  170  158  146  136
  129  114  107   96   96   93  107  127  164  213  260  313  351  389  425  471
  512  551  589  627  679  721  774  812  783                                   
    15.0-180.0 180.0   5.0 450.0                            LAT/LON1/LON2/DLON/H
  796  830  825  807  813  821  826  811  772  724  674  644  606  568  516  467
  420  383  350  324  310  319  351  401  451  498  524  545  557  564  550  519
  479  425  371  323  286  262  248  238  228  211  201  181  176  160  152  138
  129  113  104   94   94   91  108  131  177  227  281  327  372  412  459  502
  548  587  629  672  721  753  793  812  796                                   
    12.5-180.0 180.0   5.0 450.0                            LAT/LON1/LON2/DLON/H
  781  823  827  822  838  861  879  868  838  784  735  695  662  621  570  511
  461  419  386  368  365  390  440  494  541  563  566  553  539  517  483  449
  405  354  309  277  252  243  235  231  220  209  194  182  173  161  152  141
  131  115  105   96   94   95  115  143  191  249  293  340  385  432  475  521
  567  607  650  691  736  756  776  780  781                                   
    10.0-180.0 180.0   5.0 450.0                            LAT/LON1/LON2/DLON/H
  756  800  805  811  836  865  896  897  876  833  787  754  719  684  630  573
  518  478  447  433  442  476  530  579  605  595  564  521  479  443  408  363
  324  280  254  235  226  225  227  224  221  208  200  184  179  163  155  143
  130  116  105   96   95   97  122  155  210  259  306  349  396  441  487  533
  577  621  659  696  731  744  752  743  756                                   
     7.5-180.0 180.0   5.0 450.0                            LAT/LON1/LON2/DLON/H
  729  775  781  788  817  857  886  903  890  857  824  795  772  738  696  641
  592  549  519  508  523  558  602  627  620  578  515  454  399  362  322  290
