data/unet/pred0320.15i
     1.0            IONOSPHERE MAPS     GNSS                IONEX VERSION / TYPE
pyspatialgeodesy        IME             05-JAN-18 20:20     PGM / RUN BY / DATE 
Map Name                                                    COMMENT             
Predicted global ionosphere maps (GIM).                     DESCRIPTION         
  2015     2     1     0     0     0                        EPOCH OF FIRST MAP  
  2015     2     2     0     0     0                        EPOCH OF LAST MAP   
  7200                                                      INTERVAL            
    13                                                      # OF MAPS IN FILE   
  NONE                                                      MAPPING FUNCTION    
10.0                                                        ELEVATION CUTOFF    
One-way carrier phase leveled to code                       OBSERVABLES USED    
  6371.0                                                    BASE RADIUS         
 2                                                          MAP DIMENSION       
   450.0 450.0   0.0                                        HGT1 / HGT2 / DHGT  
    87.5 -87.5  -2.5                                        LAT1 / LAT2 / DLAT  
  -180.0 180.0   5.0                                        LON1 / LON2 / DLON  
    -1                                                      EXPONENT            
                                                            END OF HEADER       
[from data line 429]
     2                                                      START OF TEC MAP    
  2015     2     1     2     0     0                        EPOCH OF CURRENT MAP
    87.5-180.0 180.0   5.0 450.0                            LAT/LON1/LON2/DLON/H
  120  120  118  109  105  100  100   96   96   92   92   88   88   84   85   81
   82   77   78   72   73   67   68   62   64   57   59   52   56   49   53   46
   52   45   52   45   54   48   57   51   61   57   67   63   73   70   78   76
   84   82   89   87   93   91   97   95  101  100  104  103  108  107  110  108
  113  110  114  111  117  114  119  129  120                                   
    85.0-180.0 180.0   5.0 450.0                            LAT/LON1/LON2/DLON/H
  118  134  121  119  115  109  109  106  105  102  101   98   97   94   93   90
   88   84   82   77   74   69   66   61   59   54   51   47   46   43   41   39
   39   38   39   39   42   43   47   49   53   56   61   64   68   71   75   78
   82   84   88   90   93   95   99  101  105  106  110  112  116  117  119  120
  123  124  125  125  127  122  131  135  118                                   
    82.5-180.0 180.0   5.0 450.0                            LAT/LON1/LON2/DLON/H
  133  135  135  130  125  118  119  113  114  108  110  103  106   99  103   95
   97   87   89   78   79   67   68   56   55   44   43   35   34   29   28   26
   28   27   30   31   36   39   44   48   54   58   64   67   73   75   81   82
   87   87   93   92   98   96  103  103  110  110  117  117  125  124  130  128
  136  133  140  136  143  134  145  141  133                                   
    80.0-180.0 180.0   5.0 450.0                            LAT/LON1/LON2/DLON/H
  149  144  143  138  137  126  126  119  119  113  114  111  111  109  109  107
  106  102   98   94   88   81   73   64   57   49   42   36   32   27   26   24
   27   27   32   35   41   45   51   56   63   68   73   77   81   84   87   87
   90   90   93   92   96   96  100  102  110  113  121  125  133  135  141  143
  149  150  155  155  158  151  153  151  149                                   
    77.5-180.0 180.0   5.0 450.0                            LAT/LON1/LON2/DLON/H
  160  159  156  154  149  142  139  133  129  125  123  122  121  120  119  120
  116  116  111  108  100   95   85   78   66   59   49   44   36   35   30   34
   32   39   39   48   49   59   62   72   74   82   83   90   89   94   91   94
   90   93   90   92   91   94   96  102  107  115  122  129  136  143  148  154
  158  163  167  169  171  168  170  164  160                                   
    75.0-180.0 180.0   5.0 450.0                            LAT/LON1/LON2/DLON/H
  173  172  170  166  163  153  150  142  139  134  133  130  129  127  126  125
  125  122  121  116  112  106   97   88   78   69   60   53   48   46   44   45
   47   52   57   62   68   74   80   86   91   95   98  100  100  100   98   96
   93   91   88   86   84   85   87   94  100  110  118  129  138  146  153  161
  167  173  178  181  184  180  181  175  173                                   
    72.5-180.0 180.0   5.0 450.0                            LAT/LON1/LON2/DLON/H
  189  189  188  181  177  166  162  153  148  142  140  135  134  130  127  127
  123  124  120  120  115  112  104   98   88   81   71   67   60   61   58   62
   63   69   72   79   82   90   92   98   99  103  103  105  101  102   97   94
   89   86   82   79   77   76   79   84   93  104  115  127  138  150  158  167
  175  181  189  191  197  195  197  190  189                                   
    70.0-180.0 180.0   5.0 450.0                            LAT/LON1/LON2/DLON/H
  209  207  205  200  195  184  180  169  164  154  151  141  138  129  123  119
  116  115  115  115  115  110  108  100   96   87   85   77   79   76   79   80
   84   87   91   94   98  100  103  104  105  105  106  104  102   98   95   90
   86   81   78   74   71   71   74   82   91  105  117  133  145  158  168  178
  187  192  200  203  208  209  213  207  209                                   
    67.5-180.0 180.0   5.0 450.0                            LAT/LON1/LON2/DLON/H
  230  229  226  221  215  201  196  186  179  169  163  151  143  130  120  113
  106  106  104  109  108  111  106  105   99   96   91   90   88   91   91   96
   96  100  100  102  101  102  100  100   98   98   97   97   92   91   86   83
   79   75   71   68   67   68   73   82   95  110  124  140  154  169  179  188
  197  201  209  211  219  220  227  224  230                                   
    65.0-180.0 180.0   5.0 450.0                            LAT/LON1/LON2/DLON/H
  252  245  243  241  234  222  217  204  200  185  178  160  150  130  117  104
   99   94   97   98  103  101  103   98   99   93   94   91   96   95  100  101
  104  104  102  101   97   94   90   88   86   85   85   84   82   80   78   75
   73   70   67   66   67   71   79   93  108  125  139  157  172  185  194  202
  209  213  218  221  226  230  237  238  252                                   
    62.5-180.0 180.0   5.0 450.0                            LAT/LON1/LON2/DLON/H
  268  260  256  251  248  236  229  218  212  201  191  175  160  141  122  109
   96   93   90   95   95   98   95   96   91   91   87   90   90   94   96  100
   99   99   95   91   85   80   74   71   69   69   70   70   68   69   68   67
   65   63   64   65   70   76   88  104  121  138  152  171  186  199  207  212
  220  221  227  227  235  239  247  251  268                                   
    60.0-180.0 180.0   5.0 450.0                            LAT/LON1/LON2/DLON/H
  279  269  267  264  256  248  242  232  226  211  204  183  171  144  130  108
  101   90   91   89   93   88   88   82   82   76   78   76   82   82   89   88
   90   86   83   77   71   64   60   56   56   56   58   60   60   61   62   62
   62   62   65   68   75   87  103  121  138  155  171  188  204  213  220  226
  231  233  235  235  241  245  254  260  279                                   
    57.5-180.0 180.0   5.0 450.0                            LAT/LON1/LON2/DLON/H
  290  278  273  267  262  252  247  237  231  219  209  195  179  162  143  128
  112  106   96   96   90   88   80   76   69   66   63   65   68   72   75   77
   77   74   70   65   58   53   48   48   47   49   52   54   55   57   57   58
   58   61   64   71   82   97  115  134  151  170  183  203  216  228  234  239
  243  242  245  243  249  255  262  268  290                                   
    55.0-180.0 180.0   5.0 450.0                            LAT/LON1/LON2/DLON/H
  303  292  288  281  270  261  253  245  236  222  216  195  187  162  154  130
  126  108  105   94   91   79   74   65   61   55   56   56   62   62   68   66
   70   65   65   58   55   50   48   48   50   52   55   56   59   59   59   59
   60   63   68   78   93  111  131  149  168  184  199  215  230  240  248  253
  256  256  257  255  261  265  269  277  303                                   
    52.5-180.0 180.0   5.0 450.0                            LAT/LON1/LON2/DLON/H
  321  308  304  295  286  273  264  250  240  223  212  199  187  174  161  150
  136  126  111  103   89   82   70   64   56   55   52   56   58   62   63   65
   66   66   64   62   58   58   55   58   58   61   62   64   63   64   61   63
   63   67   72   86  102  125  142  164  179  198  208  227  240  254  261  265
  269  270  272  273  278  282  284  289  321                                   
    50.0-180.0 180.0   5.0 450.0                            LAT/LON1/LON2/DLON/H
  343  339  335  326  310  295  277  262  243  225  211  194  186  168  163  145
  141  122  114   98   90   76   69   60   60   57   61   61   67   66   71   68
   73   71   75   71   72   70   71   71   74   75   77   76   75   73   71   72
   72   75   85   98  120  140  162  178  195  210  221  236  252  263  272  278
  282  286  288  290  296  298  294  298  343                                   
    47.5-180.0 180.0   5.0 450.0                            LAT/LON1/LON2/DLON/H
  363  362  360  355  343  324  303  280  256  232  214  196  184  173  162  153
  139  128  112  102   89   82   72   70   67   69   71   76   77   80   79   81
   81   85   86   88   87   88   86   87   87   88   89   88   85   83   80   81
   81   85   94  113  132  156  175  195  206  222  229  246  259  274  283  288
  295  300  304  308  313  313  308  308  363                                   
    45.0-180.0 180.0   5.0 450.0                            LAT/LON1/LON2/DLON/H
  382  389  391  385  370  352  326  301  266  239  216  196  184  170  162  147
  138  120  111   98   95   85   84   79   82   82   89   90   95   92   94   90
   94   93   99   99  101   98   99   96   99   97  100   97   96   94   93   92
   94   99  111  129  152  174  196  213  226  236  244  257  271  281  290  296
  301  309  317  321  328  326  317  313  382                                   
    42.5-180.0 180.0   5.0 450.0                            LAT/LON1/LON2/DLON/H
  388  395  398  398  388  370  348  321  287  254  230  206  190  176  164  151
  136  124  112  109  103  104   99  100   99  103  103  108  106  106  101  101
  100  103  106  109  108  107  104  103  103  104  105  104  103  103  102  103
  105  112  124  145  167  194  215  234  243  252  257  269  280  289  297  301
  310  317  326  330  336  331  325  318  388                                   
    40.0-180.0 180.0   5.0 450.0                            LAT/LON1/LON2/DLON/H
  388  399  403  402  390  377  354  329  294  261  233  212  194  179  167  150
  139  123  120  115  122  119  124  117  120  116  120  118  119  113  110  105
  105  105  110  110  111  106  105  101  105  105  109  108  110  109  109  110
  116  124  138  158  184  211  236  253  264  270  277  286  296  301  307  312
  319  327  334  337  339  335  328  320  388                                   
    37.5-180.0 180.0   5.0 450.0                            LAT/LON1/LON2/DLON/H
  380  382  385  385  379  366  351  331  302  271  246  224  206  189  175  160
  146  139  135  140  143  147  143  140  133  131  128  128  124  120  113  108
  106  106  109  109  108  103  101  100  104  107  112  111  112  111  112  115
  122  132  146  169  196  229  253  273  284  292  298  307  315  318  324  326
  335  339  346  344  344  336  331  323  380                                   
    35.0-180.0 180.0   5.0 450.0                            LAT/LON1/LON2/DLON/H
  382  383  380  371  359  350  336  318  293  267  244  225  210  193  181  164
  156  146  153  153  165  161  164  152  148  139  137  133  131  125  118  112
  109  107  109  108  106  101   99   99  104  107  112  112  111  109  110  113
  120  130  147  171  205  239  268  287  301  308  317  324  331  334  336  340
  347  353  361  361  360  357  350  336  382                                   
    32.5-180.0 180.0   5.0 450.0                            LAT/LON1/LON2/DLON/H
  395  386  373  355  343  329  320  305  285  264  246  230  217  202  190  177
  169  167  170  177  181  181  172  161  150  143  139  138  136  130  125  118
  115  112  115  112  111  103  102  102  108  110  115  111  110  105  106  108
  114  124  142  171  207  246  278  301  318  327  335  342  349  351  359  360
  367  369  379  379  381  385  377  356  395                                   
    30.0-180.0 180.0   5.0 450.0                            LAT/LON1/LON2/DLON/H
  437  432  409  378  351  330  311  293  272  251  237  224  213  201  192  178
  176  169  180  178  188  180  174  158  153  145  147  147  149  146  140  134
  131  130  131  127  122  113  108  108  113  114  116  110  107  100  100   99
  105  115  135  165  205  247  285  310  331  340  349  354  363  372  381  389
  396  401  411  407  409  422  420  400  437                                   
    27.5-180.0 180.0   5.0 450.0                            LAT/LON1/LON2/DLON/H
  500  488  464  424  392  356  330  301  280  258  243  227  218  206  197  187
  182  179  182  181  178  169  159  150  147  149  157  163  172  168  169  164
  165  162  163  155  147  132  126  119  123  120  120  112  107  100   97   95
   98  109  129  161  202  243  284  313  337  350  360  368  381  395  413  423
  438  442  455  450  451  464  472  458  500                                   
    25.0-180.0 180.0   5.0 450.0                            LAT/LON1/LON2/DLON/H
  593  586  561  527  482  440  391  352  308  278  248  231  218  205  196  182
  180  169  173  162  160  147  145  142  154  163  180  190  202  204  204  203
  200  197  196  185  171  153  140  133  130  127  123  113  108   99   95   91
   97  108  132  167  210  250  292  321  349  362  379  387  406  425  452  472
  491  504  517  515  515  528  541  543  593                                   
    22.5-180.0 180.0   5.0 450.0                            LAT/LON1/LON2/DLON/H
  673  682  666  642  598  540  485  425  378  327  289  255  238  218  207  192
  183  171  162  149  139  133  137  150  173  192  214  232  247  251  248  245
  232  230  219  205  191  169  156  143  142  136  126  116  107  101   94   92
   95  111  138  176  222  267  308  340  367  389  407  422  442  467  496  523
  551  568  585  580  580  599  616  631  673                                   
    20.0-180.0 180.0   5.0 450.0                            LAT/LON1/LON2/DLON/H
  773  802  790  769  735  685  619  551  480  415  357  309  272  246  223  201
  189  166  155  133  130  127  149  171  208  242  275  297  309  305  288  276
  257  248  237  221  204  182  163  152  146  140  130  119  108  100   92   89
   94  114  151  193  245  291  332  361  393  418  443  463  488  515  551  585
  617  639  656  656  661  681  697  723  773                                   
    17.5-180.0 180.0   5.0 450.0                            LAT/LON1/LON2/DLON/H
  842  884  887  875  854  806  750  687  615  533  460  387  338  291  259  231
  209  188  168  153  151  161  188  226  272  317  344  360  361  349  319  299
  276  264  249  230  211  185  170  156  150  143  128  119  106   99   91   91
   97  120  163  212  265  313  348  381  414  448  475  503  529  564  599  640
  670  698  718  725  730  757  767  787  842                                   
    15.0-180.0 180.0   5.0 450.0                            LAT/LON1/LON2/DLON/H
  900  941  952  950  937  896  855  803  736  671  587  504  427  365  317  276
  247  217  199  184  193  217  264  316  366  395  411  404  389  359  326  297
  284  270  257  235  215  190  171  161  152  145  129  118  105  100   94   95
  103  133  183  231  285  324  360  387  428  468  506  533  564  596  638  675
  706  735  755  770  782  800  820  835  900                                   
    12.5-180.0 180.0   5.0 450.0                            LAT/LON1/LON2/DLON/H
  905  957  981  991  993  956  930  885  833  773  703  627  544  469  404  361
  322  297  276  279  295  336  379  426  454  462  449  424  393  355  320  297
  280  266  253  233  214  194  179  173  163  156  136  125  110  105  100  101
  111  148  197  247  292  332  365  397  438  481  519  551  579  615  652  690
  715  739  762  777  794  812  837  844  905                                   
    10.0-180.0 180.0   5.0 450.0                            LAT/LON1/LON2/DLON/H
  902  950  970  997 1002  985  962  936  894  853  787  719  644  573  505  456
  412  393  382  394  425  467  508  529  531  502  464  418  371  330  298  278
  270  258  249  230  213  197  182  178  169  163  143  132  114  111  105  107
  123  162  208  252  293  329  364  393  440  478  523  554  587  619  659  693
  715  743  759  776  791  803  830  841  902                                   
     7.5-180.0 180.0   5.0 450.0                            LAT/LON1/LON2/DLON/H
  867  910  934  964  975  976  964  949  931  898  856  791  725  664  596  558
  514  505  494  521  548  587  602  597  559  506  448  390  341  307  281  269
