data/unet/pred0470.15i
     1.0            IONOSPHERE MAPS     GNSS                IONEX VERSION / TYPE
pyspatialgeodesy        IME             05-JAN-18 20:20     PGM / RUN BY / DATE 
Map Name                                                    COMMENT             
Predicted global ionosphere maps (GIM).                     DESCRIPTION         
  2015     2    16     0     0     0                        EPOCH OF FIRST MAP  
  2015     2    17     0     0     0                        EPOCH OF LAST MAP   
  7200                                                      INTERVAL            
    13                                                      # OF MAPS IN FILE   
  NONE                                                      MAPPING FUNCTION    
10.0                                                        ELEVATION CUTOFF    
One-way carrier phase leveled to code                       OBSERVABLES USED    
  6371.0                                                    BASE RADIUS         
 2                                                          MAP DIMENSION       
   450.0 450.0   0.0                                        HGT1 / HGT2 / DHGT  
    87.5 -87.5  -2.5                                        LAT1 / LAT2 / DLAT  
  -180.0 180.0   5.0                                        LON1 / LON2 / DLON  
    -1                                                      EXPONENT            
                                                            END OF HEADER       
[from data line 2574]
     7                                                      START OF TEC MAP    
  2015     2    16    12     0     0                        EPOCH OF CURRENT MAP
    87.5-180.0 180.0   5.0 450.0                            LAT/LON1/LON2/DLON/H
  104  117  119  121  120  120  122  121  124  121  124  121  124  120  123  119
  122  120  123  122  124  125  126  128  128  130  130  132  131  133  131  132
  131  131  128  129  127  126  123  122  120  119  115  114  109  108  103  103
   99   98   93   95   91   93   89   92   88   91   88   92   90   94   92   97
   96  101  101  104  105  107  116  105  104                                   
    85.0-180.0 180.0   5.0 450.0                            LAT/LON1/LON2/DLON/H
  110  105  106  110  113  113  120  117  123  118  123  118  123  117  121  115
  119  114  118  114  118  116  119  119  122  123  128  128  133  134  138  138
  141  140  141  139  139  135  133  129  127  121  118  112  109  103   98   93
   89   84   80   75   73   70   68   65   65   64   63   64   64   66   66   69
   71   74   77   79   85   92  107  115  110                                   
    82.5-180.0 180.0   5.0 450.0                            LAT/LON1/LON2/DLON/H
  105  104  101  106  108  112  112  116  114  115  112  113  109  110  106  107
  103  104  101  103  101  103  105  107  111  114  121  124  132  133  142  141
  149  145  151  145  149  142  142  135  133  126  122  114  109  102   96   90
   83   78   71   68   63   60   55   54   50   50   46   49   47   50   48   53
   53   58   59   64   68   74   86   97  105                                   
    80.0-180.0 180.0   5.0 450.0                            LAT/LON1/LON2/DLON/H
   99   95   93   97  103  103  109  106  110  103  107   99  103   94   98   90
   94   86   91   86   91   89   95   96  102  107  113  120  127  133  140  145
  151  153  155  155  155  154  152  148  144  139  134  126  122  113  109   98
   94   83   79   70   67   60   58   53   52   50   49   47   47   46   48   48
   51   51   55   57   62   65   75   90   99                                   
    77.5-180.0 180.0   5.0 450.0                            LAT/LON1/LON2/DLON/H
   90   87   81   88   90   99   96  101   96   95   92   90   85   82   79   75
   72   70   71   72   74   77   82   86   93   99  107  117  126  135  144  151
  158  163  166  169  171  170  167  165  161  158  151  146  137  131  123  116
  107  101   93   87   80   75   69   67   62   62   57   59   54   56   53   55
   52   56   53   57   56   62   65   81   90                                   
    75.0-180.0 180.0   5.0 450.0                            LAT/LON1/LON2/DLON/H
   85   79   75   82   85   88   90   91   89   84   81   74   71   63   62   54
   53   50   54   55   63   67   75   81   89   98  108  119  129  140  151  159
  169  176  183  186  190  190  189  186  183  178  174  169  163  156  148  140
  132  125  117  112  105  101   93   90   81   81   73   74   65   67   61   62
   58   60   56   58   56   60   63   76   85                                   
    72.5-180.0 180.0   5.0 450.0                            LAT/LON1/LON2/DLON/H
   76   72   66   75   78   83   84   86   83   80   74   68   62   55   51   44
   42   41   44   48   56   60   70   77   87   96  107  120  131  145  156  168
  178  188  196  201  208  206  209  204  203  198  194  189  184  177  171  161
  157  149  144  137  131  124  116  109  102   98   91   88   83   81   77   75
   72   70   66   64   60   61   59   75   76                                   
    70.0-180.0 180.0   5.0 450.0                            LAT/LON1/LON2/DLON/H
   74   68   62   70   74   79   83   81   82   74   73   60   58   46   45   37
   42   38   46   47   57   64   73   82   91  101  112  123  136  149  162  176
  192  203  216  223  230  230  229  227  224  220  214  212  205  202  195  190
  181  176  167  159  151  140  132  122  115  105   97   91   85   84   81   80
   79   77   74   70   65   64   61   69   74                                   
    67.5-180.0 180.0   5.0 450.0                            LAT/LON1/LON2/DLON/H
   68   63   56   65   67   75   76   79   76   74   67   61   52   48   41   41
   40   44   48   54   61   67   76   85   95  105  116  127  140  155  170  184
  201  213  229  234  243  240  242  236  237  229  229  224  224  217  213  204
  200  191  184  172  164  151  140  128  119  107   97   89   84   80   80   79
   80   77   77   71   66   62   57   70   68                                   
    65.0-180.0 180.0   5.0 450.0                            LAT/LON1/LON2/DLON/H
   65   59   53   57   64   67   75   72   78   70   72   61   58   48   47   41
   47   44   57   57   70   73   84   91  103  112  123  131  144  158  173  189
  206  221  236  241  247  244  245  241  241  238  235  236  233  232  224  217
  208  198  191  179  167  153  139  125  113   98   87   77   71   69   70   69
   74   72   74   69   64   61   58   65   65                                   
    62.5-180.0 180.0   5.0 450.0                            LAT/LON1/LON2/DLON/H
   58   54   47   52   52   58   61   65   67   67   65   62   56   52   48   48
   48   53   57   66   70   77   82   94  104  115  124  136  146  161  175  189
  205  219  232  235  240  236  236  232  233  231  234  233  236  232  227  218
  210  199  190  181  169  154  137  121  106   91   76   65   59   56   57   58
   64   64   67   63   60   56   53   61   58                                   
    60.0-180.0 180.0   5.0 450.0                            LAT/LON1/LON2/DLON/H
   58   51   45   45   52   52   61   59   68   64   70   60   61   50   54   48
   56   56   63   66   75   76   86   93  109  118  130  139  149  165  177  193
  207  221  229  234  233  233  228  229  226  232  230  240  237  238  229  219
  213  200  193  180  166  150  133  117   98   83   68   57   49   46   47   49
   55   55   60   58   57   55   54   55   58                                   
    57.5-180.0 180.0   5.0 450.0                            LAT/LON1/LON2/DLON/H
   56   51   43   44   44   45   48   52   56   58   59   57   55   50   49   48
   51   55   59   66   69   77   82   94  106  121  131  144  154  172  180  198
  206  221  227  234  233  233  229  226  226  230  235  240  243  239  231  222
  213  204  194  185  170  155  137  121  103   89   72   61   53   49   49   50
   55   57   60   60   58   55   54   53   56                                   
    55.0-180.0 180.0   5.0 450.0                            LAT/LON1/LON2/DLON/H
   66   56   48   43   47   43   49   46   55   51   59   51   55   44   48   42
   50   49   59   62   69   73   82   92  104  123  134  150  159  178  187  206
  213  232  236  248  242  249  236  242  233  245  244  257  254  251  244  233
  226  215  208  195  180  163  145  131  112  101   86   78   68   65   59   58
   59   62   64   64   63   62   62   56   66                                   
    52.5-180.0 180.0   5.0 450.0                            LAT/LON1/LON2/DLON/H
   77   66   55   54   49   45   44   43   47   48   53   51   51   45   45   43
   47   50   57   61   66   73   82   96  110  130  143  159  170  188  199  217
  225  244  250  261  261  265  257  258  255  260  265  269  267  261  255  244
  235  226  218  207  195  178  162  146  132  122  110  104   97   92   86   79
   77   76   78   75   75   70   72   66   77                                   
    50.0-180.0 180.0   5.0 450.0                            LAT/LON1/LON2/DLON/H
   94   81   72   64   66   57   58   49   58   53   60   53   54   44   46   41
   48   49   59   64   71   77   88  106  117  141  151  171  178  197  205  226
  235  257  263  278  278  284  274  281  273  284  282  287  281  278  269  261
  252  244  234  223  207  191  173  161  149  142  134  131  126  123  116  109
  100   95   92   92   89   88   88   82   94                                   
    47.5-180.0 180.0   5.0 450.0                            LAT/LON1/LON2/DLON/H
  110   97   88   86   82   75   72   66   66   66   67   64   63   54   53   51
   57   62   68   73   79   87  100  118  135  155  168  182  191  205  214  230
  244  262  275  287  296  301  302  302  301  303  302  302  296  290  281  270
  260  251  242  230  216  196  182  167  160  154  151  151  149  147  138  132
  121  114  109  105  104   98  101  102  110                                   
    45.0-180.0 180.0   5.0 450.0                            LAT/LON1/LON2/DLON/H
  119  112  106  101  106   97   97   87   89   83   86   80   77   66   62   61
   68   74   79   85   89  102  111  135  147  169  177  194  198  213  217  235
  243  266  275  293  299  310  310  314  310  313  309  309  300  295  285  277
  265  258  247  233  215  194  175  163  154  151  150  153  155  155  149  142
  133  127  120  117  111  113  114  116  119                                   
    42.5-180.0 180.0   5.0 450.0                            LAT/LON1/LON2/DLON/H
  125  119  116  118  120  114  112  105  104  100  104   98   93   81   81   78
   86   87   94   98  106  116  130  150  166  182  193  202  205  213  219  229
  245  263  282  300  315  326  332  335  332  330  323  319  308  301  289  280
  268  258  249  232  213  188  167  152  142  137  136  140  144  145  140  136
  129  124  117  114  113  109  116  124  125                                   
    40.0-180.0 180.0   5.0 450.0                            LAT/LON1/LON2/DLON/H
  122  125  122  126  131  128  129  120  120  115  117  116  110  100   94   94
   96  100  103  112  115  132  142  163  176  194  200  208  207  214  215  231
  241  266  285  310  327  343  348  355  349  349  338  336  322  316  300  293
  277  270  257  242  220  192  168  149  135  125  123  122  128  128  127  122
  118  114  106  107  103  106  110  120  122                                   
    37.5-180.0 180.0   5.0 450.0                            LAT/LON1/LON2/DLON/H
  114  117  117  127  132  135  134  126  126  121  125  121  120  109  107  102
  109  110  116  120  128  141  157  173  189  200  205  211  207  211  214  226
  243  266  294  324  350  365  374  381  376  375  365  361  349  338  324  312
  298  287  276  263  245  218  194  168  149  131  123  117  120  117  116  111
  106  101   96   94   93   94   94  109  114                                   
    35.0-180.0 180.0   5.0 450.0                            LAT/LON1/LON2/DLON/H
  108  108  106  116  123  128  130  123  126  119  125  125  124  120  112  113
  112  116  118  128  131  150  161  180  191  205  205  213  208  214  216  229
  245  273  306  338  368  385  399  405  402  399  392  387  379  371  359  351
  338  330  319  307  291  270  246  220  196  171  152  139  132  125  120  114
  108  103   94   92   85   84   87   99  108                                   
    32.5-180.0 180.0   5.0 450.0                            LAT/LON1/LON2/DLON/H
  100   97   94  106  111  118  120  116  116  116  119  123  123  120  117  113
  116  115  120  125  137  150  168  183  196  205  208  215  213  221  226  241
  260  292  325  360  386  408  421  435  435  437  432  431  425  423  414  414
  406  407  400  395  382  364  344  314  286  253  226  202  186  169  161  147
  141  127  114  101   93   86   86   87  100                                   
    30.0-180.0 180.0   5.0 450.0                            LAT/LON1/LON2/DLON/H
   95   84   82   87   94  100  107  100  105  101  112  116  121  120  115  114
  113  114  116  127  134  156  170  189  196  209  210  221  222  235  243  263
  286  314  348  379  413  435  452  464  471  473  472  472  473  470  473  477
  478  483  483  482  478  468  456  436  408  371  332  299  268  248  228  215
  200  183  161  141  121  107  104   94   95                                   
    27.5-180.0 180.0   5.0 450.0                            LAT/LON1/LON2/DLON/H
   84   89   78   82   85   91   92   92   92   96  102  110  116  115  114  110
  112  111  118  124  143  159  181  194  205  215  220  233  240  254  271  296
  323  353  378  411  439  470  487  502  510  518  523  527  530  533  538  546
  552  563  567  574  574  581  576  566  543  505  458  425  394  376  350  330
  305  278  240  205  172  143  127   94   84                                   
    25.0-180.0 180.0   5.0 450.0                            LAT/LON1/LON2/DLON/H
   96  114   90   83   76   80   78   80   84   85   95  101  109  109  108  108
  105  108  111  127  144  170  186  205  211  226  230  250  259  279  300  333
  366  400  423  450  477  504  528  541  552  562  576  579  592  592  609  616
  630  643  655  668  680  693  693  684  653  617  570  534  501  483  450  432
  394  370  322  283  235  206  179  125   96                                   
    22.5-180.0 180.0   5.0 450.0                            LAT/LON1/LON2/DLON/H
  127  131  120  109   88   86   83   85   86   90   96  102  106  108  106  105
  104  104  116  130  159  181  205  217  225  234  244  263  277  300  320  357
  393  445  468  490  518  543  562  572  585  598  612  625  636  643  658  672
  689  710  731  754  764  780  778  767  736  696  660  626  595  574  543  523
  483  454  399  355  300  264  234  169  127                                   
    20.0-180.0 180.0   5.0 450.0                            LAT/LON1/LON2/DLON/H
  181  180  160  130  118  104   97   96   95   94   98  102  105  104  103  103
   99  101  111  136  163  191  212  228  230  245  255  281  298  330  358  395
  447  485  516  528  561  578  598  606  623  634  649  661  674  679  695  713
  734  758  772  792  798  815  807  798  764  728  691  670  643  639  615  599
  558  537  479  430  373  325  300  230  181                                   
    17.5-180.0 180.0   5.0 450.0                            LAT/LON1/LON2/DLON/H
  229  242  212  173  146  128  124  118  114  114  111  111  112  110  109  105
  102  104  118  143  175  203  225  233  241  250  258  282  303  346  380  439
  478  524  538  565  586  607  621  633  650  661  676  686  699  705  720  738
  757  776  783  793  794  800  792  775  745  712  674  649  639  632  620  615
  592  580  526  485  424  390  358  291  229                                   
    15.0-180.0 180.0   5.0 450.0                            LAT/LON1/LON2/DLON/H
  271  285  263  223  187  157  142  132  129  121  114  112  111  106  103  103
   99  102  114  142  173  206  224  238  242  263  278  311  337  383  420  464
  502  534  565  582  610  625  645  653  675  686  702  706  714  719  735  750
  762  767  768  767  759  757  740  720  682  644  598  583  572  571  562  564
  553  553  521  489  448  412  393  333  271                                   
    12.5-180.0 180.0   5.0 450.0                            LAT/LON1/LON2/DLON/H
  304  315  285  254  216  181  165  146  141  134  123  118  112  110  104  106
  105  106  119  144  174  203  225  238  242  262  282  323  362  418  448  491
  518  556  572  597  617  637  650  664  688  701  713  716  721  725  733  744
  744  741  724  711  701  691  673  644  594  540  509  480  479  471  473  478
  479  489  475  460  431  419  391  356  304                                   
    10.0-180.0 180.0   5.0 450.0                            LAT/LON1/LON2/DLON/H
  314  326  304  272  243  203  179  157  145  131  122  113  105  102  100   97
  104  105  118  140  172  203  221  241  253  277  305  350  391  442  469  502
  531  554  578  595  625  638  657  674  698  717  725  726  725  728  733  737
  728  716  689  668  645  626  593  549  487  427  385  364  360  360  367  383
  399  410  413  403  398  384  374  352  314                                   
     7.5-180.0 180.0   5.0 450.0                            LAT/LON1/LON2/DLON/H
  323  324  299  279  248  215  188  163  150  132  129  117  113  107  104  103
  105  111  126  146  175  201  217  234  252  288  320  371  410  452  478  506
