data/unet/pred0070.15i
     1.0            IONOSPHERE MAPS     GNSS                IONEX VERSION / TYPE
pyspatialgeodesy        IME             05-JAN-18 20:20     PGM / RUN BY / DATE 
Map Name                                                    COMMENT             
Predicted global ionosphere maps (GIM).                     DESCRIPTION         
  2015     1     7     0     0     0                        EPOCH OF FIRST MAP  
  2015     1     8     0     0     0                        EPOCH OF LAST MAP   
  7200                                                      INTERVAL            
    13                                                      # OF MAPS IN FILE   
  NONE                                                      MAPPING FUNCTION    
10.0                                                        ELEVATION CUTOFF    
One-way carrier phase leveled to code                       OBSERVABLES USED    
  6371.0                                                    BASE RADIUS         
 2                                                          MAP DIMENSION       
   450.0 450.0   0.0                                        HGT1 / HGT2 / DHGT  
    87.5 -87.5  -2.5                                        LAT1 / LAT2 / DLAT  
  -180.0 180.0   5.0                                        LON1 / LON2 / DLON  
    -1                                                      EXPONENT            
                                                            END OF HEADER       
[from data line 3003]
     8                                                      START OF TEC MAP    
  2015     1     7    14     0     0                        EPOCH OF CURRENT MAP
    87.5-180.0 180.0   5.0 450.0                            LAT/LON1/LON2/DLON/H
   60   74   78   78   75   75   75   76   77   78   78   80   79   79   78   76
   76   74   75   73   75   74   75   75   76   77   78   79   80   82   82   84
   84   85   85   86   86   86   85   85   85   85   84   85   84   85   84   84
   84   83   83   81   80   79   78   76   75   74   73   71   71   69   70   68
   72   70   74   72   71   75   87   78   60                                   
    85.0-180.0 180.0   5.0 450.0                            LAT/LON1/LON2/DLON/H
   78   84   75   72   73   70   71   69   71   69   71   70   72   71   72   71
   72   72   73   74   75   76   77   79   80   82   82   85   85   88   88   91
   91   92   93   93   94   94   94   93   94   93   93   92   92   91   90   89
   88   88   88   87   87   86   87   84   85   82   83   79   79   77   76   73
   74   72   73   73   75   75   77   68   78                                   
    82.5-180.0 180.0   5.0 450.0                            LAT/LON1/LON2/DLON/H
   76   70   62   68   61   65   58   63   56   59   55   56   55   53   55   51
   55   51   56   54   59   57   64   64   71   70   77   78   83   84   88   89
   92   91   94   91   94   89   92   86   90   84   87   81   85   80   83   78
   83   79   83   80   83   80   82   79   80   76   77   72   72   69   67   65
   64   64   63   65   63   63   58   52   76                                   
    80.0-180.0 180.0   5.0 450.0                            LAT/LON1/LON2/DLON/H
   71   62   54   55   53   51   50   50   48   47   46   45   46   44   44   43
   43   42   44   45   49   50   54   60   63   69   72   80   83   88   89   93
   92   92   90   90   88   86   83   81   78   78   74   76   75   76   76   78
   79   81   81   83   83   83   82   81   79   77   74   71   68   67   64   64
   62   63   61   62   59   57   50   50   71                                   
    77.5-180.0 180.0   5.0 450.0                            LAT/LON1/LON2/DLON/H
   54   56   51   55   49   50   47   47   45   43   42   39   37   35   36   34
   36   33   38   36   44   44   52   57   65   71   78   85   89   92   95   97
   96   95   93   91   86   83   78   75   71   68   65   64   65   66   68   70
   72   75   77   78   78   78   78   77   75   73   70   68   65   63   62   61
   60   60   59   58   55   50   44   42   54                                   
    75.0-180.0 180.0   5.0 450.0                            LAT/LON1/LON2/DLON/H
   60   58   56   57   57   52   52   48   48   43   41   37   35   33   32   29
   30   28   32   32   40   41   52   59   70   78   88   95  102  103  107  104
  103   99   96   90   86   80   76   69   67   61   60   55   58   56   60   61
   65   68   72   74   77   75   77   73   74   69   70   64   65   62   64   61
   63   62   63   60   58   52   51   47   60                                   
    72.5-180.0 180.0   5.0 450.0                            LAT/LON1/LON2/DLON/H
   53   62   62   67   62   62   59   60   57   54   51   47   42   38   34   31
   29   29   32   34   41   48   59   70   82   94  103  112  116  119  119  117
  113  111  105  101   94   90   81   75   67   64   58   56   54   55   55   56
   59   65   68   72   73   76   74   74   70   70   67   67   64   64   63   64
   64   66   67   66   64   59   56   53   53                                   
    70.0-180.0 180.0   5.0 450.0                            LAT/LON1/LON2/DLON/H
   63   71   70   73   72   70   68   67   64   60   58   52   49   44   39   35
   32   32   34   40   48   57   71   83   97  108  121  128  133  133  133  130
  127  122  118  113  107  100   91   84   75   69   63   59   55   55   52   55
   55   60   64   70   71   73   73   71   71   69   69   66   68   67   67   68
   69   71   71   71   70   66   65   61   63                                   
    67.5-180.0 180.0   5.0 450.0                            LAT/LON1/LON2/DLON/H
   60   72   74   81   78   78   76   75   75   70   69   65   62   54   48   42
   38   37   41   49   58   71   84  101  114  127  139  147  149  151  148  146
  142  139  135  132  126  118  111  101   92   85   77   72   66   63   58   59
   58   61   62   66   67   70   68   68   66   66   65   67   66   69   67   72
   70   74   73   73   72   68   67   65   60                                   
    65.0-180.0 180.0   5.0 450.0                            LAT/LON1/LON2/DLON/H
   62   73   75   80   81   80   76   75   73   70   70   67   64   56   51   43
   39   39   44   55   67   80   96  110  126  137  150  157  163  164  162  162
  158  157  152  149  144  137  130  119  109  101   92   84   76   69   61   56
   54   54   53   56   56   59   57   58   58   58   59   60   63   63   65   66
   67   67   68   66   68   65   65   63   62                                   
    62.5-180.0 180.0   5.0 450.0                            LAT/LON1/LON2/DLON/H
   53   64   71   81   78   79   76   75   74   71   72   70   67   59   55   46
   43   42   51   63   77   93  108  124  136  147  157  167  172  177  177  178
  176  173  169  164  160  153  147  138  130  122  111  103   91   80   66   58
   52   51   49   48   47   47   47   49   48   52   51   55   56   57   58   59
   59   59   59   59   58   57   57   56   53                                   
    60.0-180.0 180.0   5.0 450.0                            LAT/LON1/LON2/DLON/H
   49   58   66   74   75   75   71   68   66   64   65   62   60   48   50   39
   39   40   50   66   84  101  118  130  142  148  159  168  176  183  188  191
  193  190  188  181  178  170  164  154  148  137  129  115  103   85   70   57
   50   43   40   37   36   35   36   38   40   42   45   48   51   50   52   51
   51   49   50   50   51   48   51   44   49                                   
    57.5-180.0 180.0   5.0 450.0                            LAT/LON1/LON2/DLON/H
   31   46   56   69   67   70   66   65   63   60   60   55   53   43   42   34
   37   39   56   74   91  113  128  142  148  155  160  173  181  192  199  205
  204  202  198  193  187  179  173  167  163  154  145  131  116   97   81   66
   57   47   45   39   37   32   34   34   37   40   42   45   46   46   45   45
   43   43   43   44   42   41   41   35   31                                   
    55.0-180.0 180.0   5.0 450.0                            LAT/LON1/LON2/DLON/H
   32   42   53   63   65   64   62   56   57   43   49   35   43   27   34   23
   32   30   54   72   99  121  138  147  154  156  163  170  183  194  206  211
  214  211  210  202  198  191  184  179  175  167  157  143  130  108   91   74
   65   54   50   41   39   33   35   35   40   41   45   46   47   46   44   42
   41   41   42   43   43   39   42   29   32                                   
    52.5-180.0 180.0   5.0 450.0                            LAT/LON1/LON2/DLON/H
   25   38   48   63   64   66   56   50   45   38   36   33   32   26   27   22
   27   30   51   73  107  133  150  161  162  165  167  177  184  200  209  216
  216  215  211  206  199  196  191  189  184  177  167  155  143  124  109   92
   82   70   64   56   52   46   46   45   48   49   51   52   52   49   47   45
   44   46   46   49   47   45   44   34   25                                   
    50.0-180.0 180.0   5.0 450.0                            LAT/LON1/LON2/DLON/H
   39   46   56   66   70   65   54   40   41   26   34   21   31   17   26   14
   27   28   57   73  115  142  159  167  172  171  175  178  190  198  211  214
  221  219  217  212  208  206  202  199  195  186  180  166  159  139  125  108
  100   87   80   69   65   58   58   57   60   60   61   63   61   59   57   56
   56   55   60   60   63   57   57   45   39                                   
    47.5-180.0 180.0   5.0 450.0                            LAT/LON1/LON2/DLON/H
   50   53   62   75   75   71   58   46   39   34   33   30   30   24   25   23
   32   41   66   92  127  156  169  178  180  183  182  190  192  202  205  215
  215  218  214  215  213  215  212  211  206  199  189  179  169  152  140  126
  116  106   95   87   78   72   69   70   71   73   72   74   73   71   69   69
   67   70   72   77   76   76   74   64   50                                   
    45.0-180.0 180.0   5.0 450.0                            LAT/LON1/LON2/DLON/H
   72   71   78   83   85   80   67   51   51   39   46   35   41   28   36   30
   47   54   86  107  148  168  180  184  192  192  196  194  198  197  203  205
  212  212  215  219  223  225  222  220  215  205  200  186  180  163  153  139
  131  120  109   97   88   80   75   76   78   81   82   84   83   83   82   81
   81   81   86   87   93   88   89   80   72                                   
    42.5-180.0 180.0   5.0 450.0                            LAT/LON1/LON2/DLON/H
   80   78   85   95   92   92   83   71   64   56   58   52   52   42   45   47
   63   78  109  137  169  183  190  198  199  205  203  203  196  197  192  198
  200  205  212  222  231  234  233  230  224  215  207  195  186  170  162  149
  140  128  115  103   90   82   75   76   78   82   84   88   89   88   88   88
   87   88   89   94   97   97   95   90   80                                   
    40.0-180.0 180.0   5.0 450.0                            LAT/LON1/LON2/DLON/H
   93   92   95  100   99   96   88   83   78   71   74   66   66   55   60   62
   84   96  135  156  186  194  206  209  215  215  217  208  202  191  188  187
  196  204  217  231  242  246  245  240  234  222  216  200  193  177  169  156
  146  132  118  103   90   79   73   72   75   79   84   88   90   91   92   91
   91   89   92   93   97   96   97   91   93                                   
    37.5-180.0 180.0   5.0 450.0                            LAT/LON1/LON2/DLON/H
   90   87   94  105   99  100   92   88   85   82   85   79   80   67   74   76
  102  121  150  174  196  210  219  227  227  230  223  216  203  194  186  190
  198  212  229  245  259  262  261  254  245  234  223  210  198  182  173  159
  146  132  115  103   85   77   68   67   71   73   79   83   86   87   87   88
   85   83   82   86   89   91   90   85   90                                   
    35.0-180.0 180.0   5.0 450.0                            LAT/LON1/LON2/DLON/H
   93   91   92   96   95   94   89   86   82   83   83   85   85   83   90   95
  117  135  166  183  213  223  239  241  245  242  237  224  214  201  199  202
  220  237  259  274  286  288  284  273  263  248  236  222  211  196  183  168
  156  140  126  111   96   85   76   73   74   75   80   81   83   82   82   80
   80   76   76   76   79   80   84   78   93                                   
    32.5-180.0 180.0   5.0 450.0                            LAT/LON1/LON2/DLON/H
   86   75   80   90   88   89   87   82   85   80   87   85   92   89  102  108
  133  148  176  196  223  240  252  258  257  255  247  238  229  223  225  238
  259  280  302  315  324  323  316  301  287  269  257  243  229  212  199  184
  172  158  148  134  119  108   97   92   90   88   89   87   85   82   79   78
   73   70   68   69   71   72   72   70   86                                   
    30.0-180.0 180.0   5.0 450.0                            LAT/LON1/LON2/DLON/H
   84   74   72   80   82   87   85   83   83   79   82   86   92   98  108  123
  146  162  190  209  239  253  266  268  270  263  258  253  251  252  264  284
  311  332  354  362  368  363  352  334  318  300  287  275  262  248  230  217
  206  197  189  178  163  152  136  130  121  117  110  106   98   95   89   85
   81   79   76   72   71   66   67   67   84                                   
    27.5-180.0 180.0   5.0 450.0                            LAT/LON1/LON2/DLON/H
   87   62   69   74   74   75   73   63   66   60   73   69   89   90  114  130
  160  172  201  219  248  263  274  277  276  272  270  273  279  293  315  345
  371  395  411  418  416  407  393  373  353  335  321  312  300  291  272  265
  250  248  239  228  212  201  189  179  169  159  147  140  134  129  124  122
  117  109  101   91   85   76   68   70   87                                   
    25.0-180.0 180.0   5.0 450.0                            LAT/LON1/LON2/DLON/H
   93   74   64   72   63   69   58   63   56   61   62   71   79   98  118  144
  169  189  214  235  259  271  280  280  277  277  281  292  312  337  369  398
  427  448  463  467  460  446  428  411  388  375  356  352  338  336  317  315
  302  307  300  299  289  276  248  232  211  205  193  189  184  176  172  163
  159  153  145  130  117   99   85   81   93                                   
    22.5-180.0 180.0   5.0 450.0                            LAT/LON1/LON2/DLON/H
  107   78   77   69   63   55   50   37   41   30   39   30   56   68  112  138
  178  194  225  243  269  279  282  282  279  285  298  324  356  395  426  460
  488  507  513  514  500  487  468  456  437  426  408  399  384  372  357  350
  349  353  361  346  337  312  296  273  259  240  225  213  204  195  185  187
  194  194  180  165  150  131  126  100  107                                   
    20.0-180.0 180.0   5.0 450.0                            LAT/LON1/LON2/DLON/H
  123  109   87   81   61   59   35   44   41   48   33   42   51   75  110  149
  188  211  238  261  279  289  288  286  284  298  321  355  395  437  483  517
  544  556  562  557  543  524  506  498  481  475  455  446  424  417  402  403
  403  410  406  403  386  364  339  319  296  286  266  257  236  227  217  223
  228  238  225  209  181  156  150  120  123                                   
    17.5-180.0 180.0   5.0 450.0                            LAT/LON1/LON2/DLON/H
  138  134  110   93   71   56   45   38   43   24   20   12   33   56   93  136
  196  221  254  274  295  298  294  290  297  320  353  393  436  483  525  560
  588  600  604  598  586  570  555  548  531  524  506  494  476  466  460  457
  455  454  458  446  432  396  378  341  330  313  303  291  280  269  259  259
  260  260  260  243  221  192  170  141  138                                   
    15.0-180.0 180.0   5.0 450.0                            LAT/LON1/LON2/DLON/H
  134  141  115   99   74   66   44   47   39   36   21   33   41   79  110  152
  205  234  272  295  309  310  304  308  322  353  390  427  473  517  556  582
  605  614  614  616  606  597  585  584  570  560  544  533  517  511  502  503
  488  488  476  472  448  424  391  364  338  330  314  315  304  304  291  290
  283  280  277  261  245  217  190  159  134                                   
    12.5-180.0 180.0   5.0 450.0                            LAT/LON1/LON2/DLON/H
  140  153  135  123   89   79   57   53   53   30   28   29   43   74  106  152
  203  247  288  311  327  325  324  333  354  386  421  459  501  540  569  591
  609  616  621  623  623  617  614  615  606  595  575  561  547  539  529  515
  499  482  472  457  440  409  383  352  336  324  317  314  316  315  311  306
  303  295  287  267  244  227  194  159  140                                   
    10.0-180.0 180.0   5.0 450.0                            LAT/LON1/LON2/DLON/H
  126  141  123  118   98   81   64   60   60   61   48   63   68   97  122  164
  221  263  309  324  344  339  347  361  385  416  449  486  521  549  570  583
  595  597  603  608  611  612  614  618  615  605  586  570  555  545  528  512
  481  463  437  419  397  370  352  332  321  311  305  307  308  312  314  314
  311  302  290  255  240  218  188  152  126                                   
     7.5-180.0 180.0   5.0 450.0                            LAT/LON1/LON2/DLON/H
  115  138  129  131  112  104   78   76   70   69   61   68   79  108  132  180
  231  280  322  345  360  366  368  383  408  438  477  509  535  553  568  573
