data/unet/pred0690.15i
     1.0            IONOSPHERE MAPS     GNSS                IONEX VERSION / TYPE
pyspatialgeodesy        IME             05-JAN-18 20:20     PGM / RUN BY / DATE 
Map Name                                                    COMMENT             
Predicted global ionosphere maps (GIM).                     DESCRIPTION         
  2015     3    10     0     0     0                        EPOCH OF FIRST MAP  
  2015     3    11     0     0     0                        EPOCH OF LAST MAP   
  7200                                                      INTERVAL            
    13                                                      # OF MAPS IN FILE   
  NONE                                                      MAPPING FUNCTION    
10.0                                                        ELEVATION CUTOFF    
One-way carrier phase leveled to code                       OBSERVABLES USED    
  6371.0                                                    BASE RADIUS         
 2                                                          MAP DIMENSION       
   450.0 450.0   0.0                                        HGT1 / HGT2 / DHGT  
    87.5 -87.5  -2.5                                        LAT1 / LAT2 / DLAT  
  -180.0 180.0   5.0                                        LON1 / LON2 / DLON  
    -1                                                      EXPONENT            
                                                            END OF HEADER       
[from data line 4290]
    11                                                      START OF TEC MAP    
  2015     3    10    20     0     0                        EPOCH OF CURRENT MAP
    87.5-180.0 180.0   5.0 450.0                            LAT/LON1/LON2/DLON/H
  206  185  180  183  182  182  181  183  183  185  186  186  187  187  186  187
  185  186  184  183  182  180  179  176  174  172  170  167  166  163  162  160
  158  157  154  153  151  150  148  148  147  147  147  148  147  149  148  151
  150  154  153  157  156  160  159  163  161  165  163  167  165  169  167  170
  169  173  172  175  176  177  174  183  206                                   
    85.0-180.0 180.0   5.0 450.0                            LAT/LON1/LON2/DLON/H
  173  173  175  179  178  179  178  180  181  184  185  187  188  189  190  190
  191  190  190  188  187  184  182  177  176  171  170  164  163  158  158  153
  153  148  148  145  144  141  140  138  137  135  135  134  134  134  134  135
  136  137  139  141  143  146  147  150  151  154  154  157  157  159  158  160
  161  164  164  165  168  168  169  174  173                                   
    82.5-180.0 180.0   5.0 450.0                            LAT/LON1/LON2/DLON/H
  170  166  170  173  172  172  173  176  178  182  185  189  192  196  197  200
  200  202  200  201  197  197  190  188  180  178  171  168  160  158  152  150
  144  144  139  140  134  136  130  132  127  130  125  129  124  130  125  131
  127  134  131  138  136  143  141  148  147  154  152  159  157  162  159  164
  161  167  163  167  163  162  155  160  170                                   
    80.0-180.0 180.0   5.0 450.0                            LAT/LON1/LON2/DLON/H
  160  148  152  149  152  152  157  159  165  168  176  180  188  191  197  200
  204  203  205  202  203  197  195  187  183  174  169  160  155  147  144  137
  135  129  130  124  124  120  119  116  115  112  112  109  109  108  109  108
  112  112  116  117  122  123  128  129  133  134  138  138  141  140  143  142
  144  143  146  143  145  141  141  147  160                                   
    77.5-180.0 180.0   5.0 450.0                            LAT/LON1/LON2/DLON/H
  139  130  133  130  132  130  136  139  148  154  166  173  184  190  199  203
  209  209  211  208  207  201  197  190  183  173  167  156  150  140  135  127
  125  120  120  116  115  111  111  107  105  102  101   98   97   96   96   96
   98  100  103  105  109  112  115  118  120  122  124  125  126  127  126  128
  127  129  129  129  129  125  123  129  139                                   
    75.0-180.0 180.0   5.0 450.0                            LAT/LON1/LON2/DLON/H
  132  122  127  125  125  126  131  134  145  153  167  177  191  199  211  215
  223  223  226  221  220  212  209  199  193  182  175  162  154  144  138  130
  126  122  121  117  116  113  111  108  105  101   98   96   93   92   90   91
   91   93   96   97  100  102  105  106  109  109  111  111  112  112  112  112
  112  113  116  116  118  115  118  125  132                                   
    72.5-180.0 180.0   5.0 450.0                            LAT/LON1/LON2/DLON/H
  130  126  128  127  128  123  131  133  147  156  173  185  201  212  225  233
  241  243  243  240  236  230  222  214  205  194  185  172  162  151  144  136
  131  126  124  121  119  117  113  111  106  103   98   96   91   89   87   86
   85   87   88   90   90   93   92   94   93   94   93   93   93   94   93   95
   96   99  103  107  110  112  118  128  130                                   
    70.0-180.0 180.0   5.0 450.0                            LAT/LON1/LON2/DLON/H
  142  138  144  141  143  142  148  151  163  172  187  199  216  228  242  250
  259  260  262  260  258  252  246  236  226  214  204  189  177  164  155  145
  138  131  128  124  122  118  115  111  107  103   99   95   91   88   86   85
   84   85   85   87   87   87   86   85   83   81   79   77   76   76   75   77
   80   85   91   97  105  109  119  132  142                                   
    67.5-180.0 180.0   5.0 450.0                            LAT/LON1/LON2/DLON/H
  152  150  154  156  156  154  160  162  173  181  196  209  226  239  253  262
  271  274  276  276  273  270  264  257  247  235  222  207  193  179  167  155
  146  136  130  124  119  114  110  106  101   98   93   90   85   83   79   80
   78   81   80   83   81   82   78   78   72   71   66   65   61   63   61   65
   66   74   79   89   98  110  121  137  152                                   
    65.0-180.0 180.0   5.0 450.0                            LAT/LON1/LON2/DLON/H
  167  164  173  174  176  179  184  189  196  204  216  227  242  254  268  277
  287  290  292  292  291  289  284  278  270  260  247  231  217  201  189  173
  160  146  136  125  117  110  104   99   95   91   88   84   81   78   76   75
   75   75   77   78   78   76   74   70   67   62   59   56   54   53   53   55
   58   63   71   79   92  105  121  139  167                                   
    62.5-180.0 180.0   5.0 450.0                            LAT/LON1/LON2/DLON/H
  166  167  174  183  186  189  195  199  208  214  225  234  247  258  272  283
  294  298  301  301  303  301  298  293  285  276  264  251  235  221  207  192
  174  158  140  127  113  104   96   89   85   82   78   76   72   69   66   66
   65   67   68   70   70   70   69   67   64   61   55   54   50   51   49   50
   51   56   62   72   84  101  116  138  166                                   
    60.0-180.0 180.0   5.0 450.0                            LAT/LON1/LON2/DLON/H
  167  166  179  187  193  202  211  216  222  228  235  242  251  261  274  286
  299  308  310  314  314  315  311  306  297  288  279  269  257  244  230  214
  196  175  154  134  117  104   94   85   81   77   75   72   69   65   62   59
   59   58   61   62   65   64   65   63   64   60   58   55   54   53   53   52
   54   55   61   67   79   92  111  132  167                                   
    57.5-180.0 180.0   5.0 450.0                            LAT/LON1/LON2/DLON/H
  155  161  172  185  194  202  213  220  226  231  236  242  249  259  271  285
  300  310  316  319  321  321  319  314  306  299  290  284  275  267  251  237
  215  195  169  146  126  110   97   87   82   78   75   72   69   63   59   55
   54   53   56   58   61   64   67   68   70   68   67   65   64   62   60   58
   57   57   60   65   74   88  103  125  155                                   
    55.0-180.0 180.0   5.0 450.0                            LAT/LON1/LON2/DLON/H
  153  162  176  191  201  215  226  236  241  246  248  249  252  259  269  285
  301  316  321  328  329  329  326  322  315  310  305  302  297  291  279  261
  239  214  188  164  141  124  109   99   92   89   86   83   79   72   67   60
   58   57   60   62   67   69   74   76   78   80   79   79   78   76   73   70
   67   67   68   70   78   87  106  124  153                                   
    52.5-180.0 180.0   5.0 450.0                            LAT/LON1/LON2/DLON/H
  151  164  179  198  216  228  243  253  259  262  259  260  259  265  273  290
  305  322  328  333  334  334  331  329  324  323  320  320  316  313  299  283
  254  229  202  179  156  136  123  112  105  102   99   96   91   84   78   71
   68   68   71   74   79   83   88   90   94   94   95   93   93   91   88   83
   80   77   78   80   86   97  112  131  151                                   
    50.0-180.0 180.0   5.0 450.0                            LAT/LON1/LON2/DLON/H
  162  180  198  222  236  256  267  281  284  289  283  282  277  278  283  299
  314  331  335  341  339  340  335  334  332  333  333  333  331  325  313  292
  262  233  209  187  166  149  135  127  120  119  117  114  109  102   96   90
   87   87   89   92   95   98  102  106  108  109  108  107  106  104  101   98
   94   93   94   99  106  114  131  151  162                                   
    47.5-180.0 180.0   5.0 450.0                            LAT/LON1/LON2/DLON/H
  177  202  222  247  265  282  294  306  312  317  311  307  300  300  302  317
  330  344  347  350  347  348  344  344  343  345  342  342  335  329  311  290
  255  230  203  185  168  153  143  134  131  129  128  127  122  117  111  107
  105  106  107  108  109  112  114  117  119  119  118  116  114  113  112  110
  107  107  109  117  127  138  152  176  177                                   
    45.0-180.0 180.0   5.0 450.0                            LAT/LON1/LON2/DLON/H
  201  230  252  278  295  313  322  336  339  348  343  341  332  329  327  340
  350  362  363  364  359  359  354  353  350  349  346  341  333  322  301  272
  242  212  193  176  164  154  146  141  137  136  136  135  133  129  126  123
  123  122  123  121  120  119  121  122  123  124  121  120  119  119  120  120
  118  121  127  136  151  163  179  203  201                                   
    42.5-180.0 180.0   5.0 450.0                            LAT/LON1/LON2/DLON/H
  220  258  277  304  324  339  349  360  364  374  372  372  365  362  358  369
  375  385  383  381  375  374  369  365  360  356  348  340  326  312  282  252
  220  195  178  166  160  152  148  142  139  136  137  137  137  136  135  134
  135  133  132  128  126  124  124  125  124  124  121  118  117  117  119  121
  121  125  132  146  163  181  199  228  220                                   
    40.0-180.0 180.0   5.0 450.0                            LAT/LON1/LON2/DLON/H
  238  278  298  327  344  359  369  380  387  397  400  400  395  391  387  395
  400  407  405  402  396  395  386  383  373  368  353  343  325  307  273  242
  211  190  177  173  167  163  157  151  145  141  140  141  141  141  141  142
  142  140  136  130  125  122  121  121  122  121  118  116  115  118  119  123
  123  127  135  149  171  192  212  241  238                                   
    37.5-180.0 180.0   5.0 450.0                            LAT/LON1/LON2/DLON/H
  243  289  309  341  358  373  381  394  403  418  421  424  420  421  416  423
  426  432  430  427  423  417  410  401  391  377  362  348  330  309  278  247
  221  204  198  196  194  186  179  166  156  148  144  143  142  140  141  141
  140  138  132  124  118  115  116  119  122  121  118  113  112  112  117  117
  117  119  125  139  161  189  212  244  243                                   
    35.0-180.0 180.0   5.0 450.0                            LAT/LON1/LON2/DLON/H
  248  292  318  347  366  381  391  404  417  431  439  445  444  448  443  449
  450  458  457  457  451  446  434  425  407  393  373  362  343  330  302  280
  261  254  251  251  242  235  216  203  185  176  166  163  155  152  145  145
  139  138  128  124  115  116  115  125  127  132  126  125  119  119  116  118
  114  114  116  128  150  178  208  240  248                                   
    32.5-180.0 180.0   5.0 450.0                            LAT/LON1/LON2/DLON/H
  246  289  314  344  364  380  392  406  420  437  446  454  458  462  462  466
  471  478  480  480  475  467  455  442  425  408  394  384  375  367  360  353
  353  349  352  342  329  299  273  245  224  209  197  188  177  166  156  148
  141  134  127  121  117  119  124  128  136  135  136  131  130  124  123  119
  113  108  109  118  137  168  201  238  246                                   
    30.0-180.0 180.0   5.0 450.0                            LAT/LON1/LON2/DLON/H
  251  288  319  344  363  383  396  413  426  446  453  467  469  476  475  484
  490  499  502  503  496  486  470  458  442  431  423  422  425  432  441  438
  434  440  437  447  431  398  354  310  274  256  238  227  209  196  179  171
  161  152  142  139  140  145  149  157  152  158  143  152  143  148  138  135
  127  119  116  118  136  167  202  242  251                                   
    27.5-180.0 180.0   5.0 450.0                            LAT/LON1/LON2/DLON/H
  263  296  321  347  369  386  400  418  427  450  458  473  476  484  484  493
  504  514  517  518  509  496  477  466  459  455  464  475  496  493  517  530
  552  552  539  520  494  458  422  384  341  313  290  275  254  236  215  198
  189  178  173  174  180  183  191  186  185  173  165  153  147  145  151  148
  140  130  128  132  145  173  207  251  263                                   
    25.0-180.0 180.0   5.0 450.0                            LAT/LON1/LON2/DLON/H
  281  306  342  368  389  409  421  445  451  477  483  501  500  508  503  513
  521  530  532  532  522  507  489  483  483  492  511  531  551  586  631  664
  662  664  637  614  560  508  455  412  373  345  320  301  279  260  244  229
  227  215  215  215  222  221  222  218  204  198  184  181  156  146  140  147
  146  147  143  148  164  182  218  264  281                                   
    22.5-180.0 180.0   5.0 450.0                            LAT/LON1/LON2/DLON/H
  299  325  359  392  419  439  457  475  486  511  520  533  533  538  531  537
  543  548  549  547  535  517  503  502  516  537  561  583  637  686  718  740
  746  738  701  656  596  524  457  412  375  352  330  311  298  280  269  257
  255  259  261  262  263  260  251  236  223  203  200  185  184  162  151  146
  142  146  154  165  184  210  240  286  299                                   
    20.0-180.0 180.0   5.0 450.0                            LAT/LON1/LON2/DLON/H
  324  343  382  419  444  471  492  516  539  566  573  590  582  589  572  577
  575  577  572  567  555  537  525  532  555  581  617  663  714  749  771  789
  777  755  701  647  580  504  438  390  363  344  335  321  317  304  305  295
  304  303  309  304  306  293  280  259  238  219  200  190  180  165  159  151
  150  153  159  184  209  230  259  303  324                                   
    17.5-180.0 180.0   5.0 450.0                            LAT/LON1/LON2/DLON/H
  334  364  403  440  468  498  529  558  582  607  626  635  631  630  617  612
  606  601  595  588  577  563  556  567  596  634  680  727  759  782  793  790
  757  717  652  593  517  443  384  339  323  312  311  307  311  309  316  319
  333  335  340  340  340  324  307  278  255  228  214  193  181  166  160  158
  152  158  166  186  218  249  278  321  334                                   
    15.0-180.0 180.0   5.0 450.0                            LAT/LON1/LON2/DLON/H
  349  379  423  456  487  521  553  586  620  650  671  688  687  691  674  667
  651  647  636  629  614  603  592  611  641  681  725  764  781  786  776  750
  702  633  567  490  422  358  313  285  282  281  289  294  310  318  337  351
  362  367  369  370  364  346  322  291  263  232  212  190  177  165  158  152
  152  157  173  190  221  251  291  332  349                                   
    12.5-180.0 180.0   5.0 450.0                            LAT/LON1/LON2/DLON/H
  345  387  430  467  498  537  574  610  647  680  705  723  734  737  727  715
  704  690  681  669  660  648  641  656  688  728  764  786  782  773  739  706
  634  550  475  397  339  285  261  250  257  267  278  295  312  331  353  368
  381  386  389  378  366  341  311  282  251  224  203  184  169  158  151  146
  146  155  167  188  214  250  291  342  345                                   
    10.0-180.0 180.0   5.0 450.0                            LAT/LON1/LON2/DLON/H
  349  394  441  473  508  546  589  627  663  699  728  756  769  783  775  769
  758  747  738  727  719  703  700  718  747  767  792  788  775  748  709  645
  559  465  394  325  280  243  237  241  258  273  292  310  332  346  366  383
  391  391  379  361  339  314  289  264  245  219  206  181  175  157  155  147
  143  149  162  181  212  245  293  341  349                                   
     7.5-180.0 180.0   5.0 450.0                            LAT/LON1/LON2/DLON/H
  343  397  448  483  517  559  601  641  674  705  739  766  792  806  816  810
  805  795  791  780  773  763  764  775  789  800  799  786  760  729  675  600
