data/unet/pred1900.15i
     1.0            IONOSPHERE MAPS     GNSS                IONEX VERSION / TYPE
pyspatialgeodesy        IME             05-JAN-18 20:20     PGM / RUN BY / DATE 
Map Name                                                    COMMENT             
Predicted global ionosphere maps (GIM).                     DESCRIPTION         
  2015     7     9     0     0     0                        EPOCH OF FIRST MAP  
  2015     7    10     0     0     0                        EPOCH OF LAST MAP   
  7200                                                      INTERVAL            
    13                                                      # OF MAPS IN FILE   
  NONE                                                      MAPPING FUNCTION    
10.0                                                        ELEVATION CUTOFF    
One-way carrier phase leveled to code                       OBSERVABLES USED    
  6371.0                                                    BASE RADIUS         
 2                                                          MAP DIMENSION       
   450.0 450.0   0.0                                        HGT1 / HGT2 / DHGT  
    87.5 -87.5  -2.5                                        LAT1 / LAT2 / DLAT  
  -180.0 180.0   5.0                                        LON1 / LON2 / DLON  
    -1                                                      EXPONENT            
                                                            END OF HEADER       
[from data line 1716]
     5                                                      START OF TEC MAP    
  2015     7     9     8     0     0                        EPOCH OF CURRENT MAP
    87.5-180.0 180.0   5.0 450.0                            LAT/LON1/LON2/DLON/H
  156  169  182  180  180  178  180  180  182  182  184  183  185  184  185  184
  185  184  185  183  184  182  182  180  181  179  179  178  178  178  177  178
  178  179  179  180  182  183  183  184  185  185  185  185  185  184  183  182
  182  180  179  177  178  176  175  173  174  171  171  169  171  169  169  168
  170  168  169  167  169  167  171  161  156                                   
    85.0-180.0 180.0   5.0 450.0                            LAT/LON1/LON2/DLON/H
  160  168  170  181  178  176  177  179  180  181  182  182  184  183  184  183
  184  183  184  181  182  180  180  177  178  176  176  175  176  176  175  175
  177  178  179  180  183  184  185  185  188  188  189  188  190  188  187  185
  185  183  182  180  181  178  177  175  175  173  171  169  170  169  167  166
  167  167  165  164  164  161  167  163  160                                   
    82.5-180.0 180.0   5.0 450.0                            LAT/LON1/LON2/DLON/H
  164  163  169  172  171  171  173  174  176  176  178  178  180  180  180  180
  181  180  180  179  179  177  176  175  175  173  173  172  175  173  175  174
  179  177  182  181  188  186  190  190  195  194  197  195  199  196  198  195
  197  194  194  191  192  188  187  184  184  179  176  173  173  170  169  166
  167  164  164  161  163  156  158  167  164                                   
    80.0-180.0 180.0   5.0 450.0                            LAT/LON1/LON2/DLON/H
  172  165  165  165  164  166  167  169  170  171  172  172  173  173  173  173
  173  173  171  172  170  170  167  168  166  167  166  168  168  170  169  173
  175  179  180  186  189  192  193  197  200  202  205  206  209  208  209  208
  210  208  208  206  207  203  201  197  197  191  188  184  183  179  176  174
  172  169  166  163  162  158  159  169  172                                   
    77.5-180.0 180.0   5.0 450.0                            LAT/LON1/LON2/DLON/H
  175  171  165  164  164  166  167  168  170  170  172  171  172  171  172  170
  171  168  169  167  166  164  162  161  160  160  159  160  162  164  166  170
  174  179  183  189  194  199  201  206  209  213  215  218  220  222  222  223
  224  224  223  223  222  220  217  214  211  207  203  199  196  192  189  186
  184  179  175  169  170  162  164  166  175                                   
    75.0-180.0 180.0   5.0 450.0                            LAT/LON1/LON2/DLON/H
  182  175  168  169  166  167  166  167  167  167  167  166  167  165  165  163
  163  161  161  158  158  155  154  152  151  149  149  150  152  155  158  164
  169  176  181  189  194  200  203  208  211  216  218  222  223  226  225  228
  228  229  228  229  227  227  224  223  220  217  213  212  208  206  202  200
  195  193  186  183  181  173  174  177  182                                   
    72.5-180.0 180.0   5.0 450.0                            LAT/LON1/LON2/DLON/H
  192  186  176  172  171  167  167  164  164  162  163  160  161  157  158  154
  155  152  153  149  150  146  146  143  142  140  141  142  146  150  155  162
  168  177  183  191  199  204  208  212  215  218  221  224  227  228  229  230
  230  230  229  230  228  228  226  226  224  222  220  218  217  215  213  209
  209  203  202  195  196  185  185  182  192                                   
    70.0-180.0 180.0   5.0 450.0                            LAT/LON1/LON2/DLON/H
  200  188  180  177  171  167  163  162  160  158  158  155  156  152  152  148
  149  145  147  144  146  142  142  139  139  137  140  140  146  149  158  164
  174  181  189  197  203  207  210  214  216  219  221  225  227  228  228  229
  228  227  226  226  224  223  221  221  220  219  218  219  219  219  217  216
  214  212  209  206  207  197  193  195  200                                   
    67.5-180.0 180.0   5.0 450.0                            LAT/LON1/LON2/DLON/H
  206  198  187  179  173  164  160  155  154  150  151  147  147  144  143  139
  139  136  138  137  139  138  137  135  135  134  136  140  146  154  162  172
  181  191  200  208  213  216  218  220  222  224  226  229  231  231  230  229
  227  225  222  221  218  217  214  214  213  212  213  214  217  216  217  215
  217  214  214  211  214  206  202  199  206                                   
    65.0-180.0 180.0   5.0 450.0                            LAT/LON1/LON2/DLON/H
  213  200  190  182  173  163  156  150  148  144  144  141  141  138  136  132
  132  130  133  132  136  135  137  134  136  134  139  142  153  160  171  180
  192  201  209  217  220  223  222  225  224  228  228  233  232  234  229  229
  224  222  217  216  211  210  207  206  206  205  206  209  211  213  213  215
  214  214  213  214  217  210  207  209  213                                   
    62.5-180.0 180.0   5.0 450.0                            LAT/LON1/LON2/DLON/H
  216  209  196  185  175  162  153  144  140  135  135  132  132  128  127  123
  124  122  125  125  129  129  130  130  131  132  137  145  154  167  177  190
  200  211  218  225  228  229  229  230  231  234  235  237  237  237  233  230
  225  221  215  213  209  207  203  203  203  202  204  205  209  209  211  209
  210  208  210  211  217  213  214  215  216                                   
    60.0-180.0 180.0   5.0 450.0                            LAT/LON1/LON2/DLON/H
  221  213  202  191  179  163  151  140  134  129  127  125  125  122  122  119
  118  116  118  119  122  121  123  123  126  127  136  143  158  169  184  194
  208  216  224  230  232  234  233  235  236  239  239  242  242  241  236  233
  227  222  216  213  210  207  206  204  206  204  206  207  210  209  208  207
  206  205  205  208  214  213  217  224  221                                   
    57.5-180.0 180.0   5.0 450.0                            LAT/LON1/LON2/DLON/H
  226  224  211  199  186  168  153  139  130  122  119  116  117  113  114  110
  110  107  109  107  111  110  112  112  116  120  129  140  153  168  180  195
  205  216  223  230  233  235  236  238  241  243  245  248  248  247  244  238
  233  227  222  220  218  217  215  215  215  214  214  213  215  212  210  206
  204  202  202  206  213  214  222  228  226                                   
    55.0-180.0 180.0   5.0 450.0                            LAT/LON1/LON2/DLON/H
  233  231  220  210  196  177  160  144  130  120  113  111  109  108  107  105
  103  100  100   99  100  100  101  103  109  116  126  138  154  167  182  194
  206  214  223  230  235  238  239  242  243  247  250  253  254  255  251  248
  241  239  233  233  230  230  229  228  228  227  227  225  225  221  217  213
  208  207  207  210  219  220  232  239  233                                   
    52.5-180.0 180.0   5.0 450.0                            LAT/LON1/LON2/DLON/H
  242  245  233  223  209  190  171  149  132  118  109  105  103  101  101   98
   98   93   93   89   91   89   93   95  102  110  122  135  150  166  178  193
  201  214  221  231  237  241  244  246  249  252  256  260  262  263  261  258
  254  251  247  247  245  246  244  246  244  244  242  240  238  234  227  222
  217  215  215  220  226  231  242  249  242                                   
    50.0-180.0 180.0   5.0 450.0                            LAT/LON1/LON2/DLON/H
  251  250  243  234  221  203  184  161  141  123  110  102   99   97   96   94
   92   89   87   84   83   84   87   93  102  113  126  140  154  169  181  193
  204  213  224  233  242  246  251  253  255  260  266  270  275  278  278  276
  270  269  264  264  261  261  261  260  259  257  255  252  248  244  238  235
  231  230  230  233  241  244  256  264  251                                   
    47.5-180.0 180.0   5.0 450.0                            LAT/LON1/LON2/DLON/H
  257  259  251  243  232  214  197  171  148  128  112  103   97   94   93   90
   90   86   84   80   80   80   85   92  102  115  128  142  155  170  180  194
  202  216  225  239  249  256  259  263  265  271  276  283  288  293  293  291
  286  283  279  279  275  275  272  273  270  269  265  261  256  252  248  246
  243  243  244  248  253  258  267  271  257                                   
    45.0-180.0 180.0   5.0 450.0                            LAT/LON1/LON2/DLON/H
  259  255  249  242  235  220  206  182  159  139  120  109  101   97   93   93
   91   90   87   84   83   85   91  100  112  126  140  152  166  178  189  200
  211  222  234  246  259  266  274  276  282  287  295  302  310  315  318  317
  312  309  303  300  294  290  288  285  282  278  273  266  261  257  253  254
  252  255  256  260  266  268  277  282  259                                   
    42.5-180.0 180.0   5.0 450.0                            LAT/LON1/LON2/DLON/H
  261  254  244  239  235  219  210  188  168  146  128  117  108  102   99   97
   97   95   95   91   91   91   98  109  120  135  146  161  171  186  193  208
  214  229  240  256  269  280  287  293  298  305  311  321  327  334  335  336
  330  327  320  316  308  305  298  296  292  286  280  272  267  260  260  261
  264  267  269  273  277  277  285  283  261                                   
    40.0-180.0 180.0   5.0 450.0                            LAT/LON1/LON2/DLON/H
  263  245  234  228  224  213  204  189  172  156  139  128  118  112  106  106
  104  105  104  102  101  103  110  121  133  144  158  169  183  192  205  214
  225  235  247  261  276  288  299  306  316  323  332  340  349  354  358  357
  355  351  346  340  333  326  321  314  309  301  293  282  275  269  268  272
  276  280  283  282  286  281  289  288  263                                   
    37.5-180.0 180.0   5.0 450.0                            LAT/LON1/LON2/DLON/H
  271  248  230  220  213  203  197  184  173  160  148  137  129  120  116  112
  113  112  115  111  113  114  123  132  144  153  163  175  184  198  207  221
  229  242  253  266  281  295  306  318  327  337  345  355  362  370  372  373
  371  368  363  358  352  346  342  337  332  324  315  301  294  286  287  291
  295  299  298  298  296  291  298  290  271                                   
    35.0-180.0 180.0   5.0 450.0                            LAT/LON1/LON2/DLON/H
  278  249  225  211  201  191  184  178  170  165  156  149  140  133  125  122
  120  121  122  121  123  126  136  144  157  162  172  178  193  202  217  226
  239  246  258  269  284  298  312  326  337  347  357  367  378  384  389  390
  391  389  387  385  382  377  376  371  368  360  351  335  325  315  313  316
  317  320  316  313  308  298  307  296  278                                   
    32.5-180.0 180.0   5.0 450.0                            LAT/LON1/LON2/DLON/H
  294  262  233  215  198  185  178  173  170  168  164  158  151  142  135  128
  128  127  128  128  132  136  147  155  165  170  176  185  194  211  222  237
  243  254  261  272  282  296  308  326  336  349  358  371  382  392  397  402
  406  406  409  408  410  408  411  410  411  402  394  375  365  349  344  343
  342  342  333  330  321  316  321  307  294                                   
    30.0-180.0 180.0   5.0 450.0                            LAT/LON1/LON2/DLON/H
  309  282  249  223  203  187  176  175  172  174  171  169  162  152  143  136
  133  132  132  133  138  145  158  166  177  178  185  188  204  216  232  242
  252  258  266  273  282  293  307  325  337  350  361  375  387  398  407  414
  423  428  435  440  446  452  457  462  463  458  446  427  411  390  379  373
  370  363  354  345  337  332  336  318  309                                   
    27.5-180.0 180.0   5.0 450.0                            LAT/LON1/LON2/DLON/H
  329  310  274  248  221  203  191  186  183  185  183  181  173  162  152  143
  139  137  137  139  146  155  168  176  185  187  191  196  204  223  232  247
  252  261  264  272  276  287  299  317  331  342  354  367  381  395  407  419
  431  443  455  466  479  488  498  505  511  506  496  477  460  437  422  409
  401  387  372  361  353  355  351  335  329                                   
    25.0-180.0 180.0   5.0 450.0                            LAT/LON1/LON2/DLON/H
  343  329  297  274  247  228  211  202  199  198  198  195  188  176  164  154
  148  144  144  146  155  166  180  188  197  198  201  201  211  223  234  245
  252  258  264  269  276  284  297  314  329  343  356  369  383  398  413  426
  442  457  475  492  510  525  538  549  559  557  549  527  505  478  457  441
  425  411  394  380  373  372  369  352  343                                   
    22.5-180.0 180.0   5.0 450.0                            LAT/LON1/LON2/DLON/H
  360  346  322  298  275  257  243  230  221  215  213  209  203  191  177  165
  157  151  149  153  163  174  189  199  208  208  207  206  207  219  223  237
  242  253  256  266  270  280  291  306  323  337  350  365  380  397  411  430
  445  464  482  506  523  542  556  569  581  581  574  555  533  511  490  468
  451  429  416  398  393  393  386  362  360                                   
    20.0-180.0 180.0   5.0 450.0                            LAT/LON1/LON2/DLON/H
  367  358  340  319  299  284  269  253  242  231  229  224  221  209  197  183
  174  163  162  163  173  185  199  212  219  216  212  206  203  207  213  224
  234  242  250  260  271  284  293  311  327  343  359  370  387  402  417  435
  450  471  490  516  534  550  563  577  588  588  584  564  548  527  509  491
  470  454  435  422  410  405  395  373  367                                   
    17.5-180.0 180.0   5.0 450.0                            LAT/LON1/LON2/DLON/H
  372  360  348  326  309  300  288  275  264  254  248  240  235  223  212  198
  188  174  167  169  177  190  205  218  223  221  210  200  189  192  192  208
  216  231  243  258  271  287  297  315  329  348  361  375  392  408  425  442
  457  475  491  514  526  543  548  562  567  568  563  552  540  529  516  499
  483  465  451  434  423  411  397  369  372                                   
    15.0-180.0 180.0   5.0 450.0                            LAT/LON1/LON2/DLON/H
  365  355  345  328  315  307  301  289  280  268  264  254  249  237  228  214
  204  190  182  179  184  196  206  219  223  217  204  186  173  169  175  191
  204  224  239  261  274  294  306  323  345  357  378  388  407  423  440  457
  469  485  496  515  522  536  540  549  554  550  547  535  531  520  512  499
  487  475  460  447  430  418  397  370  365                                   
    12.5-180.0 180.0   5.0 450.0                            LAT/LON1/LON2/DLON/H
  357  345  336  321  313  308  301  293  283  276  270  263  256  244  233  220
  209  194  185  179  185  192  204  210  210  202  184  165  149  148  152  172
  189  214  237  257  278  298  314  333  352  370  386  401  420  439  458  474
  485  495  502  513  517  526  527  538  540  539  530  522  517  512  505  495
  486  478  469  453  436  415  391  359  357                                   
    10.0-180.0 180.0   5.0 450.0                            LAT/LON1/LON2/DLON/H
  343  331  323  309  300  300  296  290  281  274  273  264  259  248  239  227
  217  203  191  184  183  190  194  198  198  184  167  142  129  127  137  159
  180  210  234  258  278  299  319  335  363  376  400  412  436  451  472  486
  495  504  508  517  519  528  526  536  539  533  527  518  516  509  499  489
  481  476  468  458  438  418  384  356  343                                   
     7.5-180.0 180.0   5.0 450.0                            LAT/LON1/LON2/DLON/H
  334  324  315  297  291  286  285  276  273  268  266  260  254  243  232  222
  214  200  189  180  180  179  182  178  174  159  140  120  110  112  122  144
