data/unet/pred3410.15i
     1.0            IONOSPHERE MAPS     GNSS                IONEX VERSION / TYPE
pyspatialgeodesy        IME             05-JAN-18 20:20     PGM / RUN BY / DATE 
Map Name                                                    COMMENT             
Predicted global ionosphere maps (GIM).                     DESCRIPTION         
  2015    12     7     0     0     0                        EPOCH OF FIRST MAP  
  2015    12     8     0     0     0                        EPOCH OF LAST MAP   
  7200                                                      INTERVAL            
    13                                                      # OF MAPS IN FILE   
  NONE                                                      MAPPING FUNCTION    
10.0                                                        ELEVATION CUTOFF    
One-way carrier phase leveled to code                       OBSERVABLES USED    
  6371.0                                                    BASE RADIUS         
 2                                                          MAP DIMENSION       
   450.0 450.0   0.0                                        HGT1 / HGT2 / DHGT  
    87.5 -87.5  -2.5                                        LAT1 / LAT2 / DLAT  
  -180.0 180.0   5.0                                        LON1 / LON2 / DLON  
    -1                                                      EXPONENT            
                                                            END OF HEADER       
[from data line 5148]
    13                                                      START OF TEC MAP    
  2015    12     8     0     0     0                        EPOCH OF CURRENT MAP
    87.5-180.0 180.0   5.0 450.0                            LAT/LON1/LON2/DLON/H
  102   74   67   61   63   58   62   58   62   57   60   56   60   56   59   55
   59   55   59   55   59   55   58   54   57   54   57   53   56   53   56   53
   56   53   57   54   58   55   59   56   59   56   60   57   61   57   61   58
   62   59   63   60   64   61   65   62   66   63   66   63   67   63   67   63
   67   63   68   65   72   68   78   91  102                                   
    85.0-180.0 180.0   5.0 450.0                            LAT/LON1/LON2/DLON/H
   82   46   48   45   43   38   41   38   41   37   39   36   39   36   38   36
   38   36   38   35   37   33   35   31   32   29   31   27   29   27   29   27
   30   28   31   30   33   32   36   34   38   36   40   38   42   39   43   41
   46   43   48   45   50   48   52   49   53   50   54   51   55   52   55   52
   55   51   55   50   57   45   48   78   82                                   
    82.5-180.0 180.0   5.0 450.0                            LAT/LON1/LON2/DLON/H
   73   46   46   46   43   37   39   36   39   35   39   36   40   36   40   37
   41   37   40   36   38   33   33   29   30   25   26   22   24   21   24   21
   24   22   26   25   29   28   33   31   36   34   38   36   41   38   43   41
   46   43   49   46   52   49   54   51   56   52   56   53   58   54   58   55
   58   55   58   55   58   50   53   78   73                                   
    80.0-180.0 180.0   5.0 450.0                            LAT/LON1/LON2/DLON/H
   76   55   53   53   47   44   44   43   43   41   42   42   44   44   46   46
   47   46   47   45   44   40   39   35   33   29   28   25   25   23   24   24
   26   26   29   30   34   35   38   39   42   42   44   45   47   47   48   48
   51   50   52   52   54   54   55   54   56   55   56   56   57   57   58   58
   60   60   62   62   62   57   59   82   76                                   
    77.5-180.0 180.0   5.0 450.0                            LAT/LON1/LON2/DLON/H
   83   61   59   57   51   46   45   42   42   40   42   41   44   43   47   47
   50   49   50   48   48   44   42   37   34   29   27   24   24   22   23   23
   25   26   30   32   35   36   39   40   42   42   44   44   45   44   46   45
   46   45   47   45   47   45   46   44   46   44   46   44   47   45   49   49
   53   53   58   60   63   59   63   83   83                                   
    75.0-180.0 180.0   5.0 450.0                            LAT/LON1/LON2/DLON/H
   86   71   67   66   58   54   51   49   46   45   45   46   47   49   50   52
   53   55   55   55   53   51   47   43   38   34   31   28   26   25   26   28
   30   33   36   39   41   44   45   47   47   47   47   47   46   46   45   44
   43   42   42   41   40   39   38   38   37   36   36   36   36   38   39   43
   45   50   55   61   64   64   69   88   86                                   
    72.5-180.0 180.0   5.0 450.0                            LAT/LON1/LON2/DLON/H
   98   83   82   77   68   63   59   55   53   51   51   50   51   51   53   54
   56   57   58   57   56   54   51   46   42   37   34   31   29   29   30   32
   34   37   41   43   46   47   49   48   49   47   48   46   45   43   42   40
   39   36   36   34   33   31   31   28   29   27   28   27   28   28   32   34
   40   45   53   60   68   70   76   93   98                                   
    70.0-180.0 180.0   5.0 450.0                            LAT/LON1/LON2/DLON/H
  102   95   94   90   80   74   70   66   63   60   59   57   56   55   55   54
   55   55   56   55   55   53   51   48   44   40   38   35   33   32   34   35
   38   40   44   46   48   48   50   49   48   47   47   45   43   41   40   38
   36   33   32   30   28   26   26   24   24   23   24   24   25   26   30   34
   39   46   55   63   73   77   87  102  102                                   
    67.5-180.0 180.0   5.0 450.0                            LAT/LON1/LON2/DLON/H
  115  106  108  103   93   86   81   77   74   70   69   65   62   58   56   53
   52   51   52   52   52   51   50   47   44   41   40   37   37   35   37   37
   40   41   44   44   46   46   47   45   45   43   44   41   41   38   38   35
   35   32   31   28   27   25   25   24   25   24   27   26   30   31   36   39
   45   50   61   69   81   86   96  108  115                                   
    65.0-180.0 180.0   5.0 450.0                            LAT/LON1/LON2/DLON/H
  118  117  117  114  103   96   91   88   84   82   78   74   68   62   57   52
   49   47   48   48   48   48   47   45   44   42   40   39   38   37   37   38
   38   39   40   40   41   41   41   40   40   40   40   39   39   38   37   35
   34   32   31   29   28   26   27   27   29   30   33   36   40   43   47   51
   56   61   70   79   89   96  108  117  118                                   
    62.5-180.0 180.0   5.0 450.0                            LAT/LON1/LON2/DLON/H
  128  124  125  120  109  103   98   95   93   90   87   81   74   65   59   52
   49   45   45   45   46   44   45   42   42   40   40   38   38   36   36   34
   34   33   34   33   34   33   34   33   34   33   35   35   36   35   36   34
   33   31   31   29   30   28   30   30   34   37   43   47   54   57   63   66
   71   75   83   90  100  106  115  125  128                                   
    60.0-180.0 180.0   5.0 450.0                            LAT/LON1/LON2/DLON/H
  129  130  130  125  114  108  104  102  100   98   94   88   80   71   62   55
   50   46   45   44   43   41   40   39   38   37   37   37   36   35   33   31
   29   28   28   28   28   27   29   28   30   30   32   33   34   34   34   33
   32   30   29   28   30   29   31   33   39   44   52   59   68   74   80   84
   89   92   98  103  111  115  124  131  129                                   
    57.5-180.0 180.0   5.0 450.0                            LAT/LON1/LON2/DLON/H
  141  139  138  132  122  115  111  109  108  106  101   95   87   77   69   61
   56   52   49   46   44   40   38   35   35   33   35   34   35   32   31   27
   26   24   25   24   25   25   27   27   28   29   32   33   34   34   34   32
   32   30   30   29   31   31   34   36   43   50   60   69   80   87   96  101
  107  110  115  119  124  127  132  138  141                                   
    55.0-180.0 180.0   5.0 450.0                            LAT/LON1/LON2/DLON/H
  148  150  149  143  132  126  121  119  117  114  108  102   94   85   77   70
   65   60   55   50   45   40   35   31   30   31   33   34   35   34   31   28
   26   25   26   27   29   29   31   30   32   33   35   36   38   37   36   33
   32   30   30   30   32   32   36   39   47   55   67   77   90   99  110  117
  125  129  133  136  140  140  145  149  148                                   
    52.5-180.0 180.0   5.0 450.0                            LAT/LON1/LON2/DLON/H
  168  168  166  159  149  143  137  133  129  124  117  110  102   95   87   81
   76   70   64   56   49   41   35   31   30   31   34   36   37   36   34   31
   29   30   32   35   37   39   39   39   40   41   42   44   44   42   40   37
   35   33   34   33   35   35   39   41   50   57   69   80   94  106  118  128
  138  145  150  154  157  158  159  164  168                                   
    50.0-180.0 180.0   5.0 450.0                            LAT/LON1/LON2/DLON/H
  183  186  188  182  171  164  157  151  144  136  126  118  110  103   97   91
   85   78   70   60   51   42   35   31   30   32   35   39   40   40   38   36
   35   37   41   45   48   51   51   51   51   51   52   53   51   49   46   42
   40   39   39   39   41   42   45   47   56   62   74   85   99  111  125  137
  150  159  167  172  176  174  177  180  183                                   
    47.5-180.0 180.0   5.0 450.0                            LAT/LON1/LON2/DLON/H
  208  208  210  204  195  189  181  172  162  151  138  128  119  113  107  101
   94   85   75   65   55   47   40   36   36   37   41   44   45   44   43   41
   42   45   51   56   61   63   64   63   63   63   63   63   61   58   54   51
   49   47   48   48   49   50   52   54   61   67   78   89  102  114  128  142
  157  169  178  186  191  192  192  198  208                                   
    45.0-180.0 180.0   5.0 450.0                            LAT/LON1/LON2/DLON/H
  226  229  232  225  216  210  202  193  179  164  149  137  128  121  115  107
   98   88   77   67   59   52   47   44   43   45   47   49   50   49   47   47
   48   52   59   65   70   73   74   73   74   74   74   73   71   67   64   61
   60   58   58   58   60   60   62   64   70   76   87   96  108  117  131  144
  161  175  187  196  203  205  207  215  226                                   
    42.5-180.0 180.0   5.0 450.0                            LAT/LON1/LON2/DLON/H
  242  241  243  236  228  223  217  208  194  178  161  148  138  131  123  115
  104   93   82   74   68   64   60   57   56   55   55   55   55   53   51   51
   54   58   64   71   76   79   80   80   81   82   83   82   80   77   74   71
   70   69   69   68   69   69   71   73   79   85   95  103  114  123  135  147
  163  178  190  201  210  214  215  228  242                                   
    40.0-180.0 180.0   5.0 450.0                            LAT/LON1/LON2/DLON/H
  245  246  247  238  230  226  222  214  204  188  170  157  147  140  131  120
  109   96   87   81   78   77   74   72   68   65   62   59   57   55   53   54
   56   60   66   73   78   81   83   84   86   88   91   90   89   85   83   81
   80   78   78   77   78   78   80   83   90   97  107  115  126  133  143  153
  168  182  194  205  214  218  222  235  245                                   
    37.5-180.0 180.0   5.0 450.0                            LAT/LON1/LON2/DLON/H
  244  241  239  229  220  218  215  212  205  193  177  166  158  151  142  131
  118  107   99   96   95   95   92   87   81   74   68   63   60   57   57   57
   60   63   68   73   78   81   83   85   89   92   96   96   95   92   90   88
   86   84   82   81   82   83   87   91   99  107  119  128  138  145  153  163
  175  187  197  207  215  220  222  236  244                                   
    35.0-180.0 180.0   5.0 450.0                            LAT/LON1/LON2/DLON/H
  239  237  232  217  207  204  203  203  201  193  182  173  167  161  153  142
  130  119  114  110  111  109  104   96   87   78   70   64   61   60   60   62
   65   67   71   75   79   82   84   86   91   95  101  102  101   97   95   91
   89   84   82   79   81   83   89   94  105  115  128  138  151  158  166  173
  185  194  205  211  217  222  227  238  239                                   
    32.5-180.0 180.0   5.0 450.0                            LAT/LON1/LON2/DLON/H
  246  238  228  211  197  193  191  195  194  192  183  180  175  173  165  157
  146  139  131  129  126  122  112  101   90   80   73   68   67   68   71   73
   75   77   78   80   82   84   85   88   92   98  104  105  104  100   96   92
   87   81   78   74   77   79   88   94  108  120  137  149  162  171  179  187
  196  205  214  221  223  227  233  246  246                                   
    30.0-180.0 180.0   5.0 450.0                            LAT/LON1/LON2/DLON/H
  267  258  248  225  207  198  194  195  194  192  187  185  184  183  178  171
  163  154  147  139  134  123  111   97   86   78   75   74   77   81   86   90
   92   92   91   91   91   92   92   93   97  102  108  108  107  101   97   91
   85   78   73   69   72   76   87   97  113  127  147  161  177  185  195  202
  213  222  232  237  239  243  253  264  267                                   
    27.5-180.0 180.0   5.0 450.0                            LAT/LON1/LON2/DLON/H
  309  301  290  264  241  226  216  211  204  201  194  193  191  194  189  186
  177  169  157  146  132  119  103   92   83   81   83   89   95  104  110  115
  115  114  109  107  105  104  101  101  103  107  111  110  108  102   98   92
   84   76   71   65   69   74   87   99  116  132  153  171  188  198  207  218
  231  243  253  258  260  267  279  289  309                                   
    25.0-180.0 180.0   5.0 450.0                            LAT/LON1/LON2/DLON/H
  365  372  360  333  307  283  264  248  234  221  211  206  204  203  201  197
  189  177  160  142  124  107   93   84   83   87   97  106  118  127  136  139
  139  134  130  125  122  119  115  111  111  111  114  111  109  102   98   90
   84   75   70   65   69   76   89  102  120  137  157  175  193  205  217  230
  246  261  275  282  287  300  322  328  365                                   
    22.5-180.0 180.0   5.0 450.0                            LAT/LON1/LON2/DLON/H
  426  446  442  426  396  369  339  312  284  261  240  228  218  216  210  206
  194  180  156  135  113   97   86   84   90  104  117  133  145  155  161  165
  162  156  148  143  138  134  128  123  119  118  116  114  109  104   99   92
   86   77   72   68   71   77   92  106  125  142  161  179  196  208  222  238
  259  276  296  306  315  333  360  364  426                                   
    20.0-180.0 180.0   5.0 450.0                            LAT/LON1/LON2/DLON/H
  486  528  534  527  504  472  430  390  350  313  283  260  244  233  225  215
  200  181  153  128  108   95   91   98  111  128  147  162  175  184  188  187
  182  172  163  157  152  149  142  134  128  123  121  117  112  106  103   95
   91   84   80   76   76   84  100  116  136  153  171  186  202  212  228  246
  271  293  318  334  349  373  405  402  486                                   
    17.5-180.0 180.0   5.0 450.0                            LAT/LON1/LON2/DLON/H
  528  581  598  608  595  569  519  475  420  377  334  302  275  258  241  229
  207  186  154  132  113  109  112  128  144  164  182  197  204  208  207  204
  195  183  173  167  163  160  153  146  137  132  127  124  116  110  107  102
   98   92   87   82   82   89  106  125  148  168  185  200  212  222  238  257
  285  310  341  361  379  405  432  428  528                                   
    15.0-180.0 180.0   5.0 450.0                            LAT/LON1/LON2/DLON/H
  560  619  642  662  664  646  602  553  493  443  391  351  317  290  269  250
  227  201  170  149  139  143  154  174  192  211  223  230  229  228  222  214
  203  190  179  173  172  170  164  156  147  140  135  128  123  115  113  108
  105  100   95   92   92  100  118  139  163  184  202  214  225  234  250  270
  298  327  357  378  399  425  453  450  560                                   
    12.5-180.0 180.0   5.0 450.0                            LAT/LON1/LON2/DLON/H
  561  619  648  677  690  684  651  608  551  502  446  406  362  335  305  285
  257  233  205  192  187  200  215  236  249  259  258  255  247  241  232  223
  210  197  186  181  179  179  173  166  156  149  140  133  125  118  115  110
  107  103   99   98   99  108  128  150  174  199  218  232  244  251  266  286
  314  339  367  387  409  431  455  459  561                                   
    10.0-180.0 180.0   5.0 450.0                            LAT/LON1/LON2/DLON/H
  552  607  635  668  688  693  674  640  593  548  499  459  417  385  353  328
  302  279  258  249  253  272  289  304  305  300  284  272  257  250  240  231
  217  205  194  189  186  185  181  173  164  154  145  136  128  120  117  113
  109  105  102  104  106  114  131  153  179  205  228  244  255  264  280  300
  325  349  372  391  410  431  456  457  552                                   
     7.5-180.0 180.0   5.0 450.0                            LAT/LON1/LON2/DLON/H
  530  571  599  632  655  666  661  641  609  574  534  503  465  437  403  380
  352  333  315  314  323  342  356  357  343  320  291  272  256  250  244  237
