data/unet/pred2950.15i
     1.0            IONOSPHERE MAPS     GNSS                IONEX VERSION / TYPE
pyspatialgeodesy        IME             05-JAN-18 20:20     PGM / RUN BY / DATE 
Map Name                                                    COMMENT             
Predicted global ionosphere maps (GIM).                     DESCRIPTION         
  2015    10    22     0     0     0                        EPOCH OF FIRST MAP  
  2015    10    23     0     0     0                        EPOCH OF LAST MAP   
  7200                                                      INTERVAL            
    13                                                      # OF MAPS IN FILE   
  NONE                                                      MAPPING FUNCTION    
10.0                                                        ELEVATION CUTOFF    
One-way carrier phase leveled to code                       OBSERVABLES USED    
  6371.0                                                    BASE RADIUS         
 2                                                          MAP DIMENSION       
   450.0 450.0   0.0                                        HGT1 / HGT2 / DHGT  
    87.5 -87.5  -2.5                                        LAT1 / LAT2 / DLAT  
  -180.0 180.0   5.0                                        LON1 / LON2 / DLON  
    -1                                                      EXPONENT            
                                                            END OF HEADER       
[from data line 429]
     2                                                      START OF TEC MAP    
  2015    10    22     2     0     0                        EPOCH OF CURRENT MAP
    87.5-180.0 180.0   5.0 450.0                            LAT/LON1/LON2/DLON/H
  109  104  103   93   97   87   92   84   91   83   89   81   87   80   86   78
   84   77   82   75   81   75   79   73   78   72   77   71   77   71   77   71
   78   73   79   74   82   76   84   79   88   83   92   87   96   92  100   96
  104  101  108  105  111  109  114  111  116  113  117  113  117  113  116  111
  115  110  114  110  118  110  113  116  109                                   
    85.0-180.0 180.0   5.0 450.0                            LAT/LON1/LON2/DLON/H
  106  115   97   99   95   90   89   87   87   85   85   84   84   83   83   81
   81   80   79   78   76   75   74   72   71   70   68   67   67   66   65   65
   66   66   67   67   70   70   73   74   78   80   84   85   90   91   95   97
  101  103  106  108  111  113  116  116  119  119  120  119  122  120  121  118
  120  117  119  117  120  112  119  125  106                                   
    82.5-180.0 180.0   5.0 450.0                            LAT/LON1/LON2/DLON/H
  111  110  110  106  101   94   94   90   92   88   91   88   92   88   92   87
   90   85   87   80   82   75   76   68   69   62   63   57   59   54   56   53
   57   55   60   59   65   66   71   72   78   80   85   87   92   93   98   99
  104  105  109  109  115  115  120  120  126  125  129  128  133  130  133  130
  134  131  134  131  134  124  129  128  111                                   
    80.0-180.0 180.0   5.0 450.0                            LAT/LON1/LON2/DLON/H
  121  118  113  109  105   97   97   92   94   91   94   93   96   95   98   96
   97   94   94   89   87   81   78   71   68   62   59   54   52   49   49   48
   51   51   55   56   62   63   69   70   77   77   83   83   89   89   95   95
  100  100  106  106  112  113  120  121  128  129  135  136  142  141  145  143
  147  145  149  146  145  134  131  132  121                                   
    77.5-180.0 180.0   5.0 450.0                            LAT/LON1/LON2/DLON/H
  132  129  123  119  109  105  100   99   97   98   98  101  102  105  105  108
  106  106  103  101   95   91   84   79   72   68   61   58   54   52   50   51
   51   53   54   58   60   65   67   72   73   77   78   80   81   83   85   86
   88   90   94   96  101  105  112  116  123  128  134  138  143  145  149  151
  153  154  157  156  154  147  147  143  132                                   
    75.0-180.0 180.0   5.0 450.0                            LAT/LON1/LON2/DLON/H
  143  137  131  127  118  111  107  104  103  102  105  106  109  110  113  113
  114  112  110  106  101   95   89   82   76   70   65   60   58   55   53   52
   52   54   54   57   58   63   64   68   69   72   72   74   72   73   73   73
   74   76   78   82   87   94  101  109  116  122  128  133  138  142  146  149
  153  155  159  159  158  156  157  153  143                                   
    72.5-180.0 180.0   5.0 450.0                            LAT/LON1/LON2/DLON/H
  158  153  148  139  128  120  114  111  108  108  109  111  111  113  113  114
  113  113  110  107  101   96   89   84   78   74   70   67   64   63   61   61
   60   59   60   60   60   62   62   64   64   65   64   63   61   60   60   60
   61   61   66   70   77   86   95  104  113  120  126  130  136  138  143  145
  150  153  159  161  165  165  169  163  158                                   
    70.0-180.0 180.0   5.0 450.0                            LAT/LON1/LON2/DLON/H
  169  164  160  154  142  133  126  121  117  115  114  113  114  111  113  109
  110  106  106  101   98   91   88   82   81   76   77   73   75   71   72   68
   68   65   64   62   61   60   59   59   58   58   57   57   55   54   53   53
   53   55   59   67   75   87   98  109  118  126  131  135  139  140  142  145
  149  153  159  165  169  172  179  174  169                                   
    67.5-180.0 180.0   5.0 450.0                            LAT/LON1/LON2/DLON/H
  181  178  177  168  154  146  137  132  126  123  119  118  113  112  107  106
  102  102   97   96   90   88   83   82   78   80   78   81   80   81   78   77
   73   70   66   63   58   56   53   52   50   50   49   49   47   46   45   45
   47   50   58   65   77   91  105  119  129  137  141  144  147  146  147  146
  149  152  159  165  173  178  184  183  181                                   
    65.0-180.0 180.0   5.0 450.0                            LAT/LON1/LON2/DLON/H
  189  185  183  179  166  156  148  142  136  131  125  120  114  107  103   97
   96   91   91   86   84   79   77   74   76   76   78   79   83   81   81   76
   75   68   64   58   53   49   46   44   43   43   43   45   45   46   46   48
   49   55   61   73   86  104  119  135  147  155  158  159  159  157  155  152
  152  152  156  164  171  178  188  191  189                                   
    62.5-180.0 180.0   5.0 450.0                            LAT/LON1/LON2/DLON/H
  194  192  191  184  171  163  154  151  144  140  131  125  115  109  100   97
   91   91   87   85   80   78   74   74   73   75   75   78   79   80   77   74
   70   65   58   53   46   44   39   39   38   40   41   43   45   47   48   50
   53   59   69   81   98  116  133  151  164  174  176  178  177  173  168  163
  160  157  159  163  172  179  189  191  194                                   
    60.0-180.0 180.0   5.0 450.0                            LAT/LON1/LON2/DLON/H
  195  190  188  187  174  165  157  154  149  143  136  127  118  107  102   93
   94   87   89   82   81   73   72   68   69   69   71   72   75   72   71   66
   63   57   51   46   42   39   36   36   37   40   43   47   50   53   54   56
   60   66   76   90  109  127  146  164  181  189  194  195  195  192  187  181
  175  169  167  169  174  178  188  193  195                                   
    57.5-180.0 180.0   5.0 450.0                            LAT/LON1/LON2/DLON/H
  197  195  191  185  174  165  157  155  150  147  138  132  120  113  104  102
   97   98   94   92   85   80   73   71   70   70   70   70   70   68   64   61
   57   54   48   47   43   43   41   42   44   47   50   55   59   61   62   64
   68   75   85  100  118  137  155  176  190  204  207  213  213  212  208  202
  195  188  182  180  183  185  192  193  197                                   
    55.0-180.0 180.0   5.0 450.0                            LAT/LON1/LON2/DLON/H
  204  198  194  190  178  166  158  155  149  147  139  132  123  114  110  104
  106  101  103   93   91   79   77   70   71   69   70   68   69   64   62   57
   56   52   51   51   50   50   49   51   53   56   60   64   68   69   69   70
   74   80   91  107  126  144  163  182  200  211  220  225  231  232  231  227
  221  212  206  200  198  196  199  203  204                                   
    52.5-180.0 180.0   5.0 450.0                            LAT/LON1/LON2/DLON/H
  218  215  207  198  186  173  164  158  151  147  140  133  124  119  113  113
  111  112  108  102   94   88   80   78   76   76   75   74   71   67   62   60
   58   60   59   64   65   68   67   69   69   71   74   76   79   78   78   79
   82   89  100  117  133  154  169  191  205  221  228  239  245  251  251  249
  243  236  229  223  220  215  219  216  218                                   
    50.0-180.0 180.0   5.0 450.0                            LAT/LON1/LON2/DLON/H
  238  231  225  217  205  188  176  166  156  150  140  135  125  120  116  113
  113  109  108   98   96   85   87   80   84   81   82   79   77   71   69   64
   66   65   71   74   81   83   85   84   85   85   87   87   88   87   86   86
   90   98  111  128  145  164  180  199  215  227  237  247  258  265  271  271
  270  263  257  249  243  236  236  238  238                                   
    47.5-180.0 180.0   5.0 450.0                            LAT/LON1/LON2/DLON/H
  260  257  250  242  230  213  197  180  166  155  146  136  128  122  117  116
  112  111  104  101   94   92   89   91   91   93   92   90   85   81   76   74
   74   78   82   92   97  103  103  103  101  101  100  100  100   98   96   99
  103  113  127  145  160  180  194  212  223  237  244  256  266  277  284  288
  287  285  280  275  271  262  260  259  260                                   
    45.0-180.0 180.0   5.0 450.0                            LAT/LON1/LON2/DLON/H
  285  280  277  270  257  239  222  200  182  167  153  144  132  126  119  114
  109  103  100   92   95   89   98   96  104  101  103   97   94   87   85   80
   83   83   93   99  109  112  115  112  113  110  111  109  109  106  106  108
  116  129  146  163  180  198  213  228  239  246  253  262  274  285  294  299
  301  300  298  297  294  285  279  280  285                                   
    42.5-180.0 180.0   5.0 450.0                            LAT/LON1/LON2/DLON/H
  305  302  297  291  283  266  248  223  201  180  165  152  142  133  125  118
  110  105   98   98   96  101  104  110  111  112  108  105   99   95   90   89
   88   93   98  109  115  122  123  123  121  121  120  120  119  119  119  124
  135  150  168  187  204  223  235  249  256  262  265  273  284  294  303  308
  308  311  310  311  311  305  298  300  305                                   
    40.0-180.0 180.0   5.0 450.0                            LAT/LON1/LON2/DLON/H
  322  317  316  309  296  284  267  242  220  197  179  165  153  143  133  123
  113  104  103   99  108  108  117  115  119  111  110  101   99   92   92   88
   91   91   99  105  115  119  123  122  125  124  126  126  127  125  128  135
  150  166  187  206  225  242  256  266  273  275  278  284  294  304  311  316
  316  317  319  322  327  320  314  313  322                                   
    37.5-180.0 180.0   5.0 450.0                            LAT/LON1/LON2/DLON/H
  335  328  324  316  307  295  283  260  237  213  196  178  167  155  144  134
  123  117  114  117  121  127  128  128  121  113  104   98   94   92   89   90
   89   93   96  105  111  118  121  125  127  130  132  134  136  135  139  147
  163  181  204  224  242  260  272  282  287  289  292  297  311  318  328  332
  331  330  330  333  338  335  329  328  335                                   
    35.0-180.0 180.0   5.0 450.0                            LAT/LON1/LON2/DLON/H
  353  351  348  332  313  302  286  268  245  227  209  194  181  169  156  144
  135  127  129  129  138  137  141  129  122  105   99   89   89   85   88   87
   91   91   97  101  109  113  119  122  128  130  134  136  138  137  141  150
  165  183  207  228  250  266  282  289  296  297  302  310  324  337  346  352
  350  351  351  355  360  358  350  345  353                                   
    32.5-180.0 180.0   5.0 450.0                            LAT/LON1/LON2/DLON/H
  381  374  365  345  327  309  294  277  255  237  224  206  192  178  166  154
  146  142  142  145  148  151  144  132  118  104   95   89   87   87   88   92
   93   98  100  106  109  115  119  125  128  132  136  138  140  139  142  149
  163  179  201  223  246  267  283  293  300  305  314  324  342  355  369  378
  380  384  386  390  393  391  382  368  381                                   
    30.0-180.0 180.0   5.0 450.0                            LAT/LON1/LON2/DLON/H
  423  424  409  382  349  325  298  280  256  244  230  217  199  185  171  158
  151  144  147  144  151  146  142  127  116  104   99   95   97   96  100  104
  109  111  116  118  121  122  126  128  132  133  135  136  136  133  133  138
  152  167  188  207  232  251  274  285  299  306  321  336  360  379  396  408
  416  422  426  432  439  442  433  410  423                                   
    27.5-180.0 180.0   5.0 450.0                            LAT/LON1/LON2/DLON/H
  473  472  453  422  391  357  328  300  276  259  245  227  209  189  174  161
  152  147  142  141  137  135  127  122  117  115  115  117  118  121  123  129
  132  137  137  137  135  134  133  134  134  133  132  131  130  126  127  132
  144  159  179  198  220  241  261  281  299  315  333  356  384  411  433  451
  458  469  475  488  497  498  492  461  473                                   
    25.0-180.0 180.0   5.0 450.0                            LAT/LON1/LON2/DLON/H
  557  551  528  492  446  406  366  331  294  277  255  238  216  194  176  159
  148  136  131  120  120  115  119  120  128  133  144  147  152  152  156  159
  165  166  167  162  158  151  146  141  137  130  128  125  123  120  121  125
  139  157  176  198  218  242  267  288  313  329  353  374  413  446  476  495
  510  520  532  546  560  567  565  534  557                                   
    22.5-180.0 180.0   5.0 450.0                            LAT/LON1/LON2/DLON/H
  625  632  604  559  512  461  420  377  341  315  291  263  237  207  183  164
  146  131  113  103   95  100  110  128  146  164  179  189  196  196  197  200
  202  202  196  185  177  166  157  146  137  128  123  119  117  114  116  119
  131  151  175  198  223  252  282  310  334  356  376  406  440  482  515  537
  554  569  582  601  620  628  632  596  625                                   
    20.0-180.0 180.0   5.0 450.0                            LAT/LON1/LON2/DLON/H
  708  730  703  659  605  545  491  442  396  365  333  301  262  229  199  176
  155  133  111   92   90   97  121  146  173  198  222  235  242  240  240  237
  235  231  223  206  193  178  164  150  139  125  120  115  113  109  107  111
  122  148  173  209  236  270  299  333  363  385  407  437  475  515  548  574
  595  615  633  653  678  696  699  671  708                                   
    17.5-180.0 180.0   5.0 450.0                            LAT/LON1/LON2/DLON/H
  753  793  773  738  690  628  569  506  460  420  391  355  313  270  236  206
  180  154  127  108  105  122  150  181  216  249  277  287  288  283  279  270
  262  255  244  225  205  187  170  155  138  126  116  112  106  104   98  105
  121  151  183  219  254  288  323  360  388  413  435  467  505  539  571  597
  624  644  666  685  715  731  740  712  753                                   
    15.0-180.0 180.0   5.0 450.0                            LAT/LON1/LON2/DLON/H
  791  831  821  805  766  713  654  585  528  487  453  418  377  332  285  251
  219  195  167  150  149  166  193  226  270  303  323  326  319  308  302  290
  281  269  255  233  211  191  174  155  139  126  117  110  106  102  100  108
  127  160  198  235  269  311  349  386  416  440  468  499  531  560  587  617
  639  663  682  708  737  760  770  755  791                                   
    12.5-180.0 180.0   5.0 450.0                            LAT/LON1/LON2/DLON/H
  784  833  831  822  804  757  710  647  593  550  518  483  440  397  354  317
  285  255  229  216  218  234  263  296  329  341  347  340  332  320  315  303
  290  275  257  236  215  199  177  163  146  136  123  117  109  105  101  111
  133  172  209  248  289  328  370  405  436  463  493  521  548  571  594  619
  641  659  681  703  737  757  774  759  784                                   
    10.0-180.0 180.0   5.0 450.0                            LAT/LON1/LON2/DLON/H
  776  819  823  837  822  792  748  700  648  612  581  542  506  460  425  398
  371  350  325  316  318  330  348  363  365  358  346  331  319  309  309  299
  289  273  256  236  219  204  184  169  154  142  130  121  114  107  106  112
  140  176  215  259  297  340  374  410  444  472  503  529  554  578  596  619
  636  656  675  702  731  752  768  768  776                                   
     7.5-180.0 180.0   5.0 450.0                            LAT/LON1/LON2/DLON/H
  749  788  802  816  822  793  763  718  685  659  635  602  560  517  485  467
  458  445  434  424  424  422  419  402  379  350  333  316  308  303  303  294
