data/unet/pred1240.15i
     1.0            IONOSPHERE MAPS     GNSS                IONEX VERSION / TYPE
pyspatialgeodesy        IME             05-JAN-18 20:20     PGM / RUN BY / DATE 
Map Name                                                    COMMENT             
Predicted global ionosphere maps (GIM).                     DESCRIPTION         
  2015     5     4     0     0     0                        EPOCH OF FIRST MAP  
  2015     5     5     0     0     0                        EPOCH OF LAST MAP   
  7200                                                      INTERVAL            
    13                                                      # OF MAPS IN FILE   
  NONE                                                      MAPPING FUNCTION    
10.0                                                        ELEVATION CUTOFF    
One-way carrier phase leveled to code                       OBSERVABLES USED    
  6371.0                                                    BASE RADIUS         
 2                                                          MAP DIMENSION       
   450.0 450.0   0.0                                        HGT1 / HGT2 / DHGT  
    87.5 -87.5  -2.5                                        LAT1 / LAT2 / DLAT  
  -180.0 180.0   5.0                                        LON1 / LON2 / DLON  
    -1                                                      EXPONENT            
                                                            END OF HEADER       
[from data line 1716]
     5                                                      START OF TEC MAP    
  2015     5     4     8     0     0                        EPOCH OF CURRENT MAP
    87.5-180.0 180.0   5.0 450.0                            LAT/LON1/LON2/DLON/H
  129  140  149  145  148  143  149  148  154  153  158  157  161  159  163  160
  163  160  162  158  161  155  157  152  155  150  154  150  153  150  153  150
  152  149  151  149  151  148  150  148  149  148  149  146  147  145  145  143
  144  141  142  139  140  136  136  132  133  129  129  125  127  123  123  120
  123  120  124  122  128  124  129  120  129                                   
    85.0-180.0 180.0   5.0 450.0                            LAT/LON1/LON2/DLON/H
  128  135  133  140  136  137  140  144  148  152  155  159  162  164  166  168
  169  169  169  168  168  166  165  163  163  162  162  161  162  161  162  161
  162  161  160  160  160  159  158  157  156  155  153  151  150  149  146  146
  146  145  143  144  142  142  140  140  138  137  134  134  132  132  129  129
  129  129  127  127  129  123  126  112  128                                   
    82.5-180.0 180.0   5.0 450.0                            LAT/LON1/LON2/DLON/H
  127  123  126  127  124  128  130  137  141  147  150  156  160  165  168  172
  173  174  174  173  172  169  168  165  164  161  161  159  160  157  159  157
  159  157  159  157  159  158  158  157  156  155  154  152  152  151  149  149
  149  149  148  148  148  147  145  145  143  142  139  139  137  136  133  133
  131  130  128  127  126  123  121  114  127                                   
    80.0-180.0 180.0   5.0 450.0                            LAT/LON1/LON2/DLON/H
  127  118  121  116  120  121  128  132  140  143  151  154  162  163  169  170
  174  173  172  171  169  166  163  160  158  155  155  153  154  153  155  155
  158  158  159  160  163  161  162  161  163  160  161  159  162  159  160  159
  161  160  161  161  163  162  161  161  159  157  154  154  150  148  144  143
  138  137  132  130  127  122  115  115  127                                   
    77.5-180.0 180.0   5.0 450.0                            LAT/LON1/LON2/DLON/H
  124  119  120  115  118  119  125  129  136  140  146  150  157  160  163  166
  167  166  165  162  160  155  152  146  144  140  140  137  139  139  144  146
  152  154  159  160  164  164  167  168  171  171  174  174  177  178  180  181
  184  185  187  187  189  188  188  186  185  181  180  176  174  169  165  159
  156  151  148  140  136  130  125  118  124                                   
    75.0-180.0 180.0   5.0 450.0                            LAT/LON1/LON2/DLON/H
  131  122  122  118  117  115  120  121  128  130  137  139  147  149  154  154
  157  155  155  150  147  141  137  130  127  123  123  121  124  128  135  141
  148  154  160  164  168  170  173  174  178  180  183  186  191  194  197  201
  205  208  210  213  213  214  213  211  209  206  204  200  197  191  188  182
  179  171  167  157  152  140  136  130  131                                   
    72.5-180.0 180.0   5.0 450.0                            LAT/LON1/LON2/DLON/H
  141  131  129  123  121  115  116  115  119  119  126  128  135  136  142  141
  144  141  143  138  135  128  125  117  114  108  108  105  110  115  127  134
  145  153  162  167  173  176  181  183  188  190  197  200  207  210  216  219
  226  228  231  232  233  231  230  227  226  223  222  219  216  212  208  203
  198  191  186  174  167  156  155  140  141                                   
    70.0-180.0 180.0   5.0 450.0                            LAT/LON1/LON2/DLON/H
  154  136  136  127  122  112  111  108  110  110  115  118  123  124  129  129
  132  129  130  127  125  119  115  108  103   98   96   96  101  111  123  134
  146  156  166  172  180  182  188  190  195  198  204  209  216  221  225  231
  234  239  240  242  241  240  237  234  232  229  228  227  226  223  220  215
  211  205  200  189  185  169  170  159  154                                   
    67.5-180.0 180.0   5.0 450.0                            LAT/LON1/LON2/DLON/H
  162  146  141  130  122  111  107  102  103  101  105  105  112  110  117  116
  120  117  119  116  115  109  107   99   94   89   88   89   95  106  120  134
  146  158  168  177  183  187  192  197  203  206  216  219  229  230  236  237
  242  242  243  241  240  235  233  227  225  222  223  222  223  222  220  218
  215  209  206  197  193  181  181  163  162                                   
    65.0-180.0 180.0   5.0 450.0                            LAT/LON1/LON2/DLON/H
  174  153  146  134  125  113  107  100   98   97   98  100  103  105  108  109
  112  111  112  110  109  105  101   95   91   86   86   88   96  107  123  135
  150  161  173  180  188  192  199  203  211  216  226  231  237  240  241  245
  243  244  238  236  230  226  220  216  212  211  211  212  213  214  213  213
  211  208  206  200  200  189  193  181  174                                   
    62.5-180.0 180.0   5.0 450.0                            LAT/LON1/LON2/DLON/H
  181  163  152  138  128  114  106   97   95   90   92   91   96   94   99   98
  102  100  102  100  100   96   94   89   85   83   84   88   96  108  121  136
  148  161  172  182  189  196  202  210  221  227  239  241  251  248  252  247
  248  242  239  230  226  217  213  207  204  201  201  200  203  202  202  200
  201  198  201  197  201  192  198  183  181                                   
    60.0-180.0 180.0   5.0 450.0                            LAT/LON1/LON2/DLON/H
  195  171  159  146  133  116  106   96   91   86   85   86   87   88   89   91
   91   91   91   91   90   88   86   83   81   80   84   88   98  109  123  133
  148  159  173  180  192  198  209  216  229  239  251  255  261  261  258  259
  252  250  239  232  223  216  208  203  197  195  194  195  195  195  194  194
  193  194  196  197  205  198  205  199  195                                   
    57.5-180.0 180.0   5.0 450.0                            LAT/LON1/LON2/DLON/H
  210  192  176  159  143  124  111   97   90   82   81   79   82   80   83   81
   83   79   81   78   79   76   76   74   75   76   82   88   97  107  119  130
  142  154  168  181  191  204  213  226  241  250  263  267  275  273  275  270
  266  259  253  243  236  226  221  213  211  205  206  203  204  200  200  195
  195  194  198  201  211  207  212  204  210                                   
    55.0-180.0 180.0   5.0 450.0                            LAT/LON1/LON2/DLON/H
  227  208  193  177  159  136  118  100   90   80   76   74   74   75   74   75
   73   71   69   69   68   67   67   68   70   73   80   87   97  107  118  128
  141  152  168  180  197  208  222  233  249  261  273  278  285  287  286  285
  279  278  268  263  254  248  239  234  227  224  221  220  216  213  208  206
  202  203  205  210  222  222  228  227  227                                   
    52.5-180.0 180.0   5.0 450.0                            LAT/LON1/LON2/DLON/H
  244  233  215  199  181  153  133  111   96   82   75   72   71   70   71   69
   68   65   65   63   64   62   63   64   68   73   81   89   99  107  117  125
  137  149  165  182  197  215  228  245  260  272  282  287  296  298  302  299
  298  296  293  289  283  275  268  260  254  248  246  241  239  233  230  224
  224  221  227  228  240  240  245  241  244                                   
    50.0-180.0 180.0   5.0 450.0                            LAT/LON1/LON2/DLON/H
  257  245  232  218  203  175  150  125  107   90   81   75   72   70   69   68
   66   65   63   63   62   62   62   65   68   75   83   92  101  110  118  127
  138  151  168  185  205  221  238  252  269  278  288  292  299  302  307  308
  311  314  314  315  311  305  295  285  276  269  263  259  254  250  245  243
  239  238  240  242  251  252  260  259  257                                   
    47.5-180.0 180.0   5.0 450.0                            LAT/LON1/LON2/DLON/H
  268  260  247  235  223  198  175  147  126  106   94   83   79   74   73   71
   71   69   70   69   70   68   69   70   75   80   89   97  106  114  121  129
  140  151  168  187  206  226  241  261  275  287  295  301  309  313  320  321
  327  330  335  335  335  327  320  306  297  287  282  275  272  266  265  260
  261  257  261  259  266  265  267  261  268                                   
    45.0-180.0 180.0   5.0 450.0                            LAT/LON1/LON2/DLON/H
  267  257  249  241  233  213  192  166  144  122  108   95   87   82   78   77
   76   77   76   79   76   78   76   79   80   87   95  103  110  119  127  136
  146  159  174  192  212  231  248  263  282  291  305  309  320  322  331  333
  341  345  351  353  353  346  334  320  307  298  289  283  279  277  275  275
  274  274  274  271  274  269  268  261  267                                   
    42.5-180.0 180.0   5.0 450.0                            LAT/LON1/LON2/DLON/H
  264  251  242  235  233  216  204  180  164  143  128  112  103   93   89   86
   88   88   92   90   93   89   90   89   92   95  103  109  117  123  131  139
  150  160  174  191  210  231  248  267  286  301  316  325  338  343  352  353
  361  362  368  367  368  358  348  331  319  306  298  290  287  284  285  284
  288  286  286  279  275  269  260  249  264                                   
    40.0-180.0 180.0   5.0 450.0                            LAT/LON1/LON2/DLON/H
  248  230  215  215  215  208  200  185  171  154  143  127  117  106   98   97
   96   99  100  102  101  100   99   98  100  103  108  113  120  127  136  146
  155  166  177  194  215  235  256  273  295  311  332  342  359  364  372  374
  381  381  387  386  384  375  364  348  334  322  310  304  298  297  296  299
  300  301  294  286  277  263  251  235  248                                   
    37.5-180.0 180.0   5.0 450.0                            LAT/LON1/LON2/DLON/H
  230  209  191  187  192  189  188  179  175  164  154  143  134  121  115  110
  112  111  114  111  114  108  110  105  108  108  113  116  123  128  138  147
  158  166  179  192  212  234  255  278  302  323  344  360  378  387  397  400
  408  410  414  412  412  402  393  375  363  350  341  331  323  318  317  316
  316  311  305  291  278  260  242  224  230                                   
    35.0-180.0 180.0   5.0 450.0                            LAT/LON1/LON2/DLON/H
  212  188  163  162  163  163  165  163  164  159  156  149  144  134  127  124
  121  122  119  119  116  114  112  109  111  111  113  116  122  130  139  151
  158  170  179  197  217  239  265  291  318  339  364  382  403  412  426  431
  440  443  448  448  448  440  432  417  405  392  380  370  359  353  349  350
  347  343  328  312  295  274  248  231  212                                   
    32.5-180.0 180.0   5.0 450.0                            LAT/LON1/LON2/DLON/H
  210  191  161  150  148  143  147  146  152  154  157  155  153  146  141  136
  135  131  131  123  122  115  115  109  113  111  115  113  120  125  139  147
  159  165  178  193  215  243  271  301  331  355  380  402  419  434  446  459
  468  479  487  493  498  493  490  475  465  452  438  425  411  404  393  395
  383  383  362  342  320  293  266  243  210                                   
    30.0-180.0 180.0   5.0 450.0                            LAT/LON1/LON2/DLON/H
  219  206  173  155  144  134  132  131  139  144  152  154  156  153  150  147
  144  140  134  129  123  118  116  112  113  111  113  111  116  123  135  147
  157  169  178  200  221  251  283  317  348  374  399  420  441  455  472  485
  506  520  542  553  568  570  575  569  564  555  536  522  504  493  478  472
  460  451  428  400  367  328  298  277  219                                   
    27.5-180.0 180.0   5.0 450.0                            LAT/LON1/LON2/DLON/H
  250  231  205  175  155  143  136  134  136  142  151  154  159  159  159  155
  153  147  143  134  131  122  123  115  118  113  116  111  116  121  132  145
  154  165  184  204  232  261  294  328  359  383  407  429  450  467  486  510
  533  566  593  621  640  646  646  644  636  630  616  607  590  577  556  552
  528  525  494  467  435  390  348  318  250                                   
    25.0-180.0 180.0   5.0 450.0                            LAT/LON1/LON2/DLON/H
  294  279  247  210  181  157  145  140  145  151  157  159  165  165  165  162
  160  152  146  140  135  130  126  122  118  116  112  108  109  119  129  144
  154  170  192  221  245  278  308  344  372  397  419  440  462  481  507  537
  575  611  649  679  695  702  707  708  705  704  694  688  674  660  642  626
  609  594  579  538  505  451  421  377  294                                   
    22.5-180.0 180.0   5.0 450.0                            LAT/LON1/LON2/DLON/H
  352  335  305  264  232  207  184  168  160  163  170  174  176  174  172  169
  167  158  153  147  146  141  140  131  129  120  118  113  112  120  129  144
  157  178  207  231  262  288  320  351  376  401  418  444  463  491  518  558
  602  639  681  709  730  741  748  753  754  759  757  760  751  743  726  710
  685  669  640  615  576  521  468  440  352                                   
    20.0-180.0 180.0   5.0 450.0                            LAT/LON1/LON2/DLON/H
  404  375  348  315  291  262  240  219  203  187  181  183  186  182  182  175
  173  163  158  152  152  150  146  138  128  120  110  109  103  118  127  146
  164  194  220  248  270  300  326  358  383  407  432  453  480  506  539  580
  622  659  701  718  740  745  755  760  769  777  785  791  791  785  772  753
  737  713  693  657  625  570  517  485  404                                   
    17.5-180.0 180.0   5.0 450.0                            LAT/LON1/LON2/DLON/H
  441  417  393  356  335  319  302  277  253  230  211  203  197  192  188  186
  180  173  168  163  164  161  156  144  134  121  112  106  104  112  125  142
  168  198  230  253  276  300  328  359  384  412  434  464  488  518  550  589
  627  658  689  705  716  721  724  736  745  761  771  784  790  791  781  769
  750  734  711  681  645  597  546  518  441                                   
    15.0-180.0 180.0   5.0 450.0                            LAT/LON1/LON2/DLON/H
  459  444  426  393  369  348  334  322  301  270  245  225  214  201  191  185
  187  178  175  168  170  164  159  146  131  120  105  103   98  110  125  144
  173  204  236  257  278  307  335  361  395  421  453  477  509  534  569  599
  631  646  673  679  684  679  680  690  702  717  732  747  757  761  758  746
  731  716  699  670  638  591  548  515  459                                   
    12.5-180.0 180.0   5.0 450.0                            LAT/LON1/LON2/DLON/H
  469  458  446  421  401  377  364  352  337  310  279  252  239  225  211  199
  195  190  184  178  174  169  160  146  132  119  106  100   96  104  121  141
  171  204  232  254  276  301  329  365  395  429  459  489  522  551  583  605
  625  633  640  645  644  640  634  647  655  672  684  702  714  722  719  712
  698  688  673  648  617  575  534  516  469                                   
    10.0-180.0 180.0   5.0 450.0                            LAT/LON1/LON2/DLON/H
  468  464  453  430  416  395  383  370  356  335  304  277  260  243  230  211
  202  191  187  178  172  162  153  142  128  115  101   95   91   99  117  137
  173  203  235  254  276  301  331  363  403  434  470  498  536  563  594  605
  621  619  626  616  620  608  609  618  627  641  651  665  676  684  684  678
  663  652  638  616  589  553  510  496  468                                   
     7.5-180.0 180.0   5.0 450.0                            LAT/LON1/LON2/DLON/H
  473  474  465  444  428  408  399  383  370  347  322  298  283  264  252  231
  219  200  190  172  160  150  142  138  124  111   97   89   88   93  114  137
