data/unet/pred0400.15i
     1.0            IONOSPHERE MAPS     GNSS                IONEX VERSION / TYPE
pyspatialgeodesy        IME             05-JAN-18 20:20     PGM / RUN BY / DATE 
Map Name                                                    COMMENT             
Predicted global ionosphere maps (GIM).                     DESCRIPTION         
  2015     2     9     0     0     0                        EPOCH OF FIRST MAP  
  2015     2    10     0     0     0                        EPOCH OF LAST MAP   
  7200                                                      INTERVAL            
    13                                                      # OF MAPS IN FILE   
  NONE                                                      MAPPING FUNCTION    
10.0                                                        ELEVATION CUTOFF    
One-way carrier phase leveled to code                       OBSERVABLES USED    
  6371.0                                                    BASE RADIUS         
 2                                                          MAP DIMENSION       
   450.0 450.0   0.0                                        HGT1 / HGT2 / DHGT  
    87.5 -87.5  -2.5                                        LAT1 / LAT2 / DLAT  
  -180.0 180.0   5.0                                        LON1 / LON2 / DLON  
    -1                                                      EXPONENT            
                                                            END OF HEADER       
[from data line 2145]
     6                                                      START OF TEC MAP    
  2015     2     9    10     0     0                        EPOCH OF CURRENT MAP
    87.5-180.0 180.0   5.0 450.0                            LAT/LON1/LON2/DLON/H
  102  125  124  123  129  130  136  137  141  143  145  147  146  149  148  150
  149  150  149  149  148  147  147  145  145  144  143  140  138  137  135  134
  132  132  131  131  130  131  130  131  129  131  128  128  124  126  122  122
  117  118  113  114  109  111  105  107  103  105  101  103  101  102  101  101
  102  102  104  105  107  106  108   99  102                                   
    85.0-180.0 180.0   5.0 450.0                            LAT/LON1/LON2/DLON/H
  116  104  115  120  123  126  131  135  138  141  144  146  146  148  148  149
  147  148  147  148  146  147  146  147  147  149  148  149  147  149  148  149
  147  149  149  150  148  150  148  148  144  144  140  137  132  129  124  118
  113  108  103   97   94   90   88   84   83   82   81   81   81   81   82   83
   86   87   91   91   98   97  104  108  116                                   
    82.5-180.0 180.0   5.0 450.0                            LAT/LON1/LON2/DLON/H
   97  103  108  113  118  118  127  128  134  135  139  139  142  142  143  142
  143  141  143  140  142  140  143  140  144  142  146  145  147  148  150  152
  153  157  158  161  163  165  165  165  163  160  157  150  145  138  132  124
  117  108  102   95   88   84   75   74   67   67   62   64   62   64   64   67
   69   72   76   79   86   90  100  103   97                                   
    80.0-180.0 180.0   5.0 450.0                            LAT/LON1/LON2/DLON/H
  100   96  101  103  107  111  115  117  120  122  123  125  126  127  126  126
  125  123  123  120  121  118  119  119  120  121  123  124  128  131  136  140
  148  152  161  164  173  174  181  179  183  179  179  170  167  157  153  141
  135  123  116  103   96   84   78   70   65   61   58   57   56   57   58   61
   62   67   68   73   77   81   93  103  100                                   
    77.5-180.0 180.0   5.0 450.0                            LAT/LON1/LON2/DLON/H
   92   92   97  101  104  108  109  111  110  112  112  110  110  109  108  107
  105  104  102  102  100  102  101  102  101  103  103  106  109  113  119  127
  136  144  156  165  175  183  190  196  199  202  202  198  194  186  181  169
  161  148  139  127  116  105   96   86   80   73   70   67   67   65   69   69
   73   72   77   76   82   82   91   93   92                                   
    75.0-180.0 180.0   5.0 450.0                            LAT/LON1/LON2/DLON/H
   90   86   93   95   96   99  100  102  101  102  101  100   96   95   92   90
   88   86   85   84   83   84   81   81   80   79   78   81   82   89   95  106
  117  131  146  164  178  191  201  214  219  230  232  235  232  227  220  213
  201  189  178  164  152  137  125  114  105   97   90   86   81   81   79   80
   81   81   81   82   82   82   89   93   90                                   
    72.5-180.0 180.0   5.0 450.0                            LAT/LON1/LON2/DLON/H
   83   83   86   90   92   95   97   97   97   95   94   90   86   83   80   77
   74   74   71   74   74   76   75   76   74   73   73   72   74   78   83   95
  106  123  138  158  174  193  206  224  235  254  258  268  265  266  259  250
  241  231  223  210  196  180  166  152  140  128  120  110  104   98   96   92
   92   86   88   83   85   82   88   86   83                                   
    70.0-180.0 180.0   5.0 450.0                            LAT/LON1/LON2/DLON/H
   79   78   84   84   87   91   93   95   94   95   93   88   84   79   76   71
   70   67   68   69   72   75   75   75   73   72   71   68   70   69   78   84
  101  115  134  157  174  197  211  238  253  275  285  297  299  301  294  288
  280  273  269  256  246  227  210  192  174  158  145  133  123  114  105  102
   96   94   89   88   83   81   85   83   79                                   
    67.5-180.0 180.0   5.0 450.0                            LAT/LON1/LON2/DLON/H
   72   75   78   82   84   90   93   95   96   95   93   88   82   77   72   68
   65   64   62   69   69   76   75   79   78   76   76   73   75   72   80   89
  102  125  140  168  184  212  230  258  274  297  306  319  324  326  324  317
  312  306  304  295  285  265  246  223  201  181  162  148  133  121  110   99
   94   87   84   79   79   77   80   71   72                                   
    65.0-180.0 180.0   5.0 450.0                            LAT/LON1/LON2/DLON/H
   64   71   75   76   80   87   89   95   93   97   94   91   87   82   77   72
   70   66   68   70   75   79   82   84   86   86   86   83   81   81   86   93
  110  128  148  173  193  217  244  264  289  303  320  327  339  342  345  340
  340  336  335  325  313  291  267  242  218  193  174  154  138  124  108   97
   84   81   72   73   69   70   73   63   64                                   
    62.5-180.0 180.0   5.0 450.0                            LAT/LON1/LON2/DLON/H
   60   68   68   72   73   82   86   92   94   95   94   92   88   86   81   78
   75   74   71   77   76   83   81   85   81   82   79   78   77   78   85   98
  114  138  161  184  213  236  263  283  304  319  333  345  355  362  366  364
  362  358  352  342  327  303  277  251  225  201  177  158  139  122  104   88
   75   66   61   60   60   59   63   56   60                                   
    60.0-180.0 180.0   5.0 450.0                            LAT/LON1/LON2/DLON/H
   53   62   62   63   66   74   77   85   84   90   88   89   86   85   83   79
   77   73   73   74   77   78   81   81   81   80   79   76   77   77   91  101
  125  147  175  197  234  252  282  294  316  329  342  355  365  374  380  381
  379  374  368  357  342  316  288  261  240  214  192  169  150  132  110   92
   74   64   56   57   53   54   56   50   53                                   
    57.5-180.0 180.0   5.0 450.0                            LAT/LON1/LON2/DLON/H
   59   66   58   60   58   64   68   73   76   81   81   82   81   82   81   80
   78   75   73   74   73   77   74   77   74   75   72   72   72   80   90  111
  136  166  194  224  258  280  302  318  334  350  363  378  385  394  397  397
  391  384  374  361  345  321  295  271  250  228  205  184  165  147  126  103
   83   69   61   58   59   56   56   54   59                                   
    55.0-180.0 180.0   5.0 450.0                            LAT/LON1/LON2/DLON/H
   65   69   60   56   52   55   57   63   64   71   71   74   75   75   77   75
   74   70   68   68   65   67   65   67   66   67   68   67   74   81  100  123
  154  183  214  246  280  301  320  335  351  367  379  394  401  412  414  415
  410  404  396  384  365  341  317  292  274  254  232  213  191  176  154  133
  110   91   78   75   71   70   67   62   65                                   
    52.5-180.0 180.0   5.0 450.0                            LAT/LON1/LON2/DLON/H
   84   83   68   62   52   50   49   53   56   62   64   67   68   71   71   71
   71   69   68   65   63   63   58   60   57   61   63   70   78   93  113  142
  173  203  237  272  300  322  338  353  366  383  398  412  420  427  431  430
  426  418  412  396  379  354  333  310  292  274  257  238  222  203  185  163
  140  119  104   97   97   90   87   84   84                                   
    50.0-180.0 180.0   5.0 450.0                            LAT/LON1/LON2/DLON/H
   98   92   80   70   58   51   48   50   52   58   60   63   65   66   68   67
   69   66   66   62   59   57   52   53   51   56   60   71   83  104  128  161
  191  221  256  290  316  338  353  369  382  400  412  426  432  441  443  446
  443  439  430  416  394  372  351  331  313  297  275  264  246  234  212  193
  169  147  130  125  120  114  109  103   98                                   
    47.5-180.0 180.0   5.0 450.0                            LAT/LON1/LON2/DLON/H
  117  109   95   87   71   61   54   54   55   58   61   64   65   67   68   68
   70   68   71   67   64   60   56   54   52   58   64   77   93  117  143  177
  205  237  271  303  326  348  363  377  394  410  424  433  440  442  446  444
  446  441  435  417  398  372  351  330  313  298  281  268  256  244  226  206
  183  163  148  139  136  130  126  121  117                                   
    45.0-180.0 180.0   5.0 450.0                            LAT/LON1/LON2/DLON/H
  125  116  108  100   89   78   68   67   66   67   68   70   70   71   73   72
   76   73   77   73   71   66   60   59   55   63   69   88  105  134  160  188
  214  248  280  311  337  358  376  390  407  423  434  443  444  447  447  450
  449  448  442  424  403  378  355  335  316  301  279  269  250  244  220  203
  179  162  145  141  136  131  131  127  125                                   
    42.5-180.0 180.0   5.0 450.0                            LAT/LON1/LON2/DLON/H
  133  123  116  115  105   96   88   82   81   78   80   80   82   82   83   83
   87   86   89   85   83   76   71   69   67   73   83  102  122  151  172  199
  219  256  285  317  344  366  384  400  417  432  444  449  449  444  445  443
  445  442  438  419  397  368  343  318  299  282  262  245  233  221  200  183
  160  147  133  129  127  119  121  122  133                                   
    40.0-180.0 180.0   5.0 450.0                            LAT/LON1/LON2/DLON/H
  121  118  118  125  119  115  108  103   97   96   92   94   91   93   92   95
   99   98  102   96   92   85   79   78   76   85   96  116  140  165  185  204
  226  256  290  321  356  376  398  413  431  446  458  463  458  456  450  450
  448  448  442  426  403  376  349  324  302  280  256  233  215  199  178  157
  135  124  112  113  109  100  102  107  121                                   
    37.5-180.0 180.0   5.0 450.0                            LAT/LON1/LON2/DLON/H
  114  111  115  127  125  125  120  115  112  106  106  103  104  104  106  106
  110  109  112  105  101   92   87   85   83   92  104  124  144  170  184  205
  224  257  292  326  365  390  410  428  446  464  475  480  474  468  462  457
  454  452  445  431  410  381  353  325  303  279  255  228  210  188  167  147
  127  115  106  102  100   87   86   90  114                                   
    35.0-180.0 180.0   5.0 450.0                            LAT/LON1/LON2/DLON/H
   98   98  107  119  124  130  128  126  123  117  113  113  112  112  112  116
  121  119  123  113  109   99   95   93   94  101  114  133  152  174  186  204
  225  251  289  328  372  403  427  448  469  488  500  507  504  501  492  488
  478  476  467  460  439  418  391  362  336  309  285  259  237  212  189  167
  150  136  121  115  101   91   82   79   98                                   
    32.5-180.0 180.0   5.0 450.0                            LAT/LON1/LON2/DLON/H
   98   98  101  114  117  125  125  125  122  117  114  114  115  117  118  122
  126  126  129  120  113  103  100   97   98  104  115  131  151  173  189  209
  227  258  293  342  387  429  455  482  501  524  537  548  550  550  547  534
  527  518  517  504  492  474  453  427  404  377  349  324  298  275  253  232
  211  193  175  155  136  110   99   84   98                                   
    30.0-180.0 180.0   5.0 450.0                            LAT/LON1/LON2/DLON/H
  102  101   98  101  104  113  114  117  116  114  112  113  115  115  119  121
  129  127  132  121  114  105  103  103  104  109  121  136  162  187  209  224
  246  272  312  366  416  465  498  526  548  577  595  618  626  631  625  618
  609  604  599  592  581  568  548  526  503  479  453  430  407  385  361  336
  310  288  260  234  202  165  141  119  102                                   
    27.5-180.0 180.0   5.0 450.0                            LAT/LON1/LON2/DLON/H
  128  127  112  109  105  110  109  110  110  107  107  108  112  114  119  121
  128  130  132  122  115  106  104  103  106  109  121  143  170  199  221  236
  257  289  330  389  443  499  537  570  598  631  661  697  714  721  719  705
  698  690  690  691  683  675  662  651  639  618  594  574  555  536  514  484
  442  415  377  338  295  248  205  165  128                                   
    25.0-180.0 180.0   5.0 450.0                            LAT/LON1/LON2/DLON/H
  174  169  150  128  119  113  108  108  105  105  104  106  110  110  114  115
  125  123  131  119  117  108  108  109  112  114  129  154  187  213  229  252
  279  323  362  426  481  535  580  618  647  687  727  766  786  798  801  799
  789  792  793  802  796  797  781  776  760  740  719  697  677  659  637  608
  574  548  511  469  404  341  296  248  174                                   
    22.5-180.0 180.0   5.0 450.0                            LAT/LON1/LON2/DLON/H
  255  247  213  180  157  140  123  116  111  106  108  106  110  109  111  111
  121  122  127  120  115  109  111  113  116  121  135  166  198  221  240  266
  296  344  384  450  506  568  605  648  680  731  776  813  835  848  856  855
  853  856  863  869  875  871  861  853  841  827  805  785  766  745  725  707
  689  664  626  577  526  460  394  351  255                                   
    20.0-180.0 180.0   5.0 450.0                            LAT/LON1/LON2/DLON/H
  346  325  289  249  216  186  164  140  129  115  116  111  115  111  112  107
  116  114  122  113  119  113  116  117  117  122  142  174  203  229  261  293
  330  377  424  487  539  596  639  679  718  765  811  841  861  877  885  893
  892  898  903  916  922  921  913  908  893  884  867  851  830  805  778  754
  729  715  692  669  607  539  476  437  346                                   
    17.5-180.0 180.0   5.0 450.0                            LAT/LON1/LON2/DLON/H
  425  402  359  311  270  239  208  181  162  142  136  128  123  116  110  111
  113  114  115  112  115  113  118  118  116  125  138  173  214  253  286  326
  361  413  459  517  563  617  656  696  737  789  826  852  870  882  896  902
  907  911  920  932  941  941  934  923  916  897  890  869  850  817  785  753
  730  715  701  684  648  587  525  500  425                                   
    15.0-180.0 180.0   5.0 450.0                            LAT/LON1/LON2/DLON/H
  478  472  430  380  337  294  261  239  211  180  163  144  133  126  114  118
  114  122  117  113  115  117  117  117  121  117  139  181  239  278  320  356
  400  447  498  543  586  623  672  702  749  786  824  845  857  871  880  889
  888  895  899  907  913  911  907  897  886  873  863  838  811  776  738  705
  680  670  661  656  632  591  547  514  478                                   
    12.5-180.0 180.0   5.0 450.0                            LAT/LON1/LON2/DLON/H
  500  499  466  420  367  328  299  275  261  229  201  180  161  145  128  123
  119  118  114  114  120  118  118  111  103  107  138  199  256  306  344  387
  428  477  518  550  576  623  665  700  742  783  816  832  843  849  858  859
  864  861  867  868  871  865  863  850  840  821  811  785  756  715  673  637
  610  599  592  582  572  555  531  510  500                                   
    10.0-180.0 180.0   5.0 450.0                            LAT/LON1/LON2/DLON/H
  488  504  482  444  402  363  328  309  292  269  242  211  182  167  146  142
  129  130  127  133  135  135  130  112  106  111  162  220  274  322  358  400
  446  492  526  549  577  616  662  689  732  763  801  814  825  826  829  825
  824  821  821  819  819  809  804  795  783  768  756  729  697  654  607  559
  522  499  503  502  502  498  496  466  488                                   
     7.5-180.0 180.0   5.0 450.0                            LAT/LON1/LON2/DLON/H
  459  484  462  435  402  370  348  329  309  290  270  235  208  189  172  164
  147  141  136  137  136  131  120  100   98  119  181  246  287  330  359  396
