data/unet/pred1000.15i
     1.0            IONOSPHERE MAPS     GNSS                IONEX VERSION / TYPE
pyspatialgeodesy        IME             05-JAN-18 20:20     PGM / RUN BY / DATE 
Map Name                                                    COMMENT             
Predicted global ionosphere maps (GIM).                     DESCRIPTION         
  2015     4    10     0     0     0                        EPOCH OF FIRST MAP  
  2015     4    11     0     0     0                        EPOCH OF LAST MAP   
  7200                                                      INTERVAL            
    13                                                      # OF MAPS IN FILE   
  NONE                                                      MAPPING FUNCTION    
10.0                                                        ELEVATION CUTOFF    
One-way carrier phase leveled to code                       OBSERVABLES USED    
  6371.0                                                    BASE RADIUS         
 2                                                          MAP DIMENSION       
   450.0 450.0   0.0                                        HGT1 / HGT2 / DHGT  
    87.5 -87.5  -2.5                                        LAT1 / LAT2 / DLAT  
  -180.0 180.0   5.0                                        LON1 / LON2 / DLON  
    -1                                                      EXPONENT            
                                                            END OF HEADER       
[from data line 858]
     3                                                      START OF TEC MAP    
  2015     4    10     4     0     0                        EPOCH OF CURRENT MAP
    87.5-180.0 180.0   5.0 450.0                            LAT/LON1/LON2/DLON/H
  183  180  168  170  170  169  168  168  168  168  167  167  167  167  166  165
  165  165  164  164  164  164  164  164  165  165  166  166  167  167  167  166
  168  166  166  164  165  163  163  160  163  160  162  159  163  161  163  161
  164  164  165  165  168  167  169  168  171  170  170  169  170  169  169  168
  168  168  168  169  170  165  172  182  183                                   
    85.0-180.0 180.0   5.0 450.0                            LAT/LON1/LON2/DLON/H
  189  177  171  176  173  172  169  172  170  172  169  171  170  171  170  170
  169  169  168  167  166  165  164  163  163  162  160  160  159  158  156  155
  156  153  153  151  152  150  150  148  150  148  149  147  151  149  153  151
  158  157  161  161  167  168  171  172  177  176  178  177  179  178  178  177
  177  177  176  179  177  172  174  180  189                                   
    82.5-180.0 180.0   5.0 450.0                            LAT/LON1/LON2/DLON/H
  174  169  167  173  165  167  163  169  167  171  168  171  171  173  171  174
  172  174  170  171  167  168  163  164  158  159  153  155  149  150  145  147
  143  145  141  144  141  145  141  144  143  146  144  148  149  152  153  157
  159  164  166  171  175  179  181  184  187  188  189  189  189  188  187  186
  183  183  179  180  176  172  170  170  174                                   
    80.0-180.0 180.0   5.0 450.0                            LAT/LON1/LON2/DLON/H
  176  170  171  169  166  163  164  167  170  170  173  174  178  178  180  181
  183  181  180  178  176  172  169  166  161  157  152  149  144  141  137  137
  135  135  136  136  138  137  140  139  142  141  145  144  150  149  155  156
  163  166  173  177  184  186  191  194  199  199  202  202  204  202  202  199
  198  193  191  186  185  175  175  170  176                                   
    77.5-180.0 180.0   5.0 450.0                            LAT/LON1/LON2/DLON/H
  179  170  168  167  162  161  160  164  164  167  169  173  175  177  179  180
  180  180  177  176  172  168  163  159  152  147  141  137  132  128  125  124
  124  124  125  127  128  131  130  134  134  138  137  142  142  148  149  156
  159  167  172  181  186  192  197  203  207  210  213  215  216  214  215  212
  210  206  204  196  194  182  182  177  179                                   
    75.0-180.0 180.0   5.0 450.0                            LAT/LON1/LON2/DLON/H
  178  175  174  169  163  160  158  160  159  161  161  165  167  169  170  171
  171  170  169  167  164  159  155  149  143  135  129  122  116  111  108  107
  107  109  110  114  115  120  118  122  121  125  125  130  131  138  141  150
  158  167  177  184  193  200  208  214  218  223  226  227  228  227  227  223
  221  218  216  209  205  191  193  186  178                                   
    72.5-180.0 180.0   5.0 450.0                            LAT/LON1/LON2/DLON/H
  191  183  179  177  167  165  159  160  154  155  152  155  154  157  157  158
  157  157  156  156  153  151  146  140  134  126  120  110  107  100  100   97
   99   99  102  104  106  109  109  112  114  118  122  126  133  138  147  154
  167  176  186  194  204  213  220  227  230  235  236  237  235  236  234  232
  229  227  226  220  216  208  203  200  191                                   
    70.0-180.0 180.0   5.0 450.0                            LAT/LON1/LON2/DLON/H
  198  196  191  184  177  170  166  163  158  155  151  149  148  147  147  147
  148  147  148  147  146  143  139  132  126  116  110  103   99   95   94   93
   95   96   98  103   99  104  100  107  104  114  114  124  128  140  146  158
  170  182  194  204  216  223  232  237  240  241  241  240  239  236  236  232
  233  230  232  226  223  214  216  206  198                                   
    67.5-180.0 180.0   5.0 450.0                            LAT/LON1/LON2/DLON/H
  211  206  198  194  183  178  171  170  161  159  151  149  143  140  137  135
  134  135  136  136  135  134  131  125  120  111  106   99   95   90   90   89
   92   93   95   96   95   97   94   98  100  106  114  123  135  143  158  166
  186  194  209  218  233  239  247  248  249  246  244  241  236  233  229  229
  227  228  230  226  224  222  221  217  211                                   
    65.0-180.0 180.0   5.0 450.0                            LAT/LON1/LON2/DLON/H
  214  214  208  200  193  184  180  175  169  162  154  146  141  134  130  125
  125  123  125  126  126  124  122  117  112  105  100   94   91   87   86   86
   88   90   89   90   87   89   87   91   92  102  108  124  134  150  160  176
  192  203  218  228  244  247  255  251  250  245  241  236  231  225  224  221
  223  224  228  226  224  222  230  220  214                                   
    62.5-180.0 180.0   5.0 450.0                            LAT/LON1/LON2/DLON/H
  222  216  210  203  192  186  179  178  169  165  155  149  139  133  126  121
  117  116  115  116  116  115  114  109  106   99   95   89   86   82   80   80
   82   80   82   81   81   81   82   86   90   99  112  125  144  157  175  186
  208  217  235  242  257  257  263  254  254  246  244  235  229  221  216  213
  213  215  217  217  219  221  226  225  222                                   
    60.0-180.0 180.0   5.0 450.0                            LAT/LON1/LON2/DLON/H
  225  223  215  206  199  189  184  178  173  164  155  145  138  129  123  117
  113  111  109  109  108  107  105  103   98   94   89   85   82   78   74   75
   73   76   74   75   75   76   78   82   89   98  113  131  150  167  183  198
  217  229  245  253  266  266  269  262  259  252  249  240  235  224  219  212
  214  213  217  219  221  221  232  225  225                                   
    57.5-180.0 180.0   5.0 450.0                            LAT/LON1/LON2/DLON/H
  238  229  222  213  200  193  184  179  170  164  153  146  136  130  123  118
  113  110  107  105  103  101   98   95   93   89   86   82   78   75   71   68
   70   69   72   71   74   75   79   84   93  103  122  138  160  175  195  209
  229  242  259  266  276  277  279  273  269  263  261  252  246  235  229  220
  218  216  219  220  222  224  230  231  238                                   
    55.0-180.0 180.0   5.0 450.0                            LAT/LON1/LON2/DLON/H
  250  243  237  224  214  203  194  185  175  163  153  143  136  129  125  120
  115  112  107  104   99   98   94   94   90   90   87   84   80   77   71   70
   67   70   71   74   76   78   84   88  100  106  130  146  171  184  205  218
  239  252  268  275  286  288  289  282  281  276  276  266  263  251  246  236
  234  230  234  233  235  234  244  239  250                                   
    52.5-180.0 180.0   5.0 450.0                            LAT/LON1/LON2/DLON/H
  272  262  255  242  227  219  204  195  178  168  154  147  138  134  128  125
  120  115  109  104  100   98   96   95   94   94   93   91   87   84   80   77
   77   75   79   82   86   89   95   99  109  119  141  156  179  193  213  227
  248  261  275  285  295  300  301  296  295  291  291  283  280  270  265  254
  251  247  247  246  248  250  253  253  272                                   
    50.0-180.0 180.0   5.0 450.0                            LAT/LON1/LON2/DLON/H
  293  287  280  265  254  240  225  209  193  176  161  149  142  137  133  128
  124  118  112  108  104  103  101  103  103  104  105  102   99   93   90   85
   85   85   89   93   98  101  107  108  119  125  151  164  190  202  225  237
  258  270  286  294  307  310  313  308  307  302  303  294  296  285  284  272
  272  266  268  266  268  267  275  268  293                                   
    47.5-180.0 180.0   5.0 450.0                            LAT/LON1/LON2/DLON/H
  315  309  301  290  277  264  245  230  207  190  170  160  148  145  137  134
  127  122  116  112  110  110  112  115  117  120  120  118  115  109  105  100
   99  100  105  109  114  118  122  125  131  141  161  175  199  213  233  247
  268  282  296  309  319  325  326  322  320  316  315  310  309  303  301  294
  290  287  284  285  284  288  286  284  315                                   
    45.0-180.0 180.0   5.0 450.0                            LAT/LON1/LON2/DLON/H
  330  326  318  306  297  286  270  251  228  207  186  171  160  152  144  137
  132  125  121  119  120  122  125  129  134  135  137  133  131  125  121  114
  113  113  118  121  126  127  132  130  140  145  170  181  207  217  242  256
  280  294  310  321  333  337  338  333  332  328  325  318  319  313  312  305
  303  299  296  296  296  298  303  296  330                                   
    42.5-180.0 180.0   5.0 450.0                            LAT/LON1/LON2/DLON/H
  343  335  326  323  314  306  290  277  249  227  202  188  173  164  151  145
  136  133  130  132  133  138  142  146  151  154  153  151  148  142  136  130
  126  126  127  131  134  136  137  140  146  159  180  192  216  228  254  271
  295  311  324  336  344  348  348  344  343  339  336  332  330  326  323  318
  315  312  304  307  305  311  307  306  343                                   
    40.0-180.0 180.0   5.0 450.0                            LAT/LON1/LON2/DLON/H
  350  342  328  321  318  312  301  288  268  241  219  201  187  173  162  151
  146  141  143  144  150  153  161  163  169  168  170  164  163  157  153  145
  141  138  139  138  141  140  144  142  152  160  185  197  221  234  263  282
  309  324  338  348  356  358  360  358  360  357  354  349  347  341  340  335
  332  330  319  324  318  325  320  316  350                                   
    37.5-180.0 180.0   5.0 450.0                            LAT/LON1/LON2/DLON/H
  359  343  324  323  314  313  301  293  273  253  227  213  196  185  171  163
  155  156  157  162  167  171  176  178  180  181  180  178  174  171  166  160
  155  150  147  145  145  145  145  146  153  167  188  209  229  247  271  296
  319  338  350  359  364  367  370  372  378  381  382  381  380  380  376  374
  368  366  353  358  352  358  334  330  359                                   
    35.0-180.0 180.0   5.0 450.0                            LAT/LON1/LON2/DLON/H
  378  356  327  313  304  300  292  284  272  252  233  216  203  189  181  169
  168  166  172  175  181  181  186  186  189  189  191  188  187  182  179  172
  165  156  153  148  150  146  147  147  155  165  189  209  234  249  273  297
  323  339  355  364  374  378  386  393  406  413  420  427  430  433  430  427
  420  421  412  417  407  406  370  360  378                                   
    32.5-180.0 180.0   5.0 450.0                            LAT/LON1/LON2/DLON/H
  419  386  347  324  303  299  286  278  265  251  231  218  204  195  185  179
  176  180  184  189  190  190  192  192  195  199  201  202  199  195  191  183
  175  164  158  153  152  150  146  148  153  167  187  214  236  254  273  295
  320  337  351  367  380  391  406  418  438  447  464  474  489  497  498  497
  494  496  490  491  480  473  422  410  419                                   
    30.0-180.0 180.0   5.0 450.0                            LAT/LON1/LON2/DLON/H
  484  446  397  352  324  305  291  276  266  247  233  215  206  194  188  181
  183  185  191  192  194  193  195  197  204  211  218  219  217  210  203  192
  182  169  163  157  154  149  145  144  150  163  186  210  235  251  270  292
  315  334  354  370  395  410  434  452  478  497  514  534  550  569  571  576
  568  574  571  576  565  555  516  493  484                                   
    27.5-180.0 180.0   5.0 450.0                            LAT/LON1/LON2/DLON/H
  574  525  472  422  376  344  309  293  274  255  236  220  207  197  188  184
  184  187  190  193  192  192  198  204  217  230  238  239  233  222  212  197
  185  172  165  158  151  144  139  138  144  160  183  212  235  251  270  285
  309  327  347  370  398  425  457  485  518  542  572  598  628  647  661  665
  663  667  668  664  660  645  621  595  574                                   
    25.0-180.0 180.0   5.0 450.0                            LAT/LON1/LON2/DLON/H
  668  631  569  505  456  410  366  330  300  274  254  233  220  207  198  188
  189  187  191  189  191  194  205  219  240  257  268  264  253  237  220  205
  192  179  170  164  152  141  133  131  140  153  181  205  233  251  269  286
  308  329  354  379  414  446  482  514  547  578  612  650  684  714  741  754
  768  779  777  777  767  762  733  714  668                                   
    22.5-180.0 180.0   5.0 450.0                            LAT/LON1/LON2/DLON/H
  767  741  677  616  556  499  438  395  348  312  283  264  249  233  217  203
  195  190  188  186  189  198  215  235  260  281  288  283  264  244  226  211
  194  181  170  165  146  136  123  122  128  144  171  199  229  245  266  282
  309  332  360  393  429  470  504  543  574  612  649  694  724  757  782  813
  830  847  861  858  855  850  842  813  767                                   
    20.0-180.0 180.0   5.0 450.0                            LAT/LON1/LON2/DLON/H
  836  834  774  714  656  589  519  463  409  369  334  310  291  272  251  229
  214  199  194  189  197  208  232  260  290  307  313  300  276  254  234  213
  195  178  167  157  139  124  112  108  118  132  162  191  225  247  273  290
  321  344  377  411  454  494  530  563  596  630  671  715  743  772  799  828
  851  866  891  898  909  914  891  883  836                                   
    17.5-180.0 180.0   5.0 450.0                            LAT/LON1/LON2/DLON/H
  879  890  857  805  746  677  603  538  479  436  392  366  338  317  293  264
  240  217  207  200  209  224  253  284  309  326  324  304  275  252  231  208
  187  173  159  150  127  114  103   97  102  118  148  183  220  248  277  302
  333  364  396  438  481  524  557  591  618  650  688  727  753  781  801  834
  847  872  886  904  917  937  902  899  879                                   
    15.0-180.0 180.0   5.0 450.0                            LAT/LON1/LON2/DLON/H
  877  901  890  852  807  741  671  598  541  491  455  428  395  370  338  311
  277  248  231  223  230  252  282  313  341  347  334  303  269  244  222  200
  180  167  154  135  115  103   93   88   93  111  141  180  218  252  284  308
  343  374  413  457  507  545  581  608  635  667  697  734  760  789  801  828
  843  862  877  892  906  916  886  888  877                                   
    12.5-180.0 180.0   5.0 450.0                            LAT/LON1/LON2/DLON/H
  854  884  886  874  837  777  704  642  589  542  513  490  455  425  387  355
  320  294  271  261  267  287  312  341  351  353  324  287  252  230  209  192
  172  161  142  124  109   97   89   81   85  102  133  174  219  253  287  314
  349  383  429  480  531  570  598  625  650  673  700  723  748  763  786  805
  824  839  854  860  873  877  854  855  854                                   
    10.0-180.0 180.0   5.0 450.0                            LAT/LON1/LON2/DLON/H
  817  853  854  859  835  782  717  658  617  575  555  533  508  478  440  409
  374  349  329  317  321  333  349  364  364  346  310  270  237  216  195  183
  165  151  130  111   96   87   83   78   85  105  136  173  216  251  281  310
  345  381  426  482  531  569  600  631  655  680  698  724  739  751  767  787
  798  821  828  838  842  839  816  821  817                                   
     7.5-180.0 180.0   5.0 450.0                            LAT/LON1/LON2/DLON/H
  785  820  823  829  811  769  707  659  616  588  566  554  536  512  482  453
  426  403  383  374  364  366  364  369  350  325  284  247  217  202  184  175
