data/unet/pred3620.15i
     1.0            IONOSPHERE MAPS     GNSS                IONEX VERSION / TYPE
pyspatialgeodesy        IME             05-JAN-18 20:20     PGM / RUN BY / DATE 
Map Name                                                    COMMENT             
Predicted global ionosphere maps (GIM).                     DESCRIPTION         
  2015    12    28     0     0     0                        EPOCH OF FIRST MAP  
  2015    12    29     0     0     0                        EPOCH OF LAST MAP   
  7200                                                      INTERVAL            
    13                                                      # OF MAPS IN FILE   
  NONE                                                      MAPPING FUNCTION    
10.0                                                        ELEVATION CUTOFF    
One-way carrier phase leveled to code                       OBSERVABLES USED    
  6371.0                                                    BASE RADIUS         
 2                                                          MAP DIMENSION       
   450.0 450.0   0.0                                        HGT1 / HGT2 / DHGT  
    87.5 -87.5  -2.5                                        LAT1 / LAT2 / DLAT  
  -180.0 180.0   5.0                                        LON1 / LON2 / DLON  
    -1                                                      EXPONENT            
                                                            END OF HEADER       
[from data line 1716]
     5                                                      START OF TEC MAP    
  2015    12    28     8     0     0                        EPOCH OF CURRENT MAP
    87.5-180.0 180.0   5.0 450.0                            LAT/LON1/LON2/DLON/H
   36   47   46   45   47   45   47   45   47   45   47   45   46   43   44   41
   42   40   41   38   40   38   39   37   38   37   38   37   38   36   37   36
   37   36   37   36   37   36   37   35   36   34   35   33   35   33   34   32
   34   32   33   32   33   32   33   31   33   32   33   32   34   33   34   33
   35   35   38   39   44   42   41   45   36                                   
    85.0-180.0 180.0   5.0 450.0                            LAT/LON1/LON2/DLON/H
   49   69   60   68   62   67   62   68   63   67   60   64   58   61   54   57
   52   53   48   51   46   49   45   48   44   48   44   48   45   49   45   50
   46   51   46   51   46   51   46   51   46   50   45   49   44   48   43   47
   42   46   42   46   42   46   42   46   42   46   42   47   43   48   44   50
   46   52   49   55   54   56   52   44   49                                   
    82.5-180.0 180.0   5.0 450.0                            LAT/LON1/LON2/DLON/H
   58   75   61   66   64   65   65   68   65   66   62   62   56   56   49   50
   43   45   38   41   35   38   33   38   33   38   34   40   36   42   37   44
   38   45   40   45   40   46   41   45   40   44   39   42   37   40   35   38
   33   37   33   36   32   37   32   36   32   36   32   37   32   38   34   40
   37   43   41   47   46   50   51   41   58                                   
    80.0-180.0 180.0   5.0 450.0                            LAT/LON1/LON2/DLON/H
   58   68   60   62   63   65   66   67   66   64   61   58   54   50   44   42
   35   34   28   29   25   26   24   27   26   30   29   33   32   36   35   39
   38   41   40   43   41   44   42   44   41   43   40   41   37   39   35   36
   33   35   32   34   30   33   30   32   28   31   28   30   27   31   28   32
   30   35   34   37   40   39   44   43   58                                   
    77.5-180.0 180.0   5.0 450.0                            LAT/LON1/LON2/DLON/H
   47   66   58   60   60   63   63   65   62   61   56   53   48   42   37   31
   26   21   19   16   15   14   16   17   20   21   25   27   30   31   33   34
   35   36   38   39   41   40   43   42   43   41   43   39   41   37   39   36
   38   36   38   35   37   34   35   33   33   30   30   28   28   26   28   26
   28   28   32   31   36   35   39   31   47                                   
    75.0-180.0 180.0   5.0 450.0                            LAT/LON1/LON2/DLON/H
   43   56   51   53   56   58   61   61   60   57   54   49   44   37   31   26
   20   17   13   12   10   13   13   18   19   25   26   30   30   33   32   33
   33   34   36   37   39   41   43   44   45   45   46   44   45   44   45   44
   45   45   46   46   46   45   45   42   40   37   36   32   30   28   27   26
   25   26   27   27   31   28   33   29   43                                   
    72.5-180.0 180.0   5.0 450.0                            LAT/LON1/LON2/DLON/H
   37   56   46   47   49   50   52   53   52   50   47   43   37   31   24   20
   14   12    8    9    7   11   13   19   22   27   30   32   33   32   32   31
   30   30   32   33   37   39   43   44   47   46   49   48   50   50   53   53
   56   56   59   57   58   56   55   51   48   44   41   37   34   30   28   25
   24   23   23   23   25   25   29   21   37                                   
    70.0-180.0 180.0   5.0 450.0                            LAT/LON1/LON2/DLON/H
   32   46   40   42   46   47   51   50   52   47   47   42   38   31   26   21
   17   13   12   12   14   17   22   28   33   37   39   40   39   36   34   30
   29   28   30   31   36   39   44   47   51   52   55   55   59   59   65   66
   71   72   77   75   77   73   72   66   63   56   53   46   44   37   36   30
   30   26   27   24   27   21   28   22   32                                   
    67.5-180.0 180.0   5.0 450.0                            LAT/LON1/LON2/DLON/H
   30   50   38   37   39   40   42   43   43   42   40   37   33   29   23   21
   15   15   11   15   16   23   27   35   39   43   45   44   41   36   33   28
   25   23   24   26   31   36   43   48   53   56   60   62   65   68   74   79
   85   89   93   93   93   90   86   80   74   68   63   57   52   46   41   36
   32   30   28   26   26   23   28   19   30                                   
    65.0-180.0 180.0   5.0 450.0                            LAT/LON1/LON2/DLON/H
   27   43   34   35   37   38   40   41   41   40   40   38   36   31   28   25
   22   20   20   22   26   32   37   44   48   50   51   49   44   38   33   26
   22   20   21   24   30   36   44   50   57   61   66   70   74   80   86   94
  101  106  109  109  109  104  100   92   86   79   73   67   62   56   50   44
   39   35   32   30   30   24   30   22   27                                   
    62.5-180.0 180.0   5.0 450.0                            LAT/LON1/LON2/DLON/H
   30   49   36   33   34   33   35   35   35   35   34   34   32   32   28   27
   23   24   22   26   28   34   38   45   48   49   49   45   42   35   30   23
   18   16   17   21   28   36   44   52   59   64   69   73   79   86   94  103
  111  118  121  121  120  115  108   99   92   85   79   72   67   61   55   49
   43   37   34   31   31   27   32   22   30                                   
    60.0-180.0 180.0   5.0 450.0                            LAT/LON1/LON2/DLON/H
   30   45   34   34   34   34   35   34   34   33   34   34   34   33   32   31
   30   28   27   29   31   35   39   44   46   47   46   43   39   33   27   22
   18   17   18   24   31   40   49   59   65   73   77   85   90   99  105  115
  121  127  130  130  129  122  116  107  100   93   87   82   77   71   64   57
   50   44   39   36   36   30   33   25   30                                   
    57.5-180.0 180.0   5.0 450.0                            LAT/LON1/LON2/DLON/H
   35   52   38   35   35   33   34   32   32   30   30   31   31   32   31   32
   29   30   27   29   28   32   33   38   38   39   38   36   33   29   25   22
   18   19   21   27   34   44   53   64   72   79   85   91   96  103  111  119
  126  132  135  135  133  127  121  111  104   97   94   88   84   77   71   62
   55   46   43   38   38   35   37   26   35                                   
    55.0-180.0 180.0   5.0 450.0                            LAT/LON1/LON2/DLON/H
   37   48   37   37   38   36   37   35   34   31   30   31   32   33   33   33
   32   31   28   27   27   28   29   31   31   32   31   30   28   26   24   24
   23   25   29   36   45   54   64   76   84   94   97  105  108  115  120  127
  131  135  137  137  138  132  126  118  111  106  102  100   95   89   82   72
   63   54   49   45   45   37   40   31   37                                   
    52.5-180.0 180.0   5.0 450.0                            LAT/LON1/LON2/DLON/H
   42   56   43   39   40   39   40   37   35   32   30   29   29   31   31   32
   30   30   26   25   22   24   22   24   23   25   24   25   24   25   24   26
   28   32   36   44   53   64   75   87   97  104  110  115  118  124  125  132
  134  138  139  141  141  137  132  125  120  115  113  109  106   98   90   78
   70   59   55   50   49   45   46   36   42                                   
    50.0-180.0 180.0   5.0 450.0                            LAT/LON1/LON2/DLON/H
   46   55   44   43   45   45   46   44   42   38   35   34   33   33   33   33
   32   30   28   25   23   22   21   23   22   23   21   24   24   26   27   31
   34   40   47   56   66   78   90  102  111  119  124  129  132  136  137  140
  142  141  145  145  148  143  140  134  130  127  125  124  120  112  102   90
   80   69   64   60   59   48   50   44   46                                   
    47.5-180.0 180.0   5.0 450.0                            LAT/LON1/LON2/DLON/H
   52   64   51   48   50   50   53   50   48   43   40   37   34   35   34   34
   32   31   28   27   24   25   22   25   22   25   23   27   25   28   28   34
   37   44   53   64   76   90  103  114  124  131  136  141  143  146  145  147
  145  148  147  150  151  149  146  141  139  136  136  133  129  120  110   97
   88   76   73   67   66   58   59   50   52                                   
    45.0-180.0 180.0   5.0 450.0                            LAT/LON1/LON2/DLON/H
   56   65   52   53   55   57   59   59   57   54   50   47   43   42   40   39
   38   36   34   33   32   32   31   32   30   31   30   32   30   31   32   36
   41   50   61   75   89  105  117  129  137  144  148  152  156  157  157  156
  155  154  154  157  158  156  152  147  144  142  140  138  133  126  115  103
   92   83   78   74   72   61   62   58   56                                   
    42.5-180.0 180.0   5.0 450.0                            LAT/LON1/LON2/DLON/H
   60   73   60   57   60   62   65   65   66   62   59   55   51   49   45   44
   42   42   40   41   40   42   40   42   39   41   38   40   35   35   32   35
   41   51   65   81   99  114  128  138  148  153  158  162  165  168  165  164
  160  160  159  161  163  159  153  148  144  140  139  134  132  123  115  103
   95   85   82   75   74   66   67   61   60                                   
    40.0-180.0 180.0   5.0 450.0                            LAT/LON1/LON2/DLON/H
   62   72   59   60   62   64   69   71   72   72   70   68   64   60   56   54
   52   52   52   53   53   54   54   53   51   51   48   47   43   38   34   36
   42   54   70   92  110  128  141  152  159  165  169  173  178  179  178  176
  172  168  166  168  168  164  156  150  146  140  137  132  128  120  112  103
   95   87   84   78   76   63   63   61   62                                   
    37.5-180.0 180.0   5.0 450.0                            LAT/LON1/LON2/DLON/H
   60   76   63   61   63   65   69   72   76   76   77   75   72   68   64   62
   59   61   61   64   64   65   64   64   60   60   55   53   45   40   33   35
   42   56   75   98  118  136  150  160  170  176  181  185  189  192  190  189
  184  181  177  175  176  169  164  155  150  141  139  130  128  117  113  103
   97   88   85   76   72   63   63   58   60                                   
    35.0-180.0 180.0   5.0 450.0                            LAT/LON1/LON2/DLON/H
   58   71   59   59   59   61   66   71   75   79   81   82   80   77   73   71
   70   72   73   76   76   77   75   72   69   65   61   56   50   42   37   37
   46   62   83  109  128  149  161  174  182  188  193  197  203  206  209  206
  203  196  191  187  185  179  173  167  161  153  148  140  133  126  118  111
  103   96   89   78   71   57   56   56   58                                   
    32.5-180.0 180.0   5.0 450.0                            LAT/LON1/LON2/DLON/H
   51   72   60   57   57   58   62   67   72   76   82   83   83   80   77   75
   75   78   80   84   85   85   82   78   73   68   61   57   50   42   37   39
   48   66   89  113  136  154  171  183  193  200  206  211  218  224  228  228
  222  219  211  208  206  202  198  193  190  181  176  162  156  142  137  126
  118  104   96   79   70   55   57   52   51                                   
    30.0-180.0 180.0   5.0 450.0                            LAT/LON1/LON2/DLON/H
   51   69   54   53   52   54   55   60   65   71   76   81   83   81   79   80
   81   85   88   92   92   92   87   82   74   67   61   57   51   44   41   43
   54   72   96  124  143  168  181  198  208  215  223  229  238  244  251  250
  249  242  238  235  233  231  229  227  224  218  210  199  188  176  165  152
  140  126  110   92   80   58   55   51   51                                   
    27.5-180.0 180.0   5.0 450.0                            LAT/LON1/LON2/DLON/H
   55   74   59   54   52   51   52   54   59   64   70   74   77   76   76   76
   79   84   88   92   93   92   88   81   73   64   58   54   49   44   43   47
   58   78  103  129  148  172  191  208  219  229  237  247  257  267  274  276
  275  276  272  274  274  277  279  279  277  271  262  248  236  221  207  188
  172  148  132  111   97   77   74   60   55                                   
    25.0-180.0 180.0   5.0 450.0                            LAT/LON1/LON2/DLON/H
   66   72   61   59   54   53   48   50   50   56   61   66   70   71   72   74
   77   83   87   91   91   91   87   79   71   62   57   52   50   46   46   51
   65   87  112  136  156  183  200  222  235  245  258  267  281  291  300  304
  307  308  310  315  321  329  335  338  337  330  318  304  287  271  251  230
  211  187  165  143  126  104   96   76   66                                   
    22.5-180.0 180.0   5.0 450.0                            LAT/LON1/LON2/DLON/H
   90   88   80   73   66   62   57   54   49   52   54   61   63   65   65   67
   71   77   80   84   86   86   83   77   67   60   54   49   50   45   47   54
   68   93  117  143  165  189  211  230  247  260  275  288  303  316  326  330
  336  341  346  356  367  380  390  396  397  390  378  364  349  331  306  281
  251  226  203  176  158  137  130  101   90                                   
    20.0-180.0 180.0   5.0 450.0                            LAT/LON1/LON2/DLON/H
  115  104   95   83   74   69   66   62   53   52   51   56   58   60   61   65
   69   74   76   80   80   81   80   74   68   58   55   48   49   45   48   57
   74   96  126  151  175  202  220  242  258  274  294  311  329  341  352  358
  368  373  383  394  409  426  437  446  446  441  431  421  405  382  357  325
  295  264  242  215  197  174  162  126  115                                   
    17.5-180.0 180.0   5.0 450.0                            LAT/LON1/LON2/DLON/H
  147  137  124  104   89   82   74   71   65   60   54   58   57   60   59   63
   64   70   70   75   74   77   76   73   68   59   56   48   50   44   48   60
   75  105  132  161  186  210  234  251  270  289  314  335  351  364  375  383
  396  403  414  425  439  457  468  478  482  477  470  458  448  424  397  363
  331  299  276  248  230  208  197  162  147                                   
    15.0-180.0 180.0   5.0 450.0                            LAT/LON1/LON2/DLON/H
  171  163  151  129  114   97   88   82   79   71   65   63   62   64   63   66
   67   71   71   73   73   75   78   74   72   62   57   50   48   42   46   60
   79  104  138  166  191  223  243  265  282  304  334  356  377  387  405  411
  425  431  444  452  466  479  489  496  499  493  488  479  471  452  427  391
  361  330  307  280  263  242  223  190  171                                   
    12.5-180.0 180.0   5.0 450.0                            LAT/LON1/LON2/DLON/H
  195  191  180  165  147  129  113  107   99   92   79   76   71   72   69   73
   71   75   72   74   73   76   79   76   73   64   61   51   49   43   49   62
   82  112  142  172  200  227  254  275  295  321  350  374  393  407  421  430
  443  450  461  468  477  487  489  494  494  490  486  480  475  458  437  404
  377  348  328  304  284  263  244  221  195                                   
    10.0-180.0 180.0   5.0 450.0                            LAT/LON1/LON2/DLON/H
  204  203  188  180  168  152  139  127  121  108   96   88   84   82   79   81
   80   82   80   80   80   81   84   81   76   67   62   53   47   44   50   64
   86  116  145  176  203  237  258  283  303  329  361  384  410  421  437  442
  456  462  472  480  484  492  493  494  492  485  481  474  473  456  439  409
  383  356  334  315  301  282  257  234  204                                   
     7.5-180.0 180.0   5.0 450.0                            LAT/LON1/LON2/DLON/H
  213  212  199  189  183  173  164  155  145  130  115  105   98   94   92   92
   91   93   90   89   88   88   88   83   79   70   66   55   50   48   55   70
