data/unet/pred3430.15i
     1.0            IONOSPHERE MAPS     GNSS                IONEX VERSION / TYPE
pyspatialgeodesy        IME             05-JAN-18 20:20     PGM / RUN BY / DATE 
Map Name                                                    COMMENT             
Predicted global ionosphere maps (GIM).                     DESCRIPTION         
  2015    12     9     0     0     0                        EPOCH OF FIRST MAP  
  2015    12    10     0     0     0                        EPOCH OF LAST MAP   
  7200                                                      INTERVAL            
    13                                                      # OF MAPS IN FILE   
  NONE                                                      MAPPING FUNCTION    
10.0                                                        ELEVATION CUTOFF    
One-way carrier phase leveled to code                       OBSERVABLES USED    
  6371.0                                                    BASE RADIUS         
 2                                                          MAP DIMENSION       
   450.0 450.0   0.0                                        HGT1 / HGT2 / DHGT  
    87.5 -87.5  -2.5                                        LAT1 / LAT2 / DLAT  
  -180.0 180.0   5.0                                        LON1 / LON2 / DLON  
    -1                                                      EXPONENT            
                                                            END OF HEADER       
[from data line 4719]
    12                                                      START OF TEC MAP    
  2015    12     9    22     0     0                        EPOCH OF CURRENT MAP
    87.5-180.0 180.0   5.0 450.0                            LAT/LON1/LON2/DLON/H
  138   78   54   57   55   55   55   55   55   56   56   56   56   56   55   55
   55   55   54   53   53   52   52   51   50   50   49   49   48   48   47   47
   46   47   46   46   46   46   46   46   46   47   47   47   48   48   48   49
   49   50   50   50   51   51   51   52   52   52   52   52   53   53   53   52
   53   53   53   53   55   54   57  111  138                                   
    85.0-180.0 180.0   5.0 450.0                            LAT/LON1/LON2/DLON/H
   66   44   43   44   46   44   45   44   47   46   48   46   48   46   47   45
   46   44   44   41   42   39   40   37   37   35   35   32   32   30   30   28
   28   27   27   26   27   26   27   26   27   27   28   28   30   30   32   32
   34   34   36   36   38   38   39   39   41   40   41   40   41   40   41   40
   41   40   41   39   42   41   42   77   66                                   
    82.5-180.0 180.0   5.0 450.0                            LAT/LON1/LON2/DLON/H
   53   44   43   46   45   45   46   47   49   50   52   52   54   53   54   52
   53   49   50   46   46   42   43   38   39   35   36   32   33   30   31   28
   29   26   27   26   27   25   27   25   27   26   28   28   31   30   33   32
   36   35   38   38   41   40   43   42   45   44   45   44   45   44   45   44
   44   43   43   42   44   39   41   64   53                                   
    80.0-180.0 180.0   5.0 450.0                            LAT/LON1/LON2/DLON/H
   53   43   39   43   41   43   44   47   49   53   54   57   58   59   58   58
   55   54   50   49   44   42   38   38   34   34   31   31   29   29   27   27
   25   26   24   24   23   24   23   24   24   24   24   25   26   27   28   30
   31   33   34   35   37   38   39   41   41   42   41   42   41   42   40   41
   39   40   37   37   37   37   35   56   53                                   
    77.5-180.0 180.0   5.0 450.0                            LAT/LON1/LON2/DLON/H
   49   39   35   38   36   38   40   44   48   51   55   58   61   61   61   59
   56   53   49   45   40   37   33   31   28   27   26   26   25   24   24   24
   23   22   22   21   20   20   20   19   20   20   20   21   22   23   24   26
   27   29   29   31   32   34   34   36   36   37   36   37   35   36   34   34
   32   33   30   30   31   31   30   53   49                                   
    75.0-180.0 180.0   5.0 450.0                            LAT/LON1/LON2/DLON/H
   49   39   36   40   38   41   44   49   53   59   63   67   69   70   68   66
   61   57   50   46   39   36   31   31   27   28   26   28   26   28   27   29
   26   27   25   25   23   23   21   22   20   22   21   23   22   24   24   26
   26   28   28   30   30   32   32   34   34   35   34   34   33   33   31   31
   29   29   28   28   29   31   33   55   49                                   
    72.5-180.0 180.0   5.0 450.0                            LAT/LON1/LON2/DLON/H
   55   47   43   46   44   46   49   54   60   65   71   75   77   76   75   69
   65   57   52   44   39   33   31   28   28   27   28   29   30   30   31   31
   31   30   30   28   26   24   23   22   21   21   21   22   23   24   25   25
   26   26   27   27   28   28   30   30   31   30   31   30   29   28   27   26
   25   25   26   26   30   33   35   59   55                                   
    70.0-180.0 180.0   5.0 450.0                            LAT/LON1/LON2/DLON/H
   63   55   51   55   53   55   58   63   69   77   81   87   88   87   82   76
   68   60   52   45   38   34   30   30   27   29   28   32   31   35   34   37
   34   35   32   31   28   27   23   23   21   22   22   24   24   26   25   26
   25   25   24   25   24   26   25   27   27   28   28   28   26   26   24   24
   23   24   25   28   32   36   42   64   63                                   
    67.5-180.0 180.0   5.0 450.0                            LAT/LON1/LON2/DLON/H
   73   68   63   65   62   64   66   71   78   86   92   97   98   96   91   82
   74   62   55   45   40   34   31   29   29   29   31   33   34   35   36   37
   36   34   33   30   27   25   23   22   20   22   22   25   25   26   25   26
   24   24   21   22   21   22   22   23   24   25   25   25   25   24   23   22
   22   24   26   30   36   41   47   70   73                                   
    65.0-180.0 180.0   5.0 450.0                            LAT/LON1/LON2/DLON/H
   81   78   74   77   74   75   77   83   89   97  103  109  109  106   99   90
   80   69   59   51   44   39   34   32   29   30   30   33   32   35   33   35
   32   31   27   26   22   21   18   18   17   19   20   24   24   26   25   25
   23   22   20   19   17   18   18   20   21   24   24   25   24   24   23   23
   22   24   27   32   39   46   55   77   81                                   
    62.5-180.0 180.0   5.0 450.0                            LAT/LON1/LON2/DLON/H
   90   89   85   87   83   82   85   88   96  103  111  115  116  112  106   96
   88   75   67   57   50   42   39   33   30   28   28   28   29   29   29   29
   27   24   22   19   16   14   12   14   13   16   18   22   22   25   23   24
   20   20   16   16   13   14   14   16   18   21   23   24   24   24   24   24
   24   26   29   35   43   50   59   82   90                                   
    60.0-180.0 180.0   5.0 450.0                            LAT/LON1/LON2/DLON/H
   96   97   96   98   95   94   94   98  103  110  116  121  122  119  113  106
   97   87   77   69   60   52   43   36   30   26   24   25   23   24   22   23
   19   18   14   14   10   10    8   10   11   15   17   22   22   24   22   22
   19   18   14   14   11   12   12   16   18   22   23   26   27   27   27   27
   28   30   34   39   47   54   65   87   96                                   
    57.5-180.0 180.0   5.0 450.0                            LAT/LON1/LON2/DLON/H
  103  106  105  108  106  103  104  104  110  114  121  124  127  123  121  113
  107   98   91   80   71   58   50   38   31   24   23   21   21   20   20   19
   17   15   14   13   11   10    9   13   14   19   20   25   24   26   22   23
   19   19   15   15   12   13   13   16   18   21   25   27   29   29   31   31
   33   35   40   45   53   60   68   90  103                                   
    55.0-180.0 180.0   5.0 450.0                            LAT/LON1/LON2/DLON/H
  110  116  118  123  121  118  117  117  119  122  126  129  130  129  127  124
  118  113  104   95   81   69   55   44   33   26   22   22   21   22   19   21
   17   19   16   17   15   16   15   20   21   26   27   31   29   30   26   26
   22   22   18   18   16   17   15   19   20   25   26   30   31   33   35   36
   40   43   49   54   61   68   78   99  110                                   
    52.5-180.0 180.0   5.0 450.0                            LAT/LON1/LON2/DLON/H
  121  128  131  138  139  135  134  130  132  130  134  132  134  133  134  131
  129  123  116  104   91   74   62   46   38   29   28   26   28   26   27   25
   26   25   25   26   25   27   27   31   33   37   38   40   38   37   33   32
   29   29   26   26   24   24   23   24   26   28   30   32   34   36   39   41
   47   52   59   64   73   80   87  109  121                                   
    50.0-180.0 180.0   5.0 450.0                            LAT/LON1/LON2/DLON/H
  133  143  149  157  159  158  155  151  149  146  144  142  141  140  140  140
  137  134  124  113   96   81   65   55   44   39   36   38   38   39   36   38
   34   37   35   39   38   41   40   45   45   50   49   51   48   46   42   41
   39   39   37   38   35   35   31   34   32   35   34   36   37   39   42   47
   55   62   70   79   86   93  102  123  133                                   
    47.5-180.0 180.0   5.0 450.0                            LAT/LON1/LON2/DLON/H
  150  159  165  176  180  180  178  171  168  161  157  151  149  145  146  145
  145  139  130  115  101   84   74   61   56   49   51   49   52   50   50   46
   47   45   48   50   52   54   55   58   60   62   62   62   60   56   53   51
   51   51   51   50   49   47   45   43   43   41   41   40   41   42   46   52
   62   71   83   92  103  110  116  138  150                                   
    45.0-180.0 180.0   5.0 450.0                            LAT/LON1/LON2/DLON/H
  162  175  183  194  200  201  199  195  189  182  174  168  161  158  155  155
  150  145  132  120  105   94   83   76   69   66   63   64   62   62   57   58
   53   57   56   62   61   65   64   68   68   71   70   71   68   66   62   62
   61   63   63   63   61   60   55   54   51   50   47   46   44   46   50   58
   68   80   93  106  116  125  133  154  162                                   
    42.5-180.0 180.0   5.0 450.0                            LAT/LON1/LON2/DLON/H
  175  186  192  205  211  215  215  210  205  196  189  180  173  168  166  161
  157  147  136  122  114  103   97   89   85   77   76   71   72   67   65   59
   60   59   64   65   69   70   72   72   75   76   78   77   76   73   71   70
   71   72   73   73   72   68   65   61   59   55   52   49   48   49   55   62
   75   87  103  116  130  139  147  169  175                                   
    40.0-180.0 180.0   5.0 450.0                            LAT/LON1/LON2/DLON/H
  182  193  200  210  218  222  223  222  216  212  202  198  190  185  179  175
  165  156  141  133  124  119  112  107   97   89   81   78   73   71   63   64
   60   65   65   72   71   74   72   75   76   79   80   80   79   78   75   76
   76   78   78   78   76   73   68   66   62   58   54   52   51   53   59   68
   80   95  109  124  137  148  158  180  182                                   
    37.5-180.0 180.0   5.0 450.0                            LAT/LON1/LON2/DLON/H
  188  194  197  208  214  220  221  220  218  215  211  207  202  197  192  185
  176  163  153  144  141  135  131  120  110   94   86   75   74   67   65   61
   65   66   72   74   77   76   76   76   78   79   83   82   83   81   80   79
   80   80   81   79   78   73   71   66   64   59   56   53   54   57   65   74
   88  101  116  130  145  156  164  188  188                                   
    35.0-180.0 180.0   5.0 450.0                            LAT/LON1/LON2/DLON/H
  191  195  197  204  210  213  215  217  217  219  216  219  215  214  206  201
  189  180  168  165  159  155  144  133  115   98   83   77   71   70   67   71
   72   78   80   85   82   82   79   79   79   81   83   84   85   83   81   80
   79   79   79   77   74   72   67   66   61   60   55   55   56   62   71   83
   95  110  122  135  149  160  171  197  191                                   
    32.5-180.0 180.0   5.0 450.0                            LAT/LON1/LON2/DLON/H
  196  197  193  199  202  205  206  208  212  217  219  224  225  224  220  212
  203  193  186  181  178  169  156  136  118   97   85   76   76   75   80   82
   89   92   97   97   96   91   88   85   85   85   88   88   89   86   85   82
   80   78   77   74   73   69   67   64   62   59   57   56   59   66   78   90
  105  118  128  139  153  164  174  206  196                                   
    30.0-180.0 180.0   5.0 450.0                            LAT/LON1/LON2/DLON/H
  206  204  201  201  200  202  203  206  210  216  222  232  234  237  232  227
  217  210  203  200  192  180  159  140  117  100   89   87   90   96  102  110
  117  121  122  119  113  106  100   96   94   94   94   94   94   92   89   86
   82   78   76   72   70   67   65   64   60   59   56   58   62   71   85   99
  114  127  136  146  158  170  184  217  206                                   
    27.5-180.0 180.0   5.0 450.0                            LAT/LON1/LON2/DLON/H
  224  221  216  214  211  210  209  208  212  217  225  234  241  243  240  233
  226  218  213  207  197  179  158  134  117  103  102  104  116  125  139  145
  153  151  150  141  132  121  114  108  106  104  104  102  102   98   96   90
   86   81   78   74   71   68   66   64   61   60   58   60   65   76   91  107
  124  136  144  154  166  179  193  230  224                                   
    25.0-180.0 180.0   5.0 450.0                            LAT/LON1/LON2/DLON/H
  247  245  245  241  236  237  230  228  224  229  232  243  246  250  246  241
  232  225  219  211  197  175  153  135  123  121  127  139  155  167  179  185
  188  183  176  164  152  139  129  122  118  116  114  113  110  107  103   97
   93   88   85   80   77   73   71   68   65   62   60   63   69   80   98  115
  132  145  154  163  176  194  211  248  247                                   
    22.5-180.0 180.0   5.0 450.0                            LAT/LON1/LON2/DLON/H
  275  280  281  278  275  273  267  259  253  250  250  254  257  255  251  242
  233  224  216  205  188  166  149  137  139  147  166  182  201  212  222  222
  219  210  198  183  168  153  142  133  128  125  123  120  117  113  109  102
   98   92   90   84   81   75   72   68   65   63   62   65   72   86  102  122
  140  155  164  176  190  210  229  267  275                                   
    20.0-180.0 180.0   5.0 450.0                            LAT/LON1/LON2/DLON/H
  305  314  318  319  317  318  309  303  290  286  276  276  269  265  255  247
  237  226  216  203  184  166  154  156  170  191  213  231  245  251  252  250
  243  231  214  196  177  162  150  142  137  134  130  128  124  121  115  111
  106  101   97   92   87   80   76   72   69   67   65   70   77   91  108  128
  147  162  174  187  203  225  250  285  305                                   
    17.5-180.0 180.0   5.0 450.0                            LAT/LON1/LON2/DLON/H
  331  348  354  359  361  362  357  348  338  328  317  306  296  281  268  253
  241  227  214  200  183  170  171  183  211  236  261  274  279  278  272  267
  255  240  220  201  180  163  152  146  141  138  133  130  126  123  118  114
  109  105  100   95   89   84   80   77   75   72   72   76   85   99  116  137
  156  172  186  201  218  242  265  301  331                                   
    15.0-180.0 180.0   5.0 450.0                            LAT/LON1/LON2/DLON/H
  354  372  381  390  397  403  398  394  382  372  354  343  326  309  287  270
  252  238  222  210  198  195  203  227  260  288  303  305  297  286  271  261
  247  233  215  197  176  161  153  148  145  142  137  134  130  127  123  119
  114  110  105  100   95   91   88   86   83   81   78   83   90  105  122  144
  163  180  197  213  231  255  281  314  354                                   
    12.5-180.0 180.0   5.0 450.0                            LAT/LON1/LON2/DLON/H
  365  389  400  413  424  434  435  434  426  415  397  383  367  346  324  299
  280  260  247  234  228  231  250  278  311  330  332  320  299  279  257  244
  229  219  205  188  170  159  152  151  148  146  140  136  130  127  122  119
  114  112  106  102   97   95   92   91   89   86   84   89   99  114  132  154
  172  191  210  229  247  269  292  326  365                                   
    10.0-180.0 180.0   5.0 450.0                            LAT/LON1/LON2/DLON/H
  375  399  408  422  438  454  456  465  458  452  432  422  404  387  362  341
  319  299  282  273  271  281  301  330  354  362  351  323  287  258  231  215
  206  200  194  182  173  164  161  158  157  152  148  140  134  128  125  121
  118  114  110  104  101   97   96   94   91   87   85   90  101  119  139  160
  181  200  222  241  260  279  303  333  375                                   
     7.5-180.0 180.0   5.0 450.0                            LAT/LON1/LON2/DLON/H
  377  403  411  427  446  461  473  483  486  482  466  454  441  427  410  388
  371  348  337  325  329  336  353  376  387  385  358  316  269  238  210  199
