data/unet/pred3000.15i
     1.0            IONOSPHERE MAPS     GNSS                IONEX VERSION / TYPE
pyspatialgeodesy        IME             05-JAN-18 20:20     PGM / RUN BY / DATE 
Map Name                                                    COMMENT             
Predicted global ionosphere maps (GIM).                     DESCRIPTION         
  2015    10    27     0     0     0                        EPOCH OF FIRST MAP  
  2015    10    28     0     0     0                        EPOCH OF LAST MAP   
  7200                                                      INTERVAL            
    13                                                      # OF MAPS IN FILE   
  NONE                                                      MAPPING FUNCTION    
10.0                                                        ELEVATION CUTOFF    
One-way carrier phase leveled to code                       OBSERVABLES USED    
  6371.0                                                    BASE RADIUS         
 2                                                          MAP DIMENSION       
   450.0 450.0   0.0                                        HGT1 / HGT2 / DHGT  
    87.5 -87.5  -2.5                                        LAT1 / LAT2 / DLAT  
  -180.0 180.0   5.0                                        LON1 / LON2 / DLON  
    -1                                                      EXPONENT            
                                                            END OF HEADER       
[from data line 4290]
    11                                                      START OF TEC MAP    
  2015    10    27    20     0     0                        EPOCH OF CURRENT MAP
    87.5-180.0 180.0   5.0 450.0                            LAT/LON1/LON2/DLON/H
  143  120  105  110  108  109  107  110  109  112  110  112  110  112  110  111
  108  109  105  106  102  102   98   99   95   97   93   95   92   95   91   94
   91   94   90   93   90   93   90   93   89   93   89   93   89   93   91   95
   92   97   95   99   97  101   99  102  100  103  101  103  101  104  101  103
  100  103  102  104  105  107  102  133  143                                   
    85.0-180.0 180.0   5.0 450.0                            LAT/LON1/LON2/DLON/H
   92   95   95  100  100   99   98   99  101  102  104  103  106  106  108  107
  109  107  108  106  107  104  103  101   99   97   95   95   92   92   88   90
   85   87   83   85   82   84   80   82   79   82   79   82   79   83   81   84
   83   86   86   88   89   91   91   93   93   95   94   95   94   95   94   94
   93   94   93   94   95   94   93  109   92                                   
    82.5-180.0 180.0   5.0 450.0                            LAT/LON1/LON2/DLON/H
   89   90   87   94   93   97   95  103  102  110  108  115  114  120  119  123
  121  122  120  121  116  117  112  111  105  105   99  100   94   95   90   91
   87   87   83   84   79   81   76   78   73   77   72   76   72   78   74   80
   77   85   81   88   85   91   88   93   90   95   92   95   92   95   90   93
   88   92   87   90   85   86   81   88   89                                   
    80.0-180.0 180.0   5.0 450.0                            LAT/LON1/LON2/DLON/H
   85   78   80   80   86   86   93   95  103  106  114  117  124  125  130  129
  132  129  130  125  123  118  115  109  105  101   98   95   92   91   88   88
   86   85   83   81   79   76   74   70   69   65   66   62   65   63   67   66
   70   71   76   76   81   82   85   85   87   87   87   85   85   83   82   79
   79   76   76   72   72   68   69   77   85                                   
    77.5-180.0 180.0   5.0 450.0                            LAT/LON1/LON2/DLON/H
   72   72   72   75   77   80   87   94  103  110  119  127  133  138  141  143
  142  141  138  136  130  126  119  114  107  103   98   96   92   90   88   86
   85   84   82   80   77   74   70   67   62   59   57   55   54   54   55   57
   59   63   65   69   70   75   75   79   77   80   77   78   74   74   70   68
   65   64   62   61   59   58   59   64   72                                   
    75.0-180.0 180.0   5.0 450.0                            LAT/LON1/LON2/DLON/H
   70   68   73   75   80   85   95  103  115  123  135  143  151  155  159  160
  159  157  153  149  143  136  129  120  113  106  102   97   94   92   90   89
   87   87   85   84   80   77   72   68   62   58   53   51   49   49   49   51
   54   57   61   64   67   69   70   71   71   71   70   68   66   64   61   59
   57   56   55   54   55   52   58   64   70                                   
    72.5-180.0 180.0   5.0 450.0                            LAT/LON1/LON2/DLON/H
   71   77   79   84   90   95  106  115  128  139  150  160  168  173  176  177
  175  172  167  162  153  145  136  127  118  111  105  100   95   92   90   89
   87   87   85   85   80   78   71   68   60   57   51   49   46   46   45   47
   48   52   55   58   59   62   62   64   63   63   60   60   57   56   53   52
   50   50   50   51   52   54   60   64   71                                   
    70.0-180.0 180.0   5.0 450.0                            LAT/LON1/LON2/DLON/H
   81   82   91   94  104  109  123  130  144  154  165  174  182  185  188  188
  185  182  177  171  163  155  145  135  126  117  109  102   96   92   89   87
   86   84   84   82   78   74   69   64   58   53   48   46   44   44   44   46
   48   50   53   55   57   57   57   56   56   54   53   51   49   47   46   44
   45   44   47   46   52   53   64   70   81                                   
    67.5-180.0 180.0   5.0 450.0                            LAT/LON1/LON2/DLON/H
   89   96  100  109  116  122  133  142  154  165  175  185  192  197  198  198
  195  191  187  182  174  166  157  147  136  125  115  106   99   92   88   85
   82   80   78   76   71   68   61   58   52   50   44   44   41   43   42   46
   44   48   48   50   48   50   48   48   46   46   43   43   41   40   38   38
   37   39   40   45   50   56   66   73   89                                   
    65.0-180.0 180.0   5.0 450.0                            LAT/LON1/LON2/DLON/H
  101  102  114  122  131  138  150  157  169  178  187  194  200  203  203  203
  199  197  193  190  183  177  168  159  147  134  123  111  102   94   88   83
   78   75   71   68   62   58   53   50   46   44   42   42   41   43   43   45
   45   46   46   45   45   44   44   42   41   39   38   37   36   36   34   34
   34   34   39   41   50   55   69   79  101                                   
    62.5-180.0 180.0   5.0 450.0                            LAT/LON1/LON2/DLON/H
  105  109  118  130  138  146  155  163  173  182  191  198  203  207  207  207
  204  202  200  198  193  188  181  171  160  146  133  118  108   97   90   82
   76   70   65   59   53   49   44   42   40   39   38   40   39   42   41   43
   40   42   38   39   36   38   35   36   34   34   33   33   33   33   32   32
   31   32   35   40   47   55   68   78  105                                   
    60.0-180.0 180.0   5.0 450.0                            LAT/LON1/LON2/DLON/H
  110  111  127  139  148  158  167  176  183  191  197  203  206  210  209  209
  207  207  206  206  202  197  191  181  170  157  145  131  120  109  100   90
   81   73   65   56   49   43   39   38   37   38   39   41   42   43   42   41
   39   37   35   33   32   32   31   32   32   33   33   34   34   35   34   33
   33   33   36   39   48   53   70   80  110                                   
    57.5-180.0 180.0   5.0 450.0                            LAT/LON1/LON2/DLON/H
  109  115  128  142  152  163  172  181  188  194  201  203  208  211  212  213
  212  213  213  214  210  207  199  190  179  167  156  145  135  123  114  102
   92   80   71   60   52   45   42   40   41   41   44   45   47   46   45   42
   38   35   32   31   30   31   31   33   36   37   39   40   41   41   41   39
   38   37   39   43   49   56   70   78  109                                   
    55.0-180.0 180.0   5.0 450.0                            LAT/LON1/LON2/DLON/H
  112  119  137  153  163  177  187  196  202  206  209  210  212  215  216  217
  217  219  220  220  217  212  204  195  185  175  168  160  154  145  135  122
  109   95   83   71   62   54   51   49   51   53   56   58   59   57   55   50
   45   40   38   35   35   37   39   43   44   49   48   51   50   51   50   48
   47   45   47   49   57   61   79   86  112                                   
    52.5-180.0 180.0   5.0 450.0                            LAT/LON1/LON2/DLON/H
  119  132  148  164  177  192  203  212  217  217  219  218  220  221  223  224
  225  227  226  226  221  216  207  199  190  183  179  175  170  164  154  140
  124  108   96   83   75   68   65   63   64   67   70   71   71   68   65   59
   54   49   45   44   44   47   51   54   59   61   63   63   63   62   62   60
   59   58   60   63   68   76   89   97  119                                   
    50.0-180.0 180.0   5.0 450.0                            LAT/LON1/LON2/DLON/H
  130  145  165  181  194  210  222  230  234  234  234  231  231  231  232  234
  235  235  234  231  225  218  209  201  195  190  188  187  186  178  168  153
  136  119  105   95   88   83   81   79   81   83   86   87   87   84   81   75
   70   65   62   59   59   63   65   71   73   76   76   76   75   75   74   72
   73   71   75   78   87   93  108  117  130                                   
    47.5-180.0 180.0   5.0 450.0                            LAT/LON1/LON2/DLON/H
  148  166  183  199  213  230  240  250  253  252  250  245  244  242  244  245
  246  245  242  238  229  222  212  205  200  198  198  197  193  185  173  155
  137  119  108   99   97   93   95   93   95   96   99  100  100   97   94   89
   85   81   78   75   76   78   83   86   89   90   90   88   87   86   86   86
   86   88   91   98  105  116  126  137  148                                   
    45.0-180.0 180.0   5.0 450.0                            LAT/LON1/LON2/DLON/H
  165  187  205  219  234  249  258  266  268  269  264  261  257  255  255  257
  256  254  249  243  235  226  217  210  208  206  207  203  198  183  167  146
  128  112  103   98   99   99  102  102  104  105  108  108  110  107  105  101
   99   96   93   90   90   93   95   98  100   99   99   96   94   93   94   94
   95   98  103  111  122  134  145  159  165                                   
    42.5-180.0 180.0   5.0 450.0                            LAT/LON1/LON2/DLON/H
  180  205  219  236  249  264  271  279  281  282  279  273  271  268  270  270
  269  265  259  253  244  237  227  221  218  217  215  207  195  175  154  129
  114   98   95   92   99  101  107  106  109  109  111  113  115  114  112  110
  108  105  103  101  101  103  105  107  108  106  104  101   99   98  100  100
  101  104  110  121  133  149  157  174  180                                   
    40.0-180.0 180.0   5.0 450.0                            LAT/LON1/LON2/DLON/H
  189  214  228  243  258  271  277  285  286  289  285  283  280  281  280  281
  279  274  269  263  258  249  241  233  231  226  222  208  192  163  141  117
  105   94   94   95  103  105  112  110  112  110  113  114  117  115  115  112
  112  109  108  105  106  106  108  110  111  107  106  102  101  100  102  101
  102  103  109  120  135  151  165  182  189                                   
    37.5-180.0 180.0   5.0 450.0                            LAT/LON1/LON2/DLON/H
  192  217  227  246  259  271  277  284  288  291  290  289  290  290  292  292
  290  287  283  281  275  268  258  250  244  237  227  210  187  158  137  118
  109  103  106  107  116  116  121  117  116  113  115  116  117  117  115  114
  112  110  109  107  107  108  110  111  112  109  107  103  102  101  103  101
  100   99  103  113  129  150  162  182  192                                   
    35.0-180.0 180.0   5.0 450.0                            LAT/LON1/LON2/DLON/H
  192  215  227  243  258  266  273  278  284  288  290  293  294  298  299  300
  299  298  297  296  294  285  275  264  256  245  234  213  194  167  153  141
  143  139  142  139  144  140  140  130  126  119  120  119  121  119  117  113
  112  108  107  104  106  108  110  112  112  109  107  104  103  103  103  101
   98   96   99  107  122  142  161  180  192                                   
    32.5-180.0 180.0   5.0 450.0                            LAT/LON1/LON2/DLON/H
  195  216  224  245  255  265  268  273  281  286  290  294  298  302  305  305
  306  307  309  312  309  301  287  274  263  253  242  224  208  194  191  192
  201  203  202  194  187  175  165  151  141  133  130  129  127  125  119  115
  109  105  101   97   99  102  107  110  112  109  108  104  103  102  102   99
   96   92   94   98  114  136  157  176  195                                   
    30.0-180.0 180.0   5.0 450.0                            LAT/LON1/LON2/DLON/H
  203  219  237  252  262  268  269  270  279  283  289  295  299  305  306  308
  309  312  318  322  320  309  293  276  267  257  254  244  241  237  246  261
  278  283  277  259  237  212  193  171  159  148  145  141  139  134  128  121
  113  106  100   96   97  101  106  110  113  110  109  105  104  102  102   99
   97   96   97  104  117  137  163  181  203                                   
    27.5-180.0 180.0   5.0 450.0                            LAT/LON1/LON2/DLON/H
  217  234  252  269  277  283  283  285  289  293  297  300  304  307  309  307
  309  313  320  326  323  311  293  276  269  267  272  276  290  302  328  349
  371  372  359  324  285  245  218  192  175  165  161  157  152  146  137  129
  116  108   97   92   91   96  102  107  108  107  104  101  100   99   98   96
   96   96  101  107  123  147  170  191  217                                   
    25.0-180.0 180.0   5.0 450.0                            LAT/LON1/LON2/DLON/H
  239  253  276  287  298  303  305  306  311  312  312  312  313  313  312  311
  310  312  320  323  320  305  289  274  274  281  299  318  344  370  402  429
  451  446  421  373  321  268  233  205  191  181  179  175  169  162  152  142
  128  115  101   96   96  100  105  106  108  101   99   92   94   91   94   93
   97  102  111  121  136  160  187  211  239                                   
    22.5-180.0 180.0   5.0 450.0                            LAT/LON1/LON2/DLON/H
  259  274  297  312  325  333  336  339  341  341  339  334  331  325  323  316
  314  313  317  318  313  300  286  279  288  305  335  361  396  427  469  498
  517  499  460  399  333  272  235  209  198  194  196  194  191  182  173  159
  147  131  117  110  109  113  118  118  115  106   96   89   87   86   90   93
  100  107  120  133  150  176  202  236  259                                   
    20.0-180.0 180.0   5.0 450.0                            LAT/LON1/LON2/DLON/H
  279  292  322  337  353  365  371  376  374  372  369  364  361  348  341  331
  326  320  320  316  310  298  292  293  312  337  370  402  442  481  522  540
  543  506  459  387  316  252  218  197  195  195  203  205  206  198  189  177
  166  150  135  124  122  126  133  133  127  112  100   86   83   79   85   90
  100  112  128  149  167  195  220  252  279                                   
    17.5-180.0 180.0   5.0 450.0                            LAT/LON1/LON2/DLON/H
  290  312  339  359  380  393  403  407  410  412  408  404  398  385  373  358
  347  337  331  323  318  311  313  322  346  373  408  446  489  521  546  546
  530  484  426  352  274  222  198  187  194  204  216  221  223  217  211  197
  185  164  150  137  134  136  140  140  131  119  100   88   80   76   82   87
  101  113  135  153  177  204  228  271  290                                   
    15.0-180.0 180.0   5.0 450.0                            LAT/LON1/LON2/DLON/H
  305  327  366  389  418  434  446  453  455  459  455  453  445  430  413  396
  381  362  354  341  338  333  343  355  381  412  451  487  523  536  543  521
  489  431  371  287  229  188  178  179  194  209  224  230  234  227  223  207
  196  177  166  156  153  155  152  150  140  124  104   87   80   75   78   86
   98  115  134  162  182  211  240  278  305                                   
    12.5-180.0 180.0   5.0 450.0                            LAT/LON1/LON2/DLON/H
  306  345  384  416  449  467  481  485  495  504  506  506  498  484  464  446
  429  407  391  375  372  371  384  403  433  465  498  524  539  536  520  481
  434  376  305  241  195  170  173  183  205  225  236  243  242  237  228  215
  202  187  177  168  166  163  162  157  145  129  107   90   79   76   78   83
   97  111  135  159  185  212  242  290  306                                   
    10.0-180.0 180.0   5.0 450.0                            LAT/LON1/LON2/DLON/H
  315  350  398  432  474  490  504  514  520  541  542  551  545  533  513  494
  482  454  440  421  419  420  438  459  491  515  535  541  541  516  481  428
  375  307  257  207  179  170  180  200  221  238  247  249  248  236  226  210
  199  187  178  174  171  170  168  163  155  136  116   96   87   80   84   87
   98  111  131  156  179  209  241  287  315                                   
     7.5-180.0 180.0   5.0 450.0                            LAT/LON1/LON2/DLON/H
  313  361  404  445  484  506  521  527  539  561  574  588  587  580  564  553
  539  516  498  483  479  487  503  525  545  557  558  552  532  496  451  398
