data/unet/pred2450.15i
     1.0            IONOSPHERE MAPS     GNSS                IONEX VERSION / TYPE
pyspatialgeodesy        IME             05-JAN-18 20:20     PGM / RUN BY / DATE 
Map Name                                                    COMMENT             
Predicted global ionosphere maps (GIM).                     DESCRIPTION         
  2015     9     2     0     0     0                        EPOCH OF FIRST MAP  
  2015     9     3     0     0     0                        EPOCH OF LAST MAP   
  7200                                                      INTERVAL            
    13                                                      # OF MAPS IN FILE   
  NONE                                                      MAPPING FUNCTION    
10.0                                                        ELEVATION CUTOFF    
One-way carrier phase leveled to code                       OBSERVABLES USED    
  6371.0                                                    BASE RADIUS         
 2                                                          MAP DIMENSION       
   450.0 450.0   0.0                                        HGT1 / HGT2 / DHGT  
    87.5 -87.5  -2.5                                        LAT1 / LAT2 / DLAT  
  -180.0 180.0   5.0                                        LON1 / LON2 / DLON  
    -1                                                      EXPONENT            
                                                            END OF HEADER       
[from data line 1287]
     4                                                      START OF TEC MAP    
  2015     9     2     6     0     0                        EPOCH OF CURRENT MAP
    87.5-180.0 180.0   5.0 450.0                            LAT/LON1/LON2/DLON/H
  129  152  143  143  144  142  144  143  145  145  147  145  146  145  145  142
  142  140  139  137  136  135  134  134  133  133  132  132  131  132  132  132
  132  132  132  133  133  133  134  134  135  135  136  136  138  138  139  139
  141  141  143  143  144  144  145  145  146  145  146  145  146  144  144  143
  144  142  142  141  145  140  160  133  129                                   
    85.0-180.0 180.0   5.0 450.0                            LAT/LON1/LON2/DLON/H
  140  144  133  141  138  140  140  142  141  142  142  143  141  142  140  140
  136  136  133  133  128  128  125  124  122  122  120  120  119  120  120  121
  121  123  123  125  125  127  128  130  130  132  132  134  135  136  137  137
  139  139  140  140  142  142  143  142  144  143  143  142  143  141  141  139
  141  139  138  138  138  129  143  147  140                                   
    82.5-180.0 180.0   5.0 450.0                            LAT/LON1/LON2/DLON/H
  138  132  130  135  134  134  137  137  140  140  142  141  142  139  139  136
  134  130  130  124  124  119  120  115  116  111  113  109  112  109  113  111
  115  113  118  118  122  121  125  125  130  130  134  134  139  139  143  142
  146  145  149  147  151  148  151  148  151  147  149  145  147  143  142  139
  139  137  137  136  137  131  139  136  138                                   
    80.0-180.0 180.0   5.0 450.0                            LAT/LON1/LON2/DLON/H
  141  131  127  127  126  127  129  131  131  133  134  135  134  133  131  128
  125  121  118  115  110  107  104  101   98   95   95   93   94   93   96   97
  101  102  107  108  113  114  118  120  125  126  131  133  137  140  143  144
  147  147  150  150  151  150  151  150  151  149  148  146  145  143  141  139
  138  136  137  136  137  128  129  129  141                                   
    77.5-180.0 180.0   5.0 450.0                            LAT/LON1/LON2/DLON/H
  132  121  118  119  116  118  118  120  121  124  123  126  123  123  119  118
  112  110  104  102   95   94   87   85   79   79   75   76   75   78   78   83
   85   91   94  100  103  109  112  118  121  128  131  138  140  146  148  153
  153  157  156  159  157  158  156  157  155  154  149  148  145  143  140  138
  136  135  135  136  134  126  126  121  132                                   
    75.0-180.0 180.0   5.0 450.0                            LAT/LON1/LON2/DLON/H
  133  121  116  112  107  107  105  107  106  109  109  111  109  109  108  105
  102   97   94   89   85   80   77   72   69   66   66   64   65   66   70   72
   77   80   87   91   98  101  109  112  119  124  130  135  140  144  148  151
  153  155  157  160  159  161  159  160  156  156  150  150  146  144  140  138
  135  135  134  134  132  127  126  121  133                                   
    72.5-180.0 180.0   5.0 450.0                            LAT/LON1/LON2/DLON/H
  132  120  112  110  103  103  100  102  100  103  102  103  102  101   99   97
   93   90   87   83   79   75   71   67   63   61   60   60   60   62   64   68
   72   79   84   91   96  102  106  114  118  127  130  139  141  149  150  157
  156  160  160  164  162  164  161  163  159  158  152  151  146  145  141  139
  137  137  136  138  136  132  129  122  132                                   
    70.0-180.0 180.0   5.0 450.0                            LAT/LON1/LON2/DLON/H
  139  127  119  112  104   99   95   94   91   92   92   91   92   89   91   87
   87   82   82   77   75   71   69   64   62   59   59   58   59   59   64   65
   72   75   83   87   95   99  105  111  119  124  131  137  142  147  151  155
  157  160  162  164  163  164  161  162  157  156  149  147  143  141  138  137
  136  138  139  142  142  138  134  131  139                                   
    67.5-180.0 180.0   5.0 450.0                            LAT/LON1/LON2/DLON/H
  144  131  122  115  104  100   93   92   87   87   85   86   85   85   85   84
   82   79   78   75   72   69   67   64   62   61   60   60   59   61   63   67
   70   76   81   88   93   98  104  110  117  125  131  139  143  148  151  155
  155  158  159  160  160  159  158  157  154  152  147  145  141  140  137  137
  136  140  141  148  148  144  140  136  144                                   
    65.0-180.0 180.0   5.0 450.0                            LAT/LON1/LON2/DLON/H
  151  140  133  122  111  102   94   90   83   81   79   78   79   77   80   77
   78   74   75   72   72   69   69   66   64   64   62   62   60   61   63   65
   69   72   79   83   89   93   99  105  112  120  127  135  139  145  147  152
  152  154  154  156  155  155  153  153  149  148  141  140  135  134  131  131
  130  135  140  146  149  147  143  145  151                                   
    62.5-180.0 180.0   5.0 450.0                            LAT/LON1/LON2/DLON/H
  155  145  137  127  112  104   93   88   80   78   75   74   74   75   75   75
   74   73   71   70   68   66   65   65   63   62   61   60   58   59   58   61
   63   69   74   80   85   90   97  103  111  119  128  135  141  145  148  150
  150  150  152  153  155  154  155  153  153  150  145  143  138  135  131  130
  128  135  137  148  152  151  147  148  155                                   
    60.0-180.0 180.0   5.0 450.0                            LAT/LON1/LON2/DLON/H
  158  150  145  133  121  109   99   90   82   77   73   70   72   70   74   71
   73   69   69   66   68   65   66   65   64   64   61   61   57   57   55   58
   59   65   68   75   80   86   91   99  107  118  126  136  140  147  147  151
  149  151  150  153  153  156  155  158  156  156  149  147  140  136  130  127
  126  129  135  141  148  149  146  153  158                                   
    57.5-180.0 180.0   5.0 450.0                            LAT/LON1/LON2/DLON/H
  158  153  145  138  124  114  100   91   80   75   69   67   67   67   68   68
   67   65   63   61   59   59   57   58   57   57   55   53   50   49   47   50
   52   58   64   72   80   86   94  102  112  122  132  140  147  151  153  154
  155  155  158  159  163  164  167  169  171  169  165  161  153  148  137  135
  129  133  134  143  148  150  147  151  158                                   
    55.0-180.0 180.0   5.0 450.0                            LAT/LON1/LON2/DLON/H
  159  155  150  142  132  121  109   96   85   76   70   66   66   65   68   66
   68   63   64   59   61   57   59   57   58   57   55   53   50   48   46   48
   51   57   63   71   79   88   94  104  114  126  136  146  153  160  160  163
  161  165  166  170  172  176  178  183  183  184  177  173  165  158  147  141
  136  135  137  141  147  147  147  154  159                                   
    52.5-180.0 180.0   5.0 450.0                            LAT/LON1/LON2/DLON/H
  157  155  151  147  138  130  116  101   87   77   68   65   63   63   63   64
   63   61   58   56   54   53   52   53   53   52   51   49   46   44   42   44
   48   55   63   74   84   94  103  113  125  138  149  157  166  171  174  176
  177  179  182  183  187  189  193  195  198  196  193  188  181  175  163  157
  146  147  144  149  151  152  150  153  157                                   
    50.0-180.0 180.0   5.0 450.0                            LAT/LON1/LON2/DLON/H
  161  158  154  151  146  138  128  111   97   83   74   67   66   64   66   64
   65   60   62   57   60   56   59   56   59   56   56   53   53   48   48   48
   53   59   69   78   90  100  110  119  134  147  159  170  178  183  186  190
  191  195  196  200  200  204  204  208  208  208  202  198  192  187  177  170
  162  159  157  157  160  156  153  160  161                                   
    47.5-180.0 180.0   5.0 450.0                            LAT/LON1/LON2/DLON/H
  160  158  156  157  154  149  138  121  103   89   76   69   65   64   63   63
   62   59   59   58   58   59   59   60   60   60   59   57   55   52   51   51
   56   63   74   85   99  110  120  130  144  157  170  181  191  196  201  204
  208  211  213  214  214  214  215  216  216  215  210  207  202  198  189  186
  176  175  169  171  169  164  159  161  160                                   
    45.0-180.0 180.0   5.0 450.0                            LAT/LON1/LON2/DLON/H
  164  163  160  162  161  157  149  131  115   98   88   77   73   68   70   65
   68   61   67   63   70   66   72   69   73   68   72   66   69   61   63   59
   66   70   83   91  108  116  129  138  154  167  183  194  203  210  216  221
  225  229  229  229  226  225  222  224  221  219  213  210  206  203  197  195
  190  188  185  183  182  171  165  170  164                                   
    42.5-180.0 180.0   5.0 450.0                            LAT/LON1/LON2/DLON/H
  162  161  160  162  162  161  152  138  120  105   91   82   76   71   69   66
   65   63   65   66   71   73   76   76   78   76   77   75   73   69   67   66
   70   76   87   99  114  126  136  147  161  173  190  201  213  222  230  235
  240  242  242  238  235  231  228  227  223  221  214  213  209  209  203  204
  199  199  195  195  191  181  173  174  162                                   
    40.0-180.0 180.0   5.0 450.0                            LAT/LON1/LON2/DLON/H
  166  164  160  161  161  160  153  140  126  112  102   93   88   82   80   73
   75   69   76   74   85   84   90   88   91   87   89   85   86   79   79   75
   79   83   94  103  119  129  140  152  166  180  196  210  223  232  240  247
  252  255  254  251  246  243  237  236  231  228  222  219  216  215  211  211
  209  209  207  205  202  190  180  184  166                                   
    37.5-180.0 180.0   5.0 450.0                            LAT/LON1/LON2/DLON/H
  169  163  157  154  151  151  144  134  123  114  105   98   92   86   83   76
   75   71   76   79   88   90   95   94   95   93   93   90   88   83   80   77
   79   83   92  104  119  132  143  155  170  181  200  213  229  239  249  256
  263  266  267  264  261  257  253  251  246  244  236  233  227  228  221  222
  218  219  216  215  211  202  192  191  169                                   
    35.0-180.0 180.0   5.0 450.0                            LAT/LON1/LON2/DLON/H
  178  170  159  148  142  138  133  126  120  116  111  107  103   97   95   85
   85   80   88   89  101  100  106  102  104  100  100   95   95   88   86   82
   83   85   92  103  117  130  142  154  169  183  201  217  233  245  256  265
  273  280  284  287  286  288  286  286  281  277  268  260  254  247  241  237
  234  232  231  227  223  215  207  207  178                                   
    32.5-180.0 180.0   5.0 450.0                            LAT/LON1/LON2/DLON/H
  195  179  163  147  133  127  119  115  112  110  109  106  104   99   95   86
   85   82   88   92  102  104  107  104  104  100   99   95   93   88   84   81
   80   82   88  100  115  130  143  157  171  183  202  219  237  250  262  273
  284  292  304  312  320  327  332  336  334  329  318  306  293  280  268  261
  253  251  246  243  238  232  228  223  195                                   
    30.0-180.0 180.0   5.0 450.0                            LAT/LON1/LON2/DLON/H
  215  197  176  156  136  123  113  111  108  109  109  110  109  106  102   94
   94   92   99  103  113  113  117  111  112  106  105  100   98   92   89   84
   83   82   87   98  113  128  141  155  169  183  201  221  240  254  268  279
  294  308  325  340  356  368  379  386  386  382  371  357  342  321  304  289
  281  273  268  261  257  253  251  248  215                                   
    27.5-180.0 180.0   5.0 450.0                            LAT/LON1/LON2/DLON/H
  244  214  194  171  148  130  117  111  108  106  108  106  108  102  100   92
   93   91  100  104  114  115  117  113  112  107  105  100   96   91   86   82
   79   78   83   93  111  128  143  157  171  183  199  219  240  256  270  285
  302  320  342  363  385  403  417  427  429  425  415  400  384  362  343  325
  313  301  296  288  287  284  278  274  244                                   
    25.0-180.0 180.0   5.0 450.0                            LAT/LON1/LON2/DLON/H
  278  251  223  194  165  144  126  117  110  110  109  109  109  107  104   98
   98   99  108  113  123  123  126  122  123  117  115  108  103   96   90   84
   79   77   80   92  108  126  140  156  168  183  198  218  238  256  273  289
  310  332  360  388  416  438  456  467  468  464  454  438  423  402  385  365
  354  338  331  318  318  317  309  308  278                                   
    22.5-180.0 180.0   5.0 450.0                            LAT/LON1/LON2/DLON/H
  311  287  262  227  197  171  149  135  123  116  112  108  106  101  100   93
   96   97  107  112  121  123  126  125  125  122  118  112  103   96   88   81
   76   73   78   87  106  121  138  154  167  183  197  213  235  257  276  297
  321  349  379  413  442  467  482  493  492  487  479  464  451  432  418  400
  387  369  362  353  350  353  344  341  311                                   
    20.0-180.0 180.0   5.0 450.0                            LAT/LON1/LON2/DLON/H
  344  325  298  266  227  197  171  154  137  129  119  116  109  108  102  100
   99  104  111  119  127  130  134  133  135  133  129  120  110  101   91   84
   77   73   74   85  100  120  131  151  166  183  197  214  232  259  280  304
  332  364  396  430  458  481  495  504  503  498  491  479  469  453  444  427
  414  398  389  379  376  380  371  370  344                                   
    17.5-180.0 180.0   5.0 450.0                            LAT/LON1/LON2/DLON/H
  363  355  330  301  265  230  201  180  157  141  129  119  114  108  104   98
   99  100  108  114  123  127  133  133  136  135  129  121  109  100   89   82
   76   71   73   81   98  116  131  149  165  183  200  217  239  266  289  315
  346  377  408  438  461  480  488  495  492  489  484  477  470  463  457  446
  434  419  409  400  396  403  395  392  363                                   
    15.0-180.0 180.0   5.0 450.0                            LAT/LON1/LON2/DLON/H
  380  369  349  322  290  255  222  201  176  158  141  132  121  119  111  110
  107  112  115  123  128  134  138  139  142  138  133  123  111  101   92   84
   78   71   71   79   93  114  128  151  166  188  205  225  246  275  297  328
  355  388  412  441  458  475  477  485  480  481  474  470  466  463  463  457
  449  436  427  418  414  418  410  407  380                                   
    12.5-180.0 180.0   5.0 450.0                            LAT/LON1/LON2/DLON/H
  384  380  362  335  306  274  243  220  197  174  156  145  135  127  121  116
  114  113  115  118  123  127  132  133  135  132  125  118  104   95   86   79
   73   68   69   75   91  109  128  150  173  194  215  235  261  288  311  338
  366  391  416  436  453  463  464  468  464  466  461  459  455  458  459  460
  452  444  434  427  421  424  415  413  384                                   
    10.0-180.0 180.0   5.0 450.0                            LAT/LON1/LON2/DLON/H
  386  373  356  337  311  283  254  231  209  191  171  159  150  143  136  134
  129  129  128  130  131  135  135  135  133  127  120  111  100   89   82   77
   74   66   66   73   87  107  124  151  174  199  221  244  273  297  321  348
  372  394  412  431  445  455  456  463  463  466  462  460  455  459  463  464
  459  450  441  434  427  425  414  413  386                                   
     7.5-180.0 180.0   5.0 450.0                            LAT/LON1/LON2/DLON/H
  384  373  354  334  315  291  268  245  224  206  189  176  166  160  151  147
  138  137  132  131  129  129  129  126  122  115  108   99   84   75   69   67
