data/unet/pred0780.15i
     1.0            IONOSPHERE MAPS     GNSS                IONEX VERSION / TYPE
pyspatialgeodesy        IME             05-JAN-18 20:20     PGM / RUN BY / DATE 
Map Name                                                    COMMENT             
Predicted global ionosphere maps (GIM).                     DESCRIPTION         
  2015     3    19     0     0     0                        EPOCH OF FIRST MAP  
  2015     3    20     0     0     0                        EPOCH OF LAST MAP   
  7200                                                      INTERVAL            
    13                                                      # OF MAPS IN FILE   
  NONE                                                      MAPPING FUNCTION    
10.0                                                        ELEVATION CUTOFF    
One-way carrier phase leveled to code                       OBSERVABLES USED    
  6371.0                                                    BASE RADIUS         
 2                                                          MAP DIMENSION       
   450.0 450.0   0.0                                        HGT1 / HGT2 / DHGT  
    87.5 -87.5  -2.5                                        LAT1 / LAT2 / DLAT  
  -180.0 180.0   5.0                                        LON1 / LON2 / DLON  
    -1                                                      EXPONENT            
                                                            END OF HEADER       
[from data line 858]
     3                                                      START OF TEC MAP    
  2015     3    19     4     0     0                        EPOCH OF CURRENT MAP
    87.5-180.0 180.0   5.0 450.0                            LAT/LON1/LON2/DLON/H
  100  113   99   92   94   86   90   83   89   84   89   84   88   84   88   84
   87   84   88   84   86   84   87   84   85   84   86   84   85   84   86   84
   84   84   86   85   85   86   88   88   88   90   91   92   92   94   94   96
   95   98   98  101  100  103  102  106  105  108  107  109  108  111  109  110
  108  110  109  112  112  110  117  120  100                                   
    85.0-180.0 180.0   5.0 450.0                            LAT/LON1/LON2/DLON/H
  121  110   93   96   91   88   86   88   86   87   87   89   87   88   88   89
   88   89   89   89   87   88   87   87   84   83   84   82   81   80   82   81
   80   80   82   82   81   82   84   84   84   85   87   88   89   91   92   95
   95   98   99  102  103  106  106  110  109  113  111  115  113  117  113  116
  113  115  112  116  115  113  115  123  121                                   
    82.5-180.0 180.0   5.0 450.0                            LAT/LON1/LON2/DLON/H
  112   97   94   98   88   88   82   88   84   88   85   90   85   90   87   92
   86   91   87   91   84   87   81   83   76   77   74   76   71   73   71   73
   69   71   71   73   71   73   73   77   75   79   79   84   83   88   88   93
   91   97   98  103  103  108  109  113  113  119  118  123  123  125  125  126
  123  125  123  125  124  119  126  121  112                                   
    80.0-180.0 180.0   5.0 450.0                            LAT/LON1/LON2/DLON/H
  120  109  107  107   98   99   94   99   96  100   98  103  101  105  103  108
  104  107  103  105   99  100   94   94   85   84   79   79   74   74   72   73
   71   73   74   76   75   77   80   82   83   85   88   91   93   95   98  101
  102  106  108  114  116  121  123  129  130  136  137  142  142  146  145  148
  146  147  145  144  143  133  135  127  120                                   
    77.5-180.0 180.0   5.0 450.0                            LAT/LON1/LON2/DLON/H
  136  122  114  113  103   97   95   95   95   96   98  101  103  104  107  108
  108  107  106  105  101   98   94   90   84   79   76   71   67   65   65   64
   64   64   68   68   70   71   75   76   78   80   84   87   89   94   95  101
  101  107  109  117  120  128  132  138  141  145  148  152  155  158  161  161
  163  162  164  160  162  148  148  142  136                                   
    75.0-180.0 180.0   5.0 450.0                            LAT/LON1/LON2/DLON/H
  141  133  124  118  103   99   93   94   91   95   95  100   99  103  103  105
  103  104  101  100   95   93   88   84   78   72   69   64   60   58   57   58
   58   60   63   65   66   69   72   74   75   77   81   83   86   90   96   98
  102  106  111  115  122  127  134  136  141  145  151  153  158  161  166  166
  169  170  172  173  176  165  162  155  141                                   
    72.5-180.0 180.0   5.0 450.0                            LAT/LON1/LON2/DLON/H
  161  145  141  134  118  106  100   95   95   93   95   95   97   95   97   95
   94   91   90   87   84   80   78   73   69   63   61   57   53   52   52   53
   54   56   58   61   61   65   65   68   66   70   72   76   77   83   89   93
   98  105  112  118  124  130  137  140  146  148  155  156  162  164  171  171
  177  178  184  184  193  185  181  174  161                                   
    70.0-180.0 180.0   5.0 450.0                            LAT/LON1/LON2/DLON/H
  171  161  159  148  129  114  105  100   97   94   93   93   92   90   87   84
   80   77   74   73   71   68   67   64   62   58   57   55   52   52   51   53
   53   55   57   60   60   62   62   63   63   65   68   70   73   79   85   91
   97  106  112  118  122  129  136  140  144  147  151  154  157  161  166  169
  174  179  185  191  199  195  191  183  171                                   
    67.5-180.0 180.0   5.0 450.0                            LAT/LON1/LON2/DLON/H
  186  177  176  168  145  127  115  108  103   99   96   93   90   84   79   73
   69   64   61   59   59   58   59   59   58   57   56   56   53   54   52   54
   53   54   56   58   57   58   58   59   57   59   61   66   68   76   82   93
   98  108  114  121  127  133  139  143  148  148  153  153  157  159  165  167
  173  176  184  189  201  201  199  192  186                                   
    65.0-180.0 180.0   5.0 450.0                            LAT/LON1/LON2/DLON/H
  195  189  188  175  155  134  122  113  108  103   99   94   89   82   74   66
   60   54   50   49   49   51   54   57   59   60   60   61   58   58   55   54
   51   52   52   53   52   51   51   51   50   53   56   62   67   75   83   93
  100  109  115  122  127  134  140  143  149  150  153  154  157  159  161  164
  166  171  175  184  194  197  197  190  195                                   
    62.5-180.0 180.0   5.0 450.0                            LAT/LON1/LON2/DLON/H
  203  194  195  184  161  142  126  118  110  106  101   97   89   81   72   64
   57   52   48   48   49   52   55   59   62   65   64   66   63   62   57   56
   51   48   49   46   44   42   41   42   42   46   52   60   66   77   88   98
  106  115  122  130  134  139  145  149  154  155  159  158  163  160  165  162
  166  164  171  172  185  189  193  189  203                                   
    60.0-180.0 180.0   5.0 450.0                            LAT/LON1/LON2/DLON/H
  203  196  196  183  165  144  128  119  113  108  103   97   90   81   73   66
   61   55   52   52   54   55   58   61   64   66   66   66   63   60   55   50
   44   41   39   38   34   33   31   33   35   41   49   57   66   78   90   99
  109  118  127  133  138  143  149  151  159  158  165  161  167  162  166  160
  162  160  162  165  173  179  184  178  203                                   
    57.5-180.0 180.0   5.0 450.0                            LAT/LON1/LON2/DLON/H
  207  199  203  191  170  149  132  122  113  109  100   96   88   82   75   71
   68   64   63   62   63   63   64   64   68   66   69   67   65   60   55   49
   44   39   38   34   32   29   28   30   33   41   49   60   71   84   98  109
  120  129  137  143  147  152  157  160  168  167  174  170  177  171  175  168
  169  163  166  161  171  173  181  176  207                                   
    55.0-180.0 180.0   5.0 450.0                            LAT/LON1/LON2/DLON/H
  212  201  209  196  179  157  138  126  114  108  100   94   88   83   80   78
   77   76   75   74   72   69   66   65   64   65   65   65   61   58   50   46
   39   35   34   32   30   30   30   33   38   46   55   65   78   92  105  116
  128  135  145  149  156  158  164  165  173  173  181  179  186  182  186  179
  179  173  174  169  171  174  180  173  212                                   
    52.5-180.0 180.0   5.0 450.0                            LAT/LON1/LON2/DLON/H
  226  215  223  212  192  171  151  133  118  108   96   90   82   81   80   81
   83   82   83   79   76   70   67   64   64   63   65   64   62   58   53   46
   41   37   37   36   36   36   36   40   45   52   62   73   88  102  116  128
  141  149  160  163  170  169  175  174  184  182  193  190  201  196  202  196
  199  193  194  184  187  186  193  183  226                                   
    50.0-180.0 180.0   5.0 450.0                            LAT/LON1/LON2/DLON/H
  239  224  234  225  212  191  167  148  125  112   97   90   82   80   80   84
   87   87   85   83   76   72   65   62   60   60   59   62   60   57   51   45
   40   35   35   36   40   41   43   47   52   58   68   79   93  109  123  134
  149  154  170  169  179  175  184  182  190  191  200  201  211  210  217  212
  217  213  215  208  204  200  202  189  239                                   
    47.5-180.0 180.0   5.0 450.0                            LAT/LON1/LON2/DLON/H
  254  238  254  245  231  214  191  168  144  123  103   93   81   79   78   81
   85   82   81   74   72   66   64   61   62   61   63   63   64   60   56   47
   42   37   40   42   46   49   49   54   57   63   74   88  105  120  138  149
  165  171  186  186  193  188  194  192  203  202  212  212  221  221  230  229
  233  233  238  230  227  219  217  204  254                                   
    45.0-180.0 180.0   5.0 450.0                            LAT/LON1/LON2/DLON/H
  262  248  260  259  253  234  212  191  158  135  112  100   90   84   82   82
   82   77   73   68   66   65   65   65   67   66   67   67   68   63   60   52
   46   40   44   47   52   55   58   60   62   69   80   96  114  134  150  164
  182  189  204  202  207  202  208  205  215  215  220  219  227  226  234  234
  241  245  251  247  239  233  228  215  262                                   
    42.5-180.0 180.0   5.0 450.0                            LAT/LON1/LON2/DLON/H
  266  253  274  270  265  251  231  212  180  153  128  114  101   96   87   84
   80   73   70   65   68   69   76   76   82   80   82   77   77   71   67   59
   54   50   51   55   59   65   63   66   66   74   88  104  127  148  166  181
  202  212  223  220  222  215  220  218  229  225  230  225  233  229  235  235
  243  248  256  250  248  244  238  227  266                                   
    40.0-180.0 180.0   5.0 450.0                            LAT/LON1/LON2/DLON/H
  265  258  265  269  269  257  242  224  194  167  140  128  117  110  101   92
   86   77   74   73   80   85   93   96  100   99   94   91   87   82   74   66
   60   54   54   58   64   68   71   73   73   80   95  115  140  164  182  201
  224  233  243  237  239  232  236  234  243  240  238  234  237  232  236  235
  243  248  256  254  253  249  245  232  265                                   
    37.5-180.0 180.0   5.0 450.0                            LAT/LON1/LON2/DLON/H
  259  253  264  266  262  253  243  228  201  179  151  141  131  128  116  108
   99   92   91   93  103  110  121  121  124  119  113  105  100   92   85   76
   71   64   63   65   69   76   74   82   79   87  103  123  152  174  196  214
  237  245  254  248  250  244  245  245  252  252  249  246  249  242  244  240
  247  250  261  261  266  262  254  247  259                                   
    35.0-180.0 180.0   5.0 450.0                            LAT/LON1/LON2/DLON/H
  265  255  255  257  258  251  242  228  204  183  161  153  145  142  133  125
  120  114  118  121  133  140  147  146  143  138  128  122  113  107   97   92
   83   77   72   75   77   83   82   89   89   98  114  135  165  189  212  228
  251  257  269  261  264  259  260  261  268  268  269  267  272  267  273  270
  278  281  288  290  290  285  275  265  265                                   
    32.5-180.0 180.0   5.0 450.0                            LAT/LON1/LON2/DLON/H
  278  262  265  262  254  249  237  221  202  183  165  159  151  150  142  141
  139  139  146  150  160  164  167  164  159  152  144  137  129  122  114  107
  101   89   84   84   87   91   89   97   98  107  122  143  176  197  223  236
  258  263  273  269  268  265  268  272  281  283  283  285  290  295  304  308
  318  324  334  334  341  326  309  302  278                                   
    30.0-180.0 180.0   5.0 450.0                            LAT/LON1/LON2/DLON/H
  313  288  280  267  259  253  240  223  203  184  167  161  153  153  146  149
  152  157  166  171  178  178  177  172  169  165  160  156  149  145  135  130
  117  110   98   99   97  103  101  109  113  122  134  156  188  211  236  249
  268  271  278  274  275  277  282  291  305  310  317  319  331  337  354  365
  382  392  402  407  410  394  366  355  313                                   
    27.5-180.0 180.0   5.0 450.0                            LAT/LON1/LON2/DLON/H
  371  344  325  299  284  273  257  233  210  189  173  165  155  153  146  151
  156  162  173  176  179  175  173  170  173  172  174  176  176  167  162  149
  148  129  125  114  113  115  111  122  126  132  143  164  198  217  246  256
  280  282  293  291  299  308  317  330  346  354  364  371  379  392  409  434
  455  475  491  494  499  482  442  435  371                                   
    25.0-180.0 180.0   5.0 450.0                            LAT/LON1/LON2/DLON/H
  463  439  401  367  336  320  296  268  234  208  186  174  160  154  146  149
  152  161  166  167  165  163  161  164  177  184  197  199  207  197  187  177
  169  155  143  131  124  128  120  131  131  139  146  165  200  221  250  265
  285  297  310  319  333  350  362  381  394  408  420  429  444  463  488  515
  550  568  583  590  590  572  543  522  463                                   
    22.5-180.0 180.0   5.0 450.0                            LAT/LON1/LON2/DLON/H
  565  538  499  461  424  401  359  321  277  244  212  195  174  161  149  146
  145  150  150  149  146  145  150  161  184  199  222  230  242  224  219  198
  197  175  168  152  139  141  127  143  136  140  145  169  207  230  261  276
  303  321  345  367  388  415  429  454  466  480  486  497  510  534  562  600
  639  662  684  687  690  672  636  619  565                                   
    20.0-180.0 180.0   5.0 450.0                            LAT/LON1/LON2/DLON/H
  659  644  599  556  522  495  455  415  355  307  260  232  204  184  166  156
  147  146  138  138  131  140  147  170  201  224  255  265  273  251  237  220
  206  191  172  164  146  150  135  150  133  138  137  167  202  233  263  287
  314  340  369  399  430  464  482  505  517  533  542  558  570  591  620  654
  692  720  747  756  766  753  712  691  659                                   
    17.5-180.0 180.0   5.0 450.0                            LAT/LON1/LON2/DLON/H
  735  736  693  659  620  591  549  506  449  393  330  287  245  221  196  182
  162  153  140  141  137  152  167  199  234  267  301  313  305  281  259  237
  218  200  180  171  146  155  136  146  130  130  135  162  203  235  274  299
  335  362  400  437  478  518  535  555  561  577  588  607  618  636  652  679
  709  741  770  786  802  801  769  750  735                                   
    15.0-180.0 180.0   5.0 450.0                            LAT/LON1/LON2/DLON/H
  790  804  778  749  712  683  640  596  532  475  403  358  310  278  245  220
  195  176  163  161  164  183  208  240  280  312  336  338  318  288  257  242
  212  202  180  170  149  155  139  146  124  131  131  168  198  243  275  309
  339  376  408  458  499  537  554  564  573  585  598  620  631  645  653  671
  692  730  764  782  803  793  777  773  790                                   
    12.5-180.0 180.0   5.0 450.0                            LAT/LON1/LON2/DLON/H
  817  836  831  812  783  747  707  663  605  545  473  429  377  341  299  271
  238  223  205  211  216  240  268  304  338  356  357  347  320  284  255  238
  211  202  172  167  140  149  132  136  119  124  127  161  198  237  280  310
  350  384  421  464  510  538  560  562  574  584  598  620  628  636  634  645
  660  698  735  754  776  773  770  780  817                                   
    10.0-180.0 180.0   5.0 450.0                            LAT/LON1/LON2/DLON/H
  827  847  847  846  823  795  750  707  652  594  526  481  431  399  356  323
  290  270  258  266  282  314  339  363  379  373  354  328  294  265  239  231
  205  195  172  163  140  142  128  126  113  120  126  165  193  239  274  312
  341  386  413  457  495  520  539  532  551  549  577  590  604  611  609  621
  633  671  705  720  740  738  737  769  827                                   
     7.5-180.0 180.0   5.0 450.0                            LAT/LON1/LON2/DLON/H
  834  858  876  875  862  832  785  740  687  634  575  529  486  454  416  384
  343  331  319  345  368  404  417  422  404  379  343  311  270  248  228  221
