data/unet/pred1050.15i
     1.0            IONOSPHERE MAPS     GNSS                IONEX VERSION / TYPE
pyspatialgeodesy        IME             05-JAN-18 20:20     PGM / RUN BY / DATE 
Map Name                                                    COMMENT             
Predicted global ionosphere maps (GIM).                     DESCRIPTION         
  2015     4    15     0     0     0                        EPOCH OF FIRST MAP  
  2015     4    16     0     0     0                        EPOCH OF LAST MAP   
  7200                                                      INTERVAL            
    13                                                      # OF MAPS IN FILE   
  NONE                                                      MAPPING FUNCTION    
10.0                                                        ELEVATION CUTOFF    
One-way carrier phase leveled to code                       OBSERVABLES USED    
  6371.0                                                    BASE RADIUS         
 2                                                          MAP DIMENSION       
   450.0 450.0   0.0                                        HGT1 / HGT2 / DHGT  
    87.5 -87.5  -2.5                                        LAT1 / LAT2 / DLAT  
  -180.0 180.0   5.0                                        LON1 / LON2 / DLON  
    -1                                                      EXPONENT            
                                                            END OF HEADER       
[from data line 2145]
     6                                                      START OF TEC MAP    
  2015     4    15    10     0     0                        EPOCH OF CURRENT MAP
    87.5-180.0 180.0   5.0 450.0                            LAT/LON1/LON2/DLON/H
  164  189  189  200  202  210  207  216  209  219  210  221  211  224  214  229
  219  232  223  235  226  234  225  230  218  220  208  207  199  197  195  195
  196  199  200  205  203  205  200  197  191  186  182  178  173  169  166  162
  161  158  158  157  158  158  158  160  160  162  160  163  162  165  163  167
  166  168  166  168  165  169  170  147  164                                   
    85.0-180.0 180.0   5.0 450.0                            LAT/LON1/LON2/DLON/H
  177  168  173  189  194  201  206  212  213  217  219  222  222  225  226  228
  228  230  230  231  230  231  231  231  229  230  227  226  222  220  218  218
  218  218  219  219  218  215  213  206  201  193  188  181  176  169  165  159
  156  153  151  149  148  148  147  148  146  148  145  147  145  147  145  148
  148  150  149  151  153  150  162  150  177                                   
    82.5-180.0 180.0   5.0 450.0                            LAT/LON1/LON2/DLON/H
  156  157  159  165  176  181  189  192  198  200  204  206  207  208  208  209
  208  209  208  209  209  208  210  208  211  208  213  209  212  208  212  212
  217  219  223  224  226  224  222  216  212  204  200  192  188  179  174  167
  163  157  155  150  150  145  146  142  143  137  138  134  135  132  132  131
  132  131  133  133  136  134  145  151  156                                   
    80.0-180.0 180.0   5.0 450.0                            LAT/LON1/LON2/DLON/H
  153  153  153  161  170  176  184  188  190  194  193  196  191  192  188  187
  185  184  183  183  183  183  184  184  185  185  186  186  188  189  194  197
  204  210  218  221  227  224  227  218  220  209  209  198  197  186  184  175
  173  165  165  157  159  152  154  148  151  143  145  139  140  135  136  132
  133  130  131  129  132  127  134  134  153                                   
    77.5-180.0 180.0   5.0 450.0                            LAT/LON1/LON2/DLON/H
  146  153  152  161  166  174  177  181  181  183  180  179  173  173  164  166
  158  162  157  163  160  166  163  167  164  168  164  169  167  174  177  186
  193  204  213  221  229  230  233  233  231  230  227  224  219  215  209  205
  199  196  193  190  188  185  183  180  180  175  174  168  167  163  159  156
  151  147  141  137  134  128  133  136  146                                   
    75.0-180.0 180.0   5.0 450.0                            LAT/LON1/LON2/DLON/H
  148  148  149  159  161  172  172  179  172  174  165  163  153  150  142  140
  133  136  132  139  137  144  142  147  145  148  146  150  152  156  165  171
  185  192  208  215  228  232  242  239  248  243  248  241  243  235  235  229
  227  225  225  223  224  221  221  218  217  210  209  202  200  194  189  182
  177  171  161  153  148  139  139  137  148                                   
    72.5-180.0 180.0   5.0 450.0                            LAT/LON1/LON2/DLON/H
  147  149  147  153  156  165  164  166  161  155  147  138  127  120  112  109
  106  109  112  119  124  133  134  142  140  145  141  147  146  153  159  170
  179  193  204  218  228  238  244  248  252  253  257  255  257  252  254  247
  248  245  248  248  249  248  249  246  247  242  240  235  233  228  220  213
  204  197  184  173  164  149  143  146  147                                   
    70.0-180.0 180.0   5.0 450.0                            LAT/LON1/LON2/DLON/H
  146  141  139  146  147  156  156  157  150  144  134  124  112  104   96   93
   94   99  106  114  120  128  132  139  137  142  139  144  144  151  158  168
  179  190  204  215  229  238  251  253  263  261  272  267  276  268  274  266
  269  267  270  269  270  266  267  263  264  260  260  257  255  252  243  237
  225  217  201  191  176  159  148  148  146                                   
    67.5-180.0 180.0   5.0 450.0                            LAT/LON1/LON2/DLON/H
  144  135  130  136  138  145  146  145  139  131  120  108   99   88   84   82
   85   90   99  109  116  128  131  141  140  146  144  149  148  155  159  171
  180  194  205  220  230  244  251  258  265  269  276  277  281  278  281  276
  277  275  276  274  271  268  266  266  263  264  260  261  257  256  248  242
  232  225  210  198  185  166  151  149  144                                   
    65.0-180.0 180.0   5.0 450.0                            LAT/LON1/LON2/DLON/H
  143  126  119  124  125  133  134  135  130  125  114  106   94   89   83   84
   86   96  104  117  122  136  136  146  144  149  148  151  151  156  163  173
  186  195  212  221  236  244  256  262  271  275  284  284  290  287  290  286
  286  284  283  278  274  268  266  262  260  258  255  255  251  249  244  240
  233  227  214  204  188  168  154  148  143                                   
    62.5-180.0 180.0   5.0 450.0                            LAT/LON1/LON2/DLON/H
  145  124  112  113  112  118  119  122  118  115  107  100   92   87   83   86
   88   97  104  115  125  134  138  143  143  147  146  151  152  161  166  181
  191  206  217  228  238  247  255  265  271  279  285  291  295  296  296  294
  290  288  283  280  273  270  264  262  256  253  248  245  242  240  235  233
  228  223  214  203  193  173  160  150  145                                   
    60.0-180.0 180.0   5.0 450.0                            LAT/LON1/LON2/DLON/H
  149  123  107  104  101  103  104  107  106  106  101   98   92   89   87   89
   93   99  106  116  124  130  135  138  140  143  146  150  154  161  169  183
  196  210  222  232  246  252  265  268  279  283  292  298  305  305  308  300
  299  293  290  282  276  271  266  261  254  247  240  235  231  227  225  222
  220  218  213  208  196  178  166  157  149                                   
    57.5-180.0 180.0   5.0 450.0                            LAT/LON1/LON2/DLON/H
  160  134  114  107   98   97   94   96   94   96   93   92   89   88   86   92
   91  101  101  111  116  124  126  131  133  140  145  149  155  164  172  187
  197  216  226  239  248  258  267  272  278  285  293  302  307  313  311  310
  304  303  297  294  284  281  274  270  261  254  244  238  232  227  224  221
  220  218  215  211  206  191  181  171  160                                   
    55.0-180.0 180.0   5.0 450.0                            LAT/LON1/LON2/DLON/H
  176  149  128  114  104   97   93   89   89   89   89   88   87   87   87   89
   91   95   95  103  104  112  115  121  129  136  145  151  155  164  174  188
  203  221  234  246  258  269  278  284  294  298  308  315  322  326  330  324
  327  320  321  315  310  303  296  288  278  269  260  252  245  240  236  232
  230  230  226  226  220  208  201  193  176                                   
    52.5-180.0 180.0   5.0 450.0                            LAT/LON1/LON2/DLON/H
  197  172  153  136  120  108   99   94   89   87   87   86   86   86   84   86
   84   92   88   97   97  105  109  117  124  135  143  152  157  166  177  194
  206  228  240  254  266  278  289  296  305  311  320  326  333  339  341  343
  343  343  340  339  334  330  323  314  304  293  283  272  268  260  259  251
  250  243  240  236  235  225  221  213  197                                   
    50.0-180.0 180.0   5.0 450.0                            LAT/LON1/LON2/DLON/H
  220  190  174  154  143  125  118  104   99   92   90   86   86   83   83   81
   83   84   85   89   90   97   99  112  119  133  142  152  159  168  180  197
  215  237  252  266  282  295  308  319  330  339  347  354  360  367  371  374
  376  373  373  369  366  358  351  339  330  319  311  303  297  293  288  284
  277  271  262  259  250  240  237  234  220                                   
    47.5-180.0 180.0   5.0 450.0                            LAT/LON1/LON2/DLON/H
  236  206  192  178  165  149  140  126  113  104   96   92   88   86   82   82
   79   83   80   87   87   95  102  116  128  146  157  165  172  179  193  210
  224  249  261  279  293  311  326  339  353  361  371  376  381  386  390  394
  394  394  392  388  381  374  364  355  343  335  327  320  318  312  311  303
  298  285  274  263  257  247  249  246  236                                   
    45.0-180.0 180.0   5.0 450.0                            LAT/LON1/LON2/DLON/H
  249  214  204  193  186  171  165  148  137  120  111  100   97   90   88   82
   83   82   85   88   91   98  104  121  133  153  161  172  174  184  197  214
  232  255  269  287  305  325  345  364  379  390  399  403  409  413  419  422
  423  422  417  411  404  392  381  367  354  344  337  335  332  333  328  325
  311  300  280  271  254  247  246  247  249                                   
    42.5-180.0 180.0   5.0 450.0                            LAT/LON1/LON2/DLON/H
  241  213  205  203  198  189  184  171  154  141  123  116  106  101   95   92
   87   91   88   95   95  104  111  130  143  165  173  182  188  195  211  225
  241  263  278  299  319  340  365  386  401  413  419  426  431  436  439  441
  441  437  432  423  413  399  384  369  353  342  334  331  332  333  332  325
  315  296  276  256  237  228  230  231  241                                   
    40.0-180.0 180.0   5.0 450.0                            LAT/LON1/LON2/DLON/H
  225  195  193  196  204  197  196  182  170  153  139  129  120  112  107   99
   98   97   99  102  105  109  118  133  148  166  175  184  188  198  212  228
  244  265  284  303  327  351  384  406  426  436  445  448  457  458  465  463
  463  460  455  447  435  420  401  381  360  346  331  329  326  331  327  325
  310  292  262  241  212  199  194  200  225                                   
    37.5-180.0 180.0   5.0 450.0                            LAT/LON1/LON2/DLON/H
  191  166  163  175  178  186  187  183  169  161  145  143  131  128  118  116
  108  111  106  112  110  117  120  137  148  166  175  187  192  205  218  235
  249  274  290  315  339  370  403  433  450  465  470  479  484  490  493  495
  493  490  486  478  469  451  432  406  381  356  336  324  319  318  316  313
  302  281  250  218  188  169  165  157  191                                   
    35.0-180.0 180.0   5.0 450.0                            LAT/LON1/LON2/DLON/H
  164  146  138  151  157  166  172  170  165  158  151  148  143  139  129  124
  117  116  115  115  118  116  125  131  145  159  170  181  191  205  219  239
  251  277  294  321  349  386  428  457  480  492  502  507  516  520  530  532
  539  538  537  531  520  511  490  466  432  398  365  341  330  325  318  315
  303  283  252  218  181  159  151  140  164                                   
    32.5-180.0 180.0   5.0 450.0                            LAT/LON1/LON2/DLON/H
  156  134  124  131  133  146  152  157  153  152  147  151  147  150  137  135
  124  127  120  122  118  119  123  131  141  154  164  177  188  207  224  243
  258  285  301  337  367  415  452  488  506  524  532  544  552  569  588  603
  620  632  639  644  646  642  628  602  562  502  442  400  377  360  348  341
  331  309  281  246  204  174  156  129  156                                   
    30.0-180.0 180.0   5.0 450.0                            LAT/LON1/LON2/DLON/H
  152  148  136  131  132  134  143  140  146  143  147  148  150  149  142  136
  127  123  120  117  121  117  126  129  139  150  162  174  192  208  231  250
  268  291  319  353  399  441  481  507  533  552  568  587  606  632  664  683
  710  729  740  753  756  754  734  711  674  629  566  525  466  428  401  392
  376  358  321  289  242  221  188  150  152                                   
    27.5-180.0 180.0   5.0 450.0                            LAT/LON1/LON2/DLON/H
  179  178  170  150  145  142  147  145  146  145  147  150  152  152  146  140
  131  127  120  118  120  121  130  132  143  149  163  172  194  212  239  258
  286  312  345  391  430  479  506  536  552  585  598  634  660  698  724  757
  789  811  837  850  865  873  868  847  809  755  693  645  589  544  506  485
  456  431  393  354  308  271  234  187  179                                   
    25.0-180.0 180.0   5.0 450.0                            LAT/LON1/LON2/DLON/H
  231  226  210  188  178  163  162  152  154  151  155  152  155  151  144  136
  126  121  115  115  121  125  135  142  147  157  166  182  203  230  260  286
  312  338  380  425  467  504  528  553  572  603  626  669  700  730  775  811
  855  885  922  936  958  972  974  966  930  891  827  765  702  654  597  564
  529  504  468  438  394  356  305  263  231                                   
    22.5-180.0 180.0   5.0 450.0                            LAT/LON1/LON2/DLON/H
  317  299  270  240  231  218  207  184  178  167  170  164  165  155  148  134
  126  119  117  115  125  131  147  149  162  161  177  188  224  247  284  303
  330  356  403  459  493  531  548  574  587  623  642  690  722  761  811  855
  901  936  969  985 1012 1027 1040 1032 1004  965  915  863  805  746  689  652
  614  582  543  505  464  428  414  342  317                                   
    20.0-180.0 180.0   5.0 450.0                            LAT/LON1/LON2/DLON/H
  398  376  345  316  287  267  256  246  219  198  184  174  167  154  147  135
  125  121  118  120  130  142  156  161  170  174  185  203  241  272  303  327
  345  386  430  480  513  545  560  584  597  627  651  692  728  762  817  858
  912  937  971  985 1009 1023 1036 1029 1012  981  939  899  843  797  733  695
  655  633  601  563  520  485  476  423  398                                   
    17.5-180.0 180.0   5.0 450.0                            LAT/LON1/LON2/DLON/H
  450  434  408  390  363  324  298  279  266  241  218  198  185  163  151  135
  129  123  124  125  137  148  163  167  172  175  189  216  251  285  312  341
  359  409  451  503  530  558  575  598  611  643  662  698  730  762  803  844
  879  909  932  945  968  977  995  987  981  952  931  891  854  806  751  705
  663  637  615  586  558  532  517  476  450                                   
    15.0-180.0 180.0   5.0 450.0                            LAT/LON1/LON2/DLON/H
  478  476  452  426  406  379  346  312  289  270  248  223  199  173  157  139
  132  130  131  135  143  154  169  171  178  179  199  225  260  297  316  356
  369  429  463  513  536  567  583  608  626  655  675  704  728  759  793  819
  849  863  875  885  900  919  924  926  915  904  883  864  826  795  737  699
  642  625  595  577  554  541  534  501  478                                   
    12.5-180.0 180.0   5.0 450.0                            LAT/LON1/LON2/DLON/H
  497  501  488  469  445  410  384  345  315  285  265  243  219  193  174  154
  140  138  131  138  143  150  156  164  164  178  195  230  262  302  318  360
  375  428  464  508  540  570  592  622  644  677  695  725  746  763  785  797
  809  811  817  816  826  833  852  861  854  851  838  828  800  772  712  673
  611  584  550  540  535  533  541  515  497                                   
    10.0-180.0 180.0   5.0 450.0                            LAT/LON1/LON2/DLON/H
  497  517  501  478  468  426  400  364  333  294  273  245  226  203  186  166
  158  145  138  139  144  147  154  150  163  164  190  226  258  297  322  366
  383  433  456  495  531  564  591  623  655  683  711  737  760  777  786  785
  780  774  765  764  764  776  786  801  807  814  806  800  767  739  684  648
  582  540  504  500  501  521  537  507  497                                   
     7.5-180.0 180.0   5.0 450.0                            LAT/LON1/LON2/DLON/H
  492  523  499  486  466  430  395  365  339  307  283  255  237  213  196  180
  169  160  146  145  136  142  140  147  147  169  192  233  259  301  323  357
