data/unet/pred2900.15i
     1.0            IONOSPHERE MAPS     GNSS                IONEX VERSION / TYPE
pyspatialgeodesy        IME             05-JAN-18 20:20     PGM / RUN BY / DATE 
Map Name                                                    COMMENT             
Predicted global ionosphere maps (GIM).                     DESCRIPTION         
  2015    10    17     0     0     0                        EPOCH OF FIRST MAP  
  2015    10    18     0     0     0                        EPOCH OF LAST MAP   
  7200                                                      INTERVAL            
    13                                                      # OF MAPS IN FILE   
  NONE                                                      MAPPING FUNCTION    
10.0                                                        ELEVATION CUTOFF    
One-way carrier phase leveled to code                       OBSERVABLES USED    
  6371.0                                                    BASE RADIUS         
 2                                                          MAP DIMENSION       
   450.0 450.0   0.0                                        HGT1 / HGT2 / DHGT  
    87.5 -87.5  -2.5                                        LAT1 / LAT2 / DLAT  
  -180.0 180.0   5.0                                        LON1 / LON2 / DLON  
    -1                                                      EXPONENT            
                                                            END OF HEADER       
[from data line 429]
     2                                                      START OF TEC MAP    
  2015    10    17     2     0     0                        EPOCH OF CURRENT MAP
    87.5-180.0 180.0   5.0 450.0                            LAT/LON1/LON2/DLON/H
   79   71   67   58   61   56   61   59   63   61   65   62   65   63   66   63
   66   63   66   63   66   63   65   61   65   60   63   58   62   57   61   56
   62   57   62   57   63   59   65   61   67   63   69   65   71   67   72   68
   73   69   73   69   74   69   73   67   72   66   69   63   68   60   65   57
   63   56   64   58   68   58   67   66   79                                   
    85.0-180.0 180.0   5.0 450.0                            LAT/LON1/LON2/DLON/H
   71   76   57   60   58   55   57   58   61   61   64   64   66   67   69   68
   69   69   69   67   67   65   64   61   61   58   57   54   55   53   53   53
   54   54   56   57   59   61   63   64   67   68   71   71   73   72   74   73
   74   72   74   71   73   70   71   68   70   67   68   65   66   63   63   61
   61   59   61   60   62   55   64   81   71                                   
    82.5-180.0 180.0   5.0 450.0                            LAT/LON1/LON2/DLON/H
   70   66   65   62   59   56   59   58   63   60   67   65   72   68   75   72
   77   72   76   69   72   64   66   58   58   52   51   47   47   45   46   46
   47   49   51   54   58   60   64   67   71   73   76   77   80   78   80   79
   80   77   79   76   78   75   76   74   75   73   73   71   72   70   70   69
   69   67   68   67   67   61   72   88   70                                   
    80.0-180.0 180.0   5.0 450.0                            LAT/LON1/LON2/DLON/H
   79   72   67   65   62   58   59   59   61   62   65   68   72   74   78   79
   82   81   81   78   76   70   66   59   55   47   44   38   37   32   33   31
   34   34   40   42   49   51   59   61   69   69   76   74   79   75   79   74
   77   72   75   71   75   71   75   72   76   73   77   74   79   74   80   75
   80   76   81   78   79   72   74   89   79                                   
    77.5-180.0 180.0   5.0 450.0                            LAT/LON1/LON2/DLON/H
   89   87   81   80   70   70   65   68   64   69   68   74   75   81   82   87
   86   89   86   86   79   77   67   63   51   47   37   34   25   26   21   25
   23   30   30   40   41   51   53   63   63   70   69   74   71   73   68   70
   65   66   63   65   63   66   66   69   70   73   74   78   78   81   82   86
   86   90   90   94   92   91   95  103   89                                   
    75.0-180.0 180.0   5.0 450.0                            LAT/LON1/LON2/DLON/H
  105  101   96   95   85   80   76   74   71   72   73   76   78   82   85   87
   89   90   89   87   83   78   69   62   53   45   37   30   25   21   20   20
   21   25   29   35   41   47   53   58   62   64   66   65   64   61   60   57
   55   53   52   54   55   58   60   65   67   72   74   78   81   84   86   90
   93   97  102  106  107  106  110  113  105                                   
    72.5-180.0 180.0   5.0 450.0                            LAT/LON1/LON2/DLON/H
  121  119  114  109   96   91   83   81   75   76   73   76   75   79   78   82
   81   85   83   84   78   77   67   62   50   45   35   30   23   21   19   20
   20   25   28   35   38   46   50   56   57   60   59   59   54   51   47   44
   41   41   41   42   45   49   55   59   66   70   75   78   82   84   87   90
   95   99  106  111  117  119  128  124  121                                   
    70.0-180.0 180.0   5.0 450.0                            LAT/LON1/LON2/DLON/H
  137  133  128  125  112  104   96   90   84   81   77   75   71   72   69   70
   71   73   73   74   74   70   66   59   55   47   43   36   34   30   30   29
   30   32   35   39   43   47   50   53   55   54   53   50   46   41   38   35
   34   34   36   40   45   53   60   68   75   81   84   88   89   90   91   93
   97  101  110  117  125  130  138  137  137                                   
    67.5-180.0 180.0   5.0 450.0                            LAT/LON1/LON2/DLON/H
  147  143  141  134  120  114  103   99   89   87   77   74   65   63   55   57
   54   59   58   64   61   65   59   59   52   51   45   44   40   39   36   37
   35   36   35   39   39   44   44   48   47   48   45   43   38   35   31   29
   29   30   35   41   50   59   70   79   89   93   98   97   98   95   93   93
   94   98  105  114  125  134  145  141  147                                   
    65.0-180.0 180.0   5.0 450.0                            LAT/LON1/LON2/DLON/H
  150  144  142  140  129  121  113  108  102   95   86   78   66   58   49   46
   46   47   51   52   58   56   58   54   57   52   53   50   51   48   48   45
   45   42   42   40   41   41   42   43   43   42   40   37   33   31   28   28
   29   33   39   48   59   71   82   94  104  111  113  114  110  105   99   95
   94   95  100  109  120  130  142  144  150                                   
    62.5-180.0 180.0   5.0 450.0                            LAT/LON1/LON2/DLON/H
  148  145  142  136  126  121  113  113  105  102   89   80   64   55   42   39
   36   41   41   48   49   53   50   52   51   53   52   53   52   52   49   47
   43   40   36   35   33   35   34   37   35   37   34   33   30   29   28   29
   31   37   45   55   69   80   95  105  119  123  128  125  123  114  106  100
   95   94   96  103  114  124  138  140  148                                   
    60.0-180.0 180.0   5.0 450.0                            LAT/LON1/LON2/DLON/H
  146  139  135  133  125  118  116  113  113  106   99   85   72   56   47   38
   42   38   46   45   52   47   51   46   50   48   52   51   54   52   52   47
   45   38   36   32   32   31   32   33   34   34   33   32   31   31   31   34
   38   45   53   64   77   89  103  116  128  136  139  138  135  128  120  112
  106  101  100  104  111  119  132  137  146                                   
    57.5-180.0 180.0   5.0 450.0                            LAT/LON1/LON2/DLON/H
  148  143  136  128  119  116  112  115  112  112  101   93   76   66   52   49
   46   50   49   53   51   51   47   47   45   47   47   49   48   48   44   42
   36   34   29   28   27   28   28   31   31   34   33   35   35   36   37   40
   45   52   61   71   85   96  112  122  137  144  150  149  149  144  138  131
  125  119  115  114  118  123  136  137  148                                   
    55.0-180.0 180.0   5.0 450.0                            LAT/LON1/LON2/DLON/H
  158  150  141  136  125  118  116  114  117  112  108   96   87   72   65   57
   61   57   61   56   58   50   50   43   45   43   45   44   46   43   43   38
   38   33   34   31   32   32   33   34   36   38   39   40   42   43   45   49
   53   60   68   78   90  102  117  129  141  150  156  160  163  163  161  156
  152  144  140  135  134  135  145  147  158                                   
    52.5-180.0 180.0   5.0 450.0                            LAT/LON1/LON2/DLON/H
  177  171  162  149  137  128  124  122  119  117  110  103   92   85   76   73
   72   71   68   66   61   57   50   48   45   46   44   45   42   42   38   37
   35   36   35   37   36   38   37   40   40   44   44   47   48   51   52   56
   61   67   75   83   96  108  122  133  145  155  161  168  174  180  183  184
  182  176  169  162  158  157  165  162  177                                   
    50.0-180.0 180.0   5.0 450.0                            LAT/LON1/LON2/DLON/H
  199  192  185  175  161  148  139  132  128  120  115  105   99   90   86   81
   82   75   74   66   64   55   55   49   51   48   49   46   46   42   43   40
   43   43   47   47   49   49   50   50   52   53   55   57   59   60   62   66
   69   75   82   92  104  117  129  141  152  161  169  178  188  198  205  210
  211  205  199  191  185  181  184  183  199                                   
    47.5-180.0 180.0   5.0 450.0                            LAT/LON1/LON2/DLON/H
  223  219  212  203  190  174  162  150  139  130  120  112  104  100   93   91
   86   83   75   71   65   63   59   60   59   59   56   55   50   49   45   48
   48   53   55   59   59   61   59   60   60   62   64   66   68   70   71   74
   79   85   95  106  119  132  142  154  162  172  178  188  199  212  220  228
  230  227  221  213  207  204  203  199  223                                   
    45.0-180.0 180.0   5.0 450.0                            LAT/LON1/LON2/DLON/H
  240  235  234  228  217  202  186  169  154  140  128  117  111  104  100   92
   89   77   74   65   67   63   67   67   70   68   68   62   60   54   55   54
   59   61   67   70   73   73   71   69   70   71   74   76   78   79   79   82
   87   97  108  122  135  148  158  170  178  184  190  199  211  223  234  240
  244  239  235  227  222  217  217  213  240                                   
    42.5-180.0 180.0   5.0 450.0                            LAT/LON1/LON2/DLON/H
  244  245  242  244  235  225  210  191  170  154  139  129  120  115  105  100
   88   82   72   72   70   76   77   83   82   82   76   72   65   63   58   61
   62   68   72   78   79   80   77   76   76   78   81   84   86   87   88   91
  101  113  128  142  157  171  180  192  197  201  203  209  219  229  239  244
  246  242  239  233  228  225  222  218  244                                   
    40.0-180.0 180.0   5.0 450.0                            LAT/LON1/LON2/DLON/H
  242  238  243  247  244  236  224  207  185  168  152  140  131  122  113   99
   92   78   77   72   80   83   90   92   93   89   84   76   71   66   65   64
   68   72   79   83   86   86   84   82   83   85   89   92   94   94   95  100
  112  126  144  160  176  191  203  213  218  218  219  222  230  238  244  247
  247  243  240  236  233  227  227  222  242                                   
    37.5-180.0 180.0   5.0 450.0                            LAT/LON1/LON2/DLON/H
  233  235  233  242  241  240  228  217  197  179  166  154  145  136  123  111
   97   91   86   91   95  102  104  106  101   96   86   79   71   67   64   64
   67   71   78   83   88   89   89   87   89   91   97   99  102  102  105  112
  126  142  162  180  198  211  222  230  234  233  233  234  242  247  252  250
  248  244  244  242  241  235  234  228  233                                   
    35.0-180.0 180.0   5.0 450.0                            LAT/LON1/LON2/DLON/H
  237  229  228  232  234  232  227  218  202  191  176  167  157  147  134  119
  110  101  104  105  113  113  115  109  104   93   85   77   72   68   68   67
   70   73   79   85   90   92   92   92   95   97  102  105  107  105  107  115
  131  148  171  189  209  224  236  245  249  248  247  251  258  267  271  270
  265  260  260  258  258  253  254  248  237                                   
    32.5-180.0 180.0   5.0 450.0                            LAT/LON1/LON2/DLON/H
  254  247  235  234  230  229  222  216  204  195  185  175  167  157  143  133
  121  120  120  125  126  124  117  111  100   91   83   77   73   71   70   68
   72   74   82   86   93   95   98   98  102  104  110  111  112  110  112  119
  135  154  177  197  215  232  247  256  262  261  263  269  283  292  303  301
  302  296  299  296  297  292  291  283  254                                   
    30.0-180.0 180.0   5.0 450.0                            LAT/LON1/LON2/DLON/H
  298  285  265  250  238  229  221  214  204  200  189  184  173  163  150  138
  133  130  134  132  132  121  114  102   96   88   85   82   81   82   83   80
   83   83   90   95   98  102  104  105  108  109  113  113  112  106  107  113
  129  147  168  187  206  224  243  256  265  267  272  282  301  321  334  337
  342  342  348  351  354  357  358  344  298                                   
    27.5-180.0 180.0   5.0 450.0                            LAT/LON1/LON2/DLON/H
  366  359  328  297  272  254  236  223  212  204  195  186  176  163  150  142
  136  137  136  133  122  112   99   93   88   88   90   92   96   99  101   99
   99  100  107  108  111  111  112  112  115  114  117  114  112  106  107  109
  124  139  160  173  191  209  232  250  263  271  282  300  323  343  361  372
  384  392  405  410  422  429  438  417  366                                   
    25.0-180.0 180.0   5.0 450.0                            LAT/LON1/LON2/DLON/H
  451  457  422  373  329  296  263  245  226  215  201  192  176  162  147  137
  134  130  129  117  107   91   86   84   92  100  110  117  120  124  123  121
  121  119  123  121  120  117  116  115  116  115  115  111  107  101  103  105
  119  134  151  167  183  203  225  243  262  272  293  316  348  371  394  412
  431  444  462  473  485  501  517  500  451                                   
    22.5-180.0 180.0   5.0 450.0                            LAT/LON1/LON2/DLON/H
  548  555  518  468  421  368  321  283  257  235  220  200  184  163  146  133
  127  122  112   98   82   72   71   83  102  121  139  148  153  154  154  149
  146  144  144  137  133  127  122  120  119  116  116  109  108  101  103  106
  119  132  148  164  183  203  228  250  270  289  309  339  368  399  428  454
  475  490  512  521  541  563  588  575  548                                   
    20.0-180.0 180.0   5.0 450.0                            LAT/LON1/LON2/DLON/H
  644  667  636  579  519  459  397  346  299  268  240  216  192  169  148  131
  121  109   97   79   67   62   74   98  129  157  181  187  192  188  186  176
  171  163  161  150  142  131  126  122  121  115  114  107  105  100  102  105
  117  130  148  168  189  211  239  266  293  312  339  363  399  430  466  491
  517  532  557  570  590  625  652  638  644                                   
    17.5-180.0 180.0   5.0 450.0                            LAT/LON1/LON2/DLON/H
  703  748  717  672  618  548  480  414  364  313  281  242  219  186  168  146
  132  114   97   79   69   72   92  126  167  200  223  230  226  217  212  200
  189  179  172  159  148  137  129  127  123  119  117  109  107  101  103  107
  119  135  155  178  201  227  258  290  315  342  361  393  424  457  487  515
  539  557  579  587  611  647  682  666  703                                   
    15.0-180.0 180.0   5.0 450.0                            LAT/LON1/LON2/DLON/H
  740  789  770  740  698  638  574  501  441  386  338  297  256  221  194  170
  151  132  114   98   94  103  131  167  210  247  270  267  257  239  231  216
  203  191  180  165  151  142  132  129  124  119  115  112  105  100   97  102
  119  139  166  189  215  245  281  312  347  367  395  418  453  474  502  523
  549  565  582  591  607  643  674  670  740                                   
    12.5-180.0 180.0   5.0 450.0                            LAT/LON1/LON2/DLON/H
  725  782  778  762  742  691  638  576  513  453  405  354  314  267  239  210
  195  172  158  146  148  160  186  222  266  298  308  297  277  255  241  223
  208  192  178  164  154  146  134  132  128  122  118  110  104   95   93  101
  122  147  175  204  232  267  299  336  366  394  415  443  466  487  506  526
  544  557  567  570  580  606  636  640  725                                   
    10.0-180.0 180.0   5.0 450.0                            LAT/LON1/LON2/DLON/H
  685  734  754  763  756  727  689  641  587  532  482  437  385  344  301  270
  243  228  212  207  212  227  256  296  324  335  331  308  286  259  244  225
  209  192  177  167  155  150  139  137  127  124  114  109   98   89   86   95
  122  146  181  210  242  275  309  345  379  400  428  449  474  486  503  516
  532  537  543  548  552  569  589  604  685                                   
     7.5-180.0 180.0   5.0 450.0                            LAT/LON1/LON2/DLON/H
  626  665  701  728  750  734  714  679  634  591  541  504  458  416  377  350
  326  312  298  304  310  331  344  362  366  353  336  307  284  257  241  223
