data/unet/pred2370.15i
     1.0            IONOSPHERE MAPS     GNSS                IONEX VERSION / TYPE
pyspatialgeodesy        IME             05-JAN-18 20:20     PGM / RUN BY / DATE 
Map Name                                                    COMMENT             
Predicted global ionosphere maps (GIM).                     DESCRIPTION         
  2015     8    25     0     0     0                        EPOCH OF FIRST MAP  
  2015     8    26     0     0     0                        EPOCH OF LAST MAP   
  7200                                                      INTERVAL            
    13                                                      # OF MAPS IN FILE   
  NONE                                                      MAPPING FUNCTION    
10.0                                                        ELEVATION CUTOFF    
One-way carrier phase leveled to code                       OBSERVABLES USED    
  6371.0                                                    BASE RADIUS         
 2                                                          MAP DIMENSION       
   450.0 450.0   0.0                                        HGT1 / HGT2 / DHGT  
    87.5 -87.5  -2.5                                        LAT1 / LAT2 / DLAT  
  -180.0 180.0   5.0                                        LON1 / LON2 / DLON  
    -1                                                      EXPONENT            
                                                            END OF HEADER       
[from data line 3861]
    10                                                      START OF TEC MAP    
  2015     8    25    18     0     0                        EPOCH OF CURRENT MAP
    87.5-180.0 180.0   5.0 450.0                            LAT/LON1/LON2/DLON/H
  164  137  133  135  134  132  133  132  134  132  134  133  135  134  136  134
  137  135  136  134  136  133  135  132  133  130  131  128  129  126  127  125
  125  123  124  121  123  120  122  119  121  119  121  119  121  119  121  120
  121  120  122  122  123  123  125  125  127  127  128  128  130  129  130  130
  131  131  132  132  133  132  144  150  164                                   
    85.0-180.0 180.0   5.0 450.0                            LAT/LON1/LON2/DLON/H
  124  123  124  129  128  129  127  129  128  131  130  132  131  134  132  134
  133  135  133  135  133  134  131  132  129  130  126  126  123  123  120  120
  117  117  115  115  113  114  112  112  112  112  112  112  112  113  113  113
  113  115  114  116  116  118  117  120  119  122  121  123  123  125  123  125
  124  126  125  126  126  123  134  146  124                                   
    82.5-180.0 180.0   5.0 450.0                            LAT/LON1/LON2/DLON/H
  119  117  121  120  123  122  124  125  127  128  130  130  133  133  135  135
  136  136  137  136  136  135  134  132  131  129  126  123  121  118  115  114
  111  110  108  107  106  105  105  104  104  103  104  103  104  104  105  104
  106  106  107  107  109  109  111  111  114  113  115  114  117  116  117  116
  118  117  118  118  120  113  119  124  119                                   
    80.0-180.0 180.0   5.0 450.0                            LAT/LON1/LON2/DLON/H
  112  114  110  115  114  117  118  120  121  124  125  127  130  131  134  134
  137  137  139  138  140  138  138  136  134  131  128  125  121  118  113  111
  107  106  102  103  100  101   98   99   97   98   96   97   95   97   95   97
   96   99   98  100  101  103  103  105  105  107  106  108  108  109  108  109
  108  111  109  112  110  107  110  114  112                                   
    77.5-180.0 180.0   5.0 450.0                            LAT/LON1/LON2/DLON/H
  103  104  105  104  107  108  111  112  115  117  120  121  125  126  130  131
  134  135  138  137  139  138  139  136  135  131  129  123  120  114  111  106
  104  102  100   99   98   98   97   96   95   95   94   93   91   91   90   90
   90   90   92   91   93   93   96   95   97   96   98   97   98   97   98   96
   98   98  100  100  101   96   98  104  103                                   
    75.0-180.0 180.0   5.0 450.0                            LAT/LON1/LON2/DLON/H
   95   97   97  102  102  106  106  111  111  116  117  121  123  127  129  131
  133  135  137  139  140  141  142  141  140  137  133  128  123  118  113  109
  105  104  102  101  100  101  100   99   97   96   94   92   90   89   86   86
   84   85   84   86   85   87   86   87   87   88   87   88   86   88   87   88
   87   90   91   93   93   90   93  104   95                                   
    72.5-180.0 180.0   5.0 450.0                            LAT/LON1/LON2/DLON/H
   91   92   97   97  101  101  106  106  110  112  116  118  122  123  126  127
  129  130  133  135  138  141  143  144  143  141  137  133  127  121  116  110
  107  105  104  104  105  105  105  104  102  100   97   93   90   86   84   81
   81   79   80   78   80   78   79   77   78   76   76   75   76   74   75   75
   77   79   82   85   87   84   90   99   91                                   
    70.0-180.0 180.0   5.0 450.0                            LAT/LON1/LON2/DLON/H
   87   91   94   98   99  102  104  107  109  113  116  119  122  123  125  125
  126  128  130  133  137  140  144  145  146  145  141  137  131  125  118  114
  109  108  107  108  109  110  110  109  106  103   99   94   89   85   81   79
   76   76   74   74   73   73   71   70   68   68   65   65   64   65   64   66
   67   71   74   79   82   80   89   99   87                                   
    67.5-180.0 180.0   5.0 450.0                            LAT/LON1/LON2/DLON/H
   86   89   96   96  100  100  105  105  110  112  118  119  123  122  124  122
  123  122  126  128  133  136  142  144  147  145  144  139  134  127  122  115
  112  109  110  110  113  113  114  112  109  105  100   94   89   83   80   76
   75   72   72   70   69   66   65   62   61   58   57   56   55   55   55   57
   59   63   67   73   78   78   86   95   86                                   
    65.0-180.0 180.0   5.0 450.0                            LAT/LON1/LON2/DLON/H
   85   91   95   98  100  102  105  108  112  116  120  123  126  126  125  124
  123  123  123  127  130  135  140  143  146  145  144  140  137  131  125  119
  115  113  112  114  115  117  117  116  112  108  101   95   88   84   79   77
   74   73   71   69   66   63   60   57   54   53   51   51   49   51   48   52
   52   59   61   68   73   74   85   95   85                                   
    62.5-180.0 180.0   5.0 450.0                            LAT/LON1/LON2/DLON/H
   84   89   96   97  101  101  105  107  112  115  122  124  128  127  128  125
  124  121  123  123  128  130  137  139  144  143  144  141  139  134  130  124
  121  117  117  116  119  119  120  118  115  110  104   96   90   85   82   79
   77   75   73   70   66   62   59   55   53   50   48   48   47   47   46   49
   49   54   58   65   70   72   83   88   84                                   
    60.0-180.0 180.0   5.0 450.0                            LAT/LON1/LON2/DLON/H
   83   91   94  100  102  104  107  109  114  118  123  128  131  132  132  130
  128  125  123  124  127  129  134  136  141  140  142  140  140  136  134  128
  125  121  120  120  121  121  122  121  118  113  106  101   94   90   87   85
   82   80   76   72   68   63   59   54   52   50   48   49   46   48   45   48
   47   53   54   62   65   67   79   85   83                                   
    57.5-180.0 180.0   5.0 450.0                            LAT/LON1/LON2/DLON/H
   82   90   95   99  103  104  108  108  113  117  124  128  133  134  136  132
  131  125  125  123  126  126  131  132  136  136  139  139  141  140  139  135
  132  127  127  124  126  125  127  125  123  118  112  106  101   98   95   92
   89   86   81   76   70   65   61   57   55   53   52   51   50   49   48   48
   48   51   52   58   61   64   75   76   82                                   
    55.0-180.0 180.0   5.0 450.0                            LAT/LON1/LON2/DLON/H
   82   92   95  102  106  109  112  113  117  120  126  130  136  137  139  137
  135  130  128  126  127  126  129  129  132  132  136  138  142  142  144  140
  139  133  132  130  130  131  132  131  129  125  120  115  110  108  104  102
   97   93   87   80   75   68   65   62   61   59   57   57   54   54   50   51
   48   52   50   57   58   59   72   74   82                                   
    52.5-180.0 180.0   5.0 450.0                            LAT/LON1/LON2/DLON/H
   83   93   98  105  111  114  118  118  121  123  128  131  136  138  141  139
  138  132  130  127  127  126  127  126  128  129  133  137  142  147  149  149
  146  142  140  138  139  140  141  141  139  136  132  127  122  119  115  111
  105  100   92   86   80   75   72   69   69   68   66   64   62   59   56   55
   52   53   52   56   57   58   69   71   83                                   
    50.0-180.0 180.0   5.0 450.0                            LAT/LON1/LON2/DLON/H
   85   95  100  112  118  126  130  130  132  133  136  138  142  142  145  143
  142  137  134  131  130  128  129  127  128  128  133  138  145  149  153  152
  151  147  146  145  147  149  151  151  150  147  143  139  134  130  126  121
  114  107  100   93   88   83   82   80   81   79   77   74   69   68   63   63
   58   60   56   59   58   57   70   74   85                                   
    47.5-180.0 180.0   5.0 450.0                            LAT/LON1/LON2/DLON/H
   88   98  106  117  127  134  141  141  143  142  145  144  147  148  149  147
  145  140  138  134  134  131  131  128  129  128  133  138  145  151  155  157
  155  154  153  154  158  161  164  164  163  160  156  151  146  141  135  129
  121  113  106  101   97   94   93   93   93   91   87   84   79   76   72   69
   66   65   62   63   61   59   70   79   88                                   
    45.0-180.0 180.0   5.0 450.0                            LAT/LON1/LON2/DLON/H
   91  103  111  126  137  148  155  158  159  158  158  157  158  157  158  154
  152  147  145  141  141  138  137  134  135  134  140  144  151  155  159  159
  159  158  160  163  169  173  177  177  175  171  166  161  156  151  144  137
  129  122  115  112  109  107  107  106  106  102   98   94   88   85   81   79
   75   74   71   70   67   65   75   85   91                                   
    42.5-180.0 180.0   5.0 450.0                            LAT/LON1/LON2/DLON/H
   94  106  117  131  145  157  168  171  174  171  172  169  170  168  168  164
  162  156  155  150  150  146  145  141  142  141  146  151  156  160  162  163
  165  166  171  175  183  187  192  191  188  182  177  170  165  158  152  144
  136  129  124  121  120  119  118  117  116  113  108  103   98   94   90   89
   84   83   78   78   74   70   78   92   94                                   
    40.0-180.0 180.0   5.0 450.0                            LAT/LON1/LON2/DLON/H
   96  109  120  138  151  167  178  186  189  190  189  187  186  184  182  178
  175  170  166  162  161  157  155  152  153  154  159  162  166  168  169  170
  172  175  181  190  199  204  207  206  201  193  185  178  172  165  159  152
  144  139  134  132  131  129  129  126  125  120  116  111  107  105  101   99
   95   93   89   87   81   77   83   96   96                                   
    37.5-180.0 180.0   5.0 450.0                            LAT/LON1/LON2/DLON/H
   98  110  122  137  155  170  185  194  200  200  203  199  200  198  198  194
  190  184  181  176  174  170  167  165  166  168  172  175  178  179  180  183
  188  192  201  210  219  223  225  220  215  204  194  185  179  171  165  157
  150  145  141  139  137  135  132  130  127  125  120  118  114  113  110  108
  104  101   96   92   87   81   87  100   98                                   
    35.0-180.0 180.0   5.0 450.0                            LAT/LON1/LON2/DLON/H
   99  111  124  140  155  172  186  200  208  215  216  217  217  216  215  211
  208  202  196  192  187  184  180  178  179  183  188  192  196  197  202  206
  213  220  230  237  246  245  245  237  228  216  205  194  186  178  171  162
  155  149  145  141  138  135  132  128  126  123  121  120  119  119  117  116
  111  108  103  100   93   87   91  103   99                                   
    32.5-180.0 180.0   5.0 450.0                            LAT/LON1/LON2/DLON/H
  104  114  126  141  156  171  187  200  212  218  225  227  230  230  230  228
  226  220  216  211  205  200  196  194  197  202  209  216  221  226  230  239
  247  256  265  271  275  271  266  254  242  228  215  203  192  183  174  165
  157  149  143  137  133  129  125  122  121  120  119  121  120  122  121  120
  116  112  108  103   99   90   95  105  104                                   
    30.0-180.0 180.0   5.0 450.0                            LAT/LON1/LON2/DLON/H
  110  119  132  145  157  171  186  201  213  225  232  238  240  242  243  241
  241  238  234  231  223  219  212  211  215  223  234  243  252  258  268  277
  287  297  304  306  305  297  288  272  256  239  225  211  199  187  177  165
  155  144  136  128  124  119  117  114  114  113  115  116  119  120  121  119
  117  114  111  107  102   96   98  110  110                                   
    27.5-180.0 180.0   5.0 450.0                            LAT/LON1/LON2/DLON/H
  119  127  140  152  163  173  188  200  214  224  236  242  248  250  253  253
  255  253  252  248  243  237  232  231  238  247  262  273  283  293  302  315
  325  332  334  330  326  315  304  286  268  248  232  217  202  188  175  163
  150  137  127  119  116  112  111  109  111  111  112  115  117  119  119  117
  115  113  112  108  106   99  103  113  119                                   
    25.0-180.0 180.0   5.0 450.0                            LAT/LON1/LON2/DLON/H
  132  139  151  163  169  178  189  202  215  229  241  250  257  259  263  263
  268  269  269  268  263  257  253  252  263  273  293  303  317  326  341  354
  364  369  365  355  347  333  319  299  278  256  239  221  206  187  173  156
  145  128  120  110  110  107  109  107  109  109  111  112  116  116  117  115
  114  113  114  111  108  102  108  120  132                                   
    22.5-180.0 180.0   5.0 450.0                            LAT/LON1/LON2/DLON/H
  143  149  161  173  180  185  195  204  217  229  244  253  265  269  275  281
  287  291  290  289  285  280  277  279  290  304  319  333  346  358  369  382
  390  389  383  366  355  337  323  301  280  260  239  222  202  184  167  151
  137  122  113  107  107  107  109  109  111  112  112  114  116  117  117  115
  112  112  112  111  110  105  111  125  143                                   
    20.0-180.0 180.0   5.0 450.0                            LAT/LON1/LON2/DLON/H
  150  155  167  180  183  189  195  205  215  231  245  260  273  283  291  298
  309  313  316  313  309  304  302  305  317  330  347  360  376  386  398  411
  415  412  401  382  364  345  327  308  286  265  244  223  203  181  166  148
  137  121  115  111  112  114  115  116  116  115  114  113  115  115  116  114
  113  114  115  113  111  106  113  130  150                                   
    17.5-180.0 180.0   5.0 450.0                            LAT/LON1/LON2/DLON/H
  151  155  170  184  190  194  201  208  220  232  251  265  283  295  307  319
  334  344  346  345  338  334  330  335  344  358  373  388  401  408  418  421
  422  412  398  375  358  341  325  307  286  267  241  222  199  181  164  151
  138  127  121  118  120  122  124  124  124  121  118  116  116  114  113  112
  110  111  112  109  108  103  111  128  151                                   
    15.0-180.0 180.0   5.0 450.0                            LAT/LON1/LON2/DLON/H
  147  150  167  184  189  195  201  209  219  235  253  276  295  315  328  342
  358  368  375  372  371  363  364  364  374  385  402  413  424  433  434  437
  427  418  396  380  359  346  328  314  293  271  247  223  205  187  174  160
  150  139  134  131  131  136  135  138  133  130  123  118  115  112  111  109
  110  109  109  106  103   99  109  123  147                                   
    12.5-180.0 180.0   5.0 450.0                            LAT/LON1/LON2/DLON/H
  138  142  160  179  188  197  206  214  226  239  259  281  307  330  348  363
  380  391  402  407  405  402  398  401  403  414  424  435  441  444  441  434
  421  405  385  371  354  345  328  316  294  273  246  226  206  194  180  170
  161  152  145  142  142  144  144  144  140  134  126  119  115  111  108  108
  107  105  103   98   96   93  100  115  138                                   
    10.0-180.0 180.0   5.0 450.0                            LAT/LON1/LON2/DLON/H
  129  135  154  173  183  195  206  218  227  245  261  289  314  343  361  379
  396  410  421  427  433  428  430  424  433  435  448  452  459  457  449  440
  421  407  386  375  362  352  337  322  302  279  255  233  217  204  194  184
  175  165  157  153  151  153  151  153  146  140  129  121  114  109  107  105
  105  101   99   94   91   89   95  104  129                                   
     7.5-180.0 180.0   5.0 450.0                            LAT/LON1/LON2/DLON/H
  117  128  146  166  178  195  211  225  238  254  271  295  323  351  373  391
  410  426  438  444  452  453  451  449  447  454  458  464  465  459  449  436
