data/unet/pred2180.15i
     1.0            IONOSPHERE MAPS     GNSS                IONEX VERSION / TYPE
pyspatialgeodesy        IME             05-JAN-18 20:20     PGM / RUN BY / DATE 
Map Name                                                    COMMENT             
Predicted global ionosphere maps (GIM).                     DESCRIPTION         
  2015     8     6     0     0     0                        EPOCH OF FIRST MAP  
  2015     8     7     0     0     0                        EPOCH OF LAST MAP   
  7200                                                      INTERVAL            
    13                                                      # OF MAPS IN FILE   
  NONE                                                      MAPPING FUNCTION    
10.0                                                        ELEVATION CUTOFF    
One-way carrier phase leveled to code                       OBSERVABLES USED    
  6371.0                                                    BASE RADIUS         
 2                                                          MAP DIMENSION       
   450.0 450.0   0.0                                        HGT1 / HGT2 / DHGT  
    87.5 -87.5  -2.5                                        LAT1 / LAT2 / DLAT  
  -180.0 180.0   5.0                                        LON1 / LON2 / DLON  
    -1                                                      EXPONENT            
                                                            END OF HEADER       
[from data line 3861]
    10                                                      START OF TEC MAP    
  2015     8     6    18     0     0                        EPOCH OF CURRENT MAP
    87.5-180.0 180.0   5.0 450.0                            LAT/LON1/LON2/DLON/H
  195  168  168  170  171  170  172  173  175  175  177  177  178  178  179  178
  179  177  178  176  176  174  173  172  171  169  169  167  166  164  164  162
  162  160  160  158  158  157  157  155  156  155  156  155  156  155  156  155
  156  155  157  156  157  156  158  156  159  157  159  158  160  159  161  159
  162  160  163  161  162  161  172  176  195                                   
    85.0-180.0 180.0   5.0 450.0                            LAT/LON1/LON2/DLON/H
  164  162  163  170  168  173  171  176  174  179  176  181  178  182  180  182
  180  182  179  181  178  179  175  175  171  172  168  169  165  166  162  163
  159  161  158  159  156  157  154  156  153  156  153  156  153  156  154  157
  154  158  155  158  155  159  155  159  156  160  156  160  156  160  156  160
  157  161  157  160  158  156  164  171  164                                   
    82.5-180.0 180.0   5.0 450.0                            LAT/LON1/LON2/DLON/H
  167  158  163  165  168  170  172  175  176  178  179  181  181  183  182  183
  182  183  182  181  180  178  176  174  172  170  168  166  164  162  161  159
  159  157  157  155  155  154  154  153  153  152  153  152  153  152  153  152
  153  152  154  152  154  152  154  152  154  152  154  152  153  152  153  151
  153  152  154  151  155  147  150  156  167                                   
    80.0-180.0 180.0   5.0 450.0                            LAT/LON1/LON2/DLON/H
  165  159  158  164  166  169  171  174  176  178  180  182  183  183  184  184
  184  184  183  183  181  180  178  177  174  173  169  167  163  162  158  158
  155  155  152  153  151  152  149  151  148  150  147  149  147  149  147  149
  148  150  148  150  149  151  149  151  149  150  148  149  147  149  147  148
  146  148  147  149  148  144  144  151  165                                   
    77.5-180.0 180.0   5.0 450.0                            LAT/LON1/LON2/DLON/H
  159  156  157  159  164  167  170  173  174  177  178  181  180  182  181  183
  180  182  180  181  180  179  178  177  174  172  169  166  163  159  158  155
  154  152  152  151  151  150  151  149  149  148  148  146  147  145  146  144
  146  144  146  145  147  146  147  146  146  145  145  143  143  142  142  141
  142  142  144  143  145  139  139  148  159                                   
    75.0-180.0 180.0   5.0 450.0                            LAT/LON1/LON2/DLON/H
  158  155  155  160  164  165  170  170  175  174  178  177  180  178  180  179
  180  179  180  179  181  180  181  179  178  174  172  167  164  161  158  156
  154  154  152  153  152  154  152  153  150  151  148  147  144  144  142  142
  141  142  142  142  142  142  142  142  141  140  139  138  137  138  137  138
  138  140  141  143  143  142  141  153  158                                   
    72.5-180.0 180.0   5.0 450.0                            LAT/LON1/LON2/DLON/H
  160  158  159  161  166  168  171  173  174  177  177  179  179  181  179  181
  178  181  180  182  182  184  184  185  183  181  178  173  170  165  163  158
  158  156  157  155  157  156  157  155  155  151  150  146  145  141  141  138
  139  137  139  137  139  137  138  136  136  134  133  132  132  132  133  133
  136  137  141  142  146  142  145  156  160                                   
    70.0-180.0 180.0   5.0 450.0                            LAT/LON1/LON2/DLON/H
  164  162  161  166  170  170  174  174  178  177  180  179  181  180  181  180
  181  181  183  185  187  188  190  190  190  187  184  178  174  168  164  161
  158  157  157  157  157  158  157  157  154  152  148  144  140  137  135  133
  132  133  132  133  132  132  131  129  128  127  126  125  126  127  129  131
  134  138  141  145  148  147  148  161  164                                   
    67.5-180.0 180.0   5.0 450.0                            LAT/LON1/LON2/DLON/H
  167  167  167  168  172  174  176  177  179  180  182  183  183  184  183  183
  183  184  185  188  192  193  196  197  198  195  192  185  180  172  169  163
  162  159  159  158  159  157  159  156  155  150  148  141  137  132  131  128
  128  127  128  127  128  125  124  122  120  119  118  118  120  122  125  128
  132  136  142  145  150  147  152  162  167                                   
    65.0-180.0 180.0   5.0 450.0                            LAT/LON1/LON2/DLON/H
  170  170  168  172  176  176  180  180  185  184  188  187  189  188  188  187
  188  189  191  193  197  198  202  202  205  200  198  190  185  177  172  167
  164  160  159  157  157  157  156  155  152  149  143  138  133  129  126  125
  124  124  124  123  122  120  118  114  113  112  112  112  114  117  122  125
  130  136  141  146  151  150  153  163  170                                   
    62.5-180.0 180.0   5.0 450.0                            LAT/LON1/LON2/DLON/H
  167  171  170  172  176  178  180  181  185  186  190  190  192  192  192  191
  191  192  193  195  200  202  206  206  208  204  202  194  190  183  179  173
  170  165  163  160  159  157  157  154  153  148  143  137  133  128  126  124
  124  123  123  120  119  115  112  109  107  107  106  108  109  113  117  122
  127  133  139  143  148  147  153  161  167                                   
    60.0-180.0 180.0   5.0 450.0                            LAT/LON1/LON2/DLON/H
  161  169  168  173  178  180  183  184  187  188  191  192  195  195  197  197
  198  198  200  200  203  204  207  207  208  204  203  197  193  188  185  180
  176  170  166  162  160  158  157  155  153  149  144  139  134  131  128  127
  127  125  124  121  117  113  109  106  105  103  104  104  108  111  114  119
  124  129  135  140  145  144  149  157  161                                   
    57.5-180.0 180.0   5.0 450.0                            LAT/LON1/LON2/DLON/H
  154  165  166  170  177  178  182  182  186  186  190  190  194  195  197  198
  199  199  200  200  201  202  203  204  204  202  201  198  198  195  194  189
  186  179  174  168  165  161  161  157  157  152  149  144  140  136  134  132
  131  128  126  121  117  112  109  106  104  104  103  104  105  108  110  114
  118  124  129  134  137  137  144  151  154                                   
    55.0-180.0 180.0   5.0 450.0                            LAT/LON1/LON2/DLON/H
  148  163  163  172  179  181  186  186  190  190  192  191  193  195  198  200
  202  202  203  201  201  199  200  199  201  198  200  199  202  201  203  199
  196  189  183  175  170  166  165  163  161  159  155  151  146  144  141  140
  138  136  132  127  121  116  112  109  109  108  107  106  107  107  109  111
  114  119  124  129  131  132  141  145  148                                   
    52.5-180.0 180.0   5.0 450.0                            LAT/LON1/LON2/DLON/H
  144  160  164  172  182  185  189  189  191  190  192  190  192  192  195  197
  199  201  200  199  196  195  193  194  195  196  199  202  207  210  213  212
  208  200  193  185  180  175  174  171  171  168  166  161  158  155  152  150
  148  144  139  133  127  123  118  117  116  116  113  111  110  109  108  110
  113  118  120  127  127  128  138  142  144                                   
    50.0-180.0 180.0   5.0 450.0                            LAT/LON1/LON2/DLON/H
  144  163  166  178  189  193  200  200  203  200  200  196  195  195  195  198
  199  201  200  199  196  193  192  192  195  197  201  205  213  217  223  221
  219  210  202  193  188  184  182  181  179  177  174  172  168  166  163  161
  158  153  148  142  136  131  129  127  127  126  124  120  117  113  113  113
  116  120  123  128  128  130  139  141  144                                   
    47.5-180.0 180.0   5.0 450.0                            LAT/LON1/LON2/DLON/H
  150  166  172  183  196  203  209  209  211  208  208  202  200  196  197  197
  200  201  201  200  197  193  192  193  196  199  204  209  217  223  229  230
  227  218  211  203  199  195  195  192  192  188  187  183  182  177  175  171
  167  162  157  151  145  141  138  138  137  136  134  128  124  119  117  119
  120  126  127  133  131  132  142  146  150                                   
    45.0-180.0 180.0   5.0 450.0                            LAT/LON1/LON2/DLON/H
  158  173  178  193  206  214  224  225  230  228  225  219  213  208  203  203
  204  206  207  205  204  200  200  200  204  206  212  217  225  230  237  237
  234  225  219  212  209  207  207  205  203  200  198  196  193  190  186  181
  177  172  167  160  155  150  148  147  148  146  143  137  132  126  125  125
  129  132  135  139  138  139  147  149  158                                   
    42.5-180.0 180.0   5.0 450.0                            LAT/LON1/LON2/DLON/H
  165  177  184  197  212  222  232  235  241  241  240  232  227  217  212  208
  209  210  212  211  210  208  207  208  211  214  219  224  231  238  244  246
  243  235  231  226  226  224  226  221  219  214  214  209  208  202  198  192
  187  181  175  169  163  159  155  155  155  154  152  145  141  135  133  134
  136  141  142  146  144  143  151  156  165                                   
    40.0-180.0 180.0   5.0 450.0                            LAT/LON1/LON2/DLON/H
  169  180  187  203  217  229  241  247  256  259  259  254  244  235  224  219
  217  218  221  220  222  220  220  222  224  228  233  238  246  253  260  262
  261  255  252  249  249  249  248  243  237  232  229  225  223  216  211  202
  197  189  184  176  170  164  161  158  159  159  157  152  149  145  143  142
  144  147  148  150  147  148  152  156  169                                   
    37.5-180.0 180.0   5.0 450.0                            LAT/LON1/LON2/DLON/H
  170  180  188  200  216  229  241  249  259  266  269  266  259  248  236  228
  224  226  229  232  233  233  233  235  237  242  247  255  264  273  279  285
  286  285  283  282  283  281  277  267  260  252  248  243  238  231  222  213
  205  198  191  184  176  169  164  162  162  162  161  158  156  153  152  151
  150  152  150  151  146  143  151  155  170                                   
    35.0-180.0 180.0   5.0 450.0                            LAT/LON1/LON2/DLON/H
  169  179  186  200  213  228  241  252  264  273  279  278  271  260  247  236
  234  232  239  242  246  247  248  249  253  258  267  276  290  301  312  320
  325  325  326  324  324  318  311  297  286  274  268  261  255  244  234  221
  213  203  198  187  181  170  166  161  161  161  162  161  160  159  158  156
  155  154  151  148  143  139  145  151  169                                   
    32.5-180.0 180.0   5.0 450.0                            LAT/LON1/LON2/DLON/H
  166  176  182  194  209  221  234  246  259  271  280  284  278  271  255  247
  240  244  246  257  257  263  262  266  270  278  288  303  318  334  344  357
  363  366  364  363  355  348  336  321  305  292  283  277  267  255  241  228
  218  209  201  191  182  172  165  161  159  161  162  164  164  164  162  160
  157  154  148  143  135  130  139  144  166                                   
    30.0-180.0 180.0   5.0 450.0                            LAT/LON1/LON2/DLON/H
  162  174  179  192  204  218  230  244  259  272  283  288  285  278  265  257
  250  253  255  266  270  276  276  281  287  297  311  330  350  368  383  397
  407  411  410  402  391  377  360  342  323  308  298  288  278  262  248  231
  221  209  201  188  180  170  164  159  158  158  160  163  165  165  164  161
  157  152  145  138  130  127  132  142  162                                   
    27.5-180.0 180.0   5.0 450.0                            LAT/LON1/LON2/DLON/H
  160  170  178  190  204  216  229  241  255  268  282  290  290  286  276  270
  263  267  267  280  282  290  291  296  304  318  335  359  378  403  420  439
  449  457  452  439  416  396  372  352  329  313  301  291  278  262  246  229
  218  205  195  183  174  165  160  155  153  153  154  159  162  164  162  159
  155  149  142  132  126  121  128  140  160                                   
    25.0-180.0 180.0   5.0 450.0                            LAT/LON1/LON2/DLON/H
  161  172  179  194  205  221  233  246  260  273  285  296  297  297  290  286
  280  282  284  294  298  305  309  314  325  341  363  389  414  438  460  478
  491  496  488  469  442  413  385  358  333  316  303  289  276  258  242  225
  213  199  189  177  169  162  159  154  151  150  150  153  157  159  159  156
  153  147  142  133  125  121  128  145  161                                   
    22.5-180.0 180.0   5.0 450.0                            LAT/LON1/LON2/DLON/H
  163  171  182  196  212  225  238  250  261  274  283  295  303  306  304  302
  299  302  305  314  317  323  326  334  345  366  389  416  441  466  485  500
  509  511  499  475  441  411  377  353  325  310  293  280  264  248  232  215
  204  189  177  167  161  158  153  149  146  144  141  142  146  149  150  149
  146  143  139  131  125  120  129  150  163                                   
    20.0-180.0 180.0   5.0 450.0                            LAT/LON1/LON2/DLON/H
  165  175  186  205  220  234  246  259  270  282  291  303  311  318  318  321
  319  325  327  334  337  341  346  353  370  391  415  439  462  482  492  503
  508  503  490  463  429  398  369  343  319  300  286  270  257  240  225  209
  196  183  170  160  154  152  148  148  144  142  135  133  135  134  137  136
  138  136  136  130  126  123  131  156  165                                   
    17.5-180.0 180.0   5.0 450.0                            LAT/LON1/LON2/DLON/H
  164  173  186  204  223  237  253  261  272  284  294  308  317  328  333  336
  342  344  353  354  357  359  364  376  391  411  429  449  467  479  487  490
  491  480  462  433  399  374  347  329  305  292  275  263  247  232  218  203
  190  175  160  149  143  140  141  140  138  134  127  124  123  122  123  124
  125  127  129  124  122  119  129  157  164                                   
    15.0-180.0 180.0   5.0 450.0                            LAT/LON1/LON2/DLON/H
  157  169  184  208  228  244  258  269  281  294  304  317  330  343  351  358
  363  370  374  376  376  379  386  398  412  430  445  460  470  477  474  472
  463  450  428  402  376  356  336  321  303  288  275  260  247  232  217  203
  188  173  159  146  138  136  137  139  137  132  124  116  113  109  110  109
  114  116  121  120  117  118  127  153  157                                   
    12.5-180.0 180.0   5.0 450.0                            LAT/LON1/LON2/DLON/H
  145  158  175  199  223  242  258  268  281  292  305  320  335  352  362  373
  383  387  394  393  396  397  405  416  427  442  449  460  466  465  462  451
  438  418  396  375  354  340  324  317  301  291  274  262  246  232  217  203
  189  172  157  143  137  136  139  141  137  131  119  112  106  103   99   99
  101  104  109  107  107  107  115  142  145                                   
    10.0-180.0 180.0   5.0 450.0                            LAT/LON1/LON2/DLON/H
  131  145  166  196  219  240  254  268  281  296  308  325  341  359  374  388
  397  410  411  416  413  418  423  433  444  454  461  469  469  466  452  437
  416  397  377  363  349  342  331  324  312  299  286  270  255  238  222  206
  189  172  157  143  136  135  138  142  139  131  118  107  101   94   91   88
   91   92   96   97   95   99  102  123  131                                   
     7.5-180.0 180.0   5.0 450.0                            LAT/LON1/LON2/DLON/H
  114  132  152  182  207  231  247  263  278  291  307  323  341  362  379  397
  410  421  427  427  428  429  436  444  451  459  463  468  465  459  448  427
