data/unet/pred1990.15i
     1.0            IONOSPHERE MAPS     GNSS                IONEX VERSION / TYPE
pyspatialgeodesy        IME             05-JAN-18 20:20     PGM / RUN BY / DATE 
Map Name                                                    COMMENT             
Predicted global ionosphere maps (GIM).                     DESCRIPTION         
  2015     7    18     0     0     0                        EPOCH OF FIRST MAP  
  2015     7    19     0     0     0                        EPOCH OF LAST MAP   
  7200                                                      INTERVAL            
    13                                                      # OF MAPS IN FILE   
  NONE                                                      MAPPING FUNCTION    
10.0                                                        ELEVATION CUTOFF    
One-way carrier phase leveled to code                       OBSERVABLES USED    
  6371.0                                                    BASE RADIUS         
 2                                                          MAP DIMENSION       
   450.0 450.0   0.0                                        HGT1 / HGT2 / DHGT  
    87.5 -87.5  -2.5                                        LAT1 / LAT2 / DLAT  
  -180.0 180.0   5.0                                        LON1 / LON2 / DLON  
    -1                                                      EXPONENT            
                                                            END OF HEADER       
[from data line 1287]
     4                                                      START OF TEC MAP    
  2015     7    18     6     0     0                        EPOCH OF CURRENT MAP
    87.5-180.0 180.0   5.0 450.0                            LAT/LON1/LON2/DLON/H
  143  163  157  159  159  158  160  159  161  159  161  160  161  160  161  160
  162  160  161  159  160  158  158  155  156  154  154  152  153  150  151  149
  150  148  149  148  149  148  149  148  149  149  150  150  151  151  152  151
  152  152  152  151  151  151  151  151  151  151  151  150  151  151  152  152
  153  153  154  153  156  151  167  144  143                                   
    85.0-180.0 180.0   5.0 450.0                            LAT/LON1/LON2/DLON/H
  150  152  143  150  150  148  151  152  154  154  156  155  157  156  158  157
  159  157  158  155  156  153  153  150  150  147  146  143  144  141  141  139
  139  137  138  137  136  136  136  136  137  136  138  137  138  138  140  140
  141  141  142  142  143  142  144  143  144  143  144  142  144  142  142  142
  143  142  143  143  143  138  148  152  150                                   
    82.5-180.0 180.0   5.0 450.0                            LAT/LON1/LON2/DLON/H
  148  142  138  141  141  142  145  149  151  153  153  156  156  158  158  160
  159  161  159  160  156  157  153  154  149  149  144  145  140  141  136  137
  134  135  131  133  130  131  129  130  129  130  131  131  133  134  135  137
  138  140  142  143  145  145  147  147  147  147  145  144  144  142  141  139
  139  138  138  136  136  137  142  133  148                                   
    80.0-180.0 180.0   5.0 450.0                            LAT/LON1/LON2/DLON/H
  154  146  140  141  140  141  144  146  148  149  150  151  154  153  155  154
  156  154  154  152  151  147  145  140  139  133  132  126  126  121  122  118
  119  117  119  118  119  118  121  120  124  124  129  130  135  138  142  145
  148  151  155  155  158  158  160  159  159  157  156  154  153  150  148  145
  144  142  142  140  140  136  137  134  154                                   
    77.5-180.0 180.0   5.0 450.0                            LAT/LON1/LON2/DLON/H
  148  142  141  141  143  142  144  144  146  146  147  147  148  149  149  150
  150  149  147  147  143  140  135  132  127  124  119  117  113  113  110  111
  110  112  112  115  115  118  118  122  124  128  132  138  142  148  153  157
  162  165  171  172  176  176  179  177  177  173  172  169  167  162  159  155
  154  150  150  145  145  140  138  131  148                                   
    75.0-180.0 180.0   5.0 450.0                            LAT/LON1/LON2/DLON/H
  153  147  144  141  139  138  136  138  134  137  134  138  136  139  136  140
  136  138  134  135  129  127  120  118  111  109  103  102   99   98   98   99
  100  102  105  108  111  113  119  121  127  130  138  141  151  153  164  164
  174  176  184  185  188  189  189  189  187  186  183  182  177  174  168  164
  159  157  154  151  147  145  144  136  153                                   
    72.5-180.0 180.0   5.0 450.0                            LAT/LON1/LON2/DLON/H
  151  147  144  142  141  137  135  132  130  127  126  125  126  125  126  126
  126  125  124  122  118  115  109  105  100   95   92   89   88   88   90   93
   95  100  104  110  112  117  122  127  132  138  146  153  162  166  177  181
  189  191  198  198  200  199  200  197  197  193  193  189  187  183  179  174
  170  165  163  158  156  152  146  143  151                                   
    70.0-180.0 180.0   5.0 450.0                            LAT/LON1/LON2/DLON/H
  158  154  151  147  141  138  133  131  124  123  117  118  115  117  115  117
  115  116  114  113  109  106  100   96   90   86   82   80   79   81   83   88
   92   98  104  109  115  120  126  130  137  142  152  157  167  172  183  186
  194  194  199  199  200  197  197  195  194  192  190  189  187  185  181  180
  175  173  169  166  162  159  152  151  158                                   
    67.5-180.0 180.0   5.0 450.0                            LAT/LON1/LON2/DLON/H
  158  155  151  147  143  137  132  126  122  116  113  110  109  108  107  108
  107  108  107  107  104  100   95   90   85   80   78   76   77   80   82   90
   93  102  106  114  119  125  131  137  144  150  159  166  177  184  193  195
  200  199  202  199  199  195  195  193  192  190  190  190  189  186  184  182
  179  176  175  172  170  164  156  157  158                                   
    65.0-180.0 180.0   5.0 450.0                            LAT/LON1/LON2/DLON/H
  165  162  159  152  145  139  132  127  119  115  107  107  103  105  101  104
  101  103  100  101   97   95   89   86   81   77   74   74   75   79   83   90
   96  103  110  118  123  128  134  140  146  154  163  172  182  189  196  199
  202  199  200  194  192  186  184  182  181  180  180  180  181  180  179  179
  176  177  175  176  173  169  160  163  165                                   
    62.5-180.0 180.0   5.0 450.0                            LAT/LON1/LON2/DLON/H
  165  165  159  154  147  141  133  127  119  113  107  104  102  100   99   99
   97   97   96   95   93   91   88   84   81   77   75   75   76   81   85   93
   97  106  110  119  124  131  137  143  151  156  167  175  187  194  201  203
  206  202  200  195  191  185  182  180  179  179  179  180  180  179  179  179
  177  177  178  177  179  173  164  168  165                                   
    60.0-180.0 180.0   5.0 450.0                            LAT/LON1/LON2/DLON/H
  169  169  165  158  152  144  137  129  121  114  105  103   99   99   95   96
   93   93   90   89   87   85   83   81   78   75   74   74   77   81   86   92
   99  105  111  118  125  131  138  144  153  161  173  181  192  198  205  205
  210  204  203  196  194  186  182  178  177  175  174  173  174  173  172  172
  172  173  175  177  179  175  166  173  169                                   
    57.5-180.0 180.0   5.0 450.0                            LAT/LON1/LON2/DLON/H
  170  173  170  167  159  151  143  134  126  117  108  104   99   98   94   93
   90   88   86   84   84   81   81   78   78   75   76   75   78   81   86   93
   97  104  107  115  122  131  139  146  156  164  177  185  199  205  213  214
  217  213  210  206  204  200  195  191  188  185  182  180  179  177  176  176
  176  176  178  180  184  180  170  176  170                                   
    55.0-180.0 180.0   5.0 450.0                            LAT/LON1/LON2/DLON/H
  176  179  182  177  171  160  154  144  134  123  112  106   98   97   91   91
   86   84   81   79   78   77   76   75   75   73   74   74   77   80   85   90
   96   99  106  111  123  130  142  149  163  172  186  194  208  213  221  221
  226  222  221  218  219  214  210  205  201  195  189  184  181  177  174  174
  174  175  177  180  186  184  174  183  176                                   
    52.5-180.0 180.0   5.0 450.0                            LAT/LON1/LON2/DLON/H
  181  185  189  191  187  177  167  155  144  130  118  107  100   96   91   89
   86   84   81   78   77   75   77   75   77   76   77   76   79   81   86   90
   94   99  104  114  124  135  147  157  171  180  196  204  219  226  234  235
  240  237  236  233  234  231  228  224  220  212  204  196  191  186  184  182
  182  182  184  186  194  192  184  190  181                                   
    50.0-180.0 180.0   5.0 450.0                            LAT/LON1/LON2/DLON/H
  190  194  203  203  203  195  186  170  158  142  126  112  101   98   89   89
   84   83   79   77   75   75   76   76   78   77   78   77   79   81   85   88
   94   98  106  114  129  140  154  161  179  187  204  213  230  236  246  247
  255  252  252  249  251  246  242  236  233  224  215  205  198  193  188  187
  186  186  188  191  200  199  190  200  190                                   
    47.5-180.0 180.0   5.0 450.0                            LAT/LON1/LON2/DLON/H
  197  202  209  214  214  208  200  185  169  151  134  117  106   99   94   91
   89   88   85   82   82   81   83   84   87   87   87   86   85   87   89   92
   96  102  109  122  136  149  163  172  188  197  214  226  243  251  260  263
  269  267  268  266  268  263  258  251  246  237  229  218  212  204  201  198
  199  197  200  202  210  208  202  207  197                                   
    45.0-180.0 180.0   5.0 450.0                            LAT/LON1/LON2/DLON/H
  207  209  217  219  221  217  211  197  180  161  143  124  109  101   92   93
   89   90   87   87   85   87   89   92   94   94   93   90   88   88   90   94
  100  105  114  125  143  154  170  176  194  202  221  233  251  260  271  273
  280  277  277  274  274  268  261  255  250  241  233  225  217  212  208  208
  207  207  208  210  218  215  208  217  207                                   
    42.5-180.0 180.0   5.0 450.0                            LAT/LON1/LON2/DLON/H
  209  211  214  218  219  216  211  200  185  167  149  130  115  105   98   95
   95   95   95   95   96   97  100  105  106  108  104  102   96   97   96  100
  104  109  119  132  151  163  178  185  201  209  229  242  261  271  280  284
  288  287  286  283  281  275  268  260  256  248  241  234  229  223  221  219
  221  219  221  220  227  222  218  223  209                                   
    40.0-180.0 180.0   5.0 450.0                            LAT/LON1/LON2/DLON/H
  214  212  209  210  209  209  206  197  185  168  153  135  120  109  100   98
   96   99   99  102  102  106  109  115  117  117  114  109  104  101  101  104
  110  115  125  134  154  163  180  185  203  211  231  246  266  276  286  290
  296  294  293  291  288  281  272  265  261  253  249  243  238  234  231  233
  233  232  232  230  234  226  223  228  214                                   
    37.5-180.0 180.0   5.0 450.0                            LAT/LON1/LON2/DLON/H
  219  216  205  203  199  197  195  188  179  167  153  138  124  113  106  101
  101  103  106  109  112  116  120  126  127  127  121  117  109  108  104  108
  112  117  126  136  154  167  183  192  210  221  242  256  276  287  298  303
  308  308  309  306  306  298  290  283  278  273  268  263  259  254  251  250
  250  250  249  244  246  237  233  235  219                                   
    35.0-180.0 180.0   5.0 450.0                            LAT/LON1/LON2/DLON/H
  231  222  209  199  189  185  182  176  170  159  151  139  127  117  109  104
  103  107  110  117  119  126  129  135  138  136  130  125  118  116  113  117
  120  124  133  140  157  167  185  195  217  229  251  263  282  292  304  309
  319  321  328  327  329  322  316  307  303  296  291  285  280  273  269  267
  266  266  264  260  260  251  247  247  231                                   
    32.5-180.0 180.0   5.0 450.0                            LAT/LON1/LON2/DLON/H
  249  240  219  203  189  182  174  169  160  154  146  139  130  121  114  108
  108  109  115  120  127  132  137  143  146  143  137  131  123  122  120  123
  126  130  137  144  158  171  185  200  219  236  257  270  289  298  310  316
  328  334  348  352  361  356  354  345  338  331  323  316  309  300  293  288
  288  286  286  280  283  274  268  268  249                                   
    30.0-180.0 180.0   5.0 450.0                            LAT/LON1/LON2/DLON/H
  275  258  239  219  201  186  175  166  159  150  144  138  130  123  114  108
  106  110  115  125  131  140  145  150  152  149  141  135  128  127  123  127
  128  131  137  144  158  170  187  199  221  236  261  271  291  296  311  316
  332  343  362  375  392  390  391  381  374  365  358  347  338  325  316  310
  310  305  306  301  305  298  293  292  275                                   
    27.5-180.0 180.0   5.0 450.0                            LAT/LON1/LON2/DLON/H
  306  290  270  247  228  210  192  180  166  158  149  144  135  129  121  114
  111  113  118  128  138  146  153  156  157  151  144  138  132  131  129  128
  131  131  137  145  158  173  185  202  220  239  259  273  288  295  308  314
  329  345  369  391  411  418  423  415  408  399  388  376  364  352  343  336
  336  331  331  328  333  331  322  319  306                                   
    25.0-180.0 180.0   5.0 450.0                            LAT/LON1/LON2/DLON/H
  333  317  300  280  263  238  218  199  184  169  159  149  139  131  122  116
  112  114  119  132  143  155  162  165  163  157  147  141  132  131  126  126
  124  123  128  135  150  165  182  196  217  231  254  264  284  288  303  308
  327  347  376  404  428  442  448  443  436  426  416  401  389  374  365  358
  358  354  354  351  356  355  344  345  333                                   
    22.5-180.0 180.0   5.0 450.0                            LAT/LON1/LON2/DLON/H
  359  345  331  308  289  266  245  228  206  192  176  165  153  145  135  128
  123  123  127  138  151  161  169  170  169  159  150  140  132  126  122  118
  117  114  119  127  142  162  177  198  210  230  246  262  274  283  295  304
  319  344  375  409  436  453  463  461  455  446  435  421  408  394  384  378
  379  374  374  371  376  379  370  369  359                                   
    20.0-180.0 180.0   5.0 450.0                            LAT/LON1/LON2/DLON/H
  377  367  352  337  316  296  273  253  230  212  194  180  165  154  144  136
  130  130  133  144  155  167  173  175  170  160  147  137  125  118  111  106
  103  100  105  114  129  151  171  187  206  218  238  250  267  274  289  298
  316  343  374  412  437  458  464  468  461  456  447  434  424  411  402  398
  398  395  391  389  392  394  384  386  377                                   
    17.5-180.0 180.0   5.0 450.0                            LAT/LON1/LON2/DLON/H
  393  385  377  359  337  310  287  268  246  231  211  200  183  172  160  151
  144  144  146  153  163  172  176  175  170  159  147  133  121  111  104   96
   93   89   94  103  119  141  160  183  197  217  228  247  258  272  284  298
  313  341  369  403  426  443  452  459  460  458  453  446  437  427  419  413
  413  409  407  403  404  404  395  395  393                                   
    15.0-180.0 180.0   5.0 450.0                            LAT/LON1/LON2/DLON/H
  403  396  388  376  356  326  299  280  257  241  223  210  193  183  172  165
  157  156  155  161  167  175  174  172  162  153  136  123  109   98   89   79
   75   72   76   91  107  132  152  173  193  209  225  239  259  271  287  300
  315  341  363  392  408  426  432  448  452  455  454  450  446  441  438  432
  430  425  420  414  411  410  401  401  403                                   
    12.5-180.0 180.0   5.0 450.0                            LAT/LON1/LON2/DLON/H
  402  399  395  378  363  333  307  282  261  246  229  219  204  195  185  180
  172  169  166  168  171  172  170  162  154  140  127  112  101   86   80   69
   65   62   66   79   97  126  147  170  192  212  226  244  259  276  290  305
  317  340  357  377  391  406  418  436  450  459  460  459  457  455  452  446
  442  436  430  422  418  414  403  404  402                                   
    10.0-180.0 180.0   5.0 450.0                            LAT/LON1/LON2/DLON/H
  391  386  376  364  350  321  296  273  253  241  227  220  207  201  193  190
  182  180  172  173  170  168  158  151  135  124  109   99   88   76   70   61
   54   52   54   72   90  122  143  168  191  209  227  242  265  280  298  310
  324  342  359  374  387  400  415  438  459  468  471  467  466  466  463  458
  452  446  438  428  422  415  405  404  391                                   
     7.5-180.0 180.0   5.0 450.0                            LAT/LON1/LON2/DLON/H
  379  374  362  348  329  305  281  258  242  231  221  215  205  201  195  193
  186  183  176  172  167  159  149  133  119  105   96   83   79   70   67   57
