data/unet/pred2140.15i
     1.0            IONOSPHERE MAPS     GNSS                IONEX VERSION / TYPE
pyspatialgeodesy        IME             05-JAN-18 20:20     PGM / RUN BY / DATE 
Map Name                                                    COMMENT             
Predicted global ionosphere maps (GIM).                     DESCRIPTION         
  2015     8     2     0     0     0                        EPOCH OF FIRST MAP  
  2015     8     3     0     0     0                        EPOCH OF LAST MAP   
  7200                                                      INTERVAL            
    13                                                      # OF MAPS IN FILE   
  NONE                                                      MAPPING FUNCTION    
10.0                                                        ELEVATION CUTOFF    
One-way carrier phase leveled to code                       OBSERVABLES USED    
  6371.0                                                    BASE RADIUS         
 2                                                          MAP DIMENSION       
   450.0 450.0   0.0                                        HGT1 / HGT2 / DHGT  
    87.5 -87.5  -2.5                                        LAT1 / LAT2 / DLAT  
  -180.0 180.0   5.0                                        LON1 / LON2 / DLON  
    -1                                                      EXPONENT            
                                                            END OF HEADER       
[from data line 2574]
     7                                                      START OF TEC MAP    
  2015     8     2    12     0     0                        EPOCH OF CURRENT MAP
    87.5-180.0 180.0   5.0 450.0                            LAT/LON1/LON2/DLON/H
  141  153  155  154  154  153  154  154  155  155  156  155  155  155  155  154
  154  154  154  153  153  153  152  152  151  151  150  149  148  148  146  146
  145  144  143  142  142  142  142  142  142  142  142  142  143  143  144  144
  144  144  145  144  145  144  145  144  145  144  145  144  146  145  146  146
  148  147  149  147  147  146  158  135  141                                   
    85.0-180.0 180.0   5.0 450.0                            LAT/LON1/LON2/DLON/H
  141  145  151  149  150  148  152  151  154  152  155  153  156  153  156  153
  156  152  156  152  155  151  155  151  154  151  154  151  154  150  152  148
  151  147  149  145  149  145  148  144  149  145  149  145  150  146  151  147
  151  147  151  147  150  146  149  145  148  144  146  143  146  143  145  142
  145  143  145  143  144  144  154  147  141                                   
    82.5-180.0 180.0   5.0 450.0                            LAT/LON1/LON2/DLON/H
  135  136  140  138  141  138  145  141  148  144  150  146  151  147  152  147
  152  148  152  148  152  149  153  149  154  150  154  150  154  150  153  149
  151  147  149  147  148  146  147  145  148  145  148  146  150  147  151  148
  151  148  152  147  150  145  149  143  147  141  145  138  142  136  139  134
  137  132  135  131  134  132  140  135  135                                   
    80.0-180.0 180.0   5.0 450.0                            LAT/LON1/LON2/DLON/H
  123  129  129  132  132  133  135  136  138  138  139  140  140  140  140  140
  140  140  140  141  141  142  142  144  144  145  146  146  146  146  146  146
  145  145  144  144  143  143  143  144  144  144  145  146  147  148  149  150
  150  150  151  150  149  148  148  147  146  144  143  141  140  137  135  132
  131  128  127  126  125  123  123  124  123                                   
    77.5-180.0 180.0   5.0 450.0                            LAT/LON1/LON2/DLON/H
  116  120  119  123  123  127  126  130  128  131  129  131  128  131  128  130
  126  129  127  130  129  133  133  136  136  139  139  141  141  143  142  143
  142  143  141  143  141  142  141  143  141  144  144  146  146  149  149  151
  150  151  151  151  150  150  149  149  147  147  144  143  140  138  133  132
  127  125  121  119  116  113  113  117  116                                   
    75.0-180.0 180.0   5.0 450.0                            LAT/LON1/LON2/DLON/H
  108  111  113  116  116  120  121  122  123  124  124  124  122  122  120  121
  118  120  119  123  123  126  127  131  131  136  135  139  138  141  139  142
  139  143  140  144  140  144  140  144  141  146  145  149  148  152  150  153
  151  154  152  154  151  153  151  152  150  150  147  146  143  140  136  133
  128  125  120  117  114  110  110  112  108                                   
    72.5-180.0 180.0   5.0 450.0                            LAT/LON1/LON2/DLON/H
  106  109  105  110  109  113  112  116  114  117  116  117  114  115  112  114
  110  113  111  116  115  120  120  126  127  131  131  135  134  137  137  139
  138  140  140  141  140  141  140  141  141  144  145  148  148  151  151  152
  151  152  152  153  152  153  153  153  152  152  149  148  145  143  138  135
  129  127  121  118  113  108  110  111  106                                   
    70.0-180.0 180.0   5.0 450.0                            LAT/LON1/LON2/DLON/H
  103  104  103  105  104  107  108  108  109  111  111  112  111  111  110  110
  108  110  109  113  114  118  120  125  126  130  130  134  132  135  134  137
  135  139  137  142  139  142  139  143  142  146  146  150  149  153  152  153
  151  152  151  152  151  152  152  153  152  153  151  152  150  148  145  142
  138  134  129  124  120  112  112  112  103                                   
    67.5-180.0 180.0   5.0 450.0                            LAT/LON1/LON2/DLON/H
  106  105   98   99   98   98   99  100  100  101  102  104  104  106  106  107
  105  107  106  110  111  116  117  123  124  128  127  130  129  132  131  134
  133  136  136  138  138  139  138  140  141  145  146  150  149  151  150  151
  149  149  149  149  149  150  150  151  152  153  152  154  153  153  150  149
  144  142  137  132  126  117  117  113  106                                   
    65.0-180.0 180.0   5.0 450.0                            LAT/LON1/LON2/DLON/H
  106  100   97   94   92   91   91   90   91   93   95   98  100  103  105  106
  106  108  109  112  113  118  120  126  126  130  128  131  128  131  129  133
  132  136  135  140  138  141  139  143  143  147  148  152  151  153  151  151
  147  148  146  147  147  149  149  151  151  154  153  156  157  158  157  156
  154  152  147  142  136  126  122  115  106                                   
    62.5-180.0 180.0   5.0 450.0                            LAT/LON1/LON2/DLON/H
  110  103   91   87   84   82   80   80   80   83   86   90   94   98  101  105
  106  108  108  111  113  118  120  125  126  129  127  128  126  128  128  132
  133  136  138  140  140  141  141  143  145  148  150  153  153  153  151  150
  147  147  146  147  148  150  151  153  155  156  157  159  161  162  161  161
  158  158  154  149  142  133  128  117  110                                   
    60.0-180.0 180.0   5.0 450.0                            LAT/LON1/LON2/DLON/H
  108   98   91   82   79   75   72   70   69   71   74   79   84   90   96  100
  103  106  108  112  114  119  122  128  128  131  129  130  128  130  129  135
  135  141  140  145  142  146  144  149  148  153  153  158  155  157  151  152
  146  149  147  150  150  153  154  156  159  159  160  162  164  165  165  164
  163  162  160  156  148  139  130  116  108                                   
    57.5-180.0 180.0   5.0 450.0                            LAT/LON1/LON2/DLON/H
  113  100   90   81   76   71   66   63   60   62   63   69   74   80   87   93
   97  101  103  108  111  116  120  126  127  131  129  130  129  131  132  137
  140  144  146  148  148  149  149  151  153  157  158  160  159  158  155  154
  152  152  154  156  159  160  163  163  167  166  167  167  169  169  168  168
  165  164  160  156  149  141  133  119  113                                   
    55.0-180.0 180.0   5.0 450.0                            LAT/LON1/LON2/DLON/H
  111   98   93   83   76   72   65   60   56   56   55   60   63   71   76   84
   90   96   99  106  109  116  120  129  130  135  133  137  134  139  139  146
  145  153  151  157  153  157  154  159  159  166  166  171  167  168  163  162
  159  161  163  166  168  170  172  173  176  174  175  174  175  173  172  169
  167  166  163  160  152  145  134  119  111                                   
    52.5-180.0 180.0   5.0 450.0                            LAT/LON1/LON2/DLON/H
  117  103   98   89   83   76   70   63   57   54   52   55   57   62   69   76
   84   90   96  102  108  115  122  130  134  138  139  142  141  144  147  151
  153  157  159  161  162  162  163  166  169  173  177  179  179  177  176  173
  173  174  178  181  184  185  186  186  187  186  184  184  182  180  175  173
  167  167  161  159  152  145  139  124  117                                   
    50.0-180.0 180.0   5.0 450.0                            LAT/LON1/LON2/DLON/H
  119  107  106   99   91   85   78   70   63   58   54   53   52   56   61   68
   77   85   92  100  107  116  123  133  136  143  144  149  149  154  154  160
  158  165  162  169  166  171  170  176  179  186  190  194  193  193  190  189
  187  189  191  194  194  195  194  194  195  194  193  190  191  184  182  175
  172  169  165  163  155  149  139  127  119                                   
    47.5-180.0 180.0   5.0 450.0                            LAT/LON1/LON2/DLON/H
  126  115  114  109  104   95   90   81   73   68   61   57   54   55   59   65
   76   82   93  100  109  117  125  134  140  145  149  153  156  159  162  163
  165  166  168  172  175  176  181  184  191  196  202  205  207  205  206  204
  203  204  205  205  203  201  199  200  200  201  199  200  197  193  185  181
  173  172  165  163  155  148  145  134  126                                   
    45.0-180.0 180.0   5.0 450.0                            LAT/LON1/LON2/DLON/H
  129  120  119  117  113  107  102   93   87   81   75   66   62   57   61   64
   75   83   94  103  111  120  128  137  142  149  153  158  160  165  166  170
  168  173  171  179  180  187  191  198  205  212  219  222  224  223  222  222
  219  220  215  213  207  206  202  204  205  206  207  206  207  199  195  185
  181  177  171  167  158  150  145  136  129                                   
    42.5-180.0 180.0   5.0 450.0                            LAT/LON1/LON2/DLON/H
  132  124  122  122  120  116  113  107  101   97   89   81   73   67   67   70
   80   88   99  108  116  125  132  141  145  151  155  160  165  166  171  171
  173  174  179  183  192  197  206  211  221  225  233  236  238  239  238  238
  235  232  225  220  211  207  203  206  207  212  212  215  212  208  199  193
  185  182  174  169  159  149  148  143  132                                   
    40.0-180.0 180.0   5.0 450.0                            LAT/LON1/LON2/DLON/H
  133  123  120  121  122  119  120  115  117  110  107   94   89   76   77   75
   86   93  105  114  123  131  138  146  150  156  159  165  167  172  173  178
  178  184  187  197  205  213  224  231  240  245  248  251  251  253  252  252
  248  245  235  228  217  212  208  211  215  218  220  221  220  213  207  199
  193  186  179  171  161  149  145  138  133                                   
    37.5-180.0 180.0   5.0 450.0                            LAT/LON1/LON2/DLON/H
  134  123  118  116  118  118  121  120  123  120  118  107   99   89   85   84
   91   99  109  119  128  136  141  148  152  157  160  165  169  171  178  178
  188  191  204  212  225  233  246  252  260  261  264  267  266  268  268  268
  264  259  248  238  228  222  218  222  224  230  229  233  227  222  212  206
  196  189  179  170  158  146  145  143  134                                   
    35.0-180.0 180.0   5.0 450.0                            LAT/LON1/LON2/DLON/H
  134  118  111  110  111  112  119  118  127  125  128  119  115  101   98   93
   99  104  115  124  134  142  148  154  158  162  165  171  174  178  183  191
  200  212  224  238  252  263  275  279  282  284  281  283  281  285  284  286
  280  276  266  258  247  243  240  241  244  245  244  241  234  225  217  208
  200  191  182  170  158  145  141  133  134                                   
    32.5-180.0 180.0   5.0 450.0                            LAT/LON1/LON2/DLON/H
  137  120  108  104  105  106  113  114  122  122  126  121  118  108  102   98
  101  107  117  127  137  145  150  155  158  163  167  172  178  182  192  199
  218  233  253  269  287  296  306  309  308  308  305  307  305  309  309  310
  305  299  291  283  276  272  270  271  270  268  263  257  247  236  224  213
  203  191  179  166  154  143  143  138  137                                   
    30.0-180.0 180.0   5.0 450.0                            LAT/LON1/LON2/DLON/H
  142  121  107  102  101  101  107  108  116  117  123  121  121  112  107  101
  104  107  118  131  141  151  153  159  163  169  174  180  187  194  205  219
  237  259  281  303  317  328  331  335  332  333  329  331  330  333  333  335
  331  327  319  315  311  310  308  306  301  292  280  270  255  242  230  218
  207  196  182  170  158  148  142  134  142                                   
    27.5-180.0 180.0   5.0 450.0                            LAT/LON1/LON2/DLON/H
  150  130  114  107  103  101  106  103  108  108  112  112  111  107  101   97
  100  104  116  129  141  150  153  158  161  168  175  183  193  201  217  233
  256  288  314  338  351  360  358  360  357  358  355  358  358  361  361  361
  357  353  347  345  345  346  344  341  329  315  298  284  266  251  237  225
  212  196  181  166  157  149  152  144  150                                   
    25.0-180.0 180.0   5.0 450.0                            LAT/LON1/LON2/DLON/H
  158  140  125  116  111  108  108  105  103  102  104  103  105  101  100   95
   98  101  113  131  141  152  153  159  164  173  181  191  204  215  233  252
  282  313  339  358  369  371  373  376  377  380  379  383  384  388  389  389
  387  385  383  382  384  385  384  377  362  342  316  298  274  258  242  231
  217  206  189  179  165  159  159  151  158                                   
    22.5-180.0 180.0   5.0 450.0                            LAT/LON1/LON2/DLON/H
  166  152  140  132  125  120  119  111  105  100   98   95   96   93   93   90
   94   98  111  128  140  149  150  155  160  170  181  194  210  227  246  275
  307  338  361  376  381  385  385  393  393  403  403  411  413  417  417  416
  415  414  413  413  413  416  412  404  384  361  330  309  282  265  247  235
  222  209  192  177  169  162  173  168  166                                   
    20.0-180.0 180.0   5.0 450.0                            LAT/LON1/LON2/DLON/H
  171  160  151  145  138  135  128  122  111  104   98   93   92   89   91   88
   91   97  109  127  137  148  147  155  162  174  186  202  221  240  267  299
  331  355  370  379  382  384  388  401  407  419  422  433  436  443  443  445
  444  443  442  440  440  440  436  424  402  374  343  316  290  271  250  238
  225  215  201  190  176  170  176  175  171                                   
    17.5-180.0 180.0   5.0 450.0                            LAT/LON1/LON2/DLON/H
  174  165  158  157  151  146  142  132  121  109  101   94   91   87   89   89
   94  100  113  126  137  142  145  150  158  172  187  207  229  258  285  320
  346  366  376  387  387  394  396  416  420  439  440  454  455  462  461  461
  459  458  456  454  448  448  439  427  404  379  348  322  292  275  252  240
  226  216  204  189  177  169  181  179  174                                   
    15.0-180.0 180.0   5.0 450.0                            LAT/LON1/LON2/DLON/H
  173  163  160  158  154  155  147  140  128  117  107  100   96   92   90   91
   95   99  111  124  132  140  140  152  160  178  196  217  243  275  303  335
  355  373  385  393  395  400  408  425  435  449  455  467  471  478  478  478
  476  474  467  463  453  448  438  427  407  384  355  327  299  277  254  239
  227  218  211  198  185  174  178  177  173                                   
    12.5-180.0 180.0   5.0 450.0                            LAT/LON1/LON2/DLON/H
  170  156  155  159  155  155  148  141  132  122  113  104   98   96   93   95
   99  105  116  128  137  141  145  152  163  182  201  230  256  294  321  348
  364  381  392  402  402  412  419  439  447  463  466  480  480  486  483  482
  478  473  464  456  442  437  425  418  401  384  356  331  299  280  252  241
  226  219  208  196  184  174  176  168  170                                   
    10.0-180.0 180.0   5.0 450.0                            LAT/LON1/LON2/DLON/H
  159  148  145  149  148  150  142  139  130  124  116  111  103  101   95   98
  100  104  115  127  135  144  147  162  172  194  214  246  272  307  330  356
  371  388  403  410  416  425  436  450  461  470  477  483  486  490  488  487
  481  475  462  451  434  427  417  410  397  383  359  333  302  277  251  237
  226  218  211  200  188  176  173  163  159                                   
     7.5-180.0 180.0   5.0 450.0                            LAT/LON1/LON2/DLON/H
  151  136  136  140  138  136  133  129  123  119  114  111  104  102   97   98
  101  108  118  132  143  150  158  169  183  206  226  260  285  322  341  365
