data/unet/pred1390.15i
     1.0            IONOSPHERE MAPS     GNSS                IONEX VERSION / TYPE
pyspatialgeodesy        IME             05-JAN-18 20:20     PGM / RUN BY / DATE 
Map Name                                                    COMMENT             
Predicted global ionosphere maps (GIM).                     DESCRIPTION         
  2015     5    19     0     0     0                        EPOCH OF FIRST MAP  
  2015     5    20     0     0     0                        EPOCH OF LAST MAP   
  7200                                                      INTERVAL            
    13                                                      # OF MAPS IN FILE   
  NONE                                                      MAPPING FUNCTION    
10.0                                                        ELEVATION CUTOFF    
One-way carrier phase leveled to code                       OBSERVABLES USED    
  6371.0                                                    BASE RADIUS         
 2                                                          MAP DIMENSION       
   450.0 450.0   0.0                                        HGT1 / HGT2 / DHGT  
    87.5 -87.5  -2.5                                        LAT1 / LAT2 / DLAT  
  -180.0 180.0   5.0                                        LON1 / LON2 / DLON  
    -1                                                      EXPONENT            
                                                            END OF HEADER       
[from data line 1716]
     5                                                      START OF TEC MAP    
  2015     5    19     8     0     0                        EPOCH OF CURRENT MAP
    87.5-180.0 180.0   5.0 450.0                            LAT/LON1/LON2/DLON/H
  167  176  186  183  184  180  182  180  185  182  186  183  188  184  189  186
  191  189  195  193  199  197  202  200  205  203  206  203  206  203  204  201
  203  200  199  197  197  194  193  189  189  186  184  182  182  181  180  180
  181  181  181  181  182  181  182  180  182  180  181  178  181  178  180  177
  180  178  180  179  184  178  184  165  167                                   
    85.0-180.0 180.0   5.0 450.0                            LAT/LON1/LON2/DLON/H
  172  179  176  180  176  176  177  178  181  182  183  184  187  186  188  187
  190  188  192  191  196  194  197  195  200  197  200  197  201  197  199  196
  199  195  196  191  194  189  189  184  185  182  181  179  180  179  179  179
  182  182  182  182  184  183  183  182  183  182  182  181  181  181  180  179
  179  178  177  176  179  174  184  167  172                                   
    82.5-180.0 180.0   5.0 450.0                            LAT/LON1/LON2/DLON/H
  175  169  166  168  164  165  165  169  171  174  174  177  178  181  179  181
  181  182  181  184  184  185  184  186  186  187  186  188  188  190  188  191
  191  191  190  191  190  190  188  188  188  187  186  186  187  187  187  188
  190  191  191  192  193  193  192  191  192  190  189  188  187  185  183  181
  179  177  173  172  173  173  172  168  175                                   
    80.0-180.0 180.0   5.0 450.0                            LAT/LON1/LON2/DLON/H
  180  167  165  164  161  164  164  168  169  172  172  176  177  180  179  181
  180  182  180  182  182  182  181  182  182  182  181  183  184  186  187  190
  192  193  194  195  196  196  195  195  196  195  196  196  199  199  201  204
  206  208  209  211  213  212  212  211  211  210  208  208  206  204  200  198
  194  191  186  183  182  177  176  170  180                                   
    77.5-180.0 180.0   5.0 450.0                            LAT/LON1/LON2/DLON/H
  182  178  167  166  163  162  164  164  166  167  168  171  172  175  176  177
  177  177  178  178  177  176  175  174  174  173  174  175  177  179  183  186
  191  194  199  201  205  205  206  207  208  208  210  212  216  218  222  224
  229  230  234  235  237  236  236  236  236  235  235  233  233  230  227  222
  219  211  205  198  195  188  186  173  182                                   
    75.0-180.0 180.0   5.0 450.0                            LAT/LON1/LON2/DLON/H
  191  181  173  170  166  165  165  166  165  165  166  166  167  168  170  170
  171  172  172  173  172  170  168  166  165  163  165  165  170  173  179  185
  191  196  201  205  208  211  211  213  214  217  219  224  227  234  236  242
  243  249  247  252  249  252  248  251  246  251  247  251  247  249  244  243
  237  232  223  214  209  199  197  186  191                                   
    72.5-180.0 180.0   5.0 450.0                            LAT/LON1/LON2/DLON/H
  202  195  182  178  174  170  169  165  165  163  163  161  162  162  164  165
  167  169  170  170  170  167  165  161  160  157  158  158  165  169  179  185
  195  199  209  211  219  219  224  224  229  229  235  238  246  248  254  256
  260  260  263  261  262  259  259  257  257  257  258  259  261  261  261  259
  257  251  245  234  229  216  211  197  202                                   
    70.0-180.0 180.0   5.0 450.0                            LAT/LON1/LON2/DLON/H
  210  195  186  181  177  171  170  166  165  163  161  160  158  158  157  158
  160  162  164  165  164  161  158  153  151  147  147  149  158  165  177  186
  198  205  213  219  225  227  230  234  236  241  243  251  255  261  261  267
  266  270  265  267  262  261  255  256  253  255  254  259  259  263  262  265
  261  259  252  244  237  223  218  209  210                                   
    67.5-180.0 180.0   5.0 450.0                            LAT/LON1/LON2/DLON/H
  216  204  189  183  179  172  170  165  164  159  159  155  154  151  151  151
  155  156  159  159  159  155  153  146  145  139  141  144  155  165  180  190
  207  212  223  226  235  235  242  242  250  250  258  261  268  269  274  274
  276  273  271  265  263  255  252  248  247  246  249  251  255  258  261  263
  264  262  259  250  247  233  227  216  216                                   
    65.0-180.0 180.0   5.0 450.0                            LAT/LON1/LON2/DLON/H
  218  202  190  184  178  172  168  163  160  157  155  153  151  148  147  145
  148  150  153  155  155  153  148  144  140  137  137  143  155  168  182  196
  210  217  226  231  237  239  243  247  251  257  260  269  271  278  276  281
  276  276  267  265  255  251  243  241  237  239  238  244  246  253  254  260
  260  262  257  254  251  239  235  227  218                                   
    62.5-180.0 180.0   5.0 450.0                            LAT/LON1/LON2/DLON/H
  226  216  198  188  181  169  165  156  153  147  148  145  145  142  141  139
  141  141  145  145  148  144  143  136  137  132  138  143  160  172  189  199
  215  221  231  233  242  243  250  251  261  262  271  273  281  282  284  282
  282  276  272  263  258  249  245  238  238  234  237  237  243  244  249  251
  256  255  258  254  258  248  247  236  226                                   
    60.0-180.0 180.0   5.0 450.0                            LAT/LON1/LON2/DLON/H
  233  222  207  193  184  170  161  153  146  143  139  141  138  138  135  133
  134  133  136  136  138  136  134  131  131  131  136  146  161  175  190  203
  216  221  230  234  242  245  252  257  264  270  277  285  287  292  287  291
  282  283  272  269  259  254  245  242  237  237  236  239  239  242  242  247
  248  253  254  257  262  258  258  252  233                                   
    57.5-180.0 180.0   5.0 450.0                            LAT/LON1/LON2/DLON/H
  253  247  229  209  195  175  164  147  140  132  133  129  132  128  130  124
  126  123  126  123  127  124  125  122  127  129  139  147  167  179  195  205
  217  223  232  237  246  250  259  263  274  278  289  291  299  297  299  296
  294  289  285  279  274  264  262  253  254  247  250  245  248  244  246  245
  250  250  259  259  271  269  276  265  253                                   
    55.0-180.0 180.0   5.0 450.0                            LAT/LON1/LON2/DLON/H
  267  264  249  226  211  187  171  153  140  130  125  126  124  124  120  119
  115  116  116  115  117  115  116  115  123  127  139  152  169  181  196  205
  218  223  233  238  248  254  263  270  280  288  297  301  306  309  307  309
  302  304  296  295  288  283  277  271  267  266  263  262  258  255  252  253
  254  260  265  272  282  285  294  287  267                                   
    52.5-180.0 180.0   5.0 450.0                            LAT/LON1/LON2/DLON/H
  290  294  282  257  240  212  192  162  144  129  124  120  121  117  117  111
  112  106  109  104  108  103  108  109  121  127  145  157  177  188  203  213
  224  232  242  249  257  266  275  283  294  301  313  313  321  319  323  320
  319  317  315  313  311  305  301  292  290  285  285  279  278  270  269  265
  270  271  282  285  298  302  318  304  290                                   
    50.0-180.0 180.0   5.0 450.0                            LAT/LON1/LON2/DLON/H
  304  312  303  283  266  238  213  183  158  139  126  121  118  116  113  110
  107  105  104  104  104  105  107  113  121  134  149  168  184  198  212  221
  234  241  252  257  267  273  282  290  303  311  323  324  333  332  336  336
  335  337  334  336  333  329  323  315  309  306  302  299  296  289  284  281
  282  287  295  302  313  316  332  319  304                                   
    47.5-180.0 180.0   5.0 450.0                            LAT/LON1/LON2/DLON/H
  320  328  320  303  290  264  237  203  175  149  133  124  120  116  115  110
  110  105  107  103  107  104  111  115  127  139  158  175  194  206  221  231
  244  255  266  273  280  287  295  304  317  327  340  344  353  352  357  353
  355  353  353  352  351  347  342  333  328  322  321  315  314  305  304  297
  303  304  316  319  328  331  343  324  320                                   
    45.0-180.0 180.0   5.0 450.0                            LAT/LON1/LON2/DLON/H
  325  326  319  310  302  282  255  225  195  169  147  134  126  122  119  116
  114  113  113  114  114  117  120  128  136  152  167  190  205  221  234  246
  257  265  278  280  291  293  306  312  329  337  354  359  369  369  372  370
  370  369  368  368  365  362  355  346  338  334  330  328  327  322  321  317
  322  325  333  334  339  333  339  320  325                                   
    42.5-180.0 180.0   5.0 450.0                            LAT/LON1/LON2/DLON/H
  325  316  305  298  293  280  260  233  210  180  160  145  135  129  127  124
  125  122  126  124  127  126  131  136  148  160  183  201  220  232  248  258
  270  279  292  297  306  310  321  330  344  357  372  380  392  391  396  390
  391  383  381  378  376  371  363  356  347  344  340  340  342  338  343  337
  346  343  351  345  348  338  335  312  325                                   
    40.0-180.0 180.0   5.0 450.0                            LAT/LON1/LON2/DLON/H
  309  290  278  273  272  266  254  236  217  195  174  160  149  141  138  137
  137  138  140  140  141  143  146  153  161  178  194  219  233  247  262  268
  282  286  302  301  315  314  332  339  360  370  390  398  411  412  416  413
  412  407  406  404  401  395  385  376  368  365  361  361  362  361  365  361
  367  363  367  360  356  335  320  297  309                                   
    37.5-180.0 180.0   5.0 450.0                            LAT/LON1/LON2/DLON/H
  296  266  248  239  239  238  233  225  214  198  184  170  160  152  149  147
  151  151  154  153  153  154  157  164  174  188  211  230  247  260  274  281
  292  297  310  315  326  336  349  364  379  392  409  420  435  437  443  440
  442  435  436  433  434  426  420  408  404  399  397  394  396  392  394  388
  392  384  383  370  363  339  315  289  296                                   
    35.0-180.0 180.0   5.0 450.0                            LAT/LON1/LON2/DLON/H
  278  246  217  202  199  201  202  203  201  197  187  180  172  166  163  162
  165  166  167  164  164  164  169  174  184  198  217  236  254  266  282  288
  295  300  308  317  330  340  358  374  391  410  429  443  459  465  470  472
  475  478  481  488  496  492  492  483  482  472  463  454  446  438  436  429
  429  418  411  394  379  350  317  290  278                                   
    32.5-180.0 180.0   5.0 450.0                            LAT/LON1/LON2/DLON/H
  287  244  208  187  178  176  179  183  187  188  188  186  182  178  175  174
  176  177  176  172  172  175  180  189  198  210  228  244  261  273  285  290
  293  293  304  313  329  347  360  382  396  418  436  455  468  480  491  503
  515  529  546  566  588  589  593  589  590  582  574  554  538  514  495  476
  472  459  448  429  412  380  343  304  287                                   
    30.0-180.0 180.0   5.0 450.0                            LAT/LON1/LON2/DLON/H
  309  275  237  203  182  170  171  172  178  184  190  193  193  192  190  189
  190  189  186  183  183  188  197  207  215  223  238  247  260  268  276  280
  280  286  296  309  325  341  363  379  400  424  445  466  483  499  516  537
  565  595  624  639  659  666  677  679  684  675  665  643  618  592  556  534
  514  503  485  472  454  430  383  342  309                                   
    27.5-180.0 180.0   5.0 450.0                            LAT/LON1/LON2/DLON/H
  364  334  290  250  222  197  187  179  183  186  193  199  202  203  203  202
  202  198  194  190  193  199  212  220  227  230  237  240  248  256  261  266
  266  275  283  302  317  341  357  379  395  421  442  467  485  510  535  573
  612  648  675  705  735  760  779  790  794  785  767  738  704  666  625  596
  565  544  525  509  492  467  435  386  364                                   
    25.0-180.0 180.0   5.0 450.0                            LAT/LON1/LON2/DLON/H
  430  424  364  319  283  254  228  213  201  201  205  209  214  217  218  218
  216  213  208  204  204  214  223  236  240  238  235  234  235  238  241  246
  249  258  271  292  311  334  358  379  400  425  450  476  501  526  563  604
  650  677  719  756  801  831  861  875  881  872  852  817  777  735  689  658
  628  609  579  564  542  517  482  455  430                                   
    22.5-180.0 180.0   5.0 450.0                            LAT/LON1/LON2/DLON/H
  502  493  446  408  363  328  294  269  250  236  230  226  229  226  229  226
  226  221  217  215  218  228  238  245  243  237  228  222  217  220  219  227
  230  247  259  284  305  337  359  385  406  430  458  485  514  546  587  637
  677  710  751  796  839  875  902  923  927  921  898  865  823  784  737  710
  678  660  636  617  593  562  527  512  502                                   
    20.0-180.0 180.0   5.0 450.0                            LAT/LON1/LON2/DLON/H
  540  546  505  472  428  389  356  328  297  281  266  255  249  243  242  238
  237  233  229  227  229  237  239  246  242  229  212  203  198  198  203  214
  229  245  263  291  318  345  373  393  419  439  471  495  530  562  612  657
  696  721  763  800  842  872  899  915  924  916  899  868  835  801  767  742
  719  696  673  651  627  593  558  550  540                                   
    17.5-180.0 180.0   5.0 450.0                            LAT/LON1/LON2/DLON/H
  557  570  540  511  475  440  405  383  354  335  310  293  280  265  257  248
  245  237  235  231  236  240  243  241  233  217  201  188  182  179  187  204
  225  245  270  304  334  361  384  406  431  454  484  511  549  583  632  677
  705  725  750  778  805  831  847  863  866  867  852  836  813  794  771  757
  736  718  692  668  639  598  562  558  557                                   
    15.0-180.0 180.0   5.0 450.0                            LAT/LON1/LON2/DLON/H
  538  555  531  522  493  471  435  412  387  368  342  324  308  291  276  263
  257  250  244  243  242  243  240  235  222  202  185  172  166  163  177  200
  225  253  282  320  350  371  401  417  450  469  505  532  568  601  649  680
  704  711  722  739  754  772  783  791  797  793  790  780  773  768  760  752
  741  723  700  671  637  593  553  552  538                                   
    12.5-180.0 180.0   5.0 450.0                            LAT/LON1/LON2/DLON/H
  506  517  509  502  491  477  455  437  414  396  376  353  333  314  294  276
  267  256  252  246  245  242  236  225  210  190  173  154  151  147  168  196
  229  263  298  332  362  387  413  438  465  492  527  556  589  619  654  681
  699  697  693  699  704  716  719  726  727  730  728  732  734  741  743  739
  730  713  693  660  628  576  535  535  506                                   
    10.0-180.0 180.0   5.0 450.0                            LAT/LON1/LON2/DLON/H
  478  464  467  462  457  453  437  431  410  395  380  358  339  321  308  290
  275  265  254  250  244  239  230  215  196  173  154  138  135  132  156  189
  228  267  303  335  365  392  421  446  481  508  545  569  599  622  660  669
  680  667  668  672  673  683  681  683  685  684  689  694  706  718  728  728
  720  705  683  654  620  569  525  516  478                                   
     7.5-180.0 180.0   5.0 450.0                            LAT/LON1/LON2/DLON/H
  461  449  444  433  423  416  410  407  397  378  365  348  338  325  308  290
  275  262  251  241  233  225  211  197  175  155  138  119  120  124  145  188
