data/unet/pred3290.15i
     1.0            IONOSPHERE MAPS     GNSS                IONEX VERSION / TYPE
pyspatialgeodesy        IME             05-JAN-18 20:20     PGM / RUN BY / DATE 
Map Name                                                    COMMENT             
Predicted global ionosphere maps (GIM).                     DESCRIPTION         
  2015    11    25     0     0     0                        EPOCH OF FIRST MAP  
  2015    11    26     0     0     0                        EPOCH OF LAST MAP   
  7200                                                      INTERVAL            
    13                                                      # OF MAPS IN FILE   
  NONE                                                      MAPPING FUNCTION    
10.0                                                        ELEVATION CUTOFF    
One-way carrier phase leveled to code                       OBSERVABLES USED    
  6371.0                                                    BASE RADIUS         
 2                                                          MAP DIMENSION       
   450.0 450.0   0.0                                        HGT1 / HGT2 / DHGT  
    87.5 -87.5  -2.5                                        LAT1 / LAT2 / DLAT  
  -180.0 180.0   5.0                                        LON1 / LON2 / DLON  
    -1                                                      EXPONENT            
                                                            END OF HEADER       
[from data line 2574]
     7                                                      START OF TEC MAP    
  2015    11    25    12     0     0                        EPOCH OF CURRENT MAP
    87.5-180.0 180.0   5.0 450.0                            LAT/LON1/LON2/DLON/H
   55   63   61   61   61   57   59   55   57   53   55   52   54   51   53   49
   53   49   51   48   51   48   50   48   50   49   49   49   50   49   49   49
   50   50   49   49   50   49   49   49   49   49   49   49   49   50   49   50
   49   50   49   50   50   50   50   51   51   51   52   52   53   53   54   54
   56   55   57   56   57   48   61   50   55                                   
    85.0-180.0 180.0   5.0 450.0                            LAT/LON1/LON2/DLON/H
   66   64   58   55   59   57   60   60   61   60   61   60   61   58   59   57
   58   54   55   53   53   51   51   50   50   49   49   49   49   49   49   50
   50   49   51   50   51   49   51   49   50   47   48   46   46   44   45   42
   43   41   42   41   42   42   43   42   45   43   46   45   47   45   49   47
   51   48   53   48   54   54   61   56   66                                   
    82.5-180.0 180.0   5.0 450.0                            LAT/LON1/LON2/DLON/H
   60   56   49   52   50   51   52   53   53   53   51   52   49   49   46   47
   43   44   40   42   38   40   36   39   35   38   36   39   37   40   38   42
   40   43   41   44   41   42   40   42   38   39   35   36   31   32   27   29
   25   27   24   27   24   28   25   30   26   31   28   33   30   35   32   37
   33   38   36   39   38   38   38   32   60                                   
    80.0-180.0 180.0   5.0 450.0                            LAT/LON1/LON2/DLON/H
   51   37   40   37   44   38   44   40   45   40   44   40   41   36   38   34
   35   30   32   29   31   27   30   27   31   27   32   31   35   33   39   38
   43   40   46   43   48   43   47   42   44   37   39   33   34   26   28   23
   25   19   23   20   23   20   24   22   26   22   26   24   27   24   27   25
   27   24   28   25   30   23   31   30   51                                   
    77.5-180.0 180.0   5.0 450.0                            LAT/LON1/LON2/DLON/H
   43   32   28   31   28   31   31   34   33   33   31   32   29   28   26   25
   22   21   21   20   21   20   21   23   23   26   27   30   31   35   37   41
   42   46   46   51   49   53   49   52   45   46   40   40   32   32   25   26
   21   22   19   22   19   23   21   25   23   25   24   26   22   23   21   22
   19   20   18   18   18   16   22   16   43                                   
    75.0-180.0 180.0   5.0 450.0                            LAT/LON1/LON2/DLON/H
   37   24   26   23   25   24   27   27   27   25   26   23   23   20   20   17
   16   14   16   15   18   18   21   22   25   26   31   32   37   38   44   47
   51   54   58   61   62   64   64   63   59   56   51   46   40   36   32   29
   27   25   25   27   27   29   30   31   30   30   31   29   28   25   25   21
   20   17   18   16   18   14   21   16   37                                   
    72.5-180.0 180.0   5.0 450.0                            LAT/LON1/LON2/DLON/H
   35   28   25   22   22   21   24   23   24   22   21   20   19   16   15   14
   14   12   15   16   20   22   26   30   33   37   40   44   46   51   53   58
   61   68   70   77   78   81   79   79   75   71   65   59   53   47   43   39
   37   35   36   36   38   38   39   39   39   38   37   35   34   31   30   26
   26   22   22   19   19   15   22   13   35                                   
    70.0-180.0 180.0   5.0 450.0                            LAT/LON1/LON2/DLON/H
   36   27   27   22   23   21   23   22   22   19   19   17   16   13   13   11
   11   11   13   17   21   26   31   37   41   47   50   56   58   62   65   70
   74   80   86   91   95   97   97   96   92   88   81   76   68   63   55   53
   47   47   45   46   45   46   47   46   45   43   43   39   37   34   33   30
   29   27   27   25   25   21   27   20   36                                   
    67.5-180.0 180.0   5.0 450.0                            LAT/LON1/LON2/DLON/H
   38   33   28   24   25   22   24   22   23   20   20   19   17   15   15   14
   13   14   16   20   26   31   38   45   51   59   62   68   68   73   74   81
   83   91   95  103  105  109  109  109  106  102   97   90   84   77   70   64
   60   57   55   54   53   52   51   50   47   45   43   40   38   35   35   33
   33   32   33   31   31   26   30   23   38                                   
    65.0-180.0 180.0   5.0 450.0                            LAT/LON1/LON2/DLON/H
   40   33   30   23   24   23   23   23   22   20   20   19   17   16   14   13
   11   13   14   20   25   32   40   51   57   66   70   76   78   82   85   91
   94  101  105  111  114  118  118  119  116  114  107  103   95   91   79   75
   66   65   58   57   52   52   48   46   43   40   38   34   33   31   33   31
   33   33   36   36   36   32   35   31   40                                   
    62.5-180.0 180.0   5.0 450.0                            LAT/LON1/LON2/DLON/H
   41   36   28   24   24   22   23   24   23   22   22   22   21   20   18   16
   14   14   15   19   25   32   41   52   61   69   75   82   85   91   92  100
  102  108  110  115  116  120  120  121  121  119  115  110  105   97   88   80
   73   68   61   57   52   49   46   42   38   35   33   30   29   27   29   28
   32   32   37   36   39   33   38   34   41                                   
    60.0-180.0 180.0   5.0 450.0                            LAT/LON1/LON2/DLON/H
   42   33   29   22   23   21   22   22   22   21   22   22   22   19   18   15
   13   11   13   16   21   27   37   49   60   69   76   83   90   96  102  109
  113  117  119  122  124  124  124  125  124  122  118  117  110  105   92   87
   74   70   59   55   47   45   40   37   31   30   26   25   23   24   26   27
   30   32   36   37   39   36   39   36   42                                   
    57.5-180.0 180.0   5.0 450.0                            LAT/LON1/LON2/DLON/H
   41   35   26   22   21   20   20   21   21   21   23   24   23   22   20   18
   15   14   14   16   21   27   36   47   58   68   77   86   94  105  111  121
  122  127  125  128  125  125  123  123  122  122  121  120  115  109   99   91
   79   72   62   57   49   45   39   36   31   30   27   26   25   24   27   27
   30   31   36   36   39   34   38   36   41                                   
    55.0-180.0 180.0   5.0 450.0                            LAT/LON1/LON2/DLON/H
   45   35   28   22   23   20   22   20   21   21   23   24   24   22   22   19
   17   15   15   16   20   26   35   46   58   67   78   88  100  112  121  131
  134  139  138  139  138  135  131  130  127  129  126  126  120  117  105   97
   83   76   63   58   49   46   39   38   32   33   30   32   29   32   32   32
   33   34   37   37   40   38   41   37   45                                   
    52.5-180.0 180.0   5.0 450.0                            LAT/LON1/LON2/DLON/H
   48   42   31   28   26   24   23   24   23   24   26   27   26   26   26   25
   24   23   22   24   26   32   39   50   62   72   83   95  107  121  130  141
  143  149  145  147  142  140  135  134  133  133  134  133  129  125  116  107
   93   85   73   66   58   54   49   47   44   44   43   43   43   42   44   42
   42   41   43   42   44   40   44   43   48                                   
    50.0-180.0 180.0   5.0 450.0                            LAT/LON1/LON2/DLON/H
   58   50   43   38   37   33   33   29   29   28   30   31   31   31   31   30
   31   30   30   31   34   40   47   60   70   81   90  104  116  131  140  151
  154  159  158  157  156  152  149  148  146  147  144  145  140  139  128  120
  106   97   84   77   65   62   56   57   54   56   55   58   57   58   57   54
   52   50   50   48   51   51   54   50   58                                   
    47.5-180.0 180.0   5.0 450.0                            LAT/LON1/LON2/DLON/H
   66   65   55   53   50   45   42   39   37   36   36   37   37   38   38   39
   39   41   41   44   47   54   62   73   82   92  101  114  125  137  145  154
  155  160  159  160  160  159  158  157  157  156  157  156  154  151  143  134
  121  109   98   88   78   71   68   66   66   67   69   70   72   71   72   68
   65   62   61   59   60   56   62   64   66                                   
    45.0-180.0 180.0   5.0 450.0                            LAT/LON1/LON2/DLON/H
   77   76   70   67   67   61   58   51   49   46   46   46   45   45   46   46
   48   50   52   57   62   72   79   90   98  107  114  125  134  144  148  154
  157  160  163  166  170  171  172  171  170  170  168  169  166  164  155  147
  133  122  109   99   87   79   71   69   68   70   71   75   76   78   79   75
   73   69   68   66   67   67   71   76   77                                   
    42.5-180.0 180.0   5.0 450.0                            LAT/LON1/LON2/DLON/H
   81   84   78   79   78   72   68   62   59   56   56   56   54   54   54   55
   56   59   63   68   75   85   94  105  112  120  127  134  139  143  144  147
  149  154  160  167  174  179  182  181  182  180  180  177  177  172  166  155
  143  130  119  105   94   81   75   68   68   67   69   72   76   79   81   79
   77   73   72   69   71   68   75   87   81                                   
    40.0-180.0 180.0   5.0 450.0                            LAT/LON1/LON2/DLON/H
   80   84   83   82   86   80   80   72   71   67   67   66   64   62   62   62
   65   67   73   80   88  100  109  120  127  134  139  144  145  145  142  144
  146  156  165  177  187  195  198  198  198  195  191  189  186  182  173  163
  152  141  127  112   98   82   73   62   61   59   63   65   70   74   78   77
   76   72   71   68   70   69   75   87   80                                   
    37.5-180.0 180.0   5.0 450.0                            LAT/LON1/LON2/DLON/H
   73   76   76   79   82   80   80   76   75   73   74   74   72   70   69   69
   69   72   77   87   95  109  118  129  136  143  147  150  147  144  139  141
  145  159  173  191  205  214  218  218  218  210  206  198  196  189  182  171
  161  150  139  124  108   91   78   67   61   58   60   63   66   70   73   74
   73   69   67   64   65   62   67   86   73                                   
    35.0-180.0 180.0   5.0 450.0                            LAT/LON1/LON2/DLON/H
   64   64   68   68   79   75   80   76   79   77   81   80   79   76   75   73
   75   76   83   93  103  117  126  137  145  151  154  156  151  150  143  150
  155  178  195  220  233  245  245  243  238  230  221  214  208  204  196  186
  176  167  155  141  123  104   88   75   67   63   63   63   67   70   74   72
   71   65   62   57   56   56   60   72   64                                   
    32.5-180.0 180.0   5.0 450.0                            LAT/LON1/LON2/DLON/H
   55   52   51   57   63   65   68   69   73   75   80   81   82   79   78   76
   76   79   85   96  105  121  131  143  150  156  159  161  156  156  155  165
  178  203  231  258  273  280  280  272  266  251  244  232  228  220  216  208
  202  193  188  172  156  136  119  104   95   89   88   86   84   85   85   81
   79   69   63   57   53   49   49   65   55                                   
    30.0-180.0 180.0   5.0 450.0                            LAT/LON1/LON2/DLON/H
   54   44   41   43   54   52   61   60   68   69   78   79   83   81   79   77
   78   81   89  100  112  126  139  149  156  162  165  170  168  175  178  195
  215  246  272  298  310  319  311  303  291  279  265  258  251  246  241  238
  234  233  229  220  203  184  164  149  138  132  128  124  121  116  112  104
   95   83   74   64   56   52   52   50   54                                   
    27.5-180.0 180.0   5.0 450.0                            LAT/LON1/LON2/DLON/H
   59   45   35   38   42   44   47   52   57   63   70   75   79   78   79   77
   78   81   91  103  117  133  145  157  161  168  171  178  185  195  209  230
  259  294  322  348  355  357  350  337  324  310  300  291  285  280  276  275
  274  275  274  270  260  244  226  209  200  194  190  185  175  166  156  145
  132  113   99   86   74   67   60   50   59                                   
    25.0-180.0 180.0   5.0 450.0                            LAT/LON1/LON2/DLON/H
   71   51   37   31   40   37   48   44   54   55   66   69   76   75   76   75
   77   81   91  104  121  138  152  162  168  175  182  193  205  221  240  269
  304  338  365  388  387  389  374  368  350  344  330  332  322  325  317  325
  321  333  331  334  326  319  296  282  268  263  254  243  230  215  201  187
  171  154  136  120  102   91   88   58   71                                   
    22.5-180.0 180.0   5.0 450.0                            LAT/LON1/LON2/DLON/H
   78   67   48   39   35   34   39   42   48   51   58   64   70   70   72   72
   74   79   92  107  127  143  158  168  174  184  195  210  228  245  274  304
  346  379  411  426  423  419  409  396  387  378  373  370  368  367  367  373
  377  388  392  395  393  382  365  348  333  328  320  310  294  271  250  230
  214  193  177  153  130  113   99   79   78                                   
    20.0-180.0 180.0   5.0 450.0                            LAT/LON1/LON2/DLON/H
   95   89   66   53   46   38   43   40   48   44   54   56   65   64   67   68
   74   80   97  113  135  150  166  175  183  195  209  224  244  267  298  333
  373  407  433  446  434  433  423  418  409  409  404  408  407  413  411  424
  427  442  443  449  443  432  410  393  371  369  356  351  333  315  289  263
  244  223  205  184  161  143  130  103   95                                   
    17.5-180.0 180.0   5.0 450.0                            LAT/LON1/LON2/DLON/H
  113  118   99   78   61   52   50   48   50   46   48   54   60   62   63   66
   70   79   97  115  137  154  171  184  194  210  224  242  262  286  323  357
  395  426  450  451  447  440  443  436  444  437  446  446  452  453  459  465
  469  480  478  486  476  463  437  413  391  380  373  364  352  333  313  289
  269  243  224  201  182  163  146  124  113                                   
    15.0-180.0 180.0   5.0 450.0                            LAT/LON1/LON2/DLON/H
  131  127  112  102   84   71   63   59   58   49   52   48   58   55   60   59
   68   79   99  120  142  159  177  192  207  222  238  257  279  311  343  378
  409  438  449  452  445  446  447  453  461  468  474  485  489  497  495  501
  497  503  499  504  489  474  440  414  384  372  361  354  347  328  312  290
  272  249  232  214  196  180  165  150  131                                   
    12.5-180.0 180.0   5.0 450.0                            LAT/LON1/LON2/DLON/H
  136  144  127  111  100   85   76   67   65   59   55   54   58   61   62   67
   73   87  105  128  148  169  187  204  221  236  255  272  301  327  363  389
  417  433  445  441  446  445  461  467  482  490  502  509  515  516  513  512
  504  505  500  504  485  465  427  394  362  345  335  327  321  307  294  278
  265  245  231  213  202  189  181  163  136                                   
    10.0-180.0 180.0   5.0 450.0                            LAT/LON1/LON2/DLON/H
  141  146  135  120  108   99   87   77   70   62   57   49   56   58   64   67
   80   94  116  137  156  172  192  207  227  244  262  288  313  344  369  392
  412  426  435  435  442  452  468  484  497  509  519  528  535  534  524  522
  504  508  495  496  470  445  400  367  331  313  295  292  285  275  262  250
  236  227  216  207  196  187  178  168  141                                   
     7.5-180.0 180.0   5.0 450.0                            LAT/LON1/LON2/DLON/H
  137  149  134  121  112  101   93   81   73   65   58   53   55   59   68   75
   89  104  127  147  165  178  199  217  240  257  282  304  332  355  377  386
