data/unet/pred2670.15i
     1.0            IONOSPHERE MAPS     GNSS                IONEX VERSION / TYPE
pyspatialgeodesy        IME             05-JAN-18 20:20     PGM / RUN BY / DATE 
Map Name                                                    COMMENT             
Predicted global ionosphere maps (GIM).                     DESCRIPTION         
  2015     9    24     0     0     0                        EPOCH OF FIRST MAP  
  2015     9    25     0     0     0                        EPOCH OF LAST MAP   
  7200                                                      INTERVAL            
    13                                                      # OF MAPS IN FILE   
  NONE                                                      MAPPING FUNCTION    
10.0                                                        ELEVATION CUTOFF    
One-way carrier phase leveled to code                       OBSERVABLES USED    
  6371.0                                                    BASE RADIUS         
 2                                                          MAP DIMENSION       
   450.0 450.0   0.0                                        HGT1 / HGT2 / DHGT  
    87.5 -87.5  -2.5                                        LAT1 / LAT2 / DLAT  
  -180.0 180.0   5.0                                        LON1 / LON2 / DLON  
    -1                                                      EXPONENT            
                                                            END OF HEADER       
[from data line 858]
     3                                                      START OF TEC MAP    
  2015     9    24     4     0     0                        EPOCH OF CURRENT MAP
    87.5-180.0 180.0   5.0 450.0                            LAT/LON1/LON2/DLON/H
  103  115   98   95   97   93   95   92   95   91   93   90   92   89   90   87
   89   86   88   85   87   84   86   83   85   83   84   82   84   83   84   83
   85   84   86   84   88   86   89   88   91   90   93   92   95   93   96   94
   97   96   98   96   99   97   99   97   99   97   99   97  100   97   99   96
   99   96   99   96   99   94  113  109  103                                   
    85.0-180.0 180.0   5.0 450.0                            LAT/LON1/LON2/DLON/H
  116  114   91   96   94   94   92   93   92   93   91   91   90   90   88   89
   87   87   85   85   83   83   80   81   79   79   77   78   77   79   78   79
   79   81   81   83   84   86   86   88   89   91   92   94   95   97   96   98
   99  100  100  102  103  104  103  104  104  105  104  105  104  104  102  103
  101  101   99  100   97   96  108  119  116                                   
    82.5-180.0 180.0   5.0 450.0                            LAT/LON1/LON2/DLON/H
  106   93   88   93   89   89   87   90   88   89   87   89   86   88   84   87
   82   84   79   81   75   76   71   71   68   67   65   64   64   64   65   65
   68   68   72   72   76   77   81   82   86   86   89   90   92   94   95   97
   98  101  100  103  102  105  104  107  105  108  105  107  104  106  102  103
  100  101   98   98   96   92  104  106  106                                   
    80.0-180.0 180.0   5.0 450.0                            LAT/LON1/LON2/DLON/H
  111  101   96   96   95   94   93   95   94   94   93   94   93   93   90   91
   88   87   83   82   78   76   72   71   66   65   61   63   61   63   62   66
   67   70   72   75   77   80   81   85   86   89   91   94   96   99  100  104
  104  107  108  111  112  115  115  117  117  118  116  117  115  115  112  112
  110  109  107  106  103   98  109  109  111                                   
    77.5-180.0 180.0   5.0 450.0                            LAT/LON1/LON2/DLON/H
  115  100   94   95   90   90   89   90   89   90   89   91   90   90   88   88
   85   83   79   77   72   69   65   63   58   57   54   55   54   57   57   61
   62   66   68   72   72   76   76   80   80   83   83   87   88   93   95   99
  102  105  108  112  114  117  118  121  120  122  120  122  119  118  115  115
  112  111  109  109  105  100  112  108  115                                   
    75.0-180.0 180.0   5.0 450.0                            LAT/LON1/LON2/DLON/H
  115  103   93   91   88   85   85   84   85   85   86   86   87   86   86   84
   83   80   77   73   69   65   61   57   52   51   49   49   49   52   54   57
   60   63   66   68   69   71   72   72   73   74   75   78   79   83   86   91
   94  100  104  110  113  117  119  121  122  123  122  122  121  120  118  117
  115  114  113  112  110  106  116  115  115                                   
    72.5-180.0 180.0   5.0 450.0                            LAT/LON1/LON2/DLON/H
  121  104   96   93   86   83   81   80   80   80   80   81   81   81   81   80
   78   77   74   71   66   62   58   53   48   46   47   47   48   50   53   56
   59   61   64   65   66   66   66   66   66   66   68   71   73   77   80   85
   88   96  100  108  112  117  120  123  123  125  123  123  121  121  120  119
  117  117  117  118  118  115  125  120  121                                   
    70.0-180.0 180.0   5.0 450.0                            LAT/LON1/LON2/DLON/H
  125  109  101   95   89   81   80   77   78   75   77   75   77   74   76   73
   76   71   72   67   65   59   55   49   47   44   46   46   49   49   53   54
   58   58   60   60   61   59   59   57   59   58   61   64   69   73   79   84
   90   95  101  106  112  117  121  123  125  125  124  124  123  122  121  121
  120  120  121  123  124  122  131  129  125                                   
    67.5-180.0 180.0   5.0 450.0                            LAT/LON1/LON2/DLON/H
  132  114  107  101   91   85   80   78   75   75   72   72   70   70   69   69
   69   69   67   65   61   57   53   49   47   46   47   47   49   50   52   53
   54   54   55   54   53   51   51   50   51   52   56   61   67   74   81   87
   93   98  103  108  112  117  120  123  123  124  123  124  121  122  120  120
  119  121  123  127  129  130  138  135  132                                   
    65.0-180.0 180.0   5.0 450.0                            LAT/LON1/LON2/DLON/H
  135  122  114  106   97   86   83   77   76   72   71   67   68   64   65   62
   65   62   63   60   59   55   52   49   48   47   50   49   51   50   51   50
   50   48   48   46   45   43   43   42   46   48   55   60   70   79   87   94
  100  103  107  110  114  117  121  123  125  125  125  124  124  124  123  122
  121  122  124  127  131  131  140  140  135                                   
    62.5-180.0 180.0   5.0 450.0                            LAT/LON1/LON2/DLON/H
  139  125  119  112   99   92   84   81   76   74   69   67   63   61   58   57
   57   57   57   57   54   53   50   49   48   49   51   51   51   49   48   45
   44   42   41   39   38   37   38   39   44   48   57   65   75   87   96  102
  106  109  111  113  116  119  122  124  126  126  125  126  126  126  124  122
  120  120  122  126  129  134  142  142  139                                   
    60.0-180.0 180.0   5.0 450.0                            LAT/LON1/LON2/DLON/H
  140  129  122  115  105   94   89   82   80   73   72   65   64   58   56   53
   55   53   55   53   53   50   49   46   49   48   52   50   53   48   47   42
   41   37   36   35   36   35   37   38   45   50   61   70   86   97  106  111
  115  115  117  117  120  123  127  129  132  131  130  131  132  132  130  128
  125  123  124  125  127  128  140  141  140                                   
    57.5-180.0 180.0   5.0 450.0                            LAT/LON1/LON2/DLON/H
  142  130  125  119  107  100   92   88   82   79   72   69   63   59   54   53
   53   53   52   51   49   48   46   45   47   49   53   52   53   48   45   40
   38   36   37   37   40   41   43   45   52   58   69   81   97  109  117  121
  125  125  127  127  130  133  137  139  141  141  139  140  140  140  137  134
  129  126  124  124  124  128  137  137  142                                   
    55.0-180.0 180.0   5.0 450.0                            LAT/LON1/LON2/DLON/H
  144  136  130  124  114  105   99   92   88   80   77   69   67   60   57   53
   55   53   53   49   48   45   45   43   48   49   55   53   55   49   48   41
   41   38   42   43   48   48   52   52   60   65   78   90  107  118  126  128
  132  132  134  136  139  144  147  150  151  151  149  150  151  151  148  144
  138  134  131  128  126  125  137  138  144                                   
    52.5-180.0 180.0   5.0 450.0                            LAT/LON1/LON2/DLON/H
  151  141  139  132  120  112  105  100   91   87   79   74   68   64   59   57
   55   55   52   50   46   44   43   44   46   50   54   56   57   53   51   47
   47   48   51   56   60   62   64   65   69   75   87   99  115  126  135  138
  142  143  147  151  156  160  164  164  165  163  161  161  162  163  160  155
  148  143  139  133  131  132  141  139  151                                   
    50.0-180.0 180.0   5.0 450.0                            LAT/LON1/LON2/DLON/H
  159  152  150  145  133  124  115  107  100   91   85   76   74   66   65   59
   61   55   56   49   50   45   47   46   52   52   60   60   63   58   58   52
   55   56   64   67   74   75   78   76   81   84   96  106  123  133  142  147
  151  156  163  170  176  181  182  182  180  178  172  172  172  173  172  169
  163  158  154  150  143  139  148  148  159                                   
    47.5-180.0 180.0   5.0 450.0                            LAT/LON1/LON2/DLON/H
  171  163  165  158  147  137  126  117  105   98   89   83   76   72   67   64
   61   59   57   54   52   50   51   52   55   59   63   66   66   65   61   60
   62   67   74   81   87   89   89   89   91   94  104  115  130  143  152  159
  167  175  183  192  197  202  202  200  195  190  182  181  180  181  180  181
  175  172  168  164  158  156  159  155  171                                   
    45.0-180.0 180.0   5.0 450.0                            LAT/LON1/LON2/DLON/H
  184  177  177  173  163  154  140  128  115  104   96   86   83   75   75   66
   67   60   63   56   60   57   61   60   66   66   72   71   74   71   72   68
   73   77   86   92   99  100  101   98  101  102  113  123  139  152  162  172
  183  196  205  213  216  220  217  214  207  201  193  189  188  189  188  189
  186  186  184  182  174  169  173  170  184                                   
    42.5-180.0 180.0   5.0 450.0                            LAT/LON1/LON2/DLON/H
  196  188  193  187  177  167  154  140  123  111  101   94   87   83   77   72
   68   65   65   65   66   68   72   73   77   77   80   78   79   78   77   76
   77   83   90   98  103  106  107  106  108  111  120  133  149  162  174  188
  203  215  224  231  232  232  228  222  215  208  198  194  192  192  191  193
  192  194  195  193  189  185  187  181  196                                   
    40.0-180.0 180.0   5.0 450.0                            LAT/LON1/LON2/DLON/H
  206  200  199  197  187  177  165  152  132  120  110  101   96   89   86   78
   78   71   76   72   79   79   86   85   88   85   85   83   83   81   82   80
   83   85   94   98  106  106  110  108  113  117  128  141  157  172  186  203
  218  231  239  244  243  242  237  231  226  219  211  205  204  202  199  200
  201  204  207  208  201  197  198  195  206                                   
    37.5-180.0 180.0   5.0 450.0                            LAT/LON1/LON2/DLON/H
  213  203  208  203  191  185  172  161  141  128  116  109  102   98   92   89
   85   82   85   86   91   93   99  100  100   96   94   90   88   85   83   82
   82   85   91   96  102  104  109  111  118  126  138  152  168  182  198  213
  230  241  249  253  252  250  246  243  238  232  224  219  215  212  207  207
  207  211  214  215  210  207  206  203  213                                   
    35.0-180.0 180.0   5.0 450.0                            LAT/LON1/LON2/DLON/H
  219  214  209  206  193  183  173  163  147  135  124  117  112  106  102   97
   96   92   96   96  100  102  106  107  104  101   95   93   89   88   86   84
   85   83   89   92   98  100  107  110  121  130  144  159  173  189  202  219
  233  244  252  255  256  255  256  254  255  251  247  242  239  231  225  221
  220  224  228  229  220  217  217  215  219                                   
    32.5-180.0 180.0   5.0 450.0                            LAT/LON1/LON2/DLON/H
  227  217  217  207  190  182  171  163  149  138  129  123  116  113  108  107
  105  105  108  108  110  113  116  115  114  107  103   98   94   91   87   86
   85   84   87   89   94   97  103  111  121  135  150  166  180  193  205  219
  231  242  249  253  256  258  264  269  275  277  275  272  268  259  248  241
  237  240  244  243  237  231  229  229  227                                   
    30.0-180.0 180.0   5.0 450.0                            LAT/LON1/LON2/DLON/H
  245  237  225  215  195  182  169  161  149  142  133  128  123  118  115  111
  112  109  112  111  110  112  114  117  113  111  104  104   98   99   95   93
   90   88   88   88   92   95  102  109  121  135  150  166  178  190  199  211
  223  233  242  249  258  265  278  287  301  305  310  310  309  298  286  275
  268  269  270  268  257  252  248  249  245                                   
    27.5-180.0 180.0   5.0 450.0                            LAT/LON1/LON2/DLON/H
  273  252  243  227  201  188  172  163  150  143  135  129  123  120  116  116
  115  114  116  113  113  113  117  119  120  116  114  112  108  107  101  101
   94   93   90   89   92   94  100  106  117  130  146  164  176  186  194  202
  214  224  237  248  259  275  290  305  321  334  342  345  344  337  325  315
  305  303  302  297  289  282  274  279  273                                   
    25.0-180.0 180.0   5.0 450.0                            LAT/LON1/LON2/DLON/H
  312  287  268  247  220  199  178  167  154  148  140  135  128  122  120  116
  117  115  114  110  107  108  112  119  121  124  122  124  119  117  110  107
  100   96   93   93   94   94  100  103  114  124  141  159  173  181  188  197
  206  220  233  250  268  288  306  323  341  358  372  381  384  378  368  358
  348  344  340  333  324  320  315  314  312                                   
    22.5-180.0 180.0   5.0 450.0                            LAT/LON1/LON2/DLON/H
  353  320  305  277  243  218  196  179  168  159  148  139  130  123  119  116
  116  111  113  105  106  106  115  122  131  136  138  139  132  130  119  116
  106  105   98   99   95   95   97   99  107  116  130  147  165  175  184  192
  206  222  242  263  283  304  323  342  360  378  391  404  410  407  400  393
  385  381  378  369  364  362  355  360  353                                   
    20.0-180.0 180.0   5.0 450.0                            LAT/LON1/LON2/DLON/H
  394  365  340  314  281  249  223  205  193  183  170  155  144  133  128  122
  119  113  109  104  100  105  113  128  140  152  155  157  149  142  131  122
  114  108  104   99   98   95   97   96  101  108  123  138  158  171  181  194
  212  234  257  282  304  326  346  366  383  399  415  428  436  437  433  430
  426  424  419  411  403  405  398  400  394                                   
    17.5-180.0 180.0   5.0 450.0                            LAT/LON1/LON2/DLON/H
  424  400  386  355  322  291  258  234  220  211  196  178  158  145  135  127
  121  114  110  105  105  111  122  138  156  172  173  175  163  154  139  132
  119  114  105  103   98   96   94   92   95  100  114  128  150  166  183  200
  223  246  274  299  321  346  368  387  402  419  431  444  449  454  455  458
  455  456  452  445  440  442  431  435  424                                   
    15.0-180.0 180.0   5.0 450.0                            LAT/LON1/LON2/DLON/H
  448  432  418  396  368  338  307  284  267  249  232  210  189  168  158  145
  136  126  119  116  114  123  133  153  174  188  190  188  179  163  151  136
  125  114  109  102   99   96   92   89   89   93  108  121  147  166  189  208
  235  263  292  317  342  369  389  408  418  434  443  453  458  466  474  477
  480  484  486  484  477  480  474  470  448                                   
    12.5-180.0 180.0   5.0 450.0                            LAT/LON1/LON2/DLON/H
  460  450  442  427  404  386  355  334  312  295  272  248  225  204  187  169
  157  144  137  134  135  143  155  176  193  206  204  201  187  175  156  143
  128  119  110  105  100   97   92   88   89   90  105  119  144  169  194  216
  248  276  305  333  358  383  400  414  426  441  447  456  462  473  479  488
  491  501  506  506  504  507  502  498  460                                   
    10.0-180.0 180.0   5.0 450.0                            LAT/LON1/LON2/DLON/H
  471  463  456  450  441  427  404  384  363  340  317  290  263  241  226  206
  187  173  164  160  161  166  177  194  209  217  214  205  193  178  163  145
  131  118  108  102   97   96   90   86   86   87  103  116  145  169  196  222
  256  284  315  341  368  387  403  416  428  443  448  458  463  472  481  489
  498  511  520  525  524  526  536  524  471                                   
     7.5-180.0 180.0   5.0 450.0                            LAT/LON1/LON2/DLON/H
  478  474  472  468  463  457  438  422  400  381  353  325  302  281  264  245
  230  214  206  201  200  201  206  216  226  230  222  211  194  182  166  148
