data/unet/pred0300.15i
     1.0            IONOSPHERE MAPS     GNSS                IONEX VERSION / TYPE
pyspatialgeodesy        IME             05-JAN-18 20:20     PGM / RUN BY / DATE 
Map Name                                                    COMMENT             
Predicted global ionosphere maps (GIM).                     DESCRIPTION         
  2015     1    30     0     0     0                        EPOCH OF FIRST MAP  
  2015     1    31     0     0     0                        EPOCH OF LAST MAP   
  7200                                                      INTERVAL            
    13                                                      # OF MAPS IN FILE   
  NONE                                                      MAPPING FUNCTION    
10.0                                                        ELEVATION CUTOFF    
One-way carrier phase leveled to code                       OBSERVABLES USED    
  6371.0                                                    BASE RADIUS         
 2                                                          MAP DIMENSION       
   450.0 450.0   0.0                                        HGT1 / HGT2 / DHGT  
    87.5 -87.5  -2.5                                        LAT1 / LAT2 / DLAT  
  -180.0 180.0   5.0                                        LON1 / LON2 / DLON  
    -1                                                      EXPONENT            
                                                            END OF HEADER       
[from data line 1716]
     5                                                      START OF TEC MAP    
  2015     1    30     8     0     0                        EPOCH OF CURRENT MAP
    87.5-180.0 180.0   5.0 450.0                            LAT/LON1/LON2/DLON/H
   42   57   58   59   60   59   62   62   66   66   69   68   71   70   71   69
   70   69   70   69   69   68   69   68   69   69   69   68   68   68   67   67
   66   66   65   64   63   63   62   62   61   62   62   62   61   61   61   61
   61   61   61   61   60   60   60   59   58   58   57   56   55   54   52   52
   52   51   52   53   55   56   61   55   42                                   
    85.0-180.0 180.0   5.0 450.0                            LAT/LON1/LON2/DLON/H
   51   72   69   76   74   76   77   81   82   85   85   87   86   87   84   85
   81   82   78   80   77   78   76   78   77   78   78   79   79   80   81   81
   81   81   83   81   82   80   82   80   80   79   80   78   78   76   77   75
   75   73   75   72   73   71   72   68   68   64   65   60   62   57   58   55
   56   55   56   56   60   58   68   49   51                                   
    82.5-180.0 180.0   5.0 450.0                            LAT/LON1/LON2/DLON/H
   52   71   64   70   72   74   78   82   85   87   88   88   87   86   83   80
   77   74   70   68   64   65   62   64   61   65   63   69   66   72   70   76
   73   79   77   82   79   84   81   85   82   86   83   85   82   84   80   82
   78   80   77   77   74   73   69   67   62   60   55   52   47   46   41   41
   38   40   38   41   41   42   52   43   52                                   
    80.0-180.0 180.0   5.0 450.0                            LAT/LON1/LON2/DLON/H
   48   61   59   65   69   72   76   81   83   86   86   86   84   82   77   73
   68   63   58   55   50   51   47   50   47   52   50   55   54   60   61   65
   67   70   74   75   79   80   85   85   88   88   92   91   94   92   96   92
   96   92   95   89   91   83   83   74   73   64   62   52   50   42   39   34
   33   30   31   30   34   29   41   39   48                                   
    77.5-180.0 180.0   5.0 450.0                            LAT/LON1/LON2/DLON/H
   40   65   61   63   66   70   75   79   83   84   85   83   81   76   71   64
   59   52   48   42   39   37   36   37   38   42   44   48   50   55   57   61
   63   67   69   73   76   80   83   87   90   94   96  101  102  107  110  113
  114  115  117  114  112  107  105   98   92   85   78   71   63   55   49   43
   38   35   34   32   33   30   42   35   40                                   
    75.0-180.0 180.0   5.0 450.0                            LAT/LON1/LON2/DLON/H
   41   60   55   60   64   68   74   77   80   80   80   77   73   68   62   55
   48   41   36   31   28   28   28   31   33   37   40   45   47   51   53   56
   56   59   61   64   66   69   73   77   83   88   96  101  109  115  126  131
  137  141  143  141  140  133  131  123  118  107  100   88   81   70   63   54
   50   45   43   41   39   34   45   36   41                                   
    72.5-180.0 180.0   5.0 450.0                            LAT/LON1/LON2/DLON/H
   45   67   56   58   61   65   68   71   72   74   73   70   66   61   55   48
   42   34   30   25   24   24   28   31   36   40   46   49   53   54   56   56
   56   56   59   59   61   65   68   74   80   89   97  112  121  138  147  160
  166  171  176  172  172  164  162  151  144  133  123  112  102   92   83   74
   68   62   58   54   50   44   54   48   45                                   
    70.0-180.0 180.0   5.0 450.0                            LAT/LON1/LON2/DLON/H
   51   64   54   58   59   63   65   68   69   69   68   66   62   58   52   47
   41   36   32   30   30   33   38   43   49   54   60   61   64   61   61   56
   57   52   56   51   57   57   65   67   81   86  104  117  135  150  166  179
  191  195  202  200  201  194  193  183  176  166  153  143  129  118  106   96
   89   81   77   70   66   55   64   58   51                                   
    67.5-180.0 180.0   5.0 450.0                            LAT/LON1/LON2/DLON/H
   53   70   57   57   59   60   63   64   66   64   64   60   58   53   51   46
   42   39   37   37   38   43   50   55   64   68   75   75   76   72   69   62
   57   53   51   51   51   58   61   74   83  101  113  135  147  169  182  198
  206  215  222  224  225  221  217  209  200  188  175  162  149  136  123  110
  102   93   89   80   76   66   70   66   53                                   
    65.0-180.0 180.0   5.0 450.0                            LAT/LON1/LON2/DLON/H
   60   65   54   55   57   56   59   59   60   59   59   57   55   54   49   49
   46   45   45   47   50   55   62   69   78   83   88   86   84   76   71   61
   56   50   49   47   52   57   67   79   96  111  129  145  161  178  194  208
  220  224  234  235  238  232  229  222  214  203  189  179  163  153  137  126
  114  104   97   89   84   72   76   71   60                                   
    62.5-180.0 180.0   5.0 450.0                            LAT/LON1/LON2/DLON/H
   59   69   55   54   56   54   59   57   60   56   59   54   56   51   52   49
   49   49   50   52   57   62   70   76   85   88   94   89   85   75   65   55
   48   46   44   47   52   62   76   91  110  129  147  163  180  194  208  220
  230  236  243  247  247  244  239  234  226  215  201  188  176  160  146  130
  119  105   99   88   85   75   77   71   59                                   
    60.0-180.0 180.0   5.0 450.0                            LAT/LON1/LON2/DLON/H
   64   62   51   52   55   51   58   55   59   55   57   54   57   54   55   54
   55   54   56   57   62   65   75   78   88   87   91   83   79   67   58   48
   43   41   43   47   58   71   90  107  127  143  162  177  192  203  215  223
  234  234  242  242  246  240  239  233  227  216  205  194  182  168  153  137
  123  109  100   90   85   74   77   69   64                                   
    57.5-180.0 180.0   5.0 450.0                            LAT/LON1/LON2/DLON/H
   62   67   53   52   54   52   57   54   58   52   57   51   57   52   58   54
   57   55   56   56   59   62   68   72   79   78   80   73   65   57   47   42
   38   41   44   53   65   82  101  120  140  157  174  189  203  211  219  226
  234  237  243  245  246  246  245  243  238  227  215  203  192  178  163  143
  128  109  100   88   84   74   76   67   62                                   
    55.0-180.0 180.0   5.0 450.0                            LAT/LON1/LON2/DLON/H
   68   65   52   51   54   51   57   54   57   53   56   53   58   57   62   60
   62   59   60   57   59   59   62   64   68   66   66   59   54   47   41   38
   38   42   50   64   81  101  120  140  159  175  192  206  219  226  236  239
  247  245  251  250  254  251  253  251  246  238  225  217  207  194  179  159
  140  118  106   93   89   77   80   68   68                                   
    52.5-180.0 180.0   5.0 450.0                            LAT/LON1/LON2/DLON/H
   72   73   59   56   56   55   58   55   56   51   54   51   57   55   62   59
   62   57   57   53   54   53   55   56   58   58   57   53   48   43   38   38
   40   48   59   76   94  116  136  157  176  193  209  223  234  243  247  258
  261  264  265  266  266  266  265  263  259  252  241  232  224  212  199  175
  156  131  116  102   97   85   89   76   72                                   
    50.0-180.0 180.0   5.0 450.0                            LAT/LON1/LON2/DLON/H
   81   78   64   61   60   58   61   57   58   53   56   55   60   61   67   65
   68   62   63   58   59   55   57   56   56   53   53   47   44   40   38   40
   45   56   73   94  114  136  155  175  194  210  227  239  254  258  270  274
  280  277  280  276  279  275  277  273  270  264  257  250  242  230  217  195
  174  148  130  115  108   96   97   85   81                                   
    47.5-180.0 180.0   5.0 450.0                            LAT/LON1/LON2/DLON/H
   92   88   77   73   68   66   68   62   61   56   58   57   62   62   67   64
   66   61   63   59   61   58   60   58   59   57   55   52   47   44   40   45
   52   67   85  109  128  151  168  189  206  223  237  253  264  275  287  294
  297  296  295  293  292  287  285  280  276  271  266  259  254  241  229  207
  187  158  139  122  117  107  110   99   92                                   
    45.0-180.0 180.0   5.0 450.0                            LAT/LON1/LON2/DLON/H
   98   95   82   80   75   76   75   69   68   64   65   66   70   71   75   73
   74   71   73   71   74   74   76   74   73   69   66   59   54   49   48   50
   59   79  101  126  145  166  184  204  221  236  255  267  285  297  310  312
  315  309  309  302  302  295  293  284  281  274  271  266  261  249  236  213
  194  167  145  128  122  111  112  105   98                                   
    42.5-180.0 180.0   5.0 450.0                            LAT/LON1/LON2/DLON/H
  104   99   92   90   87   87   87   81   78   74   76   76   79   78   81   78
   79   76   81   81   87   88   91   91   90   85   79   73   64   58   53   58
   66   89  110  137  156  178  196  217  231  249  265  282  300  313  323  326
  327  323  318  313  309  303  295  286  280  274  269  264  260  248  235  213
  192  165  142  125  119  109  115  110  104                                   
    40.0-180.0 180.0   5.0 450.0                            LAT/LON1/LON2/DLON/H
   98   96   89   91   91   94   94   93   89   87   89   90   93   92   94   91
   92   90   96   97  106  110  116  114  114  104   98   84   74   62   55   59
   68   93  118  147  167  193  210  230  247  262  282  300  318  329  338  339
  340  334  331  324  321  310  301  288  282  273  269  263  258  245  231  208
  187  159  135  121  113   99  105  103   98                                   
    37.5-180.0 180.0   5.0 450.0                            LAT/LON1/LON2/DLON/H
   92   91   90   94   96  100  104  103  101  101  102  103  105  104  104  101
  102  101  107  112  121  127  132  131  129  119  109   94   79   67   58   59
   67   91  116  148  173  200  219  241  257  276  294  311  328  338  347  350
  352  348  345  339  335  323  312  300  291  283  275  272  263  250  232  210
  187  159  136  117  107   92   99   94   92                                   
    35.0-180.0 180.0   5.0 450.0                            LAT/LON1/LON2/DLON/H
   84   86   83   90   95  101  106  109  108  112  112  116  118  119  120  117
  120  118  126  129  140  142  151  144  146  130  121  101   87   70   59   58
   67   88  116  153  181  212  234  255  275  291  310  325  342  351  361  365
  368  367  368  367  365  357  346  335  325  318  310  303  294  273  253  224
  202  174  148  127  110   90   92   86   84                                   
    32.5-180.0 180.0   5.0 450.0                            LAT/LON1/LON2/DLON/H
   85   89   85   90   95   99  105  107  109  113  114  120  121  125  123  124
  124  127  130  136  142  147  150  148  145  135  121  105   87   72   62   58
   67   85  114  153  187  222  246  271  286  308  323  341  353  363  373  380
  386  387  390  391  396  390  382  374  366  364  354  351  335  317  291  263
  235  209  186  158  136  108  102   87   85                                   
    30.0-180.0 180.0   5.0 450.0                            LAT/LON1/LON2/DLON/H
   93   95   85   88   89   93   97  100  103  109  112  118  124  127  132  133
  138  137  145  145  154  151  158  149  150  133  124  104   92   73   64   60
   71   90  122  164  199  236  264  288  307  324  344  356  375  381  398  402
  411  412  421  430  439  445  439  442  432  436  422  420  403  382  354  326
  300  274  245  215  185  152  131  112   93                                   
    27.5-180.0 180.0   5.0 450.0                            LAT/LON1/LON2/DLON/H
  122  121  107  103   99   96   96   94   98   98  104  108  114  121  124  130
  132  136  138  142  145  146  147  143  139  128  117  103   90   77   70   69
   82  103  135  177  218  250  279  306  322  343  359  377  391  403  416  426
  436  443  458  469  483  488  497  498  502  501  496  490  479  459  433  405
  379  354  323  292  258  208  183  151  122                                   
    25.0-180.0 180.0   5.0 450.0                            LAT/LON1/LON2/DLON/H
  158  152  136  124  114  106  101   96   97   96   99  103  109  116  125  129
  137  139  146  144  150  144  147  139  138  125  119  105   95   84   81   83
   98  122  158  201  235  273  295  327  345  366  386  400  421  430  453  456
  480  485  515  527  553  561  578  587  595  603  596  594  578  557  529  507
  487  475  445  402  348  292  247  216  158                                   
    22.5-180.0 180.0   5.0 450.0                            LAT/LON1/LON2/DLON/H
  212  202  188  166  149  134  123  111  108   99  102   99  104  107  114  121
  126  130  134  136  138  137  136  133  132  125  116  106  101   93   94   96
  118  139  182  219  258  287  317  345  368  392  412  432  452  467  489  502
  530  551  584  607  634  649  659  660  660  658  655  650  638  622  603  594
  576  567  538  494  445  395  333  292  212                                   
    20.0-180.0 180.0   5.0 450.0                            LAT/LON1/LON2/DLON/H
  290  271  245  216  193  168  154  136  126  115  112  106  108  109  115  119
  127  128  136  132  138  134  138  135  137  130  122  112  110  106  103  110
  130  157  196  239  275  308  335  367  396  421  445  464  489  507  536  558
  591  612  646  667  695  698  707  705  708  707  709  707  699  682  665  650
  638  628  610  583  537  479  419  374  290                                   
    17.5-180.0 180.0   5.0 450.0                            LAT/LON1/LON2/DLON/H
  381  365  320  287  261  230  204  181  161  143  133  121  119  113  115  115
  119  121  124  126  130  131  134  135  136  130  122  117  119  115  113  116
  138  164  205  244  286  316  352  384  414  444  471  496  521  548  581  610
  639  660  689  705  718  722  727  727  726  728  729  732  727  719  702  694
  680  675  655  631  591  555  486  451  381                                   
    15.0-180.0 180.0   5.0 450.0                            LAT/LON1/LON2/DLON/H
  442  428  387  365  332  294  260  226  206  186  169  152  141  132  128  123
  125  121  126  125  130  132  137  139  140  136  131  125  122  117  117  127
  140  176  216  261  299  340  371  408  439  470  500  526  556  588  616  647
  672  691  711  714  723  720  723  718  719  716  726  731  736  729  720  708
  697  688  674  650  615  584  537  497  442                                   
    12.5-180.0 180.0   5.0 450.0                            LAT/LON1/LON2/DLON/H
  470  466  426  407  385  356  311  273  244  226  208  190  174  158  146  135
  133  125  127  125  130  130  138  140  144  143  140  135  127  122  121  128
  146  181  223  271  309  348  383  417  448  484  514  547  578  613  636  668
  683  701  705  707  704  702  697  693  687  692  699  713  718  718  706  699
  685  678  661  638  610  583  556  513  470                                   
    10.0-180.0 180.0   5.0 450.0                            LAT/LON1/LON2/DLON/H
  476  482  449  439  419  398  361  321  286  262  245  229  214  194  179  159
  153  141  139  135  137  138  143  148  152  150  144  134  126  117  118  129
  154  193  237  285  319  362  393  429  460  495  529  563  597  625  650  671
  683  691  691  684  681  673  671  664  666  667  680  691  699  697  690  680
  667  656  639  617  593  571  549  506  476                                   
     7.5-180.0 180.0   5.0 450.0                            LAT/LON1/LON2/DLON/H
  465  470  449  443  432  411  384  350  317  293  271  248  236  214  199  174
  167  156  155  147  146  140  147  150  156  156  148  139  128  121  124  136
