data/unet/pred3490.15i
     1.0            IONOSPHERE MAPS     GNSS                IONEX VERSION / TYPE
pyspatialgeodesy        IME             05-JAN-18 20:20     PGM / RUN BY / DATE 
Map Name                                                    COMMENT             
Predicted global ionosphere maps (GIM).                     DESCRIPTION         
  2015    12    15     0     0     0                        EPOCH OF FIRST MAP  
  2015    12    16     0     0     0                        EPOCH OF LAST MAP   
  7200                                                      INTERVAL            
    13                                                      # OF MAPS IN FILE   
  NONE                                                      MAPPING FUNCTION    
10.0                                                        ELEVATION CUTOFF    
One-way carrier phase leveled to code                       OBSERVABLES USED    
  6371.0                                                    BASE RADIUS         
 2                                                          MAP DIMENSION       
   450.0 450.0   0.0                                        HGT1 / HGT2 / DHGT  
    87.5 -87.5  -2.5                                        LAT1 / LAT2 / DLAT  
  -180.0 180.0   5.0                                        LON1 / LON2 / DLON  
    -1                                                      EXPONENT            
                                                            END OF HEADER       
[from data line 3432]
     9                                                      START OF TEC MAP    
  2015    12    15    16     0     0                        EPOCH OF CURRENT MAP
    87.5-180.0 180.0   5.0 450.0                            LAT/LON1/LON2/DLON/H
   65   84   83   85   83   84   84   85   85   87   86   87   86   88   86   88
   87   89   87   89   88   89   88   89   88   89   88   89   88   89   88   89
   88   88   87   88   86   87   85   86   84   85   83   84   82   83   80   82
   80   81   79   80   79   80   79   80   79   79   79   79   79   79   79   79
   79   80   80   81   81   83   86   98   65                                   
    85.0-180.0 180.0   5.0 450.0                            LAT/LON1/LON2/DLON/H
   54   71   63   66   68   70   71   72   73   75   77   77   79   79   81   80
   83   81   82   81   83   81   82   81   82   81   80   79   79   78   78   77
   77   76   76   76   76   75   74   74   73   72   71   70   69   68   67   66
   66   65   64   64   64   63   62   63   62   62   61   61   61   61   60   60
   59   60   60   60   61   59   68   68   54                                   
    82.5-180.0 180.0   5.0 450.0                            LAT/LON1/LON2/DLON/H
   51   56   51   55   54   57   59   61   63   65   67   67   70   69   72   70
   75   71   75   72   76   74   75   74   73   73   70   72   69   71   68   70
   67   70   67   69   66   68   65   66   63   64   60   60   57   57   54   54
   52   53   51   51   50   51   49   50   48   50   47   48   46   47   44   46
   43   45   43   44   43   42   57   54   51                                   
    80.0-180.0 180.0   5.0 450.0                            LAT/LON1/LON2/DLON/H
   47   52   50   55   54   60   58   64   63   68   67   71   69   73   72   75
   74   77   75   78   77   79   76   78   74   76   70   72   67   69   64   67
   63   67   63   67   62   66   61   63   58   61   55   58   53   56   52   55
   52   55   52   56   53   57   54   58   54   58   54   57   52   55   50   52
   48   51   46   47   43   47   55   49   47                                   
    77.5-180.0 180.0   5.0 450.0                            LAT/LON1/LON2/DLON/H
   43   50   47   46   49   51   54   55   56   56   58   56   59   56   60   58
   65   63   69   67   73   69   73   69   70   65   64   61   58   56   53   53
   52   53   53   55   54   55   53   53   50   50   48   46   46   46   46   46
   48   48   50   50   52   52   53   52   53   52   52   51   50   49   47   45
   44   43   43   39   41   37   45   40   43                                   
    75.0-180.0 180.0   5.0 450.0                            LAT/LON1/LON2/DLON/H
   42   55   50   48   54   55   59   56   60   57   61   57   61   58   63   61
   66   67   71   73   78   77   80   77   79   74   73   67   64   60   57   54
   54   53   55   54   56   55   56   53   54   50   51   47   50   49   52   51
   56   55   60   59   64   63   67   64   67   65   66   63   64   60   61   56
   57   53   55   47   47   47   54   44   42                                   
    72.5-180.0 180.0   5.0 450.0                            LAT/LON1/LON2/DLON/H
   49   58   55   53   56   56   60   57   60   57   60   57   60   58   62   60
   67   68   75   77   85   85   89   87   90   83   83   74   71   63   60   55
   55   53   55   54   57   55   56   52   52   47   48   45   48   46   51   50
   57   56   63   63   69   68   73   71   76   72   75   71   73   68   69   63
   65   59   61   53   54   47   54   44   49                                   
    70.0-180.0 180.0   5.0 450.0                            LAT/LON1/LON2/DLON/H
   51   64   59   53   59   57   62   58   63   61   65   61   63   61   65   65
   71   75   83   88   98   99  105  103  105   98   96   84   81   69   68   59
   59   54   56   56   57   56   56   53   53   48   49   45   48   46   51   51
   57   58   65   65   73   70   76   73   78   74   77   72   75   70   71   64
   67   61   64   55   57   55   61   47   51                                   
    67.5-180.0 180.0   5.0 450.0                            LAT/LON1/LON2/DLON/H
   57   63   58   55   56   54   58   53   58   55   61   57   61   57   62   61
   73   74   88   94  109  112  122  118  122  114  111   99   93   80   75   65
   63   56   58   54   56   52   53   47   47   41   42   37   40   37   43   43
   51   54   61   63   69   69   73   71   75   73   75   71   74   69   70   65
   66   63   64   58   57   50   54   48   57                                   
    65.0-180.0 180.0   5.0 450.0                            LAT/LON1/LON2/DLON/H
   55   62   57   49   54   52   56   55   60   60   64   63   65   63   66   68
   78   86   99  109  124  129  138  137  139  131  126  111  106   89   84   71
   70   60   61   55   56   53   51   47   46   41   40   37   37   36   40   41
   47   49   56   56   63   60   66   62   69   64   69   63   68   62   65   57
   63   56   61   52   57   52   58   49   55                                   
    62.5-180.0 180.0   5.0 450.0                            LAT/LON1/LON2/DLON/H
   53   55   49   47   46   42   46   43   50   51   58   58   62   60   65   66
   80   86  106  118  135  142  153  151  155  143  140  124  117  104   96   87
   78   71   64   59   55   50   46   41   39   33   32   28   30   28   32   33
   37   40   44   46   50   49   53   52   57   56   58   58   58   56   54   51
   52   51   51   49   50   42   48   45   53                                   
    60.0-180.0 180.0   5.0 450.0                            LAT/LON1/LON2/DLON/H
   45   51   46   40   42   42   44   44   47   53   57   62   64   68   71   76
   87   99  114  132  147  158  163  163  163  155  150  137  132  117  111  100
   94   81   76   67   61   54   48   43   38   35   32   30   30   28   31   30
   34   33   39   35   40   36   42   38   46   42   48   43   50   42   48   41
   48   42   48   41   47   41   48   44   45                                   
    57.5-180.0 180.0   5.0 450.0                            LAT/LON1/LON2/DLON/H
   40   43   37   37   34   33   33   33   37   43   51   56   62   66   70   77
   88  100  119  134  152  162  169  169  168  160  157  144  142  130  128  117
  108   96   86   74   64   55   49   43   39   34   35   31   32   29   30   28
   30   30   31   29   29   28   29   30   35   36   38   38   40   38   38   36
   38   37   39   38   40   34   42   37   40                                   
    55.0-180.0 180.0   5.0 450.0                            LAT/LON1/LON2/DLON/H
   38   46   45   41   40   38   37   37   39   47   52   63   68   78   81   92
  101  112  129  146  159  170  173  176  169  166  159  152  151  145  143  133
  126  111  100   86   75   66   57   52   46   44   42   40   39   35   36   32
   34   32   34   30   30   27   31   29   36   35   40   37   41   35   38   32
   37   34   40   38   42   39   47   40   38                                   
    52.5-180.0 180.0   5.0 450.0                            LAT/LON1/LON2/DLON/H
   40   45   44   44   40   38   33   35   35   44   52   61   70   78   84   95
  106  121  135  151  164  172  175  176  173  167  164  159  160  156  156  148
  139  123  109   94   83   73   66   60   56   54   52   50   48   44   43   40
   41   39   39   36   36   33   36   37   42   44   45   45   44   41   40   37
   39   38   41   42   43   41   51   41   40                                   
    50.0-180.0 180.0   5.0 450.0                            LAT/LON1/LON2/DLON/H
   47   58   57   54   52   51   46   48   46   56   60   76   79   96   98  116
  122  141  151  169  175  185  181  183  176  176  168  169  166  165  164  157
  147  132  118  105   94   86   78   75   70   70   67   66   61   57   55   51
   52   50   51   47   47   44   47   48   53   55   56   55   54   49   49   45
   49   48   52   53   55   54   63   50   47                                   
    47.5-180.0 180.0   5.0 450.0                            LAT/LON1/LON2/DLON/H
   57   65   65   65   65   61   55   55   53   61   69   80   89   99  108  122
  132  150  160  177  181  189  185  186  181  178  174  171  171  170  167  160
  149  135  123  111  103   95   90   86   83   82   80   78   74   70   66   63
   63   61   63   59   59   56   58   60   63   66   65   65   62   60   58   57
   57   59   60   63   61   62   73   59   57                                   
    45.0-180.0 180.0   5.0 450.0                            LAT/LON1/LON2/DLON/H
   62   78   75   76   75   74   69   72   69   81   84  100  104  119  125  144
  152  173  179  196  197  202  195  195  188  187  181  180  177  172  165  156
  145  135  124  117  110  106  102  100   96   96   92   92   86   84   77   76
   74   75   75   73   71   70   70   72   75   76   74   73   70   68   67   66
   69   70   74   73   74   75   86   70   62                                   
    42.5-180.0 180.0   5.0 450.0                            LAT/LON1/LON2/DLON/H
   69   80   81   84   88   85   84   83   84   92  100  112  120  131  140  155
  167  181  191  200  202  203  198  197  195  193  190  186  181  172  162  152
  144  135  129  124  121  117  113  110  106  103  100   98   94   90   86   83
   83   82   83   81   79   77   76   78   79   80   75   75   72   73   71   75
   74   79   78   81   76   79   89   77   69                                   
    40.0-180.0 180.0   5.0 450.0                            LAT/LON1/LON2/DLON/H
   59   79   78   81   84   84   83   89   92  105  112  130  135  151  158  174
  184  199  204  216  213  219  210  214  208  208  200  193  181  167  157  148
  145  139  136  134  134  131  128  123  117  112  109  106  101   98   93   90
   89   89   89   86   82   79   78   78   78   77   72   71   70   71   73   77
   80   82   83   82   80   80   90   78   59                                   
    37.5-180.0 180.0   5.0 450.0                            LAT/LON1/LON2/DLON/H
   56   68   74   77   83   84   86   94   99  113  126  139  149  162  173  184
  196  205  213  217  221  218  218  215  216  214  208  197  184  169  160  155
  156  156  156  155  154  151  144  135  126  119  114  110  107  102   98   93
   91   89   88   84   78   75   74   73   74   71   65   65   65   67   69   75
   75   80   76   78   71   74   82   74   56                                   
    35.0-180.0 180.0   5.0 450.0                            LAT/LON1/LON2/DLON/H
   39   61   64   68   75   78   82   93   99  118  131  151  161  177  187  202
  209  221  223  234  232  237  231  232  227  225  215  205  193  177  174  171
  180  181  185  182  181  174  167  154  143  132  126  121  118  113  107  102
   98   96   92   86   79   74   73   71   70   66   61   59   61   65   70   74
   77   78   75   72   69   69   76   68   39                                   
    32.5-180.0 180.0   5.0 450.0                            LAT/LON1/LON2/DLON/H
   37   54   58   58   66   68   78   86  100  119  138  156  173  187  202  213
  223  227  233  236  239  238  237  233  231  226  223  214  205  199  202  212
  223  230  229  225  217  206  193  178  161  148  140  136  133  128  122  115
  110  104   99   91   82   76   73   73   71   67   60   59   60   64   69   74
   71   73   66   67   60   63   67   60   37                                   
    30.0-180.0 180.0   5.0 450.0                            LAT/LON1/LON2/DLON/H
   30   45   50   51   56   63   68   84   94  120  137  161  177  197  210  225
  229  239  238  249  246  250  242  241  235  236  233  232  230  235  246  264
  275  283  276  269  250  239  221  204  187  173  165  160  158  153  147  140
  133  126  119  109  100   93   89   87   84   77   71   68   67   70   74   78
   76   74   70   69   64   65   68   57   30                                   
    27.5-180.0 180.0   5.0 450.0                            LAT/LON1/LON2/DLON/H
   41   51   45   42   43   48   57   71   90  114  139  162  184  204  221  231
  240  241  246  248  251  248  245  238  237  237  246  254  263  280  300  327
  342  351  338  325  293  278  256  240  219  205  196  190  187  181  173  164
  157  149  141  129  120  113  112  109  109  100   91   85   85   84   85   85
   78   76   72   74   65   68   68   60   41                                   
    25.0-180.0 180.0   5.0 450.0                            LAT/LON1/LON2/DLON/H
   53   53   52   48   48   52   58   73   89  114  138  165  185  212  224  241
  243  252  250  259  257  258  250  245  245  255  271  287  306  330  355  385
  399  407  389  372  333  314  288  269  247  236  227  224  222  216  210  199
  191  180  174  163  154  148  146  144  139  131  120  113  110  109  105  102
   94   90   84   85   82   82   82   69   53                                   
    22.5-180.0 180.0   5.0 450.0                            LAT/LON1/LON2/DLON/H
   73   70   55   54   51   53   58   72   89  117  143  170  193  215  234  245
  253  254  258  259  261  255  254  248  257  271  299  326  361  393  425  448
  465  460  443  415  379  354  326  307  285  271  260  254  250  244  237  229
  219  214  206  198  189  182  180  178  173  164  151  143  139  134  130  123
  111  108  101  101   94   95   88   82   73                                   
    20.0-180.0 180.0   5.0 450.0                            LAT/LON1/LON2/DLON/H
   89   75   68   64   63   66   71   84  100  125  146  175  194  222  234  254
  256  266  264  270  267  266  262  262  276  300  339  372  416  454  484  500
  509  498  469  443  405  383  354  334  311  300  288  282  275  269  260  252
  245  239  235  226  220  210  207  201  198  184  173  162  159  154  147  139
  126  121  115  114  110  107  104   91   89                                   
    17.5-180.0 180.0   5.0 450.0                            LAT/LON1/LON2/DLON/H
  103   90   75   74   67   72   78   93  109  135  155  183  203  230  247  260
  270  273  275  274  274  269  271  275  298  331  377  421  468  505  532  539
  540  517  492  459  429  408  379  361  338  324  308  297  286  277  267  263
  258  258  256  250  242  233  226  220  213  205  190  185  177  173  161  151
  136  130  123  122  116  116  104   98  103                                   
    15.0-180.0 180.0   5.0 450.0                            LAT/LON1/LON2/DLON/H
  101   86   76   76   74   79   89  107  126  152  171  193  211  238  253  276
  282  295  293  297  292  292  296  310  340  373  420  461  503  532  553  554
  551  524  495  467  440  422  399  383  361  346  325  310  292  279  265  261
  256  258  258  254  246  237  231  224  218  206  196  188  183  177  170  159
  143  135  126  123  120  113  107   94  101                                   
    12.5-180.0 180.0   5.0 450.0                            LAT/LON1/LON2/DLON/H
   98   92   76   76   77   83   94  117  139  169  185  208  222  251  266  289
  302  310  313  312  309  311  322  342  374  414  453  492  524  546  557  556
  543  516  489  466  445  431  412  398  381  364  341  317  293  272  256  249
  246  247  252  250  245  238  230  227  219  213  201  196  191  184  175  163
  147  137  125  122  114  111   97   89   98                                   
    10.0-180.0 180.0   5.0 450.0                            LAT/LON1/LON2/DLON/H
   85   78   73   73   76   85   97  124  151  186  205  227  243  269  283  312
  321  340  338  344  342  349  363  384  419  451  485  512  532  539  540  534
  519  501  480  470  455  449  433  424  404  388  358  327  294  270  248  240
  234  236  238  237  233  228  222  218  213  207  199  196  192  185  177  166
  152  139  127  116  111   96   91   75   85                                   
     7.5-180.0 180.0   5.0 450.0                            LAT/LON1/LON2/DLON/H
   75   78   66   66   67   79   97  128  160  198  221  245  260  285  301  331
  346  359  366  370  372  379  395  425  454  484  507  524  531  526  519  507
