data/unet/pred1680.15i
     1.0            IONOSPHERE MAPS     GNSS                IONEX VERSION / TYPE
pyspatialgeodesy        IME             05-JAN-18 20:20     PGM / RUN BY / DATE 
Map Name                                                    COMMENT             
Predicted global ionosphere maps (GIM).                     DESCRIPTION         
  2015     6    17     0     0     0                        EPOCH OF FIRST MAP  
  2015     6    18     0     0     0                        EPOCH OF LAST MAP   
  7200                                                      INTERVAL            
    13                                                      # OF MAPS IN FILE   
  NONE                                                      MAPPING FUNCTION    
10.0                                                        ELEVATION CUTOFF    
One-way carrier phase leveled to code                       OBSERVABLES USED    
  6371.0                                                    BASE RADIUS         
 2                                                          MAP DIMENSION       
   450.0 450.0   0.0                                        HGT1 / HGT2 / DHGT  
    87.5 -87.5  -2.5                                        LAT1 / LAT2 / DLAT  
  -180.0 180.0   5.0                                        LON1 / LON2 / DLON  
    -1                                                      EXPONENT            
                                                            END OF HEADER       
[from data line 3861]
    10                                                      START OF TEC MAP    
  2015     6    17    18     0     0                        EPOCH OF CURRENT MAP
    87.5-180.0 180.0   5.0 450.0                            LAT/LON1/LON2/DLON/H
  213  185  183  182  183  178  180  177  179  175  178  174  177  172  176  171
  175  169  174  169  174  168  173  168  172  167  171  166  170  164  168  163
  167  162  167  163  168  164  169  166  170  168  171  169  172  170  172  170
  173  171  173  170  173  170  173  169  173  169  173  170  174  171  176  173
  177  175  180  178  181  177  189  194  213                                   
    85.0-180.0 180.0   5.0 450.0                            LAT/LON1/LON2/DLON/H
  180  174  174  179  174  176  172  175  171  174  170  173  170  173  169  171
  168  170  167  170  167  169  166  168  164  167  162  164  160  163  159  161
  157  160  157  161  158  162  160  164  162  166  164  167  166  169  166  169
  167  170  167  170  167  170  167  170  167  170  168  171  169  172  170  173
  171  174  172  174  172  170  176  187  180                                   
    82.5-180.0 180.0   5.0 450.0                            LAT/LON1/LON2/DLON/H
  180  169  174  172  173  171  172  172  173  172  174  174  175  175  176  176
  177  176  177  177  176  175  175  173  172  168  168  165  164  161  160  159
  158  157  158  157  158  158  160  160  163  163  166  165  168  167  169  167
  170  168  171  168  171  169  171  169  171  169  172  170  172  170  172  170
  171  170  172  169  171  162  163  170  180                                   
    80.0-180.0 180.0   5.0 450.0                            LAT/LON1/LON2/DLON/H
  169  165  163  167  165  166  166  168  168  170  170  173  174  177  177  180
  180  182  180  183  180  181  177  178  173  172  167  166  161  160  156  156
  153  153  151  153  152  154  155  157  159  160  162  163  165  165  166  166
  167  166  167  166  167  167  167  167  168  167  168  168  168  168  168  168
  167  167  167  166  164  158  155  163  169                                   
    77.5-180.0 180.0   5.0 450.0                            LAT/LON1/LON2/DLON/H
  162  156  157  158  160  159  161  162  164  165  168  171  173  176  179  182
  183  184  186  186  187  184  185  182  180  175  173  168  165  161  158  155
  153  151  151  151  152  152  155  156  158  159  162  162  163  163  165  164
  164  164  165  164  164  164  165  165  165  164  166  165  166  165  166  165
  164  163  164  161  160  152  147  156  162                                   
    75.0-180.0 180.0   5.0 450.0                            LAT/LON1/LON2/DLON/H
  155  151  151  156  156  158  158  161  161  165  165  170  171  176  178  183
  183  188  188  191  189  190  188  188  183  181  176  173  167  164  159  156
  153  152  151  151  151  154  155  158  159  162  162  165  164  166  165  166
  163  165  164  165  162  164  162  164  162  163  163  164  163  165  164  165
  164  164  163  163  159  153  146  159  155                                   
    72.5-180.0 180.0   5.0 450.0                            LAT/LON1/LON2/DLON/H
  155  149  153  155  158  156  158  159  162  162  166  168  172  174  179  181
  185  186  190  191  192  191  192  190  189  185  182  177  174  168  165  160
  158  155  155  154  155  155  158  159  162  162  165  165  166  165  166  164
  164  163  164  162  162  162  162  161  161  161  162  161  163  163  164  164
  165  164  165  162  162  154  150  158  155                                   
    70.0-180.0 180.0   5.0 450.0                            LAT/LON1/LON2/DLON/H
  158  153  157  162  163  163  163  165  165  167  168  171  173  176  178  181
  184  186  188  191  192  194  194  194  192  190  187  183  179  174  171  167
  163  161  159  158  158  160  161  164  164  168  167  170  167  169  166  167
  164  165  164  165  164  164  164  163  163  162  163  163  164  164  167  166
  168  167  169  169  168  162  155  167  158                                   
    67.5-180.0 180.0   5.0 450.0                            LAT/LON1/LON2/DLON/H
  167  160  167  170  171  169  170  171  171  171  173  174  176  177  180  181
  183  184  188  189  191  192  194  194  193  191  190  187  184  181  178  175
  171  168  167  165  165  164  167  167  170  169  172  170  171  168  169  165
  166  164  167  165  166  164  166  164  163  161  162  161  163  163  166  167
  169  170  173  174  175  169  164  171  167                                   
    65.0-180.0 180.0   5.0 450.0                            LAT/LON1/LON2/DLON/H
  176  172  175  181  181  180  180  181  180  180  181  182  183  183  184  184
  186  185  187  189  191  191  194  193  194  191  193  190  191  188  187  184
  182  178  176  174  172  172  172  174  173  175  174  174  171  171  168  168
  165  167  168  169  169  168  168  165  165  161  162  160  162  161  166  165
  170  172  177  179  182  177  173  183  176                                   
    62.5-180.0 180.0   5.0 450.0                            LAT/LON1/LON2/DLON/H
  187  180  186  189  190  189  189  189  188  187  188  187  188  186  187  187
  186  185  186  187  188  189  191  191  192  191  193  193  193  194  194  194
  191  189  185  183  180  178  179  179  180  179  180  178  176  173  172  168
  169  167  171  170  170  168  168  164  163  159  158  156  155  157  159  161
  164  169  174  179  184  182  181  185  187                                   
    60.0-180.0 180.0   5.0 450.0                            LAT/LON1/LON2/DLON/H
  192  191  191  198  197  196  196  196  195  194  195  194  195  193  193  191
  190  187  188  187  189  188  192  191  193  191  194  194  198  199  203  203
  204  199  197  193  190  187  187  188  187  187  186  185  181  179  175  173
  171  172  173  173  172  170  168  163  162  155  156  151  153  150  154  153
  159  161  170  175  184  183  184  193  192                                   
    57.5-180.0 180.0   5.0 450.0                            LAT/LON1/LON2/DLON/H
  197  194  199  202  201  200  200  199  199  197  198  197  198  195  196  193
  191  186  187  185  187  185  190  189  192  190  194  195  200  203  208  211
  211  209  205  202  197  195  196  195  195  195  194  192  187  185  181  177
  174  173  174  172  171  168  166  161  157  152  151  146  145  144  145  146
  147  153  160  167  176  182  187  189  197                                   
    55.0-180.0 180.0   5.0 450.0                            LAT/LON1/LON2/DLON/H
  196  198  200  207  205  204  204  203  202  200  202  202  203  200  201  196
  194  188  188  186  187  186  190  190  192  192  195  198  203  207  214  218
  219  217  214  210  207  205  205  206  205  206  203  201  195  192  186  181
  177  176  175  173  170  167  164  157  154  148  146  140  138  134  136  134
  137  138  148  157  167  175  182  192  196                                   
    52.5-180.0 180.0   5.0 450.0                            LAT/LON1/LON2/DLON/H
  194  196  205  209  210  207  209  206  205  202  204  204  205  202  203  197
  195  188  188  184  186  184  189  189  192  192  197  198  204  209  217  221
  223  222  219  217  213  214  214  216  214  215  210  209  201  197  189  185
  179  176  174  171  167  165  160  155  150  145  141  136  132  129  128  126
  127  127  136  144  157  168  181  186  194                                   
    50.0-180.0 180.0   5.0 450.0                            LAT/LON1/LON2/DLON/H
  190  196  204  214  215  216  215  213  210  208  208  208  208  206  206  201
  198  192  190  187  187  188  191  193  195  197  199  203  206  212  219  225
  228  227  225  225  222  224  225  228  226  226  220  216  208  202  194  187
  180  176  173  169  165  162  158  152  150  143  141  136  133  127  126  121
  121  119  128  138  152  166  175  183  190                                   
    47.5-180.0 180.0   5.0 450.0                            LAT/LON1/LON2/DLON/H
  185  192  204  212  218  219  223  219  219  214  214  211  211  207  208  202
  201  193  193  188  189  189  194  195  199  200  203  205  210  214  222  226
  230  229  230  230  229  234  235  239  234  235  227  223  211  206  195  189
  179  175  172  168  164  161  157  154  151  148  145  141  136  131  127  122
  118  114  120  128  141  155  169  177  185                                   
    45.0-180.0 180.0   5.0 450.0                            LAT/LON1/LON2/DLON/H
  182  191  202  215  222  229  232  233  229  227  223  221  218  214  213  210
  207  201  199  197  197  199  202  206  208  211  211  215  216  222  227  233
  235  238  238  242  242  246  248  251  248  245  238  228  217  208  198  189
  181  175  171  168  165  164  161  158  156  151  151  145  144  137  133  127
  123  120  125  130  141  155  164  172  182                                   
    42.5-180.0 180.0   5.0 450.0                            LAT/LON1/LON2/DLON/H
  180  185  199  210  224  231  241  241  242  236  235  230  226  221  219  217
  213  208  207  206  207  208  212  215  218  218  220  222  225  228  234  238
  243  246  250  252  254  259  261  264  258  255  246  237  223  214  202  194
  184  179  175  172  170  169  168  166  164  162  160  157  153  148  143  136
  129  124  125  129  139  146  160  172  180                                   
    40.0-180.0 180.0   5.0 450.0                            LAT/LON1/LON2/DLON/H
  181  184  198  211  225  235  246  250  251  249  246  245  240  237  233  232
  227  224  221  221  221  225  226  231  231  234  233  237  237  242  245  254
  259  266  269  273  273  278  279  280  274  268  258  245  232  220  209  198
  190  183  180  178  178  179  179  177  176  171  172  166  165  158  153  145
  139  136  136  137  145  152  159  169  181                                   
    37.5-180.0 180.0   5.0 450.0                            LAT/LON1/LON2/DLON/H
  183  182  196  207  224  232  248  253  259  256  258  256  255  251  248  246
  242  240  237  239  239  243  245  248  248  249  250  252  255  259  266  275
  284  293  297  298  297  299  298  296  289  282  270  257  241  229  217  208
  198  193  189  187  187  188  189  188  185  183  181  178  175  169  164  155
  148  145  143  142  148  150  160  172  183                                   
    35.0-180.0 180.0   5.0 450.0                            LAT/LON1/LON2/DLON/H
  185  185  197  208  220  231  245  255  263  265  268  271  273  272  270  267
  264  262  261  262  264  269  270  272  271  272  272  276  280  286  294  304
  315  323  329  327  326  321  318  310  305  294  284  270  255  241  227  215
  206  198  196  192  192  193  194  195  193  192  191  188  187  180  175  167
  159  156  154  154  158  160  164  173  185                                   
    32.5-180.0 180.0   5.0 450.0                            LAT/LON1/LON2/DLON/H
  189  185  194  208  220  228  245  255  268  271  280  284  292  294  294  292
  289  287  284  287  289  295  295  297  294  296  296  301  306  315  322  335
  346  357  360  358  354  345  336  324  314  304  292  280  265  250  235  223
  213  206  201  198  197  198  198  198  195  195  194  193  194  188  183  174
  166  162  160  160  164  162  169  176  189                                   
    30.0-180.0 180.0   5.0 450.0                            LAT/LON1/LON2/DLON/H
  190  186  194  206  217  227  242  254  270  278  289  299  309  316  319  319
  317  313  313  313  318  320  322  320  318  317  319  324  332  341  352  367
  385  397  402  398  391  374  357  337  324  308  297  283  270  254  239  226
  216  206  201  196  195  193  193  193  192  192  194  194  195  190  187  177
  169  166  163  162  165  164  169  178  190                                   
    27.5-180.0 180.0   5.0 450.0                            LAT/LON1/LON2/DLON/H
  192  187  193  208  217  229  243  259  276  289  306  320  337  343  349  348
  347  342  338  340  343  347  344  342  335  338  338  349  356  371  384  406
  425  440  443  436  421  397  374  346  327  308  296  283  270  255  240  228
  216  208  203  197  193  188  187  185  183  185  189  192  193  189  185  175
  167  161  160  159  163  161  170  180  192                                   
    25.0-180.0 180.0   5.0 450.0                            LAT/LON1/LON2/DLON/H
  195  191  199  213  221  231  248  260  281  295  321  339  362  371  379  376
  378  368  371  368  374  370  368  358  356  352  359  369  384  402  421  446
  465  477  476  466  445  417  385  352  325  306  291  278  266  251  239  224
  215  205  197  188  182  176  173  171  173  174  178  183  186  182  178  169
  163  158  156  157  160  161  169  183  195                                   
    22.5-180.0 180.0   5.0 450.0                            LAT/LON1/LON2/DLON/H
  197  195  205  220  227  241  254  271  289  311  338  365  390  408  415  414
  409  401  398  398  400  398  388  380  371  373  376  394  408  431  449  472
  489  496  492  476  451  418  384  347  319  300  284  273  260  248  234  224
  207  196  187  180  173  166  161  158  158  164  169  174  176  174  169  160
  154  149  148  149  153  156  170  185  197                                   
    20.0-180.0 180.0   5.0 450.0                            LAT/LON1/LON2/DLON/H
  201  200  216  232  240  252  268  282  302  321  349  377  408  431  445  447
  448  434  432  424  431  422  419  403  397  391  400  416  436  455  470  488
  498  499  490  470  441  407  372  336  310  288  274  260  249  235  223  208
  196  185  178  170  163  155  150  145  146  149  157  164  166  165  161  152
  146  142  141  143  146  153  166  187  201                                   
    17.5-180.0 180.0   5.0 450.0                            LAT/LON1/LON2/DLON/H
  198  204  223  238  247  260  275  293  312  331  360  389  422  448  469  484
  484  477  467  460  460  455  448  431  418  414  419  436  453  471  484  495
  502  496  485  463  439  406  371  339  308  287  266  258  240  231  212  205
  188  181  171  165  156  150  144  142  142  144  149  155  158  156  151  143
  138  133  131  131  135  141  159  181  198                                   
    15.0-180.0 180.0   5.0 450.0                            LAT/LON1/LON2/DLON/H
  195  204  226  244  257  271  292  306  328  342  370  396  427  454  476  498
  505  505  499  488  487  481  474  457  445  438  445  458  477  489  497  500
  498  485  469  445  422  393  367  336  307  282  263  249  236  221  209  195
  184  173  166  158  151  145  142  141  140  140  142  144  145  147  144  138
  134  127  124  123  126  133  150  173  195                                   
    12.5-180.0 180.0   5.0 450.0                            LAT/LON1/LON2/DLON/H
  184  201  222  241  256  274  292  308  327  341  373  395  430  450  481  502
  521  527  525  520  515  511  497  483  464  459  461  476  491  500  503  498
  492  476  461  442  427  405  386  359  325  301  275  265  243  235  213  206
  187  177  165  158  151  146  144  142  141  139  139  137  137  136  136  132
  128  120  117  113  116  123  138  162  184                                   
    10.0-180.0 180.0   5.0 450.0                            LAT/LON1/LON2/DLON/H
  175  197  219  237  258  275  298  311  330  342  370  393  427  447  478  505
  526  539  542  540  534  527  510  494  476  472  478  490  505  507  502  490
  481  462  448  429  418  403  390  366  339  312  289  274  257  242  226  207
  192  173  165  156  154  149  149  146  143  139  135  132  128  128  124  121
  116  112  105  105  104  114  126  143  175                                   
     7.5-180.0 180.0   5.0 450.0                            LAT/LON1/LON2/DLON/H
  161  186  207  230  249  270  291  307  327  338  366  388  424  441  478  497
  527  536  545  545  542  536  521  506  487  485  488  501  508  503  495  480
