data/unet/pred1800.15i
     1.0            IONOSPHERE MAPS     GNSS                IONEX VERSION / TYPE
pyspatialgeodesy        IME             05-JAN-18 20:20     PGM / RUN BY / DATE 
Map Name                                                    COMMENT             
Predicted global ionosphere maps (GIM).                     DESCRIPTION         
  2015     6    29     0     0     0                        EPOCH OF FIRST MAP  
  2015     6    30     0     0     0                        EPOCH OF LAST MAP   
  7200                                                      INTERVAL            
    13                                                      # OF MAPS IN FILE   
  NONE                                                      MAPPING FUNCTION    
10.0                                                        ELEVATION CUTOFF    
One-way carrier phase leveled to code                       OBSERVABLES USED    
  6371.0                                                    BASE RADIUS         
 2                                                          MAP DIMENSION       
   450.0 450.0   0.0                                        HGT1 / HGT2 / DHGT  
    87.5 -87.5  -2.5                                        LAT1 / LAT2 / DLAT  
  -180.0 180.0   5.0                                        LON1 / LON2 / DLON  
    -1                                                      EXPONENT            
                                                            END OF HEADER       
[from data line 3861]
    10                                                      START OF TEC MAP    
  2015     6    29    18     0     0                        EPOCH OF CURRENT MAP
    87.5-180.0 180.0   5.0 450.0                            LAT/LON1/LON2/DLON/H
  172  142  137  138  139  135  138  135  137  133  137  132  136  130  135  129
  133  127  132  126  132  125  131  125  130  124  130  125  130  125  130  125
  130  125  130  126  130  126  130  127  131  128  132  129  133  131  134  131
  134  132  135  133  135  133  135  132  135  132  135  132  135  132  135  132
  135  133  136  134  138  135  146  156  172                                   
    85.0-180.0 180.0   5.0 450.0                            LAT/LON1/LON2/DLON/H
  135  130  128  134  133  133  131  133  131  132  130  132  130  131  129  130
  128  128  127  128  126  127  125  126  124  124  123  124  122  123  121  122
  121  122  121  123  122  124  122  125  124  127  126  129  128  130  129  131
  130  132  130  131  130  131  129  130  129  130  128  129  128  129  128  129
  128  130  128  130  130  127  134  146  135                                   
    82.5-180.0 180.0   5.0 450.0                            LAT/LON1/LON2/DLON/H
  132  127  132  131  134  132  134  134  135  134  135  134  134  133  133  133
  132  132  131  132  130  130  129  129  127  127  126  126  123  123  121  122
  120  121  120  121  120  123  122  124  125  126  127  128  129  129  130  129
  131  130  131  129  131  129  130  127  129  127  127  125  126  125  126  124
  125  124  126  125  128  121  124  128  132                                   
    80.0-180.0 180.0   5.0 450.0                            LAT/LON1/LON2/DLON/H
  128  129  126  130  129  130  130  132  131  132  130  132  129  131  129  131
  128  131  128  131  128  131  128  131  127  128  124  126  121  122  118  120
  116  119  115  119  116  121  118  124  122  127  124  128  126  130  127  130
  128  130  128  129  127  128  126  127  125  125  123  123  122  122  120  121
  119  120  119  121  122  116  121  124  128                                   
    77.5-180.0 180.0   5.0 450.0                            LAT/LON1/LON2/DLON/H
  124  125  126  126  128  128  129  130  130  129  129  128  127  126  127  127
  128  127  129  129  131  130  133  131  132  130  129  127  125  123  121  119
  117  116  116  116  116  119  119  122  122  125  126  127  127  127  127  126
  126  125  126  124  125  123  124  122  122  120  121  119  119  117  118  116
  117  116  117  117  119  113  114  120  124                                   
    75.0-180.0 180.0   5.0 450.0                            LAT/LON1/LON2/DLON/H
  123  125  124  130  128  131  129  132  128  129  125  126  123  124  122  124
  123  126  126  130  130  134  134  137  134  135  132  132  127  126  122  121
  117  117  115  117  116  120  120  124  124  128  127  129  127  128  125  126
  123  124  122  123  121  123  120  121  119  120  117  119  115  117  115  117
  114  117  115  119  117  114  116  126  123                                   
    72.5-180.0 180.0   5.0 450.0                            LAT/LON1/LON2/DLON/H
  125  126  129  129  132  130  132  129  129  126  125  122  122  120  121  120
  123  123  128  130  135  137  140  141  142  140  139  136  133  129  125  122
  119  117  116  116  117  119  122  123  126  126  128  126  126  123  123  119
  119  116  118  115  118  115  117  114  116  113  115  112  114  112  114  112
  114  114  117  118  121  116  118  125  125                                   
    70.0-180.0 180.0   5.0 450.0                            LAT/LON1/LON2/DLON/H
  129  131  130  134  134  135  133  133  130  128  125  123  121  120  120  120
  122  125  129  133  138  141  145  146  147  146  143  141  137  134  129  127
  122  121  118  120  119  122  122  127  126  129  126  127  122  122  117  117
  114  115  113  115  114  115  113  114  112  113  110  112  109  111  110  113
  112  116  117  121  122  119  122  134  129                                   
    67.5-180.0 180.0   5.0 450.0                            LAT/LON1/LON2/DLON/H
  135  134  137  136  138  136  137  133  131  127  126  123  122  120  122  122
  124  126  132  136  142  146  151  152  152  150  149  145  141  137  134  129
  126  123  122  121  122  123  126  128  129  128  127  124  121  116  115  111
  112  110  113  111  113  111  113  110  110  107  108  106  107  106  109  109
  113  114  120  122  128  125  128  134  135                                   
    65.0-180.0 180.0   5.0 450.0                            LAT/LON1/LON2/DLON/H
  141  140  138  141  143  141  140  137  135  132  130  128  128  126  128  128
  132  133  138  141  149  150  157  156  157  153  152  148  145  141  139  135
  132  129  127  127  126  129  129  132  130  131  126  124  118  116  111  111
  109  111  111  112  112  112  110  109  106  105  103  104  102  105  105  109
  110  116  119  125  130  128  132  141  141                                   
    62.5-180.0 180.0   5.0 450.0                            LAT/LON1/LON2/DLON/H
  146  143  144  143  145  143  143  139  137  134  133  131  132  132  134  135
  137  138  142  146  151  153  158  158  157  155  153  150  147  145  144  141
  139  135  134  132  132  132  134  134  134  131  128  122  118  113  111  108
  110  110  113  113  114  111  109  105  103   99   99   98   99   99  102  104
  108  112  119  124  131  130  136  139  146                                   
    60.0-180.0 180.0   5.0 450.0                            LAT/LON1/LON2/DLON/H
  148  148  144  148  151  148  148  143  143  139  140  138  141  139  143  142
  145  143  148  148  154  154  160  157  158  154  154  150  151  148  150  148
  148  144  143  141  140  140  140  141  139  137  132  127  120  116  112  112
  112  115  115  117  115  113  108  104   98   96   93   94   93   96   97  102
  104  110  115  122  129  129  134  142  148                                   
    57.5-180.0 180.0   5.0 450.0                            LAT/LON1/LON2/DLON/H
  148  147  148  149  151  150  149  146  144  141  142  141  144  145  147  147
  148  147  149  149  153  154  158  156  157  154  154  153  154  154  156  157
  156  155  152  150  148  148  148  148  146  142  137  130  124  119  117  116
  117  118  120  120  118  112  108  100   95   90   89   88   89   90   93   96
  100  104  111  117  124  125  132  136  148                                   
    55.0-180.0 180.0   5.0 450.0                            LAT/LON1/LON2/DLON/H
  142  148  145  152  156  155  156  151  151  146  148  145  151  149  154  151
  152  149  150  148  151  152  156  155  158  154  157  154  160  159  165  165
  167  163  163  159  158  157  158  157  155  151  146  138  132  127  124  123
  123  124  124  123  119  114  106   99   92   88   86   86   86   89   90   93
   95  102  106  113  118  120  126  135  142                                   
    52.5-180.0 180.0   5.0 450.0                            LAT/LON1/LON2/DLON/H
  138  143  147  151  156  158  158  156  153  150  149  148  150  151  153  153
  152  149  149  147  149  149  154  155  158  157  159  161  163  168  171  174
  174  174  171  168  166  165  166  165  163  158  153  145  137  132  130  128
  128  127  127  124  120  112  106   96   91   86   86   85   87   87   89   91
   93   97  102  108  113  113  121  128  138                                   
    50.0-180.0 180.0   5.0 450.0                            LAT/LON1/LON2/DLON/H
  133  144  144  155  162  165  168  163  162  157  157  152  155  153  156  154
  153  149  148  145  148  149  155  156  162  162  166  167  173  175  181  182
  185  182  181  176  176  175  176  175  173  168  162  154  148  143  140  137
  135  133  130  126  121  114  107   99   94   90   90   90   91   92   92   93
   93   98  101  107  109  110  117  127  133                                   
    47.5-180.0 180.0   5.0 450.0                            LAT/LON1/LON2/DLON/H
  133  141  148  155  165  171  172  172  168  165  162  158  156  155  155  154
  153  150  149  147  148  150  156  160  166  170  173  178  181  186  189  192
  193  193  190  188  186  187  188  187  185  179  172  164  157  152  148  143
  139  135  133  127  124  116  111  103  100   96   97   97   98   97   98   97
   98  100  103  106  108  107  116  123  133                                   
    45.0-180.0 180.0   5.0 450.0                            LAT/LON1/LON2/DLON/H
  132  145  146  161  171  178  183  181  180  176  173  167  165  160  160  156
  158  153  153  150  154  155  162  166  173  178  183  188  192  194  199  200
  203  201  203  199  201  199  202  198  197  189  183  174  169  163  159  152
  147  141  137  132  129  123  119  113  110  108  108  108  109  107  106  106
  105  107  107  110  109  109  117  126  132                                   
    42.5-180.0 180.0   5.0 450.0                            LAT/LON1/LON2/DLON/H
  135  144  152  162  175  184  189  190  189  186  183  179  174  168  165  162
  161  160  159  159  160  163  169  174  181  188  194  200  203  206  208  212
  215  216  219  218  219  219  220  218  213  206  197  189  182  176  170  162
  154  145  140  136  134  130  129  124  122  120  120  118  119  117  116  114
  114  114  114  115  114  110  120  127  135                                   
    40.0-180.0 180.0   5.0 450.0                            LAT/LON1/LON2/DLON/H
  138  148  153  168  180  190  198  201  201  201  198  194  189  181  176  172
  171  169  170  169  171  173  179  183  190  198  205  211  216  216  221  221
  230  230  238  236  240  237  239  234  230  219  212  201  196  188  183  172
  163  153  148  144  144  141  141  137  136  133  132  129  129  126  125  124
  123  124  122  123  119  117  124  131  138                                   
    37.5-180.0 180.0   5.0 450.0                            LAT/LON1/LON2/DLON/H
  144  152  157  168  182  194  203  207  211  211  213  209  205  198  192  188
  184  185  183  185  184  187  190  194  200  209  217  224  230  234  238  243
  250  259  265  268  269  268  266  261  252  242  231  220  213  206  198  187
  175  165  158  155  153  154  153  151  148  146  143  140  137  135  133  131
  130  130  129  128  124  119  128  132  144                                   
    35.0-180.0 180.0   5.0 450.0                            LAT/LON1/LON2/DLON/H
  145  153  157  171  184  197  208  217  221  227  229  232  226  221  212  208
  202  203  200  201  199  201  202  206  212  220  231  239  250  252  260  264
  279  287  300  299  301  294  292  282  275  259  249  234  227  217  210  196
  186  173  169  163  164  162  163  159  158  153  150  145  142  139  137  137
  136  136  135  134  129  126  131  135  145                                   
    32.5-180.0 180.0   5.0 450.0                            LAT/LON1/LON2/DLON/H
  148  155  160  171  184  198  209  216  226  232  242  246  245  241  233  229
  221  223  218  220  214  217  215  220  225  236  247  262  271  279  285  297
  309  324  330  332  326  321  311  304  290  280  264  252  240  233  221  211
  196  188  179  177  173  172  169  166  162  158  153  148  144  142  140  139
  138  139  137  135  132  127  134  137  148                                   
    30.0-180.0 180.0   5.0 450.0                            LAT/LON1/LON2/DLON/H
  146  155  161  174  186  200  210  223  231  243  251  260  260  259  250  247
  239  239  235  235  231  231  231  236  242  253  268  280  294  301  313  324
  341  354  362  359  354  341  333  317  307  289  278  261  253  240  231  215
  206  192  188  178  177  170  169  162  160  154  152  145  143  140  140  139
  139  139  137  136  132  130  134  140  146                                   
    27.5-180.0 180.0   5.0 450.0                            LAT/LON1/LON2/DLON/H
  148  157  161  171  182  196  209  220  233  243  255  262  271  272  269  265
  257  257  250  251  245  246  246  250  258  271  286  304  315  328  335  350
  361  377  380  379  367  353  337  323  308  296  279  268  255  246  233  220
  206  197  187  180  171  166  160  156  152  150  145  143  138  138  136  137
  135  136  134  133  131  127  134  139  148                                   
    25.0-180.0 180.0   5.0 450.0                            LAT/LON1/LON2/DLON/H
  147  158  166  177  186  202  211  227  236  251  260  273  281  286  284  281
  274  273  267  265  263  262  265  269  279  291  309  323  340  349  360  371
  385  397  402  392  380  359  343  324  312  294  284  265  258  242  234  217
  207  192  184  170  162  151  147  141  140  137  137  132  132  129  132  132
  132  131  130  130  128  127  132  143  147                                   
    22.5-180.0 180.0   5.0 450.0                            LAT/LON1/LON2/DLON/H
  151  163  169  179  189  201  215  229  242  254  267  279  291  298  301  298
  295  294  285  285  279  279  280  284  295  308  325  343  356  368  374  386
  394  405  403  395  376  356  336  319  303  289  275  262  250  238  227  213
  201  188  175  161  147  138  130  129  127  129  126  127  123  127  124  127
  124  125  124  124  125  123  132  141  151                                   
    20.0-180.0 180.0   5.0 450.0                            LAT/LON1/LON2/DLON/H
  152  167  176  187  198  212  223  238  249  264  277  292  305  316  322  323
  321  317  309  304  300  298  300  304  313  324  342  356  372  381  390  398
  407  412  409  395  377  354  335  315  301  283  272  256  247  233  222  207
  195  179  166  148  134  122  115  113  115  116  116  115  114  115  116  117
  117  117  117  120  120  121  129  142  152                                   
    17.5-180.0 180.0   5.0 450.0                            LAT/LON1/LON2/DLON/H
  154  171  182  193  204  215  230  243  258  271  285  300  315  330  338  343
  344  341  335  327  321  316  317  317  325  336  351  368  381  390  395  400
  404  404  397  384  366  346  327  309  292  277  263  251  240  227  215  199
  186  170  155  137  121  110  105  105  106  111  109  111  105  109  106  110
  107  109  109  113  112  114  127  137  154                                   
    15.0-180.0 180.0   5.0 450.0                            LAT/LON1/LON2/DLON/H
  152  173  187  199  212  223  237  252  264  279  293  309  326  343  357  365
  369  369  363  354  346  337  334  332  339  346  363  378  395  400  405  405
  407  405  397  383  367  348  332  312  296  278  266  251  240  224  212  194
  180  162  146  127  112  104  100  100  102  104  104  102  100   97   97   95
   96   94   98  102  104  109  122  133  152                                   
    12.5-180.0 180.0   5.0 450.0                            LAT/LON1/LON2/DLON/H
  148  170  186  201  215  227  242  256  271  283  295  312  330  351  365  381
  387  391  386  379  367  354  348  345  348  357  370  387  399  403  403  400
  399  393  385  373  360  346  330  313  295  278  264  250  238  222  208  189
  174  154  138  122  110  104  102  103  104  105  101  101   95   95   88   89
   81   86   84   90   93   98  110  123  148                                   
    10.0-180.0 180.0   5.0 450.0                            LAT/LON1/LON2/DLON/H
  139  163  182  198  213  227  241  258  270  285  294  311  329  349  369  384
  399  405  403  395  382  367  360  355  360  369  383  398  409  410  408  403
  400  394  386  376  365  354  340  324  305  286  270  254  241  223  206  185
  168  147  131  116  109  106  105  105  106  103  102   97   94   89   85   80
   77   74   79   79   85   90  103  110  139                                   
     7.5-180.0 180.0   5.0 450.0                            LAT/LON1/LON2/DLON/H
  127  152  175  194  212  227  244  259  272  283  293  307  325  347  366  385
  400  410  411  405  391  376  368  363  367  376  389  401  411  406  403  394
