data/unet/pred0280.15i
     1.0            IONOSPHERE MAPS     GNSS                IONEX VERSION / TYPE
pyspatialgeodesy        IME             05-JAN-18 20:20     PGM / RUN BY / DATE 
Map Name                                                    COMMENT             
Predicted global ionosphere maps (GIM).                     DESCRIPTION         
  2015     1    28     0     0     0                        EPOCH OF FIRST MAP  
  2015     1    29     0     0     0                        EPOCH OF LAST MAP   
  7200                                                      INTERVAL            
    13                                                      # OF MAPS IN FILE   
  NONE                                                      MAPPING FUNCTION    
10.0                                                        ELEVATION CUTOFF    
One-way carrier phase leveled to code                       OBSERVABLES USED    
  6371.0                                                    BASE RADIUS         
 2                                                          MAP DIMENSION       
   450.0 450.0   0.0                                        HGT1 / HGT2 / DHGT  
    87.5 -87.5  -2.5                                        LAT1 / LAT2 / DLAT  
  -180.0 180.0   5.0                                        LON1 / LON2 / DLON  
    -1                                                      EXPONENT            
                                                            END OF HEADER       
     1                                                      START OF TEC MAP    
  2015     1    28     0     0     0                        EPOCH OF CURRENT MAP
    87.5-180.0 180.0   5.0 450.0                            LAT/LON1/LON2/DLON/H
  123  100  101  101  101  100  103  104  106  106  107  106  106  105  105  103
  103  102  102  100  100   98   96   93   91   89   87   84   82   80   79   77
   76   74   75   73   73   72   73   71   73   72   74   73   75   74   77   76
   78   77   79   79   80   80   80   80   80   79   79   78   79   78   78   77
   79   77   79   78   83   81   89  115  123                                   
    85.0-180.0 180.0   5.0 450.0                            LAT/LON1/LON2/DLON/H
  104   92  101  103  105  103  109  109  113  113  116  115  117  115  116  114
  115  113  113  109  108  103  101   94   92   84   83   75   73   67   66   60
   61   56   58   54   57   54   57   56   59   58   62   62   66   65   70   69
   73   72   75   74   77   75   77   75   76   74   75   72   74   72   73   71
   74   71   74   71   78   70   71   92  104                                   
    82.5-180.0 180.0   5.0 450.0                            LAT/LON1/LON2/DLON/H
  105  100  105  111  112  114  119  122  127  129  134  134  138  137  140  138
  140  136  137  131  129  123  119  111  105   97   92   83   77   70   65   59
   57   53   54   51   53   51   55   55   60   60   67   67   72   73   78   78
   83   82   86   84   87   84   86   83   84   81   82   78   80   77   78   76
   78   77   80   79   83   78   80   95  105                                   
    80.0-180.0 180.0   5.0 450.0                            LAT/LON1/LON2/DLON/H
  108  107  113  119  122  127  132  138  142  148  151  156  158  162  162  164
  163  163  159  157  151  146  138  131  121  114  104   96   86   79   72   67
   62   60   58   58   58   60   63   66   70   73   78   81   84   87   91   92
   95   95   97   97   97   95   95   92   91   88   87   84   84   83   83   83
   84   86   87   90   93   92   94  105  108                                   
    77.5-180.0 180.0   5.0 450.0                            LAT/LON1/LON2/DLON/H
  113  113  120  128  133  138  145  151  157  162  166  169  172  174  176  176
  175  174  172  168  164  159  152  145  135  126  116  107   97   89   81   75
   70   68   67   67   67   70   73   76   80   84   88   91   94   96   99  101
  103  104  105  104  103  101   99   96   93   90   87   86   84   84   84   86
   87   90   92   97  102  103  106  114  113                                   
    75.0-180.0 180.0   5.0 450.0                            LAT/LON1/LON2/DLON/H
  119  121  133  142  147  155  161  169  173  178  178  181  180  181  178  177
  174  173  169  168  164  163  157  152  143  137  127  118  109  102   94   88
   84   82   81   82   83   85   89   92   96   99  103  104  107  107  109  109
  110  109  110  109  107  105  102   99   95   92   87   86   84   86   86   89
   91   96  100  106  114  117  122  128  119                                   
    72.5-180.0 180.0   5.0 450.0                            LAT/LON1/LON2/DLON/H
  135  139  151  161  165  173  179  185  189  190  189  186  182  176  170  163
  157  152  149  147  146  146  145  143  139  135  128  121  114  108  102   97
   93   92   92   94   95   98  101  104  106  108  110  110  110  109  109  107
  106  104  104  102  101   99   96   93   89   87   83   82   82   84   87   91
   96  102  108  116  126  133  139  149  135                                   
    70.0-180.0 180.0   5.0 450.0                            LAT/LON1/LON2/DLON/H
  151  158  175  184  188  194  200  205  206  204  199  193  182  172  158  147
  134  126  121  119  119  121  124  126  126  126  124  121  117  114  109  107
  104  104  104  105  106  108  109  110  112  111  112  110  108  104  102   98
   95   93   93   92   91   90   88   87   84   82   79   78   80   84   88   94
  101  108  117  127  140  148  159  168  151                                   
    67.5-180.0 180.0   5.0 450.0                            LAT/LON1/LON2/DLON/H
  174  182  198  206  208  217  223  228  228  225  217  205  191  172  153  134
  116  104   96   93   94   98  102  107  110  114  115  117  116  116  113  111
  109  108  106  106  105  106  105  105  104  103  101   99   94   90   85   81
   78   76   77   77   77   77   77   76   75   75   74   75   80   83   90   97
  106  114  124  136  150  161  174  188  174                                   
    65.0-180.0 180.0   5.0 450.0                            LAT/LON1/LON2/DLON/H
  190  200  216  224  227  238  244  251  252  248  240  225  205  182  157  132
  109   92   82   77   78   80   86   89   96  100  106  109  111  113  112  111
  109  106  104  101   99   95   95   92   92   88   88   81   77   70   66   61
   60   59   61   62   65   66   67   67   69   69   72   75   82   88   96  103
  114  122  133  144  160  172  187  203  190                                   
    62.5-180.0 180.0   5.0 450.0                            LAT/LON1/LON2/DLON/H
  206  211  225  233  239  248  259  266  273  270  264  247  224  198  171  142
  117   97   83   76   73   73   75   78   82   87   92   97  101  103  103  102
   99   96   92   88   83   79   75   73   72   70   67   62   57   50   46   43
   43   43   47   50   54   56   60   61   65   68   72   77   86   94  104  113
  123  132  142  153  168  180  192  212  206                                   
    60.0-180.0 180.0   5.0 450.0                            LAT/LON1/LON2/DLON/H
  211  218  229  236  241  251  261  272  281  284  281  266  246  217  190  162
  135  112   96   86   80   75   73   71   73   74   79   83   88   90   92   90
   88   81   78   70   67   59   60   56   57   54   53   47   43   36   35   32
   34   34   39   42   47   50   55   58   64   68   74   81   94  103  115  124
  136  144  155  164  177  187  199  218  211                                   
    57.5-180.0 180.0   5.0 450.0                            LAT/LON1/LON2/DLON/H
  222  222  231  236  240  247  259  269  282  286  289  278  262  236  211  185
  163  140  122  109   98   88   79   72   68   65   67   70   74   76   78   75
   72   66   61   55   50   46   46   46   47   46   44   41   37   33   32   31
   32   33   37   41   46   49   55   58   64   69   77   87  101  114  127  140
  152  162  171  180  190  196  202  224  222                                   
    55.0-180.0 180.0   5.0 450.0                            LAT/LON1/LON2/DLON/H
  234  233  239  240  240  247  254  265  275  282  287  281  269  248  228  207
  187  167  149  132  116  100   85   72   63   57   57   57   62   62   64   61
   60   53   51   46   46   43   47   46   51   49   51   46   45   40   40   39
   40   40   44   47   52   55   59   62   69   74   82   94  111  125  142  157
  172  181  192  198  205  209  214  234  234                                   
    52.5-180.0 180.0   5.0 450.0                            LAT/LON1/LON2/DLON/H
  256  247  254  252  250  251  257  262  271  273  278  272  266  250  238  220
  205  187  171  153  134  114   95   79   66   58   55   54   56   57   58   56
   54   52   50   51   51   53   55   58   61   63   61   61   58   56   54   52
   52   52   55   58   62   63   66   68   74   79   88  102  122  139  158  175
  191  204  214  222  227  229  230  251  256                                   
    50.0-180.0 180.0   5.0 450.0                            LAT/LON1/LON2/DLON/H
  283  279  282  278  271  270  268  270  270  270  268  264  258  247  238  224
  212  196  181  164  144  123  102   85   72   63   59   58   59   59   60   58
   59   57   61   62   67   68   74   74   80   79   81   78   78   75   72   70
   69   70   71   73   75   76   77   78   82   87   97  112  133  152  172  190
  208  224  235  243  248  251  255  272  283                                   
    47.5-180.0 180.0   5.0 450.0                            LAT/LON1/LON2/DLON/H
  315  312  316  311  302  296  292  285  281  270  264  252  248  238  232  221
  211  197  183  167  150  130  111   96   84   76   72   71   71   70   70   69
   69   71   74   80   83   88   89   91   93   95   94   95   93   90   88   85
   85   84   85   86   87   87   88   88   91   97  106  123  145  165  185  204
  224  240  253  263  270  274  279  294  315                                   
    45.0-180.0 180.0   5.0 450.0                            LAT/LON1/LON2/DLON/H
  343  351  351  343  332  325  316  308  295  283  267  254  243  235  227  217
  206  193  180  166  151  135  120  107   98   92   88   86   84   82   80   79
   80   82   88   92   99  100  103  102  105  104  107  105  106  103  102  100
  100  100   99  100  101  101  102  101  105  110  120  136  157  177  196  215
  232  248  261  275  285  294  301  315  343                                   
    42.5-180.0 180.0   5.0 450.0                            LAT/LON1/LON2/DLON/H
  360  370  370  362  352  347  338  328  315  295  276  255  244  233  225  214
  202  188  176  165  156  145  134  126  118  112  107  103   99   95   90   88
   88   91   96  102  106  108  107  107  107  108  109  110  111  110  111  110
  112  111  111  112  112  113  114  114  117  124  134  150  171  189  206  223
  240  252  265  281  296  307  315  328  360                                   
    40.0-180.0 180.0   5.0 450.0                            LAT/LON1/LON2/DLON/H
  363  376  375  366  357  352  342  336  323  305  283  263  247  237  226  214
  200  185  175  168  163  156  149  142  135  128  121  114  108  101   96   92
   92   94  100  104  109  109  109  106  108  108  111  112  114  114  116  117
  119  118  119  119  120  122  124  125  131  137  149  165  185  201  215  232
  244  256  269  285  302  314  326  334  363                                   
    37.5-180.0 180.0   5.0 450.0                            LAT/LON1/LON2/DLON/H
  354  363  362  353  343  340  336  332  324  307  288  267  253  241  231  217
  203  189  180  177  175  172  166  158  149  140  131  122  113  105   99   96
   94   96  100  105  107  108  105  105  105  108  111  113  114  115  118  119
  122  122  123  123  125  127  130  134  140  150  163  179  198  214  229  243
  254  264  276  292  308  323  332  338  354                                   
    35.0-180.0 180.0   5.0 450.0                            LAT/LON1/LON2/DLON/H
  347  353  349  335  326  324  323  323  315  304  286  270  257  247  237  224
  210  198  192  191  191  188  178  167  155  142  132  122  114  107  103  100
  100  101  104  106  108  107  107  105  108  110  114  115  117  116  119  120
  122  121  122  122  125  128  134  140  151  162  178  193  212  228  242  256
  267  279  292  307  325  339  352  350  347                                   
    32.5-180.0 180.0   5.0 450.0                            LAT/LON1/LON2/DLON/H
  352  352  343  325  314  311  312  312  308  297  284  270  260  252  244  232
  220  211  206  206  205  198  185  169  154  141  131  123  118  115  113  113
  111  112  111  112  110  112  111  113  114  119  121  121  120  118  118  116
  117  114  116  116  121  127  134  143  155  170  188  205  226  244  260  274
  289  305  318  339  354  370  379  372  352                                   
    30.0-180.0 180.0   5.0 450.0                            LAT/LON1/LON2/DLON/H
  380  381  366  342  325  316  312  310  304  295  283  272  263  256  249  239
  231  223  220  219  214  202  182  162  148  136  131  129  129  131  135  135
  136  133  131  128  126  125  125  126  129  132  134  131  127  121  117  113
  111  108  107  107  112  119  128  137  155  172  194  212  236  257  276  299
  319  339  358  381  401  415  429  413  380                                   
    27.5-180.0 180.0   5.0 450.0                            LAT/LON1/LON2/DLON/H
  434  431  416  391  368  352  340  331  319  308  295  282  272  263  255  247
  240  234  231  227  218  198  174  153  142  136  138  145  153  162  170  173
  170  165  159  154  147  146  143  144  145  148  146  140  131  121  114  106
  102   96   95   93   98  105  115  128  148  171  195  220  246  270  297  327
  354  381  405  429  448  465  478  459  434                                   
    25.0-180.0 180.0   5.0 450.0                            LAT/LON1/LON2/DLON/H
  509  518  501  480  453  427  401  380  361  342  324  306  292  280  269  260
  250  244  236  229  210  188  162  146  141  146  157  174  190  205  219  223
  219  208  198  185  176  170  167  164  164  162  157  147  134  120  109   99
   91   84   81   81   85   92  104  119  144  168  198  226  256  284  320  358
  395  426  455  477  498  510  534  524  509                                   
    22.5-180.0 180.0   5.0 450.0                            LAT/LON1/LON2/DLON/H
  590  601  589  579  557  531  493  465  430  406  378  354  331  310  293  277
  264  250  238  220  199  175  156  147  152  169  190  216  238  260  274  279
  271  255  234  218  204  197  189  184  179  173  163  148  131  115  102   89
   79   71   69   68   74   82   96  113  140  169  200  233  268  300  342  389
  432  468  498  524  542  557  579  583  590                                   
    20.0-180.0 180.0   5.0 450.0                            LAT/LON1/LON2/DLON/H
  667  691  688  690  672  645  606  572  530  493  454  421  386  358  331  308
  286  265  240  216  191  172  161  165  181  207  238  270  299  315  330  326
  314  291  269  247  229  216  207  198  188  176  162  144  125  109   95   82
   72   65   63   63   68   77   91  111  140  172  207  245  284  321  367  419
  467  505  541  567  594  612  636  648  667                                   
    17.5-180.0 180.0   5.0 450.0                            LAT/LON1/LON2/DLON/H
  714  753  768  780  769  740  699  667  627  594  547  504  458  422  384  352
  318  285  252  220  197  184  184  200  226  261  295  326  347  359  360  349
  328  305  281  262  239  228  216  205  192  176  157  137  119  104   94   82
   71   64   60   61   66   74   91  113  142  178  216  257  300  340  392  445
  493  534  568  599  627  651  673  678  714                                   
    15.0-180.0 180.0   5.0 450.0                            LAT/LON1/LON2/DLON/H
  743  793  817  840  839  816  781  750  719  690  648  601  546  500  453  415
  368  325  282  248  226  222  233  260  291  326  357  375  384  379  369  346
  324  301  280  261  238  226  216  204  189  171  151  132  117  105   96   88
   78   73   69   70   71   80   96  119  151  189  231  275  318  360  414  464
  510  548  584  612  644  669  699  698  743                                   
    12.5-180.0 180.0   5.0 450.0                            LAT/LON1/LON2/DLON/H
  736  788  820  848  851  836  811  796  777  759  722  681  626  577  525  481
  431  381  330  294  277  281  300  330  359  385  399  400  389  367  343  315
  294  277  262  246  230  221  212  200  185  167  147  129  118  109  105   97
   91   84   81   79   81   88  104  127  160  199  244  287  331  377  426  473
  511  549  577  606  635  660  688  685  736                                   
    10.0-180.0 180.0   5.0 450.0                            LAT/LON1/LON2/DLON/H
  717  756  792  824  832  822  809  807  807  805  782  742  695  647  599  555
  503  453  398  364  350  360  379  407  424  431  422  402  375  343  312  285
  265  255  242  232  219  214  207  196  182  164  147  131  125  117  116  111
  105  100   96   93   92   99  114  137  168  209  253  298  341  385  431  473
  509  537  566  587  618  640  673  665  717                                   
     7.5-180.0 180.0   5.0 450.0                            LAT/LON1/LON2/DLON/H
  677  707  740  773  779  771  768  779  793  807  798  773  733  697  655  616
  571  523  472  440  425  437  450  465  462  443  410  371  336  302  275  255
