data/unet/pred0490.15i
     1.0            IONOSPHERE MAPS     GNSS                IONEX VERSION / TYPE
pyspatialgeodesy        IME             05-JAN-18 20:20     PGM / RUN BY / DATE 
Map Name                                                    COMMENT             
Predicted global ionosphere maps (GIM).                     DESCRIPTION         
  2015     2    18     0     0     0                        EPOCH OF FIRST MAP  
  2015     2    19     0     0     0                        EPOCH OF LAST MAP   
  7200                                                      INTERVAL            
    13                                                      # OF MAPS IN FILE   
  NONE                                                      MAPPING FUNCTION    
10.0                                                        ELEVATION CUTOFF    
One-way carrier phase leveled to code                       OBSERVABLES USED    
  6371.0                                                    BASE RADIUS         
 2                                                          MAP DIMENSION       
   450.0 450.0   0.0                                        HGT1 / HGT2 / DHGT  
    87.5 -87.5  -2.5                                        LAT1 / LAT2 / DLAT  
  -180.0 180.0   5.0                                        LON1 / LON2 / DLON  
    -1                                                      EXPONENT            
                                                            END OF HEADER       
[from data line 2574]
     7                                                      START OF TEC MAP    
  2015     2    18    12     0     0                        EPOCH OF CURRENT MAP
    87.5-180.0 180.0   5.0 450.0                            LAT/LON1/LON2/DLON/H
   92   93   94   93   97   95  102   99  104  102  106  103  105  105  105  105
  104  104  105  105  104  104  105  105  104  105  104  105  103  104  102  104
  101  102   99   99   96   95   92   92   88   87   85   85   82   82   80   81
   79   80   79   81   80   83   80   84   82   85   83   86   84   86   84   85
   84   85   85   87   89   86   94   83   92                                   
    85.0-180.0 180.0   5.0 450.0                            LAT/LON1/LON2/DLON/H
   79   75   73   67   71   69   76   75   79   78   80   80   80   82   81   81
   82   83   84   82   85   85   88   87   90   91   93   93   94   94   95   95
   95   94   94   92   92   90   90   86   86   83   84   80   81   78   79   76
   77   73   74   72   72   71   71   71   69   70   69   69   68   69   67   67
   66   66   67   66   69   72   79   90   79                                   
    82.5-180.0 180.0   5.0 450.0                            LAT/LON1/LON2/DLON/H
   69   58   55   52   50   53   55   58   60   61   61   61   63   62   62   62
   62   63   64   64   66   70   72   74   77   82   84   88   88   93   93   96
   94   97   95   96   94   93   91   89   87   84   83   79   78   73   72   68
   67   62   63   60   61   58   59   58   58   57   57   56   56   54   54   52
   51   49   49   46   49   46   52   67   69                                   
    80.0-180.0 180.0   5.0 450.0                            LAT/LON1/LON2/DLON/H
   63   52   49   44   48   47   57   55   62   56   64   55   63   55   62   54
   61   55   61   55   62   60   66   66   72   75   79   85   90   95  100  102
  105  104  107  105  106  103  103   99   99   93   95   88   89   81   83   76
   77   70   72   66   68   62   65   62   63   61   62   61   61   58   58   55
   53   49   47   43   45   39   48   58   63                                   
    77.5-180.0 180.0   5.0 450.0                            LAT/LON1/LON2/DLON/H
   54   40   38   40   43   46   52   54   57   55   57   54   55   53   53   51
   52   51   53   51   55   55   60   61   67   72   78   87   92  102  106  112
  114  118  117  121  115  118  111  113  107  108  104  104   98   98   93   92
   88   87   82   81   77   76   72   74   72   73   71   73   69   69   65   64
   57   56   50   47   44   40   40   52   54                                   
    75.0-180.0 180.0   5.0 450.0                            LAT/LON1/LON2/DLON/H
   50   38   34   41   43   47   55   54   60   54   59   51   55   47   52   44
   49   43   49   43   48   46   52   53   59   67   74   86   94  108  116  123
  128  132  134  136  134  135  130  130  124  125  120  122  116  116  110  111
  105  105  100   99   94   92   88   88   85   86   83   83   79   77   74   69
   64   60   53   51   45   40   42   52   50                                   
    72.5-180.0 180.0   5.0 450.0                            LAT/LON1/LON2/DLON/H
   50   38   34   40   43   47   54   56   59   55   54   49   48   45   44   43
   43   42   44   45   47   49   53   57   64   71   82   94  105  119  129  139
  144  154  153  159  156  158  152  152  146  148  143  144  142  142  138  136
  133  129  124  119  115  110  106  103  101   99   98   95   94   91   87   84
   78   73   65   60   54   49   45   52   50                                   
    70.0-180.0 180.0   5.0 450.0                            LAT/LON1/LON2/DLON/H
   57   46   41   49   50   55   59   62   65   60   60   54   51   46   46   46
   48   49   53   51   57   54   60   60   68   74   84   98  110  127  139  151
  161  168  173  175  177  175  172  170  168  169  166  168  168  169  168  166
  164  157  149  140  134  126  120  114  111  105  103  100   98   97   94   91
   87   81   73   68   62   56   56   62   57                                   
    67.5-180.0 180.0   5.0 450.0                            LAT/LON1/LON2/DLON/H
   62   51   48   55   58   61   65   69   69   65   62   56   51   46   47   49
   52   54   59   61   65   64   69   70   77   82   95  105  122  135  152  163
  173  181  185  190  188  188  183  185  183  188  187  193  194  197  196  193
  189  179  170  156  147  137  129  120  113  106  103   98   98   95   95   93
   91   88   82   78   70   66   57   66   62                                   
    65.0-180.0 180.0   5.0 450.0                            LAT/LON1/LON2/DLON/H
   68   59   53   61   62   68   71   73   72   66   63   57   54   52   54   61
   63   69   73   77   81   78   83   82   88   92  103  114  128  145  159  173
  184  191  200  202  204  200  197  198  199  204  204  212  213  217  214  211
  206  194  184  167  155  140  130  116  108   97   92   85   82   79   79   79
   81   80   79   75   69   67   64   73   68                                   
    62.5-180.0 180.0   5.0 450.0                            LAT/LON1/LON2/DLON/H
   65   57   51   62   64   70   72   75   74   70   65   62   57   57   59   65
   68   72   77   80   85   85   87   88   94   94  107  114  132  144  164  176
  189  198  207  212  211  209  205  208  208  217  216  226  227  230  225  219
  211  200  188  171  159  142  130  114  102   90   81   72   67   64   63   64
   68   69   70   69   64   64   60   72   65                                   
    60.0-180.0 180.0   5.0 450.0                            LAT/LON1/LON2/DLON/H
   67   60   50   54   63   64   76   72   78   68   69   59   60   56   62   65
   73   74   80   80   87   83   91   89   99   97  114  116  136  146  167  178
  196  205  219  222  225  219  217  217  220  228  229  240  239  243  235  227
  220  206  195  176  163  143  133  111   99   83   74   64   56   50   50   50
   55   56   61   61   59   62   62   72   67                                   
    57.5-180.0 180.0   5.0 450.0                            LAT/LON1/LON2/DLON/H
   64   58   45   53   55   65   66   73   71   72   68   67   62   64   64   68
   70   71   74   74   76   78   82   87   94   99  111  118  136  150  170  185
  203  219  231  238  238  235  231  231  233  242  241  251  248  251  239  232
  223  211  201  184  174  155  142  123  107   91   80   69   60   53   49   49
   51   52   56   57   57   59   59   67   64                                   
    55.0-180.0 180.0   5.0 450.0                            LAT/LON1/LON2/DLON/H
   69   60   49   47   57   60   69   68   74   66   71   61   69   61   71   63
   73   63   71   62   70   66   79   84   99  103  118  124  143  158  179  193
  214  234  248  257  256  253  247  247  248  255  254  262  257  258  247  239
  232  221  214  199  190  170  160  138  125  106   93   80   70   63   57   51
   53   52   59   58   59   63   66   70   69                                   
    52.5-180.0 180.0   5.0 450.0                            LAT/LON1/LON2/DLON/H
   78   65   52   54   52   58   60   64   64   63   59   60   61   67   69   76
   71   72   67   66   66   71   79   90  101  114  124  138  153  171  189  208
  229  251  263  276  273  273  266  268  266  272  269  272  265  261  252  243
  238  229  225  214  208  191  181  160  148  131  121  108   99   89   80   72
   68   66   68   68   69   71   73   75   78                                   
    50.0-180.0 180.0   5.0 450.0                            LAT/LON1/LON2/DLON/H
   93   77   67   61   65   62   69   65   72   66   69   63   68   62   72   63
   75   63   69   58   69   68   84   94  113  125  139  151  167  186  202  223
  243  268  276  294  289  293  284  288  282  289  283  286  277  273  262  256
  251  245  241  233  225  211  201  181  169  156  145  136  126  117  109  100
   93   87   86   85   84   88   90   89   93                                   
    47.5-180.0 180.0   5.0 450.0                            LAT/LON1/LON2/DLON/H
  112   96   84   78   77   74   76   74   76   72   73   70   71   67   68   68
   68   68   68   73   77   86   96  113  128  143  155  168  183  199  215  234
  254  276  287  302  302  311  306  309  302  303  300  295  290  280  273  263
  263  257  255  245  240  226  215  196  185  171  165  157  150  143  134  126
  117  111  106  104  102  106  109  105  112                                   
    45.0-180.0 180.0   5.0 450.0                            LAT/LON1/LON2/DLON/H
  126  114  104   95   98   92   94   88   92   84   88   81   83   71   73   65
   72   69   79   82   92   98  113  127  144  158  172  183  196  210  222  242
  256  278  285  302  302  318  313  319  314  318  310  312  303  296  286  276
  276  266  263  252  243  230  216  199  187  177  167  162  154  150  143  137
  132  126  122  117  115  119  122  123  126                                   
    42.5-180.0 180.0   5.0 450.0                            LAT/LON1/LON2/DLON/H
  136  129  118  111  112  105  106  100  100   96   98   94   92   83   81   75
   79   81   91   97  104  115  129  144  160  175  186  196  207  214  226  237
  250  270  280  300  309  326  328  333  331  329  325  321  314  304  296  284
  282  271  264  250  242  225  211  190  179  165  159  152  148  144  139  135
  132  127  125  120  118  120  127  129  136                                   
    40.0-180.0 180.0   5.0 450.0                            LAT/LON1/LON2/DLON/H
  137  134  128  122  127  120  123  114  115  112  114  109  106   94   91   84
   90   94  108  111  126  134  151  165  178  193  204  210  217  224  229  242
  247  269  276  301  312  335  339  349  343  345  334  335  324  319  310  301
  295  281  270  254  243  222  206  184  169  156  145  138  133  129  128  124
  123  121  117  114  109  115  120  128  137                                   
    37.5-180.0 180.0   5.0 450.0                            LAT/LON1/LON2/DLON/H
  127  126  121  123  125  122  124  119  119  117  121  116  116  106  103   98
  102  106  114  121  131  141  156  170  185  199  210  219  222  230  232  247
  253  280  292  325  343  368  375  381  377  371  360  355  344  336  326  317
  307  292  276  261  244  224  208  184  169  151  143  132  128  121  120  115
  116  112  110  105  104  103  108  116  127                                   
    35.0-180.0 180.0   5.0 450.0                            LAT/LON1/LON2/DLON/H
  113  112  109  110  122  119  124  118  122  120  125  125  123  115  111  108
  111  115  124  131  145  150  169  182  196  208  217  227  228  238  239  261
  267  302  313  356  373  403  406  412  402  399  385  382  370  365  351  343
  329  315  295  282  266  252  233  214  193  177  161  148  139  129  125  118
  117  115  108  102   96   96  100   98  113                                   
    32.5-180.0 180.0   5.0 450.0                            LAT/LON1/LON2/DLON/H
  100   97   92  100  104  109  112  110  111  113  120  122  125  118  119  114
  118  117  124  129  140  148  166  179  195  208  222  236  240  251  260  282
  295  331  351  399  421  452  451  456  445  439  425  423  412  406  394  386
  373  361  343  331  313  300  284  265  247  228  214  196  186  171  161  151
  145  136  121  110   97   91   92   85  100                                   
    30.0-180.0 180.0   5.0 450.0                            LAT/LON1/LON2/DLON/H
  100   79   71   78   89   91  103   96  106  104  115  119  123  119  119  116
  120  118  126  127  141  148  168  180  199  212  225  242  249  266  277  306
  317  362  379  440  462  497  494  497  483  476  468  465  459  454  448  438
  431  420  411  403  397  392  375  360  333  319  295  283  259  241  219  209
  196  187  160  134  111   91   94   76  100                                   
    27.5-180.0 180.0   5.0 450.0                            LAT/LON1/LON2/DLON/H
   91   84   70   68   74   80   82   86   88   94  105  110  120  115  122  117
  122  117  124  130  143  161  179  194  213  228  245  260  270  288  303  332
  358  392  421  470  500  533  535  540  530  527  519  521  517  518  515  512
  508  506  500  500  502  499  494  479  463  430  404  373  355  326  308  284
  266  239  218  183  155  126  113   79   91                                   
    25.0-180.0 180.0   5.0 450.0                            LAT/LON1/LON2/DLON/H
  117  102   93   82   74   72   76   71   82   82   96  102  109  109  113  113
  120  115  123  128  145  164  185  201  221  240  253  273  286  308  333  369
  399  433  466  510  536  570  567  576  567  574  569  578  580  582  582  583
  585  587  589  597  599  607  605  598  582  557  522  498  470  434  393  363
  333  309  271  234  197  171  148  120  117                                   
    22.5-180.0 180.0   5.0 450.0                            LAT/LON1/LON2/DLON/H
  166  142  124  110  101   88   81   76   78   83   91   95  105  101  111  110
  116  114  120  135  155  180  203  221  240  255  269  287  304  334  359  402
  434  472  509  548  569  588  592  599  605  614  619  634  637  648  647  655
  660  669  678  692  706  718  715  705  685  659  632  609  593  563  523  482
  445  415  380  327  279  240  211  177  166                                   
    20.0-180.0 180.0   5.0 450.0                            LAT/LON1/LON2/DLON/H
  227  198  174  149  134  115   98   88   88   86   92   93   97  100  102  108
  115  117  129  142  166  189  211  231  243  259  272  302  322  359  392  432
  474  518  556  583  599  615  615  625  636  648  664  676  685  693  701  710
  728  740  751  764  771  782  776  764  738  722  682  673  650  629  586  570
  537  521  477  426  368  319  284  254  227                                   
    17.5-180.0 180.0   5.0 450.0                            LAT/LON1/LON2/DLON/H
  285  258  228  198  172  150  131  117  108  105  104  106  101  101  103  106
  110  116  128  150  175  203  225  242  254  265  285  313  336  380  413  465
  512  559  588  614  626  639  639  652  664  681  698  713  719  737  747  764
  775  788  794  804  810  810  800  781  749  710  672  657  655  629  605  590
  573  558  535  492  439  392  350  320  285                                   
    15.0-180.0 180.0   5.0 450.0                            LAT/LON1/LON2/DLON/H
  326  308  278  247  211  180  162  143  127  115  110  105   95   99   94  105
  105  117  135  159  186  212  231  247  254  274  295  329  353  404  439  492
  533  578  607  634  649  658  664  674  691  711  730  741  747  760  772  788
  803  811  813  816  809  805  782  752  701  658  617  611  586  577  557  560
  550  549  530  495  459  417  385  359  326                                   
    12.5-180.0 180.0   5.0 450.0                            LAT/LON1/LON2/DLON/H
  347  343  302  270  238  202  184  169  154  142  131  119  103   99   99   98
  104  113  136  162  192  218  243  258  264  283  305  345  377  428  471  511
  557  589  611  639  652  671  674  693  707  733  743  760  761  774  786  802
  815  815  813  802  796  775  751  705  648  587  555  523  513  496  495  501
  498  498  486  468  447  428  405  385  347                                   
    10.0-180.0 180.0   5.0 450.0                            LAT/LON1/LON2/DLON/H
  343  346  314  292  261  223  198  179  169  156  139  131  109  103   99  109
  110  121  141  168  200  232  255  266  275  292  323  364  404  449  484  528
  564  591  618  637  659  671  687  703  724  745  757  767  770  776  785  792
  798  789  777  763  749  730  700  669  593  544  492  462  445  421  405  409
  413  427  429  422  418  407  401  375  343                                   
     7.5-180.0 180.0   5.0 450.0                            LAT/LON1/LON2/DLON/H
  330  344  320  296  271  234  212  190  181  171  160  145  138  124  122  116
  126  130  154  181  214  243  265  278  284  312  343  390  432  468  500  529
