data/unet/pred0420.15i
     1.0            IONOSPHERE MAPS     GNSS                IONEX VERSION / TYPE
pyspatialgeodesy        IME             05-JAN-18 20:20     PGM / RUN BY / DATE 
Map Name                                                    COMMENT             
Predicted global ionosphere maps (GIM).                     DESCRIPTION         
  2015     2    11     0     0     0                        EPOCH OF FIRST MAP  
  2015     2    12     0     0     0                        EPOCH OF LAST MAP   
  7200                                                      INTERVAL            
    13                                                      # OF MAPS IN FILE   
  NONE                                                      MAPPING FUNCTION    
10.0                                                        ELEVATION CUTOFF    
One-way carrier phase leveled to code                       OBSERVABLES USED    
  6371.0                                                    BASE RADIUS         
 2                                                          MAP DIMENSION       
   450.0 450.0   0.0                                        HGT1 / HGT2 / DHGT  
    87.5 -87.5  -2.5                                        LAT1 / LAT2 / DLAT  
  -180.0 180.0   5.0                                        LON1 / LON2 / DLON  
    -1                                                      EXPONENT            
                                                            END OF HEADER       
     1                                                      START OF TEC MAP    
  2015     2    11     0     0     0                        EPOCH OF CURRENT MAP
    87.5-180.0 180.0   5.0 450.0                            LAT/LON1/LON2/DLON/H
  187  161  162  158  157  153  156  154  158  156  159  157  160  158  161  158
  160  158  159  156  156  153  153  149  148  145  145  141  139  136  135  132
  131  129  128  126  125  124  123  122  121  121  120  121  120  121  122  123
  124  126  127  129  131  133  135  137  138  141  142  143  144  145  145  146
  147  148  149  150  154  152  153  181  187                                   
    85.0-180.0 180.0   5.0 450.0                            LAT/LON1/LON2/DLON/H
  168  171  178  178  176  172  176  173  177  174  178  174  178  175  178  173
  176  171  173  168  168  163  163  157  155  150  148  142  140  135  134  128
  127  123  124  120  121  119  120  118  119  118  121  120  122  122  126  126
  130  131  135  137  140  142  145  146  149  151  153  153  155  156  157  157
  160  160  163  163  169  164  162  161  168                                   
    82.5-180.0 180.0   5.0 450.0                            LAT/LON1/LON2/DLON/H
  180  182  188  190  187  186  186  186  188  188  190  190  191  190  190  187
  186  183  180  177  173  169  165  160  154  150  144  140  134  130  125  122
  118  116  115  114  113  113  113  114  115  116  119  120  122  123  128  129
  133  134  140  140  145  145  149  149  153  152  156  155  160  158  163  162
  167  167  171  172  176  174  172  172  180                                   
    80.0-180.0 180.0   5.0 450.0                            LAT/LON1/LON2/DLON/H
  195  195  202  205  199  202  199  204  201  205  202  207  203  205  201  200
  194  192  187  184  177  173  166  162  154  150  143  139  132  128  122  119
  115  114  112  112  111  113  113  116  116  119  120  122  124  126  129  131
  134  136  140  142  145  146  148  149  150  151  153  154  156  158  161  165
  168  172  176  180  183  182  182  186  195                                   
    77.5-180.0 180.0   5.0 450.0                            LAT/LON1/LON2/DLON/H
  211  206  214  216  213  214  214  216  216  217  217  217  215  213  208  204
  196  191  184  180  173  168  162  158  152  148  142  139  132  128  123  120
  116  116  115  116  116  118  119  122  122  125  126  128  128  130  130  133
  134  136  139  141  142  143  143  143  143  143  144  144  146  148  152  157
  163  168  174  179  184  185  188  197  211                                   
    75.0-180.0 180.0   5.0 450.0                            LAT/LON1/LON2/DLON/H
  227  224  234  236  232  234  233  235  233  234  230  228  221  216  206  197
  186  177  169  163  157  154  150  148  145  143  140  137  133  129  126  122
  120  119  119  120  121  123  125  128  129  132  132  133  131  131  130  130
  130  131  132  133  133  134  133  133  133  132  133  133  136  139  144  149
  158  166  175  182  189  194  199  212  227                                   
    72.5-180.0 180.0   5.0 450.0                            LAT/LON1/LON2/DLON/H
  247  243  255  256  256  257  258  259  257  254  248  240  228  216  199  185
  165  152  142  135  130  128  128  128  129  129  130  129  127  125  122  120
  118  118  118  120  121  124  125  127  129  130  130  129  126  124  121  120
  118  118  119  120  120  120  119  118  118  117  119  120  125  129  138  145
  157  166  179  188  198  206  214  231  247                                   
    70.0-180.0 180.0   5.0 450.0                            LAT/LON1/LON2/DLON/H
  268  271  285  287  285  287  287  288  284  281  269  258  238  218  195  171
  148  128  117  107  104  103  106  108  112  114  117  117  117  116  115  114
  114  115  116  118  119  122  123  124  126  126  125  122  119  114  112  109
  107  106  106  107  107  106  105  105  104  104  106  110  117  125  136  145
  159  171  186  197  210  222  234  252  268                                   
    67.5-180.0 180.0   5.0 450.0                            LAT/LON1/LON2/DLON/H
  291  294  311  313  313  315  316  317  316  310  300  283  260  232  201  170
  138  115   98   87   83   82   87   90   95   97  101  102  102  102  102  102
  102  103  103  105  106  109  110  113  112  114  110  108  102   99   94   92
   90   90   92   92   92   90   90   89   91   93   96  102  113  124  138  150
  167  179  196  211  226  239  252  271  291                                   
    65.0-180.0 180.0   5.0 450.0                            LAT/LON1/LON2/DLON/H
  310  321  337  339  337  340  340  343  342  340  329  315  287  257  217  181
  143  117   96   82   76   74   77   80   83   85   88   88   88   87   88   87
   87   85   87   86   89   88   92   92   95   92   92   86   84   78   77   73
   74   74   78   77   78   76   75   77   80   86   93  104  119  133  150  163
  180  193  210  226  242  257  275  292  310                                   
    62.5-180.0 180.0   5.0 450.0                            LAT/LON1/LON2/DLON/H
  324  334  350  352  351  353  355  357  361  359  356  342  320  284  244  203
  163  132  107   91   81   76   75   75   75   75   75   74   74   72   72   70
   69   67   66   66   65   67   68   71   72   73   70   68   65   61   59   57
   60   63   66   67   67   65   66   69   76   85   97  111  132  149  168  182
  199  213  230  244  260  274  289  308  324                                   
    60.0-180.0 180.0   5.0 450.0                            LAT/LON1/LON2/DLON/H
  331  347  360  361  360  361  361  364  368  370  367  359  340  311  269  231
  191  157  130  111   97   87   81   76   71   67   65   63   62   62   61   60
   59   56   55   53   53   52   56   57   60   58   59   55   55   49   49   46
   51   53   59   59   60   59   61   66   75   89  104  124  148  169  187  203
  221  235  249  262  276  292  308  322  331                                   
    57.5-180.0 180.0   5.0 450.0                            LAT/LON1/LON2/DLON/H
  337  348  363  363  361  359  360  362  368  370  370  363  352  326  294  258
  223  191  162  139  121  107   94   83   73   66   60   58   57   57   57   56
   55   53   51   49   48   50   52   55   55   56   54   52   50   46   44   43
   47   51   55   57   58   58   60   67   79   95  114  137  166  188  209  227
  246  258  271  282  296  308  319  333  337                                   
    55.0-180.0 180.0   5.0 450.0                            LAT/LON1/LON2/DLON/H
  344  360  370  369  367  363  361  361  364  366  364  362  351  335  310  284
  253  224  195  170  146  127  109   92   79   69   62   59   58   60   60   60
   58   56   55   53   55   54   60   59   62   60   61   57   57   50   50   47
   52   54   60   62   63   62   65   73   86  103  123  149  179  203  225  248
  265  281  292  303  317  331  343  349  344                                   
    52.5-180.0 180.0   5.0 450.0                            LAT/LON1/LON2/DLON/H
  357  369  380  380  380  375  371  367  366  363  361  354  348  334  318  297
  277  250  222  196  169  146  125  107   91   81   73   71   70   71   70   70
   68   67   65   66   66   69   72   74   73   73   71   69   65   61   58   57
   61   65   69   71   71   71   73   82   95  113  134  161  191  216  242  263
  282  298  312  326  340  353  360  366  357                                   
    50.0-180.0 180.0   5.0 450.0                            LAT/LON1/LON2/DLON/H
  373  389  399  400  405  401  392  384  377  369  359  351  341  331  317  306
  290  269  240  213  186  161  139  120  107   96   90   87   86   86   83   82
   80   78   79   79   83   84   89   87   89   85   87   82   81   74   73   70
   74   77   82   83   82   82   84   93  106  122  144  168  199  225  251  275
  296  316  333  348  363  376  386  385  373                                   
    47.5-180.0 180.0   5.0 450.0                            LAT/LON1/LON2/DLON/H
  392  407  418  426  434  434  425  415  400  386  368  352  340  328  317  306
  295  273  247  221  195  173  152  137  125  117  110  108  104  102   97   94
   91   90   90   94   97  101  102  103  100   99   97   95   92   89   86   85
   88   91   94   94   93   94   96  104  117  133  154  179  208  233  261  284
  309  331  351  367  383  394  400  401  392                                   
    45.0-180.0 180.0   5.0 450.0                            LAT/LON1/LON2/DLON/H
  408  430  439  451  462  465  455  444  424  405  379  359  340  328  315  307
  294  275  248  223  201  182  165  153  144  137  131  125  119  112  104   98
   95   94   98  102  108  111  113  111  110  107  107  103  104  101  101  100
  103  105  107  107  106  107  108  116  128  144  165  188  216  241  268  294
  319  345  364  381  397  409  420  413  408                                   
    42.5-180.0 180.0   5.0 450.0                            LAT/LON1/LON2/DLON/H
  419  441  451  465  481  486  481  470  450  430  398  372  350  333  320  307
  295  273  248  225  205  192  179  170  160  153  144  137  126  117  105   98
   94   96  101  108  113  118  117  118  114  113  111  112  111  112  112  113
  115  117  118  118  117  117  119  127  140  158  178  200  227  251  278  303
  330  354  374  390  408  418  424  420  419                                   
    40.0-180.0 180.0   5.0 450.0                            LAT/LON1/LON2/DLON/H
  422  444  451  465  479  486  482  475  459  441  409  383  359  342  325  313
  297  277  251  232  216  206  196  187  176  165  154  143  130  118  106   99
   96  100  106  114  119  122  121  120  118  115  116  116  119  119  121  122
  125  126  127  127  127  127  128  137  151  170  191  213  239  265  292  318
  345  369  387  403  418  425  434  420  422                                   
    37.5-180.0 180.0   5.0 450.0                            LAT/LON1/LON2/DLON/H
  421  436  443  452  463  469  469  465  457  443  418  394  370  353  337  322
  306  286  264  246  232  223  211  201  186  171  156  144  131  120  108  105
  104  109  115  122  125  128  124  123  120  119  119  120  121  122  123  125
  127  128  129  130  130  130  133  142  159  181  205  229  256  281  311  337
  364  388  406  423  435  440  437  424  421                                   
    35.0-180.0 180.0   5.0 450.0                            LAT/LON1/LON2/DLON/H
  424  435  435  434  438  440  438  437  433  427  409  394  374  361  345  333
  317  301  282  268  254  243  226  209  190  171  155  142  134  126  122  122
  126  132  138  141  142  139  133  129  128  124  124  122  122  120  123  122
  125  125  127  128  129  130  133  145  163  187  215  243  272  301  331  362
  389  415  434  449  461  462  465  441  424                                   
    32.5-180.0 180.0   5.0 450.0                            LAT/LON1/LON2/DLON/H
  446  448  441  431  426  422  417  416  413  408  397  388  375  366  354  343
  330  316  300  287  272  255  234  210  187  168  154  148  145  147  149  157
  164  172  171  170  165  160  149  145  139  136  131  127  123  119  118  117
  120  121  123  123  125  126  131  143  162  190  220  248  278  308  344  378
  407  435  454  473  485  492  495  474  446                                   
    30.0-180.0 180.0   5.0 450.0                            LAT/LON1/LON2/DLON/H
  498  494  479  456  443  429  417  409  401  393  383  378  372  367  358  349
  338  328  314  303  284  263  235  207  185  169  163  165  175  185  198  210
  219  226  222  213  202  188  175  167  160  151  145  135  129  120  119  116
  119  118  120  119  119  122  127  140  162  192  225  255  285  316  354  396
  430  459  483  498  513  525  542  534  498                                   
    27.5-180.0 180.0   5.0 450.0                            LAT/LON1/LON2/DLON/H
  571  564  542  516  495  474  455  438  420  402  387  378  374  371  364  355
  345  334  322  306  284  256  227  202  186  180  184  199  220  242  263  280
  290  293  283  269  246  227  206  195  182  172  159  149  137  128  121  118
  116  114  113  111  112  114  119  134  159  191  225  261  292  324  366  411
  452  489  518  534  547  563  584  596  571                                   
    25.0-180.0 180.0   5.0 450.0                            LAT/LON1/LON2/DLON/H
  668  667  634  604  581  557  529  504  471  442  412  398  388  384  373  361
  347  335  319  300  272  244  219  203  199  204  221  251  283  313  335  353
  360  359  346  325  296  269  242  224  207  191  178  164  152  138  131  122
  117  110  107  105  106  110  120  137  164  197  233  272  306  342  382  436
  486  527  565  585  607  633  668  688  668                                   
    22.5-180.0 180.0   5.0 450.0                            LAT/LON1/LON2/DLON/H
  759  778  752  721  691  665  635  606  565  518  473  446  429  414  395  373
  353  332  311  285  256  231  216  215  225  247  279  316  353  382  400  420
  422  415  394  368  331  305  271  251  227  208  191  176  161  147  137  126
  117  108  102   99  102  106  119  136  165  202  240  280  314  354  398  460
  513  565  609  637  666  695  745  770  759                                   
    20.0-180.0 180.0   5.0 450.0                            LAT/LON1/LON2/DLON/H
  834  876  869  840  822  797  773  739  687  627  567  525  490  462  427  395
  363  334  303  275  245  230  229  249  279  319  363  402  432  453  466  473
  469  451  424  388  352  317  288  266  244  221  205  189  176  159  147  132
  120  107  101   97  101  106  120  139  171  208  254  294  330  372  417  480
  541  599  657  690  728  764  826  842  834                                   
    17.5-180.0 180.0   5.0 450.0                            LAT/LON1/LON2/DLON/H
  871  942  957  944  930  913  892  858  805  741  676  621  576  530  480  433
  391  350  314  280  257  252  269  308  365  414  453  478  488  497  490  494
  481  460  426  391  349  316  288  270  249  229  210  195  180  165  154  138
  127  113  106  100  102  106  123  144  179  223  266  307  342  385  436  496
  556  620  676  718  758  794  848  865  871                                   
    15.0-180.0 180.0   5.0 450.0                            LAT/LON1/LON2/DLON/H
  895  970 1003 1001 1009 1000 1001  967  923  849  783  724  672  613  550  489
  432  383  341  310  292  303  338  405  467  510  533  535  530  512  498  480
  464  437  406  366  332  299  280  260  248  228  216  198  185  169  157  142
  127  114  104   98   98  102  122  147  190  238  282  319  357  398  455  508
  570  628  684  726  769  807  857  867  895                                   
    12.5-180.0 180.0   5.0 450.0                            LAT/LON1/LON2/DLON/H
  872  953  981  994 1010 1027 1039 1024  986  920  857  804  755  694  627  557
  495  438  396  366  362  387  445  509  564  579  573  552  512  484  453  435
  413  391  361  331  301  281  269  255  241  225  211  199  184  172  161  147
  135  120  109  100   99  103  126  157  201  251  288  326  366  414  466  522
  582  636  683  722  755  784  823  832  872                                   
    10.0-180.0 180.0   5.0 450.0                            LAT/LON1/LON2/DLON/H
  849  900  922  939  970  999 1028 1031 1015  967  922  875  834  776  709  640
  576  521  480  458  458  494  553  608  634  618  583  526  470  425  400  377
  362  338  322  298  281  270  266  253  246  231  219  204  191  178  165  151
  135  123  108   98   96  102  131  167  218  261  302  337  379  426  480  532
  592  641  684  718  746  777  806  803  849                                   
     7.5-180.0 180.0   5.0 450.0                            LAT/LON1/LON2/DLON/H
  802  847  851  864  891  928  960  981  980  960  935  906  879  829  773  712
  660  607  573  553  562  594  642  668  660  613  542  467  400  362  339  328
