data/unet/pred0920.15i
     1.0            IONOSPHERE MAPS     GNSS                IONEX VERSION / TYPE
pyspatialgeodesy        IME             05-JAN-18 20:20     PGM / RUN BY / DATE 
Map Name                                                    COMMENT             
Predicted global ionosphere maps (GIM).                     DESCRIPTION         
  2015     4     2     0     0     0                        EPOCH OF FIRST MAP  
  2015     4     3     0     0     0                        EPOCH OF LAST MAP   
  7200                                                      INTERVAL            
    13                                                      # OF MAPS IN FILE   
  NONE                                                      MAPPING FUNCTION    
10.0                                                        ELEVATION CUTOFF    
One-way carrier phase leveled to code                       OBSERVABLES USED    
  6371.0                                                    BASE RADIUS         
 2                                                          MAP DIMENSION       
   450.0 450.0   0.0                                        HGT1 / HGT2 / DHGT  
    87.5 -87.5  -2.5                                        LAT1 / LAT2 / DLAT  
  -180.0 180.0   5.0                                        LON1 / LON2 / DLON  
    -1                                                      EXPONENT            
                                                            END OF HEADER       
[from data line 1716]
     5                                                      START OF TEC MAP    
  2015     4     2     8     0     0                        EPOCH OF CURRENT MAP
    87.5-180.0 180.0   5.0 450.0                            LAT/LON1/LON2/DLON/H
  127  138  145  137  143  138  149  148  162  163  177  175  186  185  192  188
  192  187  188  180  178  169  167  159  160  155  157  156  159  159  162  162
  165  165  167  168  170  171  172  174  175  177  177  178  179  178  179  177
  177  175  174  171  171  166  164  158  158  150  149  142  143  136  136  131
  132  129  130  128  136  131  134  119  127                                   
    85.0-180.0 180.0   5.0 450.0                            LAT/LON1/LON2/DLON/H
  128  134  135  139  141  142  149  154  160  165  171  176  180  184  186  187
  187  187  184  183  178  175  171  169  167  167  166  167  167  169  169  171
  173  175  176  179  182  184  186  188  190  191  194  193  195  193  194  191
  191  188  186  182  181  176  171  166  162  156  151  145  143  137  133  129
  127  124  122  123  128  123  127  116  128                                   
    82.5-180.0 180.0   5.0 450.0                            LAT/LON1/LON2/DLON/H
  122  121  125  128  129  136  143  152  156  163  169  175  180  183  186  186
  188  187  185  184  179  177  170  168  164  163  161  160  162  161  165  165
  172  172  179  181  189  189  196  197  204  203  209  208  213  209  211  207
  208  203  201  196  194  185  180  173  169  161  155  149  145  138  132  126
  122  117  115  112  115  111  113  115  122                                   
    80.0-180.0 180.0   5.0 450.0                            LAT/LON1/LON2/DLON/H
  120  113  116  116  114  125  131  142  148  157  163  171  174  178  178  179
  180  177  176  171  168  162  155  151  145  144  140  140  140  143  146  152
  159  164  173  179  187  193  199  205  211  215  220  223  226  227  227  227
  225  222  218  218  211  207  197  195  186  182  171  168  158  152  143  138
  130  125  119  115  113  106  105  111  120                                   
    77.5-180.0 180.0   5.0 450.0                            LAT/LON1/LON2/DLON/H
  119  114  113  111  111  119  128  138  146  153  158  165  166  169  168  167
  166  162  161  155  152  144  139  129  125  119  116  113  114  116  123  129
  142  151  166  175  190  197  210  220  231  236  245  247  254  252  256  253
  255  250  250  245  244  237  233  227  223  214  210  201  197  187  182  172
  165  154  145  132  128  115  115  110  119                                   
    75.0-180.0 180.0   5.0 450.0                            LAT/LON1/LON2/DLON/H
  132  119  116  110  109  112  120  125  133  137  142  143  145  145  145  145
  145  143  142  136  134  126  122  112  107  101   99   97   98  103  111  121
  134  150  165  181  195  209  221  233  244  252  261  265  271  272  275  274
  274  271  268  266  264  259  257  254  251  245  242  235  231  222  217  206
  200  189  180  164  153  136  134  128  132                                   
    72.5-180.0 180.0   5.0 450.0                            LAT/LON1/LON2/DLON/H
  144  131  123  116  111  109  114  116  121  124  124  125  125  122  123  122
  123  121  121  121  117  114  109  102   97   90   89   85   89   92  104  114
  132  147  168  184  202  214  229  241  254  263  271  278  283  286  289  290
  291  289  288  285  284  280  278  275  274  270  268  261  259  250  246  234
  232  220  216  198  187  166  161  147  144                                   
    70.0-180.0 180.0   5.0 450.0                            LAT/LON1/LON2/DLON/H
  160  139  129  119  111  108  109  111  114  113  112  113  109  108  105  105
  107  108  109  110  110  108  105  100   97   91   90   91   90  100  106  122
  136  155  172  193  206  223  232  244  256  264  275  281  288  290  295  294
  297  293  294  291  291  287  285  283  283  279  276  270  268  262  257  250
  247  239  234  219  211  190  181  167  160                                   
    67.5-180.0 180.0   5.0 450.0                            LAT/LON1/LON2/DLON/H
  167  147  134  121  111  105  105  106  107  107  107  106  102   99   95   94
   93   96   97  102  101  105  103  101   99   95   94   94   96  104  113  127
  143  160  178  196  212  223  234  241  251  261  270  278  285  290  293  295
  295  293  292  288  288  285  282  281  281  278  276  270  269  262  261  253
  253  244  242  230  224  207  200  176  167                                   
    65.0-180.0 180.0   5.0 450.0                            LAT/LON1/LON2/DLON/H
  174  153  136  122  110  103  101  102  104  103  105  102   98   94   89   86
   85   89   93   98  102  104  105  104  104  101  101  103  105  114  123  138
  151  170  182  202  212  224  232  239  250  257  268  275  286  289  295  294
  296  291  289  284  285  281  279  279  278  275  270  264  260  254  251  247
  246  243  240  233  230  217  207  187  174                                   
    62.5-180.0 180.0   5.0 450.0                            LAT/LON1/LON2/DLON/H
  178  156  138  123  112  101   97   96   97   99  100  100   99   96   89   88
   85   89   90   98   99  104  104  103  105  101  105  105  111  118  129  143
  156  173  187  203  215  225  232  240  250  258  269  279  288  296  299  301
  299  296  290  286  284  282  278  278  277  273  269  261  258  248  248  240
  240  233  234  227  228  219  214  188  178                                   
    60.0-180.0 180.0   5.0 450.0                            LAT/LON1/LON2/DLON/H
  179  161  140  123  110   98   91   88   87   89   91   94   94   93   87   85
   83   86   88   95   97  102  102  102  102  101  103  106  112  120  129  144
  158  176  191  206  218  226  236  241  256  260  279  283  301  304  313  308
  309  301  295  292  290  288  283  284  281  277  269  262  255  246  241  232
  229  223  224  221  228  219  215  196  179                                   
    57.5-180.0 180.0   5.0 450.0                            LAT/LON1/LON2/DLON/H
  189  173  152  133  117  102   91   84   80   81   83   85   87   88   86   85
   84   86   87   92   92   95   94   93   95   93   98  100  107  114  125  138
  156  174  193  209  223  233  244  254  267  276  292  302  320  327  332  332
  327  323  315  313  308  307  300  302  298  295  289  282  277  266  259  245
  240  230  230  224  230  223  226  201  189                                   
    55.0-180.0 180.0   5.0 450.0                            LAT/LON1/LON2/DLON/H
  202  191  171  149  133  110   97   82   74   71   70   75   77   82   81   85
   83   85   86   88   88   89   87   87   87   88   91   94   99  107  117  133
  152  174  193  215  230  241  257  265  284  293  314  325  344  349  357  354
  353  343  339  334  332  328  324  323  321  317  313  306  301  291  279  264
  251  241  238  235  243  234  238  220  202                                   
    52.5-180.0 180.0   5.0 450.0                            LAT/LON1/LON2/DLON/H
  221  218  200  177  156  132  112   91   76   68   67   72   74   79   80   84
   84   86   86   86   82   82   78   78   81   82   88   89   94  100  108  124
  145  171  199  222  239  255  269  283  301  314  334  347  364  371  377  378
  375  371  366  364  362  360  356  354  352  350  347  343  340  329  318  301
  287  276  270  269  269  259  263  240  221                                   
    50.0-180.0 180.0   5.0 450.0                            LAT/LON1/LON2/DLON/H
  235  233  218  198  185  154  135  106   86   70   67   69   71   75   77   81
   84   88   86   87   84   82   80   80   82   84   89   90   94   97  107  120
  146  171  201  228  251  264  285  293  318  332  358  368  388  394  402  402
  403  398  397  392  391  386  382  379  376  376  373  374  369  363  351  334
  318  306  297  295  294  277  277  258  235                                   
    47.5-180.0 180.0   5.0 450.0                            LAT/LON1/LON2/DLON/H
  251  246  235  219  207  183  160  132  105   84   74   73   74   77   76   81
   84   89   90   90   88   87   84   85   89   91   96   96   97   99  105  120
  145  174  208  237  261  276  292  304  325  341  367  379  398  407  417  419
  421  420  420  420  417  413  405  399  393  389  387  385  387  380  374  358
  348  335  330  325  321  303  302  276  251                                   
    45.0-180.0 180.0   5.0 450.0                            LAT/LON1/LON2/DLON/H
  249  241  231  222  218  197  180  150  125  100   85   82   80   81   80   82
   85   91   93   97   96   98   98  100  105  109  112  110  109  108  115  126
  152  177  210  239  267  281  304  313  338  355  383  394  418  426  440  440
  445  445  446  446  444  436  427  416  406  398  391  394  390  391  382  374
  361  355  344  342  334  310  304  278  249                                   
    42.5-180.0 180.0   5.0 450.0                            LAT/LON1/LON2/DLON/H
  239  230  222  218  217  204  189  171  145  123  104   97   92   90   86   88
   89   95  100  105  108  112  112  117  122  126  128  124  120  118  122  133
  153  178  209  240  265  291  309  325  343  361  384  400  422  436  448  453
  458  462  466  468  464  458  444  433  415  402  390  386  384  383  379  373
  366  358  351  345  334  312  305  275  239                                   
    40.0-180.0 180.0   5.0 450.0                            LAT/LON1/LON2/DLON/H
  215  214  201  203  203  198  190  175  160  138  121  113  104  104   97   98
   97  105  109  119  124  128  131  135  140  143  142  138  133  129  133  139
  158  176  202  231  259  289  314  332  354  373  397  417  440  452  468  472
  481  483  488  489  485  477  465  451  431  412  394  387  379  381  376  373
  366  360  350  345  331  305  283  251  215                                   
    37.5-180.0 180.0   5.0 450.0                            LAT/LON1/LON2/DLON/H
  196  190  182  181  186  185  184  176  165  152  137  128  122  116  110  107
  107  114  121  131  137  140  144  148  155  154  153  147  140  136  136  143
  155  172  193  222  248  281  309  336  358  382  406  427  448  466  481  494
  502  511  518  522  514  510  495  481  457  437  412  400  387  383  376  374
  369  363  354  345  327  295  268  229  196                                   
    35.0-180.0 180.0   5.0 450.0                            LAT/LON1/LON2/DLON/H
  186  177  160  159  160  162  168  164  162  151  146  140  133  132  123  124
  121  130  135  146  150  153  157  159  164  162  159  150  143  137  139  143
  155  170  189  211  237  274  302  336  361  389  414  443  468  486  510  523
  544  555  574  581  587  578  567  553  531  499  463  443  422  417  402  403
  389  387  371  361  337  301  263  229  186                                   
    32.5-180.0 180.0   5.0 450.0                            LAT/LON1/LON2/DLON/H
  201  173  157  140  138  144  154  152  153  150  149  145  147  141  140  135
  136  140  147  153  157  159  162  165  168  164  157  148  140  137  140  146
  153  170  189  212  238  268  300  335  363  396  424  456  485  512  539  568
  595  618  633  643  647  647  639  632  614  596  557  530  499  484  460  453
  435  432  414  402  372  334  293  245  201                                   
    30.0-180.0 180.0   5.0 450.0                            LAT/LON1/LON2/DLON/H
  241  212  179  148  134  136  141  146  147  146  147  149  150  151  148  150
  148  154  156  162  164  165  168  167  168  163  155  150  142  140  144  147
  157  172  196  223  249  281  309  346  373  409  438  478  506  540  580  612
  648  664  694  714  739  751  753  748  731  705  668  640  605  580  541  529
  504  501  476  466  435  403  349  306  241                                   
    27.5-180.0 180.0   5.0 450.0                            LAT/LON1/LON2/DLON/H
  332  290  241  197  169  150  145  146  144  145  148  152  156  157  159  156
  160  160  163  165  168  169  170  171  169  165  157  151  145  141  144  150
  165  184  210  235  264  291  322  353  383  419  453  492  527  573  616  658
  688  724  762  797  831  854  875  880  873  851  814  778  730  696  657  637
  609  593  564  541  512  478  430  387  332                                   
    25.0-180.0 180.0   5.0 450.0                            LAT/LON1/LON2/DLON/H
  431  383  325  276  234  206  183  174  159  153  144  153  155  158  161  163
  167  167  169  169  169  173  173  175  176  175  167  159  153  154  159  168
  178  198  225  258  289  319  348  376  404  439  471  513  551  600  648  688
  728  771  818  862  896  933  958  982  987  978  947  911  863  820  773  745
  715  689  657  627  597  576  529  485  431                                   
    22.5-180.0 180.0   5.0 450.0                            LAT/LON1/LON2/DLON/H
  535  506  430  377  339  301  255  230  209  191  174  161  161  166  171  172
  176  172  173  170  172  172  178  182  187  184  181  172  167  165  167  175
  191  213  242  274  306  336  366  389  424  453  493  532  578  621  667  717
  750  801  849  896  934  969  999 1025 1045 1045 1030 1001  962  914  870  840
  810  786  748  712  674  646  609  568  535                                   
    20.0-180.0 180.0   5.0 450.0                            LAT/LON1/LON2/DLON/H
  599  582  525  468  420  388  348  319  271  243  215  197  182  175  169  177
  175  174  172  171  174  177  182  195  200  208  188  175  162  158  169  180
  199  229  264  299  333  362  393  418  450  480  513  558  602  640  685  726
  765  813  865  906  943  974 1002 1033 1053 1066 1059 1048 1014  979  932  903
  872  848  816  774  741  709  676  655  599                                   
    17.5-180.0 180.0   5.0 450.0                            LAT/LON1/LON2/DLON/H
  643  628  585  562  532  493  443  408  369  331  286  260  239  217  202  191
  189  188  182  181  178  182  192  201  213  200  179  164  148  150  163  183
  205  240  276  309  343  375  406  435  468  494  535  576  622  655  693  736
  767  813  854  890  916  939  962  988 1013 1029 1036 1032 1019  991  961  931
  907  887  856  819  781  750  718  698  643                                   
    15.0-180.0 180.0   5.0 450.0                            LAT/LON1/LON2/DLON/H
  662  645  607  593  575  561  506  469  418  394  341  315  282  256  235  213
  193  190  185  190  184  195  198  205  201  196  178  164  152  149  176  184
  212  249  284  320  354  387  416  445  478  510  554  598  637  663  707  731
  762  794  826  849  868  879  893  911  934  960  978  988  986  974  950  932
  911  896  868  831  794  761  730  710  662                                   
    12.5-180.0 180.0   5.0 450.0                            LAT/LON1/LON2/DLON/H
  649  631  615  609  608  595  564  519  472  442  410  391  344  317  284  261
  235  215  200  199  196  187  190  189  187  185  170  156  147  147  167  184
  211  254  288  316  356  385  420  452  488  518  574  613  650  683  715  740
  760  782  801  814  821  825  827  835  848  873  901  923  940  935  928  913
  900  886  861  823  783  744  715  700  649                                   
    10.0-180.0 180.0   5.0 450.0                            LAT/LON1/LON2/DLON/H
  619  598  582  597  610  611  588  549  502  467  441  415  380  350  307  291
  263  246  227  226  212  211  192  191  188  186  166  149  151  146  164  182
  218  253  291  317  355  388  417  459  500  546  597  638  673  698  722  738
  756  766  778  785  785  786  781  785  788  810  838  870  893  906  900  893
  876  864  838  805  765  726  694  678  619                                   
     7.5-180.0 180.0   5.0 450.0                            LAT/LON1/LON2/DLON/H
  582  553  563  577  602  605  596  563  521  489  463  449  419  396  354  332
  304  290  265  253  234  215  196  192  187  176  167  162  162  157  160  191
