data/unet/pred0750.15i
     1.0            IONOSPHERE MAPS     GNSS                IONEX VERSION / TYPE
pyspatialgeodesy        IME             05-JAN-18 20:20     PGM / RUN BY / DATE 
Map Name                                                    COMMENT             
Predicted global ionosphere maps (GIM).                     DESCRIPTION         
  2015     3    16     0     0     0                        EPOCH OF FIRST MAP  
  2015     3    17     0     0     0                        EPOCH OF LAST MAP   
  7200                                                      INTERVAL            
    13                                                      # OF MAPS IN FILE   
  NONE                                                      MAPPING FUNCTION    
10.0                                                        ELEVATION CUTOFF    
One-way carrier phase leveled to code                       OBSERVABLES USED    
  6371.0                                                    BASE RADIUS         
 2                                                          MAP DIMENSION       
   450.0 450.0   0.0                                        HGT1 / HGT2 / DHGT  
    87.5 -87.5  -2.5                                        LAT1 / LAT2 / DLAT  
  -180.0 180.0   5.0                                        LON1 / LON2 / DLON  
    -1                                                      EXPONENT            
                                                            END OF HEADER       
[from data line 429]
     2                                                      START OF TEC MAP    
  2015     3    16     2     0     0                        EPOCH OF CURRENT MAP
    87.5-180.0 180.0   5.0 450.0                            LAT/LON1/LON2/DLON/H
  171  173  169  167  166  164  162  160  160  156  154  149  150  146  145  140
  143  139  141  138  140  137  138  135  136  133  133  129  130  127  128  124
  127  124  126  123  126  123  125  123  126  124  127  125  130  129  133  133
  138  140  143  144  147  148  150  150  154  153  155  155  159  158  160  160
  164  162  164  164  168  169  177  189  171                                   
    85.0-180.0 180.0   5.0 450.0                            LAT/LON1/LON2/DLON/H
  170  180  169  170  168  166  163  162  160  158  154  152  150  149  146  145
  144  143  141  140  138  137  134  133  129  128  125  123  121  120  117  117
  115  116  115  115  115  116  115  116  116  118  117  119  120  123  123  126
  129  131  134  136  139  141  144  146  150  151  153  155  159  160  162  163
  168  168  170  171  175  170  180  186  170                                   
    82.5-180.0 180.0   5.0 450.0                            LAT/LON1/LON2/DLON/H
  171  173  174  172  171  165  164  161  161  158  157  155  155  153  152  150
  150  147  146  142  141  135  133  128  125  119  116  111  109  106  105  102
  103  102  103  103  105  106  107  108  109  110  112  114  117  119  123  126
  130  133  138  141  145  147  152  153  158  157  161  160  167  165  171  170
  178  175  180  178  185  176  181  185  171                                   
    80.0-180.0 180.0   5.0 450.0                            LAT/LON1/LON2/DLON/H
  183  179  182  177  176  173  173  170  172  168  169  167  168  163  163  158
  158  153  152  146  144  137  133  126  121  113  108  102   99   95   93   91
   92   91   93   92   96   95   98   98  103  101  106  106  112  111  119  119
  126  126  134  134  142  142  150  150  159  159  167  169  177  178  184  187
  193  194  196  196  198  192  194  202  183                                   
    77.5-180.0 180.0   5.0 450.0                            LAT/LON1/LON2/DLON/H
  195  193  189  187  181  180  178  176  174  173  171  171  168  167  163  162
  157  155  150  147  140  137  129  124  115  111  103  101   95   94   89   91
   88   90   89   92   91   94   94   97   97   99  100  102  103  106  109  111
  115  117  123  125  132  135  145  148  158  162  171  177  186  191  197  202
  207  210  212  215  215  212  210  218  195                                   
    75.0-180.0 180.0   5.0 450.0                            LAT/LON1/LON2/DLON/H
  208  203  200  193  189  183  182  178  178  176  175  173  171  167  163  156
  153  147  144  137  133  127  123  116  111  104  102   95   93   89   88   86
   87   86   89   88   91   92   93   94   95   94   96   95   96   95   98   99
  104  105  113  115  123  129  139  146  158  164  175  182  192  199  206  212
  219  225  229  232  235  233  230  235  208                                   
    72.5-180.0 180.0   5.0 450.0                            LAT/LON1/LON2/DLON/H
  225  222  217  209  201  196  193  189  187  184  181  179  172  168  158  152
  143  139  133  129  122  119  114  111  104  102   96   94   89   88   84   85
   83   84   84   85   85   86   87   87   87   86   87   85   85   85   88   89
   93   97  104  110  118  126  138  148  159  168  177  186  196  203  212  217
  226  231  238  244  249  249  248  256  225                                   
    70.0-180.0 180.0   5.0 450.0                            LAT/LON1/LON2/DLON/H
  239  237  232  222  213  207  203  200  197  195  191  188  179  171  158  149
  137  132  123  120  114  114  109  107  103  100   97   93   90   87   85   84
   82   83   82   83   82   83   82   82   82   81   82   81   81   81   83   84
   89   93  101  107  117  127  140  152  165  174  183  192  201  207  215  220
  228  233  241  246  254  256  259  265  239                                   
    67.5-180.0 180.0   5.0 450.0                            LAT/LON1/LON2/DLON/H
  255  254  247  237  225  218  212  209  206  204  199  193  182  170  156  142
  129  120  113  109  105  106  104  104  100   99   94   92   87   86   82   81
   78   78   76   75   73   72   71   70   69   69   68   68   67   69   71   76
   80   87   95  105  116  130  144  158  172  183  191  201  208  214  219  222
  228  232  240  245  252  259  266  274  255                                   
    65.0-180.0 180.0   5.0 450.0                            LAT/LON1/LON2/DLON/H
  265  265  260  247  236  225  218  214  212  210  205  198  186  172  155  140
  125  117  108  107  103  105  103  103  101   97   94   89   86   82   79   76
   74   71   68   67   63   63   61   61   63   63   65   64   66   67   70   75
   82   90   99  110  124  139  154  169  184  195  204  212  219  222  226  226
  230  231  238  242  250  259  267  274  265                                   
    62.5-180.0 180.0   5.0 450.0                            LAT/LON1/LON2/DLON/H
  275  275  267  254  240  229  220  216  213  212  207  200  187  172  155  138
  124  114  107  106  104  107  105  106  101   98   91   88   81   79   74   71
   67   63   58   55   52   51   51   52   54   56   57   58   59   62   65   73
   79   90  100  115  130  147  161  180  193  208  213  224  228  231  232  231
  232  232  236  239  247  256  268  275  275                                   
    60.0-180.0 180.0   5.0 450.0                            LAT/LON1/LON2/DLON/H
  282  283  276  259  246  232  223  215  212  210  208  202  190  176  159  144
  130  122  115  115  112  113  110  108  103   96   90   82   79   73   72   67
   64   58   55   51   49   47   48   49   54   56   61   62   65   66   70   77
   85   94  107  122  140  155  172  189  206  218  228  237  244  248  249  247
  246  242  244  243  250  258  269  276  282                                   
    57.5-180.0 180.0   5.0 450.0                            LAT/LON1/LON2/DLON/H
  290  292  282  267  251  237  225  216  211  210  206  201  190  178  163  150
  138  131  125  123  121  119  114  110  102   95   86   80   75   73   69   67
   62   59   54   52   49   50   52   54   60   63   67   68   70   72   74   83
   90  101  114  132  146  165  181  201  217  233  242  255  263  268  272  270
  269  264  262  258  263  267  274  279  290                                   
    55.0-180.0 180.0   5.0 450.0                            LAT/LON1/LON2/DLON/H
  304  303  295  277  263  243  230  217  210  207  203  199  190  182  169  158
  148  142  135  133  127  124  117  110  102   94   88   82   81   77   77   72
   70   65   62   58   58   58   62   64   71   73   79   79   81   82   84   90
   98  108  124  140  157  173  192  209  228  243  257  271  283  294  301  303
  303  298  293  284  285  284  287  290  304                                   
    52.5-180.0 180.0   5.0 450.0                            LAT/LON1/LON2/DLON/H
  320  319  310  298  281  262  242  230  217  211  204  198  190  182  172  164
  156  150  143  137  131  125  117  110  103   97   90   87   85   85   84   83
   79   77   73   72   71   72   76   79   84   87   90   90   91   93   95  102
  109  122  136  153  167  186  200  220  238  256  269  285  300  313  325  331
  335  333  328  320  319  311  306  306  320                                   
    50.0-180.0 180.0   5.0 450.0                            LAT/LON1/LON2/DLON/H
  343  340  336  324  309  285  264  245  230  219  208  201  191  185  175  168
  160  153  144  138  131  125  118  112  107  103  100   98   98   97   96   94
   92   89   88   87   88   89   93   94   98   98  103  101  104  104  108  113
  122  135  151  166  181  196  212  229  248  262  277  291  307  322  336  347
  356  358  357  350  348  341  329  325  343                                   
    47.5-180.0 180.0   5.0 450.0                            LAT/LON1/LON2/DLON/H
  362  363  359  352  336  316  289  271  249  235  219  207  195  187  177  170
  162  153  144  136  130  125  120  117  115  112  109  107  107  105  104  101
  100   98   98   99  101  103  107  106  109  108  110  109  112  116  120  128
  138  152  167  181  195  210  223  241  259  275  287  301  315  329  345  358
  368  376  377  377  376  366  351  344  362                                   
    45.0-180.0 180.0   5.0 450.0                            LAT/LON1/LON2/DLON/H
  381  383  379  374  364  345  319  294  270  252  232  220  205  195  183  174
  163  153  144  136  133  130  130  129  129  126  124  121  117  114  109  105
  102  101  102  104  108  112  116  116  118  116  118  117  121  125  132  138
  151  165  181  195  209  223  237  253  270  282  296  308  320  333  348  360
  375  386  393  396  397  390  369  360  381                                   
    42.5-180.0 180.0   5.0 450.0                            LAT/LON1/LON2/DLON/H
  386  386  381  379  375  362  341  319  292  272  251  235  220  206  192  178
  167  154  147  141  141  142  144  144  143  139  134  127  120  112  105   98
   96   94   98  101  108  112  119  118  121  117  121  119  126  130  140  149
  163  178  194  208  223  238  252  270  287  300  311  321  331  341  353  367
  377  393  401  407  410  403  386  373  386                                   
    40.0-180.0 180.0   5.0 450.0                            LAT/LON1/LON2/DLON/H
  395  394  386  381  381  374  359  337  310  288  266  252  235  221  205  189
  176  163  157  153  159  160  166  163  163  153  144  133  124  113  105   97
   94   95   97  105  110  119  123  127  127  125  127  128  133  139  147  154
  169  184  201  218  235  250  265  283  299  314  323  333  340  351  360  370
  385  399  411  418  424  420  401  385  395                                   
    37.5-180.0 180.0   5.0 450.0                            LAT/LON1/LON2/DLON/H
  396  391  378  371  372  368  361  346  325  304  283  267  253  237  222  203
  191  177  175  174  181  186  189  184  177  163  151  135  124  112  106   98
   99   96  105  108  119  123  130  129  132  127  131  130  137  140  149  156
  170  185  203  222  242  260  276  293  311  328  339  348  354  363  370  381
  391  407  418  431  438  438  420  401  396                                   
    35.0-180.0 180.0   5.0 450.0                            LAT/LON1/LON2/DLON/H
  416  407  389  371  368  367  364  355  337  318  296  282  267  253  236  218
  206  195  194  196  206  209  208  196  185  169  158  143  137  127  125  118
  117  118  120  125  131  135  140  140  141  137  137  140  144  147  153  157
  167  179  199  220  241  260  279  297  315  337  347  363  370  383  392  400
  411  422  436  450  466  469  455  433  416                                   
    32.5-180.0 180.0   5.0 450.0                            LAT/LON1/LON2/DLON/H
  442  429  405  382  373  366  365  358  347  330  311  296  282  267  252  233
  222  212  213  214  222  222  214  198  186  169  161  153  153  154  158  158
  164  164  166  162  163  159  159  155  152  146  145  143  147  148  151  154
  161  175  192  215  235  254  272  291  313  335  349  366  380  397  409  423
  432  446  458  478  496  504  498  478  442                                   
    30.0-180.0 180.0   5.0 450.0                            LAT/LON1/LON2/DLON/H
  500  477  451  417  401  391  383  375  363  346  325  312  295  280  260  243
  229  221  218  220  224  219  207  191  182  176  179  186  193  198  203  208
  215  212  205  196  187  180  172  166  160  153  150  150  149  146  148  149
  156  171  192  214  234  253  270  293  314  337  352  377  397  422  443  460
  478  495  511  530  552  562  564  557  500                                   
    27.5-180.0 180.0   5.0 450.0                            LAT/LON1/LON2/DLON/H
  574  548  519  481  455  432  417  399  387  366  346  329  313  295  272  251
  235  223  217  213  209  203  191  180  179  186  201  224  247  271  277  293
  287  280  253  235  215  201  190  180  170  162  156  153  147  140  135  135
  140  157  179  202  222  239  262  287  313  339  362  387  412  445  473  499
  524  549  573  591  613  624  635  641  574                                   
    25.0-180.0 180.0   5.0 450.0                            LAT/LON1/LON2/DLON/H
  658  651  622  579  545  509  479  450  426  403  377  357  333  314  283  260
  236  219  206  195  187  179  173  175  188  213  245  290  323  354  365  374
  361  333  299  265  237  214  199  187  174  164  153  149  137  130  118  118
  123  144  167  195  217  243  266  297  321  354  380  418  447  487  520  553
  580  615  641  666  689  704  721  736  658                                   
    22.5-180.0 180.0   5.0 450.0                            LAT/LON1/LON2/DLON/H
  740  752  735  693  659  611  568  522  486  449  423  395  371  338  303  274
  241  217  196  181  169  166  166  184  210  258  305  363  398  433  435  439
  415  382  329  290  246  219  200  188  171  158  143  132  121  112  102  100
  108  128  157  187  223  253  286  315  347  379  410  444  481  520  555  588
  617  655  690  714  736  753  784  802  740                                   
    20.0-180.0 180.0   5.0 450.0                            LAT/LON1/LON2/DLON/H
  807  811  808  783  757  718  677  623  571  521  482  450  416  381  333  291
  254  222  196  178  168  166  181  210  254  324  379  429  465  478  478  465
  439  392  342  291  252  217  197  180  158  147  125  119  103  101   91   97
  101  125  151  193  230  274  306  347  380  420  443  484  516  559  588  620
  644  687  719  750  774  779  821  851  807                                   
    17.5-180.0 180.0   5.0 450.0                            LAT/LON1/LON2/DLON/H
  844  862  872  852  833  797  762  712  658  596  545  508  473  428  380  329
  286  249  214  200  192  202  224  270  326  399  453  490  504  503  486  463
  426  384  329  283  239  215  191  178  157  140  120  110  100   98   95   97
  110  131  167  207  253  293  334  377  420  453  485  521  550  580  601  628
  648  689  721  754  780  790  828  866  844                                   
    15.0-180.0 180.0   5.0 450.0                            LAT/LON1/LON2/DLON/H
  850  870  893  886  876  842  809  767  717  665  609  567  529  484  434  384
  338  296  261  247  246  268  305  365  419  473  505  519  514  492  460  426
  389  344  301  255  226  202  178  164  141  127  106  104   95   97   94   98
  110  140  179  227  268  310  352  400  439  481  514  553  578  601  616  639
  654  689  712  745  766  780  819  857  850                                   
    12.5-180.0 180.0   5.0 450.0                            LAT/LON1/LON2/DLON/H
  828  861  885  890  889  861  835  796  761  713  670  626  585  536  488  444
  407  371  342  335  345  377  417  464  499  514  525  511  488  447  410  371
  333  297  260  234  208  192  173  160  138  122  111  105  102  100   99   99
  115  145  193  234  279  321  370  414  462  499  540  573  594  616  625  645
  657  685  703  726  743  765  790  835  828                                   
    10.0-180.0 180.0   5.0 450.0                            LAT/LON1/LON2/DLON/H
  802  836  868  881  892  862  845  808  782  742  709  676  636  589  537  497
  471  451  441  445  467  495  527  545  550  537  517  488  436  391  348  317
  281  254  230  209  192  181  166  156  133  124  116  112  109  107  105  106
  121  152  196  240  279  322  368  411  457  496  538  569  598  616  633  650
  666  684  701  715  731  747  770  809  802                                   
     7.5-180.0 180.0   5.0 450.0                            LAT/LON1/LON2/DLON/H
  776  823  848  871  881  866  847  820  796  762  737  708  680  630  585  545
  526  508  510  530  555  579  594  586  562  515  472  426  378  332  300  276
