data/unet/pred2480.15i
     1.0            IONOSPHERE MAPS     GNSS                IONEX VERSION / TYPE
pyspatialgeodesy        IME             05-JAN-18 20:20     PGM / RUN BY / DATE 
Map Name                                                    COMMENT             
Predicted global ionosphere maps (GIM).                     DESCRIPTION         
  2015     9     5     0     0     0                        EPOCH OF FIRST MAP  
  2015     9     6     0     0     0                        EPOCH OF LAST MAP   
  7200                                                      INTERVAL            
    13                                                      # OF MAPS IN FILE   
  NONE                                                      MAPPING FUNCTION    
10.0                                                        ELEVATION CUTOFF    
One-way carrier phase leveled to code                       OBSERVABLES USED    
  6371.0                                                    BASE RADIUS         
 2                                                          MAP DIMENSION       
   450.0 450.0   0.0                                        HGT1 / HGT2 / DHGT  
    87.5 -87.5  -2.5                                        LAT1 / LAT2 / DLAT  
  -180.0 180.0   5.0                                        LON1 / LON2 / DLON  
    -1                                                      EXPONENT            
                                                            END OF HEADER       
[from data line 3003]
     8                                                      START OF TEC MAP    
  2015     9     5    14     0     0                        EPOCH OF CURRENT MAP
    87.5-180.0 180.0   5.0 450.0                            LAT/LON1/LON2/DLON/H
  102  120  127  126  124  125  124  126  125  126  125  126  126  126  126  126
  126  125  125  125  125  124  123  123  122  122  121  121  119  119  117  116
  114  113  112  111  110  110  109  109  109  110  110  112  111  113  112  115
  114  116  115  117  116  118  117  119  118  119  118  120  119  121  120  121
  121  122  121  123  122  124  129  116  102                                   
    85.0-180.0 180.0   5.0 450.0                            LAT/LON1/LON2/DLON/H
  103  113  112  108  111  111  114  113  116  114  117  115  118  116  118  117
  118  117  118  116  117  115  115  114  114  112  111  110  109  108  106  105
  104  102  102  100  101   99   99   98   99   98   99   98  100   98   99   97
  100   97  100   97  101   97  100   97  101   98  101   99  102  100  103  100
  104  101  104  103  108  108  110  108  103                                   
    82.5-180.0 180.0   5.0 450.0                            LAT/LON1/LON2/DLON/H
  106  100  101  100  102  101  105  104  108  107  110  110  112  111  113  112
  114  113  114  113  114  112  113  112  112  111  110  110  109  107  106  105
  103  101  100   98   98   95   95   94   95   93   94   94   94   94   93   94
   94   94   93   93   94   92   93   91   93   89   92   88   92   88   92   87
   91   87   91   89   93   92   96   89  106                                   
    80.0-180.0 180.0   5.0 450.0                            LAT/LON1/LON2/DLON/H
   91   92   89   92   93   96   97  100  101  102  103  105  106  106  107  107
  108  107  108  109  109  110  109  110  108  109  106  108  105  105  102  103
  100  100   96   97   94   94   92   92   91   91   89   91   90   90   90   90
   89   90   90   90   89   90   88   88   86   86   83   84   82   82   80   80
   79   80   78   81   80   81   79   79   91                                   
    77.5-180.0 180.0   5.0 450.0                            LAT/LON1/LON2/DLON/H
   74   77   79   79   81   85   86   90   89   91   91   93   93   93   95   95
   97   96  100  100  104  103  107  107  109  107  109  108  108  106  107  104
  103  100  100   98   97   94   95   93   93   90   92   90   91   88   89   88
   88   87   88   87   86   86   83   83   80   79   76   76   72   72   69   69
   67   68   67   68   66   65   66   65   74                                   
    75.0-180.0 180.0   5.0 450.0                            LAT/LON1/LON2/DLON/H
   67   68   69   69   73   74   79   79   82   80   84   82   85   84   87   86
   90   89   94   95  100  101  105  106  108  107  109  108  108  106  106  104
  103  101  100   98   97   95   95   93   92   91   90   90   89   88   88   87
   88   87   87   86   86   84   82   79   77   74   72   68   67   63   63   60
   61   59   60   59   60   58   61   57   67                                   
    72.5-180.0 180.0   5.0 450.0                            LAT/LON1/LON2/DLON/H
   56   60   62   60   64   66   69   71   71   73   72   76   75   76   78   80
   82   84   88   91   96   98  103  105  109  108  110  109  110  108  108  106
  105  103  103  101  100   98   98   95   95   93   93   91   91   89   89   88
   89   88   88   87   85   83   80   77   73   70   67   64   62   59   58   55
   56   53   55   53   53   51   54   51   56                                   
    70.0-180.0 180.0   5.0 450.0                            LAT/LON1/LON2/DLON/H
   53   53   52   53   58   60   64   64   67   66   69   68   71   70   74   74
   78   79   85   88   94   98  103  107  110  111  113  112  112  109  109  108
  106  104  102  103  101  101  100  100   99   98   97   96   95   94   93   93
   93   92   92   90   88   85   82   77   74   69   66   63   61   58   57   53
   54   51   52   50   50   50   53   46   53                                   
    67.5-180.0 180.0   5.0 450.0                            LAT/LON1/LON2/DLON/H
   50   50   49   46   50   52   55   56   59   60   63   65   67   68   71   73
   76   78   83   87   93   98  104  108  112  111  114  112  113  108  109  105
  105  102  103  101  101  100  100  100  100   99   99   98   98   97   97   96
   95   95   93   92   89   86   81   77   72   68   66   63   61   58   58   54
   55   51   53   49   49   46   51   44   50                                   
    65.0-180.0 180.0   5.0 450.0                            LAT/LON1/LON2/DLON/H
   49   43   40   41   44   46   50   51   55   56   61   62   67   66   71   71
   75   77   82   87   92   98  103  107  111  113  113  113  111  108  107  105
  103  102  100  100   99  100  100  102  102  102  102  102  101   99   99   97
   97   96   95   93   92   87   84   78   74   69   68   64   64   62   62   59
   59   55   55   51   50   49   51   45   49                                   
    62.5-180.0 180.0   5.0 450.0                            LAT/LON1/LON2/DLON/H
   47   41   37   35   37   37   41   43   47   50   55   62   65   69   71   76
   77   80   83   87   92   96  102  106  111  110  113  111  111  106  106  102
  103   99   99   98   98   96   98   99  101  102  102  103  102  100   99   98
   98   98   96   96   93   90   86   81   77   74   71   70   68   67   66   64
   63   59   59   55   53   49   52   43   47                                   
    60.0-180.0 180.0   5.0 450.0                            LAT/LON1/LON2/DLON/H
   47   37   31   32   33   32   37   37   43   45   52   58   65   67   74   74
   78   77   82   84   91   95  101  105  109  111  111  111  110  108  105  105
  103  102   99   99   99   98  100  102  104  106  107  107  107  104  103  102
  103  102  102  100   99   94   90   85   82   78   77   75   74   72   72   69
   68   64   62   58   56   52   53   46   47                                   
    57.5-180.0 180.0   5.0 450.0                            LAT/LON1/LON2/DLON/H
   48   38   33   29   29   27   29   31   36   40   48   57   63   69   74   80
   80   84   85   87   91   93   99  103  109  110  112  112  112  110  110  109
  108  107  107  105  104  103  104  106  107  111  111  113  111  111  109  110
  110  110  110  108  106  101   97   92   90   87   86   85   82   81   78   76
   72   69   66   63   59   54   55   46   48                                   
    55.0-180.0 180.0   5.0 450.0                            LAT/LON1/LON2/DLON/H
   54   42   34   33   31   28   30   29   35   35   45   52   61   64   73   74
   78   79   82   84   88   92   98  103  108  111  112  114  114  117  117  118
  117  118  115  114  113  112  113  114  117  119  120  121  121  119  120  119
  120  120  120  117  114  108  104   99   97   95   94   92   91   87   84   80
   77   72   70   65   64   60   60   55   54                                   
    52.5-180.0 180.0   5.0 450.0                            LAT/LON1/LON2/DLON/H
   62   52   45   41   38   32   32   31   33   36   43   52   59   66   73   79
   81   86   87   91   93   96  101  105  110  112  116  119  120  123  125  129
  128  130  128  128  125  125  123  125  125  128  128  130  130  130  130  130
  131  130  129  125  121  114  109  105  104  103  103  102   98   96   90   86
   80   77   73   69   67   64   66   58   62                                   
    50.0-180.0 180.0   5.0 450.0                            LAT/LON1/LON2/DLON/H
   73   64   54   54   51   44   42   37   40   38   46   51   59   62   71   74
   80   83   88   91   94   96  101  106  112  116  120  124  127  131  133  138
  139  141  140  139  138  138  137  137  138  139  140  141  143  142  143  143
  144  142  140  135  130  121  117  112  112  113  112  112  109  103   98   90
   86   79   78   73   74   71   75   71   73                                   
    47.5-180.0 180.0   5.0 450.0                            LAT/LON1/LON2/DLON/H
   83   78   72   70   66   59   54   47   47   44   50   55   61   66   72   79
   83   90   92   99  100  103  106  113  118  122  126  131  133  137  139  146
  146  151  149  153  151  152  151  152  151  150  151  150  153  151  154  152
  152  149  146  141  134  126  120  118  118  120  120  120  115  111  103   97
   91   87   82   80   79   79   83   78   83                                   
    45.0-180.0 180.0   5.0 450.0                            LAT/LON1/LON2/DLON/H
   92   88   83   85   83   76   70   61   59   54   59   60   67   68   76   80
   88   93  100  103  107  108  112  117  124  128  134  137  140  142  145  149
  154  157  159  160  162  163  166  165  166  163  162  161  164  162  164  162
  162  158  154  147  141  131  126  123  125  126  128  127  124  117  112  103
   99   91   89   83   86   84   89   89   92                                   
    42.5-180.0 180.0   5.0 450.0                            LAT/LON1/LON2/DLON/H
   95   95   95   97   95   89   82   73   68   63   66   69   74   76   81   89
   95  103  108  113  114  116  119  126  131  137  140  145  144  146  147  153
  155  162  163  169  172  176  180  179  180  173  173  168  171  167  170  166
  167  161  158  149  142  133  129  126  128  130  132  132  127  123  117  111
  104   98   93   90   88   89   95   91   95                                   
    40.0-180.0 180.0   5.0 450.0                            LAT/LON1/LON2/DLON/H
   96   95   94  100  101   96   90   82   77   72   77   78   85   85   92   98
  106  111  118  121  123  124  128  133  140  144  148  149  150  149  151  156
  163  168  173  179  188  193  200  199  199  191  189  184  183  181  180  177
  175  171  164  157  148  139  133  130  131  134  135  135  133  127  125  117
  114  105  102   94   93   89   94   94   96                                   
    37.5-180.0 180.0   5.0 450.0                            LAT/LON1/LON2/DLON/H
   91   91   92   97   97   94   89   83   79   76   81   86   93   97  103  110
  117  122  127  130  131  132  135  140  146  151  154  157  154  155  155  165
  170  181  187  199  209  218  224  224  220  212  207  199  198  193  194  188
  187  180  176  165  157  145  138  133  134  135  136  137  134  132  127  123
  118  113  107  101   94   91   94   89   91                                   
    35.0-180.0 180.0   5.0 450.0                            LAT/LON1/LON2/DLON/H
   88   84   81   86   87   87   82   78   77   78   85   92  103  107  115  120
  127  131  136  137  138  137  141  144  151  156  160  161  161  160  165  172
  185  197  208  222  235  246  252  254  246  238  228  219  216  213  210  207
  202  197  189  181  168  158  146  142  139  140  139  138  136  133  131  126
  123  117  112  103   97   90   90   88   88                                   
    32.5-180.0 180.0   5.0 450.0                            LAT/LON1/LON2/DLON/H
   82   77   74   75   76   75   72   69   69   72   82   93  107  114  123  129
  135  139  142  143  143  143  145  149  154  160  164  168  168  172  177  192
  203  224  239  258  274  284  294  291  286  270  260  246  238  232  229  223
  220  212  206  194  185  169  160  151  149  146  144  141  135  132  127  123
  120  116  113  105   98   92   89   82   82                                   
    30.0-180.0 180.0   5.0 450.0                            LAT/LON1/LON2/DLON/H
   86   79   69   68   64   66   63   62   62   68   77   91  107  118  128  133
  139  142  145  145  146  145  149  150  157  162  169  175  180  186  198  214
  237  260  281  300  315  325  329  328  320  309  294  284  271  266  258  254
  248  242  234  222  210  196  184  173  164  158  152  145  138  130  126  120
  118  115  111  105   99   93   90   85   86                                   
    27.5-180.0 180.0   5.0 450.0                            LAT/LON1/LON2/DLON/H
   89   83   73   67   63   60   57   55   55   60   70   85  103  117  128  136
  141  144  146  148  149  150  152  153  157  165  173  187  195  209  225  251
  275  300  323  337  351  354  359  354  351  338  328  315  307  299  293  290
  284  280  273  261  247  227  210  189  179  165  157  146  137  127  121  116
  111  109  110  104  101   99   95   87   89                                   
    25.0-180.0 180.0   5.0 450.0                            LAT/LON1/LON2/DLON/H
  102   95   81   72   65   61   57   54   54   57   66   80   97  112  123  131
  136  142  145  149  152  155  157  157  161  167  180  196  213  230  254  279
  309  331  352  366  377  378  378  376  373  367  357  350  340  337  330  329
  324  324  317  306  290  269  243  218  197  181  167  153  141  128  121  113
  110  106  107  107  104  105  103   97  102                                   
    22.5-180.0 180.0   5.0 450.0                            LAT/LON1/LON2/DLON/H
  111  109   93   85   75   67   61   57   55   57   63   76   92  106  121  128
  135  138  144  149  154  157  160  160  163  173  187  210  231  256  281  310
  335  358  377  386  393  389  390  386  389  385  384  377  374  370  367  366
  363  365  358  347  326  302  277  246  222  196  181  163  148  131  123  113
  108  104  106  106  111  110  112  105  111                                   
    20.0-180.0 180.0   5.0 450.0                            LAT/LON1/LON2/DLON/H
  123  124  105   98   85   78   71   65   62   61   66   74   90   99  113  116
  126  129  139  145  156  160  167  164  172  179  200  221  251  275  305  329
  358  376  393  397  399  394  394  394  397  402  404  404  401  400  398  398
  396  397  392  379  354  330  301  279  250  226  199  183  162  144  129  116
  110  104  107  110  111  119  117  118  123                                   
    17.5-180.0 180.0   5.0 450.0                            LAT/LON1/LON2/DLON/H
  127  133  117  112   99   91   82   76   68   66   70   77   91  102  116  120
  128  128  139  143  155  160  167  169  177  191  211  239  267  298  323  351
  376  394  405  405  403  399  398  402  408  417  422  426  425  425  424  425
  423  425  417  400  370  341  315  295  273  246  219  198  180  160  143  125
  117  109  112  115  121  121  123  126  127                                   
    15.0-180.0 180.0   5.0 450.0                            LAT/LON1/LON2/DLON/H
  127  137  121  119  104  103   89   85   75   74   75   79   92   99  114  115
  126  125  137  140  155  158  173  172  190  201  229  253  288  315  345  369
  392  405  410  409  404  403  404  410  418  430  438  443  444  444  442  442
  441  440  430  410  379  352  325  311  292  272  240  219  197  182  159  141
  127  119  118  123  124  129  127  125  127                                   
    12.5-180.0 180.0   5.0 450.0                            LAT/LON1/LON2/DLON/H
  124  129  118  118  108  104   95   89   80   77   78   83   94  106  123  126
  139  136  148  145  158  161  174  182  199  220  244  276  305  335  362  385
  402  412  417  417  415  416  416  426  430  446  446  453  449  450  445  448
  444  442  427  407  376  351  329  318  304  284  255  232  212  195  177  155
  143  130  128  128  133  131  129  127  124                                   
    10.0-180.0 180.0   5.0 450.0                            LAT/LON1/LON2/DLON/H
  121  124  112  110  105  100   94   88   80   80   82   88   99  108  126  132
  145  144  153  150  160  159  178  186  214  232  266  290  323  349  376  393
  408  418  423  428  427  432  433  441  445  455  455  457  453  450  444  442
  437  430  414  392  365  343  326  321  309  295  264  245  219  208  187  172
  156  147  139  137  135  132  129  117  121                                   
     7.5-180.0 180.0   5.0 450.0                            LAT/LON1/LON2/DLON/H
  117  108   99   98   93   90   83   79   74   77   80   88  100  116  139  151
  166  167  175  167  175  171  187  204  227  257  283  316  338  365  384  403
