data/unet/pred1690.15i
     1.0            IONOSPHERE MAPS     GNSS                IONEX VERSION / TYPE
pyspatialgeodesy        IME             05-JAN-18 20:20     PGM / RUN BY / DATE 
Map Name                                                    COMMENT             
Predicted global ionosphere maps (GIM).                     DESCRIPTION         
  2015     6    18     0     0     0                        EPOCH OF FIRST MAP  
  2015     6    19     0     0     0                        EPOCH OF LAST MAP   
  7200                                                      INTERVAL            
    13                                                      # OF MAPS IN FILE   
  NONE                                                      MAPPING FUNCTION    
10.0                                                        ELEVATION CUTOFF    
One-way carrier phase leveled to code                       OBSERVABLES USED    
  6371.0                                                    BASE RADIUS         
 2                                                          MAP DIMENSION       
   450.0 450.0   0.0                                        HGT1 / HGT2 / DHGT  
    87.5 -87.5  -2.5                                        LAT1 / LAT2 / DLAT  
  -180.0 180.0   5.0                                        LON1 / LON2 / DLON  
    -1                                                      EXPONENT            
                                                            END OF HEADER       
[from data line 3432]
     9                                                      START OF TEC MAP    
  2015     6    18    16     0     0                        EPOCH OF CURRENT MAP
    87.5-180.0 180.0   5.0 450.0                            LAT/LON1/LON2/DLON/H
  171  174  170  171  171  168  168  167  168  167  167  167  168  167  169  168
  170  168  170  169  170  169  169  168  168  167  167  165  166  164  164  162
  163  161  161  160  160  158  158  157  157  156  156  156  156  155  156  155
  156  155  157  156  158  156  159  157  160  158  161  159  162  160  163  161
  164  163  167  166  166  165  168  181  171                                   
    85.0-180.0 180.0   5.0 450.0                            LAT/LON1/LON2/DLON/H
  158  164  165  167  168  164  166  164  166  164  166  164  167  165  168  166
  169  167  170  168  171  168  170  167  170  166  167  164  165  161  163  159
  160  156  158  154  156  153  154  151  153  150  152  150  152  150  153  151
  153  151  153  152  154  153  154  154  155  155  155  155  156  156  156  157
  158  160  162  161  161  158  160  157  158                                   
    82.5-180.0 180.0   5.0 450.0                            LAT/LON1/LON2/DLON/H
  159  159  158  158  157  156  157  158  158  158  159  159  160  161  162  163
  164  165  166  166  167  167  168  167  167  165  165  163  162  159  159  156
  154  152  151  149  148  147  146  146  145  145  145  146  146  147  148  148
  149  150  151  152  151  152  151  152  150  151  149  150  148  149  148  149
  148  151  151  151  152  147  153  141  159                                   
    80.0-180.0 180.0   5.0 450.0                            LAT/LON1/LON2/DLON/H
  147  146  148  151  150  152  151  154  152  154  152  156  154  158  156  161
  159  163  162  166  165  168  166  168  166  167  164  164  162  160  158  155
  153  150  148  147  144  144  142  144  141  143  142  145  144  147  146  150
  149  151  150  153  151  153  150  152  149  150  146  148  145  147  143  145
  143  146  144  146  143  145  144  137  147                                   
    77.5-180.0 180.0   5.0 450.0                            LAT/LON1/LON2/DLON/H
  136  137  139  139  140  141  143  145  144  145  145  147  147  149  150  152
  154  156  158  160  162  163  165  165  166  164  165  163  163  159  158  154
  152  147  146  143  142  140  140  140  141  140  143  143  146  146  149  150
  151  151  153  153  153  153  152  152  149  149  147  147  145  145  142  142
  142  142  141  139  138  134  133  125  136                                   
    75.0-180.0 180.0   5.0 450.0                            LAT/LON1/LON2/DLON/H
  124  128  133  135  137  137  139  139  140  140  141  142  143  144  147  148
  151  152  157  159  164  165  169  170  171  170  171  169  168  166  164  159
  157  153  151  147  145  144  143  143  143  144  146  146  148  149  152  152
  153  154  155  155  154  153  153  151  150  149  148  146  146  144  143  141
  141  140  141  137  136  135  133  125  124                                   
    72.5-180.0 180.0   5.0 450.0                            LAT/LON1/LON2/DLON/H
  119  127  133  132  133  132  134  135  134  135  135  136  136  137  138  140
  143  145  150  154  159  162  166  169  171  172  172  171  170  167  164  161
  157  154  151  148  146  145  144  144  145  147  148  150  151  152  153  154
  152  153  152  152  149  150  148  148  145  146  143  144  140  141  138  139
  136  137  135  134  131  127  127  121  119                                   
    70.0-180.0 180.0   5.0 450.0                            LAT/LON1/LON2/DLON/H
  118  125  131  133  136  134  137  135  137  135  136  135  136  136  137  139
  141  143  146  151  156  160  164  169  172  174  174  175  174  172  169  167
  163  160  156  153  150  149  147  148  149  151  153  155  155  156  156  155
  154  153  153  152  151  150  149  148  147  146  145  144  143  142  142  140
  140  137  138  133  134  131  131  123  118                                   
    67.5-180.0 180.0   5.0 450.0                            LAT/LON1/LON2/DLON/H
  122  130  136  137  139  139  140  140  140  138  138  137  136  135  136  136
  137  138  141  145  149  154  159  164  168  170  172  172  173  171  170  168
  166  162  160  156  154  151  151  151  153  155  156  158  157  157  155  155
  151  153  151  152  149  150  148  148  144  145  143  143  140  140  139  139
  137  137  136  135  133  130  131  124  122                                   
    65.0-180.0 180.0   5.0 450.0                            LAT/LON1/LON2/DLON/H
  126  135  139  142  146  146  148  146  147  145  144  143  141  141  139  139
  138  139  141  144  148  152  158  162  166  169  170  172  172  173  172  172
  171  168  165  161  159  156  156  157  159  161  163  163  162  160  158  155
  153  153  153  153  153  152  152  150  149  147  147  145  144  143  143  141
  141  140  141  136  137  136  137  130  126                                   
    62.5-180.0 180.0   5.0 450.0                            LAT/LON1/LON2/DLON/H
  131  142  148  150  153  152  154  153  152  149  150  147  147  144  143  141
  140  139  139  142  145  148  154  158  163  165  167  168  171  171  173  173
  174  172  170  167  165  161  161  162  163  166  167  168  165  164  160  159
  155  157  156  158  156  157  155  153  150  149  147  146  143  142  141  139
  138  138  138  137  136  134  137  130  131                                   
    60.0-180.0 180.0   5.0 450.0                            LAT/LON1/LON2/DLON/H
  131  145  149  156  158  159  159  159  157  155  154  153  152  150  148  146
  143  141  141  142  144  147  152  157  160  163  165  168  170  172  174  178
  179  179  177  173  171  168  168  169  172  174  176  175  173  169  165  162
  159  160  161  162  162  161  160  157  155  152  151  147  145  142  140  137
  136  135  136  132  134  135  138  133  131                                   
    57.5-180.0 180.0   5.0 450.0                            LAT/LON1/LON2/DLON/H
  130  145  153  159  161  159  161  159  159  155  156  155  156  153  153  149
  147  142  142  140  143  144  150  154  158  160  163  166  168  171  175  180
  183  184  183  181  178  176  175  177  178  181  183  184  179  177  172  171
  167  169  169  172  170  169  167  165  159  157  153  149  143  139  135  131
  128  127  127  126  125  125  130  126  130                                   
    55.0-180.0 180.0   5.0 450.0                            LAT/LON1/LON2/DLON/H
  123  142  151  163  165  165  163  162  158  157  155  156  156  156  155  153
  150  146  144  142  142  145  149  153  156  160  163  166  170  174  180  185
  189  190  189  188  186  184  183  185  188  192  193  193  190  186  181  177
  174  176  176  176  175  175  172  169  164  161  157  150  143  137  131  125
  122  120  121  117  117  121  127  123  123                                   
    52.5-180.0 180.0   5.0 450.0                            LAT/LON1/LON2/DLON/H
  117  135  149  161  167  165  166  162  159  155  154  155  157  156  159  156
  157  150  150  145  147  146  152  154  159  161  165  168  174  177  184  190
  194  197  197  198  194  193  193  195  197  201  202  204  200  197  190  187
  183  184  183  185  180  181  176  174  169  166  160  154  144  137  128  121
  114  112  110  108  107  107  115  113  117                                   
    50.0-180.0 180.0   5.0 450.0                            LAT/LON1/LON2/DLON/H
  113  131  144  162  169  171  169  166  160  157  153  156  156  159  160  160
  159  155  152  150  147  150  151  157  160  166  169  174  179  184  191  197
  201  203  204  206  204  203  202  205  207  212  213  214  212  206  200  195
  192  190  189  187  184  181  180  177  173  170  164  157  148  138  128  119
  111  107  106  103  102  108  115  111  113                                   
    47.5-180.0 180.0   5.0 450.0                            LAT/LON1/LON2/DLON/H
  110  126  141  158  169  171  173  168  164  157  156  156  159  159  164  163
  164  159  159  154  154  153  157  160  165  168  174  178  185  190  197  203
  206  210  211  216  213  214  212  216  216  222  222  227  221  217  209  205
  198  196  192  190  184  184  180  180  176  174  169  163  153  143  133  121
  112  107  105  101  100  102  108  107  110                                   
    45.0-180.0 180.0   5.0 450.0                            LAT/LON1/LON2/DLON/H
  111  125  138  156  167  175  176  176  170  167  162  163  164  167  168  170
  168  168  164  163  159  162  161  166  169  174  180  186  193  199  205  210
  215  218  222  226  225  227  224  226  228  231  232  234  232  226  219  212
  206  200  194  189  184  181  181  178  180  178  175  170  162  152  141  130
  121  114  113  107  107  113  115  114  111                                   
    42.5-180.0 180.0   5.0 450.0                            LAT/LON1/LON2/DLON/H
  115  124  135  150  164  170  179  180  179  174  173  173  174  174  178  179
  179  176  175  172  171  169  171  172  176  180  187  193  201  207  213  218
  223  229  234  240  240  242  238  241  239  243  241  246  241  237  229  224
  214  207  198  191  184  181  180  182  182  183  182  177  170  162  153  145
  134  129  124  119  116  116  119  117  115                                   
    40.0-180.0 180.0   5.0 450.0                            LAT/LON1/LON2/DLON/H
  121  123  128  143  155  168  176  184  186  187  187  187  188  188  189  190
  188  188  184  183  180  181  180  182  185  191  198  205  213  219  226  232
  238  245  251  258  260  262  259  258  256  254  254  255  253  247  240  232
  225  213  203  194  188  182  184  184  190  190  192  189  183  176  168  160
  152  144  141  134  132  131  130  130  121                                   
    37.5-180.0 180.0   5.0 450.0                            LAT/LON1/LON2/DLON/H
  129  122  124  136  147  159  175  185  194  196  200  202  204  203  205  206
  205  202  200  198  196  194  194  194  198  203  210  217  224  233  240  250
  257  267  275  283  283  286  280  278  270  269  265  268  261  258  250  244
  233  223  211  201  193  189  191  195  196  199  200  198  194  188  183  176
  165  161  155  150  143  140  137  137  129                                   
    35.0-180.0 180.0   5.0 450.0                            LAT/LON1/LON2/DLON/H
  139  124  122  129  138  151  168  184  197  206  212  216  219  222  224  225
  221  219  214  215  212  213  211  212  213  219  225  236  245  255  265  276
  287  298  307  313  317  314  309  300  293  287  282  280  274  269  258  251
  239  229  217  208  201  198  200  200  205  205  208  205  203  200  195  188
  180  174  169  162  156  151  147  148  139                                   
    32.5-180.0 180.0   5.0 450.0                            LAT/LON1/LON2/DLON/H
  145  124  121  125  130  141  161  180  199  210  221  228  234  239  243  247
  243  239  234  235  233  234  231  230  231  236  244  255  267  277  289  303
  315  329  337  347  346  346  332  324  309  303  293  291  282  277  266  259
  245  235  223  216  209  207  207  208  207  208  207  206  206  204  202  195
  188  183  176  170  162  155  152  152  145                                   
    30.0-180.0 180.0   5.0 450.0                            LAT/LON1/LON2/DLON/H
  149  129  121  120  122  131  151  173  194  211  223  234  242  254  259  263
  261  259  252  255  252  255  250  251  249  258  267  281  295  306  317  333
  346  359  369  379  384  380  367  350  337  325  314  308  298  290  278  268
  253  242  228  222  217  215  215  211  211  207  208  204  206  204  205  197
  192  184  179  170  166  159  156  156  149                                   
    27.5-180.0 180.0   5.0 450.0                            LAT/LON1/LON2/DLON/H
  150  130  124  124  120  128  145  169  191  210  225  239  251  264  274  280
  281  281  274  277  273  276  270  269  269  276  289  304  319  329  343  361
  376  392  403  412  416  411  396  378  359  342  328  320  308  300  287  277
  260  248  236  230  226  222  218  212  205  201  199  197  199  198  199  196
  189  184  175  170  160  156  153  156  150                                   
    25.0-180.0 180.0   5.0 450.0                            LAT/LON1/LON2/DLON/H
  153  137  133  128  125  125  141  162  186  206  222  238  252  270  281  293
  296  298  294  297  291  295  284  286  283  294  306  322  338  353  368  387
  403  419  430  439  441  436  422  403  386  368  351  339  325  316  300  288
  271  259  247  242  231  233  222  209  198  191  188  184  186  185  190  184
  184  176  172  162  159  152  155  155  153                                   
    22.5-180.0 180.0   5.0 450.0                            LAT/LON1/LON2/DLON/H
  151  138  142  146  141  141  147  167  188  207  226  242  261  276  293  303
  313  315  316  318  315  314  304  302  301  309  324  342  360  375  392  409
  424  438  449  456  456  448  435  420  402  385  367  352  337  324  308  294
  276  259  238  228  220  215  211  205  188  178  172  168  171  170  173  173
  170  166  158  154  147  145  148  152  151                                   
    20.0-180.0 180.0   5.0 450.0                            LAT/LON1/LON2/DLON/H
  153  147  154  158  156  153  159  168  188  205  228  246  265  282  300  315
  324  333  333  338  332  334  320  318  312  321  336  356  377  395  409  422
  435  444  452  456  455  447  439  429  414  398  378  364  346  332  314  299
  281  260  236  224  212  207  198  196  178  167  159  156  154  154  156  157
  158  152  149  142  140  137  144  148  153                                   
    17.5-180.0 180.0   5.0 450.0                            LAT/LON1/LON2/DLON/H
  148  144  156  167  168  171  173  183  195  213  234  253  274  289  313  325
  342  348  356  356  357  354  344  338  334  340  356  376  396  410  423  432
  442  449  454  454  452  444  441  436  424  410  391  373  352  335  316  300
  278  252  229  213  199  188  184  179  168  157  150  144  143  138  141  140
  141  136  132  128  124  125  131  138  148                                   
    15.0-180.0 180.0   5.0 450.0                            LAT/LON1/LON2/DLON/H
  144  142  152  163  170  173  179  186  200  212  233  255  276  299  321  340
  353  363  370  376  374  377  365  361  356  362  374  391  410  423  433  437
  446  448  452  450  447  445  441  439  428  419  397  381  357  340  318  301
  281  261  236  212  196  184  178  173  163  154  147  144  138  135  132  132
  131  127  126  120  119  118  125  128  144                                   
    12.5-180.0 180.0   5.0 450.0                            LAT/LON1/LON2/DLON/H
  134  130  141  153  160  169  180  191  205  218  238  259  282  301  328  346
  365  373  386  391  397  395  391  385  380  383  390  406  425  437  447  450
  455  459  457  457  452  452  450  450  443  430  409  392  366  346  325  309
  286  264  237  215  194  178  175  171  166  156  151  144  142  134  133  128
  129  122  121  115  111  110  113  112  134                                   
    10.0-180.0 180.0   5.0 450.0                            LAT/LON1/LON2/DLON/H
  126  120  124  134  143  154  169  183  200  214  235  254  275  297  320  346
  364  379  392  402  409  412  408  404  400  398  405  418  438  448  458  458
  464  462  460  459  453  454  448  456  444  436  410  396  370  352  330  314
  292  266  242  215  197  179  175  177  174  165  158  150  144  139  133  132
  128  125  120  112  108  105  107   99  126                                   
     7.5-180.0 180.0   5.0 450.0                            LAT/LON1/LON2/DLON/H
  112  107  110  114  121  133  154  172  194  211  235  252  273  290  316  339
  362  377  395  408  418  422  422  419  415  412  420  434  451  459  468  471
