data/unet/pred0230.15i
     1.0            IONOSPHERE MAPS     GNSS                IONEX VERSION / TYPE
pyspatialgeodesy        IME             05-JAN-18 20:20     PGM / RUN BY / DATE 
Map Name                                                    COMMENT             
Predicted global ionosphere maps (GIM).                     DESCRIPTION         
  2015     1    23     0     0     0                        EPOCH OF FIRST MAP  
  2015     1    24     0     0     0                        EPOCH OF LAST MAP   
  7200                                                      INTERVAL            
    13                                                      # OF MAPS IN FILE   
  NONE                                                      MAPPING FUNCTION    
10.0                                                        ELEVATION CUTOFF    
One-way carrier phase leveled to code                       OBSERVABLES USED    
  6371.0                                                    BASE RADIUS         
 2                                                          MAP DIMENSION       
   450.0 450.0   0.0                                        HGT1 / HGT2 / DHGT  
    87.5 -87.5  -2.5                                        LAT1 / LAT2 / DLAT  
  -180.0 180.0   5.0                                        LON1 / LON2 / DLON  
    -1                                                      EXPONENT            
                                                            END OF HEADER       
     1                                                      START OF TEC MAP    
  2015     1    23     0     0     0                        EPOCH OF CURRENT MAP
    87.5-180.0 180.0   5.0 450.0                            LAT/LON1/LON2/DLON/H
  110   77   70   64   67   63   68   64   69   66   71   68   73   70   75   71
   76   73   78   75   79   75   79   75   79   75   78   74   77   73   76   72
   75   71   74   70   73   69   73   69   73   69   74   69   75   71   76   72
   77   73   78   74   79   75   79   75   78   74   77   73   76   72   74   70
   73   69   73   72   79   76   86  104  110                                   
    85.0-180.0 180.0   5.0 450.0                            LAT/LON1/LON2/DLON/H
   87   49   44   39   40   36   42   40   45   43   48   47   53   52   57   57
   62   61   66   65   68   67   70   67   69   65   68   63   65   60   63   57
   60   55   59   54   58   54   58   55   59   56   61   59   64   61   66   63
   69   66   71   67   72   68   71   67   70   66   67   64   65   61   61   56
   57   54   56   55   63   56   57   86   87                                   
    82.5-180.0 180.0   5.0 450.0                            LAT/LON1/LON2/DLON/H
   78   51   50   50   48   46   51   50   55   54   59   59   64   64   70   69
   74   73   77   76   78   77   78   76   76   72   72   68   68   62   63   58
   59   54   57   53   56   52   58   55   60   57   63   61   67   65   70   68
   73   71   75   72   75   71   73   69   72   67   70   65   69   63   67   62
   66   62   66   64   73   64   68   88   78                                   
    80.0-180.0 180.0   5.0 450.0                            LAT/LON1/LON2/DLON/H
   84   67   68   71   67   68   69   72   72   74   76   79   81   83   86   88
   91   92   94   95   96   96   95   94   91   89   86   83   80   77   74   71
   69   67   67   66   66   67   68   70   71   74   75   78   79   82   83   85
   85   86   86   86   85   83   81   79   78   76   75   74   75   74   74   75
   76   76   79   80   84   79   79   94   84                                   
    77.5-180.0 180.0   5.0 450.0                            LAT/LON1/LON2/DLON/H
  100   87   88   89   85   84   85   85   86   86   89   89   92   92   96   96
   99  100  103  105  107  107  108  106  104  101   99   96   92   89   86   83
   79   77   76   74   73   74   75   76   78   80   82   85   86   89   90   91
   91   92   91   91   89   87   84   81   79   77   76   74   75   74   77   78
   82   83   88   89   95   91   95  102  100                                   
    75.0-180.0 180.0   5.0 450.0                            LAT/LON1/LON2/DLON/H
  112  110  111  112  106  105  104  105  103  103  103  104  103  103  104  105
  105  107  109  112  114  116  116  116  114  113  110  108  104  102   98   95
   90   88   85   83   81   81   81   82   83   85   87   89   91   93   94   94
   93   93   92   91   89   86   83   80   77   75   73   72   72   74   77   81
   86   90   96  101  107  108  113  119  112                                   
    72.5-180.0 180.0   5.0 450.0                            LAT/LON1/LON2/DLON/H
  137  137  141  141  134  132  129  127  124  122  121  118  115  112  109  107
  104  104  105  107  109  111  113  113  113  111  110  108  106  104  103   99
   96   92   89   86   83   82   82   83   83   85   87   89   90   91   91   89
   88   86   85   84   81   78   75   72   69   66   66   64   67   69   75   80
   88   95  104  112  122  126  132  136  137                                   
    70.0-180.0 180.0   5.0 450.0                            LAT/LON1/LON2/DLON/H
  155  163  168  168  161  159  155  153  148  144  139  133  126  119  112  105
   99   95   95   95   97  100  102  104  104  105  104  104  102  103  101   99
   95   93   89   86   82   81   81   80   81   81   84   84   85   82   82   78
   75   72   71   69   68   65   65   62   61   59   59   59   63   66   74   80
   91   99  111  121  134  140  150  154  155                                   
    67.5-180.0 180.0   5.0 450.0                            LAT/LON1/LON2/DLON/H
  180  186  193  194  189  187  184  179  173  167  160  150  139  127  115  104
   94   86   83   81   83   85   88   90   91   93   93   94   93   94   92   90
   87   85   82   80   75   75   73   74   74   75   76   77   75   74   70   66
   61   58   55   54   53   52   53   52   53   52   54   54   60   64   74   82
   94  103  116  127  142  152  162  168  180                                   
    65.0-180.0 180.0   5.0 450.0                            LAT/LON1/LON2/DLON/H
  194  203  212  214  209  208  204  201  193  187  176  165  150  135  119  103
   90   79   73   69   70   71   73   75   77   79   79   80   80   79   77   75
   74   71   69   66   65   63   64   63   65   65   69   67   67   62   60   53
   49   44   42   40   41   43   45   47   50   51   54   56   63   70   80   89
  102  111  124  135  149  160  173  181  194                                   
    62.5-180.0 180.0   5.0 450.0                            LAT/LON1/LON2/DLON/H
  209  213  223  226  222  221  218  215  209  203  191  179  162  144  125  108
   91   79   71   66   64   64   65   66   67   67   66   66   64   62   59   57
   55   54   52   51   51   51   51   53   54   57   59   60   59   56   51   46
   41   36   33   33   34   37   42   44   49   51   56   61   70   78   90  100
  113  123  135  146  158  169  180  192  209                                   
    60.0-180.0 180.0   5.0 450.0                            LAT/LON1/LON2/DLON/H
  213  220  230  234  230  231  226  224  217  212  200  187  170  152  133  114
   98   84   75   68   64   61   60   60   59   58   57   54   52   48   46   43
   43   40   41   40   42   42   45   46   50   52   56   56   57   53   49   43
   38   33   31   31   33   38   43   47   53   57   64   71   82   92  106  116
  131  141  153  161  170  179  191  202  213                                   
    57.5-180.0 180.0   5.0 450.0                            LAT/LON1/LON2/DLON/H
  223  226  237  239  234  235  233  230  225  218  207  195  178  163  144  129
  113  100   88   80   72   67   63   60   57   55   52   48   44   41   37   35
   34   34   34   36   37   40   42   45   48   53   56   58   58   55   51   45
   39   35   33   33   36   40   45   51   57   63   71   81   95  108  124  139
  155  167  176  183  188  195  202  214  223                                   
    55.0-180.0 180.0   5.0 450.0                            LAT/LON1/LON2/DLON/H
  229  235  245  246  238  240  235  234  227  221  209  198  184  170  157  143
  130  118  107   95   85   77   70   65   61   56   53   48   45   41   38   35
   35   35   36   38   41   43   47   49   54   56   62   62   64   60   57   51
   47   42   41   41   43   47   52   58   66   72   81   92  108  124  144  160
  179  190  201  206  210  213  220  231  229                                   
    52.5-180.0 180.0   5.0 450.0                            LAT/LON1/LON2/DLON/H
  245  246  256  253  245  244  242  239  234  226  214  204  190  181  169  160
  148  138  125  114  100   91   82   76   70   66   61   57   53   49   45   42
   42   42   44   47   50   54   56   60   62   66   68   70   69   67   64   60
   56   53   51   50   51   55   59   65   72   79   88  101  119  138  160  180
  198  212  224  231  234  235  236  247  245                                   
    50.0-180.0 180.0   5.0 450.0                            LAT/LON1/LON2/DLON/H
  257  264  270  266  257  257  252  251  243  234  219  208  195  187  179  172
  163  152  141  127  115  104   95   88   84   79   75   71   67   62   57   53
   53   54   57   60   65   68   72   73   76   77   80   79   81   78   76   72
   70   66   63   62   62   64   68   74   81   87   96  109  128  148  171  191
  212  228  243  250  254  254  256  263  257                                   
    47.5-180.0 180.0   5.0 450.0                            LAT/LON1/LON2/DLON/H
  275  277  282  277  270  270  269  267  260  247  232  218  203  196  187  183
  173  165  151  140  127  119  110  106  100   97   92   88   82   77   70   67
   65   67   71   76   80   85   86   88   88   90   90   91   91   89   88   86
   83   80   77   75   74   75   78   82   88   94  103  116  135  155  177  197
  218  235  250  260  266  267  265  272  275                                   
    45.0-180.0 180.0   5.0 450.0                            LAT/LON1/LON2/DLON/H
  284  292  293  289  283  286  285  286  277  266  245  229  212  204  196  191
  182  172  160  148  139  132  126  122  119  115  109  104   97   90   82   78
   76   79   83   89   95   98   99   99  101  100  102  101  102  100  100   98
   96   93   90   87   86   85   89   92   98  103  112  123  141  158  178  195
  214  232  247  258  265  269  270  274  284                                   
    42.5-180.0 180.0   5.0 450.0                            LAT/LON1/LON2/DLON/H
  290  293  293  290  288  292  298  302  298  283  262  243  225  214  203  197
  186  178  165  157  149  147  142  140  135  130  122  115  107   99   90   86
   84   87   92   99  104  107  106  107  107  109  109  109  109  109  109  109
  107  104  100   97   95   95   98  101  108  113  122  132  149  163  179  193
  207  222  236  247  257  263  263  270  290                                   
    40.0-180.0 180.0   5.0 450.0                            LAT/LON1/LON2/DLON/H
  288  294  292  289  286  294  300  311  310  300  277  258  237  224  212  203
  192  182  173  166  164  163  160  156  150  141  132  122  113  104   95   90
   89   93   98  105  110  112  113  112  114  114  117  116  117  116  117  116
  115  112  109  106  105  105  109  112  119  124  133  144  161  172  185  194
  205  215  228  239  249  255  258  264  288                                   
    37.5-180.0 180.0   5.0 450.0                            LAT/LON1/LON2/DLON/H
  289  288  286  281  280  288  298  311  317  307  289  268  249  235  220  211
  198  191  181  181  179  182  177  171  159  148  135  124  114  106   98   95
   94   98  104  110  113  116  114  114  115  117  119  120  121  120  120  120
  118  116  114  112  112  113  117  121  130  138  148  161  177  188  197  204
  211  219  229  239  249  255  256  263  289                                   
    35.0-180.0 180.0   5.0 450.0                            LAT/LON1/LON2/DLON/H
  294  294  289  279  274  280  289  305  312  311  294  279  260  247  233  220
  209  202  197  197  198  197  189  177  162  145  133  121  113  106  102  100
  101  106  112  116  119  120  118  117  119  121  124  125  125  123  123  122
  121  118  117  117  117  118  123  127  138  147  161  176  196  207  218  226
  232  239  248  254  265  269  273  276  294                                   
    32.5-180.0 180.0   5.0 450.0                            LAT/LON1/LON2/DLON/H
  316  312  302  286  275  276  283  296  306  305  296  281  266  255  241  230
  218  214  210  212  209  205  191  175  155  139  126  118  112  110  108  111
  113  118  122  124  125  123  120  119  120  123  125  126  125  122  121  118
  117  115  115  114  116  117  122  128  141  156  174  193  216  232  249  259
  268  274  281  287  296  302  303  304  316                                   
    30.0-180.0 180.0   5.0 450.0                            LAT/LON1/LON2/DLON/H
  355  360  339  312  293  285  285  293  300  301  293  284  272  262  250  239
  230  225  222  220  215  203  185  164  144  129  121  117  118  120  123  127
  133  138  140  139  138  133  128  126  125  127  129  127  125  119  118  114
  112  109  110  110  112  113  119  125  141  157  181  203  231  255  276  297
  311  324  333  341  351  355  357  349  355                                   
    27.5-180.0 180.0   5.0 450.0                            LAT/LON1/LON2/DLON/H
  409  419  394  362  332  314  304  304  305  302  294  285  275  267  254  246
  237  233  226  220  207  190  168  148  132  125  122  126  132  139  145  153
  157  161  161  157  152  144  137  133  129  129  127  122  117  110  106  101
   99   95   98   98  102  105  111  119  136  158  185  213  247  276  306  332
  355  374  389  402  414  418  418  397  409                                   
    25.0-180.0 180.0   5.0 450.0                            LAT/LON1/LON2/DLON/H
  471  498  472  432  394  364  343  331  324  316  306  296  287  276  264  253
  244  236  226  212  194  171  150  133  125  125  133  142  155  165  175  183
  188  190  186  175  164  154  147  140  136  131  126  116  108   98   95   89
   86   82   83   86   90   95  102  112  131  155  186  220  258  295  332  368
  399  427  446  464  480  485  490  452  471                                   
    22.5-180.0 180.0   5.0 450.0                            LAT/LON1/LON2/DLON/H
  532  567  545  515  473  438  401  380  360  347  332  321  306  294  276  264
  250  238  219  200  174  153  137  130  132  142  156  172  186  196  205  211
  216  213  204  189  172  161  149  145  134  131  119  107   95   87   84   78
   74   70   70   70   78   84   92  106  128  154  190  228  271  311  354  394
  432  463  490  513  533  542  546  504  532                                   
    20.0-180.0 180.0   5.0 450.0                            LAT/LON1/LON2/DLON/H
  586  638  619  595  560  520  477  445  416  393  375  357  342  322  301  282
  263  242  215  189  162  145  140  143  158  175  194  209  221  230  233  238
  236  228  214  194  178  163  155  144  136  125  113   96   86   76   73   67
   63   58   56   58   63   71   80   96  125  155  196  237  282  326  374  421
  463  498  529  552  578  587  588  545  586                                   
    17.5-180.0 180.0   5.0 450.0                            LAT/LON1/LON2/DLON/H
  617  673  666  656  627  593  546  513  477  455  426  409  385  365  336  313
  285  257  221  190  165  158  164  181  204  222  241  249  257  254  252  248
  245  230  211  192  174  164  152  146  132  123  105   90   78   71   63   58
   51   46   42   45   50   59   71   91  124  160  205  247  294  339  390  436
  480  513  544  572  601  612  604  564  617                                   
    15.0-180.0 180.0   5.0 450.0                            LAT/LON1/LON2/DLON/H
  629  693  697  698  680  652  611  576  541  518  489  468  439  413  380  350
  318  282  243  208  192  194  213  241  267  285  292  290  282  271  258  251
  240  222  202  183  171  159  153  142  132  118  103   85   75   64   57   52
   45   43   37   41   46   57   70   92  129  168  214  257  303  349  399  445
  486  516  541  569  598  609  605  572  629                                   
    12.5-180.0 180.0   5.0 450.0                            LAT/LON1/LON2/DLON/H
  618  674  692  708  704  685  652  624  589  565  538  519  489  462  426  398
  360  323  281  250  238  252  282  315  338  342  334  317  296  274  258  244
  232  213  190  177  165  158  150  142  129  119  101   87   73   64   54   49
   43   39   35   39   45   58   72   98  137  177  223  262  309  353  400  441
  478  501  522  547  575  585  582  559  618                                   
    10.0-180.0 180.0   5.0 450.0                            LAT/LON1/LON2/DLON/H
  593  646  673  702  711  701  679  659  629  609  583  567  540  517  482  454
  418  380  337  310  307  332  364  394  396  385  356  328  296  273  252  239
  222  205  185  174  166  157  152  142  133  121  107   89   76   64   54   52
   45   46   41   45   52   66   81  107  146  185  229  267  311  353  398  433
  463  478  496  516  541  553  558  544  593                                   
     7.5-180.0 180.0   5.0 450.0                            LAT/LON1/LON2/DLON/H
  563  603  635  668  687  685  675  661  643  627  610  593  573  554  528  505
  475  445  406  384  385  411  437  450  432  401  358  324  293  269  252  236
