data/unet/pred3160.15i
     1.0            IONOSPHERE MAPS     GNSS                IONEX VERSION / TYPE
pyspatialgeodesy        IME             05-JAN-18 20:20     PGM / RUN BY / DATE 
Map Name                                                    COMMENT             
Predicted global ionosphere maps (GIM).                     DESCRIPTION         
  2015    11    12     0     0     0                        EPOCH OF FIRST MAP  
  2015    11    13     0     0     0                        EPOCH OF LAST MAP   
  7200                                                      INTERVAL            
    13                                                      # OF MAPS IN FILE   
  NONE                                                      MAPPING FUNCTION    
10.0                                                        ELEVATION CUTOFF    
One-way carrier phase leveled to code                       OBSERVABLES USED    
  6371.0                                                    BASE RADIUS         
 2                                                          MAP DIMENSION       
   450.0 450.0   0.0                                        HGT1 / HGT2 / DHGT  
    87.5 -87.5  -2.5                                        LAT1 / LAT2 / DLAT  
  -180.0 180.0   5.0                                        LON1 / LON2 / DLON  
    -1                                                      EXPONENT            
                                                            END OF HEADER       
[from data line 4290]
    11                                                      START OF TEC MAP    
  2015    11    12    20     0     0                        EPOCH OF CURRENT MAP
    87.5-180.0 180.0   5.0 450.0                            LAT/LON1/LON2/DLON/H
  116   86   66   69   68   69   69   70   71   72   72   73   74   74   74   75
   74   75   74   74   74   74   73   73   72   71   71   70   69   68   68   67
   66   65   64   64   64   63   63   63   62   63   62   63   62   64   62   64
   63   65   63   65   64   66   64   66   65   67   65   66   64   66   64   66
   64   66   64   65   66   67   62  103  116                                   
    85.0-180.0 180.0   5.0 450.0                            LAT/LON1/LON2/DLON/H
   58   56   54   58   58   59   60   61   63   64   66   68   70   70   72   72
   72   72   72   71   71   70   70   68   68   66   66   63   64   61   61   58
   59   56   56   54   55   52   54   51   53   51   54   52   54   53   55   54
   56   55   57   56   58   57   59   58   60   59   60   58   59   58   58   57
   57   56   56   56   58   56   53   69   58                                   
    82.5-180.0 180.0   5.0 450.0                            LAT/LON1/LON2/DLON/H
   52   52   49   51   51   53   53   57   59   62   64   68   70   72   73   75
   76   76   75   75   73   73   71   70   68   67   65   64   61   61   58   58
   55   55   52   52   50   50   48   49   48   48   48   48   48   49   49   50
   50   52   52   54   53   55   54   57   55   57   55   57   55   56   53   54
   52   52   50   51   49   47   46   49   52                                   
    80.0-180.0 180.0   5.0 450.0                            LAT/LON1/LON2/DLON/H
   52   45   45   43   47   46   52   53   60   62   69   70   77   77   82   80
   84   80   81   77   78   74   74   70   69   66   66   63   62   60   60   57
   57   54   54   51   51   49   49   47   48   46   47   45   47   45   47   46
   48   47   50   48   51   49   52   49   52   49   51   48   50   46   48   44
   46   42   43   40   41   37   37   39   52                                   
    77.5-180.0 180.0   5.0 450.0                            LAT/LON1/LON2/DLON/H
   46   41   37   38   41   40   47   49   58   60   69   72   79   81   86   86
   87   85   84   81   78   75   73   69   67   64   64   61   61   59   60   58
   57   56   55   54   53   51   50   48   47   46   45   45   45   44   45   45
   45   46   46   47   47   47   47   47   46   46   45   45   43   43   42   41
   39   39   37   36   35   33   32   31   46                                   
    75.0-180.0 180.0   5.0 450.0                            LAT/LON1/LON2/DLON/H
   47   39   39   38   42   43   50   52   61   65   75   79   86   89   94   93
   94   90   90   84   82   77   74   70   67   65   63   62   61   61   61   60
   60   59   58   58   56   56   53   52   50   50   48   47   46   46   45   46
   46   47   47   47   47   48   47   46   46   45   44   43   42   41   40   39
   38   37   37   35   36   33   35   38   47                                   
    72.5-180.0 180.0   5.0 450.0                            LAT/LON1/LON2/DLON/H
   50   46   45   45   47   48   54   57   66   71   81   87   94   97  101  100
   99   96   92   87   81   78   73   68   65   63   61   60   59   60   60   61
   60   61   60   60   58   58   54   54   49   49   45   45   42   43   42   43
   43   44   44   45   45   46   44   44   43   42   41   40   39   39   37   37
   36   37   36   37   36   36   38   41   50                                   
    70.0-180.0 180.0   5.0 450.0                            LAT/LON1/LON2/DLON/H
   57   50   52   50   53   54   61   63   74   80   91   96  104  107  111  109
  107  101   98   90   86   80   75   67   65   61   59   57   57   57   57   57
   57   57   57   56   55   54   53   51   48   46   43   42   40   40   40   41
   42   43   44   44   45   44   44   42   42   40   40   38   38   37   37   35
   36   35   37   35   39   38   43   50   57                                   
    67.5-180.0 180.0   5.0 450.0                            LAT/LON1/LON2/DLON/H
   61   61   61   62   63   62   69   71   81   87   98  104  112  115  116  115
  111  107  101   95   88   82   75   68   61   58   54   53   50   50   49   51
   49   51   49   51   48   49   45   46   41   40   36   35   33   33   33   35
   35   38   39   40   39   40   38   39   37   37   35   36   34   33   32   32
   31   32   33   36   38   40   45   51   61                                   
    65.0-180.0 180.0   5.0 450.0                            LAT/LON1/LON2/DLON/H
   67   64   69   67   71   71   79   80   92   98  109  116  124  125  126  122
  120  114  110  103   97   88   81   70   63   56   50   46   42   41   39   39
   39   39   39   39   38   38   37   37   35   34   31   30   28   28   28   30
   31   34   36   37   37   36   36   35   35   34   35   34   33   31   30   28
   28   27   30   30   36   38   47   57   67                                   
    62.5-180.0 180.0   5.0 450.0                            LAT/LON1/LON2/DLON/H
   67   70   71   73   75   75   81   85   95  102  113  120  128  130  131  128
  126  123  119  114  108  101   91   79   67   57   47   41   35   32   30   29
   28   29   27   28   27   28   27   27   26   25   23   22   20   21   21   23
   24   28   28   31   29   31   29   31   30   32   32   32   30   29   26   23
   21   20   22   24   29   33   44   52   67                                   
    60.0-180.0 180.0   5.0 450.0                            LAT/LON1/LON2/DLON/H
   69   68   72   73   77   79   88   92  102  110  121  128  136  137  140  137
  138  135  134  131  128  120  108   92   78   63   50   41   31   28   24   23
   22   21   20   20   20   20   21   22   22   22   21   20   18   18   18   20
   21   24   25   26   26   26   27   28   29   31   32   32   32   29   26   21
   19   16   19   18   26   29   42   52   69                                   
    57.5-180.0 180.0   5.0 450.0                            LAT/LON1/LON2/DLON/H
   69   72   72   76   80   81   89   92  103  110  121  128  137  139  145  144
  147  147  149  148  147  139  128  110   92   75   58   45   34   29   26   26
   24   23   20   19   18   18   19   20   22   21   21   19   19   17   18   18
   19   21   23   23   23   24   25   27   29   32   33   35   32   30   25   21
   17   15   17   18   24   27   39   44   69                                   
    55.0-180.0 180.0   5.0 450.0                            LAT/LON1/LON2/DLON/H
   75   73   76   80   86   90   99  104  114  121  131  137  144  148  154  156
  160  164  167  169  167  161  149  131  112   91   72   57   46   40   36   36
   33   31   27   25   23   22   23   25   26   28   27   27   25   24   22   22
   23   24   25   25   25   26   28   30   33   36   37   38   36   33   30   24
   22   18   22   21   29   30   44   50   75                                   
    52.5-180.0 180.0   5.0 450.0                            LAT/LON1/LON2/DLON/H
   81   88   87   95  100  103  110  114  122  127  136  140  149  151  160  163
  170  176  182  183  184  178  168  148  131  109   90   73   62   55   52   50
   48   45   40   36   33   31   32   33   36   37   38   36   35   32   31   29
   29   29   30   30   31   32   34   38   40   43   43   43   41   38   34   30
   26   25   28   29   35   38   50   55   81                                   
    50.0-180.0 180.0   5.0 450.0                            LAT/LON1/LON2/DLON/H
   95   97  104  111  119  125  132  136  142  145  150  154  159  162  167  173
  179  185  191  194  194  190  181  165  150  131  113   95   83   74   69   67
   63   59   53   49   45   43   43   45   48   50   51   50   48   45   43   41
   40   40   41   41   42   43   45   48   50   52   51   50   47   44   42   37
   37   36   40   42   49   51   65   73   95                                   
    47.5-180.0 180.0   5.0 450.0                            LAT/LON1/LON2/DLON/H
  109  121  128  139  145  150  154  156  159  160  162  164  168  171  177  183
  189  194  198  202  201  198  191  179  167  151  136  118  102   89   83   78
   74   68   64   58   56   53   54   55   59   60   62   61   60   56   55   51
   52   51   53   54   55   57   59   61   62   61   59   56   53   49   48   45
   47   48   53   56   63   66   79   88  109                                   
    45.0-180.0 180.0   5.0 450.0                            LAT/LON1/LON2/DLON/H
  128  143  158  169  175  181  184  187  186  186  184  183  183  187  191  195
  198  202  202  206  202  202  195  187  179  166  154  134  116  100   90   84
   78   73   67   64   62   62   63   64   67   69   71   71   71   67   66   63
   64   64   66   68   70   72   73   75   73   71   67   63   59   54   55   53
   56   57   64   68   77   83   98  112  128                                   
    42.5-180.0 180.0   5.0 450.0                            LAT/LON1/LON2/DLON/H
  142  167  182  196  202  210  209  213  207  206  200  200  199  205  207  213
  212  215  212  213  208  206  200  197  190  180  166  145  122  102   89   79
   74   68   66   64   67   68   70   71   73   74   77   76   77   74   72   70
   72   74   77   79   81   83   84   84   82   78   73   67   63   58   58   57
   60   63   70   77   86   95  108  125  142                                   
    40.0-180.0 180.0   5.0 450.0                            LAT/LON1/LON2/DLON/H
  154  186  204  220  227  237  236  241  232  230  220  221  217  224  223  229
  225  226  220  220  213  210  203  201  197  186  172  148  121   98   83   74
   67   63   62   65   70   75   78   78   79   79   81   81   81   78   77   75
   77   79   83   85   89   90   91   90   88   83   78   71   67   62   62   59
   62   63   71   78   91  101  118  137  154                                   
    37.5-180.0 180.0   5.0 450.0                            LAT/LON1/LON2/DLON/H
  157  191  211  229  239  252  251  254  248  245  237  237  236  242  242  249
  245  245  239  236  228  222  215  212  205  194  176  148  117   92   79   68
   64   59   65   70   81   85   90   88   87   84   85   83   83   79   78   77
   79   80   83   86   89   90   91   90   88   84   79   74   70   65   63   59
   59   59   66   75   87  101  117  136  157                                   
    35.0-180.0 180.0   5.0 450.0                            LAT/LON1/LON2/DLON/H
  157  194  215  236  250  262  266  270  265  262  255  255  254  259  260  266
  265  265  260  254  246  237  228  221  212  199  179  149  117   95   84   79
   76   75   81   89  101  106  108  104   99   94   92   89   87   82   80   78
   79   79   82   83   86   88   89   88   87   83   80   77   74   68   66   59
   57   54   61   69   83   96  119  134  157                                   
    32.5-180.0 180.0   5.0 450.0                            LAT/LON1/LON2/DLON/H
  157  192  213  240  256  269  275  278  277  276  271  271  271  276  279  285
  284  285  281  277  267  257  244  234  221  207  185  156  127  110  105  103
  106  105  114  120  132  134  134  124  116  107  103   98   93   87   83   81
   80   79   79   78   81   82   85   85   84   82   81   80   77   73   68   60
   56   52   56   65   77   93  117  130  157                                   
    30.0-180.0 180.0   5.0 450.0                            LAT/LON1/LON2/DLON/H
  159  194  216  242  261  274  284  288  287  285  281  279  279  284  288  294
  294  296  294  291  283  270  255  242  230  215  195  171  152  142  145  149
  154  154  160  164  171  169  164  150  137  124  118  110  105   96   92   87
   85   81   79   77   78   80   84   84   85   84   83   83   81   76   71   62
   58   53   58   65   81   94  126  136  159                                   
    27.5-180.0 180.0   5.0 450.0                            LAT/LON1/LON2/DLON/H
  172  207  222  248  267  283  295  303  303  301  296  294  292  295  297  302
  303  306  306  306  298  285  268  255  243  230  214  200  190  191  203  213
  220  218  217  212  211  204  191  174  157  142  133  125  118  110  103   97
   91   85   79   75   75   77   81   82   83   83   83   86   85   81   74   65
   60   59   63   74   88  110  136  152  172                                   
    25.0-180.0 180.0   5.0 450.0                            LAT/LON1/LON2/DLON/H
  191  221  242  262  282  295  310  316  322  322  318  311  307  306  305  306
  306  309  310  311  304  290  276  264  258  250  242  235  238  252  276  292
  297  288  273  258  244  232  217  196  179  162  152  142  136  126  120  112
  105   96   89   82   81   82   85   85   85   84   84   85   86   82   77   69
   66   67   74   88  107  129  159  182  191                                   
    22.5-180.0 180.0   5.0 450.0                            LAT/LON1/LON2/DLON/H
  216  245  262  287  307  323  335  343  348  351  348  341  328  323  317  315
  312  314  314  316  310  301  287  281  278  278  280  284  302  325  358  373
  373  352  323  289  268  251  234  213  195  182  170  161  153  145  138  132
  122  112  100   94   92   93   94   93   91   88   87   85   86   82   78   71
   70   74   84  101  124  158  183  219  216                                   
    20.0-180.0 180.0   5.0 450.0                            LAT/LON1/LON2/DLON/H
  246  266  295  316  341  361  373  381  384  387  382  377  363  347  335  326
  321  319  317  317  312  305  296  295  300  312  322  338  360  391  425  433
  423  390  353  310  280  261  245  228  214  204  194  185  176  168  160  153
  142  132  120  115  109  111  108  106  101   94   89   87   87   81   78   72
   74   82   97  122  146  179  209  242  246                                   
    17.5-180.0 180.0   5.0 450.0                            LAT/LON1/LON2/DLON/H
  270  293  325  348  371  395  409  422  427  431  427  418  401  383  365  351
  341  335  328  326  320  317  311  317  331  347  366  385  416  447  468  466
  445  409  362  316  286  265  253  239  231  224  216  208  200  191  183  175
  166  154  143  134  128  127  123  119  112  103   94   90   88   82   78   73
   75   85  105  134  164  202  228  266  270                                   
    15.0-180.0 180.0   5.0 450.0                            LAT/LON1/LON2/DLON/H
  291  309  353  374  405  428  448  469  477  486  475  461  442  422  406  384
  372  355  347  341  334  331  331  343  358  383  404  436  467  485  496  479
  454  408  361  314  286  273  265  259  253  249  242  235  226  215  205  195
  185  173  159  151  142  140  132  130  120  111   98   91   87   79   76   71
   74   86  108  142  171  207  241  276  291                                   
    12.5-180.0 180.0   5.0 450.0                            LAT/LON1/LON2/DLON/H
  296  324  367  394  426  453  477  498  520  533  525  503  478  469  450  431
  414  395  378  366  360  357  362  375  394  420  447  477  498  511  504  484
  448  404  354  316  293  286  286  284  282  276  267  258  248  235  222  209
  197  183  170  159  151  148  140  136  127  115  102   93   86   80   72   69
   70   84  105  140  173  213  246  287  296                                   
    10.0-180.0 180.0   5.0 450.0                            LAT/LON1/LON2/DLON/H
  307  333  382  410  451  476  503  528  553  567  552  538  514  504  496  475
  462  440  425  409  400  393  397  411  434  463  489  512  528  524  508  476
  439  392  343  313  301  304  307  311  310  301  290  276  263  246  230  213
  199  185  172  164  155  150  142  138  129  116  103   92   85   77   72   67
   69   81  103  137  168  204  243  282  307                                   
     7.5-180.0 180.0   5.0 450.0                            LAT/LON1/LON2/DLON/H
  309  342  389  421  458  484  505  522  556  568  567  555  542  536  530  520
  512  490  476  457  451  445  450  461  482  506  522  539  541  533  507  477
