data/unet/pred1320.15i
     1.0            IONOSPHERE MAPS     GNSS                IONEX VERSION / TYPE
pyspatialgeodesy        IME             05-JAN-18 20:20     PGM / RUN BY / DATE 
Map Name                                                    COMMENT             
Predicted global ionosphere maps (GIM).                     DESCRIPTION         
  2015     5    12     0     0     0                        EPOCH OF FIRST MAP  
  2015     5    13     0     0     0                        EPOCH OF LAST MAP   
  7200                                                      INTERVAL            
    13                                                      # OF MAPS IN FILE   
  NONE                                                      MAPPING FUNCTION    
10.0                                                        ELEVATION CUTOFF    
One-way carrier phase leveled to code                       OBSERVABLES USED    
  6371.0                                                    BASE RADIUS         
 2                                                          MAP DIMENSION       
   450.0 450.0   0.0                                        HGT1 / HGT2 / DHGT  
    87.5 -87.5  -2.5                                        LAT1 / LAT2 / DLAT  
  -180.0 180.0   5.0                                        LON1 / LON2 / DLON  
    -1                                                      EXPONENT            
                                                            END OF HEADER       
[from data line 858]
     3                                                      START OF TEC MAP    
  2015     5    12     4     0     0                        EPOCH OF CURRENT MAP
    87.5-180.0 180.0   5.0 450.0                            LAT/LON1/LON2/DLON/H
  189  180  169  167  165  162  162  163  165  165  166  166  168  168  169  168
  170  170  170  169  170  169  169  167  169  167  169  166  170  167  170  166
  170  167  169  165  168  165  165  163  165  164  163  162  163  162  162  160
  161  160  160  158  159  157  157  155  156  155  155  154  154  154  154  154
  154  154  155  154  158  152  162  175  189                                   
    85.0-180.0 180.0   5.0 450.0                            LAT/LON1/LON2/DLON/H
  190  179  169  173  168  167  166  171  171  173  172  175  174  176  174  177
  175  178  174  176  173  174  170  169  167  166  164  162  163  161  162  159
  161  158  159  157  159  157  157  156  157  156  156  157  158  158  158  158
  159  158  158  157  158  157  157  156  157  157  157  158  158  160  159  160
  159  161  159  163  164  160  165  172  190                                   
    82.5-180.0 180.0   5.0 450.0                            LAT/LON1/LON2/DLON/H
  172  168  166  169  162  164  162  169  168  172  171  174  172  176  173  176
  173  177  173  174  170  172  165  166  160  162  156  158  154  156  153  154
  152  154  152  154  153  155  153  156  154  157  155  159  158  161  159  162
  161  162  161  163  162  164  162  164  163  165  163  166  164  167  165  167
  164  167  164  167  166  161  161  160  172                                   
    80.0-180.0 180.0   5.0 450.0                            LAT/LON1/LON2/DLON/H
  172  164  164  164  160  163  163  170  170  173  174  177  176  178  177  180
  178  180  178  179  176  175  170  168  163  160  154  153  149  148  145  146
  145  147  147  150  151  153  154  155  156  156  157  158  160  159  161  161
  165  163  165  164  168  166  169  169  172  171  173  174  176  175  176  175
  174  173  172  172  173  163  165  157  172                                   
    77.5-180.0 180.0   5.0 450.0                            LAT/LON1/LON2/DLON/H
  170  161  160  160  155  157  161  165  167  168  170  171  172  172  173  174
  174  175  175  176  173  171  166  162  156  150  144  141  136  132  130  131
  131  134  138  143  145  149  150  153  154  155  156  158  159  160  162  164
  166  167  169  170  172  173  175  177  178  179  181  182  182  184  183  184
  181  181  180  177  178  171  172  161  170                                   
    75.0-180.0 180.0   5.0 450.0                            LAT/LON1/LON2/DLON/H
  170  159  157  154  152  152  157  158  161  160  163  162  164  162  164  164
  165  166  168  168  167  164  160  154  148  140  134  127  123  119  119  119
  123  126  133  139  145  149  154  154  157  156  159  159  162  163  167  167
  171  171  176  175  180  178  183  179  184  182  188  186  190  189  192  190
  190  187  187  184  184  174  178  165  170                                   
    72.5-180.0 180.0   5.0 450.0                            LAT/LON1/LON2/DLON/H
  173  161  158  157  153  153  156  156  158  157  159  157  157  154  155  153
  155  155  159  159  160  157  155  149  143  132  126  117  113  109  110  111
  115  120  129  137  145  150  155  157  160  160  163  162  167  169  174  175
  180  182  185  185  189  188  191  189  191  191  194  193  196  196  197  195
  194  193  191  188  189  181  183  173  173                                   
    70.0-180.0 180.0   5.0 450.0                            LAT/LON1/LON2/DLON/H
  172  163  159  155  152  151  152  154  154  153  153  150  148  144  142  140
  140  140  143  145  147  146  144  139  132  122  116  109  104  101  101  104
  109  115  124  134  143  148  153  154  156  156  160  162  168  172  178  182
  187  189  192  193  196  195  197  195  197  195  198  197  200  197  201  196
  197  193  194  191  193  184  188  176  172                                   
    67.5-180.0 180.0   5.0 450.0                            LAT/LON1/LON2/DLON/H
  177  166  162  162  155  153  153  155  155  154  152  149  144  138  135  130
  131  129  133  134  137  136  136  131  126  117  111  103  100   96   98   99
  105  111  120  130  139  144  149  151  153  153  157  159  168  173  181  187
  193  196  200  201  204  202  204  201  203  201  204  202  203  200  201  197
  196  193  192  191  193  188  189  181  177                                   
    65.0-180.0 180.0   5.0 450.0                            LAT/LON1/LON2/DLON/H
  175  170  167  163  157  153  152  153  154  152  152  148  142  134  128  122
  119  117  119  121  123  124  123  121  116  111  104  100   96   94   93   96
  100  107  115  125  132  138  141  143  146  146  151  156  165  173  182  190
  197  201  204  204  206  205  206  204  206  204  206  204  203  200  200  195
  195  191  191  189  193  186  193  184  175                                   
    62.5-180.0 180.0   5.0 450.0                            LAT/LON1/LON2/DLON/H
  182  172  169  167  159  154  151  152  153  153  152  150  144  135  128  119
  115  110  111  110  114  114  115  113  111  106  104   99   97   93   93   93
   96  100  108  116  124  130  135  137  139  141  147  153  165  174  187  195
  204  207  210  209  211  209  211  209  212  210  211  209  206  202  199  193
  192  188  187  187  192  189  192  188  182                                   
    60.0-180.0 180.0   5.0 450.0                            LAT/LON1/LON2/DLON/H
  179  176  172  167  160  150  148  146  148  147  149  147  144  134  127  118
  111  105  103  103  104  105  105  105  103  101   99   98   96   94   92   92
   93   96  101  109  117  122  127  131  135  137  144  152  165  177  190  199
  210  214  218  217  219  218  219  219  220  219  219  216  213  206  201  195
  192  188  188  188  194  189  197  194  179                                   
    57.5-180.0 180.0   5.0 450.0                            LAT/LON1/LON2/DLON/H
  189  183  176  174  163  154  148  148  146  147  147  147  144  138  130  120
  113  104  101   98   98   96   98   97   98   96   99   98   99   96   94   92
   91   92   96  103  110  117  124  130  135  139  148  157  173  186  200  211
  222  227  230  231  233  234  235  235  235  235  233  230  224  217  210  201
  197  192  192  193  199  199  202  201  189                                   
    55.0-180.0 180.0   5.0 450.0                            LAT/LON1/LON2/DLON/H
  200  199  193  184  173  160  155  149  147  143  145  143  144  137  133  122
  116  107  102   97   96   93   93   92   93   94   97   99  101   99   97   94
   92   92   95  102  111  119  126  134  142  147  157  166  183  195  210  220
  232  237  242  243  247  249  251  250  250  248  246  241  236  229  222  212
  207  202  202  203  210  208  215  215  200                                   
    52.5-180.0 180.0   5.0 450.0                            LAT/LON1/LON2/DLON/H
  219  215  211  207  193  180  170  164  157  155  149  151  146  145  138  131
  122  115  109  103  100   97   96   93   97   96  103  104  108  105  103   99
   97   96   98  106  114  124  133  143  153  160  171  182  199  211  225  235
  246  252  257  259  264  267  269  271  269  267  263  258  252  247  238  230
  224  220  218  220  226  228  233  233  219                                   
    50.0-180.0 180.0   5.0 450.0                            LAT/LON1/LON2/DLON/H
  241  239  240  231  225  208  196  181  173  164  158  153  151  146  143  134
  130  121  117  110  108  103  102   99  102  102  108  110  115  113  111  107
  105  105  107  113  123  132  144  151  164  170  186  195  213  222  237  244
  257  262  270  272  279  282  285  285  283  281  276  272  267  263  259  252
  247  244  244  243  249  245  256  257  241                                   
    47.5-180.0 180.0   5.0 450.0                            LAT/LON1/LON2/DLON/H
  266  261  265  264  252  244  224  215  197  188  176  171  161  159  150  146
  138  133  127  123  120  117  116  113  115  115  120  121  125  123  122  117
  116  115  117  124  131  143  152  162  174  185  203  215  231  241  254  262
  274  280  287  290  296  301  303  303  300  298  292  288  282  281  277  276
  272  272  270  271  274  275  280  280  266                                   
    45.0-180.0 180.0   5.0 450.0                            LAT/LON1/LON2/DLON/H
  289  280  289  283  280  269  256  240  227  210  195  184  176  167  159  151
  147  140  140  135  135  131  131  127  128  127  133  134  138  137  134  131
  129  129  131  135  143  150  162  169  187  198  221  231  251  257  272  278
  293  298  308  310  319  322  324  324  319  316  308  303  297  296  295  296
  295  297  295  295  295  291  301  299  289                                   
    42.5-180.0 180.0   5.0 450.0                            LAT/LON1/LON2/DLON/H
  306  294  296  296  289  288  272  269  249  241  217  210  192  184  170  164
  157  156  154  155  154  153  151  148  149  147  150  151  154  152  151  147
  147  145  146  149  153  159  168  178  198  216  237  253  269  280  293  302
  319  325  336  340  350  355  359  356  349  341  332  324  317  314  314  315
  316  318  316  314  312  311  312  316  306                                   
    40.0-180.0 180.0   5.0 450.0                            LAT/LON1/LON2/DLON/H
  325  308  304  297  294  294  284  282  271  261  244  231  216  201  186  175
  170  166  168  168  170  169  169  165  165  163  163  164  166  166  164  164
  160  160  158  160  161  165  175  188  211  233  260  277  297  307  323  331
  349  353  368  372  387  394  399  397  386  376  361  349  339  335  333  335
  338  341  338  336  330  327  329  334  325                                   
    37.5-180.0 180.0   5.0 450.0                            LAT/LON1/LON2/DLON/H
  345  321  305  300  288  295  283  292  280  281  259  253  233  221  201  191
  183  182  180  184  185  188  187  185  183  181  179  179  179  181  179  180
  177  174  171  169  169  171  181  194  222  247  278  296  316  328  344  355
  372  381  398  406  423  429  437  433  427  414  398  381  368  361  356  358
  360  366  365  361  358  356  349  357  345                                   
    35.0-180.0 180.0   5.0 450.0                            LAT/LON1/LON2/DLON/H
  378  352  321  303  294  295  289  293  289  288  273  263  251  236  215  201
  194  191  191  192  196  198  199  198  197  195  194  194  195  197  196  197
  191  187  178  175  170  174  181  200  231  261  294  315  335  347  365  376
  396  410  429  442  459  467  479  478  477  464  450  431  413  399  391  391
  394  401  405  404  401  398  390  394  378                                   
    32.5-180.0 180.0   5.0 450.0                            LAT/LON1/LON2/DLON/H
  427  396  357  329  306  305  295  303  297  299  283  281  263  251  229  217
  206  204  201  205  208  214  215  218  216  217  213  215  211  215  210  210
  204  196  188  180  173  172  183  204  238  269  306  324  348  356  374  386
  409  427  450  467  485  500  513  520  520  514  500  482  460  447  435  435
  438  448  452  456  456  459  445  447  427                                   
    30.0-180.0 180.0   5.0 450.0                            LAT/LON1/LON2/DLON/H
  493  458  413  371  345  335  323  324  315  311  298  289  275  261  239  225
  212  209  209  211  217  221  228  230  236  235  235  234  230  233  227  226
  215  208  195  188  175  178  186  213  245  279  311  331  351  363  378  395
  417  443  469  494  515  541  555  568  570  568  556  541  516  501  487  485
  489  501  512  521  526  529  532  525  493                                   
    27.5-180.0 180.0   5.0 450.0                            LAT/LON1/LON2/DLON/H
  564  524  484  436  408  390  371  363  346  333  314  308  292  278  251  239
  224  224  220  226  229  238  243  254  255  260  252  254  242  246  237  232
  219  210  200  192  180  181  192  215  245  274  307  325  346  355  371  387
  413  444  475  509  532  563  583  603  614  618  611  596  575  556  544  543
  546  558  569  580  594  603  615  607  564                                   
    25.0-180.0 180.0   5.0 450.0                            LAT/LON1/LON2/DLON/H
  639  600  568  516  489  459  430  405  379  354  326  316  301  285  257  245
  229  228  224  227  232  240  253  267  273  276  271  269  257  255  241  235
  221  214  202  199  185  191  195  217  239  266  293  314  334  344  360  379
  409  450  485  523  551  584  607  638  653  667  661  653  632  619  605  603
  605  614  625  642  657  675  687  699  639                                   
    22.5-180.0 180.0   5.0 450.0                            LAT/LON1/LON2/DLON/H
  707  687  646  603  582  550  519  479  436  394  351  336  314  301  270  260
  242  243  234  240  241  256  267  287  287  292  278  275  259  254  239  233
  218  210  201  198  190  194  198  210  227  248  273  294  318  330  348  369
  398  442  482  525  556  592  618  656  678  695  695  694  681  667  657  652
  654  661  675  687  705  731  749  766  707                                   
    20.0-180.0 180.0   5.0 450.0                            LAT/LON1/LON2/DLON/H
  762  763  726  697  680  646  610  558  506  451  394  365  335  313  290  277
  259  256  246  249  250  266  279  297  297  298  283  274  255  246  232  224
  210  203  194  193  186  190  190  196  207  227  253  274  301  316  338  364
  400  443  489  532  564  598  628  668  697  718  719  725  718  715  709  710
  706  718  730  744  758  781  800  820  762                                   
    17.5-180.0 180.0   5.0 450.0                            LAT/LON1/LON2/DLON/H
  798  816  802  782  774  743  706  641  589  516  456  410  370  345  311  304
  280  281  266  270  268  283  294  308  306  299  283  265  246  233  224  213
  200  191  185  183  178  180  176  176  183  204  232  259  285  307  332  362
  403  445  492  534  567  601  631  667  698  718  729  737  738  738  738  741
  742  755  766  781  794  817  819  836  798                                   
    15.0-180.0 180.0   5.0 450.0                            LAT/LON1/LON2/DLON/H
  809  839  841  834  837  804  773  700  643  566  507  456  413  374  338  320
  308  302  292  290  286  297  303  310  305  292  270  247  230  219  209  201
  190  186  177  178  170  168  161  161  165  188  217  247  277  302  333  368
  409  452  500  535  574  598  634  667  701  721  737  750  756  766  766  779
  776  790  800  811  826  835  831  839  809                                   
    12.5-180.0 180.0   5.0 450.0                            LAT/LON1/LON2/DLON/H
  802  841  849  858  865  844  804  737  669  595  543  497  455  415  374  356
  338  338  324  321  311  313  314  311  301  279  256  229  220  208  199  192
  181  178  172  167  160  153  145  141  147  172  205  238  266  293  328  366
  411  457  505  542  576  602  633  669  702  718  738  751  763  770  780  786
  791  805  820  830  840  847  831  823  802                                   
    10.0-180.0 180.0   5.0 450.0                            LAT/LON1/LON2/DLON/H
  785  824  827  841  845  826  790  727  669  603  566  520  489  444  413  387
  375  368  357  348  334  327  321  306  286  252  226  207  192  191  182  182
  174  173  167  157  148  136  131  133  141  167  200  236  261  292  324  366
  410  456  504  540  575  594  633  666  700  718  741  755  772  783  790  800
  803  818  831  841  847  844  831  804  785                                   
     7.5-180.0 180.0   5.0 450.0                            LAT/LON1/LON2/DLON/H
  769  802  799  799  789  772  731  691  635  593  556  529  502  471  442  425
  412  408  396  383  363  345  329  301  269  229  207  186  177  178  177  179
