data/unet/pred1530.15i
     1.0            IONOSPHERE MAPS     GNSS                IONEX VERSION / TYPE
pyspatialgeodesy        IME             05-JAN-18 20:20     PGM / RUN BY / DATE 
Map Name                                                    COMMENT             
Predicted global ionosphere maps (GIM).                     DESCRIPTION         
  2015     6     2     0     0     0                        EPOCH OF FIRST MAP  
  2015     6     3     0     0     0                        EPOCH OF LAST MAP   
  7200                                                      INTERVAL            
    13                                                      # OF MAPS IN FILE   
  NONE                                                      MAPPING FUNCTION    
10.0                                                        ELEVATION CUTOFF    
One-way carrier phase leveled to code                       OBSERVABLES USED    
  6371.0                                                    BASE RADIUS         
 2                                                          MAP DIMENSION       
   450.0 450.0   0.0                                        HGT1 / HGT2 / DHGT  
    87.5 -87.5  -2.5                                        LAT1 / LAT2 / DLAT  
  -180.0 180.0   5.0                                        LON1 / LON2 / DLON  
    -1                                                      EXPONENT            
                                                            END OF HEADER       
[from data line 3432]
     9                                                      START OF TEC MAP    
  2015     6     2    16     0     0                        EPOCH OF CURRENT MAP
    87.5-180.0 180.0   5.0 450.0                            LAT/LON1/LON2/DLON/H
  168  175  171  172  171  170  170  170  170  170  170  170  171  170  171  170
  171  171  171  171  171  171  170  169  169  168  167  166  165  164  163  162
  161  160  160  159  159  158  158  158  158  157  158  158  159  159  160  160
  161  162  163  163  164  165  166  166  167  167  167  167  168  167  168  167
  168  168  169  168  167  168  174  183  168                                   
    85.0-180.0 180.0   5.0 450.0                            LAT/LON1/LON2/DLON/H
  150  161  165  167  169  168  170  168  171  169  171  170  173  172  173  172
  174  173  174  173  175  173  173  171  171  168  167  164  163  160  159  156
  155  153  153  151  152  150  150  149  150  149  151  151  154  154  156  156
  159  159  162  161  164  163  166  164  167  166  167  165  167  165  166  164
  166  164  166  164  164  160  164  157  150                                   
    82.5-180.0 180.0   5.0 450.0                            LAT/LON1/LON2/DLON/H
  154  159  159  159  159  160  162  163  166  166  168  169  171  171  172  172
  173  173  173  172  174  172  172  169  168  165  163  160  159  156  153  151
  149  147  145  144  142  143  141  142  141  142  143  144  145  147  148  149
  151  152  154  154  157  157  158  157  159  158  160  158  159  158  157  156
  155  155  155  155  155  151  160  143  154                                   
    80.0-180.0 180.0   5.0 450.0                            LAT/LON1/LON2/DLON/H
  145  148  150  153  155  159  160  163  164  167  167  171  171  174  174  176
  176  177  177  178  177  177  175  175  171  171  166  165  161  160  155  154
  150  149  145  145  141  142  138  140  138  141  141  145  145  150  149  154
  154  158  157  160  160  162  161  162  161  162  160  161  159  158  156  155
  153  153  151  150  148  148  148  140  145                                   
    77.5-180.0 180.0   5.0 450.0                            LAT/LON1/LON2/DLON/H
  138  140  142  144  148  152  156  157  160  162  164  167  169  171  173  175
  175  176  176  177  176  176  174  173  171  168  166  163  161  157  155  152
  149  147  145  143  141  139  138  138  137  139  140  143  145  148  150  153
  154  156  157  159  159  161  160  161  159  160  157  157  154  154  151  151
  148  147  146  143  140  136  136  131  138                                   
    75.0-180.0 180.0   5.0 450.0                            LAT/LON1/LON2/DLON/H
  133  134  139  142  149  152  157  159  163  165  168  170  173  174  177  176
  178  177  179  177  179  177  178  175  175  173  171  169  167  165  163  160
  158  156  154  151  149  146  146  143  144  144  147  148  151  153  157  158
  161  162  164  164  165  164  165  163  163  160  161  157  157  154  154  150
  150  146  147  141  139  136  136  130  133                                   
    72.5-180.0 180.0   5.0 450.0                            LAT/LON1/LON2/DLON/H
  131  134  139  142  149  154  159  162  165  167  170  171  172  173  173  174
  173  174  172  173  171  172  171  172  171  170  169  168  168  165  164  163
  161  159  157  156  153  151  150  149  148  150  151  154  156  160  161  165
  164  168  166  168  164  166  162  163  159  159  156  155  152  152  149  149
  145  145  142  140  135  132  133  129  131                                   
    70.0-180.0 180.0   5.0 450.0                            LAT/LON1/LON2/DLON/H
  131  135  140  146  154  157  164  165  169  170  174  174  177  175  177  174
  175  171  172  170  171  169  170  168  169  168  168  169  169  169  169  169
  169  168  167  164  162  159  158  156  156  156  158  160  163  165  168  168
  170  170  171  169  169  166  165  162  160  158  157  154  154  152  152  150
  149  147  146  141  139  136  137  132  131                                   
    67.5-180.0 180.0   5.0 450.0                            LAT/LON1/LON2/DLON/H
  133  141  146  150  155  161  164  169  170  173  175  176  177  175  174  171
  169  166  164  164  162  162  161  162  162  163  164  164  167  166  169  169
  169  169  169  168  164  163  161  161  160  163  163  166  165  170  168  172
  169  172  168  169  164  164  160  159  154  154  151  151  150  151  149  150
  148  148  145  143  138  135  138  134  133                                   
    65.0-180.0 180.0   5.0 450.0                            LAT/LON1/LON2/DLON/H
  136  146  151  155  162  164  170  170  175  174  179  179  183  179  179  174
  173  167  166  162  162  159  160  159  161  159  161  162  164  167  169  173
  174  175  175  174  172  170  169  168  169  169  171  172  174  175  176  175
  175  174  173  170  168  166  162  160  156  154  152  151  151  151  151  151
  151  150  149  146  144  141  143  139  136                                   
    62.5-180.0 180.0   5.0 450.0                            LAT/LON1/LON2/DLON/H
  138  150  153  160  162  167  168  172  172  175  177  179  180  179  178  173
  169  163  159  155  154  153  153  154  154  155  155  157  160  163  168  170
  173  173  175  174  171  171  169  171  171  174  175  178  176  178  175  176
  172  174  171  171  166  166  161  160  155  154  150  151  149  150  149  150
  148  150  148  147  143  141  146  138  138                                   
    60.0-180.0 180.0   5.0 450.0                            LAT/LON1/LON2/DLON/H
  139  152  157  162  169  170  175  174  177  177  181  182  185  183  184  177
  174  165  161  155  155  150  154  152  154  153  156  156  160  163  168  171
  173  176  177  178  177  177  177  179  180  183  185  186  185  185  182  180
  178  177  175  173  171  169  166  163  160  157  153  151  150  148  148  147
  147  147  148  146  146  143  147  140  139                                   
    57.5-180.0 180.0   5.0 450.0                            LAT/LON1/LON2/DLON/H
  141  155  157  165  166  171  171  174  173  177  178  183  185  186  185  180
  174  164  159  153  151  148  149  150  151  152  153  156  158  162  166  169
  172  173  176  176  176  177  178  182  184  189  189  191  188  186  181  179
  175  176  174  174  171  171  165  165  160  158  153  152  148  147  143  143
  142  143  142  142  141  139  146  138  141                                   
    55.0-180.0 180.0   5.0 450.0                            LAT/LON1/LON2/DLON/H
  138  152  158  163  170  172  175  174  177  178  183  185  190  190  192  186
  181  171  164  156  155  150  153  151  155  155  158  159  163  166  170  173
  175  178  180  182  183  185  188  192  195  199  200  200  197  194  189  185
  181  180  178  178  175  174  170  167  163  159  155  150  147  142  141  137
  138  138  139  136  137  137  143  138  138                                   
    52.5-180.0 180.0   5.0 450.0                            LAT/LON1/LON2/DLON/H
  137  152  156  166  170  174  176  177  177  180  182  189  192  197  197  194
  187  176  169  160  158  153  155  154  157  158  160  164  166  170  171  175
  176  180  183  184  186  190  194  199  204  208  209  208  204  199  192  187
  183  182  179  179  176  175  169  169  164  162  155  152  145  141  136  134
  132  133  131  130  131  131  139  134  137                                   
    50.0-180.0 180.0   5.0 450.0                            LAT/LON1/LON2/DLON/H
  135  148  157  164  174  177  182  182  183  185  190  193  198  201  203  201
  194  185  177  168  165  160  161  159  164  164  169  170  174  176  179  182
  185  189  193  197  200  205  210  215  218  221  220  218  214  208  201  197
  192  189  186  183  180  177  173  170  168  164  160  154  149  141  137  132
  132  129  131  127  128  128  137  134  135                                   
    47.5-180.0 180.0   5.0 450.0                            LAT/LON1/LON2/DLON/H
  137  150  157  168  175  182  186  189  189  192  195  201  204  210  210  212
  205  196  187  177  173  167  167  164  167  168  172  174  178  180  183  187
  190  196  201  206  210  215  221  225  229  231  231  229  223  217  208  203
  196  194  188  186  179  177  171  172  169  168  164  161  152  146  138  134
  130  130  127  126  124  125  132  131  137                                   
    45.0-180.0 180.0   5.0 450.0                            LAT/LON1/LON2/DLON/H
  137  148  159  168  181  186  196  197  202  203  208  210  215  216  219  219
  214  207  198  190  185  178  176  172  174  174  178  180  185  187  193  198
  204  213  219  227  230  236  239  244  245  246  244  241  236  228  221  213
  206  200  195  188  183  178  175  174  174  173  171  166  160  153  147  141
  139  135  135  130  129  128  135  134  137                                   
    42.5-180.0 180.0   5.0 450.0                            LAT/LON1/LON2/DLON/H
  135  147  156  167  176  188  196  205  210  214  219  223  225  228  229  231
  227  222  214  207  201  193  188  180  180  178  182  184  190  194  203  210
  219  228  238  244  250  253  257  258  260  259  257  254  249  242  231  224
  212  208  197  193  183  181  175  177  177  178  176  174  167  162  154  150
  143  143  138  135  130  128  135  134  135                                   
    40.0-180.0 180.0   5.0 450.0                            LAT/LON1/LON2/DLON/H
  136  144  153  160  175  186  201  209  221  226  233  236  239  241  242  243
  239  236  229  225  216  210  201  194  189  186  190  192  201  207  218  228
  239  252  262  272  276  281  281  282  280  279  273  269  262  253  244  234
  224  214  205  196  189  183  180  181  184  184  183  181  177  172  168  163
  160  155  153  145  140  136  139  140  136                                   
    37.5-180.0 180.0   5.0 450.0                            LAT/LON1/LON2/DLON/H
  135  140  144  150  161  177  191  208  222  233  241  247  250  254  255  257
  254  252  247  242  235  228  218  209  203  198  200  205  215  224  238  250
  266  280  295  302  309  308  308  304  302  297  293  287  280  270  259  249
  236  227  214  208  196  193  186  189  189  191  188  188  185  182  177  175
  168  167  158  153  143  139  140  141  135                                   
    35.0-180.0 180.0   5.0 450.0                            LAT/LON1/LON2/DLON/H
  134  133  134  136  149  164  185  203  224  239  250  259  263  271  269  273
  269  271  264  262  252  247  234  227  218  217  218  227  237  251  267  284
  302  317  331  339  344  341  336  331  326  321  314  309  300  291  277  264
  249  236  225  214  206  200  196  195  197  197  197  196  194  193  191  187
  182  178  171  162  152  146  145  148  134                                   
    32.5-180.0 180.0   5.0 450.0                            LAT/LON1/LON2/DLON/H
  132  127  121  119  128  147  169  194  217  238  251  263  270  278  280  284
  282  284  280  277  271  265  255  246  239  236  240  250  265  283  300  318
  337  352  367  372  376  368  363  353  348  340  334  327  322  311  297  283
  267  253  236  227  216  211  204  204  203  202  200  202  199  200  197  193
  187  184  176  168  154  150  146  149  132                                   
    30.0-180.0 180.0   5.0 450.0                            LAT/LON1/LON2/DLON/H
  131  119  109  104  114  129  153  179  206  231  248  265  273  287  288  295
  291  296  290  292  284  284  272  269  261  265  270  288  301  319  335  352
  368  383  394  398  398  390  382  373  367  358  352  345  339  328  314  297
  281  264  248  235  224  216  210  208  205  203  202  201  203  203  203  198
  194  188  180  171  161  155  150  152  131                                   
    27.5-180.0 180.0   5.0 450.0                            LAT/LON1/LON2/DLON/H
  133  118  105  104  105  120  141  169  199  226  244  263  274  286  291  296
  297  300  300  299  298  297  292  287  287  291  302  321  337  353  370  381
  396  405  413  411  412  400  396  386  382  374  367  361  351  342  325  309
  288  271  250  238  224  217  211  208  202  198  195  196  196  199  198  195
  189  186  178  173  161  158  151  150  133                                   
    25.0-180.0 180.0   5.0 450.0                            LAT/LON1/LON2/DLON/H
  134  118  112  108  109  120  137  163  190  219  239  260  272  287  292  301
  299  310  307  312  307  313  308  311  311  323  334  355  372  390  401  411
  418  426  426  426  420  414  407  402  397  389  382  371  362  349  333  313
  292  271  253  240  227  219  210  205  197  190  188  187  189  190  192  189
  188  182  180  172  167  158  156  152  134                                   
    22.5-180.0 180.0   5.0 450.0                            LAT/LON1/LON2/DLON/H
  142  127  122  117  118  129  140  165  187  217  236  260  272  284  292  299
  302  311  314  319  320  322  323  328  334  349  365  388  404  417  423  427
  430  432  429  425  422  416  409  407  403  395  384  374  362  349  331  312
  290  271  250  238  226  215  207  200  191  181  177  175  179  179  181  179
  178  177  173  171  163  159  155  148  142                                   
    20.0-180.0 180.0   5.0 450.0                            LAT/LON1/LON2/DLON/H
  142  130  129  126  132  140  152  169  185  213  230  254  266  281  287  298
  302  314  318  329  330  335  336  345  356  376  394  417  428  440  437  439
  435  434  425  425  420  415  410  408  405  397  386  374  361  346  329  311
  292  271  252  238  221  211  202  194  184  174  170  168  169  170  171  169
  171  171  172  167  164  154  153  146  142                                   
    17.5-180.0 180.0   5.0 450.0                            LAT/LON1/LON2/DLON/H
  145  134  131  131  137  148  157  174  187  213  226  252  263  279  285  298
  304  315  323  335  340  346  350  361  376  397  415  434  443  448  445  441
  435  431  423  423  418  414  408  409  404  397  384  372  357  344  327  310
  287  268  247  231  215  202  192  185  178  169  165  162  163  161  163  162
  164  165  165  162  155  148  146  137  145                                   
    15.0-180.0 180.0   5.0 450.0                            LAT/LON1/LON2/DLON/H
  140  130  131  130  144  151  165  177  192  211  222  244  258  276  286  300
  306  320  327  344  349  361  369  382  398  417  431  448  450  455  447  443
  435  429  424  424  421  416  412  411  405  399  386  373  358  344  327  309
  288  265  244  225  206  192  183  176  171  166  162  159  158  154  155  153
  157  157  159  156  150  138  141  131  140                                   
    12.5-180.0 180.0   5.0 450.0                            LAT/LON1/LON2/DLON/H
  131  121  120  124  134  149  158  179  190  210  220  244  258  278  288  304
  312  328  338  353  361  372  381  397  413  430  440  451  452  453  446  441
  434  432  428  430  424  420  413  409  404  396  383  370  356  340  324  304
  282  260  238  216  197  184  173  170  167  164  160  156  153  150  148  149
  151  152  151  146  138  129  127  112  131                                   
    10.0-180.0 180.0   5.0 450.0                            LAT/LON1/LON2/DLON/H
  115  107  108  108  124  133  153  168  189  205  220  240  257  275  290  306
  318  334  345  362  370  384  395  411  423  438  442  452  450  452  444  440
  435  435  434  435  430  423  414  410  403  395  383  370  356  341  323  303
  280  258  234  212  191  177  168  165  165  160  158  152  148  141  143  140
  145  143  143  136  130  118  115  101  115                                   
     7.5-180.0 180.0   5.0 450.0                            LAT/LON1/LON2/DLON/H
   97   95   88   92   99  118  133  162  179  203  217  244  257  279  291  311
  321  340  351  367  375  389  401  417  431  441  445  448  449  447  442  438
