data/unet/pred2500.15i
     1.0            IONOSPHERE MAPS     GNSS                IONEX VERSION / TYPE
pyspatialgeodesy        IME             05-JAN-18 20:20     PGM / RUN BY / DATE 
Map Name                                                    COMMENT             
Predicted global ionosphere maps (GIM).                     DESCRIPTION         
  2015     9     7     0     0     0                        EPOCH OF FIRST MAP  
  2015     9     8     0     0     0                        EPOCH OF LAST MAP   
  7200                                                      INTERVAL            
    13                                                      # OF MAPS IN FILE   
  NONE                                                      MAPPING FUNCTION    
10.0                                                        ELEVATION CUTOFF    
One-way carrier phase leveled to code                       OBSERVABLES USED    
  6371.0                                                    BASE RADIUS         
 2                                                          MAP DIMENSION       
   450.0 450.0   0.0                                        HGT1 / HGT2 / DHGT  
    87.5 -87.5  -2.5                                        LAT1 / LAT2 / DLAT  
  -180.0 180.0   5.0                                        LON1 / LON2 / DLON  
    -1                                                      EXPONENT            
                                                            END OF HEADER       
[from data line 3861]
    10                                                      START OF TEC MAP    
  2015     9     7    18     0     0                        EPOCH OF CURRENT MAP
    87.5-180.0 180.0   5.0 450.0                            LAT/LON1/LON2/DLON/H
  160  127  125  126  127  123  126  123  127  123  128  124  129  125  130  127
  131  128  132  129  132  129  132  128  131  127  130  125  128  123  126  120
  124  118  122  117  121  115  119  115  119  115  119  115  119  116  120  116
  120  118  121  119  122  120  122  121  123  121  123  122  124  123  124  123
  125  123  125  124  127  124  134  144  160                                   
    85.0-180.0 180.0   5.0 450.0                            LAT/LON1/LON2/DLON/H
  114  108  111  117  117  118  116  119  118  120  119  122  121  124  123  126
  125  127  126  127  126  127  125  126  123  123  121  120  118  117  114  113
  111  110  108  108  106  106  105  105  104  105  104  105  105  107  106  108
  107  110  109  111  110  113  111  114  113  115  113  115  114  115  114  115
  114  115  114  115  116  111  119  133  114                                   
    82.5-180.0 180.0   5.0 450.0                            LAT/LON1/LON2/DLON/H
  104   97  107  107  110  110  112  114  115  117  119  121  122  124  125  127
  128  130  130  131  130  131  129  129  126  125  122  121  117  116  112  111
  107  106  103  103   99  100   97   98   96   97   96   98   97   99   99  101
  101  103  103  105  105  107  107  108  107  108  107  108  107  107  106  106
  105  105  105  105  106   99  102  107  104                                   
    80.0-180.0 180.0   5.0 450.0                            LAT/LON1/LON2/DLON/H
   91   89   93   97   98  100  101  104  105  109  110  114  115  119  120  123
  124  126  127  129  129  129  129  128  127  124  122  120  116  114  109  108
  102  102   96   96   91   92   88   89   86   89   87   89   88   92   91   95
   95   99   98  101  100  103  102  104  101  103  101  101   99  100   98   98
   97   96   95   95   95   88   93   95   91                                   
    77.5-180.0 180.0   5.0 450.0                            LAT/LON1/LON2/DLON/H
   78   76   84   84   87   89   92   95   98  100  104  106  110  112  116  118
  122  123  126  127  129  128  130  129  127  125  123  120  116  111  108  103
   99   96   93   90   87   84   83   81   80   79   80   80   82   83   86   87
   90   91   94   95   96   96   97   96   96   94   94   93   92   90   90   88
   88   86   87   85   85   78   80   82   78                                   
    75.0-180.0 180.0   5.0 450.0                            LAT/LON1/LON2/DLON/H
   74   71   76   80   81   86   87   91   92   96   99  103  106  110  114  118
  120  124  127  129  131  132  134  133  132  130  127  124  118  115  109  106
  100   98   93   91   86   86   81   81   77   79   76   78   77   81   81   85
   85   89   89   92   91   93   91   91   89   89   87   86   84   85   82   83
   81   82   80   81   80   74   77   80   74                                   
    72.5-180.0 180.0   5.0 450.0                            LAT/LON1/LON2/DLON/H
   70   67   75   75   80   81   86   87   91   92   97  100  105  107  113  116
  121  123  127  130  132  134  135  135  133  132  129  126  121  117  112  108
  103  100   97   93   90   87   85   80   79   76   77   74   76   76   79   80
   83   84   87   86   87   86   86   82   82   79   79   76   76   75   76   74
   76   74   77   75   77   71   75   74   70                                   
    70.0-180.0 180.0   5.0 450.0                            LAT/LON1/LON2/DLON/H
   72   69   75   78   82   85   88   91   92   95   98  101  105  109  114  119
  122  126  129  132  134  136  138  138  137  135  132  129  123  119  113  111
  105  104  100   98   94   92   87   86   80   79   75   75   73   76   76   79
   79   82   82   82   80   79   77   74   71   70   68   68   67   69   68   70
   69   71   72   73   74   69   74   77   72                                   
    67.5-180.0 180.0   5.0 450.0                            LAT/LON1/LON2/DLON/H
   71   67   76   78   85   86   92   92   96   96  102  103  108  110  118  119
  125  126  132  133  137  137  140  139  138  135  133  128  124  118  116  111
  108  106  104  101   98   95   93   88   84   80   77   74   73   73   75   75
   77   77   78   76   74   70   68   64   61   58   58   58   58   60   62   63
   65   65   69   69   72   67   72   73   71                                   
    65.0-180.0 180.0   5.0 450.0                            LAT/LON1/LON2/DLON/H
   70   69   74   80   85   90   94   97   99  101  104  107  112  116  121  126
  128  132  134  139  139  141  141  142  139  137  132  129  123  120  115  113
  109  109  105  105  101  101   96   93   87   84   78   76   72   73   72   74
   73   74   72   70   67   64   59   56   52   52   50   51   50   54   54   58
   58   62   62   65   67   62   69   76   70                                   
    62.5-180.0 180.0   5.0 450.0                            LAT/LON1/LON2/DLON/H
   66   63   73   78   86   89   97   97  102  102  109  110  117  119  127  129
  134  135  140  140  143  142  145  142  141  135  133  127  125  120  119  116
  113  112  110  109  107  105  102   98   93   88   83   78   76   74   73   73
   72   71   69   65   61   56   52   48   46   43   44   44   45   48   49   52
   53   54   56   58   61   58   63   67   66                                   
    60.0-180.0 180.0   5.0 450.0                            LAT/LON1/LON2/DLON/H
   62   61   67   75   82   89   95   99  102  105  109  114  119  125  130  135
  137  140  141  144  144  146  145  144  141  137  132  128  125  123  121  120
  117  116  113  113  110  110  107  105   99   96   89   86   80   79   76   75
   72   70   66   62   57   53   48   46   43   44   42   45   43   47   45   50
   47   52   49   54   54   51   58   63   62                                   
    57.5-180.0 180.0   5.0 450.0                            LAT/LON1/LON2/DLON/H
   59   57   66   74   83   87   96   98  104  105  111  115  122  126  134  137
  140  141  143  144  145  145  147  143  141  135  133  129  129  126  129  127
  126  123  122  120  118  118  117  115  110  105  100   95   90   86   84   80
   76   71   66   60   55   49   47   44   44   43   44   45   45   46   45   47
   45   47   47   49   50   48   52   54   59                                   
    55.0-180.0 180.0   5.0 450.0                            LAT/LON1/LON2/DLON/H
   59   59   64   74   82   89   96  100  105  108  113  117  124  130  136  141
  143  143  144  144  145  145  145  143  140  136  134  131  132  132  135  136
  134  133  129  128  126  127  126  125  121  118  112  107  102   99   93   89
   82   77   69   63   55   52   48   48   48   50   49   51   49   51   47   50
   45   49   46   50   48   46   52   55   59                                   
    52.5-180.0 180.0   5.0 450.0                            LAT/LON1/LON2/DLON/H
   62   61   70   80   89   94  102  104  110  111  117  119  127  131  138  140
  142  142  142  142  142  143  143  141  139  136  135  135  138  141  145  146
  146  143  141  139  137  138  138  137  134  130  126  121  117  112  107  101
   94   85   76   68   61   56   55   55   57   58   60   59   58   56   54   54
   51   52   51   53   53   51   55   56   62                                   
    50.0-180.0 180.0   5.0 450.0                            LAT/LON1/LON2/DLON/H
   71   72   77   89   97  103  110  113  117  119  123  125  132  137  143  146
  146  145  145  143  143  142  143  141  140  137  138  139  144  147  153  154
  154  152  150  149  148  149  149  150  146  144  139  136  131  128  121  115
  106   98   86   78   69   66   63   66   67   71   71   72   68   68   64   65
   60   62   59   62   60   56   64   69   71                                   
    47.5-180.0 180.0   5.0 450.0                            LAT/LON1/LON2/DLON/H
   81   82   91  102  110  116  123  125  128  127  132  133  138  142  147  149
  149  147  146  145  143  143  143  142  141  141  142  146  150  156  161  163
  163  161  160  158  159  160  163  161  159  155  152  148  144  140  135  128
  119  109   99   89   82   76   76   77   81   83   85   83   82   78   77   75
   73   72   70   72   70   67   74   79   81                                   
    45.0-180.0 180.0   5.0 450.0                            LAT/LON1/LON2/DLON/H
   94   99  105  117  125  132  138  140  142  142  144  144  149  153  157  159
  157  156  152  151  148  147  148  145  147  145  148  150  156  160  165  167
  166  166  165  167  168  172  173  173  168  166  161  158  153  151  145  140
  130  122  111  103   94   90   88   90   93   97   97   96   93   91   90   89
   86   86   84   84   82   78   86   97   94                                   
    42.5-180.0 180.0   5.0 450.0                            LAT/LON1/LON2/DLON/H
  103  107  118  130  140  146  152  154  157  155  158  158  162  163  167  167
  166  161  160  158  156  153  154  152  153  153  155  159  161  166  168  170
  169  168  171  174  179  183  185  183  178  173  168  164  160  156  153  146
  141  132  124  115  108  103  102  102  106  107  107  105  104  100  100   97
   97   94   92   92   89   87   92  103  103                                   
    40.0-180.0 180.0   5.0 450.0                            LAT/LON1/LON2/DLON/H
  107  117  125  140  151  159  164  168  170  170  172  173  175  179  181  182
  178  174  170  169  165  163  164  161  163  161  164  166  169  170  171  172
  171  173  178  184  192  196  197  192  187  180  174  170  164  162  157  153
  147  141  133  127  120  117  113  115  116  118  116  115  113  111  109  107
  105  103  100   96   93   90   97  109  107                                   
    37.5-180.0 180.0   5.0 450.0                            LAT/LON1/LON2/DLON/H
  108  114  129  143  156  163  172  174  179  179  183  184  189  190  194  190
  189  184  183  180  176  174  174  172  171  172  173  177  176  179  179  179
  180  184  193  202  210  215  213  207  197  190  182  177  171  167  163  157
  152  145  141  134  130  126  124  123  124  124  122  121  119  116  115  111
  108  103   98   94   90   87   93  104  108                                   
    35.0-180.0 180.0   5.0 450.0                            LAT/LON1/LON2/DLON/H
  100  113  125  143  157  165  173  178  184  187  191  197  200  205  206  206
  200  197  193  190  186  185  184  182  183  184  186  190  190  193  193  196
  198  206  216  226  236  236  233  223  212  201  193  186  179  174  168  161
  156  150  145  140  135  132  128  128  127  127  125  123  121  120  118  115
  110  105   97   92   86   83   89   99  100                                   
    32.5-180.0 180.0   5.0 450.0                            LAT/LON1/LON2/DLON/H
   92  102  122  138  153  161  172  177  185  188  196  201  208  211  216  213
  211  206  205  203  199  198  196  194  194  197  201  208  210  218  221  227
  232  242  254  265  270  269  257  244  229  215  205  195  187  179  171  164
  157  152  146  142  136  132  129  127  126  126  123  124  122  122  120  115
  108  100   92   86   81   77   79   90   92                                   
    30.0-180.0 180.0   5.0 450.0                            LAT/LON1/LON2/DLON/H
   91  104  120  137  151  159  169  174  185  189  199  208  214  221  222  224
  217  217  213  214  208  209  204  205  203  212  219  232  243  253  262  270
  278  288  299  305  307  298  284  263  247  232  221  210  200  189  178  167
  159  152  147  141  136  130  126  123  122  121  120  120  121  121  120  115
  108   99   91   86   78   76   77   85   91                                   
    27.5-180.0 180.0   5.0 450.0                            LAT/LON1/LON2/DLON/H
   91  104  122  137  151  158  167  175  184  192  201  210  218  224  230  230
  230  228  229  227  226  221  219  217  219  229  244  263  279  294  305  313
  322  332  341  342  338  324  305  284  264  249  237  223  211  196  182  168
  159  150  144  138  131  125  123  119  119  117  118  120  120  122  120  117
  108  100   90   85   76   71   74   82   91                                   
    25.0-180.0 180.0   5.0 450.0                            LAT/LON1/LON2/DLON/H
   98  112  125  142  151  162  167  178  187  196  208  217  227  235  240  245
  243  248  247  250  244  241  232  233  234  250  269  293  316  335  349  359
  369  375  378  370  362  341  322  296  281  262  253  235  223  204  190  172
  161  150  144  135  130  122  119  115  116  114  115  116  119  120  121  118
  112  104   95   90   84   82   82   87   98                                   
    22.5-180.0 180.0   5.0 450.0                            LAT/LON1/LON2/DLON/H
  102  115  129  142  153  162  170  182  192  203  212  222  233  243  252  259
  263  270  273  275  272  265  257  256  260  277  300  329  353  374  390  399
  409  409  406  392  374  352  327  307  290  273  259  242  226  207  191  173
  161  150  143  134  127  121  117  114  114  112  114  117  121  123  124  123
  116  111  101   97   90   84   87   95  102                                   
    20.0-180.0 180.0   5.0 450.0                            LAT/LON1/LON2/DLON/H
  113  128  137  153  161  169  175  187  196  210  220  231  242  254  265  277
  285  299  300  308  300  296  288  284  291  305  333  359  388  407  422  431
  436  432  423  404  380  354  330  312  297  282  268  251  234  214  196  178
  165  153  146  135  128  119  116  111  110  109  111  114  121  122  125  126
  123  117  110  105  100   96   99  104  113                                   
    17.5-180.0 180.0   5.0 450.0                            LAT/LON1/LON2/DLON/H
  114  127  142  152  162  170  178  193  205  222  232  243  255  266  280  292
  308  321  331  338  334  332  321  323  326  345  367  396  421  436  447  448
  448  437  424  401  374  349  326  311  296  282  266  247  231  211  197  180
  169  157  148  138  130  123  118  113  111  108  111  113  120  123  125  127
  124  122  114  109  103   97  102  110  114                                   
    15.0-180.0 180.0   5.0 450.0                            LAT/LON1/LON2/DLON/H
  118  132  144  162  168  178  188  205  216  236  246  261  271  287  300  315
  330  348  355  366  362  362  354  352  359  374  399  423  443  452  454  451
  443  431  414  393  369  347  325  313  298  285  265  248  230  216  202  189
  177  165  156  145  138  129  124  117  113  109  109  109  114  117  121  122
  124  121  115  109  104   98  103  110  118                                   
    12.5-180.0 180.0   5.0 450.0                            LAT/LON1/LON2/DLON/H
  109  124  144  158  172  181  195  212  228  247  260  277  290  305  319  333
  353  366  380  387  388  387  384  386  391  409  429  448  457  457  454  443
  431  415  397  378  359  340  324  312  297  281  261  243  228  216  206  195
  184  173  161  152  145  138  131  124  118  112  108  107  110  111  114  116
  117  117  111  104   98   92   97  105  109                                   
    10.0-180.0 180.0   5.0 450.0                            LAT/LON1/LON2/DLON/H
  102  122  138  160  171  186  199  220  235  257  270  287  299  317  330  347
  364  382  392  404  401  404  402  408  420  435  451  462  463  459  447  434
  419  404  388  374  360  347  331  319  301  285  262  245  231  221  212  203
  192  179  169  159  154  147  140  132  123  114  107  103  104  104  107  108
  111  110  107   99   90   82   88   91  102                                   
     7.5-180.0 180.0   5.0 450.0                            LAT/LON1/LON2/DLON/H
   92  114  135  152  173  188  206  225  243  263  279  297  312  331  344  359
  376  390  404  411  413  415  420  430  443  457  465  468  464  452  440  424
