data/unet/pred3400.15i
     1.0            IONOSPHERE MAPS     GNSS                IONEX VERSION / TYPE
pyspatialgeodesy        IME             05-JAN-18 20:20     PGM / RUN BY / DATE 
Map Name                                                    COMMENT             
Predicted global ionosphere maps (GIM).                     DESCRIPTION         
  2015    12     6     0     0     0                        EPOCH OF FIRST MAP  
  2015    12     7     0     0     0                        EPOCH OF LAST MAP   
  7200                                                      INTERVAL            
    13                                                      # OF MAPS IN FILE   
  NONE                                                      MAPPING FUNCTION    
10.0                                                        ELEVATION CUTOFF    
One-way carrier phase leveled to code                       OBSERVABLES USED    
  6371.0                                                    BASE RADIUS         
 2                                                          MAP DIMENSION       
   450.0 450.0   0.0                                        HGT1 / HGT2 / DHGT  
    87.5 -87.5  -2.5                                        LAT1 / LAT2 / DLAT  
  -180.0 180.0   5.0                                        LON1 / LON2 / DLON  
    -1                                                      EXPONENT            
                                                            END OF HEADER       
[from data line 4290]
    11                                                      START OF TEC MAP    
  2015    12     6    20     0     0                        EPOCH OF CURRENT MAP
    87.5-180.0 180.0   5.0 450.0                            LAT/LON1/LON2/DLON/H
  113   82   61   66   64   66   66   68   67   69   69   71   70   71   70   71
   70   70   68   69   67   67   65   64   63   62   61   60   59   58   58   57
   57   56   56   55   55   54   54   53   53   53   53   53   53   53   53   53
   53   53   53   53   53   54   54   55   54   55   54   55   55   56   56   57
   56   58   58   59   61   61   57   99  113                                   
    85.0-180.0 180.0   5.0 450.0                            LAT/LON1/LON2/DLON/H
   56   55   55   59   60   61   62   63   65   66   68   68   70   70   71   70
   69   68   67   66   64   62   60   58   56   55   53   51   50   48   47   46
   45   44   44   43   43   42   42   41   42   41   42   42   43   43   44   44
   45   46   47   48   48   50   49   51   49   51   49   51   49   52   50   52
   50   52   51   51   53   53   50   67   56                                   
    82.5-180.0 180.0   5.0 450.0                            LAT/LON1/LON2/DLON/H
   50   51   50   52   54   56   58   61   64   66   69   70   72   73   74   73
   72   71   69   67   64   62   58   56   52   51   46   46   42   41   38   38
   35   36   33   34   32   33   31   32   30   32   31   32   32   34   33   35
   34   37   36   40   38   42   41   44   42   45   43   46   43   46   43   45
   42   45   42   44   43   42   40   45   50                                   
    80.0-180.0 180.0   5.0 450.0                            LAT/LON1/LON2/DLON/H
   50   43   43   44   47   49   54   57   63   65   71   72   76   76   79   76
   77   72   72   66   64   58   55   50   47   43   40   38   35   34   32   31
   31   30   30   28   29   27   27   25   26   24   26   24   26   25   28   28
   30   31   33   34   36   37   39   39   41   41   42   41   42   41   41   40
   40   38   38   35   36   34   29   38   50                                   
    77.5-180.0 180.0   5.0 450.0                            LAT/LON1/LON2/DLON/H
   42   38   33   37   39   42   47   52   58   62   68   72   76   77   80   78
   77   73   70   64   59   53   48   42   39   34   33   29   28   26   26   25
   25   25   26   25   24   24   23   23   21   21   21   21   22   23   24   25
   28   29   31   33   34   35   37   38   38   39   38   39   38   38   36   36
   33   33   31   30   27   26   21   26   42                                   
    75.0-180.0 180.0   5.0 450.0                            LAT/LON1/LON2/DLON/H
   41   33   31   34   36   41   45   51   57   64   71   76   81   83   86   83
   82   77   72   65   59   52   46   40   35   32   29   27   25   25   25   26
   26   28   29   29   28   29   27   27   25   26   25   25   26   27   29   30
   33   34   36   37   39   39   41   40   41   40   41   39   40   38   38   35
   34   32   32   28   28   26   23   32   41                                   
    72.5-180.0 180.0   5.0 450.0                            LAT/LON1/LON2/DLON/H
   42   37   32   36   36   40   43   50   56   64   72   79   84   89   90   89
   85   81   73   67   59   53   45   40   33   31   27   26   24   25   26   28
   28   31   31   33   31   33   29   30   26   28   25   28   27   30   31   34
   35   38   38   40   40   42   41   42   41   42   40   41   38   40   36   37
   33   33   30   30   26   26   24   30   42                                   
    70.0-180.0 180.0   5.0 450.0                            LAT/LON1/LON2/DLON/H
   48   39   37   39   40   42   47   52   60   67   77   83   91   92   96   92
   91   83   78   69   63   55   48   41   37   33   29   27   26   26   27   28
   30   32   34   34   34   33   31   30   28   28   27   28   30   32   35   37
   39   40   42   41   43   42   42   40   41   39   40   38   39   37   38   34
   35   31   33   28   30   29   31   39   48                                   
    67.5-180.0 180.0   5.0 450.0                            LAT/LON1/LON2/DLON/H
   54   48   44   45   46   47   50   56   64   72   82   89   97  100  102  100
   97   91   84   77   70   63   56   49   43   39   34   31   29   29   29   30
   30   33   32   35   31   32   28   28   25   26   25   27   29   32   35   37
   39   39   40   40   39   39   38   37   36   37   36   36   36   36   35   34
   32   32   31   31   30   31   33   39   54                                   
    65.0-180.0 180.0   5.0 450.0                            LAT/LON1/LON2/DLON/H
   59   52   52   52   54   53   58   62   71   79   90   97  106  107  110  107
  104   98   93   86   82   74   67   59   53   47   41   36   33   30   29   28
   29   29   30   29   28   27   25   24   23   24   25   27   29   32   35   37
   38   38   38   36   36   34   34   32   33   31   33   31   34   32   34   31
   33   29   31   28   33   31   39   47   59                                   
    62.5-180.0 180.0   5.0 450.0                            LAT/LON1/LON2/DLON/H
   62   61   59   62   63   62   66   69   78   86   98  105  114  118  120  118
  115  109  105   98   94   86   79   70   62   54   47   41   36   33   30   29
   27   28   25   26   23   23   20   20   18   19   21   23   26   29   32   32
   33   32   31   29   28   27   27   26   27   27   27   28   29   30   31   30
   29   28   27   27   29   30   38   45   62                                   
    60.0-180.0 180.0   5.0 450.0                            LAT/LON1/LON2/DLON/H
   63   62   65   69   72   72   76   79   88   96  108  117  126  128  131  129
  127  122  118  112  107   99   91   80   71   60   53   45   39   35   32   28
   27   24   23   21   20   18   18   17   18   19   22   25   28   30   31   31
   30   28   27   25   24   23   23   22   24   24   26   26   28   28   30   27
   29   25   27   23   27   27   38   47   63                                   
    57.5-180.0 180.0   5.0 450.0                            LAT/LON1/LON2/DLON/H
   63   69   72   80   83   84   88   91   99  107  119  128  136  141  143  144
  143  138  135  127  121  111  101   89   78   66   57   50   44   39   36   33
   30   26   24   22   20   18   18   18   20   20   25   27   31   31   32   29
   27   24   23   21   21   20   22   23   25   26   26   27   28   29   29   28
   28   26   25   24   25   27   36   43   63                                   
    55.0-180.0 180.0   5.0 450.0                            LAT/LON1/LON2/DLON/H
   66   72   81   88   95   99  104  108  116  124  134  142  150  154  158  158
  158  155  151  144  136  126  112   98   85   73   64   56   51   46   44   40
   36   32   29   26   26   24   25   25   28   31   35   38   40   40   38   35
   31   29   26   25   24   25   27   29   31   32   32   32   33   32   33   31
   31   28   29   25   27   28   39   48   66                                   
    52.5-180.0 180.0   5.0 450.0                            LAT/LON1/LON2/DLON/H
   68   80   89  103  110  115  119  124  131  138  146  153  160  166  170  173
  174  172  166  160  148  136  122  105   92   79   72   64   61   56   54   50
   46   41   38   35   35   34   35   35   39   41   46   47   50   48   45   41
   36   34   31   30   31   33   35   37   39   40   39   38   37   36   35   34
   34   32   32   31   32   33   43   51   68                                   
    50.0-180.0 180.0   5.0 450.0                            LAT/LON1/LON2/DLON/H
   77   87  103  115  126  132  140  144  151  156  163  168  174  178  184  187
  188  186  181  172  159  145  131  116  103   90   83   76   74   69   66   62
   57   52   49   47   47   47   49   50   54   56   60   62   63   61   57   53
   48   45   44   43   44   45   48   49   51   50   48   46   44   42   43   40
   42   39   41   39   42   41   53   61   77                                   
    47.5-180.0 180.0   5.0 450.0                            LAT/LON1/LON2/DLON/H
   85   99  115  131  141  149  155  161  166  170  172  175  178  184  189  196
  197  197  188  180  165  153  140  127  116  104   98   90   87   81   77   71
   66   60   58   57   59   60   62   63   66   67   71   72   73   70   67   62
   58   56   55   55   56   57   59   60   60   59   56   53   49   48   46   45
   45   45   47   48   51   52   62   71   85                                   
    45.0-180.0 180.0   5.0 450.0                            LAT/LON1/LON2/DLON/H
   98  112  132  146  158  168  177  184  188  189  189  188  191  193  200  205
  208  205  197  187  174  163  152  142  133  123  115  106   99   91   85   77
   71   66   64   65   68   70   73   74   76   78   82   82   83   80   77   73
   69   68   68   68   69   69   70   70   69   66   62   58   54   52   51   50
   51   50   55   55   62   63   76   86   98                                   
    42.5-180.0 180.0   5.0 450.0                            LAT/LON1/LON2/DLON/H
  108  123  140  157  169  179  188  194  197  196  193  192  192  196  202  209
  212  208  199  190  179  173  164  157  149  140  129  117  107   95   87   76
   72   66   67   68   73   76   80   79   82   82   86   86   88   85   82   78
   76   75   76   75   76   75   75   73   72   69   64   60   56   54   52   50
   50   51   55   59   66   72   84   96  108                                   
    40.0-180.0 180.0   5.0 450.0                            LAT/LON1/LON2/DLON/H
  118  133  152  167  179  192  201  209  212  211  208  204  205  206  214  218
  222  216  209  198  191  184  180  174  167  156  143  127  113   99   87   77
   71   69   69   74   79   83   86   84   87   87   91   91   92   89   85   83
   81   81   80   80   79   77   76   74   72   67   63   59   57   55   54   52
   52   50   56   59   70   77   92  106  118                                   
    37.5-180.0 180.0   5.0 450.0                            LAT/LON1/LON2/DLON/H
  124  137  153  169  181  192  202  209  213  212  208  206  206  211  216  222
  224  219  211  204  198  195  191  187  178  166  151  131  115   97   87   76
   74   71   76   78   86   87   91   88   89   88   91   92   93   89   86   83
   81   80   79   77   76   74   73   71   69   65   61   58   54   54   52   50
   48   46   49   55   67   77   93  108  124                                   
    35.0-180.0 180.0   5.0 450.0                            LAT/LON1/LON2/DLON/H
  128  141  158  172  183  195  204  213  218  219  219  217  219  221  228  231
  232  227  222  215  212  208  203  197  188  173  158  136  118  103   93   88
   86   88   91   95   98  101  100   97   97   95   97   97   97   93   89   85
   81   80   77   74   72   70   69   67   67   63   60   57   55   54   54   50
   48   44   47   51   66   76   97  113  128                                   
    32.5-180.0 180.0   5.0 450.0                            LAT/LON1/LON2/DLON/H
  132  145  156  170  181  188  200  207  214  216  218  220  223  228  233  237
  236  232  228  223  220  214  207  198  187  173  158  139  124  111  107  103
  108  109  115  114  118  114  114  106  105  102  103  101  100   95   91   85
   81   77   74   70   67   66   66   66   66   64   60   59   55   55   53   50
   45   41   43   49   62   75   96  113  132                                   
    30.0-180.0 180.0   5.0 450.0                            LAT/LON1/LON2/DLON/H
  137  151  164  176  183  193  201  210  217  222  227  230  235  240  245  246
  245  241  238  235  230  222  212  199  188  176  166  152  145  137  137  141
  146  151  152  149  145  140  133  126  120  117  116  114  111  105   99   93
   87   82   77   73   69   68   69   69   70   67   65   63   61   59   58   54
   51   44   47   50   65   75  102  118  137                                   
    27.5-180.0 180.0   5.0 450.0                            LAT/LON1/LON2/DLON/H
  147  160  170  181  188  195  203  209  216  221  226  233  240  247  251  253
  250  246  244  239  234  222  209  195  186  179  177  172  174  174  185  191
  200  200  198  186  178  165  156  143  137  129  128  123  120  113  107   99
   92   85   78   74   70   71   72   75   74   72   70   69   66   66   63   60
   55   50   50   54   66   80  104  121  147                                   
    25.0-180.0 180.0   5.0 450.0                            LAT/LON1/LON2/DLON/H
  159  177  189  202  208  215  218  223  227  232  238  244  251  257  260  260
  255  252  248  244  236  222  209  196  192  193  202  207  219  228  243  254
  259  257  248  232  214  195  181  167  156  149  141  138  132  127  120  113
  105   98   91   86   82   83   84   84   82   79   77   75   72   70   68   66
   63   58   60   64   77   87  117  133  159                                   
    22.5-180.0 180.0   5.0 450.0                            LAT/LON1/LON2/DLON/H
  176  195  207  224  229  235  236  236  237  240  245  253  260  266  265  263
  258  253  250  244  235  221  209  202  206  216  235  249  273  290  307  316
  315  308  289  265  239  214  196  180  168  157  150  143  139  132  129  122
  117  110  103   99   94   95   93   93   88   86   82   82   78   76   73   71
   69   68   68   75   85  102  125  145  176                                   
    20.0-180.0 180.0   5.0 450.0                            LAT/LON1/LON2/DLON/H
  191  208  229  248  255  264  264  264  260  261  262  268  274  279  275  270
  262  257  251  246  237  225  218  219  232  252  280  304  332  347  359  361
  353  337  314  287  255  225  204  187  174  164  155  151  144  142  139  136
  130  125  118  113  108  105  104  101   96   90   85   83   81   77   74   72
   72   74   79   86   99  112  139  161  191                                   
    17.5-180.0 180.0   5.0 450.0                            LAT/LON1/LON2/DLON/H
  203  225  245  269  278  289  290  288  285  281  279  283  289  291  286  277
  267  259  254  247  242  234  236  247  270  299  332  357  379  389  392  386
  368  345  316  285  250  220  201  185  173  162  153  147  143  140  141  138
  137  133  128  122  116  112  107  105   98   93   87   85   81   79   73   72
   73   78   85   95  108  128  147  175  203                                   
    15.0-180.0 180.0   5.0 450.0                            LAT/LON1/LON2/DLON/H
  213  234  262  288  301  316  317  318  312  308  307  310  314  315  307  296
  282  272  263  259  256  257  268  292  323  362  390  406  413  414  407  394
  369  341  306  275  242  215  198  184  172  163  153  147  142  141  142  142
  142  139  135  129  123  116  111  106  100   94   89   85   81   76   72   69
   71   78   89  101  115  136  158  185  213                                   
    12.5-180.0 180.0   5.0 450.0                            LAT/LON1/LON2/DLON/H
  218  247  271  302  317  335  342  345  341  335  332  335  337  336  330  316
  301  288  280  276  280  289  315  349  387  418  434  437  433  422  405  384
  349  315  281  253  226  205  193  181  171  160  151  142  138  135  137  139
  140  140  136  132  125  119  111  108  101   96   89   84   81   76   70   67
   69   77   90  104  120  145  162  190  218                                   
    10.0-180.0 180.0   5.0 450.0                            LAT/LON1/LON2/DLON/H
  222  249  276  307  326  348  358  364  362  359  357  361  365  365  358  346
  331  316  308  306  316  336  372  412  445  467  468  461  442  422  397  366
  326  291  260  239  221  206  197  186  177  164  155  143  139  134  137  138
  141  139  138  132  127  118  113  107  103   95   90   83   80   74   70   64
   69   76   92  105  123  147  168  192  222                                   
     7.5-180.0 180.0   5.0 450.0                            LAT/LON1/LON2/DLON/H
  220  254  278  310  333  357  370  380  382  382  383  388  393  394  390  377
  365  352  344  344  360  388  427  464  487  496  485  463  436  408  377  341
