data/unet/pred2510.15i
     1.0            IONOSPHERE MAPS     GNSS                IONEX VERSION / TYPE
pyspatialgeodesy        IME             05-JAN-18 20:20     PGM / RUN BY / DATE 
Map Name                                                    COMMENT             
Predicted global ionosphere maps (GIM).                     DESCRIPTION         
  2015     9     8     0     0     0                        EPOCH OF FIRST MAP  
  2015     9     9     0     0     0                        EPOCH OF LAST MAP   
  7200                                                      INTERVAL            
    13                                                      # OF MAPS IN FILE   
  NONE                                                      MAPPING FUNCTION    
10.0                                                        ELEVATION CUTOFF    
One-way carrier phase leveled to code                       OBSERVABLES USED    
  6371.0                                                    BASE RADIUS         
 2                                                          MAP DIMENSION       
   450.0 450.0   0.0                                        HGT1 / HGT2 / DHGT  
    87.5 -87.5  -2.5                                        LAT1 / LAT2 / DLAT  
  -180.0 180.0   5.0                                        LON1 / LON2 / DLON  
    -1                                                      EXPONENT            
                                                            END OF HEADER       
[from data line 3432]
     9                                                      START OF TEC MAP    
  2015     9     8    16     0     0                        EPOCH OF CURRENT MAP
    87.5-180.0 180.0   5.0 450.0                            LAT/LON1/LON2/DLON/H
  116  126  126  128  127  126  127  127  128  128  129  128  129  128  129  128
  129  128  128  128  127  127  127  126  126  125  125  124  123  122  121  121
  120  120  119  119  119  118  118  118  118  117  117  117  116  116  116  116
  116  116  116  116  117  117  117  117  118  118  118  118  118  118  118  119
  118  120  120  121  121  121  123  138  116                                   
    85.0-180.0 180.0   5.0 450.0                            LAT/LON1/LON2/DLON/H
   93  111  109  113  113  113  115  114  116  116  118  118  119  119  119  119
  120  118  119  118  119  118  118  117  117  116  114  113  111  109  108  106
  105  104  103  102  102  101  101  100  100  100  100  100  100  100  100  100
  101  101  101  102  102  103  103  104  104  104  104  105  104  105  103  104
  103  105  105  106  106  103  105  108   93                                   
    82.5-180.0 180.0   5.0 450.0                            LAT/LON1/LON2/DLON/H
   93   95   99   98  101  101  104  105  108  109  113  112  115  114  116  115
  117  115  116  114  116  115  115  114  112  111  109  107  105  103  101   99
   97   96   94   94   91   92   90   91   89   91   89   91   90   92   91   93
   92   95   94   96   95   97   96   98   95   97   95   96   93   94   92   92
   91   91   90   90   90   84   96   88   93                                   
    80.0-180.0 180.0   5.0 450.0                            LAT/LON1/LON2/DLON/H
   79   84   83   86   87   92   93   97   99  103  104  107  108  111  110  112
  111  112  110  113  111  113  111  113  110  111  107  108  103  103   99  100
   95   96   91   93   88   91   86   89   84   88   83   87   84   88   85   89
   87   91   89   92   90   93   91   93   90   91   89   90   88   87   86   85
   84   83   81   79   77   76   80   79   79                                   
    77.5-180.0 180.0   5.0 450.0                            LAT/LON1/LON2/DLON/H
   68   74   75   76   79   82   87   89   93   95   99  101  102  104  105  107
  108  108  110  110  111  111  110  110  108  107  106  104  101   99   97   94
   93   90   90   88   87   85   84   82   81   80   80   80   80   80   81   83
   84   85   87   88   89   88   89   88   87   86   86   84   83   82   81   79
   79   77   77   73   72   65   67   68   68                                   
    75.0-180.0 180.0   5.0 450.0                            LAT/LON1/LON2/DLON/H
   60   64   66   66   71   74   79   79   85   86   93   92   96   97  101  100
  104  104  107  107  110  110  111  110  110  108  108  105  104  101  100   96
   95   94   93   91   89   89   86   85   81   81   78   79   76   79   77   80
   79   83   83   85   83   85   83   83   80   81   79   79   77   77   77   75
   75   73   73   67   67   63   66   65   60                                   
    72.5-180.0 180.0   5.0 450.0                            LAT/LON1/LON2/DLON/H
   58   62   62   61   65   69   72   75   79   82   85   86   88   91   93   96
   99  102  105  108  110  112  114  114  113  113  111  109  106  104  103  100
   99   99   98   96   95   94   90   88   83   82   78   77   74   75   75   77
   78   81   82   83   82   82   81   79   76   76   75   74   73   74   73   73
   71   72   69   67   65   59   59   62   58                                   
    70.0-180.0 180.0   5.0 450.0                            LAT/LON1/LON2/DLON/H
   56   58   58   58   62   65   70   69   75   76   81   80   83   84   87   89
   93   97  102  106  111  114  117  117  117  115  114  110  110  105  106  100
  102   99  101   97   98   94   93   87   84   80   78   74   73   73   74   75
   77   79   80   80   79   78   75   73   70   69   67   67   67   68   68   69
   68   68   67   64   63   60   62   61   56                                   
    67.5-180.0 180.0   5.0 450.0                            LAT/LON1/LON2/DLON/H
   56   58   57   56   60   65   68   71   75   77   80   79   80   81   83   86
   91   96  101  108  113  119  121  123  121  121  117  115  111  108  107  104
  103  103  103  103  100  100   95   92   86   83   78   76   73   73   73   74
   75   78   78   78   75   74   70   67   64   62   62   61   62   64   65   67
   66   68   66   64   64   59   57   59   56                                   
    65.0-180.0 180.0   5.0 450.0                            LAT/LON1/LON2/DLON/H
   55   56   55   56   59   64   69   70   76   76   79   77   80   80   85   87
   93   97  105  112  119  125  129  130  129  127  123  118  115  110  110  106
  107  104  106  103  103   99   98   92   89   83   80   74   74   71   73   72
   75   75   76   73   72   67   65   60   59   56   57   55   58   57   61   60
   62   62   62   60   60   58   60   59   55                                   
    62.5-180.0 180.0   5.0 450.0                            LAT/LON1/LON2/DLON/H
   51   53   53   53   58   63   68   72   76   76   79   79   81   83   85   88
   94   98  107  114  122  128  132  135  132  130  124  121  115  113  112  112
  111  112  110  109  106  106  101  100   94   92   87   84   80   79   77   78
   76   77   74   73   67   65   59   56   52   52   50   52   52   53   54   55
   56   57   58   57   58   53   51   54   51                                   
    60.0-180.0 180.0   5.0 450.0                            LAT/LON1/LON2/DLON/H
   46   49   48   51   54   60   65   68   73   73   78   77   82   83   88   92
   99  103  111  118  126  132  136  138  137  134  129  123  119  115  116  115
  116  115  114  113  112  110  109  106  104   98   97   91   89   84   84   81
   82   79   78   72   69   61   58   52   51   48   49   48   50   49   50   50
   50   51   52   50   51   50   50   50   46                                   
    57.5-180.0 180.0   5.0 450.0                            LAT/LON1/LON2/DLON/H
   44   46   46   45   49   52   59   63   69   71   75   79   82   87   91   96
  103  106  115  119  128  131  137  137  137  134  130  127  123  123  123  126
  125  125  123  122  118  119  116  118  114  113  110  107  103   99   95   93
   89   88   82   78   69   64   57   55   50   52   50   51   49   48   48   47
   47   46   48   46   48   44   42   44   44                                   
    55.0-180.0 180.0   5.0 450.0                            LAT/LON1/LON2/DLON/H
   43   44   45   45   47   49   54   58   65   67   74   77   83   87   95  102
  109  112  120  123  131  134  138  138  138  136  134  131  131  131  133  136
  136  137  133  133  129  130  129  131  130  129  127  123  117  112  106  102
   98   94   89   82   74   67   61   57   55   56   56   54   53   50   48   45
   45   44   46   44   46   47   46   44   43                                   
    52.5-180.0 180.0   5.0 450.0                            LAT/LON1/LON2/DLON/H
   48   47   46   44   45   47   51   54   62   65   73   77   84   91  100  106
  114  115  123  123  132  132  140  138  140  135  136  134  138  138  144  147
  149  149  148  144  142  141  142  144  144  143  140  137  131  125  119  114
  109  103   97   90   81   75   69   67   65   67   66   66   62   58   54   50
   49   46   48   47   48   46   46   43   48                                   
    50.0-180.0 180.0   5.0 450.0                            LAT/LON1/LON2/DLON/H
   54   52   52   50   53   51   57   57   64   67   74   79   88   94  105  113
  122  125  130  131  135  135  139  140  139  138  136  139  142  146  151  157
  157  159  156  155  152  154  154  158  158  159  155  152  145  139  131  125
  119  113  105   99   89   83   77   76   76   79   79   78   74   67   62   56
   56   53   55   54   55   56   57   51   54                                   
    47.5-180.0 180.0   5.0 450.0                            LAT/LON1/LON2/DLON/H
   66   63   60   59   58   58   62   63   70   70   79   84   94  100  113  120
  130  129  136  136  142  139  145  143  147  142  145  144  152  153  160  163
  165  165  166  163  164  163  166  166  167  165  165  160  155  147  140  134
  128  122  115  108   99   93   88   88   88   91   91   91   85   80   73   68
   66   64   65   65   65   62   63   57   66                                   
    45.0-180.0 180.0   5.0 450.0                            LAT/LON1/LON2/DLON/H
   74   71   69   66   70   67   73   72   80   81   90   94  105  110  125  129
  139  140  144  143  148  146  150  148  149  149  149  153  155  160  161  166
  166  168  168  168  169  171  172  175  174  175  172  170  164  159  151  145
  139  133  126  119  110  104   99   98  100  102  103  101   97   90   85   78
   77   75   76   75   75   74   77   69   74                                   
    42.5-180.0 180.0   5.0 450.0                            LAT/LON1/LON2/DLON/H
   80   78   74   75   72   75   78   82   91   92  104  106  120  123  138  143
  152  152  154  155  156  155  158  158  160  158  161  162  167  163  166  166
  169  170  174  174  179  179  182  181  180  178  177  174  171  165  160  154
  148  142  134  129  119  113  108  108  108  111  110  110  104  100   94   91
   88   88   86   86   83   79   82   74   80                                   
    40.0-180.0 180.0   5.0 450.0                            LAT/LON1/LON2/DLON/H
   82   79   79   76   79   81   88   92  104  109  123  125  140  141  156  158
  165  165  164  167  165  167  166  167  167  167  168  171  171  170  167  170
  172  176  181  185  192  193  195  193  192  189  187  185  181  177  170  165
  159  151  144  136  128  121  116  113  116  117  118  116  113  107  104   99
  100   98   98   94   89   87   89   79   82                                   
    37.5-180.0 180.0   5.0 450.0                            LAT/LON1/LON2/DLON/H
   80   79   77   79   78   86   92  105  118  125  140  144  157  158  169  174
  177  177  176  177  178  177  178  178  180  179  182  182  185  178  179  176
  182  187  197  204  213  216  216  215  210  207  203  202  198  192  186  178
  170  162  151  144  133  128  120  120  118  121  119  120  115  114  110  108
  106  105  101   98   88   84   86   76   80                                   
    35.0-180.0 180.0   5.0 450.0                            LAT/LON1/LON2/DLON/H
   77   74   73   73   78   86   96  111  126  138  153  160  172  174  183  187
  188  189  186  189  186  189  184  188  186  187  190  192  193  192  188  192
  198  208  220  229  239  242  242  239  234  230  226  223  219  212  202  193
  182  170  159  148  139  131  124  120  120  120  121  121  120  118  117  114
  115  110  107   98   90   85   85   74   77                                   
    32.5-180.0 180.0   5.0 450.0                            LAT/LON1/LON2/DLON/H
   70   66   66   69   71   84   94  114  132  146  163  171  184  186  192  198
  195  198  196  199  198  198  198  198  199  199  204  207  214  210  214  215
  228  238  256  267  277  279  276  271  262  258  252  249  243  234  221  209
  195  182  165  152  139  133  124  122  119  120  120  122  119  120  118  117
  115  111  103   96   84   79   79   66   70                                   
    30.0-180.0 180.0   5.0 450.0                            LAT/LON1/LON2/DLON/H
   71   64   63   63   70   81   93  113  130  149  165  178  189  197  202  209
  205  209  206  210  208  209  207  208  208  210  217  223  229  234  238  246
  261  273  291  302  308  311  306  300  291  285  277  274  266  256  240  225
  208  191  174  157  144  135  127  123  121  122  124  127  126  127  125  126
  123  118  110   99   90   80   79   66   71                                   
    27.5-180.0 180.0   5.0 450.0                            LAT/LON1/LON2/DLON/H
   72   64   59   62   65   80   89  110  127  145  165  179  192  203  209  214
  213  215  214  215  218  216  217  216  219  223  234  243  255  261  275  283
  305  316  333  340  347  343  340  334  326  318  311  301  292  274  259  240
  221  202  182  166  150  141  131  127  124  125  126  130  130  129  128  127
  125  119  110  102   91   84   79   64   72                                   
    25.0-180.0 180.0   5.0 450.0                            LAT/LON1/LON2/DLON/H
   80   71   66   65   73   81   95  109  124  142  160  178  191  204  212  221
  220  225  222  227  228  229  229  229  230  235  246  260  274  288  304  317
  338  349  365  369  371  368  362  357  349  344  333  325  312  295  274  254
  233  211  193  173  158  149  139  134  131  129  132  135  137  139  136  138
  134  133  125  114  105   95   89   74   80                                   
    22.5-180.0 180.0   5.0 450.0                            LAT/LON1/LON2/DLON/H
   88   78   72   73   75   89   97  112  123  140  157  175  190  207  217  227
  231  233  234  234  238  235  240  236  244  246  264  279  300  315  340  354
  378  390  404  404  403  392  384  378  374  365  357  344  331  309  289  266
  244  220  200  183  166  156  148  142  140  133  134  135  141  138  142  139
  141  138  135  125  115  106   96   79   88                                   
    20.0-180.0 180.0   5.0 450.0                            LAT/LON1/LON2/DLON/H
  100   88   83   82   89   93  107  116  129  141  156  173  189  210  221  236
  240  247  249  253  257  258  260  258  260  265  281  300  322  344  366  385
  405  416  424  419  414  403  393  392  388  385  371  362  343  326  302  280
  255  233  212  195  182  170  163  157  153  145  143  142  145  147  145  150
  145  150  144  139  129  119  109   93  100                                   
    17.5-180.0 180.0   5.0 450.0                            LAT/LON1/LON2/DLON/H
  111   96   88   91   91  103  110  124  131  147  156  177  190  215  227  246
  251  261  261  268  271  271  277  272  277  282  301  320  349  369  394  410
  429  434  437  427  419  407  401  399  400  395  386  372  355  334  312  289
  268  247  226  210  196  188  177  171  166  157  151  150  152  148  151  147
  153  150  150  142  134  124  115   98  111                                   
    15.0-180.0 180.0   5.0 450.0                            LAT/LON1/LON2/DLON/H
  115   99   93   93   98  104  117  128  141  154  167  184  201  226  243  262
  272  282  286  292  295  296  300  297  300  309  324  349  372  396  410  423
  430  434  429  421  412  405  401  404  403  404  393  383  363  344  320  299
  278  262  242  224  212  203  195  186  180  170  162  158  156  155  152  155
  153  157  150  145  134  126  121  103  115                                   
    12.5-180.0 180.0   5.0 450.0                            LAT/LON1/LON2/DLON/H
  116   97   91   93   92  101  112  131  142  162  172  194  211  238  253  275
  284  298  301  310  311  316  314  316  320  333  352  377  403  417  428  430
  436  432  426  415  408  401  402  405  408  404  396  383  364  344  324  305
  287  272  256  239  225  217  208  202  194  185  173  167  161  157  156  152
  154  150  147  137  129  121  114   98  116                                   
    10.0-180.0 180.0   5.0 450.0                            LAT/LON1/LON2/DLON/H
  106   87   85   88   88   92  109  127  148  170  188  209  235  262  283  306
  318  330  332  335  337  337  339  339  349  366  385  411  427  441  443  442
  437  433  420  414  405  406  408  415  415  414  402  389  369  351  332  314
  297  285  269  253  237  228  219  213  206  195  183  174  165  160  155  151
  149  144  138  126  118  113  107   89  106                                   
     7.5-180.0 180.0   5.0 450.0                            LAT/LON1/LON2/DLON/H
   99   81   83   82   80   83   98  119  142  169  190  217  245  274  296  316
  331  346  347  354  350  357  355  367  377  398  419  438  450  454  455  447
