data/unet/pred1330.15i
     1.0            IONOSPHERE MAPS     GNSS                IONEX VERSION / TYPE
pyspatialgeodesy        IME             05-JAN-18 20:20     PGM / RUN BY / DATE 
Map Name                                                    COMMENT             
Predicted global ionosphere maps (GIM).                     DESCRIPTION         
  2015     5    13     0     0     0                        EPOCH OF FIRST MAP  
  2015     5    14     0     0     0                        EPOCH OF LAST MAP   
  7200                                                      INTERVAL            
    13                                                      # OF MAPS IN FILE   
  NONE                                                      MAPPING FUNCTION    
10.0                                                        ELEVATION CUTOFF    
One-way carrier phase leveled to code                       OBSERVABLES USED    
  6371.0                                                    BASE RADIUS         
 2                                                          MAP DIMENSION       
   450.0 450.0   0.0                                        HGT1 / HGT2 / DHGT  
    87.5 -87.5  -2.5                                        LAT1 / LAT2 / DLAT  
  -180.0 180.0   5.0                                        LON1 / LON2 / DLON  
    -1                                                      EXPONENT            
                                                            END OF HEADER       
[from data line 1287]
     4                                                      START OF TEC MAP    
  2015     5    13     6     0     0                        EPOCH OF CURRENT MAP
    87.5-180.0 180.0   5.0 450.0                            LAT/LON1/LON2/DLON/H
  149  174  175  172  172  164  166  161  167  162  167  163  167  166  168  166
  168  166  168  165  166  163  165  161  163  160  163  159  162  159  162  159
  162  159  161  158  161  159  161  159  162  161  163  162  165  165  167  168
  170  172  174  175  179  179  182  182  184  184  185  184  185  184  184  183
  183  183  184  182  185  177  185  159  149                                   
    85.0-180.0 180.0   5.0 450.0                            LAT/LON1/LON2/DLON/H
  162  175  162  166  163  159  158  159  159  160  161  161  164  163  167  165
  168  165  168  164  166  161  164  159  162  155  161  153  158  150  156  148
  154  146  154  146  152  145  153  146  152  147  154  150  156  155  160  159
  164  165  169  170  174  174  178  177  180  179  182  179  181  179  180  176
  177  174  175  174  173  168  172  164  162                                   
    82.5-180.0 180.0   5.0 450.0                            LAT/LON1/LON2/DLON/H
  154  163  153  157  152  153  152  158  158  161  160  166  165  170  168  174
  170  174  168  172  166  169  162  166  160  162  156  160  154  157  151  155
  149  153  148  152  148  152  148  152  149  154  152  157  158  163  164  169
  172  176  178  181  183  186  186  188  188  189  188  188  185  185  180  179
  173  171  166  165  160  165  164  148  154                                   
    80.0-180.0 180.0   5.0 450.0                            LAT/LON1/LON2/DLON/H
  156  159  152  152  148  145  148  149  153  151  156  156  163  161  168  166
  171  167  170  165  167  161  162  156  157  149  153  145  150  140  147  138
  145  137  145  137  144  138  144  139  145  142  150  149  157  157  166  166
  175  175  182  183  189  189  193  193  197  195  197  195  194  192  189  185
  181  177  172  170  165  164  160  146  156                                   
    77.5-180.0 180.0   5.0 450.0                            LAT/LON1/LON2/DLON/H
  158  159  151  151  148  148  148  150  149  151  151  156  157  162  162  168
  168  170  168  169  166  164  160  157  152  149  145  143  141  140  138  138
  138  139  139  142  143  144  147  148  150  152  156  160  165  169  175  180
  187  192  197  201  205  207  209  209  211  209  211  208  208  203  202  195
  194  187  186  178  176  172  166  147  158                                   
    75.0-180.0 180.0   5.0 450.0                            LAT/LON1/LON2/DLON/H
  168  162  152  153  145  145  143  144  142  143  143  147  149  153  156  160
  162  162  163  160  158  153  149  141  137  130  128  123  125  121  125  123
  129  127  136  134  143  140  148  145  152  151  160  161  172  177  188  193
  203  207  214  217  222  224  226  227  227  226  226  225  223  219  216  211
  206  202  197  191  183  183  173  155  168                                   
    72.5-180.0 180.0   5.0 450.0                            LAT/LON1/LON2/DLON/H
  173  171  160  158  153  149  145  143  140  140  138  141  142  147  149  153
  155  156  155  154  149  145  138  130  122  117  112  110  109  112  113  118
  120  125  129  134  138  140  144  145  150  154  161  168  179  189  201  210
  219  225  230  234  236  239  239  241  241  240  240  238  237  233  231  226
  223  218  215  206  201  195  182  164  173                                   
    70.0-180.0 180.0   5.0 450.0                            LAT/LON1/LON2/DLON/H
  178  176  168  165  157  153  148  146  142  140  137  139  140  143  147  150
  154  154  154  151  148  140  133  124  116  109  106  103  105  108  112  117
  123  127  135  138  144  144  149  148  154  156  166  172  187  198  213  221
  232  235  241  241  246  244  247  244  245  242  242  239  237  233  231  228
  226  223  220  214  208  203  189  177  178                                   
    67.5-180.0 180.0   5.0 450.0                            LAT/LON1/LON2/DLON/H
  181  181  169  166  161  155  150  146  142  139  135  136  135  140  141  146
  148  148  148  146  142  136  126  119  110  106  101  101  103  108  113  121
  126  133  138  142  145  147  149  150  154  160  170  180  196  208  223  232
  241  245  248  250  250  250  248  247  245  243  242  238  237  230  230  226
  227  223  222  215  214  207  192  183  181                                   
    65.0-180.0 180.0   5.0 450.0                            LAT/LON1/LON2/DLON/H
  184  182  173  169  160  155  150  146  142  137  135  134  135  138  140  143
  145  145  144  144  138  134  124  117  109  104  100  101  102  109  114  123
  128  136  141  145  147  149  150  151  155  162  173  183  201  213  227  233
  242  243  245  245  246  242  240  235  233  230  227  224  221  218  215  215
  215  215  214  210  210  206  194  188  184                                   
    62.5-180.0 180.0   5.0 450.0                            LAT/LON1/LON2/DLON/H
  186  183  169  164  156  149  145  139  135  131  128  128  129  131  134  137
  139  139  139  137  133  128  120  113  106  101   98   99  102  109  114  123
  127  135  138  144  145  148  148  150  156  162  175  185  203  214  226  234
  241  244  244  245  244  242  237  233  229  225  222  218  216  209  207  205
  207  207  209  206  210  206  193  191  186                                   
    60.0-180.0 180.0   5.0 450.0                            LAT/LON1/LON2/DLON/H
  187  182  171  165  155  148  142  136  131  127  123  124  125  128  130  132
  133  133  132  130  125  121  113  108  101   98   95   97  100  106  111  119
  123  130  132  138  141  144  146  149  156  165  177  187  203  213  223  230
  238  238  240  239  241  237  235  229  226  220  216  211  205  199  193  193
  195  197  202  201  206  205  195  195  187                                   
    57.5-180.0 180.0   5.0 450.0                            LAT/LON1/LON2/DLON/H
  194  187  175  168  158  148  140  131  125  119  115  115  115  117  121  123
  125  124  124  120  117  111  106   99   96   93   93   94   97  103  107  114
  117  123  124  134  135  144  146  153  161  170  183  192  207  216  226  235
  239  243  242  245  246  246  244  241  236  232  226  218  211  201  194  192
  194  197  203  205  213  214  201  203  194                                   
    55.0-180.0 180.0   5.0 450.0                            LAT/LON1/LON2/DLON/H
  209  202  195  183  172  160  150  137  127  117  110  109  107  110  111  113
  113  112  111  107  105  100   97   92   90   88   90   91   95   98  103  106
  111  115  121  127  135  142  150  158  169  179  191  201  215  223  231  238
  244  246  249  251  256  255  256  252  250  243  238  227  219  208  201  198
  200  203  211  213  224  226  218  214  209                                   
    52.5-180.0 180.0   5.0 450.0                            LAT/LON1/LON2/DLON/H
  231  223  222  210  195  179  166  149  135  119  108  102  100  100  101  101
  103  101  101   97   97   91   92   86   88   86   90   91   94   97   99  102
  107  113  119  128  137  148  157  169  180  191  207  215  231  234  244  250
  258  260  262  266  271  272  272  269  267  261  256  245  238  225  217  212
  214  217  224  227  239  244  237  234  231                                   
    50.0-180.0 180.0   5.0 450.0                            LAT/LON1/LON2/DLON/H
  258  251  255  242  231  210  193  173  155  131  114  104   98   97   96   96
   95   94   93   92   92   89   89   85   88   88   92   94   98   98  101  102
  109  116  124  133  146  157  171  181  196  209  228  238  250  252  261  266
  273  276  278  283  287  288  288  284  283  275  272  261  257  244  240  233
  236  236  242  245  256  260  258  252  258                                   
    47.5-180.0 180.0   5.0 450.0                            LAT/LON1/LON2/DLON/H
  283  281  286  277  267  248  229  202  179  153  129  112  103   98   96   93
   94   92   94   92   94   91   93   89   93   93   98  100  104  104  107  109
  117  124  134  142  157  170  186  198  216  231  254  259  274  275  286  288
  296  296  300  302  307  305  303  297  293  286  282  274  270  261  256  252
  253  255  259  262  273  278  275  276  283                                   
    45.0-180.0 180.0   5.0 450.0                            LAT/LON1/LON2/DLON/H
  308  304  310  302  300  279  262  233  206  175  150  128  114  106  101   99
   98   98   99  100  102  100  100   96  100  101  107  110  113  114  115  120
  126  137  145  157  168  184  199  215  238  256  277  285  298  300  308  312
  318  319  320  324  325  323  314  306  300  292  288  280  278  270  270  267
  271  270  275  275  285  287  289  290  308                                   
    42.5-180.0 180.0   5.0 450.0                            LAT/LON1/LON2/DLON/H
  322  319  327  325  323  306  290  259  233  200  172  146  131  119  114  108
  109  107  111  112  116  113  112  109  110  111  117  121  126  127  128  130
  138  147  157  167  181  196  215  235  263  282  305  314  331  332  345  345
  352  348  351  349  351  344  336  323  315  305  298  291  286  283  281  282
  283  285  287  288  293  297  295  304  322                                   
    40.0-180.0 180.0   5.0 450.0                            LAT/LON1/LON2/DLON/H
  328  316  317  320  324  311  298  273  249  217  190  163  147  135  129  123
  123  121  126  128  131  128  126  123  123  124  128  134  139  142  142  147
  150  163  170  183  194  211  230  257  284  306  333  344  362  365  379  379
  386  381  384  381  383  376  366  351  338  323  314  302  298  291  292  291
  296  295  299  297  303  300  299  305  328                                   
    37.5-180.0 180.0   5.0 450.0                            LAT/LON1/LON2/DLON/H
  328  310  306  304  309  299  290  271  250  225  202  178  167  154  150  141
  142  139  144  145  149  145  143  138  137  138  144  149  154  155  156  158
  163  172  180  190  203  221  245  274  303  331  359  377  394  405  418  421
  426  421  423  420  423  416  408  394  379  362  348  333  322  315  311  313
  315  318  319  320  321  319  307  313  328                                   
    35.0-180.0 180.0   5.0 450.0                            LAT/LON1/LON2/DLON/H
  335  302  286  279  278  270  264  250  234  218  202  187  178  170  164  157
  155  152  157  157  162  159  159  154  157  158  165  168  171  170  170  171
  174  179  187  196  210  232  258  294  323  355  383  402  419  429  445  449
  457  456  463  463  470  466  461  449  435  415  397  378  364  348  341  337
  344  345  356  353  358  347  328  327  335                                   
    32.5-180.0 180.0   5.0 450.0                            LAT/LON1/LON2/DLON/H
  357  317  285  257  247  231  226  214  207  196  193  185  188  182  182  174
  175  169  174  173  178  175  177  175  181  182  188  187  188  184  182  179
  181  184  191  200  218  242  272  306  339  371  400  421  438  455  468  483
  494  502  515  524  536  539  537  526  513  488  470  446  427  404  392  384
  388  393  401  406  408  398  371  362  357                                   
    30.0-180.0 180.0   5.0 450.0                            LAT/LON1/LON2/DLON/H
  399  358  304  269  238  219  203  197  188  186  184  188  193  193  192  186
  184  180  183  182  188  189  196  198  207  209  212  207  200  194  188  184
  181  182  190  202  224  250  284  320  348  380  403  423  442  459  479  500
  524  542  571  593  613  618  624  618  610  594  572  544  517  483  464  449
  448  451  459  466  471  457  435  416  399                                   
    27.5-180.0 180.0   5.0 450.0                            LAT/LON1/LON2/DLON/H
  460  421  366  314  273  240  221  201  194  183  187  189  204  203  209  199
  200  193  198  196  204  207  219  223  235  236  237  225  216  202  195  185
  182  182  193  206  231  255  290  320  350  378  400  421  442  469  490  526
  556  589  629  654  680  697  706  707  699  688  666  647  621  592  562  537
  527  524  529  539  545  534  516  489  460                                   
    25.0-180.0 180.0   5.0 450.0                            LAT/LON1/LON2/DLON/H
  538  500  453  407  350  310  268  247  223  211  203  207  217  222  220  215
  209  205  207  205  213  220  237  247  260  263  258  245  226  211  195  185
  178  178  189  208  236  262  295  324  349  370  391  410  434  462  495  536
  581  622  660  699  740  767  786  794  793  782  764  740  712  673  641  614
  602  598  605  617  625  620  610  576  538                                   
    22.5-180.0 180.0   5.0 450.0                            LAT/LON1/LON2/DLON/H
  627  601  565  518  473  428  376  332  291  264  244  238  243  241  242  231
  231  221  226  224  234  242  261  270  285  283  277  252  231  204  193  177
  172  170  185  206  239  265  294  318  344  361  379  399  424  460  501  546
  599  642  686  730  777  813  836  850  855  853  838  824  796  763  723  691
  675  669  679  691  700  692  682  665  627                                   
    20.0-180.0 180.0   5.0 450.0                            LAT/LON1/LON2/DLON/H
  711  697  660  625  583  543  488  442  382  345  302  294  279  276  264  259
  250  246  242  244  248  261  278  292  301  298  283  254  224  198  181  168
  161  161  177  198  232  260  285  306  329  344  369  388  419  457  508  556
  620  654  710  753  801  836  859  876  886  883  876  866  845  818  784  756
  740  732  741  751  762  752  743  745  711                                   
    17.5-180.0 180.0   5.0 450.0                            LAT/LON1/LON2/DLON/H
  769  763  727  705  681  651  605  547  484  436  381  356  329  311  295  281
  277  267  266  263  270  280  296  304  309  297  277  243  217  192  179  162
  154  155  170  189  223  249  277  295  322  343  369  392  424  463  521  575
  633  674  723  764  802  832  852  866  876  878  873  870  856  843  818  800
  785  782  792  800  805  799  785  780  769                                   
    15.0-180.0 180.0   5.0 450.0                            LAT/LON1/LON2/DLON/H
  792  792  756  744  725  709  671  621  548  498  440  414  373  354  322  311
  296  295  286  289  288  300  307  314  308  290  262  230  205  184  168  151
  145  145  158  180  211  237  266  283  319  343  381  407  443  479  541  593
  644  684  730  761  787  809  820  831  833  837  838  844  845  839  830  817
  815  813  824  823  826  818  805  796  792                                   
    12.5-180.0 180.0   5.0 450.0                            LAT/LON1/LON2/DLON/H
  788  798  761  750  735  722  702  651  596  537  485  455  419  393  363  340
  328  312  308  301  302  304  308  303  294  269  243  221  201  181  162  148
  136  136  148  168  201  229  259  287  324  359  396  428  461  502  558  615
  657  700  731  755  764  773  772  779  781  791  799  815  823  830  826  827
  825  831  837  836  827  827  807  785  788                                   
    10.0-180.0 180.0   5.0 450.0                            LAT/LON1/LON2/DLON/H
  768  778  740  733  712  709  679  653  599  556  504  479  444  424  389  374
  347  343  324  321  310  311  302  295  275  250  223  198  178  161  154  137
  127  122  134  157  188  222  252  287  325  370  407  441  476  508  566  615
  665  705  737  749  751  749  742  744  751  764  772  792  803  812  815  816
  822  825  837  827  828  824  808  775  768                                   
     7.5-180.0 180.0   5.0 450.0                            LAT/LON1/LON2/DLON/H
  755  755  715  691  666  655  639  615  584  546  507  487  462  442  419  398
  380  362  345  331  318  307  297  282  258  224  197  174  161  147  140  126
