data/unet/pred1060.15i
     1.0            IONOSPHERE MAPS     GNSS                IONEX VERSION / TYPE
pyspatialgeodesy        IME             05-JAN-18 20:20     PGM / RUN BY / DATE 
Map Name                                                    COMMENT             
Predicted global ionosphere maps (GIM).                     DESCRIPTION         
  2015     4    16     0     0     0                        EPOCH OF FIRST MAP  
  2015     4    17     0     0     0                        EPOCH OF LAST MAP   
  7200                                                      INTERVAL            
    13                                                      # OF MAPS IN FILE   
  NONE                                                      MAPPING FUNCTION    
10.0                                                        ELEVATION CUTOFF    
One-way carrier phase leveled to code                       OBSERVABLES USED    
  6371.0                                                    BASE RADIUS         
 2                                                          MAP DIMENSION       
   450.0 450.0   0.0                                        HGT1 / HGT2 / DHGT  
    87.5 -87.5  -2.5                                        LAT1 / LAT2 / DLAT  
  -180.0 180.0   5.0                                        LON1 / LON2 / DLON  
    -1                                                      EXPONENT            
                                                            END OF HEADER       
[from data line 3861]
    10                                                      START OF TEC MAP    
  2015     4    16    18     0     0                        EPOCH OF CURRENT MAP
    87.5-180.0 180.0   5.0 450.0                            LAT/LON1/LON2/DLON/H
  241  227  232  234  232  232  234  234  236  235  237  236  239  237  239  238
  238  237  236  235  235  233  233  231  229  227  225  222  219  216  213  210
  208  205  204  202  200  198  197  196  194  193  193  192  192  192  192  192
  193  194  196  197  199  201  202  205  206  209  210  213  213  215  215  217
  218  219  221  221  223  226  228  216  241                                   
    85.0-180.0 180.0   5.0 450.0                            LAT/LON1/LON2/DLON/H
  215  217  224  227  226  228  230  232  234  235  238  238  241  240  242  240
  241  239  238  236  236  234  233  231  229  226  224  220  218  213  211  207
  205  201  199  196  194  192  190  188  187  186  186  184  185  184  186  186
  188  189  191  193  195  198  199  202  203  206  207  209  210  211  212  212
  214  214  215  216  217  216  220  212  215                                   
    82.5-180.0 180.0   5.0 450.0                            LAT/LON1/LON2/DLON/H
  202  200  211  212  214  215  218  220  223  226  230  234  236  241  241  245
  243  245  242  243  239  238  234  231  226  223  218  215  210  206  201  197
  193  189  186  182  180  176  175  172  172  170  171  169  171  170  172  172
  176  176  181  182  187  188  192  194  198  199  202  204  206  207  208  208
  209  209  210  208  210  202  200  194  202                                   
    80.0-180.0 180.0   5.0 450.0                            LAT/LON1/LON2/DLON/H
  189  185  189  191  193  194  197  201  205  212  217  224  229  234  238  239
  242  239  241  236  237  230  229  222  219  213  210  204  200  195  190  186
  181  177  172  169  165  163  159  158  155  156  153  155  154  156  157  159
  161  165  167  171  175  179  182  186  188  191  193  195  197  198  198  198
  198  197  197  195  193  187  183  176  189                                   
    77.5-180.0 180.0   5.0 450.0                            LAT/LON1/LON2/DLON/H
  169  169  167  169  167  171  174  179  185  193  202  211  219  227  232  237
  238  239  237  236  232  227  223  216  214  207  205  198  195  188  184  178
  175  169  167  161  159  155  153  149  148  146  147  145  147  147  150  151
  155  156  161  162  168  169  175  176  180  180  184  184  186  185  186  185
  184  183  183  178  177  169  164  164  169                                   
    75.0-180.0 180.0   5.0 450.0                            LAT/LON1/LON2/DLON/H
  162  156  153  154  156  157  160  166  171  183  192  204  212  222  229  234
  236  237  235  231  229  221  218  210  208  203  201  198  193  190  184  181
  176  172  167  163  159  156  152  149  147  145  145  144  145  146  148  149
  151  153  156  158  161  163  166  168  170  171  173  173  173  172  172  171
  170  169  168  165  163  157  153  155  162                                   
    72.5-180.0 180.0   5.0 450.0                            LAT/LON1/LON2/DLON/H
  157  153  147  148  147  152  152  159  164  177  187  199  210  220  229  234
  237  238  235  232  226  218  215  208  206  201  201  198  197  192  189  184
  180  175  171  166  163  158  155  151  149  147  147  146  146  146  148  148
  151  150  153  153  156  155  158  157  159  159  161  159  161  158  158  156
  156  154  155  151  153  146  145  151  157                                   
    70.0-180.0 180.0   5.0 450.0                            LAT/LON1/LON2/DLON/H
  160  153  148  151  153  154  155  159  163  177  186  202  212  225  234  242
  244  246  243  238  232  220  215  207  205  202  203  202  201  198  196  191
  187  181  178  173  169  165  161  157  155  152  151  149  149  147  148  147
  148  147  148  147  147  146  146  146  145  145  145  145  144  143  141  141
  139  140  140  140  142  139  140  149  160                                   
    67.5-180.0 180.0   5.0 450.0                            LAT/LON1/LON2/DLON/H
  160  157  154  157  158  161  159  163  168  178  190  203  216  230  240  248
  251  257  251  247  238  226  219  210  207  203  205  202  205  201  200  195
  191  184  181  174  171  165  162  158  156  152  151  147  147  144  144  141
  142  139  140  137  136  133  133  131  131  130  130  129  129  127  127  125
  125  125  128  128  134  133  137  147  160                                   
    65.0-180.0 180.0   5.0 450.0                            LAT/LON1/LON2/DLON/H
  160  160  160  164  169  170  171  174  176  186  195  210  222  237  247  256
  261  264  262  254  248  234  225  215  211  208  210  208  211  206  206  198
  196  187  184  176  174  168  165  160  158  152  151  144  143  137  135  131
  130  127  126  123  120  118  116  115  115  115  114  114  113  113  111  110
  109  111  113  117  121  123  132  143  160                                   
    62.5-180.0 180.0   5.0 450.0                            LAT/LON1/LON2/DLON/H
  154  158  162  168  173  178  178  182  183  190  199  211  225  238  251  259
  266  272  266  263  253  242  231  222  218  214  216  215  216  212  211  204
  200  192  188  180  176  169  166  160  158  152  149  142  138  130  127  121
  119  115  112  108  105  102  101  101  100  103  101  103  100  101   96   96
   93   96   97  103  108  112  123  133  154                                   
    60.0-180.0 180.0   5.0 450.0                            LAT/LON1/LON2/DLON/H
  140  148  154  163  172  177  182  186  188  196  202  215  227  240  253  262
  268  271  270  265  258  247  239  228  224  221  223  222  224  221  219  213
  208  200  195  187  182  176  172  165  162  154  151  142  136  126  120  113
  107  103   98   94   91   89   88   89   90   93   93   93   91   91   86   84
   80   82   83   89   94   98  111  120  140                                   
    57.5-180.0 180.0   5.0 450.0                            LAT/LON1/LON2/DLON/H
  126  135  144  155  166  176  182  188  192  200  205  215  227  238  253  261
  271  272  271  268  262  254  246  238  233  231  230  231  231  230  228  224
  219  211  207  198  193  184  180  172  168  160  155  146  138  127  119  110
  103   97   91   88   84   82   82   84   87   91   90   92   88   87   79   77
   70   72   72   77   82   87   99  103  126                                   
    55.0-180.0 180.0   5.0 450.0                            LAT/LON1/LON2/DLON/H
  116  127  135  148  161  172  183  190  196  202  208  219  228  241  253  261
  272  273  275  268  267  256  253  245  242  239  239  239  242  241  242  239
  235  229  224  217  210  202  196  188  182  173  168  159  150  138  127  117
  106   99   92   88   84   84   84   88   92   96   97   97   93   90   82   76
   70   69   70   74   78   84   94   93  116                                   
    52.5-180.0 180.0   5.0 450.0                            LAT/LON1/LON2/DLON/H
  117  128  138  151  168  179  191  197  205  211  218  226  237  246  262  269
  285  283  292  277  279  262  260  252  252  251  251  255  254  258  255  258
  251  248  243  237  230  221  214  205  198  190  182  174  164  153  141  129
  117  109  100   97   93   94   96  101  106  111  110  110  105  100   91   84
   74   71   71   74   77   82   93   89  117                                   
    50.0-180.0 180.0   5.0 450.0                            LAT/LON1/LON2/DLON/H
  126  141  149  164  180  196  207  216  225  231  240  246  257  264  279  288
  300  299  300  290  284  273  268  263  264  262  267  268  274  276  277  276
  273  270  265  261  253  243  235  226  218  209  202  194  185  173  162  149
  137  126  119  113  111  110  114  119  126  129  130  126  122  116  107   99
   88   84   82   85   87   94  102  103  126                                   
    47.5-180.0 180.0   5.0 450.0                            LAT/LON1/LON2/DLON/H
  147  161  172  186  202  216  230  239  252  262  270  278  285  291  306  311
  324  319  324  303  303  283  287  277  284  279  284  288  291  297  294  295
  286  286  281  279  270  262  251  241  232  222  215  207  199  189  178  167
  155  146  138  134  131  132  135  142  147  151  149  147  139  132  123  114
  104   99   94   95   97  102  118  120  147                                   
    45.0-180.0 180.0   5.0 450.0                            LAT/LON1/LON2/DLON/H
  172  190  199  214  227  244  258  273  287  300  311  318  325  331  341  346
  349  341  335  319  308  295  294  289  291  290  296  300  308  311  312  307
  303  301  298  296  288  278  266  254  244  234  226  218  211  203  193  183
  173  164  158  153  150  149  153  158  165  167  167  160  156  147  140  130
  121  116  111  113  113  124  135  144  172                                   
    42.5-180.0 180.0   5.0 450.0                            LAT/LON1/LON2/DLON/H
  194  215  228  240  253  264  280  295  315  335  351  364  367  375  378  384
  381  368  361  335  330  307  312  301  311  306  316  317  326  324  324  318
  314  312  311  311  303  294  279  266  251  240  231  223  217  209  202  194
  187  180  174  170  165  165  166  172  175  180  176  175  167  161  153  146
  138  133  128  124  127  132  154  160  194                                   
    40.0-180.0 180.0   5.0 450.0                            LAT/LON1/LON2/DLON/H
  214  238  250  265  273  291  303  325  347  374  390  405  408  413  416  417
  414  400  386  360  347  328  326  317  323  318  327  327  339  336  341  332
  335  333  337  335  331  318  302  282  264  248  239  228  222  216  208  202
  195  188  184  177  174  168  171  173  179  180  180  175  171  167  161  154
  146  140  132  136  133  146  163  171  214                                   
    37.5-180.0 180.0   5.0 450.0                            LAT/LON1/LON2/DLON/H
  214  238  259  272  288  296  316  337  367  397  417  434  438  449  448  455
  450  436  422  394  383  358  357  341  347  337  347  342  353  350  354  350
  352  358  365  366  362  348  326  307  278  262  245  235  225  219  212  206
  201  197  191  188  182  179  177  180  181  184  182  181  177  172  166  158
  152  142  136  131  134  141  171  174  214                                   
    35.0-180.0 180.0   5.0 450.0                            LAT/LON1/LON2/DLON/H
  207  239  256  285  293  314  326  359  386  419  438  453  457  468  473  480
  479  469  455  432  419  398  390  375  373  359  366  361  373  370  377  377
  390  402  416  419  420  401  378  347  315  288  268  253  241  232  225  219
  215  212  208  205  201  196  199  198  203  197  195  187  185  177  173  160
  150  138  128  129  122  134  155  169  207                                   
    32.5-180.0 180.0   5.0 450.0                            LAT/LON1/LON2/DLON/H
  186  218  246  271  294  306  332  360  396  426  448  466  470  483  489  501
  503  499  490  473  465  447  442  420  413  393  393  386  394  395  405  418
  439  462  483  488  489  463  433  393  347  322  291  279  260  254  238  236
  221  224  212  220  212  218  215  216  216  215  210  205  200  197  190  176
  163  147  134  122  117  122  145  162  186                                   
    30.0-180.0 180.0   5.0 450.0                            LAT/LON1/LON2/DLON/H
  176  206  232  270  288  316  332  374  402  439  455  474  480  492  499  514
  522  522  516  506  500  488  479  460  444  426  421  418  424  434  457  485
  518  547  569  570  560  527  473  427  378  354  322  309  283  269  250  243
  231  239  239  244  244  249  252  252  251  247  241  237  229  218  205  187
  171  159  146  133  119  123  129  151  176                                   
    27.5-180.0 180.0   5.0 450.0                            LAT/LON1/LON2/DLON/H
  169  200  223  258  282  310  339  374  413  442  465  481  493  506  514  526
  533  539  536  533  528  520  512  495  487  470  468  461  472  485  516  547
  589  615  637  632  611  571  522  472  419  385  350  333  304  291  267  260
  248  255  258  267  274  286  286  285  286  284  278  275  267  260  254  234
  216  191  168  148  138  136  131  149  169                                   
    25.0-180.0 180.0   5.0 450.0                            LAT/LON1/LON2/DLON/H
  179  193  224  246  281  310  340  385  419  456  472  495  505  521  531  543
  553  558  561  560  556  547  540  525  519  509  510  513  529  547  578  621
  664  686  696  687  654  619  559  520  463  429  393  374  340  325  303  301
  303  302  314  318  342  342  351  340  338  328  308  291  280  268  258  243
  231  212  197  177  160  152  144  154  179                                   
    22.5-180.0 180.0   5.0 450.0                            LAT/LON1/LON2/DLON/H
  196  210  225  257  280  312  346  390  428  461  481  505  522  540  557  569
  575  581  579  579  573  567  559  550  549  547  560  567  594  614  657  690
  720  737  738  712  673  625  572  534  482  448  414  396  369  365  350  358
  358  366  372  393  397  405  406  400  395  375  351  326  305  279  269  258
  248  234  219  202  188  179  167  171  196                                   
    20.0-180.0 180.0   5.0 450.0                            LAT/LON1/LON2/DLON/H
  224  221  239  263  295  322  361  398  437  474  495  523  543  563  581  593
  607  608  611  607  604  591  585  571  578  578  599  613  649  677  707  736
  761  776  763  734  682  625  564  519  473  441  408  391  369  367  372  378
  388  395  412  426  431  444  443  446  434  423  391  362  328  294  272  259
  251  242  234  221  199  192  196  194  224                                   
    17.5-180.0 180.0   5.0 450.0                            LAT/LON1/LON2/DLON/H
  233  240  256  283  303  338  370  411  456  488  516  547  566  590  606  620
  632  639  635  627  622  609  601  589  597  602  630  663  690  714  735  763
  787  788  771  732  676  608  547  491  444  408  376  364  352  362  377  396
  419  425  447  445  457  458  459  450  446  434  414  376  343  303  283  268
  260  254  245  234  213  205  205  201  233                                   
    15.0-180.0 180.0   5.0 450.0                            LAT/LON1/LON2/DLON/H
  241  243  264  296  325  353  382  423  477  512  547  574  594  611  629  640
  662  663  676  663  661  636  634  618  634  645  687  708  730  748  763  787
  791  788  758  719  656  582  519  459  409  365  335  323  330  337  374  395
  437  443  462  459  467  463  462  451  434  430  398  379  326  298  269  259
  250  249  243  235  211  204  203  211  241                                   
    12.5-180.0 180.0   5.0 450.0                            LAT/LON1/LON2/DLON/H
  228  243  265  307  340  369  392  433  480  529  568  597  616  634  647  667
  688  702  706  698  685  664  653  649  663  687  710  736  751  769  777  788
  782  768  735  693  629  559  498  440  379  332  302  299  313  336  379  409
  458  458  479  468  475  459  451  426  413  395  372  343  313  284  268  257
  253  249  242  233  202  196  194  197  228                                   
    10.0-180.0 180.0   5.0 450.0                            LAT/LON1/LON2/DLON/H
  225  245  270  317  354  384  418  461  504  547  581  612  634  655  679  694
  722  734  745  732  728  698  699  690  713  722  756  769  782  788  785  785
  768  753  719  683  631  566  502  439  378  324  301  296  319  342  392  426
  465  472  489  472  468  446  431  404  383  363  331  306  271  258  240  236
  232  230  221  212  183  180  179  189  225                                   
     7.5-180.0 180.0   5.0 450.0                            LAT/LON1/LON2/DLON/H
  205  234  262  319  364  399  433  478  517  554  587  619  643  669  693  712
  740  756  769  761  752  735  728  725  739  759  781  792  797  796  783  772
