data/unet/pred3590.15i
     1.0            IONOSPHERE MAPS     GNSS                IONEX VERSION / TYPE
pyspatialgeodesy        IME             05-JAN-18 20:20     PGM / RUN BY / DATE 
Map Name                                                    COMMENT             
Predicted global ionosphere maps (GIM).                     DESCRIPTION         
  2015    12    25     0     0     0                        EPOCH OF FIRST MAP  
  2015    12    26     0     0     0                        EPOCH OF LAST MAP   
  7200                                                      INTERVAL            
    13                                                      # OF MAPS IN FILE   
  NONE                                                      MAPPING FUNCTION    
10.0                                                        ELEVATION CUTOFF    
One-way carrier phase leveled to code                       OBSERVABLES USED    
  6371.0                                                    BASE RADIUS         
 2                                                          MAP DIMENSION       
   450.0 450.0   0.0                                        HGT1 / HGT2 / DHGT  
    87.5 -87.5  -2.5                                        LAT1 / LAT2 / DLAT  
  -180.0 180.0   5.0                                        LON1 / LON2 / DLON  
    -1                                                      EXPONENT            
                                                            END OF HEADER       
[from data line 4290]
    11                                                      START OF TEC MAP    
  2015    12    25    20     0     0                        EPOCH OF CURRENT MAP
    87.5-180.0 180.0   5.0 450.0                            LAT/LON1/LON2/DLON/H
  104   72   51   56   55   55   56   57   57   58   59   60   61   62   63   64
   65   66   67   68   68   69   69   70   70   70   71   71   71   71   71   71
   71   71   70   70   69   69   68   67   66   66   66   66   65   65   64   64
   63   64   63   63   62   63   62   62   61   62   60   60   59   59   58   57
   56   56   54   53   55   55   48   95  104                                   
    85.0-180.0 180.0   5.0 450.0                            LAT/LON1/LON2/DLON/H
   42   38   37   41   43   42   43   44   46   47   50   50   54   54   57   57
   60   60   62   62   63   64   64   64   64   64   65   64   64   64   64   64
   63   63   62   61   61   60   59   58   58   57   57   57   57   57   57   57
   56   57   57   57   56   58   55   57   54   56   53   53   51   51   48   48
   46   45   43   43   45   42   37   59   42                                   
    82.5-180.0 180.0   5.0 450.0                            LAT/LON1/LON2/DLON/H
   29   29   28   30   30   31   31   34   35   39   40   44   46   49   52   54
   56   58   59   61   61   63   62   64   62   65   63   66   63   66   62   65
   61   64   60   62   59   60   57   58   55   57   54   56   54   56   54   55
   55   56   55   57   56   58   56   57   55   56   53   53   49   50   45   45
   40   40   35   36   33   31   28   34   29                                   
    80.0-180.0 180.0   5.0 450.0                            LAT/LON1/LON2/DLON/H
   28   21   20   20   22   20   24   25   31   32   39   40   47   47   53   52
   57   56   60   59   62   61   64   62   64   63   64   63   64   64   65   64
   64   63   63   61   61   59   58   56   55   53   53   51   52   51   52   52
   54   54   56   56   58   58   60   58   59   57   56   53   51   47   45   40
   38   33   31   26   26   21   17   24   28                                   
    77.5-180.0 180.0   5.0 450.0                            LAT/LON1/LON2/DLON/H
   24   18   15   16   17   16   19   22   26   31   37   41   47   50   55   57
   59   60   63   62   63   62   63   61   62   61   62   61   62   62   64   63
   64   63   64   62   61   60   58   56   53   51   49   48   47   48   49   50
   51   53   55   57   57   59   59   60   58   58   55   54   48   47   42   39
   33   31   26   25   21   18   14   16   24                                   
    75.0-180.0 180.0   5.0 450.0                            LAT/LON1/LON2/DLON/H
   25   17   17   19   19   21   24   27   33   39   46   50   56   59   64   65
   68   68   70   68   69   67   67   64   64   63   63   62   62   63   64   64
   64   65   66   64   63   62   60   57   54   52   50   48   48   47   49   49
   52   53   56   57   60   60   62   60   61   59   58   54   52   48   46   40
   37   33   31   26   26   21   19   25   25                                   
    72.5-180.0 180.0   5.0 450.0                            LAT/LON1/LON2/DLON/H
   31   27   25   26   27   28   31   35   41   48   54   61   66   71   74   77
   77   78   77   77   74   73   70   68   65   64   61   61   59   61   60   61
   60   64   62   65   61   63   58   59   53   54   48   49   46   49   48   51
   51   55   55   59   59   62   60   62   59   59   55   54   50   49   45   43
   39   37   34   32   30   27   25   29   31                                   
    70.0-180.0 180.0   5.0 450.0                            LAT/LON1/LON2/DLON/H
   41   34   33   34   36   37   42   45   52   58   66   72   79   83   88   88
   90   88   89   85   84   80   78   71   68   63   61   56   55   53   53   51
   52   53   55   55   56   55   55   52   51   49   47   46   46   46   47   48
   50   52   54   55   57   57   58   56   56   53   53   49   49   46   46   42
   43   39   40   36   38   33   34   42   41                                   
    67.5-180.0 180.0   5.0 450.0                            LAT/LON1/LON2/DLON/H
   48   45   44   45   47   48   53   57   64   71   80   88   95  101  103  105
  105  103  101   99   94   90   84   77   69   63   56   52   46   44   41   41
   38   41   40   45   42   47   44   47   43   46   42   44   41   44   43   46
   46   50   50   52   52   52   51   50   49   48   47   46   45   45   45   44
   44   43   43   43   42   38   39   46   48                                   
    65.0-180.0 180.0   5.0 450.0                            LAT/LON1/LON2/DLON/H
   53   49   51   52   56   56   64   67   77   84   94  101  109  114  117  118
  119  116  115  111  108  100   93   82   73   64   56   49   41   37   33   30
   28   28   29   30   32   34   35   37   37   39   39   40   40   42   42   43
   45   46   47   46   47   45   45   42   43   41   42   40   43   41   44   42
   44   43   45   42   45   41   45   55   53                                   
    62.5-180.0 180.0   5.0 450.0                            LAT/LON1/LON2/DLON/H
   53   54   55   59   62   65   71   77   86   95  105  114  122  128  132  134
  133  131  129  126  121  114  102   90   78   68   57   50   42   36   31   26
   22   21   19   21   20   25   24   29   29   33   32   36   35   37   37   38
   37   39   38   39   37   37   36   35   34   35   35   36   36   38   38   39
   39   40   40   40   40   38   41   50   53                                   
    60.0-180.0 180.0   5.0 450.0                            LAT/LON1/LON2/DLON/H
   50   52   56   60   67   70   80   85   95  103  113  123  132  138  142  145
  145  143  142  138  134  125  113   99   86   74   63   55   47   41   34   27
   23   18   16   14   15   16   20   23   26   29   32   34   35   36   35   35
   34   34   33   33   32   31   31   29   31   30   32   31   34   34   36   34
   36   34   36   34   36   33   38   49   50                                   
    57.5-180.0 180.0   5.0 450.0                            LAT/LON1/LON2/DLON/H
   46   52   56   64   71   76   85   91  101  109  120  130  139  146  152  157
  157  157  155  153  147  139  124  110   94   82   71   63   56   51   44   37
   29   24   19   17   14   16   18   22   24   28   31   33   33   32   31   29
   27   26   26   25   25   25   26   26   27   28   30   31   32   33   32   32
   31   31   30   29   29   28   32   39   46                                   
    55.0-180.0 180.0   5.0 450.0                            LAT/LON1/LON2/DLON/H
   44   52   60   68   77   84   95  100  110  118  128  137  145  152  159  164
  167  169  167  165  159  150  135  119  103   91   81   74   69   66   59   52
   43   35   28   24   21   22   23   26   29   33   36   38   38   37   34   32
   27   28   25   27   27   28   28   29   31   32   33   33   34   33   33   31
   32   29   30   27   29   26   32   41   44                                   
    52.5-180.0 180.0   5.0 450.0                            LAT/LON1/LON2/DLON/H
   50   60   68   78   89   95  105  111  120  127  135  142  150  158  165  173
  177  181  181  179  172  162  146  129  112  100   92   87   84   81   76   67
   58   48   41   35   32   31   33   34   36   39   42   42   42   39   36   32
   28   27   26   28   29   31   31   33   34   35   36   37   36   36   34   33
   32   31   31   29   31   30   37   42   50                                   
    50.0-180.0 180.0   5.0 450.0                            LAT/LON1/LON2/DLON/H
   61   70   82   91  103  111  122  128  135  141  146  151  156  163  170  178
  183  188  189  188  181  171  158  139  123  108  103   97   98   92   88   78
   69   59   52   47   45   44   45   46   47   49   50   51   50   48   45   41
   38   37   37   38   39   41   40   41   41   42   41   41   41   40   40   38
   38   37   39   37   41   39   48   55   61                                   
    47.5-180.0 180.0   5.0 450.0                            LAT/LON1/LON2/DLON/H
   78   89   98  111  122  130  140  145  151  154  156  159  163  170  177  186
  191  198  198  198  192  183  170  153  136  121  112  106  104   99   92   83
   72   65   59   56   56   56   58   57   58   56   58   57   57   54   52   49
   47   46   47   49   50   51   51   50   49   49   47   47   46   46   44   44
   44   44   47   47   51   52   61   67   78                                   
    45.0-180.0 180.0   5.0 450.0                            LAT/LON1/LON2/DLON/H
   96  108  122  133  142  152  160  166  170  172  173  172  175  179  186  192
  197  203  204  205  201  193  184  166  152  131  121  109  104   94   86   75
   66   61   58   60   62   64   67   66   66   65   66   65   65   63   62   60
   59   60   61   62   62   62   60   58   56   54   52   50   50   48   50   49
   50   52   57   57   63   65   77   87   96                                   
    42.5-180.0 180.0   5.0 450.0                            LAT/LON1/LON2/DLON/H
  112  126  137  151  160  169  177  183  186  189  188  189  189  194  198  206
  209  215  215  217  212  207  198  182  164  144  126  111   98   85   72   62
   53   51   53   59   66   70   74   72   74   70   72   70   72   70   71   69
   70   70   72   72   72   70   67   65   61   59   53   53   50   51   50   51
   52   54   59   61   68   75   86   98  112                                   
    40.0-180.0 180.0   5.0 450.0                            LAT/LON1/LON2/DLON/H
  123  141  153  165  173  185  192  201  204  207  206  205  206  208  212  218
  219  223  221  223  223  218  211  193  178  152  132  111   94   76   62   52
   46   48   53   63   71   77   81   80   81   77   78   77   79   78   79   78
   80   79   80   79   77   75   72   68   65   61   57   53   53   51   52   51
   54   54   60   62   71   80   94  110  123                                   
    37.5-180.0 180.0   5.0 450.0                            LAT/LON1/LON2/DLON/H
  129  147  155  170  179  191  199  209  214  221  221  223  222  228  231  237
  235  238  234  237  235  234  224  207  187  163  139  115   92   73   57   50
   48   52   63   73   83   87   91   88   88   84   86   83   85   84   85   84
   85   84   84   82   80   77   74   71   66   64   57   56   52   52   50   50
   50   50   55   57   67   77   91  110  129                                   
    35.0-180.0 180.0   5.0 450.0                            LAT/LON1/LON2/DLON/H
  129  152  160  175  184  196  206  217  225  233  236  239  241  247  248  252
  248  248  245  249  251  249  238  217  199  173  150  125  104   83   71   65
   69   76   87   96  103  105  105  102   99   94   95   92   93   90   91   88
   89   86   85   80   78   76   73   71   67   64   59   56   54   51   52   49
   50   47   53   54   63   75   93  114  129                                   
    32.5-180.0 180.0   5.0 450.0                            LAT/LON1/LON2/DLON/H
  131  153  159  172  184  195  207  219  231  242  248  255  259  265  267  271
  267  266  262  265  265  263  250  229  209  185  166  144  127  111  106  107
  114  122  131  134  136  132  128  118  114  106  106  101  101   97   95   91
   89   86   83   78   75   73   72   72   68   67   61   59   55   55   52   51
   48   46   47   49   57   70   87  110  131                                   
    30.0-180.0 180.0   5.0 450.0                            LAT/LON1/LON2/DLON/H
  135  158  164  176  186  198  211  224  238  249  257  263  269  275  280  283
  280  277  274  276  276  271  257  235  218  198  187  174  166  157  160  165
  175  185  189  185  177  167  154  142  132  123  120  114  113  106  102   95
   92   86   83   77   75   74   73   74   70   69   63   61   58   55   56   53
   54   50   54   54   64   74   94  116  135                                   
    27.5-180.0 180.0   5.0 450.0                            LAT/LON1/LON2/DLON/H
  145  172  175  186  195  205  219  232  246  255  264  270  278  286  292  297
  294  292  287  286  283  277  263  244  229  219  216  213  213  214  223  235
  252  260  259  242  222  197  180  161  150  139  133  126  122  114  108   99
   94   87   83   77   75   75   76   78   74   73   67   65   62   62   61   62
   62   62   62   64   71   82   99  120  145                                   
    25.0-180.0 180.0   5.0 450.0                            LAT/LON1/LON2/DLON/H
  163  187  195  205  214  225  239  250  262  266  274  279  286  293  299  304
  302  298  293  292  287  278  264  246  240  237  246  253  264  274  293  309
  325  322  311  280  252  219  197  178  164  154  147  140  133  123  115  105
   98   92   88   83   82   82   85   86   82   79   72   69   65   64   65   66
   70   71   77   81   91  103  122  142  163                                   
    22.5-180.0 180.0   5.0 450.0                            LAT/LON1/LON2/DLON/H
  183  212  218  234  244  255  267  276  285  286  289  291  295  300  304  311
  309  307  300  298  291  280  265  254  253  261  277  298  320  339  361  370
  376  360  341  301  265  230  205  186  173  162  155  148  142  130  120  109
  102   96   93   89   88   88   91   91   87   82   75   72   69   71   72   75
   79   84   89   98  109  122  139  163  183                                   
    20.0-180.0 180.0   5.0 450.0                            LAT/LON1/LON2/DLON/H
  210  233  248  263  275  286  297  307  312  312  310  309  307  308  312  316
  317  312  306  301  294  280  268  260  267  281  307  333  363  377  396  393
  394  362  337  290  256  220  200  186  175  166  158  153  146  136  126  116
  109  105  102   98   98   99  101  103   98   92   81   77   73   72   75   78
   84   91  102  113  129  145  164  190  210                                   
    17.5-180.0 180.0   5.0 450.0                            LAT/LON1/LON2/DLON/H
  231  257  270  293  304  319  328  338  342  344  338  335  329  328  329  333
  331  326  315  312  301  288  278  275  285  307  334  362  386  399  409  403
  391  358  324  279  240  212  193  182  175  165  159  151  146  138  131  123
  116  112  107  105  102  103  105  105  102   94   87   80   76   74   75   80
   87   95  106  121  140  161  178  210  231                                   
    15.0-180.0 180.0   5.0 450.0                            LAT/LON1/LON2/DLON/H
  255  274  293  318  334  353  365  374  375  380  371  370  361  358  356  357
  356  343  332  322  311  298  290  291  306  329  355  376  398  398  401  384
  367  328  290  245  215  193  181  175  169  162  155  150  145  140  133  127
  122  120  116  112  110  111  111  112  108  100   91   84   79   75   75   79
   86   96  109  126  150  174  195  226  255                                   
    12.5-180.0 180.0   5.0 450.0                            LAT/LON1/LON2/DLON/H
  263  287  307  337  360  380  390  402  404  412  402  404  396  395  391  393
  388  373  354  341  326  315  308  313  327  351  371  390  398  399  390  372
  343  304  262  227  202  187  180  175  171  163  157  151  147  140  137  132
  128  126  121  117  112  113  112  111  108   99   94   85   79   75   73   75
   80   89  102  122  148  177  198  232  263                                   
    10.0-180.0 180.0   5.0 450.0                            LAT/LON1/LON2/DLON/H
  274  296  319  352  377  398  408  418  416  432  422  434  425  428  424  425
  419  400  377  357  341  328  324  330  348  367  387  397  401  393  381  354
  323  277  238  209  195  184  183  178  174  163  157  150  146  140  136  131
  129  125  122  116  112  111  111  107  104   95   89   82   77   71   70   70
   76   85   99  120  146  177  204  229  274                                   
     7.5-180.0 180.0   5.0 450.0                            LAT/LON1/LON2/DLON/H
  272  299  324  359  386  406  417  424  430  445  445  453  451  454  453  455
  448  429  403  380  359  346  342  352  370  390  405  413  411  404  386  358
