data/unet/pred2020.15i
     1.0            IONOSPHERE MAPS     GNSS                IONEX VERSION / TYPE
pyspatialgeodesy        IME             05-JAN-18 20:20     PGM / RUN BY / DATE 
Map Name                                                    COMMENT             
Predicted global ionosphere maps (GIM).                     DESCRIPTION         
  2015     7    21     0     0     0                        EPOCH OF FIRST MAP  
  2015     7    22     0     0     0                        EPOCH OF LAST MAP   
  7200                                                      INTERVAL            
    13                                                      # OF MAPS IN FILE   
  NONE                                                      MAPPING FUNCTION    
10.0                                                        ELEVATION CUTOFF    
One-way carrier phase leveled to code                       OBSERVABLES USED    
  6371.0                                                    BASE RADIUS         
 2                                                          MAP DIMENSION       
   450.0 450.0   0.0                                        HGT1 / HGT2 / DHGT  
    87.5 -87.5  -2.5                                        LAT1 / LAT2 / DLAT  
  -180.0 180.0   5.0                                        LON1 / LON2 / DLON  
    -1                                                      EXPONENT            
                                                            END OF HEADER       
[from data line 4719]
    12                                                      START OF TEC MAP    
  2015     7    21    22     0     0                        EPOCH OF CURRENT MAP
    87.5-180.0 180.0   5.0 450.0                            LAT/LON1/LON2/DLON/H
  194  155  144  146  146  144  145  144  144  143  144  142  143  141  142  141
  141  140  141  140  141  141  141  141  141  140  140  139  139  138  138  137
  137  135  136  134  135  134  134  133  133  132  133  132  133  133  134  133
  134  133  134  133  134  133  134  133  135  134  136  135  137  136  138  138
  139  140  141  141  142  142  147  174  194                                   
    85.0-180.0 180.0   5.0 450.0                            LAT/LON1/LON2/DLON/H
  152  149  149  153  152  151  151  151  151  151  150  151  150  150  150  150
  149  150  149  149  148  149  147  147  145  145  142  142  139  138  136  135
  133  132  131  130  129  129  129  129  128  129  129  129  130  130  131  131
  132  132  133  132  133  133  133  133  134  134  135  136  137  138  138  140
  141  143  143  145  145  146  148  163  152                                   
    82.5-180.0 180.0   5.0 450.0                            LAT/LON1/LON2/DLON/H
  150  150  150  152  151  152  151  152  151  151  151  151  152  151  152  151
  152  151  151  151  151  149  149  147  146  145  142  141  138  136  133  132
  129  128  126  125  125  124  124  124  124  125  126  126  127  128  129  130
  131  131  132  132  133  132  133  133  133  133  133  134  135  136  136  138
  138  141  141  143  143  145  146  159  150                                   
    80.0-180.0 180.0   5.0 450.0                            LAT/LON1/LON2/DLON/H
  151  153  150  152  151  151  151  152  151  151  151  151  151  151  151  151
  152  152  152  152  152  152  151  150  148  146  144  142  139  136  133  131
  128  126  124  123  122  122  122  122  123  123  124  125  127  128  129  129
  130  130  131  131  130  130  129  129  128  129  128  129  128  130  130  133
  133  136  137  139  141  142  142  149  151                                   
    77.5-180.0 180.0   5.0 450.0                            LAT/LON1/LON2/DLON/H
  148  152  149  149  150  149  152  150  152  151  152  151  153  151  153  152
  154  153  156  155  156  155  156  153  152  149  147  143  141  136  134  130
  129  125  125  122  122  121  123  122  123  123  125  125  127  128  130  130
  132  131  132  131  131  129  129  127  126  124  124  123  124  124  126  127
  129  130  134  134  138  136  137  142  148                                   
    75.0-180.0 180.0   5.0 450.0                            LAT/LON1/LON2/DLON/H
  145  149  147  150  150  152  151  153  152  154  153  155  154  155  154  156
  155  157  157  159  159  160  159  158  155  153  150  147  143  139  136  133
  130  128  126  125  124  124  124  124  124  124  125  126  126  128  129  131
  131  132  131  132  129  129  126  125  122  121  119  120  119  120  120  123
  124  127  129  131  133  134  135  141  145                                   
    72.5-180.0 180.0   5.0 450.0                            LAT/LON1/LON2/DLON/H
  140  147  146  147  148  148  151  149  153  152  155  154  156  155  156  155
  156  157  159  159  161  160  161  159  158  154  152  146  144  139  137  133
  132  129  129  127  128  126  127  125  126  124  124  124  125  125  127  128
  129  129  130  129  127  125  123  121  119  117  116  115  116  117  119  120
  123  124  128  129  132  131  133  140  140                                   
    70.0-180.0 180.0   5.0 450.0                            LAT/LON1/LON2/DLON/H
  137  145  145  148  149  150  150  153  154  156  157  159  160  160  159  159
  159  160  160  162  162  163  162  161  159  155  152  148  145  142  139  137
  135  134  133  133  132  131  130  128  126  123  122  121  120  121  121  123
  124  125  124  124  123  122  119  118  115  115  113  114  114  117  117  121
  122  126  128  129  132  131  133  141  137                                   
    67.5-180.0 180.0   5.0 450.0                            LAT/LON1/LON2/DLON/H
  137  146  145  146  148  148  151  151  155  156  160  160  162  161  162  160
  162  160  162  161  162  161  162  159  158  153  151  146  145  141  140  138
  138  137  137  136  136  134  132  128  125  121  118  115  115  114  115  115
  117  117  118  117  116  115  114  113  113  112  113  114  116  118  121  123
  126  129  131  132  134  133  134  141  137                                   
    65.0-180.0 180.0   5.0 450.0                            LAT/LON1/LON2/DLON/H
  139  149  149  151  151  152  153  156  158  161  163  166  167  167  167  166
  165  164  163  164  163  163  161  160  157  154  150  148  145  144  143  142
  142  142  142  141  140  137  134  129  124  119  114  111  108  107  106  107
  107  109  108  109  108  108  107  109  109  111  112  116  118  121  124  127
  130  133  135  136  137  136  138  146  139                                   
    62.5-180.0 180.0   5.0 450.0                            LAT/LON1/LON2/DLON/H
  145  154  153  154  154  154  156  155  159  160  165  165  169  168  169  166
  167  163  164  162  162  160  160  157  156  152  151  147  148  145  147  146
  147  145  145  143  142  137  134  128  123  115  110  105  103  100  100   99
  100   99   99   99   99  100  101  103  107  110  113  118  121  125  128  131
  134  136  139  139  141  140  141  149  145                                   
    60.0-180.0 180.0   5.0 450.0                            LAT/LON1/LON2/DLON/H
  152  161  162  164  162  162  161  162  162  165  167  171  172  173  172  171
  169  167  165  165  163  163  160  159  157  155  153  153  152  153  153  153
  153  151  149  146  143  139  134  128  123  115  109  105  101   98   95   94
   92   91   90   90   90   92   94  100  104  110  114  120  123  128  130  134
  136  139  141  142  144  143  145  155  152                                   
    57.5-180.0 180.0   5.0 450.0                            LAT/LON1/LON2/DLON/H
  162  170  170  171  170  168  167  165  165  165  168  169  172  171  173  169
  169  165  164  162  163  161  162  159  159  156  158  157  159  159  161  159
  158  154  151  146  143  138  134  128  123  116  111  105  102   98   95   91
   88   85   83   82   83   85   90   96  103  110  116  123  126  130  132  135
  138  140  143  144  147  147  148  159  162                                   
    55.0-180.0 180.0   5.0 450.0                            LAT/LON1/LON2/DLON/H
  170  178  181  184  181  180  176  175  172  172  171  173  173  174  173  172
  169  168  165  165  164  165  164  164  162  163  163  165  167  169  169  167
  164  158  153  148  144  139  135  130  125  120  115  110  105  101   96   91
   86   82   79   78   77   81   85   94  102  112  118  126  128  132  134  137
  139  142  145  146  150  151  152  166  170                                   
    52.5-180.0 180.0   5.0 450.0                            LAT/LON1/LON2/DLON/H
  179  188  191  193  193  191  188  183  180  176  175  172  173  172  173  170
  169  166  165  163  165  164  166  165  166  166  169  171  175  175  176  172
  167  160  153  147  142  138  135  130  128  123  119  115  110  105   99   93
   87   81   77   74   74   77   83   92  102  112  121  128  131  135  136  139
  142  145  148  150  153  154  155  173  179                                   
    50.0-180.0 180.0   5.0 450.0                            LAT/LON1/LON2/DLON/H
  188  196  202  206  206  205  201  198  191  187  182  180  177  177  175  175
  171  170  168  168  167  168  169  170  170  172  175  178  181  182  181  177
  171  162  155  148  144  140  138  135  133  130  126  123  117  112  104   98
   91   85   80   76   75   78   82   93  103  115  124  132  135  139  141  144
  148  152  156  157  160  161  162  179  188                                   
    47.5-180.0 180.0   5.0 450.0                            LAT/LON1/LON2/DLON/H
  193  203  209  212  214  214  212  208  202  197  190  185  182  180  179  176
  175  171  170  168  169  169  171  171  173  174  179  181  185  185  185  179
  172  164  156  150  146  143  142  139  139  135  133  128  124  117  110  103
   96   90   85   80   79   80   85   94  106  117  128  136  140  144  148  152
  157  162  165  165  166  166  165  185  193                                   
    45.0-180.0 180.0   5.0 450.0                            LAT/LON1/LON2/DLON/H
  198  206  214  217  220  222  221  220  214  210  202  198  192  190  187  185
  182  179  176  174  174  174  175  176  178  179  183  186  189  188  187  181
  175  167  160  156  153  150  149  147  146  143  141  137  131  125  118  112
  105   98   92   87   84   85   89   98  108  121  132  141  147  153  158  163
  171  176  181  179  178  176  176  191  198                                   
    42.5-180.0 180.0   5.0 450.0                            LAT/LON1/LON2/DLON/H
  200  208  214  216  221  224  227  227  224  221  214  210  203  200  197  193
  190  185  183  179  179  178  180  180  183  185  189  191  193  192  189  184
  178  172  167  164  162  159  158  155  155  152  150  143  138  130  125  118
  113  106  101   94   91   90   93  100  111  124  136  146  154  162  169  176
  184  191  195  193  189  185  180  199  200                                   
    40.0-180.0 180.0   5.0 450.0                            LAT/LON1/LON2/DLON/H
  205  210  215  219  223  228  232  235  232  233  227  226  219  216  210  206
  202  197  193  190  187  187  188  189  193  194  198  198  199  196  193  188
  184  179  177  175  174  170  169  165  165  161  159  152  146  139  134  129
  124  119  112  106   99   97   98  105  114  126  139  152  162  172  182  190
  200  207  211  208  204  197  193  207  205                                   
    37.5-180.0 180.0   5.0 450.0                            LAT/LON1/LON2/DLON/H
  211  214  217  219  222  228  233  236  238  239  239  240  236  232  225  219
  213  207  203  199  196  196  198  200  203  206  208  209  207  205  201  198
  194  192  189  188  184  182  178  176  175  172  169  162  155  147  143  137
  134  128  122  114  107  102  102  106  115  127  142  156  169  182  193  203
  214  221  225  222  217  212  201  220  211                                   
    35.0-180.0 180.0   5.0 450.0                            LAT/LON1/LON2/DLON/H
  222  222  223  224  226  230  236  242  246  252  253  258  255  253  246  239
  231  224  218  214  211  210  212  214  218  220  223  222  221  216  214  210
  209  206  204  199  196  190  187  184  184  181  178  171  164  155  149  144
  140  135  128  121  112  107  104  107  114  125  141  156  174  187  202  212
  225  233  237  234  231  225  218  232  222                                   
    32.5-180.0 180.0   5.0 450.0                            LAT/LON1/LON2/DLON/H
  235  235  233  234  234  238  243  249  256  264  269  275  275  272  264  257
  248  239  232  226  223  223  225  228  232  236  237  237  234  232  227  226
  222  221  214  210  202  198  191  191  189  189  185  178  171  162  155  148
  144  137  130  121  114  106  104  104  111  122  136  154  173  190  205  218
  230  240  246  245  242  239  230  249  235                                   
    30.0-180.0 180.0   5.0 450.0                            LAT/LON1/LON2/DLON/H
  251  249  250  248  249  250  254  261  267  278  283  293  293  291  282  275
  264  256  246  243  238  239  240  243  247  251  254  253  252  246  242  237
  233  226  219  210  203  195  192  191  193  191  189  181  174  163  156  147
  141  133  126  118  111  105  100  101  105  114  129  146  168  185  203  215
  230  241  250  252  252  249  245  262  251                                   
    27.5-180.0 180.0   5.0 450.0                            LAT/LON1/LON2/DLON/H
  265  268  270  271  272  272  276  279  288  297  304  313  316  313  304  295
  283  273  263  257  252  251  253  256  261  264  266  266  263  258  252  245
  237  228  218  207  197  191  185  188  190  191  190  183  173  162  152  142
  134  125  118  110  104   99   97   96   99  108  121  139  159  179  197  212
  228  241  254  259  261  261  256  277  265                                   
    25.0-180.0 180.0   5.0 450.0                            LAT/LON1/LON2/DLON/H
  282  284  292  294  298  299  300  306  312  323  327  338  339  339  330  322
  307  299  285  280  271  271  269  273  276  277  280  278  276  267  259  248
  239  228  215  201  191  181  179  179  184  183  184  175  167  153  144  131
  123  112  106   99   96   93   91   92   94  100  112  128  150  169  189  205
  224  240  257  264  270  270  270  288  282                                   
    22.5-180.0 180.0   5.0 450.0                            LAT/LON1/LON2/DLON/H
  293  300  308  313  320  323  327  332  340  349  353  362  365  366  359  351
  338  327  312  303  294  290  286  287  287  286  285  281  278  266  254  240
  229  218  205  192  178  173  167  170  171  173  171  165  155  142  130  118
  108   98   92   87   86   84   84   84   86   93  103  120  137  159  181  201
  222  240  260  271  280  280  279  300  293                                   
    20.0-180.0 180.0   5.0 450.0                            LAT/LON1/LON2/DLON/H
  303  309  320  327  337  344  347  356  363  375  377  389  389  395  387  382
  367  360  341  335  320  312  303  300  296  291  289  283  277  263  249  233
  220  206  194  182  170  162  161  159  162  159  158  148  140  125  114  102
   94   84   80   76   77   77   78   78   80   84   94  107  127  149  174  196
  220  241  263  275  286  289  289  307  303                                   
    17.5-180.0 180.0   5.0 450.0                            LAT/LON1/LON2/DLON/H
  308  314  326  335  347  356  363  373  382  395  399  411  415  422  418  413
  399  388  371  360  344  333  319  309  301  291  286  275  268  249  235  216
  204  191  179  171  158  154  151  151  149  146  141  132  123  110  100   89
   82   74   70   68   71   71   73   73   75   80   86  100  117  141  167  195
  221  244  266  280  292  294  292  311  308                                   
    15.0-180.0 180.0   5.0 450.0                            LAT/LON1/LON2/DLON/H
  311  316  328  339  353  363  371  383  392  408  414  428  432  442  439  438
  426  417  397  387  368  352  335  319  305  292  283  269  258  239  221  203
  191  179  170  160  154  150  149  146  143  135  130  119  111   97   89   79
   74   67   66   64   67   69   70   70   71   73   79   91  108  132  164  193
  223  247  269  282  294  297  296  312  311                                   
    12.5-180.0 180.0   5.0 450.0                            LAT/LON1/LON2/DLON/H
  309  315  326  338  350  361  371  383  394  410  418  433  440  451  453  455
  447  437  418  404  384  367  345  327  309  290  278  258  246  222  205  187
  177  166  160  154  151  150  149  146  140  130  122  111  103   92   84   76
   71   65   64   62   65   66   68   66   68   70   74   85  101  127  159  193
  222  247  268  282  294  298  295  312  309                                   
    10.0-180.0 180.0   5.0 450.0                            LAT/LON1/LON2/DLON/H
  309  316  326  336  347  356  364  377  388  404  410  426  433  448  451  458
  454  449  431  417  394  374  353  332  314  293  276  254  237  211  194  177
  170  160  159  153  154  153  154  148  142  129  121  109  103   92   85   76
   70   65   63   62   64   65   65   64   63   63   67   77   94  119  155  190
  222  245  266  279  290  297  296  312  309                                   
     7.5-180.0 180.0   5.0 450.0                            LAT/LON1/LON2/DLON/H
  309  321  327  336  343  351  357  369  379  394  400  413  421  436  442  451
  451  449  433  418  396  378  355  337  317  295  275  248  229  203  186  172
