data/unet/pred2810.15i
     1.0            IONOSPHERE MAPS     GNSS                IONEX VERSION / TYPE
pyspatialgeodesy        IME             05-JAN-18 20:20     PGM / RUN BY / DATE 
Map Name                                                    COMMENT             
Predicted global ionosphere maps (GIM).                     DESCRIPTION         
  2015    10     8     0     0     0                        EPOCH OF FIRST MAP  
  2015    10     9     0     0     0                        EPOCH OF LAST MAP   
  7200                                                      INTERVAL            
    13                                                      # OF MAPS IN FILE   
  NONE                                                      MAPPING FUNCTION    
10.0                                                        ELEVATION CUTOFF    
One-way carrier phase leveled to code                       OBSERVABLES USED    
  6371.0                                                    BASE RADIUS         
 2                                                          MAP DIMENSION       
   450.0 450.0   0.0                                        HGT1 / HGT2 / DHGT  
    87.5 -87.5  -2.5                                        LAT1 / LAT2 / DLAT  
  -180.0 180.0   5.0                                        LON1 / LON2 / DLON  
    -1                                                      EXPONENT            
                                                            END OF HEADER       
[from data line 3003]
     8                                                      START OF TEC MAP    
  2015    10     8    14     0     0                        EPOCH OF CURRENT MAP
    87.5-180.0 180.0   5.0 450.0                            LAT/LON1/LON2/DLON/H
   60   80   85   87   86   88   87   89   88   89   88   89   89   90   89   91
   90   92   91   92   91   93   92   93   92   94   92   93   92   93   91   93
   91   92   90   92   89   91   88   90   87   89   86   89   86   89   86   88
   86   89   86   89   87   89   86   89   86   88   85   88   85   87   84   86
   83   86   83   85   83   83   89   76   60                                   
    85.0-180.0 180.0   5.0 450.0                            LAT/LON1/LON2/DLON/H
   67   80   71   68   72   71   74   73   77   75   79   77   81   79   83   81
   84   82   85   83   85   84   85   83   85   83   83   82   82   81   80   79
   79   78   77   77   77   76   76   75   76   74   75   74   75   74   75   74
   76   74   76   75   77   76   76   76   77   75   76   75   75   73   73   72
   72   71   71   70   71   70   76   68   67                                   
    82.5-180.0 180.0   5.0 450.0                            LAT/LON1/LON2/DLON/H
   64   64   57   55   57   54   59   57   62   59   64   62   68   66   71   70
   74   73   76   76   79   79   80   81   82   82   81   82   80   80   77   77
   75   74   72   71   70   67   67   64   65   62   64   61   64   61   65   62
   66   63   68   66   70   69   71   71   71   71   70   70   68   66   65   63
   61   60   58   56   53   52   55   48   64                                   
    80.0-180.0 180.0   5.0 450.0                            LAT/LON1/LON2/DLON/H
   52   52   44   47   46   49   49   52   53   55   56   59   60   62   62   67
   67   71   70   77   75   81   79   84   81   85   80   84   79   81   76   77
   72   73   69   69   65   64   60   60   56   57   54   56   53   55   54   57
   57   58   61   63   65   65   68   68   69   67   68   67   65   63   60   59
   55   54   50   50   47   45   48   39   52                                   
    77.5-180.0 180.0   5.0 450.0                            LAT/LON1/LON2/DLON/H
   38   45   38   38   39   39   41   42   43   44   47   47   50   51   54   58
   59   64   67   72   74   78   80   83   83   85   85   85   82   81   77   77
   71   71   66   66   60   59   55   55   51   51   49   49   48   49   50   53
   54   56   59   61   64   65   68   69   70   69   69   67   66   62   60   56
   54   50   48   44   42   39   40   30   38                                   
    75.0-180.0 180.0   5.0 450.0                            LAT/LON1/LON2/DLON/H
   39   37   35   34   36   35   37   36   38   38   41   41   44   44   48   49
   54   55   61   64   70   73   78   80   83   84   85   83   82   80   77   74
   70   69   65   62   59   57   54   51   48   47   45   43   43   44   45   47
   48   52   55   58   61   63   66   66   68   66   66   63   62   58   56   53
   51   47   45   41   39   37   42   31   39                                   
    72.5-180.0 180.0   5.0 450.0                            LAT/LON1/LON2/DLON/H
   36   39   35   35   34   33   34   34   34   35   36   38   39   40   43   45
   48   52   57   64   67   74   78   83   85   89   89   89   87   86   81   78
   72   72   67   66   61   61   56   55   49   49   44   45   41   43   42   46
   46   51   53   58   59   62   64   66   66   65   64   62   60   57   55   53
   51   49   47   45   44   40   42   33   36                                   
    70.0-180.0 180.0   5.0 450.0                            LAT/LON1/LON2/DLON/H
   39   37   36   36   36   34   36   34   35   33   36   36   38   38   41   42
   46   49   56   60   67   73   80   85   88   92   93   94   91   89   85   81
   76   73   69   67   64   63   60   58   54   50   47   44   42   42   43   46
   47   50   53   56   58   59   61   62   63   61   60   58   58   54   54   50
   51   48   49   45   46   44   47   39   39                                   
    67.5-180.0 180.0   5.0 450.0                            LAT/LON1/LON2/DLON/H
   41   40   40   38   37   36   37   35   35   36   37   38   39   40   41   43
   46   50   55   62   68   76   81   88   91   96   97   99   96   95   90   87
   80   78   74   73   70   70   67   67   60   58   52   53   48   50   48   53
   50   54   53   57   54   56   54   56   54   54   53   53   52   51   51   50
   50   49   49   49   48   46   47   42   41                                   
    65.0-180.0 180.0   5.0 450.0                            LAT/LON1/LON2/DLON/H
   42   39   39   38   39   38   40   37   39   37   40   40   42   43   45   45
   48   50   56   61   67   75   81   89   91   96   98   99   97   95   91   87
   80   78   74   73   71   71   71   69   66   63   58   55   54   53   52   53
   52   52   51   51   49   49   47   46   45   45   44   44   45   45   47   46
   48   47   48   46   46   46   47   42   42                                   
    62.5-180.0 180.0   5.0 450.0                            LAT/LON1/LON2/DLON/H
   39   39   39   38   38   37   38   38   38   38   40   43   45   47   48   50
   50   53   57   64   68   76   80   87   89   94   94   97   95   95   91   88
   82   79   75   74   71   74   72   74   70   70   65   65   62   63   61   61
   57   55   50   49   43   42   38   39   36   38   37   40   39   42   43   44
   46   45   47   45   45   42   44   40   39                                   
    60.0-180.0 180.0   5.0 450.0                            LAT/LON1/LON2/DLON/H
   38   35   34   35   37   36   38   36   38   36   42   42   47   48   52   53
   55   55   59   63   67   73   77   83   86   88   91   92   92   91   90   86
   82   78   74   72   71   71   72   73   72   72   70   68   68   67   66   64
   60   54   49   46   41   37   34   33   32   32   33   35   37   39   41   41
   44   42   45   41   42   39   41   34   38                                   
    57.5-180.0 180.0   5.0 450.0                            LAT/LON1/LON2/DLON/H
   35   36   34   35   35   33   34   33   33   34   36   40   44   48   51   55
   55   58   59   64   67   71   75   78   80   82   84   86   87   89   88   88
   84   81   76   74   72   74   74   77   76   78   77   78   76   77   75   73
   66   59   53   46   40   36   33   33   31   32   34   37   37   40   41   42
   43   42   42   40   39   36   38   32   35                                   
    55.0-180.0 180.0   5.0 450.0                            LAT/LON1/LON2/DLON/H
   38   35   33   34   36   33   33   30   31   29   34   35   43   45   52   54
   59   58   63   63   67   69   72   74   76   77   80   83   85   87   90   88
   87   83   78   76   73   75   75   78   79   81   82   83   83   82   82   77
   72   64   56   49   43   39   36   35   36   36   38   38   40   41   43   42
   44   42   43   39   40   39   39   30   38                                   
    52.5-180.0 180.0   5.0 450.0                            LAT/LON1/LON2/DLON/H
   40   41   38   38   38   33   32   29   26   26   27   32   37   42   48   52
   56   57   61   64   66   70   72   73   75   75   78   81   86   89   93   93
   93   89   86   82   80   80   82   84   85   88   90   93   93   94   92   89
   82   74   65   58   52   47   47   46   47   47   49   49   48   47   48   47
   47   44   46   42   42   39   42   33   40                                   
    50.0-180.0 180.0   5.0 450.0                            LAT/LON1/LON2/DLON/H
   49   45   43   43   45   38   36   31   28   25   28   29   36   38   45   50
   55   58   63   67   70   72   74   74   75   76   79   84   89   93   98   99
   99   95   92   89   87   88   90   94   94   97   99  101  102  102  101   98
   91   83   73   66   62   58   59   60   62   61   62   60   58   56   55   53
   53   51   52   49   49   48   49   41   49                                   
    47.5-180.0 180.0   5.0 450.0                            LAT/LON1/LON2/DLON/H
   57   54   52   52   51   45   42   35   31   27   26   29   32   36   43   48
   54   58   65   71   75   79   80   82   82   83   87   91   96  100  104  105
  106  104  102  101  101  102  104  105  106  108  109  113  112  114  112  109
  102   94   86   78   74   71   73   75   76   77   76   73   69   66   64   62
   61   60   61   58   59   55   58   50   57                                   
    45.0-180.0 180.0   5.0 450.0                            LAT/LON1/LON2/DLON/H
   66   61   55   56   58   52   50   43   39   33   32   33   36   38   44   50
   57   63   71   78   84   85   87   88   90   93   96  100  104  106  109  108
  110  109  110  110  113  115  117  119  120  121  122  123  125  125  122  119
  110  104   93   88   83   81   82   84   87   87   85   80   76   72   70   68
   69   68   69   67   68   65   65   61   66                                   
    42.5-180.0 180.0   5.0 450.0                            LAT/LON1/LON2/DLON/H
   70   67   62   63   63   60   57   52   48   42   41   40   43   44   50   55
   62   69   79   87   93   97   99  103  104  108  111  114  116  115  114  114
  115  116  118  124  126  131  132  135  134  134  134  136  136  137  133  129
  120  111  100   93   87   85   85   88   89   91   88   84   78   75   74   74
   75   76   78   76   76   71   74   67   70                                   
    40.0-180.0 180.0   5.0 450.0                            LAT/LON1/LON2/DLON/H
   75   70   62   64   68   63   64   59   60   53   53   50   52   53   60   64
   73   80   91   95  104  107  112  114  120  123  127  128  128  122  121  116
  119  120  126  132  139  145  147  149  149  148  149  149  150  148  144  139
  128  119  104   97   88   86   84   86   88   89   85   82   77   74   73   76
   78   80   83   81   81   77   76   74   75                                   
    37.5-180.0 180.0   5.0 450.0                            LAT/LON1/LON2/DLON/H
   73   69   62   65   65   67   69   66   68   62   64   61   65   66   72   77
   86   92  103  109  118  120  125  131  135  140  142  145  140  134  127  126
  125  132  137  149  154  162  162  165  162  164  162  164  162  161  156  149
  138  125  111  100   90   85   83   84   86   86   84   81   78   74   77   79
   83   85   88   86   86   80   82   74   73                                   
    35.0-180.0 180.0   5.0 450.0                            LAT/LON1/LON2/DLON/H
   75   67   59   61   66   67   68   68   70   68   72   69   76   76   87   88
  101  103  115  116  128  127  134  138  146  150  155  154  151  141  136  131
  134  139  150  161  170  178  180  180  180  178  178  176  177  173  168  160
  149  138  121  109   94   88   82   81   82   83   81   79   77   77   78   81
   85   87   90   86   87   80   78   77   75                                   
    32.5-180.0 180.0   5.0 450.0                            LAT/LON1/LON2/DLON/H
   71   67   56   59   59   62   67   69   72   71   76   72   83   80   97   95
  110  109  122  125  135  136  141  148  153  160  163  167  160  155  147  149
  147  159  166  183  191  201  201  200  196  195  194  193  192  188  182  173
  163  150  137  120  107   96   90   89   89   90   89   88   87   86   87   88
   89   88   90   88   88   82   82   74   71                                   
    30.0-180.0 180.0   5.0 450.0                            LAT/LON1/LON2/DLON/H
   79   68   57   54   58   61   64   65   65   67   71   71   82   81   98   94
  112  108  126  126  142  139  149  151  163  166  173  176  174  168  165  162
  170  177  194  208  225  230  231  223  219  213  213  209  210  206  202  193
  183  170  158  144  129  118  109  107  105  105  103  104  103  103  100   99
   97   93   93   89   90   85   81   81   79                                   
    27.5-180.0 180.0   5.0 450.0                            LAT/LON1/LON2/DLON/H
   82   74   61   58   58   58   62   62   67   64   70   68   81   80   99   93
  113  110  130  134  147  151  155  161  167  175  181  189  189  192  188  196
  199  216  233  252  261  264  257  253  242  240  234  235  231  233  228  222
  209  196  182  167  154  142  138  132  131  126  126  124  125  123  120  115
  108  102  101   95   95   93   90   83   82                                   
    25.0-180.0 180.0   5.0 450.0                            LAT/LON1/LON2/DLON/H
   99   86   71   64   65   62   62   62   62   59   65   67   77   81   90   96
  110  117  134  145  158  160  166  166  176  182  195  203  214  218  227  230
  245  257  280  290  300  294  287  279  271  268  264  265  263  266  262  260
  245  234  216  201  186  176  170  166  164  160  156  152  149  146  141  131
  122  112  107  103  101  101   99   94   99                                   
    22.5-180.0 180.0   5.0 450.0                            LAT/LON1/LON2/DLON/H
  108   96   85   79   75   68   71   65   67   60   67   67   81   83   99  101
  119  119  143  151  166  171  172  179  183  195  208  227  241  253  262  273
  284  300  317  325  328  321  312  307  300  301  295  300  298  304  300  299
  285  276  261  249  228  211  204  199  198  192  189  183  179  168  163  148
  136  123  117  109  113  112  110  101  108                                   
    20.0-180.0 180.0   5.0 450.0                            LAT/LON1/LON2/DLON/H
  126  107   98   93   90   82   80   72   71   64   71   72   87   91  105  111
  126  134  153  167  179  185  187  193  201  214  232  253  276  286  302  307
  325  331  346  346  350  342  337  332  329  331  326  330  328  335  329  329
  316  311  297  282  264  249  237  231  228  218  213  202  199  188  180  166
  155  144  135  126  122  122  117  105  126                                   
    17.5-180.0 180.0   5.0 450.0                            LAT/LON1/LON2/DLON/H
  133  113  108  104  105   94   94   82   82   75   79   83   92  101  115  114
  132  132  159  169  188  196  201  214  221  241  256  285  304  319  329  339
  347  354  360  361  363  359  359  359  360  361  361  363  363  370  363  359
  345  340  324  310  293  278  268  260  256  242  237  222  217  201  196  177
  169  155  152  139  138  130  126  111  133                                   
    15.0-180.0 180.0   5.0 450.0                            LAT/LON1/LON2/DLON/H
  138  123  112  111  112  106  101   94   92   87   92   90  103  112  131  128
  148  145  169  180  206  213  222  236  248  268  287  313  334  342  353  352
  365  362  368  369  372  374  377  383  389  393  393  395  392  398  388  380
  367  356  341  328  311  298  285  277  271  257  249  236  231  214  207  190
  182  169  159  146  137  135  132  107  138                                   
    12.5-180.0 180.0   5.0 450.0                            LAT/LON1/LON2/DLON/H
  130  128  116  108  113  109  109  100  101   96  101  104  106  121  134  142
  155  156  172  180  199  219  243  261  278  295  314  339  354  361  365  368
  369  370  373  377  383  386  396  405  414  417  421  420  421  420  411  400
  384  367  350  336  322  311  301  292  282  269  260  247  241  225  218  201
  194  178  170  150  143  135  136  105  130                                   
    10.0-180.0 180.0   5.0 450.0                            LAT/LON1/LON2/DLON/H
  125  128  109  110  108  109  113  107  107  103  109  113  119  130  153  166
  185  188  204  206  226  237  270  289  308  328  346  363  376  375  378  374
  377  378  382  387  393  400  410  419  428  432  433  435  432  432  418  406
  390  372  354  341  328  317  302  296  287  276  263  252  244  232  221  207
  197  184  170  153  138  131  131   95  125                                   
     7.5-180.0 180.0   5.0 450.0                            LAT/LON1/LON2/DLON/H
  110  122  106  100  102  101  109  106  108  102  111  113  119  136  158  184
  197  211  216  220  220  239  268  308  334  354  370  383  388  389  384  389
