data/unet/pred3470.15i
     1.0            IONOSPHERE MAPS     GNSS                IONEX VERSION / TYPE
pyspatialgeodesy        IME             05-JAN-18 20:20     PGM / RUN BY / DATE 
Map Name                                                    COMMENT             
Predicted global ionosphere maps (GIM).                     DESCRIPTION         
  2015    12    13     0     0     0                        EPOCH OF FIRST MAP  
  2015    12    14     0     0     0                        EPOCH OF LAST MAP   
  7200                                                      INTERVAL            
    13                                                      # OF MAPS IN FILE   
  NONE                                                      MAPPING FUNCTION    
10.0                                                        ELEVATION CUTOFF    
One-way carrier phase leveled to code                       OBSERVABLES USED    
  6371.0                                                    BASE RADIUS         
 2                                                          MAP DIMENSION       
   450.0 450.0   0.0                                        HGT1 / HGT2 / DHGT  
    87.5 -87.5  -2.5                                        LAT1 / LAT2 / DLAT  
  -180.0 180.0   5.0                                        LON1 / LON2 / DLON  
    -1                                                      EXPONENT            
                                                            END OF HEADER       
[from data line 3861]
    10                                                      START OF TEC MAP    
  2015    12    13    18     0     0                        EPOCH OF CURRENT MAP
    87.5-180.0 180.0   5.0 450.0                            LAT/LON1/LON2/DLON/H
  101   65   62   67   65   65   65   67   67   69   68   70   70   72   72   73
   73   74   74   74   75   75   75   74   75   73   74   72   73   71   72   70
   71   69   70   68   68   66   66   64   64   62   63   60   61   59   60   58
   59   57   59   58   59   58   59   59   59   59   59   59   59   59   59   59
   58   58   58   58   62   58   65   84  101                                   
    85.0-180.0 180.0   5.0 450.0                            LAT/LON1/LON2/DLON/H
   52   50   49   54   56   57   56   59   59   61   62   64   64   66   66   68
   67   69   68   70   69   70   68   69   68   68   66   67   66   66   64   65
   63   64   61   62   59   60   57   58   55   55   53   53   52   51   50   49
   49   48   49   48   49   49   48   49   48   49   48   49   48   49   47   49
   47   49   47   48   50   48   60   64   52                                   
    82.5-180.0 180.0   5.0 450.0                            LAT/LON1/LON2/DLON/H
   43   42   42   45   47   48   49   52   54   58   60   63   65   67   69   70
   71   72   71   72   70   70   68   68   65   65   62   62   60   60   58   59
   57   58   55   57   53   54   51   52   49   49   46   47   45   45   43   44
   43   43   42   43   43   44   43   44   44   45   45   45   45   45   44   44
   44   43   42   41   42   38   42   34   43                                   
    80.0-180.0 180.0   5.0 450.0                            LAT/LON1/LON2/DLON/H
   36   37   32   36   37   39   41   45   48   53   57   61   65   68   71   73
   74   75   74   73   71   69   66   64   60   59   55   55   53   54   52   54
   51   53   51   52   49   49   47   46   44   42   40   40   39   38   37   37
   37   36   37   37   38   38   40   39   42   41   43   41   43   41   43   40
   41   39   39   36   38   30   37   26   36                                   
    77.5-180.0 180.0   5.0 450.0                            LAT/LON1/LON2/DLON/H
   26   28   26   26   29   29   34   36   42   46   53   58   64   68   73   75
   78   78   78   75   72   68   64   59   54   50   48   45   44   44   45   45
   46   47   47   47   45   44   43   42   39   37   36   35   34   33   34   34
   35   34   37   37   39   39   41   41   43   43   45   44   45   44   44   42
   42   39   38   35   35   28   30   22   26                                   
    75.0-180.0 180.0   5.0 450.0                            LAT/LON1/LON2/DLON/H
   25   25   19   23   23   27   29   34   39   47   52   60   65   72   77   83
   84   86   83   82   76   72   64   60   51   48   42   40   38   39   38   40
   40   43   42   44   41   42   39   38   34   34   31   31   29   32   31   34
   33   37   36   40   39   43   42   45   44   47   46   47   46   47   45   45
   42   42   38   36   34   27   32   24   25                                   
    72.5-180.0 180.0   5.0 450.0                            LAT/LON1/LON2/DLON/H
   25   25   22   21   24   24   29   32   37   44   52   59   68   75   84   88
   93   93   94   89   86   76   71   61   54   45   41   37   35   34   35   36
   37   38   40   40   40   38   37   34   33   30   30   28   29   29   32   33
   35   37   39   40   42   42   45   45   47   46   49   47   49   46   48   44
   44   40   40   35   35   28   32   22   25                                   
    70.0-180.0 180.0   5.0 450.0                            LAT/LON1/LON2/DLON/H
   29   27   23   25   26   29   30   35   39   47   54   63   72   81   90   97
  101  104  104  101   96   89   80   71   60   52   45   40   36   35   34   35
   34   36   36   37   35   34   32   31   28   28   27   28   28   31   33   37
   37   40   41   43   43   44   45   46   46   48   48   48   48   48   48   46
   45   42   40   37   37   28   37   28   29                                   
    67.5-180.0 180.0   5.0 450.0                            LAT/LON1/LON2/DLON/H
   31   29   27   27   28   29   33   35   41   47   56   65   75   85   95  103
  111  114  117  114  111  102   94   82   72   60   53   46   41   37   36   35
   34   34   33   33   31   28   27   25   23   23   24   26   28   30   34   36
   37   38   38   39   40   40   41   42   43   43   46   44   46   44   46   42
   43   39   40   36   36   31   38   28   31                                   
    65.0-180.0 180.0   5.0 450.0                            LAT/LON1/LON2/DLON/H
   35   34   30   32   32   34   36   40   44   52   60   70   80   90  100  110
  118  125  128  129  125  119  109   99   86   75   64   56   49   45   40   39
   34   34   31   30   25   24   21   22   18   21   21   26   26   32   32   36
   34   36   34   34   32   34   34   37   37   40   40   41   40   41   40   39
   38   38   36   36   36   29   41   32   35                                   
    62.5-180.0 180.0   5.0 450.0                            LAT/LON1/LON2/DLON/H
   35   34   34   35   36   36   39   42   47   55   64   74   84   93  104  114
  124  131  139  140  140  133  126  114  102   89   79   68   60   52   47   41
   38   33   32   27   23   19   17   16   15   17   20   23   27   28   31   30
   31   27   27   26   25   25   28   29   31   33   35   35   35   34   35   33
   35   33   35   33   34   30   39   30   35                                   
    60.0-180.0 180.0   5.0 450.0                            LAT/LON1/LON2/DLON/H
   37   38   35   38   39   41   44   48   54   62   72   81   91   99  110  120
  130  138  145  150  150  146  137  127  114  103   91   81   70   63   54   50
   42   38   33   28   23   19   16   17   16   20   21   26   27   30   29   30
   27   25   22   20   20   20   22   25   27   30   31   32   31   32   31   31
   32   32   33   33   34   28   40   30   37                                   
    57.5-180.0 180.0   5.0 450.0                            LAT/LON1/LON2/DLON/H
   39   39   38   40   42   43   48   54   61   71   82   91   99  108  117  126
  135  142  150  155  158  155  149  138  128  115  105   94   84   74   66   58
   50   42   37   30   26   21   19   18   18   21   24   27   28   29   30   27
   26   21   21   18   19   18   23   24   28   29   32   31   31   30   31   30
   32   32   35   33   35   32   39   28   39                                   
    55.0-180.0 180.0   5.0 450.0                            LAT/LON1/LON2/DLON/H
   43   45   41   44   45   49   54   63   73   84   96  104  112  119  127  134
  142  148  155  160  164  163  157  147  137  127  117  108   96   87   77   69
   59   52   45   37   33   28   27   26   27   30   32   34   33   35   32   31
   27   25   22   21   21   21   25   28   31   34   35   36   34   34   33   35
   36   38   40   40   40   35   44   34   43                                   
    52.5-180.0 180.0   5.0 450.0                            LAT/LON1/LON2/DLON/H
   49   49   46   49   51   55   63   74   87   99  112  120  127  132  139  144
  150  153  160  164  166  167  162  155  146  138  131  122  112  101   92   82
   71   61   54   46   42   37   36   36   36   38   39   40   39   39   37   35
   32   29   28   26   27   27   32   35   39   40   43   41   40   38   40   40
   44   44   48   47   48   44   49   37   49                                   
    50.0-180.0 180.0   5.0 450.0                            LAT/LON1/LON2/DLON/H
   57   57   53   57   59   65   74   87  102  117  128  136  143  146  151  154
  159  161  167  167  170  168  167  161  156  148  143  135  125  115  106   95
   84   73   65   57   54   48   49   48   50   50   51   50   48   48   45   45
   41   40   38   38   37   39   41   46   48   53   52   51   49   48   48   51
   54   57   59   60   58   52   57   49   57                                   
    47.5-180.0 180.0   5.0 450.0                            LAT/LON1/LON2/DLON/H
   64   65   62   66   69   77   88  104  120  135  146  153  159  160  165  166
  170  171  172  174  171  172  169  168  164  160  155  148  138  126  117  106
   93   82   73   66   62   59   59   60   60   61   61   60   57   56   53   54
   51   51   50   51   51   51   56   58   62   61   63   60   58   56   59   60
   65   66   70   67   68   62   66   56   64                                   
    45.0-180.0 180.0   5.0 450.0                            LAT/LON1/LON2/DLON/H
   72   71   69   77   80   92  103  121  136  152  161  167  171  173  177  179
  182  182  183  179  180  175  176  174  174  170  166  158  147  135  124  112
  100   90   81   75   71   69   70   69   71   71   72   70   68   67   64   65
   64   67   64   67   64   67   67   71   70   72   69   67   64   64   65   69
   72   76   77   78   75   70   73   68   72                                   
    42.5-180.0 180.0   5.0 450.0                            LAT/LON1/LON2/DLON/H
   71   74   77   85   93  105  119  137  152  166  175  179  183  185  191  192
  195  193  192  190  186  185  182  183  181  180  173  164  152  137  125  114
  101   92   84   81   78   77   77   78   78   78   77   76   74   73   71   72
   73   75   76   75   75   73   76   75   76   73   73   69   68   68   71   74
   78   78   81   78   78   73   77   68   71                                   
    40.0-180.0 180.0   5.0 450.0                            LAT/LON1/LON2/DLON/H
   73   73   79   94  102  117  130  149  163  178  185  190  194  198  204  207
  210  207  206  200  198  194  194  193  191  187  178  167  153  138  125  115
  104   96   90   88   87   87   87   86   85   83   83   81   79   78   76   76
   76   79   77   79   75   76   74   75   73   73   70   69   68   70   72   77
   78   79   79   78   75   70   76   67   73                                   
    37.5-180.0 180.0   5.0 450.0                            LAT/LON1/LON2/DLON/H
   62   68   78   93  106  120  138  156  173  187  195  199  205  210  218  221
  223  219  216  214  209  208  204  204  197  191  181  168  153  138  126  118
  108  103   98   99   96   98   97   95   92   89   87   86   83   81   78   78
   77   77   76   75   73   71   72   69   70   66   67   65   67   69   74   75
   77   74   74   70   69   65   68   57   62                                   
    35.0-180.0 180.0   5.0 450.0                            LAT/LON1/LON2/DLON/H
   58   63   74   93  105  122  139  160  177  193  202  209  216  223  232  236
  236  230  227  225  222  220  216  212  204  196  184  172  156  143  134  128
  124  120  118  117  119  118  116  110  104   98   96   93   90   87   82   80
   77   76   73   72   67   67   64   65   63   63   62   63   66   70   75   77
   77   73   70   64   62   57   61   49   58                                   
    32.5-180.0 180.0   5.0 450.0                            LAT/LON1/LON2/DLON/H
   45   53   65   83  100  116  137  158  179  195  210  218  229  237  247  249
  247  241  237  234  231  229  224  218  208  199  188  178  165  157  153  152
  150  150  148  148  146  146  139  131  120  112  108  104  100   95   90   85
   80   77   72   69   66   64   64   64   63   61   62   63   68   72   78   77
   77   69   66   60   58   54   54   38   45                                   
    30.0-180.0 180.0   5.0 450.0                            LAT/LON1/LON2/DLON/H
   43   51   63   81   97  114  135  156  179  196  214  225  237  248  257  258
  254  247  242  237  237  234  230  222  213  206  197  190  184  184  187  191
  193  191  190  185  185  178  174  159  149  135  129  122  118  111  104   97
   91   86   80   77   73   75   74   75   72   71   69   70   73   78   82   82
   79   73   68   62   57   52   51   37   43                                   
    27.5-180.0 180.0   5.0 450.0                            LAT/LON1/LON2/DLON/H
   42   48   65   82   98  113  134  155  181  200  221  234  248  260  268  268
  262  252  246  240  239  236  231  224  216  213  210  212  214  226  237  250
  254  251  243  232  224  215  204  189  172  160  152  145  139  129  122  112
  105   97   92   87   86   87   90   90   89   86   85   84   85   87   88   85
   83   76   73   66   62   56   53   38   42                                   
    25.0-180.0 180.0   5.0 450.0                            LAT/LON1/LON2/DLON/H
   51   55   73   88  105  120  141  160  187  205  228  240  256  266  275  273
  268  255  248  240  240  235  234  226  225  227  234  245  260  277  296  312
  318  310  298  281  265  247  234  215  201  186  181  171  165  154  146  135
  129  121  116  110  110  110  112  112  111  108  105  102  100  100   98   93
   88   83   79   74   67   62   57   51   51                                   
    22.5-180.0 180.0   5.0 450.0                            LAT/LON1/LON2/DLON/H
   62   63   84  100  118  130  152  168  194  216  237  254  266  279  283  285
  275  263  252  243  240  237  233  232  234  247  262  286  305  330  349  366
  370  358  340  317  294  271  250  232  217  205  197  191  184  173  166  156
  152  144  140  135  133  135  134  133  130  126  121  117  114  111  106  101
   95   87   85   78   76   68   64   58   62                                   
    20.0-180.0 180.0   5.0 450.0                            LAT/LON1/LON2/DLON/H
   72   75   94  112  126  140  156  176  199  223  244  262  277  288  293  293
  286  271  260  247  245  239  241  241  253  272  298  324  351  374  397  414
  416  400  373  342  312  284  259  239  227  215  209  202  197  186  183  175
  175  171  171  163  164  157  156  148  146  139  135  129  127  121  114  107
   99   93   88   85   79   76   69   68   72                                   
    17.5-180.0 180.0   5.0 450.0                            LAT/LON1/LON2/DLON/H
   79   88  108  128  149  158  167  178  192  213  237  265  287  303  310  315
  303  290  273  260  254  250  250  258  272  301  330  364  387  417  437  453
  450  429  397  355  319  289  261  243  227  219  212  206  198  191  187  185
  188  191  191  188  184  177  172  163  155  146  140  136  131  128  120  110
  102   94   91   84   83   75   73   71   79                                   
    15.0-180.0 180.0   5.0 450.0                            LAT/LON1/LON2/DLON/H
   83   96  116  138  159  179  187  201  203  224  236  269  289  320  331  337
  331  315  298  281  274  268  272  280  304  334  369  397  424  448  465  469
  460  435  399  357  319  287  260  240  226  217  211  204  196  189  186  188
  195  199  203  197  195  185  180  170  162  150  144  139  135  129  123  113
  105   98   91   86   78   79   72   69   83                                   
    12.5-180.0 180.0   5.0 450.0                            LAT/LON1/LON2/DLON/H
   83   99  124  148  180  200  222  228  232  247  262  288  306  338  355  363
  363  350  327  312  299  296  297  313  336  371  400  430  449  469  476  473
  455  428  393  353  316  288  262  246  229  219  204  198  184  183  177  184
  191  200  202  200  194  186  178  171  162  154  145  140  134  131  121  112
  103   94   90   81   78   72   69   68   83                                   
    10.0-180.0 180.0   5.0 450.0                            LAT/LON1/LON2/DLON/H
   83  105  132  162  198  228  250  270  273  295  305  327  337  371  387  400
  398  385  366  346  336  328  334  349  374  406  432  454  469  476  474  461
  440  413  383  347  317  290  270  251  231  218  198  192  179  177  175  180
  188  194  197  194  188  181  175  169  164  156  149  142  138  131  122  113
  104   95   88   79   73   71   66   60   83                                   
     7.5-180.0 180.0   5.0 450.0                            LAT/LON1/LON2/DLON/H
   78  105  136  172  212  243  272  295  321  344  357  370  378  406  425  438
  441  424  404  383  372  368  371  387  410  438  458  475  481  481  468  453
