data/unet/pred1740.15i
     1.0            IONOSPHERE MAPS     GNSS                IONEX VERSION / TYPE
pyspatialgeodesy        IME             05-JAN-18 20:20     PGM / RUN BY / DATE 
Map Name                                                    COMMENT             
Predicted global ionosphere maps (GIM).                     DESCRIPTION         
  2015     6    23     0     0     0                        EPOCH OF FIRST MAP  
  2015     6    24     0     0     0                        EPOCH OF LAST MAP   
  7200                                                      INTERVAL            
    13                                                      # OF MAPS IN FILE   
  NONE                                                      MAPPING FUNCTION    
10.0                                                        ELEVATION CUTOFF    
One-way carrier phase leveled to code                       OBSERVABLES USED    
  6371.0                                                    BASE RADIUS         
 2                                                          MAP DIMENSION       
   450.0 450.0   0.0                                        HGT1 / HGT2 / DHGT  
    87.5 -87.5  -2.5                                        LAT1 / LAT2 / DLAT  
  -180.0 180.0   5.0                                        LON1 / LON2 / DLON  
    -1                                                      EXPONENT            
                                                            END OF HEADER       
[from data line 3432]
     9                                                      START OF TEC MAP    
  2015     6    23    16     0     0                        EPOCH OF CURRENT MAP
    87.5-180.0 180.0   5.0 450.0                            LAT/LON1/LON2/DLON/H
  174  173  170  169  169  164  166  162  165  160  163  158  161  156  160  155
  159  154  158  153  157  152  157  153  157  153  158  154  158  154  159  155
  159  156  160  157  160  156  160  156  159  154  158  154  157  154  158  154
  158  155  159  157  160  158  161  159  161  159  162  160  162  160  163  161
  162  162  164  163  165  163  166  179  174                                   
    85.0-180.0 180.0   5.0 450.0                            LAT/LON1/LON2/DLON/H
  151  158  158  160  159  158  158  158  157  156  155  155  153  152  152  151
  151  150  151  150  149  149  150  149  149  149  151  150  151  150  152  151
  153  152  154  153  154  153  154  153  153  152  152  151  151  151  152  152
  153  152  154  153  154  154  155  154  155  153  156  154  155  154  156  154
  155  154  155  153  155  152  150  157  151                                   
    82.5-180.0 180.0   5.0 450.0                            LAT/LON1/LON2/DLON/H
  147  150  155  156  154  155  155  157  155  155  154  155  152  152  152  152
  150  150  151  151  150  150  150  150  149  149  150  150  149  150  150  151
  150  152  152  154  152  154  153  154  153  153  154  154  154  154  156  156
  156  156  156  157  155  156  154  155  152  153  152  153  150  151  150  151
  149  149  148  145  144  141  149  140  147                                   
    80.0-180.0 180.0   5.0 450.0                            LAT/LON1/LON2/DLON/H
  136  143  148  151  151  153  153  155  154  155  153  155  153  153  152  153
  152  152  153  154  153  154  154  155  154  154  154  154  154  153  153  154
  154  153  155  155  156  156  157  157  158  156  158  157  159  158  160  158
  160  157  159  157  157  156  156  154  153  152  152  152  150  150  149  149
  146  147  143  141  138  137  141  132  136                                   
    77.5-180.0 180.0   5.0 450.0                            LAT/LON1/LON2/DLON/H
  128  136  145  146  150  151  155  155  157  155  155  155  154  153  153  153
  153  152  155  155  157  157  158  158  159  158  157  157  156  155  155  155
  155  155  156  158  158  159  160  161  162  161  163  163  165  162  165  162
  164  160  163  160  160  156  157  155  154  152  152  151  150  148  147  145
  144  142  141  136  134  130  133  124  128                                   
    75.0-180.0 180.0   5.0 450.0                            LAT/LON1/LON2/DLON/H
  123  135  143  149  151  155  156  156  156  155  153  152  150  149  148  147
  149  149  153  154  158  159  163  162  164  162  163  161  161  159  158  157
  156  155  156  156  156  157  157  159  158  160  160  161  161  160  161  159
  160  157  158  156  156  154  154  152  152  150  151  149  148  146  146  143
  142  141  139  136  134  133  137  125  123                                   
    72.5-180.0 180.0   5.0 450.0                            LAT/LON1/LON2/DLON/H
  122  134  147  149  154  154  158  157  156  153  151  149  145  144  143  143
  144  147  151  155  161  163  167  168  169  167  167  165  163  161  159  158
  157  156  156  157  157  158  159  160  161  160  162  161  163  160  162  159
  160  158  159  158  157  156  154  154  151  150  149  148  146  146  145  143
  143  141  140  138  136  131  133  126  122                                   
    70.0-180.0 180.0   5.0 450.0                            LAT/LON1/LON2/DLON/H
  124  135  145  151  155  158  159  159  157  153  149  147  143  140  138  138
  141  145  150  156  162  166  171  172  174  172  170  168  166  164  162  161
  159  158  158  158  157  158  156  159  156  158  157  158  158  157  158  156
  157  157  157  158  158  158  156  156  154  153  152  150  149  148  148  146
  145  146  144  143  141  139  141  130  124                                   
    67.5-180.0 180.0   5.0 450.0                            LAT/LON1/LON2/DLON/H
  131  139  150  153  158  157  162  161  159  154  150  147  142  139  138  138
  140  144  150  157  164  169  175  176  178  175  174  171  168  165  163  161
  160  160  160  160  158  158  157  158  157  157  158  157  157  156  155  156
  154  156  156  159  158  159  157  158  154  153  151  150  147  147  147  147
  147  148  148  148  147  141  142  133  131                                   
    65.0-180.0 180.0   5.0 450.0                            LAT/LON1/LON2/DLON/H
  135  141  148  153  156  159  161  161  159  156  152  148  145  141  140  139
  142  145  150  157  166  174  180  183  183  181  178  174  171  169  168  166
  166  165  165  163  161  161  158  158  156  157  155  155  156  155  155  155
  155  157  158  159  160  161  160  160  157  156  154  151  149  149  148  148
  147  151  151  151  152  150  151  140  135                                   
    62.5-180.0 180.0   5.0 450.0                            LAT/LON1/LON2/DLON/H
  139  144  150  151  156  155  160  159  159  155  153  149  147  143  145  143
  147  147  154  157  168  170  180  180  183  179  179  175  173  171  170  169
  168  169  168  167  164  163  162  162  160  159  158  158  156  156  154  155
  154  157  159  163  164  166  165  165  161  159  155  153  148  148  145  146
  145  148  150  151  154  148  150  141  139                                   
    60.0-180.0 180.0   5.0 450.0                            LAT/LON1/LON2/DLON/H
  137  142  145  150  153  155  159  159  161  158  157  154  154  151  152  152
  154  154  156  158  164  169  176  178  182  178  180  174  175  172  173  173
  174  174  175  172  171  169  168  168  167  166  165  163  163  160  160  158
  160  160  162  165  168  169  169  168  164  161  157  153  149  147  145  144
  143  146  147  149  153  151  153  144  137                                   
    57.5-180.0 180.0   5.0 450.0                            LAT/LON1/LON2/DLON/H
  135  140  146  147  151  150  155  156  159  156  159  158  161  157  162  160
  165  160  163  158  163  159  169  168  177  171  178  172  177  172  175  175
  177  176  176  173  173  171  172  172  172  173  171  172  167  167  163  165
  162  167  169  174  174  176  175  175  169  165  159  156  148  146  141  140
  137  140  141  144  148  143  146  138  135                                   
    55.0-180.0 180.0   5.0 450.0                            LAT/LON1/LON2/DLON/H
  128  136  139  144  149  151  156  157  161  160  164  165  169  166  170  172
  171  170  164  162  157  157  159  162  167  167  171  169  173  171  174  173
  177  176  175  175  174  177  177  179  182  181  184  179  179  175  175  170
  171  170  173  173  177  177  177  175  169  165  159  153  147  144  139  136
  132  133  133  135  139  139  142  136  128                                   
    52.5-180.0 180.0   5.0 450.0                            LAT/LON1/LON2/DLON/H
  123  132  139  143  150  149  154  156  161  161  168  170  175  173  178  178
  181  173  171  162  157  151  152  154  160  160  167  163  171  166  171  170
  172  170  175  175  178  175  180  180  183  185  184  186  183  183  179  179
  175  177  175  178  177  180  178  177  171  165  160  154  148  143  137  132
  126  126  125  126  128  126  130  126  123                                   
    50.0-180.0 180.0   5.0 450.0                            LAT/LON1/LON2/DLON/H
  118  131  133  139  150  153  159  160  168  169  178  179  185  182  187  189
  187  186  177  173  164  158  158  157  163  161  167  166  170  170  172  171
  171  170  173  173  177  180  182  187  189  193  195  195  195  193  192  188
  186  183  182  179  181  179  180  176  171  166  158  153  148  143  137  130
  124  121  118  116  117  118  123  121  118                                   
    47.5-180.0 180.0   5.0 450.0                            LAT/LON1/LON2/DLON/H
  115  127  135  142  154  157  165  166  175  176  184  184  190  188  193  195
  196  190  187  175  171  162  159  160  161  162  166  164  170  165  171  168
  173  170  175  176  181  183  190  193  198  200  201  204  201  202  199  198
  192  190  184  186  180  183  178  177  170  165  160  156  150  145  140  131
  125  119  116  112  111  110  114  112  115                                   
    45.0-180.0 180.0   5.0 450.0                            LAT/LON1/LON2/DLON/H
  113  128  131  139  153  162  168  174  180  187  191  194  197  197  200  204
  200  202  191  190  180  177  177  179  183  177  181  175  180  178  184  185
  192  189  192  190  191  192  197  201  206  209  209  211  211  212  209  206
  202  195  189  184  184  181  180  176  171  168  160  158  153  151  142  136
  128  122  116  110  107  106  111  110  113                                   
    42.5-180.0 180.0   5.0 450.0                            LAT/LON1/LON2/DLON/H
  110  122  129  139  154  159  174  175  190  190  200  199  204  201  206  207
  209  208  206  194  200  182  197  190  200  189  191  186  189  187  195  197
  209  204  210  204  207  209  214  222  225  228  225  226  222  224  219  217
  209  201  193  190  184  185  181  179  173  169  166  163  161  157  152  143
  136  126  122  114  112  108  111  107  110                                   
    40.0-180.0 180.0   5.0 450.0                            LAT/LON1/LON2/DLON/H
  111  119  121  128  145  157  170  182  191  204  208  215  214  215  213  215
  210  215  208  210  206  206  208  215  216  214  210  210  208  213  218  227
  236  239  242  237  238  231  233  235  238  239  236  237  235  236  232  229
  221  211  202  196  192  188  187  181  177  173  169  171  169  168  161  155
  145  138  131  122  116  112  113  109  111                                   
    37.5-180.0 180.0   5.0 450.0                            LAT/LON1/LON2/DLON/H
  112  113  113  122  137  152  170  182  197  208  219  226  227  224  223  222
  223  223  227  224  231  222  233  226  238  228  235  229  235  235  245  252
  263  267  270  269  270  268  269  273  270  271  265  262  256  256  251  245
  235  223  213  206  200  198  195  191  184  182  183  184  185  182  179  170
  160  151  144  135  128  120  119  114  112                                   
    35.0-180.0 180.0   5.0 450.0                            LAT/LON1/LON2/DLON/H
  114  108  105  108  123  143  162  183  197  218  226  242  239  240  233  231
  225  229  228  234  235  238  238  247  244  255  247  259  254  267  266  276
  279  286  286  290  291  296  295  302  294  294  284  281  273  272  266  259
  250  237  226  217  212  207  205  197  195  191  190  191  193  193  189  184
  174  167  156  147  137  130  126  122  114                                   
    32.5-180.0 180.0   5.0 450.0                            LAT/LON1/LON2/DLON/H
  118  105   99  105  118  131  157  175  199  216  236  248  255  251  249  241
  240  238  243  242  250  247  251  252  259  263  268  274  281  285  291  295
  304  304  314  323  330  334  335  337  332  326  312  304  295  288  281  272
  263  249  238  227  221  216  210  205  200  200  198  201  203  203  200  193
  186  176  167  158  149  139  136  128  118                                   
    30.0-180.0 180.0   5.0 450.0                            LAT/LON1/LON2/DLON/H
  124  106   99   98  106  122  144  167  192  218  237  259  263  267  260  255
  250  250  252  255  260  261  263  267  270  283  285  300  301  307  307  307
  312  311  321  329  332  343  343  352  346  340  327  318  308  302  291  283
  269  258  243  233  223  217  212  206  204  202  203  204  208  205  203  197
  190  181  174  166  157  149  143  133  124                                   
    27.5-180.0 180.0   5.0 450.0                            LAT/LON1/LON2/DLON/H
  131  109  101   98  107  113  139  157  187  212  237  259  274  278  276  268
  267  262  267  263  268  268  270  274  280  291  301  313  318  324  327  331
  341  346  358  367  375  378  385  378  372  359  345  333  320  312  298  288
  273  260  244  232  220  212  206  202  197  197  198  203  204  203  200  197
  190  183  175  169  161  153  149  135  131                                   
    25.0-180.0 180.0   5.0 450.0                            LAT/LON1/LON2/DLON/H
  136  117  108  104  108  117  135  158  183  209  236  263  282  291  295  287
  286  278  284  278  285  281  284  285  294  301  313  316  324  323  328  332
  347  354  364  378  379  393  390  392  382  374  358  342  327  316  300  288
  270  257  238  225  212  202  195  188  184  184  187  191  195  195  193  191
  186  178  171  165  160  154  154  141  136                                   
    22.5-180.0 180.0   5.0 450.0                            LAT/LON1/LON2/DLON/H
  143  121  115  111  114  120  139  156  180  205  233  260  284  296  307  301
  304  294  300  296  298  295  290  297  298  310  317  327  328  338  341  358
  369  381  391  395  403  402  407  399  393  378  362  343  325  310  293  279
  260  246  228  215  200  190  178  172  169  171  174  178  183  182  182  181
  178  169  164  158  154  147  151  140  143                                   
    20.0-180.0 180.0   5.0 450.0                            LAT/LON1/LON2/DLON/H
  142  129  123  121  125  129  148  163  185  205  235  262  291  307  322  319
  320  310  314  307  313  308  305  305  309  312  319  319  325  328  342  358
  379  392  397  404  405  412  403  400  386  374  358  342  324  309  289  273
  252  235  217  202  189  173  163  155  154  156  160  164  167  167  166  169
  164  158  153  147  143  140  144  138  142                                   
    17.5-180.0 180.0   5.0 450.0                            LAT/LON1/LON2/DLON/H
  144  129  127  128  128  136  152  168  184  203  227  255  288  308  325  330
  333  330  328  328  326  323  317  320  316  323  324  331  335  348  362  382
  398  409  413  417  418  410  403  391  380  362  351  332  320  302  283  262
  242  224  205  190  176  161  149  144  143  145  150  152  154  153  153  154
  153  144  140  134  128  125  130  127  144                                   
    15.0-180.0 180.0   5.0 450.0                            LAT/LON1/LON2/DLON/H
  134  121  123  125  132  141  159  170  191  204  230  257  287  313  333  343
  351  348  349  345  345  341  336  338  335  338  341  346  359  371  391  402
  415  424  423  427  414  411  395  390  374  366  351  340  325  309  286  263
  239  218  201  182  167  149  140  133  136  138  143  142  143  141  139  141
  138  132  128  120  116  116  120  118  134                                   
    12.5-180.0 180.0   5.0 450.0                            LAT/LON1/LON2/DLON/H
  128  113  113  116  125  141  158  172  189  203  222  248  276  304  328  344
  354  362  360  363  360  359  351  355  348  357  358  374  384  399  417  431
  437  438  432  423  412  399  390  381  374  361  354  337  326  306  285  259
  236  213  194  177  160  145  134  130  131  135  138  136  135  132  130  130
  127  119  116  110  104  103  105  100  128                                   
    10.0-180.0 180.0   5.0 450.0                            LAT/LON1/LON2/DLON/H
  115   97  101  104  113  131  151  166  187  202  222  245  269  299  324  345
  359  369  375  371  374  368  364  367  366  375  383  397  409  420  434  440
  445  447  437  430  413  406  394  391  380  373  357  349  331  314  289  264
  239  215  196  177  161  145  135  131  132  136  139  135  132  128  123  123
  118  112  110  102   97   97   98   88  115                                   
     7.5-180.0 180.0   5.0 450.0                            LAT/LON1/LON2/DLON/H
   99   92   89   88   98  116  135  159  181  200  218  241  263  289  312  338
  353  373  375  380  377  375  369  373  379  390  401  416  432  446  452  456
