data/unet/pred1610.15i
     1.0            IONOSPHERE MAPS     GNSS                IONEX VERSION / TYPE
pyspatialgeodesy        IME             05-JAN-18 20:20     PGM / RUN BY / DATE 
Map Name                                                    COMMENT             
Predicted global ionosphere maps (GIM).                     DESCRIPTION         
  2015     6    10     0     0     0                        EPOCH OF FIRST MAP  
  2015     6    11     0     0     0                        EPOCH OF LAST MAP   
  7200                                                      INTERVAL            
    13                                                      # OF MAPS IN FILE   
  NONE                                                      MAPPING FUNCTION    
10.0                                                        ELEVATION CUTOFF    
One-way carrier phase leveled to code                       OBSERVABLES USED    
  6371.0                                                    BASE RADIUS         
 2                                                          MAP DIMENSION       
   450.0 450.0   0.0                                        HGT1 / HGT2 / DHGT  
    87.5 -87.5  -2.5                                        LAT1 / LAT2 / DLAT  
  -180.0 180.0   5.0                                        LON1 / LON2 / DLON  
    -1                                                      EXPONENT            
                                                            END OF HEADER       
[from data line 4290]
    11                                                      START OF TEC MAP    
  2015     6    10    20     0     0                        EPOCH OF CURRENT MAP
    87.5-180.0 180.0   5.0 450.0                            LAT/LON1/LON2/DLON/H
  200  179  167  170  168  167  166  166  166  167  166  167  167  167  167  167
  167  167  167  166  166  166  166  165  165  164  163  162  161  159  158  157
  155  154  152  152  150  149  147  147  146  146  145  146  145  147  146  148
  147  149  149  151  151  153  153  155  156  157  158  159  159  161  161  162
  162  164  164  164  164  166  166  182  200                                   
    85.0-180.0 180.0   5.0 450.0                            LAT/LON1/LON2/DLON/H
  165  167  169  171  172  168  169  168  170  168  170  169  171  169  171  169
  172  169  171  169  171  169  170  167  168  166  165  163  163  159  159  155
  156  151  152  148  149  145  146  143  145  141  144  141  144  142  145  144
  147  145  149  148  152  151  154  154  157  156  159  159  161  161  163  162
  164  164  166  165  165  163  166  183  165                                   
    82.5-180.0 180.0   5.0 450.0                            LAT/LON1/LON2/DLON/H
  170  170  175  179  176  177  175  178  177  180  178  181  180  182  181  183
  182  184  182  184  182  183  180  180  178  177  174  173  170  168  165  164
  160  159  155  155  151  151  148  149  146  147  145  148  146  149  147  151
  149  153  152  156  154  158  157  161  160  163  162  166  165  168  167  170
  169  172  170  173  170  171  168  175  170                                   
    80.0-180.0 180.0   5.0 450.0                            LAT/LON1/LON2/DLON/H
  174  168  170  171  171  169  171  172  174  175  177  178  180  181  183  183
  184  184  184  184  184  183  183  181  181  177  176  173  171  167  165  161
  159  154  153  149  148  144  144  141  141  139  140  140  141  141  143  144
  147  147  150  151  153  154  156  156  158  159  161  161  163  163  165  165
  167  167  168  167  168  166  164  172  174                                   
    77.5-180.0 180.0   5.0 450.0                            LAT/LON1/LON2/DLON/H
  168  165  165  165  164  164  166  168  171  172  176  178  181  182  185  185
  187  186  187  187  188  186  187  184  184  180  178  174  172  166  164  159
  157  152  151  147  145  142  141  139  139  137  138  137  139  139  142  142
  145  145  149  149  152  151  154  154  155  155  157  157  159  159  162  161
  163  163  165  163  164  162  157  162  168                                   
    75.0-180.0 180.0   5.0 450.0                            LAT/LON1/LON2/DLON/H
  167  160  161  163  163  165  167  169  173  176  180  184  187  190  192  194
  194  194  195  194  194  193  193  192  190  187  184  180  176  172  169  164
  161  156  154  150  148  145  144  141  140  139  140  139  140  141  144  144
  147  148  151  151  153  154  156  156  157  158  159  160  161  162  163  164
  165  165  166  165  166  161  158  166  167                                   
    72.5-180.0 180.0   5.0 450.0                            LAT/LON1/LON2/DLON/H
  169  163  162  165  163  165  167  170  174  178  183  187  191  193  196  196
  198  197  197  196  197  195  196  193  192  187  185  180  176  171  168  163
  160  156  154  150  148  146  144  143  141  141  140  141  141  143  144  145
  147  148  150  151  152  154  154  155  156  157  158  158  160  161  163  163
  165  165  166  166  166  165  160  165  169                                   
    70.0-180.0 180.0   5.0 450.0                            LAT/LON1/LON2/DLON/H
  176  166  167  170  169  170  172  175  180  185  190  196  199  203  204  205
  204  204  202  202  201  200  200  197  195  190  187  182  177  172  169  165
  162  159  157  154  153  151  150  147  147  145  145  144  146  146  148  148
  150  150  152  152  154  154  156  156  158  159  161  162  163  165  167  169
  170  171  173  173  175  171  169  174  176                                   
    67.5-180.0 180.0   5.0 450.0                            LAT/LON1/LON2/DLON/H
  186  177  175  178  175  175  177  180  185  189  196  200  205  206  209  207
  207  204  204  201  202  199  200  196  194  188  185  178  175  169  167  163
  162  159  159  156  156  153  153  150  149  148  147  146  147  147  148  148
  149  149  149  150  151  152  153  154  155  157  160  161  165  167  171  171
  175  175  178  179  181  180  176  180  186                                   
    65.0-180.0 180.0   5.0 450.0                            LAT/LON1/LON2/DLON/H
  197  186  187  188  187  185  187  189  194  199  205  210  213  215  215  215
  213  211  209  208  207  206  204  201  197  191  186  180  176  172  170  167
  166  165  165  164  162  160  159  156  155  153  153  150  151  149  150  148
  149  148  148  148  149  149  151  152  155  158  162  166  170  175  178  181
  183  185  187  189  191  190  189  192  197                                   
    62.5-180.0 180.0   5.0 450.0                            LAT/LON1/LON2/DLON/H
  207  199  198  201  197  196  195  197  200  203  209  211  217  216  219  216
  217  212  212  208  209  206  205  200  197  189  186  179  177  172  172  170
  172  169  171  168  168  165  164  161  160  157  156  153  152  149  149  146
  146  143  143  141  142  142  144  145  149  152  159  163  172  175  181  182
  188  188  193  193  197  197  196  200  207                                   
    60.0-180.0 180.0   5.0 450.0                            LAT/LON1/LON2/DLON/H
  215  208  210  212  210  207  206  207  208  211  214  219  222  223  224  224
  222  220  217  216  215  212  210  206  202  196  191  186  184  182  182  182
  183  182  182  180  178  175  174  171  169  166  164  160  158  154  152  148
  147  143  141  139  138  138  139  141  145  150  157  164  172  179  186  189
  193  195  197  199  203  203  205  209  215                                   
    57.5-180.0 180.0   5.0 450.0                            LAT/LON1/LON2/DLON/H
  220  216  218  222  220  217  215  213  213  213  216  217  221  221  224  222
  224  220  220  216  217  213  212  207  206  199  197  191  192  189  193  191
  194  190  192  187  187  182  183  178  178  173  171  166  163  157  155  150
  147  141  138  135  132  130  130  131  136  140  151  156  169  174  185  186
  193  193  198  198  203  204  205  210  220                                   
    55.0-180.0 180.0   5.0 450.0                            LAT/LON1/LON2/DLON/H
  220  219  223  229  228  227  225  224  222  222  221  223  224  226  227  228
  227  225  224  222  220  218  217  214  211  207  205  203  204  204  206  206
  207  204  203  199  198  194  194  190  188  184  181  176  172  165  162  155
  150  145  140  136  132  130  128  129  132  138  146  154  165  174  183  187
  192  195  197  200  203  205  209  214  220                                   
    52.5-180.0 180.0   5.0 450.0                            LAT/LON1/LON2/DLON/H
  221  221  226  234  236  237  235  234  232  229  226  225  226  225  228  227
  230  226  226  222  222  219  220  217  218  213  215  213  217  215  219  216
  217  212  212  207  206  202  201  198  196  192  188  182  178  170  166  159
  154  148  142  137  132  128  126  123  128  130  141  146  161  166  177  181
  189  191  197  197  202  204  207  214  221                                   
    50.0-180.0 180.0   5.0 450.0                            LAT/LON1/LON2/DLON/H
  222  223  229  238  242  248  247  249  245  243  238  236  235  235  235  235
  235  232  229  226  225  223  223  223  224  223  224  225  228  229  230  228
  226  223  220  216  215  212  212  208  206  201  198  190  186  178  174  167
  162  156  149  144  139  135  131  130  130  135  140  147  157  164  175  180
  188  195  200  203  205  207  212  219  222                                   
    47.5-180.0 180.0   5.0 450.0                            LAT/LON1/LON2/DLON/H
  229  229  233  242  250  257  259  262  259  257  251  246  244  242  243  241
  241  235  233  228  228  225  227  225  230  229  234  234  239  238  239  234
  233  228  226  222  222  220  220  216  212  207  201  194  189  183  179  174
  169  164  158  153  147  143  139  136  136  137  142  145  155  160  171  177
  188  195  204  206  210  212  216  224  229                                   
    45.0-180.0 180.0   5.0 450.0                            LAT/LON1/LON2/DLON/H
  236  236  242  249  258  268  271  277  275  274  268  264  260  257  257  254
  251  245  240  236  234  233  233  235  239  242  246  250  252  253  250  248
  243  240  237  236  235  234  232  228  222  216  209  202  196  190  187  183
  180  176  170  166  161  156  153  149  147  147  149  151  158  162  173  181
  193  205  213  220  222  223  230  237  236                                   
    42.5-180.0 180.0   5.0 450.0                            LAT/LON1/LON2/DLON/H
  250  250  251  258  265  273  279  286  287  289  285  282  278  275  273  269
  265  256  250  242  243  240  244  243  250  251  259  262  266  263  261  256
  253  250  249  249  249  247  245  239  233  225  217  210  204  200  196  195
  192  189  184  181  174  171  166  164  161  160  160  160  165  167  175  184
  198  210  223  230  235  238  244  251  250                                   
    40.0-180.0 180.0   5.0 450.0                            LAT/LON1/LON2/DLON/H
  260  259  262  262  269  276  285  294  299  305  304  304  301  298  295  290
  284  274  266  260  256  256  257  260  264  270  275  282  283  285  280  279
  273  272  272  272  272  269  265  258  250  242  233  225  217  213  210  209
  206  204  198  196  189  185  180  177  173  172  170  169  173  174  183  191
  207  222  234  246  251  254  261  267  260                                   
    37.5-180.0 180.0   5.0 450.0                            LAT/LON1/LON2/DLON/H
  274  274  275  271  274  278  288  298  308  316  321  324  324  322  319  314
  308  296  289  278  278  275  280  280  286  290  297  301  306  307  306  306
  303  304  301  301  298  292  286  276  267  258  249  241  234  229  226  225
  222  219  213  208  199  195  188  187  181  181  178  179  180  183  191  201
  216  230  244  256  264  269  275  279  274                                   
    35.0-180.0 180.0   5.0 450.0                            LAT/LON1/LON2/DLON/H
  287  287  291  283  284  287  296  309  323  336  343  351  351  354  349  350
  342  332  320  310  307  303  306  307  313  319  327  334  337  342  341  343
  341  338  336  329  326  317  312  301  293  283  275  266  258  253  247  244
  238  233  223  217  208  201  194  190  186  185  183  183  186  190  200  211
  226  241  252  267  273  279  289  292  287                                   
    32.5-180.0 180.0   5.0 450.0                            LAT/LON1/LON2/DLON/H
  299  304  306  298  298  297  306  319  337  351  365  373  379  381  381  378
  375  363  353  339  337  330  333  333  341  348  357  365  368  371  372  373
  370  368  360  354  344  338  331  324  318  312  304  294  285  274  266  258
  251  241  231  222  212  205  195  190  184  183  182  182  187  194  205  217
  232  246  257  269  279  288  296  302  299                                   
    30.0-180.0 180.0   5.0 450.0                            LAT/LON1/LON2/DLON/H
  309  319  324  318  316  317  323  337  354  373  388  402  411  418  418  417
  409  397  383  370  361  356  357  360  368  379  390  395  401  402  405  404
  403  394  387  371  361  349  343  337  336  333  328  318  305  292  277  267
  256  244  232  224  212  204  193  187  180  180  178  178  184  190  203  217
  234  247  258  271  279  288  302  309  309                                   
    27.5-180.0 180.0   5.0 450.0                            LAT/LON1/LON2/DLON/H
  313  331  338  334  335  332  341  350  370  388  408  424  440  448  454  448
  442  422  410  391  386  376  380  380  391  403  413  423  426  430  432  434
  428  421  403  386  366  352  342  338  338  338  334  324  310  293  279  263
  253  238  231  216  207  194  186  178  174  173  172  171  177  182  197  212
  230  244  255  267  277  288  302  312  313                                   
    25.0-180.0 180.0   5.0 450.0                            LAT/LON1/LON2/DLON/H
  321  341  351  355  354  356  359  370  384  405  422  445  461  477  483  483
  473  450  430  409  399  395  394  403  413  433  444  454  460  460  462  458
  454  436  419  391  368  347  336  329  331  332  329  320  304  290  270  257
  242  230  218  206  193  182  173  168  166  165  164  162  166  171  184  200
  219  236  251  264  273  285  305  315  321                                   
    22.5-180.0 180.0   5.0 450.0                            LAT/LON1/LON2/DLON/H
  319  345  361  366  369  368  378  381  399  412  436  456  478  491  502  502
  498  473  456  430  424  412  418  423  438  456  468  483  483  485  481  476
  463  446  417  387  355  330  317  309  309  311  308  299  286  268  255  239
  227  214  205  190  179  166  158  154  156  158  155  153  153  158  168  185
  204  226  243  257  269  285  303  314  319                                   
    20.0-180.0 180.0   5.0 450.0                            LAT/LON1/LON2/DLON/H
  325  352  369  381  384  391  397  404  412  425  443  464  481  502  513  518
  516  494  476  452  443  433  436  446  457  480  492  505  505  499  495  482
  468  442  412  375  341  315  297  289  285  286  279  275  261  251  234  223
  208  200  186  177  164  156  150  147  148  149  148  142  145  146  154  167
  187  209  232  251  265  282  304  313  325                                   
    17.5-180.0 180.0   5.0 450.0                            LAT/LON1/LON2/DLON/H
  327  352  373  387  398  399  412  412  424  431  454  468  492  508  527  534
  541  523  510  485  477  463  466  467  474  488  497  510  503  500  489  475
  453  425  391  352  322  294  279  267  259  256  250  245  236  228  216  205
  194  184  175  163  154  146  141  141  141  142  138  136  132  134  137  150
  169  196  224  248  266  286  305  314  327                                   
    15.0-180.0 180.0   5.0 450.0                            LAT/LON1/LON2/DLON/H
  331  357  373  395  404  416  421  427  432  445  460  477  495  515  532  544
  557  547  539  514  500  485  481  480  480  494  497  506  500  491  481  463
  441  411  377  343  316  291  276  261  250  240  232  226  218  213  204  196
  185  176  165  157  147  142  138  139  139  139  135  129  126  123  128  138
  157  186  219  246  267  288  310  315  331                                   
    12.5-180.0 180.0   5.0 450.0                            LAT/LON1/LON2/DLON/H
  332  352  375  393  407  414  424  427  440  449  470  483  507  521  545  556
  575  568  568  544  532  508  503  492  486  490  487  493  484  478  464  448
  424  398  369  341  319  299  282  264  249  232  221  213  207  205  199  192
  183  175  163  153  144  139  135  136  137  137  132  125  117  114  114  125
  142  173  210  242  267  290  309  317  332                                   
    10.0-180.0 180.0   5.0 450.0                            LAT/LON1/LON2/DLON/H
  331  349  368  387  400  415  424  432  442  456  472  488  508  525  544  558
  577  578  579  559  542  521  507  500  488  488  482  484  478  469  459  443
  426  402  384  359  346  322  309  284  267  242  228  215  211  208  205  198
  189  177  164  153  142  138  133  134  135  134  129  120  112  106  106  115
  132  161  200  234  261  286  308  317  331                                   
     7.5-180.0 180.0   5.0 450.0                            LAT/LON1/LON2/DLON/H
  330  348  370  385  402  416  424  430  443  457  475  490  514  527  550  562
  583  581  587  568  557  534  521  507  496  487  478  476  471  464  454  440
