data/unet/pred1710.15i
     1.0            IONOSPHERE MAPS     GNSS                IONEX VERSION / TYPE
pyspatialgeodesy        IME             05-JAN-18 20:20     PGM / RUN BY / DATE 
Map Name                                                    COMMENT             
Predicted global ionosphere maps (GIM).                     DESCRIPTION         
  2015     6    20     0     0     0                        EPOCH OF FIRST MAP  
  2015     6    21     0     0     0                        EPOCH OF LAST MAP   
  7200                                                      INTERVAL            
    13                                                      # OF MAPS IN FILE   
  NONE                                                      MAPPING FUNCTION    
10.0                                                        ELEVATION CUTOFF    
One-way carrier phase leveled to code                       OBSERVABLES USED    
  6371.0                                                    BASE RADIUS         
 2                                                          MAP DIMENSION       
   450.0 450.0   0.0                                        HGT1 / HGT2 / DHGT  
    87.5 -87.5  -2.5                                        LAT1 / LAT2 / DLAT  
  -180.0 180.0   5.0                                        LON1 / LON2 / DLON  
    -1                                                      EXPONENT            
                                                            END OF HEADER       
[from data line 1716]
     5                                                      START OF TEC MAP    
  2015     6    20     8     0     0                        EPOCH OF CURRENT MAP
    87.5-180.0 180.0   5.0 450.0                            LAT/LON1/LON2/DLON/H
  152  165  178  181  185  184  185  185  186  187  188  188  188  188  188  186
  186  184  184  181  181  177  178  174  175  172  174  171  173  172  175  173
  176  176  179  178  181  180  183  181  183  182  183  181  182  180  181  178
  180  178  180  178  179  178  180  179  180  179  180  178  178  176  176  174
  175  174  175  173  174  167  173  154  152                                   
    85.0-180.0 180.0   5.0 450.0                            LAT/LON1/LON2/DLON/H
  163  172  175  186  186  184  186  187  189  189  191  190  192  190  192  189
  190  187  187  184  184  181  180  177  177  176  176  175  176  175  177  177
  178  180  181  182  183  185  185  186  186  187  187  187  186  186  185  184
  184  184  185  184  184  184  185  184  184  182  183  179  180  177  176  173
  174  172  172  171  171  167  172  154  163                                   
    82.5-180.0 180.0   5.0 450.0                            LAT/LON1/LON2/DLON/H
  169  168  173  177  177  179  178  182  182  185  184  186  185  186  184  185
  183  183  181  181  179  178  176  175  174  174  174  174  174  175  176  177
  178  180  182  183  184  186  187  188  188  190  190  191  191  192  192  192
  192  192  192  192  192  191  190  188  187  184  181  178  177  173  170  166
  166  164  163  160  162  159  160  157  169                                   
    80.0-180.0 180.0   5.0 450.0                            LAT/LON1/LON2/DLON/H
  173  169  169  173  172  173  174  175  176  176  178  176  178  176  176  174
  174  172  172  171  170  168  167  166  165  165  165  165  166  166  169  169
  172  173  176  177  181  181  185  184  188  188  191  191  194  194  197  196
  199  198  200  199  200  198  197  195  193  189  186  182  179  174  170  166
  163  160  158  157  158  152  156  155  173                                   
    77.5-180.0 180.0   5.0 450.0                            LAT/LON1/LON2/DLON/H
  170  173  172  176  176  177  174  176  175  175  174  174  172  171  169  167
  167  165  165  164  163  162  160  159  157  157  156  157  157  159  160  163
  164  169  170  177  176  183  182  188  187  192  194  198  201  204  207  210
  212  214  216  217  217  217  215  214  210  207  202  198  192  186  182  176
  173  168  165  162  159  154  158  154  170                                   
    75.0-180.0 180.0   5.0 450.0                            LAT/LON1/LON2/DLON/H
  174  171  171  174  174  173  172  173  171  170  168  166  165  162  161  158
  159  157  158  156  157  154  154  150  149  146  146  145  147  148  152  154
  159  163  168  172  178  181  185  188  191  195  198  203  206  211  214  219
  221  225  226  229  227  229  226  226  221  219  212  210  202  197  190  185
  179  174  170  166  164  157  163  160  174                                   
    72.5-180.0 180.0   5.0 450.0                            LAT/LON1/LON2/DLON/H
  180  180  175  176  174  172  170  168  166  164  162  158  156  152  151  149
  149  148  150  148  149  146  146  142  139  135  134  133  133  137  141  148
  151  160  164  173  175  184  185  193  195  201  206  212  216  222  226  231
  232  237  237  240  238  240  236  236  232  230  225  222  216  211  203  197
  190  184  179  172  170  164  168  162  180                                   
    70.0-180.0 180.0   5.0 450.0                            LAT/LON1/LON2/DLON/H
  188  180  177  175  172  168  165  163  161  157  154  150  149  144  144  140
  142  140  144  143  145  141  141  134  133  126  126  123  127  129  138  143
  152  157  168  172  180  184  191  195  200  205  211  217  221  227  231  235
  237  240  240  242  241  240  238  236  234  231  228  225  222  217  211  206
  199  194  187  182  179  172  176  173  188                                   
    67.5-180.0 180.0   5.0 450.0                            LAT/LON1/LON2/DLON/H
  193  188  180  177  171  164  160  155  153  148  146  141  140  136  135  132
  133  133  137  137  139  136  135  128  125  119  117  118  121  126  133  143
  150  160  167  176  179  187  190  198  201  209  213  221  224  231  233  239
  238  241  239  240  236  236  233  231  228  226  224  222  221  219  216  212
  208  203  199  192  190  181  180  173  193                                   
    65.0-180.0 180.0   5.0 450.0                            LAT/LON1/LON2/DLON/H
  201  188  183  176  169  160  155  149  147  141  140  135  134  129  129  125
  128  126  131  131  134  130  130  124  122  117  118  118  124  128  137  145
  155  162  173  178  185  189  195  199  206  211  218  223  229  233  236  237
  237  237  234  233  230  227  224  221  219  215  216  214  217  214  216  214
  212  210  207  202  201  192  192  186  201                                   
    62.5-180.0 180.0   5.0 450.0                            LAT/LON1/LON2/DLON/H
  205  199  187  179  168  156  146  139  136  131  129  125  125  121  120  117
  118  117  121  120  124  121  122  118  117  115  117  121  126  133  140  150
  158  168  175  183  186  193  196  204  208  216  221  229  232  237  237  239
  236  236  232  231  226  223  218  214  211  208  207  207  209  211  212  213
  214  213  214  211  211  203  200  191  205                                   
    60.0-180.0 180.0   5.0 450.0                            LAT/LON1/LON2/DLON/H
  215  204  195  183  170  155  145  136  133  127  126  121  120  117  115  112
  112  111  113  113  115  114  115  114  115  115  120  125  133  139  148  154
  164  170  179  184  191  196  202  208  214  221  228  234  238  242  242  241
  238  235  231  228  223  219  213  208  204  198  199  197  202  202  207  207
  210  212  215  214  218  210  212  207  215                                   
    57.5-180.0 180.0   5.0 450.0                            LAT/LON1/LON2/DLON/H
  223  221  205  194  177  158  144  135  128  122  119  116  115  110  109  104
  105  100  103  101  104  102  106  105  110  112  120  127  136  143  150  158
  164  172  178  187  192  200  204  213  218  227  234  240  244  248  248  246
  242  239  234  232  226  223  216  211  204  199  196  195  197  198  201  203
  207  210  215  216  222  217  219  213  223                                   
    55.0-180.0 180.0   5.0 450.0                            LAT/LON1/LON2/DLON/H
  237  231  221  208  191  170  155  142  133  124  120  115  113  109  105  101
   98   95   95   94   95   95   97  101  106  114  122  131  141  148  156  160
  169  173  183  190  199  207  215  222  229  236  242  248  252  255  255  253
  248  246  240  238  233  230  223  217  208  201  197  193  195  194  197  199
  203  208  213  217  226  224  232  230  237                                   
    52.5-180.0 180.0   5.0 450.0                            LAT/LON1/LON2/DLON/H
  250  253  238  228  209  189  168  153  139  128  120  115  112  107  104   97
   96   90   91   87   89   87   92   95  103  110  122  132  143  150  156  162
  167  175  183  194  203  214  223  231  239  245  251  257  261  264  263  262
  258  255  250  248  244  242  236  229  220  213  206  201  199  197  198  199
  203  207  215  219  232  232  240  236  250                                   
    50.0-180.0 180.0   5.0 450.0                            LAT/LON1/LON2/DLON/H
  258  259  253  244  229  208  189  169  153  138  128  119  116  111  107  101
   98   94   91   87   87   87   89   95  103  116  125  139  147  154  159  164
  172  180  190  202  214  225  236  244  251  257  263  268  272  274  273  271
  266  264  258  260  255  255  247  241  231  224  217  211  209  206  206  206
  209  213  218  224  236  237  252  253  258                                   
    47.5-180.0 180.0   5.0 450.0                            LAT/LON1/LON2/DLON/H
  264  269  263  259  240  223  205  184  166  148  136  125  120  114  111  105
  104   98   97   91   91   88   92   96  106  115  128  138  148  154  157  164
  170  182  192  207  221  234  245  254  261  269  274  280  283  284  283  279
  273  271  266  267  263  263  255  251  241  236  228  223  219  216  216  216
  220  223  229  233  245  246  255  251  264                                   
    45.0-180.0 180.0   5.0 450.0                            LAT/LON1/LON2/DLON/H
  264  265  263  261  249  233  218  198  179  162  147  135  127  121  117  115
  112  110  106  102   97   96   97  104  111  126  133  146  151  157  160  166
  174  185  198  214  228  243  256  266  274  280  288  293  297  296  295  290
  283  281  274  276  270  269  263  258  251  246  238  233  228  225  225  226
  230  232  237  239  249  246  258  261  264                                   
    42.5-180.0 180.0   5.0 450.0                            LAT/LON1/LON2/DLON/H
  258  259  251  252  241  233  219  204  187  168  154  143  136  128  126  120
  123  118  118  111  108  104  106  109  119  127  138  145  152  156  159  167
  174  187  199  217  233  249  262  275  283  292  299  304  309  306  305  297
  291  286  281  281  277  275  268  265  258  254  248  243  240  234  236  236
  243  245  252  249  256  250  255  251  258                                   
    40.0-180.0 180.0   5.0 450.0                            LAT/LON1/LON2/DLON/H
  252  243  236  236  229  223  215  204  190  176  163  154  147  138  135  133
  133  131  129  124  119  117  115  121  127  137  143  151  154  159  164  170
  180  191  204  221  238  255  270  281  293  300  310  314  321  316  315  308
  306  303  298  302  296  293  285  279  276  267  262  256  251  246  247  250
  256  258  261  257  259  247  252  255  252                                   
    37.5-180.0 180.0   5.0 450.0                            LAT/LON1/LON2/DLON/H
  242  232  219  214  208  206  201  195  184  172  164  157  154  147  144  138
  141  137  137  130  129  124  126  127  136  141  148  150  155  159  166  175
  185  196  207  223  240  256  273  284  297  306  315  323  329  327  328  323
  324  321  318  321  319  314  306  299  294  287  282  275  270  264  266  267
  274  273  277  270  269  253  253  248  242                                   
    35.0-180.0 180.0   5.0 450.0                            LAT/LON1/LON2/DLON/H
  238  222  205  197  189  187  185  184  177  172  168  166  164  158  154  149
  149  146  144  140  137  135  134  140  143  150  152  153  157  161  171  178
  189  199  211  227  242  260  275  288  302  310  321  329  337  337  341  338
  345  345  350  354  353  349  341  333  330  319  313  303  296  287  287  285
  291  288  287  282  277  252  255  252  238                                   
    32.5-180.0 180.0   5.0 450.0                            LAT/LON1/LON2/DLON/H
  239  222  202  185  176  172  171  171  170  168  167  168  168  165  162  155
  154  148  148  142  143  138  144  145  154  154  160  157  161  165  176  185
  196  206  216  230  244  260  275  288  300  310  319  331  340  345  352  356
  368  374  384  393  396  394  385  376  367  356  347  335  325  314  311  307
  310  304  303  295  290  272  267  257  239                                   
    30.0-180.0 180.0   5.0 450.0                            LAT/LON1/LON2/DLON/H
  246  227  204  187  174  169  168  171  172  175  175  179  180  177  172  165
  162  156  153  149  148  148  152  158  162  166  165  163  165  168  179  188
  200  209  219  232  244  259  274  286  302  309  322  330  346  351  367  374
  394  405  423  438  445  449  439  433  422  408  395  376  357  343  334  325
  325  316  313  307  303  280  280  266  246                                   
    27.5-180.0 180.0   5.0 450.0                            LAT/LON1/LON2/DLON/H
  262  241  222  200  186  176  173  173  178  179  183  184  186  184  179  170
  165  158  156  151  153  152  161  165  173  171  171  167  168  172  182  193
  206  215  224  234  244  258  272  284  298  307  318  329  345  357  376  391
  413  430  453  471  485  493  486  480  465  454  438  418  396  371  360  346
  343  332  328  322  319  306  298  277  262                                   
    25.0-180.0 180.0   5.0 450.0                            LAT/LON1/LON2/DLON/H
  276  261  245  225  209  194  188  185  188  193  195  199  198  196  189  179
  171  164  160  159  158  163  168  176  179  179  174  167  167  167  178  191
  203  214  221  233  242  257  272  283  297  305  320  330  349  363  386  404
  432  452  479  502  519  533  532  527  511  494  474  449  422  396  374  362
  353  344  337  333  329  315  307  287  276                                   
    22.5-180.0 180.0   5.0 450.0                            LAT/LON1/LON2/DLON/H
  290  288  275  257  239  219  209  200  201  202  207  208  208  204  194  184
  175  167  164  161  164  166  177  182  186  181  174  165  161  162  171  186
  199  208  216  227  239  251  268  279  294  303  317  331  349  366  390  412
  441  461  488  514  537  552  552  551  535  517  495  470  446  418  394  376
  366  356  350  344  340  328  316  291  290                                   
    20.0-180.0 180.0   5.0 450.0                            LAT/LON1/LON2/DLON/H
  300  304  300  288  273  251  232  216  212  211  216  221  222  219  208  196
  185  176  172  170  172  177  183  188  187  182  172  160  154  152  163  178
  188  199  210  224  237  250  267  281  298  309  324  338  355  372  395  420
  444  464  485  512  533  547  550  547  536  517  503  480  460  436  412  395
  381  374  367  360  352  332  316  296  300                                   
    17.5-180.0 180.0   5.0 450.0                            LAT/LON1/LON2/DLON/H
  304  314  311  305  294  275  255  237  226  219  223  225  228  225  217  205
  192  182  176  174  175  178  184  187  185  176  162  149  141  141  152  166
  177  189  203  219  236  251  267  284  301  318  332  345  359  378  401  421
  441  453  470  489  507  517  517  515  508  502  496  485  471  452  430  409
  394  383  376  367  358  338  319  294  304                                   
    15.0-180.0 180.0   5.0 450.0                            LAT/LON1/LON2/DLON/H
  302  315  311  305  299  279  263  246  235  226  227  229  233  232  226  216
  203  193  186  183  180  182  182  182  177  167  153  137  129  130  141  155
  169  183  201  219  237  255  275  291  314  332  348  359  373  391  407  426
  436  447  453  468  477  483  485  482  483  480  487  480  478  462  443  426
  406  396  386  378  364  340  316  297  302                                   
    12.5-180.0 180.0   5.0 450.0                            LAT/LON1/LON2/DLON/H
  295  304  296  289  282  267  253  241  234  226  225  225  228  227  224  216
  206  195  186  180  175  173  171  169  162  151  134  119  111  114  127  144
  158  181  200  222  240  264  282  305  325  346  358  372  382  398  410  424
  430  436  439  447  452  454  454  459  463  470  476  480  476  465  447  429
  412  399  390  379  368  344  318  296  295                                   
    10.0-180.0 180.0   5.0 450.0                            LAT/LON1/LON2/DLON/H
  291  298  287  273  264  247  236  228  227  222  222  221  222  222  220  214
  206  198  187  181  174  170  165  158  151  136  118  104  101  105  118  136
  158  179  205  226  246  269  293  312  340  357  374  383  395  405  415  424
  428  432  432  438  437  438  438  445  453  461  467  471  467  459  443  429
  414  404  392  380  366  340  313  298  291                                   
     7.5-180.0 180.0   5.0 450.0                            LAT/LON1/LON2/DLON/H
  289  293  280  264  248  230  219  213  215  214  214  210  208  207  205  201
  195  186  178  170  162  156  151  141  128  113   99   90   87   91  105  126
