data/unet/pred1190.15i
     1.0            IONOSPHERE MAPS     GNSS                IONEX VERSION / TYPE
pyspatialgeodesy        IME             05-JAN-18 20:20     PGM / RUN BY / DATE 
Map Name                                                    COMMENT             
Predicted global ionosphere maps (GIM).                     DESCRIPTION         
  2015     4    29     0     0     0                        EPOCH OF FIRST MAP  
  2015     4    30     0     0     0                        EPOCH OF LAST MAP   
  7200                                                      INTERVAL            
    13                                                      # OF MAPS IN FILE   
  NONE                                                      MAPPING FUNCTION    
10.0                                                        ELEVATION CUTOFF    
One-way carrier phase leveled to code                       OBSERVABLES USED    
  6371.0                                                    BASE RADIUS         
 2                                                          MAP DIMENSION       
   450.0 450.0   0.0                                        HGT1 / HGT2 / DHGT  
    87.5 -87.5  -2.5                                        LAT1 / LAT2 / DLAT  
  -180.0 180.0   5.0                                        LON1 / LON2 / DLON  
    -1                                                      EXPONENT            
                                                            END OF HEADER       
[from data line 3861]
    10                                                      START OF TEC MAP    
  2015     4    29    18     0     0                        EPOCH OF CURRENT MAP
    87.5-180.0 180.0   5.0 450.0                            LAT/LON1/LON2/DLON/H
  229  202  205  207  208  205  208  206  209  207  209  209  209  210  211  211
  211  211  212  211  211  209  210  208  209  205  207  203  206  201  205  200
  203  198  202  197  200  195  200  194  199  195  199  196  200  197  201  198
  201  198  202  198  201  197  201  197  201  197  201  197  200  198  200  198
  200  200  202  203  202  204  204  205  229                                   
    85.0-180.0 180.0   5.0 450.0                            LAT/LON1/LON2/DLON/H
  198  183  193  196  196  195  195  196  196  197  197  198  198  200  199  200
  200  201  201  201  200  201  200  200  198  199  196  198  194  196  193  196
  192  194  191  193  190  192  189  190  187  189  187  188  186  188  186  187
  186  187  186  187  186  187  186  188  186  189  188  190  189  190  189  190
  190  191  192  191  192  190  190  191  198                                   
    82.5-180.0 180.0   5.0 450.0                            LAT/LON1/LON2/DLON/H
  194  173  187  186  188  185  187  187  189  188  191  190  193  194  195  196
  196  198  198  198  197  198  197  196  195  194  193  191  189  189  187  188
  185  186  183  185  182  184  183  185  183  184  183  184  183  184  183  182
  182  181  181  181  181  181  182  182  183  183  185  185  186  186  186  185
  186  185  186  183  184  179  173  169  194                                   
    80.0-180.0 180.0   5.0 450.0                            LAT/LON1/LON2/DLON/H
  185  167  176  177  178  177  178  178  180  178  182  181  187  186  191  189
  194  192  197  193  198  194  198  193  195  190  192  186  186  183  182  180
  178  177  176  177  175  177  176  179  178  179  179  179  179  178  178  176
  176  175  175  174  175  174  176  175  177  176  180  179  182  180  182  180
  183  180  182  178  179  173  166  162  185                                   
    77.5-180.0 180.0   5.0 450.0                            LAT/LON1/LON2/DLON/H
  178  160  169  169  170  169  171  170  172  171  174  174  177  179  182  184
  186  188  191  193  194  195  197  196  195  193  191  187  185  182  180  177
  174  174  173  173  172  174  174  176  177  178  178  177  177  175  174  171
  171  169  169  167  167  166  168  168  169  169  171  171  172  172  173  172
  173  171  174  169  169  162  157  153  178                                   
    75.0-180.0 180.0   5.0 450.0                            LAT/LON1/LON2/DLON/H
  174  162  169  169  172  170  172  172  173  172  174  175  177  180  181  184
  187  190  193  196  198  201  202  202  200  198  195  191  187  183  179  176
  173  172  172  171  172  173  175  176  177  178  178  177  177  174  174  171
  169  167  166  164  163  163  163  163  163  163  164  163  164  163  164  163
  166  164  166  163  164  159  155  153  174                                   
    72.5-180.0 180.0   5.0 450.0                            LAT/LON1/LON2/DLON/H
  177  165  177  178  180  180  181  180  180  179  179  180  180  182  183  187
  188  193  197  202  206  210  212  212  211  208  204  200  195  190  187  184
  181  179  178  179  179  181  181  182  182  183  181  180  177  175  172  169
  166  164  162  160  159  159  158  157  157  156  157  155  155  153  155  155
  158  157  161  159  162  157  159  154  177                                   
    70.0-180.0 180.0   5.0 450.0                            LAT/LON1/LON2/DLON/H
  182  176  185  190  193  191  192  191  191  189  190  189  189  189  191  193
  197  200  205  211  217  220  224  225  225  222  219  213  210  203  199  194
  192  189  189  188  189  189  190  189  188  187  185  182  178  176  172  169
  165  162  160  158  157  155  154  152  150  148  147  145  144  143  144  145
  147  149  153  155  159  159  162  159  182                                   
    67.5-180.0 180.0   5.0 450.0                            LAT/LON1/LON2/DLON/H
  188  185  197  202  205  206  206  204  204  201  201  199  198  197  197  199
  201  205  211  217  224  230  235  238  237  235  232  226  221  215  211  206
  203  202  201  202  201  202  200  199  195  194  188  185  179  176  170  167
  161  159  156  154  152  150  148  144  142  138  136  132  131  130  131  132
  135  138  144  148  155  156  165  159  188                                   
    65.0-180.0 180.0   5.0 450.0                            LAT/LON1/LON2/DLON/H
  188  192  200  211  213  214  213  213  212  210  209  209  209  208  209  211
  212  216  221  231  236  244  247  250  248  247  243  237  233  227  225  220
  219  216  215  215  213  212  208  206  200  197  191  185  178  173  167  161
  156  152  150  146  145  142  140  136  132  129  125  123  119  119  120  122
  125  130  134  142  148  154  163  160  188                                   
    62.5-180.0 180.0   5.0 450.0                            LAT/LON1/LON2/DLON/H
  181  189  202  212  215  217  217  217  216  215  215  217  217  218  217  220
  219  224  229  238  243  250  253  256  255  252  249  243  240  235  234  232
  231  229  229  228  224  222  217  215  207  203  195  188  178  173  164  157
  150  147  142  141  138  136  133  128  124  119  115  112  109  108  108  110
  113  117  123  130  138  144  158  152  181                                   
    60.0-180.0 180.0   5.0 450.0                            LAT/LON1/LON2/DLON/H
  171  184  195  209  214  214  215  216  216  216  217  219  220  221  222  225
  225  229  233  242  245  252  254  258  257  255  253  249  248  244  247  246
  249  247  245  242  236  233  226  223  214  209  200  192  182  173  164  154
  148  141  138  134  133  130  127  123  118  113  109  104  102  100  101  102
  104  108  112  121  126  135  148  145  171                                   
    57.5-180.0 180.0   5.0 450.0                            LAT/LON1/LON2/DLON/H
  156  173  190  203  210  212  213  215  214  216  217  220  221  223  224  227
  228  231  235  240  245  250  254  256  257  255  256  254  254  255  259  261
  263  262  259  255  248  243  236  231  222  218  208  201  188  180  167  159
  148  142  136  134  129  126  124  120  116  111  108  104  101   99   99  100
  102  104  108  114  120  126  140  136  156                                   
    55.0-180.0 180.0   5.0 450.0                            LAT/LON1/LON2/DLON/H
  149  169  182  201  208  213  214  216  215  218  217  222  220  224  224  229
  229  233  234  239  243  248  252  256  259  259  262  262  266  269  276  280
  282  281  275  269  259  254  245  241  232  229  219  211  198  188  176  164
  155  145  139  134  130  127  123  121  117  114  111  108  105  105  105  107
  106  109  109  115  117  124  136  134  149                                   
    52.5-180.0 180.0   5.0 450.0                            LAT/LON1/LON2/DLON/H
  145  162  183  201  212  217  220  221  220  223  221  225  224  227  227  231
  231  233  233  236  239  244  249  255  259  263  268  273  280  287  294  300
  301  300  293  285  273  265  256  251  244  239  230  222  209  199  185  176
  162  156  146  142  135  133  130  128  127  124  123  121  120  119  120  121
  120  120  121  123  125  126  138  135  145                                   
    50.0-180.0 180.0   5.0 450.0                            LAT/LON1/LON2/DLON/H
  154  171  188  210  222  230  232  233  231  232  231  233  232  233  232  234
  234  235  233  235  237  244  250  258  266  273  281  289  297  305  313  316
  317  313  305  295  285  276  269  264  257  251  242  234  222  211  197  187
  176  165  157  149  145  140  140  138  139  138  138  137  137  137  137  139
  136  137  135  136  136  134  141  145  154                                   
    47.5-180.0 180.0   5.0 450.0                            LAT/LON1/LON2/DLON/H
  167  177  202  220  236  243  250  248  247  244  243  244  242  241  239  240
  237  237  233  234  236  243  252  262  272  283  293  303  312  321  326  331
  327  323  313  305  294  289  281  275  265  260  248  241  227  219  205  197
  184  178  166  162  153  151  149  151  152  154  154  155  153  154  154  155
  153  152  152  149  150  145  153  158  167                                   
    45.0-180.0 180.0   5.0 450.0                            LAT/LON1/LON2/DLON/H
  188  193  211  234  247  258  262  264  261  260  259  259  258  256  255  253
  251  248  242  242  245  252  262  275  287  299  308  317  326  332  336  336
  335  327  322  311  308  298  294  282  275  263  254  242  233  223  213  204
  196  187  178  169  163  159  158  160  162  165  166  167  166  168  166  167
  164  165  163  163  161  158  161  173  188                                   
    42.5-180.0 180.0   5.0 450.0                            LAT/LON1/LON2/DLON/H
  207  204  224  241  258  267  276  275  277  274  275  275  275  275  273  272
  267  263  255  254  256  265  275  290  301  313  320  332  336  343  342  343
  338  333  326  321  316  311  303  294  279  269  253  245  232  226  215  212
  202  195  184  178  168  166  163  165  167  170  172  173  172  172  172  170
  169  168  168  167  168  164  172  180  207                                   
    40.0-180.0 180.0   5.0 450.0                            LAT/LON1/LON2/DLON/H
  218  216  231  248  259  268  275  280  281  280  284  288  292  295  297  296
  292  284  275  272  275  284  296  309  321  330  336  344  350  352  353  350
  348  341  339  332  334  324  320  302  292  271  261  245  239  227  224  217
  212  201  193  182  174  167  166  167  168  169  171  171  171  172  172  172
  170  170  169  171  171  171  175  189  218                                   
    37.5-180.0 180.0   5.0 450.0                            LAT/LON1/LON2/DLON/H
  222  221  234  250  263  269  279  283  288  290  297  303  310  314  318  318
  315  307  298  296  299  310  320  336  342  354  355  367  369  375  373  374
  372  367  366  363  364  354  344  326  307  292  271  263  247  242  231  229
  218  211  200  192  180  175  171  172  172  171  174  173  172  171  172  172
  170  168  166  166  168  167  178  187  222                                   
    35.0-180.0 180.0   5.0 450.0                            LAT/LON1/LON2/DLON/H
  221  227  237  252  262  265  274  279  288  292  303  310  321  326  334  334
  336  329  326  324  332  341  351  363  372  380  384  392  403  409  417  419
  422  418  421  415  416  396  384  356  337  309  293  274  267  254  250  240
  234  223  214  206  198  192  191  187  189  185  189  184  187  181  183  177
  176  170  167  164  164  165  176  191  221                                   
    32.5-180.0 180.0   5.0 450.0                            LAT/LON1/LON2/DLON/H
  221  228  237  254  263  265  274  281  295  304  319  329  341  348  354  357
  358  355  353  355  363  374  382  396  400  412  414  430  440  460  471  482
  487  488  488  478  472  453  435  407  381  354  330  314  292  281  267  262
  251  239  231  225  220  215  213  209  208  206  208  206  207  205  205  202
  200  187  178  169  165  162  177  189  221                                   
    30.0-180.0 180.0   5.0 450.0                            LAT/LON1/LON2/DLON/H
  223  236  246  258  267  266  277  282  299  314  335  348  363  370  378  379
  382  379  381  385  397  410  418  428  435  443  455  472  496  518  541  555
  566  560  554  536  519  499  486  455  431  403  383  357  334  312  292  276
  267  252  250  243  248  241  247  238  244  235  241  235  239  232  230  219
  213  199  195  183  180  174  182  195  223                                   
    27.5-180.0 180.0   5.0 450.0                            LAT/LON1/LON2/DLON/H
  231  238  252  265  272  275  287  295  317  336  361  376  394  404  412  414
  412  411  412  421  431  446  451  463  467  482  495  523  551  585  612  632
  636  633  619  599  573  553  528  504  482  460  438  416  387  365  332  317
  299  286  279  277  278  277  280  277  280  278  279  280  280  277  274  266
  256  238  223  204  192  183  196  215  231                                   
    25.0-180.0 180.0   5.0 450.0                            LAT/LON1/LON2/DLON/H
  247  238  263  274  288  291  308  316  340  359  381  398  418  432  445  450
  451  448  449  455  466  477  485  494  507  525  553  583  621  656  688  705
  717  703  686  655  623  594  563  536  509  491  469  451  422  397  355  329
  305  290  292  292  314  316  323  322  317  319  314  318  313  311  306  303
  299  288  264  241  222  201  204  217  247                                   
    22.5-180.0 180.0   5.0 450.0                            LAT/LON1/LON2/DLON/H
  263  241  274  295  308  319  328  343  368  384  406  421  445  462  478  487
  485  484  482  491  497  509  514  529  544  574  606  641  677  719  746  766
  764  751  722  690  648  617  580  549  518  498  466  448  416  389  358  336
  322  314  321  335  351  366  365  369  363  365  358  360  353  349  339  334
  331  323  304  290  268  244  231  233  263                                   
    20.0-180.0 180.0   5.0 450.0                            LAT/LON1/LON2/DLON/H
  277  243  276  306  326  332  345  359  388  403  422  436  459  482  502  516
  518  519  520  525  530  538  544  565  591  624  662  692  731  756  787  794
  793  768  737  696  656  615  575  529  490  463  436  413  388  366  348  336
  333  331  346  360  381  393  392  395  394  395  387  385  371  359  349  344
  342  338  324  304  281  257  246  245  277                                   
    17.5-180.0 180.0   5.0 450.0                            LAT/LON1/LON2/DLON/H
  272  247  272  309  336  348  361  376  406  422  439  452  474  497  525  542
  550  559  561  566  565  572  582  610  638  675  702  730  753  779  796  804
  791  767  728  690  648  607  557  499  455  421  389  362  344  328  324  321
  328  336  354  376  397  407  405  407  403  406  394  388  373  359  348  340
  342  337  330  312  287  263  255  249  272                                   
    15.0-180.0 180.0   5.0 450.0                            LAT/LON1/LON2/DLON/H
  262  240  263  296  332  349  362  380  404  424  444  458  482  506  531  564
  578  593  600  606  604  611  621  652  677  711  736  752  774  782  795  790
  778  745  711  667  633  587  531  464  417  368  335  305  293  285  297  307
  323  335  357  379  395  405  400  404  396  397  381  373  351  341  335  328
  329  325  319  305  284  258  249  245  262                                   
    12.5-180.0 180.0   5.0 450.0                            LAT/LON1/LON2/DLON/H
  245  235  248  284  320  340  358  376  404  429  450  469  492  514  538  573
  598  626  638  645  645  648  661  683  706  733  742  760  764  769  768  764
  744  722  680  648  616  573  520  457  394  336  291  259  252  255  283  303
  323  339  362  383  388  389  385  380  372  369  354  341  320  317  307  307
  306  305  302  290  269  249  234  226  245                                   
    10.0-180.0 180.0   5.0 450.0                            LAT/LON1/LON2/DLON/H
  219  211  230  262  299  324  351  372  405  432  460  472  498  520  544  582
  605  642  655  662  666  670  685  706  726  742  747  755  751  753  746  736
  713  682  648  622  598  556  511  443  379  315  265  238  233  247  284  306
  335  345  366  376  375  376  361  360  342  336  316  301  285  274  271  268
  271  269  267  253  238  217  205  201  219                                   
     7.5-180.0 180.0   5.0 450.0                            LAT/LON1/LON2/DLON/H
  199  199  216  250  285  313  344  373  411  439  468  484  506  530  556  590
  615  650  668  677  682  690  700  719  732  736  730  731  727  722  711  701
