data/unet/pred2460.15i
     1.0            IONOSPHERE MAPS     GNSS                IONEX VERSION / TYPE
pyspatialgeodesy        IME             05-JAN-18 20:20     PGM / RUN BY / DATE 
Map Name                                                    COMMENT             
Predicted global ionosphere maps (GIM).                     DESCRIPTION         
  2015     9     3     0     0     0                        EPOCH OF FIRST MAP  
  2015     9     4     0     0     0                        EPOCH OF LAST MAP   
  7200                                                      INTERVAL            
    13                                                      # OF MAPS IN FILE   
  NONE                                                      MAPPING FUNCTION    
10.0                                                        ELEVATION CUTOFF    
One-way carrier phase leveled to code                       OBSERVABLES USED    
  6371.0                                                    BASE RADIUS         
 2                                                          MAP DIMENSION       
   450.0 450.0   0.0                                        HGT1 / HGT2 / DHGT  
    87.5 -87.5  -2.5                                        LAT1 / LAT2 / DLAT  
  -180.0 180.0   5.0                                        LON1 / LON2 / DLON  
    -1                                                      EXPONENT            
                                                            END OF HEADER       
[from data line 1716]
     5                                                      START OF TEC MAP    
  2015     9     3     8     0     0                        EPOCH OF CURRENT MAP
    87.5-180.0 180.0   5.0 450.0                            LAT/LON1/LON2/DLON/H
  114  120  126  125  126  124  126  125  128  128  131  130  132  130  132  129
  130  128  128  125  126  123  124  120  122  119  121  118  120  118  121  118
  120  118  120  118  119  118  119  118  119  119  121  121  122  122  124  124
  125  125  125  125  125  125  124  123  123  122  121  120  120  119  118  117
  118  117  119  119  122  116  121  106  114                                   
    85.0-180.0 180.0   5.0 450.0                            LAT/LON1/LON2/DLON/H
  122  125  125  131  127  127  128  131  131  132  133  133  134  133  134  132
  133  131  132  129  130  128  129  126  127  125  127  124  126  124  126  125
  126  125  127  125  127  125  127  126  128  127  129  129  131  131  133  133
  134  134  135  134  135  133  133  131  131  129  128  127  127  126  124  124
  123  124  123  124  125  122  124  108  122                                   
    82.5-180.0 180.0   5.0 450.0                            LAT/LON1/LON2/DLON/H
  125  122  122  121  118  118  119  122  121  123  123  124  123  123  122  122
  121  119  119  117  118  116  117  115  116  115  117  115  118  117  119  118
  120  119  121  120  121  121  122  122  123  124  126  126  129  129  132  132
  135  134  136  134  137  134  135  133  133  131  130  128  128  126  125  123
  123  122  122  121  121  119  121  111  125                                   
    80.0-180.0 180.0   5.0 450.0                            LAT/LON1/LON2/DLON/H
  120  112  114  109  110  107  110  109  111  110  111  110  110  108  108  105
  105  103  102  100   99   99   98   99   98   99  100  101  103  105  107  108
  110  110  113  112  115  113  116  115  119  118  123  123  128  128  134  134
  139  138  141  139  141  138  140  137  138  134  134  130  131  126  126  121
  122  119  120  117  118  113  112  109  120                                   
    77.5-180.0 180.0   5.0 450.0                            LAT/LON1/LON2/DLON/H
  111  110  110  106  104  102  102  102  101  100  100   99   98   96   95   93
   92   90   90   87   86   85   85   84   86   86   90   92   96   98  103  104
  107  108  111  111  112  113  114  116  117  119  122  126  130  134  139  143
  147  148  151  151  153  151  152  149  149  145  144  140  139  134  133  129
  128  125  125  121  119  114  112  103  111                                   
    75.0-180.0 180.0   5.0 450.0                            LAT/LON1/LON2/DLON/H
  111  104  105   97   96   91   92   89   89   87   88   86   86   84   84   82
   82   80   79   77   75   74   73   74   75   77   80   84   89   94  100  104
  107  110  112  112  113  113  115  116  118  120  126  129  137  140  149  152
  158  159  162  162  163  162  160  159  156  153  148  146  142  138  134  132
  129  128  126  124  122  115  113  103  111                                   
    72.5-180.0 180.0   5.0 450.0                            LAT/LON1/LON2/DLON/H
  109  106  100   93   88   83   81   79   77   76   76   75   75   74   75   74
   74   72   72   68   67   64   63   62   63   64   68   72   79   85   94   99
  105  107  110  110  109  109  109  111  113  118  124  131  139  147  154  160
  164  167  168  169  169  167  165  162  160  156  153  148  146  141  139  134
  133  129  130  125  124  119  116  106  109                                   
    70.0-180.0 180.0   5.0 450.0                            LAT/LON1/LON2/DLON/H
  115  104  101   91   85   77   76   71   71   68   69   67   69   67   71   69
   71   69   70   67   65   62   61   59   61   61   66   70   77   86   95  102
  107  111  113  114  112  111  111  113  116  120  129  135  147  152  162  164
  169  169  169  168  166  163  160  158  155  152  149  147  145  141  139  136
  136  134  135  132  132  124  120  113  115                                   
    67.5-180.0 180.0   5.0 450.0                            LAT/LON1/LON2/DLON/H
  118  112  102   92   84   76   73   67   65   61   63   61   64   65   68   68
   70   69   69   65   63   59   57   54   54   54   59   62   70   77   89   96
  104  107  111  110  109  107  107  109  113  119  127  138  147  155  160  164
  165  164  161  159  155  152  148  146  144  142  140  139  138  136  135  134
  136  134  137  134  134  128  124  116  118                                   
    65.0-180.0 180.0   5.0 450.0                            LAT/LON1/LON2/DLON/H
  126  114  107   96   88   77   74   66   65   60   61   61   63   64   67   68
   70   69   69   65   62   58   56   54   54   53   58   62   68   78   86   97
  103  109  111  113  110  110  110  113  117  124  134  144  154  159  164  164
  163  159  154  149  146  141  139  136  136  134  134  132  134  131  133  132
  135  135  139  138  140  133  129  125  126                                   
    62.5-180.0 180.0   5.0 450.0                            LAT/LON1/LON2/DLON/H
  133  123  112  101   93   82   76   68   65   59   60   58   61   62   66   66
   68   66   65   62   58   54   52   49   49   49   52   56   63   70   80   90
   98  104  109  110  110  110  111  115  120  128  138  148  157  161  164  163
  160  154  147  142  138  134  131  130  130  129  128  129  128  128  127  129
  131  134  138  139  141  135  132  129  133                                   
    60.0-180.0 180.0   5.0 450.0                            LAT/LON1/LON2/DLON/H
  140  125  119  108  101   87   82   71   68   60   60   58   59   59   61   62
   62   61   58   56   50   49   46   47   46   49   51   57   62   68   77   88
   96  105  108  114  114  116  117  120  127  134  145  154  163  164  167  164
  161  152  147  141  139  134  133  130  132  130  131  129  131  129  129  129
  132  134  139  140  144  136  136  135  140                                   
    57.5-180.0 180.0   5.0 450.0                            LAT/LON1/LON2/DLON/H
  145  132  125  114  106   94   86   75   69   61   58   55   56   56   56   55
   55   52   50   45   44   40   40   40   42   44   49   52   58   63   71   80
   91   99  107  112  116  119  121  126  132  140  150  159  166  169  170  167
  163  157  151  147  144  141  140  139  141  139  138  137  135  134  131  131
  131  134  136  140  142  138  139  137  145                                   
    55.0-180.0 180.0   5.0 450.0                            LAT/LON1/LON2/DLON/H
  149  135  131  123  116   99   92   77   73   61   60   55   54   52   51   49
   47   43   40   38   34   35   33   39   39   46   49   55   59   65   72   82
   92  102  112  119  123  127  131  135  143  149  161  166  175  175  179  175
  175  168  166  162  160  157  157  156  157  154  152  148  147  142  140  137
  137  137  141  142  146  140  144  143  149                                   
    52.5-180.0 180.0   5.0 450.0                            LAT/LON1/LON2/DLON/H
  153  141  137  128  119  106   96   82   74   64   59   55   53   50   48   44
   41   36   34   31   30   29   33   35   41   45   51   54   60   63   71   79
   91  102  114  123  130  135  139  145  151  160  168  175  183  184  187  186
  187  184  183  181  180  178  176  175  174  173  167  165  158  154  147  145
  141  143  142  146  146  144  148  147  153                                   
    50.0-180.0 180.0   5.0 450.0                            LAT/LON1/LON2/DLON/H
  156  143  141  134  127  110  103   84   79   65   63   56   54   49   46   42
   38   33   30   29   28   30   32   39   43   51   53   60   62   67   72   82
   96  108  123  132  142  147  154  157  168  171  182  186  196  196  201  200
  204  202  203  203  201  200  196  194  193  189  186  180  175  168  163  157
  155  153  154  154  155  148  153  153  156                                   
    47.5-180.0 180.0   5.0 450.0                            LAT/LON1/LON2/DLON/H
  158  148  144  136  127  115  104   89   81   70   66   60   58   53   48   43
   40   35   33   32   33   34   39   41   49   52   58   60   65   67   74   82
   96  111  126  139  149  157  164  170  177  183  190  198  204  207  211  214
  217  219  219  218  215  212  208  205  202  202  194  193  185  181  172  168
  164  162  160  160  160  154  155  156  158                                   
    45.0-180.0 180.0   5.0 450.0                            LAT/LON1/LON2/DLON/H
  160  149  145  138  130  116  109   92   88   75   73   65   64   57   54   48
   45   42   40   41   42   43   46   51   54   58   60   64   65   70   76   85
  101  116  133  145  160  167  176  179  189  193  203  209  216  220  225  228
  231  233  231  231  223  221  213  213  209  208  203  201  196  190  186  179
  178  175  175  171  172  161  159  161  160                                   
    42.5-180.0 180.0   5.0 450.0                            LAT/LON1/LON2/DLON/H
  159  149  143  133  125  114  108   95   92   83   81   73   72   66   62   57
   55   53   54   54   57   57   60   59   61   61   64   64   67   70   77   86
  100  117  134  149  165  174  182  187  195  201  211  217  226  230  236  239
  242  241  238  233  225  220  213  211  208  210  205  207  203  200  194  191
  188  187  185  183  181  169  164  166  159                                   
    40.0-180.0 180.0   5.0 450.0                            LAT/LON1/LON2/DLON/H
  159  147  138  130  122  111  107   97   96   88   89   81   82   73   70   65
   64   63   65   66   69   68   69   66   67   64   65   64   68   72   81   90
  106  121  139  154  170  180  189  194  203  210  220  228  237  244  248  252
  253  254  246  243  232  230  221  223  219  222  218  219  215  211  207  203
  202  199  200  195  193  176  167  170  159                                   
    37.5-180.0 180.0   5.0 450.0                            LAT/LON1/LON2/DLON/H
  159  143  131  121  113  105  103   95   96   92   95   90   90   83   80   75
   75   75   78   79   82   79   79   73   72   66   66   65   68   74   82   93
  106  124  139  156  173  183  194  200  209  217  228  235  245  251  259  262
  266  264  261  255  249  246  241  243  241  244  240  241  235  231  225  220
  219  216  213  208  203  186  175  173  159                                   
    35.0-180.0 180.0   5.0 450.0                            LAT/LON1/LON2/DLON/H
  161  139  123  112  105   98   97   92   96   93   99   95   98   90   89   81
   83   82   87   86   91   86   88   78   77   68   68   66   71   76   87   97
  113  128  145  160  177  188  200  208  218  226  238  245  257  265  276  283
  290  292  291  289  284  285  280  283  280  280  275  270  263  256  246  242
  237  236  231  224  216  197  182  178  161                                   
    32.5-180.0 180.0   5.0 450.0                            LAT/LON1/LON2/DLON/H
  161  135  118  106   97   92   92   88   92   91   98   97  102   96   95   90
   90   89   93   92   95   91   91   83   80   73   70   70   73   80   91  104
  117  133  147  165  179  194  207  217  228  234  245  254  266  275  291  302
  315  321  328  331  332  335  334  338  333  331  321  315  303  293  281  272
  266  261  254  243  233  212  194  182  161                                   
    30.0-180.0 180.0   5.0 450.0                            LAT/LON1/LON2/DLON/H
  164  137  115  102   93   85   85   81   86   86   94   96  102   99  100   94
   96   93   97   94  100   93   97   87   87   78   78   76   80   87   98  110
  125  138  153  168  183  198  213  224  237  242  255  260  277  289  311  326
  346  357  371  379  389  396  398  399  393  384  373  363  352  339  323  311
  301  292  283  267  253  229  207  193  164                                   
    27.5-180.0 180.0   5.0 450.0                            LAT/LON1/LON2/DLON/H
  170  144  123  106   93   86   82   78   80   81   89   91   98   98  100   96
   98   96   98   96   99   96   99   92   91   85   83   82   85   91  101  116
  128  142  155  171  184  201  215  230  241  248  259  268  283  299  322  345
  368  388  406  422  437  451  458  459  451  438  423  409  397  380  366  352
  340  326  315  293  276  250  225  202  170                                   
    25.0-180.0 180.0   5.0 450.0                            LAT/LON1/LON2/DLON/H
  182  163  136  116  101   90   86   78   81   78   85   88   95   98  100   99
  100   99  101   98  104   99  106   99  101   94   93   89   90   94  105  118
  133  145  157  172  187  204  218  233  246  255  268  277  294  314  340  368
  395  417  440  460  481  496  503  502  492  480  465  451  439  425  411  397
  381  366  348  326  303  276  247  223  182                                   
    22.5-180.0 180.0   5.0 450.0                            LAT/LON1/LON2/DLON/H
  197  178  159  138  120  107   99   92   87   83   86   86   93   95   99   98
  100   99  101  100  105  104  108  106  106  101   97   92   89   94  102  119
  131  144  156  172  188  206  221  236  250  261  274  286  303  328  356  387
  413  440  462  487  504  522  528  530  522  509  494  481  472  459  448  429
  414  393  377  352  329  302  272  241  197                                   
    20.0-180.0 180.0   5.0 450.0                            LAT/LON1/LON2/DLON/H
  213  205  181  162  141  125  114  103   99   90   91   89   95   97   99   99
  101  100  105  104  111  109  116  113  115  108  103   94   90   91  100  115
  129  140  154  170  190  207  225  238  258  268  285  296  318  343  371  401
  428  452  477  498  518  532  539  540  532  521  511  502  498  489  480  462
  445  425  405  382  355  327  298  267  213                                   
    17.5-180.0 180.0   5.0 450.0                            LAT/LON1/LON2/DLON/H
  232  221  203  184  166  149  135  123  114  105  102   98  102   99  101   98
  101  100  104  105  111  112  116  116  114  109   99   91   84   88   96  113
  126  139  152  173  194  213  229  247  265  277  295  307  329  354  382  410
  435  458  479  498  512  524  526  528  519  515  506  506  506  503  496  480
  462  439  422  396  374  347  316  286  232                                   
    15.0-180.0 180.0   5.0 450.0                            LAT/LON1/LON2/DLON/H
  246  244  220  201  182  166  152  140  130  120  116  110  112  107  106  101
  102  100  106  107  114  114  120  118  117  107   97   86   79   83   91  108
  123  135  154  174  197  216  236  254  275  289  310  326  348  371  397  419
  439  457  469  484  492  499  499  500  497  494  495  498  504  505  501  487
  473  453  434  413  390  365  333  310  246                                   
    12.5-180.0 180.0   5.0 450.0                            LAT/LON1/LON2/DLON/H
  270  263  240  217  200  184  172  159  149  139  130  125  122  116  112  104
  104  101  103  105  109  111  114  115  108  102   90   83   77   81   90  106
  120  139  157  183  205  225  243  262  283  299  323  338  361  379  403  422
  439  451  457  466  467  470  463  464  463  468  470  480  486  493  492  482
  470  451  436  413  397  375  346  321  270                                   
    10.0-180.0 180.0   5.0 450.0                            LAT/LON1/LON2/DLON/H
  281  282  259  234  213  198  186  175  166  158  150  141  135  127  119  109
  106  103  105  107  110  110  114  110  107   95   88   79   77   79   89  103
  121  138  162  188  211  232  250  272  294  314  340  355  380  393  416  427
  441  445  450  452  451  448  441  444  447  455  459  469  477  483  481  473
  463  448  434  416  401  379  355  331  281                                   
     7.5-180.0 180.0   5.0 450.0                            LAT/LON1/LON2/DLON/H
  302  299  275  254  233  212  201  188  181  172  163  156  145  139  126  116
  109  105  104  102  103  102  106  103  101   93   86   81   77   81   86  103
