data/unet/pred1780.15i
     1.0            IONOSPHERE MAPS     GNSS                IONEX VERSION / TYPE
pyspatialgeodesy        IME             05-JAN-18 20:20     PGM / RUN BY / DATE 
Map Name                                                    COMMENT             
Predicted global ionosphere maps (GIM).                     DESCRIPTION         
  2015     6    27     0     0     0                        EPOCH OF FIRST MAP  
  2015     6    28     0     0     0                        EPOCH OF LAST MAP   
  7200                                                      INTERVAL            
    13                                                      # OF MAPS IN FILE   
  NONE                                                      MAPPING FUNCTION    
10.0                                                        ELEVATION CUTOFF    
One-way carrier phase leveled to code                       OBSERVABLES USED    
  6371.0                                                    BASE RADIUS         
 2                                                          MAP DIMENSION       
   450.0 450.0   0.0                                        HGT1 / HGT2 / DHGT  
    87.5 -87.5  -2.5                                        LAT1 / LAT2 / DLAT  
  -180.0 180.0   5.0                                        LON1 / LON2 / DLON  
    -1                                                      EXPONENT            
                                                            END OF HEADER       
     1                                                      START OF TEC MAP    
  2015     6    27     0     0     0                        EPOCH OF CURRENT MAP
    87.5-180.0 180.0   5.0 450.0                            LAT/LON1/LON2/DLON/H
  172  144  148  146  144  140  141  139  140  138  139  137  138  136  137  135
  136  134  135  132  133  131  131  128  129  126  127  124  124  122  122  120
  121  119  120  118  119  117  118  117  118  116  117  116  117  116  117  116
  118  117  119  118  120  119  121  121  123  123  125  125  128  128  131  131
  134  134  136  136  138  137  137  163  172                                   
    85.0-180.0 180.0   5.0 450.0                            LAT/LON1/LON2/DLON/H
  149  150  156  156  154  149  150  147  148  146  147  144  146  144  145  142
  143  140  142  138  139  135  136  132  132  128  128  124  124  120  121  117
  118  115  116  114  115  113  114  112  113  111  113  111  113  112  114  113
  115  114  117  116  119  118  121  121  124  124  126  127  130  131  134  135
  139  140  142  142  145  142  140  135  149                                   
    82.5-180.0 180.0   5.0 450.0                            LAT/LON1/LON2/DLON/H
  155  159  160  160  157  152  153  150  152  149  151  148  151  147  149  146
  148  144  145  141  142  138  138  133  133  128  127  122  122  118  118  114
  115  111  113  110  111  109  110  108  110  108  110  109  111  109  112  111
  114  113  116  115  119  117  121  119  124  122  126  125  131  129  135  134
  140  140  145  145  149  145  143  138  155                                   
    80.0-180.0 180.0   5.0 450.0                            LAT/LON1/LON2/DLON/H
  163  164  165  165  160  158  156  156  156  155  155  155  154  154  153  152
  151  150  149  147  146  143  141  138  135  132  129  125  122  119  117  116
  114  113  112  112  112  112  112  113  113  113  114  115  116  117  118  120
  121  122  123  123  124  124  125  124  126  125  127  128  131  132  135  137
  141  143  147  150  153  153  149  148  163                                   
    77.5-180.0 180.0   5.0 450.0                            LAT/LON1/LON2/DLON/H
  166  165  164  164  159  157  155  154  154  154  153  153  153  152  151  150
  149  148  147  146  145  143  141  138  134  130  126  123  119  116  114  112
  111  112  112  113  114  115  116  118  118  120  120  122  123  125  126  128
  129  130  130  130  130  129  128  128  127  127  127  128  129  131  133  136
  139  142  146  150  154  153  152  150  166                                   
    75.0-180.0 180.0   5.0 450.0                            LAT/LON1/LON2/DLON/H
  163  161  160  160  155  152  151  150  150  150  151  150  150  148  147  146
  145  144  143  142  141  139  137  134  131  127  123  118  115  112  110  109
  109  110  112  114  116  117  119  120  121  123  125  127  129  131  134  135
  137  137  138  137  137  135  134  132  131  130  129  128  129  130  132  134
  137  140  144  148  153  153  150  149  163                                   
    72.5-180.0 180.0   5.0 450.0                            LAT/LON1/LON2/DLON/H
  158  155  153  151  147  144  143  143  144  145  146  147  146  145  144  142
  140  139  138  137  135  134  132  129  125  121  116  112  108  105  104  104
  105  108  110  114  114  118  117  120  120  123  124  129  130  134  135  139
  140  142  141  142  140  139  136  135  132  130  128  127  126  127  127  130
  131  135  139  143  148  149  148  146  158                                   
    70.0-180.0 180.0   5.0 450.0                            LAT/LON1/LON2/DLON/H
  150  147  145  144  139  137  137  138  141  143  146  147  147  145  144  141
  139  137  135  134  132  131  128  125  120  115  111  107  103  101  101  102
  103  107  110  113  114  115  116  116  117  118  122  124  128  131  136  138
  142  142  145  144  143  141  139  136  134  131  129  127  126  125  126  126
  128  130  134  138  144  145  144  143  150                                   
    67.5-180.0 180.0   5.0 450.0                            LAT/LON1/LON2/DLON/H
  148  144  140  138  133  131  131  134  138  142  146  149  149  149  147  144
  140  137  135  133  131  129  127  123  117  113  108  104  100   99   99  101
  102  106  109  113  112  115  112  114  111  114  114  119  121  127  130  135
  137  141  141  143  141  140  137  135  131  130  127  126  123  123  121  122
  122  124  128  133  139  141  141  139  148                                   
    65.0-180.0 180.0   5.0 450.0                            LAT/LON1/LON2/DLON/H
  146  142  140  136  131  128  130  133  139  144  150  154  156  156  153  150
  146  142  138  135  133  130  127  123  117  112  106  102   99   98   99  101
  103  106  109  111  111  110  109  107  107  105  108  109  114  117  123  127
  132  135  138  138  138  137  135  134  132  130  129  127  126  124  123  121
  122  123  127  131  138  140  139  136  146                                   
    62.5-180.0 180.0   5.0 450.0                            LAT/LON1/LON2/DLON/H
  150  146  141  138  132  128  128  132  137  144  151  157  161  161  160  156
  152  147  142  139  136  134  130  126  119  114  108  104  101  100  101  103
  104  105  106  107  106  105  102  101   98   98   97  100  102  108  111  118
  122  127  129  132  132  132  131  132  131  131  130  129  128  126  123  122
  121  122  125  130  136  139  139  135  150                                   
    60.0-180.0 180.0   5.0 450.0                            LAT/LON1/LON2/DLON/H
  154  150  147  143  138  132  132  133  139  144  151  158  163  166  165  162
  158  153  148  145  142  138  134  129  123  117  112  108  106  105  106  106
  106  105  105  103  101   98   96   93   92   90   91   91   95   98  104  109
  116  120  125  126  129  129  131  131  133  134  135  134  134  131  129  125
  124  124  128  131  138  139  140  136  154                                   
    57.5-180.0 180.0   5.0 450.0                            LAT/LON1/LON2/DLON/H
  163  159  155  151  144  138  134  135  137  142  148  155  161  163  165  163
  161  157  153  150  147  144  140  135  130  124  119  116  113  113  111  109
  106  103   99   96   93   90   88   85   84   83   83   83   86   90   95  100
  107  112  117  120  123  125  127  130  133  135  138  138  138  135  131  128
  126  126  129  133  140  142  142  136  163                                   
    55.0-180.0 180.0   5.0 450.0                            LAT/LON1/LON2/DLON/H
  168  164  164  162  155  148  142  139  139  141  145  150  155  159  161  162
  162  160  156  154  152  149  145  140  135  130  126  123  122  120  117  112
  107  100   95   90   87   83   81   79   79   77   78   78   81   84   90   94
  102  106  113  116  121  123  127  130  135  138  142  143  144  141  138  134
  132  131  134  137  144  146  145  139  168                                   
    52.5-180.0 180.0   5.0 450.0                            LAT/LON1/LON2/DLON/H
  175  171  173  172  166  158  150  145  141  140  141  144  148  152  155  157
  159  159  158  157  157  154  150  146  141  137  132  131  128  126  120  113
  105   96   89   84   80   77   76   74   75   74   75   75   79   81   86   90
   98  102  109  113  119  122  127  131  136  140  144  146  148  146  142  139
  136  136  138  142  148  150  149  143  175                                   
    50.0-180.0 180.0   5.0 450.0                            LAT/LON1/LON2/DLON/H
  176  174  180  181  177  169  162  154  149  144  142  142  144  146  150  152
  157  158  159  160  160  158  154  150  146  141  138  135  134  130  124  113
  104   93   86   80   78   76   75   74   75   73   74   74   77   78   83   86
   93   98  106  110  119  122  131  133  142  144  151  152  155  152  151  146
  146  143  148  150  156  154  152  148  176                                   
    47.5-180.0 180.0   5.0 450.0                            LAT/LON1/LON2/DLON/H
  180  180  186  189  186  179  173  165  157  151  146  143  143  145  147  151
  156  158  161  163  164  163  159  156  150  146  141  140  137  134  125  115
  104   93   85   80   79   78   78   77   77   76   76   76   78   80   83   86
   92   97  104  110  119  125  134  139  146  150  155  157  159  157  155  153
  152  152  155  158  162  160  158  153  180                                   
    45.0-180.0 180.0   5.0 450.0                            LAT/LON1/LON2/DLON/H
  182  184  193  196  194  189  185  176  170  161  155  150  149  148  149  152
  158  161  164  167  169  169  164  160  155  149  146  143  142  136  129  117
  108   97   91   87   87   86   87   85   84   82   80   79   81   81   83   85
   91   94  102  107  119  126  138  144  154  157  164  164  167  165  165  162
  165  164  170  171  174  170  166  163  182                                   
    42.5-180.0 180.0   5.0 450.0                            LAT/LON1/LON2/DLON/H
  192  192  200  204  203  199  195  189  182  174  168  163  159  157  156  159
  163  167  171  175  177  177  173  169  161  157  151  150  147  144  135  125
  115  106  100   97   97   96   96   94   92   89   86   85   85   85   86   88
   93   96  103  110  120  130  141  150  160  165  169  170  172  171  171  170
  173  175  180  182  185  181  180  177  192                                   
    40.0-180.0 180.0   5.0 450.0                            LAT/LON1/LON2/DLON/H
  204  205  213  214  213  210  208  202  197  189  184  177  175  170  168  169
  174  177  182  186  189  189  185  178  170  163  159  156  155  150  144  134
  127  119  114  113  113  112  110  107  104  100   95   92   91   89   90   90
   95   97  103  109  121  131  146  156  169  173  179  179  182  180  182  181
  187  188  196  198  202  198  196  196  204                                   
    37.5-180.0 180.0   5.0 450.0                            LAT/LON1/LON2/DLON/H
  229  223  229  228  226  223  220  216  211  206  200  196  191  188  184  185
  188  193  197  202  205  205  200  194  183  178  170  169  164  164  157  150
  142  135  130  128  127  126  122  119  115  111  105  102  100   99   97   99
  101  104  108  115  126  138  153  165  176  181  185  186  189  188  190  191
  197  200  209  213  220  218  218  220  229                                   
    35.0-180.0 180.0   5.0 450.0                            LAT/LON1/LON2/DLON/H
  254  244  252  250  246  242  239  233  230  223  220  213  211  206  204  202
  206  210  215  219  223  221  218  208  200  190  186  178  179  174  172  163
  157  148  142  141  138  138  132  131  127  124  118  114  111  107  106  106
  109  110  114  118  130  141  158  169  181  184  190  189  194  193  198  200
  209  212  224  231  240  240  238  248  254                                   
    32.5-180.0 180.0   5.0 450.0                            LAT/LON1/LON2/DLON/H
  283  271  275  274  270  266  260  254  248  243  238  235  231  228  223  223
  225  230  235  240  242  240  234  226  215  209  199  196  191  189  184  178
  170  162  152  148  144  143  138  138  135  134  128  126  121  118  113  114
  115  116  118  122  132  144  160  171  181  186  190  190  195  196  201  205
  215  222  235  244  256  259  259  269  283                                   
    30.0-180.0 180.0   5.0 450.0                            LAT/LON1/LON2/DLON/H
  308  301  304  303  301  296  289  281  276  270  265  260  257  252  247  245
  248  253  256  259  260  257  252  242  235  223  217  207  204  196  194  185
  178  165  154  146  141  140  137  139  139  141  137  134  129  124  120  117
  119  118  120  122  132  141  156  166  177  180  186  186  193  195  203  208
  221  230  246  256  270  274  277  290  308                                   
    27.5-180.0 180.0   5.0 450.0                            LAT/LON1/LON2/DLON/H
  331  325  331  334  332  327  315  309  301  296  289  285  281  277  271  269
  270  274  276  278  277  273  267  259  250  241  229  220  210  203  196  189
  178  165  149  140  133  133  132  137  139  143  140  139  133  128  121  119
  118  117  119  122  129  139  151  161  170  174  179  183  190  195  203  212
  224  235  251  263  276  283  290  301  331                                   
    25.0-180.0 180.0   5.0 450.0                            LAT/LON1/LON2/DLON/H
  349  352  361  366  368  363  353  344  335  326  320  313  310  304  298  294
  294  295  296  296  292  288  282  273  266  252  239  222  212  199  192  182
  171  154  138  126  121  120  124  130  135  139  139  137  132  125  119  113
  113  110  113  114  122  129  141  148  158  162  169  173  183  189  201  211
  224  236  253  265  279  288  296  309  349                                   
    22.5-180.0 180.0   5.0 450.0                            LAT/LON1/LON2/DLON/H
  358  365  378  388  392  390  381  373  363  355  347  342  337  332  324  318
  316  316  314  311  305  298  291  284  273  260  239  222  204  193  181  173
  159  144  126  114  109  112  116  125  129  134  134  133  127  121  112  108
  105  104  106  109  115  123  133  141  150  156  163  171  180  189  201  212
  225  236  252  263  275  285  297  310  358                                   
    20.0-180.0 180.0   5.0 450.0                            LAT/LON1/LON2/DLON/H
  364  375  391  401  409  409  407  401  394  384  378  372  370  364  356  348
  342  338  332  324  316  308  301  291  280  260  237  213  194  179  168  158
  147  131  117  105  104  106  112  117  123  125  126  123  119  111  104   97
   97   95   99  100  108  115  125  133  144  152  161  169  180  189  203  215
  228  239  254  264  274  285  294  311  364                                   
    17.5-180.0 180.0   5.0 450.0                            LAT/LON1/LON2/DLON/H
  361  374  391  403  411  415  417  417  413  409  403  402  400  398  387  380
  368  361  349  338  325  314  304  293  278  257  226  203  179  166  154  148
  136  126  116  109  108  112  115  119  120  121  119  118  112  107   98   94
   90   89   91   95  102  111  122  133  144  155  165  177  187  199  213  226
  238  249  260  268  275  284  293  308  361                                   
    15.0-180.0 180.0   5.0 450.0                            LAT/LON1/LON2/DLON/H
  363  376  391  400  409  413  421  423  427  423  425  423  428  427  420  409
  397  383  367  350  334  319  306  292  274  246  215  188  166  153  145  137
  132  124  121  114  117  116  119  116  116  112  111  107  106  100   94   87
   84   80   84   89   98  108  121  132  147  160  174  187  198  210  226  238
  251  261  274  280  284  293  300  314  363                                   
    12.5-180.0 180.0   5.0 450.0                            LAT/LON1/LON2/DLON/H
  365  378  389  395  400  405  412  420  424  429  431  439  444  450  443  436
  420  404  381  360  339  320  303  286  262  234  200  176  156  148  141  138
  135  133  131  128  127  126  123  119  111  108  104  104  102   98   91   85
   77   75   78   85   96  108  121  133  152  168  185  201  214  227  243  255
  269  280  292  296  300  305  311  323  365                                   
    10.0-180.0 180.0   5.0 450.0                            LAT/LON1/LON2/DLON/H
  375  386  394  395  396  396  403  409  418  422  431  441  454  460  459  451
  437  418  393  367  342  319  299  277  251  220  190  168  153  145  143  141
  143  141  142  137  136  130  125  116  109  101  100   97  100   95   91   81
   77   72   76   83   96  109  124  138  157  177  197  215  230  245  262  275
  289  299  311  316  321  326  330  339  375                                   
     7.5-180.0 180.0   5.0 450.0                            LAT/LON1/LON2/DLON/H
  385  397  401  398  396  392  395  400  406  414  422  437  450  461  460  456
  442  423  394  366  338  312  288  263  235  207  180  163  153  150  149  150
