data/unet/pred3110.15i
     1.0            IONOSPHERE MAPS     GNSS                IONEX VERSION / TYPE
pyspatialgeodesy        IME             05-JAN-18 20:20     PGM / RUN BY / DATE 
Map Name                                                    COMMENT             
Predicted global ionosphere maps (GIM).                     DESCRIPTION         
  2015    11     7     0     0     0                        EPOCH OF FIRST MAP  
  2015    11     8     0     0     0                        EPOCH OF LAST MAP   
  7200                                                      INTERVAL            
    13                                                      # OF MAPS IN FILE   
  NONE                                                      MAPPING FUNCTION    
10.0                                                        ELEVATION CUTOFF    
One-way carrier phase leveled to code                       OBSERVABLES USED    
  6371.0                                                    BASE RADIUS         
 2                                                          MAP DIMENSION       
   450.0 450.0   0.0                                        HGT1 / HGT2 / DHGT  
    87.5 -87.5  -2.5                                        LAT1 / LAT2 / DLAT  
  -180.0 180.0   5.0                                        LON1 / LON2 / DLON  
    -1                                                      EXPONENT            
                                                            END OF HEADER       
[from data line 1716]
     5                                                      START OF TEC MAP    
  2015    11     7     8     0     0                        EPOCH OF CURRENT MAP
    87.5-180.0 180.0   5.0 450.0                            LAT/LON1/LON2/DLON/H
   19   33   30   28   32   29   33   30   35   32   35   32   36   32   36   32
   36   32   36   33   38   36   40   38   42   40   43   41   43   41   44   41
   43   42   44   42   43   42   43   41   42   41   43   41   42   40   42   39
   41   39   41   38   39   37   39   37   38   36   36   34   35   32   33   30
   31   29   30   29   34   28   32   24   19                                   
    85.0-180.0 180.0   5.0 450.0                            LAT/LON1/LON2/DLON/H
   25   47   40   46   44   45   45   48   48   51   50   53   52   54   53   55
   54   56   54   57   55   58   56   60   58   61   59   62   59   62   59   62
   58   62   58   61   58   61   58   61   58   61   59   61   59   61   59   61
   58   61   57   59   55   58   52   55   49   51   46   48   44   45   42   42
   40   40   39   40   41   38   36   21   25                                   
    82.5-180.0 180.0   5.0 450.0                            LAT/LON1/LON2/DLON/H
   24   43   36   37   35   38   39   44   44   47   46   49   48   51   49   52
   50   52   50   52   50   53   51   55   52   57   53   58   54   58   55   58
   55   58   55   59   56   60   58   62   60   63   62   65   64   66   64   65
   63   64   61   61   56   56   51   51   45   45   38   39   33   35   29   31
   26   29   25   28   26   26   28   11   24                                   
    80.0-180.0 180.0   5.0 450.0                            LAT/LON1/LON2/DLON/H
   21   41   29   30   29   33   33   38   39   42   41   45   44   46   45   47
   45   46   43   46   43   46   43   48   45   49   47   51   50   52   52   53
   54   53   55   55   57   57   60   61   63   65   67   69   72   72   74   73
   75   72   73   69   68   64   62   56   53   48   44   40   36   34   30   29
   26   26   24   23   23   18   24   12   21                                   
    77.5-180.0 180.0   5.0 450.0                            LAT/LON1/LON2/DLON/H
   18   41   33   31   30   32   35   37   39   40   42   42   43   41   43   40
   42   39   41   38   39   37   39   39   40   41   43   44   45   46   47   47
   47   47   47   48   49   51   54   57   60   63   68   72   76   79   83   84
   86   85   85   83   82   79   77   73   69   64   59   54   49   45   42   38
   36   33   32   29   29   23   28    9   18                                   
    75.0-180.0 180.0   5.0 450.0                            LAT/LON1/LON2/DLON/H
   26   44   33   33   34   34   38   36   41   38   42   38   42   38   40   36
   38   35   37   36   36   36   36   37   38   40   41   43   44   45   46   46
   46   46   47   47   47   49   52   54   59   64   70   76   82   89   93   96
   97  100  100  100   98   97   94   91   86   82   76   71   65   60   55   51
   47   44   41   38   37   29   32   16   26                                   
    72.5-180.0 180.0   5.0 450.0                            LAT/LON1/LON2/DLON/H
   37   53   42   40   38   40   39   42   40   42   39   41   39   38   37   35
   36   33   35   32   34   33   35   35   37   39   41   42   43   44   45   45
   45   45   45   45   44   47   48   54   58   65   73   82   90   98  105  109
  113  114  117  116  116  114  112  108  103   97   91   85   79   74   70   65
   61   57   53   49   46   41   43   24   37                                   
    70.0-180.0 180.0   5.0 450.0                            LAT/LON1/LON2/DLON/H
   45   59   44   47   43   45   44   45   45   42   42   40   42   40   42   40
   41   39   40   39   40   40   40   42   42   44   44   46   46   47   48   48
   48   48   48   47   48   49   54   57   65   74   85   94  105  113  122  125
  131  130  134  132  133  130  129  123  118  111  104   97   92   86   83   78
   76   71   68   63   60   50   52   34   45                                   
    67.5-180.0 180.0   5.0 450.0                            LAT/LON1/LON2/DLON/H
   51   65   52   51   50   50   49   50   47   48   43   46   43   46   44   45
   44   44   44   43   44   45   46   47   47   48   48   49   47   49   47   49
   47   49   48   50   49   53   56   63   70   81   92  105  118  128  135  139
  142  144  145  144  143  140  137  131  124  116  109  101   96   91   87   84
   81   78   76   71   68   59   62   41   51                                   
    65.0-180.0 180.0   5.0 450.0                            LAT/LON1/LON2/DLON/H
   54   66   49   52   50   52   50   52   48   49   43   46   46   48   48   51
   51   52   51   52   52   52   52   52   51   52   50   50   48   49   48   49
   48   50   51   51   55   57   65   71   81   94  107  121  132  140  146  147
  151  151  154  149  150  147  144  136  129  120  112  104   99   93   89   85
   82   79   78   74   72   62   63   46   54                                   
    62.5-180.0 180.0   5.0 450.0                            LAT/LON1/LON2/DLON/H
   52   66   51   51   54   51   55   51   51   48   46   47   49   52   52   57
   56   57   55   54   52   53   52   53   50   52   47   48   42   44   41   45
   44   47   50   53   58   63   70   80   93  106  120  131  141  147  150  152
  153  155  155  154  152  149  144  136  129  120  111  102   97   89   84   79
   76   73   72   70   67   58   62   44   52                                   
    60.0-180.0 180.0   5.0 450.0                            LAT/LON1/LON2/DLON/H
   54   61   44   49   50   49   52   51   49   47   45   47   49   52   57   60
   62   61   61   58   57   54   53   52   50   49   44   44   38   39   36   40
   42   46   52   57   65   71   84   95  109  122  133  144  150  155  157  160
  160  161  162  159  158  155  149  142  132  124  115  107  100   92   85   78
   73   68   67   64   64   55   56   42   54                                   
    57.5-180.0 180.0   5.0 450.0                            LAT/LON1/LON2/DLON/H
   51   63   46   47   50   48   53   49   49   44   44   43   47   51   57   61
   62   61   58   56   52   51   47   48   44   45   39   38   31   31   28   33
   36   44   53   63   73   83   96  108  122  133  144  152  157  161  163  165
  165  168  168  170  167  164  157  149  142  132  122  112  106   95   87   77
   70   65   61   59   58   50   54   41   51                                   
    55.0-180.0 180.0   5.0 450.0                            LAT/LON1/LON2/DLON/H
   56   57   43   46   47   47   51   46   46   40   40   39   44   47   55   57
   61   58   56   51   50   46   45   44   42   41   37   34   28   27   25   30
   37   48   61   75   89   97  111  123  134  147  155  163  167  173  175  177
  178  182  185  188  186  182  174  167  156  148  137  131  121  111   99   89
   80   71   67   64   63   55   58   46   56                                   
    52.5-180.0 180.0   5.0 450.0                            LAT/LON1/LON2/DLON/H
   64   67   54   52   54   52   55   50   49   42   40   38   41   44   49   52
   56   52   50   44   42   40   38   39   38   40   35   33   26   25   23   30
   39   54   71   87  101  110  123  133  144  156  163  170  175  180  182  186
  189  198  202  206  204  200  192  185  176  167  158  150  143  131  117  103
   92   81   74   71   70   62   69   60   64                                   
    50.0-180.0 180.0   5.0 450.0                            LAT/LON1/LON2/DLON/H
   76   70   61   63   60   59   60   54   52   43   42   37   42   41   50   48
   54   48   49   42   42   39   40   41   42   42   40   36   30   27   28   34
   46   64   83   99  115  124  135  145  155  166  173  180  187  191  196  199
  207  215  222  224  223  218  210  202  194  187  179  174  166  156  140  125
  111   97   88   85   86   77   83   76   76                                   
    47.5-180.0 180.0   5.0 450.0                            LAT/LON1/LON2/DLON/H
   91   88   77   77   72   71   71   65   61   52   48   43   43   44   46   48
   49   45   44   38   40   37   40   42   44   47   44   43   35   34   34   42
   54   75   95  113  128  137  147  156  164  173  179  187  191  198  201  210
  218  228  233  235  235  229  223  214  208  200  194  187  181  172  157  139
  124  109  101   97   97   92   99   96   91                                   
    45.0-180.0 180.0   5.0 450.0                            LAT/LON1/LON2/DLON/H
   99   93   86   88   84   82   82   77   72   62   57   50   51   48   52   49
   53   46   49   42   47   43   48   50   52   54   51   49   44   42   44   52
   67   87  107  127  140  151  159  168  175  183  190  196  202  208  213  221
  228  236  240  241  239  234  227  218  212  203  196  191  185  178  165  149
  132  118  109  105  107  102  109  106   99                                   
    42.5-180.0 180.0   5.0 450.0                            LAT/LON1/LON2/DLON/H
  101   98   96   96   90   91   90   88   81   75   66   61   59   57   56   55
   54   52   51   48   51   50   54   57   58   61   56   56   50   50   52   61
   76   96  117  135  151  159  170  177  185  193  197  203  206  214  219  227
  231  237  240  239  237  231  224  215  209  200  191  183  178  170  159  144
  130  116  108  104  106  102  112  112  101                                   
    40.0-180.0 180.0   5.0 450.0                            LAT/LON1/LON2/DLON/H
   93  100   95   97   94   94   95   96   93   87   82   77   76   70   71   64
   66   59   63   58   63   60   65   64   64   64   60   60   55   55   59   67
   83  104  124  143  156  169  178  189  197  204  210  213  219  222  229  231
  235  238  239  237  234  228  221  213  207  197  186  178  170  162  149  136
  123  110  102   97   98   93  104  101   93                                   
    37.5-180.0 180.0   5.0 450.0                            LAT/LON1/LON2/DLON/H
   78   91   91   89   87   89   92   96   96   96   91   91   87   86   81   79
   74   72   70   70   71   71   70   70   66   67   62   62   57   59   63   74
   88  110  129  147  164  175  189  199  210  216  219  223  227  233  236  238
  238  240  240  239  237  233  229  222  218  205  194  179  168  153  139  125
  114  101   93   85   82   77   87   87   78                                   
    35.0-180.0 180.0   5.0 450.0                            LAT/LON1/LON2/DLON/H
   58   80   75   71   70   76   80   90   89   96   96  100  101  100   99   93
   90   84   83   80   81   78   76   72   68   67   62   61   60   61   67   78
   95  117  134  155  169  186  199  214  224  232  236  239  243  247  250  248
  248  253  254  255  253  255  251  249  243  229  212  196  180  164  145  134
  120  109   96   85   78   68   71   64   58                                   
    32.5-180.0 180.0   5.0 450.0                            LAT/LON1/LON2/DLON/H
   42   66   60   52   51   56   64   74   80   87   92  100  105  109  107  105
   99   96   91   90   86   85   78   76   68   66   61   61   58   62   70   82
   99  119  138  155  173  190  209  224  238  246  252  255  260  263  265  263
  264  267  275  279  284  289  291  291  286  271  254  232  215  193  174  154
  141  126  113   95   82   65   64   55   42                                   
    30.0-180.0 180.0   5.0 450.0                            LAT/LON1/LON2/DLON/H
   37   49   44   38   37   42   48   57   64   76   83   96  105  112  114  114
  111  105  101   97   93   87   81   76   68   65   61   61   62   64   74   86
  104  124  139  158  175  195  214  233  250  262  271  274  282  282  288  285
  292  300  314  326  337  346  349  354  350  335  314  291  269  243  221  202
  183  166  147  130  109   86   75   57   37                                   
    27.5-180.0 180.0   5.0 450.0                            LAT/LON1/LON2/DLON/H
   60   53   53   44   40   41   42   47   53   62   71   85   97  107  112  114
  112  109  103   99   95   90   81   76   68   65   61   60   64   66   80   92
  110  128  143  159  178  198  221  241  260  273  287  293  303  304  314  314
  327  336  357  370  390  399  410  414  417  403  385  363  340  313  287  263
  244  223  202  176  155  127  110   77   60                                   
    25.0-180.0 180.0   5.0 450.0                            LAT/LON1/LON2/DLON/H
   90   74   67   56   52   48   46   45   49   52   61   73   87   98  106  110
  111  107  103   98   93   86   81   74   69   66   66   64   69   72   86   99
  117  135  149  164  182  203  225  247  269  284  301  310  324  329  343  347
  365  381  407  425  445  460  473  486  488  481  465  447  424  396  368  343
  325  305  283  250  216  188  156  119   90                                   
    22.5-180.0 180.0   5.0 450.0                            LAT/LON1/LON2/DLON/H
  141  113  105   85   79   61   63   57   59   59   59   67   77   88   94   99
  100   98   94   92   86   83   77   73   70   67   67   67   72   78   94  107
  125  141  155  171  187  209  232  255  279  295  317  330  349  356  374  380
  407  423  456  469  493  505  526  536  550  545  538  526  506  478  451  432
  414  398  371  339  298  258  224  181  141                                   
    20.0-180.0 180.0   5.0 450.0                            LAT/LON1/LON2/DLON/H
  187  168  157  132  121  100   94   79   77   63   63   62   71   76   84   88
   93   91   91   87   84   78   77   73   72   70   71   69   73   80   96  110
  129  149  164  182  198  222  244  270  294  314  341  357  380  389  408  417
  444  464  496  512  534  550  571  585  605  603  596  588  569  536  509  487
  471  456  437  408  374  339  293  251  187                                   
    17.5-180.0 180.0   5.0 450.0                            LAT/LON1/LON2/DLON/H
  245  230  224  200  177  151  138  119  110   88   78   73   72   72   74   81
   82   86   82   83   79   76   76   73   75   73   73   71   76   83  100  116
  133  154  168  189  207  230  255  283  309  332  363  380  403  416  437  449
  475  496  526  544  561  572  590  601  615  618  615  613  598  570  541  523
  505  493  471  446  417  383  357  320  245                                   
    15.0-180.0 180.0   5.0 450.0                            LAT/LON1/LON2/DLON/H
  285  277  264  245  229  209  194  170  152  117  103   86   84   75   75   74
   79   78   82   79   81   74   77   74   76   73   72   68   73   78   95  111
  133  156  173  198  217  245  270  301  330  353  382  399  424  440  460  471
  492  514  538  553  564  573  584  591  600  603  606  602  598  573  551  527
  514  493  475  452  431  407  383  359  285                                   
    12.5-180.0 180.0   5.0 450.0                            LAT/LON1/LON2/DLON/H
  310  311  304  285  262  245  228  209  188  156  132  113   99   89   79   78
   76   78   77   79   79   77   77   77   77   74   71   67   73   81   96  112
  134  158  178  204  226  254  282  312  341  366  395  412  436  451  468  482
  499  519  537  548  552  553  555  555  566  565  564  567  564  549  525  508
  489  467  446  430  418  403  388  373  310                                   
    10.0-180.0 180.0   5.0 450.0                            LAT/LON1/LON2/DLON/H
  307  308  305  296  279  261  244  230  213  186  166  142  128  110   99   89
   86   82   81   79   80   78   79   76   77   72   68   64   69   76   91  111
  133  164  183  211  233  264  292  323  354  377  403  423  447  463  481  489
  502  517  526  532  532  531  528  527  531  528  533  530  530  515  500  482
  465  440  420  406  396  388  381  361  307                                   
     7.5-180.0 180.0   5.0 450.0                            LAT/LON1/LON2/DLON/H
  292  302  301  289  275  262  251  240  228  210  190  168  150  130  114  104
   95   90   87   83   84   80   80   75   74   73   70   67   73   80   96  113
