data/unet/pred2090.15i
     1.0            IONOSPHERE MAPS     GNSS                IONEX VERSION / TYPE
pyspatialgeodesy        IME             05-JAN-18 20:20     PGM / RUN BY / DATE 
Map Name                                                    COMMENT             
Predicted global ionosphere maps (GIM).                     DESCRIPTION         
  2015     7    28     0     0     0                        EPOCH OF FIRST MAP  
  2015     7    29     0     0     0                        EPOCH OF LAST MAP   
  7200                                                      INTERVAL            
    13                                                      # OF MAPS IN FILE   
  NONE                                                      MAPPING FUNCTION    
10.0                                                        ELEVATION CUTOFF    
One-way carrier phase leveled to code                       OBSERVABLES USED    
  6371.0                                                    BASE RADIUS         
 2                                                          MAP DIMENSION       
   450.0 450.0   0.0                                        HGT1 / HGT2 / DHGT  
    87.5 -87.5  -2.5                                        LAT1 / LAT2 / DLAT  
  -180.0 180.0   5.0                                        LON1 / LON2 / DLON  
    -1                                                      EXPONENT            
                                                            END OF HEADER       
[from data line 3432]
     9                                                      START OF TEC MAP    
  2015     7    28    16     0     0                        EPOCH OF CURRENT MAP
    87.5-180.0 180.0   5.0 450.0                            LAT/LON1/LON2/DLON/H
  133  143  138  138  138  136  136  136  137  137  137  137  137  137  137  137
  138  137  137  137  137  137  137  136  136  136  136  135  135  134  134  133
  133  133  133  133  133  133  134  133  134  133  134  133  134  133  133  133
  134  134  134  135  135  135  136  136  136  137  137  137  137  137  137  137
  138  138  138  138  138  139  144  157  133                                   
    85.0-180.0 180.0   5.0 450.0                            LAT/LON1/LON2/DLON/H
  117  132  127  128  129  128  129  128  130  129  131  130  132  131  132  131
  133  131  132  131  133  131  132  130  132  129  130  128  129  126  127  124
  126  123  125  122  124  122  124  122  124  122  124  123  124  123  125  124
  126  125  127  126  128  127  129  128  130  129  130  129  131  130  131  130
  132  131  132  131  131  128  131  128  117                                   
    82.5-180.0 180.0   5.0 450.0                            LAT/LON1/LON2/DLON/H
  122  121  120  119  119  117  118  118  120  119  121  121  123  122  123  123
  125  124  125  124  125  125  125  124  125  124  123  122  121  119  118  117
  115  115  113  113  112  113  111  112  111  112  111  113  112  114  113  115
  114  117  116  118  117  119  119  120  120  121  120  121  120  121  120  120
  121  121  122  122  123  118  130  117  122                                   
    80.0-180.0 180.0   5.0 450.0                            LAT/LON1/LON2/DLON/H
  115  117  115  117  115  117  116  118  117  119  119  121  120  123  122  124
  123  125  125  127  126  128  127  129  127  129  126  127  123  124  120  121
  117  118  114  116  112  115  111  114  111  113  111  114  112  115  113  116
  115  118  117  119  118  120  119  121  119  121  119  121  119  121  119  121
  119  122  119  121  119  119  120  114  115                                   
    77.5-180.0 180.0   5.0 450.0                            LAT/LON1/LON2/DLON/H
  108  114  109  109  109  111  111  113  113  114  115  116  117  118  119  120
  121  122  123  125  125  127  127  129  128  129  128  128  126  125  123  122
  120  119  117  116  114  113  111  112  109  111  109  111  110  112  112  114
  114  116  117  118  118  119  118  119  117  118  116  117  116  116  115  116
  116  116  117  116  115  110  110  107  108                                   
    75.0-180.0 180.0   5.0 450.0                            LAT/LON1/LON2/DLON/H
  103  107  107  107  108  109  111  111  113  113  115  115  117  117  119  119
  121  121  124  124  128  128  132  131  134  133  135  132  132  130  129  126
  124  122  121  118  118  116  116  114  114  113  114  112  113  113  115  114
  117  116  119  117  119  117  119  115  116  113  113  111  111  109  111  109
  111  110  113  110  111  108  109  108  103                                   
    72.5-180.0 180.0   5.0 450.0                            LAT/LON1/LON2/DLON/H
   97  106  103  104  105  105  107  108  109  111  112  113  114  115  116  116
  118  119  122  123  127  129  132  134  136  136  136  135  133  133  130  129
  126  125  122  121  119  119  116  117  113  115  112  114  112  115  113  116
  116  118  117  119  117  117  115  114  110  109  106  105  103  103  102  103
  103  104  106  106  105  102  103  104   97                                   
    70.0-180.0 180.0   5.0 450.0                            LAT/LON1/LON2/DLON/H
   92   99  100  102  104  105  107  107  110  109  112  111  114  112  115  113
  117  116  121  121  127  128  134  134  138  137  138  136  136  133  133  130
  129  126  126  123  123  121  122  119  120  118  119  117  118  116  118  117
  119  119  120  119  119  116  114  111  108  104  101   99   97   96   96   96
   97   98  101  100  101   98  101  102   92                                   
    67.5-180.0 180.0   5.0 450.0                            LAT/LON1/LON2/DLON/H
   89  100   99  101  102  104  107  107  108  109  110  111  111  112  112  113
  113  114  116  118  123  126  132  134  137  137  137  135  134  132  130  130
  128  127  125  125  123  123  121  123  120  122  120  121  119  119  118  119
  119  120  119  120  116  115  110  108  102   99   94   93   90   90   88   90
   89   91   93   94   94   92   94   97   89                                   
    65.0-180.0 180.0   5.0 450.0                            LAT/LON1/LON2/DLON/H
   84   94   98  101  104  105  109  108  111  110  114  111  116  113  117  113
  117  114  119  118  125  126  133  133  137  136  137  133  133  131  131  130
  130  128  128  127  127  126  127  127  128  127  128  126  126  124  123  123
  123  123  123  123  120  117  112  107  102   98   92   90   88   86   85   85
   84   85   86   87   88   88   92   95   84                                   
    62.5-180.0 180.0   5.0 450.0                            LAT/LON1/LON2/DLON/H
   81   94   98  100  105  106  110  109  111  111  113  114  115  116  117  116
  117  116  117  118  122  125  130  132  135  134  134  131  131  129  129  130
  131  131  130  130  128  130  129  132  131  134  132  132  130  129  127  127
  126  127  125  126  121  119  112  109  101   99   91   91   87   86   82   82
   80   81   80   82   81   80   84   89   81                                   
    60.0-180.0 180.0   5.0 450.0                            LAT/LON1/LON2/DLON/H
   76   86   94   98  104  105  111  108  114  111  117  115  120  118  123  120
  123  119  122  120  125  125  131  131  134  132  132  129  129  128  131  131
  134  134  135  134  134  135  137  139  142  142  142  141  139  136  134  134
  134  134  133  132  128  124  117  113  107  103   97   94   90   86   83   80
   78   77   76   76   75   76   79   84   76                                   
    57.5-180.0 180.0   5.0 450.0                            LAT/LON1/LON2/DLON/H
   72   86   91   95  101  104  108  108  110  111  114  115  118  119  123  123
  124  122  123  122  125  126  129  131  132  131  129  128  129  130  133  136
  138  140  140  140  139  140  141  145  146  148  147  146  144  142  139  140
  138  139  136  135  129  126  118  116  109  108  100   99   92   90   83   81
   75   74   72   72   70   68   71   77   72                                   
    55.0-180.0 180.0   5.0 450.0                            LAT/LON1/LON2/DLON/H
   70   80   87   93   99  101  107  105  111  110  116  114  122  120  127  125
  130  125  128  123  128  126  130  130  133  130  130  128  131  132  137  141
  145  147  148  147  147  148  151  153  157  158  158  156  153  150  149  149
  148  149  146  144  137  133  126  123  119  116  111  106  101   93   87   81
   76   73   70   69   68   68   69   75   70                                   
    52.5-180.0 180.0   5.0 450.0                            LAT/LON1/LON2/DLON/H
   68   81   86   90   98  103  107  108  111  112  116  117  120  122  126  127
  129  128  129  127  128  128  131  132  134  133  132  133  135  139  145  150
  153  156  155  155  154  156  158  161  163  165  164  163  159  157  154  155
  153  153  150  148  141  137  129  128  123  123  116  115  105  100   90   85
   77   75   71   70   67   63   65   71   68                                   
    50.0-180.0 180.0   5.0 450.0                            LAT/LON1/LON2/DLON/H
   71   80   85   91   99  103  111  109  117  115  121  118  124  123  130  128
  133  129  132  128  131  129  133  133  136  135  138  138  142  145  153  158
  164  164  168  165  168  167  172  173  177  176  177  172  171  166  166  165
  166  165  163  159  152  145  138  136  133  132  128  124  116  107   98   90
   84   80   77   74   72   70   72   73   71                                   
    47.5-180.0 180.0   5.0 450.0                            LAT/LON1/LON2/DLON/H
   76   84   86   91  100  108  114  118  121  123  125  125  127  128  132  133
  136  135  136  134  134  133  135  137  140  141  143  146  149  153  159  165
  169  172  174  175  176  179  182  184  185  184  183  180  176  173  171  171
  170  169  167  163  155  149  140  140  135  137  130  129  119  113  102   97
   89   88   84   83   77   72   73   75   76                                   
    45.0-180.0 180.0   5.0 450.0                            LAT/LON1/LON2/DLON/H
   80   84   86   92  102  111  121  124  132  132  137  133  136  134  139  137
  142  139  143  139  141  138  142  142  147  148  153  155  160  164  170  173
  178  179  184  184  190  191  197  195  198  195  195  190  189  184  184  182
  182  180  177  172  164  157  148  146  143  142  139  135  129  121  113  106
  101   98   96   93   89   83   84   81   80                                   
    42.5-180.0 180.0   5.0 450.0                            LAT/LON1/LON2/DLON/H
   87   88   88   93  102  114  124  133  140  145  147  147  146  146  147  148
  150  150  150  149  147  147  148  150  155  157  162  165  169  174  176  181
  186  189  196  198  205  208  213  212  213  209  207  203  201  196  194  191
  190  186  183  176  168  160  151  149  144  145  139  139  131  128  117  116
  108  110  106  105   98   89   90   87   87                                   
    40.0-180.0 180.0   5.0 450.0                            LAT/LON1/LON2/DLON/H
   91   87   86   91  102  113  128  137  150  153  162  158  161  155  157  154
  158  155  159  156  157  154  157  158  164  168  176  179  184  185  188  190
  197  201  211  214  224  226  233  230  230  224  223  218  216  211  208  204
  200  197  190  184  175  166  158  153  150  147  145  143  140  136  131  127
  124  123  120  117  110  101  100   92   91                                   
    37.5-180.0 180.0   5.0 450.0                            LAT/LON1/LON2/DLON/H
   98   92   87   91   98  111  125  140  153  163  169  172  172  169  168  167
  167  168  168  168  167  166  167  168  173  180  188  193  199  203  207  212
  221  226  237  242  251  253  256  252  250  243  240  236  233  227  222  216
  210  203  195  186  177  168  158  154  147  146  141  143  139  140  134  135
  129  133  126  126  113  106  105   98   98                                   
    35.0-180.0 180.0   5.0 450.0                            LAT/LON1/LON2/DLON/H
   99   90   85   85   95  106  125  138  158  166  179  180  185  179  179  175
  177  175  180  179  182  178  180  179  186  194  203  212  218  225  229  238
  247  257  268  274  282  283  284  279  274  267  262  258  253  246  238  230
  221  213  201  192  181  172  162  155  149  144  141  141  140  143  140  142
  139  139  134  129  120  111  108  101   99                                   
    32.5-180.0 180.0   5.0 450.0                            LAT/LON1/LON2/DLON/H
  104   95   84   84   89  102  118  137  154  168  180  186  191  190  188  187
  187  189  192  194  195  195  193  195  199  208  220  230  241  250  261  272
  286  296  307  311  315  313  309  302  298  290  285  280  274  264  254  242
  230  219  207  196  183  173  162  156  148  144  137  139  138  142  140  144
  138  142  133  133  117  112  109  104  104                                   
    30.0-180.0 180.0   5.0 450.0                            LAT/LON1/LON2/DLON/H
  104   91   81   78   85   97  117  132  154  165  182  188  197  194  195  192
  194  195  200  203  206  205  206  204  211  220  233  245  257  271  285  301
  316  331  342  346  346  342  335  328  320  313  306  301  293  283  268  254
  239  225  210  198  184  173  162  155  148  141  138  136  136  140  139  143
  139  140  134  129  120  113  110  108  104                                   
    27.5-180.0 180.0   5.0 450.0                            LAT/LON1/LON2/DLON/H
  109   97   84   81   82   96  112  131  149  163  179  188  197  199  200  201
  202  205  209  213  215  216  214  215  219  231  246  260  277  292  310  326
  346  359  370  369  368  358  352  344  337  329  321  314  304  291  276  259
  241  225  208  193  176  164  156  151  146  140  135  135  135  137  137  141
  133  138  127  130  114  114  109  110  109                                   
    25.0-180.0 180.0   5.0 450.0                            LAT/LON1/LON2/DLON/H
  111   96   85   78   83   94  113  128  148  160  177  186  198  199  203  203
  206  210  214  218  220  221  224  223  231  240  258  272  292  308  329  346
  371  386  398  392  390  377  371  361  354  344  335  326  313  298  281  262
  243  222  202  185  168  157  146  142  137  132  129  129  129  132  132  135
  130  132  126  124  117  113  112  115  111                                   
    22.5-180.0 180.0   5.0 450.0                            LAT/LON1/LON2/DLON/H
  116  104   89   86   87  100  115  133  150  163  175  186  197  202  207  210
  213  216  221  226  228  230  231  235  240  252  268  286  306  324  343  365
  387  403  409  401  396  383  378  369  362  352  341  330  313  295  276  256
  235  214  193  174  157  147  141  138  134  129  125  125  126  127  127  129
  123  127  119  122  112  114  110  116  116                                   
    20.0-180.0 180.0   5.0 450.0                            LAT/LON1/LON2/DLON/H
  118  104   94   87   92  101  118  135  152  163  174  184  196  202  209  212
  216  221  226  231  235  238  243  246  255  265  283  299  320  337  361  381
  404  416  421  411  406  396  392  383  377  365  351  338  318  298  277  256
  233  211  189  170  151  142  133  131  128  124  120  120  118  121  120  122
  118  121  117  118  114  111  113  118  118                                   
    17.5-180.0 180.0   5.0 450.0                            LAT/LON1/LON2/DLON/H
  118  108   97   95   95  108  122  142  156  169  178  187  198  206  213  218
  224  228  233  237  243  247  253  260  269  283  298  317  336  354  371  389
  407  416  419  408  404  394  392  385  380  367  351  336  315  293  270  249
  226  205  183  163  146  135  131  130  128  124  119  117  115  113  115  114
  111  115  111  115  106  108  105  114  118                                   
    15.0-180.0 180.0   5.0 450.0                            LAT/LON1/LON2/DLON/H
  115  103   98   92   97  104  121  140  156  170  179  187  200  207  217  222
  230  236  241  244  251  258  268  277  287  301  316  335  353  371  384  400
  409  418  414  410  404  401  398  396  391  379  360  342  321  299  275  253
  227  204  181  161  143  134  130  129  129  125  119  118  112  113  110  111
  107  111  109  110  108  103  108  111  115                                   
    12.5-180.0 180.0   5.0 450.0                            LAT/LON1/LON2/DLON/H
  109   98   93   93   92  104  117  139  155  173  182  193  204  214  222  229
  237  243  248  251  259  266  278  290  303  320  337  356  371  384  394  402
  409  409  409  402  403  398  398  395  390  378  359  340  320  296  272  250
  225  202  178  157  141  133  130  132  132  129  121  119  113  109  107  105
  102  106  102  107  100   99   98  100  109                                   
    10.0-180.0 180.0   5.0 450.0                            LAT/LON1/LON2/DLON/H
  101   89   89   86   89   94  108  128  146  167  178  191  204  214  225  230
  240  245  252  257  266  275  290  305  319  337  355  375  388  399  403  410
  408  410  404  406  404  405  403  404  398  386  364  345  325  304  279  255
  227  200  176  156  141  134  132  134  133  130  123  121  114  112  106  105
  100  102  101  101  102   93   96   92  101                                   
     7.5-180.0 180.0   5.0 450.0                            LAT/LON1/LON2/DLON/H
   97   83   81   81   79   86   95  117  136  159  175  190  204  218  228  235
  242  248  255  262  272  283  297  316  334  356  374  391  402  409  411  411
