data/unet/pred1350.15i
     1.0            IONOSPHERE MAPS     GNSS                IONEX VERSION / TYPE
pyspatialgeodesy        IME             05-JAN-18 20:20     PGM / RUN BY / DATE 
Map Name                                                    COMMENT             
Predicted global ionosphere maps (GIM).                     DESCRIPTION         
  2015     5    15     0     0     0                        EPOCH OF FIRST MAP  
  2015     5    16     0     0     0                        EPOCH OF LAST MAP   
  7200                                                      INTERVAL            
    13                                                      # OF MAPS IN FILE   
  NONE                                                      MAPPING FUNCTION    
10.0                                                        ELEVATION CUTOFF    
One-way carrier phase leveled to code                       OBSERVABLES USED    
  6371.0                                                    BASE RADIUS         
 2                                                          MAP DIMENSION       
   450.0 450.0   0.0                                        HGT1 / HGT2 / DHGT  
    87.5 -87.5  -2.5                                        LAT1 / LAT2 / DLAT  
  -180.0 180.0   5.0                                        LON1 / LON2 / DLON  
    -1                                                      EXPONENT            
                                                            END OF HEADER       
     1                                                      START OF TEC MAP    
  2015     5    15     0     0     0                        EPOCH OF CURRENT MAP
    87.5-180.0 180.0   5.0 450.0                            LAT/LON1/LON2/DLON/H
  214  198  200  201  199  197  198  199  202  203  206  206  209  210  212  210
  211  210  210  207  206  203  201  197  195  191  189  185  182  179  177  174
  172  170  170  168  167  165  166  164  166  165  168  168  170  170  173  173
  175  176  179  180  183  184  187  188  192  193  195  196  198  198  199  199
  201  200  200  198  198  197  198  213  214                                   
    85.0-180.0 180.0   5.0 450.0                            LAT/LON1/LON2/DLON/H
  197  204  210  211  209  207  209  208  211  212  214  215  217  217  218  218
  217  217  215  213  210  208  204  201  197  193  189  184  181  177  173  170
  167  165  163  162  160  159  159  159  159  161  162  164  165  168  169  172
  172  176  177  181  181  186  187  191  193  197  198  201  202  205  204  207
  207  209  207  208  208  205  207  204  197                                   
    82.5-180.0 180.0   5.0 450.0                            LAT/LON1/LON2/DLON/H
  203  206  208  209  208  205  207  206  209  209  213  213  215  216  217  216
  216  215  213  210  207  203  198  193  188  182  178  171  167  161  158  152
  151  146  147  142  144  141  144  142  146  145  149  150  154  155  159  160
  164  166  169  171  175  177  182  184  189  192  196  197  202  202  206  205
  209  208  210  209  212  207  207  212  203                                   
    80.0-180.0 180.0   5.0 450.0                            LAT/LON1/LON2/DLON/H
  207  208  208  207  202  202  202  205  206  209  211  214  214  217  216  217
  215  215  212  210  206  202  196  191  184  178  171  165  158  153  147  142
  138  136  134  133  133  134  136  138  140  143  146  148  150  153  156  159
  161  164  167  170  173  177  180  184  187  192  194  198  201  204  206  208
  209  210  211  213  215  214  213  220  207                                   
    77.5-180.0 180.0   5.0 450.0                            LAT/LON1/LON2/DLON/H
  211  208  205  202  196  195  196  197  199  203  206  209  211  213  213  213
  212  211  210  207  204  200  195  190  184  177  170  163  156  150  144  139
  136  133  133  133  133  136  138  141  144  148  150  154  155  158  160  163
  165  168  170  173  176  179  183  186  189  193  196  199  202  205  207  209
  211  213  214  216  219  218  217  225  211                                   
    75.0-180.0 180.0   5.0 450.0                            LAT/LON1/LON2/DLON/H
  219  212  208  203  195  192  192  192  196  198  203  206  208  209  208  208
  206  205  203  201  198  196  193  189  184  179  172  166  158  152  146  142
  139  137  137  138  140  143  147  150  154  157  161  162  165  167  169  171
  173  175  178  181  183  186  189  192  194  197  199  202  203  206  206  210
  211  214  215  219  223  223  220  229  219                                   
    72.5-180.0 180.0   5.0 450.0                            LAT/LON1/LON2/DLON/H
  228  218  215  208  200  195  194  195  197  201  205  208  208  208  206  203
  201  198  196  195  194  193  192  191  188  184  177  170  163  156  150  146
  143  142  143  145  148  151  155  158  162  164  167  169  171  173  175  177
  180  182  185  188  190  193  194  197  198  201  201  203  203  205  206  208
  209  213  215  220  226  227  224  237  228                                   
    70.0-180.0 180.0   5.0 450.0                            LAT/LON1/LON2/DLON/H
  239  226  223  216  207  204  202  203  205  209  212  215  214  213  207  203
  197  194  190  191  191  194  194  197  194  192  184  178  169  163  157  153
  150  150  150  153  155  159  162  165  168  170  172  173  174  176  178  181
  185  187  192  194  197  198  200  201  202  203  202  203  203  203  203  204
  205  209  213  220  227  230  227  242  239                                   
    67.5-180.0 180.0   5.0 450.0                            LAT/LON1/LON2/DLON/H
  248  233  231  223  215  211  210  212  215  219  223  225  223  219  213  206
  198  193  190  190  193  197  201  203  202  199  193  185  175  167  161  156
  153  152  153  155  157  159  163  165  167  168  169  170  172  175  178  182
  187  192  196  201  203  205  206  207  207  207  207  206  204  203  202  201
  202  206  210  218  228  231  230  243  248                                   
    65.0-180.0 180.0   5.0 450.0                            LAT/LON1/LON2/DLON/H
  254  237  236  229  220  217  215  219  221  228  231  235  231  228  219  212
  201  196  191  193  195  201  205  209  207  205  198  190  179  171  164  160
  155  154  153  154  154  157  158  160  160  161  162  163  165  168  173  179
  187  192  199  203  207  209  210  211  212  212  211  210  208  205  201  199
  199  201  205  214  223  227  226  243  254                                   
    62.5-180.0 180.0   5.0 450.0                            LAT/LON1/LON2/DLON/H
  257  238  238  231  222  217  217  220  225  232  237  239  238  233  225  217
  208  202  198  199  202  207  210  212  211  207  199  191  182  174  167  161
  156  153  150  149  148  148  149  149  149  149  150  151  154  158  164  172
  181  189  196  202  206  209  212  214  216  217  217  216  214  210  206  201
  200  199  202  209  217  221  223  236  257                                   
    60.0-180.0 180.0   5.0 450.0                            LAT/LON1/LON2/DLON/H
  258  239  239  231  222  217  217  221  226  233  237  241  238  235  228  223
  215  212  207  209  209  213  213  214  210  206  197  191  183  177  171  165
  160  154  150  146  143  142  141  141  139  139  139  140  143  147  154  162
  173  182  191  196  203  207  212  215  218  221  223  223  221  218  213  208
  204  202  203  207  213  215  216  232  258                                   
    57.5-180.0 180.0   5.0 450.0                            LAT/LON1/LON2/DLON/H
  260  240  241  234  225  220  219  221  226  231  235  237  236  233  229  226
  223  221  220  220  219  219  217  213  209  202  197  191  188  182  178  171
  164  156  149  142  138  134  133  131  130  129  129  129  132  135  143  151
  162  172  183  191  199  205  212  217  223  227  231  232  232  228  224  219
  215  212  211  212  216  214  216  225  260                                   
    55.0-180.0 180.0   5.0 450.0                            LAT/LON1/LON2/DLON/H
  267  247  251  245  237  232  230  231  233  235  235  235  232  230  229  230
  230  232  230  232  227  226  218  214  205  200  195  193  190  188  185  179
  172  162  154  146  139  135  132  130  129  127  126  125  127  128  135  142
  153  163  175  184  196  204  215  222  229  234  239  242  244  242  240  236
  234  231  229  226  228  221  219  231  267                                   
    52.5-180.0 180.0   5.0 450.0                            LAT/LON1/LON2/DLON/H
  280  262  269  266  259  254  251  249  247  244  240  235  230  229  229  232
  236  239  240  238  234  228  221  214  207  201  199  197  198  196  195  189
  181  169  160  150  144  138  136  133  132  129  129  125  126  125  130  136
  146  156  170  181  196  207  222  231  241  246  253  255  258  257  259  258
  259  258  257  254  253  242  235  244  280                                   
    50.0-180.0 180.0   5.0 450.0                            LAT/LON1/LON2/DLON/H
  303  287  297  297  293  289  286  282  275  268  257  248  239  236  234  240
  243  248  245  243  236  233  225  219  211  208  204  205  205  206  204  198
  189  176  168  159  154  148  146  143  141  137  135  131  130  128  131  135
  144  152  166  179  199  213  232  244  254  260  265  268  270  272  274  279
  284  288  290  288  286  272  262  274  303                                   
    47.5-180.0 180.0   5.0 450.0                            LAT/LON1/LON2/DLON/H
  325  317  331  336  336  333  330  324  313  299  282  268  256  249  247  249
  252  253  250  245  240  235  231  227  222  219  216  216  216  215  212  205
  196  185  177  170  166  161  158  154  151  146  144  141  140  138  138  140
  146  154  167  183  205  224  246  261  273  278  282  282  284  284  290  296
  307  316  323  325  325  311  299  305  325                                   
    45.0-180.0 180.0   5.0 450.0                            LAT/LON1/LON2/DLON/H
  356  355  372  376  380  377  378  371  360  343  322  302  282  273  266  265
  264  263  257  252  246  244  241  240  235  232  228  226  223  220  216  209
  202  193  190  184  182  177  173  167  163  157  155  152  152  150  150  149
  153  158  172  188  214  235  262  279  292  298  299  299  297  298  303  314
  328  343  355  363  368  356  343  345  356                                   
    42.5-180.0 180.0   5.0 450.0                            LAT/LON1/LON2/DLON/H
  378  390  402  412  415  416  414  409  398  382  360  338  316  302  292  285
  280  274  267  262  258  256  257  253  251  243  239  233  228  223  218  211
  206  202  200  198  197  193  188  181  175  170  166  165  165  164  162  161
  161  166  178  196  223  247  274  292  308  312  316  312  311  309  316  325
  342  358  376  391  401  393  382  377  378                                   
    40.0-180.0 180.0   5.0 450.0                            LAT/LON1/LON2/DLON/H
  404  422  433  439  441  438  438  433  428  417  400  379  359  342  325  311
  299  288  279  275  274  274  275  270  264  254  245  236  230  221  217  211
  211  208  210  209  211  206  201  193  189  183  181  178  180  178  177  173
  172  173  185  202  230  253  284  304  323  329  333  331  328  325  329  338
  355  372  392  411  429  424  419  404  404                                   
    37.5-180.0 180.0   5.0 450.0                            LAT/LON1/LON2/DLON/H
  419  441  452  458  454  447  442  437  434  430  422  410  393  376  354  336
  318  305  294  292  291  292  292  284  273  258  247  238  231  225  221  219
  218  219  220  222  223  220  214  207  202  200  196  196  196  195  189  185
  179  180  187  205  230  255  281  305  324  332  338  338  338  337  341  347
  363  376  394  414  436  435  433  418  419                                   
    35.0-180.0 180.0   5.0 450.0                            LAT/LON1/LON2/DLON/H
  439  455  466  465  458  444  438  432  435  433  438  432  428  409  387  364
  343  326  317  313  313  311  309  295  282  264  255  245  242  235  234  231
  232  232  237  238  240  235  231  223  220  216  216  215  214  210  204  196
  189  185  190  203  226  248  275  296  319  329  340  346  351  355  361  369
  382  393  407  427  451  452  453  438  439                                   
    32.5-180.0 180.0   5.0 450.0                            LAT/LON1/LON2/DLON/H
  457  469  480  478  465  451  440  434  436  438  443  445  443  431  411  389
  365  350  340  337  335  329  321  305  289  274  267  264  263  261  258  255
  254  255  259  261  262  257  252  245  241  239  237  236  230  224  212  203
  192  186  187  197  216  238  261  282  299  314  328  340  352  363  374  384
  394  402  413  431  453  457  461  453  457                                   
    30.0-180.0 180.0   5.0 450.0                            LAT/LON1/LON2/DLON/H
  492  501  513  512  504  488  476  465  462  457  463  464  468  457  443  419
  396  377  368  362  357  346  335  314  302  289  291  292  300  298  298  291
  289  286  288  286  285  279  274  268  264  262  260  255  247  235  220  208
  196  187  185  190  206  226  251  273  295  309  328  344  364  380  395  407
  416  425  436  452  470  474  481  479  492                                   
    27.5-180.0 180.0   5.0 450.0                            LAT/LON1/LON2/DLON/H
  535  550  561  568  567  554  542  524  510  497  495  494  492  483  466  445
  423  407  394  386  374  361  345  329  316  313  320  332  340  346  343  339
  329  326  321  315  309  300  295  289  285  283  278  271  259  244  226  211
  199  188  182  182  195  213  238  265  289  308  327  350  373  394  414  430
  440  451  458  470  482  487  495  505  535                                   
    25.0-180.0 180.0   5.0 450.0                            LAT/LON1/LON2/DLON/H
  586  607  626  646  655  650  635  615  591  570  556  545  536  521  502  478
  459  439  424  407  393  373  359  345  339  344  357  375  387  391  387  378
  367  355  346  331  320  307  302  296  295  291  288  279  266  248  230  214
  200  189  179  178  185  205  230  263  288  312  331  355  381  408  432  453
  470  482  492  500  511  515  530  543  586                                   
    22.5-180.0 180.0   5.0 450.0                            LAT/LON1/LON2/DLON/H
  632  666  696  732  751  754  744  722  687  651  624  599  582  558  535  512
  492  473  454  436  414  399  379  373  369  384  398  420  429  432  422  411
  393  376  357  336  319  302  295  290  291  290  288  279  265  245  228  209
  197  182  174  169  179  197  226  261  287  313  335  361  386  414  442  466
  489  509  523  533  541  545  561  581  632                                   
    20.0-180.0 180.0   5.0 450.0                            LAT/LON1/LON2/DLON/H
  672  712  760  807  849  862  859  840  799  752  706  669  641  611  582  552
  532  510  489  463  444  424  414  412  415  429  443  454  460  448  435  412
  392  366  346  317  296  276  271  270  276  278  279  272  259  242  223  207
  193  180  171  168  177  198  225  264  288  320  340  370  397  428  456  485
  513  541  562  574  583  584  605  622  672                                   
    17.5-180.0 180.0   5.0 450.0                            LAT/LON1/LON2/DLON/H
  693  743  797  862  912  942  945  930  891  840  787  741  701  662  626  595
  569  547  523  500  476  463  455  459  462  470  474  471  458  433  410  384
  359  334  311  284  263  247  248  250  259  263  265  259  249  232  217  201
  188  177  170  167  177  196  224  261  287  322  348  381  413  444  474  504
  536  569  595  611  621  619  646  662  693                                   
    15.0-180.0 180.0   5.0 450.0                            LAT/LON1/LON2/DLON/H
  714  757  819  889  952  988 1004  996  965  911  860  813  771  722  681  643
  611  582  555  531  511  500  501  503  504  496  484  457  427  388  360  333
  312  289  274  251  239  229  234  239  249  255  255  250  239  228  213  198
  185  172  164  161  172  191  221  258  287  326  357  397  434  466  497  527
  562  595  623  642  652  656  682  689  714                                   
    12.5-180.0 180.0   5.0 450.0                            LAT/LON1/LON2/DLON/H
  712  759  805  872  927  973  993  999  981  943  898  858  819  772  725  684
  647  614  581  561  542  537  533  534  517  494  456  411  363  324  295  276
  264  250  243  231  227  225  233  239  246  248  247  239  232  220  207  191
  174  157  151  147  161  178  210  248  282  324  361  407  448  483  515  548
  584  618  649  668  680  680  710  717  712                                   
    10.0-180.0 180.0   5.0 450.0                            LAT/LON1/LON2/DLON/H
  729  758  794  838  886  922  954  969  965  938  909  875  845  803  759  717
  679  640  606  582  565  558  551  538  509  463  406  346  296  263  245  236
  236  230  234  231  236  239  249  253  255  253  243  237  227  217  203  182
  163  141  132  129  143  166  200  241  277  324  365  417  463  499  538  572
  605  641  670  691  702  708  737  733  729                                   
     7.5-180.0 180.0   5.0 450.0                            LAT/LON1/LON2/DLON/H
  733  772  786  810  834  862  884  905  907  896  880  861  840  810  773  733
  696  659  623  597  574  563  540  515  465  404  335  278  243  225  222  224
