data/unet/pred1760.15i
     1.0            IONOSPHERE MAPS     GNSS                IONEX VERSION / TYPE
pyspatialgeodesy        IME             05-JAN-18 20:20     PGM / RUN BY / DATE 
Map Name                                                    COMMENT             
Predicted global ionosphere maps (GIM).                     DESCRIPTION         
  2015     6    25     0     0     0                        EPOCH OF FIRST MAP  
  2015     6    26     0     0     0                        EPOCH OF LAST MAP   
  7200                                                      INTERVAL            
    13                                                      # OF MAPS IN FILE   
  NONE                                                      MAPPING FUNCTION    
10.0                                                        ELEVATION CUTOFF    
One-way carrier phase leveled to code                       OBSERVABLES USED    
  6371.0                                                    BASE RADIUS         
 2                                                          MAP DIMENSION       
   450.0 450.0   0.0                                        HGT1 / HGT2 / DHGT  
    87.5 -87.5  -2.5                                        LAT1 / LAT2 / DLAT  
  -180.0 180.0   5.0                                        LON1 / LON2 / DLON  
    -1                                                      EXPONENT            
                                                            END OF HEADER       
[from data line 858]
     3                                                      START OF TEC MAP    
  2015     6    25     4     0     0                        EPOCH OF CURRENT MAP
    87.5-180.0 180.0   5.0 450.0                            LAT/LON1/LON2/DLON/H
  152  153  140  138  141  136  138  137  141  137  139  136  140  136  138  134
  138  134  135  132  135  131  133  129  132  128  130  127  130  127  128  125
  128  125  126  123  126  123  125  123  126  123  126  123  127  125  127  125
  128  126  129  127  130  128  130  128  131  129  132  130  133  131  134  132
  136  135  140  138  139  134  145  154  152                                   
    85.0-180.0 180.0   5.0 450.0                            LAT/LON1/LON2/DLON/H
  159  155  137  145  141  139  137  140  139  140  137  139  137  139  135  137
  134  136  132  134  131  132  128  129  127  127  124  126  123  124  121  123
  120  121  118  120  117  119  116  118  116  118  117  119  118  120  119  122
  122  124  123  126  125  128  127  130  129  132  130  133  132  135  134  137
  136  138  140  140  137  139  143  148  159                                   
    82.5-180.0 180.0   5.0 450.0                            LAT/LON1/LON2/DLON/H
  144  144  143  149  142  143  140  144  142  143  139  142  139  141  136  139
  135  137  132  134  130  132  126  129  124  126  121  123  118  120  115  118
  114  115  112  113  110  111  109  110  108  110  109  112  111  114  113  117
  116  120  119  124  123  127  125  129  128  131  130  133  133  136  135  138
  137  140  142  142  140  136  143  137  144                                   
    80.0-180.0 180.0   5.0 450.0                            LAT/LON1/LON2/DLON/H
  150  150  150  153  149  147  147  149  149  149  148  149  147  147  144  146
  143  143  139  140  136  136  131  131  127  126  122  122  120  119  117  117
  115  116  114  115  113  114  113  114  113  115  115  117  118  120  123  125
  127  129  132  136  137  140  141  144  144  146  146  148  149  150  150  152
  152  153  153  152  151  146  148  142  150                                   
    77.5-180.0 180.0   5.0 450.0                            LAT/LON1/LON2/DLON/H
  151  147  148  152  147  146  146  148  148  147  147  147  146  145  144  144
  142  140  138  137  134  131  127  125  121  118  115  115  113  113  112  113
  112  113  112  114  113  114  113  114  113  115  116  119  121  124  127  132
  133  137  140  144  145  148  149  151  151  152  153  154  155  156  157  157
  157  158  160  156  154  151  149  142  151                                   
    75.0-180.0 180.0   5.0 450.0                            LAT/LON1/LON2/DLON/H
  148  146  144  144  143  140  140  142  142  142  142  141  140  139  138  137
  136  134  131  128  124  121  117  113  110  107  105  104  103  104  105  106
  108  109  111  112  112  112  113  113  114  115  118  121  125  128  134  137
  142  145  150  152  154  154  156  155  155  154  156  155  156  157  159  158
  158  159  161  160  158  154  155  146  148                                   
    72.5-180.0 180.0   5.0 450.0                            LAT/LON1/LON2/DLON/H
  150  140  142  143  141  137  137  137  139  137  138  136  136  134  134  131
  130  126  125  119  117  111  109  103  101   96   96   94   96   97  101  103
  107  108  112  113  115  114  116  115  117  118  123  125  131  134  141  144
  149  151  155  156  157  156  157  155  154  153  155  155  156  157  161  160
  161  160  165  159  162  158  156  146  150                                   
    70.0-180.0 180.0   5.0 450.0                            LAT/LON1/LON2/DLON/H
  147  141  140  140  140  136  135  137  137  137  136  136  134  133  132  130
  127  124  120  116  112  106  102   96   93   89   88   89   90   94   98  103
  108  111  115  117  118  119  119  120  120  123  125  131  136  141  147  151
  155  155  159  158  158  155  156  152  151  149  151  151  153  155  158  159
  160  162  165  164  162  160  160  148  147                                   
    67.5-180.0 180.0   5.0 450.0                            LAT/LON1/LON2/DLON/H
  149  139  141  142  139  136  136  137  138  137  138  137  136  133  133  129
  127  121  120  113  110  101   98   90   88   83   83   83   87   90   97  102
  109  112  117  120  122  123  123  123  125  126  132  137  145  149  156  158
  160  159  160  156  154  150  149  145  144  142  144  144  148  151  156  157
  160  162  168  164  167  161  159  148  149                                   
    65.0-180.0 180.0   5.0 450.0                            LAT/LON1/LON2/DLON/H
  148  142  143  143  142  137  137  139  139  139  138  139  137  135  133  130
  127  122  119  114  108  101   95   89   84   81   79   81   84   90   97  103
  109  115  120  123  124  126  125  126  127  132  136  145  150  157  160  162
  161  159  158  152  148  142  140  136  135  134  136  139  142  147  152  155
  158  162  167  167  168  163  163  151  148                                   
    62.5-180.0 180.0   5.0 450.0                            LAT/LON1/LON2/DLON/H
  154  144  146  147  143  138  138  138  140  139  139  139  138  135  134  130
  127  121  119  112  108   99   95   86   83   79   79   79   83   87   95  100
  107  111  116  119  121  122  124  125  129  136  144  151  158  161  166  165
  163  158  154  146  141  134  132  127  128  127  132  134  139  142  149  151
  157  159  167  164  171  165  163  154  154                                   
    60.0-180.0 180.0   5.0 450.0                            LAT/LON1/LON2/DLON/H
  156  149  152  151  149  142  140  139  139  138  137  138  136  135  132  129
  125  120  116  111  106   99   93   87   83   80   79   80   83   88   94   99
  104  109  112  116  118  120  121  127  131  141  146  157  160  165  164  164
  159  153  147  140  133  127  123  121  121  123  127  132  136  141  144  148
  152  157  163  165  169  164  168  157  156                                   
    57.5-180.0 180.0   5.0 450.0                            LAT/LON1/LON2/DLON/H
  164  155  157  159  152  145  141  138  138  134  135  134  133  131  129  125
  122  117  114  108  104   96   92   86   83   80   80   81   84   86   91   93
   98  101  105  107  112  114  119  125  134  143  153  159  166  168  169  166
  161  155  147  140  133  126  124  121  123  124  130  134  139  141  145  146
  151  153  162  161  171  168  167  160  164                                   
    55.0-180.0 180.0   5.0 450.0                            LAT/LON1/LON2/DLON/H
  166  162  167  166  160  149  145  140  137  133  132  130  129  127  124  120
  117  112  109  104  100   94   90   85   83   80   81   81   83   84   86   88
   92   94  100  102  108  112  119  126  136  148  155  164  167  172  169  166
  162  154  149  141  135  130  127  127  128  132  136  141  144  146  147  148
  149  152  160  162  169  168  174  165  166                                   
    52.5-180.0 180.0   5.0 450.0                            LAT/LON1/LON2/DLON/H
  177  173  174  175  166  155  149  142  139  132  131  127  126  122  120  115
  111  107  104  100   97   91   88   83   83   81   82   81   82   81   82   81
   84   86   92   95  104  108  117  127  141  150  160  167  174  176  176  173
  170  164  159  153  149  142  141  140  142  144  147  148  150  150  151  150
  151  152  161  162  173  175  177  172  177                                   
    50.0-180.0 180.0   5.0 450.0                            LAT/LON1/LON2/DLON/H
  180  184  186  184  177  162  156  148  143  137  133  128  124  118  114  109
  106  101  100   96   94   89   87   83   83   82   83   81   82   80   79   77
   79   80   86   91  101  108  120  129  143  154  161  170  174  177  177  175
  176  170  170  162  161  154  153  151  153  154  156  157  158  157  158  156
  157  158  165  168  176  178  183  175  180                                   
    47.5-180.0 180.0   5.0 450.0                            LAT/LON1/LON2/DLON/H
  191  192  194  194  184  173  166  157  152  144  139  132  126  118  112  107
  102   99   97   94   93   88   87   83   84   82   84   82   82   79   79   76
   77   78   84   89  101  109  120  132  145  156  165  172  179  180  184  183
  186  185  184  181  177  173  170  168  168  167  167  166  165  163  163  162
  162  164  171  173  183  188  188  183  191                                   
    45.0-180.0 180.0   5.0 450.0                            LAT/LON1/LON2/DLON/H
  195  203  206  202  194  179  174  164  159  151  145  136  129  118  110  102
   98   94   94   92   91   88   87   85   86   86   88   86   86   82   82   80
   81   81   87   92  102  112  123  134  148  159  164  172  176  179  183  183
  191  190  193  190  190  185  184  179  178  174  174  170  170  168  170  169
  170  173  181  184  191  196  198  190  195                                   
    42.5-180.0 180.0   5.0 450.0                            LAT/LON1/LON2/DLON/H
  206  207  211  209  200  188  182  174  170  162  156  146  136  124  113  106
  100   97   95   94   93   90   90   88   91   90   93   90   91   87   88   86
   88   89   94   98  108  116  125  137  149  159  167  173  179  182  190  192
  202  201  205  203  203  202  196  194  190  188  184  179  177  175  177  176
  180  183  191  192  202  208  206  200  206                                   
    40.0-180.0 180.0   5.0 450.0                            LAT/LON1/LON2/DLON/H
  213  216  219  212  205  192  187  178  175  166  160  149  141  126  117  105
  101   96   96   94   93   92   93   94   97   98  101  100  100   98   98   98
   99  102  105  110  116  122  130  139  151  161  167  173  177  183  190  194
  204  204  207  207  211  209  208  204  203  197  193  186  184  182  187  187
  193  196  206  207  214  216  220  208  213                                   
    37.5-180.0 180.0   5.0 450.0                            LAT/LON1/LON2/DLON/H
  224  220  221  216  206  197  190  186  181  176  169  161  150  138  124  115
  107  105  103  101  101  100  104  104  110  110  115  110  113  109  112  111
  113  113  116  119  123  129  135  142  152  161  167  174  180  185  195  199
  210  208  214  214  220  222  222  223  218  214  206  202  195  197  200  202
  206  211  219  221  227  233  229  220  224                                   
    35.0-180.0 180.0   5.0 450.0                            LAT/LON1/LON2/DLON/H
  232  229  228  218  210  197  192  185  182  175  169  161  154  140  131  117
  112  106  106  103  104  105  111  115  120  123  126  125  125  123  123  125
  123  126  124  126  128  132  138  141  154  160  168  172  180  185  194  200
  208  210  212  215  224  227  234  232  234  227  222  213  207  208  213  213
  218  223  232  233  240  242  245  231  232                                   
    32.5-180.0 180.0   5.0 450.0                            LAT/LON1/LON2/DLON/H
  247  236  234  225  214  204  194  191  183  180  173  170  161  153  140  132
  121  118  114  113  114  116  124  129  138  141  145  142  141  137  136  134
  133  131  130  128  130  132  137  139  152  157  166  170  179  184  197  199
  213  209  217  217  232  236  244  250  249  249  239  234  225  228  229  230
  232  236  241  244  253  257  256  247  247                                   
    30.0-180.0 180.0   5.0 450.0                            LAT/LON1/LON2/DLON/H
  261  252  251  238  228  215  204  194  188  179  173  169  164  156  147  137
  131  121  119  115  119  121  133  141  152  155  158  154  152  146  141  139
  134  133  129  128  126  126  130  134  146  149  160  162  174  180  191  197
  207  208  214  220  234  244  254  259  267  262  258  251  245  245  249  246
  245  245  251  252  266  265  269  257  261                                   
    27.5-180.0 180.0   5.0 450.0                            LAT/LON1/LON2/DLON/H
  280  271  271  262  245  233  218  210  196  192  181  181  173  170  160  154
  143  137  129  127  128  134  146  157  166  172  171  168  161  152  144  136
  132  127  124  120  121  119  125  127  141  143  155  154  168  173  189  193
  207  207  220  224  244  255  268  275  282  282  278  278  268  272  270  268
  260  257  258  262  275  279  279  274  280                                   
    25.0-180.0 180.0   5.0 450.0                            LAT/LON1/LON2/DLON/H
  298  293  301  289  280  263  249  234  219  205  196  188  184  177  172  162
  155  144  140  132  137  141  157  165  178  179  180  170  162  148  136  128
  120  117  112  110  107  107  110  116  125  134  141  146  158  167  182  190
  203  207  219  228  249  263  278  290  302  302  302  295  289  289  292  282
  272  265  267  267  283  283  291  286  298                                   
    22.5-180.0 180.0   5.0 450.0                            LAT/LON1/LON2/DLON/H
  315  314  323  321  311  299  283  266  243  229  213  207  198  194  184  179
  168  161  152  147  148  154  166  176  184  186  180  169  157  138  125  112
  105   99   98   95   96   97  100  106  116  123  132  138  154  163  181  187
  204  208  226  233  258  273  292  306  322  326  326  319  311  312  311  300
  285  275  274  274  289  294  300  305  315                                   
    20.0-180.0 180.0   5.0 450.0                            LAT/LON1/LON2/DLON/H
  330  335  346  346  345  337  319  299  280  257  240  225  216  206  199  189
  184  171  165  156  160  161  173  178  187  182  175  157  141  121  105   95
   83   82   77   82   81   84   85   92  100  110  121  132  150  161  182  189
  206  213  228  240  265  284  305  324  343  347  347  340  332  329  328  314
  301  287  286  282  296  298  312  316  330                                   
    17.5-180.0 180.0   5.0 450.0                            LAT/LON1/LON2/DLON/H
  346  356  367  373  367  366  350  332  308  287  264  248  233  222  211  203
  195  186  178  170  170  171  178  182  183  175  162  141  123  103   90   76
   68   63   66   67   71   71   75   78   91  100  116  132  153  168  187  194
  212  218  237  251  278  296  319  339  358  360  366  357  354  349  348  333
  318  305  302  297  308  313  326  332  346                                   
    15.0-180.0 180.0   5.0 450.0                            LAT/LON1/LON2/DLON/H
  358  372  380  380  381  386  372  358  328  304  282  260  246  229  219  208
  201  191  185  176  177  174  179  176  174  158  143  120  103   88   72   61
   53   53   54   57   59   60   63   68   83   94  114  134  162  173  195  200
  217  226  245  262  288  307  331  350  373  379  383  377  375  375  374  362
  348  334  329  319  323  325  341  348  358                                   
    12.5-180.0 180.0   5.0 450.0                            LAT/LON1/LON2/DLON/H
  371  385  392  392  383  389  375  363  335  313  289  269  252  237  222  213
  205  196  189  181  180  176  176  169  159  141  123  102   87   71   62   48
   47   42   48   46   52   51   59   60   79   89  117  137  167  184  201  209
  225  235  258  275  298  316  339  360  378  385  392  389  393  394  397  384
  375  362  360  342  348  349  363  371  371                                   
    10.0-180.0 180.0   5.0 450.0                            LAT/LON1/LON2/DLON/H
  385  398  393  384  376  379  366  355  328  306  283  264  250  234  222  209
  201  190  184  176  175  170  167  155  142  123  105   88   75   63   54   48
   43   41   42   42   45   46   51   55   73   88  114  141  172  187  207  214
  232  246  268  285  307  323  349  367  391  396  404  401  405  409  412  408
  403  394  391  372  368  368  384  392  385                                   
     7.5-180.0 180.0   5.0 450.0                            LAT/LON1/LON2/DLON/H
  405  413  404  390  369  370  350  339  311  293  270  255  242  229  216  207
  195  187  180  172  170  163  156  143  126  107   92   77   71   58   56   45
