data/unet/pred2230.15i
     1.0            IONOSPHERE MAPS     GNSS                IONEX VERSION / TYPE
pyspatialgeodesy        IME             05-JAN-18 20:20     PGM / RUN BY / DATE 
Map Name                                                    COMMENT             
Predicted global ionosphere maps (GIM).                     DESCRIPTION         
  2015     8    11     0     0     0                        EPOCH OF FIRST MAP  
  2015     8    12     0     0     0                        EPOCH OF LAST MAP   
  7200                                                      INTERVAL            
    13                                                      # OF MAPS IN FILE   
  NONE                                                      MAPPING FUNCTION    
10.0                                                        ELEVATION CUTOFF    
One-way carrier phase leveled to code                       OBSERVABLES USED    
  6371.0                                                    BASE RADIUS         
 2                                                          MAP DIMENSION       
   450.0 450.0   0.0                                        HGT1 / HGT2 / DHGT  
    87.5 -87.5  -2.5                                        LAT1 / LAT2 / DLAT  
  -180.0 180.0   5.0                                        LON1 / LON2 / DLON  
    -1                                                      EXPONENT            
                                                            END OF HEADER       
[from data line 858]
     3                                                      START OF TEC MAP    
  2015     8    11     4     0     0                        EPOCH OF CURRENT MAP
    87.5-180.0 180.0   5.0 450.0                            LAT/LON1/LON2/DLON/H
  150  151  139  138  139  136  137  136  138  136  137  135  138  137  138  137
  139  138  139  137  139  137  138  135  137  134  136  133  135  132  134  130
  133  130  133  129  132  129  132  129  132  130  133  130  133  132  134  133
  136  135  136  136  137  137  138  137  138  138  138  138  139  138  138  137
  139  138  139  139  139  134  148  157  150                                   
    85.0-180.0 180.0   5.0 450.0                            LAT/LON1/LON2/DLON/H
  155  156  140  146  145  142  142  142  143  142  141  141  142  143  142  142
  142  143  141  142  140  140  137  138  136  136  133  134  132  133  130  132
  130  132  130  132  130  132  130  132  131  134  132  135  134  136  135  138
  137  140  138  141  140  142  141  142  142  142  142  142  143  142  142  141
  143  142  143  142  143  139  147  152  155                                   
    82.5-180.0 180.0   5.0 450.0                            LAT/LON1/LON2/DLON/H
  144  141  140  148  143  142  141  143  142  143  141  143  141  143  140  141
  140  140  138  137  135  133  131  129  127  125  122  122  119  119  117  118
  116  117  116  118  116  118  116  120  118  122  120  125  124  128  127  132
  132  135  136  139  139  141  141  142  142  142  141  141  141  140  139  139
  139  139  140  140  141  137  144  142  144                                   
    80.0-180.0 180.0   5.0 450.0                            LAT/LON1/LON2/DLON/H
  146  143  148  150  150  146  148  148  148  147  147  147  147  146  145  145
  144  142  140  139  136  134  130  129  125  123  119  118  115  115  113  114
  112  114  113  116  115  117  117  120  121  123  125  128  129  132  134  137
  139  141  142  145  147  149  149  150  150  149  149  148  148  146  146  145
  145  144  145  144  144  137  141  139  146                                   
    77.5-180.0 180.0   5.0 450.0                            LAT/LON1/LON2/DLON/H
  147  139  144  148  146  145  146  146  146  145  145  144  143  142  142  141
  140  138  137  134  132  128  125  121  117  113  110  108  105  104  103  104
  104  104  106  107  108  109  111  113  115  117  120  123  125  128  131  134
  138  140  145  147  151  151  154  153  155  153  153  151  151  148  147  146
  145  144  145  143  144  137  141  134  147                                   
    75.0-180.0 180.0   5.0 450.0                            LAT/LON1/LON2/DLON/H
  142  138  139  142  142  140  142  141  140  139  138  136  135  134  134  133
  132  131  130  127  125  120  117  112  109  104  102   98   97   94   96   94
   96   95   99   99  101  101  106  107  110  112  118  120  125  127  133  134
  140  143  148  149  153  154  155  154  155  153  153  150  150  147  146  144
  143  142  142  141  141  136  141  137  142                                   
    72.5-180.0 180.0   5.0 450.0                            LAT/LON1/LON2/DLON/H
  142  134  136  140  139  136  137  136  134  132  130  127  126  124  124  123
  123  123  123  121  118  115  110  106  101   97   94   91   89   88   88   88
   89   90   93   94   95   96   99  102  105  108  114  118  122  128  133  138
  142  146  150  152  154  156  157  156  155  154  153  151  150  148  147  144
  143  141  142  141  142  139  142  137  142                                   
    70.0-180.0 180.0   5.0 450.0                            LAT/LON1/LON2/DLON/H
  140  135  136  139  138  135  135  133  130  126  122  119  117  115  115  115
  116  116  117  115  115  110  108  101   98   91   90   85   86   82   85   84
   87   86   89   89   92   92   96   97  102  106  113  118  125  130  137  141
  146  148  152  152  155  154  155  154  153  152  150  149  147  146  145  143
  142  142  143  144  144  140  145  143  140                                   
    67.5-180.0 180.0   5.0 450.0                            LAT/LON1/LON2/DLON/H
  142  134  137  139  136  133  132  129  125  119  116  111  110  107  107  107
  108  109  110  111  108  107  102   98   93   88   84   82   80   80   81   82
   83   84   85   85   86   86   89   92   96  102  110  119  126  134  140  144
  147  149  151  151  151  151  149  148  146  145  143  143  141  141  141  141
  141  142  145  145  147  143  146  143  142                                   
    65.0-180.0 180.0   5.0 450.0                            LAT/LON1/LON2/DLON/H
  142  137  139  141  138  133  131  127  122  117  111  108  105  102  103  102
  104  104  107  106  106  102   99   92   89   82   81   77   78   76   79   79
   80   79   80   79   80   81   85   88   95  100  112  121  130  137  143  147
  150  151  151  150  150  148  147  145  142  140  139  138  138  138  137  138
  138  141  144  147  147  144  148  149  142                                   
    62.5-180.0 180.0   5.0 450.0                            LAT/LON1/LON2/DLON/H
  147  137  139  141  136  131  128  124  120  114  110  106  103  100   98   99
   99  100  100  101   98   96   90   86   81   77   73   71   70   71   72   73
   73   73   72   72   72   73   77   82   90  100  113  124  132  139  144  147
  150  149  149  147  147  144  142  139  136  134  133  132  132  132  132  133
  134  137  141  143  146  146  149  148  147                                   
    60.0-180.0 180.0   5.0 450.0                            LAT/LON1/LON2/DLON/H
  146  141  141  141  136  131  128  124  120  115  109  105  103   99   97   95
   97   95   96   94   93   88   84   78   74   69   67   65   66   66   67   67
   68   66   65   64   66   67   73   80   90  101  115  127  135  143  146  150
  150  151  148  148  146  145  142  140  136  136  133  134  133  134  133  135
  134  138  140  145  146  145  149  153  146                                   
    57.5-180.0 180.0   5.0 450.0                            LAT/LON1/LON2/DLON/H
  153  141  142  142  137  132  129  126  122  117  112  108  104  101   96   94
   92   91   89   87   83   80   75   71   66   63   60   60   59   60   60   61
   61   59   59   58   61   64   71   79   91  105  120  131  140  145  150  151
  154  151  152  148  150  147  147  144  143  140  138  137  137  136  135  136
  135  137  140  144  148  148  150  149  153                                   
    55.0-180.0 180.0   5.0 450.0                            LAT/LON1/LON2/DLON/H
  152  147  147  146  141  137  134  131  127  123  117  111  107  102   98   93
   91   87   85   81   79   74   70   65   63   60   58   57   58   58   58   57
   58   57   57   57   61   66   74   83   97  111  126  138  145  153  156  160
  161  161  158  158  156  157  155  154  151  151  147  147  144  144  140  141
  138  141  142  146  149  148  152  157  152                                   
    52.5-180.0 180.0   5.0 450.0                            LAT/LON1/LON2/DLON/H
  161  152  154  153  148  144  141  139  134  130  124  118  112  106   99   94
   89   86   82   80   75   72   68   66   63   62   61   60   61   61   61   60
   60   58   60   60   66   71   80   90  105  120  135  146  155  161  167  171
  175  174  174  170  173  170  170  166  166  162  160  156  154  151  148  147
  144  145  146  148  152  153  156  159  161                                   
    50.0-180.0 180.0   5.0 450.0                            LAT/LON1/LON2/DLON/H
  163  164  165  164  159  156  153  150  145  139  132  126  118  110  103   96
   92   87   84   80   78   74   73   70   71   69   69   68   69   67   67   66
   66   64   65   67   72   79   87   99  113  128  141  154  161  172  179  186
  191  192  191  190  189  187  184  182  178  177  171  169  163  162  156  156
  152  153  153  156  157  157  159  169  163                                   
    47.5-180.0 180.0   5.0 450.0                            LAT/LON1/LON2/DLON/H
  174  173  176  176  169  167  163  161  154  148  140  133  125  116  108  102
   95   92   88   85   82   81   80   80   81   82   81   80   78   77   76   76
   76   74   75   76   82   87   96  107  119  135  148  161  171  182  191  200
  206  209  209  207  206  202  199  195  192  186  182  176  172  167  163  162
  159  159  160  162  165  166  167  173  174                                   
    45.0-180.0 180.0   5.0 450.0                            LAT/LON1/LON2/DLON/H
  181  188  190  189  183  181  178  174  167  160  149  143  133  124  114  107
  102   97   95   91   91   89   91   92   96   97   97   94   93   90   89   87
   88   85   86   88   91   98  103  114  123  139  152  166  177  190  200  211
  217  223  223  223  219  217  211  209  204  201  193  188  180  179  172  173
  169  172  172  176  175  176  175  186  181                                   
    42.5-180.0 180.0   5.0 450.0                            LAT/LON1/LON2/DLON/H
  195  197  201  196  192  191  186  183  174  167  156  149  139  132  121  114
  107  105  102  101   99  100  102  107  110  113  112  110  106  104  101  100
   98   96   96   97  100  104  109  118  125  141  153  167  180  194  206  219
  228  234  236  235  232  227  223  218  215  209  203  195  191  184  181  179
  178  181  183  186  192  192  189  194  195                                   
    40.0-180.0 180.0   5.0 450.0                            LAT/LON1/LON2/DLON/H
  204  210  209  204  200  199  197  193  185  176  166  159  150  141  130  122
  116  113  111  110  110  110  115  118  123  126  126  124  120  117  115  113
  111  109  106  106  106  110  113  120  127  139  153  167  180  196  210  224
  233  241  244  245  243  241  236  232  230  226  220  213  206  201  193  196
  191  199  197  204  204  204  200  206  204                                   
    37.5-180.0 180.0   5.0 450.0                            LAT/LON1/LON2/DLON/H
  219  219  217  210  204  203  199  197  188  182  172  167  158  151  139  131
  124  122  119  119  118  120  124  130  134  139  137  137  132  131  128  125
  122  117  113  109  109  111  114  121  127  139  151  166  178  195  210  224
  235  244  249  251  252  251  250  247  248  243  239  229  224  213  209  206
  206  208  211  214  220  221  214  216  219                                   
    35.0-180.0 180.0   5.0 450.0                            LAT/LON1/LON2/DLON/H
  232  232  227  217  212  210  207  203  195  189  181  176  170  161  149  139
  131  128  126  124  124  125  131  136  143  146  147  144  142  140  139  137
  133  128  120  117  115  117  118  123  130  139  151  164  175  192  207  220
  232  241  247  252  255  258  260  264  267  267  264  256  247  237  228  226
  221  226  226  232  236  234  227  232  232                                   
    32.5-180.0 180.0   5.0 450.0                            LAT/LON1/LON2/DLON/H
  253  246  243  232  222  219  213  210  200  196  187  186  178  173  157  148
  138  134  130  129  128  132  137  145  151  156  153  154  149  151  148  146
  142  133  126  121  118  118  119  124  130  140  148  162  172  186  201  214
  227  236  245  252  259  264  272  279  288  289  289  283  276  262  253  244
  241  241  244  247  256  255  247  250  253                                   
    30.0-180.0 180.0   5.0 450.0                            LAT/LON1/LON2/DLON/H
  280  273  269  255  245  238  230  222  212  205  199  196  191  183  168  153
  144  137  134  131  132  135  143  152  159  162  162  159  157  154  153  149
  143  136  127  124  121  121  121  124  131  139  148  157  167  180  193  205
  217  227  240  253  267  279  289  301  310  315  315  312  306  295  282  272
  265  265  265  270  275  275  267  270  280                                   
    27.5-180.0 180.0   5.0 450.0                            LAT/LON1/LON2/DLON/H
  314  304  302  288  273  265  250  241  225  220  209  209  200  195  176  162
  149  142  136  135  135  141  150  163  169  174  170  169  161  160  155  150
  144  133  127  122  121  119  119  120  126  134  142  152  162  175  189  199
  212  223  240  258  278  294  307  322  336  343  344  339  334  322  312  299
  293  287  289  291  298  300  294  296  314                                   
    25.0-180.0 180.0   5.0 450.0                            LAT/LON1/LON2/DLON/H
  344  342  337  323  307  297  281  268  250  238  228  222  214  203  186  167
  155  145  142  140  143  150  163  174  181  183  179  172  166  160  154  145
  137  127  118  116  114  113  111  111  117  124  134  142  158  169  184  193
  205  218  240  263  288  307  319  338  354  364  363  362  353  344  334  324
  316  313  310  314  318  323  321  320  344                                   
    22.5-180.0 180.0   5.0 450.0                            LAT/LON1/LON2/DLON/H
  369  371  369  361  348  339  318  302  279  265  246  239  225  213  192  176
  160  152  146  147  151  161  175  187  191  193  184  178  166  158  148  137
  125  115  108  103  104  100  100   99  105  112  123  137  155  168  186  194
  210  223  249  276  301  322  334  352  368  375  377  372  368  360  354  345
  339  333  333  334  340  346  348  349  369                                   
    20.0-180.0 180.0   5.0 450.0                            LAT/LON1/LON2/DLON/H
  389  396  398  394  385  382  362  342  312  291  270  253  239  224  204  184
  172  161  158  158  165  176  191  201  203  201  190  179  165  153  141  128
  116  106   97   94   90   89   87   85   91   98  112  126  150  165  187  199
  215  233  261  289  314  336  348  364  380  389  389  386  381  379  374  367
  361  356  355  356  361  366  371  370  389                                   
    17.5-180.0 180.0   5.0 450.0                            LAT/LON1/LON2/DLON/H
  402  411  420  420  416  415  401  381  347  318  289  273  250  235  212  197
  183  174  169  171  178  189  201  209  208  203  188  175  158  146  132  119
  108   96   91   85   82   77   76   74   79   86  100  119  146  167  192  205
  226  246  275  304  328  351  361  378  389  394  393  391  390  390  388  384
  379  373  374  372  378  385  388  390  402                                   
    15.0-180.0 180.0   5.0 450.0                            LAT/LON1/LON2/DLON/H
  412  423  434  438  438  442  427  410  375  343  307  286  263  245  227  211
  201  191  188  189  194  202  209  213  208  200  183  166  151  137  124  111
   98   88   79   75   69   66   64   63   67   74   91  111  142  167  195  211
  235  259  289  313  338  358  371  386  398  404  403  402  403  409  409  409
  406  402  402  399  400  402  408  408  412                                   
    12.5-180.0 180.0   5.0 450.0                            LAT/LON1/LON2/DLON/H
  420  430  442  445  447  450  439  423  391  359  318  296  271  255  234  225
  214  207  204  204  207  210  212  210  201  188  170  154  139  128  116  103
   91   82   74   69   67   62   59   57   61   67   84  107  140  168  197  213
  242  267  295  319  344  365  376  390  402  408  408  411  412  419  420  422
  419  417  419  416  417  423  425  424  420                                   
    10.0-180.0 180.0   5.0 450.0                            LAT/LON1/LON2/DLON/H
  427  438  445  446  448  452  439  424  394  364  323  299  277  260  243  235
  230  224  222  219  218  215  211  203  187  172  154  140  129  119  109   98
   87   76   68   65   62   59   56   55   60   65   83  105  139  167  196  216
  244  270  299  321  347  366  384  399  417  426  427  429  430  434  436  437
  437  435  439  434  434  436  445  439  427                                   
     7.5-180.0 180.0   5.0 450.0                            LAT/LON1/LON2/DLON/H
  434  444  448  442  438  438  426  410  383  355  319  299  277  263  246  244
  239  236  232  230  224  216  206  191  173  154  137  126  118  112  103   94
