data/unet/pred1980.15i
     1.0            IONOSPHERE MAPS     GNSS                IONEX VERSION / TYPE
pyspatialgeodesy        IME             05-JAN-18 20:20     PGM / RUN BY / DATE 
Map Name                                                    COMMENT             
Predicted global ionosphere maps (GIM).                     DESCRIPTION         
  2015     7    17     0     0     0                        EPOCH OF FIRST MAP  
  2015     7    18     0     0     0                        EPOCH OF LAST MAP   
  7200                                                      INTERVAL            
    13                                                      # OF MAPS IN FILE   
  NONE                                                      MAPPING FUNCTION    
10.0                                                        ELEVATION CUTOFF    
One-way carrier phase leveled to code                       OBSERVABLES USED    
  6371.0                                                    BASE RADIUS         
 2                                                          MAP DIMENSION       
   450.0 450.0   0.0                                        HGT1 / HGT2 / DHGT  
    87.5 -87.5  -2.5                                        LAT1 / LAT2 / DLAT  
  -180.0 180.0   5.0                                        LON1 / LON2 / DLON  
    -1                                                      EXPONENT            
                                                            END OF HEADER       
[from data line 858]
     3                                                      START OF TEC MAP    
  2015     7    17     4     0     0                        EPOCH OF CURRENT MAP
    87.5-180.0 180.0   5.0 450.0                            LAT/LON1/LON2/DLON/H
  170  170  161  162  162  162  161  164  163  165  164  165  164  164  163  162
  161  161  159  159  157  157  155  155  153  154  152  152  151  151  150  149
  149  149  148  148  148  148  147  147  147  148  147  147  147  147  146  146
  146  146  145  145  146  146  145  145  145  146  144  145  145  146  146  146
  147  149  149  150  150  145  158  167  170                                   
    85.0-180.0 180.0   5.0 450.0                            LAT/LON1/LON2/DLON/H
  175  173  161  171  168  169  166  171  168  172  169  173  169  173  169  171
  167  170  164  166  161  163  158  159  155  156  152  154  149  151  147  149
  145  147  144  145  143  145  142  143  142  143  141  142  141  142  140  141
  142  142  142  142  144  144  144  144  146  146  145  146  148  149  149  150
  152  153  154  156  154  152  159  163  175                                   
    82.5-180.0 180.0   5.0 450.0                            LAT/LON1/LON2/DLON/H
  160  158  162  167  162  161  160  162  162  164  163  165  165  167  165  167
  165  166  163  163  160  160  156  156  152  152  148  148  144  144  141  142
  140  140  138  138  137  137  136  136  137  136  136  136  138  138  137  138
  140  141  141  143  144  145  145  147  147  148  147  149  149  151  149  152
  151  154  154  157  155  154  156  155  160                                   
    80.0-180.0 180.0   5.0 450.0                            LAT/LON1/LON2/DLON/H
  167  164  167  171  168  168  166  168  166  169  167  169  168  170  169  170
  169  170  167  167  165  163  159  158  152  151  145  145  140  139  136  136
  134  135  134  135  134  136  134  136  135  136  135  136  137  138  138  140
  143  144  146  148  151  151  153  153  156  155  157  156  159  157  158  157
  158  158  160  160  160  155  157  159  167                                   
    77.5-180.0 180.0   5.0 450.0                            LAT/LON1/LON2/DLON/H
  169  164  168  171  169  168  167  165  165  164  164  164  164  164  164  165
  165  165  164  163  161  158  155  151  146  141  136  132  129  127  125  125
  125  126  128  129  131  132  133  133  134  133  134  135  137  139  141  145
  148  151  154  156  159  161  163  163  165  164  166  165  166  165  166  165
  165  164  167  163  165  158  161  160  169                                   
    75.0-180.0 180.0   5.0 450.0                            LAT/LON1/LON2/DLON/H
  168  168  168  170  170  165  164  160  159  156  155  154  154  153  154  154
  155  154  155  153  152  149  144  139  133  127  121  118  114  113  112  113
  115  118  122  125  128  130  132  133  133  133  134  136  138  140  144  147
  152  155  160  162  167  168  171  169  171  169  171  168  171  168  170  167
  169  166  169  164  165  158  162  163  168                                   
    72.5-180.0 180.0   5.0 450.0                            LAT/LON1/LON2/DLON/H
  171  167  169  170  165  161  157  152  149  144  142  139  139  138  139  139
  141  142  143  142  141  137  133  126  120  112  107  101  100   98  100  102
  106  111  117  122  126  130  133  134  135  136  138  140  143  148  150  156
  160  166  169  173  175  177  177  176  175  174  173  173  173  173  172  171
  170  169  170  167  168  163  164  162  171                                   
    70.0-180.0 180.0   5.0 450.0                            LAT/LON1/LON2/DLON/H
  169  169  170  171  168  161  158  152  148  142  138  134  133  130  130  130
  131  132  133  133  131  128  123  117  109  103   98   93   92   91   94   97
  103  108  116  123  129  133  136  139  140  142  143  148  150  156  160  166
  172  177  181  183  184  183  181  178  176  174  174  174  174  175  175  174
  173  172  172  170  169  163  164  165  169                                   
    67.5-180.0 180.0   5.0 450.0                            LAT/LON1/LON2/DLON/H
  171  169  172  174  168  163  158  152  146  140  135  130  126  122  121  120
  121  122  123  123  122  119  115  108  103   96   92   88   87   87   89   94
   99  106  113  122  128  134  136  140  142  145  148  153  157  163  168  176
  180  185  186  187  185  183  178  174  170  168  167  168  169  171  171  172
  170  171  171  170  171  165  163  160  171                                   
    65.0-180.0 180.0   5.0 450.0                            LAT/LON1/LON2/DLON/H
  169  170  172  173  172  165  162  156  151  144  138  131  125  120  116  115
  114  114  115  116  115  113  109  103   99   93   90   86   87   86   91   93
  100  105  113  120  127  132  137  141  143  148  151  157  163  170  176  181
  186  188  189  187  185  180  175  170  166  163  162  163  165  167  169  169
  169  169  169  169  169  161  164  162  169                                   
    62.5-180.0 180.0   5.0 450.0                            LAT/LON1/LON2/DLON/H
  171  167  171  173  170  167  162  159  154  148  141  134  127  120  114  110
  107  107  106  107  106  105  102   99   93   91   88   88   87   89   91   94
   98  103  108  117  122  129  134  139  143  147  153  159  166  173  178  183
  186  187  186  184  181  176  171  166  162  159  158  159  160  163  164  167
  166  167  166  166  166  161  161  157  171                                   
    60.0-180.0 180.0   5.0 450.0                            LAT/LON1/LON2/DLON/H
  168  169  171  173  172  167  166  162  159  154  147  140  132  123  115  110
  106  104  103  102  101   99   97   94   92   89   90   89   92   92   95   95
   98  101  106  111  118  124  131  137  141  148  154  163  170  178  184  186
  191  189  188  185  183  179  174  169  165  162  160  161  162  164  166  167
  167  168  167  166  165  159  163  160  168                                   
    57.5-180.0 180.0   5.0 450.0                            LAT/LON1/LON2/DLON/H
  173  170  173  175  172  170  166  166  162  160  153  148  138  129  119  112
  106  103  100   98   96   95   91   90   88   89   89   93   94   96   95   96
   96   97   99  105  110  118  125  133  140  146  155  163  174  181  188  192
  195  194  192  191  190  189  184  180  174  170  168  167  168  168  169  170
  169  169  168  167  167  163  163  159  173                                   
    55.0-180.0 180.0   5.0 450.0                            LAT/LON1/LON2/DLON/H
  174  178  179  181  179  174  173  171  170  167  162  156  148  136  124  114
  108  102  100   97   95   92   89   87   88   89   93   95   99   98   99   96
   95   94   96  100  106  113  123  132  140  149  158  169  179  189  196  199
  203  201  202  201  203  203  200  196  189  183  179  176  175  175  175  175
  174  174  174  173  171  166  169  168  174                                   
    52.5-180.0 180.0   5.0 450.0                            LAT/LON1/LON2/DLON/H
  185  185  189  190  187  185  181  179  175  173  167  163  153  145  131  120
  111  106  102  100   96   94   90   89   88   91   94   98  100  101   99   97
   93   91   92   95  101  110  121  132  143  152  164  174  187  197  205  210
  214  214  215  217  221  223  222  218  211  204  197  190  187  184  183  181
  180  181  180  178  178  176  176  174  185                                   
    50.0-180.0 180.0   5.0 450.0                            LAT/LON1/LON2/DLON/H
  191  198  200  203  200  196  193  188  183  179  175  170  163  152  139  124
  117  110  108  104  103   98   96   93   95   96  100  102  105  103  102   97
   95   91   93   95  104  112  124  136  149  160  170  185  196  208  217  223
  230  231  234  237  243  245  246  241  234  224  215  206  200  196  191  191
  188  192  191  191  188  186  187  187  191                                   
    47.5-180.0 180.0   5.0 450.0                            LAT/LON1/LON2/DLON/H
  205  208  212  213  210  206  201  197  189  185  178  175  165  158  143  132
  122  117  114  113  110  109  106  105  103  105  106  107  108  106  104  100
   96   93   93   96  103  114  125  140  153  165  178  192  206  219  230  240
  246  250  253  258  265  268  270  263  255  242  232  221  214  207  203  201
  199  203  204  204  203  204  200  196  205                                   
    45.0-180.0 180.0   5.0 450.0                            LAT/LON1/LON2/DLON/H
  212  221  221  223  221  217  210  204  197  191  186  181  174  164  151  137
  130  123  122  120  121  119  119  116  117  116  117  114  114  110  108  103
  101   98  100  102  110  120  132  146  159  174  184  202  214  230  243  254
  264  267  273  276  283  285  288  281  272  260  248  235  227  220  214  212
  211  216  217  220  216  216  214  211  212                                   
    42.5-180.0 180.0   5.0 450.0                            LAT/LON1/LON2/DLON/H
  225  227  228  229  226  222  216  210  202  197  187  184  174  167  152  143
  135  133  130  133  134  137  136  137  134  134  128  124  119  115  112  108
  107  104  106  108  114  123  134  148  162  176  189  205  223  240  257  272
  281  285  289  291  298  299  303  295  289  275  264  248  240  228  225  222
  222  227  229  230  231  232  225  222  225                                   
    40.0-180.0 180.0   5.0 450.0                            LAT/LON1/LON2/DLON/H
  233  235  235  233  231  227  222  215  209  202  194  189  182  172  159  147
  140  136  137  138  145  147  153  154  156  151  145  136  130  123  121  118
  117  115  114  115  120  129  139  152  166  182  194  212  229  249  268  284
  295  298  302  304  309  310  315  311  306  296  283  269  257  247  241  238
  239  243  247  249  247  244  240  236  233                                   
    37.5-180.0 180.0   5.0 450.0                            LAT/LON1/LON2/DLON/H
  247  241  239  236  231  229  224  221  211  207  197  194  183  176  161  153
  145  143  142  147  152  160  165  173  172  171  160  152  142  137  133  132
  131  130  127  127  128  134  142  153  167  183  196  215  234  255  277  294
  303  309  312  315  319  323  328  325  323  315  307  292  282  268  262  258
  259  264  267  270  270  268  255  254  247                                   
    35.0-180.0 180.0   5.0 450.0                            LAT/LON1/LON2/DLON/H
  259  253  250  241  237  232  228  223  218  212  206  199  191  180  166  155
  148  145  145  148  155  164  175  183  189  186  177  166  157  150  148  145
  146  141  139  134  136  138  146  156  168  182  195  215  234  256  278  295
  306  312  318  322  328  335  341  345  345  342  334  322  310  297  290  284
  285  289  294  296  295  291  281  275  259                                   
    32.5-180.0 180.0   5.0 450.0                            LAT/LON1/LON2/DLON/H
  285  272  266  255  245  240  233  231  225  222  213  209  196  186  171  162
  153  149  147  151  157  168  179  193  197  198  188  180  169  165  160  160
  158  156  152  147  145  145  149  156  167  179  194  213  233  253  273  289
  302  312  319  328  337  348  359  364  368  365  362  350  341  327  318  313
  313  318  322  326  326  323  314  308  285                                   
    30.0-180.0 180.0   5.0 450.0                            LAT/LON1/LON2/DLON/H
  313  302  295  279  268  259  251  245  240  235  228  219  208  194  179  165
  157  150  147  150  158  168  184  197  208  207  200  191  183  175  172  165
  166  156  156  147  148  144  148  153  163  173  185  205  224  243  261  276
  290  303  316  330  346  364  379  391  396  397  390  379  366  354  344  339
  340  345  351  355  357  354  354  343  313                                   
    27.5-180.0 180.0   5.0 450.0                            LAT/LON1/LON2/DLON/H
  353  337  331  319  302  295  281  275  263  259  245  237  220  207  187  175
  163  157  150  152  160  172  187  202  212  214  207  200  190  181  175  167
  164  157  154  148  147  144  144  147  156  163  177  195  216  231  249  263
  278  291  309  327  349  372  393  409  420  418  414  400  389  375  367  362
  363  367  374  379  384  385  388  383  353                                   
    25.0-180.0 180.0   5.0 450.0                            LAT/LON1/LON2/DLON/H
  393  385  377  363  351  337  320  307  294  284  268  252  233  215  195  178
  167  157  152  152  162  175  193  206  219  220  213  204  196  182  173  161
  155  146  144  137  139  134  134  136  142  150  161  182  202  219  233  248
  261  279  302  326  351  378  403  425  435  437  429  419  408  399  391  386
  388  392  397  403  409  414  420  415  393                                   
    22.5-180.0 180.0   5.0 450.0                            LAT/LON1/LON2/DLON/H
  424  421  417  411  395  389  367  351  330  319  293  275  247  229  205  190
  175  166  159  159  168  182  197  211  221  221  211  204  191  178  162  150
  139  133  128  125  126  125  122  122  129  134  150  167  194  208  226  236
  252  270  297  322  352  383  407  431  444  444  438  426  419  408  404  399
  400  403  412  417  428  436  441  436  424                                   
    20.0-180.0 180.0   5.0 450.0                            LAT/LON1/LON2/DLON/H
  446  454  455  449  443  434  413  394  368  346  316  290  261  237  214  196
  184  172  165  165  176  189  207  218  226  222  211  197  184  165  148  132
  124  113  114  111  112  110  106  108  114  121  138  162  188  206  223  235
  250  270  298  324  355  384  409  432  443  447  440  434  429  423  420  418
  421  424  430  437  444  453  461  451  446                                   
    17.5-180.0 180.0   5.0 450.0                            LAT/LON1/LON2/DLON/H
  455  472  476  478  472  466  447  427  397  371  336  309  274  252  226  213
  195  185  176  177  187  199  213  222  225  218  201  186  168  149  130  115
  103   96   92   90   94   95   95   96  103  112  135  159  191  205  226  237
  257  277  303  329  355  384  407  427  440  442  439  434  432  426  425  424
  424  428  434  441  452  459  464  453  455                                   
    15.0-180.0 180.0   5.0 450.0                            LAT/LON1/LON2/DLON/H
  457  477  487  490  492  488  470  451  420  391  352  318  287  261  236  222
  206  196  189  189  198  206  222  225  224  210  191  169  150  129  114   96
   89   77   78   78   83   86   87   88   97  108  135  161  196  213  234  247
  264  285  310  331  353  377  401  419  432  437  438  438  442  440  440  438
  441  441  446  453  459  465  474  460  457                                   
    12.5-180.0 180.0   5.0 450.0                            LAT/LON1/LON2/DLON/H
  452  474  485  487  489  485  471  451  424  394  357  327  295  272  245  234
  217  210  202  202  205  213  219  219  210  194  170  150  130  114   99   85
   75   69   70   68   74   78   81   81   92  105  134  163  197  216  240  252
  273  293  315  333  352  374  393  411  426  434  437  444  447  448  446  446
  445  449  451  455  461  464  466  457  452                                   
    10.0-180.0 180.0   5.0 450.0                            LAT/LON1/LON2/DLON/H
  447  468  478  476  479  476  463  445  418  391  354  326  299  276  255  241
  226  221  215  210  212  212  216  206  194  172  150  130  115  102   91   78
   72   68   66   66   68   74   76   77   86  100  132  162  199  220  242  257
  276  295  318  333  350  368  389  406  425  439  451  460  466  466  465  463
  463  461  463  463  467  465  469  461  447                                   
     7.5-180.0 180.0   5.0 450.0                            LAT/LON1/LON2/DLON/H
  446  463  470  463  460  454  443  423  402  375  346  319  296  277  258  248
  234  231  222  217  211  208  201  188  171  149  127  114  100   92   84   76
