data/unet/pred3120.15i
     1.0            IONOSPHERE MAPS     GNSS                IONEX VERSION / TYPE
pyspatialgeodesy        IME             05-JAN-18 20:20     PGM / RUN BY / DATE 
Map Name                                                    COMMENT             
Predicted global ionosphere maps (GIM).                     DESCRIPTION         
  2015    11     8     0     0     0                        EPOCH OF FIRST MAP  
  2015    11     9     0     0     0                        EPOCH OF LAST MAP   
  7200                                                      INTERVAL            
    13                                                      # OF MAPS IN FILE   
  NONE                                                      MAPPING FUNCTION    
10.0                                                        ELEVATION CUTOFF    
One-way carrier phase leveled to code                       OBSERVABLES USED    
  6371.0                                                    BASE RADIUS         
 2                                                          MAP DIMENSION       
   450.0 450.0   0.0                                        HGT1 / HGT2 / DHGT  
    87.5 -87.5  -2.5                                        LAT1 / LAT2 / DLAT  
  -180.0 180.0   5.0                                        LON1 / LON2 / DLON  
    -1                                                      EXPONENT            
                                                            END OF HEADER       
[from data line 4290]
    11                                                      START OF TEC MAP    
  2015    11     8    20     0     0                        EPOCH OF CURRENT MAP
    87.5-180.0 180.0   5.0 450.0                            LAT/LON1/LON2/DLON/H
  110   79   56   62   60   60   58   59   57   58   57   58   57   58   56   57
   56   57   55   57   55   56   55   56   54   55   54   55   54   56   55   56
   55   56   55   56   55   56   54   56   54   56   54   56   55   57   55   57
   57   59   57   59   58   60   58   60   59   61   59   61   60   61   60   61
   60   62   60   61   62   62   56  103  110                                   
    85.0-180.0 180.0   5.0 450.0                            LAT/LON1/LON2/DLON/H
   54   50   49   53   55   53   54   54   54   54   54   55   55   54   55   55
   54   54   54   54   54   53   53   53   52   52   52   52   51   51   51   51
   50   51   50   50   49   51   48   50   49   50   48   50   49   51   49   51
   51   52   52   53   54   54   55   55   56   55   56   56   56   56   57   56
   57   56   57   55   58   55   52   72   54                                   
    82.5-180.0 180.0   5.0 450.0                            LAT/LON1/LON2/DLON/H
   47   46   44   45   45   44   45   46   47   47   49   49   51   51   52   53
   53   53   53   54   53   54   52   53   51   52   51   52   50   52   51   53
   51   53   51   53   51   53   51   53   51   52   51   52   51   52   51   52
   53   54   54   55   56   57   56   57   57   58   57   57   56   56   55   55
   54   53   52   51   50   47   48   54   47                                   
    80.0-180.0 180.0   5.0 450.0                            LAT/LON1/LON2/DLON/H
   48   42   39   39   39   38   40   41   43   44   46   47   49   50   51   51
   52   52   52   52   50   50   49   49   48   49   48   49   49   50   51   52
   52   53   53   53   54   54   54   53   53   53   52   51   52   52   53   52
   53   53   55   54   56   55   57   55   57   55   56   54   55   53   53   51
   50   49   48   45   45   41   40   46   48                                   
    77.5-180.0 180.0   5.0 450.0                            LAT/LON1/LON2/DLON/H
   42   40   36   39   36   38   38   43   44   47   48   52   53   55   56   57
   56   56   56   56   54   53   52   52   51   51   51   52   52   53   53   55
   54   56   55   58   55   58   55   57   53   56   52   54   52   55   53   55
   54   56   56   58   57   58   58   58   57   57   56   56   54   54   52   51
   49   48   46   44   43   41   39   41   42                                   
    75.0-180.0 180.0   5.0 450.0                            LAT/LON1/LON2/DLON/H
   41   40   38   41   41   43   44   47   49   52   54   58   59   62   62   64
   63   63   61   61   58   58   55   56   54   55   54   56   55   56   56   58
   58   59   59   59   59   59   58   56   55   54   53   52   52   52   53   53
   55   56   58   58   59   59   60   59   59   58   58   57   56   55   53   52
   49   49   47   45   45   42   42   47   41                                   
    72.5-180.0 180.0   5.0 450.0                            LAT/LON1/LON2/DLON/H
   42   45   42   46   45   48   49   53   55   61   63   67   69   72   73   74
   73   72   69   67   65   63   61   59   58   58   58   58   58   59   58   60
   59   61   59   61   58   60   55   56   51   53   48   49   46   49   47   50
   50   54   54   57   57   59   58   58   57   57   57   56   55   54   52   50
   48   47   45   44   43   43   43   48   42                                   
    70.0-180.0 180.0   5.0 450.0                            LAT/LON1/LON2/DLON/H
   45   50   50   54   56   57   61   62   67   71   75   78   82   83   86   84
   84   81   79   75   73   70   67   64   62   61   59   59   57   57   57   57
   57   57   57   57   56   55   53   51   48   46   43   42   41   42   43   44
   47   50   52   54   55   56   56   55   56   55   55   53   53   51   51   48
   47   45   44   42   44   43   46   55   45                                   
    67.5-180.0 180.0   5.0 450.0                            LAT/LON1/LON2/DLON/H
   50   57   54   61   61   66   69   74   78   84   88   93   97   99  101   99
   98   95   92   88   84   79   76   71   68   64   61   58   57   55   54   54
   53   54   52   54   50   51   46   47   41   41   36   37   33   36   35   39
   39   43   44   47   47   48   48   49   48   49   48   48   47   46   44   43
   41   39   39   38   40   41   45   55   50                                   
    65.0-180.0 180.0   5.0 450.0                            LAT/LON1/LON2/DLON/H
   51   60   61   68   72   74   80   82   89   93  100  105  110  112  114  113
  110  106  104   99   95   89   84   77   70   65   60   57   52   50   48   46
   46   45   45   44   43   41   40   38   35   33   31   29   28   29   29   32
   33   36   38   40   41   41   41   41   42   42   43   42   42   40   40   37
   36   34   35   34   38   39   47   61   51                                   
    62.5-180.0 180.0   5.0 450.0                            LAT/LON1/LON2/DLON/H
   56   65   64   73   76   81   85   90   97  103  112  118  125  128  132  129
  129  123  121  115  109  101   95   85   77   67   61   53   51   45   45   42
   42   41   39   39   37   36   33   32   30   29   26   25   22   23   22   24
   23   25   26   28   28   29   30   31   32   34   35   35   34   33   32   29
   28   26   27   27   31   36   45   59   56                                   
    60.0-180.0 180.0   5.0 450.0                            LAT/LON1/LON2/DLON/H
   58   68   71   78   83   86   93   96  104  110  120  126  134  139  142  143
  141  138  135  131  125  117  108   96   86   74   64   56   50   44   43   40
   40   36   35   33   33   30   30   28   28   27   25   25   22   23   21   22
   22   23   23   23   23   24   25   26   28   29   31   31   32   29   29   25
   26   23   26   25   32   36   47   61   58                                   
    57.5-180.0 180.0   5.0 450.0                            LAT/LON1/LON2/DLON/H
   66   76   73   83   89   93   97  101  110  116  127  135  145  150  156  157
  158  155  153  147  143  134  125  110   99   83   72   59   53   46   46   42
   42   37   36   32   32   29   30   29   30   29   29   27   26   24   24   22
   21   19   19   18   19   19   22   23   27   28   29   30   29   27   25   22
   22   20   24   25   32   38   48   59   66                                   
    55.0-180.0 180.0   5.0 450.0                            LAT/LON1/LON2/DLON/H
   75   85   87   94  101  102  108  110  117  122  132  141  151  157  164  168
  170  170  168  165  160  152  142  127  113   97   85   72   66   57   57   52
   52   45   42   37   36   33   35   34   37   37   38   37   36   35   33   31
   28   26   24   23   22   23   25   27   31   33   34   33   32   29   29   25
   27   24   31   31   41   46   59   69   75                                   
    52.5-180.0 180.0   5.0 450.0                            LAT/LON1/LON2/DLON/H
   89   97   96  106  113  115  118  120  127  130  141  148  160  166  175  179
  184  185  184  181  177  169  158  143  129  113  101   86   80   72   71   64
   64   56   53   45   45   40   43   42   47   47   49   48   48   45   43   39
   37   33   32   28   30   29   33   35   40   40   41   39   37   34   32   30
   31   31   37   40   49   55   68   76   89                                   
    50.0-180.0 180.0   5.0 450.0                            LAT/LON1/LON2/DLON/H
  106  117  124  130  137  138  142  142  146  146  153  157  169  173  181  185
  192  193  196  194  191  182  171  158  146  131  119  106  100   91   89   82
   78   70   64   57   54   50   52   53   57   59   62   63   62   60   57   54
   52   49   46   44   44   44   47   50   52   53   51   48   46   42   42   40
   44   43   51   54   65   71   86   93  106                                   
    47.5-180.0 180.0   5.0 450.0                            LAT/LON1/LON2/DLON/H
  125  134  144  155  162  165  166  167  167  165  169  172  182  186  195  199
  206  207  208  206  201  194  183  172  161  147  137  123  116  106  103   94
   91   80   76   67   66   61   64   64   70   70   75   74   75   71   70   66
   65   62   61   59   60   60   64   65   67   64   62   56   54   50   51   50
   53   54   61   66   77   84   98  107  125                                   
    45.0-180.0 180.0   5.0 450.0                            LAT/LON1/LON2/DLON/H
  140  157  174  183  192  196  201  200  199  192  193  189  199  197  209  210
  219  216  219  214  210  202  194  184  176  164  154  140  131  118  111  102
   96   87   81   75   73   70   73   74   78   80   82   83   83   80   78   77
   77   77   77   76   76   78   79   81   79   76   70   65   61   58   59   59
   63   64   71   76   89   98  116  128  140                                   
    42.5-180.0 180.0   5.0 450.0                            LAT/LON1/LON2/DLON/H
  156  174  191  207  217  223  228  230  227  221  217  212  219  217  227  227
  235  228  228  221  215  209  201  195  188  179  168  152  140  123  115  104
   99   88   86   79   82   79   84   82   88   84   87   85   87   83   83   81
   83   83   86   85   87   87   89   87   87   80   75   68   65   61   63   63
   66   68   74   81   93  106  123  140  156                                   
    40.0-180.0 180.0   5.0 450.0                            LAT/LON1/LON2/DLON/H
  162  189  210  224  237  245  254  258  256  249  244  237  243  238  248  241
  249  237  238  228  225  216  211  204  202  193  181  163  146  126  114  104
   97   88   86   84   88   88   92   91   93   89   88   88   87   85   84   84
   86   89   92   93   95   95   95   93   90   83   77   72   68   67   67   67
   68   70   75   80   95  108  129  149  162                                   
    37.5-180.0 180.0   5.0 450.0                            LAT/LON1/LON2/DLON/H
  168  196  214  233  251  261  275  278  280  271  268  259  266  258  268  258
  265  250  248  237  233  225  219  213  210  202  189  171  149  128  117  106
  102   93   94   92  100  101  107  101  101   93   92   89   88   85   84   83
   86   89   93   94   96   97   97   94   90   83   78   72   69   67   68   66
   66   64   69   76   90  106  129  153  168                                   
    35.0-180.0 180.0   5.0 450.0                            LAT/LON1/LON2/DLON/H
  168  203  219  240  260  273  291  298  299  295  290  285  286  280  287  275
  281  264  264  250  250  241  235  227  226  214  203  181  161  138  127  118
  116  109  110  111  120  122  124  117  112  103   98   94   92   89   86   85
   87   89   93   95   98   99   99   96   92   86   81   78   75   74   72   70
   67   65   68   74   90  105  131  155  168                                   
    32.5-180.0 180.0   5.0 450.0                            LAT/LON1/LON2/DLON/H
  169  204  221  243  268  282  305  311  320  314  311  304  307  301  308  295
  299  281  280  266  266  256  251  240  237  225  215  193  175  156  149  143
  144  138  139  140  148  148  148  134  127  113  107  100   98   94   90   87
   86   87   89   90   93   95   96   94   90   85   80   78   77   76   75   70
   68   64   67   74   89  108  134  159  169                                   
    30.0-180.0 180.0   5.0 450.0                            LAT/LON1/LON2/DLON/H
  176  216  231  253  279  296  319  327  337  335  333  326  326  321  326  313
  315  296  295  282  285  275  269  259  258  245  239  218  206  189  187  186
  188  184  179  179  181  179  171  158  143  131  121  115  111  106  101   97
   95   94   93   93   94   98   99   98   96   92   88   86   85   85   82   78
   74   74   76   84  101  120  148  173  176                                   
    27.5-180.0 180.0   5.0 450.0                            LAT/LON1/LON2/DLON/H
  193  229  243  265  293  310  332  341  354  356  359  350  355  345  348  333
  334  313  311  299  303  290  287  274  274  263  261  246  242  232  239  241
  245  236  226  218  215  205  197  178  164  148  139  130  124  119  112  108
  102   99   94   94   93   98   98   99   97   95   92   91   89   89   86   82
   80   81   87   95  110  137  165  191  193                                   
    25.0-180.0 180.0   5.0 450.0                            LAT/LON1/LON2/DLON/H
  220  254  273  295  320  338  356  366  376  379  381  373  379  365  367  352
  351  329  326  313  318  303  300  286  291  284  287  279  283  282  292  302
  303  291  269  254  241  233  218  202  181  172  159  155  145  141  132  127
  119  114  106  104  103  104  106  106  105  103  102   99   97   95   90   87
   87   91  100  114  129  156  191  211  220                                   
    22.5-180.0 180.0   5.0 450.0                            LAT/LON1/LON2/DLON/H
  255  286  304  333  356  378  394  402  407  406  408  400  407  393  395  376
  375  348  346  330  335  316  314  300  308  303  313  310  321  326  342  352
  355  338  312  283  265  249  239  217  203  188  180  175  167  161  152  147
  138  132  120  116  110  111  111  111  112  109  108  103  102   98   95   91
   93   98  111  129  147  177  208  233  255                                   
    20.0-180.0 180.0   5.0 450.0                            LAT/LON1/LON2/DLON/H
  288  311  343  371  395  420  439  448  446  449  439  437  431  422  421  400
  396  366  361  343  343  326  323  313  324  323  339  339  352  358  377  387
  388  369  338  305  283  265  250  234  216  207  196  191  183  178  170  164
  155  147  135  130  123  123  122  122  120  117  112  108  104  100   96   93
   98  107  123  145  167  196  230  251  288                                   
    17.5-180.0 180.0   5.0 450.0                            LAT/LON1/LON2/DLON/H
  309  335  365  403  430  460  480  489  490  491  487  480  478  467  464  443
  433  401  389  364  365  343  347  336  351  351  372  372  390  392  412  413
  413  388  362  323  306  284  273  255  242  228  220  209  203  192  188  179
  173  162  153  143  137  131  131  126  123  117  110  105  100   95   93   90
   99  110  132  153  179  211  241  267  309                                   
    15.0-180.0 180.0   5.0 450.0                            LAT/LON1/LON2/DLON/H
  323  347  388  422  454  486  508  525  537  549  541  536  524  513  505  483
  470  434  413  382  376  359  360  358  372  379  400  404  418  423  433  433
  423  397  369  337  320  306  295  280  265  255  244  234  223  211  202  194
  186  175  161  151  144  138  136  129  123  117  105   99   93   90   88   87
   97  109  130  153  179  208  244  269  323                                   
    12.5-180.0 180.0   5.0 450.0                            LAT/LON1/LON2/DLON/H
  318  356  394  435  469  503  529  556  579  594  598  588  578  562  555  534
  521  483  452  418  405  389  394  391  409  415  437  440  453  449  454  441
  426  397  374  352  339  330  324  313  297  282  269  256  243  228  216  203
  196  180  167  152  145  136  133  125  118  109   96   87   82   78   80   79
   91  103  128  151  181  210  241  270  318                                   
    10.0-180.0 180.0   5.0 450.0                            LAT/LON1/LON2/DLON/H
  320  357  400  438  473  505  536  565  602  627  636  633  625  608  596  576
  560  525  491  452  431  414  416  420  435  447  462  467  473  464  457  440
  418  396  371  359  348  346  339  334  318  305  287  272  257  240  225  210
  197  182  165  152  143  134  131  123  116  106   93   81   76   71   72   71
   82   94  118  141  168  199  229  260  320                                   
     7.5-180.0 180.0   5.0 450.0                            LAT/LON1/LON2/DLON/H
  304  358  393  435  467  499  530  568  607  638  655  659  656  644  634  619
  604  572  535  498  476  457  457  458  469  475  488  487  495  474  466  439
