data/unet/pred1920.15i
     1.0            IONOSPHERE MAPS     GNSS                IONEX VERSION / TYPE
pyspatialgeodesy        IME             05-JAN-18 20:20     PGM / RUN BY / DATE 
Map Name                                                    COMMENT             
Predicted global ionosphere maps (GIM).                     DESCRIPTION         
  2015     7    11     0     0     0                        EPOCH OF FIRST MAP  
  2015     7    12     0     0     0                        EPOCH OF LAST MAP   
  7200                                                      INTERVAL            
    13                                                      # OF MAPS IN FILE   
  NONE                                                      MAPPING FUNCTION    
10.0                                                        ELEVATION CUTOFF    
One-way carrier phase leveled to code                       OBSERVABLES USED    
  6371.0                                                    BASE RADIUS         
 2                                                          MAP DIMENSION       
   450.0 450.0   0.0                                        HGT1 / HGT2 / DHGT  
    87.5 -87.5  -2.5                                        LAT1 / LAT2 / DLAT  
  -180.0 180.0   5.0                                        LON1 / LON2 / DLON  
    -1                                                      EXPONENT            
                                                            END OF HEADER       
[from data line 2145]
     6                                                      START OF TEC MAP    
  2015     7    11    10     0     0                        EPOCH OF CURRENT MAP
    87.5-180.0 180.0   5.0 450.0                            LAT/LON1/LON2/DLON/H
  171  190  193  196  194  193  191  189  189  186  185  182  183  180  180  176
  178  174  176  172  175  171  175  172  176  174  178  176  180  180  183  183
  185  186  188  188  189  189  190  190  190  191  193  195  195  198  199  203
  204  208  208  212  211  215  213  217  213  217  212  216  211  214  208  213
  208  211  203  204  193  195  186  163  171                                   
    85.0-180.0 180.0   5.0 450.0                            LAT/LON1/LON2/DLON/H
  194  179  188  191  191  187  188  185  187  183  184  180  183  179  180  176
  178  175  176  173  176  174  177  176  180  179  183  183  187  188  191  192
  194  195  198  198  199  199  201  201  203  203  206  207  209  209  212  214
  215  217  219  222  221  224  222  224  221  223  219  220  216  216  213  213
  210  210  206  204  199  192  201  181  194                                   
    82.5-180.0 180.0   5.0 450.0                            LAT/LON1/LON2/DLON/H
  187  182  182  184  186  184  186  184  186  183  184  181  182  180  180  178
  177  177  176  175  175  175  176  177  179  180  183  184  188  190  193  194
  197  197  201  199  202  201  203  202  204  203  207  206  211  209  214  213
  218  216  220  219  222  220  222  219  221  218  218  215  215  211  209  206
  205  203  202  198  198  193  198  199  187                                   
    80.0-180.0 180.0   5.0 450.0                            LAT/LON1/LON2/DLON/H
  192  184  180  180  183  182  183  182  182  180  180  178  178  177  176  175
  173  172  170  170  168  169  168  170  170  173  174  178  180  184  186  190
  191  195  195  198  197  200  199  202  202  205  206  209  210  213  214  217
  218  221  221  224  223  225  225  226  224  224  221  220  218  216  213  210
  208  206  203  201  199  190  196  196  192                                   
    77.5-180.0 180.0   5.0 450.0                            LAT/LON1/LON2/DLON/H
  189  189  182  183  182  184  184  185  184  184  183  182  181  179  177  176
  174  173  170  169  168  167  167  167  168  170  173  176  179  183  187  190
  194  197  199  200  202  203  205  207  208  211  212  216  217  220  222  225
  226  230  230  234  233  236  235  237  235  236  233  234  230  230  224  224
  217  218  211  209  204  197  199  201  189                                   
    75.0-180.0 180.0   5.0 450.0                            LAT/LON1/LON2/DLON/H
  189  185  178  181  176  179  176  180  178  180  178  179  176  174  172  169
  167  165  163  161  160  159  159  160  161  163  166  170  174  180  184  190
  191  198  197  201  199  203  201  205  204  210  210  215  215  221  221  226
  226  232  231  237  235  241  238  243  239  243  237  241  234  236  228  229
  221  222  214  215  207  199  205  205  189                                   
    72.5-180.0 180.0   5.0 450.0                            LAT/LON1/LON2/DLON/H
  190  191  180  177  173  173  171  172  172  173  173  173  171  170  166  164
  161  159  157  155  155  153  154  153  155  156  160  164  169  175  181  188
  191  196  197  200  200  202  202  205  206  210  212  216  217  221  222  225
  227  230  231  235  234  239  238  242  241  243  242  243  241  240  235  234
  228  228  221  219  214  205  206  210  190                                   
    70.0-180.0 180.0   5.0 450.0                            LAT/LON1/LON2/DLON/H
  194  185  175  172  165  164  161  163  163  166  166  166  166  163  163  159
  158  155  155  152  153  151  153  151  154  154  159  163  170  176  183  190
  193  200  199  203  201  205  204  208  207  212  214  217  218  221  222  225
  225  228  228  231  230  234  233  238  236  240  237  240  237  237  232  232
  226  227  220  221  214  207  211  215  194                                   
    67.5-180.0 180.0   5.0 450.0                            LAT/LON1/LON2/DLON/H
  195  193  177  170  161  156  153  152  153  154  155  156  156  155  154  152
  151  150  150  149  150  148  150  149  151  152  156  161  168  175  182  191
  196  200  202  204  205  207  208  211  212  215  217  220  220  222  222  223
  223  223  223  223  222  224  225  226  228  229  231  231  233  231  232  231
  228  229  224  223  220  213  213  217  195                                   
    65.0-180.0 180.0   5.0 450.0                            LAT/LON1/LON2/DLON/H
  203  191  177  167  156  151  146  145  145  145  146  148  149  148  149  148
  149  148  151  150  153  150  153  150  154  154  160  164  172  180  187  197
  198  206  206  211  210  214  214  218  217  222  222  225  224  226  224  225
  221  221  218  218  215  218  216  220  220  224  223  227  226  227  226  227
  225  228  224  227  223  217  221  220  203                                   
    62.5-180.0 180.0   5.0 450.0                            LAT/LON1/LON2/DLON/H
  207  201  183  170  156  145  138  134  132  131  131  133  134  136  136  138
  138  140  142  145  147  148  149  149  151  153  158  164  171  180  189  199
  203  210  212  217  217  220  221  224  224  227  228  229  229  228  227  224
  221  219  216  215  213  213  213  214  216  218  221  220  223  221  223  221
  223  224  224  226  227  223  226  225  207                                   
    60.0-180.0 180.0   5.0 450.0                            LAT/LON1/LON2/DLON/H
  216  200  188  175  158  147  138  130  125  122  122  123  126  126  128  128
  130  132  136  138  143  144  147  148  151  154  160  166  175  184  192  202
  206  214  216  223  224  228  229  231  231  235  235  237  236  235  232  229
  225  223  219  218  213  215  213  217  217  222  221  225  223  224  222  222
  222  226  227  231  230  226  231  228  216                                   
    57.5-180.0 180.0   5.0 450.0                            LAT/LON1/LON2/DLON/H
  222  213  197  183  166  149  135  125  116  110  107  108  108  110  110  112
  114  118  121  127  130  135  138  142  145  151  156  164  173  183  193  203
  209  217  221  228  230  234  235  237  238  240  243  242  241  238  237  233
  230  227  224  222  219  220  219  221  223  226  227  228  228  226  226  223
  225  225  229  232  236  232  235  233  222                                   
    55.0-180.0 180.0   5.0 450.0                            LAT/LON1/LON2/DLON/H
  230  213  203  192  174  157  141  127  114  105  100   98   98   98  100  100
  103  107  111  118  124  130  136  142  147  155  160  169  179  188  198  207
  213  221  226  234  235  241  242  246  245  250  250  252  251  248  246  243
  239  238  234  233  229  230  228  232  233  240  238  243  238  240  234  236
  233  239  237  244  243  237  243  241  230                                   
    52.5-180.0 180.0   5.0 450.0                            LAT/LON1/LON2/DLON/H
  234  224  211  200  183  163  144  126  111  100   92   90   86   87   86   88
   90   95   99  105  112  119  127  138  145  154  160  171  179  191  201  212
  218  228  233  243  244  250  251  254  254  258  260  261  259  257  256  254
  251  250  247  246  241  240  239  243  245  250  251  252  251  249  246  243
  243  244  245  248  249  244  245  246  234                                   
    50.0-180.0 180.0   5.0 450.0                            LAT/LON1/LON2/DLON/H
  236  218  213  204  190  173  152  132  115  101   92   87   84   81   82   82
   84   88   94  101  109  120  129  143  151  163  169  180  188  199  208  218
  224  234  240  251  253  260  260  265  263  269  270  273  271  270  268  267
  264  264  260  258  252  250  248  252  255  261  262  266  263  264  257  260
  256  260  256  261  257  248  251  251  236                                   
    47.5-180.0 180.0   5.0 450.0                            LAT/LON1/LON2/DLON/H
  233  221  212  205  194  176  158  134  117  103   93   88   82   80   76   77
   78   83   87   96  102  113  125  139  151  164  173  185  192  204  212  224
  229  241  248  260  264  271  271  275  274  278  280  282  281  281  279  278
  275  273  269  266  259  256  253  256  259  265  267  271  270  271  268  269
  266  268  263  264  259  251  248  248  233                                   
    45.0-180.0 180.0   5.0 450.0                            LAT/LON1/LON2/DLON/H
  227  206  203  198  192  178  163  142  126  110  103   94   91   84   83   80
   83   86   93   99  108  121  133  150  161  177  186  198  205  216  222  233
  237  251  257  273  275  286  284  290  288  294  294  298  296  297  294  294
  288  286  278  273  264  260  256  258  260  265  268  273  273  278  276  281
  277  280  272  272  263  250  245  244  227                                   
    42.5-180.0 180.0   5.0 450.0                            LAT/LON1/LON2/DLON/H
  216  199  191  188  183  174  163  145  132  120  111  105   98   94   88   86
   87   90   95  102  110  122  135  150  165  179  191  205  212  222  229  240
  246  260  267  284  289  300  302  305  307  310  312  315  314  314  311  310
  303  299  288  282  270  266  260  263  262  268  270  274  276  281  283  287
  286  286  277  273  263  249  239  235  216                                   
    40.0-180.0 180.0   5.0 450.0                            LAT/LON1/LON2/DLON/H
  207  183  177  172  175  168  163  150  143  131  126  118  116  106  104   98
   99  100  105  111  121  132  146  164  177  195  204  218  223  233  236  248
  254  270  277  297  302  317  319  327  327  331  332  334  333  334  331  329
  322  316  306  296  284  279  273  275  272  277  278  282  284  289  291  297
  295  294  283  278  265  245  235  230  207                                   
    37.5-180.0 180.0   5.0 450.0                            LAT/LON1/LON2/DLON/H
  201  177  166  163  163  161  160  154  149  143  138  134  128  121  115  109
  107  107  111  117  125  134  150  165  182  196  209  220  226  235  241  253
  261  277  288  305  316  330  337  342  346  347  349  351  352  352  350  347
  340  335  324  316  304  299  293  294  292  295  295  299  301  306  308  311
  307  301  289  280  265  246  234  223  201                                   
    35.0-180.0 180.0   5.0 450.0                            LAT/LON1/LON2/DLON/H
  205  171  163  157  161  160  162  159  160  156  155  148  146  135  130  120
  118  116  119  123  131  143  158  178  191  207  216  229  231  241  244  259
  266  285  294  316  326  344  350  360  362  366  367  369  370  372  372  372
  369  366  357  352  342  339  331  333  327  328  324  324  324  325  325  324
  320  313  298  286  270  247  240  231  205                                   
    32.5-180.0 180.0   5.0 450.0                            LAT/LON1/LON2/DLON/H
  219  184  174  168  165  165  165  164  167  165  165  160  155  146  135  128
  120  118  118  124  134  145  162  178  196  208  220  229  235  241  249  263
  275  291  303  321  335  350  359  369  372  376  378  382  385  390  392  397
  396  399  395  394  389  387  382  380  374  369  362  358  354  351  347  343
  335  323  308  292  275  257  251  235  219                                   
    30.0-180.0 180.0   5.0 450.0                            LAT/LON1/LON2/DLON/H
  238  202  194  186  183  179  178  177  179  178  179  171  168  155  147  132
  128  121  122  125  137  151  169  188  203  220  228  243  241  252  253  272
  280  298  307  327  339  355  364  375  379  382  385  391  396  406  413  425
  431  440  442  448  448  451  447  446  437  428  416  405  396  386  378  366
  355  339  321  305  289  270  269  254  238                                   
    27.5-180.0 180.0   5.0 450.0                            LAT/LON1/LON2/DLON/H
  255  228  220  211  202  198  193  191  192  188  188  179  172  160  149  137
  128  122  119  125  138  154  174  191  209  223  235  247  250  256  263  278
  293  307  320  332  345  357  367  374  379  381  386  393  404  416  430  444
  454  468  476  489  497  504  504  501  490  478  461  445  432  415  401  385
  370  349  330  311  297  282  280  262  255                                   
    25.0-180.0 180.0   5.0 450.0                            LAT/LON1/LON2/DLON/H
  268  254  248  241  231  226  221  218  215  208  203  193  183  171  159  146
  134  125  123  130  144  164  183  203  218  235  245  259  257  267  270  287
  300  315  327  337  348  362  372  382  383  387  389  400  411  429  442  462
  472  491  506  528  542  550  551  547  536  520  504  483  468  443  426  401
  383  358  337  319  305  292  290  281  268                                   
    22.5-180.0 180.0   5.0 450.0                            LAT/LON1/LON2/DLON/H
  273  274  268  267  254  255  243  240  229  221  213  199  190  174  164  149
  138  125  124  132  149  168  189  206  221  238  248  263  265  275  279  297
  310  327  335  345  351  366  374  382  386  385  390  399  415  430  448  465
  481  502  522  548  570  581  582  572  556  537  519  501  485  461  437  409
  387  358  336  315  303  295  290  277  273                                   
    20.0-180.0 180.0   5.0 450.0                            LAT/LON1/LON2/DLON/H
  277  290  289  291  282  280  271  267  252  243  228  214  200  189  175  163
  147  137  133  142  159  179  195  213  226  242  251  263  265  278  286  299
  317  329  346  354  365  375  380  390  391  395  395  409  420  440  450  471
  483  507  525  554  573  587  586  579  563  543  524  504  490  464  442  409
  387  353  330  309  298  287  286  282  277                                   
    17.5-180.0 180.0   5.0 450.0                            LAT/LON1/LON2/DLON/H
  272  291  289  299  288  293  280  279  260  250  233  218  204  188  178  163
  152  141  138  145  161  177  194  208  219  234  243  255  264  278  289  308
  322  342  353  369  373  385  388  396  400  401  404  412  427  437  453  462
  478  494  515  533  554  563  565  555  540  520  504  488  473  451  429  404
  380  348  323  301  289  281  271  266  272                                   
    15.0-180.0 180.0   5.0 450.0                            LAT/LON1/LON2/DLON/H
  264  282  281  291  291  295  287  283  268  257  240  224  210  195  182  174
  161  155  149  155  165  181  192  204  215  225  233  243  253  269  286  305
  328  344  362  374  383  394  398  409  410  416  414  426  432  447  452  465
  470  487  497  512  520  527  521  515  502  489  477  466  455  439  423  398
  376  344  317  298  284  270  264  266  264                                   
    12.5-180.0 180.0   5.0 450.0                            LAT/LON1/LON2/DLON/H
  256  266  262  270  270  276  270  269  254  248  231  219  205  189  182  171
  164  157  153  154  162  169  179  187  199  209  217  225  238  259  279  305
  326  349  363  381  386  405  407  421  421  428  426  434  442  447  458  457
  468  470  481  483  488  482  476  470  463  458  449  446  439  427  412  392
  368  340  312  292  278  265  253  252  256                                   
    10.0-180.0 180.0   5.0 450.0                            LAT/LON1/LON2/DLON/H
  247  248  244  249  251  253  250  248  239  236  225  215  201  189  183  177
  170  164  159  157  159  163  167  175  183  193  200  215  233  252  277  302
  328  350  369  385  397  412  419  431  432  438  434  444  444  455  457  464
  464  473  475  478  473  464  453  451  446  443  439  436  432  423  411  390
  367  340  312  297  285  268  256  261  247                                   
     7.5-180.0 180.0   5.0 450.0                            LAT/LON1/LON2/DLON/H
  249  237  231  232  228  229  221  219  212  212  205  200  187  180  173  169
  163  160  154  149  148  145  149  151  162  174  187  206  222  246  268  299
