data/unet/pred1130.15i
     1.0            IONOSPHERE MAPS     GNSS                IONEX VERSION / TYPE
pyspatialgeodesy        IME             05-JAN-18 20:20     PGM / RUN BY / DATE 
Map Name                                                    COMMENT             
Predicted global ionosphere maps (GIM).                     DESCRIPTION         
  2015     4    23     0     0     0                        EPOCH OF FIRST MAP  
  2015     4    24     0     0     0                        EPOCH OF LAST MAP   
  7200                                                      INTERVAL            
    13                                                      # OF MAPS IN FILE   
  NONE                                                      MAPPING FUNCTION    
10.0                                                        ELEVATION CUTOFF    
One-way carrier phase leveled to code                       OBSERVABLES USED    
  6371.0                                                    BASE RADIUS         
 2                                                          MAP DIMENSION       
   450.0 450.0   0.0                                        HGT1 / HGT2 / DHGT  
    87.5 -87.5  -2.5                                        LAT1 / LAT2 / DLAT  
  -180.0 180.0   5.0                                        LON1 / LON2 / DLON  
    -1                                                      EXPONENT            
                                                            END OF HEADER       
[from data line 2145]
     6                                                      START OF TEC MAP    
  2015     4    23    10     0     0                        EPOCH OF CURRENT MAP
    87.5-180.0 180.0   5.0 450.0                            LAT/LON1/LON2/DLON/H
  176  198  201  200  205  204  210  210  218  219  225  226  232  233  237  237
  241  242  244  244  247  245  247  244  246  243  245  243  246  245  248  249
  251  254  255  258  257  259  256  258  254  256  250  252  245  247  240  241
  234  236  229  231  223  225  217  219  211  213  206  208  202  204  200  202
  200  201  200  198  196  194  198  168  176                                   
    85.0-180.0 180.0   5.0 450.0                            LAT/LON1/LON2/DLON/H
  186  182  193  198  202  203  210  212  220  221  228  229  235  235  240  240
  243  243  246  246  248  247  250  248  251  249  253  253  257  256  260  262
  265  267  268  270  270  270  269  269  264  263  259  257  251  247  242  238
  231  228  222  219  213  210  205  202  198  196  193  191  188  188  186  187
  185  187  186  187  185  182  194  184  186                                   
    82.5-180.0 180.0   5.0 450.0                            LAT/LON1/LON2/DLON/H
  168  181  182  189  190  196  201  209  213  220  222  229  230  234  234  238
  237  241  239  243  240  244  241  245  242  248  246  253  252  259  259  266
  266  272  273  277  276  278  275  275  271  269  264  260  254  247  241  232
  226  217  212  204  199  192  188  183  179  176  173  171  169  169  167  169
  168  170  169  171  170  172  174  182  168                                   
    80.0-180.0 180.0   5.0 450.0                            LAT/LON1/LON2/DLON/H
  163  171  172  177  181  189  194  203  207  215  217  223  223  226  225  227
  225  227  225  227  224  226  223  227  224  229  228  236  234  244  243  255
  254  265  265  274  272  280  276  281  275  276  270  269  260  256  247  240
  231  223  216  208  202  195  191  185  183  178  177  174  173  171  170  169
  167  168  165  165  164  162  169  176  163                                   
    77.5-180.0 180.0   5.0 450.0                            LAT/LON1/LON2/DLON/H
  159  168  166  171  177  187  193  200  204  209  211  215  213  215  212  213
  210  211  208  210  207  209  205  208  205  210  209  216  216  226  227  238
  241  254  259  268  272  279  282  286  285  288  286  285  280  276  269  264
  254  249  239  234  225  221  214  211  206  204  200  199  196  195  192  191
  187  184  180  176  171  166  167  176  159                                   
    75.0-180.0 180.0   5.0 450.0                            LAT/LON1/LON2/DLON/H
  160  165  165  171  175  182  189  194  199  200  201  201  199  198  195  194
  192  191  190  189  188  188  187  187  186  189  189  196  196  207  210  223
  228  243  250  263  269  280  285  292  295  300  301  303  299  297  292  287
  280  275  268  264  256  253  245  244  237  237  230  233  227  229  222  224
  215  214  203  198  188  179  180  180  160                                   
    72.5-180.0 180.0   5.0 450.0                            LAT/LON1/LON2/DLON/H
  163  164  159  164  169  174  180  184  186  186  185  182  180  177  175  173
  172  171  171  170  171  171  171  172  171  173  174  178  182  191  197  209
  217  231  241  255  265  277  286  296  301  310  315  321  321  322  318  316
  309  307  300  298  290  285  279  275  270  268  264  263  262  260  257  254
  248  240  230  219  207  193  185  184  163                                   
    70.0-180.0 180.0   5.0 450.0                            LAT/LON1/LON2/DLON/H
  162  158  153  157  161  168  171  175  176  175  173  170  165  163  160  158
  158  158  161  161  165  165  168  167  168  168  170  174  178  185  192  204
  213  228  238  253  265  279  291  302  312  322  331  338  343  345  345  342
  339  335  332  326  320  313  304  299  291  289  282  283  279  279  273  273
  264  260  246  234  217  200  192  183  162                                   
    67.5-180.0 180.0   5.0 450.0                            LAT/LON1/LON2/DLON/H
  161  150  143  147  150  155  160  163  164  162  159  154  149  145  143  141
  143  144  150  152  158  160  165  164  167  167  171  174  178  183  190  201
  210  224  235  250  263  279  292  306  317  330  339  349  354  359  358  358
  354  352  347  344  336  328  319  309  304  295  292  286  286  281  279  274
  270  262  252  238  220  202  188  176  161                                   
    65.0-180.0 180.0   5.0 450.0                            LAT/LON1/LON2/DLON/H
  154  138  131  135  137  145  148  153  152  153  150  146  142  136  135  132
  136  137  145  148  157  161  168  169  174  174  179  181  184  188  193  204
  212  226  237  253  266  284  299  315  328  342  354  364  373  375  379  375
  374  366  362  353  346  336  326  316  306  298  289  286  279  279  270  271
  262  261  248  237  219  199  186  169  154                                   
    62.5-180.0 180.0   5.0 450.0                            LAT/LON1/LON2/DLON/H
  152  130  119  119  120  127  131  136  136  138  134  132  126  123  121  121
  124  127  134  140  147  154  160  166  169  175  179  183  185  189  195  204
  213  228  240  257  270  290  305  323  337  354  366  377  384  387  388  386
  379  372  362  354  346  335  324  312  303  291  284  275  273  265  262  258
  254  252  244  234  217  198  183  164  152                                   
    60.0-180.0 180.0   5.0 450.0                            LAT/LON1/LON2/DLON/H
  152  125  109  107  106  112  114  121  122  124  123  121  119  114  115  113
  117  118  125  130  138  143  151  157  164  169  176  178  183  186  193  202
  214  228  243  261  277  298  318  337  355  372  387  396  405  406  409  402
  397  384  375  363  354  342  331  319  307  297  285  280  272  269  258  257
  250  252  244  236  220  201  187  168  152                                   
    57.5-180.0 180.0   5.0 450.0                            LAT/LON1/LON2/DLON/H
  162  130  109  100   94   96   98  103  104  108  108  108  106  104  103  103
  105  108  111  115  118  125  130  140  147  159  163  172  176  182  188  199
  210  227  243  263  283  305  326  348  367  385  398  407  414  416  415  409
  399  389  375  367  356  346  335  323  316  303  298  286  284  272  270  260
  259  254  251  242  231  214  201  179  162                                   
    55.0-180.0 180.0   5.0 450.0                            LAT/LON1/LON2/DLON/H
  179  145  120  106   95   92   92   93   96   98  102  101  102   99   99   97
   97   98   99  101  103  109  115  127  135  149  155  164  170  177  185  197
  211  228  246  267  287  312  337  363  387  406  420  428  437  439  440  430
  422  408  398  386  376  367  357  349  341  334  325  317  309  299  290  284
  279  278  271  263  252  233  222  203  179                                   
    52.5-180.0 180.0   5.0 450.0                            LAT/LON1/LON2/DLON/H
  201  169  145  125  107   97   94   93   90   95   95   97   96   96   94   94
   93   92   91   91   90   94  100  115  127  145  153  164  170  179  188  202
  218  237  255  275  298  322  348  377  402  422  433  443  450  455  453  447
  437  429  416  408  397  391  380  376  369  365  360  353  347  333  324  311
  307  300  295  285  276  260  248  226  201                                   
    50.0-180.0 180.0   5.0 450.0                            LAT/LON1/LON2/DLON/H
  229  196  180  156  138  121  109  101   99   97   99   98  100   95   95   91
   91   88   88   84   86   88   99  117  130  150  156  170  173  185  193  210
  225  245  261  279  299  326  355  390  420  442  455  465  475  478  478  472
  467  457  446  436  425  418  410  405  399  394  388  383  376  366  354  342
  334  326  315  306  293  277  271  250  229                                   
    47.5-180.0 180.0   5.0 450.0                            LAT/LON1/LON2/DLON/H
  248  216  204  187  172  151  136  123  110  108  105  106  103  101   98   95
   93   90   88   85   84   90  101  121  140  160  171  181  188  196  208  223
  242  259  274  289  307  334  365  402  433  457  469  480  488  492  492  491
  488  481  471  461  449  442  431  426  414  411  404  401  395  385  373  358
  347  335  324  312  302  291  288  266  248                                   
    45.0-180.0 180.0   5.0 450.0                            LAT/LON1/LON2/DLON/H
  264  236  226  210  201  184  170  153  137  127  122  116  116  109  109  102
  104   97  100   93   97   99  117  140  160  184  189  201  202  213  223  240
  255  270  279  293  310  338  374  414  450  474  489  499  507  510  513  513
  511  507  497  489  476  465  452  441  428  417  409  403  397  388  375  364
  348  337  322  312  302  290  289  274  264                                   
    42.5-180.0 180.0   5.0 450.0                            LAT/LON1/LON2/DLON/H
  265  243  235  227  219  208  198  183  166  152  140  134  129  123  120  115
  115  111  113  110  110  115  131  155  181  200  211  218  223  231  243  256
  269  283  289  305  322  354  390  431  467  492  507  516  523  526  531  532
  533  530  523  514  499  486  466  450  429  416  402  396  388  380  366  356
  339  327  307  296  283  275  280  269  265                                   
    40.0-180.0 180.0   5.0 450.0                            LAT/LON1/LON2/DLON/H
  258  236  236  232  232  227  217  204  189  174  161  154  147  139  137  130
  134  131  134  128  130  132  151  175  203  224  230  238  239  247  254  266
  276  286  295  309  333  367  409  452  491  517  532  541  549  555  559  564
  563  562  550  543  525  511  488  467  440  417  399  389  381  370  358  348
  331  315  293  277  262  249  250  252  258                                   
    37.5-180.0 180.0   5.0 450.0                            LAT/LON1/LON2/DLON/H
  238  216  217  223  227  231  227  217  203  190  180  172  167  159  155  148
  152  149  152  144  145  144  160  179  209  229  239  247  249  256  260  271
  279  294  303  327  351  392  434  480  518  544  561  573  584  591  597  603
  602  599  585  573  553  536  513  492  462  435  411  399  387  381  363  356
  335  318  290  272  250  229  223  218  238                                   
    35.0-180.0 180.0   5.0 450.0                            LAT/LON1/LON2/DLON/H
  213  198  197  208  216  224  220  217  203  198  190  188  183  178  173  168
  169  169  169  162  160  159  169  184  210  229  244  252  253  258  261  271
  284  298  319  342  377  421  471  515  553  580  597  615  626  641  643  646
  641  638  625  618  599  587  566  550  521  487  459  435  421  410  398  388
  371  351  320  297  268  236  216  212  213                                   
    32.5-180.0 180.0   5.0 450.0                            LAT/LON1/LON2/DLON/H
  203  189  182  190  199  207  205  204  197  197  193  195  195  191  187  181
  182  178  179  171  170  165  174  182  203  220  239  246  251  259  261  276
  288  313  333  370  408  459  504  549  584  614  635  660  679  695  703  709
  706  703  693  681  665  653  640  621  598  574  552  534  520  508  479  470
  437  417  371  344  308  274  234  210  203                                   
    30.0-180.0 180.0   5.0 450.0                            LAT/LON1/LON2/DLON/H
  221  212  196  190  192  198  198  197  193  197  196  203  204  202  198  192
  190  183  185  177  177  171  179  185  203  215  234  243  252  264  272  290
  305  334  360  398  444  498  538  585  617  652  678  708  737  761  779  787
  788  788  780  775  765  762  753  733  720  690  671  647  626  603  577  556
  530  496  447  404  372  327  284  247  221                                   
    27.5-180.0 180.0   5.0 450.0                            LAT/LON1/LON2/DLON/H
  274  275  241  220  204  201  197  193  194  196  199  206  209  209  205  197
  194  188  189  180  179  172  180  185  202  209  227  235  252  263  280  295
  322  347  383  426  480  528  572  613  646  680  711  746  781  814  843  859
  868  869  869  866  860  856  854  842  838  810  796  769  754  722  696  655
  619  571  529  492  453  401  360  298  274                                   
    25.0-180.0 180.0   5.0 450.0                            LAT/LON1/LON2/DLON/H
  346  335  306  269  249  229  221  204  203  195  203  207  209  211  206  199
  196  189  189  183  184  176  182  186  201  209  218  240  252  280  293  325
  348  381  420  471  520  567  611  646  673  707  738  778  818  858  895  918
  931  943  944  946  937  937  935  934  934  923  916  898  870  837  794  760
  718  685  629  585  541  486  459  386  346                                   
    22.5-180.0 180.0   5.0 450.0                            LAT/LON1/LON2/DLON/H
  428  399  374  327  296  277  256  236  226  217  211  211  212  212  208  201
  199  193  194  185  189  181  187  192  202  203  216  230  262  285  313  333
  373  403  457  503  553  594  633  665  691  727  757  799  844  895  935  967
  981  994 1000 1001  996  997 1005 1008 1015 1009 1006  988  963  927  878  825
  783  744  707  672  633  576  530  466  428                                   
    20.0-180.0 180.0   5.0 450.0                            LAT/LON1/LON2/DLON/H
  496  470  435  392  372  335  297  281  265  249  242  229  224  217  205  199
  194  190  192  188  190  187  190  196  201  204  217  248  278  313  331  364
  401  447  501  548  592  629  661  687  714  745  771  815  862  918  960  990
 1005 1015 1021 1025 1023 1026 1032 1038 1046 1041 1037 1022  995  955  904  847
  802  766  733  707  677  649  608  541  496                                   
    17.5-180.0 180.0   5.0 450.0                            LAT/LON1/LON2/DLON/H
  558  544  510  458  408  383  358  326  300  281  271  255  244  226  212  198
  195  188  188  184  194  188  190  183  191  194  219  250  290  321  351  387
  429  478  529  577  614  642  674  704  734  759  784  828  869  927  961  990
  998 1008 1012 1017 1018 1018 1027 1026 1036 1029 1029 1011  988  945  890  834
  780  749  720  707  688  671  655  605  558                                   
    15.0-180.0 180.0   5.0 450.0                            LAT/LON1/LON2/DLON/H
  599  606  569  533  487  432  397  373  343  308  280  267  251  242  226  211
  200  192  187  186  191  185  183  182  186  198  227  265  304  338  381  422
  462  514  564  606  637  661  691  720  745  770  798  830  871  910  941  958
  964  972  978  982  989  991  994  995  998  990  986  967  942  899  836  777
  710  683  651  655  649  648  652  633  599                                   
    12.5-180.0 180.0   5.0 450.0                            LAT/LON1/LON2/DLON/H
  615  633  612  581  533  481  429  394  373  343  311  284  262  243  227  214
  209  196  191  190  195  175  175  166  177  189  226  263  308  349  401  446
  487  530  577  614  646  667  703  735  757  788  810  841  865  898  913  925
  926  930  938  944  953  948  951  944  947  930  920  902  873  836  773  719
  647  625  595  601  606  616  638  633  615                                   
    10.0-180.0 180.0   5.0 450.0                            LAT/LON1/LON2/DLON/H
  617  635  615  590  556  500  457  413  389  369  333  300  270  250  228  217
  211  207  205  194  194  169  166  153  168  185  229  273  321  367  416  466
  511  552  590  619  652  673  711  742  772  797  818  837  861  879  889  894
  893  895  905  908  919  916  914  909  899  885  866  843  807  776  706  660
  586  556  529  551  554  581  611  607  617                                   
     7.5-180.0 180.0   5.0 450.0                            LAT/LON1/LON2/DLON/H
  609  631  613  593  561  527  476  437  399  372  348  313  287  262  242  228
  219  211  206  195  182  160  149  140  156  181  231  276  322  364  412  466
