data/unet/pred0220.15i
     1.0            IONOSPHERE MAPS     GNSS                IONEX VERSION / TYPE
pyspatialgeodesy        IME             05-JAN-18 20:20     PGM / RUN BY / DATE 
Map Name                                                    COMMENT             
Predicted global ionosphere maps (GIM).                     DESCRIPTION         
  2015     1    22     0     0     0                        EPOCH OF FIRST MAP  
  2015     1    23     0     0     0                        EPOCH OF LAST MAP   
  7200                                                      INTERVAL            
    13                                                      # OF MAPS IN FILE   
  NONE                                                      MAPPING FUNCTION    
10.0                                                        ELEVATION CUTOFF    
One-way carrier phase leveled to code                       OBSERVABLES USED    
  6371.0                                                    BASE RADIUS         
 2                                                          MAP DIMENSION       
   450.0 450.0   0.0                                        HGT1 / HGT2 / DHGT  
    87.5 -87.5  -2.5                                        LAT1 / LAT2 / DLAT  
  -180.0 180.0   5.0                                        LON1 / LON2 / DLON  
    -1                                                      EXPONENT            
                                                            END OF HEADER       
[from data line 2145]
     6                                                      START OF TEC MAP    
  2015     1    22    10     0     0                        EPOCH OF CURRENT MAP
    87.5-180.0 180.0   5.0 450.0                            LAT/LON1/LON2/DLON/H
   50   75   71   74   72   71   71   72   73   72   73   72   73   72   73   72
   72   72   72   72   73   73   73   74   73   75   74   75   74   75   73   75
   73   75   73   75   73   74   73   73   72   72   70   70   68   67   65   65
   63   63   60   60   58   58   55   57   55   56   54   55   54   56   55   57
   56   58   58   62   62   65   60   65   50                                   
    85.0-180.0 180.0   5.0 450.0                            LAT/LON1/LON2/DLON/H
   74   80   87   91   87   87   88   88   88   87   87   86   86   86   85   85
   85   85   84   85   84   86   84   86   85   87   85   86   86   87   87   87
   89   88   91   89   92   90   92   89   91   88   88   85   84   80   78   75
   73   69   67   64   62   59   57   55   55   55   54   56   57   58   59   61
   64   66   68   70   72   76   83   76   74                                   
    82.5-180.0 180.0   5.0 450.0                            LAT/LON1/LON2/DLON/H
   65   83   89   95   90   92   90   93   90   91   88   89   86   86   84   84
   83   82   82   82   82   82   81   82   81   81   80   81   81   81   81   83
   83   86   85   88   88   90   89   91   89   90   87   87   83   82   77   75
   69   67   60   59   52   51   44   44   39   42   39   43   42   47   47   53
   54   61   62   67   69   75   75   74   65                                   
    80.0-180.0 180.0   5.0 450.0                            LAT/LON1/LON2/DLON/H
   66   76   81   85   82   83   82   83   80   80   77   77   74   73   70   70
   68   68   67   68   67   68   67   68   67   68   66   68   68   70   71   75
   76   80   82   86   89   92   94   95   96   96   96   94   92   89   85   81
   76   70   64   59   52   47   40   38   32   32   27   31   29   35   34   43
   42   51   51   59   60   66   70   66   66                                   
    77.5-180.0 180.0   5.0 450.0                            LAT/LON1/LON2/DLON/H
   63   69   72   76   73   76   75   76   74   73   70   69   65   64   61   60
   58   58   58   60   59   61   60   61   59   61   58   61   59   62   62   67
   68   75   77   85   88   96   97  103  103  106  105  106  103  103   98   97
   89   86   77   72   62   57   48   44   36   34   29   30   27   30   31   36
   38   44   46   51   54   60   61   52   63                                   
    75.0-180.0 180.0   5.0 450.0                            LAT/LON1/LON2/DLON/H
   54   59   63   67   66   69   69   69   68   65   64   60   59   54   54   50
   51   49   52   51   55   54   58   56   57   54   55   53   53   53   55   59
   63   70   76   85   92  102  106  114  115  121  120  124  120  123  117  118
  109  107   98   91   82   75   68   60   52   46   41   38   35   36   36   38
   40   43   45   50   52   56   58   51   54                                   
    72.5-180.0 180.0   5.0 450.0                            LAT/LON1/LON2/DLON/H
   50   55   55   60   59   61   63   63   62   59   58   53   51   46   44   42
   42   42   45   48   50   52   54   55   53   52   49   47   44   44   45   49
   54   63   74   85   97  109  118  126  131  135  138  141  142  142  142  140
  134  130  123  116  107   97   87   79   69   62   54   50   45   45   44   46
   45   48   48   51   52   56   58   44   50                                   
    70.0-180.0 180.0   5.0 450.0                            LAT/LON1/LON2/DLON/H
   46   47   50   54   56   57   61   60   61   56   56   50   48   44   42   39
   40   40   44   46   51   52   56   54   55   51   49   43   41   37   39   41
   50   59   73   88  102  120  130  143  147  157  157  165  162  168  161  164
  155  154  145  140  129  121  109   99   88   81   72   66   60   57   54   55
   53   54   53   55   54   56   54   41   46                                   
    67.5-180.0 180.0   5.0 450.0                            LAT/LON1/LON2/DLON/H
   40   46   44   49   47   52   52   55   54   54   51   48   45   40   39   35
   36   37   42   45   49   54   56   56   54   50   45   39   34   31   32   37
   46   59   75   90  108  124  139  149  158  165  171  174  177  178  178  176
  174  170  164  155  147  135  123  112  101   93   83   77   67   64   58   57
   53   54   52   53   52   53   52   34   40                                   
    65.0-180.0 180.0   5.0 450.0                            LAT/LON1/LON2/DLON/H
   39   41   39   43   45   47   50   51   53   50   50   46   44   39   39   35
   38   37   43   45   52   53   58   56   55   50   45   38   33   30   31   37
   48   62   78   99  116  136  147  163  169  182  183  190  187  192  187  190
  183  184  173  168  155  145  131  122  108  100   89   81   72   65   60   57
   54   53   51   52   51   52   50   33   39                                   
    62.5-180.0 180.0   5.0 450.0                            LAT/LON1/LON2/DLON/H
   33   42   37   43   41   45   45   48   47   48   45   46   42   41   37   36
   35   36   38   43   45   51   52   54   50   47   41   37   31   30   32   42
   52   69   83  103  121  138  151  164  175  183  188  191  194  193  196  196
  196  193  189  178  166  152  137  124  113  102   91   81   70   63   55   52
   47   47   45   47   46   47   50   31   33                                   
    60.0-180.0 180.0   5.0 450.0                            LAT/LON1/LON2/DLON/H
   35   37   34   38   37   40   40   42   42   43   43   43   42   40   41   38
   40   35   40   38   44   45   49   46   47   42   40   36   36   38   44   53
   65   80   95  116  131  150  160  177  183  194  195  200  198  201  199  202
  195  196  185  177  160  148  133  123  111  102   89   79   67   58   51   46
   43   42   42   45   45   49   48   31   35                                   
    57.5-180.0 180.0   5.0 450.0                            LAT/LON1/LON2/DLON/H
   33   41   35   38   36   38   37   38   38   41   40   44   43   46   43   44
   39   39   34   38   35   41   38   42   37   39   35   40   40   50   55   69
   78   94  108  126  142  156  170  183  192  198  202  203  206  206  208  204
  204  196  190  175  161  145  133  122  113  102   90   77   65   56   47   42
   38   39   40   43   44   47   50   32   33                                   
    55.0-180.0 180.0   5.0 450.0                            LAT/LON1/LON2/DLON/H
   40   42   41   39   39   37   37   36   36   37   39   43   45   47   47   48
   44   40   37   34   35   33   36   33   37   34   42   45   56   59   74   81
  100  115  127  149  156  177  182  199  202  212  210  215  214  216  210  210
  200  198  183  173  154  143  130  123  113  105   94   81   69   58   50   44
   41   41   44   48   48   53   54   37   40                                   
    52.5-180.0 180.0   5.0 450.0                            LAT/LON1/LON2/DLON/H
   45   51   44   45   40   41   38   38   37   38   41   46   48   52   53   52
   49   46   41   41   37   42   36   43   37   45   41   51   54   72   81  100
  118  135  150  166  177  192  199  210  219  223  226  225  227  223  222  213
  210  198  190  174  161  147  138  129  122  112  102   89   77   67   56   51
   48   49   52   56   56   59   62   41   45                                   
    50.0-180.0 180.0   5.0 450.0                            LAT/LON1/LON2/DLON/H
   56   55   56   53   53   49   51   46   46   45   48   49   54   56   58   56
   53   49   48   45   46   44   45   42   45   39   52   51   73   80  108  121
  139  163  171  192  200  215  218  228  233  237  237  239  235  235  227  223
  213  208  196  185  169  160  148  141  133  125  115  104   91   80   70   64
   62   62   63   67   65   69   68   49   56                                   
    47.5-180.0 180.0   5.0 450.0                            LAT/LON1/LON2/DLON/H
   66   69   64   64   59   59   57   56   54   53   54   56   59   62   63   62
   60   58   58   59   58   59   56   59   55   61   62   77   88  109  124  145
  162  182  194  214  225  234  240  244  251  249  253  248  251  242  240  230
  225  215  208  196  186  174  162  153  143  136  124  113  102   91   83   76
   72   72   73   74   74   75   77   57   66                                   
    45.0-180.0 180.0   5.0 450.0                            LAT/LON1/LON2/DLON/H
   73   74   77   77   78   76   76   72   71   67   66   66   68   68   70   69
   68   67   71   72   73   72   71   66   68   67   73   82   98  114  135  157
  175  198  211  234  244  254  258  260  262  260  260  257  255  252  244  240
  232  228  220  212  201  190  176  165  155  144  133  122  111  102   93   87
   80   79   77   78   76   80   80   66   73                                   
    42.5-180.0 180.0   5.0 450.0                            LAT/LON1/LON2/DLON/H
   80   83   84   87   85   87   86   84   82   78   77   74   76   75   76   75
   76   78   83   87   88   89   86   83   83   80   85   92  106  125  145  166
  187  207  231  252  268  276  279  278  278  272  273  264  266  257  255  246
  244  237  232  224  216  202  188  173  159  147  133  122  113  104   96   88
   80   78   75   75   74   76   81   69   80                                   
    40.0-180.0 180.0   5.0 450.0                            LAT/LON1/LON2/DLON/H
   81   85   89   98  100  103  102  102   98   93   89   87   86   85   87   85
   89   89   98  100  105  105  105   99   98   93   95   96  112  123  147  164
  190  212  241  265  287  299  301  299  296  290  286  278  275  269  264  261
  256  253  245  238  226  213  197  181  165  150  135  124  113  106   96   88
   78   74   69   71   67   73   75   69   81                                   
    37.5-180.0 180.0   5.0 450.0                            LAT/LON1/LON2/DLON/H
   85   86   91   99  100  107  107  107  105   99   96   92   93   92   93   93
   96  100  108  114  118  121  118  112  109  104  106  112  122  136  154  171
  199  223  256  286  308  324  327  326  322  314  310  298  297  285  285  275
  274  267  261  249  237  221  207  189  174  156  141  125  116  105   97   86
   76   71   64   63   60   65   73   66   85                                   
    35.0-180.0 180.0   5.0 450.0                            LAT/LON1/LON2/DLON/H
   85   86   91  101  104  112  112  112  109  105  103  101  102  100  102  100
  106  108  119  124  130  130  126  120  116  112  117  119  136  142  163  171
  199  221  262  298  329  347  356  357  356  349  345  331  327  313  307  300
  296  288  278  265  249  234  219  203  187  169  154  139  125  113  103   93
   82   75   67   65   59   66   70   62   85                                   
    32.5-180.0 180.0   5.0 450.0                            LAT/LON1/LON2/DLON/H
   92   86   89   95   97  103  104  105  105  102  101  102  103  104  105  106
  110  117  124  134  135  138  132  128  122  124  128  143  155  169  179  192
  210  238  278  320  354  376  385  390  391  388  385  375  369  352  344  331
  327  314  303  285  270  253  238  223  209  194  180  166  153  139  125  114
  105   96   86   80   74   75   78   67   92                                   
    30.0-180.0 180.0   5.0 450.0                            LAT/LON1/LON2/DLON/H
   98   93   92   96   95   99  101   99  101   97  103  102  109  106  110  110
  117  121  133  137  140  137  133  127  125  127  134  149  164  176  187  198
  216  246  289  338  376  406  420  427  431  434  435  426  419  402  388  372
  360  347  332  315  297  281  266  255  242  230  214  202  188  177  163  153
  143  139  125  119  106  101   91   77   98                                   
    27.5-180.0 180.0   5.0 450.0                            LAT/LON1/LON2/DLON/H
  119  105   99   98   94   93   94   92   95   94   98  101  106  109  111  115
  118  128  132  139  138  137  130  126  122  129  139  163  177  194  201  214
  229  258  302  350  394  422  440  455  461  470  472  470  462  448  432  411
  393  378  365  350  335  321  309  298  289  276  264  252  242  228  218  207
  199  190  181  170  156  137  123   96  119                                   
    25.0-180.0 180.0   5.0 450.0                            LAT/LON1/LON2/DLON/H
  143  131  118  115  105  102   99   92   95   91  100  101  109  108  113  114
  121  127  134  135  136  129  125  121  120  129  138  166  181  200  214  228
  243  274  315  366  406  442  464  485  501  513  518  517  509  493  472  448
  427  413  397  390  380  372  363  357  349  336  321  307  294  282  268  258
  253  250  239  230  209  186  162  133  143                                   
    22.5-180.0 180.0   5.0 450.0                            LAT/LON1/LON2/DLON/H
  190  160  145  140  122  115  107  101   99   97  101  104  108  110  112  115
  119  126  128  132  130  127  119  118  117  128  136  164  181  201  221  233
  254  276  322  368  411  445  470  496  519  534  544  548  542  524  504  482
  463  445  437  429  430  425  423  416  408  394  379  362  350  337  326  315
  311  307  300  289  265  234  202  166  190                                   
    20.0-180.0 180.0   5.0 450.0                            LAT/LON1/LON2/DLON/H
  230  205  185  181  160  150  135  125  116  111  109  109  109  109  110  111
  115  121  123  124  121  120  113  116  113  125  132  159  180  208  232  253
  268  293  332  379  414  453  477  513  533  558  563  578  569  554  532  514
  494  483  478  477  478  478  474  473  464  446  422  403  384  378  366  363
  358  359  351  345  321  279  241  216  230                                   
    17.5-180.0 180.0   5.0 450.0                            LAT/LON1/LON2/DLON/H
  271  245  225  217  188  177  160  149  137  128  122  118  117  112  113  109
  113  116  120  120  118  115  111  111  112  117  128  148  179  209  238  260
  280  305  344  385  412  443  467  503  531  559  569  583  579  567  547  530
  519  510  512  508  512  511  512  510  508  488  464  439  421  406  393  391
  389  389  383  378  358  321  285  254  271                                   
    15.0-180.0 180.0   5.0 450.0                            LAT/LON1/LON2/DLON/H
  288  273  261  254  227  212  195  183  168  153  139  129  123  116  113  108
  108  110  108  111  108  109  109  113  114  113  119  143  178  216  244  276
  289  327  356  393  415  442  466  504  530  559  565  584  578  570  550  545
  534  533  530  531  538  539  540  539  538  516  500  471  446  424  404  401
  393  398  388  388  371  343  314  294  288                                   
    12.5-180.0 180.0   5.0 450.0                            LAT/LON1/LON2/DLON/H
  297  292  280  280  248  232  209  194  179  162  148  134  128  116  115  106
  109  103  105  100  103  101  107  108  112  107  119  143  186  222  258  283
  309  339  369  394  412  435  454  491  519  543  554  568  568  559  551  544
  545  539  545  542  550  553  551  548  544  525  513  488  463  435  412  402
  389  387  377  376  363  349  331  307  297                                   
    10.0-180.0 180.0   5.0 450.0                            LAT/LON1/LON2/DLON/H
  290  304  297  297  274  252  229  211  194  173  156  140  128  116  114  107
  106  101   98   95   98  101  108  108  114  114  127  156  195  235  264  296
  316  353  373  400  412  436  457  487  507  530  542  556  555  553  540  544
  542  544  550  550  561  563  565  558  551  526  514  484  461  429  408  389
  376  359  347  346  339  330  320  313  290                                   
     7.5-180.0 180.0   5.0 450.0                            LAT/LON1/LON2/DLON/H
  280  295  291  297  272  258  229  214  193  173  156  139  131  116  117  107
  106   99   97   92   94   97  101  105  111  117  134  170  212  249  280  304
