data/unet/pred0190.15i
     1.0            IONOSPHERE MAPS     GNSS                IONEX VERSION / TYPE
pyspatialgeodesy        IME             05-JAN-18 20:20     PGM / RUN BY / DATE 
Map Name                                                    COMMENT             
Predicted global ionosphere maps (GIM).                     DESCRIPTION         
  2015     1    19     0     0     0                        EPOCH OF FIRST MAP  
  2015     1    20     0     0     0                        EPOCH OF LAST MAP   
  7200                                                      INTERVAL            
    13                                                      # OF MAPS IN FILE   
  NONE                                                      MAPPING FUNCTION    
10.0                                                        ELEVATION CUTOFF    
One-way carrier phase leveled to code                       OBSERVABLES USED    
  6371.0                                                    BASE RADIUS         
 2                                                          MAP DIMENSION       
   450.0 450.0   0.0                                        HGT1 / HGT2 / DHGT  
    87.5 -87.5  -2.5                                        LAT1 / LAT2 / DLAT  
  -180.0 180.0   5.0                                        LON1 / LON2 / DLON  
    -1                                                      EXPONENT            
                                                            END OF HEADER       
[from data line 2145]
     6                                                      START OF TEC MAP    
  2015     1    19    10     0     0                        EPOCH OF CURRENT MAP
    87.5-180.0 180.0   5.0 450.0                            LAT/LON1/LON2/DLON/H
   41   61   48   49   47   50   50   52   51   54   52   54   52   54   52   53
   51   53   51   52   50   51   50   50   48   49   48   48   46   47   46   46
   43   45   43   43   41   42   40   41   39   40   39   38   37   37   35   36
   34   35   33   34   32   33   31   32   31   33   32   33   33   34   35   36
   37   38   39   41   42   40   42   39   41                                   
    85.0-180.0 180.0   5.0 450.0                            LAT/LON1/LON2/DLON/H
   64   61   58   62   59   61   61   64   63   65   64   65   64   65   64   64
   62   64   61   63   59   63   59   62   57   62   56   61   54   60   55   59
   54   58   55   57   55   56   55   55   55   54   54   52   52   50   50   47
   47   44   44   42   42   40   40   39   39   39   39   39   40   41   41   42
   44   45   46   46   48   52   55   45   64                                   
    82.5-180.0 180.0   5.0 450.0                            LAT/LON1/LON2/DLON/H
   53   66   56   60   54   59   57   63   60   65   61   64   60   63   58   61
   56   60   55   58   54   58   54   58   53   58   54   57   52   57   52   56
   51   57   52   57   53   58   55   58   56   58   56   56   54   53   51   49
   47   44   42   40   37   35   31   30   27   27   24   25   24   26   26   28
   29   32   33   36   38   42   47   32   53                                   
    80.0-180.0 180.0   5.0 450.0                            LAT/LON1/LON2/DLON/H
   56   60   52   53   52   54   54   56   56   57   57   56   55   55   53   53
   51   51   50   49   48   49   48   48   48   49   48   48   46   47   47   47
   47   50   50   51   53   55   58   58   61   61   63   61   62   60   61   58
   56   52   50   46   42   38   33   31   26   25   21   22   20   23   21   26
   25   30   29   32   34   38   45   34   56                                   
    77.5-180.0 180.0   5.0 450.0                            LAT/LON1/LON2/DLON/H
   48   58   53   53   53   54   57   57   59   58   59   58   58   57   57   56
   54   54   53   52   51   51   51   50   50   49   50   47   48   46   49   49
   50   52   55   58   60   65   66   71   72   75   77   77   78   77   76   74
   71   69   64   61   54   50   45   39   35   31   30   27   27   26   29   29
   33   34   37   37   39   39   45   28   48                                   
    75.0-180.0 180.0   5.0 450.0                            LAT/LON1/LON2/DLON/H
   45   49   48   49   48   51   51   53   52   54   53   53   51   51   49   49
   45   47   42   44   39   42   38   40   36   39   35   37   35   38   38   41
   43   50   54   60   63   71   74   81   83   89   92   96   96   98   97   96
   91   90   84   81   73   69   62   57   50   46   40   39   35   37   36   40
   38   43   42   45   42   45   46   27   45                                   
    72.5-180.0 180.0   5.0 450.0                            LAT/LON1/LON2/DLON/H
   42   49   44   46   44   46   47   49   49   50   50   50   49   48   48   46
   46   45   45   42   42   41   39   38   36   35   33   31   31   32   35   37
   43   47   57   62   71   78   86   93   99  106  112  118  121  126  126  127
  122  119  114  108  100   91   84   74   67   59   55   48   48   44   46   44
   47   45   48   46   46   43   46   25   42                                   
    70.0-180.0 180.0   5.0 450.0                            LAT/LON1/LON2/DLON/H
   40   40   42   41   42   43   45   46   48   47   47   46   46   45   45   44
   46   44   46   44   47   45   45   41   40   38   34   31   31   32   35   38
   46   54   64   73   83   95  103  112  117  128  132  142  144  154  151  156
  147  147  138  132  122  112  102   92   83   74   67   61   57   54   51   51
   50   51   50   50   46   46   43   27   40                                   
    67.5-180.0 180.0   5.0 450.0                            LAT/LON1/LON2/DLON/H
   35   40   37   39   37   39   41   43   45   46   46   46   46   46   47   46
   50   48   51   49   52   53   51   49   44   41   36   32   31   31   35   40
   49   59   71   82   95  106  117  126  134  142  151  159  167  172  175  172
  171  165  159  149  139  124  114  102   93   83   75   67   61   56   54   51
   51   49   50   47   45   41   43   23   35                                   
    65.0-180.0 180.0   5.0 450.0                            LAT/LON1/LON2/DLON/H
   34   33   37   34   35   36   41   42   46   45   46   47   47   47   47   49
   49   50   52   53   56   56   56   51   48   43   38   35   33   32   38   43
   55   65   79   94  107  122  132  143  148  160  166  180  182  191  187  190
  181  182  170  163  147  134  120  107   97   87   77   68   61   55   52   49
   48   47   47   46   42   42   40   23   34                                   
    62.5-180.0 180.0   5.0 450.0                            LAT/LON1/LON2/DLON/H
   30   37   34   33   32   35   38   43   43   47   46   50   49   51   51   52
   53   53   55   55   58   57   56   52   46   41   36   32   31   30   38   46
   59   71   88  104  119  132  142  152  160  170  180  188  195  196  199  194
  195  187  181  167  152  136  122  109   98   87   76   67   58   51   45   41
   40   39   40   39   39   37   40   20   30                                   
    60.0-180.0 180.0   5.0 450.0                            LAT/LON1/LON2/DLON/H
   31   32   34   32   31   33   36   39   41   42   44   46   46   49   47   50
   49   50   49   51   52   52   52   48   44   39   36   32   33   34   43   54
   67   83  100  120  135  150  159  171  175  187  191  201  201  206  202  205
  198  196  184  173  154  138  124  110  100   87   77   65   57   47   42   36
   36   34   35   39   36   41   38   21   31                                   
    57.5-180.0 180.0   5.0 450.0                            LAT/LON1/LON2/DLON/H
   31   40   37   35   32   34   34   39   38   41   41   45   45   48   48   49
   49   47   48   46   48   48   47   44   40   36   34   34   37   41   51   64
   79   98  117  136  151  163  173  182  189  198  203  208  210  211  211  209
  207  201  192  178  160  144  130  118  107   95   81   69   58   49   41   35
   32   32   34   36   39   40   42   22   31                                   
    55.0-180.0 180.0   5.0 450.0                            LAT/LON1/LON2/DLON/H
   35   39   39   35   30   32   31   34   33   36   37   40   41   44   43   45
   43   43   40   41   40   42   41   41   38   35   34   36   42   50   63   79
   97  119  136  157  169  185  190  203  205  215  215  223  220  225  218  220
  211  210  197  186  167  154  138  128  116  105   92   79   67   56   48   41
   37   35   37   43   42   49   45   28   35                                   
    52.5-180.0 180.0   5.0 450.0                            LAT/LON1/LON2/DLON/H
   42   51   46   44   36   36   31   34   30   35   33   39   39   43   42   44
   43   41   40   39   41   40   42   39   39   37   39   42   51   62   77   96
  116  136  155  169  186  196  205  213  218  225  227  231  231  234  231  229
  223  216  208  195  182  167  153  141  131  119  106   93   79   69   59   52
   45   44   46   49   51   54   54   34   42                                   
    50.0-180.0 180.0   5.0 450.0                            LAT/LON1/LON2/DLON/H
   49   53   52   48   42   41   34   35   32   35   35   39   39   43   42   45
   43   43   41   43   42   46   45   47   43   45   45   52   62   77   93  116
  135  155  171  188  199  210  218  227  231  237  238  244  241  246  238  239
  228  229  216  209  194  182  168  156  146  135  123  112   97   87   76   69
   61   59   57   62   60   65   60   43   49                                   
    47.5-180.0 180.0   5.0 450.0                            LAT/LON1/LON2/DLON/H
   60   65   61   60   52   50   42   41   37   39   38   42   43   45   46   48
   48   49   50   52   54   55   56   55   54   52   55   61   73   88  108  130
  149  165  182  195  210  219  227  232  237  243  245  251  250  249  246  242
  238  233  226  216  208  193  183  168  158  146  136  124  114  102   92   83
   74   70   68   67   67   67   69   51   60                                   
    45.0-180.0 180.0   5.0 450.0                            LAT/LON1/LON2/DLON/H
   69   70   70   68   62   61   53   50   47   48   47   50   49   52   52   55
   55   59   61   67   68   72   70   70   64   65   64   73   83  102  121  143
  160  176  191  207  222  230  239  243  247  252  254  258  255  256  250  251
  245  244  234  228  215  204  190  177  164  153  142  133  120  113  100   94
   82   79   72   74   70   72   70   56   69                                   
    42.5-180.0 180.0   5.0 450.0                            LAT/LON1/LON2/DLON/H
   73   75   73   76   70   70   62   61   56   57   56   57   58   57   59   60
   64   68   74   80   84   85   84   80   76   72   73   78   92  107  127  147
  164  178  197  213  230  239  247  250  253  259  259  262  259  257  256  253
  252  247  241  230  221  206  194  178  166  153  144  132  123  113  103   95
   84   79   73   71   68   66   70   56   73                                   
    40.0-180.0 180.0   5.0 450.0                            LAT/LON1/LON2/DLON/H
   76   72   74   79   77   78   72   70   66   68   66   69   67   68   68   71
   75   82   89   97  100  103   98   95   87   83   82   88   98  117  132  153
  168  186  203  224  242  253  261  262  263  266  265  267  264  266  263  264
  259  257  249  240  228  213  199  182  170  156  147  134  123  113  101   95
   82   77   70   68   64   64   62   50   76                                   
    37.5-180.0 180.0   5.0 450.0                            LAT/LON1/LON2/DLON/H
   73   68   69   77   76   79   75   75   72   75   75   77   77   76   76   78
   84   91  100  106  110  111  107  102   94   91   90   94  106  121  136  153
  168  187  208  233  253  266  274  275  274  276  274  278  276  277  276  275
  273  268  261  249  237  219  206  188  176  162  153  138  128  114  104   95
   84   78   70   66   62   59   60   48   73                                   
    35.0-180.0 180.0   5.0 450.0                            LAT/LON1/LON2/DLON/H
   68   61   63   71   72   78   75   76   74   79   81   87   86   87   86   90
   95  103  112  119  120  120  115  110  101   99   97  107  115  132  143  162
  176  199  221  250  268  285  290  294  290  293  289  295  293  298  295  298
  292  293  283  273  257  242  223  205  192  175  165  150  138  123  113  104
   93   85   75   72   67   64   58   43   68                                   
    32.5-180.0 180.0   5.0 450.0                            LAT/LON1/LON2/DLON/H
   68   60   56   63   64   68   68   70   70   78   82   89   91   92   95   97
  104  111  119  124  123  121  115  109  101  100  102  111  124  138  150  166
  180  205  232  265  283  300  307  312  310  313  312  318  320  323  326  324
  326  320  317  303  290  274  257  240  223  207  190  175  163  149  138  130
  121  113  103   92   88   78   72   52   68                                   
    30.0-180.0 180.0   5.0 450.0                            LAT/LON1/LON2/DLON/H
   74   64   60   59   57   62   60   64   64   74   79   89   94   99  102  107
  112  119  126  130  127  122  114  109  102  105  110  125  138  155  163  177
  188  217  243  280  300  318  324  333  332  338  338  348  349  359  357  364
  360  363  355  352  337  327  307  294  272  255  236  221  205  190  177  172
  164  160  148  140  125  110   93   72   74                                   
    27.5-180.0 180.0   5.0 450.0                            LAT/LON1/LON2/DLON/H
   90   79   64   62   56   58   55   57   58   66   73   84   92  100  104  109
  115  122  127  129  123  117  108  102   98  102  113  129  146  162  171  183
  195  226  255  296  318  339  348  357  361  368  374  379  387  391  397  398
  403  403  407  400  401  391  381  362  342  320  299  279  264  246  235  230
  223  220  209  198  181  153  130   99   90                                   
    25.0-180.0 180.0   5.0 450.0                            LAT/LON1/LON2/DLON/H
  115  101   83   73   66   62   59   58   58   64   68   81   89   97  105  111
  118  123  128  128  122  115  105  102  102  109  122  143  159  177  186  199
  209  238  265  304  334  356  367  380  389  399  406  414  419  428  433  441
  446  456  459  467  465  469  459  444  424  402  379  355  338  318  303  300
  298  299  287  276  250  216  180  155  115                                   
    22.5-180.0 180.0   5.0 450.0                            LAT/LON1/LON2/DLON/H
  159  142  112   99   86   82   71   70   64   68   68   75   84   93  100  107
  112  119  121  122  115  108  100   96  101  109  128  147  169  188  204  218
  229  254  277  316  347  374  389  407  422  434  444  452  459  460  469  475
  492  501  517  520  532  530  532  518  506  480  460  432  412  390  372  364
  361  366  360  353  328  294  245  218  159                                   
    20.0-180.0 180.0   5.0 450.0                            LAT/LON1/LON2/DLON/H
  207  177  151  133  121  108   98   90   83   79   76   80   83   88   95  100
  108  113  118  118  114  107  102   99  104  113  132  151  178  198  219  235
  247  265  289  325  362  386  408  431  456  467  483  488  493  492  495  508
  517  535  546  564  573  581  581  574  560  534  515  488  466  435  415  400
  401  408  405  400  381  347  307  283  207                                   
    17.5-180.0 180.0   5.0 450.0                            LAT/LON1/LON2/DLON/H
  250  218  192  173  156  145  132  122  108   99   91   88   86   88   91   96
   99  107  110  113  108  103  101  100  109  116  137  157  186  213  236  250
  265  280  302  338  374  392  420  449  479  495  509  511  513  507  514  521
  539  549  569  582  604  609  612  599  586  560  541  514  493  462  438  422
  417  418  412  410  405  379  352  323  250                                   
    15.0-180.0 180.0   5.0 450.0                            LAT/LON1/LON2/DLON/H
  279  246  221  202  188  172  162  150  133  122  107  100   92   90   89   91
   94   98  104  105  105  100  100  102  109  119  139  161  195  224  252  267
  280  295  321  348  379  397  433  463  498  517  537  536  536  531  530  543
  547  563  575  594  608  611  611  597  583  558  543  515  500  464  445  423
  415  406  401  398  394  378  364  347  279                                   
    12.5-180.0 180.0   5.0 450.0                            LAT/LON1/LON2/DLON/H
  281  262  244  228  213  197  188  177  164  145  128  112  102   94   91   91
   91   94   98  101   99   98  102  101  116  123  144  163  199  230  255  269
  288  305  336  360  388  407  445  475  511  534  548  548  545  539  541  547
  556  559  572  583  591  592  586  574  559  539  525  504  485  459  435  416
  399  385  366  362  359  356  351  332  281                                   
    10.0-180.0 180.0   5.0 450.0                            LAT/LON1/LON2/DLON/H
  272  263  250  238  226  213  205  194  183  166  145  130  114  103   95   90
   90   91   93   95   95   94   97  104  115  127  149  172  208  236  263  278
  297  318  349  367  399  419  459  488  526  547  568  563  561  551  548  549
  549  552  561  565  568  567  560  547  531  512  498  479  466  435  418  392
  375  347  325  307  302  306  312  301  272                                   
     7.5-180.0 180.0   5.0 450.0                            LAT/LON1/LON2/DLON/H
  245  251  248  242  232  221  215  205  197  180  163  143  127  113  101   95
   92   91   92   90   91   87   94   95  114  126  149  173  208  236  264  279
