data/unet/pred0180.15i
     1.0            IONOSPHERE MAPS     GNSS                IONEX VERSION / TYPE
pyspatialgeodesy        IME             05-JAN-18 20:20     PGM / RUN BY / DATE 
Map Name                                                    COMMENT             
Predicted global ionosphere maps (GIM).                     DESCRIPTION         
  2015     1    18     0     0     0                        EPOCH OF FIRST MAP  
  2015     1    19     0     0     0                        EPOCH OF LAST MAP   
  7200                                                      INTERVAL            
    13                                                      # OF MAPS IN FILE   
  NONE                                                      MAPPING FUNCTION    
10.0                                                        ELEVATION CUTOFF    
One-way carrier phase leveled to code                       OBSERVABLES USED    
  6371.0                                                    BASE RADIUS         
 2                                                          MAP DIMENSION       
   450.0 450.0   0.0                                        HGT1 / HGT2 / DHGT  
    87.5 -87.5  -2.5                                        LAT1 / LAT2 / DLAT  
  -180.0 180.0   5.0                                        LON1 / LON2 / DLON  
    -1                                                      EXPONENT            
                                                            END OF HEADER       
[from data line 3861]
    10                                                      START OF TEC MAP    
  2015     1    18    18     0     0                        EPOCH OF CURRENT MAP
    87.5-180.0 180.0   5.0 450.0                            LAT/LON1/LON2/DLON/H
  164  138  138  141  138  139  138  139  137  139  138  139  136  136  134  133
  130  127  125  121  118  115  113  110  107  105  103  102   98   96   94   93
   91   90   88   88   87   88   87   88   88   90   90   92   93   95   97   99
  101  104  106  109  111  115  116  119  121  123  124  126  127  128  129  129
  130  131  132  132  136  134  138  141  164                                   
    85.0-180.0 180.0   5.0 450.0                            LAT/LON1/LON2/DLON/H
  121  130  131  137  134  137  134  138  135  139  136  138  135  137  133  132
  128  127  122  120  114  113  107  104   99   97   93   90   86   84   81   79
   76   76   73   73   72   73   72   73   74   75   76   78   79   82   83   87
   89   93   95   99  101  106  108  111  113  117  117  120  121  124  123  125
  125  128  127  128  130  126  130  140  121                                   
    82.5-180.0 180.0   5.0 450.0                            LAT/LON1/LON2/DLON/H
  111  117  120  124  123  126  124  128  127  132  130  134  131  134  131  131
  127  127  121  119  113  110  103   99   92   89   83   80   73   71   65   64
   58   59   55   55   53   54   52   54   53   57   56   60   61   66   66   72
   74   80   83   88   91   96   99  103  106  109  111  113  115  116  116  116
  117  118  118  117  118  114  112  113  111                                   
    80.0-180.0 180.0   5.0 450.0                            LAT/LON1/LON2/DLON/H
   97  101  101  106  106  110  109  114  113  120  119  126  124  130  127  131
  126  128  120  120  112  110  100   95   87   82   74   69   62   58   53   49
   45   43   40   38   37   36   35   36   36   38   39   42   45   48   52   56
   61   65   71   74   81   83   89   90   96   96  100  100  104  103  105  103
  105  103  103  101  100   94   93   96   97                                   
    77.5-180.0 180.0   5.0 450.0                            LAT/LON1/LON2/DLON/H
   74   74   78   79   81   85   87   92   95  103  107  114  117  124  127  131
  131  132  128  126  118  113  104   95   86   77   71   62   56   50   47   43
   39   37   34   33   30   29   27   27   27   27   29   31   34   37   42   46
   51   56   61   65   71   74   79   82   87   88   92   91   94   92   94   91
   91   88   87   83   81   75   74   72   74                                   
    75.0-180.0 180.0   5.0 450.0                            LAT/LON1/LON2/DLON/H
   58   56   58   61   60   67   67   76   78   91   94  109  112  126  129  139
  139  143  139  138  130  123  112  101   90   80   74   66   61   56   52   47
   43   41   38   35   31   29   26   26   23   25   25   27   28   33   35   41
   44   50   52   58   62   67   70   75   77   80   81   83   82   82   81   80
   78   76   73   70   66   60   62   64   58                                   
    72.5-180.0 180.0   5.0 450.0                            LAT/LON1/LON2/DLON/H
   55   50   49   49   50   54   56   63   67   78   87  102  112  129  138  151
  156  162  159  159  150  142  129  116  104   93   86   78   73   67   65   60
   57   54   51   47   41   39   34   33   29   30   29   31   32   35   38   40
   44   47   51   54   60   62   67   69   74   74   76   75   77   75   76   72
   72   67   67   61   59   53   58   51   55                                   
    70.0-180.0 180.0   5.0 450.0                            LAT/LON1/LON2/DLON/H
   55   49   48   49   47   51   51   59   62   76   84  104  117  138  150  167
  174  184  182  186  177  169  152  142  124  117  103  100   92   89   83   80
   75   73   65   62   54   51   45   43   39   40   37   40   38   43   42   47
   45   50   48   52   54   56   59   61   64   66   67   68   69   68   69   67
   66   64   63   61   58   51   56   52   55                                   
    67.5-180.0 180.0   5.0 450.0                            LAT/LON1/LON2/DLON/H
   58   51   51   52   49   52   52   59   63   77   88  109  125  149  165  185
  194  207  212  218  215  208  192  176  157  143  132  123  115  107  102   95
   91   85   79   70   63   58   53   50   46   45   44   44   44   46   46   47
   47   48   48   48   49   50   52   54   56   58   60   61   62   62   64   62
   63   62   62   60   58   53   59   48   58                                   
    65.0-180.0 180.0   5.0 450.0                            LAT/LON1/LON2/DLON/H
   59   55   55   57   54   57   58   65   71   85   98  119  138  162  181  200
  212  227  237  247  247  241  227  212  193  178  159  150  135  127  117  110
  103   96   85   77   66   62   55   53   49   49   48   49   47   50   47   49
   44   46   42   44   41   42   41   44   45   48   49   52   53   55   57   58
   59   59   61   60   58   53   59   49   59                                   
    62.5-180.0 180.0   5.0 450.0                            LAT/LON1/LON2/DLON/H
   54   53   56   58   57   62   63   73   80   96  110  131  150  174  193  215
  226  247  257  270  271  265  255  241  228  210  195  178  161  145  136  124
  116  102   93   78   68   58   54   49   48   47   48   49   49   49   48   46
   43   39   37   35   33   32   32   34   36   38   41   43   46   48   51   52
   54   54   56   54   54   48   56   41   54                                   
    60.0-180.0 180.0   5.0 450.0                            LAT/LON1/LON2/DLON/H
   47   49   52   56   57   64   68   81   89  107  122  141  162  182  201  219
  235  254  268  280  281  276  267  255  242  228  210  197  176  162  147  138
  125  112   97   82   68   59   52   50   47   48   49   50   49   49   46   45
   39   36   33   32   28   29   27   31   30   34   34   38   39   43   45   47
   49   49   50   49   47   42   48   34   47                                   
    57.5-180.0 180.0   5.0 450.0                            LAT/LON1/LON2/DLON/H
   37   41   47   52   57   66   74   89  102  120  137  156  174  191  209  226
  243  262  273  284  283  280  272  263  253  240  230  216  201  186  171  155
  141  122  107   87   72   58   51   48   47   47   49   51   51   49   48   45
   41   36   34   30   29   27   28   29   31   31   34   35   37   37   41   41
   44   43   44   40   40   35   41   22   37                                   
    55.0-180.0 180.0   5.0 450.0                            LAT/LON1/LON2/DLON/H
   33   36   38   48   56   67   78   95  112  132  150  169  182  198  212  228
  245  261  274  280  281  277  271  265  256  247  233  227  210  201  183  173
  154  138  118   98   81   66   58   53   53   53   55   54   55   52   51   48
   45   41   39   37   35   35   34   36   36   37   37   37   38   38   40   41
   43   42   42   39   35   31   38   16   33                                   
    52.5-180.0 180.0   5.0 450.0                            LAT/LON1/LON2/DLON/H
   31   33   33   46   56   70   84  102  124  146  165  183  195  206  220  231
  248  260  270  275  274  270  267  263  257  250  244  238  231  218  206  189
  173  151  133  109   92   75   67   62   61   60   62   62   62   61   60   58
   55   52   50   49   48   48   47   47   47   45   45   42   43   40   45   43
   46   44   45   40   38   34   39   14   31                                   
    50.0-180.0 180.0   5.0 450.0                            LAT/LON1/LON2/DLON/H
   39   41   40   51   61   75   91  113  136  161  179  195  203  212  224  236
  251  258  269  268  269  263  263  260  256  254  247  249  235  230  214  201
  182  165  145  123  106   90   82   75   74   71   73   71   73   70   72   71
   72   70   70   70   68   68   66   67   62   62   56   54   50   50   50   52
   52   52   51   49   46   42   47   23   39                                   
    47.5-180.0 180.0   5.0 450.0                            LAT/LON1/LON2/DLON/H
   52   50   52   59   70   84  101  123  149  174  193  207  216  222  233  242
  253  260  265  266  264  262  261  261  258  257  254  253  244  233  221  201
  188  168  152  132  117  104   94   87   85   82   82   82   82   84   85   87
   88   89   89   90   90   90   89   87   84   78   72   67   63   61   63   62
   64   62   63   60   60   55   59   38   52                                   
    45.0-180.0 180.0   5.0 450.0                            LAT/LON1/LON2/DLON/H
   68   67   66   73   81   95  111  135  161  186  204  215  223  229  240  249
  259  266  270  268  267  262  264  263  265  266  263  258  245  232  213  197
  181  166  151  137  128  116  109  101   97   92   92   91   94   94   99  100
  104  104  107  107  106  109  105  106   98   94   84   79   73   72   72   74
   74   74   74   75   73   70   72   60   68                                   
    42.5-180.0 180.0   5.0 450.0                            LAT/LON1/LON2/DLON/H
   80   79   81   88   94  106  122  146  171  195  214  224  234  239  248  257
  266  272  273  274  271  269  269  271  272  271  267  257  243  222  203  186
  171  158  147  140  134  126  118  110  103   97   96   95   98  100  104  106
  110  110  113  111  114  113  114  111  107   99   91   84   80   78   80   78
   80   77   80   80   83   79   83   74   80                                   
    40.0-180.0 180.0   5.0 450.0                            LAT/LON1/LON2/DLON/H
   86   88   90  100  106  118  134  155  179  203  221  230  241  248  259  268
  277  283  283  282  280  277  277  278  280  279  273  261  240  215  194  178
  162  153  149  146  145  138  132  120  113  102  103  101  106  107  112  113
  117  114  116  113  115  115  114  114  107  102   92   87   82   82   82   82
   81   79   81   81   85   84   89   81   86                                   
    37.5-180.0 180.0   5.0 450.0                            LAT/LON1/LON2/DLON/H
   82   88   97  108  116  128  144  163  185  208  227  238  251  257  268  276
  285  290  290  291  288  286  286  286  287  282  278  261  240  213  193  178
  164  164  161  165  162  157  148  135  124  113  109  108  110  111  114  114
  115  112  111  109  109  109  110  110  105   98   89   84   80   80   80   78
   76   71   73   73   79   79   83   81   82                                   
    35.0-180.0 180.0   5.0 450.0                            LAT/LON1/LON2/DLON/H
   75   82   94  111  125  137  153  169  190  210  230  243  257  266  278  285
  292  296  296  296  294  291  290  291  290  290  284  273  250  228  208  200
  191  194  196  198  194  186  175  160  147  133  130  123  126  122  124  119
  118  111  110  104  105  104  105  104   99   95   86   81   77   78   76   73
   71   66   65   63   66   68   71   73   75                                   
    32.5-180.0 180.0   5.0 450.0                            LAT/LON1/LON2/DLON/H
   61   71   83  108  125  144  160  176  195  215  233  247  264  274  286  292
  297  300  302  302  301  296  294  290  294  292  294  283  271  255  247  243
  240  245  243  244  232  221  203  186  171  160  154  148  144  139  134  128
  121  113  110  105  105  105  106  106  101   95   86   83   78   78   75   73
   69   62   58   53   54   55   57   56   61                                   
    30.0-180.0 180.0   5.0 450.0                            LAT/LON1/LON2/DLON/H
   55   63   79  103  126  148  166  183  200  216  235  252  270  282  293  298
  301  304  305  307  303  297  292  291  294  303  307  310  305  304  302  307
  307  314  311  306  286  264  242  221  204  192  185  178  174  163  157  145
  138  127  122  118  116  117  118  117  112  107   99   94   91   87   85   82
   76   69   59   52   45   47   46   43   55                                   
    27.5-180.0 180.0   5.0 450.0                            LAT/LON1/LON2/DLON/H
   52   59   76  107  133  156  175  193  207  221  238  254  274  284  296  298
  305  304  310  310  308  299  294  289  300  309  329  337  354  361  381  388
  399  400  398  378  352  319  287  258  240  225  220  210  203  190  179  165
  156  146  140  136  136  134  136  133  130  122  117  112  107  102   98   94
   87   78   69   57   52   45   41   27   52                                   
    25.0-180.0 180.0   5.0 450.0                            LAT/LON1/LON2/DLON/H
   59   71   91  123  148  172  189  204  213  227  241  259  276  289  299  302
  306  309  313  313  310  302  296  296  309  327  352  380  411  437  464  478
  486  479  460  433  400  362  330  295  274  258  251  242  232  219  207  197
  188  181  172  168  166  163  158  152  141  133  122  118  109  106   99   95
   89   85   77   72   59   54   45   27   59                                   
    22.5-180.0 180.0   5.0 450.0                            LAT/LON1/LON2/DLON/H
   74   88  111  148  173  193  207  220  228  237  249  262  281  287  298  299
  308  307  316  316  316  308  304  306  324  346  388  428  482  514  549  557
  563  548  525  484  445  399  366  335  313  295  283  269  258  245  234  229
  222  218  210  204  195  189  177  172  157  149  138  134  127  119  115  107
  103   95   92   84   79   70   58   40   74                                   
    20.0-180.0 180.0   5.0 450.0                            LAT/LON1/LON2/DLON/H
   93  108  134  170  194  216  226  240  245  252  258  274  285  295  301  304
  310  311  320  321  324  318  319  325  352  389  446  497  550  578  605  621
  624  597  558  502  453  410  375  344  330  311  301  283  272  259  252  246
  245  244  235  230  216  206  194  183  168  155  145  138  132  126  122  118
  113  107  101   99   91   87   78   58   93                                   
    17.5-180.0 180.0   5.0 450.0                            LAT/LON1/LON2/DLON/H
  106  125  152  187  212  234  249  264  273  279  285  297  307  310  314  311
  319  317  328  327  337  333  338  355  394  448  509  558  609  634  666  673
  664  623  573  512  458  413  377  351  332  319  300  288  271  262  254  255
  254  261  251  249  230  222  204  194  175  163  152  146  134  130  126  127
  125  122  118  113  107  105   98   78  106                                   
    15.0-180.0 180.0   5.0 450.0                            LAT/LON1/LON2/DLON/H
  115  132  159  193  224  254  275  294  304  314  319  333  335  343  338  339
  340  341  344  347  355  360  377  409  462  524  575  622  655  675  687  682
  661  618  559  499  437  390  355  329  310  293  276  262  250  243  241  248
  254  260  255  248  232  217  202  185  172  158  151  142  136  128  127  128
  129  128  127  119  114  110  110   86  115                                   
    12.5-180.0 180.0   5.0 450.0                            LAT/LON1/LON2/DLON/H
  112  136  161  195  231  264  294  316  335  346  354  366  373  382  376  377
  375  374  377  378  389  400  426  470  527  585  628  663  681  687  685  668
  637  592  537  477  417  377  337  313  289  274  250  240  225  225  220  234
  238  253  248  251  235  225  205  189  174  161  151  140  133  128  127  130
  129  130  128  125  119  118  104   84  112                                   
    10.0-180.0 180.0   5.0 450.0                            LAT/LON1/LON2/DLON/H
  106  129  153  188  230  267  305  330  357  373  389  400  412  421  415  419
  421  424  425  429  441  459  489  535  581  632  662  682  684  676  663  631
  595  552  498  444  399  359  321  299  270  252  227  214  202  199  200  214
  223  234  238  233  228  209  200  181  172  159  150  144  137  135  133  136
  132  130  127  122  116  108  101   77  106                                   
     7.5-180.0 180.0   5.0 450.0                            LAT/LON1/LON2/DLON/H
   93  120  142  180  225  269  309  341  374  398  420  435  450  460  457  467
  469  479  480  484  497  513  538  578  615  659  675  681  667  650  625  588
