data/unet/pred0370.15i
     1.0            IONOSPHERE MAPS     GNSS                IONEX VERSION / TYPE
pyspatialgeodesy        IME             05-JAN-18 20:20     PGM / RUN BY / DATE 
Map Name                                                    COMMENT             
Predicted global ionosphere maps (GIM).                     DESCRIPTION         
  2015     2     6     0     0     0                        EPOCH OF FIRST MAP  
  2015     2     7     0     0     0                        EPOCH OF LAST MAP   
  7200                                                      INTERVAL            
    13                                                      # OF MAPS IN FILE   
  NONE                                                      MAPPING FUNCTION    
10.0                                                        ELEVATION CUTOFF    
One-way carrier phase leveled to code                       OBSERVABLES USED    
  6371.0                                                    BASE RADIUS         
 2                                                          MAP DIMENSION       
   450.0 450.0   0.0                                        HGT1 / HGT2 / DHGT  
    87.5 -87.5  -2.5                                        LAT1 / LAT2 / DLAT  
  -180.0 180.0   5.0                                        LON1 / LON2 / DLON  
    -1                                                      EXPONENT            
                                                            END OF HEADER       
[from data line 4719]
    12                                                      START OF TEC MAP    
  2015     2     6    22     0     0                        EPOCH OF CURRENT MAP
    87.5-180.0 180.0   5.0 450.0                            LAT/LON1/LON2/DLON/H
  203  160  146  150  149  151  153  156  158  160  161  162  161  162  160  160
  157  156  154  153  151  149  147  147  144  144  141  141  138  139  136  137
  134  134  132  132  129  130  128  128  126  127  124  126  124  125  123  125
  123  125  124  126  126  127  127  129  128  129  129  130  129  131  129  131
  130  131  131  132  133  135  135  166  203                                   
    85.0-180.0 180.0   5.0 450.0                            LAT/LON1/LON2/DLON/H
  158  145  148  154  155  157  162  166  170  174  177  179  180  180  180  179
  178  175  174  170  168  163  161  157  155  151  150  145  144  139  139  135
  134  130  130  127  127  124  126  123  124  122  124  122  123  121  123  122
  124  123  125  125  126  127  128  128  129  129  130  130  130  130  130  130
  130  129  130  128  131  128  129  149  158                                   
    82.5-180.0 180.0   5.0 450.0                            LAT/LON1/LON2/DLON/H
  147  139  143  153  155  162  169  177  183  190  195  200  202  204  202  203
  199  198  191  189  180  178  168  167  158  156  148  147  139  139  131  132
  124  126  120  123  117  120  116  120  116  120  118  122  119  123  121  125
  123  127  125  129  127  131  129  133  130  133  129  132  128  131  126  128
  125  127  122  123  119  121  121  144  147                                   
    80.0-180.0 180.0   5.0 450.0                            LAT/LON1/LON2/DLON/H
  143  134  139  144  153  160  174  181  196  202  214  218  226  224  228  222
  221  211  207  196  189  176  171  161  157  148  146  138  137  130  129  123
  123  118  120  115  117  114  117  114  117  115  119  117  121  119  123  121
  125  124  128  127  131  130  133  132  134  132  133  130  130  127  127  124
  123  120  119  115  113  111  110  130  143                                   
    77.5-180.0 180.0   5.0 450.0                            LAT/LON1/LON2/DLON/H
  137  131  134  142  153  164  178  191  206  218  230  237  243  242  242  234
  229  216  207  194  184  171  162  153  147  139  136  131  128  124  122  119
  118  116  116  114  115  113  115  113  115  114  116  115  117  117  118  118
  118  119  122  123  125  126  129  130  130  130  130  129  127  125  123  120
  118  115  113  109  109  106  108  127  137                                   
    75.0-180.0 180.0   5.0 450.0                            LAT/LON1/LON2/DLON/H
  142  135  140  149  162  175  191  206  225  237  253  259  268  264  263  251
  240  222  209  190  177  162  153  144  137  132  128  126  124  122  121  119
  119  117  118  116  117  116  117  116  117  117  118  117  117  115  116  114
  115  115  117  118  120  122  125  126  127  127  127  126  125  122  121  118
  116  114  114  110  113  110  114  134  142                                   
    72.5-180.0 180.0   5.0 450.0                            LAT/LON1/LON2/DLON/H
  158  152  156  167  178  191  208  225  244  260  274  283  287  285  276  262
  247  227  206  185  168  154  143  136  129  126  123  124  121  122  119  120
  118  119  118  119  118  118  118  118  117  118  117  117  114  114  111  110
  108  109  108  110  110  112  114  117  118  120  119  119  118  117  115  114
  113  114  115  117  119  123  128  149  158                                   
    70.0-180.0 180.0   5.0 450.0                            LAT/LON1/LON2/DLON/H
  178  170  175  184  196  208  226  241  263  276  294  302  304  297  285  269
  250  226  205  181  164  147  138  130  127  125  124  124  121  120  117  116
  115  114  115  114  115  114  116  114  115  114  114  111  111  107  106  102
  103  100  103   99  103  102  106  106  110  110  111  111  110  109  109  108
  111  112  118  121  128  133  141  163  178                                   
    67.5-180.0 180.0   5.0 450.0                            LAT/LON1/LON2/DLON/H
  202  194  198  207  217  226  244  260  280  297  313  320  319  312  294  277
  253  226  202  181  160  145  134  129  124  123  121  119  115  113  109  107
  104  103  104  104  105  105  106  105  105  104  103  101   98   95   94   91
   89   88   89   89   90   91   93   94   96   97   97   98   97   96   97   98
  101  106  114  122  131  142  154  180  202                                   
    65.0-180.0 180.0   5.0 450.0                            LAT/LON1/LON2/DLON/H
  223  210  218  226  240  246  265  278  302  317  335  337  339  328  313  294
  267  240  211  186  170  153  143  135  132  126  123  117  111  106  100   96
   92   89   88   88   89   89   90   89   89   87   87   85   84   82   81   79
   79   77   79   78   81   81   84   83   86   84   87   84   85   83   85   85
   92   98  110  119  134  146  161  191  223                                   
    62.5-180.0 180.0   5.0 450.0                            LAT/LON1/LON2/DLON/H
  238  225  237  248  260  267  283  298  318  335  348  355  355  348  332  314
  287  261  227  202  180  169  156  147  138  131  122  113  103   96   88   84
   79   75   72   72   72   73   74   74   74   72   72   70   71   68   68   67
   67   67   67   68   69   72   74   75   75   74   74   73   71   70   70   73
   78   87  100  113  129  147  166  201  238                                   
    60.0-180.0 180.0   5.0 450.0                            LAT/LON1/LON2/DLON/H
  248  233  250  261  276  283  300  312  335  346  362  365  370  360  351  333
  312  290  259  232  207  191  178  162  150  134  125  110  100   87   82   74
   71   65   62   60   60   60   60   60   60   60   59   59   59   58   57   58
   57   59   60   62   63   65   68   69   70   68   67   64   63   60   61   64
   71   81   96  110  128  147  168  206  248                                   
    57.5-180.0 180.0   5.0 450.0                            LAT/LON1/LON2/DLON/H
  254  243  264  280  294  302  317  331  347  362  371  376  377  372  365  356
  338  323  297  275  244  222  201  181  162  141  126  108   97   84   79   70
   68   63   59   56   55   54   53   52   53   52   54   52   54   51   51   50
   50   53   53   56   58   62   63   67   68   67   64   62   58   57   57   62
   68   81   96  113  130  150  171  212  254                                   
    55.0-180.0 180.0   5.0 450.0                            LAT/LON1/LON2/DLON/H
  262  255  279  295  312  323  340  352  366  372  380  381  385  383  379  376
  363  354  332  315  286  259  230  203  179  154  137  117  107   94   90   81
   78   72   68   64   61   59   56   56   55   56   55   56   55   55   52   53
   51   53   54   57   58   61   64   68   70   70   67   63   61   59   61   67
   77   90  107  124  143  159  178  220  262                                   
    52.5-180.0 180.0   5.0 450.0                            LAT/LON1/LON2/DLON/H
  275  273  300  320  337  351  368  382  388  395  392  396  393  399  395  398
  388  383  364  349  321  296  261  228  201  174  154  135  125  112  110   99
   95   87   82   76   73   69   66   64   64   63   65   64   65   62   61   58
   56   57   58   62   63   67   68   73   75   76   74   71   68   68   70   79
   88  108  125  146  161  177  196  239  275                                   
    50.0-180.0 180.0   5.0 450.0                            LAT/LON1/LON2/DLON/H
  298  298  327  346  367  387  401  410  410  409  401  400  397  405  405  412
  404  403  383  369  344  319  286  253  223  197  176  158  148  137  131  122
  115  105  100   94   90   86   82   80   78   80   80   83   83   81   78   73
   71   69   70   71   73   75   77   79   82   82   80   77   76   77   84   94
  109  129  152  171  189  203  221  263  298                                   
    47.5-180.0 180.0   5.0 450.0                            LAT/LON1/LON2/DLON/H
  322  329  359  380  404  422  433  438  433  428  415  412  406  416  417  425
  420  416  397  383  359  338  308  278  247  221  201  181  171  158  150  136
  127  116  111  105  102   98   96   93   94   94   98  100  102   98   96   90
   87   84   84   84   85   87   86   89   90   90   87   86   85   89   95  110
  127  153  176  200  219  236  253  292  322                                   
    45.0-180.0 180.0   5.0 450.0                            LAT/LON1/LON2/DLON/H
  352  361  388  409  433  452  459  462  451  444  425  418  411  418  420  429
  423  419  399  386  367  347  322  295  268  240  220  199  184  170  155  141
  128  118  112  109  108  106  105  104  105  107  113  118  121  120  116  110
  107  103  103  102  102  101  100   99   99   96   94   92   93   97  107  121
  144  169  197  222  247  264  281  316  352                                   
    42.5-180.0 180.0   5.0 450.0                            LAT/LON1/LON2/DLON/H
  372  385  412  432  450  465  473  477  468  457  438  429  420  426  425  433
  426  420  402  392  374  360  336  313  283  256  233  207  190  171  153  134
  121  110  107  106  109  110  112  112  115  119  127  134  138  137  134  128
  125  121  120  119  117  115  112  110  108  104  100   98   97  102  112  129
  153  181  209  239  264  286  304  338  372                                   
    40.0-180.0 180.0   5.0 450.0                            LAT/LON1/LON2/DLON/H
  390  400  421  436  453  466  474  481  474  466  448  436  429  428  427  432
  423  418  403  397  385  372  353  328  298  264  238  206  187  163  143  123
  111  103  103  105  112  113  117  116  121  125  135  142  149  148  147  142
  142  138  139  136  134  130  126  122  118  112  106  102  100  105  116  133
  156  184  213  243  270  298  316  348  390                                   
    37.5-180.0 180.0   5.0 450.0                            LAT/LON1/LON2/DLON/H
  393  408  423  434  443  453  463  471  470  465  455  449  440  440  435  436
  425  419  405  406  394  387  365  339  304  267  235  202  179  156  137  119
  111  106  111  115  123  126  130  129  133  137  146  153  158  158  155  153
  152  151  150  149  146  142  136  131  125  118  111  105  103  107  117  135
  156  184  210  239  267  299  324  354  393                                   
    35.0-180.0 180.0   5.0 450.0                            LAT/LON1/LON2/DLON/H
  401  409  419  423  430  435  443  452  457  460  457  452  450  444  441  438
  429  424  415  417  411  401  380  349  311  266  234  201  181  161  149  137
  135  132  140  141  150  148  152  148  150  150  158  160  164  162  162  159
  160  159  160  157  158  154  149  143  135  127  117  111  107  111  121  139
  161  184  209  234  261  295  319  354  401                                   
    32.5-180.0 180.0   5.0 450.0                            LAT/LON1/LON2/DLON/H
  403  419  419  422  420  423  429  439  448  456  461  462  460  456  452  446
  437  432  426  430  426  417  393  358  314  272  239  214  197  188  182  178
  178  177  183  183  186  181  177  173  172  173  174  175  172  168  164  162
  160  158  157  157  157  158  154  149  141  134  124  117  113  116  127  148
  167  191  211  234  263  298  328  362  403                                   
    30.0-180.0 180.0   5.0 450.0                            LAT/LON1/LON2/DLON/H
  418  432  433  426  424  421  426  434  446  456  466  465  468  463  459  452
  444  442  436  441  437  425  402  364  325  282  258  239  235  233  239  246
  249  258  255  247  237  224  213  201  193  191  190  186  179  171  165  161
  156  152  148  146  146  151  149  149  141  136  127  123  120  125  140  163
  190  210  235  252  283  314  344  381  418                                   
    27.5-180.0 180.0   5.0 450.0                            LAT/LON1/LON2/DLON/H
  436  459  456  456  450  450  450  457  464  474  478  482  480  477  469  461
  449  447  441  447  441  431  406  374  339  313  295  297  304  322  341  366
  375  383  366  347  313  282  252  240  223  217  207  199  184  174  162  156
  149  139  132  128  130  133  135  134  132  130  126  125  126  137  156  189
  221  251  271  297  324  358  385  415  436                                   
    25.0-180.0 180.0   5.0 450.0                            LAT/LON1/LON2/DLON/H
  473  499  502  503  503  500  499  500  504  502  506  504  499  491  479  466
  455  449  441  442  438  423  405  378  364  353  357  368  393  421  450  478
  485  486  451  426  376  339  298  278  255  248  236  223  202  188  174  164
  154  140  129  121  122  123  123  123  120  120  116  119  121  136  162  202
  240  280  311  344  379  414  439  458  473                                   
    22.5-180.0 180.0   5.0 450.0                            LAT/LON1/LON2/DLON/H
  514  557  561  577  580  585  579  576  562  560  552  548  535  522  501  484
  466  461  445  443  433  422  406  400  400  411  427  459  489  528  567  597
  592  572  515  460  402  361  322  302  280  273  262  249  229  211  195  182
  169  153  140  130  130  132  133  129  126  123  121  124  130  148  181  230
  281  326  361  396  428  467  492  509  514                                   
    20.0-180.0 180.0   5.0 450.0                            LAT/LON1/LON2/DLON/H
  567  616  637  660  677  687  682  672  652  634  621  610  593  571  545  520
  490  476  456  443  428  413  412  419  443  466  502  531  575  625  656  677
  657  626  551  482  407  366  329  314  298  294  284  272  250  231  209  196
  176  158  137  127  122  125  127  129  124  125  122  126  134  157  198  255
  312  361  401  441  477  517  546  560  567                                   
    17.5-180.0 180.0   5.0 450.0                            LAT/LON1/LON2/DLON/H
  615  675  707  745  770  788  789  776  753  727  706  693  669  641  604  575
  541  512  484  461  436  430  435  461  498  536  573  609  645  671  678  670
  641  590  521  450  383  350  321  314  302  303  294  286  268  249  231  213
  193  168  147  129  124  123  126  126  125  125  124  126  138  165  213  274
  336  387  432  474  512  553  590  598  615                                   
    15.0-180.0 180.0   5.0 450.0                            LAT/LON1/LON2/DLON/H
  653  721  758  800  837  867  876  870  849  831  812  796  769  737  692  652
  603  569  527  486  457  446  466  500  552  594  631  653  662  663  642  617
  570  522  458  403  357  336  317  313  308  307  303  295  280  264  245  230
  206  181  155  139  127  125  124  128  125  124  123  126  140  169  220  284
  348  403  449  494  535  581  622  627  653                                   
    12.5-180.0 180.0   5.0 450.0                            LAT/LON1/LON2/DLON/H
  670  741  782  830  875  907  925  924  913  899  888  872  845  817  772  734
  682  639  589  542  508  500  523  566  614  648  663  660  639  605  561  514
  465  422  380  359  334  328  316  316  307  307  299  295  284  269  255  239
  219  193  167  150  135  134  132  133  130  127  128  133  146  178  229  296
  357  414  457  503  539  587  633  635  670                                   
    10.0-180.0 180.0   5.0 450.0                            LAT/LON1/LON2/DLON/H
  677  755  790  841  892  923  942  948  943  940  934  926  904  880  844  808
  757  713  652  599  563  554  578  616  658  681  674  644  592  534  473  421
  377  347  337  335  333  336  335  330  321  309  300  291  280  270  254  244
  222  202  173  162  145  148  141  144  138  139  139  146  159  191  241  304
  362  418  460  504  541  592  640  642  677                                   
     7.5-180.0 180.0   5.0 450.0                            LAT/LON1/LON2/DLON/H
  670  746  779  833  877  906  926  932  938  942  949  947  936  920  890  860
  815  772  713  662  627  618  633  664  692  697  665  606  531  460  393  343
