data/unet/pred2280.15i
     1.0            IONOSPHERE MAPS     GNSS                IONEX VERSION / TYPE
pyspatialgeodesy        IME             05-JAN-18 20:20     PGM / RUN BY / DATE 
Map Name                                                    COMMENT             
Predicted global ionosphere maps (GIM).                     DESCRIPTION         
  2015     8    16     0     0     0                        EPOCH OF FIRST MAP  
  2015     8    17     0     0     0                        EPOCH OF LAST MAP   
  7200                                                      INTERVAL            
    13                                                      # OF MAPS IN FILE   
  NONE                                                      MAPPING FUNCTION    
10.0                                                        ELEVATION CUTOFF    
One-way carrier phase leveled to code                       OBSERVABLES USED    
  6371.0                                                    BASE RADIUS         
 2                                                          MAP DIMENSION       
   450.0 450.0   0.0                                        HGT1 / HGT2 / DHGT  
    87.5 -87.5  -2.5                                        LAT1 / LAT2 / DLAT  
  -180.0 180.0   5.0                                        LON1 / LON2 / DLON  
    -1                                                      EXPONENT            
                                                            END OF HEADER       
[from data line 1287]
     4                                                      START OF TEC MAP    
  2015     8    16     6     0     0                        EPOCH OF CURRENT MAP
    87.5-180.0 180.0   5.0 450.0                            LAT/LON1/LON2/DLON/H
   77  110  107  104  104   99  102   98  102   98  101   97  101   98  101   98
  102  100  103  101  104  101  104  101  104  102  104  102  104  101  104  100
  103  100  102   99  101   98  101   98  101   99  102  100  104  103  107  105
  109  108  111  110  114  112  115  113  116  114  116  113  115  113  114  112
  113  111  114  111  114  110  121   87   77                                   
    85.0-180.0 180.0   5.0 450.0                            LAT/LON1/LON2/DLON/H
  103  113  102  103  104   98  101   98  101   98  101   98  101   99  102  100
  103  100  103  101  103  100  102   99  100   97   99   97   97   95   95   94
   94   92   93   92   93   90   92   90   93   91   93   93   95   96   98  100
  101  103  104  107  107  109  109  111  111  112  112  113  113  113  113  113
  112  112  112  112  110  105  115  115  103                                   
    82.5-180.0 180.0   5.0 450.0                            LAT/LON1/LON2/DLON/H
   99  108  104  107  104  104  102  105  103  105  104  107  106  109  107  110
  108  110  108  110  106  107  104  105  102  102   99  100   97   97   94   95
   92   93   90   92   89   91   89   92   90   93   92   96   96  100  100  104
  106  109  110  113  114  116  117  118  119  119  119  119  119  118  118  117
  117  116  116  115  111  108  113  103   99                                   
    80.0-180.0 180.0   5.0 450.0                            LAT/LON1/LON2/DLON/H
  104  105  103  102   98   95   97   95   98   95   99   97  102  100  104  103
  106  104  105  103  103  100   99   96   95   92   92   90   90   88   89   88
   89   87   89   86   88   86   89   86   89   87   92   90   96   95  101  102
  107  108  114  115  119  120  123  123  124  124  125  123  123  121  120  120
  118  118  117  116  113  107  106  103  104                                   
    77.5-180.0 180.0   5.0 450.0                            LAT/LON1/LON2/DLON/H
  101  104   98   98   96   95   93   94   93   95   94   97   97   99  100  102
  102  103  102  101   98   96   93   91   88   86   84   84   83   84   83   86
   85   88   86   88   85   87   84   86   84   87   87   92   93   99  102  109
  112  119  122  127  129  132  132  134  133  133  132  131  129  127  125  123
  121  120  119  117  113  106  107  100  101                                   
    75.0-180.0 180.0   5.0 450.0                            LAT/LON1/LON2/DLON/H
  106  103   98   96   90   89   87   87   85   85   85   87   88   91   93   96
   96   98   96   97   91   91   84   83   77   76   73   74   73   75   77   80
   82   84   85   87   85   86   84   85   84   86   88   91   96  101  108  113
  120  124  130  132  136  136  139  137  137  135  135  132  130  128  126  124
  122  121  120  119  116  110  110  104  106                                   
    72.5-180.0 180.0   5.0 450.0                            LAT/LON1/LON2/DLON/H
  108  102   93   91   89   84   83   80   79   76   77   77   80   81   85   86
   89   89   89   87   84   80   77   72   69   64   64   62   64   66   69   73
   75   80   81   84   82   83   81   82   81   85   87   93   98  108  114  122
  126  133  134  139  138  141  138  139  135  135  132  131  128  125  124  123
  122  121  121  121  119  112  112  104  108                                   
    70.0-180.0 180.0   5.0 450.0                            LAT/LON1/LON2/DLON/H
  114  107   98   95   87   85   81   77   74   71   69   70   71   74   76   79
   81   82   81   80   75   71   65   61   56   54   52   52   55   59   65   69
   75   76   81   80   82   80   81   80   83   85   91   98  107  115  124  129
  134  136  139  138  140  136  136  132  132  128  129  125  126  123  124  123
  123  123  125  124  123  116  115  112  114                                   
    67.5-180.0 180.0   5.0 450.0                            LAT/LON1/LON2/DLON/H
  117  107   98   94   91   86   82   76   74   68   67   64   67   67   71   72
   75   75   75   72   70   64   60   55   50   48   46   47   50   55   61   67
   71   75   78   79   79   80   79   81   83   91   96  108  117  128  133  140
  140  142  138  138  133  131  127  124  122  120  119  118  118  118  119  120
  121  122  124  125  125  119  118  112  117                                   
    65.0-180.0 180.0   5.0 450.0                            LAT/LON1/LON2/DLON/H
  123  113  105  101   92   91   84   79   72   68   64   63   62   63   65   67
   67   68   65   62   56   53   47   43   39   38   37   40   44   49   56   61
   67   69   74   74   75   75   76   79   84   94  104  115  128  135  142  144
  145  142  139  133  128  123  119  115  112  110  110  110  111  112  116  117
  121  121  126  126  128  122  122  118  123                                   
    62.5-180.0 180.0   5.0 450.0                            LAT/LON1/LON2/DLON/H
  125  115  109  105  100   94   89   81   76   68   65   61   60   59   60   60
   61   58   57   52   48   43   40   37   34   35   33   36   39   43   50   54
   60   64   68   70   71   72   73   79   85   99  110  124  135  143  148  149
  147  143  135  129  122  116  111  106  104  102  103  104  106  109  112  115
  118  120  124  123  125  120  120  119  125                                   
    60.0-180.0 180.0   5.0 450.0                            LAT/LON1/LON2/DLON/H
  130  122  117  114  105  103   95   90   80   75   66   64   59   59   57   57
   53   52   46   42   36   33   29   29   28   30   31   33   38   41   46   49
   55   57   63   64   67   69   73   80   91  104  119  131  143  149  153  153
  150  144  137  130  124  117  112  108  106  105  105  106  108  109  111  113
  117  118  123  123  123  121  123  123  130                                   
    57.5-180.0 180.0   5.0 450.0                            LAT/LON1/LON2/DLON/H
  130  122  120  119  114  108  103   96   88   80   72   67   61   59   57   54
   52   46   43   36   33   27   28   26   28   29   32   33   37   37   42   42
   48   51   58   61   65   70   75   86   96  112  126  139  149  155  158  156
  154  149  142  136  130  124  121  115  115  112  113  112  114  113  114  113
  116  117  122  120  120  118  120  123  130                                   
    55.0-180.0 180.0   5.0 450.0                            LAT/LON1/LON2/DLON/H
  137  131  132  130  124  118  112  105   93   86   76   71   63   61   55   52
   45   43   34   31   25   25   23   25   27   30   33   35   37   38   40   40
   44   47   55   58   65   71   78   88  102  115  132  143  155  160  164  162
  160  156  152  146  144  137  133  130  127  126  125  124  123  120  118  115
  115  115  119  118  116  119  124  127  137                                   
    52.5-180.0 180.0   5.0 450.0                            LAT/LON1/LON2/DLON/H
  138  134  137  138  134  129  122  114  103   94   84   77   68   64   58   53
   49   42   39   31   30   25   28   26   31   31   36   36   40   37   40   38
   43   45   54   60   68   76   83   96  108  124  138  152  161  168  173  173
  172  169  168  164  163  158  156  149  147  141  142  136  137  129  127  120
  118  116  120  117  117  120  125  132  138                                   
    50.0-180.0 180.0   5.0 450.0                            LAT/LON1/LON2/DLON/H
  147  144  149  149  147  141  134  124  111  101   88   80   69   65   57   54
   46   43   36   34   30   31   30   32   35   37   40   42   42   42   41   41
   44   48   57   65   75   84   94  105  118  132  147  159  171  180  186  187
  189  188  188  186  186  181  177  168  163  158  153  151  146  140  134  127
  122  120  123  122  120  125  130  135  147                                   
    47.5-180.0 180.0   5.0 450.0                            LAT/LON1/LON2/DLON/H
  149  150  154  158  154  150  141  132  117  109   95   87   75   70   63   59
   54   50   48   43   43   41   44   42   46   45   50   47   49   45   46   45
   49   54   63   73   83   95  104  116  127  142  154  170  178  190  196  200
  205  205  207  205  206  199  195  183  179  168  165  159  156  148  144  134
  131  128  132  130  131  134  135  143  149                                   
    45.0-180.0 180.0   5.0 450.0                            LAT/LON1/LON2/DLON/H
  158  158  162  162  160  153  149  137  124  111   99   87   75   68   60   57
   53   53   49   51   50   53   53   54   54   54   53   54   51   52   50   53
   55   61   69   80   90  101  112  125  133  148  160  173  183  197  206  212
  219  220  221  217  215  207  200  189  182  173  166  165  159  154  148  143
  138  138  140  139  139  142  144  146  158                                   
    42.5-180.0 180.0   5.0 450.0                            LAT/LON1/LON2/DLON/H
  161  163  164  166  161  156  149  140  127  117  105   95   81   74   66   63
   60   60   61   62   64   66   69   68   68   64   63   59   59   57   59   59
   63   68   76   86   98  108  119  129  139  152  162  175  184  199  210  219
  228  230  231  226  224  214  208  195  191  179  175  169  166  160  157  151
  149  148  151  149  151  150  149  154  161                                   
    40.0-180.0 180.0   5.0 450.0                            LAT/LON1/LON2/DLON/H
  164  164  162  158  155  147  145  136  129  118  110   97   86   75   68   64
   62   64   65   70   72   77   79   79   76   74   68   68   65   68   65   69
   68   74   80   91  100  112  122  134  141  155  162  176  184  201  214  225
  236  237  238  230  227  217  209  200  194  187  179  177  171  166  164  160
  159  161  164  163  164  161  160  157  164                                   
    37.5-180.0 180.0   5.0 450.0                            LAT/LON1/LON2/DLON/H
  167  165  157  153  148  141  138  134  128  123  116  107   93   85   75   72
   68   71   72   77   82   87   91   91   87   83   77   76   72   74   72   76
   75   80   84   94  103  115  124  137  145  157  166  178  186  202  217  230
  243  245  247  240  239  229  225  217  214  205  198  192  186  180  178  174
  173  176  179  178  180  173  167  167  167                                   
    35.0-180.0 180.0   5.0 450.0                            LAT/LON1/LON2/DLON/H
  172  170  157  149  141  133  133  129  129  122  121  110  101   88   81   74
   71   72   74   81   85   94   97   99   95   91   86   85   82   84   81   83
   80   84   86   96  104  116  128  138  149  159  169  180  191  207  224  236
  252  254  260  255  257  252  250  246  241  233  222  215  204  198  193  188
  187  191  194  193  195  187  184  175  172                                   
    32.5-180.0 180.0   5.0 450.0                            LAT/LON1/LON2/DLON/H
  188  182  162  151  141  133  130  131  129  130  126  122  109  102   89   85
   77   78   77   84   89   99  104  106  102  100   92   93   88   91   87   89
   84   88   88   99  106  120  129  142  152  164  172  187  195  214  229  245
  261  266  276  275  283  283  286  285  284  275  261  247  233  223  216  208
  205  207  211  209  211  203  198  192  188                                   
    30.0-180.0 180.0   5.0 450.0                            LAT/LON1/LON2/DLON/H
  207  198  176  160  146  132  127  125  128  125  126  118  113  101   93   85
   80   78   79   86   93  103  109  112  111  107  103  101   98   99   95   94
   89   89   89   98  109  120  132  142  156  165  180  187  202  216  236  251
  269  274  288  293  307  315  322  328  328  319  302  287  269  254  241  231
  224  226  228  226  228  225  223  211  207                                   
    27.5-180.0 180.0   5.0 450.0                            LAT/LON1/LON2/DLON/H
  234  220  199  181  164  148  137  133  131  133  130  129  119  113  102   96
   88   86   84   91   97  108  114  119  118  117  109  109  102  105   99   98
   91   91   90  100  110  125  135  149  159  175  183  196  202  222  237  258
  274  285  301  311  333  344  359  366  370  360  344  326  307  290  274  260
  253  250  252  248  251  248  244  238  234                                   
    25.0-180.0 180.0   5.0 450.0                            LAT/LON1/LON2/DLON/H
  262  244  229  204  181  157  144  132  129  125  127  120  117  106  101   92
   89   83   87   91  102  110  118  123  125  122  118  112  108  106  100   96
   88   86   87   96  109  122  136  148  165  177  191  197  210  227  246  264
  282  295  314  331  355  372  389  400  403  392  374  353  334  316  302  287
  274  269  268  265  268  270  266  260  262                                   
    22.5-180.0 180.0   5.0 450.0                            LAT/LON1/LON2/DLON/H
  289  274  256  233  205  182  161  146  137  135  130  129  119  116  106  102
   95   93   94  100  107  117  123  128  129  128  121  115  106  103   96   90
   83   81   83   94  107  123  136  154  167  184  192  204  209  234  250  274
  291  309  329  350  373  394  408  420  424  410  394  372  355  338  326  311
  298  287  284  278  285  290  284  284  289                                   
    20.0-180.0 180.0   5.0 450.0                            LAT/LON1/LON2/DLON/H
  310  289  275  252  226  195  172  150  141  130  126  119  116  106  105   96
   97   92   99  102  114  121  129  134  136  132  123  114  103   97   87   82
   73   72   75   88  103  120  136  153  172  185  199  206  222  241  263  282
  302  321  345  366  387  404  415  428  432  421  404  384  369  354  346  330
  319  302  295  288  292  299  296  301  310                                   
    17.5-180.0 180.0   5.0 450.0                            LAT/LON1/LON2/DLON/H
  328  310  290  266  241  214  184  166  150  142  134  129  123  118  112  106
  104  102  107  112  121  128  133  137  136  131  120  108   96   85   79   70
   67   63   70   82   99  117  134  154  169  187  196  212  223  249  267  291
  310  334  357  375  390  403  411  420  423  413  403  388  378  369  362  349
  336  323  311  307  308  320  308  318  328                                   
    15.0-180.0 180.0   5.0 450.0                            LAT/LON1/LON2/DLON/H
  338  311  290  271  247  219  192  169  153  137  132  125  124  115  115  107
  109  106  113  117  126  131  136  139  136  130  116  103   87   79   68   64
   60   63   68   84   98  120  137  157  174  188  205  215  234  254  276  294
  317  340  363  378  388  398  401  411  413  409  402  393  386  385  378  369
  355  340  329  320  325  325  314  328  338                                   
    12.5-180.0 180.0   5.0 450.0                            LAT/LON1/LON2/DLON/H
  347  322  297  273  251  226  199  179  161  148  139  134  132  126  125  119
  119  116  122  123  130  132  135  134  130  120  108   93   81   69   66   59
   59   56   65   74   93  112  135  157  174  193  205  222  238  262  281  301
  319  343  364  378  386  391  393  400  404  405  406  406  403  405  400  392
  379  369  357  351  350  353  335  347  347                                   
    10.0-180.0 180.0   5.0 450.0                            LAT/LON1/LON2/DLON/H
  350  319  290  271  250  227  203  184  167  151  144  136  136  129  129  124
  127  122  127  126  132  132  134  130  124  114  100   87   74   66   62   63
   61   60   67   75   92  109  131  152  172  189  206  219  238  260  281  300
  323  347  368  380  386  391  393  403  409  417  418  423  420  423  417  409
  399  386  375  367  368  360  340  354  350                                   
     7.5-180.0 180.0   5.0 450.0                            LAT/LON1/LON2/DLON/H
  357  328  301  274  254  231  211  191  176  160  154  148  148  143  144  138
  140  133  136  130  132  128  128  121  115  104   95   77   68   59   61   59
