data/unet/pred2520.15i
     1.0            IONOSPHERE MAPS     GNSS                IONEX VERSION / TYPE
pyspatialgeodesy        IME             05-JAN-18 20:20     PGM / RUN BY / DATE 
Map Name                                                    COMMENT             
Predicted global ionosphere maps (GIM).                     DESCRIPTION         
  2015     9     9     0     0     0                        EPOCH OF FIRST MAP  
  2015     9    10     0     0     0                        EPOCH OF LAST MAP   
  7200                                                      INTERVAL            
    13                                                      # OF MAPS IN FILE   
  NONE                                                      MAPPING FUNCTION    
10.0                                                        ELEVATION CUTOFF    
One-way carrier phase leveled to code                       OBSERVABLES USED    
  6371.0                                                    BASE RADIUS         
 2                                                          MAP DIMENSION       
   450.0 450.0   0.0                                        HGT1 / HGT2 / DHGT  
    87.5 -87.5  -2.5                                        LAT1 / LAT2 / DLAT  
  -180.0 180.0   5.0                                        LON1 / LON2 / DLON  
    -1                                                      EXPONENT            
                                                            END OF HEADER       
[from data line 1716]
     5                                                      START OF TEC MAP    
  2015     9     9     8     0     0                        EPOCH OF CURRENT MAP
    87.5-180.0 180.0   5.0 450.0                            LAT/LON1/LON2/DLON/H
   57   68   70   71   68   67   67   67   68   67   68   67   68   67   67   67
   68   67   68   68   68   68   69   69   70   70   71   71   72   72   72   73
   73   74   73   74   74   74   73   74   74   74   73   74   73   73   72   72
   71   71   70   70   68   68   66   67   65   66   64   65   64   64   63   64
   64   65   64   66   68   67   65   66   57                                   
    85.0-180.0 180.0   5.0 450.0                            LAT/LON1/LON2/DLON/H
   63   86   80   87   82   84   82   86   82   85   81   83   79   82   77   80
   76   79   75   79   75   80   76   81   78   83   80   85   82   87   83   88
   84   89   85   90   86   90   86   90   88   91   87   90   88   90   86   88
   84   87   82   85   80   84   77   81   75   80   73   78   72   77   70   76
   71   77   72   76   73   75   72   67   63                                   
    82.5-180.0 180.0   5.0 450.0                            LAT/LON1/LON2/DLON/H
   75   89   83   87   85   85   85   86   84   84   81   82   78   78   74   75
   71   72   69   70   69   71   70   73   73   75   75   78   78   81   81   84
   83   86   85   88   87   89   88   91   90   92   90   92   90   91   89   90
   88   88   85   85   83   83   79   79   76   76   73   74   71   71   68   70
   68   70   68   70   68   68   70   64   75                                   
    80.0-180.0 180.0   5.0 450.0                            LAT/LON1/LON2/DLON/H
   74   83   80   83   82   82   82   82   80   78   76   73   70   67   64   62
   59   58   56   57   56   58   58   61   62   65   66   69   71   73   75   77
   79   80   82   83   85   86   88   89   91   90   92   92   93   92   92   92
   92   90   90   88   88   86   84   82   81   78   76   74   72   69   67   66
   65   64   65   63   66   61   66   66   74                                   
    77.5-180.0 180.0   5.0 450.0                            LAT/LON1/LON2/DLON/H
   71   83   77   77   79   77   79   76   76   71   68   64   60   55   51   48
   44   42   42   42   43   44   47   49   51   53   56   58   60   61   66   66
   70   70   75   76   79   80   85   85   88   87   91   90   92   90   93   90
   92   89   91   87   88   85   86   81   82   77   78   73   72   67   67   63
   63   60   62   59   62   59   63   56   71                                   
    75.0-180.0 180.0   5.0 450.0                            LAT/LON1/LON2/DLON/H
   73   78   73   76   75   76   75   75   71   69   63   59   53   48   42   39
   35   34   34   36   36   40   41   45   46   50   51   54   55   58   60   62
   64   67   70   71   74   77   80   82   85   86   89   90   91   92   93   92
   93   92   93   92   92   90   90   87   86   83   82   78   75   72   70   66
   64   62   63   61   65   59   64   61   73                                   
    72.5-180.0 180.0   5.0 450.0                            LAT/LON1/LON2/DLON/H
   74   81   70   69   71   69   70   67   66   61   57   51   45   39   34   31
   28   27   28   29   32   34   38   40   44   45   48   49   52   52   55   56
   58   60   65   67   71   73   78   80   83   85   88   90   91   94   94   95
   94   95   95   94   94   93   93   91   90   87   86   82   80   76   74   70
   68   65   66   64   67   64   67   58   74                                   
    70.0-180.0 180.0   5.0 450.0                            LAT/LON1/LON2/DLON/H
   73   72   64   65   65   64   65   63   62   58   54   49   44   38   33   30
   28   28   29   32   35   39   41   45   46   49   49   51   51   53   54   55
   58   60   64   65   70   72   78   79   85   86   91   92   95   96   97   96
   97   96   97   95   97   95   96   93   94   91   91   86   86   81   81   76
   75   73   73   71   75   67   71   64   73                                   
    67.5-180.0 180.0   5.0 450.0                            LAT/LON1/LON2/DLON/H
   74   76   61   57   57   55   57   55   56   52   50   46   42   38   34   31
   30   30   33   35   39   42   46   48   49   50   51   51   51   52   53   54
   56   59   61   65   68   72   76   80   83   88   90   95   95   98   97   98
   96   96   95   95   95   95   95   94   94   92   92   89   87   84   83   80
   78   77   76   77   78   75   76   63   74                                   
    65.0-180.0 180.0   5.0 450.0                            LAT/LON1/LON2/DLON/H
   72   67   54   50   47   47   49   49   50   49   49   47   44   41   39   38
   37   38   39   44   46   50   51   53   53   54   53   54   53   54   54   55
   57   60   63   65   69   73   78   81   87   90   96   98  102  101  103  100
  100   96   98   94   97   94   98   94   97   93   95   91   91   88   88   85
   85   83   84   83   86   80   81   68   72                                   
    62.5-180.0 180.0   5.0 450.0                            LAT/LON1/LON2/DLON/H
   76   75   53   44   40   38   39   39   43   42   44   43   43   42   41   40
   40   41   43   46   48   50   51   53   52   53   51   52   51   52   52   55
   56   59   62   65   68   72   76   82   86   92   96  101  103  104  104  102
  100   97   96   95   95   95   96   95   96   94   94   92   91   89   88   86
   85   85   86   88   90   86   86   70   76                                   
    60.0-180.0 180.0   5.0 450.0                            LAT/LON1/LON2/DLON/H
   79   70   52   43   37   32   33   33   36   37   40   42   43   44   43   45
   45   47   46   49   49   51   50   51   50   51   49   50   50   52   53   55
   57   61   63   66   70   73   77   81   88   92  100  103  109  108  110  105
  105  100  102   97  102   98  102   97  100   95   97   93   94   91   92   90
   91   91   93   94   99   92   92   79   79                                   
    57.5-180.0 180.0   5.0 450.0                            LAT/LON1/LON2/DLON/H
   89   85   61   49   38   32   30   29   31   32   35   37   40   42   43   44
   45   45   45   44   44   43   43   43   42   43   42   44   44   48   49   53
   56   59   63   66   69   74   77   82   87   95  102  108  112  114  114  113
  110  109  108  107  107  107  108  105  104  101  100   97   97   95   95   94
   94   94   97  100  102  101   98   84   89                                   
    55.0-180.0 180.0   5.0 450.0                            LAT/LON1/LON2/DLON/H
  102   91   72   60   48   38   35   30   30   29   31   33   37   40   41   43
   43   43   41   41   38   38   36   37   36   39   38   41   43   46   49   53
   57   60   64   68   72   74   79   82   90   96  107  112  120  120  124  120
  123  119  121  118  121  119  120  115  115  108  109  104  106  103  105  103
  104  104  107  109  114  110  109   98  102                                   
    52.5-180.0 180.0   5.0 450.0                            LAT/LON1/LON2/DLON/H
  114  110   92   78   65   52   44   37   33   29   29   31   34   37   38   40
   39   38   36   34   31   30   28   29   29   31   32   36   38   43   46   52
   56   60   65   72   74   80   81   88   93  103  112  121  127  133  135  136
  135  135  135  133  134  132  132  127  124  118  117  113  114  113  114  112
  112  111  114  116  119  120  119  108  114                                   
    50.0-180.0 180.0   5.0 450.0                            LAT/LON1/LON2/DLON/H
  129  120  110   99   87   73   62   50   43   35   34   33   36   36   38   38
   37   35   33   31   29   27   26   27   28   31   32   36   39   43   47   53
   58   62   68   75   81   84   90   93  102  109  121  128  140  143  151  150
  155  152  154  150  151  147  146  139  137  129  128  122  125  122  126  123
  125  123  127  126  131  129  129  119  129                                   
    47.5-180.0 180.0   5.0 450.0                            LAT/LON1/LON2/DLON/H
  136  135  128  118  108   94   81   66   54   43   38   36   37   38   37   37
   36   35   31   30   27   27   25   28   28   31   32   36   38   43   47   53
   59   67   73   84   86   95   96  105  109  120  129  141  149  159  164  167
  168  167  165  161  159  155  152  146  142  134  132  128  130  129  133  131
  133  131  132  134  133  134  135  125  136                                   
    45.0-180.0 180.0   5.0 450.0                            LAT/LON1/LON2/DLON/H
  144  137  136  131  123  113  100   86   71   58   53   48   47   44   43   41
   39   36   36   34   33   32   32   33   34   36   38   40   44   47   52   57
   63   70   79   88   96   99  107  111  121  127  140  149  164  169  180  180
  184  180  176  171  166  161  157  150  146  139  138  133  137  135  141  139
  143  142  143  140  140  137  139  129  144                                   
    42.5-180.0 180.0   5.0 450.0                            LAT/LON1/LON2/DLON/H
  142  139  138  135  130  123  113   98   83   70   63   57   56   50   48   45
   43   41   40   41   39   41   39   42   40   41   40   43   45   50   54   60
   66   76   83   95   99  107  110  119  124  136  146  160  171  183  188  192
  191  188  181  174  167  160  155  148  144  136  135  132  136  135  140  140
  145  144  144  139  134  134  137  130  142                                   
    40.0-180.0 180.0   5.0 450.0                            LAT/LON1/LON2/DLON/H
  137  129  130  130  129  124  118  106   95   83   77   72   69   62   59   53
   52   49   50   50   50   50   50   50   48   46   45   47   50   53   59   65
   72   79   89   95  105  108  116  121  132  141  158  169  186  192  201  202
  204  199  191  183  175  167  160  153  147  142  139  137  139  139  143  145
  150  151  150  142  138  133  134  128  137                                   
    37.5-180.0 180.0   5.0 450.0                            LAT/LON1/LON2/DLON/H
  125  120  119  120  119  117  114  104   97   88   86   80   79   70   67   61
   60   59   59   61   59   60   57   55   51   48   45   47   49   56   62   69
   75   84   89  101  105  112  115  124  132  146  161  178  190  203  208  213
  215  209  206  195  189  178  173  163  158  150  150  146  147  144  148  148
  154  152  152  144  134  130  130  125  125                                   
    35.0-180.0 180.0   5.0 450.0                            LAT/LON1/LON2/DLON/H
  121  110  105  105  107  106  104   98   94   90   91   88   87   79   75   70
   70   68   69   69   67   66   62   59   54   49   47   48   52   58   68   74
   82   86   95  100  109  112  119  128  138  153  169  187  201  212  221  226
  230  227  223  215  209  201  194  187  180  173  169  165  162  159  158  160
  161  164  161  153  143  136  131  128  121                                   
    32.5-180.0 180.0   5.0 450.0                            LAT/LON1/LON2/DLON/H
  117  105   97   95   96   93   95   88   90   88   93   91   92   84   82   76
   77   76   77   77   74   72   65   60   53   49   44   47   51   61   70   78
   84   89   95  104  110  117  124  131  143  157  175  195  208  223  233  243
  250  250  251  244  243  234  232  222  218  207  204  193  189  177  175  171
  175  172  173  161  151  140  136  130  117                                   
    30.0-180.0 180.0   5.0 450.0                            LAT/LON1/LON2/DLON/H
  126  109   93   92   89   86   85   81   82   83   89   89   91   86   84   80
   82   82   83   82   79   75   68   62   55   49   46   47   55   64   77   82
   91   94  101  106  116  122  130  141  152  170  186  206  220  236  250  262
  274  277  284  284  285  283  274  268  259  250  243  231  223  209  200  196
  196  196  193  183  173  160  150  144  126                                   
    27.5-180.0 180.0   5.0 450.0                            LAT/LON1/LON2/DLON/H
  139  121  106   98   93   85   83   77   80   78   88   86   92   85   87   82
   86   86   88   86   83   79   70   64   55   51   45   49   55   68   78   86
   93   95  103  111  122  129  139  148  163  177  197  216  233  250  267  283
  299  306  318  324  332  332  329  320  311  298  291  276  266  249  239  231
  229  223  223  208  198  178  168  156  139                                   
    25.0-180.0 180.0   5.0 450.0                            LAT/LON1/LON2/DLON/H
  164  145  124  114  103   94   87   81   80   80   85   85   90   83   86   83
   87   87   88   87   84   80   72   67   58   53   49   52   59   70   81   88
   96   99  107  116  128  140  149  164  175  194  207  229  246  265  283  299
  319  329  348  361  379  385  382  370  356  340  328  317  306  291  274  267
  260  257  250  239  228  211  193  179  164                                   
    22.5-180.0 180.0   5.0 450.0                            LAT/LON1/LON2/DLON/H
  186  168  152  139  126  114  104   95   91   86   91   87   93   85   89   85
   90   88   90   88   86   82   73   69   61   59   54   59   64   74   85   92
   99  103  111  125  138  152  165  176  192  204  221  238  259  277  300  317
  340  352  380  395  420  423  425  411  400  380  371  354  349  332  320  306
  301  288  282  266  256  236  221  197  186                                   
    20.0-180.0 180.0   5.0 450.0                            LAT/LON1/LON2/DLON/H
  204  198  176  166  149  137  124  113  105  100   99   97   99   89   92   86
   90   86   87   86   85   83   75   73   65   63   60   63   66   76   84   94
  100  107  117  135  147  166  178  196  206  225  234  255  273  294  315  334
  357  373  402  422  446  453  453  441  428  413  403  389  387  369  359  348
  338  325  313  302  288  263  247  222  204                                   
    17.5-180.0 180.0   5.0 450.0                            LAT/LON1/LON2/DLON/H
  228  220  205  191  178  161  148  137  128  119  115  109  109   99  100   91
   93   86   87   85   86   82   78   74   72   69   69   69   73   78   89   96
  104  114  127  146  163  181  197  210  224  237  250  270  288  311  334  353
  375  391  417  435  457  463  464  451  442  430  427  418  420  408  402  385
  377  360  347  332  318  292  270  237  228                                   
    15.0-180.0 180.0   5.0 450.0                            LAT/LON1/LON2/DLON/H
  241  242  224  213  196  186  168  160  149  140  134  128  123  111  106   97
   94   86   84   84   82   81   76   75   72   72   69   70   70   76   84   97
  105  122  137  162  177  200  211  229  236  254  263  284  304  330  351  369
  386  402  421  438  453  463  459  454  447  443  444  441  449  443  440  430
  417  400  378  366  343  315  292  260  241                                   
    12.5-180.0 180.0   5.0 450.0                            LAT/LON1/LON2/DLON/H
  265  258  245  231  218  202  190  179  169  161  153  146  140  128  117  106
  100   90   86   83   82   79   77   75   78   75   75   71   72   75   86   97
  110  129  147  171  192  210  227  240  250  270  278  303  322  347  366  384
  398  410  424  434  446  450  451  447  448  448  457  457  467  467  469  462
  453  434  414  388  369  336  313  275  265                                   
    10.0-180.0 180.0   5.0 450.0                            LAT/LON1/LON2/DLON/H
  274  270  254  243  227  218  202  194  183  176  170  164  156  141  125  112
  103   93   87   82   79   76   72   73   73   73   70   68   67   72   83   98
  117  140  161  186  205  223  235  251  261  277  289  311  332  356  376  393
  406  416  423  432  437  444  444  447  452  460  473  476  488  489  492  494
  480  467  435  415  384  351  329  293  274                                   
     7.5-180.0 180.0   5.0 450.0                            LAT/LON1/LON2/DLON/H
  296  282  267  253  240  226  214  202  193  187  180  175  167  153  138  122
  108   97   91   84   82   76   76   73   79   74   75   69   69   72   82   99
