data/unet/pred1560.15i
     1.0            IONOSPHERE MAPS     GNSS                IONEX VERSION / TYPE
pyspatialgeodesy        IME             05-JAN-18 20:20     PGM / RUN BY / DATE 
Map Name                                                    COMMENT             
Predicted global ionosphere maps (GIM).                     DESCRIPTION         
  2015     6     5     0     0     0                        EPOCH OF FIRST MAP  
  2015     6     6     0     0     0                        EPOCH OF LAST MAP   
  7200                                                      INTERVAL            
    13                                                      # OF MAPS IN FILE   
  NONE                                                      MAPPING FUNCTION    
10.0                                                        ELEVATION CUTOFF    
One-way carrier phase leveled to code                       OBSERVABLES USED    
  6371.0                                                    BASE RADIUS         
 2                                                          MAP DIMENSION       
   450.0 450.0   0.0                                        HGT1 / HGT2 / DHGT  
    87.5 -87.5  -2.5                                        LAT1 / LAT2 / DLAT  
  -180.0 180.0   5.0                                        LON1 / LON2 / DLON  
    -1                                                      EXPONENT            
                                                            END OF HEADER       
[from data line 3861]
    10                                                      START OF TEC MAP    
  2015     6     5    18     0     0                        EPOCH OF CURRENT MAP
    87.5-180.0 180.0   5.0 450.0                            LAT/LON1/LON2/DLON/H
  237  214  214  216  219  216  220  218  221  219  222  220  223  221  223  221
  223  220  222  219  220  216  217  214  213  211  211  208  208  206  206  204
  204  202  203  201  202  201  202  201  202  201  202  202  203  203  204  205
  205  206  207  208  208  209  210  211  211  212  212  213  214  214  215  215
  216  216  217  214  213  212  219  211  237                                   
    85.0-180.0 180.0   5.0 450.0                            LAT/LON1/LON2/DLON/H
  216  210  211  216  216  217  218  219  219  221  221  222  223  222  223  222
  222  220  221  218  218  215  215  212  211  208  207  205  203  202  200  199
  197  196  195  195  194  194  194  195  194  195  196  197  198  199  200  201
  202  203  204  206  206  207  208  209  209  211  210  212  211  213  212  213
  213  214  214  213  211  205  214  214  216                                   
    82.5-180.0 180.0   5.0 450.0                            LAT/LON1/LON2/DLON/H
  220  209  211  214  216  220  221  223  224  226  227  228  229  228  229  227
  227  224  225  221  221  217  217  212  212  208  206  203  201  197  195  192
  190  189  187  187  185  186  185  186  186  188  189  191  192  194  195  197
  198  199  201  202  204  204  206  206  208  207  208  208  209  208  209  209
  210  210  211  208  208  201  203  207  220                                   
    80.0-180.0 180.0   5.0 450.0                            LAT/LON1/LON2/DLON/H
  217  208  205  210  213  216  220  222  225  226  229  229  231  231  231  230
  229  227  226  224  223  220  218  215  213  210  207  204  201  197  194  191
  188  186  183  182  180  180  179  180  180  183  183  186  188  190  192  194
  196  197  199  200  201  202  203  203  204  204  204  204  205  204  204  205
  204  206  204  205  201  198  194  198  217                                   
    77.5-180.0 180.0   5.0 450.0                            LAT/LON1/LON2/DLON/H
  212  202  200  203  207  214  216  221  223  227  228  231  231  233  232  232
  230  229  227  225  224  221  220  217  214  212  209  207  203  200  196  193
  189  187  183  182  180  180  178  179  178  181  182  185  186  190  191  195
  194  197  197  199  198  200  199  200  200  200  200  200  199  199  199  199
  198  198  198  196  194  189  188  197  212                                   
    75.0-180.0 180.0   5.0 450.0                            LAT/LON1/LON2/DLON/H
  214  201  196  200  206  208  215  216  222  223  229  228  232  230  232  228
  229  225  226  223  224  220  221  217  218  213  214  209  209  204  203  197
  196  190  189  184  185  180  182  178  182  180  185  184  189  189  193  193
  196  194  197  195  197  194  196  194  196  194  197  194  197  194  197  194
  196  194  195  193  192  190  187  198  214                                   
    72.5-180.0 180.0   5.0 450.0                            LAT/LON1/LON2/DLON/H
  219  204  201  203  206  212  215  220  222  227  229  232  232  233  231  231
  228  228  226  225  224  224  223  222  221  220  219  218  215  213  210  207
  203  200  196  193  190  189  186  187  186  188  189  192  193  196  196  198
  197  198  196  197  195  195  193  194  193  195  194  195  195  197  196  197
  196  198  196  196  194  192  193  205  219                                   
    70.0-180.0 180.0   5.0 450.0                            LAT/LON1/LON2/DLON/H
  229  212  206  208  213  213  219  219  225  226  232  231  234  231  232  227
  228  223  225  222  224  221  224  221  224  221  224  220  222  217  218  212
  211  206  205  199  199  193  194  191  193  192  196  195  199  198  200  198
  199  196  196  193  193  190  191  189  191  190  193  192  196  195  199  198
  201  201  204  202  202  201  200  215  229                                   
    67.5-180.0 180.0   5.0 450.0                            LAT/LON1/LON2/DLON/H
  240  224  219  220  220  224  224  227  229  233  235  237  237  236  233  230
  226  225  223  223  224  224  225  224  225  224  224  224  223  222  221  218
  215  213  209  206  203  201  199  199  198  201  201  204  202  204  202  202
  199  198  195  195  191  192  189  190  189  191  192  195  197  200  202  205
  206  209  210  211  211  212  214  227  240                                   
    65.0-180.0 180.0   5.0 450.0                            LAT/LON1/LON2/DLON/H
  253  236  231  231  234  231  236  233  239  239  245  242  245  239  238  231
  230  224  226  222  225  221  225  222  225  221  224  221  224  220  223  218
  220  214  215  209  209  204  206  203  206  205  208  207  208  205  206  202
  201  197  196  193  192  189  189  187  189  188  192  193  199  200  205  206
  211  213  217  218  220  222  224  237  253                                   
    62.5-180.0 180.0   5.0 450.0                            LAT/LON1/LON2/DLON/H
  260  247  246  246  245  246  244  246  245  248  249  250  249  246  241  235
  230  227  224  223  224  223  224  222  222  220  221  219  220  220  221  220
  219  217  215  212  210  209  209  210  210  213  212  214  210  210  206  205
  201  200  196  195  191  191  188  189  187  189  189  193  195  201  204  208
  211  216  218  222  225  229  236  248  260                                   
    60.0-180.0 180.0   5.0 450.0                            LAT/LON1/LON2/DLON/H
  263  254  254  256  258  255  257  253  257  256  260  258  260  253  251  242
  238  230  231  225  228  223  226  221  223  217  219  216  220  217  221  219
  221  218  219  215  216  213  216  215  218  218  219  217  216  212  210  205
  204  200  198  195  193  190  189  186  186  184  186  187  191  194  199  202
  207  211  216  220  224  230  236  250  263                                   
    57.5-180.0 180.0   5.0 450.0                            LAT/LON1/LON2/DLON/H
  258  255  257  261  261  263  261  262  260  262  261  261  260  255  252  245
  240  233  229  226  225  223  224  220  221  217  217  217  218  219  221  222
  222  220  220  218  218  218  220  222  223  225  224  223  219  216  210  208
  203  201  197  195  191  189  186  185  181  181  178  180  180  186  187  194
  196  203  205  212  216  224  235  247  258                                   
    55.0-180.0 180.0   5.0 450.0                            LAT/LON1/LON2/DLON/H
  251  253  256  264  269  269  272  269  272  269  272  267  269  263  261  253
  250  242  240  232  233  227  229  224  224  220  222  219  223  221  226  224
  227  224  226  225  227  227  230  230  233  232  232  228  225  220  216  210
  206  202  199  195  191  187  184  179  177  172  170  169  170  173  176  181
  184  190  194  200  206  214  227  236  251                                   
    52.5-180.0 180.0   5.0 450.0                            LAT/LON1/LON2/DLON/H
  241  248  252  261  268  272  275  276  275  276  273  271  268  264  261  255
  251  244  240  234  232  228  229  226  226  224  226  226  228  229  230  230
  230  230  230  231  233  235  237  238  239  239  237  234  228  224  217  212
  205  203  197  193  188  184  179  176  171  167  162  160  157  161  161  169
  169  177  177  186  191  200  217  229  241                                   
    50.0-180.0 180.0   5.0 450.0                            LAT/LON1/LON2/DLON/H
  233  242  249  261  273  279  286  286  289  285  286  278  278  270  271  264
  263  255  252  244  243  238  239  236  238  234  237  235  240  236  240  236
  239  237  241  242  246  247  250  250  251  248  246  239  235  227  221  215
  209  204  197  193  186  181  176  171  167  161  156  153  151  152  153  159
  161  166  169  174  182  191  208  217  233                                   
    47.5-180.0 180.0   5.0 450.0                            LAT/LON1/LON2/DLON/H
  227  239  245  258  272  281  290  293  294  294  291  286  281  276  273  269
  267  259  255  247  245  240  243  240  244  243  246  246  248  247  247  245
  246  247  250  253  256  259  261  260  260  255  252  245  238  230  222  217
  209  204  195  190  181  177  172  169  165  161  155  150  146  147  147  152
  153  159  160  168  173  183  201  212  227                                   
    45.0-180.0 180.0   5.0 450.0                            LAT/LON1/LON2/DLON/H
  224  237  246  260  277  290  301  306  310  308  307  299  297  287  288  280
  282  273  271  262  260  254  257  254  259  257  263  260  265  259  261  255
  260  258  266  268  275  276  279  274  273  266  261  252  245  235  228  220
  213  206  197  190  181  176  171  167  165  161  156  154  149  151  150  155
  157  161  164  167  174  182  199  207  224                                   
    42.5-180.0 180.0   5.0 450.0                            LAT/LON1/LON2/DLON/H
  224  235  243  258  277  289  303  308  315  316  315  312  305  301  296  293
  290  285  279  271  267  262  263  262  265  267  271  272  274  272  271  269
  271  276  281  289  294  298  297  292  287  278  270  260  251  241  232  225
  216  210  198  191  180  175  170  169  167  167  163  160  155  156  155  159
  161  166  166  171  175  183  201  211  224                                   
    40.0-180.0 180.0   5.0 450.0                            LAT/LON1/LON2/DLON/H
  223  235  244  260  279  294  308  319  327  331  332  327  324  318  317  310
  311  304  301  292  288  282  281  278  282  281  288  287  292  287  290  286
  295  298  311  315  325  323  322  310  304  292  283  271  260  249  239  230
  223  213  204  193  185  177  174  171  172  172  170  170  165  169  167  173
  175  177  178  180  183  188  202  211  223                                   
    37.5-180.0 180.0   5.0 450.0                            LAT/LON1/LON2/DLON/H
  222  232  240  256  274  288  305  313  327  332  338  337  334  333  328  325
  321  318  311  306  300  296  291  289  289  292  296  301  303  306  307  312
  320  331  340  350  352  349  341  329  319  306  295  282  270  257  245  237
  227  219  207  199  188  184  178  179  179  181  180  179  177  178  179  182
  184  186  186  188  188  191  207  212  222                                   
    35.0-180.0 180.0   5.0 450.0                            LAT/LON1/LON2/DLON/H
  219  232  237  252  269  285  302  315  328  339  347  349  349  347  347  343
  342  337  333  327  322  316  313  306  308  308  317  319  329  329  339  342
  359  366  381  382  383  372  363  346  336  319  309  293  281  266  255  242
  235  224  215  203  196  187  185  183  186  187  188  188  187  191  193  197
  199  198  196  194  191  192  203  209  219                                   
    32.5-180.0 180.0   5.0 450.0                            LAT/LON1/LON2/DLON/H
  215  224  232  246  263  278  295  308  323  336  348  353  356  356  356  356
  355  355  349  347  340  336  328  324  322  326  333  343  350  359  365  376
  389  403  413  414  408  394  376  358  344  327  315  300  287  272  260  248
  239  230  219  209  199  194  189  191  189  195  193  196  196  198  201  203
  205  202  199  195  190  190  204  206  215                                   
    30.0-180.0 180.0   5.0 450.0                            LAT/LON1/LON2/DLON/H
  207  222  226  243  257  273  290  306  321  336  349  360  365  368  372  372
  376  373  373  369  364  359  352  345  346  350  362  371  383  390  403  412
  429  439  447  440  432  409  390  366  351  331  319  303  291  275  263  250
  242  231  222  211  203  195  193  190  192  192  195  196  200  201  205  206
  208  205  199  194  186  187  195  203  207                                   
    27.5-180.0 180.0   5.0 450.0                            LAT/LON1/LON2/DLON/H
  198  212  221  236  253  267  284  299  316  331  346  360  370  377  383  386
  387  390  388  389  383  379  371  365  366  374  387  403  413  426  433  448
  459  467  465  455  439  416  391  366  346  328  313  298  285  271  258  246
  236  227  218  210  203  198  192  192  188  192  191  198  198  203  203  204
  203  199  194  187  181  179  193  198  198                                   
    25.0-180.0 180.0   5.0 450.0                            LAT/LON1/LON2/DLON/H
  195  213  220  238  251  269  284  303  316  334  348  366  377  390  396  404
  407  409  409  409  405  399  393  387  393  404  420  434  448  458  472  482
  494  491  486  465  447  417  393  360  341  319  307  290  280  264  253  239
  230  219  213  206  201  194  191  187  186  185  189  191  194  196  198  196
  198  192  188  182  174  176  184  193  195                                   
    22.5-180.0 180.0   5.0 450.0                            LAT/LON1/LON2/DLON/H
  192  208  220  234  251  266  285  299  318  333  349  368  384  402  412  423
  425  428  423  424  416  414  407  409  417  432  447  464  477  489  495  504
  507  500  486  464  438  410  379  350  326  309  293  280  267  253  240  227
  216  207  201  195  189  186  182  182  179  182  179  186  185  190  188  188
  186  184  179  173  167  166  179  190  192                                   
    20.0-180.0 180.0   5.0 450.0                            LAT/LON1/LON2/DLON/H
  194  215  225  245  257  275  290  312  324  342  355  376  392  414  426  438
  443  443  440  438  432  428  428  430  444  456  475  487  499  506  514  514
  515  501  486  459  434  402  375  341  319  299  286  270  259  244  232  219
  208  199  192  185  181  177  175  173  171  173  173  175  176  176  176  174
  177  173  172  166  160  161  171  183  194                                   
    17.5-180.0 180.0   5.0 450.0                            LAT/LON1/LON2/DLON/H
  191  210  224  240  258  273  293  308  326  341  356  376  395  420  435  449
  452  455  450  449  443  442  441  451  463  479  491  504  508  513  513  509
  501  487  468  444  417  391  363  336  312  295  278  265  250  236  223  210
  199  187  178  174  169  168  165  165  163  167  164  169  164  167  163  166
  164  167  162  159  151  150  163  175  191                                   
    15.0-180.0 180.0   5.0 450.0                            LAT/LON1/LON2/DLON/H
  187  209  224  245  259  279  294  317  328  346  357  380  399  424  441  453
  461  461  465  461  461  457  461  468  484  492  504  508  513  509  507  497
  489  472  459  435  415  391  368  339  318  297  281  264  250  235  222  209
  195  183  172  166  160  159  157  159  157  161  156  158  154  154  151  151
  156  154  156  148  143  141  152  163  187                                   
    12.5-180.0 180.0   5.0 450.0                            LAT/LON1/LON2/DLON/H
  175  196  214  235  252  271  290  308  325  339  354  373  394  420  438  454
  463  469  474  474  477  472  477  485  496  507  509  514  507  501  491  480
  469  455  440  423  403  388  365  345  320  303  283  269  251  237  223  211
  196  182  169  161  155  154  151  154  152  155  149  150  143  145  139  143
  141  144  139  132  125  122  134  147  175                                   
    10.0-180.0 180.0   5.0 450.0                            LAT/LON1/LON2/DLON/H
  160  180  203  226  243  264  282  305  319  338  349  369  388  413  431  449
  464  472  485  485  490  486  489  495  508  511  513  509  503  492  483  472
  463  451  439  427  412  400  380  359  335  316  296  280  261  245  230  217
  199  184  168  159  150  147  145  147  145  146  142  139  136  132  130  130
  132  130  128  119  112  109  114  126  160                                   
     7.5-180.0 180.0   5.0 450.0                            LAT/LON1/LON2/DLON/H
  139  161  185  210  231  254  275  296  312  329  344  360  379  400  421  441
  457  472  485  492  497  494  498  508  513  518  510  507  493  482  472  461
