data/unet/pred3010.15i
     1.0            IONOSPHERE MAPS     GNSS                IONEX VERSION / TYPE
pyspatialgeodesy        IME             05-JAN-18 20:20     PGM / RUN BY / DATE 
Map Name                                                    COMMENT             
Predicted global ionosphere maps (GIM).                     DESCRIPTION         
  2015    10    28     0     0     0                        EPOCH OF FIRST MAP  
  2015    10    29     0     0     0                        EPOCH OF LAST MAP   
  7200                                                      INTERVAL            
    13                                                      # OF MAPS IN FILE   
  NONE                                                      MAPPING FUNCTION    
10.0                                                        ELEVATION CUTOFF    
One-way carrier phase leveled to code                       OBSERVABLES USED    
  6371.0                                                    BASE RADIUS         
 2                                                          MAP DIMENSION       
   450.0 450.0   0.0                                        HGT1 / HGT2 / DHGT  
    87.5 -87.5  -2.5                                        LAT1 / LAT2 / DLAT  
  -180.0 180.0   5.0                                        LON1 / LON2 / DLON  
    -1                                                      EXPONENT            
                                                            END OF HEADER       
[from data line 2145]
     6                                                      START OF TEC MAP    
  2015    10    28    10     0     0                        EPOCH OF CURRENT MAP
    87.5-180.0 180.0   5.0 450.0                            LAT/LON1/LON2/DLON/H
   46   70   62   62   62   62   64   65   66   68   70   71   72   74   74   75
   74   75   75   75   74   74   74   73   73   73   73   72   72   71   72   71
   72   71   72   71   72   71   72   71   71   70   70   69   68   67   65   64
   62   62   59   59   56   56   54   54   52   53   51   51   50   50   49   49
   49   50   50   51   51   48   54   47   46                                   
    85.0-180.0 180.0   5.0 450.0                            LAT/LON1/LON2/DLON/H
   60   59   67   67   69   70   72   74   77   78   80   81   83   83   84   84
   84   85   84   85   84   86   84   87   85   88   86   89   87   89   87   89
   88   89   87   87   87   86   85   83   82   79   79   76   76   71   72   67
   68   61   63   56   57   50   51   45   47   41   43   39   42   38   41   39
   43   41   46   45   49   50   58   55   60                                   
    82.5-180.0 180.0   5.0 450.0                            LAT/LON1/LON2/DLON/H
   51   59   60   64   62   66   67   73   72   78   76   80   78   82   78   81
   78   80   77   79   77   80   79   82   81   84   84   87   86   90   89   92
   91   92   93   93   93   93   93   91   91   88   88   84   84   79   78   73
   72   66   65   59   56   50   46   41   37   33   31   29   27   26   26   27
   27   29   31   32   34   37   46   37   51                                   
    80.0-180.0 180.0   5.0 450.0                            LAT/LON1/LON2/DLON/H
   51   55   56   56   57   59   61   65   65   68   67   68   68   69   67   68
   66   66   64   65   63   66   64   68   68   72   73   77   79   84   87   90
   93   95   98   99  102  101  104  102  105  101  104   99  101   94   96   88
   89   80   80   71   68   59   56   47   42   35   31   28   25   24   22   24
   23   25   26   27   28   30   39   37   51                                   
    77.5-180.0 180.0   5.0 450.0                            LAT/LON1/LON2/DLON/H
   48   57   59   60   61   64   66   68   68   68   68   68   67   67   65   64
   62   61   61   59   59   59   60   61   62   64   68   70   75   78   83   88
   93   97  101  106  108  111  113  115  117  117  119  118  119  117  117  112
  112  105  103   94   91   80   75   66   59   51   45   39   35   32   31   30
   30   29   32   32   32   34   41   32   48                                   
    75.0-180.0 180.0   5.0 450.0                            LAT/LON1/LON2/DLON/H
   52   56   57   59   57   60   59   60   58   57   56   55   53   53   51   52
   49   49   46   46   43   46   45   48   48   54   55   63   66   74   79   88
   93  102  107  115  119  124  128  131  133  136  139  140  142  141  142  139
  138  133  129  122  116  107  100   89   81   70   64   55   51   44   43   39
   39   37   38   38   36   41   45   37   52                                   
    72.5-180.0 180.0   5.0 450.0                            LAT/LON1/LON2/DLON/H
   52   58   57   57   56   55   56   55   54   52   50   49   46   47   45   46
   44   45   43   43   41   43   42   44   45   48   52   57   63   70   79   86
   96  104  114  121  128  134  141  144  150  153  160  161  165  164  167  165
  165  160  159  150  144  133  125  112  104   92   85   75   68   61   57   53
   52   49   49   46   45   46   51   39   52                                   
    70.0-180.0 180.0   5.0 450.0                            LAT/LON1/LON2/DLON/H
   53   55   54   54   51   51   50   47   46   43   42   38   40   38   40   38
   42   40   43   41   45   44   46   44   47   48   51   55   62   69   78   88
   98  110  118  130  136  145  151  159  163  171  174  182  181  187  183  187
  181  183  176  173  162  153  141  131  119  110  100   93   84   78   71   67
   64   60   58   57   50   53   51   43   53                                   
    67.5-180.0 180.0   5.0 450.0                            LAT/LON1/LON2/DLON/H
   50   56   51   50   47   46   45   43   42   39   38   36   36   36   37   38
   41   42   45   46   47   48   48   46   46   46   48   50   58   65   76   86
   98  110  121  131  141  148  158  164  172  176  184  186  192  194  196  194
  194  191  189  182  174  161  151  138  128  117  110   99   93   85   80   73
   69   64   62   58   54   52   52   40   50                                   
    65.0-180.0 180.0   5.0 450.0                            LAT/LON1/LON2/DLON/H
   45   49   46   45   41   42   40   40   38   36   36   34   36   36   38   41
   43   46   48   51   52   54   53   52   51   51   51   54   61   68   80   90
  103  117  127  139  147  156  164  173  180  186  190  196  198  205  200  203
  196  198  190  187  175  164  149  140  128  121  110  105   95   89   81   77
   70   65   62   59   51   52   48   39   45                                   
    62.5-180.0 180.0   5.0 450.0                            LAT/LON1/LON2/DLON/H
   43   48   42   40   36   37   36   37   36   35   34   35   35   38   39   44
   46   49   51   53   55   54   54   51   49   47   47   51   56   65   76   89
  102  116  129  139  151  157  168  174  183  186  193  196  202  203  204  202
  202  197  193  183  173  159  147  134  126  116  109  100   93   85   78   72
   66   61   57   52   47   45   44   33   43                                   
    60.0-180.0 180.0   5.0 450.0                            LAT/LON1/LON2/DLON/H
   40   41   39   36   33   34   33   34   34   33   33   33   34   37   38   42
   43   47   46   51   49   51   48   48   45   45   45   50   57   66   80   93
  109  123  136  149  159  166  177  183  189  193  196  203  203  208  203  208
  202  203  192  186  171  160  144  135  123  117  107  101   91   85   76   69
   62   57   51   50   43   44   38   32   40                                   
    57.5-180.0 180.0   5.0 450.0                            LAT/LON1/LON2/DLON/H
   45   47   41   38   32   33   31   33   31   32   32   35   35   38   39   42
   44   45   46   46   46   45   45   43   42   42   44   48   57   67   81   96
  112  126  140  151  164  171  181  188  194  197  202  206  208  209  210  210
  210  204  199  187  176  161  149  136  129  118  112  102   94   86   77   69
   62   57   52   49   43   43   41   30   45                                   
    55.0-180.0 180.0   5.0 450.0                            LAT/LON1/LON2/DLON/H
   53   50   48   43   37   36   33   33   31   31   31   33   34   36   36   39
   37   40   35   39   35   39   37   40   39   41   44   50   60   71   87  104
  122  136  149  163  175  183  193  198  205  208  211  215  213  219  215  221
  215  217  205  199  183  173  155  147  136  130  120  114  103   96   85   76
   69   64   60   58   52   53   49   42   53                                   
    52.5-180.0 180.0   5.0 450.0                            LAT/LON1/LON2/DLON/H
   67   67   59   54   45   42   36   35   31   32   30   33   34   35   36   38
   37   37   34   34   33   34   36   37   40   42   48   53   65   77   93  110
  129  143  156  168  181  191  202  209  217  220  224  225  226  227  229  228
  228  223  219  207  199  183  172  157  151  141  137  127  120  109   99   91
   81   77   73   71   66   67   63   54   67                                   
    50.0-180.0 180.0   5.0 450.0                            LAT/LON1/LON2/DLON/H
   82   79   75   67   60   53   45   42   38   36   35   36   36   37   37   40
   38   38   33   35   32   37   36   43   44   50   54   63   73   86  103  123
  140  156  168  182  195  203  216  223  232  236  238  240  238  241  239  242
  239  238  231  224  212  200  184  175  162  159  150  147  136  129  116  109
   99   96   91   91   85   87   82   75   82                                   
    47.5-180.0 180.0   5.0 450.0                            LAT/LON1/LON2/DLON/H
   97   99   91   84   72   66   55   50   43   42   40   40   40   41   43   44
   44   42   40   40   41   43   46   50   54   58   65   71   83   94  112  129
  147  162  176  189  202  214  228  237  246  250  253  253  252  252  252  251
  250  245  241  231  223  208  197  182  175  166  164  158  152  143  134  125
  116  111  107  106  101  103   98   90   97                                   
    45.0-180.0 180.0   5.0 450.0                            LAT/LON1/LON2/DLON/H
  108  108  105   97   88   79   70   61   56   51   51   50   50   51   52   54
   54   54   52   53   51   56   56   61   64   70   74   83   92  104  120  140
  156  172  186  199  213  225  241  252  260  265  266  267  263  265  262  263
  258  254  246  238  228  214  200  187  176  173  166  165  157  152  142  136
  124  122  115  117  111  114  109  106  108                                   
    42.5-180.0 180.0   5.0 450.0                            LAT/LON1/LON2/DLON/H
  108  114  110  105   95   89   78   73   64   61   58   59   59   60   62   63
   65   64   65   64   65   66   68   70   74   77   84   90   99  109  124  141
  158  173  189  204  221  235  253  264  273  278  278  277  274  273  271  267
  262  254  247  235  228  212  200  183  175  167  164  159  155  149  141  133
  125  119  112  111  107  109  110  105  108                                   
    40.0-180.0 180.0   5.0 450.0                            LAT/LON1/LON2/DLON/H
  102  107  108  103   97   93   85   80   74   70   69   70   70   71   73   76
   77   78   77   79   77   79   78   80   80   85   90   99  107  118  131  147
  162  178  193  209  228  244  263  276  283  289  288  289  285  285  282  277
  269  261  251  243  230  216  198  182  169  163  157  154  149  144  135  128
  116  112  102  103   96   99   99  102  102                                   
    37.5-180.0 180.0   5.0 450.0                            LAT/LON1/LON2/DLON/H
   86   97   94   95   90   91   85   84   77   77   75   76   77   79   81   83
   84   85   85   86   85   85   83   82   82   85   94  102  111  120  133  146
  161  178  195  215  236  256  274  287  295  302  302  302  300  300  296  289
  281  272  264  254  243  229  212  192  178  167  162  154  150  142  133  121
  110   99   90   85   80   82   85   81   86                                   
    35.0-180.0 180.0   5.0 450.0                            LAT/LON1/LON2/DLON/H
   74   80   82   78   78   82   80   81   78   79   80   82   84   86   89   90
   90   91   91   93   92   91   87   85   83   88   97  109  120  130  140  153
  167  183  202  224  248  268  285  298  305  314  317  319  318  318  316  312
  305  300  291  284  270  257  238  217  198  185  174  166  158  149  137  124
  109   99   85   80   69   69   70   71   74                                   
    32.5-180.0 180.0   5.0 450.0                            LAT/LON1/LON2/DLON/H
   62   72   66   67   65   72   71   75   72   77   78   83   86   90   92   93
   93   92   92   94   92   88   83   79   78   84   98  111  123  134  145  157
  171  190  209  237  259  282  297  311  320  331  337  342  347  348  350  347
  347  344  343  338  330  315  292  265  245  223  211  196  186  172  160  142
  127  109   92   80   68   64   63   53   62                                   
    30.0-180.0 180.0   5.0 450.0                            LAT/LON1/LON2/DLON/H
   58   63   59   57   56   62   61   65   66   71   75   83   88   92   95   96
   96   94   93   94   91   87   81   77   77   86  103  119  136  149  159  171
  185  202  220  246  270  291  306  319  333  344  357  369  379  387  395  399
  404  409  415  418  412  396  368  339  309  281  260  240  226  211  197  179
  164  143  122  103   86   81   71   56   58                                   
    27.5-180.0 180.0   5.0 450.0                            LAT/LON1/LON2/DLON/H
   68   77   64   61   57   61   57   61   59   66   69   80   85   92   95   97
   96   95   92   91   87   81   75   70   75   86  107  123  146  158  173  183
  199  217  240  264  285  305  320  336  351  367  386  399  419  431  452  462
  481  493  516  519  522  495  462  418  385  349  324  297  282  265  253  232
  214  190  172  147  127  112   99   67   68                                   
    25.0-180.0 180.0   5.0 450.0                            LAT/LON1/LON2/DLON/H
   86   98   79   69   62   62   57   58   55   61   66   76   83   90   96   98
   98   96   94   92   86   80   75   72   79   93  115  138  159  176  188  199
  215  233  259  283  301  320  338  356  375  393  415  434  456  481  506  527
  555  577  605  611  607  576  540  497  458  418  384  362  342  327  314  297
  282  259  234  210  189  161  141  103   86                                   
    22.5-180.0 180.0   5.0 450.0                            LAT/LON1/LON2/DLON/H
  120  120  105   90   77   71   63   61   56   61   63   73   78   87   91   96
   97   95   92   89   84   76   74   73   85  100  127  147  175  186  202  210
  230  249  277  298  317  337  360  380  404  423  449  470  504  530  566  588
  627  649  670  668  660  632  602  560  534  490  459  424  400  384  372  359
  347  326  307  280  258  225  198  143  120                                   
    20.0-180.0 180.0   5.0 450.0                            LAT/LON1/LON2/DLON/H
  167  164  141  118  101   84   76   69   62   62   62   69   74   81   86   91
   96   95   94   89   86   78   78   82   93  111  133  157  177  195  211  225
  246  269  297  316  334  355  377  398  422  442  470  501  532  568  602  630
  663  679  684  682  663  643  615  590  573  541  518  482  455  432  412  406
  394  382  365  346  316  285  253  205  167                                   
    17.5-180.0 180.0   5.0 450.0                            LAT/LON1/LON2/DLON/H
  216  217  189  156  130  114   95   83   76   70   67   69   71   77   79   85
   89   91   90   88   83   79   80   86  102  116  142  158  183  196  220  235
  262  286  313  330  352  371  397  417  441  461  492  522  560  590  623  644
  667  672  675  661  643  620  608  590  583  558  545  512  491  462  445  431
  421  414  400  380  363  325  307  258  216                                   
    15.0-180.0 180.0   5.0 450.0                            LAT/LON1/LON2/DLON/H
  256  256  230  195  165  134  119  102   90   80   75   70   71   72   73   77
   81   81   85   82   81   78   82   91  106  124  142  163  183  204  231  251
  276  303  325  345  365  388  414  432  457  476  505  537  565  597  616  636
  647  645  641  620  608  586  580  568  563  545  532  506  489  457  434  417
  412  409  399  392  379  355  336  302  256                                   
    12.5-180.0 180.0   5.0 450.0                            LAT/LON1/LON2/DLON/H
  280  279  255  228  196  166  137  120  105   93   86   77   74   70   70   72
   73   74   75   75   74   75   80   93  111  129  151  166  188  206  237  256
  288  312  336  353  377  397  422  442  467  485  513  539  566  586  608  616
  622  611  603  581  572  558  551  546  539  526  511  491  470  440  418  397
  392  390  389  389  386  370  362  329  280                                   
    10.0-180.0 180.0   5.0 450.0                            LAT/LON1/LON2/DLON/H
  296  296  274  247  222  188  162  136  120  104   93   83   76   68   66   67
   66   65   67   66   67   70   78   94  113  136  157  176  198  220  244  271
  297  323  345  361  384  404  430  447  472  491  516  535  551  572  581  594
  591  584  573  559  554  549  546  536  527  515  496  478  456  418  392  371
  360  354  357  361  370  363  364  337  296                                   
     7.5-180.0 180.0   5.0 450.0                            LAT/LON1/LON2/DLON/H
  306  302  288  258  232  203  176  147  126  110   98   87   81   71   68   66
   66   64   65   64   64   70   79   97  118  139  163  180  203  223  251  275
