data/unet/pred0310.15i
     1.0            IONOSPHERE MAPS     GNSS                IONEX VERSION / TYPE
pyspatialgeodesy        IME             05-JAN-18 20:20     PGM / RUN BY / DATE 
Map Name                                                    COMMENT             
Predicted global ionosphere maps (GIM).                     DESCRIPTION         
  2015     1    31     0     0     0                        EPOCH OF FIRST MAP  
  2015     2     1     0     0     0                        EPOCH OF LAST MAP   
  7200                                                      INTERVAL            
    13                                                      # OF MAPS IN FILE   
  NONE                                                      MAPPING FUNCTION    
10.0                                                        ELEVATION CUTOFF    
One-way carrier phase leveled to code                       OBSERVABLES USED    
  6371.0                                                    BASE RADIUS         
 2                                                          MAP DIMENSION       
   450.0 450.0   0.0                                        HGT1 / HGT2 / DHGT  
    87.5 -87.5  -2.5                                        LAT1 / LAT2 / DLAT  
  -180.0 180.0   5.0                                        LON1 / LON2 / DLON  
    -1                                                      EXPONENT            
                                                            END OF HEADER       
[from data line 4719]
    12                                                      START OF TEC MAP    
  2015     1    31    22     0     0                        EPOCH OF CURRENT MAP
    87.5-180.0 180.0   5.0 450.0                            LAT/LON1/LON2/DLON/H
  170  114   94   99   99  101  103  107  110  114  118  121  124  125  127  128
  129  129  130  130  129  129  127  128  125  126  123  124  121  122  119  119
  116  115  111  109  104  101   97   94   91   90   87   87   85   85   84   85
   84   85   85   86   86   87   87   88   88   88   89   89   89   90   89   89
   89   89   90   90   91   91   93  139  170                                   
    85.0-180.0 180.0   5.0 450.0                            LAT/LON1/LON2/DLON/H
  101   83   81   86   89   90   95   98  106  111  118  122  127  130  133  134
  136  136  137  136  137  136  136  135  135  133  133  131  131  127  128  122
  122  114  113  104  101   93   90   82   81   75   76   72   73   71   74   72
   75   75   78   77   80   80   82   81   84   83   84   83   84   82   83   80
   81   78   80   77   80   77   78  107  101                                   
    82.5-180.0 180.0   5.0 450.0                            LAT/LON1/LON2/DLON/H
   82   71   71   78   79   84   89   98  105  115  122  130  136  141  145  148
  149  151  152  153  152  152  151  151  149  150  147  147  143  142  136  134
  127  123  115  110  102   96   90   84   80   76   74   72   72   72   73   73
   75   77   79   82   84   86   87   89   89   91   90   90   89   89   86   85
   81   81   78   77   74   69   71   94   82                                   
    80.0-180.0 180.0   5.0 450.0                            LAT/LON1/LON2/DLON/H
   78   66   65   68   71   75   83   92  104  113  126  134  145  149  157  158
  162  162  163  162  162  160  159  158  157  157  156  155  154  150  146  140
  135  128  122  113  106   98   91   85   79   74   71   69   68   68   70   71
   75   79   83   87   90   94   96   99  100  101  100  100   98   97   93   91
   87   84   80   77   72   67   65   84   78                                   
    77.5-180.0 180.0   5.0 450.0                            LAT/LON1/LON2/DLON/H
   75   64   60   62   64   68   76   87  101  115  129  141  151  158  163  166
  166  165  163  161  158  155  154  153  153  152  154  153  153  149  147  141
  137  129  125  114  109   98   95   86   82   77   75   72   71   71   73   75
   78   83   87   93   97  102  106  109  111  112  112  110  108  103  101   96
   92   87   84   79   75   68   66   86   75                                   
    75.0-180.0 180.0   5.0 450.0                            LAT/LON1/LON2/DLON/H
   83   74   71   72   73   78   86   98  113  127  143  154  167  172  178  174
  174  166  162  153  147  142  139  140  141  145  147  151  152  150  149  144
  139  133  128  121  114  108  101   97   90   89   84   84   81   83   82   86
   88   94   98  104  109  114  117  121  123  123  122  119  116  112  108  103
   99   96   93   89   85   80   78   97   83                                   
    72.5-180.0 180.0   5.0 450.0                            LAT/LON1/LON2/DLON/H
  105   98   93   92   91   96  103  116  130  147  161  176  185  193  193  188
  178  168  155  145  134  129  124  126  127  132  135  140  143  144  142  140
  136  132  128  123  118  113  109  105  102   99   97   96   93   93   93   94
   96  101  104  110  113  118  121  125  126  127  124  122  118  113  109  105
  103  100  101   99   98   95   95  115  105                                   
    70.0-180.0 180.0   5.0 450.0                            LAT/LON1/LON2/DLON/H
  132  123  118  119  117  122  128  139  154  170  188  203  215  219  218  204
  191  170  153  136  122  116  110  112  111  118  120  127  129  131  129  128
  124  122  120  116  114  111  109  107  104  103  103  100  100   98   99   98
  100  101  106  108  113  115  119  121  123  121  120  116  114  109  106  102
  103  103  107  107  111  111  114  135  132                                   
    67.5-180.0 180.0   5.0 450.0                            LAT/LON1/LON2/DLON/H
  159  152  146  147  148  148  156  166  180  199  218  237  249  253  245  228
  205  180  156  135  119  109  102  101  100  104  105  109  110  112  110  109
  108  106  104  104  102  102   99  101   98   99   98   98   95   95   94   93
   93   94   96   97   99  102  104  107  108  108  105  103  100   98   95   94
   95   98  105  109  117  122  130  154  159                                   
    65.0-180.0 180.0   5.0 450.0                            LAT/LON1/LON2/DLON/H
  182  173  170  172  173  174  181  191  209  227  252  272  285  286  277  253
  227  198  169  145  124  111  102   96   93   92   90   91   89   89   87   86
   84   85   84   84   84   85   85   85   86   87   88   87   88   85   86   83
   84   82   84   83   86   86   89   90   93   92   91   88   87   83   82   81
   85   90  100  107  119  129  141  168  182                                   
    62.5-180.0 180.0   5.0 450.0                            LAT/LON1/LON2/DLON/H
  197  188  187  191  193  192  201  211  232  256  281  302  313  315  301  279
  249  218  187  161  136  121  107   98   90   86   80   78   73   72   69   67
   66   65   65   65   66   67   67   69   70   73   73   75   73   72   70   67
   66   65   66   66   67   68   70   72   74   74   73   72   71   69   68   69
   72   79   90  101  114  129  144  177  197                                   
    60.0-180.0 180.0   5.0 450.0                            LAT/LON1/LON2/DLON/H
  204  193  198  203  208  209  218  229  251  274  300  318  333  332  325  302
  276  245  213  185  160  140  124  108   97   84   77   67   63   58   56   55
   54   54   52   52   52   53   53   56   57   60   62   63   63   61   58   56
   54   52   53   52   53   54   57   59   63   63   62   61   60   59   58   59
   64   72   83   95  110  127  145  179  204                                   
    57.5-180.0 180.0   5.0 450.0                            LAT/LON1/LON2/DLON/H
  206  198  205  216  223  226  236  248  267  288  309  328  340  344  338  323
  299  272  241  214  186  165  143  124  107   90   78   70   63   59   56   54
   53   49   49   45   47   45   46   48   50   52   55   56   55   53   49   47
   43   43   42   43   42   45   46   51   54   57   55   56   55   54   54   56
   60   69   81   94  109  128  145  181  206                                   
    55.0-180.0 180.0   5.0 450.0                            LAT/LON1/LON2/DLON/H
  210  203  216  228  240  244  255  266  282  297  315  328  343  346  347  336
  317  299  268  244  213  192  167  145  124  104   90   78   74   68   67   64
   63   60   56   54   50   50   48   50   51   54   56   58   56   54   50   47
   44   43   42   42   43   45   47   52   55   57   58   58   57   56   56   59
   65   74   87  100  115  132  149  183  210                                   
    52.5-180.0 180.0   5.0 450.0                            LAT/LON1/LON2/DLON/H
  220  216  230  249  262  270  280  289  298  308  319  330  339  346  347  346
  334  320  295  272  241  219  190  167  143  123  108   96   91   87   85   80
   80   74   71   66   64   60   60   59   61   62   65   65   64   61   56   54
   50   50   48   50   49   51   53   59   62   65   63   64   62   63   63   68
   73   87   99  117  130  147  163  196  220                                   
    50.0-180.0 180.0   5.0 450.0                            LAT/LON1/LON2/DLON/H
  236  234  252  271  287  297  305  310  315  319  324  328  335  339  345  347
  341  333  309  294  263  244  212  193  167  149  133  122  117  110  107  100
   96   91   86   82   78   76   74   74   74   77   78   79   78   75   72   68
   66   65   65   64   65   66   69   71   76   75   75   73   73   72   74   80
   90  105  123  140  155  170  185  214  236                                   
    47.5-180.0 180.0   5.0 450.0                            LAT/LON1/LON2/DLON/H
  258  259  279  299  314  327  332  337  339  338  334  333  333  337  343  348
  347  340  324  305  281  258  234  214  190  173  157  143  137  128  123  112
  108   99   97   92   92   89   89   88   88   90   91   92   92   90   86   84
   82   82   81   82   81   82   83   86   88   88   85   83   81   82   84   93
  104  125  145  167  182  197  211  240  258                                   
    45.0-180.0 180.0   5.0 450.0                            LAT/LON1/LON2/DLON/H
  283  284  308  324  340  349  354  358  359  353  345  339  337  339  343  348
  346  341  326  313  291  272  252  235  213  196  179  164  150  138  126  114
  106  100   97   97   97   99   97   98   97   99  101  102  104  103  102  100
  100  100  101  100  100   99  100  100  102   99   97   93   91   91   96  105
  121  143  168  190  209  225  237  264  283                                   
    42.5-180.0 180.0   5.0 450.0                            LAT/LON1/LON2/DLON/H
  301  307  328  345  355  367  373  378  376  369  358  351  346  346  349  352
  351  342  332  314  300  281  268  252  233  212  193  173  156  137  123  107
  101   93   95   97  102  103  104  103  103  103  106  109  112  112  112  111
  111  112  113  113  112  110  110  111  110  108  103  100   97   99  104  116
  134  159  184  208  228  246  259  288  301                                   
    40.0-180.0 180.0   5.0 450.0                            LAT/LON1/LON2/DLON/H
  316  321  342  352  364  372  380  384  385  377  368  362  358  359  359  362
  358  349  336  324  309  295  285  268  249  224  200  176  153  132  113  101
   93   92   93  101  104  109  107  107  104  105  108  112  116  117  119  118
  120  121  122  121  120  118  118  117  116  113  110  106  104  106  114  126
  145  168  194  217  240  260  274  302  316                                   
    37.5-180.0 180.0   5.0 450.0                            LAT/LON1/LON2/DLON/H
  321  332  345  356  361  372  379  387  387  383  375  373  369  371  372  373
  369  358  346  334  322  309  296  278  256  225  199  170  149  125  111  100
   99   99  108  112  118  117  117  111  109  106  110  112  116  118  119  119
  120  122  123  123  122  120  119  119  118  115  112  110  109  114  121  136
  153  176  196  219  239  263  277  312  321                                   
    35.0-180.0 180.0   5.0 450.0                            LAT/LON1/LON2/DLON/H
  327  336  350  356  361  365  373  379  386  381  380  380  380  384  385  387
  381  373  361  355  341  327  309  285  258  223  195  169  152  136  129  128
  131  137  142  146  144  141  134  126  118  115  115  117  120  120  121  119
  121  120  122  120  121  119  120  118  119  117  117  116  117  123  133  147
  163  181  197  213  234  256  275  310  327                                   
    32.5-180.0 180.0   5.0 450.0                            LAT/LON1/LON2/DLON/H
  331  343  354  360  359  363  367  375  381  383  383  387  389  395  397  398
  393  387  380  375  364  346  319  289  258  223  199  180  172  167  173  178
  190  187  190  181  180  168  165  150  141  132  131  130  129  126  122  119
  117  115  113  113  113  114  116  117  117  117  117  120  123  132  143  161
  175  191  202  215  229  252  273  315  331                                   
    30.0-180.0 180.0   5.0 450.0                            LAT/LON1/LON2/DLON/H
  344  355  371  371  369  365  365  370  376  378  384  388  394  402  405  406
  401  399  396  396  385  366  334  296  265  233  217  206  213  221  242  254
  261  254  248  230  221  204  196  181  173  162  157  152  148  140  133  124
  119  112  109  105  108  108  112  114  116  117  121  126  132  144  158  178
  193  208  216  226  237  257  279  327  344                                   
    27.5-180.0 180.0   5.0 450.0                            LAT/LON1/LON2/DLON/H
  366  377  391  395  388  384  378  381  382  388  391  399  404  412  412  413
  408  409  407  408  398  378  343  304  276  256  252  259  281  306  335  356
  364  354  329  301  277  251  236  218  212  200  193  184  175  163  149  138
  125  115  106  100   98  100  102  106  108  112  115  123  131  146  165  189
  209  225  234  244  256  280  306  352  366                                   
    25.0-180.0 180.0   5.0 450.0                            LAT/LON1/LON2/DLON/H
  397  412  425  424  425  414  407  403  402  404  407  412  417  422  421  419
  415  415  416  415  406  384  355  322  305  297  310  328  365  402  444  456
  456  433  405  365  324  291  272  251  242  231  223  211  198  182  165  148
  133  118  106   97   94   95   97  101  104  107  112  119  131  146  172  200
  229  247  261  270  287  313  348  383  397                                   
    22.5-180.0 180.0   5.0 450.0                            LAT/LON1/LON2/DLON/H
  435  452  467  470  467  463  454  449  443  442  440  443  444  446  441  436
  428  425  424  421  412  392  370  354  350  359  379  411  455  497  530  540
  539  503  456  401  353  315  293  276  268  259  253  240  225  203  181  162
  143  127  113  103   99   98  101  102  106  106  111  117  129  146  174  209
  241  263  280  294  317  350  389  419  435                                   
    20.0-180.0 180.0   5.0 450.0                            LAT/LON1/LON2/DLON/H
  468  497  518  519  522  515  515  505  500  491  483  480  475  475  466  458
  447  439  437  427  419  401  393  390  405  421  453  491  535  573  611  616
  590  538  472  414  356  320  296  284  276  272  267  259  241  222  198  179
  160  144  130  119  114  110  112  112  111  109  112  114  125  140  174  212
  253  278  304  322  352  387  428  452  468                                   
    17.5-180.0 180.0   5.0 450.0                            LAT/LON1/LON2/DLON/H
  494  533  558  574  576  580  581  577  570  558  542  532  522  521  508  500
  482  470  457  443  433  421  423  434  457  486  523  557  599  630  650  633
  588  524  452  385  334  302  284  273  266  263  262  256  245  229  212  197
  180  166  150  141  132  130  126  124  119  117  115  118  123  140  172  217
  259  292  321  347  375  412  451  481  494                                   
    15.0-180.0 180.0   5.0 450.0                            LAT/LON1/LON2/DLON/H
  516  560  596  615  628  633  644  642  640  626  606  590  576  569  553  541
  522  501  482  463  456  449  464  483  519  551  585  602  629  638  628  590
  530  463  387  333  294  270  254  247  242  242  243  241  236  227  216  205
  194  181  168  157  149  144  140  134  129  125  122  121  128  141  178  220
  270  303  338  364  397  435  475  500  516                                   
    12.5-180.0 180.0   5.0 450.0                            LAT/LON1/LON2/DLON/H
  529  580  615  649  663  676  688  693  690  682  665  652  636  631  614  599
  577  552  528  505  495  492  513  541  579  604  623  619  617  596  562  510
  438  374  316  284  254  240  225  221  217  217  218  222  222  221  215  211
  203  196  181  172  162  158  151  145  139  134  131  129  136  152  188  233
  281  316  349  377  409  447  487  516  529                                   
    10.0-180.0 180.0   5.0 450.0                            LAT/LON1/LON2/DLON/H
  543  595  636  670  695  709  728  731  733  726  716  708  695  686  669  647
  625  597  574  550  542  541  567  599  631  640  640  609  579  534  481  419
  353  305  270  250  239  231  223  218  209  203  204  207  214  216  217  215
  211  204  192  181  173  168  162  157  150  148  144  142  150  166  205  246
  295  327  361  390  421  461  501  525  543                                   
     7.5-180.0 180.0   5.0 450.0                            LAT/LON1/LON2/DLON/H
  548  608  646  690  712  733  747  754  758  757  751  750  741  739  721  702
  676  650  624  603  596  600  622  643  664  652  625  570  515  455  396  337
