data/unet/pred3140.15i
     1.0            IONOSPHERE MAPS     GNSS                IONEX VERSION / TYPE
pyspatialgeodesy        IME             05-JAN-18 20:20     PGM / RUN BY / DATE 
Map Name                                                    COMMENT             
Predicted global ionosphere maps (GIM).                     DESCRIPTION         
  2015    11    10     0     0     0                        EPOCH OF FIRST MAP  
  2015    11    11     0     0     0                        EPOCH OF LAST MAP   
  7200                                                      INTERVAL            
    13                                                      # OF MAPS IN FILE   
  NONE                                                      MAPPING FUNCTION    
10.0                                                        ELEVATION CUTOFF    
One-way carrier phase leveled to code                       OBSERVABLES USED    
  6371.0                                                    BASE RADIUS         
 2                                                          MAP DIMENSION       
   450.0 450.0   0.0                                        HGT1 / HGT2 / DHGT  
    87.5 -87.5  -2.5                                        LAT1 / LAT2 / DLAT  
  -180.0 180.0   5.0                                        LON1 / LON2 / DLON  
    -1                                                      EXPONENT            
                                                            END OF HEADER       
[from data line 5148]
    13                                                      START OF TEC MAP    
  2015    11    11     0     0     0                        EPOCH OF CURRENT MAP
    87.5-180.0 180.0   5.0 450.0                            LAT/LON1/LON2/DLON/H
  103   82   75   71   72   69   72   69   72   70   72   70   72   70   71   69
   71   69   71   68   70   67   69   67   69   66   68   66   68   65   68   65
   68   66   69   67   70   68   71   69   72   70   73   70   73   70   73   71
   74   71   74   71   74   71   74   71   74   71   74   71   74   70   73   70
   73   70   73   71   77   73   84   87  103                                   
    85.0-180.0 180.0   5.0 450.0                            LAT/LON1/LON2/DLON/H
   90   58   61   60   58   54   57   55   58   55   59   56   59   56   59   56
   59   55   58   55   57   53   56   51   53   49   52   47   50   46   49   46
   49   46   51   48   53   51   55   53   58   55   60   57   61   58   62   59
   62   59   63   59   63   60   64   60   64   61   64   61   64   61   63   60
   62   60   63   60   66   55   58   87   90                                   
    82.5-180.0 180.0   5.0 450.0                            LAT/LON1/LON2/DLON/H
   84   61   62   65   60   57   58   58   58   57   59   58   60   59   61   60
   61   59   60   58   58   55   55   52   51   47   48   44   44   41   43   41
   43   42   45   45   48   48   51   52   55   54   58   57   60   59   61   60
   62   60   63   61   64   62   65   63   66   64   67   65   68   66   69   67
   70   68   71   69   71   64   69   90   84                                   
    80.0-180.0 180.0   5.0 450.0                            LAT/LON1/LON2/DLON/H
   86   71   72   73   67   65   64   64   63   63   64   65   65   66   67   68
   68   68   68   68   66   64   62   59   56   53   51   48   46   44   44   43
   44   44   46   48   50   52   55   57   58   60   62   63   64   64   65   64
   65   64   65   65   66   65   66   66   67   67   68   69   71   71   73   74
   77   78   81   81   81   76   79   96   86                                   
    77.5-180.0 180.0   5.0 450.0                            LAT/LON1/LON2/DLON/H
   97   80   82   81   74   71   69   68   68   68   68   70   70   71   72   73
   73   73   74   73   72   70   67   64   60   56   52   49   46   44   43   42
   43   43   45   47   50   52   55   57   58   59   60   61   61   60   60   59
   59   58   58   57   57   56   57   56   57   56   59   59   62   62   66   68
   72   75   81   83   86   83   87   98   97                                   
    75.0-180.0 180.0   5.0 450.0                            LAT/LON1/LON2/DLON/H
  103   93   93   94   85   82   79   78   76   76   76   77   76   77   77   77
   76   77   77   77   75   74   71   68   63   60   56   52   49   47   46   45
   45   47   49   51   52   55   57   59   59   60   60   59   58   57   56   54
   53   52   52   51   50   50   49   49   49   49   50   50   52   54   58   62
   67   72   79   85   90   90   95  105  103                                   
    72.5-180.0 180.0   5.0 450.0                            LAT/LON1/LON2/DLON/H
  116  107  108  106   96   91   87   85   82   82   81   81   79   78   76   75
   73   73   72   73   72   71   70   67   63   59   55   52   49   47   46   46
   46   47   49   50   52   53   55   55   56   55   55   54   52   49   48   45
   45   42   43   41   41   40   41   39   40   39   41   41   43   44   49   52
   60   66   77   83   93   96  104  111  116                                   
    70.0-180.0 180.0   5.0 450.0                            LAT/LON1/LON2/DLON/H
  122  119  121  118  108  102   97   94   91   89   87   85   81   77   73   69
   66   64   64   63   64   64   64   62   59   56   53   50   48   48   48   48
   48   48   50   50   51   50   52   51   51   50   50   47   45   42   41   38
   38   36   37   35   36   34   36   35   37   36   38   39   41   42   46   50
   56   63   75   85   96  102  113  120  122                                   
    67.5-180.0 180.0   5.0 450.0                            LAT/LON1/LON2/DLON/H
  133  128  132  128  117  110  105  102   99   97   94   90   83   77   69   63
   57   55   53   53   54   55   56   55   53   51   50   48   47   47   48   48
   49   48   49   47   48   46   47   45   46   43   43   40   39   36   36   33
   34   32   34   33   34   33   35   34   37   37   40   41   44   45   49   51
   57   63   75   85   98  106  118  127  133                                   
    65.0-180.0 180.0   5.0 450.0                            LAT/LON1/LON2/DLON/H
  133  133  136  134  122  116  111  109  107  105  101   95   87   77   66   57
   50   45   43   43   45   46   48   47   47   45   45   45   46   47   47   48
   47   46   45   43   42   41   40   39   39   38   38   36   34   32   32   31
   32   32   33   33   34   34   36   36   39   42   46   50   53   56   58   60
   64   68   78   87   99  110  123  131  133                                   
    62.5-180.0 180.0   5.0 450.0                            LAT/LON1/LON2/DLON/H
  137  133  138  134  124  118  115  113  113  111  108  102   91   79   66   55
   47   41   38   38   40   40   42   41   42   40   41   41   43   44   45   44
   43   41   40   37   36   34   34   32   33   32   33   32   32   30   31   31
   33   33   35   35   37   36   37   39   44   48   55   60   67   69   73   74
   77   79   86   93  104  113  125  134  137                                   
    60.0-180.0 180.0   5.0 450.0                            LAT/LON1/LON2/DLON/H
  133  132  135  133  123  117  115  116  116  116  114  108   98   85   71   59
   50   43   40   39   39   38   38   37   37   36   37   38   40   41   41   40
   39   37   35   32   31   28   29   28   30   30   32   32   32   32   32   33
   34   35   36   36   37   37   39   42   49   56   65   73   82   87   91   93
   95   96  100  104  111  118  128  136  133                                   
    57.5-180.0 180.0   5.0 450.0                            LAT/LON1/LON2/DLON/H
  139  133  135  133  123  118  116  117  119  120  119  114  106   94   81   70
   61   54   49   45   42   39   37   35   34   33   35   36   37   38   38   37
   36   34   32   30   28   28   28   29   31   33   34   35   35   36   36   37
   37   38   38   38   39   39   42   45   53   61   73   84   96  104  111  114
  117  119  121  122  126  129  135  141  139                                   
    55.0-180.0 180.0   5.0 450.0                            LAT/LON1/LON2/DLON/H
  142  139  140  137  127  121  119  120  121  123  122  120  113  105   94   84
   75   68   60   54   48   41   37   32   31   30   32   34   36   37   38   37
   35   34   33   31   31   31   33   33   36   38   40   41   42   42   41   41
   40   40   40   40   41   42   45   49   58   67   80   93  108  119  131  137
  144  146  149  148  148  147  150  152  142                                   
    52.5-180.0 180.0   5.0 450.0                            LAT/LON1/LON2/DLON/H
  159  152  153  150  139  134  129  128  128  128  127  124  120  115  108  101
   93   84   73   64   54   45   38   33   31   31   32   36   38   40   40   40
   38   38   37   38   38   40   40   42   43   46   46   49   48   49   47   46
   44   43   43   43   45   46   50   53   63   72   86   99  117  130  146  158
  169  174  177  177  175  172  170  170  159                                   
    50.0-180.0 180.0   5.0 450.0                            LAT/LON1/LON2/DLON/H
  175  175  174  169  158  150  144  140  137  134  130  128  124  122  117  114
  106   97   83   71   59   48   40   35   33   34   36   40   42   45   45   45
   45   45   46   47   49   50   51   51   52   54   54   56   56   56   53   51
   49   48   48   49   52   54   58   63   72   81   95  108  126  142  161  177
  192  201  207  208  205  198  194  193  175                                   
    47.5-180.0 180.0   5.0 450.0                            LAT/LON1/LON2/DLON/H
  204  202  202  198  186  179  168  161  151  146  138  135  131  129  126  123
  116  106   91   78   64   54   46   42   41   43   44   49   51   54   53   54
   54   55   57   60   61   62   61   62   61   63   63   65   65   65   62   59
   56   56   56   58   62   65   69   74   83   92  105  118  135  153  173  192
  209  223  232  235  234  227  219  223  204                                   
    45.0-180.0 180.0   5.0 450.0                            LAT/LON1/LON2/DLON/H
  236  235  238  230  216  205  193  180  167  157  147  141  136  134  131  128
  120  110   95   82   70   61   56   53   52   53   55   58   60   61   61   60
   61   63   67   69   72   72   72   71   71   71   72   73   75   74   71   68
   65   65   66   68   74   78   83   89   98  107  119  130  147  164  184  204
  224  242  253  259  261  255  248  253  236                                   
    42.5-180.0 180.0   5.0 450.0                            LAT/LON1/LON2/DLON/H
  266  266  269  260  246  233  217  202  185  173  159  151  143  140  135  131
  122  112   98   88   79   74   70   68   67   67   67   68   69   69   68   67
   67   70   73   77   78   79   78   78   77   78   80   82   83   82   80   77
   75   74   76   79   85   90   97  104  114  123  134  146  161  176  195  215
  236  254  267  276  282  279  273  283  266                                   
    40.0-180.0 180.0   5.0 450.0                            LAT/LON1/LON2/DLON/H
  293  304  299  287  273  257  238  219  200  184  168  158  149  144  138  132
  123  113  102   95   90   89   87   86   83   81   79   78   78   76   74   72
   72   74   78   81   83   83   84   83   84   85   89   91   93   92   90   87
   85   83   85   90   97  103  111  120  131  141  152  163  178  191  208  228
  249  266  281  291  300  300  300  309  293                                   
    37.5-180.0 180.0   5.0 450.0                            LAT/LON1/LON2/DLON/H
  320  323  319  306  289  273  254  234  212  196  179  169  158  152  144  136
  127  118  111  107  106  106  105  102   96   91   86   84   83   81   78   76
   75   77   80   83   84   85   84   85   87   91   94   97   99   99   98   95
   92   91   93   97  105  112  122  131  146  157  169  181  195  208  225  243
  262  280  293  308  317  320  321  333  320                                   
    35.0-180.0 180.0   5.0 450.0                            LAT/LON1/LON2/DLON/H
  349  355  348  326  307  286  265  242  221  202  187  176  166  158  149  141
  133  126  122  120  120  121  118  112  104   96   90   87   87   86   84   81
   80   81   85   86   88   88   89   89   95   97  103  104  106  104  103  100
   97   95   97  100  108  116  126  138  154  166  180  193  207  222  240  259
  278  296  310  323  334  339  352  359  349                                   
    32.5-180.0 180.0   5.0 450.0                            LAT/LON1/LON2/DLON/H
  393  392  378  354  325  301  276  251  230  211  196  187  177  169  158  150
  142  138  136  135  134  132  125  116  106   97   91   90   90   91   90   90
   87   89   91   93   92   93   92   95   99  104  107  107  107  104  103  100
   97   94   95   98  106  113  126  138  156  171  188  201  219  236  257  278
  301  322  335  350  361  372  387  392  393                                   
    30.0-180.0 180.0   5.0 450.0                            LAT/LON1/LON2/DLON/H
  460  466  440  398  365  331  299  270  245  225  209  199  189  180  169  160
  153  149  147  144  140  133  123  112  103   97   95   98  101  104  106  105
  104  105  107  107  107  105  105  105  110  112  114  112  110  106  104   99
   95   91   91   92   99  107  121  135  154  171  189  206  226  247  273  299
  327  350  371  386  406  421  445  439  460                                   
    27.5-180.0 180.0   5.0 450.0                            LAT/LON1/LON2/DLON/H
  541  549  513  471  422  381  340  302  273  251  234  220  207  198  185  177
  169  164  157  150  139  128  116  108  103  104  107  116  122  127  128  129
  127  127  126  126  121  119  115  116  118  120  119  115  110  105  102   96
   92   86   85   82   89   97  113  129  151  170  191  211  233  258  288  321
  354  388  413  439  459  482  505  492  541                                   
    25.0-180.0 180.0   5.0 450.0                            LAT/LON1/LON2/DLON/H
  640  656  613  560  508  449  394  350  313  286  265  247  229  216  202  192
  182  173  162  147  132  117  107  104  109  118  130  142  152  158  160  160
  157  155  152  147  143  137  131  128  129  128  125  118  112  104  100   93
   88   83   80   77   80   90  109  128  150  171  193  214  239  266  299  338
  376  418  453  483  515  542  570  557  640                                   
    22.5-180.0 180.0   5.0 450.0                            LAT/LON1/LON2/DLON/H
  707  732  696  649  590  533  468  414  366  335  309  285  263  244  224  212
  196  185  165  146  125  112  105  111  126  147  166  184  194  199  198  195
  188  183  176  170  162  155  145  142  139  137  131  123  114  105   98   91
   86   81   75   70   75   84  107  131  157  179  203  224  250  275  311  352
  396  446  484  525  557  593  619  609  707                                   
    20.0-180.0 180.0   5.0 450.0                            LAT/LON1/LON2/DLON/H
  769  803  779  732  683  628  563  503  441  402  369  338  310  281  256  235
  215  196  170  149  126  116  117  133  161  191  216  235  242  243  237  227
  217  208  199  190  181  170  161  154  149  144  137  128  119  108  102   94
   88   79   72   69   74   87  113  141  170  193  219  240  264  289  324  366
  412  464  512  553  595  631  667  660  769                                   
    17.5-180.0 180.0   5.0 450.0                            LAT/LON1/LON2/DLON/H
  777  829  822  799  759  713  657  602  534  485  439  406  368  336  304  277
  248  221  190  166  147  143  153  179  214  251  277  290  289  281  268  254
  239  227  215  208  197  188  177  170  160  154  142  134  123  115  106   98
   89   79   72   70   77   93  122  155  188  215  240  259  282  303  339  382
  428  480  527  572  614  646  683  677  777                                   
    15.0-180.0 180.0   5.0 450.0                            LAT/LON1/LON2/DLON/H
  768  821  834  825  806  771  733  681  625  576  527  483  440  404  367  331
  297  263  230  207  193  197  214  246  285  320  339  340  328  311  294  275
  258  242  229  222  212  204  194  184  172  161  148  138  130  121  111  101
   92   81   75   77   87  107  139  173  210  239  263  280  302  323  355  392
  436  481  529  569  612  639  683  676  768                                   
    12.5-180.0 180.0   5.0 450.0                            LAT/LON1/LON2/DLON/H
  716  772  795  809  813  802  781  746  698  656  605  563  513  478  434  402
  358  326  291  276  267  279  299  331  360  381  382  370  350  328  307  290
  271  257  241  236  226  221  209  199  183  170  154  142  132  123  112  102
   91   82   79   82   95  116  148  185  224  255  278  296  317  339  370  404
  441  481  520  560  596  618  652  648  716                                   
    10.0-180.0 180.0   5.0 450.0                            LAT/LON1/LON2/DLON/H
  657  700  730  759  785  796  797  776  751  714  676  633  591  552  508  470
  426  393  367  357  360  375  394  414  428  427  411  387  362  338  319  303
  286  270  255  247  237  230  219  207  190  173  157  143  134  124  112  103
   95   89   87   93  106  126  158  191  229  260  286  305  328  348  376  406
  442  477  512  542  573  590  624  619  657                                   
     7.5-180.0 180.0   5.0 450.0                            LAT/LON1/LON2/DLON/H
  583  617  646  682  726  754  781  780  772  750  719  684  646  610  568  531
  488  463  438  441  445  464  470  477  468  446  413  380  356  337  325  315
