data/unet/pred1220.15i
     1.0            IONOSPHERE MAPS     GNSS                IONEX VERSION / TYPE
pyspatialgeodesy        IME             05-JAN-18 20:20     PGM / RUN BY / DATE 
Map Name                                                    COMMENT             
Predicted global ionosphere maps (GIM).                     DESCRIPTION         
  2015     5     2     0     0     0                        EPOCH OF FIRST MAP  
  2015     5     3     0     0     0                        EPOCH OF LAST MAP   
  7200                                                      INTERVAL            
    13                                                      # OF MAPS IN FILE   
  NONE                                                      MAPPING FUNCTION    
10.0                                                        ELEVATION CUTOFF    
One-way carrier phase leveled to code                       OBSERVABLES USED    
  6371.0                                                    BASE RADIUS         
 2                                                          MAP DIMENSION       
   450.0 450.0   0.0                                        HGT1 / HGT2 / DHGT  
    87.5 -87.5  -2.5                                        LAT1 / LAT2 / DLAT  
  -180.0 180.0   5.0                                        LON1 / LON2 / DLON  
    -1                                                      EXPONENT            
                                                            END OF HEADER       
[from data line 2574]
     7                                                      START OF TEC MAP    
  2015     5     2    12     0     0                        EPOCH OF CURRENT MAP
    87.5-180.0 180.0   5.0 450.0                            LAT/LON1/LON2/DLON/H
  156  171  175  175  179  179  182  182  186  186  188  188  190  190  190  190
  191  190  190  189  191  189  189  187  188  185  185  182  182  178  178  174
  174  170  169  166  166  162  162  159  160  158  159  157  159  157  158  156
  157  155  156  153  156  153  154  152  155  153  154  153  156  154  155  154
  157  156  160  158  160  160  169  148  156                                   
    85.0-180.0 180.0   5.0 450.0                            LAT/LON1/LON2/DLON/H
  155  161  164  167  171  172  177  180  183  185  188  190  191  192  192  194
  194  193  193  193  193  192  192  191  191  189  188  186  186  183  183  179
  179  174  175  169  171  165  166  160  161  156  156  153  152  150  149  148
  147  146  144  144  143  141  141  139  141  139  140  140  141  141  142  142
  143  143  145  145  147  149  161  164  155                                   
    82.5-180.0 180.0   5.0 450.0                            LAT/LON1/LON2/DLON/H
  145  151  155  157  165  167  174  176  183  184  189  189  193  191  194  192
  194  191  192  189  192  187  190  186  189  185  187  185  186  183  184  181
  181  177  177  173  172  167  166  162  160  156  154  151  149  146  145  143
  143  139  141  137  140  136  138  134  138  134  137  134  138  134  137  132
  136  131  136  132  137  135  141  153  145                                   
    80.0-180.0 180.0   5.0 450.0                            LAT/LON1/LON2/DLON/H
  139  144  146  153  158  163  168  173  177  181  184  186  188  188  188  189
  188  186  185  184  182  181  181  181  181  181  182  183  184  184  185  184
  184  182  182  180  178  174  170  168  164  161  158  157  154  154  150  151
  150  151  149  150  151  151  151  151  152  151  151  150  150  148  146  143
  140  139  136  135  133  132  129  145  139                                   
    77.5-180.0 180.0   5.0 450.0                            LAT/LON1/LON2/DLON/H
  135  137  139  143  150  155  160  165  169  173  176  179  180  181  180  180
  178  176  174  173  170  169  169  170  170  173  174  178  180  183  184  186
  185  187  186  186  183  181  178  176  173  170  169  168  166  167  166  167
  167  168  169  170  172  173  173  173  174  173  173  170  169  166  164  159
  156  150  147  140  137  132  129  142  135                                   
    75.0-180.0 180.0   5.0 450.0                            LAT/LON1/LON2/DLON/H
  131  132  132  140  143  149  151  158  159  166  164  171  167  174  168  172
  165  168  160  163  157  160  157  162  160  166  168  174  178  182  186  190
  191  193  193  194  191  189  186  184  181  181  179  180  179  183  182  187
  186  191  190  193  193  195  194  195  193  193  190  188  184  182  177  174
  166  164  156  150  142  138  132  139  131                                   
    72.5-180.0 180.0   5.0 450.0                            LAT/LON1/LON2/DLON/H
  133  130  130  132  138  140  144  147  150  154  154  158  158  160  158  158
  155  152  150  147  146  147  148  151  153  159  164  170  176  183  189  194
  197  200  201  201  199  197  194  192  191  190  191  190  193  194  200  200
  205  205  210  209  213  212  213  211  212  209  208  203  201  196  194  186
  182  175  170  159  154  143  138  140  133                                   
    70.0-180.0 180.0   5.0 450.0                            LAT/LON1/LON2/DLON/H
  133  130  125  129  131  134  138  141  143  147  147  152  150  155  150  153
  147  148  142  145  140  145  142  148  149  157  161  170  177  183  192  197
  203  205  205  206  205  203  199  198  196  196  197  198  201  206  210  213
  216  218  220  220  222  221  220  219  218  216  213  211  209  206  203  197
  192  184  178  168  160  151  142  140  133                                   
    67.5-180.0 180.0   5.0 450.0                            LAT/LON1/LON2/DLON/H
  134  127  122  121  123  125  128  131  133  136  137  141  142  145  144  144
  142  140  139  139  138  141  142  146  150  157  163  170  178  187  194  201
  207  211  212  212  212  210  206  205  202  203  204  206  209  213  217  220
  223  224  225  224  224  223  221  219  217  215  212  210  207  205  201  196
  190  185  179  171  165  154  146  140  134                                   
    65.0-180.0 180.0   5.0 450.0                            LAT/LON1/LON2/DLON/H
  132  123  115  115  113  114  117  118  122  124  128  132  134  138  138  140
  139  142  139  144  140  147  144  152  152  161  164  173  180  189  199  206
  212  217  217  218  216  215  210  207  204  205  204  207  208  214  216  219
  219  221  219  218  216  214  210  210  206  206  204  203  201  198  198  191
  188  182  180  169  163  153  143  136  132                                   
    62.5-180.0 180.0   5.0 450.0                            LAT/LON1/LON2/DLON/H
  130  118  106  104  102  102  103  104  107  110  113  119  121  128  130  134
  135  138  138  142  141  145  145  149  152  157  162  169  176  186  197  206
  215  219  222  223  222  219  215  212  209  210  208  210  210  213  214  215
  215  215  212  211  206  204  198  198  195  197  193  195  191  191  187  184
  177  176  170  166  158  149  140  132  130                                   
    60.0-180.0 180.0   5.0 450.0                            LAT/LON1/LON2/DLON/H
  127  112   99   96   93   91   92   91   92   94  100  104  111  117  122  130
  132  138  138  144  143  149  146  152  151  158  160  168  174  186  196  208
  217  224  227  229  229  226  220  216  213  214  211  213  209  213  209  212
  208  211  205  206  199  199  194  195  192  194  193  194  193  191  188  184
  179  175  171  164  157  146  136  125  127                                   
    57.5-180.0 180.0   5.0 450.0                            LAT/LON1/LON2/DLON/H
  128  110   93   88   86   84   83   81   81   83   86   92   98  107  114  122
  125  133  135  140  140  145  143  146  146  151  153  162  168  181  192  205
  218  225  232  234  235  233  229  226  222  224  219  221  216  216  215  214
  212  212  208  208  203  203  199  201  199  205  203  205  203  200  195  189
  181  177  169  164  156  148  136  123  128                                   
    55.0-180.0 180.0   5.0 450.0                            LAT/LON1/LON2/DLON/H
  132  111   92   86   82   80   80   76   74   73   76   80   87   95  104  112
  120  128  131  138  138  144  141  146  144  151  152  162  168  181  191  205
  218  230  238  243  244  244  238  237  230  231  227  228  222  225  220  224
  218  224  218  222  215  218  214  218  218  224  224  227  224  222  212  207
  193  191  179  176  164  157  145  130  132                                   
    52.5-180.0 180.0   5.0 450.0                            LAT/LON1/LON2/DLON/H
  144  120  101   92   85   85   83   79   74   73   71   76   79   88   94  106
  112  123  127  136  135  142  140  146  144  150  152  161  167  180  190  205
  219  232  244  250  256  256  252  251  245  244  241  241  236  236  234  235
  234  236  235  237  236  238  238  242  245  252  254  258  255  251  239  227
  211  202  190  184  176  168  162  141  144                                   
    50.0-180.0 180.0   5.0 450.0                            LAT/LON1/LON2/DLON/H
  159  138  117  107   97   96   94   89   83   79   76   75   78   83   90  100
  111  122  129  137  139  145  145  150  149  157  159  167  174  184  195  208
  223  240  252  265  270  276  269  272  263  265  257  260  252  255  248  254
  249  257  253  259  256  261  260  267  270  277  279  284  281  277  263  250
  231  222  206  202  190  186  179  163  159                                   
    47.5-180.0 180.0   5.0 450.0                            LAT/LON1/LON2/DLON/H
  177  156  143  129  120  114  110  105   98   93   85   84   80   84   89  100
  109  125  132  143  144  152  152  159  159  167  167  175  177  188  196  211
  226  243  261  275  286  292  290  291  284  284  277  279  272  275  270  272
  270  275  275  279  279  282  280  284  286  292  293  297  292  290  277  265
  244  231  218  210  205  199  203  185  177                                   
    45.0-180.0 180.0   5.0 450.0                            LAT/LON1/LON2/DLON/H
  188  175  160  154  145  140  132  126  117  111  102   97   91   91   93  104
  115  132  141  152  154  161  161  169  171  179  181  185  188  194  202  214
  228  250  269  293  302  316  310  316  304  308  295  300  289  296  287  295
  287  297  292  298  293  294  288  290  290  289  289  289  286  283  274  264
  249  239  225  221  211  211  213  202  188                                   
    42.5-180.0 180.0   5.0 450.0                            LAT/LON1/LON2/DLON/H
  196  184  177  169  165  159  154  145  136  127  119  113  104  101  100  112
  120  140  149  161  164  172  173  184  188  194  195  198  196  201  206  220
  235  258  282  307  319  332  330  333  324  324  313  315  306  310  304  308
  304  308  307  308  303  300  295  292  288  285  280  278  272  270  261  253
  241  232  222  214  210  207  217  206  196                                   
    40.0-180.0 180.0   5.0 450.0                            LAT/LON1/LON2/DLON/H
  193  187  175  177  174  172  168  161  153  147  137  132  120  118  112  123
  131  149  159  173  176  184  187  197  201  208  208  209  209  209  216  228
  243  267  293  323  336  353  350  356  342  346  331  337  325  331  322  327
  319  322  318  319  312  308  298  292  283  272  264  256  252  246  245  238
  232  226  214  212  200  203  204  201  193                                   
    37.5-180.0 180.0   5.0 450.0                            LAT/LON1/LON2/DLON/H
  187  178  172  171  172  171  170  164  159  154  149  145  134  130  123  130
  137  154  164  177  181  189  192  204  210  218  219  220  218  222  228  242
  257  283  309  339  354  374  374  380  369  372  361  366  355  358  349  352
  344  345  340  337  330  325  316  308  293  282  266  258  248  245  238  234
  227  218  206  195  186  184  186  187  187                                   
    35.0-180.0 180.0   5.0 450.0                            LAT/LON1/LON2/DLON/H
  176  169  159  164  164  165  164  163  159  160  156  159  149  145  136  139
  144  157  167  180  185  192  198  210  215  226  224  228  226  231  239  255
  273  301  329  361  377  401  402  410  401  408  401  409  400  403  392  393
  383  380  375  372  364  358  347  335  317  302  282  270  256  247  241  235
  231  221  208  198  184  181  176  179  176                                   
    32.5-180.0 180.0   5.0 450.0                            LAT/LON1/LON2/DLON/H
  174  164  154  153  153  154  154  153  152  155  157  161  157  153  144  146
  147  158  165  179  183  194  198  211  217  227  228  233  232  242  251  273
  297  328  361  393  413  436  441  450  449  460  458  469  458  462  448  451
  440  439  434  431  424  420  413  402  383  366  338  326  296  290  266  266
  247  241  221  206  186  179  171  161  174                                   
    30.0-180.0 180.0   5.0 450.0                            LAT/LON1/LON2/DLON/H
  154  150  142  142  142  145  147  147  145  151  155  163  163  159  151  148
  149  157  165  176  185  195  202  213  219  228  230  236  243  254  276  301
  333  362  394  427  448  471  476  488  491  507  514  524  521  522  515  516
  510  509  505  505  505  502  500  488  477  455  430  403  370  358  337  333
  311  304  270  250  221  199  181  164  154                                   
    27.5-180.0 180.0   5.0 450.0                            LAT/LON1/LON2/DLON/H
  151  166  153  145  145  141  140  140  143  148  153  161  160  159  152  148
  147  154  162  177  187  202  208  218  221  230  234  245  256  274  304  324
  369  390  430  458  485  504  515  531  542  562  575  591  587  593  583  589
  581  586  591  600  604  604  597  589  574  558  531  505  465  445  415  418
  390  381  333  302  251  231  205  168  151                                   
    25.0-180.0 180.0   5.0 450.0                            LAT/LON1/LON2/DLON/H
  167  178  167  162  156  152  144  141  139  143  152  159  159  155  152  145
  145  152  164  177  193  204  213  219  226  231  245  255  277  298  326  352
  391  417  458  482  505  523  533  551  565  589  605  621  623  628  627  636
  645  665  680  694  700  697  688  671  658  642  621  593  555  517  487  480
  463  448  409  360  306  263  248  215  167                                   
    22.5-180.0 180.0   5.0 450.0                            LAT/LON1/LON2/DLON/H
  201  206  196  173  170  159  163  156  149  144  146  153  155  156  152  146
  145  151  163  185  200  216  219  231  232  242  256  273  297  315  348  376
  420  449  486  506  528  545  558  577  597  621  643  656  663  670  676  694
  709  731  747  764  772  766  751  728  707  688  663  632  598  570  542  531
  515  502  468  429  368  322  308  271  201                                   
    20.0-180.0 180.0   5.0 450.0                            LAT/LON1/LON2/DLON/H
  246  245  230  206  186  174  165  164  157  153  144  144  142  145  150  146
  147  153  167  186  207  217  227  233  243  252  272  292  312  338  368  404
  441  470  501  518  531  546  557  578  597  620  639  656  664  675  688  706
  727  747  769  782  792  781  767  736  712  684  644  614  583  566  550  548
  539  531  513  477  434  382  375  335  246                                   
    17.5-180.0 180.0   5.0 450.0                            LAT/LON1/LON2/DLON/H
  287  287  272  242  224  200  194  175  175  159  153  143  132  133  139  146
  150  161  174  197  212  228  233  237  247  262  289  313  334  368  400  436
  467  493  513  525  540  553  568  587  604  624  643  659  671  682  697  713
  730  745  756  765  769  760  742  709  673  624  593  566  549  536  537  527
  526  524  522  501  472  433  424  386  287                                   
    15.0-180.0 180.0   5.0 450.0                            LAT/LON1/LON2/DLON/H
  320  328  308  281  260  237  217  200  181  170  150  143  128  125  126  136
  148  162  175  189  209  220  228  233  247  272  302  332  361  406  438  479
  497  522  526  541  545  562  567  587  597  616  627  645  651  665  677  691
  700  707  721  718  724  708  693  666  612  565  527  505  489  477  460  456
  465  477  494  487  479  449  447  415  320                                   
    12.5-180.0 180.0   5.0 450.0                            LAT/LON1/LON2/DLON/H
  337  344  327  302  281  264  244  223  206  182  162  143  132  123  121  132
  143  161  168  187  197  213  218  231  249  284  317  357  393  440  471  502
  520  532  539  544  554  565  574  585  600  611  620  635  639  655  664  675
  676  680  677  675  678  669  656  626  581  522  488  456  439  413  396  387
  395  415  440  451  462  453  451  428  337                                   
    10.0-180.0 180.0   5.0 450.0                            LAT/LON1/LON2/DLON/H
  336  342  330  308  289  269  256  239  214  185  160  142  130  120  114  123
  132  147  162  176  191  200  215  232  258  297  334  381  421  463  481  512
  520  531  537  541  553  563  573  584  593  604  607  618  621  632  643  650
  646  641  640  630  638  623  621  606  564  506  455  417  393  359  337  325
  333  354  380  400  420  420  433  410  336                                   
     7.5-180.0 180.0   5.0 450.0                            LAT/LON1/LON2/DLON/H
  332  331  322  299  281  261  248  230  211  182  162  143  136  119  112  118
  124  139  149  168  175  191  201  232  265  312  352  405  440  472  484  502
