data/unet/pred3450.15i
     1.0            IONOSPHERE MAPS     GNSS                IONEX VERSION / TYPE
pyspatialgeodesy        IME             05-JAN-18 20:20     PGM / RUN BY / DATE 
Map Name                                                    COMMENT             
Predicted global ionosphere maps (GIM).                     DESCRIPTION         
  2015    12    11     0     0     0                        EPOCH OF FIRST MAP  
  2015    12    12     0     0     0                        EPOCH OF LAST MAP   
  7200                                                      INTERVAL            
    13                                                      # OF MAPS IN FILE   
  NONE                                                      MAPPING FUNCTION    
10.0                                                        ELEVATION CUTOFF    
One-way carrier phase leveled to code                       OBSERVABLES USED    
  6371.0                                                    BASE RADIUS         
 2                                                          MAP DIMENSION       
   450.0 450.0   0.0                                        HGT1 / HGT2 / DHGT  
    87.5 -87.5  -2.5                                        LAT1 / LAT2 / DLAT  
  -180.0 180.0   5.0                                        LON1 / LON2 / DLON  
    -1                                                      EXPONENT            
                                                            END OF HEADER       
     1                                                      START OF TEC MAP    
  2015    12    11     0     0     0                        EPOCH OF CURRENT MAP
    87.5-180.0 180.0   5.0 450.0                            LAT/LON1/LON2/DLON/H
  112   85   80   75   76   72   75   72   75   72   74   71   73   69   72   68
   71   67   70   66   69   65   68   64   67   63   66   63   65   62   65   62
   66   63   66   64   67   65   69   66   70   68   72   70   73   71   74   71
   74   72   75   72   75   72   75   72   75   72   75   72   75   72   75   71
   75   72   75   73   79   75   86   99  112                                   
    85.0-180.0 180.0   5.0 450.0                            LAT/LON1/LON2/DLON/H
   95   67   67   66   66   61   64   61   63   60   62   58   61   57   60   55
   58   53   56   51   53   48   51   46   48   44   46   42   44   41   44   41
   44   42   46   44   49   47   52   51   56   55   59   58   62   61   64   62
   65   63   66   63   66   63   66   63   65   62   65   61   64   61   64   61
   64   61   64   61   66   55   60   86   95                                   
    82.5-180.0 180.0   5.0 450.0                            LAT/LON1/LON2/DLON/H
   89   68   67   69   68   63   65   62   64   61   63   60   63   59   62   58
   60   56   57   53   54   49   50   45   45   40   41   37   39   34   38   34
   38   36   41   40   45   44   51   50   57   55   62   61   66   64   69   65
   69   65   69   65   69   64   68   63   67   61   65   60   65   60   64   60
   65   61   67   63   68   59   64   85   89                                   
    80.0-180.0 180.0   5.0 450.0                            LAT/LON1/LON2/DLON/H
   91   74   73   75   71   69   68   68   67   66   67   66   66   65   66   65
   64   62   62   59   58   55   53   50   47   44   43   40   39   36   37   36
   37   37   41   42   46   48   53   56   60   62   66   68   71   72   73   73
   74   72   72   71   70   68   68   65   65   63   63   61   62   60   62   62
   65   65   68   68   70   64   69   89   91                                   
    77.5-180.0 180.0   5.0 450.0                            LAT/LON1/LON2/DLON/H
   95   77   76   77   72   69   69   68   67   67   67   66   66   65   65   64
   63   61   61   58   57   54   52   49   46   43   41   38   36   34   34   32
   33   33   37   39   42   45   50   54   58   62   66   68   70   71   72   71
   71   69   68   66   64   62   60   57   56   53   53   50   51   50   52   53
   56   57   63   64   68   64   71   88   95                                   
    75.0-180.0 180.0   5.0 450.0                            LAT/LON1/LON2/DLON/H
   97   83   82   84   78   75   73   72   70   70   70   68   67   66   64   62
   60   59   57   57   55   53   51   49   46   44   42   40   38   37   36   36
   36   37   40   42   45   48   52   56   60   64   67   70   71   72   71   70
   68   66   64   61   58   56   53   51   48   46   44   43   42   43   45   47
   51   55   60   65   68   68   76   94   97                                   
    72.5-180.0 180.0   5.0 450.0                            LAT/LON1/LON2/DLON/H
  105   91   92   91   86   82   79   76   74   72   71   69   66   62   60   55
   53   50   50   48   48   47   47   46   45   43   42   40   40   39   39   39
   39   40   43   44   47   48   53   55   59   61   65   66   67   66   66   63
   61   57   55   51   49   46   44   41   40   37   36   34   35   35   39   41
   47   51   60   65   73   75   84   98  105                                   
    70.0-180.0 180.0   5.0 450.0                            LAT/LON1/LON2/DLON/H
  109  100  101  101   95   90   87   83   81   78   76   72   67   60   55   49
   45   41   41   40   41   41   43   43   44   43   44   43   43   43   44   44
   44   44   46   46   48   48   51   52   55   56   59   60   60   59   57   54
   51   48   45   42   41   39   38   37   36   34   33   32   33   34   38   41
   47   53   63   71   80   84   95  108  109                                   
    67.5-180.0 180.0   5.0 450.0                            LAT/LON1/LON2/DLON/H
  120  112  114  111  104   98   95   91   89   86   82   76   69   60   52   43
   38   33   33   32   35   36   40   40   43   43   46   46   47   47   47   46
   46   45   46   45   45   44   46   46   48   48   51   50   51   47   47   42
   40   36   36   34   35   34   36   35   37   35   36   35   37   37   42   45
   52   58   69   78   88   94  105  116  120                                   
    65.0-180.0 180.0   5.0 450.0                            LAT/LON1/LON2/DLON/H
  125  122  123  120  111  105  101   98   96   93   89   82   74   62   52   41
   35   29   29   28   32   34   38   40   43   44   46   47   48   48   48   47
   46   45   44   42   40   39   39   38   39   39   41   41   41   38   37   33
   31   28   28   28   31   32   36   37   40   40   42   43   45   48   52   56
   62   69   78   87   97  104  115  125  125                                   
    62.5-180.0 180.0   5.0 450.0                            LAT/LON1/LON2/DLON/H
  136  131  132  127  117  110  105  103  102  100   96   89   80   67   55   43
   36   30   29   29   32   34   38   39   42   43   45   45   46   45   45   43
   42   39   38   35   34   31   31   30   31   30   33   32   32   29   28   24
   23   20   23   23   29   31   37   39   44   45   49   51   56   59   65   68
   75   80   89   97  107  113  123  132  136                                   
    60.0-180.0 180.0   5.0 450.0                            LAT/LON1/LON2/DLON/H
  141  140  140  134  122  114  109  107  106  105  102   96   87   74   61   49
   41   35   34   33   35   35   37   38   39   40   41   41   41   40   39   37
   36   33   32   30   29   26   26   25   26   26   28   28   28   25   24   20
   19   17   20   21   27   31   37   40   46   50   55   60   68   73   79   84
   91   96  103  109  117  122  131  138  141                                   
    57.5-180.0 180.0   5.0 450.0                            LAT/LON1/LON2/DLON/H
  155  153  152  143  131  123  116  114  113  112  109  103   95   84   72   61
   53   47   43   41   41   40   39   37   38   36   37   36   37   35   34   31
   30   28   27   27   26   25   25   25   26   27   29   29   29   26   24   20
   19   18   20   22   28   32   37   41   48   52   60   67   78   85   94  100
  108  112  119  124  130  134  139  146  155                                   
    55.0-180.0 180.0   5.0 450.0                            LAT/LON1/LON2/DLON/H
  168  167  167  158  144  135  127  123  120  118  114  109  102   93   84   74
   66   59   54   49   46   43   40   37   35   34   34   33   33   32   30   28
   27   26   27   28   29   29   30   30   32   33   36   36   35   32   30   25
   24   21   23   25   30   32   37   41   48   54   63   73   86   95  107  115
  124  130  136  140  145  147  153  157  168                                   
    52.5-180.0 180.0   5.0 450.0                            LAT/LON1/LON2/DLON/H
  189  186  187  178  164  155  145  138  132  128  122  116  110  104   96   89
   81   74   66   59   54   48   43   38   36   35   34   34   34   32   30   29
   28   29   31   34   37   39   39   41   42   44   46   46   45   43   39   35
   32   29   29   30   33   35   39   42   49   54   65   75   90  101  115  126
  138  147  154  159  162  163  166  172  189                                   
    50.0-180.0 180.0   5.0 450.0                            LAT/LON1/LON2/DLON/H
  207  207  209  202  189  180  167  158  148  139  130  123  117  112  106  100
   93   83   75   65   58   51   45   41   39   38   38   38   38   37   35   33
   34   36   40   44   48   51   52   54   56   58   60   60   59   56   52   47
   43   39   38   38   39   41   44   47   53   59   69   80   96  108  123  136
  152  162  171  176  179  178  182  186  207                                   
    47.5-180.0 180.0   5.0 450.0                            LAT/LON1/LON2/DLON/H
  225  223  228  225  217  208  195  182  166  153  140  131  124  120  115  110
  101   92   81   71   63   57   52   48   47   46   46   46   46   45   43   42
   42   45   50   55   60   63   64   66   68   71   72   73   72   69   65   60
   56   52   49   48   49   50   53   55   60   66   76   86  101  113  129  143
  160  173  184  191  193  193  194  201  225                                   
    45.0-180.0 180.0   5.0 450.0                            LAT/LON1/LON2/DLON/H
  236  237  245  246  239  233  218  205  185  168  151  140  132  127  123  116
  107   94   84   74   68   64   61   58   58   57   57   57   56   54   52   51
   51   55   60   66   71   73   75   76   79   81   84   85   84   81   77   72
   67   63   60   58   59   60   62   65   70   76   85   95  108  119  133  147
  165  180  192  201  203  204  204  211  236                                   
    42.5-180.0 180.0   5.0 450.0                            LAT/LON1/LON2/DLON/H
  238  239  250  254  254  248  237  221  202  182  162  150  141  136  129  122
  110   98   87   79   76   74   73   72   70   69   67   66   64   63   60   58
   59   62   66   72   77   79   80   82   84   88   91   92   91   88   85   80
   76   71   69   67   69   69   72   74   80   86   95  104  115  125  137  149
  166  181  194  204  209  209  208  218  238                                   
    40.0-180.0 180.0   5.0 450.0                            LAT/LON1/LON2/DLON/H
  228  231  242  246  248  247  238  226  209  189  169  156  148  142  136  126
  114  102   92   87   87   88   88   86   84   80   76   73   70   68   65   63
   64   66   70   75   80   82   84   85   89   92   96   97   97   94   90   85
   82   77   75   73   76   77   80   83   91   97  107  116  125  132  142  152
  167  181  194  204  209  210  210  218  228                                   
    37.5-180.0 180.0   5.0 450.0                            LAT/LON1/LON2/DLON/H
  214  215  222  226  228  230  227  220  207  191  173  162  155  149  142  133
  121  111  103  101  103  105  105  101   95   88   82   77   74   71   68   67
   67   69   72   76   80   83   84   87   91   96  100  101  100   97   93   87
   84   79   78   76   80   81   86   89   99  106  118  126  135  141  150  157
  169  180  193  202  207  208  209  217  214                                   
    35.0-180.0 180.0   5.0 450.0                            LAT/LON1/LON2/DLON/H
  201  202  207  205  203  207  207  206  197  184  172  163  159  155  149  140
  131  122  117  116  119  120  117  109  100   90   83   78   74   72   71   71
   72   73   76   78   83   85   88   90   95  100  105  106  105  100   95   90
   87   82   81   78   82   83   89   93  105  113  126  134  145  150  158  163
  173  182  195  202  207  209  213  222  201                                   
    32.5-180.0 180.0   5.0 450.0                            LAT/LON1/LON2/DLON/H
  203  199  200  193  185  186  188  190  184  177  168  165  164  162  158  151
  144  138  134  134  133  130  123  112  100   91   84   80   78   77   78   79
   79   81   82   84   86   89   91   95  100  106  111  112  109  103   98   93
   89   84   83   79   83   84   90   95  108  118  134  145  156  161  168  173
  182  191  202  209  214  216  225  234  203                                   
    30.0-180.0 180.0   5.0 450.0                            LAT/LON1/LON2/DLON/H
  220  220  217  202  187  183  183  182  178  172  168  166  169  169  168  163
  158  153  149  145  140  131  120  107   98   91   88   88   90   92   95   97
   97   97   96   96   98   99  101  104  110  115  121  120  116  110  104   98
   93   86   83   79   81   82   90   96  112  124  144  157  171  176  186  191
  200  209  219  228  230  236  251  261  220                                   
    27.5-180.0 180.0   5.0 450.0                            LAT/LON1/LON2/DLON/H
  261  258  258  237  215  205  199  195  186  179  173  174  176  179  178  176
  173  168  160  152  139  126  111  101   95   96   99  107  113  119  123  126
  124  121  116  113  112  113  113  116  120  125  129  128  122  115  109  102
   95   87   82   76   76   77   85   95  110  127  148  166  181  191  201  211
  220  233  244  251  255  262  283  293  261                                   
    25.0-180.0 180.0   5.0 450.0                            LAT/LON1/LON2/DLON/H
  314  326  324  300  273  258  242  229  214  202  192  188  189  190  189  187
  185  177  165  149  131  114  101   96   99  109  122  135  147  154  159  161
  157  150  140  134  131  130  130  130  134  136  139  136  130  122  114  106
   98   89   81   75   73   74   83   93  112  130  153  172  189  199  214  224
  238  252  265  276  285  302  332  340  314                                   
    22.5-180.0 180.0   5.0 450.0                            LAT/LON1/LON2/DLON/H
  381  405  406  382  356  334  312  287  262  240  222  212  206  203  199  197
  192  182  164  143  121  105   96   99  113  135  156  176  190  197  200  200
  191  179  164  154  148  146  144  143  144  144  145  141  135  126  119  110
  103   91   82   73   72   72   81   94  116  138  162  183  199  211  224  238
  255  272  288  303  321  343  378  381  381                                   
    20.0-180.0 180.0   5.0 450.0                            LAT/LON1/LON2/DLON/H
  451  491  489  473  451  428  395  363  328  295  266  247  232  220  212  206
  199  185  162  137  116  104  103  116  141  170  199  222  235  241  240  236
  221  205  184  171  163  160  156  154  152  151  151  146  140  130  123  114
  107   96   84   77   74   76   85  100  125  148  174  195  213  223  240  254
  276  295  317  335  357  384  424  425  451                                   
    17.5-180.0 180.0   5.0 450.0                            LAT/LON1/LON2/DLON/H
  510  548  549  548  540  520  483  444  399  359  322  290  265  245  229  219
  206  189  163  139  122  118  127  149  179  213  244  266  274  275  269  259
  239  218  194  179  171  168  164  160  157  154  153  148  144  132  125  116
  109   97   86   77   75   79   90  108  137  165  191  214  233  246  262  279
  299  322  346  367  388  412  448  455  510                                   
    15.0-180.0 180.0   5.0 450.0                            LAT/LON1/LON2/DLON/H
  547  590  592  598  603  593  561  523  473  428  382  345  309  279  256  240
  224  204  177  157  148  154  171  200  231  267  290  303  302  294  282  267
  243  219  195  182  174  171  167  161  157  153  153  147  144  133  126  116
  109   97   88   83   82   88  101  122  152  181  208  233  252  267  282  299
  320  342  368  387  408  432  469  473  547                                   
    12.5-180.0 180.0   5.0 450.0                            LAT/LON1/LON2/DLON/H
  558  595  603  619  630  628  606  577  533  489  440  398  356  320  291  271
  251  230  208  194  193  210  233  266  294  314  323  320  308  292  276  257
  233  211  191  180  174  172  167  161  155  151  150  145  141  131  124  116
  107   97   89   86   88   98  113  137  169  200  229  253  273  288  306  323
  341  363  387  405  424  445  474  481  558                                   
    10.0-180.0 180.0   5.0 450.0                            LAT/LON1/LON2/DLON/H
  551  587  595  615  632  634  623  604  572  534  490  447  404  366  333  309
  290  272  252  245  253  279  308  333  346  348  338  323  301  280  260  241
  219  201  187  180  176  173  167  159  154  149  149  144  142  131  125  115
  110  100   97   95  100  109  126  150  180  212  239  265  282  301  319  337
  355  375  397  414  432  449  476  477  551                                   
     7.5-180.0 180.0   5.0 450.0                            LAT/LON1/LON2/DLON/H
  534  557  567  587  605  613  609  602  582  557  520  484  443  407  373  350
  332  316  303  303  319  346  370  382  376  357  332  303  278  257  240  224
