data/unet/pred3440.15i
     1.0            IONOSPHERE MAPS     GNSS                IONEX VERSION / TYPE
pyspatialgeodesy        IME             05-JAN-18 20:20     PGM / RUN BY / DATE 
Map Name                                                    COMMENT             
Predicted global ionosphere maps (GIM).                     DESCRIPTION         
  2015    12    10     0     0     0                        EPOCH OF FIRST MAP  
  2015    12    11     0     0     0                        EPOCH OF LAST MAP   
  7200                                                      INTERVAL            
    13                                                      # OF MAPS IN FILE   
  NONE                                                      MAPPING FUNCTION    
10.0                                                        ELEVATION CUTOFF    
One-way carrier phase leveled to code                       OBSERVABLES USED    
  6371.0                                                    BASE RADIUS         
 2                                                          MAP DIMENSION       
   450.0 450.0   0.0                                        HGT1 / HGT2 / DHGT  
    87.5 -87.5  -2.5                                        LAT1 / LAT2 / DLAT  
  -180.0 180.0   5.0                                        LON1 / LON2 / DLON  
    -1                                                      EXPONENT            
                                                            END OF HEADER       
[from data line 429]
     2                                                      START OF TEC MAP    
  2015    12    10     2     0     0                        EPOCH OF CURRENT MAP
    87.5-180.0 180.0   5.0 450.0                            LAT/LON1/LON2/DLON/H
   73   63   56   48   50   46   47   46   47   45   46   44   45   43   44   42
   43   41   42   40   41   39   40   37   39   37   39   36   39   36   39   36
   40   37   41   39   43   41   45   44   48   46   50   49   52   51   54   53
   55   54   57   55   57   55   57   56   58   56   58   56   58   55   58   55
   58   54   57   55   62   55   66   66   73                                   
    85.0-180.0 180.0   5.0 450.0                            LAT/LON1/LON2/DLON/H
   67   72   52   54   52   49   49   48   49   47   48   47   46   45   45   44
   43   41   42   40   39   37   37   35   34   32   32   31   31   30   31   31
   32   33   35   36   38   39   42   43   46   47   50   51   53   53   56   55
   57   56   58   57   58   57   58   57   58   57   58   57   58   57   58   58
   58   57   58   57   59   53   60   80   67                                   
    82.5-180.0 180.0   5.0 450.0                            LAT/LON1/LON2/DLON/H
   67   62   57   56   55   52   53   50   53   49   52   48   51   46   50   45
   48   42   45   40   42   36   38   32   33   28   29   26   27   25   27   26
   29   29   33   34   38   40   45   47   51   53   57   58   62   61   65   62
   65   61   64   60   62   58   61   57   59   56   59   57   59   57   60   59
   61   60   63   62   64   58   74   88   67                                   
    80.0-180.0 180.0   5.0 450.0                            LAT/LON1/LON2/DLON/H
   70   59   56   53   53   48   50   47   49   47   49   47   49   48   49   48
   49   46   46   42   41   36   36   30   30   24   25   21   22   19   22   20
   24   24   30   31   37   38   46   46   54   53   60   59   64   61   65   61
   63   59   61   56   58   53   55   51   53   49   53   50   54   52   57   55
   61   59   65   63   66   58   65   82   70                                   
    77.5-180.0 180.0   5.0 450.0                            LAT/LON1/LON2/DLON/H
   69   63   56   59   50   52   46   50   45   49   46   51   48   53   50   53
   49   52   47   48   42   42   36   36   28   29   23   24   19   22   19   23
   22   28   29   36   36   44   46   54   54   61   60   65   62   66   61   63
   57   58   53   54   48   49   45   47   43   45   43   47   45   50   50   55
   55   62   62   68   67   66   72   86   69                                   
    75.0-180.0 180.0   5.0 450.0                            LAT/LON1/LON2/DLON/H
   75   65   61   61   55   51   48   48   46   47   47   49   49   52   52   53
   51   52   50   49   45   43   39   36   32   30   27   26   24   24   24   25
   26   29   33   37   41   45   50   54   57   60   62   63   62   62   60   58
   53   51   48   45   42   40   39   37   37   37   38   39   41   45   48   53
   57   62   67   72   75   71   75   89   75                                   
    72.5-180.0 180.0   5.0 450.0                            LAT/LON1/LON2/DLON/H
   82   76   70   67   57   54   48   49   44   47   44   49   46   50   47   50
   46   49   45   46   41   42   37   37   32   33   29   30   26   28   26   29
   28   32   33   39   40   46   48   54   54   59   58   60   56   57   52   51
   45   43   38   37   32   32   30   31   29   32   32   36   38   43   47   53
   57   65   70   77   81   80   87   95   82                                   
    70.0-180.0 180.0   5.0 450.0                            LAT/LON1/LON2/DLON/H
   93   86   77   76   66   59   54   50   48   47   46   46   46   45   45   44
   44   43   43   41   42   39   40   37   38   36   37   35   36   35   36   35
   36   37   40   41   44   46   50   51   53   54   54   53   51   48   45   41
   38   34   33   29   30   28   30   29   33   32   37   39   45   48   55   59
   67   73   82   88   94   93   97  104   93                                   
    67.5-180.0 180.0   5.0 450.0                            LAT/LON1/LON2/DLON/H
  105  100   92   87   73   67   58   57   50   51   45   47   40   43   37   39
   34   36   33   36   33   37   35   38   37   41   40   42   40   42   39   40
   37   39   38   41   40   43   43   46   44   47   45   46   41   40   35   34
   29   29   26   28   26   31   31   35   37   42   44   49   53   59   64   70
   76   84   91   99  105  105  112  112  105                                   
    65.0-180.0 180.0   5.0 450.0                            LAT/LON1/LON2/DLON/H
  115  109  100   98   85   76   67   62   57   53   49   46   43   39   36   33
   33   31   32   32   35   34   38   38   42   43   46   46   47   45   44   41
   40   38   38   37   38   38   39   39   39   40   39   38   34   33   30   28
   26   25   27   28   32   35   42   45   53   56   62   66   73   77   84   87
   95   99  108  113  118  117  120  119  115                                   
    62.5-180.0 180.0   5.0 450.0                            LAT/LON1/LON2/DLON/H
  125  119  111  104   90   82   71   68   59   58   49   48   38   37   29   29
   25   26   25   28   29   32   33   37   39   44   45   47   45   45   41   39
   34   33   30   32   29   31   30   32   30   31   29   30   26   25   22   22
   19   22   23   29   33   41   47   56   62   70   76   84   90   96  102  106
  111  114  120  123  127  126  131  124  125                                   
    60.0-180.0 180.0   5.0 450.0                            LAT/LON1/LON2/DLON/H
  130  123  114  110   98   87   78   70   66   59   54   47   42   35   32   28
   29   26   29   29   33   31   35   35   41   41   45   44   45   41   39   33
   31   27   28   26   27   27   27   27   27   28   26   27   24   23   21   21
   21   23   27   32   40   48   58   66   78   85   95  104  112  118  123  126
  130  131  133  134  135  132  133  128  130                                   
    57.5-180.0 180.0   5.0 450.0                            LAT/LON1/LON2/DLON/H
  138  132  122  114  100   92   79   75   66   63   53   50   40   38   30   31
   28   30   29   31   30   31   30   33   35   39   40   42   39   37   31   28
   23   23   22   24   24   26   25   26   25   26   25   26   23   23   20   21
   21   24   27   34   40   52   61   74   85   97  107  116  125  131  138  140
  144  143  145  142  142  137  140  130  138                                   
    55.0-180.0 180.0   5.0 450.0                            LAT/LON1/LON2/DLON/H
  146  138  127  122  110   98   88   79   73   64   59   50   46   38   37   34
   37   34   37   34   35   31   31   30   34   35   39   37   37   32   30   24
   24   23   26   27   30   31   31   31   31   32   31   32   30   30   28   28
   28   30   33   40   48   58   70   82   96  107  117  126  136  143  150  154
  156  157  155  153  149  145  142  136  146                                   
    52.5-180.0 180.0   5.0 450.0                            LAT/LON1/LON2/DLON/H
  160  152  141  132  119  109   95   88   76   71   59   55   46   45   39   41
   39   42   38   39   33   32   28   29   30   35   36   38   35   33   27   26
   24   27   30   34   36   38   37   38   36   38   36   38   35   36   33   34
   32   35   36   44   51   64   74   87   99  110  119  127  138  146  156  161
  166  166  166  162  160  154  152  144  160                                   
    50.0-180.0 180.0   5.0 450.0                            LAT/LON1/LON2/DLON/H
  174  162  152  149  137  125  110  100   87   76   66   58   53   48   47   45
   47   44   44   38   37   30   29   27   32   33   39   38   39   34   33   29
   32   34   41   44   49   49   49   48   48   49   48   49   47   46   45   44
   44   45   47   53   62   73   83   95  106  114  121  130  140  150  160  168
  173  176  176  175  170  165  160  153  174                                   
    47.5-180.0 180.0   5.0 450.0                            LAT/LON1/LON2/DLON/H
  189  182  173  166  153  143  127  115   99   88   73   66   58   57   51   52
   48   48   42   41   35   33   30   32   33   39   41   44   42   41   38   38
   39   44   50   55   58   59   58   56   55   56   56   57   55   55   53   54
   51   54   55   64   71   84   93  104  111  118  123  130  140  149  161  171
  179  185  187  187  185  177  173  163  189                                   
    45.0-180.0 180.0   5.0 450.0                            LAT/LON1/LON2/DLON/H
  201  192  186  182  172  161  146  133  114  100   85   75   68   64   60   55
   53   47   45   39   38   35   35   36   41   43   49   49   51   48   48   46
   50   53   60   64   68   68   68   66   66   67   68   68   67   66   66   65
   65   67   70   76   85   97  106  114  119  123  127  132  141  151  162  174
  182  190  193  194  192  188  184  174  201                                   
    42.5-180.0 180.0   5.0 450.0                            LAT/LON1/LON2/DLON/H
  209  206  198  193  182  174  159  147  128  113   95   87   76   74   66   63
   54   52   46   46   43   45   44   48   48   53   54   57   56   57   53   54
   55   60   64   69   71   71   69   68   68   70   72   73   71   72   71   72
   71   75   78   87   97  110  117  124  127  129  132  135  144  152  164  175
  184  193  197  201  200  197  193  180  209                                   
    40.0-180.0 180.0   5.0 450.0                            LAT/LON1/LON2/DLON/H
  211  203  198  195  187  179  166  156  138  123  106   97   88   84   77   70
   63   58   55   55   57   58   59   60   61   61   63   62   64   61   62   60
   63   64   70   72   74   74   73   72   74   78   80   81   80   79   79   80
   82   84   90   98  110  122  129  137  139  142  142  147  153  161  170  180
  188  194  199  202  201  199  196  183  211                                   
    37.5-180.0 180.0   5.0 450.0                            LAT/LON1/LON2/DLON/H
  207  202  191  186  178  174  163  156  140  128  112  106   98   96   87   82
   74   72   70   74   75   78   76   77   71   71   67   68   65   66   64   65
   65   68   70   72   73   73   72   72   76   80   83   83   82   81   80   82
   83   88   96  105  118  129  139  146  151  153  156  159  164  171  178  187
  192  199  201  204  204  202  199  184  207                                   
    35.0-180.0 180.0   5.0 450.0                            LAT/LON1/LON2/DLON/H
  203  190  178  173  167  163  156  151  139  129  116  113  108  106  100   94
   88   87   88   92   94   95   93   87   82   76   72   69   70   69   70   69
   71   71   74   75   76   76   75   77   81   86   89   88   86   83   82   82
   84   90   98  109  123  138  148  158  163  168  171  175  180  184  190  195
  201  204  208  208  208  205  202  189  203                                   
    32.5-180.0 180.0   5.0 450.0                            LAT/LON1/LON2/DLON/H
  205  194  175  162  154  149  143  139  130  124  115  115  113  115  109  107
  102  104  104  110  110  110  102   96   85   80   73   72   70   73   72   74
   74   76   77   78   78   79   78   80   84   89   92   89   86   81   79   79
   83   88   99  110  130  145  160  171  180  186  190  193  197  200  204  209
  214  218  221  222  223  218  216  200  205                                   
    30.0-180.0 180.0   5.0 450.0                            LAT/LON1/LON2/DLON/H
  220  201  180  164  151  143  136  133  125  120  115  116  117  119  116  114
  112  113  115  116  115  110  102   93   86   81   79   78   80   81   84   84
   86   86   87   88   87   87   86   87   92   94   96   91   87   80   78   77
   80   84   97  115  136  157  175  189  201  209  215  217  221  221  225  229
  235  238  243  244  246  239  236  225  220                                   
    27.5-180.0 180.0   5.0 450.0                            LAT/LON1/LON2/DLON/H
  257  239  211  184  168  152  143  134  125  118  114  115  117  120  118  119
  117  118  115  115  108  103   93   89   82   84   83   87   89   94   95   97
   97   98   98   98   96   94   92   92   94   97   96   91   84   78   74   73
   75   81   95  115  140  165  185  204  217  230  236  239  241  243  248  255
  264  273  279  281  284  278  273  263  257                                   
    25.0-180.0 180.0   5.0 450.0                            LAT/LON1/LON2/DLON/H
  314  293  264  228  205  182  167  151  139  127  120  119  119  119  118  117
  115  111  105   98   91   84   81   80   84   90   98  104  108  111  110  112
  111  111  110  110  106  104   99   96   98   96   95   86   80   71   68   66
   70   76   93  115  145  173  198  219  239  251  260  259  262  262  273  283
  298  309  321  329  334  329  320  314  314                                   
    22.5-180.0 180.0   5.0 450.0                            LAT/LON1/LON2/DLON/H
  382  372  346  305  270  236  215  187  171  150  139  130  125  121  116  114
  109  102   90   80   69   68   68   77   88  103  115  123  127  128  126  126
  123  121  119  117  113  108  101   97   95   94   90   82   73   67   62   62
   67   75   96  122  153  184  210  235  255  272  279  280  280  283  292  311
  331  351  366  379  391  392  388  373  382                                   
    20.0-180.0 180.0   5.0 450.0                            LAT/LON1/LON2/DLON/H
  453  459  444  406  364  323  277  238  208  181  163  150  138  130  120  115
  105   93   77   64   56   59   70   86  107  124  139  146  147  146  141  139
  133  131  125  123  115  111  102   97   93   88   85   75   68   59   57   57
   66   79  105  134  168  199  226  251  276  293  303  301  303  306  319  341
  366  389  411  430  450  457  455  436  453                                   
    17.5-180.0 180.0   5.0 450.0                            LAT/LON1/LON2/DLON/H
  510  523  514  490  456  409  361  308  263  229  205  183  167  149  136  125
  111   96   75   64   60   71   88  110  131  150  164  166  166  160  152  145
  137  130  125  121  115  106   98   91   85   82   77   70   62   55   53   57
   70   88  120  153  188  218  245  272  299  315  324  328  330  334  346  371
  399  426  449  474  495  508  514  491  510                                   
    15.0-180.0 180.0   5.0 450.0                            LAT/LON1/LON2/DLON/H
  565  584  591  572  543  494  439  383  330  287  248  218  195  174  159  147
  132  115   95   86   89  104  127  146  167  179  189  187  181  172  159  149
  138  131  124  119  110  103   92   85   80   75   73   66   61   53   53   59
   77  100  135  172  207  239  265  291  316  334  347  352  357  366  379  402
  429  454  478  504  531  545  556  537  565                                   
    12.5-180.0 180.0   5.0 450.0                            LAT/LON1/LON2/DLON/H
  577  614  620  620  598  555  496  438  384  341  295  263  233  213  196  183
  170  153  138  134  143  161  180  197  210  215  215  206  194  176  162  148
  137  126  120  113  106   95   87   81   75   71   67   62   57   53   54   64
   86  113  152  191  228  256  284  309  330  349  359  368  378  389  402  424
  449  472  493  519  545  563  576  560  577                                   
    10.0-180.0 180.0   5.0 450.0                            LAT/LON1/LON2/DLON/H
  582  615  633  639  628  588  541  480  432  386  350  309  277  249  234  222
  211  199  188  189  203  224  243  250  250  240  229  212  195  177  162  149
  135  127  120  113  102   94   86   82   76   73   70   65   62   56   59   70
   95  124  165  205  239  267  294  315  337  353  366  376  389  406  420  440
  461  480  500  523  549  567  579  572  582                                   
     7.5-180.0 180.0   5.0 450.0                            LAT/LON1/LON2/DLON/H
  560  589  607  623  618  589  549  502  458  423  391  359  325  301  284  274
  265  256  253  262  278  295  304  299  282  258  234  211  193  176  163  149
