data/unet/pred0700.15i
     1.0            IONOSPHERE MAPS     GNSS                IONEX VERSION / TYPE
pyspatialgeodesy        IME             05-JAN-18 20:20     PGM / RUN BY / DATE 
Map Name                                                    COMMENT             
Predicted global ionosphere maps (GIM).                     DESCRIPTION         
  2015     3    11     0     0     0                        EPOCH OF FIRST MAP  
  2015     3    12     0     0     0                        EPOCH OF LAST MAP   
  7200                                                      INTERVAL            
    13                                                      # OF MAPS IN FILE   
  NONE                                                      MAPPING FUNCTION    
10.0                                                        ELEVATION CUTOFF    
One-way carrier phase leveled to code                       OBSERVABLES USED    
  6371.0                                                    BASE RADIUS         
 2                                                          MAP DIMENSION       
   450.0 450.0   0.0                                        HGT1 / HGT2 / DHGT  
    87.5 -87.5  -2.5                                        LAT1 / LAT2 / DLAT  
  -180.0 180.0   5.0                                        LON1 / LON2 / DLON  
    -1                                                      EXPONENT            
                                                            END OF HEADER       
[from data line 4290]
    11                                                      START OF TEC MAP    
  2015     3    11    20     0     0                        EPOCH OF CURRENT MAP
    87.5-180.0 180.0   5.0 450.0                            LAT/LON1/LON2/DLON/H
  206  183  173  175  173  172  171  171  171  171  172  172  173  173  174  174
  174  174  173  173  172  171  170  169  168  167  165  165  163  162  160  160
  158  158  156  156  155  155  154  153  153  153  153  152  153  153  154  154
  155  156  157  159  160  163  164  166  167  169  170  171  172  173  174  175
  175  177  177  177  179  178  176  181  206                                   
    85.0-180.0 180.0   5.0 450.0                            LAT/LON1/LON2/DLON/H
  170  166  168  171  170  168  169  168  171  170  173  173  177  175  179  178
  181  178  180  178  179  176  176  173  172  169  167  165  163  161  158  156
  154  152  151  149  148  146  146  144  144  142  143  142  144  142  145  144
  146  146  148  149  151  153  155  158  159  162  162  165  165  168  167  169
  169  170  171  170  171  168  170  174  170                                   
    82.5-180.0 180.0   5.0 450.0                            LAT/LON1/LON2/DLON/H
  163  155  158  161  159  160  160  163  165  169  171  176  178  183  184  188
  188  189  188  188  186  185  181  180  175  173  167  165  159  157  151  149
  144  143  139  138  134  134  131  131  128  129  127  129  128  130  130  133
  134  137  139  142  145  148  152  154  158  160  162  164  165  167  166  167
  165  167  165  165  162  160  154  155  163                                   
    80.0-180.0 180.0   5.0 450.0                            LAT/LON1/LON2/DLON/H
  146  132  134  136  138  140  144  147  153  158  166  171  179  183  189  192
  195  195  195  194  193  189  186  181  177  171  166  161  156  151  147  142
  139  135  133  129  127  124  122  119  117  115  114  111  112  111  114  113
  118  119  124  126  131  133  138  140  144  145  148  147  149  148  148  147
  147  146  145  141  141  137  135  138  146                                   
    77.5-180.0 180.0   5.0 450.0                            LAT/LON1/LON2/DLON/H
  122  116  114  117  120  123  130  134  143  151  161  170  181  188  195  200
  203  204  205  204  202  198  193  187  181  174  168  161  156  149  145  139
  135  131  128  124  121  118  115  111  108  104  102   99   98   97   98   99
  102  104  109  112  117  120  125  127  131  132  134  134  133  133  131  129
  127  125  123  120  117  116  113  117  122                                   
    75.0-180.0 180.0   5.0 450.0                            LAT/LON1/LON2/DLON/H
  107  103  104  110  113  119  126  134  143  155  168  180  191  202  210  217
  220  223  222  221  217  213  207  200  192  183  176  166  161  153  150  144
  141  136  133  129  126  121  117  112  108  104  101   98   95   94   93   93
   94   96  100  102  106  109  113  114  117  117  118  118  117  116  114  113
  111  110  110  107  106  103  107  114  107                                   
    72.5-180.0 180.0   5.0 450.0                            LAT/LON1/LON2/DLON/H
  105  106  107  111  115  119  128  135  148  160  175  188  203  214  224  232
  236  239  239  238  233  228  220  211  203  192  184  174  166  158  153  148
  143  141  136  133  127  124  118  114  107  103   98   95   90   89   86   87
   85   87   87   91   91   94   95   97   98   98   98   98   97   97   95   96
   94   96   96   97   97   98  103  113  105                                   
    70.0-180.0 180.0   5.0 450.0                            LAT/LON1/LON2/DLON/H
  110  114  118  122  126  132  139  148  159  172  188  202  217  229  241  248
  253  256  256  256  252  246  237  227  218  206  197  184  176  166  161  154
  151  145  142  136  132  125  122  115  110  105  101   96   93   90   88   87
   85   85   85   85   85   85   85   84   83   82   81   80   79   79   79   79
   81   85   88   92   96   98  108  120  110                                   
    67.5-180.0 180.0   5.0 450.0                            LAT/LON1/LON2/DLON/H
  124  129  132  137  142  144  153  159  172  184  199  214  228  243  253  261
  265  270  270  271  265  261  252  243  233  220  211  198  188  176  170  162
  156  149  141  136  127  123  115  111  104  102   96   94   88   87   82   83
   79   80   77   79   76   77   73   73   69   68   66   66   65   66   66   68
   69   75   80   88   94  101  113  128  124                                   
    65.0-180.0 180.0   5.0 450.0                            LAT/LON1/LON2/DLON/H
  137  144  151  154  159  163  170  176  187  198  212  226  240  253  262  269
  274  279  281  281  278  274  267  259  249  237  227  214  206  193  186  175
  167  156  146  135  125  116  109  103   99   97   94   91   88   85   81   78
   76   74   74   73   71   69   67   65   62   60   59   58   59   59   62   62
   66   70   77   85   94  103  118  134  137                                   
    62.5-180.0 180.0   5.0 450.0                            LAT/LON1/LON2/DLON/H
  146  153  157  165  169  172  178  184  194  204  216  232  244  258  265  275
  281  287  289  291  288  286  278  272  263  254  244  234  225  214  205  194
  182  167  152  136  121  109   99   93   88   87   85   84   79   76   71   69
   66   65   64   65   64   63   62   60   59   58   56   56   56   59   60   63
   64   68   73   82   92  103  118  135  146                                   
    60.0-180.0 180.0   5.0 450.0                            LAT/LON1/LON2/DLON/H
  150  159  167  174  180  185  192  197  207  215  227  237  248  259  268  277
  285  292  297  300  299  297  290  284  277  269  262  255  248  238  230  218
  204  185  165  144  124  108   97   88   85   83   84   81   78   72   67   62
   60   57   59   59   60   59   61   60   61   60   60   60   63   64   67   66
   69   70   74   80   90  101  117  133  150                                   
    57.5-180.0 180.0   5.0 450.0                            LAT/LON1/LON2/DLON/H
  152  159  164  175  181  187  195  201  211  219  228  237  245  257  267  280
  289  299  303  308  306  304  298  294  287  283  278  275  270  265  255  243
  225  204  180  156  132  113   98   89   84   82   82   79   75   68   61   54
   52   50   53   54   58   59   63   64   68   69   69   70   72   74   74   74
   72   72   74   78   87   98  112  128  152                                   
    55.0-180.0 180.0   5.0 450.0                            LAT/LON1/LON2/DLON/H
  150  161  172  183  192  200  212  219  229  235  241  245  252  258  270  281
  294  303  309  313  313  311  307  303  300  298  296  295  293  290  284  268
  248  224  198  172  147  127  111  100   95   92   92   88   83   74   66   58
   55   54   58   60   65   68   71   75   79   80   82   83   85   86   86   84
   81   79   79   81   88   99  115  130  150                                   
    52.5-180.0 180.0   5.0 450.0                            LAT/LON1/LON2/DLON/H
  154  167  177  192  204  216  231  238  250  252  255  255  258  263  273  287
  299  310  316  319  317  316  313  314  312  315  313  315  312  310  301  287
  262  237  211  185  162  142  126  115  108  105  104   99   93   84   75   67
   64   65   69   73   79   81   86   89   93   95   96   96   97   98   96   94
   90   88   88   90   97  106  118  138  154                                   
    50.0-180.0 180.0   5.0 450.0                            LAT/LON1/LON2/DLON/H
  166  183  198  213  228  244  259  268  278  279  280  275  276  275  285  293
  307  316  322  323  321  319  318  320  324  327  328  330  327  323  312  294
  270  242  217  193  173  157  143  133  126  123  121  116  110  100   92   84
   83   83   88   92   97   99  101  105  108  110  109  109  108  109  106  105
  101  103  105  111  119  129  144  165  166                                   
    47.5-180.0 180.0   5.0 450.0                            LAT/LON1/LON2/DLON/H
  186  205  219  239  255  273  286  298  307  310  308  300  295  293  296  306
  316  326  330  331  327  327  326  331  334  340  338  339  332  325  307  288
  258  233  208  189  174  163  152  144  137  135  132  128  122  114  107  102
  102  104  107  111  113  114  115  117  118  119  117  116  114  114  112  111
  110  114  119  131  141  154  164  194  186                                   
    45.0-180.0 180.0   5.0 450.0                            LAT/LON1/LON2/DLON/H
  213  237  253  271  285  303  317  329  340  342  343  333  328  320  321  326
  334  341  343  341  338  337  337  342  345  348  347  343  333  322  298  272
  243  216  194  179  171  164  157  151  145  142  141  137  134  128  124  120
  121  122  125  125  125  123  123  123  124  123  121  119  117  118  116  118
  118  128  137  152  168  182  198  225  213                                   
    42.5-180.0 180.0   5.0 450.0                            LAT/LON1/LON2/DLON/H
  236  260  274  297  312  329  340  355  363  372  373  367  358  350  348  352
  355  360  358  358  352  352  350  355  355  357  349  343  327  310  280  251
  221  195  178  169  165  162  157  151  146  143  141  140  138  136  134  133
  134  136  136  134  130  128  126  126  126  125  121  120  116  117  115  118
  120  130  141  161  181  203  218  249  236                                   
    40.0-180.0 180.0   5.0 450.0                            LAT/LON1/LON2/DLON/H
  256  282  299  323  337  354  364  378  387  398  400  395  388  381  378  379
  381  382  378  375  370  370  367  370  368  368  358  350  330  310  277  248
  219  195  185  180  176  174  166  159  152  147  145  144  143  142  141  141
  141  141  139  132  128  122  123  121  124  121  120  117  115  117  117  120
  123  133  146  165  191  214  234  260  256                                   
    37.5-180.0 180.0   5.0 450.0                            LAT/LON1/LON2/DLON/H
  266  292  312  338  352  369  377  392  402  418  419  421  413  410  405  408
  408  409  403  402  397  395  391  390  387  382  371  359  341  320  292  262
  238  220  211  207  204  197  186  173  162  152  148  145  145  142  142  140
  141  137  133  125  119  115  115  120  124  123  121  117  115  115  116  117
  118  125  136  156  184  215  236  265  266                                   
    35.0-180.0 180.0   5.0 450.0                            LAT/LON1/LON2/DLON/H
  273  295  323  349  365  381  392  404  418  432  440  442  441  439  437  440
  439  440  435  434  429  428  421  419  409  405  390  382  366  354  335  318
  302  288  280  272  259  248  226  207  187  176  166  161  156  152  146  144
  138  135  127  120  113  112  112  119  126  127  126  124  121  123  121  122
  119  124  131  149  175  205  232  259  273                                   
    32.5-180.0 180.0   5.0 450.0                            LAT/LON1/LON2/DLON/H
  273  298  325  354  370  387  397  412  425  442  452  461  462  466  464  468
  468  470  466  467  463  460  452  445  436  427  420  416  413  412  416  415
  412  397  387  365  339  305  272  244  220  201  191  180  173  162  155  145
  140  130  123  115  113  114  121  126  135  136  138  135  134  133  130  126
  120  115  120  132  157  192  224  256  273                                   
    30.0-180.0 180.0   5.0 450.0                            LAT/LON1/LON2/DLON/H
  278  300  336  362  379  397  408  421  437  455  468  479  483  487  489  493
  492  494  492  494  489  484  473  468  459  455  455  464  476  490  488  485
  483  476  455  442  420  387  337  292  262  244  226  215  198  187  171  163
  149  143  135  134  131  138  142  152  154  157  153  151  145  142  136  132
  127  122  122  130  149  182  219  254  278                                   
    27.5-180.0 180.0   5.0 450.0                            LAT/LON1/LON2/DLON/H
  284  309  339  371  391  411  422  437  447  465  478  488  496  501  506  509
  512  514  514  514  508  499  488  484  483  488  505  525  548  553  583  602
  609  593  560  521  482  441  401  349  309  281  261  245  231  215  203  191
  180  170  164  164  166  173  178  180  179  174  170  161  158  155  157  152
  145  134  134  139  154  181  219  258  284                                   
    25.0-180.0 180.0   5.0 450.0                            LAT/LON1/LON2/DLON/H
  295  315  355  389  412  437  450  464  476  495  509  516  521  524  525  529
  532  535  534  533  524  515  504  504  512  529  561  581  613  654  686  714
  707  694  642  602  536  479  430  391  351  320  292  271  251  235  222  212
  205  199  198  200  204  211  211  214  205  197  182  172  159  154  147  151
  144  150  144  152  168  191  228  266  295                                   
    22.5-180.0 180.0   5.0 450.0                            LAT/LON1/LON2/DLON/H
  305  327  366  404  436  461  479  496  511  533  547  550  556  552  553  552
  556  556  554  552  542  530  524  530  551  583  612  645  703  735  759  784
  777  759  707  645  569  497  434  390  365  338  311  287  268  256  249  248
  245  246  245  247  250  250  246  234  223  210  202  192  180  166  156  150
  145  143  152  167  188  218  246  285  305                                   
    20.0-180.0 180.0   5.0 450.0                            LAT/LON1/LON2/DLON/H
  323  339  383  423  452  488  503  531  555  587  600  605  602  599  593  593
  588  586  579  575  564  554  551  567  598  627  672  725  758  790  806  817
  788  757  695  632  553  481  419  374  352  334  318  298  285  276  279  281
  291  288  294  292  294  285  275  257  237  221  206  197  184  175  167  162
  159  161  163  184  211  239  266  300  323                                   
    17.5-180.0 180.0   5.0 450.0                            LAT/LON1/LON2/DLON/H
  328  353  394  435  465  501  536  567  599  626  641  642  642  635  625  622
  616  608  599  597  589  585  587  602  639  681  738  776  799  815  810  797
  754  710  640  577  498  430  377  341  323  310  299  289  286  287  297  310
  321  327  329  328  326  311  293  269  244  224  205  191  177  170  165  166
  166  169  178  191  222  258  284  318  328                                   
    15.0-180.0 180.0   5.0 450.0                            LAT/LON1/LON2/DLON/H
  342  361  407  444  478  517  552  586  619  652  677  690  689  688  673  670
  652  651  635  632  616  615  617  642  683  730  776  800  811  803  781  745
  693  626  557  472  419  358  322  298  289  281  282  280  290  298  320  336
  350  355  360  356  348  326  302  271  246  220  202  186  172  165  159  161
  165  172  185  200  226  259  290  326  342                                   
    12.5-180.0 180.0   5.0 450.0                            LAT/LON1/LON2/DLON/H
  337  367  408  450  479  524  563  605  637  672  701  722  732  734  728  709
  697  680  666  654  646  646  655  684  727  771  800  811  800  778  738  692
  618  541  470  399  342  293  276  263  262  263  270  282  297  316  336  357
  369  373  374  366  352  331  299  272  241  218  196  182  167  157  153  155
  160  170  182  199  222  259  290  329  337                                   
    10.0-180.0 180.0   5.0 450.0                            LAT/LON1/LON2/DLON/H
  338  365  414  451  486  527  567  607  645  680  716  745  766  774  775  765
  755  746  730  718  697  697  705  738  771  796  809  798  774  737  682  605
  535  462  399  337  293  260  254  252  261  269  283  300  323  340  361  377
  386  383  376  356  337  312  285  258  235  207  195  175  169  157  156  152
  158  164  178  194  219  253  286  326  338                                   
     7.5-180.0 180.0   5.0 450.0                            LAT/LON1/LON2/DLON/H
  329  367  415  459  489  536  576  624  659  695  727  759  783  796  807  797
  797  784  781  763  754  743  753  776  801  811  802  778  736  687  621  557
