data/unet/pred1450.15i
     1.0            IONOSPHERE MAPS     GNSS                IONEX VERSION / TYPE
pyspatialgeodesy        IME             05-JAN-18 20:20     PGM / RUN BY / DATE 
Map Name                                                    COMMENT             
Predicted global ionosphere maps (GIM).                     DESCRIPTION         
  2015     5    25     0     0     0                        EPOCH OF FIRST MAP  
  2015     5    26     0     0     0                        EPOCH OF LAST MAP   
  7200                                                      INTERVAL            
    13                                                      # OF MAPS IN FILE   
  NONE                                                      MAPPING FUNCTION    
10.0                                                        ELEVATION CUTOFF    
One-way carrier phase leveled to code                       OBSERVABLES USED    
  6371.0                                                    BASE RADIUS         
 2                                                          MAP DIMENSION       
   450.0 450.0   0.0                                        HGT1 / HGT2 / DHGT  
    87.5 -87.5  -2.5                                        LAT1 / LAT2 / DLAT  
  -180.0 180.0   5.0                                        LON1 / LON2 / DLON  
    -1                                                      EXPONENT            
                                                            END OF HEADER       
[from data line 3432]
     9                                                      START OF TEC MAP    
  2015     5    25    16     0     0                        EPOCH OF CURRENT MAP
    87.5-180.0 180.0   5.0 450.0                            LAT/LON1/LON2/DLON/H
  184  188  185  186  188  187  189  188  190  190  192  190  192  191  192  190
  191  189  190  187  188  185  185  182  182  178  178  175  174  171  170  168
  167  166  165  163  164  162  163  162  163  162  163  162  163  163  164  163
  165  164  166  165  167  167  168  168  169  169  170  171  172  172  173  174
  176  177  179  179  179  179  187  195  184                                   
    85.0-180.0 180.0   5.0 450.0                            LAT/LON1/LON2/DLON/H
  172  177  181  184  189  187  192  189  194  191  196  192  197  193  197  192
  196  191  194  189  191  186  188  182  183  178  177  172  172  167  165  161
  161  157  156  153  154  151  152  150  151  150  152  151  153  153  155  155
  157  158  160  161  163  163  165  166  168  168  169  170  172  172  174  174
  177  176  180  178  177  174  178  171  172                                   
    82.5-180.0 180.0   5.0 450.0                            LAT/LON1/LON2/DLON/H
  179  175  177  179  183  185  189  191  194  195  198  199  200  201  201  200
  200  198  197  194  192  189  186  183  180  177  173  170  167  164  160  158
  154  153  149  149  146  146  144  145  143  144  143  145  146  147  148  151
  152  154  155  158  159  161  162  164  164  166  166  167  168  168  169  168
  170  169  171  171  172  166  176  161  179                                   
    80.0-180.0 180.0   5.0 450.0                            LAT/LON1/LON2/DLON/H
  169  166  170  175  179  183  187  191  193  197  198  202  202  205  204  206
  204  205  201  201  197  195  191  190  185  184  178  177  173  171  166  166
  160  159  153  153  149  148  144  146  143  144  142  145  144  147  146  150
  151  154  155  159  160  163  164  166  167  169  168  170  170  171  169  170
  168  171  168  169  166  167  166  156  169                                   
    77.5-180.0 180.0   5.0 450.0                            LAT/LON1/LON2/DLON/H
  159  159  162  168  172  178  182  188  190  194  197  200  201  204  204  206
  205  205  202  202  198  196  192  191  187  184  180  178  174  172  169  167
  164  161  157  155  152  149  147  146  144  143  142  143  143  145  146  149
  150  153  155  158  159  162  163  165  165  167  167  168  167  167  165  165
  164  164  162  161  158  155  155  144  159                                   
    75.0-180.0 180.0   5.0 450.0                            LAT/LON1/LON2/DLON/H
  152  155  161  165  173  176  185  186  192  193  200  200  206  206  210  209
  212  208  210  204  205  199  198  195  192  189  186  184  182  180  178  176
  174  171  168  165  162  159  156  153  152  150  150  150  150  152  153  154
  156  159  161  163  165  167  168  169  170  171  172  171  172  170  170  167
  166  165  164  160  158  155  153  143  152                                   
    72.5-180.0 180.0   5.0 450.0                            LAT/LON1/LON2/DLON/H
  150  156  162  168  173  179  184  189  191  196  200  204  206  209  211  212
  212  210  207  205  201  199  195  194  191  190  187  187  185  185  182  182
  179  177  173  172  168  165  161  160  156  156  155  156  155  157  157  159
  159  162  163  164  165  167  167  168  167  169  168  169  167  167  164  164
  160  160  157  155  151  148  150  141  150                                   
    70.0-180.0 180.0   5.0 450.0                            LAT/LON1/LON2/DLON/H
  150  159  165  171  178  180  188  188  195  196  203  205  211  212  217  216
  218  214  212  207  205  200  198  195  194  192  190  191  191  190  190  189
  188  185  182  179  176  172  168  166  163  162  161  161  161  162  163  163
  164  164  166  165  166  166  166  165  166  165  166  164  166  165  165  163
  162  160  159  155  154  152  153  144  150                                   
    67.5-180.0 180.0   5.0 450.0                            LAT/LON1/LON2/DLON/H
  156  167  170  176  180  186  189  193  195  200  204  208  212  214  218  218
  219  214  210  205  202  197  194  192  189  188  187  187  187  188  188  189
  187  186  183  181  177  174  170  169  166  166  165  167  165  168  166  168
  165  167  166  166  163  164  161  162  158  159  157  159  158  160  158  159
  156  157  154  153  150  149  155  147  156                                   
    65.0-180.0 180.0   5.0 450.0                            LAT/LON1/LON2/DLON/H
  159  171  178  182  189  189  196  193  200  199  207  208  216  216  221  219
  221  215  212  205  202  197  194  191  189  188  187  187  187  187  189  190
  190  189  187  185  182  179  176  173  172  171  171  171  172  173  172  171
  169  168  167  164  163  162  160  157  156  154  154  153  155  156  157  156
  157  156  157  154  154  154  158  153  159                                   
    62.5-180.0 180.0   5.0 450.0                            LAT/LON1/LON2/DLON/H
  163  179  183  189  192  197  197  201  200  204  205  210  214  216  219  219
  219  214  209  202  199  193  190  187  186  183  183  182  182  183  184  186
  188  187  186  185  182  180  176  176  173  175  174  177  174  177  172  174
  168  168  164  164  160  159  154  154  149  150  147  149  148  150  150  152
  150  151  150  148  147  149  160  151  163                                   
    60.0-180.0 180.0   5.0 450.0                            LAT/LON1/LON2/DLON/H
  157  173  183  190  197  197  202  200  204  202  207  206  213  212  217  215
  216  210  207  200  196  191  188  186  185  184  183  183  183  184  186  188
  190  191  191  191  188  186  183  183  181  182  183  184  184  183  180  177
  173  170  167  164  162  160  156  155  151  150  149  148  149  148  149  148
  148  147  148  145  146  147  154  152  157                                   
    57.5-180.0 180.0   5.0 450.0                            LAT/LON1/LON2/DLON/H
  151  171  178  188  194  200  202  204  204  205  205  208  209  212  212  214
  213  208  203  197  192  187  185  182  182  181  183  182  185  185  188  190
  193  194  195  195  193  192  189  191  188  192  192  196  192  193  186  184
  175  174  167  167  162  162  158  158  153  153  149  150  147  146  144  144
  142  141  140  137  136  137  146  144  151                                   
    55.0-180.0 180.0   5.0 450.0                            LAT/LON1/LON2/DLON/H
  141  158  170  181  192  198  204  203  207  205  208  206  210  209  213  212
  213  207  203  196  191  187  184  184  182  186  185  190  190  193  195  199
  201  203  203  205  203  202  200  201  201  202  203  204  202  201  196  192
  184  178  174  169  167  167  164  163  160  159  156  154  151  148  146  142
  140  137  136  131  129  131  136  139  141                                   
    52.5-180.0 180.0   5.0 450.0                            LAT/LON1/LON2/DLON/H
  135  151  162  175  186  197  202  208  208  210  209  209  209  210  210  214
  211  209  203  199  192  189  184  184  184  186  190  193  198  200  205  207
  210  210  212  212  212  212  211  213  211  214  212  214  210  209  203  198
  188  184  177  174  170  170  167  167  164  164  159  158  152  148  143  139
  136  132  130  125  121  123  128  130  135                                   
    50.0-180.0 180.0   5.0 450.0                            LAT/LON1/LON2/DLON/H
  130  142  154  167  183  194  206  208  213  212  214  211  212  210  213  214
  215  212  207  202  195  194  188  191  188  196  196  206  208  215  216  221
  220  222  223  224  224  225  225  226  226  225  225  225  221  219  212  208
  199  194  187  182  180  177  175  175  174  173  171  166  162  154  149  141
  138  132  131  125  122  122  124  126  130                                   
    47.5-180.0 180.0   5.0 450.0                            LAT/LON1/LON2/DLON/H
  130  142  151  164  178  192  204  213  216  219  218  218  217  217  217  220
  219  217  211  207  200  198  193  194  194  199  205  212  220  224  228  230
  231  232  233  234  235  236  238  238  236  237  235  235  229  227  220  216
  205  202  195  193  187  187  182  182  178  180  175  172  164  159  150  144
  138  135  131  126  121  119  119  123  130                                   
    45.0-180.0 180.0   5.0 450.0                            LAT/LON1/LON2/DLON/H
  132  141  150  161  176  189  205  212  220  223  224  223  222  222  224  228
  228  226  221  215  208  206  199  203  200  209  212  226  230  238  239  244
  243  246  245  248  249  252  252  251  249  248  245  243  239  234  229  223
  216  209  204  198  195  191  189  186  185  186  184  181  176  167  161  152
  149  143  141  133  130  126  125  127  132                                   
    42.5-180.0 180.0   5.0 450.0                            LAT/LON1/LON2/DLON/H
  136  146  152  162  174  188  204  216  225  231  233  233  232  230  231  235
  236  235  230  224  220  216  213  214  215  218  226  234  243  249  254  257
  260  262  265  266  269  269  270  266  264  259  256  252  248  244  239  233
  223  218  210  206  198  197  190  189  187  189  188  185  181  175  168  161
  156  151  147  139  134  131  129  131  136                                   
    40.0-180.0 180.0   5.0 450.0                            LAT/LON1/LON2/DLON/H
  140  145  150  158  170  181  198  210  224  233  238  241  240  242  242  248
  249  250  245  238  233  232  227  231  228  234  236  250  256  267  271  280
  283  289  291  295  293  294  292  288  282  276  270  265  258  255  248  241
  231  224  217  209  204  198  195  191  193  195  197  194  192  185  182  173
  168  162  157  149  142  137  135  137  140                                   
    37.5-180.0 180.0   5.0 450.0                            LAT/LON1/LON2/DLON/H
  141  146  149  156  165  176  192  207  224  236  244  248  250  250  252  255
  259  259  255  250  247  246  246  246  246  246  251  261  273  285  296  304
  313  322  327  329  325  320  314  307  300  293  286  279  272  268  262  255
  243  235  224  217  207  204  197  198  196  201  202  201  198  192  187  181
  175  168  163  151  144  139  136  138  141                                   
    35.0-180.0 180.0   5.0 450.0                            LAT/LON1/LON2/DLON/H
  139  140  140  147  154  164  182  197  218  235  245  254  256  262  262  268
  267  270  265  262  258  261  260  264  261  266  269  285  296  312  322  334
  345  357  363  365  359  353  346  335  327  317  308  299  289  281  273  265
  254  244  233  221  211  203  200  197  199  203  208  209  208  202  198  190
  185  176  169  156  148  139  138  140  139                                   
    32.5-180.0 180.0   5.0 450.0                            LAT/LON1/LON2/DLON/H
  134  134  132  139  143  156  173  191  214  233  247  255  262  263  269  269
  274  272  272  270  271  274  277  280  280  284  291  305  321  338  355  371
  391  401  409  408  400  389  377  362  351  338  325  315  302  294  281  272
  257  248  233  224  210  203  198  199  199  204  206  210  209  207  200  196
  187  180  171  159  149  140  137  138  134                                   
    30.0-180.0 180.0   5.0 450.0                            LAT/LON1/LON2/DLON/H
  128  121  118  125  129  143  161  181  205  229  243  256  260  268  268  274
  274  279  276  278  277  287  290  298  299  307  316  334  350  370  391  416
  435  450  453  452  441  430  415  399  384  365  349  333  319  305  292  277
  262  248  235  224  212  204  198  196  197  201  205  207  210  206  205  196
  191  182  174  160  153  138  136  135  128                                   
    27.5-180.0 180.0   5.0 450.0                            LAT/LON1/LON2/DLON/H
  127  119  113  115  118  132  150  175  201  225  245  257  265  268  271  273
  278  279  284  284  290  296  304  310  318  327  342  361  382  406  432  458
  482  494  498  490  479  462  444  425  409  387  369  350  331  317  300  286
  266  253  236  227  211  208  200  199  197  199  203  206  206  206  201  198
  187  181  171  161  152  139  134  133  127                                   
    25.0-180.0 180.0   5.0 450.0                            LAT/LON1/LON2/DLON/H
  129  120  113  114  116  130  146  169  192  222  240  259  261  272  270  278
  280  287  289  295  300  309  314  326  334  351  367  392  414  439  464  495
  517  529  527  518  503  485  466  449  430  409  390  368  351  331  315  297
  278  263  248  237  217  208  201  202  196  195  196  197  200  196  199  190
  187  178  174  163  157  142  138  133  129                                   
    22.5-180.0 180.0   5.0 450.0                            LAT/LON1/LON2/DLON/H
  136  124  117  116  118  131  146  169  191  220  242  259  268  274  276  282
  288  294  302  308  316  321  331  341  355  372  393  419  440  465  492  518
  538  544  541  526  510  488  471  453  440  419  402  378  359  341  324  308
  290  277  261  239  213  206  194  192  188  193  190  192  192  192  188  186
  180  176  171  164  158  147  140  135  136                                   
    20.0-180.0 180.0   5.0 450.0                            LAT/LON1/LON2/DLON/H
  139  128  120  118  120  133  149  171  190  216  236  258  266  278  276  288
  294  307  312  324  329  338  344  361  374  396  416  440  461  482  504  521
  536  537  532  514  497  478  463  451  439  423  406  386  367  349  333  320
  303  288  267  243  222  208  197  192  184  190  185  184  183  180  179  175
  176  171  172  163  160  147  143  135  139                                   
    17.5-180.0 180.0   5.0 450.0                            LAT/LON1/LON2/DLON/H
  138  132  123  119  121  134  151  174  192  216  238  257  273  283  291  298
  310  322  330  341  346  353  362  378  394  415  432  455  472  490  505  515
  526  522  515  494  480  462  456  445  441  422  411  387  371  351  339  323
  308  290  267  245  223  210  199  192  186  184  180  178  175  174  171  170
  169  168  166  161  154  146  140  132  138                                   
    15.0-180.0 180.0   5.0 450.0                            LAT/LON1/LON2/DLON/H
  138  131  123  116  119  129  150  170  193  213  235  254  271  285  295  309
  321  339  345  360  362  372  381  399  414  430  446  464  478  486  495  495
  504  497  491  475  464  455  451  447  443  428  414  395  378  361  347  333
  315  295  272  249  233  216  206  194  187  179  174  169  167  165  165  163
  164  163  164  156  152  144  143  129  138                                   
    12.5-180.0 180.0   5.0 450.0                            LAT/LON1/LON2/DLON/H
  130  128  120  112  113  122  143  166  188  209  233  254  275  289  303  321
  339  357  365  378  378  389  396  415  426  443  454  471  479  483  487  486
  489  482  476  465  459  451  456  451  451  431  421  397  385  365  354  336
  319  292  266  242  223  209  199  190  180  174  168  165  161  161  160  161
  161  162  159  153  145  142  136  120  130                                   
    10.0-180.0 180.0   5.0 450.0                            LAT/LON1/LON2/DLON/H
  123  119  116  105  108  112  136  157  186  208  236  258  281  297  312  331
  352  372  382  394  396  406  415  431  442  454  462  473  479  479  481  477
  478  472  469  463  462  460  464  465  460  446  428  409  391  373  358  341
  319  291  263  239  220  203  195  183  179  170  165  160  155  153  152  153
  155  155  153  146  139  133  128  109  123                                   
     7.5-180.0 180.0   5.0 450.0                            LAT/LON1/LON2/DLON/H
  103  109  107   98   97  103  124  148  177  201  234  256  281  299  313  338
  355  381  390  403  405  416  421  440  450  463  469  480  485  488  485  484
