data/unet/pred3320.15i
     1.0            IONOSPHERE MAPS     GNSS                IONEX VERSION / TYPE
pyspatialgeodesy        IME             05-JAN-18 20:20     PGM / RUN BY / DATE 
Map Name                                                    COMMENT             
Predicted global ionosphere maps (GIM).                     DESCRIPTION         
  2015    11    28     0     0     0                        EPOCH OF FIRST MAP  
  2015    11    29     0     0     0                        EPOCH OF LAST MAP   
  7200                                                      INTERVAL            
    13                                                      # OF MAPS IN FILE   
  NONE                                                      MAPPING FUNCTION    
10.0                                                        ELEVATION CUTOFF    
One-way carrier phase leveled to code                       OBSERVABLES USED    
  6371.0                                                    BASE RADIUS         
 2                                                          MAP DIMENSION       
   450.0 450.0   0.0                                        HGT1 / HGT2 / DHGT  
    87.5 -87.5  -2.5                                        LAT1 / LAT2 / DLAT  
  -180.0 180.0   5.0                                        LON1 / LON2 / DLON  
    -1                                                      EXPONENT            
                                                            END OF HEADER       
[from data line 2574]
     7                                                      START OF TEC MAP    
  2015    11    28    12     0     0                        EPOCH OF CURRENT MAP
    87.5-180.0 180.0   5.0 450.0                            LAT/LON1/LON2/DLON/H
   60   64   58   62   58   59   57   59   57   58   56   57   56   56   55   54
   53   53   52   51   50   50   48   48   47   48   47   47   46   47   46   46
   46   46   46   46   47   46   47   47   48   48   49   49   50   51   50   52
   51   54   52   55   53   56   55   57   56   58   56   58   57   59   56   58
   57   59   57   59   58   56   64   58   60                                   
    85.0-180.0 180.0   5.0 450.0                            LAT/LON1/LON2/DLON/H
   69   62   52   50   51   50   51   51   51   50   51   49   50   49   49   48
   49   48   48   47   47   48   48   48   49   50   50   51   51   53   53   54
   54   55   55   56   55   56   56   56   55   55   54   54   53   53   53   52
   53   52   53   53   54   53   55   54   56   55   56   54   55   54   54   53
   54   52   53   51   53   53   61   56   69                                   
    82.5-180.0 180.0   5.0 450.0                            LAT/LON1/LON2/DLON/H
   62   54   43   42   38   39   37   39   36   38   35   37   35   36   34   35
   33   35   32   35   32   36   33   37   34   40   37   42   39   45   42   48
   44   50   45   50   45   49   44   48   43   46   41   44   40   42   39   41
   39   42   40   43   41   44   42   45   43   46   43   46   43   46   42   45
   41   44   40   42   39   38   38   33   62                                   
    80.0-180.0 180.0   5.0 450.0                            LAT/LON1/LON2/DLON/H
   52   38   36   32   34   31   34   32   34   31   33   31   33   30   33   30
   33   30   32   29   31   28   32   29   33   31   35   35   38   39   42   43
   45   46   48   47   47   46   45   44   42   40   39   37   36   34   35   34
   35   34   36   36   38   38   41   41   43   41   44   41   42   39   41   37
   38   34   36   32   35   28   32   25   52                                   
    77.5-180.0 180.0   5.0 450.0                            LAT/LON1/LON2/DLON/H
   44   32   24   24   22   24   23   26   24   26   25   27   27   27   29   28
   30   28   30   27   28   27   27   28   28   31   32   37   37   43   43   48
   47   52   49   53   49   51   46   48   42   43   37   37   32   32   30   31
   29   32   31   35   34   38   38   41   39   42   38   40   35   36   33   32
   29   28   25   24   23   20   23   12   44                                   
    75.0-180.0 180.0   5.0 450.0                            LAT/LON1/LON2/DLON/H
   35   25   23   21   21   21   23   23   23   23   25   25   28   27   30   30
   33   31   34   31   33   30   31   30   32   33   37   38   43   46   51   54
   56   60   61   63   60   61   57   55   50   49   44   41   36   35   33   32
   31   32   33   35   36   39   40   42   42   42   42   39   38   34   34   30
   28   25   25   21   22   16   23   12   35                                   
    72.5-180.0 180.0   5.0 450.0                            LAT/LON1/LON2/DLON/H
   32   26   18   19   18   18   19   20   21   21   23   25   28   29   34   34
   37   37   39   38   38   36   36   36   38   40   44   48   52   58   62   66
   69   73   74   76   73   74   69   67   61   58   53   50   45   43   40   37
   36   36   37   38   41   42   43   44   44   44   42   42   38   36   33   31
   28   27   24   21   20   17   21   10   32                                   
    70.0-180.0 180.0   5.0 450.0                            LAT/LON1/LON2/DLON/H
   34   25   21   19   19   20   21   21   22   22   25   27   31   34   36   38
   40   40   41   40   41   40   40   40   42   44   48   54   59   66   71   77
   81   87   87   90   86   87   81   80   73   71   66   62   56   53   49   46
   43   43   42   43   43   44   45   45   46   45   45   43   42   38   37   33
   33   30   30   26   26   23   27   20   34                                   
    67.5-180.0 180.0   5.0 450.0                            LAT/LON1/LON2/DLON/H
   39   31   23   22   22   22   22   23   22   24   27   30   34   36   40   40
   43   41   43   41   42   41   42   42   45   50   54   61   67   75   81   87
   92   96   99  100   99   98   94   91   86   84   80   76   71   66   60   55
   51   48   47   44   45   43   44   42   43   42   42   41   40   38   38   36
   36   35   35   32   32   28   31   26   39                                   
    65.0-180.0 180.0   5.0 450.0                            LAT/LON1/LON2/DLON/H
   44   33   27   23   23   23   23   23   23   25   28   32   35   38   40   40
   40   38   38   37   38   37   39   42   45   51   57   65   72   81   88   96
  100  107  107  110  106  107  102  103   97   98   93   93   85   82   72   68
   58   56   48   46   40   40   36   36   35   36   37   37   39   37   40   38
   40   39   41   39   39   36   39   37   44                                   
    62.5-180.0 180.0   5.0 450.0                            LAT/LON1/LON2/DLON/H
   47   40   29   26   25   24   24   24   24   25   28   32   35   37   38   38
   36   33   33   32   34   33   37   39   45   53   60   70   77   87   95  103
  108  113  113  116  114  114  110  111  109  109  106  104   99   92   83   75
   67   59   51   45   41   36   34   31   31   30   31   32   33   34   36   38
   40   42   44   44   44   41   43   44   47                                   
    60.0-180.0 180.0   5.0 450.0                            LAT/LON1/LON2/DLON/H
   50   40   33   27   27   25   26   24   26   25   29   31   34   35   35   32
   30   25   26   24   26   27   32   36   44   54   62   73   82   94  103  114
  117  123  120  124  118  121  115  118  114  118  113  115  105  102   87   82
   68   63   49   45   36   33   28   28   26   26   27   28   31   32   36   37
   41   41   46   46   48   45   47   47   50                                   
    57.5-180.0 180.0   5.0 450.0                            LAT/LON1/LON2/DLON/H
   51   44   32   28   26   25   25   25   25   25   27   30   32   32   31   29
   25   23   20   20   21   23   29   36   46   58   68   81   92  105  114  126
  129  134  132  133  130  128  126  125  126  125  126  122  117  108   98   86
   76   65   55   46   41   34   32   28   27   26   27   28   29   31   33   36
   39   42   45   47   49   47   49   50   51                                   
    55.0-180.0 180.0   5.0 450.0                            LAT/LON1/LON2/DLON/H
   53   45   36   30   30   29   29   27   29   27   29   30   31   30   29   25
   23   17   15   14   17   21   29   39   51   65   76   90  102  118  126  139
  140  148  143  147  139  140  133  134  132  136  132  131  123  117  103   95
   81   72   60   53   43   39   34   33   31   31   32   33   34   34   37   37
   41   41   46   46   50   49   52   50   53                                   
    52.5-180.0 180.0   5.0 450.0                            LAT/LON1/LON2/DLON/H
   56   52   38   36   33   32   32   32   31   30   31   31   33   30   30   26
   23   20   17   18   20   27   35   48   62   76   89  102  116  129  139  150
  153  157  157  156  153  150  147  145  145  144  143  140  133  125  114  102
   92   81   72   63   56   50   48   44   44   42   42   42   42   42   42   41
   42   43   46   49   52   51   54   54   56                                   
    50.0-180.0 180.0   5.0 450.0                            LAT/LON1/LON2/DLON/H
   60   56   49   43   44   42   43   39   39   36   37   35   35   33   32   28
   27   23   23   23   27   35   46   62   76   91  102  116  128  141  149  160
  163  169  166  167  163  161  158  157  156  155  152  149  141  133  123  112
  101   93   83   76   68   63   59   58   56   56   55   55   53   52   51   49
   50   48   52   52   57   57   61   58   60                                   
    47.5-180.0 180.0   5.0 450.0                            LAT/LON1/LON2/DLON/H
   67   66   55   56   52   51   49   48   45   43   43   41   40   36   37   34
   35   32   33   35   39   49   61   79   93  106  117  128  139  149  156  163
  167  170  170  171  171  169  170  167  168  164  162  158  151  144  133  122
  113  104   97   88   82   76   73   70   69   68   66   66   64   62   60   58
   56   56   58   59   63   62   67   68   67                                   
    45.0-180.0 180.0   5.0 450.0                            LAT/LON1/LON2/DLON/H
   72   73   68   64   67   63   63   57   58   52   52   47   47   43   43   42
   44   42   44   46   53   65   80   97  109  123  131  140  147  155  159  166
  167  173  172  177  178  181  180  179  178  175  170  167  160  154  144  134
  124  115  107   99   90   85   80   78   75   74   72   71   70   68   67   64
   64   63   66   65   69   69   73   77   72                                   
    42.5-180.0 180.0   5.0 450.0                            LAT/LON1/LON2/DLON/H
   75   80   73   75   72   71   68   66   64   61   60   57   54   50   50   50
   52   51   55   58   66   80   95  112  124  135  142  148  151  153  155  157
  159  164  168  174  182  184  188  185  186  179  176  171  166  161  151  142
  132  123  114  103   93   85   80   75   74   73   72   72   72   72   71   70
   69   69   70   70   73   72   77   84   75                                   
    40.0-180.0 180.0   5.0 450.0                            LAT/LON1/LON2/DLON/H
   75   80   79   78   81   77   78   73   74   70   70   64   62   57   58   57
   61   59   65   68   81   95  111  125  137  147  152  156  155  155  152  156
  157  167  172  184  192  198  200  201  196  193  185  183  176  172  162  153
  143  131  121  106   95   83   76   71   70   68   68   68   69   70   72   71
   72   71   73   72   74   73   77   84   75                                   
    37.5-180.0 180.0   5.0 450.0                            LAT/LON1/LON2/DLON/H
   71   78   76   79   78   77   75   75   75   75   75   72   68   64   62   63
   64   65   69   76   88  104  120  136  146  156  159  160  156  153  150  152
  157  167  178  191  202  209  213  210  206  200  193  188  183  179  169  159
  147  137  124  110   96   83   73   68   66   65   65   66   68   70   72   73
   74   73   74   71   71   67   71   81   71                                   
    35.0-180.0 180.0   5.0 450.0                            LAT/LON1/LON2/DLON/H
   65   68   71   69   75   73   75   73   76   76   80   74   74   67   67   65
   68   68   74   83   97  113  129  144  154  162  164  165  160  159  156  163
  169  185  196  215  222  232  231  232  221  219  207  205  196  194  181  171
  157  147  132  118  102   89   77   70   66   65   66   68   68   71   73   73
   73   71   71   67   64   62   66   69   65                                   
    32.5-180.0 180.0   5.0 450.0                            LAT/LON1/LON2/DLON/H
   56   59   56   61   61   64   64   68   69   76   77   79   77   72   70   67
   68   70   76   87  101  119  135  151  159  166  168  169  166  167  170  179
  191  210  231  247  258  260  260  252  245  234  228  219  216  209  200  187
  175  164  152  138  124  111   99   91   86   85   84   84   81   81   80   78
   76   71   69   63   59   54   54   61   56                                   
    30.0-180.0 180.0   5.0 450.0                            LAT/LON1/LON2/DLON/H
   52   49   47   46   54   53   61   60   68   70   79   76   78   70   71   67
   69   70   79   92  108  127  143  156  164  171  176  179  182  189  197  214
  235  261  280  298  302  304  295  291  272  267  253  250  240  234  225  219
  207  201  189  180  165  154  138  130  122  120  119  117  112  109  102   94
   86   76   72   62   57   55   53   47   52                                   
    27.5-180.0 180.0   5.0 450.0                            LAT/LON1/LON2/DLON/H
   54   46   38   41   42   45   50   57   61   71   74   79   78   74   72   68
   70   73   82   97  114  133  148  160  166  173  180  189  199  212  229  253
  281  307  332  341  345  340  333  319  309  296  288  279  271  262  256  250
  247  243  241  233  225  210  197  184  179  173  171  163  156  147  135  122
  110   94   85   73   66   58   52   49   54                                   
    25.0-180.0 180.0   5.0 450.0                            LAT/LON1/LON2/DLON/H
   54   49   38   35   39   37   46   47   56   62   71   70   76   69   70   67
   70   75   87  103  121  141  154  165  169  179  189  205  219  243  265  296
  329  358  379  387  386  378  367  360  343  339  324  322  310  307  296  296
  294  301  302  304  295  285  263  249  239  231  224  213  202  187  170  154
  137  122  105   91   78   73   68   54   54                                   
    22.5-180.0 180.0   5.0 450.0                            LAT/LON1/LON2/DLON/H
   59   60   41   35   30   31   37   44   48   58   64   72   74   71   71   68
   71   77   91  108  127  147  156  166  171  185  200  220  239  265  294  328
  364  391  411  413  412  402  396  385  381  374  366  364  358  353  347  348
  351  362  370  376  372  360  342  323  310  295  282  264  246  226  207  190
  172  154  137  117  103   91   84   70   59                                   
    20.0-180.0 180.0   5.0 450.0                            LAT/LON1/LON2/DLON/H
   72   70   54   41   35   32   36   38   42   46   54   56   67   63   68   65
   71   79   97  115  135  153  163  171  180  199  216  238  258  288  321  360
  397  420  436  436  430  422  417  412  408  408  401  404  396  395  386  392
  396  412  423  434  431  421  396  374  352  335  319  304  283  259  234  215
  198  181  162  147  131  123  112   94   72                                   
    17.5-180.0 180.0   5.0 450.0                            LAT/LON1/LON2/DLON/H
   85   92   71   61   46   40   40   40   41   42   48   53   61   62   65   66
   72   81  100  121  140  157  165  178  191  213  232  255  279  307  341  377
  411  430  441  439  434  429  430  429  434  436  436  438  436  430  426  429
  437  450  465  471  468  451  425  395  370  346  335  319  304  282  259  240
  222  203  186  169  157  146  133  115   85                                   
    15.0-180.0 180.0   5.0 450.0                            LAT/LON1/LON2/DLON/H
  104  106   91   79   66   56   54   48   43   42   41   44   52   54   58   61
   68   83  105  124  146  160  174  188  208  230  250  276  301  330  362  391
  421  435  444  439  435  436  439  448  454  464  469  474  471  464  461  463
  469  481  490  495  487  465  431  397  364  341  330  319  308  290  268  249
  231  212  195  183  170  163  148  133  104                                   
    12.5-180.0 180.0   5.0 450.0                            LAT/LON1/LON2/DLON/H
  116  120  106   96   80   71   65   58   53   46   44   43   50   53   58   63
   71   84  106  130  150  167  185  203  227  248  270  296  320  344  370  393
  415  427  433  435  435  441  450  466  476  491  496  504  497  491  483  484
  484  489  491  493  479  457  416  377  342  315  305  295  290  277  264  249
  234  215  199  185  176  164  153  135  116                                   
    10.0-180.0 180.0   5.0 450.0                            LAT/LON1/LON2/DLON/H
  120  116  108  100   91   82   75   66   61   53   45   43   44   51   54   61
   69   86  111  132  157  174  195  221  246  268  289  313  335  357  374  390
  410  420  427  433  438  449  462  480  493  511  521  524  519  508  501  496
  491  488  487  482  465  439  396  354  317  286  275  264  263  254  246  239
  225  212  195  184  167  163  149  142  120                                   
     7.5-180.0 180.0   5.0 450.0                            LAT/LON1/LON2/DLON/H
  122  116  105   97   90   84   80   74   69   60   50   44   48   53   60   67
   77   95  119  142  166  186  209  235  261  284  304  329  347  363  371  383
