data/unet/pred2670.15i
     1.0            IONOSPHERE MAPS     GNSS                IONEX VERSION / TYPE
pyspatialgeodesy        IME             05-JAN-18 20:20     PGM / RUN BY / DATE 
Map Name                                                    COMMENT             
Predicted global ionosphere maps (GIM).                     DESCRIPTION         
  2015     9    24     0     0     0                        EPOCH OF FIRST MAP  
  2015     9    25     0     0     0                        EPOCH OF LAST MAP   
  7200                                                      INTERVAL            
    13                                                      # OF MAPS IN FILE   
  NONE                                                      MAPPING FUNCTION    
10.0                                                        ELEVATION CUTOFF    
One-way carrier phase leveled to code                       OBSERVABLES USED    
  6371.0                                                    BASE RADIUS         
 2                                                          MAP DIMENSION       
   450.0 450.0   0.0                                        HGT1 / HGT2 / DHGT  
    87.5 -87.5  -2.5                                        LAT1 / LAT2 / DLAT  
  -180.0 180.0   5.0                                        LON1 / LON2 / DLON  
    -1                                                      EXPONENT            
                                                            END OF HEADER       
[from data line 2574]
     7                                                      START OF TEC MAP    
  2015     9    24    12     0     0                        EPOCH OF CURRENT MAP
    87.5-180.0 180.0   5.0 450.0                            LAT/LON1/LON2/DLON/H
  106  112  108  109  107  107  105  106  105  105  104  104  104  104  102  103
  102  103  101  103  101  103  101  104  101  104  101  104  102  103  101  102
  100  101   99   99   98   98   97   98   97   97   96   97   96   96   95   96
   95   96   95   97   97   98   97   99   99  100   99  101  101  103  102  103
  103  105  105  106  106  105  114  100  106                                   
    85.0-180.0 180.0   5.0 450.0                            LAT/LON1/LON2/DLON/H
  111  110  107  104  105  103  105  103  104  101  103  100  102   99  100   97
   99   96   98   96   99   97  100   99  101  100  103  101  104  102  104  102
  104  102  103  100  101   99   99   96   97   95   95   94   94   93   93   93
   93   93   94   93   95   94   96   94   98   96   99   97  101   99  102  100
  104  101  105  104  107  106  111  111  111                                   
    82.5-180.0 180.0   5.0 450.0                            LAT/LON1/LON2/DLON/H
  106  102  103  101  100   98   97   96   95   93   92   90   90   88   88   87
   87   87   87   88   90   91   93   94   97   98  100  100  102  102  103  102
  103  101  101   99   99   96   97   94   94   90   91   88   88   85   87   84
   86   83   85   84   86   85   87   86   89   88   91   90   92   92   94   94
   96   96   98   97   98   97   98   96  106                                   
    80.0-180.0 180.0   5.0 450.0                            LAT/LON1/LON2/DLON/H
   91   86   90   89   89   87   88   85   84   81   81   78   78   75   76   75
   76   76   78   79   82   84   87   90   93   95   98   99  101  102  103  103
  104  102  103  101  100   98   98   95   95   92   92   89   90   86   88   85
   86   84   86   84   86   84   86   85   87   86   87   86   88   87   89   88
   89   88   90   88   89   86   84   88   91                                   
    77.5-180.0 180.0   5.0 450.0                            LAT/LON1/LON2/DLON/H
   78   75   72   75   73   75   72   73   69   69   66   66   63   63   62   64
   63   65   66   71   70   78   79   88   88   96   95  102  101  107  104  109
  104  107  103  104  100  100   98   97   94   93   92   92   90   90   89   89
   87   87   86   86   84   85   83   84   80   82   78   81   76   79   75   78
   74   77   73   74   72   71   71   75   78                                   
    75.0-180.0 180.0   5.0 450.0                            LAT/LON1/LON2/DLON/H
   65   61   62   63   62   63   62   61   59   57   56   53   53   51   53   53
   55   56   60   63   67   73   79   85   89   95   98  104  106  111  111  114
  113  114  111  112  108  108  105  104  102  102  101  101  100  100   99   98
   96   95   93   92   90   88   86   84   82   80   77   76   73   72   69   68
   65   65   63   62   61   59   61   66   65                                   
    72.5-180.0 180.0   5.0 450.0                            LAT/LON1/LON2/DLON/H
   56   55   52   55   55   55   54   54   52   50   49   47   47   46   47   48
   51   52   57   60   65   70   76   84   88   96  100  108  110  116  116  120
  119  120  118  117  115  114  113  111  111  110  110  111  110  109  108  107
  105  103  100   98   95   92   88   85   81   78   74   73   69   68   64   63
   59   58   54   53   52   49   53   56   56                                   
    70.0-180.0 180.0   5.0 450.0                            LAT/LON1/LON2/DLON/H
   50   47   49   49   50   51   52   50   50   47   47   44   45   45   47   48
   51   54   59   61   67   73   80   87   91   99  102  110  112  120  121  126
  124  127  123  127  121  125  120  123  120  123  120  123  120  122  119  118
  115  113  108  105  101   97   92   88   83   79   75   71   69   65   64   59
   58   54   52   49   47   45   48   50   50                                   
    67.5-180.0 180.0   5.0 450.0                            LAT/LON1/LON2/DLON/H
   49   50   46   48   49   50   49   49   47   46   46   45   46   47   49   52
   55   57   61   65   69   75   81   88   93  100  103  111  114  121  123  127
  128  130  130  130  130  129  129  128  130  129  131  130  131  128  127  124
  120  116  111  107  102   97   92   87   82   78   73   72   68   66   63   61
   57   55   51   48   45   42   46   45   49                                   
    65.0-180.0 180.0   5.0 450.0                            LAT/LON1/LON2/DLON/H
   47   46   48   47   48   49   50   48   47   46   46   46   49   51   54   57
   61   63   67   70   74   79   84   91   94  101  102  110  111  119  121  128
  128  135  133  138  134  140  135  141  137  142  137  141  135  137  130  129
  122  120  113  108  102   98   92   87   83   78   76   72   71   67   67   62
   61   56   55   50   48   45   46   45   47                                   
    62.5-180.0 180.0   5.0 450.0                            LAT/LON1/LON2/DLON/H
   49   52   47   49   49   49   47   47   44   44   45   46   50   52   56   60
   63   65   69   71   74   79   83   91   94  101  102  108  110  117  121  127
  131  136  138  141  142  144  145  145  145  144  144  142  141  136  133  127
  123  118  113  107  101   96   90   87   82   80   76   76   72   71   68   65
   62   60   57   52   50   46   48   45   49                                   
    60.0-180.0 180.0   5.0 450.0                            LAT/LON1/LON2/DLON/H
   49   49   50   49   48   48   46   44   41   41   42   45   49   52   58   62
   66   69   72   73   77   80   84   93   94  104  101  110  108  117  120  129
  132  141  143  150  148  154  150  155  150  154  148  150  142  142  133  132
  123  122  113  110  103   99   93   90   87   84   83   80   79   74   73   68
   67   63   63   57   55   51   50   47   49                                   
    57.5-180.0 180.0   5.0 450.0                            LAT/LON1/LON2/DLON/H
   51   54   48   50   49   46   43   40   36   36   36   40   44   48   53   58
   62   65   68   70   74   78   83   92   94  104  103  111  111  121  125  135
  140  149  153  157  160  161  162  161  162  160  158  154  150  143  139  134
  130  125  120  115  110  104  100   97   94   94   91   91   85   84   77   74
   70   67   65   59   58   53   52   46   51                                   
    55.0-180.0 180.0   5.0 450.0                            LAT/LON1/LON2/DLON/H
   50   51   50   49   48   45   41   37   33   32   33   35   39   43   49   53
   59   61   66   68   74   80   85   96   97  109  106  117  115  127  129  142
  146  159  161  170  169  175  171  176  172  174  166  166  156  155  147  145
  139  137  131  127  121  116  112  109  107  106  104  101   95   90   84   77
   74   69   69   64   61   57   54   50   50                                   
    52.5-180.0 180.0   5.0 450.0                            LAT/LON1/LON2/DLON/H
   54   56   49   50   48   44   40   36   30   29   28   31   33   37   41   46
   50   55   60   66   73   81   88   96  101  110  112  121  123  135  140  154
  157  170  173  180  183  186  188  188  188  185  182  175  171  164  162  156
  155  151  149  141  137  131  126  124  121  121  117  114  107  103   93   87
   80   76   74   68   65   59   58   51   54                                   
    50.0-180.0 180.0   5.0 450.0                            LAT/LON1/LON2/DLON/H
   57   56   53   51   52   49   46   39   34   31   31   30   33   34   38   42
   47   53   61   68   75   86   93  104  107  118  118  130  132  145  150  165
  167  184  184  197  196  205  203  208  203  204  196  194  186  183  178  177
  174  172  167  162  154  148  143  139  137  136  133  129  122  115  106   97
   88   82   79   74   70   63   61   57   57                                   
    47.5-180.0 180.0   5.0 450.0                            LAT/LON1/LON2/DLON/H
   64   61   56   57   56   54   51   46   39   37   33   34   32   35   34   40
   44   54   60   71   79   91   97  105  110  120  125  135  140  153  158  173
  178  194  198  209  214  220  222  222  222  219  217  209  207  201  200  196
  195  190  184  176  168  159  153  150  147  147  143  140  134  128  117  108
   98   93   88   82   77   69   68   62   64                                   
    45.0-180.0 180.0   5.0 450.0                            LAT/LON1/LON2/DLON/H
   69   65   62   62   64   62   62   55   52   47   44   40   40   37   39   42
   48   56   66   77   84   95  100  112  113  129  129  145  145  161  163  181
  184  205  207  225  227  238  237  242  239  240  235  230  224  223  219  218
  213  208  198  188  177  167  160  155  153  153  151  149  145  139  130  121
  111  105   98   93   86   77   74   71   69                                   
    42.5-180.0 180.0   5.0 450.0                            LAT/LON1/LON2/DLON/H
   75   71   65   70   70   71   70   68   63   60   54   53   48   47   44   49
   52   63   71   82   89   98  103  111  117  130  138  148  153  163  169  182
  191  208  219  234  242  250  254  257  258  257  253  247  243  238  235  230
  226  218  206  193  181  169  162  158  154  155  151  154  150  147  138  130
  121  115  107  101   92   83   82   80   75                                   
    40.0-180.0 180.0   5.0 450.0                            LAT/LON1/LON2/DLON/H
   81   76   73   73   77   76   79   75   73   68   65   61   59   56   56   56
   61   70   77   88   93  102  105  117  119  137  141  156  157  169  171  187
  193  218  227  250  256  271  273  279  277  277  273  267  262  257  253  248
  241  231  216  201  186  173  165  160  157  156  156  157  155  153  146  140
  132  127  120  113  103   92   88   88   81                                   
    37.5-180.0 180.0   5.0 450.0                            LAT/LON1/LON2/DLON/H
   87   81   74   79   80   82   83   82   81   78   76   73   71   70   69   71
   72   80   87   96  102  107  112  121  127  140  148  159  163  171  175  190
  203  226  245  266  278  291  294  301  299  300  294  289  282  278  272  264
  254  241  228  210  195  181  172  165  162  160  158  161  159  157  152  146
  139  134  124  117  106   95   93   96   87                                   
    35.0-180.0 180.0   5.0 450.0                            LAT/LON1/LON2/DLON/H
   91   86   79   78   81   81   82   82   81   80   78   79   78   81   79   82
   80   89   91  103  103  113  113  126  130  147  153  165  168  179  181  199
  209  238  259  283  296  311  318  325  324  323  318  312  308  302  296  287
  277  264  252  235  217  203  191  181  175  171  168  166  163  161  155  150
  144  139  132  123  112  102  100  100   91                                   
    32.5-180.0 180.0   5.0 450.0                            LAT/LON1/LON2/DLON/H
   95   88   80   83   80   80   81   82   82   81   83   84   89   91   95   94
   96   97  104  110  114  120  122  132  138  152  161  172  178  189  196  212
  227  255  277  303  321  337  345  350  351  350  346  343  339  335  329  321
  310  296  283  268  253  236  224  210  203  192  184  179  172  166  158  152
  144  140  131  124  113  103  101  106   95                                   
    30.0-180.0 180.0   5.0 450.0                            LAT/LON1/LON2/DLON/H
  100   93   85   82   80   78   76   76   75   76   77   83   88   96   97  102
   97  103  103  112  112  121  121  131  138  150  164  178  188  200  210  229
  246  276  300  327  349  362  371  375  375  376  374  374  375  374  372  367
  358  347  331  315  297  282  267  253  239  223  211  200  187  176  163  155
  147  142  135  127  116  108  107  107  100                                   
    27.5-180.0 180.0   5.0 450.0                            LAT/LON1/LON2/DLON/H
  107   96   89   88   81   77   74   73   72   72   75   81   91   97  106  105
  106  105  112  116  122  127  130  137  145  156  171  185  201  215  230  248
  273  304  329  357  373  388  391  396  396  400  401  405  407  411  413  414
  410  403  391  377  359  341  325  305  287  263  243  220  203  186  172  159
  149  144  137  130  120  113  110  112  107                                   
    25.0-180.0 180.0   5.0 450.0                            LAT/LON1/LON2/DLON/H
  114  104   97   94   87   81   73   71   68   67   68   76   85   96  101  105
  102  108  109  118  121  128  128  137  143  158  172  190  210  229  248  274
  305  343  366  387  399  407  407  413  412  420  426  434  442  450  457  462
  463  460  453  442  425  405  383  361  339  313  284  254  224  203  184  172
  160  155  145  141  131  125  121  118  114                                   
    22.5-180.0 180.0   5.0 450.0                            LAT/LON1/LON2/DLON/H
  128  113  107  105   98   88   82   74   70   65   66   69   81   89   99   98
  104  102  113  118  128  132  135  139  148  157  177  193  219  241  268  300
  340  371  395  410  416  425  423  432  433  445  451  463  471  483  494  503
  509  509  506  495  480  456  431  402  378  347  319  285  249  219  198  182
  171  165  156  152  141  136  131  127  128                                   
    20.0-180.0 180.0   5.0 450.0                            LAT/LON1/LON2/DLON/H
  139  129  120  118  108   98   90   79   75   68   63   66   73   83   90   93
   93  102  107  120  126  133  133  142  146  162  176  200  224  252  286  327
  364  398  416  429  431  440  438  449  453  465  476  488  501  513  527  538
  548  550  546  533  512  488  459  433  403  377  346  317  278  245  219  202
  190  184  173  167  155  147  141  138  139                                   
    17.5-180.0 180.0   5.0 450.0                            LAT/LON1/LON2/DLON/H
  155  140  135  134  126  111  104   89   83   72   67   62   69   74   85   84
   91   93  108  118  130  135  141  143  152  161  179  204  231  263  300  341
  379  405  424  438  444  454  456  468  474  485  497  507  520  528  539  550
  556  559  552  537  515  490  462  436  412  386  361  331  302  267  243  223
  210  199  188  176  164  156  154  144  155                                   
    15.0-180.0 180.0   5.0 450.0                            LAT/LON1/LON2/DLON/H
  161  155  149  148  138  125  114   99   89   79   68   62   63   71   76   79
   82   92  101  119  128  139  143  151  153  169  181  212  239  274  311  353
  383  414  429  448  453  464  472  482  494  503  517  526  534  538  549  553
  559  558  552  533  509  482  456  435  412  394  369  350  321  297  270  252
  235  225  208  195  178  173  165  157  161                                   
    12.5-180.0 180.0   5.0 450.0                            LAT/LON1/LON2/DLON/H
  168  156  152  151  144  133  123  107   98   84   73   63   64   67   74   78
   87   95  111  127  143  151  161  163  169  175  191  223  252  287  324  362
  393  420  437  456  462  476  487  501  509  519  529  537  539  539  537  540
  536  533  520  505  482  463  439  424  406  390  373  353  333  311  292  275
  259  243  223  206  193  178  177  159  168                                   
    10.0-180.0 180.0   5.0 450.0                            LAT/LON1/LON2/DLON/H
  168  158  149  148  143  134  124  113  101   89   79   70   66   68   72   77
   86   99  114  134  147  160  165  174  175  192  203  240  265  301  334  368
  396  422  442  462  474  488  504  515  528  532  544  544  543  537  531  526
  518  509  496  480  461  446  427  416  401  391  373  361  342  325  307  294
  276  266  241  225  201  194  184  169  168                                   
     7.5-180.0 180.0   5.0 450.0                            LAT/LON1/LON2/DLON/H
  167  155  144  139  131  125  121  110  103   90   83   74   70   70   75   83
   93  109  128  147  164  172  184  189  198  208  227  259  283  315  347  376
