data/unet/pred0870.15i
     1.0            IONOSPHERE MAPS     GNSS                IONEX VERSION / TYPE
pyspatialgeodesy        IME             05-JAN-18 20:20     PGM / RUN BY / DATE 
Map Name                                                    COMMENT             
Predicted global ionosphere maps (GIM).                     DESCRIPTION         
  2015     3    28     0     0     0                        EPOCH OF FIRST MAP  
  2015     3    29     0     0     0                        EPOCH OF LAST MAP   
  7200                                                      INTERVAL            
    13                                                      # OF MAPS IN FILE   
  NONE                                                      MAPPING FUNCTION    
10.0                                                        ELEVATION CUTOFF    
One-way carrier phase leveled to code                       OBSERVABLES USED    
  6371.0                                                    BASE RADIUS         
 2                                                          MAP DIMENSION       
   450.0 450.0   0.0                                        HGT1 / HGT2 / DHGT  
    87.5 -87.5  -2.5                                        LAT1 / LAT2 / DLAT  
  -180.0 180.0   5.0                                        LON1 / LON2 / DLON  
    -1                                                      EXPONENT            
                                                            END OF HEADER       
[from data line 3861]
    10                                                      START OF TEC MAP    
  2015     3    28    18     0     0                        EPOCH OF CURRENT MAP
    87.5-180.0 180.0   5.0 450.0                            LAT/LON1/LON2/DLON/H
  243  218  225  226  229  225  227  223  225  222  223  221  222  221  221  221
  221  222  223  224  225  226  227  227  228  228  229  229  229  229  229  230
  229  230  229  230  229  229  228  227  226  224  223  222  220  218  216  215
  213  213  212  213  214  215  216  218  220  221  223  224  227  227  229  229
  232  232  235  232  234  231  235  219  243                                   
    85.0-180.0 180.0   5.0 450.0                            LAT/LON1/LON2/DLON/H
  220  214  217  219  217  216  216  216  216  216  217  217  217  218  218  219
  219  222  222  224  225  227  228  229  229  230  231  231  231  230  230  229
  228  226  225  224  223  220  220  217  216  214  213  212  210  210  207  209
  206  209  206  210  207  212  209  215  212  217  214  218  217  220  220  221
  222  222  224  222  222  216  225  224  220                                   
    82.5-180.0 180.0   5.0 450.0                            LAT/LON1/LON2/DLON/H
  214  202  206  201  202  200  202  199  202  201  204  204  206  207  208  210
  212  213  216  217  219  221  222  223  224  224  224  224  222  222  220  218
  216  214  212  210  207  206  203  202  199  199  197  197  196  196  196  196
  196  197  198  200  201  202  203  205  206  207  208  209  210  211  211  212
  213  213  214  211  211  202  205  209  214                                   
    80.0-180.0 180.0   5.0 450.0                            LAT/LON1/LON2/DLON/H
  199  188  183  181  180  180  182  182  184  185  188  191  195  197  201  203
  208  209  213  214  216  218  218  219  217  218  216  217  213  214  209  209
  204  202  197  196  191  189  184  184  180  181  177  180  178  181  180  182
  183  185  186  189  189  192  192  194  194  196  195  198  197  199  198  200
  199  200  199  198  194  190  187  193  199                                   
    77.5-180.0 180.0   5.0 450.0                            LAT/LON1/LON2/DLON/H
  180  170  164  160  161  160  164  164  169  171  177  181  188  193  198  202
  206  211  213  216  217  218  218  217  215  213  211  210  208  206  204  201
  197  193  189  185  181  176  172  169  165  163  162  162  163  165  168  170
  174  176  180  181  183  183  184  184  184  183  185  183  185  183  186  184
  186  185  185  183  179  174  172  181  180                                   
    75.0-180.0 180.0   5.0 450.0                            LAT/LON1/LON2/DLON/H
  165  156  149  148  151  151  156  157  164  168  176  182  190  196  204  207
  214  216  221  221  225  223  225  221  222  216  217  210  211  205  205  198
  198  190  188  180  177  169  165  160  156  153  151  150  151  153  156  158
  163  165  169  170  173  172  174  172  172  170  169  169  169  169  169  170
  170  171  170  168  166  163  162  171  165                                   
    72.5-180.0 180.0   5.0 450.0                            LAT/LON1/LON2/DLON/H
  154  146  141  141  145  146  152  155  163  169  180  187  197  203  212  216
  222  225  230  231  234  236  237  236  233  231  226  222  217  213  209  205
  200  196  190  185  177  171  163  157  150  147  143  143  143  146  148  151
  155  159  161  165  164  166  163  164  160  161  157  157  155  156  156  156
  156  157  157  156  154  151  153  162  154                                   
    70.0-180.0 180.0   5.0 450.0                            LAT/LON1/LON2/DLON/H
  142  142  138  144  147  150  156  159  169  175  187  195  206  212  223  225
  234  236  243  245  250  251  253  250  251  244  244  235  233  223  220  213
  210  203  199  192  186  178  170  163  156  151  147  144  144  142  144  145
  148  150  154  155  156  154  153  150  149  145  143  141  138  139  137  138
  139  140  141  143  141  141  144  149  142                                   
    67.5-180.0 180.0   5.0 450.0                            LAT/LON1/LON2/DLON/H
  131  137  140  148  152  158  163  170  178  187  196  207  215  223  232  237
  245  251  258  263  267  268  269  268  264  262  256  252  245  239  233  227
  221  215  209  203  194  187  177  169  161  154  149  145  143  139  139  138
  138  139  140  141  139  139  135  134  130  129  125  125  122  122  120  121
  120  123  123  127  126  127  132  137  131                                   
    65.0-180.0 180.0   5.0 450.0                            LAT/LON1/LON2/DLON/H
  123  135  140  153  159  170  173  182  187  196  205  213  223  230  241  246
  257  262  269  273  279  281  283  281  280  274  273  266  264  255  252  243
  239  230  225  216  209  200  190  180  173  164  159  151  147  139  135  130
  127  126  125  126  123  122  119  118  115  114  111  110  107  106  102  102
  100  103  102  108  107  112  120  122  123                                   
    62.5-180.0 180.0   5.0 450.0                            LAT/LON1/LON2/DLON/H
  110  124  137  152  164  174  181  190  195  204  210  218  227  236  244  254
  262  270  276  282  288  291  292  292  288  286  281  278  275  271  269  263
  259  251  243  235  224  214  203  192  182  173  165  157  150  140  132  122
  115  110  108  108  105  105  102  102   99  100   97   97   94   94   89   88
   85   88   85   90   89   95  104  106  110                                   
    60.0-180.0 180.0   5.0 450.0                            LAT/LON1/LON2/DLON/H
  103  120  134  154  164  179  184  197  199  207  212  218  227  235  244  254
  263  271  277  284  290  294  297  297  296  293  293  288  290  287  290  284
  283  272  267  252  244  229  220  208  199  187  179  167  157  144  132  118
  108  101   97   96   94   93   93   93   94   94   94   93   92   87   84   79
   77   77   74   77   74   81   90   93  103                                   
    57.5-180.0 180.0   5.0 450.0                            LAT/LON1/LON2/DLON/H
   95  109  129  150  166  179  188  199  201  207  210  216  224  232  242  252
  262  271  278  285  291  296  298  300  299  300  297  299  299  304  305  305
  302  295  287  275  262  250  236  226  214  205  192  181  167  152  137  121
  108   99   94   92   90   91   90   94   93   97   95   96   91   89   82   79
   73   74   69   70   69   73   82   84   95                                   
    55.0-180.0 180.0   5.0 450.0                            LAT/LON1/LON2/DLON/H
   98  114  131  157  172  189  196  206  206  211  213  218  224  232  242  251
  262  271  278  284  290  295  300  302  306  306  310  310  319  321  330  326
  326  315  310  295  285  267  256  241  234  221  212  197  183  164  149  130
  118  107  102   99   98   98  101  103  109  109  112  109  108  101   95   89
   83   81   76   77   72   77   84   83   98                                   
    52.5-180.0 180.0   5.0 450.0                            LAT/LON1/LON2/DLON/H
  104  120  141  164  186  200  211  219  219  221  221  224  229  237  247  258
  269  278  283  289  293  300  304  311  313  319  321  330  334  343  346  348
  341  334  324  314  300  287  273  262  249  241  227  216  199  182  163  148
  136  126  121  117  115  117  118  125  128  133  131  131  125  120  110  104
   97   96   90   90   87   87   95   96  104                                   
    50.0-180.0 180.0   5.0 450.0                            LAT/LON1/LON2/DLON/H
  123  140  157  185  205  225  238  244  243  242  238  238  243  249  260  269
  281  287  292  295  302  305  315  319  329  332  344  349  364  365  373  365
  362  348  343  328  319  302  292  277  268  254  246  231  218  199  183  167
  159  149  146  140  139  137  141  143  151  151  155  150  148  141  134  126
  121  119  117  117  113  113  120  119  123                                   
    47.5-180.0 180.0   5.0 450.0                            LAT/LON1/LON2/DLON/H
  140  157  179  202  226  245  263  270  271  271  264  264  264  269  278  287
  297  303  306  310  311  319  324  336  341  350  357  370  378  385  384  378
  368  358  347  337  326  314  302  290  277  267  254  243  227  213  198  188
  180  175  171  167  162  161  160  166  168  173  171  171  164  160  151  146
  141  143  141  144  141  139  146  146  140                                   
    45.0-180.0 180.0   5.0 450.0                            LAT/LON1/LON2/DLON/H
  165  184  205  231  251  275  294  303  307  305  301  295  296  297  306  312
  320  324  325  327  330  337  348  356  366  371  383  390  401  398  399  384
  377  361  356  345  340  328  321  304  292  273  262  246  235  219  210  201
  198  193  191  182  178  171  173  173  180  179  182  178  176  169  165  160
  158  159  162  165  166  167  172  164  165                                   
    42.5-180.0 180.0   5.0 450.0                            LAT/LON1/LON2/DLON/H
  179  203  221  244  267  287  311  326  337  337  337  333  335  334  341  345
  351  351  350  351  354  363  372  381  386  392  398  404  405  403  394  385
  373  364  356  353  347  342  332  317  298  281  261  248  233  223  213  209
  206  205  200  194  184  181  176  180  180  184  182  182  177  176  170  168
  165  168  170  176  178  179  185  177  179                                   
    40.0-180.0 180.0   5.0 450.0                            LAT/LON1/LON2/DLON/H
  193  218  238  261  284  309  332  352  367  372  374  374  377  376  383  382
  386  382  382  380  389  395  409  413  418  420  423  422  422  411  405  391
  384  373  372  368  369  365  355  336  315  290  271  252  238  225  218  213
  212  211  206  197  187  178  177  176  181  178  181  178  178  176  174  171
  168  170  171  177  179  182  187  178  193                                   
    37.5-180.0 180.0   5.0 450.0                            LAT/LON1/LON2/DLON/H
  185  214  237  261  287  310  336  361  384  397  406  411  415  417  420  421
  421  418  418  415  422  428  438  438  442  440  440  438  434  428  419  412
  403  400  396  398  398  393  379  356  330  306  280  261  243  230  222  217
  213  213  206  198  188  180  176  177  178  181  179  181  179  179  176  170
  166  163  163  164  166  169  180  175  185                                   
    35.0-180.0 180.0   5.0 450.0                            LAT/LON1/LON2/DLON/H
  179  203  229  258  287  315  343  371  400  417  432  442  447  449  455  453
  458  451  456  451  461  463  471  467  471  464  466  460  464  455  457  452
  456  453  458  457  460  451  434  404  369  336  306  282  266  252  241  232
  223  219  211  203  195  188  190  191  196  194  195  189  192  187  188  178
  171  160  154  153  146  150  161  165  179                                   
    32.5-180.0 180.0   5.0 450.0                            LAT/LON1/LON2/DLON/H
  164  188  216  245  277  304  337  372  406  433  452  467  475  484  485  489
  486  487  486  487  488  486  493  485  491  485  488  488  494  499  506  515
  519  524  523  527  521  511  486  455  416  383  348  326  295  284  261  256
  240  241  228  229  219  216  214  215  214  214  211  209  208  204  202  187
  177  164  153  141  131  129  146  156  164                                   
    30.0-180.0 180.0   5.0 450.0                            LAT/LON1/LON2/DLON/H
  162  175  205  239  269  300  330  371  409  442  467  485  497  507  511  512
  515  512  514  513  511  511  511  508  511  508  516  517  533  541  561  574
  590  588  593  592  587  567  536  505  459  422  378  350  321  308  288  283
  270  270  266  269  266  267  266  266  260  259  249  244  243  235  229  212
  195  174  157  146  137  136  131  146  162                                   
    27.5-180.0 180.0   5.0 450.0                            LAT/LON1/LON2/DLON/H
  165  180  205  237  271  300  333  374  414  450  477  501  516  530  534  539
  540  539  539  536  532  525  525  519  525  526  536  554  580  609  638  665
  671  675  673  675  667  641  590  545  496  461  415  394  361  352  325  318
  302  302  301  307  314  319  324  318  309  301  293  286  286  280  276  259
  242  212  195  171  155  147  144  153  165                                   
    25.0-180.0 180.0   5.0 450.0                            LAT/LON1/LON2/DLON/H
  184  189  217  243  280  314  340  382  416  456  480  510  527  543  553  558
  565  565  566  560  553  545  541  535  542  544  571  598  643  680  721  741
  747  749  745  736  721  683  631  584  531  500  457  434  407  396  376  374
  368  369  369  376  383  393  393  382  363  345  328  318  308  295  288  269
  256  229  215  197  184  173  162  164  184                                   
    22.5-180.0 180.0   5.0 450.0                            LAT/LON1/LON2/DLON/H
  199  205  236  265  295  326  355  390  425  462  489  519  543  561  575  582
  591  587  586  576  570  559  555  550  561  577  621  674  718  761  787  816
  818  816  801  786  753  713  650  593  535  501  466  453  433  429  417  418
  411  417  414  429  435  449  437  433  419  402  386  363  343  318  304  292
  279  258  239  215  200  195  193  200  199                                   
    20.0-180.0 180.0   5.0 450.0                            LAT/LON1/LON2/DLON/H
  220  224  253  285  323  343  366  399  433  472  497  528  550  575  592  605
  616  620  618  608  594  580  576  572  590  621  681  736  779  823  860  878
  877  860  833  806  767  721  653  589  523  487  452  444  425  425  419  424
  430  435  445  464  479  487  475  467  448  440  411  392  361  338  316  302
  289  273  258  239  220  207  209  220  220                                   
    17.5-180.0 180.0   5.0 450.0                            LAT/LON1/LON2/DLON/H
  225  232  263  292  333  362  383  412  445  482  505  539  561  587  607  621
  640  639  639  628  612  598  593  603  631  684  731  783  830  879  906  920
  909  878  838  804  762  712  639  568  502  465  432  420  408  412  423  432
  454  467  494  514  521  519  504  488  468  443  426  404  377  345  328  310
  301  288  274  256  235  220  221  226  225                                   
    15.0-180.0 180.0   5.0 450.0                            LAT/LON1/LON2/DLON/H
  219  226  251  287  331  369  396  428  466  493  522  548  578  603  628  645
  660  675  678  671  660  645  634  646  681  724  772  817  871  904  927  929
  901  860  814  784  738  695  613  544  479  439  404  392  385  392  408  430
  459  483  522  538  538  531  510  488  462  440  416  399  363  334  308  295
  284  278  267  259  237  223  219  221  219                                   
    12.5-180.0 180.0   5.0 450.0                            LAT/LON1/LON2/DLON/H
  215  223  245  279  328  367  405  442  486  518  541  566  596  622  647  670
  691  709  714  711  702  695  689  708  731  763  806  848  888  908  925  909
  875  831  788  755  719  668  595  521  460  415  379  366  363  372  396  423
  467  499  520  523  518  508  486  463  440  412  392  366  344  319  301  285
  278  275  262  253  230  221  206  216  215                                   
    10.0-180.0 180.0   5.0 450.0                            LAT/LON1/LON2/DLON/H
  205  204  233  273  317  360  409  458  506  539  567  586  622  643  677  702
  728  754  768  766  753  745  742  752  777  799  840  865  895  907  904  886
  842  803  764  743  709  666  596  520  456  401  369  346  349  350  376  407
  452  483  499  500  490  481  459  442  417  390  366  339  311  290  271  259
  252  249  239  234  205  198  187  203  205                                   
     7.5-180.0 180.0   5.0 450.0                            LAT/LON1/LON2/DLON/H
  192  200  223  271  313  362  413  467  522  567  586  607  639  670  702  731
  760  789  804  803  791  788  786  796  816  830  857  869  890  889  874  852
