data/unet/pred3220.15i
     1.0            IONOSPHERE MAPS     GNSS                IONEX VERSION / TYPE
pyspatialgeodesy        IME             05-JAN-18 20:20     PGM / RUN BY / DATE 
Map Name                                                    COMMENT             
Predicted global ionosphere maps (GIM).                     DESCRIPTION         
  2015    11    18     0     0     0                        EPOCH OF FIRST MAP  
  2015    11    19     0     0     0                        EPOCH OF LAST MAP   
  7200                                                      INTERVAL            
    13                                                      # OF MAPS IN FILE   
  NONE                                                      MAPPING FUNCTION    
10.0                                                        ELEVATION CUTOFF    
One-way carrier phase leveled to code                       OBSERVABLES USED    
  6371.0                                                    BASE RADIUS         
 2                                                          MAP DIMENSION       
   450.0 450.0   0.0                                        HGT1 / HGT2 / DHGT  
    87.5 -87.5  -2.5                                        LAT1 / LAT2 / DLAT  
  -180.0 180.0   5.0                                        LON1 / LON2 / DLON  
    -1                                                      EXPONENT            
                                                            END OF HEADER       
[from data line 2574]
     7                                                      START OF TEC MAP    
  2015    11    18    12     0     0                        EPOCH OF CURRENT MAP
    87.5-180.0 180.0   5.0 450.0                            LAT/LON1/LON2/DLON/H
   84   89   89   92   90   92   91   93   92   94   92   94   92   94   92   93
   91   92   90   91   89   89   88   86   86   84   85   81   82   80   80   78
   78   77   76   75   74   74   72   72   70   70   68   69   67   68   66   67
   66   68   67   68   68   69   70   71   71   72   73   74   74   75   75   77
   77   79   80   82   83   83   91   78   84                                   
    85.0-180.0 180.0   5.0 450.0                            LAT/LON1/LON2/DLON/H
   85   84   85   83   87   86   90   89   91   91   93   92   93   94   94   93
   93   92   92   90   90   89   89   86   86   84   85   82   82   81   81   79
   78   76   76   74   73   71   71   67   66   64   63   60   60   58   57   56
   56   56   57   56   58   59   61   61   64   64   66   66   69   68   70   69
   73   71   75   73   77   77   83   84   85                                   
    82.5-180.0 180.0   5.0 450.0                            LAT/LON1/LON2/DLON/H
   77   73   72   75   74   76   76   79   78   80   79   80   80   80   79   79
   78   77   76   76   75   75   75   74   74   74   74   73   72   73   72   72
   69   70   67   68   63   64   59   59   54   54   49   49   44   43   39   40
   36   38   35   38   36   40   39   43   41   47   45   50   48   53   51   56
   54   59   56   60   58   60   58   58   77                                   
    80.0-180.0 180.0   5.0 450.0                            LAT/LON1/LON2/DLON/H
   64   56   59   57   61   60   64   63   66   64   66   64   65   63   63   62
   61   60   59   59   59   58   61   61   63   64   66   66   67   67   69   67
   68   68   68   66   65   62   61   57   55   51   49   44   41   36   35   31
   31   28   31   28   32   31   36   35   38   38   41   40   42   41   43   42
   44   42   45   43   45   40   44   49   64                                   
    77.5-180.0 180.0   5.0 450.0                            LAT/LON1/LON2/DLON/H
   56   48   44   47   46   50   50   53   50   52   49   50   47   47   45   45
   42   43   41   42   42   46   46   51   51   58   57   63   61   67   65   70
   66   73   68   73   66   70   62   64   55   55   48   46   39   37   32   30
   27   27   27   28   30   32   34   36   37   39   40   41   41   40   40   39
   39   38   37   34   35   31   33   31   56                                   
    75.0-180.0 180.0   5.0 450.0                            LAT/LON1/LON2/DLON/H
   50   36   38   36   38   38   41   40   40   39   38   35   33   31   31   29
   27   28   27   29   30   34   36   42   43   52   54   60   61   68   69   74
   74   80   80   84   81   83   78   76   68   66   59   55   49   45   42   37
   35   34   36   36   39   41   44   45   47   47   48   47   46   43   44   40
   39   35   36   31   32   27   30   29   50                                   
    72.5-180.0 180.0   5.0 450.0                            LAT/LON1/LON2/DLON/H
   49   43   36   35   37   37   39   38   37   35   33   29   29   25   25   23
   23   22   23   26   28   34   38   45   49   58   60   68   69   78   78   85
   86   93   93   98   96  100   95   94   86   83   75   70   62   59   53   50
   48   47   47   48   50   51   53   54   55   55   54   52   51   48   47   44
   43   40   39   34   33   27   30   24   49                                   
    70.0-180.0 180.0   5.0 450.0                            LAT/LON1/LON2/DLON/H
   52   37   39   34   37   36   38   36   35   31   29   25   24   20   20   18
   19   18   21   24   29   36   42   50   56   64   68   73   78   84   88   93
   97  105  108  113  114  118  115  114  107  105   96   92   84   79   74   69
   66   64   63   61   61   61   61   60   60   58   58   55   55   51   51   48
   48   44   45   42   39   34   35   32   52                                   
    67.5-180.0 180.0   5.0 450.0                            LAT/LON1/LON2/DLON/H
   55   48   41   37   39   38   41   39   38   34   32   27   28   22   25   21
   24   22   26   28   35   41   49   59   67   74   79   83   88   93   97  102
  108  115  121  127  131  134  134  132  128  124  117  112  104   99   91   86
   81   78   73   72   68   67   64   62   60   58   56   53   52   49   49   48
   48   48   48   45   45   38   40   38   55                                   
    65.0-180.0 180.0   5.0 450.0                            LAT/LON1/LON2/DLON/H
   51   42   43   37   40   39   42   40   40   35   35   31   32   28   30   27
   28   27   30   32   37   46   55   65   75   81   87   89   94   97  103  108
  115  123  130  136  141  146  147  147  142  142  135  132  121  117  105  100
   91   88   80   77   69   66   60   57   53   51   49   46   45   44   46   46
   48   48   51   50   48   43   43   45   51                                   
    62.5-180.0 180.0   5.0 450.0                            LAT/LON1/LON2/DLON/H
   49   42   37   34   36   36   40   39   39   36   35   33   35   32   36   33
   36   32   35   36   41   47   56   67   77   84   90   93   98  102  107  114
  121  129  136  143  150  153  154  154  152  151  147  143  135  128  118  110
  101   92   84   76   67   60   53   50   45   42   40   38   38   38   40   41
   45   46   49   47   48   41   43   47   49                                   
    60.0-180.0 180.0   5.0 450.0                            LAT/LON1/LON2/DLON/H
   40   33   33   27   31   31   35   34   34   32   32   32   34   35   37   37
   37   35   34   36   37   46   53   66   75   85   90   97  100  108  112  122
  129  138  146  154  159  161  160  161  158  160  154  153  141  137  124  116
  104   95   83   74   63   55   47   43   38   36   34   33   33   32   36   36
   41   42   47   47   46   41   41   43   40                                   
    57.5-180.0 180.0   5.0 450.0                            LAT/LON1/LON2/DLON/H
   36   29   23   20   21   22   26   26   28   26   28   28   33   34   38   38
   40   36   37   35   38   42   51   63   74   84   91  100  105  116  123  135
  143  152  160  166  170  170  169  168  167  165  162  158  152  144  135  124
  114  102   91   78   66   57   48   43   39   36   34   35   34   34   36   37
   40   41   45   44   44   38   38   41   36                                   
    55.0-180.0 180.0   5.0 450.0                            LAT/LON1/LON2/DLON/H
   35   25   21   15   17   17   19   19   19   20   20   24   26   30   33   35
   35   33   30   31   31   39   46   62   71   84   91  104  112  126  136  150
  159  170  177  185  187  186  183  184  178  179  171  171  160  158  145  136
  122  110   97   85   72   62   53   48   44   42   41   41   41   41   41   41
   43   43   46   46   44   41   39   38   35                                   
    52.5-180.0 180.0   5.0 450.0                            LAT/LON1/LON2/DLON/H
   40   32   20   18   15   15   16   15   16   17   19   22   26   30   33   36
   35   34   32   31   33   39   49   63   74   87   97  112  122  139  151  166
  175  185  194  198  200  197  196  192  190  186  183  179  174  168  161  148
  138  123  113   99   88   76   68   62   60   58   57   57   56   55   54   52
   52   50   52   50   50   44   44   46   40                                   
    50.0-180.0 180.0   5.0 450.0                            LAT/LON1/LON2/DLON/H
   53   40   33   28   26   24   20   19   17   18   19   23   25   28   31   32
   32   30   29   29   32   40   52   66   79   91  103  118  131  149  163  178
  189  202  210  214  214  212  209  207  201  203  196  197  189  186  174  163
  150  137  125  112  101   92   84   79   75   75   74   75   74   74   70   67
   63   62   60   61   58   58   57   56   53                                   
    47.5-180.0 180.0   5.0 450.0                            LAT/LON1/LON2/DLON/H
   70   62   50   47   41   36   31   27   25   25   27   30   32   35   35   37
   35   35   33   36   40   50   62   77   89  102  114  130  144  161  173  185
  195  206  212  215  217  214  214  212  212  210  210  207  204  197  189  175
  165  150  140  126  117  106   99   92   91   90   90   91   90   90   87   82
   77   72   71   69   71   67   70   77   70                                   
    45.0-180.0 180.0   5.0 450.0                            LAT/LON1/LON2/DLON/H
   87   81   74   70   66   59   52   44   41   38   39   40   42   41   42   40
   39   37   37   40   47   61   74   89  100  112  124  139  152  167  177  188
  197  207  212  219  221  225  224  226  223  225  221  221  214  209  197  186
  173  159  147  135  125  116  107  100   98   97   98  100  100  102   99   95
   89   84   80   81   80   83   87   94   87                                   
    42.5-180.0 180.0   5.0 450.0                            LAT/LON1/LON2/DLON/H
   99   99   90   87   82   75   68   59   56   52   54   54   56   54   53   51
   47   46   45   51   58   74   88  102  113  124  136  148  159  171  175  184
  188  198  204  213  220  226  232  232  234  231  231  226  222  212  204  189
  180  163  153  140  129  117  108   98   97   94   95   97   99  101  102   98
   96   89   87   84   87   86   95  111   99                                   
    40.0-180.0 180.0   5.0 450.0                            LAT/LON1/LON2/DLON/H
  102  107  100   98   98   91   86   77   74   70   73   72   72   68   66   61
   58   53   55   59   72   88  102  116  125  137  145  157  164  173  173  180
  184  193  201  216  227  239  244  251  247  248  240  236  227  220  209  196
  184  169  158  144  134  118  108   96   92   89   90   93   95   99  100   99
   94   90   86   85   85   88   98  112  102                                   
    37.5-180.0 180.0   5.0 450.0                            LAT/LON1/LON2/DLON/H
   96  100   96   97   97   93   89   83   81   79   84   84   86   81   78   72
   67   63   64   70   83  100  115  127  137  146  154  162  167  169  168  172
  178  190  205  223  240  254  265  267  269  262  255  243  236  225  217  202
  192  176  166  150  138  122  109   96   90   87   87   88   90   93   96   95
   94   88   84   79   80   78   87  110   96                                   
    35.0-180.0 180.0   5.0 450.0                            LAT/LON1/LON2/DLON/H
   83   85   84   87   94   91   90   85   87   87   94   95   98   93   92   83
   79   72   75   81   96  112  126  138  146  156  162  168  172  172  172  177
  188  206  229  251  273  290  295  300  294  293  277  266  252  243  234  222
  213  200  188  172  156  138  123  110  101   98   97   97   95   97   96   95
   92   85   78   71   69   69   76   90   83                                   
    32.5-180.0 180.0   5.0 450.0                            LAT/LON1/LON2/DLON/H
   69   66   63   69   74   75   77   76   79   83   92   97  102   99   99   92
   86   82   82   90  104  121  133  146  153  163  170  177  178  180  182  190
  208  231  264  293  319  329  337  333  331  321  310  296  282  270  259  247
  241  229  220  203  191  170  155  138  131  125  125  122  119  116  114  107
  102   92   83   72   66   61   63   76   69                                   
    30.0-180.0 180.0   5.0 450.0                            LAT/LON1/LON2/DLON/H
   64   53   46   50   60   62   67   65   73   77   88   92  100   99  101   94
   92   86   90   99  116  132  145  156  164  174  183  191  198  199  211  220
  245  277  315  347  369  375  374  373  364  362  348  341  324  316  302  296
  284  276  265  253  240  221  204  189  180  173  170  163  157  151  143  135
  124  110   93   82   70   66   64   56   64                                   
    27.5-180.0 180.0   5.0 450.0                            LAT/LON1/LON2/DLON/H
   57   46   38   38   43   49   53   55   61   69   78   86   92   95   97   95
   91   92   93  105  122  140  151  164  169  183  194  206  215  226  238  254
  286  324  362  392  413  416  416  406  403  397  392  388  380  373  363  356
  347  340  333  323  312  292  277  256  249  237  234  223  215  203  190  177
  161  145  124  108   92   81   72   55   57                                   
    25.0-180.0 180.0   5.0 450.0                            LAT/LON1/LON2/DLON/H
   60   46   31   27   34   36   46   46   57   60   73   77   86   85   92   88
   90   92   99  116  133  153  164  176  182  196  211  226  240  255  272  298
  333  370  402  427  446  453  447  439  432  436  433  439  433  434  423  421
  409  408  401  399  390  376  358  339  327  314  303  285  268  250  236  219
  204  191  174  158  133  113  102   68   60                                   
    22.5-180.0 180.0   5.0 450.0                            LAT/LON1/LON2/DLON/H
   78   84   69   52   44   36   39   39   45   50   60   68   76   79   83   85
   87   90  100  117  139  160  171  184  190  206  221  242  260  280  305  330
  370  396  425  446  467  472  470  460  465  468  479  491  493  495  489  486
  477  477  475  475  467  455  435  414  400  384  373  355  336  311  290  272
  256  239  218  193  168  144  129   92   78                                   
    20.0-180.0 180.0   5.0 450.0                            LAT/LON1/LON2/DLON/H
  112  102   93   81   76   70   59   46   47   46   53   56   69   71   77   76
   82   89  103  128  150  175  186  197  206  219  235  258  279  305  333  362
  397  421  451  467  485  489  484  483  489  504  525  541  550  554  549  548
  540  542  538  538  530  516  495  472  447  433  422  416  391  370  341  321
  301  280  257  233  207  182  159  136  112                                   
    17.5-180.0 180.0   5.0 450.0                            LAT/LON1/LON2/DLON/H
  151  148  131  114   96   86   83   75   59   51   52   52   62   68   72   73
   77   88  105  130  156  180  194  209  217  235  254  274  299  324  355  381
  413  438  460  474  490  493  496  500  512  533  559  579  588  601  592  599
  587  591  582  583  571  556  523  481  455  442  444  442  428  404  378  352
  331  312  293  268  248  223  204  176  151                                   
    15.0-180.0 180.0   5.0 450.0                            LAT/LON1/LON2/DLON/H
  188  179  162  147  124  109   99   95   85   67   63   57   65   65   74   72
   82   90  115  138  166  188  205  220  232  252  271  295  317  345  371  399
  421  438  468  467  487  492  501  513  529  554  581  601  621  634  634  640
  630  626  614  610  596  569  522  478  447  439  438  446  435  418  390  369
  347  331  315  294  272  248  226  215  188                                   
    12.5-180.0 180.0   5.0 450.0                            LAT/LON1/LON2/DLON/H
  212  205  185  167  148  130  116  110  101   84   71   68   72   71   76   79
   85  102  120  147  173  198  216  233  247  267  292  311  340  365  397  418
  432  449  464  468  480  491  510  528  547  574  596  618  630  651  647  657
  641  636  620  619  602  567  513  462  434  416  418  417  414  395  379  359
  346  329  317  301  280  258  240  231  212                                   
    10.0-180.0 180.0   5.0 450.0                            LAT/LON1/LON2/DLON/H
  216  212  200  187  165  149  135  126  119   99   85   82   79   79   80   82
   93  110  134  158  187  208  227  248  261  291  315  339  363  388  410  427
  436  448  459  465  477  495  516  539  558  583  602  614  626  639  644  648
  638  633  620  619  596  555  495  447  410  391  382  377  371  360  351  339
  321  307  298  287  273  252  237  231  216                                   
     7.5-180.0 180.0   5.0 450.0                            LAT/LON1/LON2/DLON/H
  206  216  199  187  169  156  146  137  126  109   92   87   85   81   84   90
  102  123  140  167  188  210  230  250  277  307  338  357  387  403  425  435
