data/unet/pred2660.15i
     1.0            IONOSPHERE MAPS     GNSS                IONEX VERSION / TYPE
pyspatialgeodesy        IME             05-JAN-18 20:20     PGM / RUN BY / DATE 
Map Name                                                    COMMENT             
Predicted global ionosphere maps (GIM).                     DESCRIPTION         
  2015     9    23     0     0     0                        EPOCH OF FIRST MAP  
  2015     9    24     0     0     0                        EPOCH OF LAST MAP   
  7200                                                      INTERVAL            
    13                                                      # OF MAPS IN FILE   
  NONE                                                      MAPPING FUNCTION    
10.0                                                        ELEVATION CUTOFF    
One-way carrier phase leveled to code                       OBSERVABLES USED    
  6371.0                                                    BASE RADIUS         
 2                                                          MAP DIMENSION       
   450.0 450.0   0.0                                        HGT1 / HGT2 / DHGT  
    87.5 -87.5  -2.5                                        LAT1 / LAT2 / DLAT  
  -180.0 180.0   5.0                                        LON1 / LON2 / DLON  
    -1                                                      EXPONENT            
                                                            END OF HEADER       
[from data line 2574]
     7                                                      START OF TEC MAP    
  2015     9    23    12     0     0                        EPOCH OF CURRENT MAP
    87.5-180.0 180.0   5.0 450.0                            LAT/LON1/LON2/DLON/H
  100  108  106  106  103  103  103  103  103  104  103  104  103  105  103  105
  103  106  104  106  104  107  104  107  104  106  104  106  103  105  103  104
  102  103  101  102  100  100   99   99   98   98   97   97   97   97   96   96
   96   97   97   97   97   97   97   98   98   98   97   98   98   99   98   99
   99  100   99  101  101  101  111   97  100                                   
    85.0-180.0 180.0   5.0 450.0                            LAT/LON1/LON2/DLON/H
  103  104  101   97   98   97   99   97   99   97  100   98  100   99  101  100
  102  101  104  102  105  104  106  105  107  105  107  105  107  105  106  104
  105  103  104  101  102   99  100   97   98   95   96   95   95   94   95   94
   96   95   96   96   97   97   98   97   99   98   99   97  100   98  100   98
  100   98  100   98  100   99  106  107  103                                   
    82.5-180.0 180.0   5.0 450.0                            LAT/LON1/LON2/DLON/H
   98   97   95   93   92   90   90   88   89   87   89   86   89   86   91   88
   93   89   96   92   99   96  102   99  104  101  107  104  108  105  108  105
  107  104  105  102  101   98   98   95   94   91   92   90   90   89   89   89
   89   89   89   89   90   90   90   91   91   91   90   91   91   91   91   91
   92   92   92   91   91   90   90   89   98                                   
    80.0-180.0 180.0   5.0 450.0                            LAT/LON1/LON2/DLON/H
   82   80   82   80   81   79   80   78   78   77   77   76   77   75   78   77
   80   80   85   85   89   90   95   96   99  101  103  106  107  109  109  110
  109  108  107  105  103  101   99   96   94   92   92   91   91   90   92   90
   92   91   92   91   92   91   91   90   90   89   89   88   88   86   87   85
   85   84   85   82   83   78   75   82   82                                   
    77.5-180.0 180.0   5.0 450.0                            LAT/LON1/LON2/DLON/H
   72   70   64   65   64   65   63   64   62   63   63   62   63   64   66   68
   69   72   74   78   79   85   87   93   93  100  101  108  107  113  111  115
  112  114  109  109  103  102   97   95   92   91   90   91   90   92   92   95
   94   95   94   95   92   94   90   91   87   87   83   84   80   82   77   80
   75   77   72   72   69   67   66   69   72                                   
    75.0-180.0 180.0   5.0 450.0                            LAT/LON1/LON2/DLON/H
   60   53   54   50   51   51   52   52   53   53   55   55   57   58   61   62
   66   68   72   75   78   83   86   92   93  100  101  109  108  117  115  121
  118  121  116  116  109  108  102  101   97   97   96   97   97  100  100  102
  102  102  101  100   97   96   93   90   87   84   81   79   75   74   71   69
   67   66   63   62   60   57   57   63   60                                   
    72.5-180.0 180.0   5.0 450.0                            LAT/LON1/LON2/DLON/H
   54   48   45   45   45   45   45   46   45   47   48   51   52   57   59   64
   67   71   73   77   78   84   86   91   93  101  101  110  111  119  119  124
  123  126  123  122  117  114  109  106  105  104  104  106  107  109  109  112
  110  111  108  107  101   99   93   90   85   81   76   75   71   69   66   64
   61   59   55   54   52   49   51   54   54                                   
    70.0-180.0 180.0   5.0 450.0                            LAT/LON1/LON2/DLON/H
   48   39   45   37   40   40   43   41   44   44   47   48   53   56   62   65
   71   73   77   79   82   86   87   93   93  100  101  109  110  120  119  129
  126  133  127  132  123  124  116  118  113  116  114  119  119  122  121  123
  121  120  116  113  107  102   95   91   84   80   75   72   69   66   64   60
   59   55   54   50   49   44   45   48   48                                   
    67.5-180.0 180.0   5.0 450.0                            LAT/LON1/LON2/DLON/H
   46   40   39   37   40   38   40   39   40   41   44   47   51   58   62   68
   71   75   78   80   82   85   87   91   92   98   99  107  110  118  120  127
  128  133  131  133  129  127  125  123  124  124  127  129  132  131  132  130
  128  124  119  114  107  100   93   87   80   76   71   70   66   65   61   60
   56   54   50   47   45   40   43   42   46                                   
    65.0-180.0 180.0   5.0 450.0                            LAT/LON1/LON2/DLON/H
   43   36   41   37   39   39   41   38   39   39   42   45   50   57   62   69
   72   77   79   82   83   86   86   91   90   95   95  102  103  114  115  127
  126  136  131  139  131  136  129  135  130  138  135  143  139  145  138  140
  132  129  121  116  106  100   91   86   78   75   71   68   67   64   63   59
   58   54   53   49   46   41   42   41   43                                   
    62.5-180.0 180.0   5.0 450.0                            LAT/LON1/LON2/DLON/H
   42   40   39   37   39   37   39   36   37   36   39   41   48   53   59   65
   68   72   74   76   79   81   84   88   88   92   93  100  103  112  116  125
  128  135  137  139  138  138  137  137  141  142  146  147  149  146  145  139
  136  126  121  111  104   95   88   82   77   75   71   71   68   67   65   63
   60   57   55   51   47   43   44   39   42                                   
    60.0-180.0 180.0   5.0 450.0                            LAT/LON1/LON2/DLON/H
   43   37   41   38   37   38   37   35   33   33   34   38   42   48   53   59
   62   68   68   75   75   80   82   87   86   92   91   98  101  110  113  126
  127  139  136  145  139  145  140  148  145  154  150  158  151  154  145  145
  134  130  121  114  105   98   91   86   82   78   76   74   74   71   70   66
   64   62   59   56   52   46   45   40   43                                   
    57.5-180.0 180.0   5.0 450.0                            LAT/LON1/LON2/DLON/H
   46   45   41   39   39   35   35   31   30   27   30   31   37   40   47   50
   56   57   62   65   69   74   79   84   87   91   93   98  102  111  119  130
  134  142  146  148  149  148  150  151  155  158  159  159  157  153  148  142
  137  129  123  114  108  100   95   91   88   86   83   84   80   79   74   72
   67   66   63   59   56   50   49   41   46                                   
    55.0-180.0 180.0   5.0 450.0                            LAT/LON1/LON2/DLON/H
   49   43   44   40   37   36   33   28   25   25   24   28   30   35   38   44
   46   50   52   59   63   72   76   87   88   96   96  103  106  116  123  137
  139  152  149  158  153  159  156  166  164  173  167  172  162  164  152  152
  142  140  132  126  119  113  108  104  103   99   98   94   92   86   82   76
   73   71   68   64   61   56   54   47   49                                   
    52.5-180.0 180.0   5.0 450.0                            LAT/LON1/LON2/DLON/H
   56   55   48   44   42   37   35   29   26   24   24   24   28   30   34   36
   41   44   49   55   62   71   78   87   92   98  101  106  111  121  130  143
  149  159  162  166  166  168  170  175  179  182  181  178  175  169  165  159
  156  152  148  140  135  128  123  119  116  114  110  108  102   98   90   85
   78   76   72   69   66   61   60   52   56                                   
    50.0-180.0 180.0   5.0 450.0                            LAT/LON1/LON2/DLON/H
   60   56   54   48   46   42   38   32   28   25   24   24   25   27   28   32
   34   40   45   54   61   73   79   93   95  106  106  114  117  128  135  150
  154  170  168  179  175  185  183  195  193  201  193  197  186  187  178  179
  171  173  164  162  152  147  140  136  132  129  126  121  117  109  102   93
   86   83   80   76   74   69   66   60   60                                   
    47.5-180.0 180.0   5.0 450.0                            LAT/LON1/LON2/DLON/H
   69   67   61   57   55   49   47   40   36   32   30   28   28   28   29   31
   35   41   48   59   67   78   84   96  101  109  111  118  122  133  140  155
  163  175  181  189  193  199  204  209  212  214  212  208  205  199  198  193
  192  188  184  178  169  160  152  146  142  140  136  133  127  120  111  102
   94   90   86   82   79   73   72   65   69                                   
    45.0-180.0 180.0   5.0 450.0                            LAT/LON1/LON2/DLON/H
   71   68   67   61   61   57   55   49   45   40   37   34   33   31   31   33
   37   44   51   63   71   84   89  103  106  116  118  125  126  136  143  159
  165  183  188  206  209  222  223  233  230  236  227  228  218  218  211  212
  204  204  195  190  176  168  157  152  146  146  142  141  137  131  123  114
  106  101   95   92   87   81   77   73   71                                   
    42.5-180.0 180.0   5.0 450.0                            LAT/LON1/LON2/DLON/H
   75   74   70   67   69   64   65   59   57   51   50   45   43   40   39   39
   43   51   59   71   79   89   95  105  110  120  123  130  131  141  147  162
  171  187  201  216  229  238  246  250  253  251  248  242  237  231  229  223
  219  213  204  194  180  170  157  153  147  148  145  145  142  138  130  122
  114  109  102   97   92   83   82   79   75                                   
    40.0-180.0 180.0   5.0 450.0                            LAT/LON1/LON2/DLON/H
   75   73   72   68   69   69   70   67   65   62   59   55   53   49   48   46
   49   57   65   78   84   95   99  110  114  126  129  136  136  146  150  166
  172  196  209  233  246  261  268  276  274  275  267  264  255  252  244  240
  231  224  211  200  185  172  160  154  149  149  146  148  146  143  138  132
  125  120  113  107   97   88   85   84   75                                   
    37.5-180.0 180.0   5.0 450.0                            LAT/LON1/LON2/DLON/H
   77   76   71   71   70   71   74   71   73   70   69   67   66   64   61   59
   61   66   76   85   92   99  103  111  118  129  135  142  144  152  156  169
  180  200  223  246  268  281  292  297  297  295  288  282  277  271  265  258
  250  238  226  212  194  181  166  163  155  156  151  154  150  149  143  138
  131  126  118  110  100   89   86   86   77                                   
    35.0-180.0 180.0   5.0 450.0                            LAT/LON1/LON2/DLON/H
   78   73   70   67   68   70   72   72   73   74   73   75   75   74   71   69
   68   75   80   93   98  106  108  118  124  137  143  151  153  162  164  181
  192  218  244  270  293  306  317  321  321  319  312  309  301  296  289  282
  274  265  253  240  223  208  193  184  175  171  163  160  155  152  147  143
  137  133  124  117  105   95   90   91   78                                   
    32.5-180.0 180.0   5.0 450.0                            LAT/LON1/LON2/DLON/H
   81   77   68   69   66   69   70   72   74   75   78   83   86   87   87   82
   81   83   91  100  106  111  114  121  131  143  152  160  165  174  180  196
  212  237  268  295  320  334  345  346  345  342  338  335  331  327  321  314
  306  297  286  271  259  243  230  220  208  198  182  174  164  160  150  146
  139  134  127  119  108   96   91   93   81                                   
    30.0-180.0 180.0   5.0 450.0                            LAT/LON1/LON2/DLON/H
   86   75   69   67   64   67   67   69   70   73   75   83   87   93   92   92
   86   91   94  107  111  118  119  129  135  150  157  169  174  188  197  216
  236  264  295  323  349  361  373  373  372  370  366  365  362  361  356  354
  347  342  330  320  306  292  277  264  249  230  210  193  177  166  155  149
  142  138  130  123  113  105   98  100   86                                   
    27.5-180.0 180.0   5.0 450.0                            LAT/LON1/LON2/DLON/H
   95   85   74   72   66   68   64   69   68   72   73   82   89   97   99   96
   93   92  102  109  119  121  125  129  139  151  162  173  184  198  213  234
  259  287  320  348  372  387  394  396  397  395  395  395  397  398  399  398
  396  393  386  376  362  343  326  306  287  262  236  214  193  175  162  153
  146  141  134  128  120  110  106  104   95                                   
    25.0-180.0 180.0   5.0 450.0                            LAT/LON1/LON2/DLON/H
  108   90   80   77   72   72   66   66   66   67   68   77   83   93   96   96
   91   95  100  113  119  126  126  136  140  154  163  177  191  209  228  253
  281  313  344  370  388  399  408  412  416  418  421  424  430  434  436  441
  439  442  438  431  418  399  374  353  327  299  264  235  210  188  172  161
  153  150  142  140  130  126  119  115  108                                   
    22.5-180.0 180.0   5.0 450.0                            LAT/LON1/LON2/DLON/H
  125  110   99   94   87   83   77   74   68   68   65   72   78   88   91   90
   90   90  101  110  121  125  128  132  140  151  164  179  195  217  239  270
  303  334  363  386  401  413  417  428  430  435  441  446  456  459  469  476
  484  489  488  479  466  442  416  386  361  327  292  255  228  202  187  172
  167  160  155  151  145  138  137  122  125                                   
    20.0-180.0 180.0   5.0 450.0                            LAT/LON1/LON2/DLON/H
  140  126  115  109  102   93   86   78   71   66   61   64   66   78   78   81
   80   84   92  105  115  121  124  132  137  150  164  179  201  223  251  286
  323  354  379  402  413  421  424  435  440  445  453  460  473  483  492  508
  519  529  530  520  500  472  441  413  382  351  313  277  245  219  201  190
  181  179  169  166  155  154  150  133  140                                   
    17.5-180.0 180.0   5.0 450.0                            LAT/LON1/LON2/DLON/H
  149  144  135  130  123  109  102   89   81   71   64   61   62   68   72   72
   75   79   90  101  111  117  122  129  136  148  162  182  203  233  264  301
  338  367  393  412  424  432  434  445  449  455  465  472  486  494  507  525
  536  549  546  535  509  477  446  416  390  357  327  291  264  237  221  208
  201  192  186  176  166  163  165  135  149                                   
    15.0-180.0 180.0   5.0 450.0                            LAT/LON1/LON2/DLON/H
  143  148  146  144  139  126  111   96   84   73   63   57   55   61   61   66
   66   74   84   97  108  116  122  132  140  151  167  188  214  244  280  315
  351  379  404  425  435  443  443  454  458  465  473  481  492  501  510  523
  537  543  543  524  498  466  436  411  387  363  336  310  280  256  238  226
  216  211  198  190  174  177  171  146  143                                   
    12.5-180.0 180.0   5.0 450.0                            LAT/LON1/LON2/DLON/H
  143  149  145  147  139  131  123  106   96   80   69   61   58   60   60   63
   67   76   88  103  114  123  132  140  150  159  177  201  227  261  297  330
  363  388  415  432  445  451  455  466  470  478  484  489  495  500  503  515
  518  529  517  504  476  448  421  400  382  363  341  318  296  272  257  243
  233  220  212  197  187  178  176  145  143                                   
    10.0-180.0 180.0   5.0 450.0                            LAT/LON1/LON2/DLON/H
  143  147  148  147  144  133  123  110   99   84   73   63   59   59   59   65
   69   82   93  109  119  130  139  149  159  173  194  218  248  278  312  341
  369  396  419  439  450  460  464  478  482  490  493  496  497  500  497  504
  505  506  497  479  456  433  410  396  377  363  345  331  309  289  271  258
  246  234  222  209  190  189  180  156  143                                   
     7.5-180.0 180.0   5.0 450.0                            LAT/LON1/LON2/DLON/H
  150  149  144  140  135  125  119  107  101   87   78   67   63   61   63   68
   78   91  104  121  135  145  157  166  180  191  216  241  269  299  329  351
