data/unet/pred0860.15i
     1.0            IONOSPHERE MAPS     GNSS                IONEX VERSION / TYPE
pyspatialgeodesy        IME             05-JAN-18 20:20     PGM / RUN BY / DATE 
Map Name                                                    COMMENT             
Predicted global ionosphere maps (GIM).                     DESCRIPTION         
  2015     3    27     0     0     0                        EPOCH OF FIRST MAP  
  2015     3    28     0     0     0                        EPOCH OF LAST MAP   
  7200                                                      INTERVAL            
    13                                                      # OF MAPS IN FILE   
  NONE                                                      MAPPING FUNCTION    
10.0                                                        ELEVATION CUTOFF    
One-way carrier phase leveled to code                       OBSERVABLES USED    
  6371.0                                                    BASE RADIUS         
 2                                                          MAP DIMENSION       
   450.0 450.0   0.0                                        HGT1 / HGT2 / DHGT  
    87.5 -87.5  -2.5                                        LAT1 / LAT2 / DLAT  
  -180.0 180.0   5.0                                        LON1 / LON2 / DLON  
    -1                                                      EXPONENT            
                                                            END OF HEADER       
[from data line 2145]
     6                                                      START OF TEC MAP    
  2015     3    27    10     0     0                        EPOCH OF CURRENT MAP
    87.5-180.0 180.0   5.0 450.0                            LAT/LON1/LON2/DLON/H
  105  137  138  143  145  148  154  157  164  167  174  175  180  180  184  184
  187  186  189  188  190  188  189  185  186  181  182  177  179  173  175  169
  173  166  171  164  169  162  166  161  164  159  162  157  158  153  153  148
  147  143  141  138  137  134  132  131  129  127  125  124  123  122  120  119
  119  119  119  122  122  122  121  103  105                                   
    85.0-180.0 180.0   5.0 450.0                            LAT/LON1/LON2/DLON/H
  118  105  120  124  132  137  145  152  160  166  173  178  183  187  191  194
  198  201  205  207  210  212  213  214  215  216  216  216  214  214  212  211
  208  208  203  203  198  197  191  190  185  183  179  176  170  168  161  158
  151  146  140  135  131  125  121  116  115  109  107  101  101   96   96   92
   94   90   94   91  101   98  118  109  118                                   
    82.5-180.0 180.0   5.0 450.0                            LAT/LON1/LON2/DLON/H
   98   93  105  113  121  128  137  145  154  159  169  172  181  182  189  188
  196  194  202  199  207  204  212  208  217  213  224  220  229  225  233  228
  234  229  232  226  227  220  219  212  212  203  203  193  192  181  179  167
  164  152  149  139  136  126  122  114  112  103  101   94   92   87   84   81
   78   78   76   79   83   85   91   98   98                                   
    80.0-180.0 180.0   5.0 450.0                            LAT/LON1/LON2/DLON/H
   94   87   94  101  107  115  124  132  140  147  155  159  165  167  173  173
  178  177  182  181  187  185  192  189  197  193  204  200  213  210  223  220
  233  228  239  232  242  230  238  225  233  217  222  207  210  195  197  182
  182  168  166  157  153  144  138  131  126  117  113  104  101   93   91   83
   82   75   76   74   77   73   80   86   94                                   
    77.5-180.0 180.0   5.0 450.0                            LAT/LON1/LON2/DLON/H
   91   87   91   95  101  108  113  121  126  132  137  141  146  148  152  154
  157  158  160  161  162  164  165  166  169  172  177  180  191  193  207  210
  225  224  237  234  245  239  247  239  244  235  237  228  227  217  216  206
  205  197  196  189  188  180  177  168  165  155  149  139  133  122  117  107
  103   94   91   85   85   81   83   82   91                                   
    75.0-180.0 180.0   5.0 450.0                            LAT/LON1/LON2/DLON/H
   95   87   90   95   97  105  108  115  118  122  124  125  128  128  131  130
  133  133  135  136  136  137  138  139  140  143  148  154  164  171  184  193
  208  215  229  234  245  247  252  250  254  249  251  245  246  240  239  235
  233  230  227  225  221  219  215  212  206  202  193  185  175  165  153  144
  132  122  114  106   98   92   93   84   95                                   
    72.5-180.0 180.0   5.0 450.0                            LAT/LON1/LON2/DLON/H
   98   92   89   92   93   99  102  108  107  111  110  111  108  108  107  108
  107  110  110  115  113  117  116  120  119  125  128  138  144  158  168  185
  196  213  224  239  248  259  264  268  270  268  270  265  268  262  266  260
  262  258  259  259  258  258  254  253  248  243  235  224  216  204  193  179
  167  152  141  128  117  106  106   93   98                                   
    70.0-180.0 180.0   5.0 450.0                            LAT/LON1/LON2/DLON/H
  101   91   87   88   89   94   97  101  102  104  101  101   96   95   93   92
   91   93   95   99  100  106  105  111  109  115  115  126  130  144  153  169
  182  201  214  231  243  256  264  274  277  282  282  283  282  283  281  282
  281  282  282  285  285  285  283  283  278  275  262  257  241  235  217  210
  190  180  162  148  132  117  113   95  101                                   
    67.5-180.0 180.0   5.0 450.0                            LAT/LON1/LON2/DLON/H
  100   91   81   84   83   87   91   94   95   95   92   88   84   80   80   78
   82   83   89   93   97  102  103  109  107  116  116  127  131  147  153  174
  182  206  212  235  239  260  264  280  280  293  291  298  296  298  295  296
  295  295  296  298  299  299  295  292  287  283  273  264  254  242  230  217
  202  186  171  152  135  119  116   96  100                                   
    65.0-180.0 180.0   5.0 450.0                            LAT/LON1/LON2/DLON/H
   98   81   75   74   75   80   83   88   88   89   87   84   80   78   77   77
   77   81   86   92   97  104  106  113  113  120  120  131  134  148  154  172
  180  201  210  229  238  253  264  277  284  294  296  302  298  302  298  302
  300  304  305  306  308  305  302  297  292  286  273  266  251  243  226  216
  195  186  165  153  132  117  109   94   98                                   
    62.5-180.0 180.0   5.0 450.0                            LAT/LON1/LON2/DLON/H
   94   78   67   67   65   70   73   78   80   81   80   77   74   71   72   72
   76   79   85   91   94  101  103  112  112  122  122  135  137  155  160  180
  189  211  220  240  246  262  268  286  292  303  305  308  306  308  307  308
  309  307  309  306  306  300  295  286  281  272  263  253  243  231  218  203
  188  173  157  142  127  110  103   89   94                                   
    60.0-180.0 180.0   5.0 450.0                            LAT/LON1/LON2/DLON/H
   96   73   64   60   59   61   65   70   73   75   76   73   73   69   70   70
   72   75   78   83   86   91   97  105  110  121  125  136  141  156  164  180
  191  211  225  240  251  263  275  287  299  305  311  311  313  311  315  317
  321  318  320  314  314  304  299  289  283  272  262  249  240  226  211  194
  177  165  150  139  125  110   99   91   96                                   
    57.5-180.0 180.0   5.0 450.0                            LAT/LON1/LON2/DLON/H
  102   79   69   62   55   55   57   61   64   69   69   70   68   67   67   67
   70   71   75   77   79   83   86   96  102  114  120  134  140  157  165  187
  197  220  233  254  262  278  289  308  317  329  328  332  327  328  328  333
  335  333  332  324  318  306  300  287  279  268  259  248  239  227  213  195
  178  162  149  136  128  113  107   95  102                                   
    55.0-180.0 180.0   5.0 450.0                            LAT/LON1/LON2/DLON/H
  121   96   80   70   61   58   58   59   63   66   68   68   68   65   67   66
   66   66   66   66   66   66   72   79   92  103  115  131  139  159  169  191
  204  227  241  262  273  289  304  323  335  347  349  351  349  349  353  355
  360  355  356  345  339  327  317  307  296  287  279  268  262  247  234  214
  196  178  162  152  144  132  120  113  121                                   
    52.5-180.0 180.0   5.0 450.0                            LAT/LON1/LON2/DLON/H
  143  118  101   89   73   64   61   60   61   64   66   68   66   66   65   64
   65   63   63   60   60   59   64   73   84   99  110  128  138  161  175  198
  214  240  255  278  288  308  322  345  359  370  373  376  374  374  374  376
  378  375  374  364  355  342  331  320  312  302  294  285  281  268  256  238
  220  201  184  172  166  154  148  135  143                                   
    50.0-180.0 180.0   5.0 450.0                            LAT/LON1/LON2/DLON/H
  167  144  126  113   93   84   77   72   71   70   72   72   72   69   70   67
   67   64   62   59   57   55   60   65   81   95  111  130  141  166  181  208
  223  252  268  290  302  324  339  364  379  393  400  404  403  403  402  402
  405  401  401  390  380  367  353  345  335  330  321  316  309  298  286  269
  254  234  215  203  191  181  169  163  167                                   
    47.5-180.0 180.0   5.0 450.0                            LAT/LON1/LON2/DLON/H
  186  167  152  138  119  107   95   85   81   77   78   77   76   74   74   72
   73   70   70   65   66   62   67   74   88  104  120  140  150  175  193  218
  241  268  283  303  313  335  353  378  395  411  419  423  421  422  421  421
  421  417  413  401  389  374  361  350  340  334  327  323  319  309  299  283
  268  250  232  217  208  196  191  185  186                                   
    45.0-180.0 180.0   5.0 450.0                            LAT/LON1/LON2/DLON/H
  197  180  168  163  148  137  121  112  103   96   94   91   89   86   85   84
   84   82   83   79   78   75   78   84   99  114  130  152  164  187  203  231
  249  280  292  314  326  348  368  392  411  428  437  443  442  446  445  446
  445  442  434  422  407  393  379  368  357  349  337  334  327  321  309  295
  278  260  241  222  208  197  192  191  197                                   
    42.5-180.0 180.0   5.0 450.0                            LAT/LON1/LON2/DLON/H
  191  177  173  173  163  156  142  133  121  112  107  103  100   96   94   94
   95   96   99   96   98   92   99  104  120  138  151  171  182  200  217  241
  265  288  301  323  336  360  383  406  427  442  451  455  458  460  461  462
  459  452  442  426  410  391  379  363  353  339  328  322  317  310  301  287
  273  252  229  206  191  178  185  180  191                                   
    40.0-180.0 180.0   5.0 450.0                            LAT/LON1/LON2/DLON/H
  175  162  161  172  169  170  159  151  140  131  125  117  113  108  107  107
  110  111  113  112  110  108  114  121  137  153  168  184  195  210  224  249
  266  291  304  330  348  374  398  421  442  458  466  475  476  483  481  485
  479  475  464  450  432  415  401  385  373  356  338  329  318  309  294  281
  262  244  215  192  169  153  163  157  175                                   
    37.5-180.0 180.0   5.0 450.0                            LAT/LON1/LON2/DLON/H
  152  138  142  159  160  169  162  160  148  144  134  131  122  120  116  118
  121  125  128  127  127  123  129  134  150  165  180  193  204  217  232  251
  275  295  313  337  359  392  418  445  465  478  487  492  497  501  503  505
  504  497  490  475  461  441  428  406  393  372  359  342  331  311  295  274
  256  232  205  175  153  134  141  131  152                                   
    35.0-180.0 180.0   5.0 450.0                            LAT/LON1/LON2/DLON/H
  132  119  120  138  145  156  158  158  151  146  141  136  133  126  128  126
  132  132  135  130  128  122  127  132  148  163  182  196  208  222  234  254
  271  297  317  345  367  408  434  467  484  502  510  520  524  531  532  537
  535  536  532  526  516  504  489  473  454  434  415  398  376  350  322  298
  274  251  220  187  158  136  133  121  132                                   
    32.5-180.0 180.0   5.0 450.0                            LAT/LON1/LON2/DLON/H
  131  112  113  123  131  142  149  148  149  146  143  143  136  139  135  139
  138  141  138  136  127  123  122  129  142  157  177  194  208  224  239  257
  279  300  323  354  386  436  467  502  520  537  548  554  562  570  576  583
  589  594  596  599  596  595  582  568  547  528  505  481  453  424  391  361
  328  296  263  221  187  158  147  119  131                                   
    30.0-180.0 180.0   5.0 450.0                            LAT/LON1/LON2/DLON/H
  141  124  117  116  122  129  139  139  143  138  140  137  138  135  140  137
  144  136  138  128  124  113  116  115  133  146  170  186  206  225  240  262
  278  303  322  362  406  456  492  530  547  575  584  598  606  621  629  646
  659  669  675  688  694  702  703  691  674  651  625  601  573  533  491  453
  420  386  342  293  250  210  185  155  141                                   
    27.5-180.0 180.0   5.0 450.0                            LAT/LON1/LON2/DLON/H
  174  159  144  130  125  129  134  136  141  140  141  140  140  142  143  144
  143  140  134  128  119  112  108  110  124  139  166  189  213  231  248  265
  286  306  329  368  432  485  519  560  582  610  624  635  652  666  691  705
  725  744  764  782  797  813  815  809  795  780  753  721  682  635  595  563
  533  503  442  393  336  299  259  206  174                                   
    25.0-180.0 180.0   5.0 450.0                            LAT/LON1/LON2/DLON/H
  220  223  202  171  148  131  132  127  139  136  142  138  142  140  145  138
  143  129  133  120  121  109  111  106  125  139  169  195  220  239  257  277
  293  319  340  396  460  513  552  587  612  636  654  672  692  715  734  757
  783  813  844  870  894  908  912  909  898  884  864  839  797  750  700  660
  628  587  538  489  429  380  339  278  220                                   
    22.5-180.0 180.0   5.0 450.0                            LAT/LON1/LON2/DLON/H
  325  302  271  230  204  170  153  145  147  146  149  146  146  144  145  142
  141  132  132  123  122  116  114  115  132  151  178  205  226  250  268  296
  314  340  370  434  500  550  581  614  635  665  688  710  732  751  774  802
  837  869  904  934  962  978  987  986  978  962  944  919  883  833  778  731
  692  660  625  560  504  459  439  352  325                                   
    20.0-180.0 180.0   5.0 450.0                            LAT/LON1/LON2/DLON/H
  407  388  338  296  259  230  208  179  172  160  160  152  152  147  147  139
  141  128  134  122  132  121  126  124  146  159  191  212  238  268  292  328
  351  386  425  484  534  578  606  633  660  687  716  737  762  777  801  827
  861  891  928  952  979  994 1003 1005  998  986  971  944  912  863  810  765
  724  692  661  626  581  533  503  439  407                                   
    17.5-180.0 180.0   5.0 450.0                            LAT/LON1/LON2/DLON/H
  474  459  419  370  327  285  255  239  223  199  188  171  166  153  150  142
  139  131  133  127  136  134  139  137  150  167  190  218  244  288  317  355
  384  426  474  523  567  602  622  649  673  710  733  759  778  794  816  839
  866  893  921  941  961  971  985  979  976  960  948  924  896  848  795  755
  718  688  665  637  615  589  557  499  474                                   
    15.0-180.0 180.0   5.0 450.0                            LAT/LON1/LON2/DLON/H
  503  505  459  432  388  352  303  281  267  251  227  200  183  169  157  151
  142  142  144  140  147  142  147  143  157  169  203  230  268  306  343  380
  415  467  507  554  583  612  633  656  688  718  750  771  790  808  827  845
  860  875  891  900  911  914  920  919  905  894  883  860  831  790  747  713
  677  655  628  610  594  589  574  530  503                                   
    12.5-180.0 180.0   5.0 450.0                            LAT/LON1/LON2/DLON/H
  528  530  500  473  432  393  353  324  300  278  268  241  214  186  173  159
  150  146  141  142  151  148  140  133  141  163  199  243  283  327  362  403
  441  489  529  563  591  611  632  658  689  726  755  784  803  822  838  850
  856  857  861  860  858  847  847  835  824  810  801  783  761  732  694  669
  637  610  583  565  568  570  568  551  528                                   
    10.0-180.0 180.0   5.0 450.0                            LAT/LON1/LON2/DLON/H
  530  543  513  483  455  418  380  353  318  299  272  256  236  215  195  184
  172  166  153  147  141  130  127  119  137  159  207  250  295  340  372  421
  457  507  538  570  591  612  634  658  691  724  759  787  809  828  841  848
  846  837  831  813  804  787  779  770  760  748  749  735  716  693  659  635
  596  561  526  514  513  533  548  528  530                                   
     7.5-180.0 180.0   5.0 450.0                            LAT/LON1/LON2/DLON/H
  536  544  521  502  474  437  400  365  336  306  284  262  247  227  214  201
  193  176  159  142  120  111  108  110  134  167  215  272  311  346  382  417
