data/unet/pred1630.15i
     1.0            IONOSPHERE MAPS     GNSS                IONEX VERSION / TYPE
pyspatialgeodesy        IME             05-JAN-18 20:20     PGM / RUN BY / DATE 
Map Name                                                    COMMENT             
Predicted global ionosphere maps (GIM).                     DESCRIPTION         
  2015     6    12     0     0     0                        EPOCH OF FIRST MAP  
  2015     6    13     0     0     0                        EPOCH OF LAST MAP   
  7200                                                      INTERVAL            
    13                                                      # OF MAPS IN FILE   
  NONE                                                      MAPPING FUNCTION    
10.0                                                        ELEVATION CUTOFF    
One-way carrier phase leveled to code                       OBSERVABLES USED    
  6371.0                                                    BASE RADIUS         
 2                                                          MAP DIMENSION       
   450.0 450.0   0.0                                        HGT1 / HGT2 / DHGT  
    87.5 -87.5  -2.5                                        LAT1 / LAT2 / DLAT  
  -180.0 180.0   5.0                                        LON1 / LON2 / DLON  
    -1                                                      EXPONENT            
                                                            END OF HEADER       
[from data line 1716]
     5                                                      START OF TEC MAP    
  2015     6    12     8     0     0                        EPOCH OF CURRENT MAP
    87.5-180.0 180.0   5.0 450.0                            LAT/LON1/LON2/DLON/H
  155  167  183  183  189  187  192  191  196  196  201  200  204  204  207  207
  209  207  209  205  207  202  203  197  199  194  196  192  195  192  195  192
  194  192  194  192  193  192  193  191  191  190  190  189  188  187  186  185
  184  184  183  183  182  183  182  183  181  182  180  181  179  180  178  179
  178  178  178  178  177  173  178  159  155                                   
    85.0-180.0 180.0   5.0 450.0                            LAT/LON1/LON2/DLON/H
  158  165  170  183  183  185  188  192  194  199  202  205  208  210  213  213
  214  214  215  212  212  208  208  204  203  200  200  198  198  197  198  198
  198  198  199  199  198  198  197  196  194  194  193  193  191  190  189  188
  186  186  185  184  184  182  183  181  181  178  178  175  175  172  172  169
  170  168  168  167  166  162  169  158  158                                   
    82.5-180.0 180.0   5.0 450.0                            LAT/LON1/LON2/DLON/H
  160  160  170  177  180  185  188  194  196  202  203  208  208  213  211  216
  213  216  213  216  211  213  207  208  204  205  200  202  198  200  197  199
  197  199  197  198  197  198  197  197  196  198  197  198  197  197  196  196
  195  194  194  193  193  191  191  187  186  182  179  175  172  168  165  161
  159  157  157  155  155  153  155  159  160                                   
    80.0-180.0 180.0   5.0 450.0                            LAT/LON1/LON2/DLON/H
  158  156  164  171  176  180  185  188  193  196  200  202  204  205  207  207
  207  208  208  207  206  205  204  202  200  198  196  195  194  193  192  192
  192  192  192  192  193  193  194  195  197  197  200  200  202  202  203  203
  205  205  207  206  206  204  202  199  196  191  187  180  177  170  167  160
  158  153  152  149  151  146  150  157  158                                   
    77.5-180.0 180.0   5.0 450.0                            LAT/LON1/LON2/DLON/H
  155  160  165  172  178  183  187  191  194  196  198  199  199  200  199  200
  198  200  199  201  199  199  198  197  194  193  190  190  186  187  184  186
  184  187  186  190  189  193  194  199  199  205  207  212  214  219  221  224
  226  229  230  231  230  230  226  226  220  217  209  206  197  191  183  176
  171  164  160  156  154  150  154  156  155                                   
    75.0-180.0 180.0   5.0 450.0                            LAT/LON1/LON2/DLON/H
  158  159  165  171  176  179  183  185  186  187  188  186  186  184  183  182
  182  182  183  183  184  184  183  182  180  178  176  174  173  172  173  173
  175  178  181  184  187  191  194  199  203  209  214  221  226  232  236  242
  244  249  250  253  251  252  248  248  242  240  232  230  221  216  205  199
  189  182  175  168  165  157  163  164  158                                   
    72.5-180.0 180.0   5.0 450.0                            LAT/LON1/LON2/DLON/H
  165  168  167  171  175  177  179  179  179  178  178  175  173  171  168  168
  167  169  169  173  172  174  171  171  167  164  162  159  157  157  158  162
  165  170  175  182  185  192  196  204  209  218  224  233  239  247  252  257
  260  264  265  267  265  265  262  262  258  256  250  248  242  236  228  219
  211  200  192  181  180  169  171  168  165                                   
    70.0-180.0 180.0   5.0 450.0                            LAT/LON1/LON2/DLON/H
  175  169  171  172  171  172  172  172  171  169  168  165  163  159  158  156
  158  159  163  164  168  166  167  163  160  155  153  149  149  148  153  156
  163  168  178  184  191  197  204  211  218  226  235  243  251  258  264  270
  272  276  275  277  272  273  268  267  263  261  257  257  252  249  241  235
  226  218  208  199  194  182  181  180  175                                   
    67.5-180.0 180.0   5.0 450.0                            LAT/LON1/LON2/DLON/H
  181  177  172  170  168  164  163  161  160  157  157  153  152  149  147  148
  148  152  154  160  160  163  160  158  153  148  144  141  140  143  148  156
  162  172  180  190  195  204  211  220  226  235  243  254  261  268  273  278
  279  280  277  275  271  268  263  261  259  257  256  256  256  254  252  247
  242  234  226  215  211  197  192  183  181                                   
    65.0-180.0 180.0   5.0 450.0                            LAT/LON1/LON2/DLON/H
  193  181  176  170  165  158  156  151  150  146  147  144  144  142  143  143
  146  147  154  156  160  159  159  154  151  144  142  138  141  144  152  160
  171  180  190  199  206  215  222  229  236  245  254  262  271  277  283  285
  285  282  278  273  268  262  258  253  252  249  250  250  253  253  252  252
  246  244  235  230  224  209  202  195  193                                   
    62.5-180.0 180.0   5.0 450.0                            LAT/LON1/LON2/DLON/H
  201  192  181  172  164  153  147  139  137  133  134  133  135  135  137  137
  140  142  146  150  152  152  150  148  143  140  137  138  140  148  156  168
  176  188  197  209  216  226  232  241  246  256  264  273  279  285  288  289
  286  282  276  270  262  258  252  249  246  245  245  247  250  252  255  254
  254  250  246  242  239  225  216  205  201                                   
    60.0-180.0 180.0   5.0 450.0                            LAT/LON1/LON2/DLON/H
  214  202  191  179  166  152  141  131  126  123  122  123  126  128  131  132
  135  135  139  140  142  141  140  138  137  134  135  137  144  152  165  175
  186  196  206  216  224  233  240  248  255  264  273  281  288  292  295  294
  289  284  276  269  262  256  252  247  246  243  243  245  248  250  252  254
  254  255  252  251  250  235  228  222  214                                   
    57.5-180.0 180.0   5.0 450.0                            LAT/LON1/LON2/DLON/H
  224  218  204  190  176  156  142  128  121  115  113  113  116  118  122  122
  125  124  125  124  125  124  123  123  124  126  128  135  143  155  166  179
  187  199  208  220  227  238  245  253  261  270  278  286  291  295  297  296
  291  285  277  271  265  262  259  257  253  251  249  249  250  251  253  254
  257  257  258  260  262  252  248  238  224                                   
    55.0-180.0 180.0   5.0 450.0                            LAT/LON1/LON2/DLON/H
  238  231  218  204  188  167  150  134  121  113  108  107  108  109  112  114
  116  114  114  112  112  110  111  112  115  119  127  136  147  159  172  183
  194  204  213  223  232  240  251  258  268  277  288  294  300  303  306  305
  302  296  290  284  281  277  275  271  269  265  262  260  258  257  258  257
  260  261  264  269  274  262  263  257  238                                   
    52.5-180.0 180.0   5.0 450.0                            LAT/LON1/LON2/DLON/H
  253  251  237  222  207  183  164  144  128  116  108  103  103  101  104  104
  107  104  103   99   99   97   98  101  107  113  123  135  147  160  173  185
  195  204  214  226  234  246  255  265  274  285  293  302  305  311  312  314
  311  308  304  301  300  299  296  295  291  287  281  275  270  267  264  264
  266  268  272  278  285  278  283  273  253                                   
    50.0-180.0 180.0   5.0 450.0                            LAT/LON1/LON2/DLON/H
  265  263  252  237  224  200  180  158  140  123  112  103   99   97   97   98
   99   97   95   92   90   89   92   96  106  115  126  139  152  165  178  190
  201  211  219  229  238  249  261  272  283  295  305  313  319  323  327  327
  327  326  324  323  322  323  321  319  313  309  300  296  287  284  279  278
  279  279  285  288  297  288  294  288  265                                   
    47.5-180.0 180.0   5.0 450.0                            LAT/LON1/LON2/DLON/H
  277  273  264  250  238  216  197  172  153  134  119  108  102   96   95   93
   95   92   91   87   87   85   89   94  105  115  129  141  156  168  180  194
  204  214  222  233  241  255  265  281  291  304  313  323  327  333  335  337
  336  337  335  337  336  339  334  336  329  327  317  314  303  302  295  296
  293  295  297  302  308  301  308  297  277                                   
    45.0-180.0 180.0   5.0 450.0                            LAT/LON1/LON2/DLON/H
  277  271  265  254  242  225  207  186  165  146  128  115  106   99   95   95
   95   93   92   90   89   89   93  100  113  124  139  152  165  177  188  201
  211  222  229  239  248  261  276  289  303  315  326  334  341  348  352  354
  352  353  350  352  350  350  346  345  339  338  330  331  321  325  318  322
  318  317  317  316  320  307  315  305  277                                   
    42.5-180.0 180.0   5.0 450.0                            LAT/LON1/LON2/DLON/H
  278  269  259  251  242  227  213  195  177  158  141  126  116  106  103   99
  100   98   98   95   97   96  101  109  120  131  147  162  174  186  196  210
  219  231  237  249  257  273  285  302  314  327  336  346  351  360  362  365
  364  365  360  362  357  358  348  351  342  345  339  339  333  338  334  341
  335  339  332  333  328  315  323  309  278                                   
    40.0-180.0 180.0   5.0 450.0                            LAT/LON1/LON2/DLON/H
  276  261  251  242  232  222  211  199  186  169  153  138  127  116  110  106
  106  104  105  104  106  107  112  119  132  142  161  173  186  195  205  217
  228  240  247  259  268  284  298  313  325  337  346  357  363  373  378  384
  384  387  382  384  376  372  362  357  352  356  351  357  353  363  361  370
  365  362  352  343  339  315  323  314  276                                   
    37.5-180.0 180.0   5.0 450.0                            LAT/LON1/LON2/DLON/H
  277  256  241  230  222  211  204  196  189  176  164  150  141  130  122  116
  116  113  115  115  118  120  125  132  142  154  170  182  193  203  212  225
  235  249  257  270  279  295  306  322  332  345  353  364  371  382  389  398
  401  407  404  407  399  394  382  379  373  375  372  373  371  377  376  381
  377  374  362  354  343  321  325  311  277                                   
    35.0-180.0 180.0   5.0 450.0                            LAT/LON1/LON2/DLON/H
  279  255  232  220  210  202  197  192  188  180  172  162  153  143  133  127
  124  121  124  124  129  132  138  143  155  165  182  191  202  209  217  231
  241  256  264  280  289  304  316  329  341  351  362  373  383  398  408  422
  429  439  441  447  441  439  427  420  414  415  411  412  405  408  403  405
  400  389  380  364  354  325  328  320  279                                   
    32.5-180.0 180.0   5.0 450.0                            LAT/LON1/LON2/DLON/H
  286  258  235  219  207  196  191  187  185  181  177  171  166  157  147  138
  135  131  133  136  141  146  150  157  165  176  187  198  206  213  223  235
  246  258  270  285  296  312  321  336  343  357  367  381  393  410  424  440
  453  466  475  486  488  489  481  475  467  461  457  446  435  425  418  413
  406  399  388  378  361  338  335  321  286                                   
    30.0-180.0 180.0   5.0 450.0                            LAT/LON1/LON2/DLON/H
  293  267  241  221  209  196  190  185  185  181  181  179  177  169  159  150
  143  138  139  142  148  153  159  163  172  179  192  200  209  216  225  238
  247  261  272  289  301  317  328  341  352  364  379  393  410  429  447  466
  483  503  522  545  555  562  556  550  536  530  514  501  481  467  450  438
  427  414  405  391  379  353  346  333  293                                   
    27.5-180.0 180.0   5.0 450.0                            LAT/LON1/LON2/DLON/H
  306  284  260  239  221  209  200  196  193  191  191  192  191  185  175  163
  155  148  147  152  157  163  167  173  175  182  189  198  204  214  221  234
  244  258  269  287  300  318  330  347  357  372  389  404  424  443  465  482
  505  527  557  592  619  636  638  629  619  605  590  561  531  500  475  452
  438  425  415  407  392  371  357  339  306                                   
    25.0-180.0 180.0   5.0 450.0                            LAT/LON1/LON2/DLON/H
  313  298  281  261  243  227  217  209  206  202  203  203  203  199  190  177
  166  156  155  157  163  166  172  175  179  180  188  192  199  208  216  230
  237  257  269  287  301  320  337  352  367  382  403  419  441  459  483  502
  530  558  604  649  675  685  684  679  671  659  643  619  584  551  509  484
  459  445  434  424  413  392  377  355  313                                   
    22.5-180.0 180.0   5.0 450.0                            LAT/LON1/LON2/DLON/H
  326  317  302  285  271  254  241  230  223  219  217  217  217  212  204  191
  180  170  166  168  170  176  177  182  181  183  182  186  189  196  201  217
  228  247  263  280  297  318  337  355  370  388  408  429  446  470  490  513
  539  575  624  670  690  702  705  705  700  693  677  653  619  578  540  503
  477  456  445  435  426  408  388  359  326                                   
    20.0-180.0 180.0   5.0 450.0                            LAT/LON1/LON2/DLON/H
  330  331  319  306  295  281  269  256  247  237  231  228  226  220  212  201
  192  182  177  175  178  179  181  181  181  179  178  176  177  183  190  210
  220  245  258  283  300  325  346  361  382  398  424  439  463  479  503  522
  551  584  628  670  685  698  699  703  698  695  682  665  633  599  556  532
  495  480  462  455  441  424  400  369  330                                   
    17.5-180.0 180.0   5.0 450.0                            LAT/LON1/LON2/DLON/H
  336  336  326  319  311  303  290  279  268  257  248  241  236  230  221  211
  202  192  186  183  182  185  183  184  178  176  168  165  162  167  176  196
  213  233  255  279  302  327  348  369  386  410  430  450  465  488  507  529
  552  581  611  645  662  667  667  666  665  666  661  653  630  607  567  539
  518  497  482  470  456  432  404  362  336                                   
    15.0-180.0 180.0   5.0 450.0                            LAT/LON1/LON2/DLON/H
  332  333  324  320  312  310  301  294  282  273  262  254  244  234  225  213
  205  194  188  184  182  182  181  178  174  169  161  153  149  156  170  194
  208  235  253  282  305  333  357  379  403  421  446  463  482  499  520  538
  557  579  601  625  637  640  631  629  625  630  629  630  617  607  576  555
  529  520  507  499  476  452  413  371  332                                   
    12.5-180.0 180.0   5.0 450.0                            LAT/LON1/LON2/DLON/H
  337  328  316  308  304  303  298  296  288  280  271  261  250  238  226  215
  206  197  190  184  179  178  174  172  165  158  146  135  130  139  156  178
  205  231  255  280  308  336  359  383  405  426  449  467  485  505  525  547
  564  579  589  599  600  599  596  593  590  595  596  605  602  602  587  569
  547  537  526  514  494  463  424  367  337                                   
    10.0-180.0 180.0   5.0 450.0                            LAT/LON1/LON2/DLON/H
  333  324  306  298  291  290  286  288  283  282  272  264  250  236  222  210
  201  193  184  179  172  170  164  160  153  143  129  122  118  131  145  176
  201  234  253  281  306  338  364  387  412  429  454  469  493  509  532  551
  570  584  594  596  588  578  568  576  574  583  583  596  596  604  591  585
  562  556  542  528  505  474  438  389  333                                   
     7.5-180.0 180.0   5.0 450.0                            LAT/LON1/LON2/DLON/H
  354  334  314  297  288  280  274  274  273  273  268  257  245  230  216  204
  195  188  180  173  166  159  153  144  136  122  111  105  105  116  136  167
