data/unet/pred2810.15i
     1.0            IONOSPHERE MAPS     GNSS                IONEX VERSION / TYPE
pyspatialgeodesy        IME             05-JAN-18 20:20     PGM / RUN BY / DATE 
Map Name                                                    COMMENT             
Predicted global ionosphere maps (GIM).                     DESCRIPTION         
  2015    10     8     0     0     0                        EPOCH OF FIRST MAP  
  2015    10     9     0     0     0                        EPOCH OF LAST MAP   
  7200                                                      INTERVAL            
    13                                                      # OF MAPS IN FILE   
  NONE                                                      MAPPING FUNCTION    
10.0                                                        ELEVATION CUTOFF    
One-way carrier phase leveled to code                       OBSERVABLES USED    
  6371.0                                                    BASE RADIUS         
 2                                                          MAP DIMENSION       
   450.0 450.0   0.0                                        HGT1 / HGT2 / DHGT  
    87.5 -87.5  -2.5                                        LAT1 / LAT2 / DLAT  
  -180.0 180.0   5.0                                        LON1 / LON2 / DLON  
    -1                                                      EXPONENT            
                                                            END OF HEADER       
[from data line 5148]
    13                                                      START OF TEC MAP    
  2015    10     9     0     0     0                        EPOCH OF CURRENT MAP
    87.5-180.0 180.0   5.0 450.0                            LAT/LON1/LON2/DLON/H
  114   82   77   71   74   69   74   70   75   71   75   71   75   71   75   71
   74   70   73   69   72   68   71   67   69   65   68   64   67   62   66   61
   65   60   64   60   64   60   64   60   64   60   65   61   66   62   67   63
   68   65   69   66   71   67   71   68   72   69   73   69   73   69   73   70
   74   70   75   72   79   75   86  105  114                                   
    85.0-180.0 180.0   5.0 450.0                            LAT/LON1/LON2/DLON/H
   92   62   63   61   60   57   60   58   61   59   62   60   63   60   63   60
   61   58   59   56   55   52   52   47   47   43   44   40   40   36   37   34
   36   33   35   33   35   34   37   35   39   37   41   40   44   43   47   46
   50   48   53   51   56   54   58   56   60   58   60   59   62   60   62   61
   63   62   65   63   68   59   61   85   92                                   
    82.5-180.0 180.0   5.0 450.0                            LAT/LON1/LON2/DLON/H
   86   63   65   66   64   60   64   62   65   63   66   66   67   66   68   67
   66   64   64   61   59   55   54   49   48   42   42   37   36   32   32   28
   29   26   28   26   28   26   30   28   33   31   36   34   39   37   43   41
   47   45   51   50   56   54   59   58   63   60   65   62   67   63   68   64
   69   65   70   67   72   63   68   86   86                                   
    80.0-180.0 180.0   5.0 450.0                            LAT/LON1/LON2/DLON/H
   90   75   76   78   74   73   74   75   76   76   78   79   80   81   82   82
   81   80   79   77   73   70   66   62   58   53   50   45   42   38   37   33
   33   31   32   32   33   33   35   36   39   39   42   43   45   46   49   49
   52   53   57   58   62   63   66   68   71   71   74   74   76   75   77   76
   78   77   79   79   80   74   78   93   90                                   
    77.5-180.0 180.0   5.0 450.0                            LAT/LON1/LON2/DLON/H
   97   81   82   83   80   79   81   81   83   83   86   87   89   89   91   91
   91   90   89   86   83   79   75   70   65   59   55   50   46   41   39   36
   35   34   35   34   36   36   38   39   41   41   43   44   45   45   47   47
   49   50   53   55   58   60   64   67   69   71   73   75   76   76   77   77
   78   78   80   81   82   78   82   93   97                                   
    75.0-180.0 180.0   5.0 450.0                            LAT/LON1/LON2/DLON/H
   98   88   88   91   87   87   89   90   91   92   94   96   97   98   99   99
   98   97   95   93   90   87   82   78   72   66   62   56   52   48   45   42
   41   40   40   40   41   42   44   44   45   45   47   47   46   46   47   47
   48   49   51   53   56   58   62   65   68   71   73   75   76   77   78   78
   78   79   81   83   85   82   86   98   98                                   
    72.5-180.0 180.0   5.0 450.0                            LAT/LON1/LON2/DLON/H
  105   92   94   96   92   93   94   96   96   97   99  100  100   99   99   98
   95   93   91   90   86   84   80   77   71   66   62   58   53   50   47   46
   43   43   43   43   43   43   44   44   43   43   44   42   42   41   41   41
   41   41   44   45   48   50   54   58   61   64   67   69   70   71   72   73
   73   74   78   81   84   84   88   98  105                                   
    70.0-180.0 180.0   5.0 450.0                            LAT/LON1/LON2/DLON/H
  103   94   97   99   96   96   98   98   99  100  102  101   99   96   94   90
   86   83   81   79   77   76   74   70   67   63   60   56   53   50   49   47
   46   44   44   43   43   42   42   41   40   39   39   38   37   36   36   35
   35   34   36   37   40   42   47   51   56   59   64   66   67   68   69   69
   69   70   75   78   83   84   89  100  103                                   
    67.5-180.0 180.0   5.0 450.0                            LAT/LON1/LON2/DLON/H
  107   95   98  100   97   96   97   98  100  101  102  101   98   93   88   82
   76   71   69   67   65   65   64   62   60   58   55   53   50   50   48   47
   46   45   44   42   40   38   37   35   35   33   34   32   32   31   31   29
   29   29   31   31   34   37   42   46   51   55   60   63   65   66   67   66
   67   67   71   75   81   83   88   98  107                                   
    65.0-180.0 180.0   5.0 450.0                            LAT/LON1/LON2/DLON/H
  104   95   97   99   95   94   95   96   99  100  102  100   97   90   83   74
   68   61   59   56   55   54   55   53   52   51   50   49   48   48   48   47
   46   44   42   39   36   33   32   29   29   27   28   27   28   27   27   26
   26   25   27   27   30   33   39   44   51   56   62   65   68   69   70   69
   69   69   72   76   81   84   88  100  104                                   
    62.5-180.0 180.0   5.0 450.0                            LAT/LON1/LON2/DLON/H
  107   93   94   94   89   87   88   90   94   97   99   99   95   89   80   72
   63   57   53   50   48   47   47   46   45   44   44   44   44   45   45   44
   43   40   38   34   31   27   26   23   23   22   23   23   25   25   26   25
   25   24   25   26   28   32   38   43   50   56   63   67   71   72   73   73
   72   71   74   77   82   84   88   98  107                                   
    60.0-180.0 180.0   5.0 450.0                            LAT/LON1/LON2/DLON/H
  102   91   89   89   82   79   79   82   87   91   96   96   94   88   81   72
   64   56   52   48   46   42   42   40   39   38   38   39   40   41   41   41
   39   36   33   29   26   22   21   19   20   19   22   22   24   24   24   24
   23   23   23   24   26   31   37   43   51   58   66   71   75   77   79   79
   79   78   79   81   85   87   88   98  102                                   
    57.5-180.0 180.0   5.0 450.0                            LAT/LON1/LON2/DLON/H
  105   90   87   84   77   72   72   75   81   86   92   94   94   91   85   78
   70   63   57   52   48   44   41   38   36   34   35   35   36   37   38   36
   35   31   29   25   23   20   19   19   19   21   23   24   26   27   26   26
   25   24   24   24   26   31   37   44   52   61   69   75   79   83   85   86
   86   86   86   87   90   91   90   97  105                                   
    55.0-180.0 180.0   5.0 450.0                            LAT/LON1/LON2/DLON/H
  104   93   89   85   75   70   69   71   76   82   87   92   93   93   89   84
   78   71   65   58   52   46   42   37   35   33   33   33   34   35   35   34
   33   30   28   25   24   23   23   22   25   26   29   30   31   31   30   29
   27   26   25   25   27   32   38   47   55   65   73   79   85   89   93   95
   96   96   97   97   99   98   95  100  104                                   
    52.5-180.0 180.0   5.0 450.0                            LAT/LON1/LON2/DLON/H
  114  101   97   92   81   74   72   73   77   81   87   90   94   95   94   92
   87   81   73   66   57   50   44   39   36   34   33   34   34   34   34   33
   32   30   29   28   28   28   29   30   32   33   36   37   38   37   35   33
   31   29   28   29   31   35   42   51   60   70   77   84   88   94   98  102
  104  106  107  107  108  108  103  104  114                                   
    50.0-180.0 180.0   5.0 450.0                            LAT/LON1/LON2/DLON/H
  118  114  110  105   93   86   82   81   81   83   85   88   91   94   96   96
   92   86   77   69   60   51   45   40   36   35   34   34   34   34   34   33
   33   32   33   34   36   37   39   40   42   44   46   47   47   45   42   39
   36   35   33   34   36   41   47   57   67   77   82   87   92   96  101  106
  111  114  117  117  119  118  112  111  118                                   
    47.5-180.0 180.0   5.0 450.0                            LAT/LON1/LON2/DLON/H
  136  130  127  123  112  104   99   95   93   90   89   90   92   95   98   99
   96   90   81   72   62   54   47   43   39   38   38   38   37   36   37   36
   36   36   39   41   44   46   49   50   52   53   55   56   55   54   51   47
   44   41   40   41   43   49   56   68   78   87   92   95   98  102  107  113
  118  123  126  127  129  129  122  120  136                                   
    45.0-180.0 180.0   5.0 450.0                            LAT/LON1/LON2/DLON/H
  144  146  145  143  131  123  117  112  105  100   95   93   94   97  100  101
   97   92   82   73   64   56   51   47   44   43   43   42   41   40   39   39
   40   42   45   49   52   55   58   59   61   62   64   65   64   62   59   55
   51   49   48   49   52   58   67   79   90   99  102  103  104  107  112  117
  124  129  134  136  140  140  134  130  144                                   
    42.5-180.0 180.0   5.0 450.0                            LAT/LON1/LON2/DLON/H
  160  160  162  161  150  144  136  130  121  113  106  102  101  103  105  105
  100   94   86   78   69   63   58   55   52   51   49   48   45   44   44   44
   46   48   52   55   59   61   65   65   67   69   71   72   72   70   67   63
   60   58   57   58   61   69   79   92  104  112  115  115  115  117  121  126
  132  138  143  146  150  150  146  142  160                                   
    40.0-180.0 180.0   5.0 450.0                            LAT/LON1/LON2/DLON/H
  166  173  175  173  163  156  149  142  132  123  114  109  107  109  109  108
  103   97   90   83   77   72   68   64   60   57   54   51   48   47   46   48
   49   53   56   60   63   66   67   69   70   73   74   77   77   77   73   70
   66   64   64   66   70   78   90  102  116  122  126  125  126  127  131  135
  141  145  152  155  158  160  156  153  166                                   
    37.5-180.0 180.0   5.0 450.0                            LAT/LON1/LON2/DLON/H
  179  185  186  182  171  166  159  154  143  135  125  121  118  119  117  116
  110  105   98   94   89   85   79   74   69   64   59   55   52   50   51   52
   55   57   61   63   67   69   71   71   73   75   79   81   83   82   79   75
   72   70   71   73   78   87  100  113  125  133  135  136  137  140  144  148
  153  157  162  165  168  169  168  166  179                                   
    35.0-180.0 180.0   5.0 450.0                            LAT/LON1/LON2/DLON/H
  190  198  200  191  178  170  165  158  150  141  134  130  128  127  125  122
  116  111  106  103   98   94   88   81   73   67   60   56   52   52   53   55
   58   62   65   67   69   71   73   74   75   78   81   84   85   84   80   75
   72   71   72   75   82   92  105  117  130  135  141  141  146  150  157  161
  168  171  177  180  181  184  183  183  190                                   
    32.5-180.0 180.0   5.0 450.0                            LAT/LON1/LON2/DLON/H
  215  215  215  203  188  181  172  167  158  153  145  144  139  139  133  130
  122  118  113  110  105  101   93   85   75   68   62   57   55   55   58   62
   65   68   72   73   75   77   78   79   80   82   85   87   86   84   80   73
   70   68   71   74   83   93  107  121  133  141  144  149  155  162  170  175
  180  185  191  194  198  201  202  205  215                                   
    30.0-180.0 180.0   5.0 450.0                            LAT/LON1/LON2/DLON/H
  244  243  243  226  210  199  188  179  172  164  159  154  150  146  139  132
  124  119  112  108  103   97   89   81   72   66   61   59   58   60   64   68
   72   76   79   81   83   85   86   86   87   87   89   87   87   81   77   70
   66   63   66   70   81   92  106  119  132  138  146  151  163  173  184  189
  197  201  211  216  219  225  227  233  244                                   
    27.5-180.0 180.0   5.0 450.0                            LAT/LON1/LON2/DLON/H
  290  283  281  266  247  235  219  209  198  191  182  177  168  161  148  139
  126  118  107  101   93   88   81   75   69   66   65   67   68   73   76   81
   84   88   91   93   94   96   96   96   95   94   92   89   85   80   74   66
   63   57   58   60   72   84  101  115  129  139  147  159  172  186  197  206
  216  223  234  242  249  255  260  268  290                                   
    25.0-180.0 180.0   5.0 450.0                            LAT/LON1/LON2/DLON/H
  339  339  334  315  298  281  264  245  233  221  211  200  188  173  157  141
  125  111   98   87   79   75   72   70   69   70   74   78   83   87   91   94
   97  100  104  105  108  109  110  107  106  101   98   90   86   76   71   63
   58   53   54   58   68   81   96  110  127  139  152  165  183  199  214  228
  240  253  267  280  289  297  305  313  339                                   
    22.5-180.0 180.0   5.0 450.0                            LAT/LON1/LON2/DLON/H
  385  385  379  368  350  335  312  294  278  263  249  235  217  198  175  154
  130  111   90   77   68   68   70   75   79   86   93  100  105  110  111  112
  112  115  117  119  120  122  121  120  116  110  102   92   84   75   68   60
   55   49   51   54   64   76   93  112  130  147  161  178  198  215  231  247
  263  282  304  320  332  342  349  358  385                                   
    20.0-180.0 180.0   5.0 450.0                            LAT/LON1/LON2/DLON/H
  430  440  437  425  413  391  369  346  327  308  292  273  253  228  199  170
  142  116   91   74   68   72   81   92  102  111  120  126  131  133  132  130
  130  130  132  133  134  135  136  132  130  121  111   97   88   77   70   60
   57   52   54   56   65   76   93  114  135  153  172  190  212  232  250  271
  293  319  343  362  375  387  398  407  430                                   
    17.5-180.0 180.0   5.0 450.0                            LAT/LON1/LON2/DLON/H
  465  469  472  473  465  454  430  410  386  365  345  322  300  270  238  205
  171  142  111   94   88   97  111  127  138  148  155  162  162  162  157  154
  151  150  151  152  153  154  153  151  145  136  121  107   93   83   72   63
   59   55   55   57   64   78   97  122  144  166  185  206  229  251  272  297
  325  351  381  402  417  428  439  447  465                                   
    15.0-180.0 180.0   5.0 450.0                            LAT/LON1/LON2/DLON/H
  491  499  503  508  513  508  494  475  455  432  408  381  356  320  288  250
  216  182  152  133  132  142  161  178  189  194  197  195  193  188  182  175
  171  169  169  169  170  169  170  165  160  150  137  119  105   91   79   67
   63   57   59   58   67   80  103  129  154  175  197  220  247  271  295  325
  356  386  416  438  455  464  480  486  491                                   
    12.5-180.0 180.0   5.0 450.0                            LAT/LON1/LON2/DLON/H
  507  513  520  533  544  550  544  533  514  496  471  448  420  386  349  307
  274  240  210  197  196  211  227  241  245  242  236  227  220  212  205  199
  195  192  191  189  189  188  185  181  173  164  149  133  113   98   81   70
   62   56   56   56   64   79  104  135  159  184  208  234  263  290  318  347
  376  409  440  467  486  497  507  511  507                                   
    10.0-180.0 180.0   5.0 450.0                            LAT/LON1/LON2/DLON/H
  521  526  534  549  571  581  587  578  568  548  531  508  486  452  416  375
  340  306  283  271  274  287  303  310  305  289  272  257  243  232  223  218
  215  212  209  205  202  197  193  186  180  169  158  139  121  103   86   73
   64   58   57   56   64   78  106  135  161  184  209  237  270  301  331  360
  392  426  460  487  511  522  537  536  521                                   
     7.5-180.0 180.0   5.0 450.0                            LAT/LON1/LON2/DLON/H
  530  534  540  557  579  597  606  605  594  581  566  550  535  508  476  443
  411  383  363  356  361  370  375  369  349  321  293  272  255  244  235  232
