data/unet/pred1770.15i
     1.0            IONOSPHERE MAPS     GNSS                IONEX VERSION / TYPE
pyspatialgeodesy        IME             05-JAN-18 20:20     PGM / RUN BY / DATE 
Map Name                                                    COMMENT             
Predicted global ionosphere maps (GIM).                     DESCRIPTION         
  2015     6    26     0     0     0                        EPOCH OF FIRST MAP  
  2015     6    27     0     0     0                        EPOCH OF LAST MAP   
  7200                                                      INTERVAL            
    13                                                      # OF MAPS IN FILE   
  NONE                                                      MAPPING FUNCTION    
10.0                                                        ELEVATION CUTOFF    
One-way carrier phase leveled to code                       OBSERVABLES USED    
  6371.0                                                    BASE RADIUS         
 2                                                          MAP DIMENSION       
   450.0 450.0   0.0                                        HGT1 / HGT2 / DHGT  
    87.5 -87.5  -2.5                                        LAT1 / LAT2 / DLAT  
  -180.0 180.0   5.0                                        LON1 / LON2 / DLON  
    -1                                                      EXPONENT            
                                                            END OF HEADER       
[from data line 3861]
    10                                                      START OF TEC MAP    
  2015     6    26    18     0     0                        EPOCH OF CURRENT MAP
    87.5-180.0 180.0   5.0 450.0                            LAT/LON1/LON2/DLON/H
  159  126  123  123  125  120  124  121  124  121  125  122  126  123  128  125
  129  126  130  127  132  129  133  130  135  132  136  133  137  134  137  134
  137  133  136  132  136  131  134  130  133  127  132  126  130  124  129  123
  128  122  127  122  126  121  125  120  124  119  123  118  122  117  121  117
  121  117  122  120  125  119  129  145  159                                   
    85.0-180.0 180.0   5.0 450.0                            LAT/LON1/LON2/DLON/H
  118  109  112  118  115  117  115  118  117  119  119  121  120  123  122  125
  125  127  127  129  129  131  131  133  133  134  133  135  135  136  134  136
  134  135  133  134  132  133  130  132  128  130  125  127  124  126  122  124
  121  123  120  122  119  121  118  119  117  118  115  116  114  115  113  114
  112  114  112  115  115  112  119  138  118                                   
    82.5-180.0 180.0   5.0 450.0                            LAT/LON1/LON2/DLON/H
  118  111  119  120  120  120  121  122  123  124  126  126  127  128  130  130
  132  132  135  135  137  137  139  139  141  140  142  141  143  141  142  141
  141  140  140  140  139  139  138  138  136  136  135  135  133  133  132  131
  130  130  129  128  127  126  125  124  123  121  121  119  118  117  117  116
  116  115  116  116  115  109  110  120  118                                   
    80.0-180.0 180.0   5.0 450.0                            LAT/LON1/LON2/DLON/H
  116  118  120  124  123  124  123  127  125  128  128  129  129  130  132  133
  135  137  138  141  142  145  145  147  146  149  146  149  145  148  144  147
  142  145  141  145  140  144  139  143  137  141  135  140  133  138  132  137
  130  134  129  133  127  130  125  127  122  123  119  121  117  119  116  119
  116  119  116  119  115  110  112  119  116                                   
    77.5-180.0 180.0   5.0 450.0                            LAT/LON1/LON2/DLON/H
  116  118  124  125  127  126  128  129  129  128  130  129  130  130  132  134
  136  138  142  144  147  148  151  151  152  151  152  150  150  147  147  145
  144  141  142  141  140  140  140  141  138  140  138  140  137  138  136  137
  135  135  134  134  132  131  129  128  126  124  124  123  123  123  123  123
  122  123  123  123  122  114  112  121  116                                   
    75.0-180.0 180.0   5.0 450.0                            LAT/LON1/LON2/DLON/H
  116  120  125  129  129  132  130  134  130  132  130  131  129  131  132  135
  137  141  144  148  151  154  155  158  156  157  154  154  151  150  147  146
  143  143  141  141  139  141  138  141  137  140  137  140  136  139  136  139
  135  137  134  136  132  133  129  129  125  126  124  125  123  124  124  126
  124  127  126  128  126  121  116  129  116                                   
    72.5-180.0 180.0   5.0 450.0                            LAT/LON1/LON2/DLON/H
  118  121  130  130  133  132  134  133  133  130  130  128  128  128  131  133
  137  142  147  151  156  158  161  161  161  159  158  155  153  149  147  143
  141  138  137  136  136  135  135  135  134  134  134  134  133  133  133  133
  133  132  133  132  132  129  129  126  125  123  123  122  123  124  126  126
  128  129  131  131  132  125  120  128  118                                   
    70.0-180.0 180.0   5.0 450.0                            LAT/LON1/LON2/DLON/H
  121  123  130  134  134  136  135  137  134  133  131  130  128  129  131  135
  139  145  152  156  161  164  165  166  164  163  158  157  152  149  145  142
  139  136  134  134  133  133  132  133  131  132  130  131  128  129  128  129
  128  129  129  130  129  128  126  125  123  122  120  121  121  123  123  126
  127  131  131  135  133  127  122  135  121                                   
    67.5-180.0 180.0   5.0 450.0                            LAT/LON1/LON2/DLON/H
  123  123  132  132  134  133  136  135  135  131  131  127  127  126  131  133
  139  144  153  159  164  168  170  170  168  164  161  157  153  149  147  142
  139  134  134  131  132  130  131  130  129  128  126  125  124  122  122  121
  123  122  124  123  125  121  122  119  118  116  116  116  117  118  121  123
  127  129  133  135  136  130  125  130  123                                   
    65.0-180.0 180.0   5.0 450.0                            LAT/LON1/LON2/DLON/H
  125  123  129  134  133  135  135  137  134  133  131  129  127  129  131  136
  141  149  157  163  168  172  174  173  169  167  161  158  153  150  147  144
  140  137  134  133  132  133  131  132  129  129  126  125  121  120  118  117
  117  118  119  120  119  118  116  115  112  111  110  112  112  115  116  120
  122  127  129  134  134  128  123  136  125                                   
    62.5-180.0 180.0   5.0 450.0                            LAT/LON1/LON2/DLON/H
  124  121  130  130  133  132  136  135  136  132  132  128  128  127  133  136
  142  148  157  164  170  174  176  175  172  168  163  159  154  152  150  147
  144  140  138  135  135  133  134  133  132  129  128  124  121  116  115  112
  113  112  115  113  113  110  109  106  105  103  104  105  106  108  111  114
  118  121  126  130  133  128  124  129  124                                   
    60.0-180.0 180.0   5.0 450.0                            LAT/LON1/LON2/DLON/H
  123  121  127  133  132  135  135  138  135  135  133  133  130  133  135  142
  145  154  159  168  172  176  177  177  174  170  165  162  157  155  154  152
  150  147  144  143  140  140  139  140  137  137  132  129  123  119  115  113
  111  111  111  112  109  107  104  101   99   97   98  100  102  104  106  109
  111  117  119  127  129  123  120  132  123                                   
    57.5-180.0 180.0   5.0 450.0                            LAT/LON1/LON2/DLON/H
  120  121  129  131  133  133  137  136  138  134  135  133  133  134  139  142
  147  151  158  163  168  172  175  177  175  172  169  166  162  160  159  159
  157  154  152  149  147  145  145  145  144  142  139  133  128  121  118  114
  112  110  111  108  106  101   99   94   92   90   92   94   96   97  100  102
  104  107  114  119  125  121  120  124  120                                   
    55.0-180.0 180.0   5.0 450.0                            LAT/LON1/LON2/DLON/H
  120  124  128  135  135  137  139  140  138  138  136  137  135  140  141  146
  147  153  156  162  165  171  174  177  177  176  173  171  168  168  166  167
  165  163  160  158  154  154  152  154  152  151  147  143  134  129  122  118
  115  114  112  110  105  100   96   91   90   88   91   93   94   96   97   99
   99  104  106  115  118  115  116  128  120                                   
    52.5-180.0 180.0   5.0 450.0                            LAT/LON1/LON2/DLON/H
  118  123  132  136  138  138  142  142  142  140  139  138  139  140  144  146
  148  149  153  154  158  163  169  173  177  178  178  176  174  173  173  172
  171  169  167  164  162  160  160  160  160  158  155  149  142  135  129  123
  119  116  114  110  105   99   94   88   87   85   89   91   93   93   94   94
   94   97  101  106  113  111  115  120  118                                   
    50.0-180.0 180.0   5.0 450.0                            LAT/LON1/LON2/DLON/H
  118  127  130  140  142  145  146  148  146  144  143  143  142  145  146  148
  148  149  150  151  153  159  166  172  179  181  184  183  183  181  180  179
  178  176  173  172  169  168  168  169  168  167  163  159  150  145  136  132
  127  123  119  115  109  102   97   91   91   89   94   95   98   97   96   96
   93   95   96  104  106  107  110  126  118                                   
    47.5-180.0 180.0   5.0 450.0                            LAT/LON1/LON2/DLON/H
  118  124  134  141  145  148  151  151  151  149  148  145  146  146  149  148
  149  146  147  146  150  154  162  170  179  183  189  189  189  186  187  183
  182  179  180  178  177  176  178  178  177  175  171  167  158  152  146  140
  135  129  126  120  114  106  102   96   95   94   98  100  101  100   99   97
   94   94   95   99  103  103  108  119  118                                   
    45.0-180.0 180.0   5.0 450.0                            LAT/LON1/LON2/DLON/H
  118  127  132  144  149  154  156  158  156  154  153  151  151  152  153  152
  151  148  146  147  148  153  160  169  180  186  194  196  196  194  192  188
  188  185  187  186  186  186  187  188  186  183  179  175  169  163  156  149
  144  138  134  127  122  114  110  104  105  103  108  108  110  107  106  104
   99   99   96  100  100  100  106  126  118                                   
    42.5-180.0 180.0   5.0 450.0                            LAT/LON1/LON2/DLON/H
  117  123  133  142  150  155  160  162  162  159  160  157  157  156  158  156
  156  151  151  148  151  153  162  170  182  189  201  203  205  200  199  194
  194  192  197  195  199  198  201  199  198  193  189  185  178  174  167  161
  154  146  142  135  130  123  119  116  115  116  117  118  118  115  114  110
  106  103  101  101  101   98  105  122  117                                   
    40.0-180.0 180.0   5.0 450.0                            LAT/LON1/LON2/DLON/H
  117  124  129  142  150  157  162  166  166  164  164  162  163  162  163  161
  160  158  157  156  157  160  165  174  184  193  207  211  214  210  208  205
  206  206  210  211  213  215  216  214  211  205  200  195  191  185  180  171
  165  156  152  145  141  134  130  127  127  126  128  128  127  125  123  121
  115  112  106  106  102   99  105  126  117                                   
    37.5-180.0 180.0   5.0 450.0                            LAT/LON1/LON2/DLON/H
  116  119  129  140  150  158  165  168  171  169  171  169  170  168  170  167
  168  166  168  166  169  168  174  178  191  201  217  222  227  223  224  222
  224  225  230  229  232  230  233  227  225  217  213  208  203  199  193  185
  177  168  163  156  151  145  142  139  137  139  138  138  136  134  132  129
  125  120  115  111  108  101  106  124  116                                   
    35.0-180.0 180.0   5.0 450.0                            LAT/LON1/LON2/DLON/H
  116  121  126  137  149  156  166  170  174  174  176  175  177  176  176  175
  176  176  178  181  181  182  183  188  197  210  226  236  241  243  244  246
  247  252  253  257  255  255  252  247  242  234  228  222  217  211  205  195
  188  178  173  167  162  157  153  150  147  147  147  147  144  143  141  139
  134  130  124  120  114  108  110  130  116                                   
    32.5-180.0 180.0   5.0 450.0                            LAT/LON1/LON2/DLON/H
  115  119  126  136  147  156  167  174  180  181  185  185  188  187  187  186
  187  189  193  196  198  196  197  199  209  222  241  253  262  266  268  272
  273  279  280  283  280  277  270  263  255  248  241  234  229  222  213  204
  195  187  181  175  171  166  162  159  154  155  151  152  149  148  147  145
  142  137  132  127  123  113  117  130  115                                   
    30.0-180.0 180.0   5.0 450.0                            LAT/LON1/LON2/DLON/H
  119  124  126  136  144  152  165  175  183  188  192  197  198  200  198  197
  197  202  207  213  214  215  212  216  223  239  256  273  283  290  292  297
  298  306  306  308  302  297  288  280  269  261  253  246  240  232  222  210
  201  191  185  177  173  167  163  159  157  155  153  152  150  151  150  151
  147  145  139  136  130  124  124  139  119                                   
    27.5-180.0 180.0   5.0 450.0                            LAT/LON1/LON2/DLON/H
  124  128  131  135  142  149  163  177  189  196  205  209  215  215  214  212
  213  216  224  229  232  232  230  232  239  254  273  290  302  308  310  316
  318  324  324  325  317  312  299  291  277  269  259  252  244  235  224  213
  201  192  184  176  169  162  156  153  150  151  148  148  146  148  150  151
  150  147  144  141  138  130  134  142  124                                   
    25.0-180.0 180.0   5.0 450.0                            LAT/LON1/LON2/DLON/H
  134  138  138  142  145  150  163  180  193  206  214  225  230  234  233  231
  229  232  237  245  249  251  248  251  255  270  286  304  316  324  328  333
  336  340  340  338  331  323  311  300  284  274  262  255  244  235  223  211
  198  188  178  167  159  149  144  139  140  139  138  138  139  141  146  150
  149  149  146  145  142  138  141  153  134                                   
    22.5-180.0 180.0   5.0 450.0                            LAT/LON1/LON2/DLON/H
  140  143  145  146  148  151  164  182  200  214  227  238  247  251  253  251
  248  248  254  259  264  264  264  263  270  282  298  316  328  338  341  348
  348  353  350  350  338  333  316  307  285  276  260  251  240  229  217  204
  192  179  168  157  146  136  128  125  125  125  124  125  128  131  137  141
  143  142  143  142  143  138  145  154  140                                   
    20.0-180.0 180.0   5.0 450.0                            LAT/LON1/LON2/DLON/H
  147  152  153  158  156  160  172  189  206  222  235  250  261  270  271  271
  268  267  269  275  278  281  278  280  284  296  311  330  345  354  360  362
  365  365  364  356  347  336  323  307  288  273  257  247  234  223  209  198
  184  172  159  146  135  122  116  110  111  110  111  112  117  120  128  132
  134  136  136  137  137  138  144  159  147                                   
    17.5-180.0 180.0   5.0 450.0                            LAT/LON1/LON2/DLON/H
  148  152  158  162  163  164  177  192  212  227  243  258  272  281  288  289
  288  287  288  289  291  292  292  293  298  309  324  345  360  371  374  377
  378  379  373  365  351  343  327  314  290  274  254  242  228  216  203  190
  178  164  151  137  124  113  106  101  101  100  101  102  104  109  115  120
  121  121  124  124  127  126  139  149  148                                   
    15.0-180.0 180.0   5.0 450.0                            LAT/LON1/LON2/DLON/H
  143  152  157  168  170  176  186  202  218  234  248  262  278  292  301  306
  307  308  308  307  307  307  305  308  314  323  344  361  380  386  394  392
  397  390  384  370  361  348  335  316  295  273  252  238  224  213  199  186
  173  159  146  130  120  106  101   93   96   93   95   92   96   98  106  109
  109  109  109  112  114  119  127  142  143                                   
    12.5-180.0 180.0   5.0 450.0                            LAT/LON1/LON2/DLON/H
  135  141  154  167  177  181  194  205  222  235  249  262  279  293  307  315
  321  323  322  321  318  319  318  323  329  342  358  377  390  398  401  402
  402  397  387  376  364  355  339  323  301  279  257  241  227  214  200  187
  173  158  143  130  119  109  101   97   98   95   95   92   93   93   96   99
   98   95   95   95   98  100  113  125  135                                   
    10.0-180.0 180.0   5.0 450.0                            LAT/LON1/LON2/DLON/H
  122  139  150  169  183  193  205  215  228  238  249  261  275  289  305  315
  327  330  333  331  330  330  330  336  348  359  379  391  406  409  417  414
  413  404  394  381  372  360  347  330  308  283  261  245  231  217  204  188
  176  158  145  130  121  108  105  100  103   99   98   94   94   93   95   95
   93   89   86   87   86   91   99  111  122                                   
     7.5-180.0 180.0   5.0 450.0                            LAT/LON1/LON2/DLON/H
  112  127  144  166  184  197  210  219  229  237  246  254  268  282  301  312
  327  332  339  336  339  336  340  348  360  375  390  402  413  419  423  421
