data/unet/pred0060.15i
     1.0            IONOSPHERE MAPS     GNSS                IONEX VERSION / TYPE
pyspatialgeodesy        IME             05-JAN-18 20:20     PGM / RUN BY / DATE 
Map Name                                                    COMMENT             
Predicted global ionosphere maps (GIM).                     DESCRIPTION         
  2015     1     6     0     0     0                        EPOCH OF FIRST MAP  
  2015     1     7     0     0     0                        EPOCH OF LAST MAP   
  7200                                                      INTERVAL            
    13                                                      # OF MAPS IN FILE   
  NONE                                                      MAPPING FUNCTION    
10.0                                                        ELEVATION CUTOFF    
One-way carrier phase leveled to code                       OBSERVABLES USED    
  6371.0                                                    BASE RADIUS         
 2                                                          MAP DIMENSION       
   450.0 450.0   0.0                                        HGT1 / HGT2 / DHGT  
    87.5 -87.5  -2.5                                        LAT1 / LAT2 / DLAT  
  -180.0 180.0   5.0                                        LON1 / LON2 / DLON  
    -1                                                      EXPONENT            
                                                            END OF HEADER       
[from data line 429]
     2                                                      START OF TEC MAP    
  2015     1     6     2     0     0                        EPOCH OF CURRENT MAP
    87.5-180.0 180.0   5.0 450.0                            LAT/LON1/LON2/DLON/H
   65   66   60   51   55   49   52   49   54   50   53   50   54   50   53   49
   53   49   54   49   54   50   53   51   53   52   54   53   53   53   53   54
   54   55   56   57   57   58   59   59   59   61   61   61   61   62   61   62
   60   62   61   62   61   62   61   62   62   63   63   62   64   62   64   61
   64   61   65   62   70   60   69   61   65                                   
    85.0-180.0 180.0   5.0 450.0                            LAT/LON1/LON2/DLON/H
   68   76   55   58   54   53   51   53   52   52   52   53   53   54   54   56
   55   56   55   56   54   55   53   53   52   51   51   49   50   48   50   48
   50   49   52   51   53   53   55   55   55   57   57   58   57   58   58   58
   58   59   60   59   60   60   61   60   61   61   63   63   63   64   64   65
   65   65   65   64   65   61   64   85   68                                   
    82.5-180.0 180.0   5.0 450.0                            LAT/LON1/LON2/DLON/H
   74   73   69   71   64   65   60   65   61   65   61   67   64   68   67   70
   68   70   68   68   66   64   62   59   57   53   53   50   51   47   50   47
   51   48   53   49   55   51   57   54   59   56   61   58   62   59   63   60
   63   60   64   60   64   61   65   63   68   65   71   69   73   73   76   76
   77   78   79   79   78   74   83   98   74                                   
    80.0-180.0 180.0   5.0 450.0                            LAT/LON1/LON2/DLON/H
   82   77   77   73   74   68   69   66   70   66   71   70   75   74   79   78
   81   79   80   77   76   72   68   63   59   55   52   50   48   46   47   46
   48   46   50   49   53   51   56   54   58   56   61   59   62   60   64   61
   64   61   65   62   65   62   66   65   69   68   73   73   78   77   84   82
   89   86   92   88   91   81   81   95   82                                   
    77.5-180.0 180.0   5.0 450.0                            LAT/LON1/LON2/DLON/H
   94   93   90   91   83   82   75   77   72   75   73   78   77   83   84   89
   88   91   89   90   84   82   75   72   64   62   57   57   51   53   50   54
   51   56   54   59   58   63   62   66   65   69   69   72   69   72   69   71
   66   69   65   68   63   68   64   69   66   72   71   77   77   83   84   90
   91   97   98  102  101   96   96  104   94                                   
    75.0-180.0 180.0   5.0 450.0                            LAT/LON1/LON2/DLON/H
  107  106  104  102   98   92   89   84   82   79   80   79   82   83   87   90
   92   93   95   93   90   86   80   75   69   66   62   61   59   60   60   61
   62   63   66   66   69   70   72   72   73   75   75   76   74   75   73   73
   70   70   68   67   67   66   67   66   68   70   74   76   81   84   90   93
   99  103  109  112  115  108  107  109  107                                   
    72.5-180.0 180.0   5.0 450.0                            LAT/LON1/LON2/DLON/H
  127  125  123  118  110  104   97   91   87   85   83   82   81   83   85   88
   90   92   94   94   91   88   83   78   71   69   66   67   65   68   67   70
   69   71   71   72   72   73   72   72   73   73   74   73   72   72   70   68
   66   66   63   63   61   63   61   63   62   67   68   74   77   84   89   96
  102  108  115  120  124  122  123  117  127                                   
    70.0-180.0 180.0   5.0 450.0                            LAT/LON1/LON2/DLON/H
  144  142  138  135  129  118  112  103   99   92   90   86   86   83   86   86
   89   90   94   93   91   87   83   78   75   72   72   71   72   75   75   78
   77   80   78   79   78   79   76   78   74   79   74   78   71   75   68   69
   64   65   63   62   62   62   64   63   67   68   73   76   83   88   97  103
  112  118  126  133  137  136  137  130  144                                   
    67.5-180.0 180.0   5.0 450.0                            LAT/LON1/LON2/DLON/H
  162  160  155  150  142  132  123  115  109  103   99   93   91   86   84   84
   84   87   90   90   89   86   83   80   75   76   73   76   74   78   78   80
   79   80   77   77   73   74   71   72   70   72   69   71   67   67   63   62
   60   59   57   58   58   60   61   64   66   71   73   80   88   97  106  114
  123  130  138  144  150  149  148  139  162                                   
    65.0-180.0 180.0   5.0 450.0                            LAT/LON1/LON2/DLON/H
  174  169  166  164  159  147  141  129  125  114  110   99   95   87   83   80
   82   83   86   86   85   84   82   78   77   75   76   77   78   80   78   80
   77   77   75   74   72   72   69   70   68   71   67   71   66   68   63   63
   60   59   59   57   61   60   66   68   74   78   84   92  102  111  120  128
  135  142  147  155  159  160  161  152  174                                   
    62.5-180.0 180.0   5.0 450.0                            LAT/LON1/LON2/DLON/H
  185  180  175  170  165  154  146  137  131  124  117  109   99   91   82   81
   78   82   83   84   84   83   80   78   74   74   72   73   72   74   70   70
   67   66   62   62   59   59   56   58   57   58   58   60   59   59   58   56
   55   53   53   53   56   60   66   73   82   88   96  106  117  126  137  145
  153  158  163  167  171  171  171  163  185                                   
    60.0-180.0 180.0   5.0 450.0                            LAT/LON1/LON2/DLON/H
  190  184  178  178  173  164  157  147  145  134  130  115  107   93   85   80
   80   80   80   80   79   76   76   72   71   68   69   67   67   64   62   59
   58   56   56   54   56   54   56   55   58   58   60   61   61   60   57   54
   52   48   48   49   56   63   73   82   93  101  110  121  134  144  156  165
  173  177  180  183  183  182  184  175  190                                   
    57.5-180.0 180.0   5.0 450.0                            LAT/LON1/LON2/DLON/H
  202  197  187  180  173  164  156  150  144  139  131  122  109   98   86   84
   78   82   79   80   76   74   69   68   63   64   60   61   58   55   49   48
   46   46   45   46   46   48   48   49   50   52   54   55   56   55   53   49
   47   42   43   46   56   66   81   93  107  116  128  140  157  168  182  190
  198  200  202  200  201  198  200  189  202                                   
    55.0-180.0 180.0   5.0 450.0                            LAT/LON1/LON2/DLON/H
  214  209  196  189  180  171  162  154  151  142  139  127  116  104   93   87
   84   81   79   73   69   64   60   58   56   56   56   53   53   47   45   41
   44   43   47   47   52   50   54   51   56   55   60   59   60   57   54   50
   45   42   41   48   61   76   93  107  123  133  147  160  177  191  204  215
  222  223  223  219  220  216  217  207  214                                   
    52.5-180.0 180.0   5.0 450.0                            LAT/LON1/LON2/DLON/H
  236  231  216  204  189  179  166  160  149  147  139  133  120  110   97   92
   84   83   75   72   64   60   54   54   52   55   54   52   50   45   42   40
   41   44   48   52   56   56   57   55   57   56   59   57   59   56   54   49
   46   42   44   53   69   88  108  124  141  154  167  181  199  212  226  234
  243  244  242  238  240  238  238  227  236                                   
    50.0-180.0 180.0   5.0 450.0                            LAT/LON1/LON2/DLON/H
  253  249  234  222  208  193  179  167  156  149  142  134  125  114  104   97
   90   82   75   66   59   52   48   48   49   52   56   54   54   48   47   43
   49   51   60   63   70   68   70   66   70   67   68   66   67   64   62   58
   54   52   54   67   84  105  127  144  163  175  188  201  218  230  243  250
  257  256  256  252  256  253  251  244  253                                   
    47.5-180.0 180.0   5.0 450.0                            LAT/LON1/LON2/DLON/H
  270  268  252  244  229  215  195  180  162  154  141  136  124  117  105   99
   89   85   74   67   58   53   51   51   54   58   61   61   58   54   51   51
   55   61   70   75   80   80   79   76   75   72   73   72   73   71   70   67
   64   63   68   80  100  123  145  166  184  198  209  222  236  246  255  260
  264  263  262  263  268  270  264  258  270                                   
    45.0-180.0 180.0   5.0 450.0                            LAT/LON1/LON2/DLON/H
  281  280  271  263  250  233  216  195  175  162  148  141  130  124  113  107
   97   90   79   69   61   56   54   57   61   67   70   69   68   62   61   59
   67   72   83   87   94   92   93   88   88   84   85   83   84   83   81   79
   76   77   83   97  119  142  167  187  204  215  226  235  249  256  262  262
  263  262  262  264  273  273  268  266  281                                   
    42.5-180.0 180.0   5.0 450.0                            LAT/LON1/LON2/DLON/H
  280  286  276  278  264  250  232  211  187  171  155  145  135  127  118  112
  102   95   86   79   72   67   67   67   73   76   79   78   73   70   66   67
   73   80   90   95  101   99   98   93   93   91   92   91   91   91   90   89
   89   90   97  114  135  162  186  207  221  232  239  249  259  262  263  261
  257  256  258  263  271  274  270  268  280                                   
    40.0-180.0 180.0   5.0 450.0                            LAT/LON1/LON2/DLON/H
  280  280  277  278  273  258  241  221  197  181  164  154  144  138  129  123
  114  107   98   92   87   82   81   82   85   88   87   84   82   74   74   72
   80   86   96  100  106  103  101   98  100  101  103  101  100   99   98   97
  100  103  113  130  152  180  205  224  238  247  254  262  272  274  272  266
  258  255  254  257  266  268  266  266  280                                   
    37.5-180.0 180.0   5.0 450.0                            LAT/LON1/LON2/DLON/H
  273  276  268  273  270  259  246  227  206  188  172  161  152  145  137  131
  124  119  113  110  106  102  100   97   99   96   95   90   85   79   78   78
   84   88   99  101  106  102  101   99  104  106  109  106  105  102  102  103
  106  113  123  142  165  196  219  240  254  264  271  279  290  289  286  277
  269  262  259  261  267  268  269  265  273                                   
    35.0-180.0 180.0   5.0 450.0                            LAT/LON1/LON2/DLON/H
  272  267  261  257  257  250  243  228  210  193  180  169  162  156  149  143
  137  133  130  127  125  120  115  109  106  102   98   91   88   82   82   82
   88   92  100  102  105  100  100  100  108  111  115  110  109  103  102  100
  107  112  128  148  174  205  232  253  270  280  290  301  315  320  321  316
  310  301  291  282  284  278  275  271  272                                   
    32.5-180.0 180.0   5.0 450.0                            LAT/LON1/LON2/DLON/H
  287  275  260  248  247  240  239  225  211  195  184  174  168  162  155  150
  146  145  143  142  139  132  124  116  111  105  101   95   90   87   88   89
   92   96  101  103  102   98   97  100  107  112  113  108  102   98   96   97
  102  110  126  148  175  208  236  263  283  298  312  327  345  357  370  376
  375  367  350  337  327  316  305  295  287                                   
    30.0-180.0 180.0   5.0 450.0                            LAT/LON1/LON2/DLON/H
  338  312  285  257  246  237  235  222  209  194  185  176  173  166  160  154
  152  149  149  147  144  135  126  117  111  107  104  100   99   98  101  102
  104  105  107  106  103  100  100  103  110  111  115  107  103   94   95   93
  103  108  128  151  182  216  248  274  298  314  331  350  375  402  426  445
  453  453  443  428  417  396  370  340  338                                   
    27.5-180.0 180.0   5.0 450.0                            LAT/LON1/LON2/DLON/H
  417  384  343  288  270  245  242  224  215  199  190  181  178  169  163  155
  151  149  145  144  137  129  120  114  111  111  111  111  112  114  119  120
  121  120  117  113  108  103  100  101  106  107  107   99   93   87   87   89
   95  106  124  149  182  220  256  287  315  335  357  381  416  448  479  504
  524  533  531  520  507  486  455  410  417                                   
    25.0-180.0 180.0   5.0 450.0                            LAT/LON1/LON2/DLON/H
  519  496  445  370  325  292  267  244  222  209  196  186  179  171  162  153
  147  141  136  131  125  118  113  113  116  122  125  130  133  140  146  147
  144  140  129  122  111  107  100  102  105  107  105   97   91   84   85   84
   95  103  128  153  190  227  269  300  332  357  383  416  455  490  527  565
  601  621  626  616  602  579  544  493  519                                   
    22.5-180.0 180.0   5.0 450.0                            LAT/LON1/LON2/DLON/H
  615  596  547  462  410  346  312  269  245  221  208  195  187  175  167  153
  144  132  121  114  108  105  107  117  128  139  147  154  162  170  176  177
  172  161  145  130  119  110  105  102  103  101   98   90   85   80   80   81
   89  104  127  158  194  236  279  315  351  380  413  451  492  528  574  622
  669  697  704  694  674  645  615  567  615                                   
    20.0-180.0 180.0   5.0 450.0                            LAT/LON1/LON2/DLON/H
  703  705  662  587  522  445  392  334  293  252  229  210  199  186  174  160
  146  131  117  109  105  109  118  136  151  166  174  184  191  198  206  206
  195  182  155  138  124  116  108  106  101  101   95   90   83   82   82   86
   96  110  140  175  214  253  298  332  375  405  446  482  521  560  610  666
  715  753  764  754  739  708  677  640  703                                   
    17.5-180.0 180.0   5.0 450.0                            LAT/LON1/LON2/DLON/H
  749  773  738  687  625  542  481  397  346  289  259  235  217  200  188  170
  157  137  123  113  115  126  143  164  182  196  204  211  215  219  223  221
  209  191  168  145  133  120  114  106  103   98   93   86   80   80   81   83
   95  114  146  185  226  271  314  355  394  431  471  504  542  576  626  674
  723  755  773  768  759  742  716  682  749                                   
    15.0-180.0 180.0   5.0 450.0                            LAT/LON1/LON2/DLON/H
  772  810  787  763  713  642  578  496  425  362  312  276  247  221  203  187
  174  157  142  140  144  164  181  206  217  229  226  230  229  227  228  220
  207  187  161  141  128  121  110  109  100  100   92   90   82   84   83   88
  100  128  161  203  247  289  335  367  414  447  490  518  549  583  620  662
  693  725  738  746  752  744  737  718  772                                   
    12.5-180.0 180.0   5.0 450.0                            LAT/LON1/LON2/DLON/H
  765  818  798  801  762  718  645  584  501  439  377  335  300  267  241  222
  211  195  191  188  203  218  235  252  254  255  246  241  235  228  224  216
  202  182  162  141  131  119  113  106  104  101   96   89   85   83   84   89
  105  134  171  215  258  303  341  384  423  461  498  523  552  576  608  631
  653  669  684  693  706  716  727  714  765                                   
    10.0-180.0 180.0   5.0 450.0                            LAT/LON1/LON2/DLON/H
  727  780  772  796  775  756  706  657  586  530  461  410  362  331  295  276
  259  252  242  251  266  289  297  302  288  276  252  246  231  222  216  207
  193  175  157  141  127  124  114  115  109  108   98   97   88   87   87   94
  112  142  182  225  271  306  347  381  427  461  493  523  545  571  590  606
  609  622  630  644  658  679  705  717  727                                   
     7.5-180.0 180.0   5.0 450.0                            LAT/LON1/LON2/DLON/H
  684  723  730  745  742  748  722  701  648  605  543  500  447  419  375  364
  342  342  336  346  360  371  364  346  316  286  257  241  226  217  211  200
