data/unet/pred1400.15i
     1.0            IONOSPHERE MAPS     GNSS                IONEX VERSION / TYPE
pyspatialgeodesy        IME             05-JAN-18 20:20     PGM / RUN BY / DATE 
Map Name                                                    COMMENT             
Predicted global ionosphere maps (GIM).                     DESCRIPTION         
  2015     5    20     0     0     0                        EPOCH OF FIRST MAP  
  2015     5    21     0     0     0                        EPOCH OF LAST MAP   
  7200                                                      INTERVAL            
    13                                                      # OF MAPS IN FILE   
  NONE                                                      MAPPING FUNCTION    
10.0                                                        ELEVATION CUTOFF    
One-way carrier phase leveled to code                       OBSERVABLES USED    
  6371.0                                                    BASE RADIUS         
 2                                                          MAP DIMENSION       
   450.0 450.0   0.0                                        HGT1 / HGT2 / DHGT  
    87.5 -87.5  -2.5                                        LAT1 / LAT2 / DLAT  
  -180.0 180.0   5.0                                        LON1 / LON2 / DLON  
    -1                                                      EXPONENT            
                                                            END OF HEADER       
[from data line 1716]
     5                                                      START OF TEC MAP    
  2015     5    20     8     0     0                        EPOCH OF CURRENT MAP
    87.5-180.0 180.0   5.0 450.0                            LAT/LON1/LON2/DLON/H
  139  147  157  152  153  148  151  148  153  151  155  153  157  157  161  160
  162  162  166  164  166  166  170  168  170  170  173  172  173  173  175  173
  175  174  175  173  175  174  175  173  175  174  176  174  177  175  177  174
  176  173  175  171  173  169  171  166  169  164  167  162  165  160  163  158
  161  157  162  158  163  153  156  141  139                                   
    85.0-180.0 180.0   5.0 450.0                            LAT/LON1/LON2/DLON/H
  141  148  147  147  146  144  150  151  155  156  159  160  163  164  168  168
  170  170  173  172  174  173  175  173  175  174  177  174  178  176  179  176
  180  178  182  180  184  182  184  183  186  185  186  186  187  187  186  185
  185  184  183  182  181  179  177  175  173  171  170  168  166  164  162  159
  158  155  155  152  155  145  147  133  141                                   
    82.5-180.0 180.0   5.0 450.0                            LAT/LON1/LON2/DLON/H
  140  141  140  141  139  141  145  150  151  155  157  161  161  165  166  168
  167  170  170  172  170  173  171  172  170  172  171  173  172  176  175  178
  177  182  181  185  185  188  188  191  190  193  191  194  192  194  191  192
  191  191  188  189  186  185  181  180  177  175  171  170  166  164  159  157
  153  150  146  144  144  143  139  135  140                                   
    80.0-180.0 180.0   5.0 450.0                            LAT/LON1/LON2/DLON/H
  144  137  139  135  138  140  147  151  154  156  160  161  164  165  167  168
  170  169  171  170  171  169  169  166  167  165  167  165  169  170  174  174
  178  180  184  186  191  192  195  195  198  198  199  199  201  200  201  200
  202  201  202  201  201  198  197  194  192  188  186  182  179  175  171  167
  162  158  152  147  146  140  137  131  144                                   
    77.5-180.0 180.0   5.0 450.0                            LAT/LON1/LON2/DLON/H
  142  134  135  134  134  138  144  147  149  150  153  153  155  156  158  159
  160  161  162  161  161  159  158  156  154  153  153  154  155  161  163  168
  170  177  180  186  189  193  196  197  199  200  203  204  207  206  210  210
  213  213  215  215  216  213  213  210  208  204  202  198  194  189  186  181
  175  170  163  156  152  149  146  134  142                                   
    75.0-180.0 180.0   5.0 450.0                            LAT/LON1/LON2/DLON/H
  146  135  135  131  132  136  141  143  144  145  147  146  147  145  147  145
  147  145  147  144  145  141  142  136  137  134  137  135  140  143  151  153
  163  169  179  182  190  193  200  199  204  203  209  209  215  217  222  223
  226  228  230  231  230  230  228  227  223  222  219  217  213  211  206  203
  195  191  181  173  168  157  156  142  146                                   
    72.5-180.0 180.0   5.0 450.0                            LAT/LON1/LON2/DLON/H
  149  139  139  135  133  132  135  136  136  134  135  133  133  130  130  129
  130  130  131  130  130  129  127  124  122  122  121  122  125  132  138  147
  155  169  176  186  191  199  202  205  208  212  216  219  225  229  234  236
  239  240  242  242  241  239  238  236  233  231  231  229  227  225  224  220
  215  208  201  189  184  173  172  152  149                                   
    70.0-180.0 180.0   5.0 450.0                            LAT/LON1/LON2/DLON/H
  152  140  140  134  132  128  129  129  129  127  126  123  123  118  118  115
  118  116  120  118  121  119  119  114  114  111  113  113  120  126  136  142
  156  166  179  185  196  200  207  207  214  217  224  229  235  240  243  247
  247  249  248  248  245  243  240  237  234  233  232  233  232  233  233  231
  226  221  213  203  197  182  185  164  152                                   
    67.5-180.0 180.0   5.0 450.0                            LAT/LON1/LON2/DLON/H
  155  145  142  135  128  121  120  118  118  115  116  113  112  106  106  104
  106  106  110  112  115  114  114  112  110  109  109  112  116  127  134  146
  155  170  179  191  196  206  209  214  218  224  230  236  242  245  249  250
  250  249  248  245  241  237  233  230  227  225  226  226  228  230  232  232
  230  225  220  209  206  192  194  170  155                                   
    65.0-180.0 180.0   5.0 450.0                            LAT/LON1/LON2/DLON/H
  160  147  145  135  126  114  112  108  108  106  106  105  104  100  101   98
  101  101  107  109  113  113  113  112  111  109  111  113  122  129  142  149
  163  172  185  191  203  206  215  216  224  230  237  243  247  251  251  251
  249  248  243  239  233  228  223  219  217  216  217  218  222  225  229  229
  230  226  222  214  212  198  202  181  160                                   
    62.5-180.0 180.0   5.0 450.0                            LAT/LON1/LON2/DLON/H
  167  157  149  139  124  113  104  100   97   95   97   97   98   95   96   94
   95   93   99  101  106  105  108  107  107  105  110  115  123  136  146  159
  168  179  186  197  202  211  216  224  230  237  244  249  253  253  253  250
  248  243  239  232  226  219  215  211  210  208  210  210  213  215  220  221
  224  220  221  213  216  203  210  188  167                                   
    60.0-180.0 180.0   5.0 450.0                            LAT/LON1/LON2/DLON/H
  183  167  159  144  130  111  101   92   89   84   85   86   86   86   85   85
   84   83   86   89   92   93   96   96   98   98  105  110  123  134  151  160
  174  181  192  197  207  212  221  226  236  243  251  255  258  257  253  251
  246  241  235  228  221  215  211  209  209  207  208  208  211  211  216  215
  220  217  219  214  219  210  223  207  183                                   
    57.5-180.0 180.0   5.0 450.0                            LAT/LON1/LON2/DLON/H
  200  190  178  162  143  123  104   93   83   78   76   78   78   81   79   80
   78   76   77   78   80   81   84   85   90   91   99  106  120  136  150  164
  175  186  193  201  207  217  224  234  244  253  260  264  266  262  260  254
  251  245  240  233  228  221  219  216  216  212  213  210  211  210  213  212
  217  214  221  217  228  220  237  222  200                                   
    55.0-180.0 180.0   5.0 450.0                            LAT/LON1/LON2/DLON/H
  224  210  200  182  163  135  116   95   83   72   71   68   70   70   71   69
   67   65   64   66   67   69   72   76   81   85   95  102  120  132  150  162
  175  185  195  203  211  221  231  241  254  265  272  276  276  274  267  263
  257  254  249  244  240  236  233  231  230  227  226  222  221  218  219  216
  222  218  225  226  238  236  256  247  224                                   
    52.5-180.0 180.0   5.0 450.0                            LAT/LON1/LON2/DLON/H
  247  243  230  213  191  161  135  111   91   75   67   65   63   65   63   64
   60   60   58   60   60   63   66   72   78   84   94  103  120  134  151  165
  178  188  199  210  219  231  239  255  266  280  286  291  291  287  282  277
  273  268  266  262  260  257  255  252  249  245  243  238  235  231  231  229
  232  230  238  240  256  256  277  266  247                                   
    50.0-180.0 180.0   5.0 450.0                            LAT/LON1/LON2/DLON/H
  267  257  248  232  214  183  159  128  107   86   74   68   65   64   60   59
   58   56   56   57   59   62   66   70   77   85   95  105  121  136  152  169
  180  194  203  218  226  241  252  266  281  291  300  302  304  300  296  292
  288  285  282  279  276  274  271  268  264  259  255  251  247  244  243  241
  244  242  250  254  269  270  293  283  267                                   
    47.5-180.0 180.0   5.0 450.0                            LAT/LON1/LON2/DLON/H
  283  280  271  255  242  212  184  153  128  102   87   74   69   66   62   61
   60   57   58   58   61   62   67   71   79   86   99  109  126  142  159  173
  188  199  211  225  237  252  263  280  294  308  314  320  321  320  317  311
  308  303  301  297  293  289  285  280  274  270  265  262  257  256  255  255
  257  259  267  273  286  289  305  290  283                                   
    45.0-180.0 180.0   5.0 450.0                            LAT/LON1/LON2/DLON/H
  289  278  271  258  250  223  198  167  146  120  101   87   80   76   68   68
   64   65   64   65   67   69   71   75   82   91  102  115  135  151  166  181
  193  208  218  237  248  265  275  291  308  322  329  335  336  338  333  330
  325  323  319  314  310  304  298  290  284  279  274  271  267  268  267  269
  272  276  281  287  297  293  304  290  289                                   
    42.5-180.0 180.0   5.0 450.0                            LAT/LON1/LON2/DLON/H
  288  277  270  261  253  230  211  186  165  138  119  102   93   83   78   75
   77   74   78   74   79   75   79   78   87   92  107  121  141  159  172  189
  202  216  229  245  259  272  284  300  319  332  340  348  352  355  354  350
  345  340  335  331  325  317  309  299  291  287  281  280  277  279  281  284
  288  293  298  301  304  301  301  283  288                                   
    40.0-180.0 180.0   5.0 450.0                            LAT/LON1/LON2/DLON/H
  273  256  246  241  238  220  206  186  171  147  134  117  108   99   88   91
   87   91   90   91   91   89   88   86   91   97  110  127  149  167  179  197
  208  226  237  257  268  282  294  310  328  343  351  364  367  375  371  372
  364  363  357  353  349  337  328  312  304  293  290  286  287  288  293  297
  304  310  311  311  307  294  285  269  273                                   
    37.5-180.0 180.0   5.0 450.0                            LAT/LON1/LON2/DLON/H
  256  237  226  217  216  204  198  188  175  161  148  137  126  112  106  102
  105  104  108  103  106   98  100   93  101  103  120  134  154  172  187  202
  217  229  243  258  273  288  305  321  339  351  361  373  383  390  393  392
  391  387  386  384  380  367  354  341  328  317  309  306  304  307  311  318
  323  327  327  322  312  295  279  258  256                                   
    35.0-180.0 180.0   5.0 450.0                            LAT/LON1/LON2/DLON/H
  236  221  199  191  190  185  185  176  173  160  157  146  141  128  119  119
  114  118  114  114  112  110  107  104  106  111  124  139  158  178  190  208
  216  236  244  263  277  300  318  337  353  366  372  389  398  410  412  417
  416  417  420  425  432  428  426  414  401  382  365  349  341  334  337  339
  344  347  344  335  319  297  275  255  236                                   
    32.5-180.0 180.0   5.0 450.0                            LAT/LON1/LON2/DLON/H
  236  223  196  181  177  172  174  169  170  165  162  161  156  146  138  132
  131  128  127  121  125  118  120  113  118  119  132  145  163  177  192  205
  220  232  245  260  279  301  323  345  361  372  379  394  409  423  431  439
  450  459  473  496  519  539  534  527  508  488  462  443  412  394  377  374
  369  372  368  357  341  317  291  264  236                                   
    30.0-180.0 180.0   5.0 450.0                            LAT/LON1/LON2/DLON/H
  248  237  210  187  175  168  168  165  169  167  172  169  170  159  154  148
  143  139  132  128  127  123  124  121  123  129  137  151  164  181  190  208
  213  229  235  257  276  306  329  355  372  383  392  411  426  447  458  478
  495  520  558  597  619  631  633  629  617  601  576  542  505  477  456  441
  424  411  396  381  366  337  313  288  248                                   
    27.5-180.0 180.0   5.0 450.0                            LAT/LON1/LON2/DLON/H
  287  269  241  207  184  172  166  171  176  175  179  180  179  173  168  162
  157  147  140  133  136  131  138  132  137  137  148  155  171  179  189  199
  208  219  229  252  275  306  333  359  373  385  398  417  439  460  483  513
  542  592  627  663  693  725  741  744  733  713  680  647  607  570  523  500
  473  460  435  417  398  374  349  324  287                                   
    25.0-180.0 180.0   5.0 450.0                            LAT/LON1/LON2/DLON/H
  337  318  284  243  218  200  190  182  183  186  193  189  191  184  181  173
  166  156  146  136  137  138  139  143  141  150  148  161  164  178  179  198
  198  217  222  252  279  313  342  364  382  392  408  431  454  484  511  549
  597  632  669  709  757  793  820  828  823  798  766  726  684  645  601  562
  526  501  477  454  439  406  396  371  337                                   
    22.5-180.0 180.0   5.0 450.0                            LAT/LON1/LON2/DLON/H
  392  366  340  303  272  246  231  217  208  206  207  208  204  199  191  185
  177  165  152  144  144  146  152  152  154  153  156  157  165  169  176  187
  196  213  226  257  287  321  346  368  384  395  416  439  469  501  536  581
  626  663  697  743  792  833  864  879  877  856  823  782  740  697  656  622
  574  545  513  494  477  446  428  417  392                                   
    20.0-180.0 180.0   5.0 450.0                            LAT/LON1/LON2/DLON/H
  430  407  376  342  325  298  271  250  237  227  225  225  229  214  206  195
  186  172  158  148  142  145  147  157  154  158  151  157  154  166  167  191
  198  223  237  269  301  328  360  376  399  408  434  458  489  522  559  606
  651  671  707  740  789  822  855  868  870  850  825  787  752  715  678  647
  614  579  549  524  509  469  457  443  430                                   
    17.5-180.0 180.0   5.0 450.0                            LAT/LON1/LON2/DLON/H
  458  441  418  378  359  338  323  297  277  260  250  250  248  238  221  206
  193  179  163  155  150  153  158  161  158  153  149  147  148  152  161  182
  205  225  251  280  312  340  365  388  408  429  454  479  507  540  574  618
  653  673  695  721  755  784  810  825  827  816  795  768  738  713  684  660
  632  609  575  553  533  492  471  466  458                                   
    15.0-180.0 180.0   5.0 450.0                            LAT/LON1/LON2/DLON/H
  465  459  441  410  391  362  347  328  310  288  275  264  263  254  241  218
  201  183  167  154  141  145  146  153  150  149  138  137  135  143  152  187
  206  237  261  296  324  354  378  400  426  451  476  500  527  555  588  615
  650  655  673  679  706  720  745  751  760  749  741  720  705  689  672  655
  636  617  599  567  546  497  481  469  465                                   
    12.5-180.0 180.0   5.0 450.0                            LAT/LON1/LON2/DLON/H
  466  464  447  430  415  390  374  355  339  315  300  287  280  271  258  231
  211  189  171  158  145  144  147  146  144  134  130  125  123  128  150  181
  215  244  273  308  338  368  389  416  442  475  501  527  550  574  598  618
  634  638  648  648  659  671  681  689  694  695  690  684  677  672  664  654
  637  623  601  578  550  502  478  474  466                                   
    10.0-180.0 180.0   5.0 450.0                            LAT/LON1/LON2/DLON/H
  455  461  444  421  412  393  379  363  346  324  308  293  285  270  260  237
  217  191  177  161  142  140  134  138  131  126  117  112  110  122  149  186
  223  258  293  327  356  383  406  428  461  491  520  542  565  584  606  610
  627  613  636  633  641  649  654  657  662  660  664  661  661  662  660  651
  635  620  602  577  555  503  476  473  455                                   
     7.5-180.0 180.0   5.0 450.0                            LAT/LON1/LON2/DLON/H
  455  461  440  422  409  397  385  367  350  323  312  295  288  272  261  241
  221  195  181  163  147  135  138  132  126  117  105  101   99  113  143  185
