data/unet/pred0740.15i
     1.0            IONOSPHERE MAPS     GNSS                IONEX VERSION / TYPE
pyspatialgeodesy        IME             05-JAN-18 20:20     PGM / RUN BY / DATE 
Map Name                                                    COMMENT             
Predicted global ionosphere maps (GIM).                     DESCRIPTION         
  2015     3    15     0     0     0                        EPOCH OF FIRST MAP  
  2015     3    16     0     0     0                        EPOCH OF LAST MAP   
  7200                                                      INTERVAL            
    13                                                      # OF MAPS IN FILE   
  NONE                                                      MAPPING FUNCTION    
10.0                                                        ELEVATION CUTOFF    
One-way carrier phase leveled to code                       OBSERVABLES USED    
  6371.0                                                    BASE RADIUS         
 2                                                          MAP DIMENSION       
   450.0 450.0   0.0                                        HGT1 / HGT2 / DHGT  
    87.5 -87.5  -2.5                                        LAT1 / LAT2 / DLAT  
  -180.0 180.0   5.0                                        LON1 / LON2 / DLON  
    -1                                                      EXPONENT            
                                                            END OF HEADER       
[from data line 2574]
     7                                                      START OF TEC MAP    
  2015     3    15    12     0     0                        EPOCH OF CURRENT MAP
    87.5-180.0 180.0   5.0 450.0                            LAT/LON1/LON2/DLON/H
  118  140  146  148  152  154  159  163  167  170  173  177  178  181  181  184
  183  185  184  185  184  184  183  182  181  179  179  175  176  172  173  169
  170  167  168  165  165  162  161  159  157  154  153  150  148  145  143  140
  137  134  132  130  127  126  125  124  123  122  122  122  122  122  123  123
  125  126  129  131  133  134  148  120  118                                   
    85.0-180.0 180.0   5.0 450.0                            LAT/LON1/LON2/DLON/H
  116  124  126  128  134  137  145  150  155  160  164  168  171  175  176  178
  179  181  182  182  182  182  182  180  180  179  180  177  178  175  176  173
  173  170  171  167  166  162  161  155  154  148  146  140  137  131  129  122
  120  112  111  104  104   97   99   92   94   90   92   89   92   91   94   93
   97   96  101  101  107  108  125  119  116                                   
    82.5-180.0 180.0   5.0 450.0                            LAT/LON1/LON2/DLON/H
  103  105  110  114  122  127  137  142  150  154  160  162  167  168  173  171
  176  173  178  175  179  176  180  178  180  179  180  179  180  179  180  179
  179  178  178  176  175  171  168  162  157  151  146  139  131  124  118  112
  107  100   97   89   85   79   76   71   69   66   65   64   65   64   68   67
   71   71   76   76   81   83   91   94  103                                   
    80.0-180.0 180.0   5.0 450.0                            LAT/LON1/LON2/DLON/H
   93   94   93  100  106  115  122  130  135  142  146  152  154  159  158  162
  160  163  161  164  162  166  165  168  166  170  170  173  174  176  178  178
  181  181  183  181  182  179  178  172  169  162  157  149  142  135  129  122
  115  109  104   98   92   87   81   78   72   71   66   65   62   63   63   63
   64   64   67   67   70   70   75   83   93                                   
    77.5-180.0 180.0   5.0 450.0                            LAT/LON1/LON2/DLON/H
   87   87   86   89   95  102  107  115  118  125  126  132  131  136  134  137
  133  137  134  137  136  141  142  146  148  154  158  162  166  169  174  175
  180  180  185  185  188  187  186  183  178  173  168  162  155  149  142  137
  129  126  119  117  111  108  103  100   95   92   88   85   83   80   78   76
   77   74   76   72   72   71   70   76   87                                   
    75.0-180.0 180.0   5.0 450.0                            LAT/LON1/LON2/DLON/H
   84   80   79   82   86   93   97  104  104  112  109  115  110  113  108  111
  107  111  109  114  114  122  125  132  135  144  148  154  160  164  171  175
  179  184  188  193  194  198  196  196  191  189  183  179  171  169  162  160
  152  151  145  144  136  135  128  127  120  118  110  108  100   99   94   92
   89   87   86   81   78   77   74   75   84                                   
    72.5-180.0 180.0   5.0 450.0                            LAT/LON1/LON2/DLON/H
   85   84   77   79   83   88   91   94   95   98   94   96   89   89   86   86
   86   88   89   94  100  108  115  124  131  139  147  155  162  168  177  181
  187  190  196  198  204  205  208  207  205  202  199  195  192  189  187  184
  181  179  176  172  168  163  158  153  146  140  132  128  121  117  112  110
  107  103  101   95   91   84   84   78   85                                   
    70.0-180.0 180.0   5.0 450.0                            LAT/LON1/LON2/DLON/H
   87   82   74   75   80   83   86   87   89   87   85   82   77   74   71   71
   72   75   79   87   94  105  115  126  134  144  152  159  167  176  185  193
  198  204  208  213  215  219  220  222  221  221  218  218  214  216  211  212
  208  208  205  203  198  193  185  176  166  155  145  138  129  125  120  119
  116  115  113  107  101   97   94   88   87                                   
    67.5-180.0 180.0   5.0 450.0                            LAT/LON1/LON2/DLON/H
   89   86   75   76   77   81   83   85   84   83   77   74   68   64   61   61
   64   68   76   84   95  108  118  130  140  150  160  169  178  186  197  203
  213  215  224  223  229  228  232  230  233  230  231  231  229  228  226  225
  224  224  223  220  215  208  198  186  172  159  144  136  125  121  115  115
  114  115  114  109  104   99  100   91   89                                   
    65.0-180.0 180.0   5.0 450.0                            LAT/LON1/LON2/DLON/H
   85   81   72   70   74   75   80   78   80   75   73   67   61   56   55   56
   60   67   76   89  102  115  126  139  149  159  167  176  186  197  208  218
  227  233  240  241  244  244  246  246  244  245  243  244  241  242  238  239
  236  234  233  227  223  212  201  185  170  152  138  126  116  109  104  102
  103  104  106  103  100   99   97   94   85                                   
    62.5-180.0 180.0   5.0 450.0                            LAT/LON1/LON2/DLON/H
   81   75   66   66   67   69   72   73   73   71   66   63   57   53   52   54
   60   68   79   91  104  116  128  139  151  161  172  182  192  202  214  223
  236  240  250  249  254  251  255  250  252  251  252  252  252  251  248  245
  243  239  235  226  219  206  191  175  158  143  126  113  100   92   84   83
   82   85   88   88   88   86   90   89   81                                   
    60.0-180.0 180.0   5.0 450.0                            LAT/LON1/LON2/DLON/H
   73   66   60   57   59   58   65   63   65   63   60   56   52   48   48   51
   57   67   77   92  104  116  125  138  148  161  170  182  192  205  216  231
  243  253  261  262  265  263  263  261  261  262  261  263  260  260  254  252
  246  240  235  223  215  201  185  169  155  138  123  109   96   86   78   72
   70   70   73   73   75   79   79   80   73                                   
    57.5-180.0 180.0   5.0 450.0                            LAT/LON1/LON2/DLON/H
   71   63   53   52   50   52   53   55   56   55   54   53   49   47   47   49
   56   64   75   85   96  107  117  129  142  154  166  180  191  204  217  230
  247  257  267  269  273  269  270  268  268  271  270  274  270  270  262  260
  252  244  235  222  213  196  182  167  155  142  127  116  101   93   81   75
   68   66   67   67   67   70   70   74   71                                   
    55.0-180.0 180.0   5.0 450.0                            LAT/LON1/LON2/DLON/H
   74   60   52   48   47   45   48   47   49   50   50   51   46   45   44   48
   53   62   70   81   89  101  108  122  133  151  161  179  188  205  218  237
  255  270  280  284  285  283  282  284  282  288  286  291  284  286  276  275
  263  254  243  230  220  207  195  182  172  160  147  137  127  118  107   98
   86   79   75   72   72   75   72   73   74                                   
    52.5-180.0 180.0   5.0 450.0                            LAT/LON1/LON2/DLON/H
   86   72   60   55   49   48   44   47   47   49   52   52   51   49   48   49
   53   61   67   78   84   94  103  117  130  148  162  179  191  206  221  238
  261  276  291  296  297  295  295  297  297  303  301  305  300  300  294  292
  281  270  256  243  233  222  213  202  194  184  174  165  156  151  139  130
  114  104   93   88   85   84   81   84   86                                   
    50.0-180.0 180.0   5.0 450.0                            LAT/LON1/LON2/DLON/H
  103   86   77   70   63   61   57   55   53   55   57   59   56   55   51   54
   55   63   68   79   85   96  103  121  133  156  167  186  195  212  226  249
  268  286  301  308  308  307  308  314  314  321  318  323  315  318  310  310
  297  286  272  257  248  238  229  222  214  205  197  193  189  186  176  164
  147  134  121  111  105  104   99   99  103                                   
    47.5-180.0 180.0   5.0 450.0                            LAT/LON1/LON2/DLON/H
  123  109  102   93   86   78   73   68   65   65   67   68   67   63   62   61
   64   71   77   86   93  104  115  132  147  166  181  197  207  219  233  251
  274  290  309  316  319  321  324  329  330  335  334  334  328  327  321  320
  310  300  286  273  261  249  239  227  219  209  204  203  204  203  196  185
  169  154  140  127  121  117  119  121  123                                   
    45.0-180.0 180.0   5.0 450.0                            LAT/LON1/LON2/DLON/H
  136  130  123  120  113  106   98   90   87   84   85   85   83   79   75   74
   75   82   88  102  110  122  132  150  163  186  198  213  220  230  242  261
  281  299  314  324  327  335  337  346  348  355  350  348  337  336  326  326
  315  307  293  279  265  252  238  223  210  199  193  196  199  203  199  191
  176  163  150  136  129  130  131  135  136                                   
    42.5-180.0 180.0   5.0 450.0                            LAT/LON1/LON2/DLON/H
  144  141  140  140  137  128  122  110  106  104  103  104  102   98   94   92
   94   99  107  119  128  140  152  170  184  203  214  225  230  236  247  263
  282  301  322  334  344  353  360  367  372  374  369  359  346  337  328  326
  317  311  297  285  268  253  233  207  189  172  164  167  172  179  178  172
  163  151  142  128  126  126  138  145  144                                   
    40.0-180.0 180.0   5.0 450.0                            LAT/LON1/LON2/DLON/H
  144  144  142  150  152  151  142  135  127  124  120  119  117  112  110  108
  112  120  127  140  146  159  170  191  202  219  226  235  240  245  255  270
  288  310  331  351  363  380  388  399  399  403  391  381  361  350  337  333
  323  317  305  293  278  262  232  201  175  155  145  142  144  148  148  144
  137  131  124  116  114  119  129  141  144                                   
    37.5-180.0 180.0   5.0 450.0                            LAT/LON1/LON2/DLON/H
  133  135  138  147  154  154  151  143  137  133  130  131  130  128  127  127
  131  135  142  149  158  169  182  197  210  224  230  238  242  247  254  269
  288  315  346  369  386  406  418  427  431  428  418  401  384  367  355  348
  341  336  327  319  306  282  250  214  183  159  144  136  131  129  125  119
  117  110  108  101  101  106  116  126  133                                   
    35.0-180.0 180.0   5.0 450.0                            LAT/LON1/LON2/DLON/H
  123  115  119  130  142  148  147  145  140  139  136  138  139  139  143  143
  147  150  153  159  166  179  191  206  216  228  231  238  243  250  257  275
  294  328  359  392  411  436  449  462  462  462  448  434  415  402  391  386
  379  377  368  364  351  333  299  260  222  196  177  162  150  138  127  121
  115  110  105  102  101  103  108  108  123                                   
    32.5-180.0 180.0   5.0 450.0                            LAT/LON1/LON2/DLON/H
  109  103  105  115  125  132  135  134  131  132  133  138  141  145  149  151
  152  152  154  157  165  174  188  203  212  226  228  240  243  254  262  284
  305  340  374  412  439  465  485  497  502  500  489  474  459  451  444  444
  440  436  433  424  417  391  369  326  297  264  257  242  219  197  181  168
  159  146  135  116  105   97   98   81  109                                   
    30.0-180.0 180.0   5.0 450.0                            LAT/LON1/LON2/DLON/H
   82   84   84   89  101  113  118  117  120  119  125  129  140  144  153  152
  155  152  154  156  165  176  191  206  215  227  230  243  250  262  279  301
  326  362  401  445  474  506  520  542  543  546  537  527  515  512  513  514
  512  508  501  497  491  477  453  429  403  379  355  337  303  276  241  222
  201  187  167  150  125  111  108   71   82                                   
    27.5-180.0 180.0   5.0 450.0                            LAT/LON1/LON2/DLON/H
   77  100   88   85   90   94  103  108  112  114  116  123  133  140  144  148
  146  144  143  146  157  171  190  208  216  230  236  250  261  279  299  325
  354  393  435  480  512  537  559  576  583  585  582  580  576  586  592  601
  598  596  594  591  607  604  617  586  579  539  515  471  430  384  344  311
  282  255  229  196  171  136  124   78   77                                   
    25.0-180.0 180.0   5.0 450.0                            LAT/LON1/LON2/DLON/H
  102   92   92   94   94   96   97   96   99  100  107  113  125  127  137  138
  139  134  138  143  158  176  198  216  227  240  247  264  283  304  328  351
  389  433  475  519  548  570  586  604  612  618  623  627  637  652  668  682
  686  690  692  706  715  725  724  719  702  688  655  619  568  515  456  418
  381  356  319  270  230  194  165  130  102                                   
    22.5-180.0 180.0   5.0 450.0                            LAT/LON1/LON2/DLON/H
  151  124  107   94  102  104  112  107  110  103  104  110  120  123  124  127
  121  123  123  136  155  182  208  231  240  254  266  288  304  331  351  388
  428  474  517  555  578  596  609  623  630  638  650  665  689  717  744  766
  769  772  770  778  800  802  793  782  772  762  743  715  660  608  549  521
  488  462  420  365  315  274  244  202  151                                   
    20.0-180.0 180.0   5.0 450.0                            LAT/LON1/LON2/DLON/H
  208  173  143  120  115  118  119  126  119  110  102  100  108  112  115  109
  113  110  119  134  160  192  216  239  248  267  280  307  330  357  387  422
  466  511  551  579  605  614  627  636  647  659  676  698  729  763  787  803
  809  809  810  815  829  831  819  809  792  781  755  730  684  632  584  568
  539  529  491  450  397  353  325  286  208                                   
    17.5-180.0 180.0   5.0 450.0                            LAT/LON1/LON2/DLON/H
  264  230  194  153  145  138  130  127  133  125  110  101  101  105  111  105
  105  106  115  136  162  202  225  247  258  281  300  329  353  388  424  461
  503  537  574  601  618  630  639  648  663  683  705  726  761  791  807  823
  823  822  819  818  828  826  815  791  772  741  708  675  629  587  562  558
  555  552  532  500  457  420  396  364  264                                   
    15.0-180.0 180.0   5.0 450.0                            LAT/LON1/LON2/DLON/H
  318  279  243  205  175  164  153  145  129  130  118  102   95   93   95   97
  101  100  114  139  165  209  225  254  273  301  320  354  383  423  459  496
  529  559  590  603  627  629  645  655  681  706  729  748  777  798  808  815
  811  801  791  780  780  773  769  747  704  651  600  553  524  497  498  508
  522  539  530  509  473  442  428  404  318                                   
    12.5-180.0 180.0   5.0 450.0                            LAT/LON1/LON2/DLON/H
  354  318  277  248  216  192  171  155  139  131  126  115  101   96   92   90
   98  102  121  144  173  211  241  267  286  310  332  370  405  450  485  520
  551  567  592  607  625  636  653  670  702  730  749  769  785  797  798  799
  785  769  751  735  729  717  700  657  600  530  469  434  401  403  400  433
  454  486  490  487  474  459  443  439  354                                   
    10.0-180.0 180.0   5.0 450.0                            LAT/LON1/LON2/DLON/H
  369  349  312  277  251  216  188  168  145  138  125  116  107   98   95   91
  101  110  127  149  176  217  244  272  290  316  339  384  420  467  492  527
  546  564  587  594  622  627  661  680  719  744  766  780  790  792  784  779
  759  737  716  699  695  681  655  592  523  430  357  289  276  278  301  349
  378  431  438  458  453  454  443  444  369                                   
     7.5-180.0 180.0   5.0 450.0                            LAT/LON1/LON2/DLON/H
  382  376  338  306  268  235  204  174  154  140  131  124  118  110   98   99
  103  120  129  158  178  213  239  268  294  320  349  394  437  475  504  527
