data/unet/pred1470.15i
     1.0            IONOSPHERE MAPS     GNSS                IONEX VERSION / TYPE
pyspatialgeodesy        IME             05-JAN-18 20:20     PGM / RUN BY / DATE 
Map Name                                                    COMMENT             
Predicted global ionosphere maps (GIM).                     DESCRIPTION         
  2015     5    27     0     0     0                        EPOCH OF FIRST MAP  
  2015     5    28     0     0     0                        EPOCH OF LAST MAP   
  7200                                                      INTERVAL            
    13                                                      # OF MAPS IN FILE   
  NONE                                                      MAPPING FUNCTION    
10.0                                                        ELEVATION CUTOFF    
One-way carrier phase leveled to code                       OBSERVABLES USED    
  6371.0                                                    BASE RADIUS         
 2                                                          MAP DIMENSION       
   450.0 450.0   0.0                                        HGT1 / HGT2 / DHGT  
    87.5 -87.5  -2.5                                        LAT1 / LAT2 / DLAT  
  -180.0 180.0   5.0                                        LON1 / LON2 / DLON  
    -1                                                      EXPONENT            
                                                            END OF HEADER       
[from data line 858]
     3                                                      START OF TEC MAP    
  2015     5    27     4     0     0                        EPOCH OF CURRENT MAP
    87.5-180.0 180.0   5.0 450.0                            LAT/LON1/LON2/DLON/H
  185  184  171  173  173  170  169  169  170  169  168  166  166  164  163  161
  161  159  158  156  157  156  156  155  156  155  156  155  157  157  158  158
  160  160  161  161  162  161  162  160  161  161  161  161  162  163  163  164
  166  167  167  168  169  169  168  168  169  169  168  167  168  167  167  166
  167  167  167  169  170  166  177  185  185                                   
    85.0-180.0 180.0   5.0 450.0                            LAT/LON1/LON2/DLON/H
  189  183  172  180  178  177  175  179  177  179  174  176  173  173  168  169
  166  166  163  164  162  163  160  162  160  161  159  161  160  162  160  162
  162  164  163  165  165  166  164  165  165  166  164  166  167  169  168  171
  172  174  172  174  175  175  173  173  173  172  170  171  170  170  168  170
  169  171  170  174  173  170  175  180  189                                   
    82.5-180.0 180.0   5.0 450.0                            LAT/LON1/LON2/DLON/H
  173  171  169  177  171  172  170  175  174  175  172  174  171  172  168  169
  166  167  162  165  161  163  158  161  156  159  154  158  154  158  153  159
  155  161  157  163  160  164  160  164  161  165  161  166  164  169  167  172
  172  175  173  175  175  176  173  174  172  172  169  170  168  169  166  169
  166  170  167  171  170  169  172  170  173                                   
    80.0-180.0 180.0   5.0 450.0                            LAT/LON1/LON2/DLON/H
  173  171  172  176  175  173  175  177  179  178  177  177  178  175  174  173
  172  170  168  167  166  164  162  160  159  156  155  154  154  153  153  154
  156  157  158  161  163  164  165  166  167  168  168  170  172  175  175  178
  180  182  183  184  185  184  183  182  180  178  176  175  175  173  172  172
  172  172  172  171  173  167  171  168  173                                   
    77.5-180.0 180.0   5.0 450.0                            LAT/LON1/LON2/DLON/H
  173  170  170  174  172  173  174  176  176  176  175  176  175  174  172  171
  168  166  164  163  161  158  155  153  150  148  145  144  142  142  142  145
  146  150  152  157  159  162  163  165  165  167  167  171  172  176  178  183
  184  189  189  193  192  192  190  189  186  184  181  180  178  177  176  176
  174  174  172  170  171  168  171  166  173                                   
    75.0-180.0 180.0   5.0 450.0                            LAT/LON1/LON2/DLON/H
  172  170  170  171  173  171  173  173  173  172  172  171  170  168  166  162
  161  157  157  153  153  148  148  142  140  134  132  128  128  126  129  131
  136  140  147  150  155  157  162  162  165  165  169  169  174  177  183  185
  191  193  197  197  199  197  196  191  189  185  184  180  180  177  179  175
  176  175  175  171  172  166  173  169  172                                   
    72.5-180.0 180.0   5.0 450.0                            LAT/LON1/LON2/DLON/H
  177  170  171  174  173  172  172  172  171  171  169  168  164  162  159  156
  153  151  149  148  145  144  140  137  131  127  122  119  117  117  120  124
  130  137  144  150  154  159  162  164  165  167  169  172  176  181  186  190
  195  198  201  201  202  200  197  192  189  185  183  181  180  179  179  178
  178  179  178  175  176  172  174  170  177                                   
    70.0-180.0 180.0   5.0 450.0                            LAT/LON1/LON2/DLON/H
  175  171  172  173  174  171  172  171  172  170  168  166  163  158  154  149
  146  143  142  140  140  137  135  130  125  118  113  110  107  110  112  120
  127  136  144  151  157  162  166  167  170  170  174  175  183  186  192  195
  201  203  205  204  204  200  196  190  187  183  181  179  179  178  179  179
  180  181  181  180  179  172  177  174  175                                   
    67.5-180.0 180.0   5.0 450.0                            LAT/LON1/LON2/DLON/H
  179  172  171  173  171  170  170  171  170  170  167  165  159  155  149  145
  141  138  137  137  136  135  132  128  122  116  110  107  105  107  111  119
  128  138  146  156  162  168  171  174  175  177  179  183  189  193  198  201
  204  205  206  204  202  197  192  186  182  178  175  174  174  175  175  178
  178  182  181  182  183  178  178  173  179                                   
    65.0-180.0 180.0   5.0 450.0                            LAT/LON1/LON2/DLON/H
  177  174  173  172  171  168  170  169  170  169  168  165  162  156  151  144
  140  136  136  135  135  133  132  126  121  115  110  107  106  109  113  121
  130  141  149  158  165  172  175  177  180  181  186  187  196  198  204  205
  208  207  207  202  200  193  189  181  177  172  170  168  169  169  172  174
  176  180  182  183  184  178  181  178  177                                   
    62.5-180.0 180.0   5.0 450.0                            LAT/LON1/LON2/DLON/H
  183  176  173  173  167  166  165  167  167  168  167  166  162  158  151  145
  139  136  134  133  132  131  128  124  118  114  109  108  107  111  114  122
  130  142  149  160  166  173  175  179  183  186  191  195  203  207  210  210
  212  210  206  201  198  191  185  178  175  170  167  166  166  167  168  171
  173  178  178  182  185  183  182  178  183                                   
    60.0-180.0 180.0   5.0 450.0                            LAT/LON1/LON2/DLON/H
  183  179  178  176  171  166  165  164  165  165  167  167  167  161  156  147
  142  136  134  131  131  127  126  122  119  115  113  112  114  116  120  124
  131  140  147  155  162  170  174  180  186  191  199  204  213  215  219  218
  218  214  210  204  202  193  189  181  178  173  171  169  170  171  172  174
  176  180  181  185  189  186  188  184  183                                   
    57.5-180.0 180.0   5.0 450.0                            LAT/LON1/LON2/DLON/H
  192  186  183  182  174  169  164  163  162  164  165  168  167  165  157  151
  143  137  133  130  128  126  123  121  118  117  116  116  118  121  123  127
  129  137  142  151  157  167  172  181  189  199  209  217  224  228  229  228
  226  222  217  211  208  201  196  190  186  181  180  179  179  179  179  180
  179  183  184  190  195  196  192  187  192                                   
    55.0-180.0 180.0   5.0 450.0                            LAT/LON1/LON2/DLON/H
  198  197  196  194  187  179  172  166  163  162  165  167  169  165  161  151
  146  137  135  130  129  125  124  120  120  119  121  120  125  125  127  126
  128  129  135  141  150  161  170  182  193  205  218  226  234  237  240  238
  235  231  227  221  220  213  211  201  198  193  191  190  190  190  190  190
  188  191  193  197  203  202  202  199  198                                   
    52.5-180.0 180.0   5.0 450.0                            LAT/LON1/LON2/DLON/H
  213  210  209  208  199  192  181  173  167  165  165  168  167  167  159  153
  146  140  136  133  129  128  124  123  122  124  126  128  130  131  130  128
  125  125  127  136  143  158  169  184  197  214  227  237  244  248  250  248
  246  242  239  235  235  229  226  217  213  208  205  204  205  205  203  202
  199  202  202  207  212  215  209  209  213                                   
    50.0-180.0 180.0   5.0 450.0                            LAT/LON1/LON2/DLON/H
  224  225  226  223  218  210  198  188  178  173  172  171  171  167  161  151
  146  140  138  135  133  130  128  126  127  128  132  133  135  133  132  127
  124  120  123  127  137  153  169  186  202  219  235  244  253  256  260  259
  257  256  255  253  255  249  246  235  231  223  221  217  218  218  216  215
  212  215  216  220  224  224  224  222  224                                   
    47.5-180.0 180.0   5.0 450.0                            LAT/LON1/LON2/DLON/H
  240  237  240  239  233  226  214  204  193  185  179  178  173  170  160  154
  147  145  143  142  139  138  135  135  136  139  141  142  142  140  135  130
  125  122  122  129  136  156  171  191  208  228  241  253  260  266  270  270
  270  270  272  273  275  270  263  253  246  237  232  228  228  227  226  227
  225  228  228  233  238  239  234  234  240                                   
    45.0-180.0 180.0   5.0 450.0                            LAT/LON1/LON2/DLON/H
  247  247  250  248  247  240  229  221  210  200  192  186  181  174  165  154
  150  146  147  146  146  142  142  141  144  145  150  149  148  143  139  133
  129  123  125  128  138  153  172  192  211  230  247  255  264  267  274  275
  277  280  285  286  289  283  277  265  258  247  241  235  236  236  237  238
  239  242  245  248  252  250  249  248  247                                   
    42.5-180.0 180.0   5.0 450.0                            LAT/LON1/LON2/DLON/H
  257  252  254  254  251  247  237  231  221  213  202  196  187  181  167  159
  153  152  153  154  153  152  150  152  154  158  160  160  156  150  144  138
  133  131  131  136  144  158  175  196  216  235  249  258  266  269  276  277
  284  287  295  297  300  295  286  277  268  258  250  244  245  244  247  249
  253  257  260  263  267  267  261  262  257                                   
    40.0-180.0 180.0   5.0 450.0                            LAT/LON1/LON2/DLON/H
  266  260  260  256  257  251  244  239  233  226  218  208  200  189  176  163
  159  156  158  158  158  156  157  158  163  164  169  166  162  154  149  144
  140  137  139  141  148  159  174  196  214  234  248  257  265  268  277  280
  290  293  301  303  306  303  297  290  283  274  267  262  262  262  266  269
  274  278  283  285  287  284  282  277  266                                   
    37.5-180.0 180.0   5.0 450.0                            LAT/LON1/LON2/DLON/H
  282  271  266  261  255  252  245  244  238  234  226  220  207  198  182  171
  164  162  162  163  162  163  164  168  171  175  175  173  166  159  153  149
  146  145  144  149  154  162  175  193  214  230  247  256  265  269  278  286
  295  301  308  312  315  314  311  309  304  300  293  290  288  288  291  294
  298  303  306  309  309  309  301  299  282                                   
    35.0-180.0 180.0   5.0 450.0                            LAT/LON1/LON2/DLON/H
  303  291  283  270  265  257  252  248  246  243  240  232  222  208  192  177
  170  165  165  164  165  166  171  175  181  183  185  179  172  162  158  154
  152  150  150  151  155  162  171  188  206  225  241  252  263  266  279  287
  299  303  314  319  327  331  334  335  335  332  329  326  324  323  325  326
  330  332  334  334  331  330  329  323  303                                   
    32.5-180.0 180.0   5.0 450.0                            LAT/LON1/LON2/DLON/H
  335  320  306  294  279  271  260  257  252  252  246  241  228  215  197  184
  173  169  165  166  167  173  181  189  194  196  194  187  178  168  162  157
  155  152  153  151  154  158  167  178  200  216  237  247  261  266  278  288
  298  306  316  325  337  347  357  365  370  370  371  370  370  367  367  364
  364  363  362  358  357  357  355  355  335                                   
    30.0-180.0 180.0   5.0 450.0                            LAT/LON1/LON2/DLON/H
  371  359  348  328  313  296  284  274  268  263  260  252  241  223  206  188
  177  168  164  164  167  176  192  202  210  210  208  197  186  173  166  160
  156  154  151  149  148  152  158  168  187  207  227  241  257  265  278  285
  296  305  320  335  354  370  386  400  409  413  414  415  413  411  407  403
  399  394  391  386  383  385  391  385  371                                   
    27.5-180.0 180.0   5.0 450.0                            LAT/LON1/LON2/DLON/H
  412  408  399  377  355  339  318  305  292  285  276  266  248  230  209  192
  178  169  163  163  170  186  205  219  225  227  219  209  194  181  170  160
  154  148  145  142  140  142  148  158  176  197  219  235  253  261  273  280
  289  300  314  335  356  379  403  422  439  442  449  448  450  446  443  434
  429  421  417  412  411  419  422  421  412                                   
    25.0-180.0 180.0   5.0 450.0                            LAT/LON1/LON2/DLON/H
  454  462  456  436  414  397  372  349  328  310  298  283  264  239  217  197
  183  168  163  163  175  194  219  236  245  244  235  222  205  188  172  160
  148  141  136  134  132  133  138  144  162  183  204  223  244  255  266  272
  282  292  314  337  363  387  411  436  453  461  468  470  473  469  467  458
  452  444  441  434  438  444  461  448  454                                   
    22.5-180.0 180.0   5.0 450.0                            LAT/LON1/LON2/DLON/H
  487  501  505  486  469  450  426  402  374  349  324  305  281  253  226  205
  190  175  168  169  184  209  232  251  258  255  243  228  210  190  171  153
  139  127  124  123  124  125  127  135  147  170  192  212  234  243  258  261
  274  285  310  337  368  392  417  439  459  466  474  476  482  479  477  469
  464  455  453  448  453  463  478  475  487                                   
    20.0-180.0 180.0   5.0 450.0                            LAT/LON1/LON2/DLON/H
  506  528  534  523  510  497  472  450  420  391  361  326  300  270  242  217
  201  184  176  177  196  222  248  265  270  262  250  231  211  188  165  142
  125  113  110  111  114  113  116  120  133  149  173  193  220  228  246  250
  269  285  319  346  378  401  420  436  452  456  462  466  475  476  477  471
  468  460  459  454  460  471  489  482  506                                   
    17.5-180.0 180.0   5.0 450.0                            LAT/LON1/LON2/DLON/H
  506  533  546  541  538  528  510  482  451  422  387  352  319  287  259  232
  214  197  190  191  212  236  258  271  272  260  243  224  202  178  156  128
  113   99   98  100  105  107  107  110  120  135  161  181  205  213  233  241
  263  285  321  355  385  408  422  433  443  445  450  454  463  466  470  468
  467  462  462  458  463  471  482  484  506                                   
    15.0-180.0 180.0   5.0 450.0                            LAT/LON1/LON2/DLON/H
  495  520  536  540  544  542  525  502  467  437  405  370  337  302  278  254
  237  220  212  212  227  248  266  270  265  248  231  206  185  162  137  115
   97   87   84   88   89   92   91   94  103  117  145  168  195  209  230  243
  268  294  332  365  393  411  419  425  434  434  438  444  452  459  465  465
  466  462  465  459  464  471  481  477  495                                   
    12.5-180.0 180.0   5.0 450.0                            LAT/LON1/LON2/DLON/H
  473  496  513  519  530  532  525  502  472  442  409  377  346  316  296  276
  261  245  237  234  246  257  266  262  250  229  206  181  163  141  124  103
   90   80   79   79   83   83   82   83   93  108  136  160  189  203  227  243
  272  302  338  373  398  413  418  426  434  435  437  443  452  457  464  464
  466  464  467  461  466  467  470  472  473                                   
    10.0-180.0 180.0   5.0 450.0                            LAT/LON1/LON2/DLON/H
  454  469  485  491  502  508  503  487  461  432  402  371  345  318  306  291
  282  268  260  254  258  260  259  248  229  201  175  149  134  123  107   93
   80   74   70   70   71   71   71   73   84   98  128  153  184  201  226  246
  277  306  340  369  393  406  415  427  437  442  446  453  462  468  473  473
  474  469  472  462  464  463  462  461  454                                   
     7.5-180.0 180.0   5.0 450.0                            LAT/LON1/LON2/DLON/H
  440  449  459  462  472  479  477  464  441  414  387  360  338  317  308  297
  293  284  278  268  265  257  247  229  204  170  144  120  115  103   97   85
