data/unet/pred0900.15i
     1.0            IONOSPHERE MAPS     GNSS                IONEX VERSION / TYPE
pyspatialgeodesy        IME             05-JAN-18 20:20     PGM / RUN BY / DATE 
Map Name                                                    COMMENT             
Predicted global ionosphere maps (GIM).                     DESCRIPTION         
  2015     3    31     0     0     0                        EPOCH OF FIRST MAP  
  2015     4     1     0     0     0                        EPOCH OF LAST MAP   
  7200                                                      INTERVAL            
    13                                                      # OF MAPS IN FILE   
  NONE                                                      MAPPING FUNCTION    
10.0                                                        ELEVATION CUTOFF    
One-way carrier phase leveled to code                       OBSERVABLES USED    
  6371.0                                                    BASE RADIUS         
 2                                                          MAP DIMENSION       
   450.0 450.0   0.0                                        HGT1 / HGT2 / DHGT  
    87.5 -87.5  -2.5                                        LAT1 / LAT2 / DLAT  
  -180.0 180.0   5.0                                        LON1 / LON2 / DLON  
    -1                                                      EXPONENT            
                                                            END OF HEADER       
[from data line 3003]
     8                                                      START OF TEC MAP    
  2015     3    31    14     0     0                        EPOCH OF CURRENT MAP
    87.5-180.0 180.0   5.0 450.0                            LAT/LON1/LON2/DLON/H
  154  176  188  190  193  193  198  198  202  203  206  206  208  208  208  208
  208  209  208  208  207  207  206  206  205  205  204  203  202  202  201  200
  199  199  197  197  195  194  193  191  190  188  187  185  184  181  180  177
  176  174  173  171  172  170  172  170  173  171  174  172  175  174  175  175
  177  177  179  178  177  178  191  163  154                                   
    85.0-180.0 180.0   5.0 450.0                            LAT/LON1/LON2/DLON/H
  147  160  168  173  177  181  183  187  189  192  195  195  199  198  201  200
  203  202  204  202  204  203  205  202  205  201  204  200  203  199  201  196
  199  194  195  190  191  186  186  181  181  177  176  173  172  169  167  165
  163  161  160  159  158  158  157  158  157  158  154  157  154  156  152  155
  153  155  153  155  154  157  164  162  147                                   
    82.5-180.0 180.0   5.0 450.0                            LAT/LON1/LON2/DLON/H
  143  139  148  157  158  166  169  176  179  185  187  191  193  195  197  198
  200  201  202  204  204  206  206  208  208  210  209  210  210  210  208  208
  206  204  201  199  196  191  188  183  180  175  172  168  166  163  161  158
  158  155  157  155  158  155  158  155  156  153  151  149  147  145  143  140
  139  138  137  137  136  135  145  139  143                                   
    80.0-180.0 180.0   5.0 450.0                            LAT/LON1/LON2/DLON/H
  123  119  123  132  135  143  147  157  160  168  169  177  178  183  184  187
  188  190  190  193  193  196  195  200  199  204  202  206  203  206  202  205
  201  202  196  196  188  187  177  175  166  164  157  158  154  154  154  154
  155  155  157  158  159  159  160  160  159  158  154  153  146  144  137  136
  129  128  123  121  115  113  113  118  123                                   
    77.5-180.0 180.0   5.0 450.0                            LAT/LON1/LON2/DLON/H
  104  100  101  111  114  124  132  140  145  153  156  164  166  172  173  177
  176  179  177  181  180  184  184  188  190  192  196  197  199  199  201  201
  200  199  197  194  189  184  177  171  164  160  155  154  151  151  151  155
  156  159  161  164  164  166  165  165  162  161  155  154  147  144  134  131
  120  118  107  106   95   93   94  101  104                                   
    75.0-180.0 180.0   5.0 450.0                            LAT/LON1/LON2/DLON/H
   97   86   88   96  103  111  120  128  134  140  146  151  157  159  165  165
  169  168  171  171  174  177  181  184  188  191  194  197  197  200  200  203
  202  204  199  199  192  191  181  178  170  168  163  162  162  162  166  167
  172  174  178  179  181  182  181  180  176  174  168  164  155  151  140  135
  124  118  108  101   93   88   87   89   97                                   
    72.5-180.0 180.0   5.0 450.0                            LAT/LON1/LON2/DLON/H
   91   84   83   91   95  104  112  118  125  131  137  143  145  153  155  161
  161  166  166  170  171  177  181  187  191  197  201  206  208  211  211  213
  212  213  210  207  202  199  193  189  184  183  179  180  179  182  183  186
  187  189  190  191  191  192  189  189  183  181  172  170  160  155  144  138
  125  118  104   99   87   85   83   88   91                                   
    70.0-180.0 180.0   5.0 450.0                            LAT/LON1/LON2/DLON/H
   91   81   80   88   96  100  109  115  120  126  131  138  143  148  155  158
  163  164  168  170  176  180  189  194  202  207  215  220  223  226  224  225
  222  224  218  218  210  210  203  204  198  200  197  198  198  199  201  200
  202  200  202  198  198  194  192  187  183  177  171  167  159  154  145  140
  129  121  110   99   91   85   84   83   91                                   
    67.5-180.0 180.0   5.0 450.0                            LAT/LON1/LON2/DLON/H
   88   83   82   91   95  102  109  112  117  118  126  130  138  145  152  160
  163  168  171  176  181  189  196  203  212  219  228  233  236  237  235  234
  231  231  226  223  218  216  212  210  210  212  213  213  213  212  211  209
  206  205  201  196  192  185  180  173  168  162  155  153  147  145  136  135
  124  122  107  101   88   86   83   86   88                                   
    65.0-180.0 180.0   5.0 450.0                            LAT/LON1/LON2/DLON/H
   85   81   77   87   91   98  104  107  111  116  122  129  137  145  153  158
  164  168  174  178  186  192  202  209  221  228  238  242  246  247  246  245
  242  240  234  232  223  226  221  226  224  229  231  232  230  228  223  218
  213  207  201  192  185  172  165  154  148  141  136  134  129  129  123  122
  115  113  104   97   90   84   80   79   85                                   
    62.5-180.0 180.0   5.0 450.0                            LAT/LON1/LON2/DLON/H
   78   74   71   82   82   90   93   98  100  103  111  115  129  137  148  159
  164  171  175  181  187  194  201  210  218  227  236  241  247  246  248  248
  248  245  241  237  232  231  230  233  236  242  245  247  244  240  232  223
  215  204  197  184  175  161  150  138  129  122  116  114  111  111  106  107
  101  103   95   91   84   79   74   75   78                                   
    60.0-180.0 180.0   5.0 450.0                            LAT/LON1/LON2/DLON/H
   68   63   60   69   70   75   79   83   87   92  100  110  122  135  145  155
  161  166  171  175  182  187  196  203  213  219  230  234  244  244  251  253
  256  257  253  251  243  244  239  245  249  257  261  264  260  255  242  232
  219  207  198  185  173  157  145  132  123  115  110  106  103  102   98   97
   93   92   89   85   82   74   68   65   68                                   
    57.5-180.0 180.0   5.0 450.0                            LAT/LON1/LON2/DLON/H
   62   55   53   61   57   64   66   74   76   84   89   98  110  117  133  143
  154  161  165  170  173  178  185  195  202  213  221  229  238  244  253  261
  268  272  271  268  262  259  255  260  262  272  275  281  277  269  254  238
  227  213  206  191  180  166  153  142  132  124  116  113  106  104   97   95
   89   90   86   81   76   70   65   62   62                                   
    55.0-180.0 180.0   5.0 450.0                            LAT/LON1/LON2/DLON/H
   61   53   46   51   50   53   56   61   66   75   81   93  103  115  128  140
  150  155  160  162  167  168  177  186  195  206  217  226  239  248  263  274
  286  292  293  292  284  282  276  280  280  290  293  299  296  289  272  259
  242  232  222  212  199  188  176  167  157  149  143  136  129  121  113  106
  100   95   94   88   87   78   72   67   61                                   
    52.5-180.0 180.0   5.0 450.0                            LAT/LON1/LON2/DLON/H
   69   59   54   53   50   53   52   59   63   75   79   92  101  109  121  130
  143  150  155  159  161  167  172  183  193  207  218  235  247  262  278  294
  309  315  319  316  311  306  300  300  301  307  312  317  316  309  296  280
  266  253  247  237  228  217  207  197  190  182  176  168  161  150  138  129
  120  115  110  105  102   95   90   87   69                                   
    50.0-180.0 180.0   5.0 450.0                            LAT/LON1/LON2/DLON/H
   90   79   70   66   59   57   57   58   65   73   81   91  101  113  122  136
  146  157  161  164  170  171  181  189  201  214  230  245  263  278  298  317
  333  342  344  344  337  334  325  327  325  332  334  340  336  332  319  308
  294  285  276  268  257  248  236  229  220  215  208  203  194  182  171  158
  149  141  138  131  129  121  117  114   90                                   
    47.5-180.0 180.0   5.0 450.0                            LAT/LON1/LON2/DLON/H
  121  102   95   87   78   75   71   74   72   83   84  101  106  118  129  135
  154  161  167  175  178  185  192  203  213  230  247  267  282  300  317  335
  351  358  364  362  361  355  350  349  347  351  354  358  357  350  342  332
  322  315  307  297  284  270  257  248  239  236  231  227  219  207  196  184
  176  168  161  159  155  152  154  148  121                                   
    45.0-180.0 180.0   5.0 450.0                            LAT/LON1/LON2/DLON/H
  146  137  124  114  105   98   91   89   87   93   97  106  116  128  137  153
  165  177  183  189  195  201  212  221  236  252  271  289  306  321  336  353
  364  374  378  381  379  378  371  373  370  372  373  377  375  369  363  355
  345  338  328  315  297  277  259  249  242  242  239  240  233  224  213  203
  196  187  184  178  181  179  178  168  146                                   
    42.5-180.0 180.0   5.0 450.0                            LAT/LON1/LON2/DLON/H
  166  160  149  140  130  124  117  112  105  109  109  120  123  137  149  162
  180  193  199  208  213  222  233  246  259  279  296  315  327  340  350  363
  374  385  394  400  405  405  403  401  400  398  398  396  396  389  384  376
  368  357  345  326  302  276  252  237  227  228  227  231  229  225  218  212
  203  199  189  190  188  189  193  185  166                                   
    40.0-180.0 180.0   5.0 450.0                            LAT/LON1/LON2/DLON/H
  175  175  165  159  151  145  136  127  119  119  123  132  137  151  163  184
  198  212  219  224  233  240  255  265  283  298  317  333  347  354  361  372
  385  400  414  429  438  443  441  436  430  425  421  417  415  410  405  398
  386  372  352  327  295  264  237  221  211  208  207  211  215  213  210  207
  202  194  188  184  184  186  189  184  175                                   
    37.5-180.0 180.0   5.0 450.0                            LAT/LON1/LON2/DLON/H
  173  175  167  164  158  154  147  136  129  127  130  141  145  161  176  194
  214  227  235  240  247  255  265  281  293  311  329  344  357  365  370  386
  398  423  445  468  491  502  501  497  481  473  458  453  446  442  437  426
  413  392  367  338  304  269  240  221  212  210  207  207  207  205  206  202
  198  190  177  171  165  171  180  178  173                                   
    35.0-180.0 180.0   5.0 450.0                            LAT/LON1/LON2/DLON/H
  164  164  160  161  157  154  146  134  126  124  132  143  157  177  196  217
  232  243  247  252  258  263  279  289  308  321  342  356  372  379  389  405
  425  458  490  530  560  576  572  561  536  515  492  483  474  471  465  455
  441  421  387  354  312  279  251  237  227  226  226  222  219  215  213  205
  200  186  174  163  153  154  157  163  164                                   
    32.5-180.0 180.0   5.0 450.0                            LAT/LON1/LON2/DLON/H
  153  153  149  152  150  147  139  128  122  120  128  141  156  181  203  231
  248  255  259  262  267  275  286  302  314  333  353  372  390  408  423  453
  473  516  555  605  642  666  662  649  612  587  542  535  517  525  515  512
  485  466  429  405  368  346  320  309  294  287  278  275  267  263  250  242
  227  211  193  174  163  156  149  148  153                                   
    30.0-180.0 180.0   5.0 450.0                            LAT/LON1/LON2/DLON/H
  144  139  138  145  142  142  130  122  113  112  119  136  162  190  218  248
  263  269  272  276  283  291  306  317  335  350  372  393  416  444  470  510
  542  597  650  708  750  762  758  742  711  670  619  591  579  577  583  574
  562  538  506  479  444  426  401  394  376  368  348  343  320  313  290  286
  262  251  222  195  168  155  161  150  144                                   
    27.5-180.0 180.0   5.0 450.0                            LAT/LON1/LON2/DLON/H
  137  134  131  130  129  127  123  111  109  105  114  129  154  190  217  251
  269  281  288  295  303  313  322  335  346  368  389  423  451  492  525  576
  620  688  753  803  829  844  851  831  802  758  706  668  646  644  647  645
  630  620  591  572  547  535  516  504  482  463  440  429  406  395  361  361
  321  321  283  258  216  185  168  150  137                                   
    25.0-180.0 180.0   5.0 450.0                            LAT/LON1/LON2/DLON/H
  150  133  118  122  119  114  109  106  105  104  108  123  153  189  226  253
  276  291  306  316  331  343  351  358  372  392  419  456  499  548  588  644
  696  766  806  841  870  892  897  889  867  835  795  746  719  704  710  706
  693  680  662  653  641  629  615  603  580  566  534  526  493  479  440  439
  405  402  361  337  283  240  205  187  150                                   
    22.5-180.0 180.0   5.0 450.0                            LAT/LON1/LON2/DLON/H
  189  172  148  129  128  122  115  113  114  112  116  125  152  189  220  254
  277  301  322  341  359  373  375  385  392  421  451  504  555  611  656  712
  769  811  836  865  900  917  928  923  905  875  845  810  789  769  768  756
  745  728  708  701  689  690  668  655  623  620  584  581  549  544  514  511
  485  480  436  398  347  296  252  225  189                                   
    20.0-180.0 180.0   5.0 450.0                            LAT/LON1/LON2/DLON/H
  232  193  170  158  141  134  130  128  125  121  121  128  154  186  221  253
  277  305  333  360  385  402  407  416  426  458  505  562  613  661  710  766
  816  832  855  880  906  917  931  931  923  900  875  850  827  808  800  789
  769  752  727  724  705  702  687  674  651  644  621  619  601  589  560  558
  534  528  478  436  388  332  286  274  232                                   
    17.5-180.0 180.0   5.0 450.0                            LAT/LON1/LON2/DLON/H
  258  226  194  170  166  156  149  147  143  135  128  131  149  182  215  252
  275  310  341  375  400  422  428  443  458  499  557  608  653  706  766  819
  840  851  866  878  888  897  914  924  921  909  893  871  855  835  828  807
  784  752  725  690  670  651  646  638  631  624  627  628  630  611  594  576
  566  543  508  460  413  360  315  318  258                                   
    15.0-180.0 180.0   5.0 450.0                            LAT/LON1/LON2/DLON/H
  273  235  212  194  178  165  159  154  150  143  132  129  150  183  218  248
  275  308  345  381  411  437  454  474  500  548  600  646  700  758  811  832
  844  845  852  846  857  858  881  888  906  901  890  875  856  843  830  814
  780  742  693  649  615  596  585  578  572  584  593  616  623  616  600  578
  566  544  516  473  429  379  338  339  273                                   
    12.5-180.0 180.0   5.0 450.0                            LAT/LON1/LON2/DLON/H
  276  242  217  197  187  172  166  153  152  144  129  132  144  178  210  247
  273  309  347  388  427  458  478  497  525  578  626  687  743  803  836  841
  849  840  840  826  834  836  854  868  887  889  883  868  855  843  832  809
  776  714  654  593  546  509  505  501  514  541  561  595  607  605  583  563
  546  527  499  464  429  390  347  337  276                                   
    10.0-180.0 180.0   5.0 450.0                            LAT/LON1/LON2/DLON/H
  266  234  216  206  190  176  164  151  144  139  128  131  148  184  225  262
  294  325  362  395  437  468  493  518  556  609  667  732  783  824  832  833
  839  830  820  811  818  818  845  855  884  881  879  866  852  842  830  815
  773  712  635  549  494  453  441  457  468  512  539  572  580  582  560  528
  501  464  450  416  405  379  347  314  266                                   
     7.5-180.0 180.0   5.0 450.0                            LAT/LON1/LON2/DLON/H
  252  226  203  192  182  171  160  144  135  123  119  127  144  186  230  269
  296  331  361  399  433  468  495  533  574  644  701  763  807  830  835  836
