data/unet/pred1300.15i
     1.0            IONOSPHERE MAPS     GNSS                IONEX VERSION / TYPE
pyspatialgeodesy        IME             05-JAN-18 20:20     PGM / RUN BY / DATE 
Map Name                                                    COMMENT             
Predicted global ionosphere maps (GIM).                     DESCRIPTION         
  2015     5    10     0     0     0                        EPOCH OF FIRST MAP  
  2015     5    11     0     0     0                        EPOCH OF LAST MAP   
  7200                                                      INTERVAL            
    13                                                      # OF MAPS IN FILE   
  NONE                                                      MAPPING FUNCTION    
10.0                                                        ELEVATION CUTOFF    
One-way carrier phase leveled to code                       OBSERVABLES USED    
  6371.0                                                    BASE RADIUS         
 2                                                          MAP DIMENSION       
   450.0 450.0   0.0                                        HGT1 / HGT2 / DHGT  
    87.5 -87.5  -2.5                                        LAT1 / LAT2 / DLAT  
  -180.0 180.0   5.0                                        LON1 / LON2 / DLON  
    -1                                                      EXPONENT            
                                                            END OF HEADER       
     1                                                      START OF TEC MAP    
  2015     5    10     0     0     0                        EPOCH OF CURRENT MAP
    87.5-180.0 180.0   5.0 450.0                            LAT/LON1/LON2/DLON/H
  234  226  236  241  241  243  243  244  244  245  246  246  246  247  246  246
  244  243  241  239  236  233  230  227  224  221  218  215  212  210  208  205
  204  203  203  201  201  201  202  202  203  203  206  206  208  210  212  214
  216  218  221  223  224  227  228  231  231  234  233  236  235  237  237  238
  238  238  235  235  233  231  225  231  234                                   
    85.0-180.0 180.0   5.0 450.0                            LAT/LON1/LON2/DLON/H
  239  235  241  243  243  244  246  247  248  250  251  252  253  253  253  252
  251  250  247  244  241  238  234  231  226  223  219  216  212  209  206  204
  202  201  200  199  198  198  199  200  200  202  203  205  206  209  210  212
  214  217  219  221  223  226  227  229  230  232  233  235  236  237  237  237
  238  238  237  236  238  233  233  229  239                                   
    82.5-180.0 180.0   5.0 450.0                            LAT/LON1/LON2/DLON/H
  253  242  244  244  243  245  246  249  251  254  256  259  260  261  262  262
  260  258  256  252  248  242  237  230  225  218  213  207  202  197  193  189
  187  185  184  183  183  183  184  185  187  188  191  193  195  198  201  204
  206  210  213  216  219  222  226  228  232  233  236  236  239  238  240  238
  240  238  239  238  241  236  233  240  253                                   
    80.0-180.0 180.0   5.0 450.0                            LAT/LON1/LON2/DLON/H
  256  244  245  243  241  244  246  250  252  258  260  265  266  270  270  271
  268  267  263  260  252  248  239  233  223  218  209  204  195  191  185  182
  178  177  175  176  175  178  178  182  182  186  187  191  192  197  199  203
  205  209  211  216  218  223  226  231  233  236  237  239  239  240  240  240
  239  239  238  240  242  240  238  246  256                                   
    77.5-180.0 180.0   5.0 450.0                            LAT/LON1/LON2/DLON/H
  249  240  241  240  239  241  245  249  253  258  263  267  270  274  275  276
  274  273  269  264  258  251  244  235  226  217  209  201  194  188  183  178
  175  173  173  173  175  177  180  183  185  188  191  193  196  198  201  204
  207  210  213  216  220  224  229  232  235  237  240  240  240  240  239  238
  237  237  237  239  242  240  239  246  249                                   
    75.0-180.0 180.0   5.0 450.0                            LAT/LON1/LON2/DLON/H
  249  239  240  238  236  239  241  246  249  256  261  267  269  273  274  275
  272  271  266  263  256  251  242  234  224  216  207  199  192  185  180  175
  173  171  172  173  175  179  182  186  189  192  194  196  198  200  202  204
  205  208  210  214  216  221  224  229  232  235  236  237  236  236  234  234
  233  235  235  238  241  241  239  248  249                                   
    72.5-180.0 180.0   5.0 450.0                            LAT/LON1/LON2/DLON/H
  253  242  243  240  238  238  240  244  248  255  260  266  269  271  271  270
  267  264  260  256  251  246  239  231  222  214  205  197  189  182  177  173
  172  171  172  174  176  180  183  187  190  192  194  195  197  198  199  200
  202  203  206  208  211  216  219  224  227  230  232  232  231  230  228  227
  227  229  231  235  240  242  243  251  253                                   
    70.0-180.0 180.0   5.0 450.0                            LAT/LON1/LON2/DLON/H
  266  252  251  247  240  241  240  245  248  256  260  267  267  269  265  262
  256  253  248  245  240  237  230  225  216  210  201  195  186  181  176  174
  171  172  172  174  175  179  181  185  186  189  189  191  192  193  193  194
  195  197  199  202  205  210  213  218  221  225  226  226  225  224  221  220
  221  224  228  234  241  245  247  258  266                                   
    67.5-180.0 180.0   5.0 450.0                            LAT/LON1/LON2/DLON/H
  278  262  261  255  248  245  245  248  253  258  264  270  271  270  264  258
  250  244  239  235  232  229  225  220  214  207  200  192  185  180  176  173
  171  170  170  171  172  174  175  177  178  180  181  182  183  184  185  186
  187  189  192  196  200  205  209  215  218  223  224  225  224  222  219  216
  217  219  225  232  242  248  252  261  278                                   
    65.0-180.0 180.0   5.0 450.0                            LAT/LON1/LON2/DLON/H
  288  273  269  261  252  250  246  250  252  261  265  273  271  271  262  256
  245  239  232  230  225  225  220  217  209  205  196  192  184  180  176  174
  171  170  167  168  166  167  166  167  167  168  168  170  171  173  174  176
  179  183  187  192  197  202  208  213  218  223  225  227  226  224  220  217
  216  218  222  230  242  248  255  266  288                                   
    62.5-180.0 180.0   5.0 450.0                            LAT/LON1/LON2/DLON/H
  293  278  276  267  258  252  249  251  254  262  267  274  274  272  264  256
  246  240  233  231  228  226  222  218  211  205  199  193  188  183  179  176
  172  168  164  161  158  156  154  153  152  152  154  155  158  160  163  167
  172  177  183  189  195  202  209  216  222  229  234  236  237  235  232  227
  225  222  226  231  243  251  257  268  293                                   
    60.0-180.0 180.0   5.0 450.0                            LAT/LON1/LON2/DLON/H
  294  283  280  272  261  255  249  250  252  259  264  271  271  272  264  261
  250  247  239  239  236  235  230  226  216  212  204  201  194  192  185  182
  175  170  163  158  152  148  144  143  140  141  141  143  145  149  154  159
  166  173  181  188  196  203  212  220  228  237  244  250  252  252  248  243
  237  232  231  234  244  250  258  270  294                                   
    57.5-180.0 180.0   5.0 450.0                            LAT/LON1/LON2/DLON/H
  295  284  285  278  268  260  254  252  253  257  261  266  269  270  267  265
  259  256  253  252  249  248  243  238  230  223  217  213  208  204  198  191
  182  173  163  155  148  142  137  134  132  132  132  134  136  141  147  154
  162  170  179  187  197  205  216  226  239  250  262  269  275  275  273  266
  259  250  246  245  251  255  260  271  295                                   
    55.0-180.0 180.0   5.0 450.0                            LAT/LON1/LON2/DLON/H
  298  288  291  285  276  269  262  258  255  257  256  261  262  267  266  269
  266  268  265  267  263  263  257  253  244  240  232  229  222  220  210  204
  190  180  168  159  149  144  138  135  131  131  129  130  132  137  143  151
  159  168  179  188  199  208  220  233  248  263  276  289  296  300  298  293
  283  274  264  259  260  261  264  274  298                                   
    52.5-180.0 180.0   5.0 450.0                            LAT/LON1/LON2/DLON/H
  304  295  301  300  294  287  280  274  267  262  258  258  259  263  268  272
  275  276  278  277  278  275  274  268  264  259  255  250  245  237  228  216
  201  187  174  162  154  147  143  139  137  134  133  132  133  136  143  150
  158  167  178  188  200  211  225  240  258  274  291  304  315  320  322  317
  311  300  289  280  278  273  272  281  304                                   
    50.0-180.0 180.0   5.0 450.0                            LAT/LON1/LON2/DLON/H
  318  310  317  318  317  314  308  300  288  277  266  262  259  264  268  276
  279  283  283  286  285  287  286  284  282  280  276  272  264  255  241  227
  209  194  179  168  161  155  152  149  145  143  139  138  137  139  144  150
  158  166  178  188  202  215  230  245  264  282  299  315  326  334  338  339
  333  325  313  304  297  290  285  293  318                                   
    47.5-180.0 180.0   5.0 450.0                            LAT/LON1/LON2/DLON/H
  335  331  338  346  349  351  346  337  321  303  286  274  269  270  275  280
  285  287  289  289  293  294  299  299  300  296  295  288  281  267  253  233
  215  196  183  172  168  163  163  159  158  153  151  147  146  146  148  152
  158  166  177  189  205  219  235  252  272  290  307  319  331  339  346  348
  348  342  334  325  320  309  303  307  335                                   
    45.0-180.0 180.0   5.0 450.0                            LAT/LON1/LON2/DLON/H
  357  360  367  377  384  390  390  381  366  341  317  297  286  283  284  288
  289  291  291  294  297  302  308  311  312  310  307  300  288  274  255  234
  212  193  183  174  173  171  171  170  168  164  160  156  154  153  154  157
  161  168  179  192  208  224  242  260  281  298  313  325  332  340  345  351
  354  354  351  347  343  333  328  330  357                                   
    42.5-180.0 180.0   5.0 450.0                            LAT/LON1/LON2/DLON/H
  377  391  396  407  415  425  426  423  406  382  352  328  311  303  301  299
  298  297  299  301  307  311  318  318  319  314  311  301  290  272  253  230
  208  192  183  178  178  177  180  179  179  176  173  168  166  164  164  165
  167  172  182  195  212  229  249  270  291  307  320  327  332  334  339  343
  350  354  358  361  364  357  353  351  377                                   
    40.0-180.0 180.0   5.0 450.0                            LAT/LON1/LON2/DLON/H
  401  421  426  434  442  452  456  455  444  420  391  363  344  332  323  317
  312  310  311  315  321  326  329  327  324  318  310  302  289  272  253  231
  212  198  192  189  189  191  192  194  192  190  186  182  178  176  174  174
  176  179  188  199  217  235  257  280  301  316  328  332  335  333  335  338
  345  352  364  371  383  381  386  377  401                                   
    37.5-180.0 180.0   5.0 450.0                            LAT/LON1/LON2/DLON/H
  421  445  450  458  462  470  472  472  462  444  418  394  373  359  346  337
  329  328  330  335  340  341  340  334  327  318  311  302  293  279  264  248
  232  222  216  215  214  214  214  213  210  205  201  196  193  189  186  184
  185  186  193  203  219  239  262  286  307  322  333  338  337  332  330  329
  337  347  362  378  393  399  408  397  421                                   
    35.0-180.0 180.0   5.0 450.0                            LAT/LON1/LON2/DLON/H
  449  472  478  482  485  489  490  489  480  464  444  421  403  387  373  362
  353  352  355  360  362  360  352  342  331  324  318  314  308  301  290  279
  266  259  250  248  242  241  239  236  231  224  218  212  206  200  196  192
  190  190  195  203  216  236  258  282  304  321  336  341  342  335  334  331
  340  350  369  387  411  423  440  426  449                                   
    32.5-180.0 180.0   5.0 450.0                            LAT/LON1/LON2/DLON/H
  480  502  508  509  507  509  507  505  494  480  461  441  423  410  396  386
  377  378  381  387  384  376  363  349  336  331  330  333  334  335  329  322
  309  303  294  288  278  274  267  260  252  243  234  225  218  209  202  195
  192  190  192  196  209  224  246  267  288  308  325  336  337  335  333  334
  344  356  378  399  424  441  458  453  480                                   
    30.0-180.0 180.0   5.0 450.0                            LAT/LON1/LON2/DLON/H
  519  542  554  557  554  552  548  542  529  510  491  471  455  440  427  416
  409  410  413  415  406  391  372  356  346  346  352  363  371  377  375  372
  357  352  336  328  313  305  293  283  271  259  249  237  227  216  206  198
  192  189  186  189  196  210  230  251  275  294  317  331  340  339  342  342
  354  367  388  411  437  458  487  489  519                                   
    27.5-180.0 180.0   5.0 450.0                            LAT/LON1/LON2/DLON/H
  559  587  601  610  609  609  602  594  575  554  529  509  491  476  458  448
  438  440  438  437  421  403  379  367  360  369  381  398  408  417  413  411
  394  385  366  354  335  324  308  296  281  268  256  243  230  217  205  196
  188  182  177  177  182  193  211  232  257  277  301  318  335  342  352  358
  373  387  407  427  452  475  509  520  559                                   
    25.0-180.0 180.0   5.0 450.0                            LAT/LON1/LON2/DLON/H
  595  623  644  667  676  681  678  669  650  622  593  567  545  525  507  490
  477  472  465  456  437  415  395  385  388  401  420  440  446  454  441  437
  416  406  380  367  342  327  309  297  280  269  257  244  230  215  202  192
  182  174  168  167  171  182  202  223  250  273  299  321  341  356  372  383
  401  412  431  449  472  497  544  560  595                                   
    22.5-180.0 180.0   5.0 450.0                            LAT/LON1/LON2/DLON/H
  623  653  684  718  738  753  754  749  729  699  666  633  603  578  554  534
  514  501  485  471  446  428  409  410  415  435  449  463  463  456  441  427
  407  393  369  352  325  311  295  284  270  260  249  237  221  205  191  179
  170  159  153  150  159  171  195  218  245  270  296  319  345  370  391  411
  429  445  461  478  499  521  570  587  623                                   
    20.0-180.0 180.0   5.0 450.0                            LAT/LON1/LON2/DLON/H
  640  666  705  754  792  821  835  836  822  791  755  714  679  648  618  589
  564  537  515  489  467  445  435  435  449  461  471  474  462  441  418  399
  379  366  345  325  303  286  273  264  255  247  237  227  211  194  179  166
  154  142  137  135  148  164  197  225  255  280  306  333  362  387  416  436
  462  478  497  511  527  547  600  616  640                                   
    17.5-180.0 180.0   5.0 450.0                            LAT/LON1/LON2/DLON/H
  646  676  716  768  814  856  882  897  891  868  833  791  753  715  679  645
  608  575  543  511  483  464  454  458  463  471  469  457  432  400  369  348
  328  312  294  277  261  248  245  243  236  230  223  214  200  184  171  156
  146  133  129  130  145  164  199  231  263  290  316  346  375  406  429  457
  480  504  522  538  552  567  614  630  646                                   
    15.0-180.0 180.0   5.0 450.0                            LAT/LON1/LON2/DLON/H
  647  671  713  762  813  856  897  918  930  914  893  857  825  787  748  709
  666  621  582  545  515  493  485  483  483  477  459  425  388  344  314  286
  271  249  236  221  213  210  215  220  216  214  209  205  193  179  166  151
  142  128  126  126  141  164  201  237  272  298  329  357  392  419  449  472
  501  522  547  562  578  590  631  640  647                                   
    12.5-180.0 180.0   5.0 450.0                            LAT/LON1/LON2/DLON/H
  639  666  697  737  777  819  859  896  917  919  909  891  868  839  802  759
  712  667  621  582  548  524  509  498  483  456  420  372  323  282  254  231
  215  201  194  187  186  191  196  205  203  202  200  197  191  178  166  150
  140  126  120  121  137  161  199  238  274  306  338  371  403  435  458  485
  508  535  558  578  593  603  635  642  639                                   
    10.0-180.0 180.0   5.0 450.0                            LAT/LON1/LON2/DLON/H
  640  659  685  711  744  771  814  852  893  907  912  901  893  873  843  800
  754  708  661  623  589  564  539  515  483  432  378  313  262  227  206  191
  186  177  177  177  182  187  195  199  197  195  195  195  192  180  168  150
  140  126  117  120  134  163  198  238  276  311  343  378  417  445  472  495
  521  545  572  590  609  621  646  642  640                                   
     7.5-180.0 180.0   5.0 450.0                            LAT/LON1/LON2/DLON/H
  643  665  677  691  707  727  754  791  828  853  865  868  869  864  845  809
  766  723  681  645  611  582  547  505  453  389  313  256  217  195  183  181
