data/unet/pred2420.15i
     1.0            IONOSPHERE MAPS     GNSS                IONEX VERSION / TYPE
pyspatialgeodesy        IME             05-JAN-18 20:20     PGM / RUN BY / DATE 
Map Name                                                    COMMENT             
Predicted global ionosphere maps (GIM).                     DESCRIPTION         
  2015     8    30     0     0     0                        EPOCH OF FIRST MAP  
  2015     8    31     0     0     0                        EPOCH OF LAST MAP   
  7200                                                      INTERVAL            
    13                                                      # OF MAPS IN FILE   
  NONE                                                      MAPPING FUNCTION    
10.0                                                        ELEVATION CUTOFF    
One-way carrier phase leveled to code                       OBSERVABLES USED    
  6371.0                                                    BASE RADIUS         
 2                                                          MAP DIMENSION       
   450.0 450.0   0.0                                        HGT1 / HGT2 / DHGT  
    87.5 -87.5  -2.5                                        LAT1 / LAT2 / DLAT  
  -180.0 180.0   5.0                                        LON1 / LON2 / DLON  
    -1                                                      EXPONENT            
                                                            END OF HEADER       
[from data line 3432]
     9                                                      START OF TEC MAP    
  2015     8    30    16     0     0                        EPOCH OF CURRENT MAP
    87.5-180.0 180.0   5.0 450.0                            LAT/LON1/LON2/DLON/H
  113  119  118  118  118  117  118  118  118  119  119  120  120  121  121  122
  122  122  123  123  123  123  123  123  123  123  123  123  123  122  122  122
  122  121  122  121  122  121  121  120  121  119  120  119  119  117  118  117
  117  116  117  116  117  115  116  115  116  114  116  114  115  114  115  114
  115  114  115  115  116  115  120  135  113                                   
    85.0-180.0 180.0   5.0 450.0                            LAT/LON1/LON2/DLON/H
   90  105   99  100  102  102  104  103  106  106  108  108  110  110  112  111
  114  113  115  114  116  115  116  115  115  114  114  113  113  112  111  111
  111  110  110  109  110  109  109  108  108  107  107  106  106  104  105  103
  104  102  102  100  101  100  100   99   99   99   97   97   97   96   95   95
   95   95   96   96   96   96   99  104   90                                   
    82.5-180.0 180.0   5.0 450.0                            LAT/LON1/LON2/DLON/H
   92   91   87   90   90   92   92   94   95   98   99  101  102  104  105  106
  107  108  109  110  111  111  111  111  110  110  108  108  106  106  103  103
  101  102  100  101  101  102  101  102  101  102  101  101  100  100   99   99
   98   98   96   96   93   94   91   92   89   90   87   87   85   85   83   84
   82   84   83   85   85   81   93   87   92                                   
    80.0-180.0 180.0   5.0 450.0                            LAT/LON1/LON2/DLON/H
   81   82   83   84   83   88   87   92   91   95   95   99   99  103  103  106
  106  109  109  113  112  115  114  116  113  115  110  111  105  106  101  102
   98  100   97   99   98  100   98  101   99  102   98  101   98  100   95   98
   94   96   91   93   89   91   87   89   85   87   82   84   80   82   78   80
   76   80   76   79   76   78   81   83   81                                   
    77.5-180.0 180.0   5.0 450.0                            LAT/LON1/LON2/DLON/H
   74   80   78   76   80   81   85   86   88   89   92   93   94   96   98  100
  102  103  107  108  111  111  114  114  113  112  110  108  105  101   99   97
   95   94   94   94   96   96   99   99  100  100  101  100   99   97   96   95
   93   92   91   89   89   87   86   84   83   81   80   78   78   76   76   75
   75   75   76   74   75   68   71   75   74                                   
    75.0-180.0 180.0   5.0 450.0                            LAT/LON1/LON2/DLON/H
   68   73   73   74   77   78   82   83   86   88   91   91   94   94   98   97
  103  103  108  109  114  116  119  120  120  118  116  111  107  103   99   95
   93   91   91   90   93   94   96   96   98   98   99   96   95   93   92   89
   88   85   86   82   83   80   81   77   78   75   76   72   74   71   73   71
   73   72   74   71   74   72   75   77   68                                   
    72.5-180.0 180.0   5.0 450.0                            LAT/LON1/LON2/DLON/H
   63   72   71   72   74   77   80   83   84   86   88   89   91   91   94   94
   97   98  104  106  113  116  121  122  124  121  119  113  108  102   97   92
   90   88   89   90   91   94   96   97   97   97   96   93   90   88   86   83
   82   81   80   79   78   78   76   75   73   73   70   71   68   70   68   70
   69   71   71   71   71   67   69   73   63                                   
    70.0-180.0 180.0   5.0 450.0                            LAT/LON1/LON2/DLON/H
   60   65   67   68   72   73   78   78   83   83   87   86   90   88   91   89
   93   94  100  103  110  115  121  124  126  125  122  117  111  105   98   93
   89   87   88   89   91   94   95   96   95   95   91   89   83   82   78   77
   75   74   73   72   73   71   71   68   69   66   67   64   65   63   64   63
   65   64   67   66   68   67   70   72   60                                   
    67.5-180.0 180.0   5.0 450.0                            LAT/LON1/LON2/DLON/H
   57   63   64   65   67   71   74   78   80   83   86   87   89   88   89   88
   90   92   97  101  109  114  122  124  129  128  128  122  117  108  102   96
   93   90   91   92   94   97   98   98   96   93   89   85   80   77   74   72
   71   71   69   70   68   68   66   66   63   63   61   61   60   59   59   60
   58   60   61   62   63   59   62   65   57                                   
    65.0-180.0 180.0   5.0 450.0                            LAT/LON1/LON2/DLON/H
   53   55   61   61   66   68   74   75   81   83   88   88   91   88   90   87
   91   91   97  100  108  113  122  125  130  129  129  124  120  113  107  101
   97   96   95   97   97  101  100  101   96   94   88   85   79   77   74   73
   71   71   69   69   66   66   63   62   60   60   58   58   57   55   55   54
   53   54   55   54   57   56   59   61   53                                   
    62.5-180.0 180.0   5.0 450.0                            LAT/LON1/LON2/DLON/H
   49   51   59   56   62   66   71   75   81   85   88   91   93   93   93   93
   95   97  100  104  110  114  121  124  130  129  132  127  126  118  114  109
  106  103  102  104  105  106  106  105  100   96   90   86   81   79   76   76
   73   73   70   69   66   64   61   60   58   57   55   55   54   52   50   49
   47   48   48   49   50   47   49   51   49                                   
    60.0-180.0 180.0   5.0 450.0                            LAT/LON1/LON2/DLON/H
   45   44   54   55   61   65   71   74   80   83   89   91   96   95   98   97
  101  100  105  106  112  115  121  124  129  127  130  126  127  121  118  114
  112  110  108  109  108  110  108  108  103  100   95   92   88   86   84   83
   81   79   75   73   68   65   61   59   57   56   53   54   50   48   46   44
   43   42   44   42   45   45   45   45   45                                   
    57.5-180.0 180.0   5.0 450.0                            LAT/LON1/LON2/DLON/H
   46   45   54   52   59   62   69   72   78   81   87   90   96   97  101  102
  105  106  110  111  116  116  121  121  126  125  128  126  129  124  125  121
  121  117  117  116  115  114  113  111  107  104  100   98   94   93   91   91
   88   86   81   78   71   67   63   61   58   58   55   56   51   48   44   42
   39   40   39   40   41   39   38   37   46                                   
    55.0-180.0 180.0   5.0 450.0                            LAT/LON1/LON2/DLON/H
   44   42   52   52   60   63   70   71   76   79   85   89   96   98  103  105
  110  111  115  115  119  117  121  120  125  123  127  125  130  127  129  127
  127  125  123  121  120  119  118  117  113  111  109  107  106  105  105  103
  101   97   92   86   78   74   68   66   64   63   60   59   54   50   45   41
   40   39   40   38   41   41   41   37   44                                   
    52.5-180.0 180.0   5.0 450.0                            LAT/LON1/LON2/DLON/H
   47   48   54   53   60   64   71   71   77   78   85   89   96   98  105  106
  113  113  117  117  120  117  120  119  123  121  126  126  131  130  134  134
  136  133  131  128  127  125  124  122  121  119  118  116  116  115  115  114
  112  107  101   94   86   80   75   73   71   70   66   66   60   56   50   46
   42   42   42   42   42   40   38   35   47                                   
    50.0-180.0 180.0   5.0 450.0                            LAT/LON1/LON2/DLON/H
   50   48   55   55   63   65   74   71   79   79   85   89   97  100  107  110
  116  118  121  121  124  120  122  120  124  122  127  128  133  134  139  139
  141  139  136  134  132  131  130  130  129  128  127  126  126  126  126  125
  123  117  112  104   96   90   85   84   82   82   79   75   70   64   58   54
   51   50   50   48   49   48   49   42   50                                   
    47.5-180.0 180.0   5.0 450.0                            LAT/LON1/LON2/DLON/H
   56   56   60   60   65   69   75   76   82   82   88   92  101  102  110  112
  119  119  124  122  125  121  124  122  127  125  130  130  137  137  143  145
  148  146  145  142  140  140  140  139  139  136  135  134  134  134  135  134
  130  126  120  114  106  101   96   96   94   93   89   87   80   76   69   66
   61   61   60   58   55   51   50   45   56                                   
    45.0-180.0 180.0   5.0 450.0                            LAT/LON1/LON2/DLON/H
   61   59   63   60   69   70   81   78   87   87   94   97  105  108  113  117
  122  123  127  126  130  127  130  129  134  133  137  137  141  141  147  148
  150  150  147  148  147  149  149  149  146  145  142  141  141  141  142  140
  140  135  131  125  119  115  111  110  109  108  104  100   94   88   83   78
   75   74   73   68   67   63   63   56   61                                   
    42.5-180.0 180.0   5.0 450.0                            LAT/LON1/LON2/DLON/H
   62   64   63   63   66   72   78   82   89   92  101  105  113  115  121  123
  129  127  132  130  134  131  136  137  142  142  146  145  148  146  152  153
  156  156  157  158  160  161  162  160  157  153  150  149  148  149  149  148
  146  143  138  135  130  126  123  122  120  119  114  111  105  100   95   92
   89   87   83   79   73   67   65   61   62                                   
    40.0-180.0 180.0   5.0 450.0                            LAT/LON1/LON2/DLON/H
   67   67   67   63   70   74   84   86   96  100  111  115  122  126  129  133
  135  137  138  139  140  141  143  147  150  153  154  154  155  153  157  158
  160  163  164  168  171  174  175  173  168  163  158  157  158  158  160  158
  157  153  150  146  142  139  136  135  132  130  125  122  115  112  106  104
  102  100   95   88   82   76   75   69   67                                   
    37.5-180.0 180.0   5.0 450.0                            LAT/LON1/LON2/DLON/H
   65   64   61   63   62   70   77   83   94  102  114  121  131  134  139  143
  144  145  147  146  148  148  151  154  159  161  163  162  163  161  167  167
  171  172  177  182  187  191  191  188  182  175  171  168  170  170  171  169
  166  162  157  153  148  146  142  141  138  136  131  128  123  120  117  115
  113  109  104   97   85   77   77   72   65                                   
    35.0-180.0 180.0   5.0 450.0                            LAT/LON1/LON2/DLON/H
   69   70   66   65   69   76   87   93  106  113  126  135  143  147  151  154
  155  156  157  156  157  159  160  165  167  170  171  172  175  175  181  182
  185  188  193  199  205  207  208  204  198  192  188  187  189  190  190  187
  182  175  168  161  154  150  146  144  140  137  133  130  127  125  123  121
  120  116  110  101   92   83   82   77   69                                   
    32.5-180.0 180.0   5.0 450.0                            LAT/LON1/LON2/DLON/H
   71   64   60   64   61   72   78   89  101  113  128  135  148  150  157  160
  162  164  165  165  165  167  167  171  174  176  178  180  187  190  198  201
  207  211  217  221  226  229  228  224  218  212  210  210  212  212  210  203
  195  185  174  165  155  150  144  140  137  133  130  129  126  127  125  125
  123  120  114  106   93   86   84   78   71                                   
    30.0-180.0 180.0   5.0 450.0                            LAT/LON1/LON2/DLON/H
   77   73   66   67   67   80   87  102  111  126  137  149  157  162  167  171
  172  174  174  177  175  178  175  179  179  184  188  194  203  211  222  229
  236  241  245  248  252  252  251  246  241  238  237  239  241  240  234  224
  210  198  182  169  157  151  143  141  137  134  130  129  129  128  129  129
  128  124  119  111  100   91   91   84   77                                   
    27.5-180.0 180.0   5.0 450.0                            LAT/LON1/LON2/DLON/H
   87   75   72   70   70   80   85  103  111  129  137  150  157  163  167  173
  175  179  181  184  183  187  185  187  187  192  197  207  220  235  250  261
  271  275  279  279  280  277  275  271  268  265  267  267  269  262  254  239
  221  202  182  166  153  145  141  137  135  134  132  132  130  132  131  134
  131  129  122  117  103   96   92   87   87                                   
    25.0-180.0 180.0   5.0 450.0                            LAT/LON1/LON2/DLON/H
   94   87   76   79   77   92   94  116  119  141  143  161  162  174  177  184
  187  190  191  194  194  198  196  198  199  204  213  225  242  262  281  296
  304  308  308  307  305  303  299  298  295  296  297  298  295  287  272  253
  231  209  185  166  152  144  140  139  139  138  137  137  136  136  136  137
  137  135  131  124  113  104  102   96   94                                   
    22.5-180.0 180.0   5.0 450.0                            LAT/LON1/LON2/DLON/H
  106   87   83   83   85   92   99  113  124  139  148  160  166  177  182  192
  194  198  200  204  206  209  209  210  212  219  228  246  267  291  312  324
  331  328  331  327  326  323  322  321  322  320  322  318  314  298  281  258
  234  210  186  165  153  145  146  146  147  147  143  144  141  141  139  141
  139  140  135  131  117  111  104   99  106                                   
    20.0-180.0 180.0   5.0 450.0                            LAT/LON1/LON2/DLON/H
  107   95   85   92   91   99  105  117  123  142  145  163  164  183  189  203
  207  213  215  219  222  225  228  228  233  239  252  273  292  318  338  349
  349  346  345  342  342  344  344  349  348  350  345  341  328  311  288  265
  240  217  195  175  162  156  157  160  160  160  155  152  146  143  142  142
  143  145  144  139  128  116  113  108  107                                   
    17.5-180.0 180.0   5.0 450.0                            LAT/LON1/LON2/DLON/H
  111   88   91   93   93   96  101  112  122  135  147  162  171  187  197  214
  220  231  232  237  240  242  246  247  253  262  278  297  323  346  367  367
  370  362  362  355  359  359  366  369  374  375  372  362  346  324  301  278
  252  232  210  189  179  172  173  177  176  173  165  159  153  147  144  143
  144  147  147  143  130  120  111  106  111                                   
    15.0-180.0 180.0   5.0 450.0                            LAT/LON1/LON2/DLON/H
  107   92   91   95   97  102  111  115  129  140  149  166  176  196  206  228
  233  247  251  258  263  265  272  271  279  289  303  323  345  368  385  384
  385  377  375  369  374  376  383  392  396  401  396  385  362  337  312  291
  271  251  231  208  201  196  193  198  192  188  174  165  155  148  144  141
  143  147  149  145  135  120  114  110  107                                   
    12.5-180.0 180.0   5.0 450.0                            LAT/LON1/LON2/DLON/H
  105   86   90   96   96  101  106  114  122  133  145  160  177  200  216  239
  248  264  270  277  282  282  289  288  298  307  324  346  376  394  413  407
  413  400  403  394  398  399  404  410  416  419  416  399  377  350  323  307
  289  276  252  232  227  217  211  211  205  198  182  170  159  150  144  141
  141  146  146  142  129  115  108   99  105                                   
    10.0-180.0 180.0   5.0 450.0                            LAT/LON1/LON2/DLON/H
   92   83   87   87   94  103  113  117  132  141  154  170  189  213  232  255
  266  284  292  300  305  305  310  309  319  331  348  371  397  413  430  427
  430  420  418  412  410  413  415  423  428  431  424  409  386  359  333  317
  307  296  275  258  243  232  220  220  210  202  185  171  160  150  143  139
  140  142  143  136  125  110  106   96   92                                   
     7.5-180.0 180.0   5.0 450.0                            LAT/LON1/LON2/DLON/H
   88   80   80   78   84   93  105  113  127  137  151  167  188  214  238  261
  278  297  308  316  325  322  327  328  338  351  372  393  420  437  451  450
