data/unet/pred1920.15i
     1.0            IONOSPHERE MAPS     GNSS                IONEX VERSION / TYPE
pyspatialgeodesy        IME             05-JAN-18 20:20     PGM / RUN BY / DATE 
Map Name                                                    COMMENT             
Predicted global ionosphere maps (GIM).                     DESCRIPTION         
  2015     7    11     0     0     0                        EPOCH OF FIRST MAP  
  2015     7    12     0     0     0                        EPOCH OF LAST MAP   
  7200                                                      INTERVAL            
    13                                                      # OF MAPS IN FILE   
  NONE                                                      MAPPING FUNCTION    
10.0                                                        ELEVATION CUTOFF    
One-way carrier phase leveled to code                       OBSERVABLES USED    
  6371.0                                                    BASE RADIUS         
 2                                                          MAP DIMENSION       
   450.0 450.0   0.0                                        HGT1 / HGT2 / DHGT  
    87.5 -87.5  -2.5                                        LAT1 / LAT2 / DLAT  
  -180.0 180.0   5.0                                        LON1 / LON2 / DLON  
    -1                                                      EXPONENT            
                                                            END OF HEADER       
     1                                                      START OF TEC MAP    
  2015     7    11     0     0     0                        EPOCH OF CURRENT MAP
    87.5-180.0 180.0   5.0 450.0                            LAT/LON1/LON2/DLON/H
  211  196  200  201  200  196  195  193  192  190  187  185  184  181  179  176
  176  173  172  169  170  168  168  166  167  166  167  165  167  167  168  168
  170  170  172  171  173  173  176  175  177  178  181  181  184  185  188  188
  191  192  195  195  197  198  200  201  202  203  204  204  205  206  206  206
  207  206  204  204  205  202  199  212  211                                   
    85.0-180.0 180.0   5.0 450.0                            LAT/LON1/LON2/DLON/H
  199  205  211  211  209  205  204  201  201  198  197  193  194  191  190  186
  186  184  183  180  180  177  177  174  175  173  174  171  173  171  172  170
  172  171  173  173  175  175  177  177  180  180  183  184  187  187  190  191
  193  195  197  198  200  202  203  204  205  206  207  208  208  209  209  210
  211  211  210  210  212  208  209  203  199                                   
    82.5-180.0 180.0   5.0 450.0                            LAT/LON1/LON2/DLON/H
  214  215  217  217  213  209  207  206  205  203  201  199  199  196  195  192
  191  188  187  184  184  180  179  176  176  172  172  168  170  166  168  165
  166  165  167  166  169  169  172  172  174  176  178  179  181  183  185  187
  189  191  193  196  198  200  202  203  204  206  207  208  208  209  210  211
  211  212  212  213  217  213  212  214  214                                   
    80.0-180.0 180.0   5.0 450.0                            LAT/LON1/LON2/DLON/H
  219  222  223  222  218  219  215  217  213  213  209  209  205  204  200  199
  196  194  191  189  186  183  180  177  175  172  169  167  166  164  163  162
  163  163  164  165  167  169  171  174  176  178  181  183  185  188  189  192
  193  196  197  200  201  204  205  207  207  209  209  210  209  211  210  212
  211  213  213  217  219  220  219  225  219                                   
    77.5-180.0 180.0   5.0 450.0                            LAT/LON1/LON2/DLON/H
  219  221  221  222  220  220  218  218  216  215  212  209  207  203  201  198
  196  193  191  188  185  182  180  176  174  170  168  165  163  162  161  161
  162  163  164  166  168  171  174  177  180  182  185  188  190  193  195  198
  199  201  203  206  207  210  211  213  213  214  213  213  212  212  211  211
  210  212  212  216  220  221  220  225  219                                   
    75.0-180.0 180.0   5.0 450.0                            LAT/LON1/LON2/DLON/H
  219  219  221  222  219  218  217  216  216  214  212  209  207  203  200  195
  194  190  189  186  185  181  181  176  174  169  168  163  163  160  161  160
  162  163  166  168  172  174  179  180  185  186  191  192  196  198  202  203
  206  207  210  212  213  216  216  217  216  217  215  215  212  211  209  208
  207  209  209  213  217  220  217  222  219                                   
    72.5-180.0 180.0   5.0 450.0                            LAT/LON1/LON2/DLON/H
  215  215  217  217  215  213  213  212  212  211  211  208  207  202  199  194
  192  189  189  187  187  185  184  180  177  172  169  165  163  160  161  160
  163  164  168  170  174  177  181  183  186  188  192  193  196  198  202  204
  207  209  212  213  216  216  217  216  216  215  214  212  210  208  205  203
  202  203  204  207  213  214  214  217  215                                   
    70.0-180.0 180.0   5.0 450.0                            LAT/LON1/LON2/DLON/H
  214  213  214  213  211  209  209  209  210  211  210  210  207  204  199  196
  192  191  191  192  192  192  190  188  183  179  174  170  166  164  164  164
  166  168  172  174  178  180  184  184  187  187  191  191  194  195  201  202
  207  208  212  213  214  215  214  215  213  213  210  209  206  204  200  199
  197  198  199  202  208  211  210  214  214                                   
    67.5-180.0 180.0   5.0 450.0                            LAT/LON1/LON2/DLON/H
  213  211  211  210  207  205  206  206  208  209  210  209  208  204  201  197
  195  195  196  197  199  199  198  195  191  186  181  176  172  168  168  168
  169  171  174  175  178  179  182  182  183  182  185  185  187  189  194  197
  201  203  207  208  210  210  211  211  211  210  208  206  204  200  198  194
  193  193  195  199  205  207  209  211  213                                   
    65.0-180.0 180.0   5.0 450.0                            LAT/LON1/LON2/DLON/H
  215  212  211  208  204  203  203  204  206  207  208  209  208  207  203  201
  199  199  200  203  204  205  203  201  197  192  186  182  178  175  174  173
  174  174  176  176  178  177  179  176  176  174  175  175  178  180  186  189
  194  197  201  203  205  206  207  209  209  209  208  206  203  200  196  193
  192  191  193  198  204  208  209  212  215                                   
    62.5-180.0 180.0   5.0 450.0                            LAT/LON1/LON2/DLON/H
  222  216  215  210  206  203  203  203  204  206  207  208  209  208  206  204
  203  202  204  206  208  209  208  205  201  196  192  189  186  183  182  180
  179  177  177  174  174  171  171  167  166  163  165  164  168  170  176  180
  185  188  192  194  198  199  203  205  208  210  210  209  207  203  200  196
  194  193  195  199  208  211  214  217  222                                   
    60.0-180.0 180.0   5.0 450.0                            LAT/LON1/LON2/DLON/H
  229  223  221  217  210  206  204  204  204  206  207  209  210  210  208  208
  207  208  209  212  213  214  211  210  205  202  197  197  195  194  192  189
  186  181  179  174  171  167  165  160  158  154  155  154  158  161  167  171
  177  180  186  188  192  195  200  205  209  213  215  216  214  211  206  203
  201  200  202  207  214  217  220  224  229                                   
    57.5-180.0 180.0   5.0 450.0                            LAT/LON1/LON2/DLON/H
  239  231  232  228  221  214  210  207  206  207  207  209  210  211  210  210
  211  212  215  217  219  218  217  213  209  206  204  204  204  204  202  197
  191  183  178  170  166  160  158  152  150  146  147  146  150  153  159  163
  169  173  179  182  187  191  198  205  212  217  221  223  223  220  217  213
  211  210  212  216  224  227  228  233  239                                   
    55.0-180.0 180.0   5.0 450.0                            LAT/LON1/LON2/DLON/H
  246  241  245  242  234  228  220  216  211  210  209  210  211  212  211  213
  213  216  218  223  222  224  220  218  213  211  210  212  213  213  210  204
  196  186  179  170  164  158  154  148  145  142  142  142  145  148  154  158
  164  168  175  179  186  191  200  207  216  224  228  233  232  231  228  226
  224  223  223  228  234  237  236  243  246                                   
    52.5-180.0 180.0   5.0 450.0                            LAT/LON1/LON2/DLON/H
  256  250  258  258  252  245  237  229  222  217  213  212  212  213  213  215
  216  219  223  226  228  227  225  221  218  216  216  219  220  220  217  209
  199  188  178  169  163  155  152  146  144  140  142  141  144  146  151  155
  161  166  173  178  187  193  203  211  221  230  237  242  244  243  243  240
  240  238  239  241  248  248  247  253  256                                   
    50.0-180.0 180.0   5.0 450.0                            LAT/LON1/LON2/DLON/H
  266  264  273  276  272  267  258  249  238  230  222  218  215  215  215  217
  218  223  226  230  231  232  228  225  221  221  221  225  226  226  221  212
  202  189  180  170  165  157  154  149  147  144  144  144  145  146  151  153
  160  164  172  179  188  195  207  214  226  235  243  249  252  254  254  256
  256  257  256  258  261  261  257  265  266                                   
    47.5-180.0 180.0   5.0 450.0                            LAT/LON1/LON2/DLON/H
  278  277  287  293  293  290  282  273  260  249  237  230  224  221  220  221
  223  227  232  236  238  237  234  229  226  225  226  228  229  227  221  213
  202  190  181  172  167  161  158  153  152  148  150  147  149  148  152  153
  159  164  173  180  190  198  211  218  230  240  249  254  260  262  267  269
  273  273  274  273  277  273  269  276  278                                   
    45.0-180.0 180.0   5.0 450.0                            LAT/LON1/LON2/DLON/H
  291  292  302  309  311  313  308  300  287  275  259  248  238  234  230  230
  230  236  239  246  246  246  242  238  233  232  232  234  232  229  221  213
  203  192  186  178  174  168  166  161  160  157  156  154  153  152  154  154
  161  165  174  181  192  200  212  219  233  241  251  256  262  267  272  279
  284  287  288  289  291  288  281  290  291                                   
    42.5-180.0 180.0   5.0 450.0                            LAT/LON1/LON2/DLON/H
  306  305  314  322  327  332  331  327  315  302  286  272  259  251  245  243
  244  248  253  258  260  259  254  249  245  241  240  238  235  229  221  213
  204  197  191  186  183  177  175  170  170  165  165  161  160  157  159  158
  164  167  176  182  193  200  213  220  234  243  253  258  266  270  278  284
  293  296  300  301  306  303  299  304  306                                   
    40.0-180.0 180.0   5.0 450.0                            LAT/LON1/LON2/DLON/H
  324  324  330  337  342  351  353  353  346  334  317  301  285  276  266  264
  262  266  269  275  275  275  269  264  258  254  250  247  241  235  225  217
  211  206  203  199  197  192  189  185  183  179  177  173  170  165  164  162
  166  167  176  181  192  199  212  221  235  245  256  262  271  275  282  289
  297  302  308  313  320  320  316  322  324                                   
    37.5-180.0 180.0   5.0 450.0                            LAT/LON1/LON2/DLON/H
  347  349  352  355  360  367  372  375  372  363  348  331  315  301  291  285
  284  286  290  294  295  293  287  281  274  269  263  259  251  243  233  227
  221  218  216  212  209  204  202  197  196  191  189  183  179  172  170  166
  168  167  174  178  189  196  211  220  235  246  259  266  274  278  285  289
  298  304  313  321  333  335  336  338  347                                   
    35.0-180.0 180.0   5.0 450.0                            LAT/LON1/LON2/DLON/H
  375  384  381  381  382  390  395  402  400  395  382  367  348  334  320  313
  309  311  314  318  317  314  307  301  293  288  282  278  268  259  248  241
  235  232  230  226  222  217  214  211  210  206  203  196  190  181  176  169
  169  165  170  173  183  191  206  217  233  243  257  265  275  279  286  291
  301  310  321  334  349  357  361  361  375                                   
    32.5-180.0 180.0   5.0 450.0                            LAT/LON1/LON2/DLON/H
  407  417  413  412  411  418  421  428  427  426  414  399  381  364  349  339
  335  335  339  341  340  336  328  321  312  308  302  297  288  277  265  257
  250  246  242  235  230  224  222  219  220  216  213  205  198  187  181  172
  170  164  166  167  177  185  201  214  231  242  255  263  273  277  285  291
  303  314  329  344  364  377  384  382  407                                   
    30.0-180.0 180.0   5.0 450.0                            LAT/LON1/LON2/DLON/H
  438  453  448  448  446  450  452  459  458  460  449  437  417  400  381  372
  363  363  363  366  363  358  350  344  334  330  322  317  306  294  281  270
  262  255  249  240  232  226  224  222  224  222  219  210  202  190  182  172
  168  161  162  162  171  179  196  209  228  240  252  260  270  275  284  292
  306  320  338  357  381  396  409  403  438                                   
    27.5-180.0 180.0   5.0 450.0                            LAT/LON1/LON2/DLON/H
  463  480  484  487  484  488  486  492  489  491  481  471  453  437  417  406
  396  394  391  391  385  379  370  363  354  348  339  332  319  307  291  277
  265  255  247  235  227  219  217  216  219  218  215  207  198  186  177  168
  163  156  156  156  165  174  190  203  225  237  252  259  268  272  281  290
  305  323  342  364  388  403  419  415  463                                   
    25.0-180.0 180.0   5.0 450.0                            LAT/LON1/LON2/DLON/H
  480  504  515  525  526  530  526  530  526  528  517  509  491  477  456  446
  431  427  418  417  405  402  390  384  371  363  350  341  325  311  293  276
  260  245  235  223  212  203  201  201  205  206  204  197  188  176  168  159
  154  148  149  151  160  170  186  199  221  234  250  257  267  271  281  290
  308  326  346  367  393  407  429  426  480                                   
    22.5-180.0 180.0   5.0 450.0                            LAT/LON1/LON2/DLON/H
  485  510  534  554  560  566  561  563  558  559  550  543  526  512  492  480
  464  456  444  436  423  417  406  398  383  370  354  340  322  305  285  264
  244  227  215  202  189  181  178  179  183  185  184  179  172  162  155  147
  142  138  140  143  154  166  181  196  217  233  249  257  267  273  284  295
  313  331  348  367  390  407  425  430  485                                   
    20.0-180.0 180.0   5.0 450.0                            LAT/LON1/LON2/DLON/H
  482  510  541  572  587  597  593  594  588  590  584  578  565  550  529  515
  494  483  463  454  435  430  416  408  387  370  346  329  308  289  265  241
  220  201  187  172  162  153  152  152  158  161  161  159  154  146  139  132
  129  126  130  135  147  160  176  193  215  232  250  259  271  279  292  305
  324  340  355  371  393  406  430  434  482                                   
    17.5-180.0 180.0   5.0 450.0                            LAT/LON1/LON2/DLON/H
  468  492  528  566  589  603  603  605  601  603  600  598  590  580  562  544
  521  504  481  462  443  432  419  405  383  357  329  305  283  261  237  213
  191  173  159  149  139  133  130  130  135  137  139  138  135  128  124  118
  116  114  119  123  137  151  169  188  211  231  250  264  279  290  307  321
  339  352  366  379  395  407  422  431  468                                   
    15.0-180.0 180.0   5.0 450.0                            LAT/LON1/LON2/DLON/H
  451  468  502  539  571  588  595  600  601  604  605  607  605  600  586  570
  544  522  492  469  442  430  411  394  366  335  298  274  249  227  204  182
  162  148  140  131  125  118  115  114  118  120  121  121  118  114  110  106
  104  102  107  111  125  139  159  179  206  229  252  270  288  306  324  340
  354  369  381  391  402  409  428  431  451                                   
    12.5-180.0 180.0   5.0 450.0                            LAT/LON1/LON2/DLON/H
  435  447  476  508  535  555  566  574  578  583  588  595  600  601  594  582
  560  534  502  471  443  422  401  376  342  302  264  236  214  195  174  156
  144  136  131  128  122  116  111  107  108  107  108  106  106  102  101   97
   95   92   95   99  111  125  147  170  198  226  253  276  300  321  341  356
  371  386  399  407  414  418  426  433  435                                   
    10.0-180.0 180.0   5.0 450.0                            LAT/LON1/LON2/DLON/H
  433  440  458  480  504  520  534  541  548  554  565  575  585  591  588  580
  562  537  502  469  435  410  383  352  308  265  227  202  183  168  154  144
  138  136  136  135  131  124  117  110  109  105  103  101  100   97   97   93
   92   88   90   90  100  112  134  157  189  220  251  279  307  332  353  369
  384  399  413  423  429  430  442  441  433                                   
     7.5-180.0 180.0   5.0 450.0                            LAT/LON1/LON2/DLON/H
  442  446  459  472  486  498  507  513  517  524  535  547  559  567  567  561
  549  528  497  462  429  397  364  322  274  229  196  174  162  153  148  144
