data/unet/pred3330.15i
     1.0            IONOSPHERE MAPS     GNSS                IONEX VERSION / TYPE
pyspatialgeodesy        IME             05-JAN-18 20:20     PGM / RUN BY / DATE 
Map Name                                                    COMMENT             
Predicted global ionosphere maps (GIM).                     DESCRIPTION         
  2015    11    29     0     0     0                        EPOCH OF FIRST MAP  
  2015    11    30     0     0     0                        EPOCH OF LAST MAP   
  7200                                                      INTERVAL            
    13                                                      # OF MAPS IN FILE   
  NONE                                                      MAPPING FUNCTION    
10.0                                                        ELEVATION CUTOFF    
One-way carrier phase leveled to code                       OBSERVABLES USED    
  6371.0                                                    BASE RADIUS         
 2                                                          MAP DIMENSION       
   450.0 450.0   0.0                                        HGT1 / HGT2 / DHGT  
    87.5 -87.5  -2.5                                        LAT1 / LAT2 / DLAT  
  -180.0 180.0   5.0                                        LON1 / LON2 / DLON  
    -1                                                      EXPONENT            
                                                            END OF HEADER       
[from data line 1716]
     5                                                      START OF TEC MAP    
  2015    11    29     8     0     0                        EPOCH OF CURRENT MAP
    87.5-180.0 180.0   5.0 450.0                            LAT/LON1/LON2/DLON/H
   41   59   57   56   53   53   52   53   52   52   52   51   50   49   48   47
   46   46   45   45   44   44   43   43   42   42   41   41   39   40   40   39
   39   39   40   38   39   38   39   37   38   37   38   36   37   36   36   35
   36   35   36   35   36   35   36   35   36   36   36   36   37   38   39   40
   41   42   43   46   48   51   48   53   41                                   
    85.0-180.0 180.0   5.0 450.0                            LAT/LON1/LON2/DLON/H
   50   76   71   78   72   75   73   76   73   75   71   72   68   69   64   64
   60   61   57   59   54   57   53   56   52   56   53   55   52   55   53   54
   51   53   50   51   48   50   47   49   46   48   45   47   44   47   43   46
   43   46   43   46   43   46   43   45   43   46   44   46   45   47   46   49
   49   53   53   57   59   59   58   48   50                                   
    82.5-180.0 180.0   5.0 450.0                            LAT/LON1/LON2/DLON/H
   48   75   68   71   70   72   72   73   72   70   69   66   63   61   56   54
   49   49   43   44   40   43   39   43   40   45   42   47   44   49   45   49
   44   49   43   47   41   45   40   43   38   42   38   42   38   43   38   43
   38   43   38   42   37   41   36   39   35   39   34   38   34   39   35   40
   38   44   43   49   49   53   52   45   48                                   
    80.0-180.0 180.0   5.0 450.0                            LAT/LON1/LON2/DLON/H
   49   66   63   63   65   65   69   67   70   64   66   58   59   52   50   43
   40   37   33   32   29   31   29   32   32   36   37   40   42   43   46   44
   47   44   46   42   44   40   42   39   41   39   41   40   43   41   44   43
   45   43   44   42   42   40   38   37   34   33   31   30   29   28   28   28
   30   31   34   36   42   40   44   45   49                                   
    77.5-180.0 180.0   5.0 450.0                            LAT/LON1/LON2/DLON/H
   36   63   56   55   58   60   64   64   67   63   63   57   54   48   44   39
   36   32   30   27   27   26   28   29   32   34   38   39   42   44   46   46
   45   46   44   44   41   41   39   41   39   42   42   45   46   49   50   53
   52   54   53   53   50   49   47   44   41   38   35   31   29   26   26   23
   24   23   27   27   33   33   36   30   36                                   
    75.0-180.0 180.0   5.0 450.0                            LAT/LON1/LON2/DLON/H
   34   54   48   48   52   55   60   59   63   59   59   52   50   42   41   34
   33   28   29   24   27   25   30   30   35   36   41   42   44   45   46   46
   44   44   42   41   38   39   37   39   39   42   45   49   53   57   62   64
   67   68   69   67   66   62   60   55   51   45   41   35   32   27   25   22
   21   20   23   22   27   25   32   26   34                                   
    72.5-180.0 180.0   5.0 450.0                            LAT/LON1/LON2/DLON/H
   26   49   38   39   42   45   50   52   53   53   53   49   47   42   40   37
   33   32   30   30   30   33   34   37   39   42   44   45   46   46   46   44
   43   41   39   38   36   36   36   39   39   46   48   56   61   69   74   80
   83   86   87   85   83   80   76   70   66   58   53   46   39   34   29   25
   22   20   20   18   22   21   28   21   26                                   
    70.0-180.0 180.0   5.0 450.0                            LAT/LON1/LON2/DLON/H
   23   36   33   34   38   41   47   48   52   50   53   47   49   43   44   39
   40   37   39   37   41   42   45   45   48   48   49   47   48   45   45   43
   42   39   39   36   37   37   40   41   48   52   61   67   78   85   94   98
  103  105  107  104  102   97   93   85   80   73   67   59   54   46   42   35
   33   28   28   22   25   21   27   16   23                                   
    67.5-180.0 180.0   5.0 450.0                            LAT/LON1/LON2/DLON/H
   21   31   30   30   32   34   39   42   45   47   48   47   48   46   46   45
   43   44   43   45   45   49   49   51   50   50   47   46   43   41   38   37
   35   34   33   33   33   36   39   44   50   59   68   79   90  100  109  114
  119  121  122  120  117  111  105   98   91   84   77   71   64   58   51   44
   38   34   31   27   28   24   31   18   21                                   
    65.0-180.0 180.0   5.0 450.0                            LAT/LON1/LON2/DLON/H
   24   31   29   30   32   34   39   40   44   44   48   46   49   48   51   50
   51   51   53   53   56   57   58   57   55   52   47   43   39   36   32   31
   31   30   32   33   36   39   45   52   61   71   84   94  108  114  125  127
  133  133  136  132  129  124  117  109  100   94   87   83   78   73   66   60
   53   48   43   39   37   31   35   20   24                                   
    62.5-180.0 180.0   5.0 450.0                            LAT/LON1/LON2/DLON/H
   29   39   33   31   30   33   35   38   39   42   44   45   48   48   51   52
   53   53   53   55   55   56   56   55   51   48   39   37   29   28   23   25
   24   27   28   32   35   42   49   60   70   84   96  108  118  126  132  137
  141  143  143  139  134  127  120  111  104   97   90   86   83   77   72   65
   60   53   50   44   44   37   42   28   29                                   
    60.0-180.0 180.0   5.0 450.0                            LAT/LON1/LON2/DLON/H
   36   47   37   36   35   35   36   36   39   39   42   42   46   47   51   52
   55   55   55   56   55   56   54   52   48   42   35   30   25   22   21   23
   26   28   34   38   45   53   63   75   87  101  112  122  130  135  141  145
  149  149  150  144  141  133  126  116  109  102   96   91   89   83   78   71
   66   60   56   51   50   43   46   32   36                                   
    57.5-180.0 180.0   5.0 450.0                            LAT/LON1/LON2/DLON/H
   42   58   45   41   38   38   37   37   37   38   39   41   45   46   50   51
   53   51   51   49   48   47   46   44   40   37   28   26   19   19   17   23
   26   33   37   45   52   63   74   88  100  112  123  132  138  144  147  150
  153  155  154  151  147  139  131  120  114  105  101   95   93   85   82   73
   68   61   58   53   53   46   52   38   42                                   
    55.0-180.0 180.0   5.0 450.0                            LAT/LON1/LON2/DLON/H
   51   63   52   49   45   43   41   38   38   37   38   39   42   44   48   49
   51   49   47   45   43   43   41   41   38   35   30   26   22   23   24   31
   37   44   51   60   70   81   92  106  116  127  135  143  148  152  156  158
  161  161  163  159  156  148  140  130  123  116  110  105  100   93   86   77
   69   63   59   56   57   51   56   46   51                                   
    52.5-180.0 180.0   5.0 450.0                            LAT/LON1/LON2/DLON/H
   59   75   61   57   52   51   46   44   40   40   39   39   41   43   46   47
   48   45   43   39   39   38   39   41   40   40   34   32   28   30   31   39
   46   54   64   75   84   96  107  119  128  138  145  152  157  161  162  166
  166  172  172  172  167  160  152  142  135  128  122  114  110   99   92   80
   72   64   61   58   60   55   62   52   59                                   
    50.0-180.0 180.0   5.0 450.0                            LAT/LON1/LON2/DLON/H
   65   77   66   63   60   58   54   51   48   45   44   43   45   44   48   48
   49   45   43   40   40   41   44   47   49   48   47   44   41   41   44   51
   60   72   82   95  104  115  125  136  143  152  160  165  170  171  174  174
  179  181  186  184  181  173  166  155  148  141  135  129  121  112  101   90
   80   71   67   64   66   61   66   59   65                                   
    47.5-180.0 180.0   5.0 450.0                            LAT/LON1/LON2/DLON/H
   71   89   77   72   69   67   64   60   56   54   50   49   48   48   49   50
   49   46   45   43   45   48   54   60   63   65   61   58   52   52   53   60
   71   85   97  108  119  129  138  148  156  163  168  173  175  178  177  181
  183  190  192  193  190  184  176  167  159  151  144  137  129  118  108   95
   85   75   72   69   70   65   71   64   71                                   
    45.0-180.0 180.0   5.0 450.0                            LAT/LON1/LON2/DLON/H
   73   89   79   77   74   74   71   68   67   62   61   56   56   53   56   54
   55   52   52   51   56   61   69   76   82   83   81   73   66   62   63   71
   83   98  111  125  136  147  157  165  172  176  181  182  185  185  187  187
  190  194  196  196  193  188  179  171  162  155  147  140  132  123  113  102
   90   82   78   76   75   69   74   67   73                                   
    42.5-180.0 180.0   5.0 450.0                            LAT/LON1/LON2/DLON/H
   74   95   86   83   82   81   81   78   76   73   68   66   62   61   58   58
   59   58   59   62   68   76   86   94  100  101   95   87   76   72   70   76
   89  105  120  134  150  160  171  177  183  186  188  189  190  191  191  191
  192  194  195  195  191  186  178  170  162  153  144  136  130  121  113  101
   93   84   82   78   78   71   76   69   74                                   
    40.0-180.0 180.0   5.0 450.0                            LAT/LON1/LON2/DLON/H
   69   86   78   80   79   81   82   81   83   80   79   74   73   68   68   65
   67   67   70   75   84   94  104  110  114  111  105   92   83   75   74   79
   94  112  128  148  163  176  186  194  199  200  201  199  201  199  201  199
  199  197  197  194  190  183  176  169  160  151  141  135  128  122  113  104
   96   87   84   80   79   70   74   64   69                                   
    37.5-180.0 180.0   5.0 450.0                            LAT/LON1/LON2/DLON/H
   62   85   75   76   77   79   83   83   86   86   84   83   80   76   73   71
   72   73   78   85   96  105  114  118  119  114  105   95   83   76   74   80
   95  114  135  154  173  186  198  205  212  211  212  209  210  210  212  210
  206  203  200  198  193  186  180  172  165  154  144  135  129  120  113  104
   97   88   85   80   76   66   70   61   62                                   
    35.0-180.0 180.0   5.0 450.0                            LAT/LON1/LON2/DLON/H
   55   72   62   63   64   69   75   78   83   85   88   88   89   85   82   79
   79   81   89   97  107  115  121  120  119  109  103   90   83   74   75   81
   98  121  141  163  182  196  210  220  227  227  227  225  227  229  230  227
  222  221  216  214  208  204  195  190  182  172  159  149  139  133  124  113
  105   93   88   81   77   65   68   53   55                                   
    32.5-180.0 180.0   5.0 450.0                            LAT/LON1/LON2/DLON/H
   48   69   56   55   56   61   66   71   75   81   85   90   90   90   87   82
   84   86   94  102  112  117  120  117  112  103   95   86   80   75   76   83
  100  120  145  166  187  203  220  233  241  242  244  243  249  251  254  251
  250  247  245  242  237  232  226  220  214  202  190  176  166  154  144  131
  118  105   95   85   77   66   69   56   48                                   
    30.0-180.0 180.0   5.0 450.0                            LAT/LON1/LON2/DLON/H
   48   62   48   45   45   48   54   59   66   72   80   87   94   95   94   90
   91   93  100  108  115  118  116  109  103   93   88   80   77   73   77   84
  101  123  146  169  189  209  229  242  256  259  265  267  276  282  288  289
  290  289  287  284  276  271  263  260  254  246  232  221  206  196  182  169
  151  134  117  102   90   75   74   55   48                                   
    27.5-180.0 180.0   5.0 450.0                            LAT/LON1/LON2/DLON/H
   55   64   57   50   46   46   46   52   55   64   72   83   89   92   93   89
   92   92  100  105  112  111  108  100   92   84   79   74   74   74   80   87
  105  123  147  169  193  214  235  252  266  274  281  288  300  311  321  328
  334  337  336  334  326  319  312  309  307  300  288  273  260  245  229  209
  188  165  143  122  105   89   89   69   55                                   
    25.0-180.0 180.0   5.0 450.0                            LAT/LON1/LON2/DLON/H
   68   64   68   56   53   46   44   42   47   55   64   76   85   91   95   93
   95   96  101  106  109  105  101   90   85   77   74   71   74   77   86   94
  113  132  153  174  196  221  244  261  282  290  304  315  333  346  361  370
  381  389  393  391  382  374  366  366  365  361  352  338  322  301  278  253
  226  205  180  154  135  117  110   88   68                                   
    22.5-180.0 180.0   5.0 450.0                            LAT/LON1/LON2/DLON/H
   94   82   80   62   56   48   49   47   46   51   57   70   78   84   87   87
   91   91   97   99  102   98   93   85   79   72   71   70   76   79   89   97
  118  136  159  181  206  230  251  273  290  304  321  335  356  372  389  405
  419  432  438  440  432  426  419  420  420  419  410  396  378  356  326  297
  266  239  218  188  162  143  134  111   94                                   
    20.0-180.0 180.0   5.0 450.0                            LAT/LON1/LON2/DLON/H
  119  101   95   72   64   52   53   45   49   49   54   63   71   79   82   85
   90   90   94   95   97   92   90   81   79   74   74   75   78   80   91  100
  119  140  165  189  213  239  261  283  304  322  341  360  381  399  419  436
  453  467  474  476  472  466  460  461  464  466  460  450  433  403  368  334
  304  278  254  228  202  179  166  141  119                                   
    17.5-180.0 180.0   5.0 450.0                            LAT/LON1/LON2/DLON/H
  152  132  126   98   81   66   63   54   54   53   59   63   68   72   77   79
   84   85   89   89   89   87   84   80   80   77   78   76   79   82   89   99
  117  140  167  195  220  246  268  294  314  334  356  373  399  419  440  457
  476  489  499  499  497  489  482  482  483  491  490  484  467  436  398  362
  328  302  279  254  231  207  194  174  152                                   
    15.0-180.0 180.0   5.0 450.0                            LAT/LON1/LON2/DLON/H
  172  161  151  126  105   85   81   68   68   62   68   65   67   70   73   77
   81   82   83   83   84   83   85   85   88   84   84   82   83   81   91   97
  118  142  170  201  225  253  274  300  325  346  371  389  418  437  457  473
  489  500  508  507  503  492  484  481  485  490  496  487  479  449  416  383
  350  322  300  274  256  237  221  201  172                                   
    12.5-180.0 180.0   5.0 450.0                            LAT/LON1/LON2/DLON/H
  197  187  183  159  137  114  104   91   88   77   76   72   72   70   74   73
   79   79   80   80   82   84   87   90   93   92   92   88   87   85   91  103
  120  149  177  210  232  259  281  311  331  357  379  401  428  445  464  478
  492  500  505  503  497  484  474  467  467  471  476  472  465  445  418  391
  358  332  310  285  267  254  238  227  197                                   
    10.0-180.0 180.0   5.0 450.0                            LAT/LON1/LON2/DLON/H
  202  199  187  167  147  132  124  113  110   98   95   84   83   77   79   80
   83   80   80   80   83   88   92   97  101  101   99   93   88   84   92  104
  129  158  190  221  243  270  291  316  340  361  386  408  436  450  466  475
  485  489  492  491  482  474  464  457  458  456  460  453  451  437  419  397
  367  342  319  292  277  267  250  237  202                                   
     7.5-180.0 180.0   5.0 450.0                            LAT/LON1/LON2/DLON/H
  212  210  200  179  163  152  147  140  132  120  115  101   98   89   89   85
   88   81   82   80   86   89   97  101  109  108  104   96   90   87   96  114
