data/unet/pred1140.15i
     1.0            IONOSPHERE MAPS     GNSS                IONEX VERSION / TYPE
pyspatialgeodesy        IME             05-JAN-18 20:20     PGM / RUN BY / DATE 
Map Name                                                    COMMENT             
Predicted global ionosphere maps (GIM).                     DESCRIPTION         
  2015     4    24     0     0     0                        EPOCH OF FIRST MAP  
  2015     4    25     0     0     0                        EPOCH OF LAST MAP   
  7200                                                      INTERVAL            
    13                                                      # OF MAPS IN FILE   
  NONE                                                      MAPPING FUNCTION    
10.0                                                        ELEVATION CUTOFF    
One-way carrier phase leveled to code                       OBSERVABLES USED    
  6371.0                                                    BASE RADIUS         
 2                                                          MAP DIMENSION       
   450.0 450.0   0.0                                        HGT1 / HGT2 / DHGT  
    87.5 -87.5  -2.5                                        LAT1 / LAT2 / DLAT  
  -180.0 180.0   5.0                                        LON1 / LON2 / DLON  
    -1                                                      EXPONENT            
                                                            END OF HEADER       
[from data line 1716]
     5                                                      START OF TEC MAP    
  2015     4    24     8     0     0                        EPOCH OF CURRENT MAP
    87.5-180.0 180.0   5.0 450.0                            LAT/LON1/LON2/DLON/H
  188  202  216  224  228  231  230  233  232  236  235  238  237  239  240  242
  241  243  243  244  243  244  244  244  244  245  247  247  250  250  252  252
  254  254  254  253  252  251  249  248  245  245  242  241  238  237  234  234
  230  230  226  226  221  222  217  219  213  215  209  211  207  208  204  206
  203  205  202  204  201  197  200  172  188                                   
    85.0-180.0 180.0   5.0 450.0                            LAT/LON1/LON2/DLON/H
  191  200  202  215  217  221  224  228  232  236  240  242  246  247  251  251
  253  253  255  254  254  253  254  253  254  254  257  257  261  260  265  263
  266  264  268  265  267  263  265  260  261  256  258  252  252  247  248  243
  242  237  236  230  229  224  222  217  215  210  208  204  202  198  197  194
  193  191  189  189  189  184  194  168  191                                   
    82.5-180.0 180.0   5.0 450.0                            LAT/LON1/LON2/DLON/H
  184  176  180  191  196  204  208  217  220  229  232  240  241  248  248  253
  251  256  253  255  250  252  248  249  245  248  247  250  249  253  254  257
  257  260  261  264  262  265  263  264  261  262  259  258  255  254  251  249
  245  243  239  235  230  226  220  216  210  206  201  196  191  187  183  180
  176  174  171  169  169  167  167  164  184                                   
    80.0-180.0 180.0   5.0 450.0                            LAT/LON1/LON2/DLON/H
  179  170  171  179  185  193  200  208  213  221  226  232  237  241  245  246
  249  248  249  246  245  240  239  234  233  231  232  232  233  236  240  243
  247  250  255  257  262  262  266  265  268  266  268  264  265  261  262  257
  256  252  251  245  242  237  233  228  224  218  214  209  206  200  196  191
  187  182  177  175  173  167  164  162  179                                   
    77.5-180.0 180.0   5.0 450.0                            LAT/LON1/LON2/DLON/H
  184  178  174  182  184  192  197  205  208  215  219  226  229  234  236  239
  240  240  240  238  234  229  224  220  214  213  209  212  210  216  217  225
  228  236  241  248  254  258  264  267  272  273  278  279  282  282  284  283
  282  280  278  276  273  270  266  263  259  255  250  247  241  237  231  226
  220  215  208  202  198  187  181  172  184                                   
    75.0-180.0 180.0   5.0 450.0                            LAT/LON1/LON2/DLON/H
  195  183  181  181  181  185  190  195  200  204  208  212  216  218  221  222
  224  223  224  219  217  210  206  197  193  188  188  187  190  192  199  203
  212  218  228  235  244  252  260  266  272  280  287  295  300  306  310  312
  312  313  312  311  308  307  303  302  297  295  289  287  281  276  268  263
  255  249  240  233  227  212  200  192  195                                   
    72.5-180.0 180.0   5.0 450.0                            LAT/LON1/LON2/DLON/H
  204  196  185  182  177  179  179  185  186  192  194  199  201  203  205  206
  205  206  205  203  200  195  189  182  175  172  169  170  170  177  181  191
  197  208  218  227  239  247  259  265  277  286  299  309  319  326  333  337
  339  340  341  341  339  338  336  334  331  328  323  320  314  308  301  295
  288  280  270  260  253  237  222  206  204                                   
    70.0-180.0 180.0   5.0 450.0                            LAT/LON1/LON2/DLON/H
  210  196  188  178  170  167  167  169  173  177  181  184  187  187  190  187
  190  188  191  187  188  182  180  172  168  161  162  158  164  166  176  180
  194  199  214  221  234  244  257  266  281  294  311  324  336  345  354  359
  362  364  364  364  362  361  358  357  353  351  346  343  337  332  323  316
  308  299  289  279  270  252  235  222  210                                   
    67.5-180.0 180.0   5.0 450.0                            LAT/LON1/LON2/DLON/H
  208  198  184  171  160  152  152  151  155  158  164  166  169  170  171  171
  172  173  175  176  177  175  173  169  163  161  158  160  161  169  173  183
  190  201  209  220  230  242  255  270  285  302  321  336  349  359  367  372
  374  377  375  376  372  370  365  363  358  355  349  346  342  335  328  319
  312  301  293  284  276  259  242  219  208                                   
    65.0-180.0 180.0   5.0 450.0                            LAT/LON1/LON2/DLON/H
  205  192  179  162  147  137  135  134  139  142  148  150  153  153  156  155
  158  158  162  164  168  167  169  164  165  160  164  162  169  171  181  184
  196  199  212  216  230  239  256  272  291  311  333  348  365  374  384  387
  388  390  386  386  380  376  369  364  359  354  349  345  340  332  324  314
  305  296  288  280  274  257  243  226  205                                   
    62.5-180.0 180.0   5.0 450.0                            LAT/LON1/LON2/DLON/H
  206  196  177  155  138  124  121  117  121  124  131  133  136  136  137  138
  141  143  147  149  153  155  155  156  154  158  158  165  167  176  180  189
  192  203  207  219  226  242  257  279  299  322  344  363  376  388  394  397
  397  398  392  392  381  378  365  362  352  348  341  337  330  323  312  303
  293  285  278  272  269  257  243  220  206                                   
    60.0-180.0 180.0   5.0 450.0                            LAT/LON1/LON2/DLON/H
  214  202  183  157  136  119  111  106  107  110  116  120  123  123  126  125
  128  129  133  135  139  138  141  140  145  145  155  157  169  173  183  188
  195  201  211  218  231  243  264  285  313  336  364  379  398  407  413  415
  412  412  405  401  391  382  371  363  354  347  341  334  328  317  307  294
  286  277  274  267  269  257  249  240  214                                   
    57.5-180.0 180.0   5.0 450.0                            LAT/LON1/LON2/DLON/H
  235  225  202  172  146  122  109  100   98   99  104  108  112  112  112  113
  114  116  117  119  119  118  119  120  123  129  136  147  154  164  170  180
  186  197  203  216  227  246  265  292  321  349  374  394  410  420  425  427
  424  422  415  413  401  393  380  372  362  354  349  340  334  322  311  297
  289  278  277  272  276  271  265  253  235                                   
    55.0-180.0 180.0   5.0 450.0                            LAT/LON1/LON2/DLON/H
  263  251  229  200  166  138  116  102   94   93   96  102  105  107  107  106
  107  106  107  104  103  100  102  101  108  113  127  133  147  152  164  173
  184  195  206  216  232  249  274  300  336  366  397  416  435  442  447  447
  445  442  436  432  422  413  402  392  382  373  367  358  351  338  329  313
  307  292  294  288  296  288  291  284  263                                   
    52.5-180.0 180.0   5.0 450.0                            LAT/LON1/LON2/DLON/H
  298  286  263  231  203  163  137  116  103   96   95   98  103  105  104  104
  103  101   99   95   92   87   87   87   93   99  111  123  132  142  152  166
  178  193  206  221  236  257  281  311  347  377  408  429  447  457  461  464
  462  462  453  452  441  435  424  415  405  397  392  381  374  359  350  335
  328  316  315  311  319  315  322  308  298                                   
    50.0-180.0 180.0   5.0 450.0                            LAT/LON1/LON2/DLON/H
  322  317  298  266  237  201  166  138  120  107  101  104  106  109  109  108
  107  104  102   97   92   87   86   85   93   99  113  120  134  139  153  167
  184  200  214  227  244  263  292  322  364  395  430  449  470  477  483  485
  483  485  478  478  468  463  452  442  432  423  414  406  395  383  371  357
  350  340  338  333  339  333  343  334  322                                   
    47.5-180.0 180.0   5.0 450.0                            LAT/LON1/LON2/DLON/H
  340  334  320  295  269  235  204  167  145  126  115  111  114  115  116  114
  114  110  108  103  100   93   92   91   95  103  114  124  133  143  154  171
  190  208  222  236  251  273  298  332  371  406  439  462  480  491  497  503
  503  505  498  496  486  479  466  456  444  435  425  417  405  397  383  371
  361  352  344  344  345  344  357  343  340                                   
    45.0-180.0 180.0   5.0 450.0                            LAT/LON1/LON2/DLON/H
  340  333  324  309  291  263  235  202  172  151  134  129  127  127  126  125
  124  122  121  118  115  110  110  109  115  120  132  140  149  157  169  186
  206  222  234  249  262  284  310  345  386  425  459  481  501  508  518  522
  525  528  524  521  509  499  481  471  452  444  427  422  408  403  389  382
  368  361  349  346  344  338  348  339  340                                   
    42.5-180.0 180.0   5.0 450.0                            LAT/LON1/LON2/DLON/H
  327  313  306  300  295  277  258  228  203  176  158  146  142  139  138  136
  136  135  137  136  136  131  130  129  133  137  146  154  162  169  181  198
  216  234  245  259  271  291  316  354  397  438  472  499  517  530  537  545
  547  550  545  538  525  511  492  481  462  449  432  421  407  401  388  384
  369  362  341  335  324  313  318  306  327                                   
    40.0-180.0 180.0   5.0 450.0                            LAT/LON1/LON2/DLON/H
  286  274  274  278  282  274  262  242  220  199  179  166  160  155  153  149
  151  151  156  157  156  152  150  151  155  159  167  174  181  189  200  216
  232  245  256  270  282  303  332  370  416  456  496  520  544  552  566  570
  578  579  576  566  548  535  512  502  481  468  445  433  414  408  393  389
  375  363  343  326  309  291  277  269  286                                   
    37.5-180.0 180.0   5.0 450.0                            LAT/LON1/LON2/DLON/H
  241  236  234  243  254  255  253  240  227  210  195  183  177  171  167  162
  164  166  172  174  175  170  169  167  170  172  179  184  192  198  208  220
  236  250  262  273  288  311  344  386  433  475  511  544  565  586  598  611
  618  618  612  598  578  562  546  536  523  509  489  468  446  433  417  414
  397  386  358  338  310  283  255  231  241                                   
    35.0-180.0 180.0   5.0 450.0                            LAT/LON1/LON2/DLON/H
  210  215  205  211  222  227  230  225  220  209  201  192  190  185  183  177
  180  181  187  190  190  186  181  178  178  180  186  190  194  201  206  221
  235  252  266  285  303  335  364  414  454  499  532  565  592  619  637  652
  655  655  648  635  619  601  593  579  578  559  546  522  504  488  476  468
  456  439  409  380  347  304  263  232  210                                   
    32.5-180.0 180.0   5.0 450.0                            LAT/LON1/LON2/DLON/H
  225  214  206  198  202  205  209  207  206  203  201  198  198  196  194  191
  192  192  197  200  202  196  191  184  180  179  184  183  189  190  196  206
  225  243  264  284  312  343  382  429  471  513  547  591  619  655  677  693
  699  703  702  688  676  655  652  641  642  632  626  610  595  579  565  553
  535  510  477  450  417  367  316  273  225                                   
    30.0-180.0 180.0   5.0 450.0                            LAT/LON1/LON2/DLON/H
  281  258  230  207  201  199  199  195  199  199  204  204  209  208  210  207
  208  207  210  215  214  206  197  187  181  175  174  176  178  182  187  197
  217  242  263  293  324  364  400  451  484  529  562  609  646  688  714  731
  753  757  769  759  757  743  747  747  755  754  747  728  715  690  673  657
  641  616  583  547  500  443  388  343  281                                   
    27.5-180.0 180.0   5.0 450.0                            LAT/LON1/LON2/DLON/H
  390  347  301  253  228  216  208  200  200  202  208  211  217  218  219  218
  218  218  220  221  223  212  206  191  184  174  170  167  169  173  185  202
  221  243  275  306  340  380  417  458  496  537  577  624  662  710  746  774
  804  818  836  834  844  840  852  863  869  880  871  864  844  816  793  772
  749  717  680  644  612  560  489  450  390                                   
    25.0-180.0 180.0   5.0 450.0                            LAT/LON1/LON2/DLON/H
  486  422  360  323  285  252  232  216  215  216  223  225  232  233  235  234
  235  232  235  235  234  223  214  198  187  176  168  162  162  173  189  206
  225  247  285  317  357  401  436  475  504  546  585  633  676  727  770  802
  846  870  901  913  927  935  951  968  985  996  999  987  974  944  922  893
  869  831  793  751  718  667  613  543  486                                   
    22.5-180.0 180.0   5.0 450.0                            LAT/LON1/LON2/DLON/H
  591  540  464  376  346  323  290  263  243  238  234  243  251  249  249  247
  245  242  242  240  238  229  220  206  193  178  168  164  161  175  191  213
  231  263  300  341  377  418  454  487  517  555  601  643  686  736  786  827
  872  910  949  976  997 1015 1029 1052 1068 1086 1086 1080 1067 1043 1017  989
  966  934  897  855  819  763  711  660  591                                   
    20.0-180.0 180.0   5.0 450.0                            LAT/LON1/LON2/DLON/H
  667  626  564  476  415  373  344  330  296  274  250  255  252  259  259  262
  259  253  250  245  243  234  226  212  198  181  168  153  154  172  187  212
  242  281  316  362  396  436  466  499  530  570  612  654  696  741  790  831
  879  922  961  993 1021 1036 1056 1067 1093 1097 1116 1098 1105 1072 1060 1024
 1008  976  953  914  886  837  787  745  667                                   
    17.5-180.0 180.0   5.0 450.0                            LAT/LON1/LON2/DLON/H
  712  686  635  570  523  450  413  377  357  338  302  282  266  264  263  267
  268  263  255  251  242  237  227  215  202  188  157  150  146  169  184  216
  250  294  330  372  409  442  478  508  547  587  635  671  707  749  790  827
  872  908  948  974 1001 1011 1020 1031 1043 1057 1070 1070 1075 1055 1051 1018
 1009  984  965  934  908  861  815  781  712                                   
    15.0-180.0 180.0   5.0 450.0                            LAT/LON1/LON2/DLON/H
  726  703  669  626  592  540  499  452  415  381  354  327  290  268  256  262
  260  257  255  250  243  236  228  213  198  175  148  132  136  155  184  214
  260  300  338  373  407  447  482  515  558  597  642  672  717  747  787  817
  851  883  914  943  961  968  972  968  981  976  998  990 1010  997 1002  987
  978  956  937  906  878  832  795  757  726                                   
    12.5-180.0 180.0   5.0 450.0                            LAT/LON1/LON2/DLON/H
  703  693  679  652  632  593  570  526  494  442  393  360  328  290  263  255
  256  255  250  245  239  225  212  197  182  163  136  128  128  152  171  216
  260  302  333  364  400  432  472  510  557  598  645  690  725  756  786  809
  836  853  877  893  903  899  896  892  890  891  900  904  926  929  942  933
  929  914  892  863  834  779  749  718  703                                   
    10.0-180.0 180.0   5.0 450.0                            LAT/LON1/LON2/DLON/H
  665  664  655  644  632  609  591  561  537  487  436  385  355  322  291  268
  261  255  243  235  223  211  189  176  160  142  130  117  124  136  161  203
  259  293  329  348  391  421  465  501  551  592  642  681  728  754  785  801
  819  832  847  858  860  854  849  836  839  828  829  841  868  887  898  900
  888  875  842  811  772  721  693  667  665                                   
     7.5-180.0 180.0   5.0 450.0                            LAT/LON1/LON2/DLON/H
  637  639  641  644  632  615  599  570  555  507  468  411  376  338  313  286
  265  254  243  227  208  191  173  159  143  138  124  126  121  132  148  197
