data/unet/pred3180.15i
     1.0            IONOSPHERE MAPS     GNSS                IONEX VERSION / TYPE
pyspatialgeodesy        IME             05-JAN-18 20:20     PGM / RUN BY / DATE 
Map Name                                                    COMMENT             
Predicted global ionosphere maps (GIM).                     DESCRIPTION         
  2015    11    14     0     0     0                        EPOCH OF FIRST MAP  
  2015    11    15     0     0     0                        EPOCH OF LAST MAP   
  7200                                                      INTERVAL            
    13                                                      # OF MAPS IN FILE   
  NONE                                                      MAPPING FUNCTION    
10.0                                                        ELEVATION CUTOFF    
One-way carrier phase leveled to code                       OBSERVABLES USED    
  6371.0                                                    BASE RADIUS         
 2                                                          MAP DIMENSION       
   450.0 450.0   0.0                                        HGT1 / HGT2 / DHGT  
    87.5 -87.5  -2.5                                        LAT1 / LAT2 / DLAT  
  -180.0 180.0   5.0                                        LON1 / LON2 / DLON  
    -1                                                      EXPONENT            
                                                            END OF HEADER       
[from data line 2145]
     6                                                      START OF TEC MAP    
  2015    11    14    10     0     0                        EPOCH OF CURRENT MAP
    87.5-180.0 180.0   5.0 450.0                            LAT/LON1/LON2/DLON/H
   38   60   49   47   47   47   48   49   50   51   51   52   52   53   52   52
   52   52   52   51   51   50   50   49   49   48   48   46   47   45   45   44
   44   44   44   43   44   43   44   43   43   43   42   42   41   41   40   40
   38   38   37   37   35   36   34   34   33   33   33   33   33   33   33   33
   34   35   36   38   40   41   47   49   38                                   
    85.0-180.0 180.0   5.0 450.0                            LAT/LON1/LON2/DLON/H
   64   69   71   77   73   75   75   78   78   80   79   80   79   80   79   78
   77   77   76   74   74   72   72   70   71   70   70   69   70   69   69   68
   67   66   65   64   63   62   61   60   57   57   54   54   51   52   49   50
   47   48   46   48   46   48   47   49   49   52   51   54   53   56   55   58
   58   60   61   61   65   67   70   53   64                                   
    82.5-180.0 180.0   5.0 450.0                            LAT/LON1/LON2/DLON/H
   48   72   72   77   72   74   73   78   77   80   78   81   77   78   74   75
   70   71   67   68   64   65   63   64   62   64   62   64   62   65   62   64
   62   64   61   62   59   60   57   57   54   54   51   51   47   48   44   45
   41   42   39   41   39   42   40   43   41   46   43   48   46   51   48   53
   51   56   54   59   60   66   63   42   48                                   
    80.0-180.0 180.0   5.0 450.0                            LAT/LON1/LON2/DLON/H
   44   62   60   63   58   64   61   67   64   69   64   67   62   64   58   60
   53   55   49   51   46   48   44   48   45   49   47   51   49   53   52   54
   55   56   57   57   57   56   56   55   53   53   50   49   46   46   43   42
   39   39   36   37   34   36   34   37   35   39   38   42   41   45   43   47
   44   49   46   50   50   54   55   41   44                                   
    77.5-180.0 180.0   5.0 450.0                            LAT/LON1/LON2/DLON/H
   35   55   56   55   55   55   57   58   60   59   60   57   56   52   51   46
   45   40   40   36   37   35   36   36   38   38   41   41   45   46   50   51
   54   56   59   59   61   61   62   61   60   59   58   57   55   54   52   50
   48   47   46   45   44   43   44   43   44   43   46   45   47   46   48   47
   48   47   48   47   49   49   49   29   35                                   
    75.0-180.0 180.0   5.0 450.0                            LAT/LON1/LON2/DLON/H
   32   44   45   46   45   49   49   52   51   52   50   49   45   44   38   37
   30   30   26   26   23   26   24   28   28   32   32   38   38   45   45   52
   53   60   62   67   68   72   72   74   72   74   72   72   70   69   67   66
   63   63   61   61   57   58   55   55   52   54   52   54   51   53   50   51
   48   50   47   48   46   46   47   29   32                                   
    72.5-180.0 180.0   5.0 450.0                            LAT/LON1/LON2/DLON/H
   33   44   44   45   45   44   48   48   49   48   48   44   43   38   37   31
   29   25   23   21   21   21   23   24   27   28   33   34   40   42   49   52
   59   63   70   74   80   82   86   87   89   90   90   90   89   88   86   84
   81   81   78   77   73   72   69   66   64   62   61   61   59   59   56   55
   51   51   49   48   47   45   47   27   33                                   
    70.0-180.0 180.0   5.0 450.0                            LAT/LON1/LON2/DLON/H
   37   39   43   42   43   46   48   49   50   48   48   45   42   39   35   31
   28   25   24   23   23   24   25   27   29   31   34   38   40   46   49   57
   62   71   76   85   88   97   98  106  104  111  109  112  109  110  106  105
  102  100   97   94   91   86   82   77   73   70   67   66   63   64   60   60
   57   56   54   52   50   50   52   33   37                                   
    67.5-180.0 180.0   5.0 450.0                            LAT/LON1/LON2/DLON/H
   38   48   47   49   48   49   52   51   53   51   52   48   48   43   42   37
   35   31   29   29   28   30   31   32   33   34   36   38   43   46   53   57
   66   73   82   89   96  103  110  115  119  124  127  128  130  128  127  123
  119  114  110  106  100   95   89   82   76   72   67   65   62   61   58   57
   55   55   54   53   53   51   55   36   38                                   
    65.0-180.0 180.0   5.0 450.0                            LAT/LON1/LON2/DLON/H
   42   46   47   49   47   52   52   54   54   54   53   52   49   49   44   43
   39   37   35   36   35   38   36   39   37   39   39   42   44   50   54   63
   69   80   87  101  105  116  118  130  130  140  139  147  142  145  139  137
  130  126  120  115  108  101   94   86   79   71   67   63   61   58   56   54
   53   54   54   54   54   56   58   40   42                                   
    62.5-180.0 180.0   5.0 450.0                            LAT/LON1/LON2/DLON/H
   43   54   49   52   52   52   54   54   56   55   55   55   54   54   52   50
   47   45   43   42   41   43   40   42   39   39   38   39   42   47   53   62
   71   81   92  103  111  119  126  133  140  146  151  153  154  153  150  146
  141  134  127  120  110  101   93   85   76   69   62   59   54   51   48   47
   47   48   49   51   54   54   59   41   43                                   
    60.0-180.0 180.0   5.0 450.0                            LAT/LON1/LON2/DLON/H
   44   48   47   47   47   49   50   52   52   53   53   53   53   52   52   54
   48   49   44   45   42   44   41   43   39   38   36   40   41   49   54   67
   76   91  100  115  120  131  134  145  147  157  158  164  159  161  153  153
  144  138  131  123  114  104   95   86   78   69   63   57   54   49   46   43
   43   44   46   50   51   54   55   40   44                                   
    57.5-180.0 180.0   5.0 450.0                            LAT/LON1/LON2/DLON/H
   43   49   44   46   44   44   46   47   49   50   50   50   52   52   54   55
   53   52   49   47   45   45   43   42   38   36   34   35   38   46   56   68
   81   96  108  120  129  136  144  150  158  162  167  167  168  164  162  157
  153  146  140  130  122  110  100   90   81   73   65   61   55   51   45   42
   41   42   44   48   50   51   56   39   43                                   
    55.0-180.0 180.0   5.0 450.0                            LAT/LON1/LON2/DLON/H
   48   46   44   42   40   41   42   43   44   44   45   43   47   46   50   49
   49   49   44   45   39   42   36   40   33   36   32   38   39   52   61   78
   91  111  121  136  141  152  156  166  169  177  176  181  176  178  171  169
  163  157  151  142  135  123  114  102   95   85   78   71   66   59   55   49
   47   47   49   52   54   57   59   43   48                                   
    52.5-180.0 180.0   5.0 450.0                            LAT/LON1/LON2/DLON/H
   54   52   45   46   41   41   41   42   42   43   42   41   43   44   46   48
   48   47   43   42   38   37   37   37   35   34   35   36   44   52   68   84
  104  121  133  144  154  160  170  175  181  185  189  189  191  188  188  184
  182  175  171  162  155  142  133  121  112  102   94   86   79   74   66   62
   57   57   58   60   61   62   68   50   54                                   
    50.0-180.0 180.0   5.0 450.0                            LAT/LON1/LON2/DLON/H
   66   56   55   51   49   46   47   45   45   43   44   38   45   39   47   42
   46   39   40   35   35   33   36   37   35   39   38   47   55   68   83  106
  120  141  148  163  169  180  186  195  198  204  204  208  207  206  203  201
  199  193  189  180  173  161  152  142  132  122  114  106   99   93   85   79
   74   71   71   73   74   75   78   62   66                                   
    47.5-180.0 180.0   5.0 450.0                            LAT/LON1/LON2/DLON/H
   78   76   68   65   60   57   56   53   52   50   50   46   47   45   46   45
   44   41   38   36   35   37   38   40   41   43   48   55   67   80  100  118
  135  149  160  169  182  188  200  205  213  214  219  217  221  218  219  215
  216  209  208  197  193  179  171  157  148  137  128  119  113  107  100   95
   87   84   83   83   85   86   89   73   78                                   
    45.0-180.0 180.0   5.0 450.0                            LAT/LON1/LON2/DLON/H
   93   87   85   81   79   75   73   66   62   57   57   52   54   47   51   43
   46   38   41   36   41   41   46   48   46   53   57   71   79   99  111  134
  145  162  170  184  193  205  214  222  228  232  233  234  233  232  231  228
  228  222  219  210  203  192  181  169  158  146  136  128  121  117  109  106
   97   95   90   92   93   96   99   86   93                                   
    42.5-180.0 180.0   5.0 450.0                            LAT/LON1/LON2/DLON/H
  102  102   98   98   91   88   84   78   73   69   69   63   65   59   59   54
   51   47   46   47   49   53   52   53   53   59   67   78   92  106  122  138
  152  162  175  185  199  209  224  229  237  238  242  240  242  238  242  236
  237  229  227  216  211  197  186  171  160  145  134  124  119  114  109  106
   99   95   92   92   93   97  102   92  102                                   
    40.0-180.0 180.0   5.0 450.0                            LAT/LON1/LON2/DLON/H
  101  100  102  106  102  102   97   91   86   80   79   74   75   68   68   63
   63   54   58   55   59   59   57   59   59   67   75   89  100  118  129  145
  156  170  182  195  211  225  239  248  251  256  253  252  252  251  253  249
  247  240  234  225  216  203  189  174  159  144  132  122  114  110  104  103
   93   93   84   88   85   92   96   87  101                                   
    37.5-180.0 180.0   5.0 450.0                            LAT/LON1/LON2/DLON/H
   93   92   96  103   98  101   97   94   89   88   89   85   88   80   80   73
   72   68   67   65   64   62   61   60   63   71   82   94  108  123  136  147
  161  173  190  204  225  240  257  263  266  265  264  262  265  265  270  264
  263  254  247  234  225  210  197  179  165  146  134  120  112  104  100   93
   86   81   78   73   71   76   84   75   93                                   
    35.0-180.0 180.0   5.0 450.0                            LAT/LON1/LON2/DLON/H
   75   77   87   92   94   96   97   93   92   92   96   95   97   90   89   81
   79   74   71   70   68   66   64   63   66   77   89  103  117  133  142  156
  170  186  205  225  250  266  281  287  287  285  282  281  284  286  291  288
  286  279  270  258  245  232  214  200  181  166  149  136  122  112  102   96
   84   80   69   66   58   63   67   60   75                                   
    32.5-180.0 180.0   5.0 450.0                            LAT/LON1/LON2/DLON/H
   59   63   68   76   74   79   79   80   82   89   96  101  103  100   98   91
   86   80   76   74   70   68   65   65   69   81   95  111  126  142  154  169
  185  203  227  251  276  295  307  310  308  304  303  303  308  313  318  319
  317  310  301  290  278  264  251  233  217  199  183  167  153  139  126  113
  100   89   79   68   60   57   58   46   59                                   
    30.0-180.0 180.0   5.0 450.0                            LAT/LON1/LON2/DLON/H
   46   50   55   59   61   63   68   69   77   83   94  100  106  103  103   95
   92   84   80   77   73   70   66   67   73   87  102  122  138  155  169  189
  205  229  257  285  307  325  335  338  334  332  337  341  352  358  370  367
  368  359  353  340  325  312  296  283  269  252  234  217  199  185  167  153
  133  120  102   89   71   68   58   42   46                                   
    27.5-180.0 180.0   5.0 450.0                            LAT/LON1/LON2/DLON/H
   43   55   51   51   48   50   51   55   62   74   85   96  103  104  104  100
   95   91   84   82   75   73   68   71   77   93  111  132  151  168  186  205
  226  253  286  312  331  352  360  368  360  367  370  384  399  412  422  423
  422  410  403  390  378  362  351  338  328  311  292  272  256  238  222  200
  181  160  143  123  103   92   75   46   43                                   
    25.0-180.0 180.0   5.0 450.0                            LAT/LON1/LON2/DLON/H
   54   56   59   52   44   47   45   50   55   65   77   88   96   99   99   96
   94   89   86   82   77   74   72   76   84  101  120  145  161  183  199  225
  246  281  311  343  358  383  391  400  397  403  414  431  451  466  481  481
  484  468  462  450  437  427  415  408  399  385  363  343  320  301  280  259
  237  214  192  173  147  132  109   72   54                                   
    22.5-180.0 180.0   5.0 450.0                            LAT/LON1/LON2/DLON/H
   74   77   68   64   56   52   51   51   52   59   67   78   85   90   93   93
   91   89   85   85   78   77   75   82   90  110  131  152  173  190  213  234
  262  289  324  358  377  401  414  427  424  438  448  474  493  519  533  539
  544  529  526  508  502  485  475  467  459  443  425  402  383  361  342  316
  295  268  244  220  198  177  151  106   74                                   
    20.0-180.0 180.0   5.0 450.0                            LAT/LON1/LON2/DLON/H
  107  109   96   74   68   67   63   60   58   58   61   67   73   78   82   84
   82   84   82   82   78   77   76   86   95  118  136  162  179  203  223  255
  275  309  339  374  386  412  422  436  440  463  477  511  533  563  579  591
  598  591  586  574  561  548  534  526  516  499  477  456  434  413  389  365
  341  315  294  270  246  228  196  150  107                                   
    17.5-180.0 180.0   5.0 450.0                            LAT/LON1/LON2/DLON/H
  143  158  142  123  104   92   89   79   71   63   60   61   63   68   72   76
   77   79   81   83   80   81   79   89  101  123  144  164  188  207  235  259
  283  316  350  376  391  413  424  445  453  479  499  533  557  588  604  622
  627  633  627  618  601  586  571  560  549  531  505  482  457  436  413  390
  367  342  323  300  279  257  233  196  143                                   
    15.0-180.0 180.0   5.0 450.0                            LAT/LON1/LON2/DLON/H
  174  199  186  159  139  119  113   99   89   71   64   54   57   56   61   63
   67   70   74   77   78   76   80   88  105  126  147  174  193  222  246  283
  308  349  373  398  403  422  434  459  470  502  517  554  569  601  603  625
  626  639  634  635  622  611  599  587  574  550  524  496  467  442  415  391
  369  346  332  313  300  280  254  226  174                                   
    12.5-180.0 180.0   5.0 450.0                            LAT/LON1/LON2/DLON/H
  197  222  211  198  170  151  139  123  106   87   72   59   55   53   57   58
   63   65   70   71   73   74   79   91  109  133  158  178  203  227  259  291
  326  364  389  408  412  429  442  473  485  519  534  563  574  593  597  609
  618  629  632  630  624  615  602  593  572  547  513  484  452  426  397  373
  350  331  319  305  294  282  261  244  197                                   
    10.0-180.0 180.0   5.0 450.0                            LAT/LON1/LON2/DLON/H
  206  217  213  203  192  171  160  141  122   95   80   59   58   50   58   55
   62   61   65   65   68   68   78   91  114  141  165  190  211  240  267  305
  336  377  396  415  425  441  463  485  509  532  550  561  569  573  578  587
  597  613  623  624  623  614  605  592  571  541  505  472  435  404  369  340
  318  300  292  284  279  266  253  248  206                                   
     7.5-180.0 180.0   5.0 450.0                            LAT/LON1/LON2/DLON/H
  212  203  196  196  183  176  163  150  134  110   90   73   64   57   55   54
   59   61   65   64   65   66   75   93  119  147  176  199  224  251  279  311
