data/unet/pred1730.15i
     1.0            IONOSPHERE MAPS     GNSS                IONEX VERSION / TYPE
pyspatialgeodesy        IME             05-JAN-18 20:20     PGM / RUN BY / DATE 
Map Name                                                    COMMENT             
Predicted global ionosphere maps (GIM).                     DESCRIPTION         
  2015     6    22     0     0     0                        EPOCH OF FIRST MAP  
  2015     6    23     0     0     0                        EPOCH OF LAST MAP   
  7200                                                      INTERVAL            
    13                                                      # OF MAPS IN FILE   
  NONE                                                      MAPPING FUNCTION    
10.0                                                        ELEVATION CUTOFF    
One-way carrier phase leveled to code                       OBSERVABLES USED    
  6371.0                                                    BASE RADIUS         
 2                                                          MAP DIMENSION       
   450.0 450.0   0.0                                        HGT1 / HGT2 / DHGT  
    87.5 -87.5  -2.5                                        LAT1 / LAT2 / DLAT  
  -180.0 180.0   5.0                                        LON1 / LON2 / DLON  
    -1                                                      EXPONENT            
                                                            END OF HEADER       
[from data line 4719]
    12                                                      START OF TEC MAP    
  2015     6    22    22     0     0                        EPOCH OF CURRENT MAP
    87.5-180.0 180.0   5.0 450.0                            LAT/LON1/LON2/DLON/H
  224  192  182  183  182  182  182  182  181  181  181  181  180  179  179  178
  177  176  176  175  174  173  172  171  170  169  169  168  167  167  167  166
  166  165  166  165  166  165  166  165  166  165  167  166  167  167  168  169
  170  171  172  173  174  175  176  177  178  178  179  180  181  181  182  182
  183  183  184  184  183  182  189  208  224                                   
    85.0-180.0 180.0   5.0 450.0                            LAT/LON1/LON2/DLON/H
  205  197  196  197  196  195  196  195  195  194  194  193  193  191  191  189
  188  187  186  184  183  180  179  177  176  174  172  171  170  169  168  168
  167  167  167  167  167  167  167  167  168  168  169  170  170  172  173  175
  176  178  180  182  183  185  186  188  188  190  190  191  192  193  193  194
  195  195  197  195  195  191  196  215  205                                   
    82.5-180.0 180.0   5.0 450.0                            LAT/LON1/LON2/DLON/H
  208  203  201  203  201  203  201  203  200  202  199  201  198  199  196  196
  193  193  190  190  186  186  181  181  177  176  172  171  167  167  164  165
  162  163  161  163  161  163  162  164  163  165  165  168  168  171  171  175
  176  179  180  184  184  187  188  190  191  193  193  195  195  197  196  199
  199  201  201  202  199  198  198  218  208                                   
    80.0-180.0 180.0   5.0 450.0                            LAT/LON1/LON2/DLON/H
  212  207  204  202  203  203  205  204  205  203  204  202  202  200  200  198
  197  195  195  192  191  187  186  182  180  175  173  169  167  163  163  160
  160  158  160  159  161  160  162  161  163  163  166  166  169  169  173  173
  178  178  182  182  186  186  190  189  192  190  194  192  196  194  197  196
  200  199  202  199  199  196  195  209  212                                   
    77.5-180.0 180.0   5.0 450.0                            LAT/LON1/LON2/DLON/H
  212  208  203  201  202  204  205  204  206  204  206  204  205  203  204  202
  203  201  201  199  198  195  194  189  186  182  178  173  170  166  164  162
  161  160  161  160  161  161  163  163  165  165  167  168  170  171  174  175
  178  180  182  184  185  187  189  189  191  190  192  192  193  193  195  195
  197  198  200  198  197  195  194  208  212                                   
    75.0-180.0 180.0   5.0 450.0                            LAT/LON1/LON2/DLON/H
  212  205  202  200  202  203  206  204  207  205  208  206  209  207  209  207
  209  207  209  207  208  203  203  197  195  188  186  179  177  171  170  166
  166  164  167  166  168  167  170  169  171  170  173  172  175  174  178  177
  181  181  185  184  188  186  190  188  191  188  191  189  192  189  192  190
  195  194  198  194  196  193  193  206  212                                   
    72.5-180.0 180.0   5.0 450.0                            LAT/LON1/LON2/DLON/H
  209  206  201  199  201  202  204  204  206  206  209  208  210  210  212  211
  213  213  215  214  215  212  210  206  202  196  191  185  181  176  174  172
  171  171  172  173  174  174  175  175  175  176  176  176  176  177  178  180
  180  183  184  186  187  189  189  190  190  190  190  190  190  190  190  191
  193  194  196  195  195  194  193  210  209                                   
    70.0-180.0 180.0   5.0 450.0                            LAT/LON1/LON2/DLON/H
  211  207  203  201  203  204  207  205  209  208  212  211  215  213  216  214
  218  216  220  218  221  217  217  211  208  200  196  190  186  181  180  177
  178  176  179  178  181  180  182  180  181  178  179  176  178  176  178  177
  180  180  183  183  187  187  190  189  191  189  191  189  192  189  193  191
  196  195  200  196  199  195  197  212  211                                   
    67.5-180.0 180.0   5.0 450.0                            LAT/LON1/LON2/DLON/H
  216  214  208  206  206  207  209  208  211  211  214  214  216  215  217  216
  218  218  220  221  221  220  218  214  210  204  198  194  190  186  185  184
  184  184  185  186  186  186  185  184  182  181  178  177  174  174  173  174
  174  177  178  182  182  186  187  190  190  191  191  193  193  194  195  197
  199  201  203  203  203  203  203  218  216                                   
    65.0-180.0 180.0   5.0 450.0                            LAT/LON1/LON2/DLON/H
  224  221  217  215  215  215  216  214  217  216  219  218  220  217  220  217
  219  217  221  219  223  219  220  215  213  206  203  197  196  193  193  191
  193  191  194  191  193  189  190  185  184  179  178  173  172  169  169  167
  169  169  172  174  177  179  183  185  188  189  192  193  197  196  200  200
  205  205  211  209  212  208  210  224  224                                   
    62.5-180.0 180.0   5.0 450.0                            LAT/LON1/LON2/DLON/H
  233  232  227  225  223  223  222  221  221  221  222  222  222  220  219  217
  216  215  216  217  218  217  217  215  212  208  205  203  202  201  201  201
  201  201  200  198  196  193  190  186  182  179  174  171  166  164  160  161
  159  162  162  166  168  173  176  181  185  189  192  195  198  201  204  207
  210  213  217  218  219  220  221  235  233                                   
    60.0-180.0 180.0   5.0 450.0                            LAT/LON1/LON2/DLON/H
  243  241  238  235  234  233  230  228  228  226  226  225  225  222  221  217
  216  213  214  212  215  213  216  212  213  208  210  207  211  209  213  211
  212  208  207  202  200  194  191  185  181  176  172  166  162  157  154  151
  151  150  153  154  158  161  166  172  178  184  190  194  200  202  208  210
  216  217  224  223  228  226  230  243  243                                   
    57.5-180.0 180.0   5.0 450.0                            LAT/LON1/LON2/DLON/H
  251  250  247  243  242  241  239  236  233  232  229  228  226  225  221  218
  214  211  209  209  209  211  211  211  211  210  212  214  217  219  222  221
  220  216  212  206  201  195  189  184  178  174  168  163  157  153  147  145
  142  142  141  144  145  151  155  164  172  181  187  195  200  205  209  214
  218  221  226  228  232  235  238  252  251                                   
    55.0-180.0 180.0   5.0 450.0                            LAT/LON1/LON2/DLON/H
  260  256  256  253  255  254  251  249  242  240  235  233  230  227  224  220
  216  211  209  207  209  207  211  208  212  209  216  216  224  225  230  227
  228  221  217  208  204  195  191  183  179  172  168  160  155  148  143  137
  135  132  132  132  135  138  145  153  163  174  183  191  200  204  211  212
  219  221  228  228  236  235  242  255  260                                   
    52.5-180.0 180.0   5.0 450.0                            LAT/LON1/LON2/DLON/H
  262  260  261  259  262  263  262  257  252  247  241  237  234  231  226  223
  217  213  209  208  208  208  209  209  211  212  217  222  228  231  235  234
  231  225  219  211  203  197  190  185  179  173  167  161  154  147  140  134
  129  127  125  126  125  131  135  147  157  171  181  192  200  206  211  215
  219  223  227  230  236  239  244  261  262                                   
    50.0-180.0 180.0   5.0 450.0                            LAT/LON1/LON2/DLON/H
  266  260  264  265  273  275  276  274  266  262  251  248  242  238  233  228
  223  218  215  211  213  211  213  211  214  213  221  223  233  234  239  235
  235  225  222  212  207  199  194  187  182  175  170  162  156  147  140  133
  128  124  122  121  122  125  131  141  154  167  181  190  201  205  213  214
  222  222  230  231  239  237  245  262  266                                   
    47.5-180.0 180.0   5.0 450.0                            LAT/LON1/LON2/DLON/H
  263  260  263  266  276  282  287  285  280  273  264  257  252  246  241  234
  229  223  219  217  218  218  219  217  218  218  224  228  235  238  240  237
  235  227  223  214  209  203  197  191  185  179  173  165  158  150  142  135
  130  127  122  123  120  126  129  142  153  170  183  196  204  211  217  221
  226  229  234  236  240  242  246  265  263                                   
    45.0-180.0 180.0   5.0 450.0                            LAT/LON1/LON2/DLON/H
  266  260  266  270  283  289  300  302  300  295  281  276  263  260  251  246
  239  233  230  226  229  227  229  225  227  225  230  232  240  240  243  237
  236  228  227  218  216  208  204  195  190  181  176  168  162  153  147  140
  136  131  129  125  125  126  132  142  156  171  186  197  209  214  223  225
  233  233  241  240  247  241  250  268  266                                   
    42.5-180.0 180.0   5.0 450.0                            LAT/LON1/LON2/DLON/H
  267  263  266  272  284  296  309  316  317  311  301  289  277  268  259  253
  246  239  236  233  236  237  238  236  236  234  238  239  244  244  245  240
  238  233  231  225  223  214  211  202  195  187  181  173  167  159  154  148
  144  140  136  134  130  132  135  147  158  176  191  205  215  224  231  236
  243  246  251  252  255  254  257  275  267                                   
    40.0-180.0 180.0   5.0 450.0                            LAT/LON1/LON2/DLON/H
  274  268  272  276  290  299  316  325  332  329  319  310  292  285  268  265
  252  249  246  245  249  251  253  250  250  246  249  248  252  250  250  245
  245  239  241  232  233  222  220  208  202  191  186  178  173  166  161  156
  153  149  146  142  139  137  141  148  162  176  193  206  220  229  239  244
  254  255  263  260  266  260  268  285  274                                   
    37.5-180.0 180.0   5.0 450.0                            LAT/LON1/LON2/DLON/H
  281  279  280  284  296  309  323  336  344  345  338  328  312  298  282  273
  261  258  253  256  261  263  265  263  263  260  262  261  263  259  258  254
  254  250  252  243  244  233  229  216  208  197  191  183  179  173  169  164
  162  157  154  149  144  142  143  151  162  178  194  211  225  238  247  255
  263  268  274  274  279  278  281  298  281                                   
    35.0-180.0 180.0   5.0 450.0                            LAT/LON1/LON2/DLON/H
  295  295  298  298  309  317  333  344  358  360  358  348  331  317  298  290
  275  274  268  273  278  282  286  285  287  283  284  281  281  274  273  266
  268  259  261  249  250  235  234  218  213  200  197  188  186  179  175  170
  166  162  158  151  147  142  143  147  160  173  192  208  227  238  250  258
  269  272  280  281  287  284  292  308  295                                   
    32.5-180.0 180.0   5.0 450.0                            LAT/LON1/LON2/DLON/H
  308  314  315  317  322  331  342  358  370  377  377  368  353  336  319  306
  294  289  286  289  294  300  305  306  308  305  305  301  299  291  288  279
  279  268  266  251  248  236  231  218  211  201  199  192  191  185  181  174
  171  165  160  153  146  140  138  143  152  168  184  206  224  240  251  262
  271  278  284  288  295  297  302  318  308                                   
    30.0-180.0 180.0   5.0 450.0                            LAT/LON1/LON2/DLON/H
  323  330  336  337  341  345  354  368  382  392  396  389  379  360  346  331
  320  313  310  311  317  320  328  326  331  327  326  319  316  303  298  285
  282  265  260  242  241  227  225  212  208  198  199  193  194  186  183  174
  170  162  157  148  142  133  132  133  145  157  179  198  221  236  250  259
  270  275  283  287  297  299  309  325  323                                   
    27.5-180.0 180.0   5.0 450.0                            LAT/LON1/LON2/DLON/H
  330  343  349  352  356  358  365  379  394  407  414  412  403  386  373  356
  348  337  338  334  340  341  346  346  347  344  339  331  323  310  299  284
  275  257  246  230  224  215  208  200  197  191  193  189  190  183  179  170
  165  157  151  142  134  127  122  124  132  148  167  190  212  231  244  256
  265  273  280  287  297  305  311  329  330                                   
    25.0-180.0 180.0   5.0 450.0                            LAT/LON1/LON2/DLON/H
  341  350  361  367  373  374  380  393  408  425  435  438  432  422  408  394
  383  374  370  365  369  367  372  366  365  356  350  337  326  308  294  275
  261  241  228  212  207  196  194  186  187  182  187  181  184  174  170  160
  155  146  140  130  124  115  114  113  123  135  157  179  203  220  238  248
  262  267  279  284  297  304  314  330  341                                   
    22.5-180.0 180.0   5.0 450.0                            LAT/LON1/LON2/DLON/H
  341  355  365  374  380  384  390  403  420  440  451  459  457  453  440  427
  416  405  398  392  394  389  391  382  376  365  351  336  317  299  278  260
  241  221  205  194  183  178  173  172  171  170  172  170  169  162  156  147
  143  134  128  120  114  109  106  109  114  129  146  170  191  213  229  244
  256  267  277  286  298  307  313  331  341                                   
    20.0-180.0 180.0   5.0 450.0                            LAT/LON1/LON2/DLON/H
  343  353  367  377  387  391  401  415  432  455  470  482  482  484  474  466
  452  444  433  428  423  416  412  400  389  370  353  331  310  286  264  243
  223  201  189  176  170  163  164  160  164  160  164  159  159  148  143  134
  130  121  116  107  105  101  103  103  110  119  137  156  181  200  221  238
  255  266  279  285  299  307  315  330  343                                   
    17.5-180.0 180.0   5.0 450.0                            LAT/LON1/LON2/DLON/H
  337  351  361  373  382  391  401  419  436  461  477  494  497  503  498  493
  481  472  460  452  442  433  421  407  390  369  344  318  291  267  245  223
  205  187  175  166  160  156  156  155  156  153  154  149  145  135  128  120
  117  110  106  101   99  100  101  105  107  116  129  149  172  195  215  236
  253  269  281  289  301  309  313  329  337                                   
    15.0-180.0 180.0   5.0 450.0                            LAT/LON1/LON2/DLON/H
  336  343  356  365  377  385  400  417  436  460  479  498  504  515  510  511
  500  494  480  472  458  446  428  410  389  362  335  303  275  254  231  213
  196  180  174  165  165  160  161  157  158  152  153  144  140  128  122  113
  110  105  102   97   97   98  101  101  103  108  120  139  163  187  211  234
  256  273  286  292  304  308  315  327  336                                   
    12.5-180.0 180.0   5.0 450.0                            LAT/LON1/LON2/DLON/H
  330  339  348  355  364  374  389  407  428  453  472  493  502  517  517  521
  513  508  495  486  468  452  430  409  384  355  323  289  261  240  221  203
  192  180  176  172  172  169  167  163  159  153  151  142  135  124  116  107
  105  100   98   94   96   98  101  102  102  106  115  132  154  182  208  234
  257  277  288  297  305  311  313  327  330                                   
    10.0-180.0 180.0   5.0 450.0                            LAT/LON1/LON2/DLON/H
  333  338  347  349  359  366  381  400  421  444  460  481  490  508  510  518
  511  510  497  489  469  451  425  403  377  345  315  281  254  235  219  206
  198  187  189  185  187  182  180  173  168  160  157  147  140  128  119  110
  105  101   97   95   95   97   98   97   96   97  104  119  143  173  204  232
  258  276  290  296  306  310  316  326  333                                   
     7.5-180.0 180.0   5.0 450.0                            LAT/LON1/LON2/DLON/H
  334  344  349  352  355  362  375  395  413  433  445  464  472  491  496  508
  504  506  496  487  467  447  421  398  372  341  309  275  252  231  222  208
