data/unet/pred0060.15i
     1.0            IONOSPHERE MAPS     GNSS                IONEX VERSION / TYPE
pyspatialgeodesy        IME             05-JAN-18 20:20     PGM / RUN BY / DATE 
Map Name                                                    COMMENT             
Predicted global ionosphere maps (GIM).                     DESCRIPTION         
  2015     1     6     0     0     0                        EPOCH OF FIRST MAP  
  2015     1     7     0     0     0                        EPOCH OF LAST MAP   
  7200                                                      INTERVAL            
    13                                                      # OF MAPS IN FILE   
  NONE                                                      MAPPING FUNCTION    
10.0                                                        ELEVATION CUTOFF    
One-way carrier phase leveled to code                       OBSERVABLES USED    
  6371.0                                                    BASE RADIUS         
 2                                                          MAP DIMENSION       
   450.0 450.0   0.0                                        HGT1 / HGT2 / DHGT  
    87.5 -87.5  -2.5                                        LAT1 / LAT2 / DLAT  
  -180.0 180.0   5.0                                        LON1 / LON2 / DLON  
    -1                                                      EXPONENT            
                                                            END OF HEADER       
     1                                                      START OF TEC MAP    
  2015     1     6     0     0     0                        EPOCH OF CURRENT MAP
    87.5-180.0 180.0   5.0 450.0                            LAT/LON1/LON2/DLON/H
  103   81   74   70   72   68   72   70   74   71   75   72   76   73   76   73
   77   74   78   75   79   77   80   78   81   78   81   79   81   79   80   79
   80   80   80   81   81   82   82   83   82   84   83   84   83   83   83   82
   81   81   81   80   80   79   78   77   77   75   76   73   74   71   73   70
   72   69   72   70   77   73   83   85  103                                   
    85.0-180.0 180.0   5.0 450.0                            LAT/LON1/LON2/DLON/H
   90   56   58   57   55   53   56   55   59   58   61   60   64   63   67   66
   69   67   72   69   74   69   74   68   73   67   72   66   70   65   70   65
   70   66   71   69   73   71   75   73   76   74   78   75   78   75   78   74
   77   73   77   72   76   70   74   68   72   66   70   64   66   61   62   58
   59   56   58   55   62   51   54   85   90                                   
    82.5-180.0 180.0   5.0 450.0                            LAT/LON1/LON2/DLON/H
   84   61   64   68   66   64   67   68   71   71   74   74   77   77   80   80
   81   80   81   81   81   79   78   77   75   73   71   70   69   67   68   68
   69   69   72   73   76   76   79   79   81   81   83   82   83   83   83   82
   82   82   81   80   79   78   76   75   74   72   72   70   70   67   68   65
   66   64   66   64   67   60   62   86   84                                   
    80.0-180.0 180.0   5.0 450.0                            LAT/LON1/LON2/DLON/H
   88   74   81   85   81   83   83   85   86   86   87   89   89   91   92   94
   93   94   93   94   92   91   87   85   81   78   75   73   70   69   69   70
   71   73   75   78   80   83   86   88   89   91   91   92   91   92   91   91
   90   90   89   89   86   86   83   82   80   80   79   78   77   77   76   76
   75   76   76   77   77   73   73   92   88                                   
    77.5-180.0 180.0   5.0 450.0                            LAT/LON1/LON2/DLON/H
  103   91   98  101  100   99  100   99   99   97   97   96   95   96   96   98
   97   98   99  100   99   98   96   93   88   85   81   79   75   74   73   75
   75   78   81   86   89   92   96   98  100  101  102  102  101  101  100  100
   97   97   94   95   90   90   86   86   83   82   80   80   79   78   78   78
   78   79   81   83   86   82   83   96  103                                   
    75.0-180.0 180.0   5.0 450.0                            LAT/LON1/LON2/DLON/H
  116  114  121  125  124  124  124  121  119  114  111  106  102   99   98   97
   96   98  100  103  104  105  103  101   96   93   88   85   81   81   79   81
   82   86   89   94   97  103  104  108  108  110  109  109  107  107  104  103
  101  100   97   96   93   92   88   87   84   83   82   81   79   79   79   80
   81   84   87   91   95   94   95  106  116                                   
    72.5-180.0 180.0   5.0 450.0                            LAT/LON1/LON2/DLON/H
  139  140  148  151  152  151  150  146  142  135  129  120  111  103   98   95
   92   94   97  101  104  106  107  104  100   96   92   88   83   82   80   81
   82   85   89   94   98  102  104  107  108  109  108  108  105  105  101  100
   96   96   92   92   89   88   85   83   81   80   79   78   77   76   77   79
   82   86   92   98  105  108  110  118  139                                   
    70.0-180.0 180.0   5.0 450.0                            LAT/LON1/LON2/DLON/H
  155  165  176  180  181  180  178  174  169  160  150  136  124  109  101   91
   88   87   92   96  102  106  108  108  105  102   97   93   87   85   83   83
   83   86   89   92   96   99  101  103  104  104  103  102  100   97   95   91
   89   86   85   82   82   80   80   78   78   76   76   74   74   75   77   80
   85   91   99  107  116  121  128  133  155                                   
    67.5-180.0 180.0   5.0 450.0                            LAT/LON1/LON2/DLON/H
  177  185  197  203  205  206  204  201  196  187  176  160  142  123  107   93
   86   83   87   91   98  103  107  108  107  104   99   94   88   86   83   82
   81   83   83   87   88   91   92   95   94   96   94   95   91   91   86   84
   80   78   75   74   73   73   74   73   74   72   72   70   72   73   78   82
   89   97  106  116  127  134  140  146  177                                   
    65.0-180.0 180.0   5.0 450.0                            LAT/LON1/LON2/DLON/H
  186  200  214  218  220  222  222  218  217  209  200  182  162  137  116   97
   88   82   84   87   94  100  105  107  106  103   98   93   87   83   79   77
   76   74   75   74   77   77   79   79   82   81   83   82   82   79   77   73
   70   66   65   62   64   64   66   67   68   67   67   67   70   73   80   86
   95  103  114  124  135  143  153  158  186                                   
    62.5-180.0 180.0   5.0 450.0                            LAT/LON1/LON2/DLON/H
  198  206  220  224  227  229  230  231  232  229  221  204  182  155  128  107
   94   87   86   88   92   97  100  102  100   97   92   87   81   77   73   70
   67   65   63   63   62   63   63   65   66   68   68   71   69   69   65   63
   59   57   55   54   56   55   59   59   63   61   64   64   71   75   85   93
  104  113  123  133  144  154  162  168  198                                   
    60.0-180.0 180.0   5.0 450.0                            LAT/LON1/LON2/DLON/H
  201  212  225  226  226  228  231  234  239  238  236  221  201  173  145  121
  106   95   91   89   90   91   92   91   89   86   81   77   73   69   66   62
   60   56   56   53   54   52   54   54   58   58   61   62   62   60   59   54
   51   47   46   45   47   47   51   52   57   57   61   65   74   82   94  104
  118  128  138  147  156  164  174  180  201                                   
    57.5-180.0 180.0   5.0 450.0                            LAT/LON1/LON2/DLON/H
  216  219  230  231  229  228  231  234  242  244  245  233  215  189  162  138
  121  109  101   96   91   89   85   82   77   74   70   68   65   63   60   57
   55   52   49   48   47   47   48   49   51   53   54   56   55   55   52   49
   44   41   39   38   41   41   47   49   55   57   64   70   83   93  108  122
  138  150  159  167  173  180  187  196  216                                   
    55.0-180.0 180.0   5.0 450.0                            LAT/LON1/LON2/DLON/H
  234  238  247  244  236  233  233  235  241  245  249  240  226  205  181  160
  141  126  114  102   93   83   76   69   65   61   60   59   61   59   58   55
   54   51   50   48   49   48   49   49   51   50   53   53   54   52   50   45
   41   37   35   36   38   41   47   51   59   62   70   79   94  108  126  142
  161  174  184  190  194  198  205  218  234                                   
    52.5-180.0 180.0   5.0 450.0                            LAT/LON1/LON2/DLON/H
  266  263  273  266  257  249  245  241  244  245  249  243  233  216  196  178
  160  144  128  115   99   87   75   66   59   57   56   58   59   60   59   58
   57   56   55   55   56   56   56   56   55   55   55   56   55   54   50   47
   43   40   38   39   42   46   53   58   67   72   81   92  109  125  146  165
  184  199  209  216  219  222  226  242  266                                   
    50.0-180.0 180.0   5.0 450.0                            LAT/LON1/LON2/DLON/H
  296  298  305  298  287  278  267  259  252  249  248  242  235  222  208  192
  176  159  141  124  106   90   76   64   58   55   56   58   62   62   63   61
   63   62   64   65   69   68   69   65   65   61   62   61   62   59   57   53
   52   48   47   48   52   57   65   70   80   86   96  109  127  145  167  186
  206  223  234  240  243  245  251  268  296                                   
    47.5-180.0 180.0   5.0 450.0                            LAT/LON1/LON2/DLON/H
  322  329  338  334  325  314  301  283  270  257  249  240  233  224  213  202
  186  172  153  136  117  101   85   75   67   66   65   67   69   69   68   68
   68   70   73   78   81   82   80   77   74   71   70   71   71   70   69   66
   64   61   60   61   65   70   78   85   94  103  113  127  145  164  184  204
  226  243  253  261  266  268  272  288  322                                   
    45.0-180.0 180.0   5.0 450.0                            LAT/LON1/LON2/DLON/H
  335  354  364  365  359  352  337  317  293  276  258  246  237  228  220  210
  196  180  163  146  129  113   98   87   81   77   76   75   76   74   74   72
   74   77   83   88   93   93   92   87   84   80   81   81   84   83   83   80
   79   76   75   75   80   86   94  101  111  119  129  142  161  178  197  218
  238  255  265  275  281  285  288  303  335                                   
    42.5-180.0 180.0   5.0 450.0                            LAT/LON1/LON2/DLON/H
  333  352  369  379  378  375  363  342  318  294  273  256  244  235  226  217
  203  190  173  160  144  132  116  108   98   94   88   87   83   80   77   76
   78   83   89   95  100  100   97   93   90   89   90   92   96   97   97   95
   94   91   89   89   92   99  108  116  126  134  144  156  173  189  207  226
  245  261  271  282  290  292  295  309  333                                   
    40.0-180.0 180.0   5.0 450.0                            LAT/LON1/LON2/DLON/H
  320  344  359  374  381  384  373  359  338  315  291  273  258  247  237  226
  212  199  184  173  161  150  137  125  115  107   99   93   88   82   80   79
   83   87   95  100  105  104  101   97   97   97  101  104  109  110  110  109
  107  103  101  101  105  112  123  132  143  150  159  169  187  201  218  236
  251  264  272  282  289  294  296  311  320                                   
    37.5-180.0 180.0   5.0 450.0                            LAT/LON1/LON2/DLON/H
  306  320  338  353  364  371  370  360  346  327  307  288  272  260  247  235
  220  209  195  189  179  171  156  144  129  119  107  100   93   88   85   87
   90   95  101  106  108  106  102  100   99  103  108  113  117  118  118  116
  114  109  107  107  111  120  131  143  154  165  173  185  201  215  233  248
  261  273  278  286  292  295  298  311  306                                   
    35.0-180.0 180.0   5.0 450.0                            LAT/LON1/LON2/DLON/H
  297  309  320  329  340  350  356  355  345  334  318  304  288  276  260  247
  233  220  211  206  199  189  171  154  138  124  113  104   99   94   95   96
  101  105  112  112  114  110  107  103  107  111  118  122  125  124  122  118
  115  110  108  107  113  122  135  148  164  174  186  198  216  235  254  273
  286  296  298  300  303  304  309  319  297                                   
    32.5-180.0 180.0   5.0 450.0                            LAT/LON1/LON2/DLON/H
  314  317  322  321  325  334  342  344  339  331  321  310  298  285  269  255
  241  232  222  219  210  199  178  159  141  128  118  113  110  110  111  115
  118  123  124  124  120  116  110  109  112  118  124  126  127  123  119  113
  110  103  102  100  106  116  131  147  165  180  196  212  237  260  286  312
  330  342  340  342  338  337  338  341  314                                   
    30.0-180.0 180.0   5.0 450.0                            LAT/LON1/LON2/DLON/H
  374  371  359  338  332  333  339  337  333  326  320  313  304  294  277  263
  250  240  232  226  216  200  178  156  141  131  127  126  129  132  138  143
  148  148  148  142  135  127  122  120  124  128  133  131  129  121  116  109
  105   98   96   95  102  111  129  144  166  184  205  228  259  291  326  362
  387  407  411  412  408  399  398  383  374                                   
    27.5-180.0 180.0   5.0 450.0                            LAT/LON1/LON2/DLON/H
  463  459  431  403  378  371  362  353  340  329  319  313  306  296  280  266
  253  244  233  224  208  191  168  152  141  140  143  150  158  168  177  185
  186  184  176  166  153  144  135  133  133  137  138  134  127  117  111  103
   99   91   90   88   96  106  124  143  165  191  219  250  290  328  370  410
  445  473  483  492  484  477  466  438  463                                   
    25.0-180.0 180.0   5.0 450.0                            LAT/LON1/LON2/DLON/H
  566  581  541  499  470  442  422  391  367  341  327  316  309  300  285  271
  257  245  230  215  196  177  159  148  148  157  169  184  198  212  224  231
  230  220  207  191  175  162  153  147  146  145  143  135  126  115  109  102
   98   91   89   88   95  103  122  140  166  196  234  273  322  366  411  457
  504  543  564  574  571  556  549  509  566                                   
    22.5-180.0 180.0   5.0 450.0                            LAT/LON1/LON2/DLON/H
  656  682  652  623  584  553  506  460  408  370  340  324  313  303  288  274
  258  243  221  202  180  164  153  155  166  187  206  227  245  263  275  279
  270  252  229  211  191  177  165  160  154  152  144  136  125  114  110  105
  101   94   91   87   91   95  115  135  170  209  255  300  352  399  443  498
  548  603  625  644  634  624  610  576  656                                   
    20.0-180.0 180.0   5.0 450.0                            LAT/LON1/LON2/DLON/H
  741  790  766  745  718  675  623  550  480  414  371  344  328  315  298  285
  267  247  219  194  173  162  163  177  201  229  256  278  295  309  317  317
  303  279  248  223  204  186  177  167  161  153  145  134  126  117  116  111
  107  101   97   95   96  100  117  140  178  223  275  324  377  423  468  524
  583  640  677  696  700  685  678  641  741                                   
    17.5-180.0 180.0   5.0 450.0                            LAT/LON1/LON2/DLON/H
  779  843  838  839  820  788  730  653  562  481  414  376  346  328  307  295
  276  255  222  199  179  180  190  217  249  280  301  316  324  329  331  326
  309  282  248  226  205  193  180  174  163  157  144  136  125  121  118  116
  108  105   98   96   96  101  120  147  190  240  291  339  390  433  478  533
  588  646  684  710  723  720  718  683  779                                   
    15.0-180.0 180.0   5.0 450.0                            LAT/LON1/LON2/DLON/H
  802  879  891  899  911  882  844  754  660  554  481  419  380  352  326  314
  293  271  237  216  204  213  234  272  303  329  335  337  332  327  323  315
  296  270  242  218  203  190  181  172  164  154  146  134  129  122  119  114
  111  107  102  101  103  110  130  160  203  252  302  346  394  435  478  525
  575  621  663  685  713  718  740  705  802                                   
    12.5-180.0 180.0   5.0 450.0                            LAT/LON1/LON2/DLON/H
  775  859  883  916  935  927  903  837  743  645  557  488  436  395  359  342
  320  299  270  253  247  267  293  332  354  363  350  336  320  304  294  284
  269  247  225  210  196  189  178  174  165  160  148  140  130  124  117  113
  109  105  102  101  106  116  140  171  214  258  304  345  386  427  466  510
  545  586  618  644  671  686  717  697  775                                   
    10.0-180.0 180.0   5.0 450.0                            LAT/LON1/LON2/DLON/H
  732  795  836  881  925  932  937  884  815  720  639  553  504  448  410  382
  360  341  313  301  305  329  356  382  389  380  348  324  297  278  267  256
  247  228  215  203  195  188  183  176  171  163  153  141  130  120  115  109
  107  105  104  106  112  126  149  179  223  261  302  336  377  417  456  490
  521  546  575  594  624  643  691  682  732                                   
     7.5-180.0 180.0   5.0 450.0                            LAT/LON1/LON2/DLON/H
  663  712  735  785  830  874  885  872  829  770  703  631  575  525  480  452
  426  408  380  373  377  401  420  431  412  385  339  309  280  261  250  244
