data/unet/pred0180.15i
     1.0            IONOSPHERE MAPS     GNSS                IONEX VERSION / TYPE
pyspatialgeodesy        IME             05-JAN-18 20:20     PGM / RUN BY / DATE 
Map Name                                                    COMMENT             
Predicted global ionosphere maps (GIM).                     DESCRIPTION         
  2015     1    18     0     0     0                        EPOCH OF FIRST MAP  
  2015     1    19     0     0     0                        EPOCH OF LAST MAP   
  7200                                                      INTERVAL            
    13                                                      # OF MAPS IN FILE   
  NONE                                                      MAPPING FUNCTION    
10.0                                                        ELEVATION CUTOFF    
One-way carrier phase leveled to code                       OBSERVABLES USED    
  6371.0                                                    BASE RADIUS         
 2                                                          MAP DIMENSION       
   450.0 450.0   0.0                                        HGT1 / HGT2 / DHGT  
    87.5 -87.5  -2.5                                        LAT1 / LAT2 / DLAT  
  -180.0 180.0   5.0                                        LON1 / LON2 / DLON  
    -1                                                      EXPONENT            
                                                            END OF HEADER       
[from data line 1716]
     5                                                      START OF TEC MAP    
  2015     1    18     8     0     0                        EPOCH OF CURRENT MAP
    87.5-180.0 180.0   5.0 450.0                            LAT/LON1/LON2/DLON/H
   29   45   44   41   44   43   46   45   49   48   51   49   51   49   51   48
   48   46   48   45   45   44   46   44   44   44   45   44   44   44   45   43
   43   43   44   42   43   42   42   41   41   40   41   39   40   39   40   38
   40   39   41   40   41   40   42   41   42   40   41   39   40   38   39   37
   38   36   39   38   42   37   42   37   29                                   
    85.0-180.0 180.0   5.0 450.0                            LAT/LON1/LON2/DLON/H
   39   59   50   57   54   57   56   62   60   66   63   67   63   68   63   67
   61   66   61   64   58   63   58   62   57   62   59   62   58   62   59   62
   59   62   59   61   58   60   56   58   55   57   53   55   51   54   50   52
   49   51   48   51   47   50   47   49   45   48   43   45   41   44   40   42
   39   41   40   41   43   41   44   32   39                                   
    82.5-180.0 180.0   5.0 450.0                            LAT/LON1/LON2/DLON/H
   41   59   47   50   48   53   52   58   57   63   61   65   62   66   61   64
   59   63   57   61   56   61   55   60   55   62   57   63   58   65   59   65
   59   65   60   63   58   62   57   59   54   58   52   56   51   55   49   54
   48   53   47   52   45   50   44   48   41   45   38   41   34   38   31   34
   28   32   28   31   29   30   33   26   41                                   
    80.0-180.0 180.0   5.0 450.0                            LAT/LON1/LON2/DLON/H
   43   52   43   42   44   46   50   51   56   57   59   59   61   60   60   58
   58   56   55   53   53   52   52   51   52   53   53   54   56   57   58   58
   61   60   62   60   61   60   60   59   58   57   57   57   58   58   59   60
   60   61   61   60   61   60   59   57   55   53   51   48   46   44   41   38
   35   34   31   28   28   24   26   25   43                                   
    77.5-180.0 180.0   5.0 450.0                            LAT/LON1/LON2/DLON/H
   35   53   42   40   43   45   49   53   55   59   58   62   60   62   59   60
   56   56   52   52   49   48   47   46   47   47   49   49   52   52   54   55
   57   57   59   58   59   58   60   58   60   58   61   61   64   65   69   71
   73   75   77   76   78   77   77   75   75   72   70   66   63   58   55   49
   46   41   39   32   32   29   29   23   35                                   
    75.0-180.0 180.0   5.0 450.0                            LAT/LON1/LON2/DLON/H
   34   46   39   36   39   40   47   46   52   50   56   54   57   54   55   53
   51   51   49   49   46   45   43   44   43   45   46   49   49   52   53   54
   55   57   59   59   61   60   63   61   64   64   69   71   75   79   85   89
   94   97  101  102  104  104  105  102  101   97   94   88   84   77   73   65
   62   54   50   42   39   31   31   25   34                                   
    72.5-180.0 180.0   5.0 450.0                            LAT/LON1/LON2/DLON/H
   33   49   39   36   36   38   40   43   45   48   48   50   48   48   46   46
   43   44   42   43   42   41   40   39   40   41   43   44   48   48   51   50
   52   54   55   56   57   59   62   63   66   68   75   79   87   93  103  110
  119  123  129  132  134  133  134  131  128  122  117  108  101   92   86   77
   72   63   59   48   44   38   38   28   33                                   
    70.0-180.0 180.0   5.0 450.0                            LAT/LON1/LON2/DLON/H
   32   45   41   35   36   36   41   40   46   44   49   46   49   46   45   44
   43   44   43   44   44   45   44   43   45   46   48   49   50   50   50   49
   50   50   54   52   56   57   62   63   70   75   85   92  104  116  129  139
  148  155  164  165  168  165  165  158  154  146  139  128  118  108   99   89
   82   73   67   57   52   41   42   33   32                                   
    67.5-180.0 180.0   5.0 450.0                            LAT/LON1/LON2/DLON/H
   32   51   42   36   35   33   36   37   40   41   43   43   44   42   41   42
   41   42   43   44   45   45   46   45   47   47   49   49   51   48   49   46
   47   46   49   50   52   55   62   68   76   84   98  109  124  137  151  163
  172  182  190  194  197  196  193  184  174  163  154  141  131  118  108   96
   88   78   72   61   57   47   50   34   32                                   
    65.0-180.0 180.0   5.0 450.0                            LAT/LON1/LON2/DLON/H
   32   49   43   38   34   34   36   37   40   42   44   46   45   46   43   44
   44   44   46   47   50   51   52   53   54   55   56   57   55   53   50   47
   44   45   45   48   51   56   67   74   88  100  115  129  144  158  171  183
  194  204  213  216  219  214  208  197  187  175  163  150  138  126  112  100
   89   79   71   62   57   48   49   34   32                                   
    62.5-180.0 180.0   5.0 450.0                            LAT/LON1/LON2/DLON/H
   31   52   44   39   36   35   36   38   41   42   45   48   48   49   48   49
   47   48   48   51   52   53   54   54   55   55   55   55   53   50   47   43
   41   39   42   45   51   59   72   86  102  115  134  147  163  176  189  199
  209  219  228  230  229  222  214  201  190  178  165  151  140  126  113  100
   88   77   69   58   54   46   49   32   31                                   
    60.0-180.0 180.0   5.0 450.0                            LAT/LON1/LON2/DLON/H
   29   46   41   37   34   35   34   38   37   41   42   48   47   49   47   49
   48   47   48   50   51   52   52   53   52   52   51   52   48   48   44   43
   38   40   42   48   56   70   86  102  119  134  150  166  180  193  204  215
  225  232  238  238  236  225  215  203  193  181  168  155  143  131  115  102
   88   76   65   55   49   41   41   30   29                                   
    57.5-180.0 180.0   5.0 450.0                            LAT/LON1/LON2/DLON/H
   29   47   42   38   35   34   33   36   36   39   41   45   46   51   49   53
   48   50   47   50   48   50   49   49   47   46   45   45   44   42   40   39
   38   39   45   53   67   83  104  120  138  151  167  181  196  208  218  230
  237  244  245  244  238  228  218  208  199  188  176  163  151  137  122  106
   91   76   65   51   46   38   40   28   29                                   
    55.0-180.0 180.0   5.0 450.0                            LAT/LON1/LON2/DLON/H
   31   46   41   38   34   36   32   35   32   37   36   43   43   48   49   51
   50   49   48   48   46   46   44   44   42   41   39   40   39   40   39   41
   41   47   53   68   85  105  124  142  157  171  184  198  210  222  233  242
  249  252  251  246  241  231  221  213  205  197  187  176  164  152  136  117
   98   84   69   55   49   37   38   32   31                                   
    52.5-180.0 180.0   5.0 450.0                            LAT/LON1/LON2/DLON/H
   38   50   46   42   39   39   34   36   31   35   32   40   39   47   45   52
   47   50   45   47   44   44   41   41   38   36   34   34   35   37   38   41
   44   50   61   82  106  126  148  162  178  188  200  211  223  236  244  253
  260  261  256  253  244  238  229  223  216  209  201  191  180  166  149  128
  108   91   77   63   55   45   46   38   38                                   
    50.0-180.0 180.0   5.0 450.0                            LAT/LON1/LON2/DLON/H
   43   55   49   47   45   45   39   40   33   34   32   37   38   44   46   49
   50   50   48   49   48   48   44   44   40   38   36   37   37   39   42   46
   50   60   75  101  127  149  168  184  196  206  215  224  236  247  257  263
  267  264  261  256  250  244  235  233  224  221  211  204  195  182  164  145
  123  106   92   77   71   55   54   49   43                                   
    47.5-180.0 180.0   5.0 450.0                            LAT/LON1/LON2/DLON/H
   55   67   60   55   54   53   49   47   39   39   33   38   35   43   43   49
   48   51   50   53   52   54   51   50   45   44   39   41   40   43   44   49
   55   66   89  117  148  170  191  202  214  220  225  233  243  256  263  270
  272  268  265  259  254  248  242  237  230  224  218  209  201  187  170  150
  132  116  105   92   84   72   70   59   55                                   
    45.0-180.0 180.0   5.0 450.0                            LAT/LON1/LON2/DLON/H
   62   71   63   61   61   62   61   59   51   48   43   44   43   46   49   51
   54   55   57   61   63   66   64   64   58   55   50   50   50   50   52   54
   60   76  101  134  163  190  209  222  230  234  237  242  252  259  269  270
  274  268  265  259  254  251  241  238  230  225  215  208  198  187  170  154
  136  124  113  102   96   81   78   69   62                                   
    42.5-180.0 180.0   5.0 450.0                            LAT/LON1/LON2/DLON/H
   69   78   69   66   67   68   69   70   63   61   53   54   49   54   52   58
   58   62   63   71   75   79   79   78   72   69   62   62   59   59   56   58
   65   80  109  141  176  202  225  235  242  244  244  249  256  263  270  271
  274  268  263  256  252  246  240  232  226  216  207  196  188  175  161  143
  130  119  114  105   99   88   84   73   69                                   
    40.0-180.0 180.0   5.0 450.0                            LAT/LON1/LON2/DLON/H
   68   71   63   64   68   71   74   78   75   71   66   64   63   63   65   67
   69   72   76   84   89   95   93   94   86   84   76   76   70   68   63   66
   71   91  118  154  183  213  232  244  250  252  253  255  262  265  275  274
  278  272  266  260  255  252  242  238  227  219  204  194  182  171  155  140
  128  118  113  105  101   86   80   70   68                                   
    37.5-180.0 180.0   5.0 450.0                            LAT/LON1/LON2/DLON/H
   66   70   59   59   64   68   73   80   79   80   76   77   74   78   76   81
   80   85   89   98  103  108  109  106  102   94   90   85   80   76   72   72
   79   96  126  155  188  214  235  247  256  257  261  263  270  276  284  285
  289  284  279  273  269  264  259  251  242  226  215  199  189  171  158  139
  128  117  111  100   94   81   78   65   66                                   
    35.0-180.0 180.0   5.0 450.0                            LAT/LON1/LON2/DLON/H
   61   66   52   51   56   62   70   77   79   82   81   83   84   86   89   91
   92   97  101  110  115  122  119  118  110  106   98   96   88   85   78   81
   86  110  134  166  191  220  235  251  260  268  272  276  287  293  303  304
  309  308  305  304  298  300  289  283  270  256  241  228  215  200  181  161
  145  130  118  103   95   78   73   59   61                                   
    32.5-180.0 180.0   5.0 450.0                            LAT/LON1/LON2/DLON/H
   61   68   53   52   53   57   62   71   73   79   80   86   88   95   97  102
  103  108  113  120  125  127  125  119  114  105  104   97   96   88   85   85
   94  111  139  160  188  211  232  252  266  276  286  293  306  312  326  329
  337  339  340  343  345  349  345  342  329  314  294  279  261  245  227  204
  183  159  139  113   99   81   81   59   61                                   
    30.0-180.0 180.0   5.0 450.0                            LAT/LON1/LON2/DLON/H
   71   72   63   57   53   53   56   62   65   72   74   81   87   94  100  105
  109  114  118  126  128  131  125  120  111  106  101  101   98   96   91   94
   99  121  138  165  188  212  231  256  273  289  302  312  328  337  349  357
  368  376  384  397  407  420  421  418  401  385  364  347  328  306  286  262
  238  209  179  150  130  106   98   78   71                                   
    27.5-180.0 180.0   5.0 450.0                            LAT/LON1/LON2/DLON/H
   98   94   84   74   65   63   58   60   60   65   68   77   83   93  100  105
  111  115  122  127  130  127  123  111  105   96   96   97   97   95   92   94
  104  123  147  172  192  211  232  261  282  301  318  330  345  356  370  382
  399  412  430  454  479  506  515  515  498  481  462  454  434  410  380  343
  316  281  246  206  177  149  127  109   98                                   
    25.0-180.0 180.0   5.0 450.0                            LAT/LON1/LON2/DLON/H
  140  135  121  101   84   74   66   65   61   60   62   70   77   85   94  100
  106  113  118  124  124  124  113  106   96   93   94   98  103   96   98   98
  113  136  159  179  201  218  238  266  295  319  342  354  371  379  398  411
  433  449  477  512  562  607  621  616  599  586  574  565  548  515  484  442
  410  369  328  287  256  221  181  163  140                                   
    22.5-180.0 180.0   5.0 450.0                            LAT/LON1/LON2/DLON/H
  201  194  184  160  129  107   87   79   72   68   67   71   76   85   90   96
  104  107  113  116  118  111  107   95   93   91   95  101  102  101  103  107
  122  147  170  193  208  226  245  275  306  337  358  375  390  404  423  438
  464  487  518  567  626  669  683  681  670  659  654  649  632  605  572  537
  494  439  399  366  338  301  259  239  201                                   
    20.0-180.0 180.0   5.0 450.0                            LAT/LON1/LON2/DLON/H
  268  260  255  231  192  158  123  106   90   86   80   79   80   84   88   92
   99  103  107  111  110  107  101   99   96   98  102  102  108  104  107  110
  127  152  178  198  219  233  254  283  319  348  378  393  418  430  454  469
  500  521  565  611  673  697  716  716  712  698  695  688  677  653  627  592
  556  517  467  428  401  368  352  324  268                                   
    17.5-180.0 180.0   5.0 450.0                            LAT/LON1/LON2/DLON/H
  333  329  324  302  262  222  175  147  123  113  107  103  100   99   97  100
  102  105  108  108  109  104  105  103  106  108  102  106  109  109  107  113
  127  159  181  206  224  244  267  298  329  364  387  409  431  451  473  495
  525  554  590  633  677  701  712  711  705  693  688  687  678  666  643  618
  589  558  527  490  460  420  407  394  333                                   
    15.0-180.0 180.0   5.0 450.0                            LAT/LON1/LON2/DLON/H
  367  362  370  352  316  274  223  192  160  145  128  128  123  120  113  110
  108  108  107  107  106  106  106  108  107   98   97  102  104  102  100  110
  130  163  187  213  237  256  281  312  345  371  397  417  450  469  495  512
  547  567  602  622  659  666  672  660  656  642  641  636  641  629  622  605
  590  567  547  530  506  464  440  425  367                                   
    12.5-180.0 180.0   5.0 450.0                            LAT/LON1/LON2/DLON/H
  377  382  383  378  351  318  264  228  199  186  169  163  152  149  137  133
  129  122  117  110  108  104  109  101   99   98  101  105  102   99   95  110
  127  162  190  220  243  269  297  330  353  380  399  426  454  481  506  526
  555  569  587  595  609  614  616  606  595  586  576  582  583  584  582  581
  577  565  553  539  522  485  455  444  377                                   
    10.0-180.0 180.0   5.0 450.0                            LAT/LON1/LON2/DLON/H
  367  367  373  367  355  329  284  248  220  203  186  184  172  170  152  150
  136  129  114  106  101   97   91   95   95  106  103  109  100   95   93  109
  132  165  193  224  253  278  313  339  366  385  412  436  467  490  515  535
  558  564  573  569  571  568  562  552  540  525  524  525  538  541  550  557
  561  555  546  531  513  482  450  427  367                                   
     7.5-180.0 180.0   5.0 450.0                            LAT/LON1/LON2/DLON/H
  340  339  347  347  339  320  294  267  244  229  215  213  200  193  176  164
  152  137  117   94   85   74   78   84  101  115  118  115   97   96   94  108
