data/unet/pred3540.15i
     1.0            IONOSPHERE MAPS     GNSS                IONEX VERSION / TYPE
pyspatialgeodesy        IME             05-JAN-18 20:20     PGM / RUN BY / DATE 
Map Name                                                    COMMENT             
Predicted global ionosphere maps (GIM).                     DESCRIPTION         
  2015    12    20     0     0     0                        EPOCH OF FIRST MAP  
  2015    12    21     0     0     0                        EPOCH OF LAST MAP   
  7200                                                      INTERVAL            
    13                                                      # OF MAPS IN FILE   
  NONE                                                      MAPPING FUNCTION    
10.0                                                        ELEVATION CUTOFF    
One-way carrier phase leveled to code                       OBSERVABLES USED    
  6371.0                                                    BASE RADIUS         
 2                                                          MAP DIMENSION       
   450.0 450.0   0.0                                        HGT1 / HGT2 / DHGT  
    87.5 -87.5  -2.5                                        LAT1 / LAT2 / DLAT  
  -180.0 180.0   5.0                                        LON1 / LON2 / DLON  
    -1                                                      EXPONENT            
                                                            END OF HEADER       
[from data line 858]
     3                                                      START OF TEC MAP    
  2015    12    20     4     0     0                        EPOCH OF CURRENT MAP
    87.5-180.0 180.0   5.0 450.0                            LAT/LON1/LON2/DLON/H
   68   95   79   83   73   77   67   76   67   76   66   72   63   68   61   64
   59   61   57   58   54   56   53   55   52   54   52   53   51   52   51   53
   51   53   52   55   53   57   55   59   56   60   58   62   58   64   60   65
   60   67   62   68   61   69   62   69   62   70   63   71   63   72   64   73
   65   73   64   74   70   82   90   77   68                                   
    85.0-180.0 180.0   5.0 450.0                            LAT/LON1/LON2/DLON/H
  103   85   67   74   69   70   65   71   65   71   64   67   61   62   57   56
   53   51   49   47   44   43   41   40   39   38   38   38   37   38   38   39
   39   41   42   43   45   46   48   49   51   51   54   53   54   55   56   56
   56   57   56   57   55   57   56   57   55   59   56   59   57   61   59   62
   60   64   61   67   67   74   89  105  103                                   
    82.5-180.0 180.0   5.0 450.0                            LAT/LON1/LON2/DLON/H
   96   67   61   59   58   52   55   54   58   55   57   53   54   49   50   44
   44   39   38   33   31   27   27   23   23   20   21   19   20   19   22   21
   25   23   30   28   34   33   39   38   43   41   48   43   49   44   50   43
   48   41   47   39   44   38   44   38   44   39   45   39   46   41   47   42
   48   44   51   48   56   52   76   89   96                                   
    80.0-180.0 180.0   5.0 450.0                            LAT/LON1/LON2/DLON/H
  102   74   65   66   64   60   59   63   61   63   60   61   57   57   53   52
   47   44   39   36   30   28   23   21   19   17   16   16   16   16   19   20
   22   25   29   33   36   40   43   46   48   51   52   53   52   52   51   49
   47   46   44   43   40   41   40   40   40   42   43   43   46   46   49   48
   51   50   55   55   59   58   75   91  102                                   
    77.5-180.0 180.0   5.0 450.0                            LAT/LON1/LON2/DLON/H
   95   69   64   62   60   57   56   58   58   60   57   60   55   56   51   51
   45   43   37   34   27   24   20   17   14   14   13   14   13   15   17   19
   21   25   29   33   36   41   44   48   49   53   52   55   51   53   48   49
   42   42   39   38   35   35   36   36   37   37   41   40   44   43   49   47
   51   50   55   55   59   54   72   92   95                                   
    75.0-180.0 180.0   5.0 450.0                            LAT/LON1/LON2/DLON/H
   93   64   59   56   55   50   52   54   55   57   56   56   55   53   52   48
   45   40   37   31   26   22   19   17   16   15   16   17   17   19   22   23
   25   29   33   36   39   44   47   50   52   54   55   54   52   50   48   45
   41   39   37   35   34   34   36   36   38   40   42   43   45   48   50   52
   54   54   58   57   61   54   70   89   93                                   
    72.5-180.0 180.0   5.0 450.0                            LAT/LON1/LON2/DLON/H
   92   59   57   54   51   47   47   47   50   50   52   52   52   51   50   48
   45   42   39   35   30   27   26   24   24   24   26   27   27   29   30   32
   32   35   36   38   39   42   46   46   49   49   51   48   48   44   43   38
   36   32   34   29   33   31   37   35   42   40   48   45   51   50   55   54
   57   58   61   62   64   59   72   91   92                                   
    70.0-180.0 180.0   5.0 450.0                            LAT/LON1/LON2/DLON/H
   93   59   54   52   48   44   43   46   45   48   48   49   50   49   50   47
   46   41   40   36   34   32   33   33   34   36   38   39   39   42   41   42
   40   42   41   43   41   45   45   47   47   49   49   48   46   45   42   40
   36   36   35   37   38   42   46   50   54   59   60   64   63   67   67   69
   69   72   72   72   72   65   75   93   93                                   
    67.5-180.0 180.0   5.0 450.0                            LAT/LON1/LON2/DLON/H
   98   59   56   55   47   42   40   40   41   42   43   45   45   45   44   44
   41   41   37   37   34   37   36   39   40   43   43   47   45   48   45   47
   43   44   41   40   38   38   39   38   40   40   41   39   39   36   35   33
   33   33   37   38   45   48   57   59   66   69   73   74   75   77   76   78
   77   79   78   79   79   74   85   96   98                                   
    65.0-180.0 180.0   5.0 450.0                            LAT/LON1/LON2/DLON/H
  104   67   61   58   49   44   40   41   41   42   42   43   44   43   44   42
   43   39   40   38   40   40   44   46   50   52   53   54   53   54   51   51
   47   46   42   41   38   38   36   38   37   39   38   39   37   37   35   37
   37   41   45   52   59   70   77   84   88   93   93   96   96   98   96   97
   95   96   94   94   92   84   92  100  104                                   
    62.5-180.0 180.0   5.0 450.0                            LAT/LON1/LON2/DLON/H
  112   71   67   62   52   45   41   41   41   42   42   42   41   41   41   41
   39   39   37   39   38   42   42   47   49   53   52   54   52   52   49   49
   45   43   39   37   34   31   31   29   30   30   30   30   29   30   29   32
   35   41   49   60   71   83   92   99  103  107  106  109  109  110  109  109
  107  106  104  104  101   96  104  106  112                                   
    60.0-180.0 180.0   5.0 450.0                            LAT/LON1/LON2/DLON/H
  120   85   73   67   58   50   44   44   42   43   42   41   42   40   42   40
   43   39   42   38   42   40   45   46   52   50   53   50   50   46   45   43
   43   39   39   35   34   30   30   28   28   28   29   29   29   29   30   34
   40   50   60   76   90  102  109  115  118  122  121  123  125  126  124  124
  121  120  117  115  111  105  111  111  120                                   
    57.5-180.0 180.0   5.0 450.0                            LAT/LON1/LON2/DLON/H
  126   90   83   75   63   54   48   47   45   45   42   41   40   40   40   42
   42   42   40   40   39   40   41   43   46   45   45   43   41   38   37   35
   37   35   35   32   32   29   28   27   28   27   28   28   28   29   31   36
   44   55   68   86   99  111  120  125  129  130  131  133  137  138  139  138
  136  133  130  126  123  118  123  119  126                                   
    55.0-180.0 180.0   5.0 450.0                            LAT/LON1/LON2/DLON/H
  135  108   93   83   73   62   56   53   50   46   43   40   41   39   43   41
   46   41   42   36   38   34   39   37   43   39   42   35   37   30   33   30
   35   32   36   33   35   31   33   30   33   31   34   31   33   33   37   41
   51   64   79   95  109  120  128  131  134  136  136  139  144  147  149  149
  148  147  144  142  137  130  133  129  135                                   
    52.5-180.0 180.0   5.0 450.0                            LAT/LON1/LON2/DLON/H
  144  116  108   94   80   70   61   57   52   48   44   41   41   41   42   45
   46   45   41   37   35   33   35   35   38   36   36   31   31   26   27   27
   33   32   38   37   40   38   40   38   42   40   43   41   42   42   46   52
   61   74   89  104  117  128  137  138  141  141  142  145  152  156  160  161
  159  159  157  155  153  148  145  141  144                                   
    50.0-180.0 180.0   5.0 450.0                            LAT/LON1/LON2/DLON/H
  156  136  121  106   93   79   72   64   58   51   45   40   43   41   46   45
   50   43   42   34   35   30   34   32   37   33   36   30   31   26   29   28
   36   36   43   43   47   45   47   46   49   47   50   48   50   50   56   61
   72   87  100  113  126  136  143  145  149  149  150  153  161  165  171  171
  171  170  169  167  164  156  154  150  156                                   
    47.5-180.0 180.0   5.0 450.0                            LAT/LON1/LON2/DLON/H
  168  147  135  118  101   88   76   69   61   54   47   43   43   44   45   47
   48   45   41   36   35   34   36   37   40   40   39   38   36   33   34   35
   41   43   49   51   55   54   56   55   58   58   59   58   59   63   67   76
   85  100  110  124  136  146  153  156  159  159  160  164  170  176  179  179
  176  175  174  172  170  164  161  156  168                                   
    45.0-180.0 180.0   5.0 450.0                            LAT/LON1/LON2/DLON/H
  176  158  141  127  112   97   87   77   69   60   52   47   49   47   51   48
   52   44   44   38   42   40   45   44   49   47   52   47   50   44   46   42
   49   50   57   58   61   60   62   62   65   65   67   67   71   75   82   91
  102  114  125  135  147  157  164  169  171  173  172  175  179  182  183  182
  179  177  177  174  171  163  165  160  176                                   
    42.5-180.0 180.0   5.0 450.0                            LAT/LON1/LON2/DLON/H
  178  158  147  132  116  103   90   82   73   66   58   54   54   53   53   51
   51   47   46   44   48   50   54   57   59   62   62   63   61   59   56   54
   55   57   61   62   65   64   65   65   68   70   72   75   79   87   94  107
  116  128  137  147  158  168  176  180  183  183  182  181  183  183  182  180
  177  175  175  171  168  164  162  161  178                                   
    40.0-180.0 180.0   5.0 450.0                            LAT/LON1/LON2/DLON/H
  177  156  140  131  119  107   96   88   81   73   67   63   64   62   62   56
   59   52   56   56   64   66   73   72   76   74   76   74   74   69   68   61
   64   62   66   66   68   66   66   67   70   73   78   82   89  100  108  122
  132  142  149  158  168  180  186  192  195  195  190  189  189  187  184  182
  181  179  179  175  168  159  162  159  177                                   
    37.5-180.0 180.0   5.0 450.0                            LAT/LON1/LON2/DLON/H
  171  147  136  127  114  105   95   89   82   78   74   73   74   71   69   64
   65   63   68   72   81   86   89   90   87   86   83   83   80   77   71   67
   64   64   67   66   67   65   65   66   70   74   81   89   96  110  121  136
  144  152  160  167  179  189  199  201  206  202  198  194  191  189  186  186
  186  187  185  181  173  166  160  160  171                                   
    35.0-180.0 180.0   5.0 450.0                            LAT/LON1/LON2/DLON/H
  168  144  129  121  112  104   97   92   87   83   82   82   85   82   81   75
   79   78   87   93  102  105  106  101   98   93   91   87   85   79   75   69
   68   67   70   69   68   66   65   67   70   77   85   95  106  120  134  146
  154  161  169  177  189  201  211  215  218  214  208  202  201  200  200  203
  204  208  207  202  192  181  175  168  168                                   
    32.5-180.0 180.0   5.0 450.0                            LAT/LON1/LON2/DLON/H
  170  140  124  116  104   97   91   88   83   83   84   87   91   90   89   87
   90   95  102  110  117  119  117  112  104   99   93   91   85   81   74   70
   68   69   71   70   71   67   66   66   71   77   88   98  110  129  143  155
  164  171  182  190  205  215  228  232  235  228  221  215  214  216  219  225
  229  234  236  232  222  210  198  184  170                                   
    30.0-180.0 180.0   5.0 450.0                            LAT/LON1/LON2/DLON/H
  180  150  130  117  105   99   92   88   85   83   85   88   94   94   95   94
  101  104  114  119  125  123  121  114  108  101   98   92   89   83   79   75
   75   75   76   76   73   71   67   70   73   82   91  104  118  136  151  163
  171  181  191  203  218  233  245  251  255  249  244  238  242  247  256  264
  270  278  279  276  267  247  232  211  180                                   
    27.5-180.0 180.0   5.0 450.0                            LAT/LON1/LON2/DLON/H
  207  174  149  130  112  103   93   87   82   82   81   85   90   92   95   98
  104  111  118  124  126  125  120  116  109  106  100   97   92   88   84   81
   80   81   82   80   79   74   73   72   77   84   95  108  125  144  161  172
  183  193  205  218  234  250  264  274  278  276  271  271  278  287  301  312
  321  327  333  327  321  299  269  251  207                                   
    25.0-180.0 180.0   5.0 450.0                            LAT/LON1/LON2/DLON/H
  241  207  182  154  133  119  105   97   88   84   82   83   87   89   93   96
  105  108  116  116  118  114  113  110  110  108  108  104  101   97   94   92
   91   90   89   88   81   80   75   77   80   87   96  112  131  152  168  183
  195  208  221  236  253  272  288  302  311  310  307  307  316  333  349  363
  372  384  387  384  380  355  322  290  241                                   
    22.5-180.0 180.0   5.0 450.0                            LAT/LON1/LON2/DLON/H
  296  250  223  196  166  143  125  111  100   93   85   84   82   84   86   91
   98  102  105  107  106  105  105  109  112  117  117  114  112  108  105  103
  101  100   96   92   86   81   79   78   83   88   99  114  139  162  183  196
  213  225  241  255  273  294  313  329  342  343  339  343  359  379  396  412
  422  432  436  433  435  415  372  344  296                                   
    20.0-180.0 180.0   5.0 450.0                            LAT/LON1/LON2/DLON/H
  350  306  272  235  205  176  151  132  119  107   99   91   87   85   86   88
   94   93   95   94   95   95  102  109  120  126  131  128  126  122  119  116
  112  109  102   95   85   81   76   79   82   87   99  116  145  173  195  210
  229  245  261  278  297  323  346  366  380  382  376  384  399  425  442  459
  466  477  482  488  489  476  423  396  350                                   
    17.5-180.0 180.0   5.0 450.0                            LAT/LON1/LON2/DLON/H
  400  369  324  280  242  213  185  162  143  128  116  108   98   94   89   88
   87   86   83   84   87   93  103  117  131  143  148  145  141  136  132  127
  122  114  106   94   87   79   78   79   83   86   98  118  153  182  207  224
  245  262  281  300  322  351  376  398  415  421  418  427  443  467  480  492
  493  503  509  518  528  523  475  446  400                                   
    15.0-180.0 180.0   5.0 450.0                            LAT/LON1/LON2/DLON/H
  448  421  383  337  293  252  224  197  174  153  139  128  120  112  105   97
   91   87   84   86   94  102  117  132  152  162  168  163  157  148  142  135
  125  117  101   90   79   75   74   77   80   83   97  120  157  189  215  236
  261  282  304  324  350  380  407  432  450  459  455  464  476  497  504  514
  511  519  522  537  548  551  522  489  448                                   
    12.5-180.0 180.0   5.0 450.0                            LAT/LON1/LON2/DLON/H
  488  462  429  388  344  302  263  240  215  195  175  158  146  138  126  115
  105   96   95  100  113  124  142  159  176  186  187  183  173  160  150  138
  127  112   99   84   78   72   75   78   82   84  100  125  165  195  225  247
  274  298  320  345  369  399  424  449  467  476  475  484  494  507  511  515
  511  515  521  533  550  559  539  515  488                                   
    10.0-180.0 180.0   5.0 450.0                            LAT/LON1/LON2/DLON/H
  515  490  464  429  393  354  315  282  258  237  218  198  182  165  151  136
  125  114  115  124  142  156  175  188  200  204  204  195  183  168  153  141
  124  112   93   84   76   75   77   80   83   87  105  130  169  200  230  255
  284  310  335  359  387  413  439  464  478  487  486  497  502  512  511  514
  507  511  513  527  544  553  550  531  515                                   
     7.5-180.0 180.0   5.0 450.0                            LAT/LON1/LON2/DLON/H
  525  508  490  459  425  390  354  323  298  278  257  239  222  204  185  166
  153  143  148  162  181  197  207  219  219  220  214  204  188  171  155  139
