data/unet/pred2870.15i
     1.0            IONOSPHERE MAPS     GNSS                IONEX VERSION / TYPE
pyspatialgeodesy        IME             05-JAN-18 20:20     PGM / RUN BY / DATE 
Map Name                                                    COMMENT             
Predicted global ionosphere maps (GIM).                     DESCRIPTION         
  2015    10    14     0     0     0                        EPOCH OF FIRST MAP  
  2015    10    15     0     0     0                        EPOCH OF LAST MAP   
  7200                                                      INTERVAL            
    13                                                      # OF MAPS IN FILE   
  NONE                                                      MAPPING FUNCTION    
10.0                                                        ELEVATION CUTOFF    
One-way carrier phase leveled to code                       OBSERVABLES USED    
  6371.0                                                    BASE RADIUS         
 2                                                          MAP DIMENSION       
   450.0 450.0   0.0                                        HGT1 / HGT2 / DHGT  
    87.5 -87.5  -2.5                                        LAT1 / LAT2 / DLAT  
  -180.0 180.0   5.0                                        LON1 / LON2 / DLON  
    -1                                                      EXPONENT            
                                                            END OF HEADER       
[from data line 1716]
     5                                                      START OF TEC MAP    
  2015    10    14     8     0     0                        EPOCH OF CURRENT MAP
    87.5-180.0 180.0   5.0 450.0                            LAT/LON1/LON2/DLON/H
   41   52   49   47   47   46   48   48   49   49   51   50   50   50   51   50
   51   50   51   50   51   50   52   50   51   51   51   50   50   50   52   51
   52   50   53   50   52   50   52   49   50   49   50   48   49   47   49   47
   47   46   47   45   46   44   45   43   43   41   43   41   42   40   42   40
   41   40   43   43   47   46   48   48   41                                   
    85.0-180.0 180.0   5.0 450.0                            LAT/LON1/LON2/DLON/H
   48   69   59   67   60   65   61   67   62   68   64   68   63   67   64   66
   62   66   62   65   62   66   62   65   62   67   64   67   64   67   65   68
   65   68   65   68   64   68   64   68   63   67   63   67   62   66   61   64
   59   63   58   61   56   59   55   58   53   56   52   55   51   54   50   53
   50   53   50   55   54   54   53   42   48                                   
    82.5-180.0 180.0   5.0 450.0                            LAT/LON1/LON2/DLON/H
   52   69   55   59   56   58   58   61   60   62   60   61   59   60   57   58
   55   56   53   54   53   55   53   56   55   59   59   62   61   64   63   65
   64   66   65   66   65   66   64   65   63   65   64   65   63   65   62   63
   60   62   58   60   55   57   53   54   50   52   47   49   44   47   42   45
   40   44   40   44   41   44   46   35   52                                   
    80.0-180.0 180.0   5.0 450.0                            LAT/LON1/LON2/DLON/H
   54   61   51   51   51   53   54   56   56   57   55   54   52   52   48   47
   44   45   41   42   40   43   41   44   45   49   50   53   55   56   60   60
   62   63   64   65   65   65   65   65   64   65   65   65   65   65   65   64
   64   62   63   60   60   57   57   53   52   49   48   44   43   41   38   37
   35   35   34   35   35   34   38   35   54                                   
    77.5-180.0 180.0   5.0 450.0                            LAT/LON1/LON2/DLON/H
   45   62   51   49   50   52   54   55   55   55   53   51   49   46   44   41
   39   38   37   36   36   36   37   37   39   41   45   46   49   52   55   57
   58   60   61   63   63   64   65   65   65   67   66   68   67   69   68   69
   67   68   67   67   65   64   62   61   57   56   52   50   46   43   40   37
   35   33   33   31   34   31   37   29   45                                   
    75.0-180.0 180.0   5.0 450.0                            LAT/LON1/LON2/DLON/H
   46   54   48   46   49   49   54   52   54   50   51   46   45   40   40   35
   35   30   32   28   30   28   31   29   33   33   38   39   42   46   48   51
   52   55   57   60   59   62   62   64   64   67   68   70   71   73   74   75
   75   76   76   75   74   73   72   69   66   63   61   57   53   50   46   42
   38   35   34   32   33   31   36   27   46                                   
    72.5-180.0 180.0   5.0 450.0                            LAT/LON1/LON2/DLON/H
   42   54   43   42   43   45   47   48   47   46   45   41   40   37   36   33
   31   30   27   27   25   27   25   27   27   29   31   33   36   38   41   44
   46   49   52   53   55   57   59   61   62   66   68   71   72   76   76   79
   79   81   80   80   79   79   77   75   73   70   67   63   59   55   50   46
   41   38   36   34   34   31   35   29   42                                   
    70.0-180.0 180.0   5.0 450.0                            LAT/LON1/LON2/DLON/H
   43   47   43   39   43   43   48   45   48   43   45   38   40   35   37   32
   34   30   33   28   32   28   31   27   31   29   33   31   36   35   40   41
   45   47   51   51   56   56   61   61   65   69   72   75   79   82   85   85
   88   88   89   88   88   86   85   81   80   77   75   71   69   64   61   56
   53   48   46   41   41   35   38   30   43                                   
    67.5-180.0 180.0   5.0 450.0                            LAT/LON1/LON2/DLON/H
   42   51   40   37   38   39   41   42   41   41   40   37   37   36   36   36
   34   35   32   33   32   33   31   31   29   30   29   30   31   32   35   37
   41   43   47   49   53   54   58   60   64   68   72   77   80   84   86   89
   90   91   91   91   90   89   87   85   82   79   76   74   71   68   65   61
   58   54   50   48   44   39   41   34   42                                   
    65.0-180.0 180.0   5.0 450.0                            LAT/LON1/LON2/DLON/H
   44   47   39   37   37   37   40   39   40   38   39   35   38   37   39   38
   40   39   40   39   40   39   38   37   36   34   32   32   32   32   35   37
   41   43   48   49   54   54   59   62   67   72   78   81   85   88   91   91
   94   94   95   94   94   91   90   86   84   81   79   76   74   72   71   68
   65   62   60   56   53   45   47   37   44                                   
    62.5-180.0 180.0   5.0 450.0                            LAT/LON1/LON2/DLON/H
   45   52   40   36   34   35   35   37   36   36   36   34   37   37   40   41
   42   41   40   41   40   41   39   38   35   33   29   29   27   29   31   35
   39   42   47   49   52   54   58   62   67   73   78   83   85   89   90   92
   93   95   96   96   95   94   91   87   85   81   78   76   74   72   71   69
   66   65   62   60   56   50   51   41   45                                   
    60.0-180.0 180.0   5.0 450.0                            LAT/LON1/LON2/DLON/H
   48   49   39   37   34   35   36   35   36   34   35   33   36   37   40   42
   43   42   42   42   41   40   40   38   37   34   31   29   27   27   30   35
   39   43   48   51   54   56   60   66   72   78   84   87   91   91   93   93
   97   98  102  102  104  101   99   93   91   86   85   81   80   77   76   73
   72   70   69   65   64   54   55   44   48                                   
    57.5-180.0 180.0   5.0 450.0                            LAT/LON1/LON2/DLON/H
   52   58   44   38   34   34   33   34   34   33   33   32   36   36   40   40
   41   39   38   36   36   35   35   34   33   31   27   25   23   24   27   33
   39   44   50   53   56   59   64   70   76   83   87   91   92   94   95   97
  101  106  110  114  115  113  110  104  101   96   93   88   88   84   83   78
   76   73   71   68   65   58   58   47   52                                   
    55.0-180.0 180.0   5.0 450.0                            LAT/LON1/LON2/DLON/H
   58   58   45   42   38   38   37   37   36   33   33   31   34   35   37   38
   38   37   34   32   30   30   30   31   31   28   27   24   22   23   26   33
   41   47   52   56   60   63   69   76   83   89   94   95   98   97  101  103
  110  116  124  128  132  130  127  120  116  110  107  102  101   96   95   88
   85   80   78   73   72   62   64   53   58                                   
    52.5-180.0 180.0   5.0 450.0                            LAT/LON1/LON2/DLON/H
   64   69   53   47   43   41   40   39   37   34   32   31   32   33   35   34
   34   31   28   25   24   24   25   27   27   27   24   22   19   21   25   33
   41   49   55   60   63   69   75   84   90   97   99  102  102  105  107  114
  121  131  138  145  148  148  143  137  132  126  121  115  115  109  106   99
   94   87   83   77   74   67   68   59   64                                   
    50.0-180.0 180.0   5.0 450.0                            LAT/LON1/LON2/DLON/H
   70   69   57   55   50   49   46   45   42   38   35   33   34   32   34   34
   33   30   26   25   22   24   25   27   29   28   27   24   22   24   28   37
   46   56   62   69   73   79   86   95  102  108  112  112  115  116  123  129
  140  148  159  164  170  167  163  156  151  144  138  133  129  125  121  113
  107   98   93   85   82   73   74   67   70                                   
    47.5-180.0 180.0   5.0 450.0                            LAT/LON1/LON2/DLON/H
   78   82   68   62   59   55   52   49   45   40   36   33   33   32   33   33
   32   28   24   23   22   24   26   29   30   32   29   29   24   26   30   40
   49   61   69   76   82   88   95  106  113  120  122  125  126  131  136  144
  152  163  172  180  183  182  176  168  161  155  150  145  143  138  132  123
  115  107  100   92   87   79   80   73   78                                   
    45.0-180.0 180.0   5.0 450.0                            LAT/LON1/LON2/DLON/H
   83   82   71   68   65   62   58   56   50   46   41   38   37   35   37   36
   36   32   29   29   29   31   33   35   37   37   36   34   31   32   36   46
   57   71   81   91   96  104  110  121  127  134  137  139  143  146  154  160
  168  176  184  189  190  188  179  173  166  161  153  152  150  148  141  133
  125  115  108   99   95   85   86   80   83                                   
    42.5-180.0 180.0   5.0 450.0                            LAT/LON1/LON2/DLON/H
   87   91   81   74   73   67   64   59   55   50   44   40   40   39   40   40
   40   37   35   35   37   39   41   44   44   45   41   41   36   39   42   53
   64   79   91  101  108  116  123  132  140  146  148  152  155  161  166  171
  179  184  189  191  192  186  179  170  164  158  154  152  153  151  146  138
  130  121  113  105   99   90   90   84   87                                   
    40.0-180.0 180.0   5.0 450.0                            LAT/LON1/LON2/DLON/H
   90   89   81   78   75   69   67   63   59   54   50   47   47   47   49   49
   49   47   46   47   48   51   53   52   53   51   48   46   44   46   51   61
   75   93  104  118  124  134  138  150  154  161  164  167  171  175  182  186
  192  194  196  197  195  189  180  173  166  161  155  155  155  154  149  143
  136  126  120  111  106   94   94   88   90                                   
    37.5-180.0 180.0   5.0 450.0                            LAT/LON1/LON2/DLON/H
   90   93   84   79   78   71   69   65   62   57   54   52   52   54   56   56
   57   55   55   57   59   61   62   61   58   55   51   49   48   51   57   68
   82   99  116  126  137  144  153  159  168  173  176  180  183  189  196  200
  204  206  209  208  209  203  196  187  181  174  170  164  164  157  152  143
  137  127  122  113  108   98   95   90   90                                   
    35.0-180.0 180.0   5.0 450.0                            LAT/LON1/LON2/DLON/H
   90   89   80   77   74   70   67   65   62   60   58   58   61   63   67   69
   69   68   67   69   71   71   71   65   62   56   53   51   52   56   64   75
   91  112  124  141  149  160  165  176  182  189  191  194  199  206  213  218
  223  228  230  235  233  233  223  219  209  201  192  185  178  168  159  149
  141  132  125  117  112  101   99   93   90                                   
    32.5-180.0 180.0   5.0 450.0                            LAT/LON1/LON2/DLON/H
   86   90   79   73   72   68   67   65   63   61   60   60   65   69   74   76
   77   77   77   79   81   81   77   69   63   56   53   50   52   57   67   79
   95  112  131  144  159  166  179  187  197  203  206  211  216  226  233  239
  246  253  263  269  276  274  272  264  258  244  233  218  207  189  177  160
  152  138  129  119  113  102  100   96   86                                   
    30.0-180.0 180.0   5.0 450.0                            LAT/LON1/LON2/DLON/H
   87   87   72   70   67   66   64   64   62   61   60   63   70   75   83   86
   86   86   86   88   89   85   81   71   65   58   54   53   55   62   74   89
  104  125  139  159  169  182  191  203  213  219  226  229  239  248  260  268
  280  292  305  318  327  332  331  326  318  300  283  263  241  221  201  184
  170  155  140  130  120  108  104  100   87                                   
    27.5-180.0 180.0   5.0 450.0                            LAT/LON1/LON2/DLON/H
   92   96   79   74   71   69   67   66   64   63   62   65   71   78   85   88
   90   89   91   92   92   88   82   72   65   57   53   50   53   61   73   88
  106  124  144  162  180  191  205  215  227  235  244  251  261  272  285  297
  315  330  352  369  389  394  396  390  380  359  339  313  286  258  234  212
  196  175  160  142  133  121  117  105   92                                   
    25.0-180.0 180.0   5.0 450.0                            LAT/LON1/LON2/DLON/H
  101  101   84   81   76   75   72   70   67   65   64   67   73   79   87   92
   93   94   93   94   93   88   82   73   67   61   56   54   55   63   78   93
  111  131  150  174  190  207  216  229  241  254  264  272  287  298  319  332
  355  377  403  426  447  459  460  457  445  423  398  367  335  307  276  251
  226  204  183  164  153  141  135  119  101                                   
    22.5-180.0 180.0   5.0 450.0                            LAT/LON1/LON2/DLON/H
  123  125  106   98   94   87   84   79   75   70   68   68   72   78   85   88
   90   87   90   88   89   86   81   74   69   63   58   54   55   62   77   92
  113  132  153  178  199  216  229  243  255  269  284  294  311  324  346  363
  393  418  450  473  494  504  507  507  496  477  450  414  379  346  313  284
  256  229  207  187  176  162  158  134  123                                   
    20.0-180.0 180.0   5.0 450.0                            LAT/LON1/LON2/DLON/H
  144  148  127  122  111  105   97   90   83   78   72   71   73   77   82   85
   86   84   83   83   84   83   81   79   76   70   64   59   57   63   78   95
  115  138  157  187  205  226  238  254  268  286  303  319  339  353  377  394
  425  452  482  505  522  529  530  532  528  515  495  464  427  391  353  323
  289  262  237  216  203  184  177  155  144                                   
    17.5-180.0 180.0   5.0 450.0                            LAT/LON1/LON2/DLON/H
  173  176  161  151  141  127  119  106   99   88   83   76   77   76   80   79
   80   78   78   78   80   82   81   82   81   76   68   61   58   67   83   99
  123  140  161  187  211  232  247  264  279  301  321  340  360  375  398  419
  448  475  503  523  534  536  532  532  528  523  511  487  459  421  387  352
  322  293  271  248  234  211  206  182  173                                   
    15.0-180.0 180.0   5.0 450.0                            LAT/LON1/LON2/DLON/H
  195  206  190  185  170  155  141  126  117  102   96   87   86   79   81   76
   77   72   73   72   76   80   83   90   91   85   76   67   68   71   90  105
  129  146  165  194  215  239  254  273  293  317  342  365  386  402  425  443
  471  493  514  525  529  526  519  516  515  514  511  498  478  450  417  387
  356  330  305  288  273  250  229  209  195                                   
    12.5-180.0 180.0   5.0 450.0                            LAT/LON1/LON2/DLON/H
  226  236  222  213  200  184  166  153  139  126  116  104   98   88   86   77
   76   70   70   72   77   82   89   94   94   92   81   75   73   81   96  113
  133  147  165  190  216  238  257  279  301  330  355  381  401  420  440  461
  482  499  510  513  509  504  490  486  482  489  488  486  475  457  434  410
  383  360  338  318  308  286  272  248  226                                   
    10.0-180.0 180.0   5.0 450.0                            LAT/LON1/LON2/DLON/H
  252  257  246  236  221  207  189  179  164  154  143  127  120  102  100   84
   85   74   77   74   84   89   97  104  103  101   93   84   82   87  102  119
  138  152  167  195  214  239  257  282  308  339  369  392  413  432  454  474
  490  501  505  502  496  486  468  465  463  471  475  478  473  465  444  428
  403  384  360  351  339  323  304  282  252                                   
     7.5-180.0 180.0   5.0 450.0                            LAT/LON1/LON2/DLON/H
  285  287  273  264  245  225  208  196  184  179  166  157  142  124  112   94
   91   81   86   84   95  100  107  112  112  108  100   92   88   92  103  120
