data/unet/pred1780.15i
     1.0            IONOSPHERE MAPS     GNSS                IONEX VERSION / TYPE
pyspatialgeodesy        IME             05-JAN-18 20:20     PGM / RUN BY / DATE 
Map Name                                                    COMMENT             
Predicted global ionosphere maps (GIM).                     DESCRIPTION         
  2015     6    27     0     0     0                        EPOCH OF FIRST MAP  
  2015     6    28     0     0     0                        EPOCH OF LAST MAP   
  7200                                                      INTERVAL            
    13                                                      # OF MAPS IN FILE   
  NONE                                                      MAPPING FUNCTION    
10.0                                                        ELEVATION CUTOFF    
One-way carrier phase leveled to code                       OBSERVABLES USED    
  6371.0                                                    BASE RADIUS         
 2                                                          MAP DIMENSION       
   450.0 450.0   0.0                                        HGT1 / HGT2 / DHGT  
    87.5 -87.5  -2.5                                        LAT1 / LAT2 / DLAT  
  -180.0 180.0   5.0                                        LON1 / LON2 / DLON  
    -1                                                      EXPONENT            
                                                            END OF HEADER       
[from data line 858]
     3                                                      START OF TEC MAP    
  2015     6    27     4     0     0                        EPOCH OF CURRENT MAP
    87.5-180.0 180.0   5.0 450.0                            LAT/LON1/LON2/DLON/H
  166  164  158  158  158  156  154  155  153  154  152  153  152  152  151  151
  150  150  149  149  148  147  147  145  145  143  143  141  141  139  139  138
  138  137  138  137  138  137  137  137  137  137  137  136  136  136  137  137
  137  138  138  139  139  140  141  141  143  143  144  145  147  148  149  150
  151  153  153  154  153  151  160  174  166                                   
    85.0-180.0 180.0   5.0 450.0                            LAT/LON1/LON2/DLON/H
  167  166  157  165  161  158  156  159  156  158  156  157  155  157  154  155
  153  154  152  152  150  150  147  147  144  143  141  140  137  137  135  135
  134  134  133  133  132  133  132  132  131  132  131  131  130  132  131  132
  131  133  133  135  135  138  138  140  141  143  144  146  148  150  151  153
  154  156  156  159  156  155  160  166  167                                   
    82.5-180.0 180.0   5.0 450.0                            LAT/LON1/LON2/DLON/H
  154  149  157  160  156  151  152  152  153  153  153  154  152  153  151  152
  149  149  147  146  143  142  139  137  135  132  130  128  127  125  124  122
  123  121  122  120  122  119  121  119  120  118  120  118  120  118  121  120
  123  122  126  126  129  130  134  135  139  139  143  143  147  147  150  149
  152  151  154  152  155  151  156  153  154                                   
    80.0-180.0 180.0   5.0 450.0                            LAT/LON1/LON2/DLON/H
  162  158  164  166  161  157  156  157  157  157  157  157  157  155  155  154
  153  151  150  149  146  144  140  139  134  132  128  127  123  122  120  120
  120  120  121  122  122  122  123  124  124  124  124  125  126  126  126  128
  129  130  131  134  135  137  138  141  142  146  146  150  151  154  154  156
  157  159  159  162  162  158  157  158  162                                   
    77.5-180.0 180.0   5.0 450.0                            LAT/LON1/LON2/DLON/H
  162  159  166  167  163  160  158  158  158  157  157  156  155  153  153  152
  151  149  148  146  144  141  138  134  131  126  123  119  116  114  113  113
  113  114  116  119  120  122  124  124  125  125  126  127  128  128  130  132
  133  135  136  139  140  142  144  147  149  151  153  156  159  160  162  164
  166  166  168  168  170  164  158  158  162                                   
    75.0-180.0 180.0   5.0 450.0                            LAT/LON1/LON2/DLON/H
  163  159  162  163  160  155  154  153  152  151  150  148  147  144  143  141
  140  139  138  137  135  132  129  125  121  116  112  108  106  103  104  103
  105  106  110  113  115  118  120  123  123  125  126  129  128  132  133  135
  136  138  139  142  141  145  145  149  149  154  154  159  159  164  162  167
  165  169  169  171  170  164  160  160  163                                   
    72.5-180.0 180.0   5.0 450.0                            LAT/LON1/LON2/DLON/H
  159  154  158  158  154  150  148  146  145  143  141  138  136  133  131  129
  129  128  127  126  125  123  120  116  111  105  101   98   95   94   94   96
   97  101  105  109  112  116  119  122  122  124  126  128  129  133  135  137
  137  140  141  143  143  146  147  150  151  154  156  158  160  162  163  163
  165  166  169  170  171  166  161  161  159                                   
    70.0-180.0 180.0   5.0 450.0                            LAT/LON1/LON2/DLON/H
  157  151  154  155  152  147  146  143  141  139  136  132  129  124  123  120
  119  118  119  117  118  114  113  106  104   98   96   91   90   87   90   90
   95   97  102  107  109  116  116  122  120  126  125  132  131  138  138  142
  141  144  144  147  146  148  148  151  151  153  154  156  157  160  159  162
  162  165  167  170  170  164  162  163  157                                   
    67.5-180.0 180.0   5.0 450.0                            LAT/LON1/LON2/DLON/H
  155  148  152  153  147  143  141  140  137  134  131  126  121  117  113  111
  109  109  109  110  108  107  104  102   97   94   90   88   85   85   86   90
   91   96   99  105  107  113  113  119  117  123  123  131  132  138  139  145
  143  146  144  146  144  146  145  147  147  149  149  151  152  153  153  155
  156  159  163  165  169  164  160  161  155                                   
    65.0-180.0 180.0   5.0 450.0                            LAT/LON1/LON2/DLON/H
  155  149  152  152  149  144  142  140  137  134  129  123  118  112  109  105
  104  102  103  103  104  102  101   98   95   90   89   86   85   85   87   90
   93   96  100  105  107  113  113  119  119  125  127  134  137  143  145  148
  148  149  147  148  146  146  146  147  146  147  147  148  148  149  149  150
  151  156  160  165  167  163  161  163  155                                   
    62.5-180.0 180.0   5.0 450.0                            LAT/LON1/LON2/DLON/H
  156  149  154  154  148  144  141  139  137  133  128  123  116  110  105  102
  100   99   97   98   97   98   94   94   90   88   85   84   83   85   86   89
   91   95   97  103  104  109  109  117  116  124  126  135  137  144  146  150
  149  150  148  148  146  146  145  145  145  146  144  146  144  145  144  147
  148  152  158  162  167  164  162  162  156                                   
    60.0-180.0 180.0   5.0 450.0                            LAT/LON1/LON2/DLON/H
  160  155  158  157  154  147  144  142  139  135  131  124  118  110  106  100
   99   95   95   93   94   91   90   87   87   82   82   81   83   83   86   88
   91   94   97  101  104  108  110  116  120  127  132  139  143  149  152  155
  156  156  154  154  152  152  151  151  151  152  151  150  148  147  145  147
  148  153  157  163  166  164  162  166  160                                   
    57.5-180.0 180.0   5.0 450.0                            LAT/LON1/LON2/DLON/H
  165  159  164  162  156  151  145  143  140  136  131  125  119  111  105  100
   96   94   92   91   89   87   84   82   79   78   77   79   80   82   82   85
   86   88   90   95   96  101  105  114  119  127  132  139  144  149  152  155
  155  155  154  154  153  154  154  154  155  155  154  153  151  149  147  147
  148  152  158  162  169  166  164  165  165                                   
    55.0-180.0 180.0   5.0 450.0                            LAT/LON1/LON2/DLON/H
  169  167  171  168  164  157  152  149  145  141  135  129  121  112  105   99
   96   92   91   87   87   82   80   75   75   72   75   75   78   79   80   80
   81   82   85   89   92   98  103  113  120  130  136  143  148  155  158  162
  161  162  160  161  161  163  164  165  165  166  164  163  159  158  153  153
  153  158  162  168  172  169  168  172  169                                   
    52.5-180.0 180.0   5.0 450.0                            LAT/LON1/LON2/DLON/H
  175  172  177  175  169  162  156  153  148  144  137  130  123  113  104   98
   93   91   88   87   84   81   76   73   71   70   71   73   74   75   75   74
   74   74   74   78   83   90  100  110  121  131  138  145  152  156  161  163
  165  164  166  166  169  170  173  171  175  171  172  167  168  162  160  158
  159  161  167  171  179  175  174  173  175                                   
    50.0-180.0 180.0   5.0 450.0                            LAT/LON1/LON2/DLON/H
  178  180  184  183  178  170  165  162  156  152  143  135  126  114  105   97
   95   90   90   87   86   80   77   72   72   69   72   72   74   73   73   69
   68   66   67   72   78   87   97  111  122  134  140  149  154  161  164  168
  170  173  173  177  180  184  185  186  186  185  183  180  177  174  168  167
  167  170  175  181  186  181  179  181  178                                   
    47.5-180.0 180.0   5.0 450.0                            LAT/LON1/LON2/DLON/H
  185  185  190  188  183  175  171  166  161  155  148  138  128  116  105   98
   93   91   89   89   87   84   79   76   74   72   73   73   74   72   70   67
   63   61   61   65   72   81   94  110  123  136  143  151  158  164  168  172
  177  180  183  185  191  193  197  196  197  192  192  185  185  178  175  172
  174  176  183  188  196  190  187  186  185                                   
    45.0-180.0 180.0   5.0 450.0                            LAT/LON1/LON2/DLON/H
  189  194  197  194  189  181  179  173  169  163  155  146  135  121  108  100
   97   93   93   92   92   87   86   81   83   79   81   79   79   75   73   67
   64   60   60   65   70   81   93  111  124  139  146  155  161  168  172  178
  183  187  191  195  201  205  208  208  208  205  201  197  192  188  182  181
  182  188  195  204  207  202  195  195  189                                   
    42.5-180.0 180.0   5.0 450.0                            LAT/LON1/LON2/DLON/H
  198  198  202  197  190  184  182  178  173  167  159  150  140  125  112  103
   99   96   94   96   95   93   91   90   90   89   89   87   86   82   79   75
   72   66   63   65   70   79   91  109  123  140  148  157  163  170  176  181
  189  193  200  204  211  213  216  215  213  208  205  198  197  189  187  185
  191  196  208  215  223  217  208  205  198                                   
    40.0-180.0 180.0   5.0 450.0                            LAT/LON1/LON2/DLON/H
  207  210  209  202  196  189  188  183  181  173  166  158  149  135  121  111
  107  103  102  102  103  100  101  100  103  102  103  100   99   93   89   84
   82   76   73   75   77   85   91  110  123  141  150  160  167  175  181  188
  197  202  210  215  222  225  226  225  224  219  216  210  208  203  200  202
  208  216  228  237  241  233  220  217  207                                   
    37.5-180.0 180.0   5.0 450.0                            LAT/LON1/LON2/DLON/H
  223  218  217  208  199  193  191  188  184  178  171  164  155  144  131  122
  115  112  109  109  108  109  110  113  115  117  117  115  111  107  102   98
   94   91   87   87   87   93   96  111  124  142  152  163  171  179  188  196
  206  215  223  229  237  240  243  240  236  230  227  221  220  214  214  215
  224  232  247  256  263  255  241  234  223                                   
    35.0-180.0 180.0   5.0 450.0                            LAT/LON1/LON2/DLON/H
  238  235  229  217  209  202  200  195  193  185  179  172  165  155  144  134
  128  123  119  118  118  118  122  124  130  132  132  128  126  119  115  108
  105  101   99   99   96  100  101  113  123  141  152  165  176  185  195  204
  217  226  235  243  250  255  256  253  250  244  241  235  235  231  232  235
  247  257  272  280  285  275  260  254  238                                   
    32.5-180.0 180.0   5.0 450.0                            LAT/LON1/LON2/DLON/H
  260  249  247  234  223  218  212  208  202  196  187  181  172  166  155  149
  141  136  129  128  126  128  132  138  143  149  146  143  138  132  127  121
  117  114  110  111  106  110  108  119  127  142  154  167  178  188  198  211
  223  234  243  251  260  265  269  266  264  258  255  250  251  247  249  253
  266  274  289  298  309  300  286  280  260                                   
    30.0-180.0 180.0   5.0 450.0                            LAT/LON1/LON2/DLON/H
  284  276  271  254  245  237  230  225  220  210  202  192  185  176  167  159
  154  146  140  136  137  137  144  150  158  160  160  152  148  137  133  124
  121  116  113  112  108  111  109  119  124  140  150  166  178  190  200  212
  226  236  246  254  264  270  276  274  274  269  267  262  265  262  267  272
  286  298  313  323  330  323  311  303  284                                   
    27.5-180.0 180.0   5.0 450.0                            LAT/LON1/LON2/DLON/H
  312  301  301  289  274  267  254  249  238  231  217  209  197  190  178  172
  164  160  151  149  147  153  158  168  171  176  171  165  156  145  137  129
  124  120  115  114  111  112  112  119  126  138  150  165  178  189  199  211
  225  235  248  256  269  275  284  283  285  279  277  275  277  278  283  292
  304  315  331  338  350  345  338  330  312                                   
    25.0-180.0 180.0   5.0 450.0                            LAT/LON1/LON2/DLON/H
  343  339  337  322  309  297  284  274  263  250  239  226  216  205  192  181
  175  168  163  160  163  167  176  181  187  184  179  168  157  141  133  122
  115  110  106  105  102  104  104  111  118  131  145  159  173  184  195  206
  220  228  242  252  268  276  289  288  294  289  290  287  291  292  300  307
  320  333  344  352  359  359  356  352  343                                   
    22.5-180.0 180.0   5.0 450.0                            LAT/LON1/LON2/DLON/H
  367  367  372  360  345  332  315  304  286  275  258  247  233  221  205  195
  185  181  174  175  176  184  190  198  195  193  182  170  155  139  126  116
  106  101   96   94   95   94   97  102  111  124  139  157  170  182  191  202
  216  223  241  251  269  278  295  295  305  300  302  298  303  304  312  319
  331  339  351  355  367  367  372  371  367                                   
    20.0-180.0 180.0   5.0 450.0                            LAT/LON1/LON2/DLON/H
  389  392  393  384  372  363  342  330  308  293  277  263  251  236  221  207
  198  190  187  186  192  199  207  208  205  195  182  166  149  130  117  103
   94   89   84   84   82   82   84   91  102  116  137  153  171  179  192  202
  216  223  242  252  268  281  296  301  312  309  310  309  313  316  324  331
  339  347  355  359  366  372  376  379  389                                   
    17.5-180.0 180.0   5.0 450.0                            LAT/LON1/LON2/DLON/H
  398  402  410  401  390  381  363  350  326  311  292  283  265  254  234  222
  208  202  197  200  203  214  217  221  209  196  176  159  139  122  105   93
   82   77   76   74   74   76   76   84   95  112  131  152  171  182  194  202
  221  228  250  262  280  290  306  312  324  321  323  318  324  326  337  344
  350  351  359  361  369  374  380  385  398                                   
    15.0-180.0 180.0   5.0 450.0                            LAT/LON1/LON2/DLON/H
  408  411  415  408  402  394  375  362  336  319  298  288  276  265  249  234
  224  213  210  211  216  223  226  222  208  189  168  148  130  112   97   85
   75   68   66   67   65   67   68   74   88  104  128  151  172  186  198  210
  227  239  260  272  289  300  316  325  336  337  337  334  336  343  353  363
  365  368  371  370  373  381  385  390  408                                   
    12.5-180.0 180.0   5.0 450.0                            LAT/LON1/LON2/DLON/H
  411  414  420  411  403  392  377  362  338  321  300  292  280  275  256  247
  232  226  220  223  223  232  227  221  200  179  154  134  115  103   90   77
   69   62   61   59   59   59   60   65   80   97  126  150  177  190  208  215
  238  249  272  285  304  313  327  336  346  350  355  351  355  362  374  380
  383  382  386  381  387  390  394  401  411                                   
    10.0-180.0 180.0   5.0 450.0                            LAT/LON1/LON2/DLON/H
  419  418  420  409  399  387  368  354  329  313  295  286  279  272  263  253
  245  235  231  230  230  230  223  209  191  166  142  121  106   95   84   74
   64   59   54   54   50   51   49   56   71   90  119  146  174  192  209  224
  245  260  282  295  315  323  337  349  361  370  377  376  380  387  397  401
  402  399  401  396  398  403  404  408  419                                   
     7.5-180.0 180.0   5.0 450.0                            LAT/LON1/LON2/DLON/H
  423  424  425  409  393  374  356  338  315  300  284  277  269  268  257  254
  244  239  232  233  227  226  211  196  173  149  125  109   98   89   80   70
