data/unet/pred1730.15i
     1.0            IONOSPHERE MAPS     GNSS                IONEX VERSION / TYPE
pyspatialgeodesy        IME             05-JAN-18 20:20     PGM / RUN BY / DATE 
Map Name                                                    COMMENT             
Predicted global ionosphere maps (GIM).                     DESCRIPTION         
  2015     6    22     0     0     0                        EPOCH OF FIRST MAP  
  2015     6    23     0     0     0                        EPOCH OF LAST MAP   
  7200                                                      INTERVAL            
    13                                                      # OF MAPS IN FILE   
  NONE                                                      MAPPING FUNCTION    
10.0                                                        ELEVATION CUTOFF    
One-way carrier phase leveled to code                       OBSERVABLES USED    
  6371.0                                                    BASE RADIUS         
 2                                                          MAP DIMENSION       
   450.0 450.0   0.0                                        HGT1 / HGT2 / DHGT  
    87.5 -87.5  -2.5                                        LAT1 / LAT2 / DLAT  
  -180.0 180.0   5.0                                        LON1 / LON2 / DLON  
    -1                                                      EXPONENT            
                                                            END OF HEADER       
[from data line 2145]
     6                                                      START OF TEC MAP    
  2015     6    22    10     0     0                        EPOCH OF CURRENT MAP
    87.5-180.0 180.0   5.0 450.0                            LAT/LON1/LON2/DLON/H
  166  185  186  187  187  186  186  186  186  186  187  186  187  186  188  186
  188  187  188  187  188  186  188  186  189  187  189  187  189  187  188  186
  188  185  187  185  186  184  185  182  184  182  185  183  185  185  188  187
  190  191  194  194  196  197  197  199  197  200  197  199  196  198  194  197
  193  195  191  192  186  185  177  156  166                                   
    85.0-180.0 180.0   5.0 450.0                            LAT/LON1/LON2/DLON/H
  187  176  183  186  185  185  185  185  185  186  186  186  187  187  188  188
  188  188  190  190  191  191  192  192  194  193  195  195  196  196  197  196
  197  197  198  197  197  195  195  193  193  192  193  192  193  193  195  194
  196  197  199  200  200  201  201  201  201  201  200  199  199  197  196  195
  194  192  191  189  188  180  188  173  187                                   
    82.5-180.0 180.0   5.0 450.0                            LAT/LON1/LON2/DLON/H
  179  178  179  181  184  182  184  183  185  184  186  185  187  186  189  187
  190  188  192  190  194  192  195  195  198  197  199  199  201  200  202  201
  203  201  204  201  203  200  200  198  198  197  198  198  199  199  201  201
  203  203  206  205  208  205  208  205  208  204  206  202  203  199  199  195
  195  191  191  186  187  180  185  193  179                                   
    80.0-180.0 180.0   5.0 450.0                            LAT/LON1/LON2/DLON/H
  185  179  173  174  175  176  176  177  176  178  177  179  179  181  180  182
  182  184  183  186  186  188  188  191  191  194  193  197  196  199  198  200
  199  201  200  200  199  199  197  198  195  198  196  199  197  202  200  204
  203  208  206  210  209  211  210  211  209  210  207  207  204  203  200  198
  195  192  189  185  185  177  182  184  185                                   
    77.5-180.0 180.0   5.0 450.0                            LAT/LON1/LON2/DLON/H
  181  183  176  177  177  178  178  178  178  179  180  180  180  181  181  181
  182  182  183  184  185  187  188  190  191  193  194  197  198  200  201  203
  203  204  204  204  203  203  203  202  202  203  204  206  207  210  211  214
  215  217  218  219  220  220  220  220  220  218  217  216  214  212  209  207
  203  200  196  192  190  181  182  188  181                                   
    75.0-180.0 180.0   5.0 450.0                            LAT/LON1/LON2/DLON/H
  181  178  172  175  173  176  174  176  175  178  176  179  177  179  177  179
  177  180  178  181  180  182  182  184  184  187  187  192  192  197  197  201
  200  204  202  204  201  202  200  201  199  202  202  207  207  212  212  219
  217  224  221  226  222  226  222  226  220  225  219  222  216  219  212  213
  205  206  198  198  191  184  187  188  181                                   
    72.5-180.0 180.0   5.0 450.0                            LAT/LON1/LON2/DLON/H
  180  183  174  174  172  173  172  173  172  174  174  175  174  175  174  174
  174  174  174  174  175  175  175  175  175  177  178  182  184  189  192  197
  198  202  202  203  202  202  201  202  202  205  206  210  212  216  218  222
  223  226  226  227  224  226  222  225  220  223  219  221  218  218  214  214
  209  208  201  199  195  187  188  196  180                                   
    70.0-180.0 180.0   5.0 450.0                            LAT/LON1/LON2/DLON/H
  182  179  172  172  168  169  166  168  166  170  168  171  170  172  170  172
  170  172  171  172  171  171  170  169  169  169  171  174  178  184  189  196
  198  203  203  205  204  205  204  205  205  208  210  214  216  221  222  227
  225  228  225  226  220  222  216  219  214  218  214  218  214  219  213  216
  209  211  201  203  195  189  194  199  182                                   
    67.5-180.0 180.0   5.0 450.0                            LAT/LON1/LON2/DLON/H
  183  188  176  173  168  166  163  162  161  163  164  165  165  167  166  167
  166  168  167  168  166  165  164  161  161  161  164  168  174  181  188  196
  200  206  207  210  210  210  211  211  212  215  217  221  223  226  227  228
  225  224  220  218  213  211  207  207  204  206  205  208  208  210  210  211
  209  208  204  203  201  194  195  204  183                                   
    65.0-180.0 180.0   5.0 450.0                            LAT/LON1/LON2/DLON/H
  191  186  178  173  164  161  155  155  152  155  154  157  157  159  158  160
  159  162  161  163  161  162  159  158  158  159  163  168  174  183  189  201
  205  212  214  217  217  218  218  219  220  223  226  230  231  233  232  230
  225  221  214  210  203  201  196  197  194  199  197  204  203  210  207  212
  208  212  206  209  203  198  204  208  191                                   
    62.5-180.0 180.0   5.0 450.0                            LAT/LON1/LON2/DLON/H
  196  200  185  177  167  160  152  147  143  143  143  146  146  149  148  151
  149  153  152  156  153  155  153  153  154  156  160  166  174  183  192  202
  209  217  221  224  225  226  227  227  229  232  234  238  238  238  235  230
  223  216  209  204  197  193  190  189  189  191  193  196  201  203  206  208
  210  210  210  210  212  206  209  217  196                                   
    60.0-180.0 180.0   5.0 450.0                            LAT/LON1/LON2/DLON/H
  207  200  191  183  169  159  148  142  137  135  135  136  138  140  140  141
  141  143  143  146  146  148  148  149  152  155  161  168  176  186  194  207
  213  223  226  232  232  233  234  235  237  240  243  246  246  244  241  233
  225  216  208  200  193  190  187  189  188  194  194  201  202  209  208  214
  212  218  215  220  217  213  219  221  207                                   
    57.5-180.0 180.0   5.0 450.0                            LAT/LON1/LON2/DLON/H
  214  215  200  190  175  160  147  135  127  122  121  122  124  125  126  127
  127  129  130  133  134  138  139  143  146  152  158  166  175  187  196  208
  215  226  230  236  237  240  241  243  244  248  250  252  251  249  244  237
  227  220  211  205  198  195  192  191  194  195  199  199  206  206  212  212
  217  217  221  222  226  220  224  229  214                                   
    55.0-180.0 180.0   5.0 450.0                            LAT/LON1/LON2/DLON/H
  223  214  206  197  181  164  148  135  123  116  113  112  114  115  116  116
  117  118  120  123  126  131  134  140  146  154  161  170  179  191  199  212
  217  228  233  240  241  245  247  250  252  255  258  260  259  255  250  244
  235  227  218  212  205  204  200  204  201  209  205  213  210  218  216  224
  220  228  225  232  229  226  231  233  223                                   
    52.5-180.0 180.0   5.0 450.0                            LAT/LON1/LON2/DLON/H
  227  223  211  201  185  168  149  133  119  109  103  101   99  100  100  100
  102  104  107  111  116  123  129  138  144  154  160  170  179  192  200  211
  217  228  234  241  245  249  253  257  260  264  266  268  265  262  256  252
  244  240  231  225  218  216  213  213  215  215  217  214  218  218  222  223
  227  229  232  233  236  232  234  236  227                                   
    50.0-180.0 180.0   5.0 450.0                            LAT/LON1/LON2/DLON/H
  227  214  210  203  187  170  153  136  122  109  102   96   94   93   93   94
   95   97  101  107  113  122  130  143  149  160  165  177  184  197  202  214
  218  231  236  246  251  257  262  266  270  275  277  280  277  274  269  266
  259  257  248  243  232  229  222  226  223  229  225  228  223  230  226  236
  232  242  236  243  237  233  233  235  227                                   
    47.5-180.0 180.0   5.0 450.0                            LAT/LON1/LON2/DLON/H
  221  214  205  197  183  167  151  137  123  111  101   95   92   90   89   89
   90   92   97  101  109  119  130  142  152  162  168  179  185  196  202  212
  220  232  240  250  259  266  273  277  282  286  290  291  289  287  282  279
  273  271  263  258  247  241  234  234  234  235  235  231  233  231  236  237
  242  243  245  243  243  234  233  232  221                                   
    45.0-180.0 180.0   5.0 450.0                            LAT/LON1/LON2/DLON/H
  212  197  193  186  176  164  152  139  128  117  109  101   97   93   92   91
   91   94   98  106  114  126  138  153  160  173  177  188  192  203  207  218
  225  237  246  258  268  278  286  292  296  303  307  310  306  305  298  296
  289  287  280  273  260  254  245  244  241  244  240  242  237  243  240  250
  248  256  247  249  239  228  223  223  212                                   
    42.5-180.0 180.0   5.0 450.0                            LAT/LON1/LON2/DLON/H
  204  190  181  173  164  156  146  138  128  121  113  107  102   97   94   93
   94   96  100  106  115  126  140  153  165  175  181  188  194  202  208  218
  227  240  253  266  280  291  301  308  314  320  325  328  325  322  316  313
  307  302  293  283  271  263  256  253  252  252  250  247  249  247  252  255
  261  259  257  248  243  227  222  215  204                                   
    40.0-180.0 180.0   5.0 450.0                            LAT/LON1/LON2/DLON/H
  195  175  167  159  153  149  143  137  131  127  122  117  113  108  104  101
  101  103  106  113  122  134  149  164  175  187  191  199  202  211  215  226
  233  248  259  276  291  306  317  327  333  340  345  348  346  344  337  335
  330  324  313  300  286  276  267  267  264  266  262  263  261  264  265  272
  273  274  263  257  241  222  213  209  195                                   
    37.5-180.0 180.0   5.0 450.0                            LAT/LON1/LON2/DLON/H
  195  173  161  153  145  142  137  136  130  131  126  125  120  116  111  108
  106  106  109  113  123  134  150  165  179  188  195  200  205  212  218  228
  237  253  267  286  305  321  335  342  353  358  365  366  366  362  358  356
  353  346  337  323  308  295  290  287  289  288  288  287  286  285  288  290
  293  286  277  261  248  227  219  210  195                                   
    35.0-180.0 180.0   5.0 450.0                            LAT/LON1/LON2/DLON/H
  197  172  162  153  146  142  138  136  134  134  134  134  131  126  122  116
  114  110  113  115  126  138  155  172  186  196  200  208  209  220  222  234
  238  257  267  291  309  329  342  356  364  375  380  386  384  383  380  380
  378  375  367  358  341  332  322  322  319  319  317  313  309  309  309  310
  309  301  288  272  254  231  223  221  197                                   
    32.5-180.0 180.0   5.0 450.0                            LAT/LON1/LON2/DLON/H
  206  183  173  163  152  146  140  138  135  138  136  137  134  130  124  120
  115  113  111  114  122  135  153  171  186  196  201  208  211  221  226  236
  243  258  273  293  314  332  350  360  374  382  392  396  400  399  399  399
  403  400  399  392  383  375  367  364  362  360  354  347  340  334  331  327
  324  312  296  278  263  242  237  233  206                                   
    30.0-180.0 180.0   5.0 450.0                            LAT/LON1/LON2/DLON/H
  216  195  186  178  167  159  151  148  144  146  143  145  141  137  132  126
  120  115  113  112  121  134  152  172  185  197  199  209  210  224  226  240
  244  261  272  294  310  332  347  364  373  388  393  403  405  411  411  420
  422  428  428  430  424  423  413  411  404  395  389  375  366  356  349  340
  335  320  305  287  272  253  248  248  216                                   
    27.5-180.0 180.0   5.0 450.0                            LAT/LON1/LON2/DLON/H
  225  209  201  192  182  175  164  158  153  152  147  146  140  137  130  125
  117  113  107  110  116  131  148  166  180  189  195  201  208  217  227  238
  247  262  276  294  310  328  346  357  369  378  389  397  406  412  420  428
  438  445  453  455  460  461  459  454  445  434  419  404  389  374  360  352
  339  326  308  291  278  263  258  255  225                                   
    25.0-180.0 180.0   5.0 450.0                            LAT/LON1/LON2/DLON/H
  234  222  214  208  196  189  181  176  169  168  160  158  149  144  135  128
  121  113  109  109  117  128  147  163  178  187  192  200  205  218  223  241
  247  268  278  298  308  327  336  353  359  375  378  394  397  415  420  439
  447  465  473  486  493  501  501  497  486  467  449  422  407  385  371  357
  344  329  312  295  282  269  265  266  234                                   
    22.5-180.0 180.0   5.0 450.0                            LAT/LON1/LON2/DLON/H
  239  232  223  217  205  197  190  184  180  175  167  163  152  146  135  127
  118  111  106  108  113  129  144  160  171  180  183  191  198  211  221  239
  249  271  284  299  311  322  332  340  350  356  366  373  388  400  418  434
  453  470  488  501  516  523  526  519  507  485  458  435  410  392  370  359
  342  329  309  293  278  267  264  264  239                                   
    20.0-180.0 180.0   5.0 450.0                            LAT/LON1/LON2/DLON/H
  241  233  228  225  213  205  199  195  190  187  178  173  162  155  143  133
  123  114  110  110  117  129  145  159  171  176  179  187  193  209  217  241
  252  277  288  304  311  325  329  344  343  356  354  373  378  402  411  437
  451  474  491  510  527  537  538  532  518  496  470  440  415  392  372  356
  342  325  306  287  274  263  259  263  241                                   
    17.5-180.0 180.0   5.0 450.0                            LAT/LON1/LON2/DLON/H
  235  228  225  223  214  208  203  199  195  189  180  172  162  154  140  130
  121  111  109  109  115  127  138  152  159  165  168  176  186  204  217  241
  255  279  293  306  318  327  335  342  348  352  357  363  377  390  409  424
  443  460  480  496  512  522  524  521  506  490  460  435  404  385  364  350
  335  319  299  279  265  255  248  249  235                                   
    15.0-180.0 180.0   5.0 450.0                            LAT/LON1/LON2/DLON/H
  230  218  218  216  211  205  205  201  196  191  179  174  162  158  144  136
  125  116  114  114  118  127  137  150  158  164  168  178  186  203  216  239
  255  282  296  313  323  336  342  355  354  363  360  374  376  396  403  420
  429  444  457  474  488  499  502  500  491  476  453  426  399  376  358  343
  330  313  295  275  262  250  242  245  230                                   
    12.5-180.0 180.0   5.0 450.0                            LAT/LON1/LON2/DLON/H
  219  209  209  205  201  196  196  194  191  184  175  167  159  153  141  131
  123  113  112  109  114  117  125  136  146  151  161  171  182  200  214  237
  257  283  302  318  332  344  355  364  369  371  372  376  382  390  400  404
  414  416  430  439  455  464  466  467  460  452  430  410  385  366  348  336
  325  307  292  270  257  245  236  235  219                                   
    10.0-180.0 180.0   5.0 450.0                            LAT/LON1/LON2/DLON/H
  217  203  202  194  187  182  182  183  178  173  162  160  149  148  136  131
  122  115  113  111  112  116  120  133  142  154  160  175  185  202  216  237
  258  286  304  324  336  352  362  373  376  382  380  385  382  392  394  400
  401  406  410  419  432  435  438  440  441  435  420  401  379  359  342  327
  317  301  286  268  257  244  234  237  217                                   
     7.5-180.0 180.0   5.0 450.0                            LAT/LON1/LON2/DLON/H
  214  205  201  192  182  172  170  165  162  154  148  143  138  137  130  124
  118  111  109  104  105  103  109  113  130  141  159  171  186  200  215  235
