data/unet/pred1190.15i
     1.0            IONOSPHERE MAPS     GNSS                IONEX VERSION / TYPE
pyspatialgeodesy        IME             05-JAN-18 20:20     PGM / RUN BY / DATE 
Map Name                                                    COMMENT             
Predicted global ionosphere maps (GIM).                     DESCRIPTION         
  2015     4    29     0     0     0                        EPOCH OF FIRST MAP  
  2015     4    30     0     0     0                        EPOCH OF LAST MAP   
  7200                                                      INTERVAL            
    13                                                      # OF MAPS IN FILE   
  NONE                                                      MAPPING FUNCTION    
10.0                                                        ELEVATION CUTOFF    
One-way carrier phase leveled to code                       OBSERVABLES USED    
  6371.0                                                    BASE RADIUS         
 2                                                          MAP DIMENSION       
   450.0 450.0   0.0                                        HGT1 / HGT2 / DHGT  
    87.5 -87.5  -2.5                                        LAT1 / LAT2 / DLAT  
  -180.0 180.0   5.0                                        LON1 / LON2 / DLON  
    -1                                                      EXPONENT            
                                                            END OF HEADER       
     1                                                      START OF TEC MAP    
  2015     4    29     0     0     0                        EPOCH OF CURRENT MAP
    87.5-180.0 180.0   5.0 450.0                            LAT/LON1/LON2/DLON/H
  207  184  178  174  172  167  170  168  170  168  170  167  168  165  166  162
  162  157  158  153  153  148  148  144  145  140  142  138  140  136  138  134
  138  135  138  135  138  137  141  140  144  144  148  148  154  153  158  157
  162  161  164  162  166  163  166  164  167  165  168  167  170  169  172  170
  173  173  179  180  186  180  171  188  207                                   
    85.0-180.0 180.0   5.0 450.0                            LAT/LON1/LON2/DLON/H
  188  189  191  188  184  182  186  186  189  189  191  191  190  189  189  185
  183  178  177  170  167  161  160  152  151  145  145  138  139  134  135  130
  133  130  133  131  135  135  140  141  146  148  154  156  161  163  167  167
  171  171  173  173  176  175  177  176  178  178  180  180  182  182  184  184
  185  186  191  192  195  190  173  166  188                                   
    82.5-180.0 180.0   5.0 450.0                            LAT/LON1/LON2/DLON/H
  189  191  189  189  185  187  190  195  197  201  204  207  207  209  208  207
  203  200  195  190  183  176  170  163  156  148  144  137  133  128  126  122
  122  120  121  121  124  125  130  132  137  141  146  150  154  158  160  164
  165  168  169  172  172  174  174  177  177  179  180  183  183  185  185  187
  186  188  191  193  195  192  173  167  189                                   
    80.0-180.0 180.0   5.0 450.0                            LAT/LON1/LON2/DLON/H
  183  186  184  182  180  184  188  196  199  206  211  217  219  223  222  224
  219  218  211  207  197  191  181  172  162  154  145  139  131  127  122  120
  117  117  116  118  119  122  125  129  133  137  141  145  148  151  153  155
  157  158  160  162  164  166  168  170  172  174  176  178  179  180  181  181
  182  183  187  188  190  187  173  166  183                                   
    77.5-180.0 180.0   5.0 450.0                            LAT/LON1/LON2/DLON/H
  181  182  178  178  174  179  181  191  194  204  210  219  223  230  230  234
  231  230  222  218  206  200  188  179  167  158  149  141  133  128  124  120
  118  116  116  116  118  119  123  125  130  133  137  139  142  143  145  145
  147  147  149  150  153  155  159  161  164  166  169  171  172  173  174  176
  176  179  182  185  187  187  176  170  181                                   
    75.0-180.0 180.0   5.0 450.0                            LAT/LON1/LON2/DLON/H
  181  184  180  176  173  174  177  184  190  199  208  219  225  233  236  240
  237  236  229  223  213  204  194  184  172  163  154  146  139  133  129  126
  124  122  121  121  122  123  125  126  130  132  135  137  137  137  138  137
  137  137  140  140  145  147  153  155  159  161  165  166  168  168  171  172
  175  178  183  188  190  191  181  174  181                                   
    72.5-180.0 180.0   5.0 450.0                            LAT/LON1/LON2/DLON/H
  190  192  187  185  176  177  175  182  185  195  204  216  222  231  234  237
  234  233  227  222  213  207  197  190  178  172  162  157  148  144  139  138
  134  133  130  130  128  129  129  130  130  132  133  133  133  132  132  130
  131  130  133  135  139  143  148  151  155  157  160  162  163  165  167  170
  173  179  186  191  196  198  191  182  190                                   
    70.0-180.0 180.0   5.0 450.0                            LAT/LON1/LON2/DLON/H
  198  203  198  191  183  178  177  180  185  193  203  213  219  225  226  226
  221  220  215  213  207  203  198  191  183  176  169  163  156  152  150  147
  144  141  140  138  136  134  133  131  130  130  130  128  126  124  123  122
  121  121  125  126  132  134  141  143  148  148  154  153  156  156  161  163
  169  174  185  191  198  203  199  192  198                                   
    67.5-180.0 180.0   5.0 450.0                            LAT/LON1/LON2/DLON/H
  212  215  210  204  191  186  179  183  184  193  201  211  214  218  216  214
  207  204  201  201  199  199  197  194  188  183  175  170  163  161  157  155
  151  148  144  140  136  134  130  127  125  123  122  120  118  116  116  114
  115  115  120  122  128  132  139  142  146  148  152  152  153  154  158  162
  167  175  184  193  201  209  207  199  212                                   
    65.0-180.0 180.0   5.0 450.0                            LAT/LON1/LON2/DLON/H
  220  224  222  212  199  188  183  182  186  191  200  207  210  211  207  202
  194  191  189  192  193  197  198  197  193  188  182  176  170  166  164  160
  157  151  146  139  135  129  126  121  118  115  113  110  109  106  106  105
  107  108  114  116  125  128  137  139  147  147  152  150  152  150  156  158
  166  171  182  191  200  210  211  206  220                                   
    62.5-180.0 180.0   5.0 450.0                            LAT/LON1/LON2/DLON/H
  228  231  228  219  204  193  182  182  182  188  194  201  202  203  199  195
  187  183  183  187  190  195  198  200  196  192  186  181  175  172  168  165
  160  153  145  136  129  123  117  113  110  107  106  103  102  100  100  100
  103  105  112  117  125  131  139  145  151  154  157  157  157  157  160  163
  170  176  183  191  199  209  213  210  228                                   
    60.0-180.0 180.0   5.0 450.0                            LAT/LON1/LON2/DLON/H
  229  234  234  222  207  192  183  178  179  181  188  192  194  192  191  185
  180  176  180  184  189  195  199  201  197  194  188  184  178  175  171  166
  161  152  144  132  125  116  111  105  104  100  100   97   97   94   96   94
  100  101  110  113  125  130  142  147  157  159  165  164  166  165  169  170
  177  181  186  192  197  208  214  213  229                                   
    57.5-180.0 180.0   5.0 450.0                            LAT/LON1/LON2/DLON/H
  233  236  236  227  211  197  184  180  175  178  179  184  182  184  181  180
  176  177  181  187  192  199  203  204  201  197  192  188  183  179  174  169
  161  152  141  130  120  113  107  103  101   99   98   97   97   95   95   95
   99  102  108  115  124  133  143  152  162  167  172  174  175  177  180  184
  188  192  194  198  202  212  218  217  233                                   
    55.0-180.0 180.0   5.0 450.0                            LAT/LON1/LON2/DLON/H
  235  239  241  232  219  204  193  182  178  174  175  175  176  175  177  175
  178  178  185  190  198  202  207  207  205  202  198  195  190  186  181  173
  166  155  145  133  124  116  110  106  105  103  102   99  100   97   98   95
  101  101  108  112  124  132  145  153  168  173  181  183  188  189  195  198
  204  207  209  211  215  222  228  227  235                                   
    52.5-180.0 180.0   5.0 450.0                            LAT/LON1/LON2/DLON/H
  243  244  248  244  233  220  207  198  186  182  175  177  171  176  174  180
  180  186  189  195  199  206  209  212  211  209  206  204  199  196  188  180
  169  159  147  137  128  122  116  114  112  111  109  107  106  104  103  103
  105  107  112  118  127  137  147  159  172  180  188  193  197  203  208  214
  220  224  226  228  232  237  241  242  243                                   
    50.0-180.0 180.0   5.0 450.0                            LAT/LON1/LON2/DLON/H
  255  260  265  261  256  244  233  218  208  195  187  180  177  176  177  179
  183  187  191  195  201  206  212  216  216  216  214  212  207  202  193  183
  173  162  152  142  136  131  126  123  121  118  115  113  113  111  112  111
  114  114  119  124  135  143  156  166  182  188  198  201  209  212  220  227
  236  241  248  250  255  256  262  264  255                                   
    47.5-180.0 180.0   5.0 450.0                            LAT/LON1/LON2/DLON/H
  273  279  286  285  284  276  265  250  236  220  204  198  186  188  182  188
  187  193  192  198  200  208  212  219  220  221  219  216  210  204  193  184
  172  163  153  147  142  139  136  133  131  126  123  121  123  122  123  123
  125  125  129  135  144  155  166  179  191  199  206  210  215  221  227  236
  247  257  267  272  279  281  285  291  273                                   
    45.0-180.0 180.0   5.0 450.0                            LAT/LON1/LON2/DLON/H
  298  306  312  311  314  308  301  284  268  246  229  212  202  196  193  193
  193  194  195  198  202  209  215  222  223  224  221  216  208  199  188  179
  169  162  156  152  150  149  146  143  138  134  130  129  132  133  134  135
  137  136  140  144  157  167  182  192  206  210  218  220  226  230  239  247
  261  275  290  299  308  312  319  323  298                                   
    42.5-180.0 180.0   5.0 450.0                            LAT/LON1/LON2/DLON/H
  327  335  342  343  346  341  337  319  304  278  256  236  220  214  205  205
  201  203  200  204  206  214  219  225  224  223  217  211  200  191  179  173
  165  162  158  158  159  159  157  152  148  142  138  139  144  146  148  150
  151  150  152  157  169  182  195  206  215  219  224  228  231  237  245  256
  271  288  307  319  333  341  348  355  327                                   
    40.0-180.0 180.0   5.0 450.0                            LAT/LON1/LON2/DLON/H
  362  375  380  378  383  375  373  355  342  312  287  261  245  232  223  218
  215  211  210  212  217  222  226  229  228  223  214  204  194  184  175  170
  167  166  166  169  171  173  170  166  158  153  149  152  157  162  164  166
  167  164  166  169  182  193  208  215  226  226  233  233  240  245  255  266
  284  303  323  338  357  369  381  381  362                                   
    37.5-180.0 180.0   5.0 450.0                            LAT/LON1/LON2/DLON/H
  398  411  417  416  416  412  407  394  380  349  325  296  278  261  249  239
  233  228  225  227  230  234  235  234  230  223  211  204  191  186  178  177
  175  179  180  185  187  189  184  180  173  168  165  166  173  175  178  179
  180  176  176  177  188  198  209  217  224  225  230  231  238  245  256  269
  288  306  329  347  369  387  402  402  398                                   
    35.0-180.0 180.0   5.0 450.0                            LAT/LON1/LON2/DLON/H
  440  450  456  451  453  447  444  429  416  384  361  331  312  291  278  263
  255  246  247  247  250  248  247  241  235  225  215  207  201  197  193  194
  195  200  203  209  208  209  201  199  192  191  186  188  190  192  193  193
  192  187  184  183  191  199  210  214  222  220  226  225  236  242  257  269
  290  309  333  356  381  404  426  427  440                                   
    32.5-180.0 180.0   5.0 450.0                            LAT/LON1/LON2/DLON/H
  481  491  495  490  490  487  481  470  452  425  398  368  350  328  312  293
  282  274  273  273  272  267  260  251  243  235  228  225  221  222  220  224
  225  231  235  238  233  229  221  216  212  209  207  205  208  206  204  202
  200  194  188  186  189  197  205  211  217  216  220  222  232  242  256  272
  293  313  337  360  390  415  439  450  481                                   
    30.0-180.0 180.0   5.0 450.0                            LAT/LON1/LON2/DLON/H
  524  538  543  543  544  540  535  519  502  469  442  410  391  366  350  328
  314  304  302  300  297  287  277  264  257  251  251  252  257  261  264  269
  269  273  269  269  259  255  242  238  230  229  226  226  224  219  215  209
  206  197  189  183  185  192  202  209  218  220  226  229  242  250  266  281
  303  324  345  368  398  423  452  478  524                                   
    27.5-180.0 180.0   5.0 450.0                            LAT/LON1/LON2/DLON/H
  569  587  599  603  601  595  586  573  554  524  493  464  440  417  395  370
  354  340  334  327  319  304  291  279  275  276  283  290  300  303  308  307
  308  303  298  289  280  273  263  256  250  244  241  239  237  229  219  212
  204  193  184  178  180  187  200  213  224  232  240  247  258  272  285  302
  324  345  365  389  417  438  468  508  569                                   
    25.0-180.0 180.0   5.0 450.0                            LAT/LON1/LON2/DLON/H
  608  633  657  671  676  671  660  644  622  590  560  526  500  468  444  412
  395  371  362  345  331  314  300  293  295  302  314  326  336  339  339  336
  330  322  312  300  288  282  272  267  262  257  252  247  242  228  216  204
  196  184  176  170  172  181  197  215  232  247  256  267  280  294  310  329
  349  370  391  413  441  458  495  545  608                                   
    22.5-180.0 180.0   5.0 450.0                            LAT/LON1/LON2/DLON/H
  645  675  713  736  746  748  738  723  696  662  626  592  563  531  498  462
  436  408  389  364  344  325  314  312  321  335  352  364  371  367  359  348
  338  324  310  297  284  278  272  268  263  258  252  246  236  221  206  196
  190  181  174  168  172  181  202  223  245  262  274  288  301  317  334  353
  375  396  419  442  469  485  524  590  645                                   
    20.0-180.0 180.0   5.0 450.0                            LAT/LON1/LON2/DLON/H
  678  715  761  796  822  832  835  822  800  762  721  677  640  597  560  515
  480  442  415  379  357  337  332  337  355  373  395  398  398  379  362  343
  329  310  296  277  268  262  255  253  247  243  236  229  218  201  189  180
  179  170  165  159  165  176  200  227  252  276  290  313  327  344  357  378
  400  424  448  473  501  521  561  625  678                                   
    17.5-180.0 180.0   5.0 450.0                            LAT/LON1/LON2/DLON/H
  698  747  796  841  873  898  908  906  887  850  809  762  712  662  620  573
  529  486  447  407  381  368  367  384  400  423  433  433  407  380  351  329
  309  289  273  258  248  244  238  239  227  227  216  213  200  189  178  173
  173  166  160  153  161  172  201  232  259  285  305  329  344  361  377  398
  421  447  476  503  537  557  591  655  698                                   
    15.0-180.0 180.0   5.0 450.0                            LAT/LON1/LON2/DLON/H
  722  769  814  856  902  931  959  967  968  933  897  838  783  721  675  622
  578  524  479  434  411  401  411  428  454  462  469  441  405  357  328  298
  281  260  252  233  229  223  221  219  210  205  198  192  185  172  169  163
  167  159  151  142  150  166  198  232  260  289  314  342  360  379  395  415
  439  467  498  528  563  583  614  661  722                                   
    12.5-180.0 180.0   5.0 450.0                            LAT/LON1/LON2/DLON/H
  722  769  799  834  866  904  936  967  982  973  947  889  831  767  712  661
  615  564  514  472  446  445  458  478  492  490  467  422  363  320  288  265
  253  238  235  221  219  215  214  210  199  190  182  176  172  164  166  159
  159  147  141  132  145  160  194  224  255  283  314  342  369  391  407  426
  451  480  515  548  586  603  629  663  722                                   
    10.0-180.0 180.0   5.0 450.0                            LAT/LON1/LON2/DLON/H
  723  752  766  785  808  838  879  922  956  966  958  910  855  793  741  689
  646  593  546  502  482  480  497  505  509  481  437  368  311  268  249  235
  236  229  230  224  224  225  224  218  203  192  184  176  175  165  165  155
  150  135  125  120  131  152  184  217  246  278  310  343  373  399  418  439
  462  494  528  565  603  624  646  658  723                                   
     7.5-180.0 180.0   5.0 450.0                            LAT/LON1/LON2/DLON/H
  701  725  721  729  736  760  787  833  871  900  909  882  843  791  746  700
  661  617  571  532  510  507  515  511  490  441  371  301  251  226  221  222
