data/unet/pred1640.15i
     1.0            IONOSPHERE MAPS     GNSS                IONEX VERSION / TYPE
pyspatialgeodesy        IME             05-JAN-18 20:20     PGM / RUN BY / DATE 
Map Name                                                    COMMENT             
Predicted global ionosphere maps (GIM).                     DESCRIPTION         
  2015     6    13     0     0     0                        EPOCH OF FIRST MAP  
  2015     6    14     0     0     0                        EPOCH OF LAST MAP   
  7200                                                      INTERVAL            
    13                                                      # OF MAPS IN FILE   
  NONE                                                      MAPPING FUNCTION    
10.0                                                        ELEVATION CUTOFF    
One-way carrier phase leveled to code                       OBSERVABLES USED    
  6371.0                                                    BASE RADIUS         
 2                                                          MAP DIMENSION       
   450.0 450.0   0.0                                        HGT1 / HGT2 / DHGT  
    87.5 -87.5  -2.5                                        LAT1 / LAT2 / DLAT  
  -180.0 180.0   5.0                                        LON1 / LON2 / DLON  
    -1                                                      EXPONENT            
                                                            END OF HEADER       
[from data line 2145]
     6                                                      START OF TEC MAP    
  2015     6    13    10     0     0                        EPOCH OF CURRENT MAP
    87.5-180.0 180.0   5.0 450.0                            LAT/LON1/LON2/DLON/H
  169  195  197  203  201  204  203  206  205  209  209  215  215  221  221  226
  225  230  228  232  228  232  228  231  226  229  225  227  223  225  221  222
  218  220  217  218  214  216  212  215  211  214  211  214  210  213  208  212
  207  211  205  209  203  207  201  206  200  204  198  202  196  200  194  199
  195  198  193  194  187  191  187  164  169                                   
    85.0-180.0 180.0   5.0 450.0                            LAT/LON1/LON2/DLON/H
  193  187  194  203  202  204  205  208  208  212  214  218  219  224  225  230
  229  234  233  237  234  238  235  238  235  237  235  236  233  235  232  233
  230  230  228  228  224  225  222  223  220  221  219  221  217  219  215  218
  214  217  212  215  210  213  208  211  205  208  202  205  200  201  197  198
  196  197  193  194  190  186  196  178  193                                   
    82.5-180.0 180.0   5.0 450.0                            LAT/LON1/LON2/DLON/H
  184  187  188  193  195  198  201  204  205  208  210  213  215  218  220  222
  224  225  228  228  230  230  231  231  232  232  232  232  232  231  231  229
  229  227  227  224  224  220  220  216  217  213  215  212  213  210  212  209
  211  208  210  207  208  205  205  202  202  197  197  192  192  187  187  183
  184  180  182  178  179  176  186  190  184                                   
    80.0-180.0 180.0   5.0 450.0                            LAT/LON1/LON2/DLON/H
  187  186  182  188  188  194  193  200  197  203  201  207  204  210  208  214
  212  217  215  220  217  222  219  223  219  225  220  226  221  227  221  227
  221  226  219  224  216  220  213  217  210  214  209  214  209  214  211  215
  213  217  215  217  215  217  214  214  210  210  204  203  198  196  190  188
  184  182  179  176  174  170  177  182  187                                   
    77.5-180.0 180.0   5.0 450.0                            LAT/LON1/LON2/DLON/H
  184  189  184  189  189  194  195  200  198  202  201  203  202  203  203  205
  205  207  208  209  209  211  211  212  212  214  214  217  217  221  220  224
  222  226  223  225  221  223  218  220  216  218  216  219  218  223  223  228
  228  233  233  237  235  238  235  236  231  231  226  224  219  215  208  204
  198  193  187  183  179  171  179  186  184                                   
    75.0-180.0 180.0   5.0 450.0                            LAT/LON1/LON2/DLON/H
  186  185  180  186  184  190  189  193  191  194  192  194  191  194  192  196
  195  199  198  202  200  203  199  202  199  203  201  206  205  212  212  219
  217  225  222  227  222  226  220  224  218  224  220  227  224  233  233  242
  241  249  248  254  250  256  251  255  248  251  242  245  235  235  224  221
  213  209  198  195  187  177  184  188  186                                   
    72.5-180.0 180.0   5.0 450.0                            LAT/LON1/LON2/DLON/H
  188  191  182  185  183  187  186  189  186  188  185  186  183  185  184  187
  187  190  191  193  192  192  190  190  188  188  188  191  194  200  205  211
  215  221  222  226  224  227  223  225  222  227  225  232  233  242  245  254
  256  263  264  267  266  268  266  267  264  264  261  260  256  252  245  239
  231  224  214  205  199  184  189  198  188                                   
    70.0-180.0 180.0   5.0 450.0                            LAT/LON1/LON2/DLON/H
  192  186  180  183  180  183  181  183  179  180  176  176  173  174  175  178
  180  184  186  189  187  188  185  184  180  181  181  184  189  195  203  211
  217  225  227  232  229  234  229  233  229  235  234  243  244  255  257  267
  267  274  272  275  271  275  270  274  269  274  268  272  267  266  258  253
  244  239  226  220  209  195  196  203  192                                   
    67.5-180.0 180.0   5.0 450.0                            LAT/LON1/LON2/DLON/H
  192  193  180  180  176  177  174  173  170  168  165  165  163  165  167  170
  174  177  182  182  183  180  178  174  172  171  173  177  183  191  201  211
  219  226  230  233  232  235  232  236  232  239  240  248  252  262  266  272
  272  274  271  271  266  266  262  264  262  266  267  269  271  270  268  263
  258  252  241  231  222  206  202  210  192                                   
    65.0-180.0 180.0   5.0 450.0                            LAT/LON1/LON2/DLON/H
  197  188  179  177  171  171  165  165  160  159  155  156  154  157  160  165
  170  176  179  181  179  179  175  173  170  171  173  179  186  196  206  219
  225  235  237  244  240  245  239  244  241  248  250  259  263  272  274  279
  275  276  268  267  257  258  251  255  252  260  260  269  269  274  271  272
  265  262  250  245  229  215  212  218  197                                   
    62.5-180.0 180.0   5.0 450.0                            LAT/LON1/LON2/DLON/H
  199  197  181  174  167  163  158  154  148  145  141  143  142  147  150  157
  160  166  169  171  169  169  165  166  164  168  171  180  188  200  211  222
  231  238  242  246  243  246  242  246  244  252  256  266  271  279  280  283
  278  274  266  260  250  247  240  242  241  249  251  260  263  269  269  270
  269  265  258  251  242  226  221  225  199                                   
    60.0-180.0 180.0   5.0 450.0                            LAT/LON1/LON2/DLON/H
  207  194  181  174  164  159  152  147  139  136  133  134  134  138  142  147
  152  156  159  160  159  159  159  162  163  170  176  187  195  209  217  231
  236  246  247  252  247  251  246  251  250  259  264  275  279  287  287  288
  280  275  263  258  246  243  236  240  239  248  250  260  262  268  267  271
  269  270  263  260  248  232  227  229  207                                   
    57.5-180.0 180.0   5.0 450.0                            LAT/LON1/LON2/DLON/H
  213  205  186  176  162  152  143  135  127  123  119  119  119  124  126  132
  134  139  140  142  140  144  144  152  156  169  176  192  200  216  224  235
  239  247  249  252  248  250  246  251  252  261  269  279  286  292  294  292
  284  278  268  261  251  248  242  244  244  250  253  259  261  265  264  266
  266  266  264  261  256  242  236  234  213                                   
    55.0-180.0 180.0   5.0 450.0                            LAT/LON1/LON2/DLON/H
  223  202  190  178  163  152  140  131  122  117  113  111  112  114  116  120
  123  126  126  129  129  133  137  146  156  171  183  199  209  224  231  241
  245  252  253  255  252  253  250  255  257  267  275  285  292  299  298  297
  289  285  275  271  262  261  256  260  259  267  266  273  270  274  269  273
  269  274  268  270  263  250  245  241  223                                   
    52.5-180.0 180.0   5.0 450.0                            LAT/LON1/LON2/DLON/H
  231  214  200  185  166  150  136  125  114  109  102  101   97  100   99  104
  105  109  109  112  114  120  128  142  155  173  186  206  216  231  237  245
  249  253  256  256  256  255  255  258  262  270  281  289  299  303  305  303
  298  294  288  284  279  278  276  279  279  282  282  283  280  280  275  275
  273  273  273  272  270  260  256  247  231                                   
    50.0-180.0 180.0   5.0 450.0                            LAT/LON1/LON2/DLON/H
  239  213  204  189  171  153  138  124  116  108  102   97   96   94   96   97
  100  102  104  107  111  119  129  146  159  180  194  213  224  238  245  253
  257  260  264  265  264  266  265  269  273  280  289  297  306  311  313  313
  308  307  302  300  296  296  293  296  294  300  296  299  292  294  286  288
  282  285  279  280  275  262  259  252  239                                   
    47.5-180.0 180.0   5.0 450.0                            LAT/LON1/LON2/DLON/H
  240  217  208  193  177  156  140  126  116  110  102   97   91   89   88   89
   90   94   95  100  105  116  130  147  165  184  199  220  231  245  253  261
  267  271  275  276  278  278  280  282  285  290  299  307  315  319  321  322
  320  320  316  314  309  307  305  306  307  308  308  306  303  301  296  295
  291  289  285  280  277  265  265  252  240                                   
    45.0-180.0 180.0   5.0 450.0                            LAT/LON1/LON2/DLON/H
  239  214  207  193  180  160  148  133  126  116  112  102   99   92   94   93
   98  100  105  108  117  129  143  163  177  196  210  227  239  254  262  273
  279  285  291  293  298  300  303  304  309  312  319  324  330  333  334  337
  334  336  329  328  319  316  309  310  308  314  310  315  309  313  308  311
  304  302  292  288  278  262  266  254  239                                   
    42.5-180.0 180.0   5.0 450.0                            LAT/LON1/LON2/DLON/H
  235  211  204  192  181  165  154  142  134  128  118  112  103   98   94   96
   98  103  106  111  119  133  150  170  188  206  219  239  250  265  273  284
  293  299  309  314  321  324  330  331  336  338  344  347  352  354  355  357
  353  352  344  339  327  320  311  311  311  314  315  318  315  318  317  318
  314  310  299  290  280  263  272  254  235                                   
    40.0-180.0 180.0   5.0 450.0                            LAT/LON1/LON2/DLON/H
  233  206  197  187  180  168  161  152  149  142  136  125  119  108  108  106
  111  114  119  125  135  149  166  187  200  216  229  246  258  273  281  294
  302  312  323  332  343  348  358  359  367  366  373  373  379  379  381  382
  377  376  364  358  340  332  318  319  316  323  321  328  324  332  329  335
  328  325  310  299  282  262  273  258  233                                   
    37.5-180.0 180.0   5.0 450.0                            LAT/LON1/LON2/DLON/H
  231  204  195  187  178  168  164  159  156  154  147  139  129  121  115  116
  117  121  122  128  138  154  172  193  207  227  240  260  269  283  290  301
  311  323  337  349  364  373  382  389  393  397  400  402  406  407  410  410
  408  404  391  381  360  348  334  334  334  339  338  342  338  342  340  343
  337  333  318  305  287  267  280  262  231                                   
    35.0-180.0 180.0   5.0 450.0                            LAT/LON1/LON2/DLON/H
  239  210  201  193  187  179  173  170  170  169  165  157  148  136  131  129
  129  128  130  134  145  161  181  202  214  231  245  263  276  285  293  302
  314  327  346  360  381  392  410  415  426  424  432  429  436  437  443  444
  444  442  432  422  402  391  375  375  370  373  369  368  361  362  357  360
  352  348  330  318  297  275  289  276  239                                   
    32.5-180.0 180.0   5.0 450.0                            LAT/LON1/LON2/DLON/H
  255  226  214  206  196  185  180  176  177  178  177  170  160  150  141  139
  136  135  132  137  147  162  183  205  220  242  255  275  285  297  300  311
  321  338  355  372  389  404  420  432  441  448  451  457  461  467  473  477
  481  482  480  472  459  447  434  430  424  420  411  402  391  382  374  369
  361  355  338  328  307  289  300  284  255                                   
    30.0-180.0 180.0   5.0 450.0                            LAT/LON1/LON2/DLON/H
  271  248  240  235  224  214  205  200  200  199  197  190  180  166  160  150
  147  139  137  137  149  163  188  208  226  243  256  273  282  292  295  308
  318  337  355  374  396  411  432  443  459  463  472  477  487  494  502  510
  519  527  534  534  527  521  508  505  496  487  469  452  431  415  398  389
  375  365  347  339  321  303  311  302  271                                   
    27.5-180.0 180.0   5.0 450.0                            LAT/LON1/LON2/DLON/H
  287  272  260  256  243  232  223  214  214  213  211  203  193  180  169  160
  154  146  141  141  150  165  187  212  229  247  258  274  280  291  292  307
  315  337  357  377  396  413  430  447  460  472  481  492  502  511  523  534
  552  568  584  589  594  592  589  583  570  551  523  494  469  442  422  399
  384  366  350  340  328  315  316  303  287                                   
    25.0-180.0 180.0   5.0 450.0                            LAT/LON1/LON2/DLON/H
  292  288  281  279  268  265  250  247  238  237  234  225  215  199  189  174
  166  154  150  145  154  166  191  211  230  246  253  265  271  280  282  297
  307  330  348  373  393  414  434  451  467  482  494  506  518  531  543  560
  584  609  634  642  639  640  636  633  619  605  585  547  509  476  447  420
  394  374  353  346  332  322  321  316  292                                   
    22.5-180.0 180.0   5.0 450.0                            LAT/LON1/LON2/DLON/H
  292  298  290  294  281  280  267  263  250  249  245  237  226  211  199  185
  175  163  158  155  159  172  190  211  227  243  248  256  261  270  277  293
  306  328  344  366  386  408  428  449  466  484  497  511  527  541  557  576
  603  632  658  661  664  666  666  659  645  625  604  585  539  495  463  425
  399  373  353  340  331  322  320  311  292                                   
    20.0-180.0 180.0   5.0 450.0                            LAT/LON1/LON2/DLON/H
  293  312  308  318  304  307  292  288  273  269  258  250  239  224  212  198
  188  172  168  161  168  174  193  209  223  238  238  247  250  268  275  298
  308  329  344  367  385  410  428  451  468  486  500  517  532  549  562  585
  605  631  653  662  667  675  672  666  649  628  608  592  564  516  476  435
  406  379  356  344  331  321  317  315  293                                   
    17.5-180.0 180.0   5.0 450.0                            LAT/LON1/LON2/DLON/H
  285  312  311  324  312  314  299  294  279  271  259  249  238  226  213  201
  191  177  171  165  168  173  186  200  216  225  231  234  245  256  278  293
  314  331  351  372  392  414  433  453  470  484  501  515  534  545  562  577
  595  614  635  644  647  650  647  641  629  613  597  585  561  518  477  437
  408  379  356  340  326  318  308  302  285                                   
    15.0-180.0 180.0   5.0 450.0                            LAT/LON1/LON2/DLON/H
  277  303  308  319  315  315  303  296  282  271  261  250  241  229  218  207
  197  182  175  167  170  170  180  193  204  219  220  234  239  261  278  304
  320  343  359  387  406  432  448  465  478  491  507  523  536  550  556  571
  578  596  606  620  620  625  614  610  596  589  577  569  548  512  476  438
  411  385  363  345  329  315  309  305  277                                   
    12.5-180.0 180.0   5.0 450.0                            LAT/LON1/LON2/DLON/H
  275  288  291  296  292  294  282  276  262  253  241  233  226  217  208  198
  189  176  169  160  160  158  165  174  193  203  216  224  242  258  284  305
  330  349  370  398  423  448  465  479  490  498  516  527  542  548  559  561
  572  577  581  583  583  586  581  574  564  557  551  547  528  502  469  436
  411  388  366  347  329  315  303  293  275                                   
    10.0-180.0 180.0   5.0 450.0                            LAT/LON1/LON2/DLON/H
  274  280  280  279  277  273  263  250  238  227  220  216  212  208  201  193
  186  173  166  156  154  149  154  165  181  199  212  229  242  266  284  310
  329  355  372  406  429  459  477  491  501  507  523  536  547  557  559  568
  567  575  569  567  560  560  557  559  552  545  537  535  518  495  467  439
  413  395  376  355  337  320  314  304  274                                   
     7.5-180.0 180.0   5.0 450.0                            LAT/LON1/LON2/DLON/H
  289  281  276  270  261  252  238  224  212  203  198  191  190  185  182  176
  170  160  154  142  141  132  137  143  165  185  207  222  244  262  285  309
