data/unet/pred0920.15i
     1.0            IONOSPHERE MAPS     GNSS                IONEX VERSION / TYPE
pyspatialgeodesy        IME             05-JAN-18 20:20     PGM / RUN BY / DATE 
Map Name                                                    COMMENT             
Predicted global ionosphere maps (GIM).                     DESCRIPTION         
  2015     4     2     0     0     0                        EPOCH OF FIRST MAP  
  2015     4     3     0     0     0                        EPOCH OF LAST MAP   
  7200                                                      INTERVAL            
    13                                                      # OF MAPS IN FILE   
  NONE                                                      MAPPING FUNCTION    
10.0                                                        ELEVATION CUTOFF    
One-way carrier phase leveled to code                       OBSERVABLES USED    
  6371.0                                                    BASE RADIUS         
 2                                                          MAP DIMENSION       
   450.0 450.0   0.0                                        HGT1 / HGT2 / DHGT  
    87.5 -87.5  -2.5                                        LAT1 / LAT2 / DLAT  
  -180.0 180.0   5.0                                        LON1 / LON2 / DLON  
    -1                                                      EXPONENT            
                                                            END OF HEADER       
[from data line 3861]
    10                                                      START OF TEC MAP    
  2015     4     2    18     0     0                        EPOCH OF CURRENT MAP
    87.5-180.0 180.0   5.0 450.0                            LAT/LON1/LON2/DLON/H
  232  208  215  213  215  212  217  218  222  225  230  231  235  235  238  237
  238  235  234  230  227  225  220  217  214  209  209  205  207  203  206  202
  205  203  204  202  203  202  203  202  203  203  203  204  204  205  204  205
  205  205  204  204  204  203  203  202  203  201  202  200  203  199  203  199
  204  199  206  200  209  206  210  206  232                                   
    85.0-180.0 180.0   5.0 450.0                            LAT/LON1/LON2/DLON/H
  202  201  205  208  206  209  208  214  214  220  220  224  226  229  229  230
  231  231  230  229  226  224  221  219  216  215  211  211  208  210  206  208
  205  207  203  205  201  204  199  203  198  202  197  201  197  200  195  199
  195  198  193  197  193  196  192  194  191  194  191  194  192  195  192  195
  193  196  194  198  198  197  197  201  202                                   
    82.5-180.0 180.0   5.0 450.0                            LAT/LON1/LON2/DLON/H
  192  184  194  191  193  195  195  199  202  206  209  212  216  217  220  221
  224  222  224  222  222  219  216  215  211  211  207  207  204  204  200  200
  196  196  193  192  190  190  187  186  184  184  182  182  181  180  179  178
  177  176  175  174  175  174  174  173  174  173  174  174  175  175  176  177
  178  178  179  179  183  178  171  184  192                                   
    80.0-180.0 180.0   5.0 450.0                            LAT/LON1/LON2/DLON/H
  170  166  169  170  171  174  176  181  184  188  192  197  201  203  206  208
  211  212  214  214  214  211  209  206  203  201  198  196  193  191  188  186
  183  182  179  178  176  174  172  170  169  167  166  164  163  162  160  159
  159  157  156  155  155  154  153  153  153  152  152  153  153  154  154  155
  154  155  155  156  155  155  147  163  170                                   
    77.5-180.0 180.0   5.0 450.0                            LAT/LON1/LON2/DLON/H
  149  144  149  147  152  154  159  164  169  175  179  185  186  191  193  197
  199  201  205  205  208  207  207  205  203  202  198  198  193  192  187  185
  182  180  178  176  174  172  169  167  165  162  159  157  154  151  149  147
  146  144  143  141  141  139  139  137  138  136  137  136  137  135  136  134
  134  133  133  131  133  128  122  143  149                                   
    75.0-180.0 180.0   5.0 450.0                            LAT/LON1/LON2/DLON/H
  134  128  132  137  141  146  151  156  162  167  172  176  180  182  186  189
  193  196  202  204  209  209  212  210  212  209  208  205  202  199  194  190
  186  185  182  182  179  179  176  173  170  167  162  158  153  150  145  143
  139  138  135  134  132  131  129  128  126  126  123  124  121  122  120  120
  116  117  115  115  114  111  110  133  134                                   
    72.5-180.0 180.0   5.0 450.0                            LAT/LON1/LON2/DLON/H
  133  125  131  135  141  145  152  157  163  170  174  180  181  186  186  193
  193  201  204  213  216  223  225  230  228  230  226  224  216  214  205  203
  197  196  192  193  191  191  188  185  179  176  169  164  157  153  147  144
  139  137  133  132  129  128  125  123  121  120  118  116  114  113  111  110
  108  107  105  105  106  102  103  123  133                                   
    70.0-180.0 180.0   5.0 450.0                            LAT/LON1/LON2/DLON/H
  130  125  133  139  147  153  161  167  174  178  184  187  188  190  191  196
  197  207  214  225  234  240  248  249  254  250  250  242  237  229  222  217
  212  209  207  207  206  205  201  197  191  185  178  171  164  158  151  147
  142  140  134  134  129  128  122  122  117  117  112  112  107  107  102  103
   99  101   98   99   99   95   99  119  130                                   
    67.5-180.0 180.0   5.0 450.0                            LAT/LON1/LON2/DLON/H
  131  132  140  148  157  164  174  181  190  195  200  204  203  205  206  209
  215  223  233  248  253  263  266  275  272  277  269  267  253  251  236  235
  225  227  220  224  218  221  213  211  201  196  184  178  167  161  152  147
  141  137  132  129  125  122  118  115  112  110  107  106  102  100   98   96
   96   95   95   95   96   95   99  113  131                                   
    65.0-180.0 180.0   5.0 450.0                            LAT/LON1/LON2/DLON/H
  129  134  144  154  165  173  185  193  202  208  215  217  221  220  223  227
  233  246  254  268  274  281  286  289  292  290  289  282  274  268  259  255
  246  244  239  239  235  232  225  219  210  200  190  179  170  160  151  144
  138  134  128  126  121  120  114  113  109  108  105  103   99   96   93   91
   88   90   87   90   88   89   95  108  129                                   
    62.5-180.0 180.0   5.0 450.0                            LAT/LON1/LON2/DLON/H
  125  133  145  159  170  179  191  200  211  219  228  233  238  241  244  248
  256  264  274  282  289  294  297  301  299  303  298  297  289  287  278  276
  265  264  255  255  248  245  235  229  217  207  195  183  170  159  148  140
  132  127  122  118  115  112  109  107  105  103  101   98   95   90   88   84
   85   81   83   80   84   85   91   98  125                                   
    60.0-180.0 180.0   5.0 450.0                            LAT/LON1/LON2/DLON/H
  118  131  140  155  168  177  190  198  211  220  232  241  248  255  259  266
  272  283  288  295  298  300  303  302  303  302  305  302  304  299  301  294
  292  283  279  271  264  254  245  235  224  210  199  183  172  158  148  136
  129  121  117  113  111  108  107  104  105  102  101   97   96   92   91   88
   86   83   81   78   78   80   85   89  118                                   
    57.5-180.0 180.0   5.0 450.0                            LAT/LON1/LON2/DLON/H
  111  123  134  152  165  175  187  195  207  219  231  240  251  257  267  272
  283  288  294  297  301  301  302  303  302  306  307  312  316  319  322  319
  317  309  300  291  279  268  254  243  230  217  203  189  174  160  148  136
  128  118  113  108  107  104  105  104  106  103  104  101  100   96   95   91
   89   83   83   76   77   76   83   79  111                                   
    55.0-180.0 180.0   5.0 450.0                            LAT/LON1/LON2/DLON/H
  107  123  132  152  166  177  187  195  208  219  232  242  253  261  267  277
  284  291  295  298  300  298  301  299  302  303  311  314  329  331  344  338
  343  327  325  305  297  276  265  249  239  225  214  198  185  168  158  141
  135  123  118  111  111  106  110  108  114  111  115  110  112  107  106  103
   97   95   90   87   81   84   84   81  107                                   
    52.5-180.0 180.0   5.0 450.0                            LAT/LON1/LON2/DLON/H
  111  127  136  158  174  186  199  206  217  228  237  248  257  264  271  279
  287  293  296  295  297  297  299  301  302  308  315  326  340  351  361  362
  361  350  341  324  310  292  275  261  247  238  223  212  195  181  167  154
  146  135  131  124  123  120  123  125  129  130  130  130  128  126  123  118
  113  108  103   98   93   90   95   89  111                                   
    50.0-180.0 180.0   5.0 450.0                            LAT/LON1/LON2/DLON/H
  122  136  146  171  188  202  212  222  232  241  251  262  271  278  281  287
  291  294  296  296  298  299  303  306  309  315  325  336  353  360  376  372
  376  361  353  334  323  301  287  269  258  247  237  223  211  194  184  169
  163  150  149  139  142  136  144  143  152  149  154  149  151  145  145  139
  135  130  124  120  111  111  109  107  122                                   
    47.5-180.0 180.0   5.0 450.0                            LAT/LON1/LON2/DLON/H
  136  149  165  186  207  223  234  246  255  266  276  289  294  302  301  303
  302  302  301  299  302  304  311  316  323  329  339  348  362  371  382  382
  382  370  360  345  331  314  296  281  264  256  243  233  219  206  195  184
  177  169  165  160  158  158  163  168  172  175  173  171  168  166  165  162
  157  155  150  146  135  126  132  127  136                                   
    45.0-180.0 180.0   5.0 450.0                            LAT/LON1/LON2/DLON/H
  151  168  182  207  227  249  260  270  281  294  307  321  329  337  334  333
  326  317  312  309  312  318  327  336  344  351  359  365  375  378  388  386
  387  373  368  352  343  325  311  291  276  260  250  234  223  210  204  194
  191  182  179  171  173  168  177  180  190  188  193  187  187  184  184  182
  179  176  173  169  162  151  156  147  151                                   
    42.5-180.0 180.0   5.0 450.0                            LAT/LON1/LON2/DLON/H
  160  181  199  224  251  269  284  297  311  329  343  359  367  379  375  371
  358  345  332  325  330  335  349  359  369  376  381  382  387  387  392  389
  388  378  373  364  354  340  322  304  282  263  247  234  221  210  204  199
  197  192  187  181  179  179  184  190  196  200  200  200  198  198  197  195
  192  190  187  187  177  166  170  160  160                                   
    40.0-180.0 180.0   5.0 450.0                            LAT/LON1/LON2/DLON/H
  167  196  213  244  272  295  312  324  340  355  373  391  402  413  411  406
  395  377  361  351  354  359  371  384  393  399  403  403  405  404  407  405
  402  395  393  388  382  368  345  320  295  270  254  235  222  209  206  204
  204  199  195  185  181  177  182  186  195  197  202  202  205  205  205  206
  201  199  194  193  187  176  180  166  167                                   
    37.5-180.0 180.0   5.0 450.0                            LAT/LON1/LON2/DLON/H
  161  190  215  247  281  304  325  343  363  384  404  424  437  450  447  443
  432  417  398  382  382  383  395  406  416  421  422  422  424  422  428  427
  427  423  426  425  420  406  381  350  315  286  261  243  226  214  209  210
  210  208  201  191  182  176  177  180  189  193  198  200  203  206  206  205
  200  196  190  185  177  167  173  164  161                                   
    35.0-180.0 180.0   5.0 450.0                            LAT/LON1/LON2/DLON/H
  153  186  211  253  288  316  338  363  385  408  432  454  470  481  480  476
  465  448  431  417  414  412  421  426  436  439  443  444  453  455  468  470
  481  478  484  482  478  459  431  395  359  322  291  269  249  236  227  224
  221  216  207  198  187  182  182  186  194  194  202  200  207  209  212  207
  200  193  184  175  163  155  157  154  153                                   
    32.5-180.0 180.0   5.0 450.0                            LAT/LON1/LON2/DLON/H
  139  168  206  250  291  318  345  375  403  431  458  484  504  516  515  511
  501  488  471  458  452  446  448  450  459  463  469  476  489  502  521  532
  548  547  551  545  534  510  477  445  405  370  332  309  282  267  254  249
  243  239  229  222  210  206  202  202  206  207  213  216  221  218  215  206
  195  182  169  151  138  131  135  143  139                                   
    30.0-180.0 180.0   5.0 450.0                            LAT/LON1/LON2/DLON/H
  141  162  200  249  290  321  353  389  420  449  474  506  529  546  545  541
  532  520  509  495  487  476  475  472  481  489  503  518  547  563  597  605
  635  629  639  625  611  574  530  493  450  416  375  352  329  310  290  277
  267  259  247  241  232  234  231  239  243  245  239  233  227  222  219  212
  200  188  170  152  130  124  120  134  141                                   
    27.5-180.0 180.0   5.0 450.0                            LAT/LON1/LON2/DLON/H
  144  167  205  253  296  327  362  400  434  467  490  522  540  562  566  572
  566  561  551  538  527  510  503  499  510  523  551  574  614  642  684  710
  726  730  729  715  684  640  580  532  473  447  409  389  356  343  319  312
  296  291  280  276  265  271  272  281  286  287  285  281  274  262  248  227
  211  187  170  148  135  124  118  136  144                                   
    25.0-180.0 180.0   5.0 450.0                            LAT/LON1/LON2/DLON/H
  161  180  215  259  305  334  366  407  441  482  503  534  550  577  582  597
  596  601  594  580  564  545  535  531  548  568  608  642  693  721  748  766
  787  797  795  779  740  689  631  576  516  489  449  427  395  384  363  350
  336  329  320  319  315  317  318  323  323  322  315  307  300  285  275  258
  243  217  194  172  152  145  129  142  161                                   
    22.5-180.0 180.0   5.0 450.0                            LAT/LON1/LON2/DLON/H
  185  203  235  279  316  341  373  411  455  495  523  548  568  594  598  622
  628  643  644  633  611  583  573  570  600  630  680  719  757  778  809  832
  849  859  844  815  773  712  652  600  539  512  482  457  422  413  398  391
  375  372  365  374  372  374  372  374  370  359  339  317  302  287  276  266
  255  241  221  198  176  171  147  156  185                                   
    20.0-180.0 180.0   5.0 450.0                            LAT/LON1/LON2/DLON/H
  200  216  258  291  326  348  377  412  463  506  534  563  581  612  618  642
  658  677  682  678  655  630  619  620  661  696  749  783  821  849  871  892
  894  886  861  827  781  717  653  589  534  507  480  457  426  416  418  423
  415  414  411  418  418  422  417  416  404  388  358  327  303  282  272  261
  257  243  230  213  194  183  164  175  200                                   
    17.5-180.0 180.0   5.0 450.0                            LAT/LON1/LON2/DLON/H
  214  223  262  294  326  353  378  421  466  511  539  566  596  631  647  678
  700  714  721  714  699  678  675  687  728  764  804  854  877  899  910  912
  898  876  846  807  764  699  628  551  498  464  437  418  401  401  412  432
  438  445  445  457  452  456  447  440  424  405  370  331  307  277  270  260
  260  252  243  224  206  186  171  185  214                                   
    15.0-180.0 180.0   5.0 450.0                            LAT/LON1/LON2/DLON/H
  209  220  250  291  327  354  387  424  470  514  538  570  600  640  679  714
  738  759  760  759  738  725  730  747  784  827  869  905  914  929  915  903
  869  845  808  777  730  668  584  501  447  406  381  367  360  364  393  424
  449  462  474  485  481  476  462  448  429  404  371  328  299  271  261  253
  253  248  244  225  209  189  176  186  209                                   
    12.5-180.0 180.0   5.0 450.0                            LAT/LON1/LON2/DLON/H
  203  217  244  279  327  358  397  434  484  518  547  582  620  655  706  746
  791  809  816  805  796  782  788  814  852  894  917  940  937  926  898  868
  831  801  770  739  702  626  548  468  406  361  332  325  323  337  375  421
  462  483  491  490  480  471  452  432  411  380  352  318  287  265  254  246
  243  239  233  219  202  181  167  180  203                                   
    10.0-180.0 180.0   5.0 450.0                            LAT/LON1/LON2/DLON/H
  191  207  239  282  328  372  411  454  507  543  560  597  635  682  730  778
  822  852  873  865  868  869  872  894  918  942  953  959  941  921  881  842
  803  770  742  720  675  609  531  456  391  345  323  313  321  333  373  421
  467  490  493  490  472  462  436  414  390  358  323  297  267  250  239  229
  228  219  215  201  185  174  159  173  191                                   
     7.5-180.0 180.0   5.0 450.0                            LAT/LON1/LON2/DLON/H
  181  200  232  278  330  378  423  467  527  562  588  619  665  713  768  813
  863  894  916  934  938  943  947  960  963  971  961  949  927  898  861  823
