data/unet/pred2640.15i
     1.0            IONOSPHERE MAPS     GNSS                IONEX VERSION / TYPE
pyspatialgeodesy        IME             05-JAN-18 20:20     PGM / RUN BY / DATE 
Map Name                                                    COMMENT             
Predicted global ionosphere maps (GIM).                     DESCRIPTION         
  2015     9    21     0     0     0                        EPOCH OF FIRST MAP  
  2015     9    22     0     0     0                        EPOCH OF LAST MAP   
  7200                                                      INTERVAL            
    13                                                      # OF MAPS IN FILE   
  NONE                                                      MAPPING FUNCTION    
10.0                                                        ELEVATION CUTOFF    
One-way carrier phase leveled to code                       OBSERVABLES USED    
  6371.0                                                    BASE RADIUS         
 2                                                          MAP DIMENSION       
   450.0 450.0   0.0                                        HGT1 / HGT2 / DHGT  
    87.5 -87.5  -2.5                                        LAT1 / LAT2 / DLAT  
  -180.0 180.0   5.0                                        LON1 / LON2 / DLON  
    -1                                                      EXPONENT            
                                                            END OF HEADER       
[from data line 3861]
    10                                                      START OF TEC MAP    
  2015     9    21    18     0     0                        EPOCH OF CURRENT MAP
    87.5-180.0 180.0   5.0 450.0                            LAT/LON1/LON2/DLON/H
  139  105  103  106  108  107  110  109  112  111  114  113  116  115  117  115
  118  116  118  116  118  114  116  113  115  111  113  109  111  107  109  105
  107  102  105  100  103   98  102   96  101   95  100   95   99   95   99   95
   98   95   98   95   98   95   97   95   96   95   96   95   96   95   96   95
   97   96   98   98  102   99  112  126  139                                   
    85.0-180.0 180.0   5.0 450.0                            LAT/LON1/LON2/DLON/H
   93   89   90   97   98  101  101  105  105  109  108  112  112  114  113  116
  115  116  115  116  114  114  112  112  108  109  105  105  101  102   98   99
   95   97   92   95   91   93   89   92   88   91   87   90   87   90   87   89
   87   89   87   88   87   88   86   87   85   87   85   85   84   85   84   85
   84   86   85   87   89   86   96  115   93                                   
    82.5-180.0 180.0   5.0 450.0                            LAT/LON1/LON2/DLON/H
   85   79   87   89   93   95   98  102  105  108  110  113  115  117  118  120
  120  121  120  121  119  119  116  115  111  110  106  105  101   99   96   95
   92   91   89   89   88   88   87   87   86   86   86   86   85   84   84   83
   82   81   81   80   79   78   77   76   75   74   73   72   71   70   70   70
   70   71   71   73   75   72   79   88   85                                   
    80.0-180.0 180.0   5.0 450.0                            LAT/LON1/LON2/DLON/H
   77   78   77   84   85   90   92   98  101  105  108  112  114  117  118  120
  121  122  121  122  120  120  117  117  111  111  104  104   97   98   91   92
   86   89   83   87   82   87   82   86   82   85   81   84   80   82   77   79
   76   78   74   76   73   74   70   70   67   67   64   63   62   62   61   61
   60   62   62   65   66   63   73   79   77                                   
    77.5-180.0 180.0   5.0 450.0                            LAT/LON1/LON2/DLON/H
   69   70   74   76   80   82   87   91   96   99  106  107  112  113  117  117
  120  119  121  120  121  119  119  116  113  109  105  101   96   92   89   86
   83   82   80   81   80   82   81   82   81   81   80   79   78   76   76   74
   74   73   73   71   71   68   68   64   63   60   59   57   55   54   54   54
   55   56   58   59   63   59   64   69   69                                   
    75.0-180.0 180.0   5.0 450.0                            LAT/LON1/LON2/DLON/H
   65   67   67   73   74   80   82   89   91   98  102  107  109  113  114  117
  117  119  119  121  121  122  120  119  115  113  107  103   97   94   88   85
   81   81   79   81   79   83   81   83   79   81   78   77   74   74   71   71
   69   70   68   69   66   66   63   61   57   56   52   51   48   49   47   48
   48   52   52   56   58   57   65   72   65                                   
    72.5-180.0 180.0   5.0 450.0                            LAT/LON1/LON2/DLON/H
   64   63   67   68   73   74   80   83   90   93  100  102  107  107  112  111
  113  114  117  119  121  122  123  121  120  116  112  105  100   93   89   84
   81   79   79   80   81   82   82   81   80   78   76   73   71   69   68   66
   67   66   66   65   65   62   60   57   54   50   48   44   43   41   42   42
   44   46   51   53   58   55   63   67   64                                   
    70.0-180.0 180.0   5.0 450.0                            LAT/LON1/LON2/DLON/H
   64   63   64   68   70   74   78   82   87   92   98  100  104  105  108  109
  110  111  114  117  120  122  123  124  122  120  114  109  101   96   89   85
   81   81   79   81   80   83   81   81   77   75   71   67   64   62   60   60
   59   61   60   62   60   61   56   55   49   48   42   42   38   40   38   41
   41   45   48   52   56   55   64   71   64                                   
    67.5-180.0 180.0   5.0 450.0                            LAT/LON1/LON2/DLON/H
   62   60   65   65   71   71   78   79   86   88   97   98  103  102  106  104
  105  106  110  114  118  122  126  126  127  122  119  111  105   97   92   86
   83   81   81   82   82   84   82   81   76   72   66   62   57   55   53   53
   54   55   57   57   57   56   53   50   46   41   39   36   36   33   36   36
   39   40   46   48   54   53   61   65   62                                   
    65.0-180.0 180.0   5.0 450.0                            LAT/LON1/LON2/DLON/H
   60   59   63   67   70   73   78   81   87   91   98   99  103  103  105  104
  104  105  109  113  119  123  126  128  126  125  119  114  105  100   93   89
   84   84   83   85   84   85   82   80   73   68   60   55   50   48   46   46
   47   50   51   53   52   53   49   47   42   41   36   36   32   35   33   37
   36   41   40   46   47   49   59   64   60                                   
    62.5-180.0 180.0   5.0 450.0                            LAT/LON1/LON2/DLON/H
   54   55   62   65   71   72   79   81   88   91  100  101  106  104  107  104
  105  106  111  115  121  125  130  130  130  126  122  116  111  104   99   95
   91   90   88   89   87   87   84   79   72   65   58   52   47   44   43   43
   44   46   48   49   50   49   47   44   41   37   36   33   33   32   33   33
   35   35   37   38   42   42   51   54   54                                   
    60.0-180.0 180.0   5.0 450.0                            LAT/LON1/LON2/DLON/H
   50   53   58   67   71   76   80   85   90   96  102  105  108  108  110  108
  108  110  114  119  124  128  129  130  127  126  120  118  112  110  106  103
   99   99   96   97   93   93   87   83   73   67   58   53   47   45   42   42
   42   44   45   46   46   46   43   42   38   37   35   34   31   34   32   35
   32   35   32   34   34   35   44   45   50                                   
    57.5-180.0 180.0   5.0 450.0                            LAT/LON1/LON2/DLON/H
   43   49   57   64   72   75   82   85   92   95  104  105  110  109  113  110
  113  114  120  123  128  130  132  130  128  125  123  121  119  119  117  117
  113  113  108  107  102   99   93   87   77   70   62   57   52   49   48   46
   45   45   46   45   45   44   44   41   40   38   37   36   35   35   35   35
   34   33   32   31   32   31   38   35   43                                   
    55.0-180.0 180.0   5.0 450.0                            LAT/LON1/LON2/DLON/H
   41   48   56   65   72   79   84   88   92   98  103  106  110  111  114  113
  116  119  124  127  129  131  129  127  123  123  122  124  125  129  130  130
  128  126  122  118  113  110  102   96   86   80   72   68   62   61   56   54
   50   49   48   47   46   46   45   43   42   42   40   40   37   38   36   38
   35   36   32   31   29   27   36   34   41                                   
    52.5-180.0 180.0   5.0 450.0                            LAT/LON1/LON2/DLON/H
   40   48   59   68   77   83   89   92   96   99  105  107  111  111  116  116
  121  123  129  130  131  131  129  127  125  125  126  132  136  142  145  148
  145  143  135  132  124  120  113  106   97   91   84   80   76   73   68   64
   59   55   53   52   52   51   51   50   49   48   47   45   44   43   43   42
   42   41   38   35   34   31   35   34   40                                   
    50.0-180.0 180.0   5.0 450.0                            LAT/LON1/LON2/DLON/H
   47   52   64   75   84   91   97  100  102  105  109  111  114  114  117  119
  123  127  130  132  131  131  127  126  124  126  130  138  146  154  158  161
  159  155  149  145  139  135  128  122  113  107  101   98   93   90   83   77
   69   64   60   59   59   60   60   60   59   59   56   54   50   49   47   48
   47   48   45   43   39   34   41   43   47                                   
    47.5-180.0 180.0   5.0 450.0                            LAT/LON1/LON2/DLON/H
   55   57   72   83   94  100  107  110  112  114  117  117  120  119  123  124
  129  132  136  136  134  133  131  130  130  134  140  149  156  165  169  171
  168  164  158  156  150  148  141  136  127  121  115  112  107  102   95   87
   79   73   70   69   70   71   73   73   73   71   68   64   61   58   57   56
   58   57   56   53   51   44   46   52   55                                   
    45.0-180.0 180.0   5.0 450.0                            LAT/LON1/LON2/DLON/H
   68   67   80   94  103  113  119  123  125  127  129  128  130  128  129  131
  133  138  139  140  138  137  136  137  139  143  150  158  165  172  175  176
  174  169  167  166  165  163  158  151  143  136  130  125  120  114  106   97
   89   82   79   79   81   84   85   87   86   85   81   77   72   68   66   67
   67   69   67   66   63   54   59   67   68                                   
    42.5-180.0 180.0   5.0 450.0                            LAT/LON1/LON2/DLON/H
   76   76   91  102  114  121  131  136  141  142  145  143  144  141  143  142
  145  146  149  148  148  146  148  150  153  157  163  168  173  176  177  177
  174  172  172  175  176  176  170  163  153  144  138  132  127  120  112  103
   96   89   88   88   92   93   97   97   99   96   93   88   83   78   77   76
   78   78   78   75   75   65   66   76   76                                   
    40.0-180.0 180.0   5.0 450.0                            LAT/LON1/LON2/DLON/H
   84   84   95  108  120  131  140  148  154  156  159  159  158  155  154  153
  154  155  157  157  157  158  161  167  170  173  175  178  177  178  176  176
  176  177  183  189  194  193  188  176  165  153  145  139  132  125  118  109
  102   97   95   96   99  103  105  107  107  108  104  100   94   89   88   87
   88   88   86   84   81   73   75   86   84                                   
    37.5-180.0 180.0   5.0 450.0                            LAT/LON1/LON2/DLON/H
   86   86   99  110  124  134  147  156  164  169  173  174  174  171  169  168
  168  168  172  171  173  175  181  187  191  192  192  188  187  182  182  182
  186  191  202  210  212  210  201  189  173  158  148  139  133  125  120  112
  107  103  101  101  103  104  108  109  111  112  110  107  102   98   97   95
   96   93   91   86   85   76   77   86   86                                   
    35.0-180.0 180.0   5.0 450.0                            LAT/LON1/LON2/DLON/H
   88   90   98  113  125  139  151  162  171  177  182  185  185  185  182  182
  181  183  186  188  190  195  201  210  212  216  211  208  201  199  196  200
  207  218  232  240  242  233  222  203  188  169  158  146  139  130  124  116
  112  107  106  104  104  104  106  108  111  113  112  111  107  105  104  103
  102   99   93   88   84   76   78   89   88                                   
    32.5-180.0 180.0   5.0 450.0                            LAT/LON1/LON2/DLON/H
   89   90  100  113  128  138  154  164  175  181  188  193  196  197  196  197
  198  202  206  210  213  218  224  231  236  237  237  230  228  225  229  236
  250  264  276  279  271  256  236  216  195  177  164  151  143  133  128  119
  116  111  109  106  104  103  104  107  110  112  111  111  108  107  108  105
  105   99   94   85   83   74   77   85   89                                   
    30.0-180.0 180.0   5.0 450.0                            LAT/LON1/LON2/DLON/H
   93   96  102  118  130  142  154  166  176  183  190  196  202  206  207  209
  212  219  225  229  232  236  241  249  254  260  260  262  261  268  276  291
  307  321  329  321  304  279  253  231  208  190  178  165  155  144  138  128
  124  116  114  109  107  105  106  107  111  113  113  111  109  108  108  108
  106  101   93   87   79   74   76   88   93                                   
    27.5-180.0 180.0   5.0 450.0                            LAT/LON1/LON2/DLON/H
  100  101  109  123  135  144  158  168  179  184  192  199  207  212  217  221
  228  236  245  249  252  254  259  266  273  282  289  296  304  315  330  344
  361  369  371  354  328  297  265  242  219  202  188  175  164  151  143  133
  126  120  115  110  107  105  107  108  111  113  112  111  107  107  106  105
  104   98   92   83   79   73   77   88  100                                   
    25.0-180.0 180.0   5.0 450.0                            LAT/LON1/LON2/DLON/H
  107  111  117  132  144  154  165  175  184  189  195  202  211  220  227  234
  242  253  261  266  269  270  274  282  291  306  317  334  345  365  382  400
  416  419  414  386  351  315  283  256  234  219  205  192  179  165  153  142
  132  124  117  112  109  108  109  110  112  112  112  109  107  104  104  102
  101   98   91   86   79   76   79   92  107                                   
    22.5-180.0 180.0   5.0 450.0                            LAT/LON1/LON2/DLON/H
  114  116  128  142  157  165  179  187  195  198  204  210  219  228  239  248
  261  270  282  285  288  288  291  301  314  333  349  368  386  406  429  445
  462  460  447  413  371  329  296  270  249  234  219  205  190  174  161  148
  137  128  120  114  107  109  110  114  116  114  111  110  104  102   99   98
   96   93   90   83   83   76   81   94  114                                   
    20.0-180.0 180.0   5.0 450.0                            LAT/LON1/LON2/DLON/H
  118  125  135  153  167  180  191  199  206  208  215  220  232  242  254  265
  277  291  301  305  308  307  314  325  342  364  382  404  425  448  472  487
  496  489  470  432  391  345  314  288  268  253  237  222  205  189  173  157
  145  134  121  116  111  115  117  119  120  117  114  109  105   99   97   95
   94   93   89   87   82   81   80   96  118                                   
    17.5-180.0 180.0   5.0 450.0                            LAT/LON1/LON2/DLON/H
  119  126  144  162  182  196  209  216  222  225  233  238  250  258  275  284
  301  315  329  333  336  337  347  363  383  403  424  444  463  485  500  510
  509  497  473  442  399  359  331  308  287  270  251  236  217  199  182  167
  153  142  132  127  127  130  132  131  127  122  116  112  105  101   95   92
   90   88   87   84   82   77   78   92  119                                   
    15.0-180.0 180.0   5.0 450.0                            LAT/LON1/LON2/DLON/H
  115  129  143  168  186  207  220  230  236  240  248  255  266  279  296  308
  328  341  359  365  374  377  393  407  429  445  468  481  497  509  517  517
  513  494  472  436  406  369  346  322  304  285  265  248  229  212  194  179
  166  153  144  139  138  141  142  139  133  124  119  111  107   99   95   90
   88   86   84   84   76   78   76   84  115                                   
    12.5-180.0 180.0   5.0 450.0                            LAT/LON1/LON2/DLON/H
  105  122  145  171  197  216  236  245  256  260  274  279  299  309  330  340
  363  373  390  396  411  422  442  458  475  488  503  508  514  519  517  513
  500  483  460  433  408  383  361  338  318  297  275  257  239  222  207  191
  180  166  156  149  147  149  149  146  137  128  119  114  108  103   95   90
   84   81   78   73   67   65   62   72  105                                   
    10.0-180.0 180.0   5.0 450.0                            LAT/LON1/LON2/DLON/H
  100  125  142  172  198  225  243  257  269  277  292  304  325  339  357  371
  391  405  422  427  448  461  489  499  516  517  525  518  521  515  513  502
  493  472  449  428  411  394  375  354  332  310  287  269  250  236  219  207
  194  183  169  162  157  156  154  148  137  126  117  110  107   99   95   87
   83   75   73   65   60   62   61   60  100                                   
     7.5-180.0 180.0   5.0 450.0                            LAT/LON1/LON2/DLON/H
   89  116  140  171  203  229  253  267  285  295  316  332  356  367  389  393
  417  422  447  459  481  501  524  536  542  535  532  522  519  511  505  497
