data/unet/pred0260.15i
     1.0            IONOSPHERE MAPS     GNSS                IONEX VERSION / TYPE
pyspatialgeodesy        IME             05-JAN-18 20:20     PGM / RUN BY / DATE 
Map Name                                                    COMMENT             
Predicted global ionosphere maps (GIM).                     DESCRIPTION         
  2015     1    26     0     0     0                        EPOCH OF FIRST MAP  
  2015     1    27     0     0     0                        EPOCH OF LAST MAP   
  7200                                                      INTERVAL            
    13                                                      # OF MAPS IN FILE   
  NONE                                                      MAPPING FUNCTION    
10.0                                                        ELEVATION CUTOFF    
One-way carrier phase leveled to code                       OBSERVABLES USED    
  6371.0                                                    BASE RADIUS         
 2                                                          MAP DIMENSION       
   450.0 450.0   0.0                                        HGT1 / HGT2 / DHGT  
    87.5 -87.5  -2.5                                        LAT1 / LAT2 / DLAT  
  -180.0 180.0   5.0                                        LON1 / LON2 / DLON  
    -1                                                      EXPONENT            
                                                            END OF HEADER       
[from data line 5148]
    13                                                      START OF TEC MAP    
  2015     1    27     0     0     0                        EPOCH OF CURRENT MAP
    87.5-180.0 180.0   5.0 450.0                            LAT/LON1/LON2/DLON/H
  115   86   80   77   79   76   79   78   82   80   82   80   82   80   82   78
   81   77   80   76   78   74   77   73   76   72   74   70   73   69   72   68
   71   67   70   67   70   68   71   68   72   70   73   71   74   73   75   74
   77   76   78   77   79   78   80   78   80   78   79   77   78   76   77   74
   77   74   76   75   80   78   89  111  115                                   
    85.0-180.0 180.0   5.0 450.0                            LAT/LON1/LON2/DLON/H
   96   71   71   72   72   71   74   73   77   76   79   77   79   77   79   76
   78   75   76   72   73   69   70   65   65   60   61   55   56   51   53   48
   50   46   48   46   48   47   50   50   53   53   57   57   61   61   65   65
   68   68   71   71   73   72   74   73   75   73   74   71   72   70   70   67
   69   67   68   67   72   65   69   93   96                                   
    82.5-180.0 180.0   5.0 450.0                            LAT/LON1/LON2/DLON/H
   95   80   81   85   85   83   87   85   90   87   92   89   93   89   94   89
   93   88   90   85   86   80   80   73   72   65   64   57   56   49   51   44
   47   41   46   41   47   44   51   49   57   56   64   63   70   69   76   74
   80   78   83   80   84   81   84   80   83   79   81   76   79   74   77   73
   78   75   80   78   84   76   83   96   95                                   
    80.0-180.0 180.0   5.0 450.0                            LAT/LON1/LON2/DLON/H
  104   98  101  105  103  102  104  104  106  106  107  107  108  108  109  109
  109  108  107  106  104  101   98   94   88   83   77   72   67   62   59   55
   54   51   52   51   53   53   58   59   65   67   73   75   80   82   86   88
   91   92   94   93   94   93   93   91   90   88   87   85   84   83   84   85
   87   88   92   94   99   94   99  108  104                                   
    77.5-180.0 180.0   5.0 450.0                            LAT/LON1/LON2/DLON/H
  118  112  114  115  111  112  113  113  114  114  115  115  115  115  115  115
  115  115  115  115  114  112  109  106  100   94   88   82   75   69   65   61
   59   56   57   55   58   57   62   63   68   70   76   78   83   85   89   90
   93   94   96   95   95   93   92   90   88   85   83   81   80   81   82   84
   88   91   97  101  107  106  112  119  118                                   
    75.0-180.0 180.0   5.0 450.0                            LAT/LON1/LON2/DLON/H
  130  129  131  131  127  125  126  125  126  126  126  124  123  121  120  118
  117  117  118  119  119  119  117  115  110  104   98   91   84   79   74   70
   68   66   66   66   66   67   68   70   73   75   79   81   84   86   89   90
   92   92   93   92   92   90   88   86   83   79   76   73   73   75   78   81
   87   92  101  108  116  119  128  134  130                                   
    72.5-180.0 180.0   5.0 450.0                            LAT/LON1/LON2/DLON/H
  151  149  153  152  146  144  143  141  140  139  137  133  129  124  120  115
  112  111  112  113  114  115  116  114  111  107  102   96   90   85   81   78
   76   74   74   73   74   72   75   74   77   77   82   80   83   82   85   82
   85   82   84   81   82   78   78   73   72   67   65   63   65   67   73   78
   87   94  106  115  128  134  143  152  151                                   
    70.0-180.0 180.0   5.0 450.0                            LAT/LON1/LON2/DLON/H
  169  171  176  175  170  167  165  163  160  157  153  147  138  129  120  112
  105  101  101  101  102  104  106  105  105  102  100   96   92   88   86   83
   82   80   80   79   78   77   78   77   78   77   78   77   77   75   75   73
   73   71   72   70   69   67   66   63   61   59   58   58   62   67   73   81
   91  100  113  125  139  149  162  170  169                                   
    67.5-180.0 180.0   5.0 450.0                            LAT/LON1/LON2/DLON/H
  194  193  200  198  194  191  189  186  182  178  171  162  150  136  122  108
   98   90   88   86   87   89   92   92   94   94   94   92   91   89   87   85
   83   81   81   79   78   76   77   75   76   73   75   71   70   65   64   59
   59   55   57   54   55   52   54   51   53   52   54   57   64   69   78   86
   97  108  122  135  152  162  173  185  194                                   
    65.0-180.0 180.0   5.0 450.0                            LAT/LON1/LON2/DLON/H
  212  212  219  217  212  211  206  204  200  197  188  178  162  145  126  109
   94   83   78   75   74   75   77   79   81   83   85   86   86   85   84   81
   79   77   75   72   71   69   69   68   68   66   66   62   59   55   52   49
   46   43   43   42   42   42   44   44   48   50   55   60   70   77   87   96
  107  118  131  144  159  170  182  195  212                                   
    62.5-180.0 180.0   5.0 450.0                            LAT/LON1/LON2/DLON/H
  229  223  230  230  226  224  220  218  215  212  203  192  174  155  133  113
   95   82   73   68   65   64   64   65   68   71   74   76   78   77   75   72
   70   66   64   61   60   58   59   59   61   59   59   55   53   47   44   39
   37   33   33   32   34   35   39   41   47   51   59   66   78   86   98  108
  120  130  142  154  167  176  186  202  229                                   
    60.0-180.0 180.0   5.0 450.0                            LAT/LON1/LON2/DLON/H
  241  236  241  239  237  235  228  227  223  222  215  206  187  167  145  124
  104   89   77   69   63   59   57   56   58   59   63   66   67   66   64   61
   59   55   53   50   51   50   52   53   56   55   55   51   49   44   40   36
   33   30   28   28   30   33   37   41   49   54   64   73   88   98  111  122
  135  145  156  165  175  182  192  208  241                                   
    57.5-180.0 180.0   5.0 450.0                            LAT/LON1/LON2/DLON/H
  260  248  252  251  248  245  239  237  234  232  226  216  200  182  160  140
  120  105   90   79   69   61   55   51   51   51   53   55   56   55   54   52
   50   46   45   45   47   48   51   55   58   60   59   57   54   50   45   41
   37   33   32   31   34   35   40   43   52   58   69   79   97  109  124  137
  152  163  173  180  187  192  197  215  260                                   
    55.0-180.0 180.0   5.0 450.0                            LAT/LON1/LON2/DLON/H
  282  271  275  268  265  261  255  251  244  242  234  226  211  196  175  157
  139  123  107   93   79   67   57   51   48   47   49   50   51   51   50   49
   48   48   48   50   53   56   61   64   69   70   70   68   65   60   55   50
   45   42   41   40   42   43   47   50   57   64   75   87  106  120  137  153
  170  181  192  198  203  206  211  230  282                                   
    52.5-180.0 180.0   5.0 450.0                            LAT/LON1/LON2/DLON/H
  311  300  304  299  292  287  280  272  264  256  246  236  222  208  190  175
  158  142  125  110   92   78   65   56   52   50   51   53   55   55   56   56
   57   58   60   65   69   74   78   82   85   87   86   84   80   75   69   64
   59   56   54   54   55   55   58   59   66   71   82   94  114  129  149  166
  186  201  214  221  226  228  228  250  311                                   
    50.0-180.0 180.0   5.0 450.0                            LAT/LON1/LON2/DLON/H
  342  340  349  339  333  323  315  302  291  276  261  247  232  218  203  189
  173  157  140  122  105   88   75   65   61   59   61   63   65   67   67   69
   71   75   79   85   91   95  100  103  106  106  104  102   97   92   86   82
   76   73   71   71   70   71   71   72   76   80   90  102  122  138  158  178
  199  218  233  242  247  250  254  274  342                                   
    47.5-180.0 180.0   5.0 450.0                            LAT/LON1/LON2/DLON/H
  368  376  388  387  377  371  357  342  324  302  280  259  241  226  211  199
  182  168  150  133  115  101   87   79   75   75   76   79   82   83   84   86
   89   94  100  107  113  118  120  122  122  123  119  118  111  106  100   96
   92   89   87   86   86   85   85   85   87   91  100  112  131  147  167  186
  210  230  246  259  268  274  280  299  368                                   
    45.0-180.0 180.0   5.0 450.0                            LAT/LON1/LON2/DLON/H
  391  413  428  428  422  414  401  381  360  331  303  275  252  236  221  207
  191  173  157  140  126  113  103   96   94   94   96   98   99  100  100  101
  104  109  117  124  132  135  138  137  137  135  132  129  123  118  113  110
  106  104  101  100   99   99   99   99  100  104  112  123  141  156  173  191
  212  233  251  269  280  292  300  318  391                                   
    42.5-180.0 180.0   5.0 450.0                            LAT/LON1/LON2/DLON/H
  397  419  438  448  445  443  431  415  387  357  322  292  264  246  228  214
  194  179  162  150  138  130  122  118  114  114  113  114  113  112  111  111
  113  118  126  134  141  144  145  143  141  140  137  135  130  126  122  119
  116  113  111  108  109  108  110  110  113  117  125  136  153  167  180  194
  212  230  250  269  287  301  312  328  397                                   
    40.0-180.0 180.0   5.0 450.0                            LAT/LON1/LON2/DLON/H
  395  423  437  448  446  448  443  431  408  375  342  307  280  259  241  222
  203  185  172  162  155  149  145  140  135  132  129  125  121  118  116  115
  116  120  127  135  141  144  145  142  141  140  139  137  134  130  127  125
  121  118  115  113  114  115  119  121  126  131  140  151  167  179  188  199
  212  228  246  267  286  304  315  329  395                                   
    37.5-180.0 180.0   5.0 450.0                            LAT/LON1/LON2/DLON/H
  379  393  409  415  420  426  427  423  408  380  348  319  291  272  251  233
  211  197  184  180  175  173  167  161  153  146  138  131  125  120  117  114
  115  117  124  130  137  138  139  137  137  137  138  138  137  134  132  128
  125  119  117  114  118  119  125  129  137  145  156  169  183  193  199  206
  217  229  246  265  285  304  317  326  379                                   
    35.0-180.0 180.0   5.0 450.0                            LAT/LON1/LON2/DLON/H
  369  379  385  381  385  390  400  400  396  373  351  324  303  283  266  245
  227  211  203  200  197  195  187  178  165  153  143  133  126  121  118  116
  115  116  120  126  131  133  134  133  134  136  138  140  139  137  133  128
  123  117  114  112  116  119  127  134  146  157  171  184  199  207  212  219
  226  237  252  270  288  307  324  333  369                                   
    32.5-180.0 180.0   5.0 450.0                            LAT/LON1/LON2/DLON/H
  368  369  370  358  356  359  368  374  374  361  344  325  307  293  275  260
  240  229  220  220  215  213  200  187  170  157  144  136  130  128  127  126
  124  122  125  127  132  133  135  135  137  139  142  142  141  138  134  127
  121  113  110  108  113  118  127  137  150  164  180  196  212  222  230  236
  242  250  264  281  298  318  340  345  368                                   
    30.0-180.0 180.0   5.0 450.0                            LAT/LON1/LON2/DLON/H
  388  393  389  374  367  363  368  368  369  356  346  327  317  301  292  272
  259  246  242  237  231  220  204  187  169  157  149  144  145  147  151  151
  148  144  143  143  145  145  145  144  144  146  146  146  142  137  131  124
  114  106  102  102  107  113  123  133  149  166  185  204  221  235  245  257
  263  273  284  302  318  341  372  375  388                                   
    27.5-180.0 180.0   5.0 450.0                            LAT/LON1/LON2/DLON/H
  427  437  436  424  413  402  394  389  380  369  355  341  328  316  303  289
  273  264  255  249  235  219  197  180  166  161  158  163  171  182  191  194
  189  182  177  174  172  168  164  160  157  156  153  148  142  135  127  119
  110  102   97   96  101  108  117  128  143  164  187  210  232  248  263  279
  290  303  316  331  348  373  412  412  427                                   
    25.0-180.0 180.0   5.0 450.0                            LAT/LON1/LON2/DLON/H
  491  512  513  508  497  480  461  446  431  412  395  372  358  336  325  303
  294  276  269  250  234  210  191  175  170  170  180  192  210  226  243  247
  242  230  220  211  203  195  186  178  170  165  157  150  139  132  122  115
  104   97   93   93   97  103  111  122  138  160  184  212  235  257  277  305
  324  346  361  379  394  419  465  468  491                                   
    22.5-180.0 180.0   5.0 450.0                            LAT/LON1/LON2/DLON/H
  566  596  603  608  598  576  547  523  496  473  448  422  395  370  348  326
  308  291  271  250  225  204  186  178  180  193  210  232  258  282  298  302
  295  281  265  251  234  222  208  196  184  173  160  148  136  127  118  110
  104   97   94   93   95   98  105  116  134  156  184  213  242  267  298  333
  367  393  414  433  449  473  517  524  566                                   
    20.0-180.0 180.0   5.0 450.0                            LAT/LON1/LON2/DLON/H
  650  691  702  716  709  689  657  628  593  562  529  493  460  420  393  357
  337  304  284  247  225  203  197  196  211  229  262  288  318  336  352  345
  337  318  299  279  258  240  223  210  192  177  159  145  130  123  116  111
  105  101   97   96   94   96  100  113  131  157  187  219  251  282  321  364
  403  435  461  485  504  532  575  586  650                                   
    17.5-180.0 180.0   5.0 450.0                            LAT/LON1/LON2/DLON/H
  707  760  790  812  810  786  754  727  692  661  617  571  524  481  442  403
  367  330  294  257  231  219  220  232  259  291  322  347  366  374  378  366
  351  334  313  294  271  252  233  217  196  178  156  140  125  119  115  112
  108  103   98   96   93   94   97  110  130  160  193  228  265  300  344  389
  431  465  498  525  550  578  614  623  707                                   
    15.0-180.0 180.0   5.0 450.0                            LAT/LON1/LON2/DLON/H
  738  800  840  874  883  865  839  815  791  761  719  663  608  556  518  469
  430  371  329  280  263  252  271  291  329  353  383  392  396  386  380  360
  348  328  310  291  269  253  235  217  194  174  151  135  122  119  116  116
  114  109  104   99   96   94   98  114  138  170  206  241  280  317  362  406
  449  483  517  547  572  601  636  640  738                                   
    12.5-180.0 180.0   5.0 450.0                            LAT/LON1/LON2/DLON/H
  727  792  842  885  902  892  873  859  850  834  799  745  682  627  583  536
  492  432  376  331  311  313  334  360  391  409  417  405  388  363  349  331
  320  306  293  278  263  250  234  215  191  171  148  132  122  120  119  120
  117  112  106  100   95   96   99  118  146  181  217  255  294  334  378  419
  457  490  519  546  572  595  623  622  727                                   
    10.0-180.0 180.0   5.0 450.0                            LAT/LON1/LON2/DLON/H
  700  757  804  852  876  873  868  868  877  879  862  816  761  701  661  615
  575  514  459  407  389  393  411  426  440  434  418  389  359  331  315  301
  295  285  274  264  252  244  229  211  188  167  146  132  123  122  123  124
  122  116  112  103  100   99  106  126  157  190  227  265  305  345  387  424
  459  488  512  534  557  576  604  600  700                                   
     7.5-180.0 180.0   5.0 450.0                            LAT/LON1/LON2/DLON/H
  646  690  738  789  813  816  820  835  857  875  871  844  800  753  716  677
  639  586  532  489  469  471  475  473  461  430  393  350  316  291  280  272
