data/unet/pred1570.15i
     1.0            IONOSPHERE MAPS     GNSS                IONEX VERSION / TYPE
pyspatialgeodesy        IME             05-JAN-18 20:20     PGM / RUN BY / DATE 
Map Name                                                    COMMENT             
Predicted global ionosphere maps (GIM).                     DESCRIPTION         
  2015     6     6     0     0     0                        EPOCH OF FIRST MAP  
  2015     6     7     0     0     0                        EPOCH OF LAST MAP   
  7200                                                      INTERVAL            
    13                                                      # OF MAPS IN FILE   
  NONE                                                      MAPPING FUNCTION    
10.0                                                        ELEVATION CUTOFF    
One-way carrier phase leveled to code                       OBSERVABLES USED    
  6371.0                                                    BASE RADIUS         
 2                                                          MAP DIMENSION       
   450.0 450.0   0.0                                        HGT1 / HGT2 / DHGT  
    87.5 -87.5  -2.5                                        LAT1 / LAT2 / DLAT  
  -180.0 180.0   5.0                                        LON1 / LON2 / DLON  
    -1                                                      EXPONENT            
                                                            END OF HEADER       
[from data line 2145]
     6                                                      START OF TEC MAP    
  2015     6     6    10     0     0                        EPOCH OF CURRENT MAP
    87.5-180.0 180.0   5.0 450.0                            LAT/LON1/LON2/DLON/H
  177  203  204  211  208  212  209  212  208  214  210  215  211  215  211  215
  211  215  211  214  210  212  208  211  207  209  206  207  205  205  204  203
  202  202  202  201  201  201  201  202  202  204  205  208  208  211  211  214
  213  218  216  220  217  221  218  222  217  221  216  220  215  218  214  217
  213  215  209  209  202  202  197  168  177                                   
    85.0-180.0 180.0   5.0 450.0                            LAT/LON1/LON2/DLON/H
  200  195  201  208  207  209  209  211  210  212  212  213  212  214  213  214
  212  213  212  213  211  211  210  210  208  208  207  207  206  205  205  204
  203  202  203  202  202  200  202  202  204  204  207  208  210  212  214  217
  218  221  222  226  224  228  227  229  227  229  225  227  224  224  220  221
  218  217  213  211  208  201  210  188  200                                   
    82.5-180.0 180.0   5.0 450.0                            LAT/LON1/LON2/DLON/H
  190  194  190  193  195  196  199  199  201  202  204  204  206  206  207  207
  208  208  208  208  208  208  207  207  207  206  206  206  206  205  205  203
  203  201  202  199  201  198  200  198  201  200  204  203  208  208  214  214
  220  220  225  225  228  227  231  229  231  229  229  226  226  222  221  217
  216  212  210  206  205  199  202  204  190                                   
    80.0-180.0 180.0   5.0 450.0                            LAT/LON1/LON2/DLON/H
  189  186  181  184  185  188  188  192  191  196  194  199  196  202  199  203
  200  204  200  204  200  203  199  203  199  203  199  204  200  205  200  205
  199  203  198  201  195  198  194  198  194  199  197  204  202  210  210  218
  218  225  225  231  229  234  232  236  232  234  230  231  226  226  219  220
  213  213  205  203  196  190  194  196  189                                   
    77.5-180.0 180.0   5.0 450.0                            LAT/LON1/LON2/DLON/H
  181  188  179  181  183  185  187  189  191  193  195  197  198  201  201  203
  202  203  202  202  201  201  200  201  200  203  202  205  205  208  208  210
  209  210  208  208  205  205  203  203  202  205  205  209  211  216  219  224
  227  231  234  236  237  239  239  240  239  239  237  236  233  230  225  222
  217  213  207  202  197  188  191  197  181                                   
    75.0-180.0 180.0   5.0 450.0                            LAT/LON1/LON2/DLON/H
  180  180  175  178  176  181  181  185  185  190  190  195  194  199  198  202
  198  202  198  200  196  198  194  196  193  198  196  202  202  209  209  214
  213  216  214  215  210  210  206  207  204  208  207  213  213  221  221  230
  229  237  235  240  237  242  237  242  236  241  234  238  230  233  223  225
  215  216  205  204  194  187  196  199  180                                   
    72.5-180.0 180.0   5.0 450.0                            LAT/LON1/LON2/DLON/H
  182  190  180  181  179  181  182  183  184  188  189  193  193  197  197  200
  198  199  196  196  193  192  189  188  187  189  190  196  199  206  210  216
  217  220  220  220  217  215  212  212  210  212  213  218  219  226  228  234
  233  238  236  238  234  236  232  234  231  233  230  232  229  230  225  224
  218  216  210  206  201  192  196  206  182                                   
    70.0-180.0 180.0   5.0 450.0                            LAT/LON1/LON2/DLON/H
  189  188  183  184  179  181  178  180  179  183  184  189  189  194  194  198
  195  197  194  194  189  188  183  182  179  182  183  190  194  206  210  221
  222  229  227  229  224  224  218  220  215  220  219  226  226  233  233  238
  235  237  232  233  226  228  222  225  220  224  221  227  224  228  223  226
  220  222  213  214  205  199  209  212  189                                   
    67.5-180.0 180.0   5.0 450.0                            LAT/LON1/LON2/DLON/H
  195  202  190  189  183  180  177  175  175  176  178  182  183  188  189  193
  191  193  190  189  185  182  177  174  172  172  176  182  190  201  211  220
  227  231  233  233  231  228  225  224  222  225  227  232  234  239  239  240
  237  235  228  224  218  215  211  210  209  210  213  215  219  222  223  224
  223  222  219  217  215  207  214  222  195                                   
    65.0-180.0 180.0   5.0 450.0                            LAT/LON1/LON2/DLON/H
  208  205  197  194  185  181  172  170  166  168  168  171  174  178  181  184
  184  186  184  184  180  178  173  170  167  168  171  179  186  201  210  224
  229  239  238  242  236  237  231  232  229  233  234  241  242  247  245  244
  237  232  223  218  209  207  200  202  199  204  204  213  215  223  223  230
  227  232  226  228  222  217  230  230  208                                   
    62.5-180.0 180.0   5.0 450.0                            LAT/LON1/LON2/DLON/H
  216  219  205  200  188  179  170  163  158  155  156  157  159  163  165  170
  171  174  173  174  172  170  166  164  162  163  168  175  185  198  210  223
  231  239  242  245  242  241  238  238  237  241  244  250  253  255  253  249
  241  234  223  217  209  204  200  198  198  199  204  207  215  219  225  228
  231  233  232  232  232  226  236  239  216                                   
    60.0-180.0 180.0   5.0 450.0                            LAT/LON1/LON2/DLON/H
  226  218  209  203  188  178  164  155  149  145  144  144  146  149  152  155
  159  160  163  164  165  163  164  162  163  165  170  178  187  201  212  226
  234  244  245  249  246  247  243  244  244  249  252  258  260  262  259  254
  245  237  226  219  211  208  202  205  201  207  206  214  217  226  227  235
  234  241  237  241  236  232  245  243  226                                   
    57.5-180.0 180.0   5.0 450.0                            LAT/LON1/LON2/DLON/H
  231  229  214  206  190  176  160  148  138  132  128  128  128  130  133  136
  139  143  145  148  150  152  155  157  160  164  171  180  191  203  214  226
  234  243  247  251  251  251  251  252  254  257  262  266  268  269  265  260
  252  245  236  231  222  219  214  212  213  212  216  216  224  226  231  233
  237  239  239  240  242  238  247  247  231                                   
    55.0-180.0 180.0   5.0 450.0                            LAT/LON1/LON2/DLON/H
  237  224  217  208  192  176  159  145  135  126  121  117  116  117  119  122
  125  128  132  137  141  146  152  158  164  172  179  188  199  211  220  231
  238  247  251  256  257  258  260  262  264  268  271  275  276  276  272  268
  261  256  249  245  238  238  230  233  227  231  226  232  230  238  234  243
  238  246  240  247  243  238  250  247  237                                   
    52.5-180.0 180.0   5.0 450.0                            LAT/LON1/LON2/DLON/H
  240  232  220  211  197  180  162  145  132  123  113  109  103  102  102  104
  108  112  117  122  128  136  145  155  165  175  184  196  206  217  224  234
  240  248  255  260  266  267  271  272  276  278  281  283  283  284  280  277
  272  270  263  262  256  254  248  247  243  242  239  237  239  238  240  241
  241  244  242  245  245  241  247  248  240                                   
    50.0-180.0 180.0   5.0 450.0                            LAT/LON1/LON2/DLON/H
  242  223  220  210  199  182  167  150  139  126  118  108  102   95   96   95
  100  104  110  116  125  136  147  161  173  186  194  206  214  226  231  240
  245  255  263  270  277  281  285  287  291  293  294  295  293  293  289  288
  283  282  277  276  271  270  263  264  256  258  248  250  243  249  242  250
  245  253  247  252  247  240  247  248  242                                   
    47.5-180.0 180.0   5.0 450.0                            LAT/LON1/LON2/DLON/H
  242  229  220  212  202  187  174  157  145  134  121  111   98   92   89   89
   92   97  104  109  120  130  148  161  179  191  201  213  220  231  235  244
  249  261  270  281  288  293  298  301  304  307  307  307  303  303  298  297
  293  294  288  288  280  278  270  268  262  259  254  251  250  249  251  252
  255  256  255  255  254  247  247  250  242                                   
    45.0-180.0 180.0   5.0 450.0                            LAT/LON1/LON2/DLON/H
  242  219  217  208  202  188  179  166  158  146  136  120  109   96   93   92
   96  100  106  114  124  137  154  170  188  203  211  224  227  239  241  250
  256  269  281  292  301  308  316  319  325  326  326  324  319  316  311  309
  306  305  300  297  289  284  276  273  266  264  256  258  253  259  257  268
  266  274  268  270  263  250  250  253  242                                   
    42.5-180.0 180.0   5.0 450.0                            LAT/LON1/LON2/DLON/H
  241  224  215  209  201  191  183  174  168  159  146  133  115  105   96   95
   97  103  109  115  126  137  158  174  195  208  219  227  232  241  243  256
  260  278  287  302  310  319  327  333  341  343  344  340  334  329  322  321
  315  314  307  303  293  287  278  275  269  268  264  264  264  268  273  281
  286  290  288  284  277  264  258  259  241                                   
    40.0-180.0 180.0   5.0 450.0                            LAT/LON1/LON2/DLON/H
  243  215  211  203  199  190  185  178  178  172  165  148  134  116  110  106
  109  112  118  124  134  148  166  184  202  217  224  235  235  246  248  262
  269  286  297  310  322  332  344  353  364  368  370  365  359  350  345  340
  335  331  324  317  306  298  291  286  281  279  276  278  279  288  291  305
  306  314  308  303  292  272  267  266  243                                   
    37.5-180.0 180.0   5.0 450.0                            LAT/LON1/LON2/DLON/H
  246  221  211  204  196  188  184  180  181  180  172  161  142  130  116  114
  113  117  121  126  138  149  170  189  206  220  229  235  240  247  252  267
  275  295  303  320  329  342  352  366  377  385  387  384  379  370  364  358
  353  349  341  335  324  317  308  304  300  299  298  301  303  310  315  326
  330  333  328  317  305  286  282  272  246                                   
    35.0-180.0 180.0   5.0 450.0                            LAT/LON1/LON2/DLON/H
  254  221  215  205  199  189  184  181  185  186  184  173  161  143  132  125
  125  125  129  133  143  158  177  195  209  224  229  239  239  250  255  272
  282  301  312  326  340  351  367  380  397  406  412  410  407  399  396  391
  389  385  378  370  360  353  345  341  336  333  329  330  330  337  340  351
  351  353  344  334  318  295  292  284  254                                   
    32.5-180.0 180.0   5.0 450.0                            LAT/LON1/LON2/DLON/H
  259  233  223  210  200  189  183  180  183  187  186  181  167  154  139  133
  126  127  128  133  142  156  177  196  211  225  231  239  243  252  259  277
  289  310  320  338  348  364  377  395  411  427  430  436  431  430  424  425
  422  423  417  413  403  399  390  388  380  378  370  368  362  365  364  368
  366  361  352  338  324  302  300  284  259                                   
    30.0-180.0 180.0   5.0 450.0                            LAT/LON1/LON2/DLON/H
  263  238  230  218  207  196  188  185  187  190  193  187  180  162  152  138
  135  129  131  134  144  159  179  197  210  223  227  239  241  253  259  279
  293  313  326  342  359  370  392  406  430  442  453  456  456  456  456  459
  464  467  469  467  462  460  453  449  437  428  416  409  399  397  390  390
  381  374  361  349  331  309  305  293  263                                   
    27.5-180.0 180.0   5.0 450.0                            LAT/LON1/LON2/DLON/H
  267  251  238  225  213  202  194  189  189  193  194  192  180  169  153  143
  132  129  126  131  137  152  171  188  203  215  223  233  239  251  260  281
  297  318  329  350  364  382  398  418  436  453  461  471  473  478  481  484
  493  500  508  510  509  507  501  495  480  471  453  443  427  419  409  401
  390  377  362  348  334  315  305  289  267                                   
    25.0-180.0 180.0   5.0 450.0                            LAT/LON1/LON2/DLON/H
  274  262  251  239  227  215  206  200  200  199  199  196  188  176  163  148
  138  129  128  131  138  150  169  187  201  215  220  233  235  250  257  281
  298  318  333  351  370  386  410  423  445  453  468  473  483  487  496  507
  519  535  544  551  548  548  541  536  522  509  488  473  454  443  427  417
  400  383  364  351  336  315  306  294  274                                   
    22.5-180.0 180.0   5.0 450.0                            LAT/LON1/LON2/DLON/H
  280  273  261  254  241  231  220  211  208  204  201  197  187  178  163  151
  138  131  124  129  133  145  159  174  191  200  214  220  231  242  256  278
  299  320  336  361  374  396  412  430  443  454  462  474  481  490  499  510
  528  543  558  561  562  557  553  547  533  523  503  486  465  449  431  414
  395  376  357  341  328  311  297  286  280                                   
    20.0-180.0 180.0   5.0 450.0                            LAT/LON1/LON2/DLON/H
  280  277  271  266  260  250  243  230  223  213  210  201  193  181  171  158
  147  136  131  131  138  144  158  173  187  202  206  221  221  239  251  277
  296  319  338  365  383  403  420  435  446  452  458  468  476  489  497  514
  526  546  555  563  560  557  550  547  536  526  509  493  472  454  432  413
  394  372  352  336  323  303  293  285  280                                   
    17.5-180.0 180.0   5.0 450.0                            LAT/LON1/LON2/DLON/H
  278  271  265  266  263  259  250  241  229  217  210  200  189  178  168  157
  148  139  134  133  133  141  148  160  175  183  198  203  217  227  248  271
  294  317  340  371  387  408  423  436  445  447  451  456  465  475  484  493
  506  516  530  532  532  527  519  516  509  504  494  484  465  446  422  401
  382  362  343  326  310  295  281  273  278                                   
    15.0-180.0 180.0   5.0 450.0                            LAT/LON1/LON2/DLON/H
  268  259  255  258  261  260  258  248  237  221  212  201  191  180  171  162
  154  145  141  137  138  140  146  157  169  182  186  201  207  225  243  270
  293  318  340  374  394  414  428  441  448  452  452  459  461  471  473  483
  486  496  498  501  499  495  489  487  487  486  481  470  456  435  416  393
  378  359  341  324  306  287  275  272  268                                   
    12.5-180.0 180.0   5.0 450.0                            LAT/LON1/LON2/DLON/H
  258  242  236  240  243  245  242  237  225  214  204  195  186  174  169  158
  154  143  140  134  131  132  137  145  160  165  181  188  206  219  244  271
  295  321  345  376  395  418  431  445  452  452  454  454  459  459  464  462
  466  462  463  461  458  454  449  450  452  456  454  450  436  419  399  382
  366  352  334  316  297  279  264  257  258                                   
    10.0-180.0 180.0   5.0 450.0                            LAT/LON1/LON2/DLON/H
  242  225  220  225  228  228  228  222  215  206  198  190  183  174  169  161
  154  145  139  132  129  126  131  139  152  164  174  189  204  223  242  272
  296  323  346  373  392  415  428  444  453  457  458  459  459  459  455  454
  449  449  442  438  433  430  428  433  439  441  441  436  424  406  389  370
  360  344  329  309  294  274  258  255  242                                   
     7.5-180.0 180.0   5.0 450.0                            LAT/LON1/LON2/DLON/H
  234  212  208  208  207  206  202  198  193  187  181  176  170  166  161  155
  148  136  131  120  118  113  117  123  141  152  172  185  205  221  243  272
