data/unet/pred2050.15i
     1.0            IONOSPHERE MAPS     GNSS                IONEX VERSION / TYPE
pyspatialgeodesy        IME             05-JAN-18 20:20     PGM / RUN BY / DATE 
Map Name                                                    COMMENT             
Predicted global ionosphere maps (GIM).                     DESCRIPTION         
  2015     7    24     0     0     0                        EPOCH OF FIRST MAP  
  2015     7    25     0     0     0                        EPOCH OF LAST MAP   
  7200                                                      INTERVAL            
    13                                                      # OF MAPS IN FILE   
  NONE                                                      MAPPING FUNCTION    
10.0                                                        ELEVATION CUTOFF    
One-way carrier phase leveled to code                       OBSERVABLES USED    
  6371.0                                                    BASE RADIUS         
 2                                                          MAP DIMENSION       
   450.0 450.0   0.0                                        HGT1 / HGT2 / DHGT  
    87.5 -87.5  -2.5                                        LAT1 / LAT2 / DLAT  
  -180.0 180.0   5.0                                        LON1 / LON2 / DLON  
    -1                                                      EXPONENT            
                                                            END OF HEADER       
[from data line 858]
     3                                                      START OF TEC MAP    
  2015     7    24     4     0     0                        EPOCH OF CURRENT MAP
    87.5-180.0 180.0   5.0 450.0                            LAT/LON1/LON2/DLON/H
  139  146  130  129  130  127  128  128  129  128  128  127  128  127  127  126
  127  125  125  124  125  123  123  121  122  119  120  117  119  116  117  114
  116  113  115  112  114  111  113  110  112  110  111  109  111  109  111  109
  111  111  112  111  114  113  115  113  116  115  116  115  117  116  118  117
  118  119  122  122  123  118  134  142  139                                   
    85.0-180.0 180.0   5.0 450.0                            LAT/LON1/LON2/DLON/H
  148  146  129  135  133  133  132  135  133  135  132  134  132  133  130  133
  130  132  128  130  127  129  124  126  122  123  119  120  117  118  115  116
  113  115  113  114  112  114  111  113  111  112  111  113  111  113  111  114
  112  115  113  116  115  117  115  117  116  118  116  118  116  119  117  120
  118  122  121  124  121  121  127  134  148                                   
    82.5-180.0 180.0   5.0 450.0                            LAT/LON1/LON2/DLON/H
  134  134  130  140  134  136  134  139  137  139  135  138  134  136  131  134
  129  132  126  129  123  125  118  121  114  116  109  113  106  109  103  107
  101  106  101  106  101  106  101  107  101  107  101  109  103  110  105  112
  107  114  110  117  113  118  114  119  114  118  114  119  114  119  113  119
  114  121  118  123  118  117  124  120  134                                   
    80.0-180.0 180.0   5.0 450.0                            LAT/LON1/LON2/DLON/H
  137  137  139  143  143  143  145  146  147  146  146  145  145  143  141  141
  139  138  135  135  131  129  125  122  118  115  111  110  107  106  104  105
  104  105  105  107  107  109  109  111  111  112  112  114  114  116  117  119
  120  122  123  125  126  126  127  127  127  126  126  125  124  123  123  123
  122  122  123  122  122  116  125  118  137                                   
    77.5-180.0 180.0   5.0 450.0                            LAT/LON1/LON2/DLON/H
  139  135  138  145  143  143  145  146  146  144  144  143  142  139  138  136
  135  132  131  128  126  122  119  114  110  105  102  100   97   95   95   96
   97   98  101  104  106  108  110  112  113  114  116  117  117  118  121  122
  125  126  129  130  133  132  134  133  134  131  132  130  129  126  126  124
  124  122  125  121  121  116  125  118  139                                   
    75.0-180.0 180.0   5.0 450.0                            LAT/LON1/LON2/DLON/H
  135  134  135  138  140  138  140  139  139  136  136  132  131  127  126  123
  122  120  119  117  114  111  107  103   99   94   91   88   86   85   86   87
   89   92   97  100  104  107  110  111  112  114  115  116  117  118  121  122
  125  128  131  133  135  136  137  137  137  135  135  133  131  129  128  126
  125  123  125  123  123  116  128  121  135                                   
    72.5-180.0 180.0   5.0 450.0                            LAT/LON1/LON2/DLON/H
  137  130  133  138  138  135  137  135  135  131  129  124  122  117  116  112
  112  109  110  107  107  104  102   96   93   87   85   80   80   78   81   82
   86   89   95   99  104  106  111  112  114  114  117  116  118  119  122  124
  128  130  135  136  140  140  142  140  141  138  139  136  134  132  131  128
  127  125  127  122  124  119  129  122  137                                   
    70.0-180.0 180.0   5.0 450.0                            LAT/LON1/LON2/DLON/H
  132  132  131  135  135  133  133  132  130  125  121  117  112  107  105  102
  102  100  101  100  100   98   95   91   87   81   78   75   74   73   76   78
   84   87   94   98  104  107  111  112  114  115  117  118  120  122  124  128
  131  134  138  141  143  144  144  143  143  141  140  139  137  135  133  132
  130  130  130  128  128  121  131  124  132                                   
    67.5-180.0 180.0   5.0 450.0                            LAT/LON1/LON2/DLON/H
  134  128  130  134  132  129  130  127  125  119  116  109  106  100   98   95
   95   93   94   93   94   92   92   87   85   77   76   72   73   71   75   77
   82   85   92   96  101  104  109  110  114  114  118  119  122  124  130  132
  136  138  142  144  145  145  146  144  143  141  140  139  138  136  135  134
  133  131  133  130  131  125  131  124  134                                   
    65.0-180.0 180.0   5.0 450.0                            LAT/LON1/LON2/DLON/H
  131  132  130  132  131  127  126  124  120  116  111  106  101   96   93   90
   89   87   88   88   88   88   87   84   81   76   74   72   72   73   75   77
   81   85   90   94   98  102  106  109  111  115  118  123  126  130  133  136
  139  140  143  144  145  144  144  142  142  139  139  138  138  137  137  136
  135  136  137  136  135  127  135  128  131                                   
    62.5-180.0 180.0   5.0 450.0                            LAT/LON1/LON2/DLON/H
  136  131  129  132  128  123  121  118  116  112  108  103  100   94   91   87
   85   83   83   83   84   82   82   79   78   73   74   71   74   73   76   76
   79   81   85   88   92   94   99  101  108  112  122  125  132  133  138  140
  142  143  144  145  144  144  141  140  139  137  137  136  136  136  136  136
  135  136  137  136  137  131  136  129  136                                   
    60.0-180.0 180.0   5.0 450.0                            LAT/LON1/LON2/DLON/H
  135  136  131  132  129  122  119  117  114  111  107  104  101   96   91   87
   84   81   79   79   78   77   75   74   73   72   71   72   74   75   76   76
   77   78   79   83   85   91   96  101  107  117  124  132  135  140  141  143
  142  143  144  144  143  142  141  139  139  135  135  134  135  135  136  136
  136  138  140  139  140  131  140  134  135                                   
    57.5-180.0 180.0   5.0 450.0                            LAT/LON1/LON2/DLON/H
  142  137  134  136  130  123  120  116  115  111  110  106  103   97   94   88
   85   80   78   76   75   72   71   69   69   68   70   71   75   75   77   75
   74   72   73   74   79   83   91   96  108  117  129  134  143  145  149  149
  149  150  149  151  148  149  145  145  141  139  137  137  136  137  138  139
  139  141  143  143  144  138  142  135  142                                   
    55.0-180.0 180.0   5.0 450.0                            LAT/LON1/LON2/DLON/H
  144  145  142  142  138  130  126  122  119  116  113  110  107  101   96   91
   86   81   78   74   72   69   67   66   66   66   69   72   75   76   76   74
   71   68   66   69   73   80   88   98  108  122  131  141  147  151  153  154
  153  153  154  153  152  152  150  148  145  141  140  138  138  138  140  140
  141  142  145  145  145  140  147  143  144                                   
    52.5-180.0 180.0   5.0 450.0                            LAT/LON1/LON2/DLON/H
  155  151  150  154  147  140  135  130  126  121  119  115  112  104  100   94
   90   84   81   77   73   69   67   66   67   67   71   73   77   76   76   72
   69   64   64   65   71   76   87   96  111  123  138  145  156  159  164  163
  164  163  162  163  162  163  160  157  152  149  145  144  141  141  142  143
  143  146  148  148  149  146  150  147  155                                   
    50.0-180.0 180.0   5.0 450.0                            LAT/LON1/LON2/DLON/H
  158  162  162  165  162  153  148  141  137  130  126  121  118  109  104   97
   94   88   85   80   78   73   71   69   71   71   74   76   78   77   76   71
   68   65   63   67   71   81   91  103  116  130  141  153  162  167  170  170
  171  169  172  170  173  172  170  164  160  154  152  148  146  145  146  146
  148  149  152  151  152  148  156  154  158                                   
    47.5-180.0 180.0   5.0 450.0                            LAT/LON1/LON2/DLON/H
  169  169  174  181  175  167  160  154  147  140  135  129  124  115  110  103
  100   95   93   88   85   81   79   79   80   80   82   81   82   79   78   73
   70   66   67   69   77   85   96  107  122  134  148  158  170  176  181  181
  182  181  183  184  185  185  182  176  167  163  157  155  150  150  149  150
  150  153  154  156  157  156  159  155  169                                   
    45.0-180.0 180.0   5.0 450.0                            LAT/LON1/LON2/DLON/H
  172  183  185  190  189  180  173  163  156  148  143  136  130  121  114  107
  105  101  100   95   93   90   89   89   91   91   91   88   86   83   81   77
   74   72   72   77   83   94  104  115  128  140  153  162  174  181  188  186
  189  186  191  189  192  190  190  179  172  165  162  156  154  151  153  153
  155  157  161  161  162  159  167  164  172                                   
    42.5-180.0 180.0   5.0 450.0                            LAT/LON1/LON2/DLON/H
  182  185  192  198  194  188  180  173  164  157  150  144  137  128  120  115
  111  109  107  104  102  100  101  102  104  103  102   96   93   86   85   81
   80   78   80   83   92   99  108  120  132  142  154  164  178  185  193  194
  197  196  199  198  199  198  194  184  175  169  162  161  157  157  156  158
  160  163  166  166  167  168  171  169  182                                   
    40.0-180.0 180.0   5.0 450.0                            LAT/LON1/LON2/DLON/H
  185  195  198  200  200  193  187  179  172  164  158  152  146  136  128  120
  117  114  113  111  110  109  111  114  117  116  113  106   99   94   90   89
   87   89   89   94   99  108  115  126  136  147  158  169  181  189  198  199
  203  201  203  200  202  199  197  186  179  171  167  163  161  160  162  164
  169  173  177  177  177  176  184  180  185                                   
    37.5-180.0 180.0   5.0 450.0                            LAT/LON1/LON2/DLON/H
  198  200  202  204  198  194  188  184  176  173  165  163  154  147  135  129
  122  121  117  117  114  115  118  121  126  125  123  114  108  100   99   95
   96   95   99  101  105  110  116  126  137  148  160  171  184  192  202  204
  208  207  209  207  208  205  201  193  185  179  173  171  166  168  168  173
  177  184  189  189  190  192  194  190  198                                   
    35.0-180.0 180.0   5.0 450.0                            LAT/LON1/LON2/DLON/H
  208  213  210  209  205  199  195  189  184  180  175  171  164  155  144  135
  128  124  120  119  117  119  122  127  133  133  131  122  114  109  105  104
  103  104  104  107  108  114  118  127  136  148  160  171  184  193  202  204
  209  209  210  208  210  207  206  196  191  184  182  177  175  175  177  182
  189  197  203  206  205  206  213  207  208                                   
    32.5-180.0 180.0   5.0 450.0                            LAT/LON1/LON2/DLON/H
  230  229  224  220  211  206  198  194  188  188  181  180  171  166  150  143
  131  127  120  120  118  121  125  131  137  138  137  128  122  114  113  109
  110  107  107  106  108  110  115  123  132  144  156  167  180  189  199  200
  207  206  209  209  213  211  212  204  202  196  194  189  187  187  189  194
  202  210  217  219  222  226  229  226  230                                   
    30.0-180.0 180.0   5.0 450.0                            LAT/LON1/LON2/DLON/H
  252  251  247  239  231  222  213  206  202  199  194  190  183  175  160  148
  135  128  120  119  118  122  128  135  140  141  139  131  126  119  116  114
  110  109  106  107  105  108  110  119  128  139  150  162  173  183  191  197
  200  203  204  208  213  215  220  213  214  206  208  200  200  197  202  207
  217  227  237  242  243  246  254  248  252                                   
    27.5-180.0 180.0   5.0 450.0                            LAT/LON1/LON2/DLON/H
  282  278  276  268  253  242  230  223  214  211  203  200  190  184  165  155
  137  131  121  121  120  127  133  140  144  144  141  134  128  121  119  114
  110  105  103  100  100   99  104  110  120  130  141  153  164  172  181  186
  193  198  203  207  217  222  228  228  228  224  221  217  213  213  215  222
  232  245  256  263  267  275  276  272  282                                   
    25.0-180.0 180.0   5.0 450.0                            LAT/LON1/LON2/DLON/H
  307  306  306  296  285  272  257  246  237  227  217  210  201  190  173  157
  141  132  123  122  124  131  140  145  149  145  141  131  125  116  112  108
  101   99   92   93   88   89   91   98  107  119  131  142  154  163  170  176
  183  190  196  204  215  224  236  237  242  236  238  228  228  224  231  235
  248  261  278  285  288  295  303  297  307                                   
    22.5-180.0 180.0   5.0 450.0                            LAT/LON1/LON2/DLON/H
  331  330  334  328  316  304  288  274  257  246  229  221  206  196  177  164
  145  136  127  128  131  141  149  153  152  148  140  130  120  111  104   98
   92   86   82   78   78   77   80   85   96  107  121  135  146  155  164  168
  179  183  197  204  221  231  245  250  255  251  248  241  238  238  242  251
  263  280  293  301  304  317  321  322  331                                   
    20.0-180.0 180.0   5.0 450.0                            LAT/LON1/LON2/DLON/H
  348  353  362  356  349  335  317  302  283  267  247  232  217  202  185  167
  151  141  132  135  140  150  157  158  157  145  136  120  110   99   90   85
   77   73   64   66   64   66   67   73   82   94  109  123  139  147  157  165
  173  185  195  208  224  237  253  258  266  261  261  252  251  251  258  267
  282  297  310  317  318  331  342  338  348                                   
    17.5-180.0 180.0   5.0 450.0                            LAT/LON1/LON2/DLON/H
  360  364  376  376  367  361  344  329  309  291  265  247  224  211  190  177
  157  148  140  142  148  160  164  166  157  147  130  115   99   89   79   71
   63   58   54   53   56   56   59   64   73   85  101  118  133  143  157  165
  179  189  205  215  233  246  260  269  275  272  272  267  264  267  275  288
  299  315  327  333  334  347  351  353  360                                   
    15.0-180.0 180.0   5.0 450.0                            LAT/LON1/LON2/DLON/H
  361  367  379  377  375  371  357  345  320  306  278  255  234  218  199  184
  166  156  147  151  156  166  170  166  158  140  124  103   89   77   65   57
   48   46   42   42   45   47   52   55   65   74   95  112  132  143  156  168
  180  196  209  223  239  253  269  275  284  281  285  280  281  286  296  309
  319  332  343  345  344  355  363  362  361                                   
    12.5-180.0 180.0   5.0 450.0                            LAT/LON1/LON2/DLON/H
  360  362  371  371  366  365  357  347  328  313  287  265  240  226  206  194
  176  167  157  159  162  171  171  166  153  136  113   95   80   69   57   47
   41   38   37   35   40   42   48   51   61   71   94  113  134  146  161  171
  187  203  220  235  249  263  275  285  294  297  299  298  301  308  317  327
  339  349  358  357  355  367  368  369  360                                   
    10.0-180.0 180.0   5.0 450.0                            LAT/LON1/LON2/DLON/H
  355  356  362  354  352  350  345  337  322  311  287  266  244  229  213  201
  187  173  165  163  166  169  168  158  144  124  103   87   72   62   48   43
   36   34   31   31   35   37   45   47   59   66   92  111  135  147  162  173
  190  209  228  243  258  272  286  296  310  314  319  319  324  329  338  349
  356  364  368  368  362  373  374  372  355                                   
     7.5-180.0 180.0   5.0 450.0                            LAT/LON1/LON2/DLON/H
  355  352  352  344  335  333  328  321  309  299  281  264  243  230  215  207
  192  184  173  170  167  165  160  148  132  113   95   83   71   59   50   42
