data/unet/pred1340.15i
     1.0            IONOSPHERE MAPS     GNSS                IONEX VERSION / TYPE
pyspatialgeodesy        IME             05-JAN-18 20:20     PGM / RUN BY / DATE 
Map Name                                                    COMMENT             
Predicted global ionosphere maps (GIM).                     DESCRIPTION         
  2015     5    14     0     0     0                        EPOCH OF FIRST MAP  
  2015     5    15     0     0     0                        EPOCH OF LAST MAP   
  7200                                                      INTERVAL            
    13                                                      # OF MAPS IN FILE   
  NONE                                                      MAPPING FUNCTION    
10.0                                                        ELEVATION CUTOFF    
One-way carrier phase leveled to code                       OBSERVABLES USED    
  6371.0                                                    BASE RADIUS         
 2                                                          MAP DIMENSION       
   450.0 450.0   0.0                                        HGT1 / HGT2 / DHGT  
    87.5 -87.5  -2.5                                        LAT1 / LAT2 / DLAT  
  -180.0 180.0   5.0                                        LON1 / LON2 / DLON  
    -1                                                      EXPONENT            
                                                            END OF HEADER       
[from data line 2145]
     6                                                      START OF TEC MAP    
  2015     5    14    10     0     0                        EPOCH OF CURRENT MAP
    87.5-180.0 180.0   5.0 450.0                            LAT/LON1/LON2/DLON/H
   92  125  122  126  121  122  121  123  124  126  128  130  131  135  136  139
  139  142  143  145  146  147  148  147  148  147  146  144  144  142  141  140
  139  138  137  136  135  135  133  133  131  131  129  129  127  127  124  124
  121  121  118  119  117  118  116  116  116  116  116  116  115  115  114  114
  113  115  115  118  118  113  109   97   92                                   
    85.0-180.0 180.0   5.0 450.0                            LAT/LON1/LON2/DLON/H
  111  116  124  121  128  121  131  128  136  132  142  138  147  143  153  149
  157  154  161  158  163  161  165  163  166  163  166  163  165  161  162  158
  159  155  156  152  153  149  149  145  145  141  142  137  138  132  134  127
  130  123  126  121  124  118  122  117  121  115  119  114  117  112  114  110
  112  108  114  110  115  113  123  116  111                                   
    82.5-180.0 180.0   5.0 450.0                            LAT/LON1/LON2/DLON/H
  104  116  125  128  128  128  133  136  140  141  146  146  150  150  155  155
  159  160  163  163  164  164  164  165  165  166  166  166  166  166  165  164
  164  162  162  159  159  155  155  151  151  147  146  142  142  138  137  133
  133  129  129  125  127  123  125  121  122  118  119  116  116  112  112  109
  108  106  109  107  110  112  114  116  104                                   
    80.0-180.0 180.0   5.0 450.0                            LAT/LON1/LON2/DLON/H
  104  114  122  120  123  122  128  130  135  135  140  140  144  143  149  147
  153  151  155  154  155  153  153  151  153  151  154  151  157  152  158  152
  160  152  160  152  160  150  158  149  155  145  151  142  148  139  144  136
  142  133  139  131  137  129  135  129  133  126  130  124  126  119  120  113
  112  108  109  106  105  104  106  114  104                                   
    77.5-180.0 180.0   5.0 450.0                            LAT/LON1/LON2/DLON/H
  108  112  117  121  122  124  127  129  131  132  136  135  139  138  143  142
  146  144  147  144  143  141  139  137  137  136  138  138  143  142  148  147
  152  151  156  154  158  156  159  156  159  155  158  154  157  152  155  149
  153  147  152  146  152  145  151  145  151  144  149  142  144  137  138  129
  127  121  121  114  112  111  108  112  108                                   
    75.0-180.0 180.0   5.0 450.0                            LAT/LON1/LON2/DLON/H
  116  117  118  122  123  126  126  129  128  130  129  132  130  133  132  135
  134  136  134  136  132  132  128  126  123  123  122  125  129  133  139  142
  147  149  154  155  158  159  162  160  163  162  165  164  166  165  167  165
  166  163  164  163  164  163  165  164  165  164  165  162  162  158  155  149
  143  139  136  129  125  120  113  122  116                                   
    72.5-180.0 180.0   5.0 450.0                            LAT/LON1/LON2/DLON/H
  125  122  122  129  129  129  129  129  128  126  127  125  126  125  126  125
  126  126  125  126  124  123  118  115  110  109  109  113  117  126  132  141
  145  154  155  162  162  167  166  169  170  174  176  179  181  183  184  183
  184  180  181  177  179  177  179  177  179  177  179  176  176  172  170  164
  159  153  149  141  134  130  120  126  125                                   
    70.0-180.0 180.0   5.0 450.0                            LAT/LON1/LON2/DLON/H
  132  128  124  130  129  134  130  134  129  130  126  127  123  124  122  125
  122  125  122  124  118  118  110  109  102  103  102  108  115  125  135  146
  154  162  168  173  176  178  179  182  183  188  190  195  196  199  198  197
  194  192  188  187  184  184  184  184  184  184  185  185  185  183  181  176
  170  165  158  151  143  138  125  128  132                                   
    67.5-180.0 180.0   5.0 450.0                            LAT/LON1/LON2/DLON/H
  133  126  123  128  128  132  131  133  129  127  124  121  120  119  119  119
  120  119  119  119  115  112  107  103   99   98   99  105  113  125  136  151
  158  170  173  182  181  187  187  192  194  199  204  208  212  212  212  209
  205  200  195  189  187  184  184  182  183  184  187  187  188  186  185  179
  174  167  162  152  143  139  128  126  133                                   
    65.0-180.0 180.0   5.0 450.0                            LAT/LON1/LON2/DLON/H
  130  122  117  122  122  129  127  133  127  129  123  122  118  119  119  121
  122  125  123  125  119  117  109  108  101  102  103  111  119  132  143  156
  165  174  180  185  188  191  194  200  203  212  215  223  223  225  222  220
  212  208  198  194  186  184  181  181  179  181  182  185  184  185  182  179
  172  168  160  154  144  142  129  124  130                                   
    62.5-180.0 180.0   5.0 450.0                            LAT/LON1/LON2/DLON/H
  127  114  110  112  112  118  119  124  121  121  118  115  113  112  114  117
  120  122  123  123  119  115  109  106  101  102  103  111  119  132  142  154
  162  172  177  184  187  192  196  203  210  220  228  234  238  237  235  229
  223  213  204  197  190  186  182  181  178  179  180  182  182  182  180  175
  170  163  158  148  139  138  129  121  127                                   
    60.0-180.0 180.0   5.0 450.0                            LAT/LON1/LON2/DLON/H
  129  116  105  106  102  108  106  115  108  114  108  109  107  107  110  114
  118  123  125  127  123  121  114  111  107  108  109  116  123  133  141  152
  160  169  176  181  188  192  200  207  217  227  236  241  244  242  238  231
  222  215  205  199  191  188  183  181  179  180  181  183  183  184  181  178
  171  168  160  155  146  144  134  122  129                                   
    57.5-180.0 180.0   5.0 450.0                            LAT/LON1/LON2/DLON/H
  133  117  106  101   96   97   96   98   98   98  100   96   98   97  101  105
  110  115  119  120  119  117  113  110  107  107  108  115  120  129  134  145
  151  161  168  177  184  193  201  211  222  234  243  249  251  249  244  237
  229  221  216  209  205  201  198  195  193  192  192  193  192  192  190  185
  182  174  171  160  154  148  144  126  133                                   
    55.0-180.0 180.0   5.0 450.0                            LAT/LON1/LON2/DLON/H
  148  131  114  105   98   93   90   91   89   91   91   90   92   92   95   97
  101  105  110  111  114  112  114  110  112  112  115  120  124  130  136  142
  151  161  172  181  194  202  214  223  234  243  253  254  257  253  249  242
  235  229  224  221  217  215  213  212  211  210  211  211  211  210  207  203
  196  192  187  179  172  166  164  142  148                                   
    52.5-180.0 180.0   5.0 450.0                            LAT/LON1/LON2/DLON/H
  163  150  132  119  107   97   91   89   84   84   84   83   85   85   87   89
   91   95   98  101  103  105  107  110  112  116  116  123  126  131  135  144
  153  166  178  194  206  219  230  240  250  257  263  265  265  262  257  250
  246  242  241  240  239  239  238  236  236  234  236  236  235  234  230  225
  220  212  209  197  193  183  187  158  163                                   
    50.0-180.0 180.0   5.0 450.0                            LAT/LON1/LON2/DLON/H
  188  176  156  142  125  114   99   92   88   84   85   83   85   83   85   83
   86   86   91   91   96   99  108  111  121  124  128  133  137  141  146  155
  166  178  195  211  227  239  248  257  264  271  275  276  277  276  271  267
  262  260  261  260  263  261  262  257  259  257  260  259  260  257  255  249
  243  236  230  220  216  208  220  185  188                                   
    47.5-180.0 180.0   5.0 450.0                            LAT/LON1/LON2/DLON/H
  210  198  184  170  155  135  119  104   95   91   88   86   86   84   84   81
   82   83   87   88   91   98  104  114  120  131  134  144  146  154  158  168
  180  197  213  235  250  264  270  278  280  288  289  293  292  292  287  283
  280  280  282  283  285  285  281  277  277  275  278  276  276  275  272  268
  261  254  245  236  231  225  237  198  210                                   
    45.0-180.0 180.0   5.0 450.0                            LAT/LON1/LON2/DLON/H
  232  212  200  191  177  161  139  125  110  100   98   94   95   92   91   87
   88   85   90   88   94   99  107  121  128  144  147  158  162  169  175  186
  198  216  235  256  269  284  289  296  298  306  309  315  314  315  307  304
  299  299  300  303  302  301  296  290  288  286  288  288  288  287  283  279
  269  261  250  240  234  230  249  213  232                                   
    42.5-180.0 180.0   5.0 450.0                            LAT/LON1/LON2/DLON/H
  235  217  212  203  193  175  161  144  128  115  109  106  105  103  101   96
   93   89   91   92   95  103  110  127  141  154  164  171  177  184  190  199
  213  231  251  271  286  300  305  313  319  329  334  340  341  340  335  330
  325  323  321  322  319  315  306  299  295  292  294  293  294  292  289  285
  275  265  250  236  226  223  237  211  235                                   
    40.0-180.0 180.0   5.0 450.0                            LAT/LON1/LON2/DLON/H
  232  211  205  206  196  190  175  164  146  136  125  121  120  117  115  112
  109  106  104  101  104  109  122  138  151  169  178  187  195  200  208  218
  229  248  263  284  297  311  322  332  345  357  370  376  382  382  377  373
  364  361  352  349  339  331  318  310  304  300  300  299  299  297  293  290
  278  267  249  233  217  209  223  205  232                                   
    37.5-180.0 180.0   5.0 450.0                            LAT/LON1/LON2/DLON/H
  218  203  198  198  196  189  184  171  161  149  139  136  132  132  128  126
  120  117  111  107  107  114  127  146  165  181  191  199  203  208  214  223
  233  250  268  288  303  323  338  356  374  391  410  418  430  429  429  421
  415  404  392  381  367  355  339  329  322  317  318  316  317  313  311  304
  293  276  257  234  214  199  206  190  218                                   
    35.0-180.0 180.0   5.0 450.0                            LAT/LON1/LON2/DLON/H
  208  188  184  184  181  184  180  181  168  166  154  156  152  152  147  146
  140  137  127  122  121  126  140  159  175  193  199  210  208  218  217  230
  234  255  269  294  314  341  365  387  413  434  457  468  484  488  490  486
  477  465  447  434  416  400  383  368  363  355  356  351  351  344  339  332
  317  300  278  257  231  209  208  191  208                                   
    32.5-180.0 180.0   5.0 450.0                            LAT/LON1/LON2/DLON/H
  200  184  174  172  171  174  177  175  172  170  165  167  166  163  159  155
  150  145  137  127  126  130  147  166  184  199  206  210  212  214  220  225
  237  254  274  301  328  365  395  425  454  476  499  516  535  545  553  550
  546  529  515  502  485  465  447  437  434  430  430  421  412  399  388  374
  363  342  316  287  261  231  217  190  200                                   
    30.0-180.0 180.0   5.0 450.0                            LAT/LON1/LON2/DLON/H
  207  189  181  169  166  170  172  174  171  176  175  181  181  182  179  177
  167  164  149  142  136  144  156  176  189  208  210  220  221  229  234  243
  254  277  295  327  354  392  427  461  490  513  537  556  574  594  605  610
  604  601  591  591  579  566  549  541  535  534  533  524  507  476  450  425
  399  378  355  334  311  281  255  216  207                                   
    27.5-180.0 180.0   5.0 450.0                            LAT/LON1/LON2/DLON/H
  229  217  196  183  176  177  179  179  177  180  182  188  190  191  188  183
  176  167  157  144  142  150  164  183  193  206  208  218  221  236  245  265
  278  307  325  361  388  429  465  499  527  551  571  596  616  638  657  654
  658  658  665  668  668  655  649  638  638  633  632  624  609  585  553  526
  490  453  416  381  353  326  308  248  229                                   
    25.0-180.0 180.0   5.0 450.0                            LAT/LON1/LON2/DLON/H
  270  266  245  215  204  199  194  193  191  191  190  194  199  198  198  196
  189  181  166  159  152  162  176  195  207  220  225  236  243  263  273  301
  317  347  365  400  426  467  498  532  553  578  593  624  643  677  687  702
  710  732  742  752  749  741  733  720  717  711  708  702  689  668  630  596
  555  525  484  447  417  380  369  313  270                                   
    22.5-180.0 180.0   5.0 450.0                            LAT/LON1/LON2/DLON/H
  318  301  298  267  251  236  229  216  207  202  201  201  207  203  204  198
  193  180  170  160  158  168  184  202  211  223  225  246  254  284  296  333
  350  384  403  438  461  498  521  556  570  599  616  649  674  703  723  738
  764  782  801  808  808  803  799  788  789  778  777  764  749  719  685  654
  610  574  530  494  465  442  442  379  318                                   
    20.0-180.0 180.0   5.0 450.0                            LAT/LON1/LON2/DLON/H
  370  352  346  310  298  291  278  259  241  224  215  210  210  204  204  198
  196  188  177  172  165  178  191  212  220  232  242  258  278  300  321  359
  380  415  433  466  479  511  527  559  575  611  635  672  704  731  748  773
  787  807  825  839  842  839  834  828  823  812  808  795  780  749  713  674
  638  597  558  534  496  484  492  438  370                                   
    17.5-180.0 180.0   5.0 450.0                            LAT/LON1/LON2/DLON/H
  420  407  399  363  342  332  319  297  279  253  237  225  220  209  202  193
  191  184  180  173  170  181  194  213  221  233  242  267  282  318  342  383
  405  436  455  485  495  522  538  568  591  630  659  696  729  751  774  790
  805  823  843  857  859  853  847  838  835  815  811  795  781  747  711  666
  628  591  564  530  511  492  512  476  420                                   
    15.0-180.0 180.0   5.0 450.0                            LAT/LON1/LON2/DLON/H
  445  446  434  399  385  368  351  327  306  276  256  239  232  218  207  199
  193  190  183  179  174  182  193  209  221  233  253  273  293  329  347  396
  413  454  471  504  516  544  561  594  626  663  692  719  745  773  786  802
  811  825  838  847  849  842  833  824  814  794  785  769  753  721  681  638
  598  560  531  516  503  497  514  494  445                                   
    12.5-180.0 180.0   5.0 450.0                            LAT/LON1/LON2/DLON/H
  455  462  455  433  412  394  372  347  322  294  268  253  242  228  215  198
  197  189  186  180  179  180  189  202  214  235  257  285  306  337  363  399
  423  455  480  510  523  554  572  616  647  684  708  737  759  780  794  809
  819  829  836  840  836  828  816  808  795  774  760  742  719  689  647  603
  560  516  502  485  485  484  511  488  455                                   
    10.0-180.0 180.0   5.0 450.0                            LAT/LON1/LON2/DLON/H
  446  470  460  445  425  410  388  367  340  312  286  270  261  241  224  209
  199  193  186  184  181  178  191  196  217  239  265  299  312  357  373  415
  435  468  490  517  535  560  590  627  669  694  723  744  766  786  797  811
  816  825  827  825  819  808  799  794  782  758  739  715  688  658  615  575
  515  482  460  448  451  460  497  473  446                                   
     7.5-180.0 180.0   5.0 450.0                            LAT/LON1/LON2/DLON/H
  444  475  466  450  434  421  399  377  351  327  304  285  274  255  235  217
  207  197  188  185  177  173  179  188  214  244  271  299  319  351  381  414
