data/unet/pred0250.15i
     1.0            IONOSPHERE MAPS     GNSS                IONEX VERSION / TYPE
pyspatialgeodesy        IME             05-JAN-18 20:20     PGM / RUN BY / DATE 
Map Name                                                    COMMENT             
Predicted global ionosphere maps (GIM).                     DESCRIPTION         
  2015     1    25     0     0     0                        EPOCH OF FIRST MAP  
  2015     1    26     0     0     0                        EPOCH OF LAST MAP   
  7200                                                      INTERVAL            
    13                                                      # OF MAPS IN FILE   
  NONE                                                      MAPPING FUNCTION    
10.0                                                        ELEVATION CUTOFF    
One-way carrier phase leveled to code                       OBSERVABLES USED    
  6371.0                                                    BASE RADIUS         
 2                                                          MAP DIMENSION       
   450.0 450.0   0.0                                        HGT1 / HGT2 / DHGT  
    87.5 -87.5  -2.5                                        LAT1 / LAT2 / DLAT  
  -180.0 180.0   5.0                                        LON1 / LON2 / DLON  
    -1                                                      EXPONENT            
                                                            END OF HEADER       
     1                                                      START OF TEC MAP    
  2015     1    25     0     0     0                        EPOCH OF CURRENT MAP
    87.5-180.0 180.0   5.0 450.0                            LAT/LON1/LON2/DLON/H
   88   76   69   63   67   62   68   64   71   67   73   69   74   70   74   70
   74   71   75   71   75   71   75   72   76   73   77   73   76   73   76   73
   75   73   75   73   74   72   74   72   74   72   75   72   75   72   75   72
   75   71   74   70   72   69   70   67   69   65   67   63   66   62   65   61
   65   60   66   61   68   65   77   65   88                                   
    85.0-180.0 180.0   5.0 450.0                            LAT/LON1/LON2/DLON/H
   84   43   41   39   41   39   45   45   51   51   56   55   60   58   62   60
   64   61   65   61   66   61   66   61   66   60   65   59   64   58   63   57
   61   56   61   56   60   56   61   57   62   58   63   59   64   60   65   60
   64   59   62   57   59   54   55   50   51   46   46   40   42   36   38   33
   35   32   37   35   43   36   41   73   84                                   
    82.5-180.0 180.0   5.0 450.0                            LAT/LON1/LON2/DLON/H
   73   44   45   48   47   45   50   51   56   56   61   62   66   66   70   70
   72   71   74   73   74   72   73   71   71   68   68   65   64   61   61   59
   58   57   58   57   58   57   60   59   61   61   63   63   65   64   66   64
   64   62   61   58   58   53   53   48   49   43   44   39   41   36   39   35
   38   36   42   41   47   42   46   73   73                                   
    80.0-180.0 180.0   5.0 450.0                            LAT/LON1/LON2/DLON/H
   80   61   62   66   63   65   67   70   72   75   77   80   83   85   87   89
   89   91   91   91   90   90   88   86   83   81   77   75   71   69   66   65
   63   63   63   64   65   66   67   68   69   70   72   73   73   73   73   72
   71   69   67   65   63   59   57   53   51   48   47   45   45   43   44   44
   45   48   52   55   58   56   59   81   80                                   
    77.5-180.0 180.0   5.0 450.0                            LAT/LON1/LON2/DLON/H
   94   77   83   84   81   80   83   85   87   89   92   94   97   98   99  100
  100  101  101  101  100  100   98   97   93   90   87   83   79   76   73   71
   69   69   69   71   70   72   72   74   74   77   77   79   78   78   77   76
   74   72   69   66   63   59   56   52   50   46   46   44   45   44   47   47
   52   53   61   64   71   70   76   90   94                                   
    75.0-180.0 180.0   5.0 450.0                            LAT/LON1/LON2/DLON/H
  108  104  108  109  103  102  102  104  104  106  108  109  109  109  108  107
  106  106  105  105  103  103  102  100   96   95   91   88   83   81   77   75
   73   74   74   75   75   77   77   78   78   80   81   82   81   81   79   77
   74   71   68   64   61   57   54   50   48   46   45   44   45   47   50   54
   59   64   72   79   86   90   95  105  108                                   
    72.5-180.0 180.0   5.0 450.0                            LAT/LON1/LON2/DLON/H
  134  133  139  137  129  126  124  124  123  124  123  122  119  116  111  108
  103  101   99   98   95   95   94   93   91   90   88   86   83   81   78   76
   75   75   75   76   76   77   77   78   77   79   78   80   79   79   76   75
   70   68   63   60   55   52   49   46   44   42   42   42   45   48   54   59
   67   74   85   93  104  111  117  123  134                                   
    70.0-180.0 180.0   5.0 450.0                            LAT/LON1/LON2/DLON/H
  157  162  168  165  156  152  148  146  142  140  137  133  128  120  113  104
   97   91   88   85   83   82   82   81   80   80   79   79   77   77   75   74
   73   74   74   74   74   74   74   73   72   73   73   73   73   72   69   65
   62   58   55   50   48   44   44   40   40   38   40   41   45   50   57   65
   75   84   97  107  120  129  137  142  157                                   
    67.5-180.0 180.0   5.0 450.0                            LAT/LON1/LON2/DLON/H
  184  186  194  191  182  176  171  167  162  159  153  147  137  127  114  102
   91   82   76   72   69   69   69   70   70   70   70   70   69   70   68   68
   67   68   67   68   67   67   64   64   62   64   63   65   63   63   58   56
   52   49   45   43   41   39   39   36   38   37   40   42   48   54   63   72
   83   94  107  119  133  143  150  157  184                                   
    65.0-180.0 180.0   5.0 450.0                            LAT/LON1/LON2/DLON/H
  197  205  213  211  201  196  188  184  178  175  167  159  147  133  118  102
   89   77   70   64   61   60   61   61   62   61   62   61   61   60   60   59
   58   57   57   56   56   54   53   51   52   51   53   53   54   52   50   46
   45   42   40   37   37   36   36   36   38   39   43   47   54   62   71   81
   92  103  116  128  142  152  162  170  197                                   
    62.5-180.0 180.0   5.0 450.0                            LAT/LON1/LON2/DLON/H
  207  210  220  219  211  207  200  195  190  186  178  171  157  142  124  108
   91   78   68   62   58   56   56   55   56   54   54   52   52   50   48   47
   45   44   43   43   42   41   40   40   40   41   42   44   44   43   41   40
   38   37   35   34   35   34   36   36   39   42   47   53   61   70   81   91
  103  113  124  135  148  158  166  176  207                                   
    60.0-180.0 180.0   5.0 450.0                            LAT/LON1/LON2/DLON/H
  204  212  223  225  217  213  206  202  197  194  186  179  166  151  133  116
  100   86   75   67   61   56   54   51   50   48   47   45   44   41   39   37
   36   34   35   34   34   33   34   34   36   36   39   39   40   38   38   36
   36   34   35   34   35   35   37   38   42   46   53   60   72   82   94  105
  117  126  135  144  154  162  170  180  204                                   
    57.5-180.0 180.0   5.0 450.0                            LAT/LON1/LON2/DLON/H
  206  211  224  227  221  217  211  207  203  199  193  186  174  162  145  130
  115  102   90   80   72   65   58   53   49   45   43   40   39   36   34   32
   30   30   30   32   32   34   34   36   37   40   40   42   41   41   39   38
   38   37   38   38   40   40   41   43   47   52   59   69   82   95  109  122
  135  144  152  159  166  171  177  187  206                                   
    55.0-180.0 180.0   5.0 450.0                            LAT/LON1/LON2/DLON/H
  208  218  233  236  228  225  218  215  209  206  198  192  181  171  157  145
  131  120  107   95   84   74   65   56   49   44   41   38   37   35   33   32
   32   32   35   36   40   41   44   44   47   47   50   49   50   47   47   44
   44   43   44   44   45   46   47   49   54   58   68   79   94  108  125  140
  156  165  173  178  183  186  190  199  208                                   
    52.5-180.0 180.0   5.0 450.0                            LAT/LON1/LON2/DLON/H
  224  230  246  250  243  238  232  225  219  213  204  197  188  180  169  161
  149  138  125  113   99   87   75   65   57   51   46   44   42   40   38   37
   38   40   43   48   52   56   58   61   61   64   63   64   63   62   57   56
   54   53   54   54   55   55   55   56   60   65   75   86  103  120  140  158
  174  186  194  199  204  206  205  216  224                                   
    50.0-180.0 180.0   5.0 450.0                            LAT/LON1/LON2/DLON/H
  242  251  269  272  264  260  250  243  233  223  210  201  191  185  177  171
  162  152  138  125  111   97   85   75   67   62   56   54   51   49   47   46
   48   51   56   62   68   73   76   78   80   80   80   79   78   74   70   66
   65   63   64   63   64   64   64   65   69   74   84   96  114  132  153  172
  190  202  212  219  225  226  224  231  242                                   
    47.5-180.0 180.0   5.0 450.0                            LAT/LON1/LON2/DLON/H
  265  271  288  293  288  284  277  265  253  238  221  208  195  190  182  178
  170  162  148  135  121  110   98   90   83   78   72   69   65   62   58   58
   59   63   68   77   83   91   93   96   96   97   96   96   93   90   84   80
   78   76   75   76   75   75   74   75   77   83   93  105  122  140  162  180
  197  212  224  234  242  243  238  245  265                                   
    45.0-180.0 180.0   5.0 450.0                            LAT/LON1/LON2/DLON/H
  278  291  305  309  306  306  298  289  273  257  234  217  201  194  186  182
  174  165  153  141  129  120  111  105   99   94   88   83   77   72   68   66
   67   72   78   87   96  102  107  108  110  109  110  108  106  101   95   90
   88   87   87   87   86   86   85   85   88   93  102  114  130  146  166  182
  198  212  226  238  247  253  249  252  278                                   
    42.5-180.0 180.0   5.0 450.0                            LAT/LON1/LON2/DLON/H
  286  293  308  314  316  317  315  306  294  273  250  228  210  201  191  186
  176  168  156  148  139  134  126  122  115  109  101   94   86   79   74   71
   73   77   83   92  101  108  111  114  115  117  117  117  115  111  105  100
   98   97   96   97   95   95   94   94   96  101  110  122  137  151  168  180
  193  205  220  233  247  253  249  254  286                                   
    40.0-180.0 180.0   5.0 450.0                            LAT/LON1/LON2/DLON/H
  283  290  301  306  307  314  313  314  302  286  260  239  219  208  197  190
  179  170  161  155  150  146  141  135  128  119  108   98   89   81   75   72
   73   77   84   93  102  108  113  115  119  121  124  124  123  118  112  106
  105  103  103  103  103  103  102  102  106  111  121  133  147  159  171  181
  189  199  212  226  241  249  249  252  283                                   
    37.5-180.0 180.0   5.0 450.0                            LAT/LON1/LON2/DLON/H
  279  278  286  287  289  296  302  307  303  289  268  248  229  218  205  197
  185  178  170  168  165  163  156  147  135  123  110   99   88   81   75   73
   74   77   82   91   99  105  110  113  117  121  125  127  126  122  116  111
  107  106  105  106  107  106  108  108  114  121  132  145  159  170  179  186
  192  200  211  224  240  250  251  255  279                                   
    35.0-180.0 180.0   5.0 450.0                            LAT/LON1/LON2/DLON/H
  278  276  278  272  268  275  282  293  293  287  270  254  238  227  215  206
  195  188  182  181  179  175  163  149  133  118  104   92   84   78   76   74
   76   78   84   91   99  105  110  113  119  123  128  129  128  122  117  109
  105  101  102  103  105  107  109  111  120  128  143  156  172  183  192  199
  204  212  223  237  252  264  272  273  278                                   
    32.5-180.0 180.0   5.0 450.0                            LAT/LON1/LON2/DLON/H
  292  284  282  269  260  261  269  279  285  281  270  257  244  235  225  217
  207  203  198  199  192  184  165  146  126  111   98   90   84   82   83   84
   86   90   93  100  105  110  114  116  121  125  128  128  126  119  112  104
   98   94   95   95  100  102  106  110  121  133  151  167  186  199  209  218
  225  234  247  261  281  294  304  305  292                                   
    30.0-180.0 180.0   5.0 450.0                            LAT/LON1/LON2/DLON/H
  319  315  310  290  272  267  266  275  278  279  268  259  248  240  233  225
  218  215  211  207  197  181  157  134  115  101   94   91   92   94  101  103
  108  109  112  116  120  123  124  125  128  129  130  127  121  112  105   94
   88   82   83   86   91   95  100  106  119  132  154  172  196  212  227  242
  254  268  286  305  327  341  356  352  319                                   
    27.5-180.0 180.0   5.0 450.0                            LAT/LON1/LON2/DLON/H
  367  367  362  340  314  299  292  292  292  286  276  265  254  247  239  234
  228  225  219  212  194  171  144  122  106   99   99  105  111  121  130  136
  140  142  141  144  143  142  140  138  136  134  130  122  113  103   94   83
   78   72   73   73   81   84   91   97  111  127  151  175  202  224  245  268
  289  310  335  356  383  398  417  401  367                                   
    25.0-180.0 180.0   5.0 450.0                            LAT/LON1/LON2/DLON/H
  430  446  434  413  383  361  340  329  319  309  293  280  265  255  246  240
  235  230  220  206  181  154  129  111  104  107  118  130  143  156  170  177
  180  179  176  173  168  163  157  150  145  137  128  115  104   90   84   74
   69   63   63   66   71   74   81   89  104  122  149  175  207  233  263  294
  326  361  394  417  443  461  487  463  430                                   
    22.5-180.0 180.0   5.0 450.0                            LAT/LON1/LON2/DLON/H
  501  530  524  508  477  446  412  389  367  348  329  308  289  273  258  250
  242  233  217  196  166  140  119  112  115  129  146  165  181  195  210  213
  216  212  204  197  188  180  169  160  149  139  123  108   93   81   76   68
   62   55   56   56   61   64   71   77   95  115  145  174  212  242  281  318
  363  401  438  464  495  518  539  520  501                                   
    20.0-180.0 180.0   5.0 450.0                            LAT/LON1/LON2/DLON/H
  572  616  615  605  577  540  494  459  425  399  371  346  320  298  277  263
  250  235  211  185  155  135  125  130  146  169  192  211  221  231  242  244
  242  234  223  211  201  189  177  164  153  135  117   97   86   75   72   65
   58   53   50   50   53   57   63   72   92  116  151  182  223  254  296  337
  389  432  472  504  539  564  578  566  572                                   
    17.5-180.0 180.0   5.0 450.0                            LAT/LON1/LON2/DLON/H
  622  674  689  688  664  625  575  533  491  459  423  394  364  335  308  285
  264  243  212  184  158  147  150  169  195  220  242  252  257  255  262  255
  251  240  225  213  202  192  177  166  149  132  108   90   76   73   67   64
   54   47   42   40   42   47   54   67   90  119  158  193  234  268  309  354
  406  447  486  516  552  579  592  581  622                                   
    15.0-180.0 180.0   5.0 450.0                            LAT/LON1/LON2/DLON/H
  646  706  729  741  727  690  641  598  554  517  480  448  413  382  349  319
  290  260  226  196  177  178  195  222  252  277  289  288  278  269  264  254
  244  230  217  205  197  186  177  162  147  125  105   84   77   70   66   63
   55   49   41   40   40   47   55   71   98  131  174  208  248  281  322  365
  414  451  484  511  539  566  586  576  646                                   
    12.5-180.0 180.0   5.0 450.0                            LAT/LON1/LON2/DLON/H
  632  689  721  744  740  714  671  633  595  563  530  502  468  436  403  370
  333  296  258  231  219  229  254  284  312  323  324  307  288  267  257  241
  228  214  201  194  186  181  170  160  142  125  102   88   75   72   66   64
   56   50   42   41   42   50   60   82  110  147  186  221  256  289  328  369
  410  439  464  482  503  525  548  546  632                                   
    10.0-180.0 180.0   5.0 450.0                            LAT/LON1/LON2/DLON/H
  594  645  682  713  720  704  673  645  618  596  573  550  520  490  459  427
  390  347  305  281  277  291  320  344  355  350  334  307  277  254  238  221
  209  195  188  182  179  173  168  155  142  122  106   88   82   73   71   69
   62   57   51   49   50   60   75   96  126  161  199  232  265  299  335  371
  404  424  443  454  468  484  511  512  594                                   
     7.5-180.0 180.0   5.0 450.0                            LAT/LON1/LON2/DLON/H
  551  588  625  658  669  661  640  624  609  600  590  577  557  533  507  481
  446  409  366  342  340  356  379  389  382  359  329  295  262  239  222  209
