data/unet/pred0230.15i
     1.0            IONOSPHERE MAPS     GNSS                IONEX VERSION / TYPE
pyspatialgeodesy        IME             05-JAN-18 20:20     PGM / RUN BY / DATE 
Map Name                                                    COMMENT             
Predicted global ionosphere maps (GIM).                     DESCRIPTION         
  2015     1    23     0     0     0                        EPOCH OF FIRST MAP  
  2015     1    24     0     0     0                        EPOCH OF LAST MAP   
  7200                                                      INTERVAL            
    13                                                      # OF MAPS IN FILE   
  NONE                                                      MAPPING FUNCTION    
10.0                                                        ELEVATION CUTOFF    
One-way carrier phase leveled to code                       OBSERVABLES USED    
  6371.0                                                    BASE RADIUS         
 2                                                          MAP DIMENSION       
   450.0 450.0   0.0                                        HGT1 / HGT2 / DHGT  
    87.5 -87.5  -2.5                                        LAT1 / LAT2 / DLAT  
  -180.0 180.0   5.0                                        LON1 / LON2 / DLON  
    -1                                                      EXPONENT            
                                                            END OF HEADER       
[from data line 1716]
     5                                                      START OF TEC MAP    
  2015     1    23     8     0     0                        EPOCH OF CURRENT MAP
    87.5-180.0 180.0   5.0 450.0                            LAT/LON1/LON2/DLON/H
   26   42   42   43   42   42   44   46   47   49   50   52   52   54   54   55
   54   55   55   54   53   53   53   53   52   52   52   52   51   51   51   50
   50   50   50   49   49   48   49   47   47   46   47   45   45   44   44   44
   43   43   42   42   41   41   41   41   41   41   40   41   40   40   39   40
   39   40   40   42   44   43   40   45   26                                   
    85.0-180.0 180.0   5.0 450.0                            LAT/LON1/LON2/DLON/H
   31   59   49   58   51   60   55   66   58   68   61   70   62   71   63   71
   63   70   63   69   63   70   65   71   66   73   68   74   69   75   70   75
   69   74   69   73   68   72   67   70   64   68   63   65   60   63   58   61
   56   58   54   56   52   53   49   50   47   48   43   45   42   44   39   44
   39   46   41   48   45   47   45   42   31                                   
    82.5-180.0 180.0   5.0 450.0                            LAT/LON1/LON2/DLON/H
   35   62   56   58   58   59   64   65   68   68   69   69   69   68   67   66
   63   64   60   62   58   63   59   65   61   68   65   71   68   74   70   75
   70   75   70   74   70   73   69   72   68   71   66   69   64   66   61   63
   57   59   54   56   50   52   45   48   41   43   36   38   33   36   31   35
   32   36   34   39   38   37   39   37   35                                   
    80.0-180.0 180.0   5.0 450.0                            LAT/LON1/LON2/DLON/H
   37   57   53   59   58   62   64   69   69   70   70   69   69   66   64   61
   59   56   55   53   53   54   54   56   58   61   64   65   68   69   71   71
   72   73   73   74   74   76   76   77   77   77   78   77   76   74   74   72
   71   68   68   63   62   57   56   51   48   44   40   38   34   34   30   31
   28   32   29   33   33   29   32   37   37                                   
    77.5-180.0 180.0   5.0 450.0                            LAT/LON1/LON2/DLON/H
   35   58   54   55   58   60   63   65   66   65   65   64   60   58   54   51
   48   45   43   42   43   44   46   48   51   54   58   59   63   63   66   65
   67   68   69   71   71   75   75   80   78   82   81   84   83   85   84   84
   83   82   82   79   77   73   70   65   62   55   53   46   44   38   37   33
   34   31   34   31   34   30   32   27   35                                   
    75.0-180.0 180.0   5.0 450.0                            LAT/LON1/LON2/DLON/H
   36   52   48   52   52   58   58   63   61   63   61   60   56   54   50   47
   43   42   41   41   41   45   46   49   51   54   56   56   58   57   58   57
   56   58   58   61   61   67   68   73   74   80   83   87   89   92   95   97
   99  100  101  100   99   96   94   89   86   79   75   68   63   57   53   47
   43   39   37   35   35   30   31   32   36                                   
    72.5-180.0 180.0   5.0 450.0                            LAT/LON1/LON2/DLON/H
   36   54   46   48   51   52   54   56   55   56   53   53   47   47   41   39
   35   35   35   39   40   46   49   53   56   58   60   58   59   56   55   52
   50   49   49   51   53   59   62   68   71   78   83   91   93  104  108  116
  119  125  127  127  126  123  121  116  111  104   99   91   86   78   73   65
   61   53   51   44   44   37   36   31   36                                   
    70.0-180.0 180.0   5.0 450.0                            LAT/LON1/LON2/DLON/H
   35   47   40   43   43   47   48   52   50   52   50   50   46   44   40   38
   35   36   37   41   44   51   54   59   61   63   64   61   60   54   51   45
   43   39   42   40   49   53   62   68   76   83   91   99  109  119  129  139
  146  153  157  159  157  154  149  143  138  131  123  115  108  100   93   85
   78   70   63   56   52   38   39   38   35                                   
    67.5-180.0 180.0   5.0 450.0                            LAT/LON1/LON2/DLON/H
   37   53   42   39   41   40   43   44   45   46   46   46   42   42   38   38
   34   36   36   42   45   53   57   63   66   68   67   63   59   52   44   39
   33   31   31   34   42   48   59   68   78   89   96  107  116  130  140  154
  163  174  180  184  185  182  178  169  162  152  143  133  125  115  107   98
   89   79   73   63   59   47   45   39   37                                   
    65.0-180.0 180.0   5.0 450.0                            LAT/LON1/LON2/DLON/H
   36   48   36   35   36   36   38   40   41   43   43   45   43   43   40   40
   39   40   42   47   51   60   63   70   71   74   71   66   59   50   41   33
   28   24   27   32   42   52   65   78   89   98  108  117  129  140  154  165
  180  190  200  204  207  201  195  186  176  166  154  146  136  127  117  107
   97   87   77   68   62   46   46   43   36                                   
    62.5-180.0 180.0   5.0 450.0                            LAT/LON1/LON2/DLON/H
   39   55   41   37   37   34   36   35   38   38   40   41   41   42   40   41
   39   41   41   45   48   55   58   65   66   68   65   61   54   44   35   27
   22   20   24   30   44   53   71   85   98  107  117  126  137  149  160  174
  186  201  211  217  219  214  205  194  184  172  162  150  143  132  120  107
   97   85   77   65   62   51   49   44   39                                   
    60.0-180.0 180.0   5.0 450.0                            LAT/LON1/LON2/DLON/H
   40   51   39   37   38   35   36   34   35   35   37   39   40   42   42   42
   41   42   43   45   48   53   55   62   62   64   61   58   51   43   35   28
   24   23   29   39   52   68   85   99  112  120  132  139  152  158  172  181
  198  208  221  226  227  219  208  197  186  177  164  156  145  137  122  110
   97   85   75   66   62   49   48   45   40                                   
    57.5-180.0 180.0   5.0 450.0                            LAT/LON1/LON2/DLON/H
   46   59   45   42   43   39   38   36   35   34   35   37   39   41   42   43
   40   40   39   40   41   45   46   51   52   53   52   49   45   38   33   28
   26   28   37   46   66   82  102  115  129  138  148  157  165  174  181  193
  205  219  229  233  232  223  212  199  190  180  169  158  148  136  122  106
   94   80   74   63   62   53   53   46   46                                   
    55.0-180.0 180.0   5.0 450.0                            LAT/LON1/LON2/DLON/H
   48   59   45   45   44   42   40   37   35   33   34   36   38   40   42   43
   42   42   41   40   40   42   43   46   46   47   45   44   40   37   32   31
   31   37   47   63   83  103  120  135  147  156  167  174  185  188  198  205
  218  228  238  241  236  227  214  202  192  183  171  163  152  142  125  109
   94   82   73   66   64   54   55   49   48                                   
    52.5-180.0 180.0   5.0 450.0                            LAT/LON1/LON2/DLON/H
   56   69   54   52   52   48   46   42   38   35   34   36   37   40   42   44
   42   42   38   39   36   38   37   40   41   43   41   40   38   36   34   34
   38   46   60   79  103  121  141  153  166  176  185  194  199  206  211  219
  230  240  247  246  242  233  222  209  200  190  180  170  160  146  131  111
   97   85   79   71   69   62   64   53   56                                   
    50.0-180.0 180.0   5.0 450.0                            LAT/LON1/LON2/DLON/H
   59   71   56   57   55   53   48   45   40   37   35   36   38   41   45   47
   48   47   46   45   44   45   43   45   44   45   42   42   39   39   37   40
   45   56   75   98  123  144  160  176  188  198  209  214  225  226  234  238
  248  255  257  256  250  240  228  216  207  197  187  180  171  159  142  123
  106   95   88   82   79   69   71   61   59                                   
    47.5-180.0 180.0   5.0 450.0                            LAT/LON1/LON2/DLON/H
   68   80   64   63   63   59   55   51   46   42   39   39   40   45   48   51
   51   52   51   52   51   53   51   53   51   51   48   47   43   42   39   42
   50   64   87  112  140  160  180  193  205  216  224  233  241  246  253  255
  260  263  263  260  254  245  235  223  215  205  197  187  179  166  150  130
  115  103   98   92   90   82   85   69   68                                   
    45.0-180.0 180.0   5.0 450.0                            LAT/LON1/LON2/DLON/H
   69   78   63   66   66   64   60   57   52   47   45   45   47   51   55   58
   60   62   63   66   68   70   69   69   65   64   59   56   51   48   45   47
   55   73   99  129  155  180  198  213  224  234  245  254  265  270  274  274
  272  272  268  265  259  252  241  229  218  208  197  190  181  172  155  138
  122  113  105  101   98   87   92   79   69                                   
    42.5-180.0 180.0   5.0 450.0                            LAT/LON1/LON2/DLON/H
   76   84   69   69   71   70   68   65   61   56   54   54   55   60   63   66
   68   71   74   79   83   87   87   86   83   79   73   68   60   55   50   52
   61   79  109  137  168  192  211  225  237  249  260  270  282  288  288  284
  278  273  268  264  259  251  242  230  221  208  197  187  180  168  153  135
  124  115  111  105  102   93   97   81   76                                   
    40.0-180.0 180.0   5.0 450.0                            LAT/LON1/LON2/DLON/H
   74   79   66   68   71   73   71   70   67   64   63   64   66   70   73   75
   78   81   85   93   99  105  105  104   99   93   87   77   70   61   57   57
   66   88  117  148  179  206  223  238  250  261  274  286  300  305  304  297
  287  282  274  271  264  258  248  237  224  210  196  188  176  167  150  136
  125  117  109  105  101   91   93   83   74                                   
    37.5-180.0 180.0   5.0 450.0                            LAT/LON1/LON2/DLON/H
   77   83   71   69   74   75   77   77   76   74   76   76   80   82   84   85
   87   90   96  104  114  119  121  118  113  105   99   88   79   71   65   64
   74   93  124  154  188  213  232  247  258  272  284  298  314  319  319  309
  299  289  283  275  272  264  257  244  234  216  204  189  180  164  152  133
  124  112  106   98   96   86   86   78   77                                   
    35.0-180.0 180.0   5.0 450.0                            LAT/LON1/LON2/DLON/H
   76   78   66   69   71   76   76   79   80   80   82   85   89   92   94   94
   95   98  106  116  124  130  129  126  118  111  104   94   87   77   72   72
   81  101  131  162  194  220  240  252  269  279  294  309  327  335  339  331
  323  312  305  299  294  287  278  267  255  237  218  206  189  177  160  142
  128  115  103   96   91   80   76   73   76                                   
    32.5-180.0 180.0   5.0 450.0                            LAT/LON1/LON2/DLON/H
   79   85   73   71   76   76   79   82   84   86   89   93   97  100  102  102
  104  106  115  123  131  134  133  126  120  112  106   97   93   84   82   80
   90  107  137  166  200  225  245  261  275  289  308  326  348  357  367  360
  355  343  337  326  321  311  306  294  286  267  250  233  219  200  185  163
  145  125  113  101   96   81   77   73   79                                   
    30.0-180.0 180.0   5.0 450.0                            LAT/LON1/LON2/DLON/H
   85   88   73   75   75   79   77   81   80   84   87   94   98  103  104  106
  109  113  121  129  134  136  131  124  115  105  100   95   91   86   83   86
   94  114  142  167  198  227  250  268  286  301  321  339  366  381  394  392
  391  382  376  366  360  351  346  337  333  315  300  283  264  245  224  199
  177  152  136  124  111   95   88   77   85                                   
    27.5-180.0 180.0   5.0 450.0                            LAT/LON1/LON2/DLON/H
  102  110   93   88   88   83   84   82   83   83   87   93   98  103  106  107
  112  115  124  129  134  132  128  118  108   98   95   91   91   88   90   91
  102  121  147  172  202  228  253  276  295  314  336  358  389  409  428  429
  432  425  420  411  403  393  388  379  375  362  350  337  319  298  275  248
  223  195  178  159  146  123  117   97  102                                   
    25.0-180.0 180.0   5.0 450.0                            LAT/LON1/LON2/DLON/H
  124  133  114  107  100   95   87   85   78   80   79   86   92   99  102  107
  112  118  124  130  131  129  120  107   97   87   84   85   86   85   90   95
  109  129  157  183  207  232  256  283  309  329  358  381  410  434  456  462
  467  468  465  459  452  446  438  432  427  419  414  405  392  371  349  320
  291  260  231  211  191  167  150  127  124                                   
    22.5-180.0 180.0   5.0 450.0                            LAT/LON1/LON2/DLON/H
  162  171  156  141  130  113  105   93   87   81   80   83   88   95   99  103
  109  113  122  126  127  121  112   98   89   81   82   80   84   82   88   95
  108  131  159  189  213  236  261  287  317  350  377  404  433  455  481  491
  500  503  501  498  495  493  488  481  481  472  474  468  465  446  427  395
  366  332  304  274  250  220  204  170  162                                   
    20.0-180.0 180.0   5.0 450.0                            LAT/LON1/LON2/DLON/H
  205  224  204  185  165  143  125  109   96   86   80   82   85   91   96  102
  107  112  117  120  119  112  103   89   84   78   80   79   80   79   84   90
  110  131  167  196  224  246  271  300  337  364  401  425  456  475  502  516
  527  532  533  532  534  535  536  534  538  528  524  519  514  499  483  462
  434  408  372  347  317  286  255  219  205                                   
    17.5-180.0 180.0   5.0 450.0                            LAT/LON1/LON2/DLON/H
  252  272  256  237  208  180  160  139  122  106   96   91   92   93   97  100
  105  109  114  115  114  105   98   88   88   80   83   77   77   69   73   83
   99  130  167  201  231  254  281  312  344  381  407  438  468  491  515  529
  542  548  550  553  555  559  562  566  567  558  556  553  550  535  521  502
  481  457  430  406  382  344  319  276  252                                   
    15.0-180.0 180.0   5.0 450.0                            LAT/LON1/LON2/DLON/H
  293  313  291  270  245  216  198  177  158  141  124  113  104  100  101  101
  105  106  108  110  107  100   97   92   90   88   84   79   71   65   68   79
  100  131  171  209  239  266  292  327  364  391  425  450  486  503  527  537
  551  552  557  558  561  562  563  568  571  564  565  563  564  547  535  521
  502  486  459  444  412  385  359  318  293                                   
    12.5-180.0 180.0   5.0 450.0                            LAT/LON1/LON2/DLON/H
  326  341  321  300  268  245  227  213  196  178  162  147  134  122  116  108
  109  105  107  105  106   98   99   94   97   94   90   85   72   68   66   77
   97  134  175  215  248  274  303  342  368  399  423  452  484  508  524  535
  546  547  550  551  550  551  545  551  554  552  552  552  552  541  529  523
  512  496  474  455  435  405  389  349  326                                   
    10.0-180.0 180.0   5.0 450.0                            LAT/LON1/LON2/DLON/H
  336  358  333  321  291  269  251  241  227  212  198  180  164  148  136  124
  119  111  111  106  106  103  103  100   94   95   86   85   74   70   70   81
  102  142  185  224  257  285  314  347  382  406  433  459  492  504  521  529
  538  539  542  544  543  542  537  540  541  544  543  540  541  526  517  509
  500  489  468  453  431  408  389  357  336                                   
     7.5-180.0 180.0   5.0 450.0                            LAT/LON1/LON2/DLON/H
  337  354  340  328  304  284  268  260  248  239  224  208  193  171  159  143
  135  121  118  108  108  102   94   89   93   97   96   94   86   81   80   90
