data/unet/pred2010.15i
     1.0            IONOSPHERE MAPS     GNSS                IONEX VERSION / TYPE
pyspatialgeodesy        IME             05-JAN-18 20:20     PGM / RUN BY / DATE 
Map Name                                                    COMMENT             
Predicted global ionosphere maps (GIM).                     DESCRIPTION         
  2015     7    20     0     0     0                        EPOCH OF FIRST MAP  
  2015     7    21     0     0     0                        EPOCH OF LAST MAP   
  7200                                                      INTERVAL            
    13                                                      # OF MAPS IN FILE   
  NONE                                                      MAPPING FUNCTION    
10.0                                                        ELEVATION CUTOFF    
One-way carrier phase leveled to code                       OBSERVABLES USED    
  6371.0                                                    BASE RADIUS         
 2                                                          MAP DIMENSION       
   450.0 450.0   0.0                                        HGT1 / HGT2 / DHGT  
    87.5 -87.5  -2.5                                        LAT1 / LAT2 / DLAT  
  -180.0 180.0   5.0                                        LON1 / LON2 / DLON  
    -1                                                      EXPONENT            
                                                            END OF HEADER       
[from data line 5148]
    13                                                      START OF TEC MAP    
  2015     7    21     0     0     0                        EPOCH OF CURRENT MAP
    87.5-180.0 180.0   5.0 450.0                            LAT/LON1/LON2/DLON/H
  178  147  144  141  140  136  136  133  134  131  131  128  130  128  129  127
  130  129  131  130  132  131  132  131  133  131  132  130  131  129  129  126
  128  126  126  124  126  124  125  124  126  125  126  125  127  126  128  126
  129  127  129  127  130  129  130  129  132  131  133  131  135  133  135  134
  137  136  139  139  144  143  143  169  178                                   
    85.0-180.0 180.0   5.0 450.0                            LAT/LON1/LON2/DLON/H
  154  155  154  151  150  145  145  142  142  139  139  136  138  136  137  136
  139  137  139  138  140  139  140  138  139  137  137  134  135  131  132  128
  129  126  127  125  127  125  127  125  128  126  128  126  129  128  130  128
  131  129  131  129  133  131  134  132  136  135  137  136  140  138  141  140
  144  143  146  146  151  147  144  141  154                                   
    82.5-180.0 180.0   5.0 450.0                            LAT/LON1/LON2/DLON/H
  155  159  158  157  155  150  151  147  149  146  147  144  147  144  146  144
  148  145  148  145  148  145  146  142  144  139  140  134  136  130  131  126
  128  124  126  122  126  124  127  124  128  126  129  128  132  130  133  131
  134  132  135  133  137  134  137  135  139  137  141  139  143  141  145  142
  147  145  150  148  154  149  147  141  155                                   
    80.0-180.0 180.0   5.0 450.0                            LAT/LON1/LON2/DLON/H
  159  163  161  161  158  157  156  156  156  156  155  156  156  156  156  156
  156  157  156  156  155  154  153  151  149  146  144  140  139  135  133  130
  130  128  128  127  129  128  129  129  131  131  133  133  136  136  138  137
  140  139  141  139  142  140  142  140  143  142  144  144  146  146  148  148
  150  150  152  153  156  154  150  144  159                                   
    77.5-180.0 180.0   5.0 450.0                            LAT/LON1/LON2/DLON/H
  164  164  161  160  158  157  157  158  158  160  160  161  161  162  162  162
  162  161  161  160  159  157  155  153  151  148  145  141  139  135  133  131
  130  128  128  128  129  128  129  130  132  133  135  136  138  139  141  142
  143  143  143  143  142  142  142  142  142  142  143  144  145  146  146  147
  148  148  150  151  153  151  149  141  164                                   
    75.0-180.0 180.0   5.0 450.0                            LAT/LON1/LON2/DLON/H
  163  161  158  157  156  154  156  155  157  157  160  160  162  161  163  162
  164  162  163  162  161  159  158  154  153  149  146  142  140  136  134  132
  131  129  129  127  129  127  129  127  130  130  134  134  138  138  142  142
  145  143  145  142  143  140  142  139  141  140  142  142  144  144  145  145
  146  146  147  148  150  148  144  138  163                                   
    72.5-180.0 180.0   5.0 450.0                            LAT/LON1/LON2/DLON/H
  162  158  154  152  150  148  150  150  152  154  157  159  160  162  162  163
  163  163  163  162  160  157  155  152  149  145  142  139  136  133  132  130
  130  128  128  125  125  123  124  123  125  126  129  131  135  137  141  141
  143  142  143  141  141  138  139  137  138  137  139  139  140  140  142  141
  142  141  143  143  145  143  141  134  162                                   
    70.0-180.0 180.0   5.0 450.0                            LAT/LON1/LON2/DLON/H
  156  154  151  149  148  146  148  149  152  154  158  159  163  164  166  166
  167  166  165  163  161  157  155  151  147  143  141  137  135  133  133  131
  131  129  128  125  125  121  122  119  121  120  125  125  131  132  138  138
  141  139  141  138  139  136  137  135  136  135  137  137  138  138  139  138
  139  138  140  139  141  139  137  131  156                                   
    67.5-180.0 180.0   5.0 450.0                            LAT/LON1/LON2/DLON/H
  158  154  150  147  145  144  145  147  150  153  157  160  163  166  168  169
  170  168  167  164  160  156  153  148  145  140  138  135  134  132  132  131
  131  128  127  123  120  116  115  112  113  112  116  118  124  126  131  133
  136  135  137  135  135  133  134  132  134  133  135  135  137  136  137  137
  137  136  138  138  140  138  136  130  158                                   
    65.0-180.0 180.0   5.0 450.0                            LAT/LON1/LON2/DLON/H
  157  156  152  149  147  145  146  147  151  154  159  162  166  169  172  173
  172  171  169  165  161  157  153  148  144  140  137  134  133  131  132  131
  131  128  126  120  117  112  109  105  105  103  107  108  115  116  123  124
  129  129  132  130  132  130  132  131  133  133  135  135  137  136  137  135
  136  135  138  138  140  139  139  132  157                                   
    62.5-180.0 180.0   5.0 450.0                            LAT/LON1/LON2/DLON/H
  165  163  158  155  151  148  147  147  149  153  157  161  166  170  172  173
  174  172  170  166  162  157  153  148  144  139  136  133  133  132  132  131
  130  127  123  117  112  106  102   97   96   95   97   99  105  108  115  117
  122  124  127  127  129  129  131  131  134  135  137  138  139  138  138  136
  137  137  139  140  144  144  144  137  165                                   
    60.0-180.0 180.0   5.0 450.0                            LAT/LON1/LON2/DLON/H
  171  171  167  164  159  155  152  151  151  153  157  160  165  169  172  174
  174  173  171  168  164  160  156  151  147  142  139  136  136  135  134  133
  132  127  123  116  110  103   99   94   92   89   92   91   99  100  108  109
  116  117  123  124  129  129  133  134  138  138  142  141  143  141  141  138
  140  139  144  145  149  150  152  143  171                                   
    57.5-180.0 180.0   5.0 450.0                            LAT/LON1/LON2/DLON/H
  184  184  180  177  170  166  160  157  154  154  155  159  163  168  171  173
  174  173  172  170  167  164  161  157  153  149  146  143  141  140  138  136
  132  127  121  114  108  102   98   93   91   88   90   90   95   98  104  107
  113  117  123  126  132  135  139  141  145  147  149  149  149  148  146  144
  144  145  149  153  158  161  161  151  184                                   
    55.0-180.0 180.0   5.0 450.0                            LAT/LON1/LON2/DLON/H
  193  193  194  190  184  178  172  166  161  158  157  158  162  166  170  173
  174  174  173  172  171  170  168  165  161  157  154  151  149  146  143  139
  135  128  122  115  110  104  101   97   95   92   93   91   95   96  102  104
  111  114  122  126  135  139  146  147  153  153  157  156  157  154  153  150
  151  152  158  161  167  170  170  160  193                                   
    52.5-180.0 180.0   5.0 450.0                            LAT/LON1/LON2/DLON/H
  204  205  205  203  197  192  184  177  169  164  160  160  161  165  168  171
  172  174  174  175  175  177  177  176  172  168  164  160  157  153  147  142
  135  128  121  115  111  107  105  102  102   99   99   97   98   98  102  105
  111  116  124  130  139  145  152  157  161  164  166  166  165  164  160  159
  158  159  163  168  175  179  178  169  204                                   
    50.0-180.0 180.0   5.0 450.0                            LAT/LON1/LON2/DLON/H
  207  210  213  212  207  204  197  190  181  173  167  164  164  166  168  171
  173  174  176  178  180  184  184  184  181  177  172  167  162  157  150  142
  135  127  121  116  113  111  111  111  111  109  108  105  105  103  106  106
  113  117  127  133  144  150  160  165  172  173  177  175  176  173  172  168
  169  168  173  176  183  186  184  174  207                                   
    47.5-180.0 180.0   5.0 450.0                            LAT/LON1/LON2/DLON/H
  211  213  216  217  214  212  207  201  192  183  175  171  169  169  170  173
  174  176  178  182  185  190  191  191  188  184  179  173  166  159  150  142
  133  126  120  117  115  115  117  119  121  119  118  115  114  111  112  112
  117  121  130  137  148  158  168  175  181  184  186  186  186  184  182  180
  179  179  182  184  190  191  189  179  211                                   
    45.0-180.0 180.0   5.0 450.0                            LAT/LON1/LON2/DLON/H
  209  211  216  217  217  217  216  211  204  195  187  180  178  176  176  177
  178  180  183  186  190  195  196  195  192  187  182  175  168  159  150  140
  132  126  122  119  120  121  124  127  130  130  129  126  123  120  118  118
  121  124  132  139  152  162  175  182  190  193  196  196  197  196  195  193
  193  192  194  194  197  197  192  183  209                                   
    42.5-180.0 180.0   5.0 450.0                            LAT/LON1/LON2/DLON/H
  208  210  213  215  217  219  221  219  214  206  198  192  187  185  183  184
  184  186  188  192  195  198  199  197  193  188  182  176  167  158  148  139
  131  127  125  124  125  127  130  134  139  140  140  136  133  128  127  125
  127  128  135  143  155  167  181  190  198  202  205  206  208  208  208  207
  207  205  205  203  204  201  197  189  208                                   
    40.0-180.0 180.0   5.0 450.0                            LAT/LON1/LON2/DLON/H
  207  209  211  212  214  218  224  225  225  219  212  205  201  197  195  195
  194  194  196  198  200  202  201  197  192  186  181  174  166  156  146  138
  132  129  129  130  132  134  138  142  147  150  149  146  141  137  134  131
  131  132  137  144  157  170  185  195  205  209  214  216  219  220  221  221
  222  219  219  215  212  208  203  196  207                                   
    37.5-180.0 180.0   5.0 450.0                            LAT/LON1/LON2/DLON/H
  213  211  210  211  213  218  226  230  232  230  224  219  213  210  207  207
  205  204  204  204  204  204  201  196  190  184  179  174  164  156  146  139
  134  135  136  139  141  143  147  151  156  158  158  153  149  143  141  136
  135  134  137  143  156  170  187  199  210  216  222  226  230  233  236  236
  237  235  234  228  225  218  213  207  213                                   
    35.0-180.0 180.0   5.0 450.0                            LAT/LON1/LON2/DLON/H
  221  219  218  219  221  225  233  239  244  244  240  236  231  228  224  221
  218  215  213  210  208  205  201  194  189  184  181  175  167  157  148  142
  140  142  146  149  151  153  156  160  164  167  165  161  155  149  144  140
  137  134  134  138  149  164  182  196  211  219  227  232  238  243  247  249
  250  249  249  244  239  233  228  226  221                                   
    32.5-180.0 180.0   5.0 450.0                            LAT/LON1/LON2/DLON/H
  238  234  235  237  238  242  246  253  258  259  257  254  250  247  241  238
  233  228  223  217  212  208  202  195  189  185  183  178  170  161  151  147
  145  149  154  158  160  162  165  168  172  173  171  165  159  151  146  140
  135  128  127  129  140  153  174  191  208  218  229  236  246  252  259  262
  264  263  263  259  258  252  247  246  238                                   
    30.0-180.0 180.0   5.0 450.0                            LAT/LON1/LON2/DLON/H
  259  254  260  261  262  264  269  274  280  282  281  279  276  273  266  261
  252  245  235  226  219  213  206  198  193  189  188  184  176  166  156  151
  150  154  160  163  166  167  171  173  177  177  172  165  157  149  142  135
  127  120  116  117  126  140  161  180  199  212  226  236  249  256  266  271
  274  274  277  275  276  273  267  271  259                                   
    27.5-180.0 180.0   5.0 450.0                            LAT/LON1/LON2/DLON/H
  283  280  286  289  290  291  295  300  303  305  304  303  300  297  289  283
  273  262  250  238  230  222  213  205  198  194  192  188  180  169  159  153
  151  155  160  164  166  168  172  175  178  177  172  163  154  144  136  127
  117  108  104  104  113  127  148  168  190  206  222  234  250  259  272  278
  285  286  289  291  296  295  289  294  283                                   
    25.0-180.0 180.0   5.0 450.0                            LAT/LON1/LON2/DLON/H
  305  308  316  319  321  323  328  332  336  336  336  335  332  327  318  310
  296  284  267  255  242  233  222  212  205  198  196  191  182  171  159  153
  151  153  158  161  164  165  169  171  174  172  165  156  144  134  124  113
  104   95   90   89   98  113  136  156  179  198  217  233  251  263  276  285
  293  298  302  306  312  315  312  319  305                                   
    22.5-180.0 180.0   5.0 450.0                            LAT/LON1/LON2/DLON/H
  325  331  342  348  352  355  359  364  367  368  367  366  365  359  350  339
  323  305  288  270  258  245  233  221  210  202  196  190  180  168  156  149
  146  148  151  154  155  157  160  162  164  161  155  144  132  121  110   99
   90   82   77   74   83   98  122  147  169  191  214  231  251  265  279  289
  301  305  312  316  326  330  329  338  325                                   
    20.0-180.0 180.0   5.0 450.0                            LAT/LON1/LON2/DLON/H
  343  354  367  376  381  386  392  397  402  401  402  402  401  396  384  371
  351  332  308  290  272  259  242  227  213  201  192  183  172  162  151  144
  140  141  142  143  144  145  146  147  149  146  140  130  119  107   95   85
   78   70   66   64   71   86  111  138  164  188  212  233  254  270  283  296
  307  315  322  329  339  346  344  354  343                                   
    17.5-180.0 180.0   5.0 450.0                            LAT/LON1/LON2/DLON/H
  356  368  380  388  396  402  411  420  425  429  430  432  431  427  416  402
  381  358  333  308  288  269  250  231  212  197  184  173  161  152  142  135
  132  131  131  132  130  131  130  131  132  130  125  116  106   95   83   75
   67   62   59   57   64   79  103  132  161  187  214  236  258  274  288  300
  313  322  332  340  351  355  351  362  356                                   
    15.0-180.0 180.0   5.0 450.0                            LAT/LON1/LON2/DLON/H
  366  378  388  396  403  411  420  431  440  446  450  453  454  452  442  432
  408  385  355  328  300  279  254  231  208  189  173  160  150  142  134  129
  125  124  123  122  118  116  115  113  114  111  109  101   94   83   75   67
   64   59   58   57   62   75   98  126  158  188  214  239  262  280  294  308
  319  331  341  352  362  365  360  368  366                                   
    12.5-180.0 180.0   5.0 450.0                            LAT/LON1/LON2/DLON/H
  372  379  389  393  402  408  417  429  438  447  452  460  463  464  457  449
  430  407  374  341  310  282  253  227  201  179  160  148  139  133  127  123
  120  119  116  114  108  106  102  101  100   99   97   92   86   77   70   64
   61   57   56   56   61   72   93  122  157  186  214  240  264  283  299  314
  325  337  347  358  366  369  363  371  372                                   
    10.0-180.0 180.0   5.0 450.0                            LAT/LON1/LON2/DLON/H
  374  381  389  392  398  403  411  418  427  435  444  455  462  467  462  459
  441  420  384  350  312  282  249  220  192  168  149  138  132  128  124  121
  119  117  114  110  104   99   96   92   92   88   88   84   80   72   69   62
   62   56   55   55   60   70   89  116  150  181  210  238  265  287  304  319
  329  339  350  360  369  370  365  371  374                                   
     7.5-180.0 180.0   5.0 450.0                            LAT/LON1/LON2/DLON/H
  374  380  386  389  394  396  400  405  409  418  426  440  449  456  453  451
  439  420  387  350  311  276  243  212  182  159  142  133  128  126  124  121
