data/unet/pred2000.15i
     1.0            IONOSPHERE MAPS     GNSS                IONEX VERSION / TYPE
pyspatialgeodesy        IME             05-JAN-18 20:20     PGM / RUN BY / DATE 
Map Name                                                    COMMENT             
Predicted global ionosphere maps (GIM).                     DESCRIPTION         
  2015     7    19     0     0     0                        EPOCH OF FIRST MAP  
  2015     7    20     0     0     0                        EPOCH OF LAST MAP   
  7200                                                      INTERVAL            
    13                                                      # OF MAPS IN FILE   
  NONE                                                      MAPPING FUNCTION    
10.0                                                        ELEVATION CUTOFF    
One-way carrier phase leveled to code                       OBSERVABLES USED    
  6371.0                                                    BASE RADIUS         
 2                                                          MAP DIMENSION       
   450.0 450.0   0.0                                        HGT1 / HGT2 / DHGT  
    87.5 -87.5  -2.5                                        LAT1 / LAT2 / DLAT  
  -180.0 180.0   5.0                                        LON1 / LON2 / DLON  
    -1                                                      EXPONENT            
                                                            END OF HEADER       
[from data line 3003]
     8                                                      START OF TEC MAP    
  2015     7    19    14     0     0                        EPOCH OF CURRENT MAP
    87.5-180.0 180.0   5.0 450.0                            LAT/LON1/LON2/DLON/H
  141  156  161  161  159  159  158  159  160  160  160  160  161  161  161  161
  162  160  161  160  161  159  160  158  159  158  158  157  158  156  157  155
  156  154  155  154  154  153  153  152  153  152  153  153  155  155  156  156
  158  158  159  158  160  159  160  159  160  159  159  158  158  157  157  156
  157  157  158  157  155  155  167  145  141                                   
    85.0-180.0 180.0   5.0 450.0                            LAT/LON1/LON2/DLON/H
  146  151  147  147  148  148  148  149  150  151  151  152  152  154  153  154
  153  155  154  154  153  154  152  153  151  151  150  150  149  148  147  146
  145  144  143  141  141  139  138  137  137  137  138  139  141  142  143  144
  146  147  149  149  151  151  152  152  152  152  152  151  150  149  148  147
  147  146  147  145  146  143  149  148  146                                   
    82.5-180.0 180.0   5.0 450.0                            LAT/LON1/LON2/DLON/H
  153  142  143  143  144  143  146  145  148  147  150  149  152  150  153  151
  154  152  155  152  154  152  154  151  153  150  151  148  150  147  148  144
  144  141  140  137  136  133  132  130  130  129  131  131  134  135  138  139
  143  143  148  147  152  150  154  152  155  152  154  151  152  148  149  145
  146  143  144  142  141  138  148  134  153                                   
    80.0-180.0 180.0   5.0 450.0                            LAT/LON1/LON2/DLON/H
  142  135  134  137  137  137  139  141  143  144  146  147  149  149  151  151
  152  152  152  152  152  152  152  152  151  152  151  151  150  150  148  146
  144  142  138  136  132  130  127  126  124  125  125  128  130  134  136  140
  143  147  149  152  153  155  156  156  156  156  154  153  151  150  148  145
  144  142  140  138  135  135  132  130  142                                   
    77.5-180.0 180.0   5.0 450.0                            LAT/LON1/LON2/DLON/H
  132  128  125  128  130  131  134  135  137  138  141  142  144  145  146  147
  147  148  148  149  149  149  150  150  151  151  152  152  153  152  152  150
  149  145  144  139  136  131  129  126  125  125  126  128  131  135  138  142
  146  149  152  154  156  157  158  157  156  154  153  150  148  145  143  141
  138  136  134  130  127  125  126  119  132                                   
    75.0-180.0 180.0   5.0 450.0                            LAT/LON1/LON2/DLON/H
  126  119  120  123  126  127  131  131  136  136  141  140  144  144  147  145
  148  146  148  146  149  147  149  148  151  150  154  153  157  156  159  155
  156  151  151  144  142  136  134  130  129  129  131  133  137  141  145  149
  153  156  159  159  161  160  162  159  159  155  155  150  149  145  144  140
  137  135  133  129  128  122  121  119  126                                   
    72.5-180.0 180.0   5.0 450.0                            LAT/LON1/LON2/DLON/H
  120  118  116  119  121  123  127  129  132  134  137  138  140  141  142  143
  142  143  143  143  143  144  144  145  146  148  150  154  157  160  162  162
  162  159  158  153  149  144  140  138  136  137  138  142  144  150  152  158
  159  163  162  164  162  163  161  160  157  156  153  151  147  145  140  138
  134  133  130  127  123  120  120  115  120                                   
    70.0-180.0 180.0   5.0 450.0                            LAT/LON1/LON2/DLON/H
  118  114  113  116  120  121  126  127  132  132  138  136  141  139  143  140
  144  140  144  140  143  140  143  140  144  142  148  148  155  157  163  163
  166  162  163  156  155  147  147  142  142  142  146  148  153  156  160  162
  164  164  165  163  163  160  160  157  157  153  154  151  150  146  144  140
  137  134  132  127  126  119  119  119  118                                   
    67.5-180.0 180.0   5.0 450.0                            LAT/LON1/LON2/DLON/H
  118  117  112  115  117  120  125  127  132  133  136  136  138  138  139  139
  139  139  139  139  139  138  138  137  138  139  141  146  150  155  160  164
  166  166  165  162  159  155  152  150  150  151  154  158  160  164  164  168
  166  166  162  162  158  158  155  156  153  154  153  154  152  150  147  144
  139  137  132  129  125  120  121  118  118                                   
    65.0-180.0 180.0   5.0 450.0                            LAT/LON1/LON2/DLON/H
  117  113  111  112  116  116  121  124  129  131  135  134  137  136  139  136
  139  137  140  137  140  136  139  135  139  136  140  140  146  148  156  159
  165  163  166  160  162  155  156  152  156  156  161  162  166  166  168  166
  166  162  161  157  156  153  153  152  154  154  156  156  158  154  154  149
  146  140  137  130  128  120  119  123  117                                   
    62.5-180.0 180.0   5.0 450.0                            LAT/LON1/LON2/DLON/H
  115  113  106  107  109  114  118  122  127  130  133  134  135  135  135  135
  136  136  136  135  138  136  138  137  138  137  138  140  143  147  152  157
  161  163  164  163  161  159  158  158  160  163  166  169  169  170  167  167
  163  161  155  155  151  154  151  156  155  160  161  164  164  163  160  156
  150  145  139  132  126  120  119  120  115                                   
    60.0-180.0 180.0   5.0 450.0                            LAT/LON1/LON2/DLON/H
  113  106  102  102  106  107  111  114  120  124  128  129  131  131  132  131
  134  131  135  133  137  135  141  138  143  139  142  139  144  143  151  153
  159  160  164  161  163  159  162  161  166  167  171  170  172  168  166  162
  160  156  154  151  151  151  154  156  160  162  166  167  169  165  164  157
  153  144  139  129  125  114  113  119  113                                   
    57.5-180.0 180.0   5.0 450.0                            LAT/LON1/LON2/DLON/H
  108  101   96   96   98  101  104  108  113  118  123  125  128  128  129  130
  130  130  132  132  136  137  142  143  147  146  146  146  147  149  153  157
  161  164  166  166  165  165  165  166  170  172  175  175  174  170  166  161
  159  155  153  154  153  157  158  163  164  168  170  172  172  167  164  157
  150  143  134  126  119  109  108  110  108                                   
    55.0-180.0 180.0   5.0 450.0                            LAT/LON1/LON2/DLON/H
  105   93   89   90   95   95  100  101  108  110  116  118  122  123  126  125
  128  127  129  129  134  136  144  146  153  151  154  151  154  153  158  161
  165  167  170  169  170  168  171  170  175  176  179  178  176  171  166  161
  158  157  157  158  160  162  165  166  169  171  173  172  171  165  161  152
  146  137  130  120  114  102  101  106  105                                   
    52.5-180.0 180.0   5.0 450.0                            LAT/LON1/LON2/DLON/H
  100   90   86   86   90   93   96  101  105  109  113  116  121  122  127  128
  129  129  131  132  136  140  147  153  158  161  161  162  163  164  167  170
  173  175  178  178  178  178  178  178  180  182  182  181  178  173  167  163
  162  161  162  165  167  170  171  173  174  176  176  175  171  164  156  148
  139  131  122  114  106   96   95   96  100                                   
    50.0-180.0 180.0   5.0 450.0                            LAT/LON1/LON2/DLON/H
   99   87   85   85   90   91   96   98  105  106  112  114  119  122  126  129
  131  132  132  134  137  142  150  156  163  166  169  169  171  172  177  178
  182  184  187  187  189  187  189  187  189  188  189  186  183  178  172  170
  168  169  171  174  175  176  177  177  178  178  177  174  169  160  153  143
  136  126  119  110  103   92   91   93   99                                   
    47.5-180.0 180.0   5.0 450.0                            LAT/LON1/LON2/DLON/H
   99   92   89   87   90   92   96  101  105  111  114  118  123  126  133  135
  139  138  140  141  145  148  155  163  168  174  176  179  180  183  187  189
  193  195  199  202  202  204  201  200  198  196  194  192  189  185  180  178
  177  178  179  182  181  181  180  181  180  180  178  175  168  160  149  141
  132  125  116  108   99   92   91   89   99                                   
    45.0-180.0 180.0   5.0 450.0                            LAT/LON1/LON2/DLON/H
  104   95   93   92   94   94   99  102  110  111  120  121  128  131  138  141
  145  146  146  149  150  154  160  165  172  176  180  181  185  187  193  195
  202  205  212  215  218  218  217  213  210  206  203  200  198  196  192  189
  187  188  187  188  185  184  182  181  181  180  178  174  168  160  152  143
  136  127  120  111  103   93   93   92  104                                   
    42.5-180.0 180.0   5.0 450.0                            LAT/LON1/LON2/DLON/H
  108  102   99   95   95   96  100  105  112  119  125  131  136  141  146  149
  154  155  158  157  160  162  166  171  175  180  183  187  191  195  202  205
  212  218  228  234  240  242  241  234  229  220  217  211  211  205  205  201
  199  197  195  192  187  183  180  179  179  179  177  175  170  163  155  148
  139  132  124  115  106  100   99   95  108                                   
    40.0-180.0 180.0   5.0 450.0                            LAT/LON1/LON2/DLON/H
  112  103  100   98   97   95  100  104  115  122  133  138  145  148  154  157
  162  164  166  168  169  171  174  176  179  183  186  190  195  200  207  213
  224  232  245  255  264  268  266  260  251  241  235  229  229  224  222  217
  213  208  203  196  190  184  181  179  179  180  180  179  175  170  163  156
  150  141  134  123  115  106  103  102  112                                   
    37.5-180.0 180.0   5.0 450.0                            LAT/LON1/LON2/DLON/H
  113  105  101   95   94   94   97  104  112  123  134  144  151  158  161  164
  169  171  177  178  181  182  183  185  186  189  193  199  204  212  219  227
  241  255  271  286  299  303  303  294  288  273  266  256  254  246  242  233
  228  218  212  203  196  189  186  185  183  184  183  184  181  177  171  165
  158  150  142  130  120  113  111  105  113                                   
    35.0-180.0 180.0   5.0 450.0                            LAT/LON1/LON2/DLON/H
  117  103   98   93   91   89   93   97  107  119  133  144  155  162  166  171
  174  181  185  191  191  193  192  193  194  197  201  207  213  221  230  242
  260  277  298  317  331  335  334  327  318  306  295  284  280  271  266  255
  247  236  227  215  206  197  192  189  189  189  189  191  188  185  180  174
  167  160  150  138  127  117  111  113  117                                   
    32.5-180.0 180.0   5.0 450.0                            LAT/LON1/LON2/DLON/H
  116  104   96   89   85   84   87   92   99  114  126  143  154  166  171  176
  180  187  194  199  202  202  203  202  204  208  214  222  229  239  248  264
  280  304  328  350  367  369  371  359  353  338  330  315  311  300  295  283
  273  262  251  239  225  213  204  201  198  199  196  198  194  193  186  181
  171  165  154  142  131  122  119  114  116                                   
    30.0-180.0 180.0   5.0 450.0                            LAT/LON1/LON2/DLON/H
  117  103   96   87   83   79   82   84   93  104  120  135  151  164  173  181
  184  193  197  205  208  210  210  210  214  219  227  235  245  251  264  277
  298  326  356  381  398  406  402  399  386  379  361  351  341  330  321  311
  301  294  284  274  257  243  224  215  205  203  200  200  197  194  190  184
  176  168  158  148  136  126  118  122  117                                   
    27.5-180.0 180.0   5.0 450.0                            LAT/LON1/LON2/DLON/H
  118  107   98   89   82   78   77   80   84   97  109  131  144  164  171  183
  186  196  202  210  212  216  216  217  221  229  239  249  258  267  276  291
  313  343  376  404  424  430  428  420  412  402  390  380  369  360  349  342
  330  328  317  311  291  275  251  235  216  209  201  201  196  195  188  183
  174  168  157  149  139  131  129  126  118                                   
    25.0-180.0 180.0   5.0 450.0                            LAT/LON1/LON2/DLON/H
  124  115  105   97   87   80   77   74   80   88  103  118  137  156  169  180
  187  197  204  213  215  221  221  225  231  239  252  260  272  279  293  307
  331  363  392  422  439  451  444  445  432  428  413  408  397  388  376  370
  361  362  351  347  323  306  274  256  226  210  197  194  190  187  183  176
  169  162  155  149  141  137  131  136  124                                   
    22.5-180.0 180.0   5.0 450.0                            LAT/LON1/LON2/DLON/H
  126  125  112  106   97   89   83   78   77   86   94  115  130  153  164  180
  186  199  205  215  217  224  224  229  235  249  261  272  283  293  303  320
  345  376  405  430  444  451  447  444  437  432  424  419  410  405  393  391
  383  386  379  371  349  325  292  266  235  210  192  186  179  178  173  169
  160  155  148  144  139  136  140  138  126                                   
    20.0-180.0 180.0   5.0 450.0                            LAT/LON1/LON2/DLON/H
  132  132  122  117  108  101   95   87   84   84   92  107  126  144  160  176
  184  196  203  214  218  224  227  233  243  255  269  280  297  306  319  336
  360  388  407  430  435  444  439  441  437  437  431  428  419  415  404  404
  399  402  397  389  360  334  295  270  234  211  188  178  170  166  164  158
  154  148  145  141  137  136  137  137  132                                   
    17.5-180.0 180.0   5.0 450.0                            LAT/LON1/LON2/DLON/H
  131  138  128  123  117  110  102   95   87   86   87  101  115  137  152  169
  178  191  201  211  216  222  227  235  245  261  274  291  307  319  333  350
  372  392  407  418  421  425  421  425  425  428  424  423  417  415  407  409
  408  411  405  390  359  330  293  266  232  208  187  173  162  158  155  153
  148  143  138  135  130  132  136  134  131                                   
    15.0-180.0 180.0   5.0 450.0                            LAT/LON1/LON2/DLON/H
  134  137  129  125  120  117  109  101   94   90   89   98  111  130  146  164
  172  188  195  206  214  221  229  237  251  264  282  296  316  328  344  362
  378  389  394  398  397  401  400  408  413  420  420  420  415  414  407  406
  404  405  395  380  347  319  284  261  230  212  187  174  160  155  152  151
  148  144  139  132  127  128  130  128  134                                   
    12.5-180.0 180.0   5.0 450.0                            LAT/LON1/LON2/DLON/H
  130  136  126  123  120  115  110  104   96   92   91   99  108  126  139  158
  167  183  191  204  212  222  231  243  255  273  289  309  329  345  360  374
  385  388  388  386  382  383  382  391  396  405  404  407  405  407  402  403
  398  397  382  361  331  303  271  251  226  210  191  174  160  154  151  152
  149  144  136  129  121  122  123  120  130                                   
    10.0-180.0 180.0   5.0 450.0                            LAT/LON1/LON2/DLON/H
  126  123  118  115  111  108  103   99   92   90   93   98  106  121  137  152
  164  179  188  201  211  221  235  246  265  281  300  319  342  358  374  385
  392  391  388  384  380  378  379  388  393  399  399  400  399  399  396  392
  385  377  359  341  310  287  256  244  223  213  192  178  162  155  153  154
  153  147  139  127  117  115  114  110  126                                   
     7.5-180.0 180.0   5.0 450.0                            LAT/LON1/LON2/DLON/H
  117  116  106  104   99   97   93   91   87   90   91   98  106  123  136  155
  165  182  191  206  215  227  239  257  271  295  312  336  357  375  388  396
