data/unet/pred1670.15i
     1.0            IONOSPHERE MAPS     GNSS                IONEX VERSION / TYPE
pyspatialgeodesy        IME             05-JAN-18 20:20     PGM / RUN BY / DATE 
Map Name                                                    COMMENT             
Predicted global ionosphere maps (GIM).                     DESCRIPTION         
  2015     6    16     0     0     0                        EPOCH OF FIRST MAP  
  2015     6    17     0     0     0                        EPOCH OF LAST MAP   
  7200                                                      INTERVAL            
    13                                                      # OF MAPS IN FILE   
  NONE                                                      MAPPING FUNCTION    
10.0                                                        ELEVATION CUTOFF    
One-way carrier phase leveled to code                       OBSERVABLES USED    
  6371.0                                                    BASE RADIUS         
 2                                                          MAP DIMENSION       
   450.0 450.0   0.0                                        HGT1 / HGT2 / DHGT  
    87.5 -87.5  -2.5                                        LAT1 / LAT2 / DLAT  
  -180.0 180.0   5.0                                        LON1 / LON2 / DLON  
    -1                                                      EXPONENT            
                                                            END OF HEADER       
[from data line 429]
     2                                                      START OF TEC MAP    
  2015     6    16     2     0     0                        EPOCH OF CURRENT MAP
    87.5-180.0 180.0   5.0 450.0                            LAT/LON1/LON2/DLON/H
  187  191  185  186  185  183  182  182  182  180  179  177  177  175  174  171
  172  170  169  166  168  165  165  162  164  161  161  158  160  158  158  155
  159  157  158  155  159  156  157  153  157  154  155  152  156  153  155  152
  155  152  154  151  154  151  153  150  154  152  155  153  158  157  160  161
  165  167  169  170  173  173  169  181  187                                   
    85.0-180.0 180.0   5.0 450.0                            LAT/LON1/LON2/DLON/H
  189  194  184  187  186  185  184  184  184  184  181  181  180  179  176  176
  174  174  169  170  168  168  163  164  162  161  157  157  156  156  154  154
  154  154  152  153  153  154  152  153  153  153  152  153  153  154  153  153
  154  153  152  152  153  152  152  151  153  152  153  154  156  156  158  160
  162  165  166  169  170  169  173  178  189                                   
    82.5-180.0 180.0   5.0 450.0                            LAT/LON1/LON2/DLON/H
  186  187  182  187  182  183  182  184  184  184  181  181  180  180  177  177
  177  175  173  172  172  170  167  164  164  159  158  155  155  152  151  149
  151  149  150  150  152  152  152  153  154  155  154  157  158  159  157  160
  159  160  157  160  158  159  156  158  157  159  156  161  160  163  162  167
  166  170  168  173  171  173  169  174  186                                   
    80.0-180.0 180.0   5.0 450.0                            LAT/LON1/LON2/DLON/H
  187  186  186  187  190  190  193  193  194  191  191  189  189  186  186  184
  184  181  180  179  178  175  172  169  166  161  158  154  154  149  149  147
  149  147  149  150  153  152  155  155  159  158  160  162  166  165  168  168
  170  168  169  168  170  167  167  166  167  165  166  167  168  168  169  171
  171  172  173  174  175  173  173  173  187                                   
    77.5-180.0 180.0   5.0 450.0                            LAT/LON1/LON2/DLON/H
  187  192  189  193  191  197  200  202  200  199  196  196  192  191  189  187
  186  184  183  182  181  177  175  170  167  161  156  153  149  146  143  144
  144  145  146  149  151  152  154  156  158  159  162  164  169  169  173  173
  175  173  175  173  173  170  170  169  169  166  167  167  167  167  169  170
  170  171  172  172  171  175  172  174  187                                   
    75.0-180.0 180.0   5.0 450.0                            LAT/LON1/LON2/DLON/H
  191  192  193  195  200  203  208  207  207  204  203  199  198  194  194  189
  190  185  187  182  183  178  177  170  168  159  156  149  146  141  140  139
  141  141  144  146  150  152  156  157  160  161  165  166  171  173  177  177
  180  178  180  178  179  176  176  174  174  171  172  170  172  170  174  172
  176  174  179  176  177  178  179  177  191                                   
    72.5-180.0 180.0   5.0 450.0                            LAT/LON1/LON2/DLON/H
  191  196  197  200  203  206  209  209  208  207  205  202  199  195  192  189
  187  183  182  180  179  175  172  167  162  156  150  144  139  135  134  134
  136  138  141  144  149  151  155  155  159  160  164  165  171  172  177  176
  181  180  182  180  182  180  180  177  177  175  176  174  174  174  176  176
  176  177  179  178  178  183  183  180  191                                   
    70.0-180.0 180.0   5.0 450.0                            LAT/LON1/LON2/DLON/H
  190  192  194  198  201  204  205  208  205  206  202  201  197  194  191  187
  185  181  180  177  176  173  169  164  159  152  145  140  135  133  131  132
  134  137  140  143  148  151  154  155  158  159  162  164  170  172  176  177
  181  181  183  183  184  182  181  179  178  177  175  176  175  175  175  176
  176  176  178  177  176  179  181  178  190                                   
    67.5-180.0 180.0   5.0 450.0                            LAT/LON1/LON2/DLON/H
  189  191  193  195  197  198  202  203  204  205  205  202  200  195  191  186
  183  179  177  174  173  169  166  160  155  148  142  136  133  130  130  131
  134  136  139  142  147  148  152  151  155  154  158  159  166  167  173  174
  179  179  182  180  182  178  179  176  177  174  175  173  173  172  173  173
  173  174  176  175  174  179  179  175  189                                   
    65.0-180.0 180.0   5.0 450.0                            LAT/LON1/LON2/DLON/H
  188  188  190  192  193  196  198  202  203  205  205  204  202  198  194  188
  184  179  177  173  173  169  165  159  155  148  143  140  136  135  134  136
  136  139  140  143  145  146  148  147  150  150  155  156  163  166  173  174
  179  180  183  180  182  179  180  177  178  177  177  176  175  174  175  174
  174  174  175  174  172  175  177  173  188                                   
    62.5-180.0 180.0   5.0 450.0                            LAT/LON1/LON2/DLON/H
  193  191  191  191  190  190  193  195  199  202  205  206  206  201  197  190
  185  180  176  173  172  168  164  159  154  149  145  142  140  138  137  138
  139  139  140  141  143  142  143  142  146  147  152  156  164  169  174  177
  182  182  185  182  184  181  182  179  182  179  181  177  178  175  175  173
  173  173  173  173  172  177  178  171  193                                   
    60.0-180.0 180.0   5.0 450.0                            LAT/LON1/LON2/DLON/H
  196  194  193  191  190  188  190  192  195  200  203  206  207  204  201  194
  190  182  180  175  175  170  168  162  159  154  152  151  150  150  148  147
  145  143  142  141  140  139  139  139  143  146  153  159  168  174  181  184
  189  189  191  189  191  188  190  187  190  187  189  185  185  182  181  179
  179  176  177  176  174  179  180  175  196                                   
    57.5-180.0 180.0   5.0 450.0                            LAT/LON1/LON2/DLON/H
  205  201  200  196  190  186  186  187  190  195  201  205  209  208  206  200
  196  190  185  181  179  175  170  166  162  159  158  158  159  158  156  152
  148  143  139  136  135  133  136  137  144  149  158  165  176  182  190  193
  198  198  202  199  201  198  201  198  201  197  198  194  192  187  185  182
  180  179  180  180  181  187  186  177  205                                   
    55.0-180.0 180.0   5.0 450.0                            LAT/LON1/LON2/DLON/H
  214  212  210  207  201  195  193  191  193  196  200  206  210  212  210  206
  203  196  194  188  187  182  179  172  170  168  169  170  172  171  167  161
  153  146  140  135  133  133  135  138  144  153  162  172  183  192  200  205
  208  212  212  212  213  213  214  211  213  209  208  202  200  194  192  189
  187  186  187  189  189  196  196  188  214                                   
    52.5-180.0 180.0   5.0 450.0                            LAT/LON1/LON2/DLON/H
  226  226  224  220  213  206  202  196  196  195  200  204  211  214  216  213
  211  206  203  199  197  191  187  180  177  175  177  179  182  180  174  165
  154  144  136  130  130  130  135  139  148  156  168  177  191  200  209  214
  220  221  224  224  226  226  229  225  227  222  217  210  205  200  196  195
  193  195  196  199  202  209  208  199  226                                   
    50.0-180.0 180.0   5.0 450.0                            LAT/LON1/LON2/DLON/H
  241  240  241  239  233  225  218  211  206  204  204  208  211  216  217  218
  217  213  212  208  206  201  196  189  186  185  186  190  192  189  181  170
  158  146  138  133  134  135  139  144  151  160  171  183  195  206  215  223
  229  234  237  240  242  245  245  244  243  235  229  219  213  205  204  201
  203  203  206  209  212  219  220  213  241                                   
    47.5-180.0 180.0   5.0 450.0                            LAT/LON1/LON2/DLON/H
  254  255  256  255  251  243  236  227  220  213  209  210  212  216  219  222
  222  222  221  218  217  211  206  197  194  191  193  195  197  192  184  171
  159  147  140  136  139  140  146  149  157  165  178  186  200  209  220  226
  237  240  248  250  256  259  263  259  259  248  240  228  218  212  207  208
  208  213  216  222  227  232  233  227  254                                   
    45.0-180.0 180.0   5.0 450.0                            LAT/LON1/LON2/DLON/H
  269  269  271  273  269  265  257  248  237  226  219  215  216  219  223  225
  227  227  227  224  222  218  212  205  199  198  198  200  201  196  187  174
  164  153  149  146  149  150  152  155  161  170  178  188  197  208  218  228
  240  249  258  265  272  278  280  277  274  263  253  239  230  221  219  217
  220  223  228  234  239  246  246  245  269                                   
    42.5-180.0 180.0   5.0 450.0                            LAT/LON1/LON2/DLON/H
  283  286  287  290  290  281  277  266  256  242  231  226  224  226  229  233
  234  236  234  233  230  225  220  212  207  204  203  203  203  196  187  176
  167  160  158  156  159  157  160  160  167  171  182  187  198  205  218  227
  244  252  266  273  284  288  293  287  287  273  265  251  240  233  227  228
  230  236  242  249  256  260  262  262  283                                   
    40.0-180.0 180.0   5.0 450.0                            LAT/LON1/LON2/DLON/H
  303  303  302  302  302  296  290  282  273  260  248  240  237  236  239  241
  243  242  240  236  233  229  223  219  214  211  209  209  207  202  192  182
  177  172  173  171  173  170  171  172  175  181  186  192  198  206  218  230
  248  259  274  284  297  303  305  303  297  286  276  263  254  244  242  241
  247  252  260  267  271  279  279  282  303                                   
    37.5-180.0 180.0   5.0 450.0                            LAT/LON1/LON2/DLON/H
  321  321  319  317  314  309  304  297  288  277  267  259  255  253  253  254
  253  253  248  243  239  236  232  228  226  223  222  218  217  208  199  192
  187  187  187  187  185  181  180  179  182  186  193  195  203  207  220  232
  252  263  279  288  303  308  314  309  307  295  288  275  268  259  256  256
  261  268  278  286  293  297  298  301  321                                   
    35.0-180.0 180.0   5.0 450.0                            LAT/LON1/LON2/DLON/H
  346  342  341  333  329  319  316  308  302  292  284  277  272  269  267  265
  263  259  254  248  244  241  240  241  241  241  237  233  227  220  210  205
  203  201  203  199  197  192  189  191  193  198  202  204  208  212  222  234
  252  266  280  292  304  312  318  317  314  306  299  289  282  274  270  271
  275  285  294  304  306  315  318  323  346                                   
    32.5-180.0 180.0   5.0 450.0                            LAT/LON1/LON2/DLON/H
  367  365  363  356  349  339  332  324  320  311  305  299  294  290  285  281
  274  269  261  255  252  252  254  258  262  263  260  253  245  234  224  218
  213  214  211  209  204  201  199  199  203  206  210  210  214  215  223  232
  249  259  272  282  297  305  317  315  319  311  309  299  295  288  284  283
  291  297  310  318  326  332  339  345  367                                   
    30.0-180.0 180.0   5.0 450.0                            LAT/LON1/LON2/DLON/H
  399  401  400  388  381  368  359  350  345  336  332  323  318  309  302  293
  285  276  268  261  259  261  268  276  283  284  281  273  261  249  237  230
  225  223  220  216  211  209  206  208  211  214  216  216  216  217  220  227
  239  249  260  272  286  300  313  318  323  320  322  315  313  302  298  298
  302  313  320  331  339  348  359  367  399                                   
    27.5-180.0 180.0   5.0 450.0                            LAT/LON1/LON2/DLON/H
  421  424  428  422  416  404  396  384  379  367  363  351  344  331  321  309
  296  286  275  268  268  274  285  296  304  305  301  289  276  259  246  234
  226  222  214  213  206  207  207  210  214  217  218  218  216  213  216  220
  230  237  250  261  279  294  311  318  326  327  332  327  328  317  315  309
  318  320  336  343  358  364  380  389  421                                   
    25.0-180.0 180.0   5.0 450.0                            LAT/LON1/LON2/DLON/H
  454  459  468  460  460  447  440  427  419  407  402  387  377  361  346  327
  311  297  286  279  280  288  303  314  321  319  312  300  282  265  247  233
  222  211  204  199  197  198  200  203  207  206  208  202  202  196  198  202
  214  223  238  254  273  292  308  320  329  335  343  341  346  336  335  330
  334  337  348  356  369  380  401  412  454                                   
    22.5-180.0 180.0   5.0 450.0                            LAT/LON1/LON2/DLON/H
  471  477  492  494  494  488  481  470  460  447  438  424  411  392  373  347
  327  309  298  291  295  305  320  331  333  327  315  295  279  256  237  218
  203  188  176  174  173  180  183  188  193  192  191  186  182  176  177  183
  196  209  230  249  273  289  309  321  333  341  352  357  363  357  357  350
  356  353  369  369  389  400  421  435  471                                   
    20.0-180.0 180.0   5.0 450.0                            LAT/LON1/LON2/DLON/H
  492  498  518  522  528  523  519  508  500  486  476  460  448  425  405  375
  351  326  314  307  314  323  337  341  338  326  306  287  265  245  222  201
  181  161  154  150  158  162  170  171  176  172  171  162  162  153  159  163
  183  199  224  247  271  293  313  329  341  351  363  373  383  381  383  377
  381  380  393  395  412  418  445  454  492                                   
    17.5-180.0 180.0   5.0 450.0                            LAT/LON1/LON2/DLON/H
  498  506  525  535  545  545  545  535  528  516  506  492  478  455  431  403
  375  348  330  322  327  335  343  343  333  313  289  265  245  221  198  171
  151  133  125  124  131  140  146  147  147  145  144  139  137  133  137  147
  168  192  222  248  275  295  319  336  350  362  378  392  403  405  406  407
  409  413  427  433  443  452  466  473  498                                   
    15.0-180.0 180.0   5.0 450.0                            LAT/LON1/LON2/DLON/H
  508  514  534  543  555  558  557  550  541  532  526  512  500  474  453  423
  401  371  352  337  340  343  346  339  320  293  265  242  221  199  175  150
  131  115  110  110  123  130  138  135  135  130  132  125  125  120  128  137
  165  192  227  254  283  307  332  347  363  375  393  407  422  428  434  439
  444  450  467  469  477  476  489  497  508                                   
    12.5-180.0 180.0   5.0 450.0                            LAT/LON1/LON2/DLON/H
  510  518  535  541  554  556  560  550  543  533  529  519  507  486  461  438
  413  387  364  345  340  338  335  321  296  264  233  209  190  170  148  127
  111   98   93   96  107  118  120  120  114  111  111  111  111  112  118  133
  161  193  229  259  288  311  340  358  375  388  406  425  440  452  458  467
  472  485  496  503  506  507  511  519  510                                   
    10.0-180.0 180.0   5.0 450.0                            LAT/LON1/LON2/DLON/H
  516  519  535  539  548  552  553  543  535  526  522  514  502  478  455  431
  412  385  365  344  335  327  317  296  265  229  199  173  159  144  130  116
  103   93   88   93  103  110  109  107  102  102  105  107  108  104  111  124
  156  190  228  260  289  315  346  367  387  402  422  440  457  467  478  485
  496  507  523  530  535  531  533  548  516                                   
     7.5-180.0 180.0   5.0 450.0                            LAT/LON1/LON2/DLON/H
  523  527  540  537  545  543  546  533  526  515  512  502  489  466  440  419
  397  372  352  331  318  304  288  262  226  189  156  136  129  123  117  107
