data/unet/pred2000.15i
     1.0            IONOSPHERE MAPS     GNSS                IONEX VERSION / TYPE
pyspatialgeodesy        IME             05-JAN-18 20:20     PGM / RUN BY / DATE 
Map Name                                                    COMMENT             
Predicted global ionosphere maps (GIM).                     DESCRIPTION         
  2015     7    19     0     0     0                        EPOCH OF FIRST MAP  
  2015     7    20     0     0     0                        EPOCH OF LAST MAP   
  7200                                                      INTERVAL            
    13                                                      # OF MAPS IN FILE   
  NONE                                                      MAPPING FUNCTION    
10.0                                                        ELEVATION CUTOFF    
One-way carrier phase leveled to code                       OBSERVABLES USED    
  6371.0                                                    BASE RADIUS         
 2                                                          MAP DIMENSION       
   450.0 450.0   0.0                                        HGT1 / HGT2 / DHGT  
    87.5 -87.5  -2.5                                        LAT1 / LAT2 / DLAT  
  -180.0 180.0   5.0                                        LON1 / LON2 / DLON  
    -1                                                      EXPONENT            
                                                            END OF HEADER       
[from data line 1287]
     4                                                      START OF TEC MAP    
  2015     7    19     6     0     0                        EPOCH OF CURRENT MAP
    87.5-180.0 180.0   5.0 450.0                            LAT/LON1/LON2/DLON/H
  139  160  154  156  156  154  156  155  158  157  159  158  160  160  161  161
  162  161  162  161  162  160  161  159  160  158  158  157  158  156  157  155
  156  154  155  153  154  152  153  151  152  151  152  151  153  152  153  152
  154  153  154  153  154  152  153  151  152  151  151  150  151  150  150  149
  150  150  151  150  153  149  166  145  139                                   
    85.0-180.0 180.0   5.0 450.0                            LAT/LON1/LON2/DLON/H
  151  155  148  154  154  151  154  153  156  155  157  156  159  158  159  159
  160  159  160  159  159  157  158  156  157  154  155  153  154  151  152  149
  150  148  149  146  148  145  146  144  146  144  145  144  146  145  146  146
  147  147  148  148  148  147  148  147  148  145  146  145  145  144  144  143
  144  144  144  145  144  139  148  153  151                                   
    82.5-180.0 180.0   5.0 450.0                            LAT/LON1/LON2/DLON/H
  151  150  148  154  152  153  154  157  158  159  159  161  162  163  163  164
  164  164  163  163  162  161  160  158  157  155  154  152  151  150  149  148
  147  147  147  146  147  146  146  145  147  145  148  147  150  149  153  151
  155  153  157  154  158  154  157  154  156  152  153  150  150  147  145  143
  144  142  144  143  142  142  145  138  151                                   
    80.0-180.0 180.0   5.0 450.0                            LAT/LON1/LON2/DLON/H
  159  152  150  151  150  149  151  151  153  152  153  153  154  154  155  155
  156  155  156  155  155  153  153  150  149  145  144  140  140  137  137  135
  137  136  138  137  140  139  141  140  143  143  146  146  150  151  154  155
  158  159  161  162  164  163  164  163  163  160  159  157  155  151  149  147
  145  144  144  142  144  140  139  138  159                                   
    77.5-180.0 180.0   5.0 450.0                            LAT/LON1/LON2/DLON/H
  158  153  151  152  153  152  151  150  150  148  148  147  147  147  148  148
  149  149  150  150  149  147  145  141  139  134  131  127  126  124  125  125
  128  129  133  134  137  139  142  143  146  148  151  155  158  162  165  169
  171  174  176  179  180  181  181  181  179  176  173  170  166  163  158  155
  152  150  150  148  147  144  142  136  158                                   
    75.0-180.0 180.0   5.0 450.0                            LAT/LON1/LON2/DLON/H
  163  158  155  154  151  149  146  145  141  140  136  136  133  135  134  136
  135  138  137  139  136  137  131  130  122  120  113  112  108  110  109  113
  115  121  124  131  133  139  140  146  145  151  152  159  160  167  171  178
  181  185  188  190  191  192  191  191  188  186  183  180  174  170  163  160
  155  154  153  152  150  149  145  142  163                                   
    72.5-180.0 180.0   5.0 450.0                            LAT/LON1/LON2/DLON/H
  163  162  156  156  153  150  145  141  136  131  127  124  122  122  123  124
  125  127  129  130  129  128  124  119  112  108  103  100   99   99  102  105
  110  115  123  129  135  140  145  149  152  156  161  166  172  179  184  191
  193  198  198  202  200  202  199  200  197  196  192  190  185  180  174  169
  165  162  161  159  158  157  151  148  163                                   
    70.0-180.0 180.0   5.0 450.0                            LAT/LON1/LON2/DLON/H
  168  166  162  159  154  149  144  139  131  126  119  116  112  111  111  114
  115  118  121  123  122  121  117  112  105  101   95   94   92   94   96  102
  107  115  123  132  136  145  146  154  155  162  165  175  180  190  193  200
  202  204  203  204  203  201  199  197  195  192  191  188  185  181  175  172
  166  164  163  162  160  160  152  156  168                                   
    67.5-180.0 180.0   5.0 450.0                            LAT/LON1/LON2/DLON/H
  166  167  159  160  154  150  144  138  129  122  115  109  106  104  104  106
  108  111  114  117  117  116  112  108  101   97   91   90   90   93   97  104
  110  119  127  138  143  151  154  160  164  170  178  186  195  202  206  210
  210  209  206  205  201  199  195  194  191  189  187  186  183  180  176  173
  169  167  166  166  166  164  157  160  166                                   
    65.0-180.0 180.0   5.0 450.0                            LAT/LON1/LON2/DLON/H
  169  169  163  159  153  148  142  137  127  121  112  108  101  101   98  100
  101  104  106  109  109  109  106  103   97   93   89   88   89   92   97  104
  113  122  131  141  146  154  156  164  168  177  184  196  203  212  214  217
  214  212  206  202  196  191  185  182  179  176  176  174  173  171  168  166
  163  162  163  163  164  162  156  163  169                                   
    62.5-180.0 180.0   5.0 450.0                            LAT/LON1/LON2/DLON/H
  165  166  158  158  152  148  141  136  127  120  112  106  101   97   96   95
   96   97  100  102  103  102  100   97   93   91   87   88   90   95  101  110
  116  127  134  144  149  156  160  166  173  182  192  201  211  216  219  219
  217  213  206  201  194  188  182  178  174  172  171  171  170  168  166  166
  163  163  163  166  167  165  160  164  165                                   
    60.0-180.0 180.0   5.0 450.0                            LAT/LON1/LON2/DLON/H
  167  168  162  160  155  148  142  137  129  123  113  109  100   98   92   92
   89   91   91   92   92   91   90   88   87   85   84   86   89   95  102  110
  118  126  134  143  149  155  159  166  174  184  193  204  212  219  220  220
  218  213  207  200  194  186  178  174  170  167  165  164  165  163  161  160
  159  158  161  161  164  162  158  166  167                                   
    57.5-180.0 180.0   5.0 450.0                            LAT/LON1/LON2/DLON/H
  165  165  159  161  157  153  146  142  134  127  118  111  104   98   93   88
   87   84   85   83   84   82   82   81   82   81   83   85   90   97  103  113
  118  127  133  142  148  155  160  168  178  189  200  209  219  225  228  226
  225  220  216  210  205  198  190  184  177  172  171  168  169  166  165  164
  162  163  163  167  168  165  161  165  165                                   
    55.0-180.0 180.0   5.0 450.0                            LAT/LON1/LON2/DLON/H
  172  173  168  169  167  161  155  148  140  132  122  114  104  100   91   87
   81   80   77   75   74   73   74   74   76   77   79   83   88   96  103  111
  117  123  131  139  146  155  162  171  182  193  203  213  222  229  232  232
  231  228  224  219  215  207  200  192  185  178  173  170  168  167  164  164
  162  162  164  165  168  167  162  170  172                                   
    52.5-180.0 180.0   5.0 450.0                            LAT/LON1/LON2/DLON/H
  174  176  174  178  178  175  167  161  150  141  129  118  109  100   94   86
   83   78   77   72   73   70   72   72   75   76   80   83   89   95  102  109
  114  121  127  136  146  155  165  175  188  199  210  220  229  235  241  241
  243  241  239  235  231  226  218  210  202  193  187  181  179  175  173  171
  169  169  170  173  176  173  169  174  174                                   
    50.0-180.0 180.0   5.0 450.0                            LAT/LON1/LON2/DLON/H
  183  189  188  194  194  190  182  172  160  148  135  122  110  102   93   88
   82   80   77   74   73   72   74   74   78   79   82   85   90   96  102  109
  113  120  124  137  146  160  169  185  195  207  216  225  234  241  247  248
  251  250  248  245  242  236  229  221  214  204  197  190  186  183  177  176
  173  173  174  176  181  180  173  182  183                                   
    47.5-180.0 180.0   5.0 450.0                            LAT/LON1/LON2/DLON/H
  189  193  197  205  210  207  198  185  171  158  143  129  117  107  100   92
   89   85   85   81   82   79   82   83   86   88   89   90   93   97  102  108
  111  116  125  135  150  162  177  190  203  214  224  232  243  249  257  259
  263  262  261  257  253  248  240  233  226  218  210  201  197  192  187  185
  182  182  184  186  191  188  180  187  189                                   
    45.0-180.0 180.0   5.0 450.0                            LAT/LON1/LON2/DLON/H
  196  203  206  214  216  215  209  196  179  164  147  133  118  110  101   96
   93   92   91   90   88   90   91   94   96   97   97   97   97  101  104  110
  111  117  122  139  150  168  179  198  207  220  228  237  247  254  264  268
  271  270  266  261  255  247  241  232  228  219  213  206  202  197  192  191
  187  188  187  189  193  194  184  194  196                                   
    42.5-180.0 180.0   5.0 450.0                            LAT/LON1/LON2/DLON/H
  197  202  207  215  219  217  212  200  184  170  153  139  125  116  108  103
  101   99  100   98  100  100  104  106  107  110  107  107  103  105  108  112
  114  118  130  142  159  172  190  205  219  228  238  244  257  263  274  279
  282  281  276  267  260  252  243  237  231  224  219  213  209  204  201  198
  196  195  195  195  200  199  189  198  197                                   
    40.0-180.0 180.0   5.0 450.0                            LAT/LON1/LON2/DLON/H
  202  206  205  211  212  212  209  200  185  172  156  144  129  121  111  107
  104  104  105  106  105  110  112  117  117  119  115  113  109  110  111  117
  117  122  129  145  158  178  193  213  225  237  246  253  265  272  283  287
  292  289  282  271  262  253  245  239  235  229  225  220  219  213  209  206
  203  202  199  198  200  201  193  201  202                                   
    37.5-180.0 180.0   5.0 450.0                            LAT/LON1/LON2/DLON/H
  202  201  199  201  202  198  196  188  179  170  157  146  133  125  117  112
  110  108  111  109  113  115  122  126  127  128  122  121  115  117  116  119
  121  124  134  148  165  183  200  219  233  245  257  264  277  283  294  297
  303  299  293  283  273  269  259  258  252  249  243  240  235  230  224  220
  216  215  212  209  210  209  200  208  202                                   
    35.0-180.0 180.0   5.0 450.0                            LAT/LON1/LON2/DLON/H
  215  209  204  198  192  188  185  180  171  166  155  149  136  129  119  114
  110  110  111  113  115  122  127  133  134  134  128  126  120  121  119  123
  121  126  132  142  157  174  189  211  229  244  257  268  280  288  299  303
  309  305  303  295  290  286  282  280  277  272  266  262  257  249  242  236
  230  229  225  221  219  219  216  216  215                                   
    32.5-180.0 180.0   5.0 450.0                            LAT/LON1/LON2/DLON/H
  228  220  211  200  191  184  179  172  166  160  155  148  141  132  124  116
  114  110  114  112  121  123  134  139  143  141  135  132  126  127  125  126
  125  127  132  141  154  170  180  203  219  241  256  272  285  296  307  311
  319  317  321  318  320  319  318  318  313  310  299  295  286  278  268  261
  254  251  247  243  239  238  233  234  228                                   
    30.0-180.0 180.0   5.0 450.0                            LAT/LON1/LON2/DLON/H
  256  246  234  219  204  191  182  174  166  161  154  150  141  134  123  117
  111  111  112  117  121  130  136  145  147  147  139  135  130  130  126  126
  122  125  131  139  151  160  174  193  211  232  251  268  284  296  309  315
  325  328  337  342  351  355  358  357  356  347  337  327  317  305  295  286
  278  274  270  266  263  263  261  255  256                                   
    27.5-180.0 180.0   5.0 450.0                            LAT/LON1/LON2/DLON/H
  279  277  261  245  227  209  193  181  171  163  158  150  145  135  128  118
  115  112  117  118  128  133  145  150  155  152  146  139  134  132  126  122
  117  121  125  139  147  163  166  193  205  230  244  266  279  296  307  317
  328  338  353  365  380  388  394  393  390  379  368  357  344  332  321  312
  303  300  296  293  293  295  289  284  279                                   
    25.0-180.0 180.0   5.0 450.0                            LAT/LON1/LON2/DLON/H
  314  308  296  278  257  236  215  197  181  170  159  152  143  139  127  123
  115  118  120  127  133  145  152  161  161  158  149  141  135  131  124  116
  113  109  118  123  142  148  165  180  199  220  239  260  278  292  307  316
  332  344  367  385  408  417  424  422  418  406  393  379  366  353  345  334
  326  324  322  320  320  324  319  313  314                                   
    22.5-180.0 180.0   5.0 450.0                            LAT/LON1/LON2/DLON/H
  339  345  336  317  294  270  242  218  194  179  164  154  145  139  133  126
  124  122  128  133  144  153  163  169  171  163  153  143  134  128  119  113
  107  106  108  120  133  150  158  183  195  221  235  261  272  291  302  315
  330  348  372  397  419  430  437  433  430  416  406  391  379  368  360  352
  346  345  342  342  340  351  344  342  339                                   
    20.0-180.0 180.0   5.0 450.0                            LAT/LON1/LON2/DLON/H
  364  368  362  343  321  296  268  237  210  189  171  158  146  142  135  135
  130  134  136  145  152  165  172  177  173  165  150  140  128  119  110   97
   96   87   98  105  129  140  160  176  194  217  236  259  274  289  300  312
  329  350  374  400  423  433  435  434  428  419  407  396  386  379  373  368
  363  359  357  354  354  364  359  360  364                                   
    17.5-180.0 180.0   5.0 450.0                            LAT/LON1/LON2/DLON/H
  371  387  381  366  343  317  288  255  225  200  179  165  151  147  142  142
  140  141  145  151  160  170  178  181  176  163  148  133  120  109   97   87
   82   79   86  100  119  143  157  179  190  215  233  256  271  286  299  310
  327  346  369  391  410  418  420  417  416  409  404  397  390  388  384  379
  373  370  367  364  363  375  368  374  371                                   
    15.0-180.0 180.0   5.0 450.0                            LAT/LON1/LON2/DLON/H
  376  388  385  371  349  319  291  260  227  202  182  170  158  152  148  150
  149  154  155  162  165  174  175  176  166  155  137  126  110  101   88   77
   72   67   75   91  113  141  160  181  196  216  234  258  273  287  300  314
  328  347  362  383  392  401  398  402  401  403  400  398  394  396  394  390
  384  379  377  372  368  378  374  379  376                                   
    12.5-180.0 180.0   5.0 450.0                            LAT/LON1/LON2/DLON/H
  368  387  382  367  348  317  289  257  226  204  184  177  163  160  155  158
  158  160  162  163  167  170  171  167  158  143  129  113  100   86   77   67
   63   59   66   82  105  135  157  176  193  212  231  253  273  289  305  316
  333  345  362  372  381  383  385  391  399  404  405  406  401  404  401  396
  390  384  382  375  371  380  375  382  368                                   
    10.0-180.0 180.0   5.0 450.0                            LAT/LON1/LON2/DLON/H
  361  373  368  352  331  301  275  242  214  195  180  175  167  163  160  164
  164  167  164  165  159  160  152  148  134  125  109  100   86   77   68   59
   55   53   56   72   94  127  149  172  187  207  220  246  268  286  304  319
  337  350  365  372  379  380  384  396  409  415  417  415  411  411  407  402
  395  387  384  373  369  376  371  377  361                                   
     7.5-180.0 180.0   5.0 450.0                            LAT/LON1/LON2/DLON/H
  353  365  355  338  317  289  262  233  206  192  179  180  171  173  168  172
  170  169  165  160  153  146  138  130  118  107   98   85   76   67   65   56
