data/unet/pred0550.15i
     1.0            IONOSPHERE MAPS     GNSS                IONEX VERSION / TYPE
pyspatialgeodesy        IME             05-JAN-18 20:20     PGM / RUN BY / DATE 
Map Name                                                    COMMENT             
Predicted global ionosphere maps (GIM).                     DESCRIPTION         
  2015     2    24     0     0     0                        EPOCH OF FIRST MAP  
  2015     2    25     0     0     0                        EPOCH OF LAST MAP   
  7200                                                      INTERVAL            
    13                                                      # OF MAPS IN FILE   
  NONE                                                      MAPPING FUNCTION    
10.0                                                        ELEVATION CUTOFF    
One-way carrier phase leveled to code                       OBSERVABLES USED    
  6371.0                                                    BASE RADIUS         
 2                                                          MAP DIMENSION       
   450.0 450.0   0.0                                        HGT1 / HGT2 / DHGT  
    87.5 -87.5  -2.5                                        LAT1 / LAT2 / DLAT  
  -180.0 180.0   5.0                                        LON1 / LON2 / DLON  
    -1                                                      EXPONENT            
                                                            END OF HEADER       
[from data line 429]
     2                                                      START OF TEC MAP    
  2015     2    24     2     0     0                        EPOCH OF CURRENT MAP
    87.5-180.0 180.0   5.0 450.0                            LAT/LON1/LON2/DLON/H
  147  151  154  148  148  143  145  142  143  139  140  135  135  130  130  125
  126  121  122  116  116  110  111  103  104   97   98   91   93   87   89   82
   86   80   84   79   84   79   82   78   84   79   84   80   86   82   88   85
   92   91   97   96  103  103  109  109  117  117  122  123  131  131  136  136
  141  141  143  142  147  145  149  161  147                                   
    85.0-180.0 180.0   5.0 450.0                            LAT/LON1/LON2/DLON/H
  149  167  155  160  154  153  150  150  147  146  143  142  139  138  136  134
  131  130  126  124  119  116  111  107  101   97   91   87   82   79   75   73
   71   69   69   68   69   69   69   69   72   72   74   75   78   79   82   84
   88   90   94   97  101  105  108  113  117  122  125  130  135  140  142  147
  149  153  152  155  156  154  163  163  149                                   
    82.5-180.0 180.0   5.0 450.0                            LAT/LON1/LON2/DLON/H
  160  167  169  168  165  156  159  154  156  150  153  148  150  146  149  144
  146  140  141  133  132  122  121  109  107   94   92   81   78   69   68   61
   63   57   61   57   62   59   64   62   69   67   73   73   79   79   83   85
   90   93   97  101  105  109  115  120  127  130  137  140  149  150  158  159
  167  165  171  167  175  166  175  170  160                                   
    80.0-180.0 180.0   5.0 450.0                            LAT/LON1/LON2/DLON/H
  175  180  181  181  177  171  170  167  166  163  162  161  161  160  160  158
  157  154  152  146  142  132  127  116  108   97   89   79   72   65   61   56
   56   53   55   54   59   59   64   65   71   72   77   77   83   82   89   86
   94   92  100   98  109  108  119  120  130  133  143  148  159  163  172  176
  184  186  189  190  192  186  189  187  175                                   
    77.5-180.0 180.0   5.0 450.0                            LAT/LON1/LON2/DLON/H
  181  189  188  190  185  182  178  175  171  168  167  167  166  168  167  168
  165  165  163  159  152  147  138  130  119  110   98   90   80   75   68   66
   64   64   64   67   69   73   75   79   81   85   87   89   91   92   94   95
   96   96   99  101  105  109  117  124  133  141  151  159  170  177  185  192
  198  203  205  208  210  206  206  207  181                                   
    75.0-180.0 180.0   5.0 450.0                            LAT/LON1/LON2/DLON/H
  194  200  197  200  191  190  181  178  171  169  164  165  163  166  165  166
  165  165  165  162  159  154  147  139  130  119  108   99   90   84   80   77
   77   77   78   80   83   85   88   91   94   95   97   98   98   98   99   97
   97   96   97   98  102  106  115  125  137  148  160  172  182  191  199  206
  210  215  216  220  224  222  222  223  194                                   
    72.5-180.0 180.0   5.0 450.0                            LAT/LON1/LON2/DLON/H
  204  207  206  203  199  192  184  178  170  167  161  160  155  157  155  156
  156  158  160  159  158  156  152  146  137  129  118  110  102   98   95   94
   94   94   95   96   98   98  100   99  102  100  103  100  101   98   98   95
   94   92   93   93   97  103  113  125  138  151  163  176  187  196  205  211
  216  219  224  228  237  234  237  239  204                                   
    70.0-180.0 180.0   5.0 450.0                            LAT/LON1/LON2/DLON/H
  218  218  216  216  206  203  190  186  176  173  163  160  152  151  146  146
  145  148  149  152  152  152  148  144  137  129  121  114  109  106  106  106
  107  108  107  108  106  106  104  104  102  103  102  102  100   98   97   95
   93   91   91   91   94  102  114  129  144  158  170  184  195  204  211  217
  221  224  229  237  245  247  250  251  218                                   
    67.5-180.0 180.0   5.0 450.0                            LAT/LON1/LON2/DLON/H
  228  224  224  220  214  204  197  193  186  181  170  164  151  145  136  131
  128  129  133  138  140  143  142  139  133  127  119  114  110  109  111  111
  115  113  115  111  112  105  105   98   99   93   96   90   90   87   86   84
   83   82   83   85   91  102  115  134  151  166  177  191  202  210  214  217
  220  223  231  237  249  252  257  260  228                                   
    65.0-180.0 180.0   5.0 450.0                            LAT/LON1/LON2/DLON/H
  239  234  232  232  225  220  211  207  199  193  180  170  155  143  130  122
  116  115  118  122  127  130  131  128  124  116  112  106  106  104  107  108
  111  110  108  106  100   97   90   88   83   82   81   79   78   77   77   76
   76   77   80   83   92  106  124  144  162  180  192  206  214  219  221  220
  221  223  229  236  247  254  262  264  239                                   
    62.5-180.0 180.0   5.0 450.0                            LAT/LON1/LON2/DLON/H
  243  237  237  237  232  222  217  212  209  201  191  178  161  146  130  118
  110  107  109  114  118  121  120  118  111  105   99   95   94   94   97   98
  102   98   98   90   90   81   80   71   72   66   70   64   65   63   64   64
   66   70   75   82   94  112  131  153  173  194  206  220  227  231  231  227
  226  224  231  233  246  253  263  268  243                                   
    60.0-180.0 180.0   5.0 450.0                            LAT/LON1/LON2/DLON/H
  252  243  242  237  231  223  218  214  213  208  198  185  167  150  135  121
  112  107  109  111  113  114  111  107  100   92   88   82   84   81   85   84
   86   81   79   75   72   67   63   60   58   59   59   58   58   56   58   57
   61   65   73   82   98  117  139  161  184  203  218  230  241  243  244  239
  236  233  236  238  248  257  267  271  252                                   
    57.5-180.0 180.0   5.0 450.0                            LAT/LON1/LON2/DLON/H
  259  251  248  240  231  220  215  210  211  207  202  190  174  159  144  132
  121  115  113  113  111  110  103   98   89   81   75   71   73   72   75   73
   75   70   69   63   63   59   59   56   60   57   62   56   58   55   56   57
   61   66   75   86  103  124  147  170  192  214  227  244  254  258  261  255
  253  248  252  250  260  266  273  276  259                                   
    55.0-180.0 180.0   5.0 450.0                            LAT/LON1/LON2/DLON/H
  278  269  269  249  236  222  214  209  208  205  199  191  178  166  155  143
  135  128  122  119  113  109  100   94   85   78   73   70   71   69   71   67
   68   62   61   59   59   58   59   60   62   64   65   63   64   59   59   57
   63   67   78   91  109  131  154  176  200  220  238  256  270  277  281  280
  278  275  276  272  278  281  284  286  278                                   
    52.5-180.0 180.0   5.0 450.0                            LAT/LON1/LON2/DLON/H
  303  296  292  276  258  240  225  215  209  204  198  191  183  174  165  157
  148  139  132  124  117  109  101   93   86   80   75   72   74   73   73   71
   70   68   67   67   70   70   75   75   80   78   81   77   77   71   69   67
   71   76   87  101  121  143  164  187  207  228  246  266  282  293  304  307
  311  308  308  303  305  302  299  300  303                                   
    50.0-180.0 180.0   5.0 450.0                            LAT/LON1/LON2/DLON/H
  334  325  329  305  289  260  244  228  219  210  199  193  184  179  173  167
  159  149  138  128  118  111  101   97   92   87   84   82   83   79   80   76
   78   74   75   78   81   84   88   89   93   93   95   90   90   83   82   78
   82   87   99  116  136  157  177  198  218  237  255  273  293  307  321  328
  334  337  338  335  334  328  320  317  334                                   
    47.5-180.0 180.0   5.0 450.0                            LAT/LON1/LON2/DLON/H
  365  361  363  346  330  302  282  259  241  224  210  198  191  184  180  173
  165  154  144  131  124  114  109  105  103  100   98   96   95   92   91   90
   90   90   93   97  103  105  110  110  114  112  114  109  108  102   98   94
   97  102  119  134  157  176  195  213  229  246  261  280  300  318  335  346
  355  361  363  363  363  353  342  337  365                                   
    45.0-180.0 180.0   5.0 450.0                            LAT/LON1/LON2/DLON/H
  387  390  392  380  370  342  317  285  263  238  220  206  194  188  182  177
  168  157  146  134  125  119  117  116  115  112  110  106  103   99   98   95
   98   99  104  109  115  118  123  121  126  123  125  120  119  113  110  105
  109  116  134  156  177  199  215  232  244  258  269  286  305  324  338  350
  360  369  375  379  379  374  356  351  387                                   
    42.5-180.0 180.0   5.0 450.0                            LAT/LON1/LON2/DLON/H
  391  395  400  397  392  370  348  319  291  260  239  218  206  194  186  176
  167  156  147  137  133  131  131  132  131  128  123  116  112  106  105  104
  107  110  118  122  128  129  133  132  135  133  135  132  132  126  123  119
  124  131  155  173  201  220  236  250  260  270  279  293  311  326  341  353
  363  372  380  387  389  381  368  361  391                                   
    40.0-180.0 180.0   5.0 450.0                            LAT/LON1/LON2/DLON/H
  387  394  400  400  399  385  367  340  311  276  249  228  214  201  190  179
  169  156  150  142  143  142  146  145  144  137  132  122  116  109  107  107
  111  115  123  127  132  133  137  136  141  139  141  137  138  132  131  126
  133  143  165  189  216  239  254  268  276  285  291  305  319  334  344  354
  364  374  385  393  395  391  377  367  387                                   
    37.5-180.0 180.0   5.0 450.0                            LAT/LON1/LON2/DLON/H
  374  383  384  384  383  374  361  344  321  295  268  245  231  213  201  184
  175  162  160  157  159  162  163  161  157  149  139  127  119  112  111  110
  116  121  128  131  134  135  137  139  143  144  145  144  143  139  139  135
  143  151  176  196  230  250  269  283  292  300  305  318  330  340  352  362
  372  382  395  402  406  404  395  378  374                                   
    35.0-180.0 180.0   5.0 450.0                            LAT/LON1/LON2/DLON/H
  379  383  378  371  368  359  354  340  325  302  278  257  242  225  209  192
  180  171  171  171  176  176  178  171  165  154  147  135  128  122  121  122
  125  131  132  134  133  135  136  142  145  150  150  147  145  140  140  136
  144  152  174  198  227  251  272  286  298  305  313  324  337  349  360  374
  388  403  420  429  436  438  433  407  379                                   
    32.5-180.0 180.0   5.0 450.0                            LAT/LON1/LON2/DLON/H
  399  398  380  359  350  341  335  330  319  305  287  270  256  237  221  202
  193  186  189  192  195  196  190  182  170  162  155  148  142  138  141  142
  146  146  147  143  140  139  142  146  151  154  154  149  145  139  140  137
  145  152  175  193  223  244  266  282  297  306  316  331  348  365  382  400
  420  436  452  465  476  484  490  453  399                                   
    30.0-180.0 180.0   5.0 450.0                            LAT/LON1/LON2/DLON/H
  434  430  399  369  346  334  323  318  311  301  288  277  265  247  231  212
  203  197  200  202  205  202  196  186  179  175  174  171  172  170  174  176
  176  175  168  160  152  147  147  153  155  159  156  148  143  136  136  132
  139  148  170  195  220  244  265  286  306  319  336  348  371  393  420  444
  469  491  512  525  540  553  563  535  434                                   
    27.5-180.0 180.0   5.0 450.0                            LAT/LON1/LON2/DLON/H
  500  485  450  398  374  348  331  317  309  301  290  282  271  254  238  221
  212  208  209  210  207  201  192  186  185  191  200  204  209  212  216  219
  216  213  203  190  176  166  164  163  165  164  159  148  140  131  129  124
  129  137  159  182  211  238  266  287  308  325  345  368  388  417  452  487
  519  549  578  595  614  636  651  631  500                                   
    25.0-180.0 180.0   5.0 450.0                            LAT/LON1/LON2/DLON/H
  587  576  535  478  434  406  369  349  326  311  295  286  274  260  243  227
  217  210  207  203  199  193  189  191  202  217  234  245  255  258  264  262
  260  252  240  221  205  189  182  175  171  168  158  149  135  129  120  114
  116  125  148  180  208  237  264  291  315  335  359  385  415  450  494  544
  584  626  664  693  726  762  777  758  587                                   
    22.5-180.0 180.0   5.0 450.0                            LAT/LON1/LON2/DLON/H
  691  686  649  579  533  482  441  402  372  342  319  300  283  267  250  234
  222  214  204  197  188  185  188  202  223  249  272  294  306  316  313  315
  306  298  278  254  231  209  195  186  178  172  157  143  127  118  107  100
   99  109  132  165  205  236  273  303  332  358  384  419  450  499  546  607
  652  700  738  768  813  855  892  862  691                                   
    20.0-180.0 180.0   5.0 450.0                            LAT/LON1/LON2/DLON/H
  787  781  748  691  643  589  529  479  434  396  358  330  302  279  260  241
  226  211  197  187  182  185  201  225  257  290  317  338  352  359  360  353
  346  327  314  281  256  225  206  190  179  169  148  135  117  111   98   96
   96  110  135  177  208  252  283  325  353  383  412  457  497  552  607  669
  717  770  812  844  884  922  957  951  787                                   
    17.5-180.0 180.0   5.0 450.0                            LAT/LON1/LON2/DLON/H
  852  849  822  777  735  685  624  550  497  449  413  373  340  305  277  258
  237  220  201  193  190  203  226  263  297  334  358  377  384  397  391  385
  367  355  329  301  267  238  211  197  181  171  149  133  116  105   97   90
   97  110  146  186  230  267  307  344  380  414  451  503  545  603  647  710
  752  805  849  877  910  949  972  966  852                                   
    15.0-180.0 180.0   5.0 450.0                            LAT/LON1/LON2/DLON/H
  871  880  869  838  811  761  700  632  555  505  465  429  388  352  317  284
  258  234  215  210  215  241  273  318  350  380  397  404  403  404  399  389
  373  351  331  298  270  238  211  193  178  162  141  126  111  104   95   93
  100  122  163  210  253  292  323  368  403  451  494  547  596  640  682  734
  769  815  844  870  894  925  941  953  871                                   
    12.5-180.0 180.0   5.0 450.0                            LAT/LON1/LON2/DLON/H
  855  875  879  866  851  812  751  687  616  552  511  476  444  406  371  337
  300  273  251  252  269  307  340  380  404  419  423  415  399  391  378  370
  350  335  312  291  263  243  210  198  179  166  145  129  117  105  101   96
  106  131  172  225  268  304  343  381  423  475  530  580  617  659  691  732
  755  790  811  832  846  863  879  887  855                                   
    10.0-180.0 180.0   5.0 450.0                            LAT/LON1/LON2/DLON/H
  809  843  864  870  877  844  798  737  678  613  566  528  498  467  432  399
  365  332  314  321  349  388  420  444  451  448  431  408  376  361  348  337
  328  307  294  276  261  238  211  199  182  167  146  129  119  108  103   99
  110  136  182  229  272  312  350  394  431  494  540  586  622  657  690  717
  734  757  768  781  785  789  812  818  809                                   
     7.5-180.0 180.0   5.0 450.0                            LAT/LON1/LON2/DLON/H
  749  790  817  850  873  869  834  788  735  683  638  598  562  527  495  463
  430  404  391  404  434  467  486  488  479  453  419  383  351  329  316  306
