data/unet/pred2310.15i
     1.0            IONOSPHERE MAPS     GNSS                IONEX VERSION / TYPE
pyspatialgeodesy        IME             05-JAN-18 20:20     PGM / RUN BY / DATE 
Map Name                                                    COMMENT             
Predicted global ionosphere maps (GIM).                     DESCRIPTION         
  2015     8    19     0     0     0                        EPOCH OF FIRST MAP  
  2015     8    20     0     0     0                        EPOCH OF LAST MAP   
  7200                                                      INTERVAL            
    13                                                      # OF MAPS IN FILE   
  NONE                                                      MAPPING FUNCTION    
10.0                                                        ELEVATION CUTOFF    
One-way carrier phase leveled to code                       OBSERVABLES USED    
  6371.0                                                    BASE RADIUS         
 2                                                          MAP DIMENSION       
   450.0 450.0   0.0                                        HGT1 / HGT2 / DHGT  
    87.5 -87.5  -2.5                                        LAT1 / LAT2 / DLAT  
  -180.0 180.0   5.0                                        LON1 / LON2 / DLON  
    -1                                                      EXPONENT            
                                                            END OF HEADER       
[from data line 1287]
     4                                                      START OF TEC MAP    
  2015     8    19     6     0     0                        EPOCH OF CURRENT MAP
    87.5-180.0 180.0   5.0 450.0                            LAT/LON1/LON2/DLON/H
   75  105  106  101  104   98  104  100  107  104  109  107  113  111  116  114
  119  117  121  119  122  120  122  120  121  119  120  118  119  117  118  117
  118  116  117  115  116  114  114  112  113  110  111  108  111  107  110  105
  110  105  109  103  109  103  108  101  107  100  105   98  104   97  102   95
  101   95  101   95  102   95  111   75   75                                   
    85.0-180.0 180.0   5.0 450.0                            LAT/LON1/LON2/DLON/H
   97  108   96  100   98   96   98   99  100  102  103  106  106  108  110  112
  113  114  115  116  116  116  116  115  114  113  112  111  110  109  109  109
  109  108  108  108  108  107  106  106  105  104  103  103  102  101  101  100
  101  100  101  100  102   99  102   99  102   98  101   98  101   97  100   96
   99   96   99   96   96   88  102  100   97                                   
    82.5-180.0 180.0   5.0 450.0                            LAT/LON1/LON2/DLON/H
   90   95   99   98   98   97  100  101  103  103  105  106  108  108  111  110
  113  113  116  115  116  115  116  114  113  112  111  110  108  107  106  106
  106  106  106  107  106  106  105  105  104  104  103  103  102  102  102  102
  102  102  103  103  104  104  104  104  104  104  104  103  103  101  101  100
  100   98   99   97   95   94   99   85   90                                   
    80.0-180.0 180.0   5.0 450.0                            LAT/LON1/LON2/DLON/H
   89   94   93   91   90   88   93   91   94   94   97   97   99   99  101  102
  104  104  106  106  106  105  105  104  102  101  101   99   98   97   98   98
   99   99  101  101  102  101  102  101  101   99  100   99  100   99  100  100
  101  100  102  102  104  103  105  104  105  103  105  101  102   98  100   96
   96   93   95   91   90   84   90   84   89                                   
    77.5-180.0 180.0   5.0 450.0                            LAT/LON1/LON2/DLON/H
   86   88   87   89   87   88   87   90   88   91   89   92   90   93   91   95
   93   97   95   98   94   97   93   95   89   92   87   90   85   89   85   90
   87   92   90   95   91   95   92   95   91   94   91   95   93   97   95  101
   99  103  103  107  107  109  110  111  111  110  109  109  106  105  102  102
   99   98   96   96   91   88   89   80   86                                   
    75.0-180.0 180.0   5.0 450.0                            LAT/LON1/LON2/DLON/H
   90   92   93   89   87   84   86   84   84   83   83   83   82   83   83   85
   85   87   87   89   86   88   83   85   79   81   76   79   75   78   77   81
   81   85   86   89   88   91   89   91   89   90   90   91   93   95   97   99
  101  102  107  108  111  111  115  113  116  113  115  111  111  107  106  103
  102   99  100   97   96   91   97   87   90                                   
    72.5-180.0 180.0   5.0 450.0                            LAT/LON1/LON2/DLON/H
   90   92   89   88   86   83   82   81   78   78   76   76   74   75   75   78
   78   80   81   82   80   80   77   76   71   70   67   68   65   68   68   73
   74   78   79   83   83   85   84   86   84   86   87   90   91   96   97  102
  103  106  107  111  111  113  114  115  115  115  115  114  113  111  109  107
  104  103  101  103   99   97   99   90   90                                   
    70.0-180.0 180.0   5.0 450.0                            LAT/LON1/LON2/DLON/H
   96   97   95   90   86   81   81   77   75   73   71   70   69   69   69   71
   72   74   75   77   75   76   71   71   64   64   59   60   57   60   59   65
   66   71   73   78   78   82   81   84   84   86   89   92   95   98  103  105
  109  109  114  112  116  113  117  114  118  114  118  115  117  112  113  109
  109  106  108  107  107  102  105  100   96                                   
    67.5-180.0 180.0   5.0 450.0                            LAT/LON1/LON2/DLON/H
   96   97   93   91   87   82   79   76   73   71   69   68   66   66   66   68
   69   72   73   75   74   73   70   68   62   60   55   57   54   57   56   63
   63   70   71   76   76   80   80   84   84   88   90   97   98  106  108  113
  113  114  113  113  112  111  110  110  111  110  112  112  112  111  110  111
  109  110  109  113  112  107  107  102   96                                   
    65.0-180.0 180.0   5.0 450.0                            LAT/LON1/LON2/DLON/H
  101  100   99   91   86   80   78   74   70   67   65   64   62   62   61   63
   63   67   67   70   68   69   65   64   58   57   53   53   51   52   53   57
   59   64   66   71   73   77   79   83   86   91   95  102  107  113  117  119
  120  116  116  112  112  108  109  106  108  106  109  108  110  108  111  109
  110  110  113  114  116  110  111  111  101                                   
    62.5-180.0 180.0   5.0 450.0                            LAT/LON1/LON2/DLON/H
  101  100   95   91   84   79   75   72   68   65   64   62   61   59   59   60
   60   63   63   66   64   64   61   59   54   51   49   49   49   50   51   55
   57   61   63   68   71   75   78   84   88   97  101  110  115  122  124  126
  123  121  115  112  108  105  102  101  101  101  103  104  105  105  106  107
  107  110  111  116  116  113  112  110  101                                   
    60.0-180.0 180.0   5.0 450.0                            LAT/LON1/LON2/DLON/H
  105  101  100   91   85   79   75   70   67   63   61   60   58   57   54   55
   54   55   55   56   55   55   52   52   48   48   46   48   48   48   49   51
   54   57   60   65   69   74   80   85   91  100  107  115  122  127  130  130
  127  122  117  112  109  105  103  101  102  102  104  104  106  104  106  105
  107  108  112  115  117  113  112  114  105                                   
    57.5-180.0 180.0   5.0 450.0                            LAT/LON1/LON2/DLON/H
  110  106  100   96   87   82   75   71   65   62   59   58   57   54   52   51
   50   50   48   48   47   45   43   42   41   40   41   41   44   44   45   47
   50   54   56   62   67   73   79   87   95  106  111  122  128  134  135  135
  132  128  122  117  113  110  108  106  108  108  109  109  110  108  107  105
  105  107  110  115  117  114  114  111  110                                   
    55.0-180.0 180.0   5.0 450.0                            LAT/LON1/LON2/DLON/H
  119  112  109  103   98   90   85   77   70   65   60   58   56   54   49   48
   45   45   41   41   38   38   35   37   34   38   37   41   41   44   43   46
   48   52   56   62   69   75   83   91   99  110  118  127  135  139  140  139
  137  133  130  125  123  119  118  116  118  118  120  119  120  117  115  110
  109  108  113  115  119  118  116  119  119                                   
    52.5-180.0 180.0   5.0 450.0                            LAT/LON1/LON2/DLON/H
  135  123  119  118  109  102   92   85   74   67   60   56   53   50   47   44
   43   39   37   34   34   31   31   30   31   31   34   35   38   38   39   41
   43   48   53   61   68   77   84   95  103  116  122  133  139  145  145  146
  145  144  143  141  139  137  134  132  131  132  132  132  132  129  124  119
  114  114  116  120  121  121  122  121  135                                   
    50.0-180.0 180.0   5.0 450.0                            LAT/LON1/LON2/DLON/H
  142  134  136  133  129  120  111  100   88   78   67   61   54   52   46   44
   41   39   35   34   31   32   30   32   31   34   33   37   36   40   38   42
   44   50   56   64   73   80   89   98  109  120  130  139  147  150  152  153
  154  154  155  152  153  148  148  142  144  142  144  143  144  140  138  129
  126  121  125  124  128  128  126  131  142                                   
    47.5-180.0 180.0   5.0 450.0                            LAT/LON1/LON2/DLON/H
  152  149  148  150  144  137  125  113   98   87   73   64   57   52   48   45
   44   41   40   36   36   34   35   34   36   36   37   36   37   36   37   39
   42   49   55   66   74   85   92  107  114  129  136  148  152  158  159  163
  165  167  168  167  167  163  158  154  152  152  153  154  155  153  147  141
  135  132  132  134  134  134  133  133  152                                   
    45.0-180.0 180.0   5.0 450.0                            LAT/LON1/LON2/DLON/H
  157  155  159  158  155  149  141  128  112   99   83   72   61   56   49   48
   46   45   43   42   41   42   41   44   43   44   41   42   39   41   38   42
   44   51   58   68   78   87   98  109  121  133  145  153  160  164  169  172
  175  177  178  177  176  170  165  157  156  152  155  156  160  158  155  149
  145  141  143  142  142  142  137  141  157                                   
    42.5-180.0 180.0   5.0 450.0                            LAT/LON1/LON2/DLON/H
  156  156  159  160  159  153  146  136  121  107   91   78   68   60   54   52
   52   51   50   48   49   49   51   51   52   49   48   44   42   40   40   41
   44   52   59   72   81   95  102  120  128  144  152  162  166  173  176  182
  185  187  187  185  183  177  169  161  157  155  157  161  166  167  166  161
  156  154  153  154  150  148  143  143  156                                   
    40.0-180.0 180.0   5.0 450.0                            LAT/LON1/LON2/DLON/H
  156  152  155  154  152  150  145  139  126  115   98   86   73   66   58   57
   56   56   56   55   57   60   61   63   62   59   55   52   47   47   43   46
   47   55   61   73   85   96  107  120  134  147  157  164  171  178  183  190
  194  195  194  191  189  182  174  165  162  157  160  163  170  171  171  167
  166  164  164  162  158  154  147  148  156                                   
    37.5-180.0 180.0   5.0 450.0                            LAT/LON1/LON2/DLON/H
  152  145  144  142  141  139  138  133  125  116  104   93   82   73   66   63
   62   62   62   61   64   65   70   70   71   66   62   56   53   48   48   49
   51   58   64   76   87  102  111  129  138  154  160  168  175  183  190  198
  204  206  206  203  202  195  189  181  178  174  175  178  185  186  186  183
  180  178  178  174  168  163  156  149  152                                   
    35.0-180.0 180.0   5.0 450.0                            LAT/LON1/LON2/DLON/H
  153  144  136  129  124  123  123  123  118  116  106   99   87   79   71   69
   67   67   66   66   69   73   78   77   77   72   68   63   59   57   54   55
   54   60   65   76   88  102  113  127  140  153  159  168  176  185  195  207
  214  219  220  220  221  218  215  210  207  201  200  200  202  201  199  196
  193  193  193  187  180  175  168  163  153                                   
    32.5-180.0 180.0   5.0 450.0                            LAT/LON1/LON2/DLON/H
  162  149  135  122  113  109  110  110  110  111  106  101   93   86   78   75
   72   71   72   70   74   77   82   82   83   77   74   67   65   60   60   57
   58   60   67   77   89  105  116  134  144  157  162  170  179  191  203  218
  228  235  239  244  251  253  254  251  249  241  236  232  230  224  219  214
  211  210  211  203  196  187  184  178  162                                   
    30.0-180.0 180.0   5.0 450.0                            LAT/LON1/LON2/DLON/H
  183  167  145  128  110  103   99  102  103  108  107  105   98   92   83   80
   77   77   76   77   79   83   87   85   85   78   76   71   70   66   64   62
   59   61   64   75   87  104  115  132  143  155  161  170  180  198  212  230
  240  250  260  270  286  297  304  305  304  295  285  275  264  254  242  236
  229  230  231  223  214  211  206  206  183                                   
    27.5-180.0 180.0   5.0 450.0                            LAT/LON1/LON2/DLON/H
  218  199  174  148  125  108  100   97   98  103  103  104   99   95   87   84
   82   81   83   83   88   90   97   95   96   88   86   80   79   72   71   63
   62   58   63   73   88  105  117  135  144  159  163  174  184  204  222  241
  254  265  279  297  320  341  357  364  363  351  335  320  304  291  273  264
  255  257  257  251  241  239  235  232  218                                   
    25.0-180.0 180.0   5.0 450.0                            LAT/LON1/LON2/DLON/H
  258  238  214  183  155  132  113  106  101  106  106  109  104  101   92   91
   88   89   90   91   95   98  101   98   97   91   88   83   81   76   72   65
   60   57   61   70   86  103  115  133  143  157  163  173  185  208  230  252
  267  280  297  320  350  378  397  408  405  393  375  354  336  321  304  294
  282  285  285  277  270  273  271  267  258                                   
    22.5-180.0 180.0   5.0 450.0                            LAT/LON1/LON2/DLON/H
  296  281  257  222  192  163  143  124  115  111  109  108  104   99   94   90
   91   90   96   97  106  108  115  111  110  103   98   91   88   79   74   63
   60   55   59   69   84  102  115  134  144  159  166  179  190  217  241  262
  279  293  314  342  376  406  426  438  435  422  402  381  364  349  335  327
  318  320  316  311  300  306  303  298  296                                   
    20.0-180.0 180.0   5.0 450.0                            LAT/LON1/LON2/DLON/H
  329  320  296  268  234  204  177  156  138  129  120  120  112  109  101  101
   99  102  108  109  117  118  121  116  114  108  103   95   90   78   72   61
   57   52   56   66   82   99  112  132  142  157  167  180  196  223  252  273
  291  307  330  360  390  419  436  448  445  432  414  397  384  372  362  355
  350  349  349  335  326  334  336  328  329                                   
    17.5-180.0 180.0   5.0 450.0                            LAT/LON1/LON2/DLON/H
  353  345  326  303  268  240  209  184  163  145  132  123  117  108  104   99
  101  100  109  112  123  126  131  128  122  118  109  100   90   76   67   57
   55   50   55   64   80   97  112  131  146  161  173  190  205  237  261  283
  300  319  342  370  396  419  430  440  435  427  412  404  397  393  387  385
  380  379  373  363  351  364  358  352  353                                   
    15.0-180.0 180.0   5.0 450.0                            LAT/LON1/LON2/DLON/H
  366  359  340  326  295  274  242  216  190  170  151  141  131  124  117  114
  114  113  121  121  133  130  135  129  127  118  111   96   89   73   65   55
   52   46   51   60   76   93  108  130  147  164  179  195  217  243  270  291
  311  332  355  381  400  419  426  429  425  417  410  407  407  407  406  404
  403  400  398  385  374  381  378  371  366                                   
    12.5-180.0 180.0   5.0 450.0                            LAT/LON1/LON2/DLON/H
  373  368  348  331  304  288  261  238  212  190  168  154  143  133  125  118
  114  113  115  120  126  132  131  132  122  119  105   93   80   67   59   51
   49   46   50   58   74   90  109  132  153  171  188  208  227  255  274  296
  315  338  360  381  397  411  414  417  413  411  406  409  412  417  417  420
  418  416  412  401  392  400  391  385  373                                   
    10.0-180.0 180.0   5.0 450.0                            LAT/LON1/LON2/DLON/H
  376  367  346  332  306  293  267  253  227  208  184  169  158  150  141  135
  129  125  128  128  136  132  135  129  125  112  103   86   76   65   61   52
   49   45   48   55   70   87  107  135  155  175  193  211  233  255  278  299
  321  342  364  381  393  404  406  408  408  408  409  413  422  424  427  429
  429  427  423  414  408  409  403  394  376                                   
     7.5-180.0 180.0   5.0 450.0                            LAT/LON1/LON2/DLON/H
  377  369  348  333  307  293  269  258  236  220  197  185  170  165  154  146
  137  131  127  128  128  130  126  125  112  105   91   76   65   55   57   52
