data/unet/pred0260.15i
     1.0            IONOSPHERE MAPS     GNSS                IONEX VERSION / TYPE
pyspatialgeodesy        IME             05-JAN-18 20:20     PGM / RUN BY / DATE 
Map Name                                                    COMMENT             
Predicted global ionosphere maps (GIM).                     DESCRIPTION         
  2015     1    26     0     0     0                        EPOCH OF FIRST MAP  
  2015     1    27     0     0     0                        EPOCH OF LAST MAP   
  7200                                                      INTERVAL            
    13                                                      # OF MAPS IN FILE   
  NONE                                                      MAPPING FUNCTION    
10.0                                                        ELEVATION CUTOFF    
One-way carrier phase leveled to code                       OBSERVABLES USED    
  6371.0                                                    BASE RADIUS         
 2                                                          MAP DIMENSION       
   450.0 450.0   0.0                                        HGT1 / HGT2 / DHGT  
    87.5 -87.5  -2.5                                        LAT1 / LAT2 / DLAT  
  -180.0 180.0   5.0                                        LON1 / LON2 / DLON  
    -1                                                      EXPONENT            
                                                            END OF HEADER       
[from data line 1716]
     5                                                      START OF TEC MAP    
  2015     1    26     8     0     0                        EPOCH OF CURRENT MAP
    87.5-180.0 180.0   5.0 450.0                            LAT/LON1/LON2/DLON/H
   40   56   55   55   54   54   55   56   57   58   59   59   59   59   59   58
   58   57   57   56   56   55   56   55   55   55   56   55   56   55   56   55
   55   54   55   54   53   52   53   52   52   51   52   50   51   50   50   49
   49   48   49   47   48   47   48   47   48   47   48   46   47   45   45   44
   45   44   45   46   49   47   52   49   40                                   
    85.0-180.0 180.0   5.0 450.0                            LAT/LON1/LON2/DLON/H
   51   71   69   74   71   72   73   75   76   77   78   78   77   76   75   74
   73   72   70   69   67   68   67   67   65   66   66   66   65   67   66   67
   65   67   66   67   64   66   64   65   62   64   61   62   60   61   59   60
   57   58   55   56   54   55   53   54   52   53   51   51   51   50   50   49
   50   50   52   52   55   52   59   53   51                                   
    82.5-180.0 180.0   5.0 450.0                            LAT/LON1/LON2/DLON/H
   55   72   63   70   68   71   73   77   77   79   77   78   74   74   70   69
   65   64   60   59   56   57   54   56   54   58   56   59   57   61   58   61
   59   62   59   61   59   62   58   60   57   60   55   58   53   56   51   54
   49   52   47   49   44   47   42   45   40   43   39   41   36   39   35   38
   34   38   36   40   39   41   46   47   55                                   
    80.0-180.0 180.0   5.0 450.0                            LAT/LON1/LON2/DLON/H
   52   61   56   61   64   68   70   74   75   76   75   74   72   68   66   61
   58   52   50   45   44   43   42   41   42   44   45   47   48   50   51   52
   53   54   55   55   56   56   57   56   57   57   57   56   57   56   56   55
   55   54   53   52   51   50   49   47   45   44   42   41   37   36   32   32
   30   31   30   30   32   28   36   43   52                                   
    77.5-180.0 180.0   5.0 450.0                            LAT/LON1/LON2/DLON/H
   40   59   54   56   58   63   66   71   71   73   72   71   68   65   60   55
   49   44   41   38   36   35   36   35   38   39   43   43   47   47   50   49
   51   51   53   53   54   55   56   57   58   59   60   61   62   63   65   66
   67   67   68   68   67   67   66   64   62   60   57   53   49   45   42   38
   35   32   32   29   30   26   31   30   40                                   
    75.0-180.0 180.0   5.0 450.0                            LAT/LON1/LON2/DLON/H
   38   51   46   49   51   54   58   62   63   66   64   64   60   58   52   48
   42   38   34   31   31   30   32   33   35   38   42   43   45   47   48   48
   47   49   50   51   52   54   56   58   59   63   66   68   71   75   79   81
   84   85   89   89   91   90   90   88   86   82   79   73   69   61   57   49
   45   39   36   31   30   25   29   26   38                                   
    72.5-180.0 180.0   5.0 450.0                            LAT/LON1/LON2/DLON/H
   34   53   42   43   44   47   49   54   54   57   55   56   52   51   45   42
   36   33   29   28   27   29   31   33   36   40   44   44   47   46   46   44
   43   44   44   45   46   49   51   55   58   64   68   74   79   86   92   98
  103  107  111  112  115  114  115  112  109  104  100   93   87   78   73   63
   58   48   45   36   33   29   31   25   34                                   
    70.0-180.0 180.0   5.0 450.0                            LAT/LON1/LON2/DLON/H
   33   47   38   40   41   42   48   48   54   52   57   53   55   50   48   43
   40   35   35   32   35   35   40   41   48   49   53   52   53   50   47   43
   41   40   41   42   46   48   55   57   65   70   79   87   96  105  115  122
  129  134  140  141  145  142  143  137  137  128  123  113  107   97   90   79
   74   63   57   47   42   32   36   27   33                                   
    67.5-180.0 180.0   5.0 450.0                            LAT/LON1/LON2/DLON/H
   34   51   40   37   38   38   40   43   44   47   48   49   48   48   45   43
   39   38   36   37   38   42   46   51   55   58   58   57   54   50   44   39
   35   32   33   35   39   45   53   59   68   75   87   95  107  117  129  138
  146  153  159  163  166  167  166  160  156  148  141  130  121  109  101   90
   84   72   67   55   49   39   42   30   34                                   
    65.0-180.0 180.0   5.0 450.0                            LAT/LON1/LON2/DLON/H
   34   48   37   35   36   36   40   40   44   43   48   47   50   48   49   46
   44   43   43   44   46   50   54   59   63   65   65   62   57   51   44   38
   33   30   32   35   41   47   57   66   77   88   98  109  119  131  141  153
  161  169  177  179  185  183  181  174  168  160  151  142  130  120  109   99
   90   80   72   61   54   42   44   33   34                                   
    62.5-180.0 180.0   5.0 450.0                            LAT/LON1/LON2/DLON/H
   37   52   41   36   36   35   37   37   39   39   41   44   44   47   46   47
   44   45   43   46   46   52   55   61   63   65   63   60   53   46   39   32
   28   25   27   32   40   49   61   73   85   96  107  117  128  138  148  160
  168  177  183  188  191  190  184  178  170  163  154  144  135  123  113  100
   91   79   73   60   54   44   46   34   37                                   
    60.0-180.0 180.0   5.0 450.0                            LAT/LON1/LON2/DLON/H
   35   48   38   36   35   36   37   36   37   36   40   41   45   45   47   47
   47   45   44   46   47   51   54   59   60   61   58   55   49   43   36   31
   27   28   31   39   48   58   72   84   97  108  119  129  137  149  157  168
  176  184  190  193  195  190  184  177  171  164  155  148  137  127  113  103
   91   80   71   61   55   43   43   34   35                                   
    57.5-180.0 180.0   5.0 450.0                            LAT/LON1/LON2/DLON/H
   38   52   43   40   40   39   39   37   36   35   35   38   39   43   43   45
   44   42   40   42   42   45   46   50   50   51   48   47   41   38   33   29
   28   29   36   44   56   69   83   96  109  119  129  139  146  156  163  175
  181  190  194  198  196  192  183  178  171  165  158  150  141  127  115  101
   90   76   69   57   52   43   45   33   38                                   
    55.0-180.0 180.0   5.0 450.0                            LAT/LON1/LON2/DLON/H
   37   51   42   41   40   43   39   40   34   34   33   36   38   41   43   44
   44   41   40   39   39   41   43   44   45   44   41   41   36   35   30   31
   31   38   44   56   69   83   99  111  124  133  142  150  158  167  175  184
  193  197  204  204  202  195  188  182  176  171  162  156  146  135  119  106
   91   79   69   59   54   43   44   35   37                                   
    52.5-180.0 180.0   5.0 450.0                            LAT/LON1/LON2/DLON/H
   43   56   49   45   47   47   45   44   38   36   33   36   37   41   41   44
   42   40   37   37   36   38   38   40   39   40   36   36   32   31   30   32
   36   43   53   65   81   97  114  127  139  148  155  164  170  179  185  196
  201  210  213  214  211  205  196  189  183  178  170  162  153  140  126  109
   96   81   73   62   57   49   52   38   43                                   
    50.0-180.0 180.0   5.0 450.0                            LAT/LON1/LON2/DLON/H
   45   59   51   50   51   53   49   49   41   39   36   38   40   43   45   46
   45   42   40   40   40   42   42   43   43   41   38   38   34   34   32   37
   42   52   62   79   95  114  128  142  154  162  172  178  187  194  203  210
  219  223  228  226  223  216  208  201  195  189  181  173  163  151  135  119
  103   91   80   72   68   56   57   45   45                                   
    47.5-180.0 180.0   5.0 450.0                            LAT/LON1/LON2/DLON/H
   55   70   61   57   60   60   57   54   49   46   43   44   45   48   48   48
   47   46   44   45   46   49   49   51   48   48   43   42   37   37   35   40
   46   57   70   88  108  126  142  156  169  179  186  195  200  211  215  225
  230  236  237  235  232  226  218  211  203  196  188  177  168  153  139  122
  109   95   88   80   76   68   69   53   55                                   
    45.0-180.0 180.0   5.0 450.0                            LAT/LON1/LON2/DLON/H
   58   73   63   62   65   66   63   62   56   54   52   54   56   57   58   57
   56   55   55   58   60   65   66   66   64   60   56   51   46   43   41   44
   51   63   78  101  120  140  156  171  185  193  204  210  219  226  233  240
  243  245  244  242  238  232  223  214  206  199  189  179  167  155  138  125
  111  100   93   87   84   75   74   62   58                                   
    42.5-180.0 180.0   5.0 450.0                            LAT/LON1/LON2/DLON/H
   65   82   69   68   71   71   72   70   68   65   65   65   67   68   66   65
   63   63   64   69   73   80   80   81   78   74   67   61   53   48   43   46
   53   66   86  108  130  148  167  182  196  206  215  223  230  238  245  248
  248  248  244  241  238  232  223  213  205  194  184  170  160  144  130  117
  107   96   92   85   83   79   81   68   65                                   
    40.0-180.0 180.0   5.0 450.0                            LAT/LON1/LON2/DLON/H
   63   77   67   67   71   74   75   76   75   76   76   79   81   81   79   77
   74   74   76   84   89   97   99  100   96   88   81   70   63   54   50   50
   58   72   93  118  138  158  175  190  205  215  225  233  242  249  256  257
  254  252  246  244  238  231  219  209  201  188  177  164  151  137  124  113
  104   94   88   83   81   74   76   67   63                                   
    37.5-180.0 180.0   5.0 450.0                            LAT/LON1/LON2/DLON/H
   62   79   70   70   74   75   80   82   83   86   88   90   92   92   90   87
   83   83   86   93  102  110  113  113  108  101   92   80   70   60   54   53
   62   75  100  121  145  162  181  195  211  223  234  243  253  261  266  265
  261  256  251  246  242  233  223  211  203  191  181  166  153  134  123  109
  100   90   83   74   70   65   70   62   62                                   
    35.0-180.0 180.0   5.0 450.0                            LAT/LON1/LON2/DLON/H
   56   73   64   64   69   74   78   82   85   90   92   99  100  102   99   98
   94   94   98  106  114  122  123  122  117  107   99   86   76   64   60   58
   67   81  105  130  153  172  189  205  219  233  245  257  266  274  278  277
  273  269  263  260  253  244  231  223  215  206  197  184  168  149  134  117
  106   93   84   71   67   55   58   51   56                                   
    32.5-180.0 180.0   5.0 450.0                            LAT/LON1/LON2/DLON/H
   52   72   62   64   69   73   78   83   85   92   94  101  104  106  105  102
  100   99  104  111  119  125  126  124  118  109   99   86   77   66   64   60
   72   84  112  132  158  174  195  210  226  242  256  270  282  291  298  297
  296  291  291  285  281  268  258  248  245  238  232  217  204  180  161  137
  122  105   91   75   67   56   57   44   52                                   
    30.0-180.0 180.0   5.0 450.0                            LAT/LON1/LON2/DLON/H
   51   59   58   58   62   68   71   77   79   85   88   96  101  105  106  106
  105  106  110  116  124  127  127  123  117  105   96   84   75   68   64   62
   74   89  117  141  162  181  200  221  238  257  273  286  303  312  322  322
  325  325  328  328  323  313  300  293  289  286  281  271  252  228  206  176
  156  133  122  102   91   67   53   46   51                                   
    27.5-180.0 180.0   5.0 450.0                            LAT/LON1/LON2/DLON/H
   66   66   72   68   70   71   72   75   75   80   83   91   96  101  104  103
  105  106  111  116  122  124  123  117  109   99   89   79   73   65   65   64
   78   96  123  148  170  188  210  229  250  271  289  305  323  338  350  352
  361  362  373  371  374  361  354  343  345  342  341  329  312  282  257  228
  205  179  164  142  112   85   69   59   66                                   
    25.0-180.0 180.0   5.0 450.0                            LAT/LON1/LON2/DLON/H
   84   82   77   73   77   77   73   73   72   73   75   83   88   94   97  101
  103  106  112  115  120  120  117  109  102   91   83   75   69   64   65   67
   81  102  129  156  182  200  219  240  263  286  310  324  346  361  379  385
  396  400  410  415  419  413  406  401  403  403  402  394  378  350  317  287
  267  242  224  193  161  126   94   88   84                                   
    22.5-180.0 180.0   5.0 450.0                            LAT/LON1/LON2/DLON/H
  119  112  104   88   85   83   86   80   77   74   74   78   82   88   91   95
   97  101  106  109  113  112  108  101   94   85   79   69   66   62   64   68
   82  107  135  166  192  212  231  253  276  300  325  345  368  386  408  417
  431  434  450  454  464  458  456  452  462  465  469  460  446  420  392  358
  330  300  285  257  224  189  146  127  119                                   
    20.0-180.0 180.0   5.0 450.0                            LAT/LON1/LON2/DLON/H
  156  153  142  120  102   93   89   88   85   79   76   78   79   83   85   90
   93   98  101  105  105  103  101   95   94   84   77   69   65   62   69   75
   90  110  147  174  203  223  244  264  289  312  344  366  395  411  440  447
  465  469  483  491  498  496  493  498  506  514  520  511  496  470  442  412
  386  353  332  310  284  259  208  181  156                                   
    17.5-180.0 180.0   5.0 450.0                            LAT/LON1/LON2/DLON/H
  207  198  194  166  145  121  113  102  104   93   90   86   86   83   86   86
   90   93   96   99  100   97   98   92   92   83   77   68   64   62   65   73
   81  113  149  185  210  233  254  276  302  330  359  384  412  433  461  472
  490  495  512  516  523  521  520  521  533  539  541  533  520  497  470  443
  418  388  363  338  324  310  267  235  207                                   
    15.0-180.0 180.0   5.0 450.0                            LAT/LON1/LON2/DLON/H
  247  248  241  218  189  167  145  133  127  115  110  101  100   91   92   88
   93   92   94   95   96   95   96   94   92   87   80   72   68   64   70   77
   96  119  156  185  215  236  260  287  316  345  377  401  428  453  481  490
  506  511  523  526  528  527  524  526  534  541  540  534  524  502  481  458
  437  410  390  355  341  329  304  280  247                                   
    12.5-180.0 180.0   5.0 450.0                            LAT/LON1/LON2/DLON/H
  277  280  279  255  233  204  191  173  162  149  140  130  123  111  107   99
  102   95   98   94   96   94   97   94   95   91   85   78   73   69   74   82
   98  127  157  193  218  242  268  297  324  356  380  406  430  455  477  489
  502  507  515  517  517  515  511  509  516  516  526  520  512  499  480  466
  447  428  406  376  353  338  329  308  277                                   
    10.0-180.0 180.0   5.0 450.0                            LAT/LON1/LON2/DLON/H
  285  294  293  274  254  233  214  204  195  188  177  164  154  137  128  117
  115  105  105   98   98   95   96   98  100   98   92   87   82   75   81   83
  102  128  162  197  222  251  275  305  332  359  387  407  428  454  470  481
  490  493  495  498  495  497  494  495  497  498  502  501  499  490  477  466
  451  433  412  384  363  344  336  315  285                                   
     7.5-180.0 180.0   5.0 450.0                            LAT/LON1/LON2/DLON/H
  291  294  297  284  268  249  236  225  222  214  206  195  182  169  156  145
  136  126  118  106  106  100  100  104  108  105  101   96   91   85   87   90
