data/unet/pred1960.15i
     1.0            IONOSPHERE MAPS     GNSS                IONEX VERSION / TYPE
pyspatialgeodesy        IME             05-JAN-18 20:20     PGM / RUN BY / DATE 
Map Name                                                    COMMENT             
Predicted global ionosphere maps (GIM).                     DESCRIPTION         
  2015     7    15     0     0     0                        EPOCH OF FIRST MAP  
  2015     7    16     0     0     0                        EPOCH OF LAST MAP   
  7200                                                      INTERVAL            
    13                                                      # OF MAPS IN FILE   
  NONE                                                      MAPPING FUNCTION    
10.0                                                        ELEVATION CUTOFF    
One-way carrier phase leveled to code                       OBSERVABLES USED    
  6371.0                                                    BASE RADIUS         
 2                                                          MAP DIMENSION       
   450.0 450.0   0.0                                        HGT1 / HGT2 / DHGT  
    87.5 -87.5  -2.5                                        LAT1 / LAT2 / DLAT  
  -180.0 180.0   5.0                                        LON1 / LON2 / DLON  
    -1                                                      EXPONENT            
                                                            END OF HEADER       
[from data line 4719]
    12                                                      START OF TEC MAP    
  2015     7    15    22     0     0                        EPOCH OF CURRENT MAP
    87.5-180.0 180.0   5.0 450.0                            LAT/LON1/LON2/DLON/H
  192  153  141  143  142  141  141  140  140  139  139  138  139  138  138  137
  137  136  136  135  135  133  133  132  132  130  130  128  129  127  127  126
  125  125  124  124  123  123  122  123  123  123  123  124  124  125  126  127
  128  128  129  130  131  132  133  134  135  136  136  137  138  139  139  140
  140  141  142  142  142  143  147  172  192                                   
    85.0-180.0 180.0   5.0 450.0                            LAT/LON1/LON2/DLON/H
  150  147  146  149  147  147  147  147  146  147  146  147  146  146  145  145
  143  143  142  142  139  139  137  136  134  133  130  129  127  126  124  123
  122  121  120  119  119  118  118  118  118  118  119  119  120  121  122  123
  124  126  126  128  129  131  132  134  134  136  137  139  139  141  141  142
  143  144  145  146  147  147  148  164  150                                   
    82.5-180.0 180.0   5.0 450.0                            LAT/LON1/LON2/DLON/H
  150  150  150  152  150  151  151  152  152  152  152  153  152  153  152  152
  150  150  148  148  146  144  143  141  139  136  135  131  130  127  126  123
  123  120  121  119  120  118  119  118  120  118  120  120  122  122  124  124
  126  127  129  130  132  133  134  136  137  139  139  141  141  143  143  145
  145  147  147  149  148  148  149  162  150                                   
    80.0-180.0 180.0   5.0 450.0                            LAT/LON1/LON2/DLON/H
  154  153  150  151  150  150  151  151  152  153  153  154  154  154  154  153
  153  152  151  150  149  148  146  144  141  139  136  133  130  127  125  122
  121  118  118  116  117  116  116  116  117  116  118  118  120  120  122  123
  125  126  128  129  131  133  134  135  137  139  140  142  142  143  143  145
  145  147  147  148  149  147  147  155  154                                   
    77.5-180.0 180.0   5.0 450.0                            LAT/LON1/LON2/DLON/H
  152  153  150  150  150  148  151  150  153  152  155  154  156  155  156  154
  155  153  154  152  153  150  150  147  146  142  140  135  134  129  128  123
  123  119  120  118  119  117  119  118  119  118  120  119  121  121  123  123
  125  126  129  129  132  132  135  135  138  138  141  140  142  141  143  143
  145  144  147  146  148  144  143  151  152                                   
    75.0-180.0 180.0   5.0 450.0                            LAT/LON1/LON2/DLON/H
  149  150  147  150  148  150  150  152  152  154  154  156  157  158  157  158
  157  157  156  157  155  155  152  152  149  147  143  141  137  134  130  128
  125  124  122  123  122  123  121  123  121  122  121  123  121  122  123  124
  124  126  127  129  130  132  133  135  136  138  138  139  139  140  139  141
  141  143  143  144  145  142  142  152  149                                   
    72.5-180.0 180.0   5.0 450.0                            LAT/LON1/LON2/DLON/H
  147  150  147  149  149  148  151  150  154  154  157  158  160  159  161  159
  161  158  159  156  158  155  156  152  152  148  147  142  141  136  134  131
  130  127  128  126  127  125  126  125  125  123  124  122  123  121  123  121
  123  123  126  126  129  129  132  133  135  136  138  137  138  138  139  138
  140  140  143  143  145  142  141  153  147                                   
    70.0-180.0 180.0   5.0 450.0                            LAT/LON1/LON2/DLON/H
  147  150  148  150  149  150  151  154  155  159  160  164  165  166  165  165
  164  163  161  160  159  158  156  155  153  151  147  145  141  139  135  134
  132  131  130  131  130  130  128  128  126  125  123  122  120  120  120  121
  120  122  123  125  126  130  131  134  135  137  137  139  139  139  140  141
  141  143  144  145  147  144  143  155  147                                   
    67.5-180.0 180.0   5.0 450.0                            LAT/LON1/LON2/DLON/H
  148  152  149  151  151  150  153  154  159  160  166  167  171  170  171  168
  168  163  164  160  161  157  158  154  155  150  149  144  144  138  138  134
  135  132  133  132  133  130  130  127  126  122  121  118  118  116  117  115
  116  116  119  120  123  125  129  132  135  137  140  140  141  142  143  144
  145  146  149  149  151  148  145  158  148                                   
    65.0-180.0 180.0   5.0 450.0                            LAT/LON1/LON2/DLON/H
  150  154  153  154  153  154  155  159  161  166  169  174  176  177  176  174
  172  168  165  164  162  161  159  158  156  154  150  148  144  142  139  138
  136  136  135  134  134  132  130  128  124  120  117  114  113  111  111  110
  110  111  112  115  117  121  125  131  134  138  141  143  144  145  147  148
  150  152  154  154  156  152  151  163  150                                   
    62.5-180.0 180.0   5.0 450.0                            LAT/LON1/LON2/DLON/H
  154  157  155  156  156  155  159  159  165  167  173  176  181  180  180  176
  175  170  169  164  165  161  162  158  159  153  152  147  147  143  143  139
  140  136  137  134  135  131  130  124  121  115  112  108  106  104  104  102
  103  102  105  106  110  114  120  125  132  138  143  145  147  148  151  152
  155  156  159  159  160  157  153  167  154                                   
    60.0-180.0 180.0   5.0 450.0                            LAT/LON1/LON2/DLON/H
  157  160  160  160  159  160  161  164  166  171  174  180  182  183  181  181
  178  174  171  170  169  167  166  165  162  159  155  154  151  150  147  146
  144  142  140  138  136  134  130  126  121  115  110  106  104  102  101  100
   99   99   98  100  102  107  113  122  128  136  142  146  149  151  154  156
  160  161  164  163  165  160  158  171  157                                   
    57.5-180.0 180.0   5.0 450.0                            LAT/LON1/LON2/DLON/H
  160  164  163  163  163  163  165  165  168  170  175  178  182  182  183  180
  180  175  174  171  172  170  170  167  167  161  161  156  158  154  156  151
  152  146  146  140  140  135  134  127  122  115  111  106  104  101  101   98
   97   94   94   94   96  100  107  115  124  133  141  146  150  153  158  160
  164  166  169  168  168  164  158  173  160                                   
    55.0-180.0 180.0   5.0 450.0                            LAT/LON1/LON2/DLON/H
  163  168  168  169  168  170  170  171  171  172  173  178  179  181  180  180
  178  176  174  175  174  175  174  173  172  169  167  166  166  166  164  162
  159  154  151  147  144  141  137  132  127  121  117  112  109  106  104  101
   97   95   91   91   91   96  101  111  119  130  138  145  151  155  160  164
  169  171  174  172  173  167  163  178  163                                   
    52.5-180.0 180.0   5.0 450.0                            LAT/LON1/LON2/DLON/H
  169  174  173  175  175  176  177  176  175  174  175  175  178  178  179  177
  177  174  175  174  177  177  178  175  176  172  174  171  175  173  175  169
  168  160  157  150  149  144  143  138  134  128  125  119  116  111  109  104
  100   95   91   88   87   91   97  106  115  126  136  144  151  158  164  169
  175  179  181  179  178  172  166  185  169                                   
    50.0-180.0 180.0   5.0 450.0                            LAT/LON1/LON2/DLON/H
  174  180  181  184  184  187  187  187  184  182  179  180  178  179  177  178
  175  176  174  178  179  182  181  182  181  181  180  182  184  184  183  179
  174  167  161  156  153  150  148  146  142  139  134  130  126  121  116  112
  105  101   94   91   88   91   95  105  113  124  134  144  153  161  169  175
  183  187  192  188  188  177  176  193  174                                   
    47.5-180.0 180.0   5.0 450.0                            LAT/LON1/LON2/DLON/H
  182  186  188  193  194  197  198  197  195  192  187  184  183  181  180  178
  178  176  177  178  183  184  187  185  187  184  187  186  192  191  191  184
  180  170  165  157  155  153  153  152  150  148  144  139  135  129  125  118
  112  105   99   94   92   92   97  104  113  124  135  145  157  166  175  185
  193  199  203  202  199  188  182  204  182                                   
    45.0-180.0 180.0   5.0 450.0                            LAT/LON1/LON2/DLON/H
  189  191  195  202  203  209  209  212  209  207  201  198  193  191  187  186
  182  182  181  185  187  191  190  192  191  192  193  195  197  198  195  190
  183  174  167  162  160  159  160  160  159  157  153  150  145  139  133  128
  120  115  108  104   98  100  100  108  115  126  138  150  162  174  185  195
  205  212  218  214  213  199  198  216  189                                   
    42.5-180.0 180.0   5.0 450.0                            LAT/LON1/LON2/DLON/H
  199  198  201  208  212  217  221  224  223  221  217  212  208  203  199  195
  191  188  188  190  194  196  199  198  200  198  202  201  204  202  200  193
  186  178  173  169  168  168  169  170  170  169  165  162  156  150  144  138
  132  125  119  113  109  107  109  113  121  131  144  156  171  184  196  207
  217  225  230  227  225  215  209  229  199                                   
    40.0-180.0 180.0   5.0 450.0                            LAT/LON1/LON2/DLON/H
  208  205  208  216  219  227  230  239  237  241  236  234  228  223  216  212
  205  202  199  202  203  208  208  210  209  210  210  211  209  208  202  196
  188  184  180  179  179  180  181  181  181  179  177  173  167  161  156  151
  145  139  132  126  119  117  116  120  126  136  149  163  179  195  207  220
  229  237  241  237  237  225  226  241  208                                   
    37.5-180.0 180.0   5.0 450.0                            LAT/LON1/LON2/DLON/H
  219  213  216  224  228  235  241  249  252  256  255  255  250  244  236  228
  220  213  211  211  215  217  220  221  223  222  221  219  215  211  206  200
  196  194  194  194  195  197  198  197  196  194  191  187  181  175  170  164
  158  152  146  139  132  127  126  126  132  140  154  169  188  204  217  228
  239  247  249  246  245  238  236  252  219                                   
    35.0-180.0 180.0   5.0 450.0                            LAT/LON1/LON2/DLON/H
  229  226  227  236  239  247  252  263  265  273  271  275  271  267  258  250
  238  231  225  227  227  231  232  236  235  235  231  230  222  218  210  208
  205  207  211  215  216  218  216  214  212  209  207  201  197  190  184  176
  170  162  155  147  140  134  130  130  134  142  156  172  192  209  222  235
  245  253  255  253  255  246  249  261  229                                   
    32.5-180.0 180.0   5.0 450.0                            LAT/LON1/LON2/DLON/H
  241  236  238  246  251  258  266  275  281  287  290  294  294  289  281  270
  258  248  241  238  241  243  247  250  251  251  246  242  234  227  220  218
  220  225  233  239  241  240  237  232  230  227  224  219  214  207  198  189
  181  171  163  152  145  137  133  131  134  140  154  171  192  210  225  236
  247  255  260  260  263  258  258  272  241                                   
    30.0-180.0 180.0   5.0 450.0                            LAT/LON1/LON2/DLON/H
  252  250  249  260  263  272  277  289  293  303  303  312  311  310  301  292
  277  266  258  255  255  256  258  263  263  264  257  254  242  237  231  231
  233  240  248  253  254  253  247  242  237  235  233  230  226  216  207  196
  186  174  165  153  145  137  133  130  131  135  147  163  185  204  220  232
  243  252  260  264  269  265  268  280  252                                   
    27.5-180.0 180.0   5.0 450.0                            LAT/LON1/LON2/DLON/H
  266  263  267  276  282  288  295  303  309  316  321  327  331  330  324  313
  301  286  277  270  270  268  270  274  275  275  271  265  256  248  242  239
  242  245  253  254  256  252  247  240  237  235  236  233  229  218  208  195
  185  171  160  148  141  133  130  126  126  129  140  154  176  196  215  228
  241  250  261  268  275  275  276  289  266                                   
    25.0-180.0 180.0   5.0 450.0                            LAT/LON1/LON2/DLON/H
  279  282  285  298  303  311  313  324  326  336  336  345  346  350  344  338
  324  312  300  292  288  283  281  284  284  284  278  274  264  257  246  239
  237  235  239  239  239  235  230  224  222  222  225  222  219  208  199  185
  173  159  149  139  135  129  126  121  120  122  131  144  166  188  208  223
  236  248  260  271  283  284  287  298  279                                   
    22.5-180.0 180.0   5.0 450.0                            LAT/LON1/LON2/DLON/H
  294  297  305  319  327  334  336  342  348  354  357  364  368  371  367  361
  351  337  325  313  308  296  293  291  291  288  283  279  269  258  243  231
  223  216  215  212  208  202  196  193  193  198  201  200  196  185  174  161
  149  138  129  122  120  118  118  113  111  112  120  133  154  177  200  217
  234  246  261  275  290  292  296  307  294                                   
    20.0-180.0 180.0   5.0 450.0                            LAT/LON1/LON2/DLON/H
  305  313  320  337  345  354  355  363  367  377  378  388  388  394  390  389
  378  367  351  339  326  312  302  298  295  293  287  283  269  253  233  213
  200  185  183  173  171  160  158  155  161  167  174  174  171  160  150  138
  130  119  114  108  110  109  111  105  103  102  110  121  141  167  193  214
  231  248  263  279  296  301  306  317  305                                   
    17.5-180.0 180.0   5.0 450.0                            LAT/LON1/LON2/DLON/H
  314  321  331  349  358  367  369  376  383  393  398  407  412  417  417  418
  410  397  380  361  344  324  313  304  300  296  291  284  268  247  224  199
  182  164  158  147  139  130  125  126  131  140  146  147  141  131  122  113
  106   99   96   94   97  100  102   97   95   93   99  111  132  158  187  212
  234  250  268  283  301  307  313  323  314                                   
    15.0-180.0 180.0   5.0 450.0                            LAT/LON1/LON2/DLON/H
  320  329  339  355  364  374  377  386  395  410  415  427  431  440  440  446
  438  427  406  388  363  340  323  313  304  298  289  279  262  239  214  186
  168  146  141  126  120  109  108  108  115  121  125  123  117  107  101   94
   90   85   85   86   92   95   97   92   88   86   92  104  123  152  183  213
  236  256  271  287  303  311  321  332  320                                   
    12.5-180.0 180.0   5.0 450.0                            LAT/LON1/LON2/DLON/H
  325  335  344  360  367  375  377  387  398  413  422  434  442  453  456  463
  459  451  431  409  381  353  334  320  308  299  288  275  258  234  210  183
  164  145  137  123  113  105  103  105  108  114  114  111  103   95   89   83
   79   76   77   79   85   88   88   83   78   76   80   94  116  146  180  213
  238  259  276  289  305  315  324  338  325                                   
    10.0-180.0 180.0   5.0 450.0                            LAT/LON1/LON2/DLON/H
  331  341  350  362  367  373  375  383  394  410  418  432  439  451  455  465
  464  460  441  421  388  361  337  320  306  295  281  266  250  226  206  178
  167  148  146  134  128  122  120  120  120  120  117  113  106   98   92   87
   81   79   79   80   85   86   84   76   72   69   74   88  110  141  179  213
  241  262  278  292  305  320  332  347  331                                   
     7.5-180.0 180.0   5.0 450.0                            LAT/LON1/LON2/DLON/H
  342  354  361  371  372  374  373  379  387  403  411  425  431  444  449  460
  461  460  446  426  397  369  344  325  310  296  281  265  246  227  208  190
