data/unet/pred1550.15i
     1.0            IONOSPHERE MAPS     GNSS                IONEX VERSION / TYPE
pyspatialgeodesy        IME             05-JAN-18 20:20     PGM / RUN BY / DATE 
Map Name                                                    COMMENT             
Predicted global ionosphere maps (GIM).                     DESCRIPTION         
  2015     6     4     0     0     0                        EPOCH OF FIRST MAP  
  2015     6     5     0     0     0                        EPOCH OF LAST MAP   
  7200                                                      INTERVAL            
    13                                                      # OF MAPS IN FILE   
  NONE                                                      MAPPING FUNCTION    
10.0                                                        ELEVATION CUTOFF    
One-way carrier phase leveled to code                       OBSERVABLES USED    
  6371.0                                                    BASE RADIUS         
 2                                                          MAP DIMENSION       
   450.0 450.0   0.0                                        HGT1 / HGT2 / DHGT  
    87.5 -87.5  -2.5                                        LAT1 / LAT2 / DLAT  
  -180.0 180.0   5.0                                        LON1 / LON2 / DLON  
    -1                                                      EXPONENT            
                                                            END OF HEADER       
[from data line 2145]
     6                                                      START OF TEC MAP    
  2015     6     4    10     0     0                        EPOCH OF CURRENT MAP
    87.5-180.0 180.0   5.0 450.0                            LAT/LON1/LON2/DLON/H
  150  176  178  183  183  184  183  185  183  186  186  187  186  188  186  187
  185  187  185  186  185  185  184  184  183  184  183  183  183  183  184  184
  185  186  187  188  188  190  189  191  189  191  189  190  188  188  186  186
  184  183  183  181  180  178  178  177  177  174  174  172  173  171  172  170
  173  171  173  172  171  170  166  142  150                                   
    85.0-180.0 180.0   5.0 450.0                            LAT/LON1/LON2/DLON/H
  173  162  169  178  177  179  180  183  182  185  186  188  188  189  189  190
  189  190  189  190  189  190  189  190  188  189  189  190  190  191  191  193
  193  196  197  199  198  200  200  201  200  200  199  199  197  197  195  194
  192  190  189  187  185  183  182  180  179  176  175  173  173  171  170  169
  169  168  169  168  167  163  172  157  173                                   
    82.5-180.0 180.0   5.0 450.0                            LAT/LON1/LON2/DLON/H
  161  163  163  166  168  170  172  174  176  178  181  181  183  183  185  184
  185  185  186  185  186  185  186  185  186  186  188  187  189  189  192  192
  196  196  201  199  204  201  206  202  205  202  205  201  203  199  200  195
  196  191  192  187  188  182  183  178  179  174  174  169  170  165  166  162
  163  160  161  159  161  160  165  167  161                                   
    80.0-180.0 180.0   5.0 450.0                            LAT/LON1/LON2/DLON/H
  160  159  157  160  164  166  169  172  173  176  176  179  177  180  178  180
  177  180  176  179  176  179  176  179  176  180  178  182  181  186  185  193
  192  199  198  205  203  209  206  210  207  210  207  209  205  207  202  203
  198  199  194  195  189  191  184  186  179  180  173  174  168  168  162  162
  158  158  155  155  154  151  158  162  160                                   
    77.5-180.0 180.0   5.0 450.0                            LAT/LON1/LON2/DLON/H
  155  160  159  163  165  170  173  175  176  177  178  178  178  177  176  176
  175  175  174  174  174  174  174  175  175  176  177  179  181  185  189  195
  199  204  208  212  214  217  218  220  220  221  220  220  218  218  215  215
  211  210  208  206  203  202  199  198  195  192  189  186  183  179  176  172
  169  166  164  159  159  153  157  160  155                                   
    75.0-180.0 180.0   5.0 450.0                            LAT/LON1/LON2/DLON/H
  156  159  158  163  162  167  167  171  169  172  169  171  168  169  166  167
  164  166  164  166  164  168  166  168  167  170  169  173  174  181  183  194
  197  208  210  219  219  226  224  229  225  229  225  227  222  224  219  219
  214  215  210  211  206  207  203  204  199  200  195  194  189  186  181  178
  173  172  167  165  161  156  163  165  156                                   
    72.5-180.0 180.0   5.0 450.0                            LAT/LON1/LON2/DLON/H
  157  163  162  164  164  167  166  167  166  166  164  163  160  159  157  157
  156  157  157  159  158  161  160  162  160  162  162  166  168  176  181  192
  198  209  214  223  225  231  231  235  232  235  232  233  228  229  224  223
  217  217  213  212  209  209  207  206  206  204  203  201  199  196  191  188
  183  180  177  172  170  163  167  171  157                                   
    70.0-180.0 180.0   5.0 450.0                            LAT/LON1/LON2/DLON/H
  165  164  162  163  160  160  158  157  156  155  154  152  150  148  147  147
  147  149  150  154  154  157  156  158  156  158  159  163  167  175  181  194
  201  215  220  230  231  239  238  243  239  241  237  237  231  230  225  223
  218  217  212  213  208  210  207  209  207  208  207  208  206  205  201  198
  194  192  188  185  182  174  179  178  165                                   
    67.5-180.0 180.0   5.0 450.0                            LAT/LON1/LON2/DLON/H
  170  172  167  163  157  154  150  147  144  143  140  139  136  136  135  135
  136  139  142  146  148  151  151  154  153  155  156  161  166  174  182  195
  204  217  223  232  236  241  242  244  242  242  238  238  232  231  225  223
  217  215  211  210  206  206  205  206  207  207  210  210  212  211  210  207
  205  202  199  195  194  186  187  188  170                                   
    65.0-180.0 180.0   5.0 450.0                            LAT/LON1/LON2/DLON/H
  182  178  170  165  154  148  142  138  134  133  130  129  127  127  127  128
  129  134  137  143  146  151  152  155  155  158  159  165  170  180  187  202
  209  223  228  238  239  246  245  248  245  245  241  239  235  232  227  224
  218  216  210  211  205  209  205  210  206  212  209  215  213  217  214  215
  211  213  208  208  205  199  201  199  182                                   
    62.5-180.0 180.0   5.0 450.0                            LAT/LON1/LON2/DLON/H
  191  188  178  168  156  146  137  129  123  120  117  117  115  116  115  118
  121  125  130  137  141  148  149  154  153  158  161  167  173  183  193  205
  214  224  230  237  240  244  245  246  246  245  243  243  239  238  232  230
  222  220  213  213  208  210  207  210  210  213  215  217  219  220  219  219
  218  219  216  217  216  210  210  210  191                                   
    60.0-180.0 180.0   5.0 450.0                            LAT/LON1/LON2/DLON/H
  202  193  182  172  157  144  133  125  118  113  110  109  108  107  109  111
  116  120  126  134  139  146  148  154  155  161  165  173  179  190  199  212
  218  228  233  239  242  245  246  246  246  245  246  245  245  243  240  236
  230  227  220  220  214  218  213  218  214  220  216  222  219  223  219  222
  219  223  219  224  223  219  219  221  202                                   
    57.5-180.0 180.0   5.0 450.0                            LAT/LON1/LON2/DLON/H
  209  203  189  178  162  146  130  118  109  103   99   97   96   96   96   99
  102  109  114  123  129  137  140  148  151  158  165  173  182  193  203  213
  220  227  232  236  241  242  245  244  246  247  248  250  249  251  247  246
  239  236  229  228  221  224  219  223  220  223  222  224  224  223  221  221
  220  223  222  226  228  225  222  225  209                                   
    55.0-180.0 180.0   5.0 450.0                            LAT/LON1/LON2/DLON/H
  215  205  194  184  167  151  133  120  109  102   96   94   91   90   90   93
   97  103  110  118  124  133  137  147  152  161  169  179  188  199  207  217
  221  229  233  238  242  243  247  247  250  250  254  256  258  259  257  256
  251  247  242  239  233  235  229  233  228  230  226  228  225  225  220  223
  219  225  222  230  229  229  229  235  215                                   
    52.5-180.0 180.0   5.0 450.0                            LAT/LON1/LON2/DLON/H
  217  212  201  192  176  158  138  122  109  101   94   91   87   85   83   83
   86   91   97  106  113  125  132  144  151  162  170  182  191  202  209  218
  222  228  234  237  244  245  252  251  256  257  260  263  265  267  265  265
  260  259  251  250  243  245  239  242  237  238  235  234  231  229  224  226
  222  228  225  231  232  231  229  232  217                                   
    50.0-180.0 180.0   5.0 450.0                            LAT/LON1/LON2/DLON/H
  219  208  202  194  182  166  148  132  119  108  101   95   90   85   82   81
   84   89   96  105  113  124  134  148  158  170  179  191  197  207  211  219
  223  230  235  241  248  250  258  259  263  265  269  272  273  276  275  275
  271  268  262  257  253  249  247  245  242  240  237  236  233  232  227  230
  227  230  228  232  231  229  230  235  219                                   
    47.5-180.0 180.0   5.0 450.0                            LAT/LON1/LON2/DLON/H
  214  209  201  197  186  172  155  139  125  115  105  100   94   87   82   79
   81   85   90   98  107  122  135  151  162  176  183  195  199  208  209  218
  221  230  238  243  254  257  268  267  273  276  279  282  281  284  281  283
  277  276  267  264  256  255  249  248  244  243  242  239  239  236  235  236
  234  237  233  236  232  229  226  226  214                                   
    45.0-180.0 180.0   5.0 450.0                            LAT/LON1/LON2/DLON/H
  210  198  193  191  185  176  164  151  139  128  120  112  103   94   87   84
   85   89   96  104  114  128  143  161  175  189  195  207  206  214  213  220
  224  234  243  252  264  269  280  282  288  289  293  293  295  295  295  293
  290  284  277  270  262  256  252  246  244  242  241  241  242  244  244  249
  246  249  243  242  235  227  226  224  210                                   
    42.5-180.0 180.0   5.0 450.0                            LAT/LON1/LON2/DLON/H
  203  194  185  183  180  174  165  156  146  138  128  121  111  102   94   90
   89   93   98  106  115  130  147  167  183  196  201  211  210  216  212  222
  225  239  249  261  274  282  296  299  307  307  309  310  309  309  305  305
  299  295  285  278  267  262  253  251  245  246  245  245  250  250  257  259
  263  260  256  250  241  229  225  219  203                                   
    40.0-180.0 180.0   5.0 450.0                            LAT/LON1/LON2/DLON/H
  200  182  175  173  173  169  165  160  155  150  143  135  127  116  106  101
  100  103  107  115  124  139  157  178  195  208  212  221  218  223  220  227
  235  246  259  271  288  297  312  320  329  332  334  331  330  328  326  324
  322  315  306  296  286  277  269  262  259  256  256  256  259  264  270  278
  277  279  267  260  246  229  227  218  200                                   
    37.5-180.0 180.0   5.0 450.0                            LAT/LON1/LON2/DLON/H
  198  182  169  165  164  160  159  156  155  154  150  145  135  126  115  110
  106  109  111  117  125  141  160  181  200  212  219  223  223  226  225  235
  243  258  270  284  298  311  326  339  350  355  357  355  353  351  347  346
  342  338  328  319  308  298  288  283  277  276  274  274  277  279  289  289
  294  285  279  265  252  234  228  217  198                                   
    35.0-180.0 180.0   5.0 450.0                            LAT/LON1/LON2/DLON/H
  203  179  167  159  158  156  154  155  156  160  160  158  151  141  130  124
  119  118  118  123  130  145  165  188  206  220  225  231  228  236  236  247
  256  269  282  293  311  324  343  355  371  377  382  381  380  378  378  378
  378  377  370  361  348  336  324  317  310  308  304  301  300  301  303  306
  304  298  285  272  256  236  232  223  203                                   
    32.5-180.0 180.0   5.0 450.0                            LAT/LON1/LON2/DLON/H
  211  188  173  164  158  152  151  150  153  158  161  162  155  148  135  129
  122  121  119  121  128  142  162  186  206  222  229  236  238  246  251  263
  271  285  293  308  321  339  355  374  386  399  401  407  404  406  407  412
  415  418  416  408  396  383  368  362  353  350  341  334  327  324  322  318
  315  302  291  275  262  243  237  226  211                                   
    30.0-180.0 180.0   5.0 450.0                            LAT/LON1/LON2/DLON/H
  218  191  180  171  162  156  151  152  155  162  166  168  164  155  147  136
  131  124  122  121  128  141  160  186  205  221  229  240  241  254  259  274
  283  293  303  312  329  345  367  383  402  413  422  424  428  430  438  446
  457  464  467  464  454  442  427  418  406  397  383  373  360  351  339  333
  322  310  294  280  265  246  242  237  218                                   
    27.5-180.0 180.0   5.0 450.0                            LAT/LON1/LON2/DLON/H
  221  200  193  183  173  166  160  156  157  161  165  166  161  154  143  136
  128  124  119  118  123  135  153  177  197  217  228  239  244  257  266  281
  289  301  307  321  332  353  371  393  407  424  430  439  443  452  461  476
  489  500  507  505  501  487  472  460  447  436  419  403  385  370  355  343
  330  316  298  283  270  253  247  238  221                                   
    25.0-180.0 180.0   5.0 450.0                            LAT/LON1/LON2/DLON/H
  226  208  202  197  187  181  170  169  165  168  169  169  164  157  148  138
  132  124  121  119  122  133  149  170  189  210  221  234  240  256  265  283
  291  303  312  325  337  356  375  395  412  425  438  445  456  466  482  496
  516  531  544  548  545  532  516  501  490  479  464  442  415  390  369  354
  336  322  302  288  273  257  250  245  226                                   
    22.5-180.0 180.0   5.0 450.0                            LAT/LON1/LON2/DLON/H
  228  219  212  207  199  194  185  181  175  174  169  167  161  154  144  135
  127  123  118  117  118  129  141  159  175  197  210  227  233  249  263  280
  293  306  316  336  345  366  380  401  415  431  439  453  462  476  490  507
  527  546  564  570  569  556  540  523  512  501  487  463  430  401  374  356
  339  323  305  288  275  259  250  240  228                                   
    20.0-180.0 180.0   5.0 450.0                            LAT/LON1/LON2/DLON/H
  227  223  221  217  210  204  199  193  187  181  175  169  162  156  148  139
  132  127  123  121  122  128  138  151  164  185  199  217  226  245  256  279
  291  310  323  346  357  375  389  406  419  430  439  450  462  475  490  510
  527  549  563  576  574  566  553  541  530  518  502  476  445  410  381  359
  342  324  307  290  276  259  247  241  227                                   
    17.5-180.0 180.0   5.0 450.0                            LAT/LON1/LON2/DLON/H
  225  224  222  220  216  213  208  202  193  185  176  169  161  154  148  139
  133  127  122  120  120  125  130  143  152  175  189  209  221  238  255  276
  294  313  332  359  373  390  401  416  426  435  442  451  461  472  486  496
  514  528  545  552  554  548  537  529  519  508  493  468  439  406  379  356
  340  324  307  289  275  259  243  232  225                                   
    15.0-180.0 180.0   5.0 450.0                            LAT/LON1/LON2/DLON/H
  221  220  218  218  216  215  213  208  199  189  179  171  164  160  154  148
  141  135  130  127  125  126  129  134  146  166  183  205  218  238  250  275
  292  320  340  370  384  403  410  425  431  440  443  450  458  468  476  489
  496  513  519  530  527  525  518  512  506  495  484  462  436  405  379  356
  341  325  310  293  278  259  243  234  221                                   
    12.5-180.0 180.0   5.0 450.0                            LAT/LON1/LON2/DLON/H
  215  212  211  210  209  209  209  205  198  188  178  169  164  158  156  148
  145  136  132  126  124  123  120  127  134  159  178  203  217  236  254  276
  300  325  352  381  397  415  424  437  446  450  453  455  462  463  470  472
  481  483  490  494  493  490  484  481  475  468  457  439  417  391  370  350
  335  321  307  290  274  256  238  223  215                                   
    10.0-180.0 180.0   5.0 450.0                            LAT/LON1/LON2/DLON/H
  212  204  203  204  201  203  201  200  191  186  174  170  163  164  160  157
  150  143  136  130  125  119  117  118  131  152  175  201  219  238  255  278
  304  334  358  387  403  420  429  441  449  455  457  458  459  459  461  465
  466  470  470  476  472  470  465  464  460  453  443  424  405  381  363  343
  328  312  301  287  272  253  235  224  212                                   
     7.5-180.0 180.0   5.0 450.0                            LAT/LON1/LON2/DLON/H
  209  198  198  196  194  189  189  184  179  173  165  161  158  157  155  152
  149  140  135  125  121  112  108  112  123  150  174  201  217  237  256  282
