data/unet/pred0640.15i
     1.0            IONOSPHERE MAPS     GNSS                IONEX VERSION / TYPE
pyspatialgeodesy        IME             05-JAN-18 20:20     PGM / RUN BY / DATE 
Map Name                                                    COMMENT             
Predicted global ionosphere maps (GIM).                     DESCRIPTION         
  2015     3     5     0     0     0                        EPOCH OF FIRST MAP  
  2015     3     6     0     0     0                        EPOCH OF LAST MAP   
  7200                                                      INTERVAL            
    13                                                      # OF MAPS IN FILE   
  NONE                                                      MAPPING FUNCTION    
10.0                                                        ELEVATION CUTOFF    
One-way carrier phase leveled to code                       OBSERVABLES USED    
  6371.0                                                    BASE RADIUS         
 2                                                          MAP DIMENSION       
   450.0 450.0   0.0                                        HGT1 / HGT2 / DHGT  
    87.5 -87.5  -2.5                                        LAT1 / LAT2 / DLAT  
  -180.0 180.0   5.0                                        LON1 / LON2 / DLON  
    -1                                                      EXPONENT            
                                                            END OF HEADER       
[from data line 2574]
     7                                                      START OF TEC MAP    
  2015     3     5    12     0     0                        EPOCH OF CURRENT MAP
    87.5-180.0 180.0   5.0 450.0                            LAT/LON1/LON2/DLON/H
  155  160  164  164  166  165  166  166  168  167  169  168  169  168  169  169
  169  169  170  169  170  168  169  166  167  164  165  162  163  161  161  159
  160  157  157  155  155  152  152  150  151  149  149  148  148  146  146  145
  145  145  146  145  146  146  147  148  148  149  149  150  150  150  151  150
  152  152  154  153  154  154  164  144  155                                   
    85.0-180.0 180.0   5.0 450.0                            LAT/LON1/LON2/DLON/H
  145  144  146  151  150  152  153  156  157  160  162  163  164  166  165  167
  166  168  166  168  166  168  165  167  165  167  165  167  165  166  164  164
  162  161  160  157  156  152  151  147  146  143  141  138  136  135  132  131
  128  129  127  129  128  130  130  132  131  134  132  135  134  136  135  136
  137  137  139  139  139  139  147  151  145                                   
    82.5-180.0 180.0   5.0 450.0                            LAT/LON1/LON2/DLON/H
  129  128  128  132  135  135  140  139  144  143  148  144  150  145  151  145
  151  145  152  147  153  149  155  152  158  157  161  162  164  165  166  167
  166  166  165  163  160  157  152  149  143  139  132  129  123  120  116  111
  110  107  109  106  112  108  117  113  122  117  125  120  128  121  130  123
  130  123  130  124  128  121  126  130  129                                   
    80.0-180.0 180.0   5.0 450.0                            LAT/LON1/LON2/DLON/H
  113  113  109  114  115  117  120  121  124  125  127  126  128  126  127  125
  125  125  125  127  128  132  134  139  142  147  151  154  158  161  166  167
  170  170  172  169  168  164  159  154  149  143  138  133  128  123  119  114
  112  110  111  110  113  114  118  120  124  125  128  130  132  132  132  131
  131  128  126  123  117  112  110  117  113                                   
    77.5-180.0 180.0   5.0 450.0                            LAT/LON1/LON2/DLON/H
  104   98   93   99   97  100  101  103  105  105  107  104  104  101  102  101
   99  100   98  101  100  107  111  119  123  134  139  149  153  162  165  171
  175  179  181  182  180  177  172  167  160  153  147  142  136  131  124  122
  116  117  115  118  118  121  125  128  133  135  139  139  142  140  141  139
  137  134  127  121  112  105   99  106  104                                   
    75.0-180.0 180.0   5.0 450.0                            LAT/LON1/LON2/DLON/H
   98   90   88   92   91   93   95   95   98   94   96   91   93   88   89   85
   85   83   85   84   89   94   97  111  115  129  135  147  153  162  169  177
  182  190  194  198  197  197  191  188  179  176  167  164  156  152  145  141
  135  134  131  132  130  134  134  139  140  144  144  147  147  147  145  144
  141  137  133  125  114  106   95  101   98                                   
    72.5-180.0 180.0   5.0 450.0                            LAT/LON1/LON2/DLON/H
  101   94   85   90   89   92   93   93   94   91   93   87   88   82   83   79
   79   77   78   80   82   90   94  108  113  129  136  150  157  168  175  184
  191  199  206  209  213  211  211  206  204  197  194  188  187  179  177  170
  167  160  158  152  150  147  148  146  147  147  147  147  149  147  147  144
  141  138  132  125  116  104   98  100  101                                   
    70.0-180.0 180.0   5.0 450.0                            LAT/LON1/LON2/DLON/H
  102   95   88   94   96   98   99   99  100   95   95   88   87   81   79   79
   76   79   79   82   85   94   99  113  121  133  143  154  161  170  180  188
  197  208  215  223  225  230  228  230  226  227  222  222  216  214  208  205
  198  194  188  180  172  165  159  154  148  144  141  141  141  139  139  136
  136  131  130  123  116  107  100  102  102                                   
    67.5-180.0 180.0   5.0 450.0                            LAT/LON1/LON2/DLON/H
  107  100   92   99  100  102  102  104  102   99   96   88   86   79   83   80
   85   85   89   92   97  104  111  123  130  142  148  159  165  176  183  192
  202  211  221  229  236  239  244  244  248  246  248  245  247  241  240  231
  228  219  216  200  191  176  166  155  146  137  130  125  126  122  122  120
  120  120  119  115  110  103  102  105  107                                   
    65.0-180.0 180.0   5.0 450.0                            LAT/LON1/LON2/DLON/H
  104   97   91  100  102  105  105  107  103  100   96   91   86   87   86   91
   89   97   95  105  106  119  123  135  141  150  154  163  169  178  186  194
  203  215  226  238  244  252  255  261  264  269  270  275  272  268  261  253
  247  239  234  219  202  184  168  152  139  125  115  107  105  101  100   97
   99  100  103  101   99   99   97  110  104                                   
    62.5-180.0 180.0   5.0 450.0                            LAT/LON1/LON2/DLON/H
  100   94   88   96   98  102  103  103  102   98   95   90   88   86   90   91
  100  100  109  112  121  128  135  142  148  153  156  162  167  174  183  190
  202  212  227  238  249  256  266  270  280  283  291  290  290  283  276  266
  259  248  241  224  209  183  167  147  133  116  104   92   88   81   78   76
   77   79   85   86   87   88   93  106  100                                   
    60.0-180.0 180.0   5.0 450.0                            LAT/LON1/LON2/DLON/H
   90   80   77   82   87   90   93   91   90   86   84   80   79   82   84   93
   95  105  105  118  121  134  137  148  148  155  153  159  160  169  177  189
  202  216  230  245  253  264  270  283  289  302  301  306  299  297  284  276
  266  256  248  232  215  191  169  149  133  115  103   90   83   77   70   66
   65   67   71   75   76   82   84   96   90                                   
    57.5-180.0 180.0   5.0 450.0                            LAT/LON1/LON2/DLON/H
   85   72   66   72   72   77   79   79   78   75   75   73   73   76   82   86
   95   98  109  112  122  129  138  143  148  149  150  153  156  167  174  188
  202  217  234  246  259  267  280  291  305  312  315  319  315  310  297  287
  274  262  253  237  223  200  183  162  146  129  116  103   93   84   74   66
   61   61   64   66   70   73   76   84   85                                   
    55.0-180.0 180.0   5.0 450.0                            LAT/LON1/LON2/DLON/H
   80   64   58   57   58   60   62   63   62   61   60   59   59   65   68   76
   79   90   93  109  112  129  132  146  143  150  146  155  156  171  180  196
  213  232  248  261  271  282  293  307  317  328  328  334  325  323  307  299
  286  276  265  253  240  224  206  187  171  156  142  132  121  112   99   87
   75   71   68   69   68   74   76   74   80                                   
    52.5-180.0 180.0   5.0 450.0                            LAT/LON1/LON2/DLON/H
   86   68   59   56   53   54   54   54   53   52   52   52   53   57   61   68
   74   79   89   97  108  120  130  140  146  150  153  159  166  181  191  210
  228  248  264  277  289  298  313  323  335  343  345  350  344  340  325  316
  302  292  283  270  261  247  236  219  204  187  172  162  152  143  127  115
   99   90   83   79   79   77   80   78   86                                   
    50.0-180.0 180.0   5.0 450.0                            LAT/LON1/LON2/DLON/H
   96   77   66   60   55   54   52   53   50   50   46   48   45   51   50   61
   62   71   74   94  100  122  128  147  146  159  158  171  177  196  206  230
  251  274  288  304  312  324  334  346  353  361  361  366  358  355  339  332
  318  312  303  293  283  271  257  246  233  216  200  189  181  173  162  148
  130  118  106  101   95   94   94   86   96                                   
    47.5-180.0 180.0   5.0 450.0                            LAT/LON1/LON2/DLON/H
  115   93   81   73   67   63   61   60   56   54   51   50   47   49   49   56
   59   67   76   87  100  118  133  148  159  166  174  185  196  215  229  253
  276  293  311  325  336  344  355  361  370  374  377  379  374  368  355  346
  333  328  320  311  301  286  271  256  243  226  213  202  197  190  182  169
  154  139  127  119  115  111  112  109  115                                   
    45.0-180.0 180.0   5.0 450.0                            LAT/LON1/LON2/DLON/H
  131  114  100   91   86   82   78   77   71   69   60   61   54   56   51   59
   56   67   71   91  100  124  135  156  164  178  185  201  211  233  249  277
  291  317  328  350  356  367  372  381  385  391  390  392  384  379  364  357
  345  341  333  323  310  293  274  257  239  223  210  202  200  196  192  182
  170  156  143  137  130  131  131  126  131                                   
    42.5-180.0 180.0   5.0 450.0                            LAT/LON1/LON2/DLON/H
  143  129  119  110  106  102   98   94   88   84   78   74   68   65   61   64
   65   76   80   98  108  128  140  158  174  188  203  217  230  247  266  284
  303  321  344  356  374  379  392  395  403  402  405  402  395  385  374  364
  355  350  342  330  312  290  266  237  216  198  189  183  184  183  181  174
  167  156  147  138  135  133  140  142  143                                   
    40.0-180.0 180.0   5.0 450.0                            LAT/LON1/LON2/DLON/H
  147  144  131  130  123  120  117  111  107  102   94   93   81   81   70   76
   71   84   87  109  116  136  145  164  178  198  211  231  241  261  271  293
  305  331  351  373  392  407  417  424  425  425  422  418  408  400  384  376
  366  359  348  333  312  288  259  223  199  180  172  165  165  163  162  156
  150  143  134  130  123  131  137  142  147                                   
    37.5-180.0 180.0   5.0 450.0                            LAT/LON1/LON2/DLON/H
  140  138  133  135  132  129  126  120  116  113  108  107   98   96   87   90
   88   98  100  119  123  141  148  167  183  202  220  236  250  262  275  288
  306  334  364  391  418  433  450  453  456  451  448  438  428  417  404  394
  383  374  360  345  323  295  260  222  194  175  166  158  154  148  143  138
  135  127  121  114  111  112  124  134  140                                   
    35.0-180.0 180.0   5.0 450.0                            LAT/LON1/LON2/DLON/H
  131  126  123  127  129  129  126  119  120  116  115  116  109  111  100  104
   99  112  112  130  132  147  155  172  189  209  224  244  251  267  278  297
  316  350  382  418  446  468  486  494  498  495  489  476  464  450  435  424
  409  401  385  371  350  327  293  258  226  206  190  178  170  160  151  142
  134  126  116  111  102  105  112  122  131                                   
    32.5-180.0 180.0   5.0 450.0                            LAT/LON1/LON2/DLON/H
  122  114  112  118  120  122  120  116  116  116  117  120  119  122  116  118
  113  120  120  135  138  153  161  180  196  218  233  251  262  279  295  318
  344  381  419  460  494  517  541  550  558  554  543  526  512  495  481  468
  452  443  430  420  403  386  362  337  310  286  266  244  228  209  198  182
  171  154  141  124  109  101  105  103  122                                   
    30.0-180.0 180.0   5.0 450.0                            LAT/LON1/LON2/DLON/H
  104   89   90   96  106  107  111  105  112  107  114  118  120  126  120  122
  117  127  125  140  143  160  168  188  203  226  239  259  269  287  313  341
  376  414  456  503  543  577  596  613  621  619  607  585  564  546  529  518
  502  496  483  477  465  453  432  415  393  375  352  342  320  302  273  253
  226  211  180  162  129  114  110   94  104                                   
    27.5-180.0 180.0   5.0 450.0                            LAT/LON1/LON2/DLON/H
   90  105   88   93   91   97   99  102  101  103  107  111  119  123  124  124
  120  124  126  141  151  168  180  201  215  237  254  274  290  314  341  376
  419  462  510  559  605  644  674  686  693  695  677  657  631  611  592  580
  568  566  558  558  550  548  543  537  523  500  480  454  430  399  366  334
  297  273  240  211  179  151  136   90   90                                   
    25.0-180.0 180.0   5.0 450.0                            LAT/LON1/LON2/DLON/H
  107  110  106  100   95   94   91   85   91   89   96   97  107  112  119  118
  117  119  128  144  158  179  193  216  228  249  267  291  313  338  378  416
  467  523  571  620  665  705  727  742  749  754  735  717  693  680  667  663
  650  653  649  653  649  651  643  646  633  629  610  599  573  531  484  437
  392  361  318  278  231  203  177  135  107                                   
    22.5-180.0 180.0   5.0 450.0                            LAT/LON1/LON2/DLON/H
  153  142  128  117  107  110   97   99   92   90   88   89   99  105  114  114
  116  119  129  149  170  193  211  230  246  270  289  316  344  368  414  464
  533  584  624  676  715  746  769  782  797  801  788  774  756  750  744  745
  737  741  740  754  753  755  751  744  735  717  706  697  672  635  581  539
  497  467  422  370  313  281  248  197  153                                   
    20.0-180.0 180.0   5.0 450.0                            LAT/LON1/LON2/DLON/H
  224  208  187  160  145  128  125  120  107   96   88   86   91   94  102  105
  112  114  131  155  181  203  223  241  264  290  317  339  368  402  460  533
  585  637  675  721  743  767  780  798  813  824  814  803  792  788  786  787
  784  786  790  800  809  816  810  801  777  764  744  742  721  698  642  598
  546  519  479  447  395  365  333  286  224                                   
    17.5-180.0 180.0   5.0 450.0                            LAT/LON1/LON2/DLON/H
  290  274  238  200  173  150  137  135  127  118   91   85   80   86   91   96
  111  115  138  164  193  220  239  263  286  316  339  360  400  445  519  577
  628  666  701  739  754  771  787  798  817  828  825  819  812  814  815  818
  816  816  819  827  836  843  827  808  780  756  724  710  697  676  646  607
  569  545  514  482  447  437  416  362  290                                   
    15.0-180.0 180.0   5.0 450.0                            LAT/LON1/LON2/DLON/H
  346  325  282  245  209  178  159  148  143  131  113   97   86   86   86   96
  105  125  145  168  203  231  251  276  303  327  353  379  433  492  557  608
  647  682  710  734  745  760  771  785  804  819  822  816  815  820  829  831
  829  822  827  829  836  829  808  782  744  703  654  645  628  620  597  578
  551  541  518  493  470  458  446  403  346                                   
    12.5-180.0 180.0   5.0 450.0                            LAT/LON1/LON2/DLON/H
  378  358  307  271  231  195  178  162  150  138  126  109   90   88   86   96
  107  122  154  178  212  235  256  276  298  332  369  411  471  525  582  629
  665  688  712  728  738  749  761  772  791  809  815  813  815  827  838  840
  833  819  816  812  807  792  772  735  687  626  579  557  540  537  530  530
  517  517  498  493  482  475  457  425  378                                   
    10.0-180.0 180.0   5.0 450.0                            LAT/LON1/LON2/DLON/H
  390  373  324  291  250  215  185  168  156  142  130  121  112  102   99  105
  102  119  140  175  206  229  253  281  312  355  397  452  500  554  596  641
  666  684  703  711  722  736  749  765  786  804  814  813  817  831  841  841
  828  809  800  789  774  751  723  686  612  550  498  473  463  474  476  498
  485  488  460  456  453  457  446  427  390                                   
     7.5-180.0 180.0   5.0 450.0                            LAT/LON1/LON2/DLON/H
  392  376  332  306  268  226  199  176  167  151  140  129  123  119  109  108
  107  115  133  159  185  216  239  277  317  374  426  475  524  568  603  641
