data/unet/pred3040.15i
     1.0            IONOSPHERE MAPS     GNSS                IONEX VERSION / TYPE
pyspatialgeodesy        IME             05-JAN-18 20:20     PGM / RUN BY / DATE 
Map Name                                                    COMMENT             
Predicted global ionosphere maps (GIM).                     DESCRIPTION         
  2015    10    31     0     0     0                        EPOCH OF FIRST MAP  
  2015    11     1     0     0     0                        EPOCH OF LAST MAP   
  7200                                                      INTERVAL            
    13                                                      # OF MAPS IN FILE   
  NONE                                                      MAPPING FUNCTION    
10.0                                                        ELEVATION CUTOFF    
One-way carrier phase leveled to code                       OBSERVABLES USED    
  6371.0                                                    BASE RADIUS         
 2                                                          MAP DIMENSION       
   450.0 450.0   0.0                                        HGT1 / HGT2 / DHGT  
    87.5 -87.5  -2.5                                        LAT1 / LAT2 / DLAT  
  -180.0 180.0   5.0                                        LON1 / LON2 / DLON  
    -1                                                      EXPONENT            
                                                            END OF HEADER       
[from data line 1287]
     4                                                      START OF TEC MAP    
  2015    10    31     6     0     0                        EPOCH OF CURRENT MAP
    87.5-180.0 180.0   5.0 450.0                            LAT/LON1/LON2/DLON/H
   25   68   62   61   59   57   58   57   58   58   59   58   60   60   61   61
   63   62   64   62   64   62   64   61   64   62   64   62   65   63   66   64
   67   66   69   68   72   71   74   74   77   77   79   79   81   81   83   82
   84   84   86   85   88   85   88   85   87   83   85   80   82   76   77   72
   73   69   70   67   70   64   79   36   25                                   
    85.0-180.0 180.0   5.0 450.0                            LAT/LON1/LON2/DLON/H
   63   52   62   61   61   56   59   58   61   60   64   62   67   66   68   68
   69   68   69   68   69   68   68   66   67   65   66   64   66   64   66   65
   67   65   68   67   68   68   70   70   72   72   75   76   78   78   81   82
   85   86   90   91   94   94   97   97   99   98   99   97   97   94   94   91
   90   85   87   79   82   65   77   52   63                                   
    82.5-180.0 180.0   5.0 450.0                            LAT/LON1/LON2/DLON/H
   54   53   61   56   57   50   57   51   59   52   60   55   62   58   64   60
   64   61   64   62   64   62   62   62   62   61   61   61   61   62   62   64
   64   66   65   68   67   69   70   71   73   74   77   78   81   82   86   88
   92   94   98   99  102  103  106  106  107  106  106  104  104  100   98   93
   92   87   85   79   78   66   85   50   54                                   
    80.0-180.0 180.0   5.0 450.0                            LAT/LON1/LON2/DLON/H
   54   54   52   51   42   44   40   44   40   46   42   49   46   53   51   55
   53   55   55   55   54   54   53   52   53   52   54   52   56   54   58   57
   60   58   60   59   60   60   60   63   63   67   68   74   75   82   84   91
   94   99  104  108  112  115  119  121  124  124  125  123  120  117  112  108
  102   98   92   88   78   70   73   48   54                                   
    77.5-180.0 180.0   5.0 450.0                            LAT/LON1/LON2/DLON/H
   56   55   54   50   48   45   46   45   45   46   47   48   49   52   51   55
   52   54   50   51   47   47   43   44   42   44   43   46   46   50   50   54
   53   56   54   57   54   57   54   58   56   62   63   71   74   83   87   98
  103  115  121  130  133  139  140  146  144  146  142  142  138  135  129  124
  115  108  100   95   86   74   79   53   56                                   
    75.0-180.0 180.0   5.0 450.0                            LAT/LON1/LON2/DLON/H
   61   60   55   53   46   45   42   44   40   43   41   46   45   49   49   53
   51   53   49   51   45   46   40   42   38   41   39   43   43   48   49   52
   52   53   53   53   50   50   48   49   50   54   59   65   74   83   95  106
  119  129  141  148  155  159  164  166  169  167  167  162  161  153  151  143
  135  124  115  105   93   83   82   59   61                                   
    72.5-180.0 180.0   5.0 450.0                            LAT/LON1/LON2/DLON/H
   68   66   58   55   50   48   46   45   43   41   40   41   42   45   47   49
   50   51   50   48   46   42   40   36   37   35   38   39   43   45   49   50
   52   50   50   48   44   43   39   42   42   50   56   68   78   94  106  120
  133  147  156  167  172  179  183  187  188  189  187  184  181  174  168  158
  149  138  129  115  103   91   91   70   68                                   
    70.0-180.0 180.0   5.0 450.0                            LAT/LON1/LON2/DLON/H
   77   69   57   55   47   46   42   42   38   38   36   37   38   42   43   48
   49   51   50   51   47   47   42   42   39   40   41   44   46   49   50   53
   51   51   47   44   39   36   34   34   39   45   59   70   90  103  120  133
  148  159  171  182  190  195  201  202  204  202  201  196  196  187  182  169
  161  149  139  126  113  100   99   80   77                                   
    67.5-180.0 180.0   5.0 450.0                            LAT/LON1/LON2/DLON/H
   85   79   65   59   53   49   47   44   42   39   37   36   38   40   44   48
   51   53   54   53   52   49   47   45   44   44   46   47   50   51   54   54
   53   49   46   40   35   32   29   34   39   53   65   86  103  119  134  150
  161  173  184  195  201  207  209  211  211  209  207  203  201  194  188  178
  168  156  147  134  123  109  109   89   85                                   
    65.0-180.0 180.0   5.0 450.0                            LAT/LON1/LON2/DLON/H
   92   81   62   60   50   48   45   44   40   39   35   36   36   39   41   47
   49   55   53   56   52   53   50   50   48   49   49   52   52   53   51   52
   48   46   39   35   29   27   28   34   45   59   79   99  119  134  149  162
  174  186  196  204  212  214  218  213  215  210  208  201  199  192  186  175
  166  154  145  135  123  110  113   95   92                                   
    62.5-180.0 180.0   5.0 450.0                            LAT/LON1/LON2/DLON/H
   97   88   67   59   52   46   45   42   43   38   38   34   37   36   40   44
   48   51   51   53   51   51   51   51   52   50   52   51   53   51   50   48
   45   41   37   33   29   29   30   41   52   73   92  113  131  145  160  170
  181  191  200  207  213  216  214  211  212  206  203  196  195  187  181  169
  160  149  140  132  123  114  117   96   97                                   
    60.0-180.0 180.0   5.0 450.0                            LAT/LON1/LON2/DLON/H
   98   85   62   57   46   43   41   42   40   40   36   36   34   36   37   42
   44   48   47   49   48   50   49   50   52   52   52   50   48   45   43   40
   38   34   31   29   27   30   35   48   63   86  108  126  146  159  173  181
  194  203  211  218  224  224  222  217  218  210  205  197  195  188  180  169
  159  149  140  132  123  112  117  100   98                                   
    57.5-180.0 180.0   5.0 450.0                            LAT/LON1/LON2/DLON/H
  108   93   68   59   49   43   41   39   41   38   38   34   36   33   37   37
   40   41   40   40   40   42   44   47   52   52   53   48   46   42   39   36
   34   32   31   31   31   37   45   60   77  101  120  139  156  171  182  193
  202  212  221  230  235  235  232  226  225  217  212  205  203  195  188  174
  163  152  142  137  129  121  124  103  108                                   
    55.0-180.0 180.0   5.0 450.0                            LAT/LON1/LON2/DLON/H
  116   98   71   67   54   50   45   45   44   44   42   41   38   39   37   41
   40   41   39   40   39   42   46   51   56   57   56   51   46   39   37   32
   32   30   33   35   39   46   56   72   92  114  135  151  174  184  199  207
  217  226  236  246  252  253  252  246  242  234  227  219  218  210  204  192
  176  163  154  145  138  128  130  115  116                                   
    52.5-180.0 180.0   5.0 450.0                            LAT/LON1/LON2/DLON/H
  137  112   90   77   69   59   52   48   46   44   42   40   40   38   39   38
   38   37   35   35   36   38   43   50   58   59   61   53   49   41   37   33
   33   33   36   42   48   58   69   87  105  128  145  165  182  197  208  219
  227  240  250  263  271  275  273  267  259  251  243  237  236  230  224  211
  194  178  166  159  151  142  144  126  137                                   
    50.0-180.0 180.0   5.0 450.0                            LAT/LON1/LON2/DLON/H
  153  128  102   99   87   79   69   63   59   55   53   51   50   49   46   46
   43   43   41   41   43   46   53   60   68   69   69   61   55   45   42   36
   38   39   46   52   61   71   84  100  119  138  157  174  194  207  221  229
  239  250  262  276  285  291  289  284  276  266  258  250  251  245  242  233
  218  200  184  173  164  153  154  141  153                                   
    47.5-180.0 180.0   5.0 450.0                            LAT/LON1/LON2/DLON/H
  168  143  133  119  112   98   87   79   71   66   60   59   56   55   52   52
   48   48   44   46   46   52   59   66   74   75   74   66   60   51   46   43
   44   47   55   67   78   89   99  117  131  152  167  186  203  218  229  240
  247  259  271  285  294  298  297  290  284  274  266  260  260  257  253  247
  234  218  200  187  178  167  167  148  168                                   
    45.0-180.0 180.0   5.0 450.0                            LAT/LON1/LON2/DLON/H
  174  156  144  138  130  118  107   96   87   78   74   70   70   67   65   63
   60   59   58   59   62   67   75   81   87   87   85   76   69   57   54   48
   51   54   65   75   90  100  114  128  144  159  178  194  215  228  240  251
  256  268  279  290  296  299  296  291  286  276  267  260  260  256  253  247
  236  225  206  190  178  168  171  156  174                                   
    42.5-180.0 180.0   5.0 450.0                            LAT/LON1/LON2/DLON/H
  172  157  155  146  144  131  123  111  100   94   86   83   80   80   75   74
   68   69   66   71   73   80   85   92   94   94   89   81   73   65   58   57
   56   63   73   87  100  114  126  143  155  174  189  208  226  241  252  261
  265  273  283  289  293  293  291  286  283  273  264  257  258  254  250  244
  233  224  207  193  180  168  169  154  172                                   
    40.0-180.0 180.0   5.0 450.0                            LAT/LON1/LON2/DLON/H
  156  150  144  143  146  137  131  117  110  100   96   90   94   89   91   85
   85   81   84   86   92   97  103  106  108  104   99   89   81   72   66   62
   63   67   78   90  106  119  137  151  168  185  202  221  237  254  260  271
  272  281  287  293  293  295  291  289  286  278  267  260  259  253  245  239
  228  218  201  186  171  155  162  142  156                                   
    37.5-180.0 180.0   5.0 450.0                            LAT/LON1/LON2/DLON/H
  139  130  125  123  128  122  124  116  111  107  104  104  104  105  101  100
   94   95   92   98  102  108  111  112  110  106   98   90   82   76   70   67
   66   71   81   96  111  130  145  164  180  199  215  235  251  267  273  282
  283  290  295  302  304  306  306  304  303  293  284  276  273  265  256  246
  234  224  206  190  169  153  153  127  139                                   
    35.0-180.0 180.0   5.0 450.0                            LAT/LON1/LON2/DLON/H
  121  111   99  100  106  103  109  104  107  101  107  103  113  109  115  106
  108  104  107  109  115  118  120  119  115  110  100   95   86   81   73   70
   68   71   81   94  113  133  154  172  192  211  230  251  263  279  282  291
  291  299  305  316  320  327  329  333  333  326  315  305  300  288  276  262
  248  238  220  198  175  154  153  119  121                                   
    32.5-180.0 180.0   5.0 450.0                            LAT/LON1/LON2/DLON/H
  118   93   84   78   79   77   83   84   87   93   98  106  112  119  117  118
  111  114  110  116  117  120  119  115  111  105   98   91   85   80   75   71
   69   72   81   96  114  139  158  180  196  220  241  263  276  290  293  304
  304  317  322  337  346  360  366  374  378  375  368  358  350  336  322  306
  289  275  252  230  198  174  161  126  118                                   
    30.0-180.0 180.0   5.0 450.0                            LAT/LON1/LON2/DLON/H
  128   94   76   67   66   61   69   68   78   80   92   97  111  114  122  117
  121  116  119  121  122  123  120  118  111  108   99   96   89   85   77   73
   70   71   80   94  114  138  162  182  201  224  249  271  286  300  307  317
  324  336  348  365  382  400  413  427  436  441  436  428  420  404  389  367
  348  326  302  272  237  206  187  155  128                                   
    27.5-180.0 180.0   5.0 450.0                            LAT/LON1/LON2/DLON/H
  161  124  100   74   60   52   54   54   64   73   83   93  102  115  116  121
  116  118  114  117  115  117  114  113  110  108  103  100   96   90   84   79
   75   75   81   91  111  135  160  183  198  221  246  270  287  303  313  328
  340  357  375  398  417  439  454  476  488  502  502  502  489  475  457  441
  421  399  370  334  294  257  231  207  161                                   
    25.0-180.0 180.0   5.0 450.0                            LAT/LON1/LON2/DLON/H
  223  163  132  110   94   74   69   64   65   71   81   88   99  107  115  115
  118  115  115  114  112  114  112  114  111  110  106  103   97   92   84   79
   76   75   80   90  106  130  155  182  200  218  242  266  289  307  324  341
  360  380  407  433  458  478  498  521  540  559  566  568  559  545  528  511
  494  475  449  414  373  329  290  272  223                                   
    22.5-180.0 180.0   5.0 450.0                            LAT/LON1/LON2/DLON/H
  295  217  189  154  130  112  104   84   80   73   79   86   95  103  106  111
  109  110  106  103  104  108  114  117  122  118  120  110  110   98   94   86
   85   81   84   90  105  128  155  180  201  221  238  265  290  314  334  356
  382  408  439  470  498  518  537  564  585  610  620  627  622  612  599  584
  568  551  526  494  457  419  375  356  295                                   
    20.0-180.0 180.0   5.0 450.0                            LAT/LON1/LON2/DLON/H
  374  297  254  216  184  164  151  136  125  109  100  104  103  106  105  106
  106  103  101   97  101  106  115  119  123  120  118  111  104   98   92   86
   84   82   83   92  105  127  151  180  201  223  243  270  297  323  347  375
  407  440  474  507  531  550  566  595  618  641  653  658  661  651  644  632
  618  604  582  553  525  488  456  431  374                                   
    17.5-180.0 180.0   5.0 450.0                            LAT/LON1/LON2/DLON/H
  438  386  349  294  249  221  200  184  167  149  132  119  114  109  106  104
  100   99   96   97  101  110  122  127  135  123  120  103  100   92   89   88
   85   83   86   92  108  128  157  184  208  235  257  287  314  339  366  398
  437  467  501  526  547  558  572  593  614  630  639  646  650  647  648  643
  634  622  609  587  567  541  520  492  438                                   
    15.0-180.0 180.0   5.0 450.0                            LAT/LON1/LON2/DLON/H
  483  444  416  378  337  303  266  240  216  198  181  165  145  133  111  110
  102  100   96   95  101  109  121  128  131  123  111  102   95   93   87   89
   86   83   83   93  107  131  158  190  214  245  270  305  337  363  397  430
  466  492  517  535  548  555  564  583  597  607  614  616  621  621  625  625
  619  613  604  593  583  561  549  526  483                                   
    12.5-180.0 180.0   5.0 450.0                            LAT/LON1/LON2/DLON/H
  502  477  463  428  402  374  337  302  269  243  221  206  181  155  126  111
   99   94   95   98  106  113  126  124  126  113  106  100   91   93   84   85
   86   80   85   91  110  131  166  197  227  258  285  322  354  385  421  450
  482  495  512  520  532  530  532  544  554  561  566  570  576  583  590  591
  589  586  585  582  578  565  559  539  502                                   
    10.0-180.0 180.0   5.0 450.0                            LAT/LON1/LON2/DLON/H
  504  482  473  444  431  408  383  352  320  300  270  253  229  200  164  144
  120  113   98  101  101  112  123  128  128  117  113  106  104   97   94   85
   91   81   84   92  108  134  166  201  230  263  294  331  369  403  439  467
  493  499  509  515  524  519  520  524  531  537  537  541  547  554  560  561
  555  555  551  553  552  543  541  524  504                                   
     7.5-180.0 180.0   5.0 450.0                            LAT/LON1/LON2/DLON/H
  492  480  472  454  440  427  405  384  354  335  315  296  274  237  201  172
  145  129  112  103  100  105  119  123  128  122  114  111  104  103   92   86
