data/unet/pred1210.15i
     1.0            IONOSPHERE MAPS     GNSS                IONEX VERSION / TYPE
pyspatialgeodesy        IME             05-JAN-18 20:20     PGM / RUN BY / DATE 
Map Name                                                    COMMENT             
Predicted global ionosphere maps (GIM).                     DESCRIPTION         
  2015     5     1     0     0     0                        EPOCH OF FIRST MAP  
  2015     5     2     0     0     0                        EPOCH OF LAST MAP   
  7200                                                      INTERVAL            
    13                                                      # OF MAPS IN FILE   
  NONE                                                      MAPPING FUNCTION    
10.0                                                        ELEVATION CUTOFF    
One-way carrier phase leveled to code                       OBSERVABLES USED    
  6371.0                                                    BASE RADIUS         
 2                                                          MAP DIMENSION       
   450.0 450.0   0.0                                        HGT1 / HGT2 / DHGT  
    87.5 -87.5  -2.5                                        LAT1 / LAT2 / DLAT  
  -180.0 180.0   5.0                                        LON1 / LON2 / DLON  
    -1                                                      EXPONENT            
                                                            END OF HEADER       
[from data line 3003]
     8                                                      START OF TEC MAP    
  2015     5     1    14     0     0                        EPOCH OF CURRENT MAP
    87.5-180.0 180.0   5.0 450.0                            LAT/LON1/LON2/DLON/H
  160  189  198  198  200  200  203  204  207  208  210  210  210  210  210  209
  209  207  208  205  207  203  207  203  207  202  206  201  205  200  202  199
  200  197  197  195  195  193  193  191  190  189  189  188  188  188  188  187
  187  187  187  185  185  184  184  182  182  181  181  180  182  181  182  182
  183  184  186  187  186  186  196  162  160                                   
    85.0-180.0 180.0   5.0 450.0                            LAT/LON1/LON2/DLON/H
  167  178  184  192  193  196  197  201  201  206  206  208  208  210  208  209
  206  208  205  206  204  205  203  203  203  203  202  202  201  200  198  196
  194  193  191  188  186  184  182  179  177  176  174  173  171  172  171  171
  170  172  171  171  170  169  168  166  166  164  165  163  165  163  165  163
  166  166  170  170  173  176  179  176  167                                   
    82.5-180.0 180.0   5.0 450.0                            LAT/LON1/LON2/DLON/H
  170  174  179  185  187  191  193  197  198  202  202  206  204  208  205  209
  204  208  203  207  202  207  201  205  201  206  201  205  201  204  199  201
  196  196  191  191  184  184  177  177  170  170  164  164  160  161  159  159
  159  160  161  162  161  161  159  160  159  160  159  159  159  160  160  160
  162  163  165  167  167  169  173  163  170                                   
    80.0-180.0 180.0   5.0 450.0                            LAT/LON1/LON2/DLON/H
  157  160  166  175  178  184  187  192  194  198  198  201  199  203  199  202
  198  201  197  200  196  200  197  201  198  204  201  205  202  206  202  202
  199  198  194  191  187  184  180  177  173  171  168  166  164  165  164  165
  165  167  167  168  168  168  167  167  166  166  164  164  163  162  162  161
  161  160  161  161  160  158  157  157  157                                   
    77.5-180.0 180.0   5.0 450.0                            LAT/LON1/LON2/DLON/H
  152  152  157  164  167  172  176  181  183  185  186  188  186  187  185  185
  182  183  182  184  183  187  187  192  193  197  199  202  203  205  203  203
  199  199  194  193  186  185  179  179  173  174  170  172  169  173  171  176
  174  179  176  180  177  178  175  176  173  174  171  172  169  169  167  167
  164  165  162  162  158  156  154  149  152                                   
    75.0-180.0 180.0   5.0 450.0                            LAT/LON1/LON2/DLON/H
  149  146  152  159  164  165  171  173  177  177  180  178  179  175  175  171
  169  167  168  169  171  175  180  184  190  195  199  202  205  205  206  204
  204  203  201  197  193  189  186  183  180  179  179  179  181  183  186  187
  189  191  193  193  193  192  191  189  187  186  184  182  180  179  177  175
  173  171  170  165  163  156  154  154  149                                   
    72.5-180.0 180.0   5.0 450.0                            LAT/LON1/LON2/DLON/H
  149  147  148  153  155  159  162  167  167  170  170  171  168  168  163  163
  158  159  157  162  163  171  176  185  190  198  202  208  209  212  211  212
  210  212  209  207  202  199  193  191  187  188  186  189  190  195  196  200
  200  204  204  205  204  203  199  198  193  193  188  188  183  183  179  178
  173  172  169  166  162  157  158  153  149                                   
    70.0-180.0 180.0   5.0 450.0                            LAT/LON1/LON2/DLON/H
  145  141  143  150  155  156  161  163  166  169  169  170  168  167  163  160
  159  158  159  163  168  177  184  194  201  208  213  216  220  220  222  221
  222  221  221  218  215  211  207  203  199  199  198  200  202  205  207  208
  209  210  210  210  208  205  202  199  196  194  191  189  186  183  180  178
  173  171  167  162  159  153  151  152  145                                   
    67.5-180.0 180.0   5.0 450.0                            LAT/LON1/LON2/DLON/H
  140  138  137  141  146  149  154  157  162  164  167  167  168  164  162  160
  159  160  163  168  176  184  193  202  210  215  220  224  227  229  230  231
  231  232  232  231  226  224  219  216  210  209  207  209  208  211  211  213
  212  214  211  211  207  205  199  198  192  191  185  185  179  178  172  170
  164  163  157  154  149  144  146  143  140                                   
    65.0-180.0 180.0   5.0 450.0                            LAT/LON1/LON2/DLON/H
  129  127  124  131  137  140  148  152  160  164  169  169  172  170  169  167
  167  168  172  179  187  195  204  211  218  222  228  229  233  234  237  237
  239  240  241  240  237  233  228  223  218  215  213  211  212  211  212  210
  209  208  206  204  200  197  190  189  183  182  177  175  170  167  162  159
  152  151  145  141  137  133  129  134  129                                   
    62.5-180.0 180.0   5.0 450.0                            LAT/LON1/LON2/DLON/H
  119  116  109  115  121  127  133  141  149  157  163  167  171  171  172  170
  172  174  179  185  192  199  206  212  218  222  226  229  231  234  237  240
  243  246  248  248  245  241  236  231  225  222  219  217  213  213  210  208
  204  203  200  199  194  191  184  183  177  176  170  168  161  157  150  144
  136  133  128  124  120  114  116  119  119                                   
    60.0-180.0 180.0   5.0 450.0                            LAT/LON1/LON2/DLON/H
  108  100   91  100  106  111  120  127  137  145  154  162  168  170  173  172
  176  175  181  184  193  197  206  210  217  219  224  225  230  232  238  243
  248  252  255  254  252  247  243  236  231  226  222  217  215  211  209  204
  200  197  193  191  187  183  179  177  173  172  166  164  158  152  145  136
  128  121  116  111  107  101  100  108  108                                   
    57.5-180.0 180.0   5.0 450.0                            LAT/LON1/LON2/DLON/H
  102   89   81   88   92   96  103  113  123  134  143  154  161  166  169  172
  173  176  178  184  187  193  198  205  209  213  215  221  225  232  238  247
  253  260  262  263  259  256  250  245  239  235  231  226  221  217  212  208
  202  200  195  194  189  188  183  183  180  180  176  173  166  158  149  136
  126  116  111  103  100   93   94   98  102                                   
    55.0-180.0 180.0   5.0 450.0                            LAT/LON1/LON2/DLON/H
  102   84   70   80   82   88   94  101  110  121  130  142  150  157  162  166
  170  172  175  178  182  186  192  198  204  210  214  220  228  235  244  255
  263  272  273  273  268  263  257  249  246  240  238  232  229  225  220  216
  211  210  205  203  199  198  194  196  192  196  191  190  182  175  163  149
  136  125  116  109  102   96   96  100  102                                   
    52.5-180.0 180.0   5.0 450.0                            LAT/LON1/LON2/DLON/H
  110   87   74   77   78   81   87   95  103  114  123  136  143  152  156  163
  166  171  171  175  176  181  185  193  199  208  213  222  230  242  252  266
  276  286  286  287  280  276  267  263  256  254  250  248  244  241  237  234
  229  228  224  223  219  217  214  214  213  214  213  211  206  197  185  167
  153  138  130  121  116  107  112  108  110                                   
    50.0-180.0 180.0   5.0 450.0                            LAT/LON1/LON2/DLON/H
  127  103   82   85   84   85   89   95  103  110  121  130  138  144  151  157
  163  168  171  174  175  180  184  193  201  211  220  230  241  252  266  281
  290  301  300  301  292  288  278  272  266  262  262  259  259  258  257  255
  251  250  245  241  235  233  228  228  227  231  228  230  223  218  204  190
  172  159  149  142  137  132  133  129  127                                   
    47.5-180.0 180.0   5.0 450.0                            LAT/LON1/LON2/DLON/H
  147  125  107  101   95   94   95  100  106  115  122  134  138  147  151  161
  166  175  175  181  179  185  189  200  207  220  229  243  252  266  279  293
  305  314  316  316  308  304  294  290  279  280  274  277  274  278  276  276
  270  269  262  257  248  243  236  235  235  237  237  238  235  229  219  203
  190  175  167  162  161  154  165  149  147                                   
    45.0-180.0 180.0   5.0 450.0                            LAT/LON1/LON2/DLON/H
  166  145  124  122  114  111  110  112  116  123  131  139  145  151  158  167
  175  183  186  189  190  195  201  211  222  234  245  256  268  279  292  307
  317  328  330  333  327  324  313  307  297  294  289  290  288  290  289  289
  284  281  273  264  253  242  232  229  225  230  229  232  230  228  219  210
  194  188  177  179  175  175  178  170  166                                   
    42.5-180.0 180.0   5.0 450.0                            LAT/LON1/LON2/DLON/H
  176  160  144  140  133  128  123  124  125  132  139  150  155  162  167  180
  187  197  199  205  203  210  215  227  236  250  258  271  279  291  301  315
  326  336  343  346  346  341  333  325  314  311  303  305  299  302  297  298
  289  287  275  267  251  240  224  220  216  215  216  217  220  217  216  205
  196  186  182  180  183  180  191  180  176                                   
    40.0-180.0 180.0   5.0 450.0                            LAT/LON1/LON2/DLON/H
  182  164  151  151  144  141  134  134  135  142  149  159  166  173  181  192
  202  211  215  219  219  224  231  241  251  263  272  280  290  297  310  321
  336  346  357  363  367  364  355  345  333  326  321  319  316  312  309  304
  299  291  283  269  255  237  221  213  204  204  200  201  203  202  201  195
  184  182  175  181  176  178  181  179  182                                   
    37.5-180.0 180.0   5.0 450.0                            LAT/LON1/LON2/DLON/H
  177  162  154  151  147  145  139  137  137  146  156  169  179  188  196  209
  218  228  231  235  235  240  246  255  262  273  279  291  296  307  316  333
  344  362  374  385  392  391  385  374  358  351  338  338  326  327  316  316
  305  303  288  280  261  247  228  217  206  200  196  193  196  193  196  188
  185  176  172  168  166  164  173  173  177                                   
    35.0-180.0 180.0   5.0 450.0                            LAT/LON1/LON2/DLON/H
  173  160  152  150  146  143  140  137  139  150  164  177  191  199  211  219
  230  237  242  243  244  249  255  262  270  277  288  295  307  316  330  346
  366  383  400  412  423  425  418  408  391  381  367  361  352  347  340  339
  335  334  327  320  302  285  263  247  230  222  211  207  205  201  203  197
  194  185  178  169  160  158  161  166  173                                   
    32.5-180.0 180.0   5.0 450.0                            LAT/LON1/LON2/DLON/H
  161  157  147  147  142  141  137  136  137  149  167  183  199  210  222  231
  242  246  251  253  255  261  266  274  279  288  296  311  319  338  350  377
  393  419  432  451  461  466  459  452  437  429  409  408  390  394  381  387
  382  389  384  381  366  355  341  328  311  299  284  277  265  265  253  251
  236  227  204  191  173  162  155  155  161                                   
    30.0-180.0 180.0   5.0 450.0                            LAT/LON1/LON2/DLON/H
  162  163  151  151  143  138  133  129  134  144  165  184  205  217  232  237
  245  248  253  256  260  268  276  283  288  297  310  326  345  362  386  410
  434  456  473  491  506  514  510  506  490  479  459  449  433  433  425  436
  430  434  431  429  419  417  403  397  378  366  347  342  326  328  312  313
  290  292  269  251  226  196  187  161  162                                   
    27.5-180.0 180.0   5.0 450.0                            LAT/LON1/LON2/DLON/H
  138  165  145  137  135  136  130  129  127  143  161  185  208  223  237  242
  250  253  258  264  269  281  287  297  302  313  327  350  369  399  423  455
  473  499  512  539  551  563  558  554  538  530  511  506  492  493  491  497
  498  498  497  490  483  477  468  458  444  431  416  409  392  392  369  368
  339  339  297  287  247  227  208  177  138                                   
    25.0-180.0 180.0   5.0 450.0                            LAT/LON1/LON2/DLON/H
  150  177  152  139  125  125  125  131  134  139  156  178  204  223  240  246
  256  259  267  271  281  292  301  308  317  330  351  375  407  436  468  491
  514  534  554  578  590  601  592  594  576  572  555  554  542  544  546  553
  561  563  563  556  550  542  531  522  507  499  485  481  465  464  440  436
  406  400  358  338  288  259  262  212  150                                   
    22.5-180.0 180.0   5.0 450.0                            LAT/LON1/LON2/DLON/H
  180  199  183  157  136  123  119  125  132  141  150  172  195  218  235  249
  259  267  276  284  293  307  314  326  334  354  377  411  444  474  498  524
  542  567  582  602  614  621  622  618  615  605  607  601  602  601  612  622
  636  641  626  612  588  578  560  548  534  532  528  535  527  527  507  501
  473  462  428  402  356  325  316  257  180                                   
    20.0-180.0 180.0   5.0 450.0                            LAT/LON1/LON2/DLON/H
  223  232  200  174  152  141  124  118  124  135  150  165  190  210  230  244
  261  271  285  296  308  320  330  343  360  382  414  447  483  504  527  544
  566  579  598  607  620  630  627  630  624  621  621  620  624  630  644  661
  663  665  649  624  596  576  558  542  534  534  544  555  560  555  543  532
  518  504  474  445  414  385  379  314  223                                   
    17.5-180.0 180.0   5.0 450.0                            LAT/LON1/LON2/DLON/H
  248  258  230  195  172  154  143  136  127  131  143  160  178  201  218  237
  251  269  285  304  318  333  342  360  378  411  445  483  509  531  543  563
  576  588  600  609  624  628  638  635  644  637  646  644  657  664  678  685
  682  670  641  607  572  538  517  500  502  508  530  552  558  563  553  549
  530  517  492  464  445  425  409  347  248                                   
    15.0-180.0 180.0   5.0 450.0                            LAT/LON1/LON2/DLON/H
  271  281  255  220  187  166  153  144  132  124  135  147  168  193  217  233
  252  271  290  310  325  342  355  374  403  436  476  506  531  545  559  568
  580  587  596  600  612  622  625  632  636  639  639  647  653  673  680  688
  672  653  617  557  519  473  456  436  444  448  481  497  513  509  511  500
  500  485  473  447  433  416  418  360  271                                   
    12.5-180.0 180.0   5.0 450.0                            LAT/LON1/LON2/DLON/H
  271  289  264  235  201  183  166  158  141  128  128  141  156  181  209  235
  253  270  286  310  320  337  348  379  411  454  489  524  542  558  565  576
  585  585  592  599  611  616  633  637  647  644  650  654  666  680  687  686
  666  633  581  511  468  429  413  402  405  414  429  444  439  446  432  439
  432  432  424  412  405  397  397  345  271                                   
    10.0-180.0 180.0   5.0 450.0                            LAT/LON1/LON2/DLON/H
  260  277  255  233  207  185  170  161  140  124  120  126  151  171  204  232
  254  273  290  310  320  332  346  378  421  459  499  528  551  557  565  569
  577  575  585  590  606  613  630  636  638  639  633  644  646  663  667  661
  639  601  547  480  449  422  410  404  404  404  411  409  403  392  386  381
  376  373  372  362  356  348  362  314  260                                   
     7.5-180.0 180.0   5.0 450.0                            LAT/LON1/LON2/DLON/H
  245  252  229  210  196  181  164  149  136  127  116  126  141  168  195  232
  250  276  291  312  313  324  337  378  426  471  504  538  557  564  567  567
