data/unet/pred3400.15i
     1.0            IONOSPHERE MAPS     GNSS                IONEX VERSION / TYPE
pyspatialgeodesy        IME             05-JAN-18 20:20     PGM / RUN BY / DATE 
Map Name                                                    COMMENT             
Predicted global ionosphere maps (GIM).                     DESCRIPTION         
  2015    12     6     0     0     0                        EPOCH OF FIRST MAP  
  2015    12     7     0     0     0                        EPOCH OF LAST MAP   
  7200                                                      INTERVAL            
    13                                                      # OF MAPS IN FILE   
  NONE                                                      MAPPING FUNCTION    
10.0                                                        ELEVATION CUTOFF    
One-way carrier phase leveled to code                       OBSERVABLES USED    
  6371.0                                                    BASE RADIUS         
 2                                                          MAP DIMENSION       
   450.0 450.0   0.0                                        HGT1 / HGT2 / DHGT  
    87.5 -87.5  -2.5                                        LAT1 / LAT2 / DLAT  
  -180.0 180.0   5.0                                        LON1 / LON2 / DLON  
    -1                                                      EXPONENT            
                                                            END OF HEADER       
[from data line 2145]
     6                                                      START OF TEC MAP    
  2015    12     6    10     0     0                        EPOCH OF CURRENT MAP
    87.5-180.0 180.0   5.0 450.0                            LAT/LON1/LON2/DLON/H
   42   58   45   46   44   45   44   43   43   43   42   41   40   39   38   36
   35   34   33   32   31   31   30   29   28   28   27   27   27   27   27   27
   28   28   29   29   30   29   31   30   31   32   33   32   33   33   34   34
   34   35   36   35   36   37   37   37   37   38   38   39   39   40   40   41
   41   42   42   45   45   43   43   50   42                                   
    85.0-180.0 180.0   5.0 450.0                            LAT/LON1/LON2/DLON/H
   69   68   65   67   64   65   64   64   63   61   60   59   57   56   55   53
   52   50   50   48   48   47   47   47   47   47   47   48   48   49   49   49
   49   49   49   49   49   49   48   48   48   47   48   48   48   48   49   49
   50   51   52   52   53   54   54   55   55   56   56   57   58   59   59   60
   60   61   62   61   63   63   67   57   69                                   
    82.5-180.0 180.0   5.0 450.0                            LAT/LON1/LON2/DLON/H
   58   71   67   66   64   62   63   63   60   59   56   55   51   50   46   45
   42   42   39   39   37   38   37   38   38   39   39   41   41   43   42   44
   43   45   43   43   42   42   41   41   40   41   40   41   40   42   41   44
   43   46   46   48   48   50   50   52   51   53   52   54   53   55   55   57
   56   58   58   60   61   64   61   53   58                                   
    80.0-180.0 180.0   5.0 450.0                            LAT/LON1/LON2/DLON/H
   57   65   59   61   56   59   55   58   53   53   48   47   42   40   36   35
   30   30   27   27   25   27   25   29   27   31   31   35   34   37   37   39
   39   39   39   38   37   37   36   35   34   35   34   35   34   36   36   39
   39   42   42   45   44   47   46   49   47   50   48   51   49   52   50   52
   50   53   51   53   53   56   57   50   57                                   
    77.5-180.0 180.0   5.0 450.0                            LAT/LON1/LON2/DLON/H
   45   56   57   56   54   55   54   54   52   49   47   42   40   36   33   29
   27   25   25   24   24   24   25   26   28   29   32   34   36   38   39   40
   41   41   40   39   37   36   35   35   33   34   34   34   34   36   36   38
   39   41   43   44   45   46   47   47   48   48   48   48   48   48   48   47
   46   46   46   46   48   49   49   34   45                                   
    75.0-180.0 180.0   5.0 450.0                            LAT/LON1/LON2/DLON/H
   37   46   46   49   47   50   49   50   46   46   42   40   35   34   29   28
   25   24   23   23   22   23   23   25   24   28   28   33   32   38   37   42
   40   43   40   41   38   38   36   37   35   37   36   39   38   42   41   44
   44   47   48   49   48   50   48   49   47   48   46   47   44   45   43   43
   39   41   39   40   41   43   42   31   37                                   
    72.5-180.0 180.0   5.0 450.0                            LAT/LON1/LON2/DLON/H
   28   40   44   44   44   44   45   45   44   42   41   38   36   32   33   29
   29   26   28   26   27   25   27   26   27   27   29   31   34   36   40   42
   45   44   46   44   45   43   44   44   46   47   49   50   52   53   55   56
   57   57   57   56   55   54   52   50   48   48   45   45   43   42   41   40
   38   37   36   35   36   38   37   19   28                                   
    70.0-180.0 180.0   5.0 450.0                            LAT/LON1/LON2/DLON/H
   23   31   37   39   38   42   42   44   42   42   39   39   37   36   36   35
   35   34   35   33   34   31   31   29   28   27   28   29   31   35   38   42
   44   48   48   50   49   51   51   56   55   62   62   67   67   71   70   72
   71   70   69   65   63   59   56   52   49   47   44   44   42   43   41   41
   38   38   37   35   35   37   36   23   23                                   
    67.5-180.0 180.0   5.0 450.0                            LAT/LON1/LON2/DLON/H
   20   31   38   37   37   38   40   40   40   39   40   39   41   40   43   42
   44   42   43   40   40   37   35   31   29   26   25   24   28   30   36   39
   46   47   53   53   57   57   61   65   70   75   79   82   84   87   87   86
   84   81   77   71   65   60   53   48   43   41   38   39   38   39   39   40
   38   38   38   36   36   36   35   19   20                                   
    65.0-180.0 180.0   5.0 450.0                            LAT/LON1/LON2/DLON/H
   22   29   34   35   35   38   38   40   39   39   39   41   41   44   45   48
   48   49   48   47   45   41   37   32   28   24   22   21   23   28   34   41
   46   52   55   61   62   68   69   79   80   93   93  103  101  108  103  104
   97   94   85   78   70   62   56   48   44   40   38   38   38   41   41   43
   43   43   42   42   40   40   40   27   22                                   
    62.5-180.0 180.0   5.0 450.0                            LAT/LON1/LON2/DLON/H
   27   36   39   38   38   38   38   39   38   38   38   40   42   45   49   51
   52   51   50   47   45   40   36   31   25   21   18   18   20   25   33   40
   48   53   60   64   69   74   79   88   93  103  109  116  118  121  119  116
  110  102   93   83   72   62   52   46   38   35   32   33   34   37   38   42
   42   44   44   44   43   42   42   29   27                                   
    60.0-180.0 180.0   5.0 450.0                            LAT/LON1/LON2/DLON/H
   32   36   38   39   37   40   37   39   36   36   35   38   39   44   47   51
   49   49   45   44   40   38   33   29   24   19   16   17   19   26   33   45
   52   62   65   75   76   87   89  103  105  118  121  130  129  133  129  127
  118  112  100   90   78   66   57   47   42   37   35   35   37   38   40   42
   43   44   45   48   46   46   47   37   32                                   
    57.5-180.0 180.0   5.0 450.0                            LAT/LON1/LON2/DLON/H
   40   45   43   42   42   40   40   39   36   35   34   35   37   42   45   48
   47   44   41   36   35   30   29   25   22   18   16   16   20   27   37   48
   59   67   74   80   85   94  100  109  115  124  129  134  136  137  136  133
  128  119  109   97   86   73   63   54   46   43   39   39   38   39   39   41
   40   42   45   47   46   46   49   37   40                                   
    55.0-180.0 180.0   5.0 450.0                            LAT/LON1/LON2/DLON/H
   46   48   45   46   43   44   40   41   34   34   29   32   31   37   38   43
   39   38   30   29   24   25   23   26   22   22   18   21   24   34   43   58
   67   80   83   96   97  109  111  123  125  136  136  143  141  144  140  140
  133  129  118  109   96   84   73   63   59   53   51   48   47   44   43   42
   41   43   43   49   47   51   52   43   46                                   
    52.5-180.0 180.0   5.0 450.0                            LAT/LON1/LON2/DLON/H
   53   56   50   50   47   46   45   43   40   35   31   31   31   35   37   40
   37   32   27   23   21   20   24   25   27   25   25   26   31   39   52   64
   77   87   94  103  108  117  122  129  134  139  141  143  145  144  145  142
  141  135  130  119  109   97   86   78   71   67   62   60   54   51   46   44
   40   41   43   46   48   49   56   41   53                                   
    50.0-180.0 180.0   5.0 450.0                            LAT/LON1/LON2/DLON/H
   57   58   53   53   51   52   49   49   42   40   32   32   29   34   34   38
   33   30   21   21   17   23   24   33   32   36   33   37   40   51   61   77
   86  102  106  119  121  133  134  144  143  151  147  152  148  152  149  151
  147  146  139  132  122  112  101   93   87   82   78   73   70   63   58   53
   47   48   46   52   51   55   57   46   57                                   
    47.5-180.0 180.0   5.0 450.0                            LAT/LON1/LON2/DLON/H
   61   65   57   58   55   56   55   55   51   46   40   37   35   36   38   40
   37   32   26   22   23   27   34   39   42   42   43   44   50   58   70   81
   93  105  112  122  129  138  143  147  151  151  152  150  152  151  154  151
  153  150  148  140  133  122  111  102   95   90   86   82   77   72   64   59
   53   52   52   53   54   56   63   47   61                                   
    45.0-180.0 180.0   5.0 450.0                            LAT/LON1/LON2/DLON/H
   63   66   62   61   59   62   62   63   59   56   49   47   41   44   42   47
   41   40   31   33   30   40   41   52   49   54   51   57   59   71   78   93
   99  115  120  135  138  152  153  162  159  163  155  161  154  160  156  161
  156  157  152  148  137  129  116  108  100   95   90   88   84   79   73   69
   62   62   58   61   60   62   67   53   63                                   
    42.5-180.0 180.0   5.0 450.0                            LAT/LON1/LON2/DLON/H
   65   72   65   64   61   65   65   69   68   66   62   57   54   52   54   54
   53   49   46   43   45   48   53   58   58   59   59   62   68   76   85   94
  103  114  122  135  143  154  162  164  166  162  161  158  159  159  160  159
  159  157  155  148  140  129  116  105   97   89   85   83   82   80   76   73
   68   67   66   66   65   65   72   56   65                                   
    40.0-180.0 180.0   5.0 450.0                            LAT/LON1/LON2/DLON/H
   68   69   68   66   65   67   70   75   77   77   74   72   67   66   64   68
   63   64   58   61   58   64   63   69   65   68   66   73   79   89   95  107
  111  125  130  147  153  170  173  180  175  174  166  169  164  169  166  168
  162  162  155  153  141  134  117  108   95   88   82   80   80   80   78   78
   74   75   70   72   68   70   73   59   68                                   
    37.5-180.0 180.0   5.0 450.0                            LAT/LON1/LON2/DLON/H
   66   71   67   66   63   66   68   74   79   83   84   81   80   77   77   76
   77   74   73   72   72   74   74   74   71   70   72   78   88   97  103  112
  117  127  135  149  162  175  183  184  183  176  173  168  170  171  172  169
  167  165  163  157  151  139  127  111   99   87   80   77   77   78   78   79
   77   76   74   72   70   69   74   59   66                                   
    35.0-180.0 180.0   5.0 450.0                            LAT/LON1/LON2/DLON/H
   65   65   65   63   62   64   68   74   81   87   91   92   90   89   87   87
   85   86   84   86   84   84   80   78   72   75   77   89   99  112  116  128
  129  143  147  165  175  192  194  200  193  189  181  182  179  185  181  184
  180  181  178  177  168  162  147  133  115  102   90   84   81   81   82   83
   80   79   73   73   69   70   71   56   65                                   
    32.5-180.0 180.0   5.0 450.0                            LAT/LON1/LON2/DLON/H
   58   60   58   58   55   58   61   68   74   83   90   94   96   95   95   94
   93   94   93   94   92   89   84   78   72   75   81   96  108  123  129  138
  143  154  162  175  189  202  208  208  204  196  193  189  192  194  197  198
  200  202  205  204  202  195  184  169  153  134  118  104   97   93   90   89
   84   80   75   72   67   65   67   52   58                                   
    30.0-180.0 180.0   5.0 450.0                            LAT/LON1/LON2/DLON/H
   55   52   54   53   53   54   57   63   70   79   87   95   99  100  102  101
   99  100   99   99   98   94   87   81   75   81   91  110  124  142  149  163
  165  179  186  202  211  226  228  231  222  218  209  211  210  217  219  227
  228  238  241  247  245  241  231  218  200  181  160  144  129  121  111  105
   96   88   78   75   66   64   61   45   55                                   
    27.5-180.0 180.0   5.0 450.0                            LAT/LON1/LON2/DLON/H
   50   51   48   49   47   50   50   54   60   68   77   87   95   98  101  101
  101  101  101  101   97   92   84   78   76   84   98  119  136  156  166  177
  184  196  205  222  232  245  248  249  244  237  234  231  238  242  251  255
  265  272  281  285  291  290  284  273  257  238  219  197  178  160  145  131
  115  102   88   81   73   67   61   44   50                                   
    25.0-180.0 180.0   5.0 450.0                            LAT/LON1/LON2/DLON/H
   49   48   47   46   45   46   46   49   54   60   69   79   88   93   97   98
   97   99   98   98   95   90   82   81   78   92  104  130  147  173  180  201
  203  221  228  248  256  270  271  275  267  266  260  263  266  277  282  294
  298  313  320  333  338  343  340  333  316  297  276  251  227  203  180  163
  140  123  104   94   81   77   68   49   49                                   
    22.5-180.0 180.0   5.0 450.0                            LAT/LON1/LON2/DLON/H
   53   59   52   53   48   49   45   47   48   53   60   70   79   84   90   90
   92   93   92   92   87   82   77   77   82   95  109  134  154  178  195  212
  226  238  252  267  277  288  292  296  293  292  293  293  303  308  320  324
  334  341  358  366  380  384  390  384  374  352  332  303  275  246  217  194
  171  149  129  113   99   90   80   58   53                                   
    20.0-180.0 180.0   5.0 450.0                            LAT/LON1/LON2/DLON/H
   57   70   65   61   54   52   49   49   47   50   53   62   69   75   80   82
   83   83   84   82   78   77   73   81   84  101  112  138  156  185  198  225
  234  255  264  284  290  307  310  319  316  317  317  323  332  340  348  354
  360  371  385  398  407  416  422  423  416  399  380  351  320  283  251  228
  201  179  153  137  119  109   95   73   57                                   
    17.5-180.0 180.0   5.0 450.0                            LAT/LON1/LON2/DLON/H
   71   86   81   79   68   64   58   59   53   54   51   57   62   68   70   73
   74   74   73   71   68   66   71   77   88  101  115  137  158  186  210  233
  252  266  283  294  305  318  328  336  339  341  346  350  365  369  382  379
  389  391  405  411  422  427  434  437  434  419  400  373  345  307  277  250
  231  205  181  159  143  128  114   88   71                                   
    15.0-180.0 180.0   5.0 450.0                            LAT/LON1/LON2/DLON/H
   84  104   99   95   84   77   69   69   64   61   55   57   57   60   63   65
   67   66   66   63   63   65   69   80   90  107  119  142  160  191  211  239
  255  277  291  306  316  335  344  355  358  364  369  380  391  400  405  406
  407  411  417  424  426  431  433  437  436  423  405  381  356  323  293  267
  246  227  204  180  160  150  133  109   84                                   
    12.5-180.0 180.0   5.0 450.0                            LAT/LON1/LON2/DLON/H
  103  117  109  109   99   91   83   82   75   72   63   61   56   58   56   60
   59   62   60   58   59   60   66   77   93  109  125  148  168  197  221  246
  266  285  302  316  331  349  361  374  382  389  398  407  420  422  428  421
  422  417  422  422  421  418  418  416  413  400  383  365  347  318  295  272
  256  236  220  194  173  160  147  125  103                                   
    10.0-180.0 180.0   5.0 450.0                            LAT/LON1/LON2/DLON/H
  115  123  116  113  106  100   92   92   87   84   75   70   64   60   57   56
   58   60   61   58   58   59   65   77   94  114  131  155  174  204  228  250
  269  292  310  328  345  362  376  387  395  406  413  427  435  443  438  437
  427  426  424  424  417  414  405  400  391  374  361  343  330  302  284  264
  252  238  223  205  182  170  154  145  115                                   
     7.5-180.0 180.0   5.0 450.0                            LAT/LON1/LON2/DLON/H
  128  126  117  116  109  106  101  100   96   92   86   80   73   68   62   59
   60   62   64   62   62   63   67   80   98  119  142  165  183  213  233  254
