data/unet/pred1430.15i
     1.0            IONOSPHERE MAPS     GNSS                IONEX VERSION / TYPE
pyspatialgeodesy        IME             05-JAN-18 20:20     PGM / RUN BY / DATE 
Map Name                                                    COMMENT             
Predicted global ionosphere maps (GIM).                     DESCRIPTION         
  2015     5    23     0     0     0                        EPOCH OF FIRST MAP  
  2015     5    24     0     0     0                        EPOCH OF LAST MAP   
  7200                                                      INTERVAL            
    13                                                      # OF MAPS IN FILE   
  NONE                                                      MAPPING FUNCTION    
10.0                                                        ELEVATION CUTOFF    
One-way carrier phase leveled to code                       OBSERVABLES USED    
  6371.0                                                    BASE RADIUS         
 2                                                          MAP DIMENSION       
   450.0 450.0   0.0                                        HGT1 / HGT2 / DHGT  
    87.5 -87.5  -2.5                                        LAT1 / LAT2 / DLAT  
  -180.0 180.0   5.0                                        LON1 / LON2 / DLON  
    -1                                                      EXPONENT            
                                                            END OF HEADER       
[from data line 5148]
    13                                                      START OF TEC MAP    
  2015     5    24     0     0     0                        EPOCH OF CURRENT MAP
    87.5-180.0 180.0   5.0 450.0                            LAT/LON1/LON2/DLON/H
  218  206  215  218  218  216  217  216  216  216  216  214  214  213  213  210
  210  208  208  205  204  202  200  198  197  195  193  190  188  186  184  181
  180  178  176  173  173  171  170  169  169  168  168  167  169  169  170  170
  172  172  174  174  177  177  179  179  182  183  184  185  187  188  190  190
  193  194  196  196  200  197  194  208  218                                   
    85.0-180.0 180.0   5.0 450.0                            LAT/LON1/LON2/DLON/H
  208  214  222  224  222  222  222  222  221  221  221  220  220  219  218  216
  216  214  213  211  209  207  205  202  201  198  196  193  191  188  186  183
  182  180  178  176  176  174  174  172  173  172  173  172  174  173  175  175
  178  178  180  180  183  183  185  185  188  188  190  190  193  193  195  195
  198  199  202  202  206  203  203  193  208                                   
    82.5-180.0 180.0   5.0 450.0                            LAT/LON1/LON2/DLON/H
  217  218  222  225  223  224  223  224  223  223  222  222  221  221  220  218
  217  215  214  211  209  206  204  200  198  194  191  187  185  181  179  176
  175  173  172  170  171  168  169  167  169  168  170  169  172  171  174  174
  178  177  181  180  183  182  185  184  186  186  188  188  191  191  193  193
  196  198  200  202  205  203  198  194  217                                   
    80.0-180.0 180.0   5.0 450.0                            LAT/LON1/LON2/DLON/H
  215  216  221  223  221  224  222  225  222  224  222  224  222  223  221  222
  218  219  216  216  211  210  205  203  197  195  189  187  181  180  175  174
  170  170  167  167  166  165  165  165  166  166  167  169  171  173  174  177
  178  180  181  182  182  183  183  184  184  185  185  187  187  189  190  193
  194  197  199  203  206  206  200  195  215                                   
    77.5-180.0 180.0   5.0 450.0                            LAT/LON1/LON2/DLON/H
  208  210  214  217  218  220  220  221  220  221  221  222  221  222  221  221
  219  219  217  216  213  211  206  203  198  194  188  185  179  176  172  170
  168  166  165  165  164  164  163  165  164  166  167  170  171  174  175  179
  180  182  182  184  183  183  182  182  180  181  180  181  182  184  185  187
  189  191  194  196  201  201  199  194  208                                   
    75.0-180.0 180.0   5.0 450.0                            LAT/LON1/LON2/DLON/H
  205  204  209  213  214  216  216  217  216  217  218  219  219  219  219  218
  218  217  217  215  213  210  207  202  197  192  186  181  177  172  170  166
  165  163  164  162  163  161  163  162  164  164  167  168  172  174  178  180
  183  184  186  185  185  183  183  180  179  177  177  175  177  177  179  179
  182  183  188  189  195  196  194  188  205                                   
    72.5-180.0 180.0   5.0 450.0                            LAT/LON1/LON2/DLON/H
  198  198  203  207  208  209  209  210  211  212  214  214  215  214  214  214
  214  213  214  212  211  208  205  200  195  188  182  175  171  166  164  161
  161  160  161  160  161  160  161  160  162  162  165  166  170  173  177  179
  183  184  185  185  184  181  179  176  174  171  170  169  169  169  171  172
  175  176  180  183  189  189  189  185  198                                   
    70.0-180.0 180.0   5.0 450.0                            LAT/LON1/LON2/DLON/H
  196  194  199  202  202  202  203  204  205  207  209  210  211  211  210  210
  210  210  210  210  208  206  202  196  190  183  176  170  166  162  161  158
  160  158  161  159  161  159  160  158  160  159  163  163  168  169  176  177
  183  183  187  185  186  181  181  175  174  169  169  166  168  166  168  168
  172  172  178  179  185  186  186  182  196                                   
    67.5-180.0 180.0   5.0 450.0                            LAT/LON1/LON2/DLON/H
  195  193  197  199  197  198  199  201  202  205  208  210  210  210  210  209
  209  208  209  208  207  204  200  194  188  179  172  164  162  158  158  156
  157  156  158  156  157  154  155  153  154  153  156  156  161  163  169  172
  178  181  185  184  184  181  179  175  173  169  169  167  167  166  167  168
  170  172  176  179  185  186  186  181  195                                   
    65.0-180.0 180.0   5.0 450.0                            LAT/LON1/LON2/DLON/H
  199  196  199  199  197  196  197  199  202  205  208  211  211  212  210  210
  209  210  209  209  207  206  201  196  188  180  171  165  161  158  158  157
  158  156  156  153  152  148  148  144  146  143  147  146  152  154  162  165
  173  176  182  182  184  180  180  175  175  171  172  169  170  168  170  169
  173  174  179  181  187  188  187  182  199                                   
    62.5-180.0 180.0   5.0 450.0                            LAT/LON1/LON2/DLON/H
  204  201  203  202  199  197  198  199  202  206  209  213  214  215  215  214
  214  213  214  213  213  210  207  200  194  184  176  168  165  161  160  158
  158  153  152  146  144  138  137  134  136  134  137  137  144  146  154  159
  168  173  180  181  184  182  181  178  178  176  176  174  175  173  173  174
  176  177  182  185  191  192  192  185  204                                   
    60.0-180.0 180.0   5.0 450.0                            LAT/LON1/LON2/DLON/H
  212  209  210  208  204  201  200  201  202  206  209  215  217  219  219  220
  219  220  219  221  219  219  214  209  201  193  183  176  171  169  167  164
  162  155  151  142  139  131  130  125  128  126  129  129  136  138  147  154
  164  169  178  179  184  183  184  183  184  182  184  181  182  180  180  179
  181  182  187  190  196  197  196  189  212                                   
    57.5-180.0 180.0   5.0 450.0                            LAT/LON1/LON2/DLON/H
  222  218  220  217  213  208  205  204  204  207  210  216  220  223  225  227
  227  228  229  229  230  229  226  220  213  204  195  188  182  179  175  170
  165  155  148  139  134  126  124  121  124  123  125  126  132  136  144  151
  161  168  177  181  186  186  189  189  192  191  192  190  189  186  185  184
  185  187  191  194  201  203  202  195  222                                   
    55.0-180.0 180.0   5.0 450.0                            LAT/LON1/LON2/DLON/H
  233  228  232  231  225  220  215  213  210  211  212  217  220  226  228  233
  233  237  236  239  239  240  236  232  224  216  207  200  194  190  184  177
  169  157  148  137  132  125  124  121  124  123  126  126  132  134  143  149
  160  166  176  180  188  190  196  197  202  201  202  199  198  194  193  191
  193  193  199  201  207  209  208  203  233                                   
    52.5-180.0 180.0   5.0 450.0                            LAT/LON1/LON2/DLON/H
  244  238  245  245  242  236  231  226  222  219  218  219  222  226  231  235
  240  242  244  245  248  247  246  241  235  227  218  211  205  199  190  181
  169  157  147  137  131  127  127  127  130  130  131  131  136  138  145  151
  160  167  177  182  191  195  202  207  211  212  212  210  207  203  201  199
  200  200  204  207  213  215  215  213  244                                   
    50.0-180.0 180.0   5.0 450.0                            LAT/LON1/LON2/DLON/H
  254  250  259  262  260  255  251  245  240  234  228  226  226  230  232  239
  241  246  247  251  252  255  253  250  242  236  228  220  213  205  194  182
  169  155  147  137  135  132  134  135  139  138  139  138  141  142  148  152
  160  166  176  182  193  198  210  215  222  224  224  221  217  212  210  207
  210  209  214  215  221  223  223  226  254                                   
    47.5-180.0 180.0   5.0 450.0                            LAT/LON1/LON2/DLON/H
  264  261  270  274  275  271  269  264  259  251  242  237  233  234  236  239
  243  246  250  252  256  258  258  254  249  241  234  226  217  207  193  180
  165  153  145  140  139  140  144  145  149  147  148  145  148  147  152  154
  161  165  175  182  194  203  217  227  234  238  237  233  228  223  220  219
  221  222  225  227  232  234  234  238  264                                   
    45.0-180.0 180.0   5.0 450.0                            LAT/LON1/LON2/DLON/H
  271  271  280  286  289  288  289  287  284  276  264  256  247  245  242  245
  246  250  251  257  259  263  262  259  252  245  236  228  217  205  190  174
  161  149  145  142  146  148  153  155  158  156  156  153  153  152  154  155
  161  164  173  179  194  205  224  235  245  250  250  247  243  239  236  236
  239  239  242  242  247  248  246  253  271                                   
    42.5-180.0 180.0   5.0 450.0                            LAT/LON1/LON2/DLON/H
  282  280  288  295  298  299  301  302  303  297  286  275  265  258  253  252
  254  256  260  264  269  271  271  266  258  249  239  229  217  203  185  171
  157  149  146  148  154  158  164  165  168  164  164  158  160  156  158  157
  161  163  171  179  194  207  227  239  251  257  260  259  258  255  254  255
  260  260  262  262  266  266  263  268  282                                   
    40.0-180.0 180.0   5.0 450.0                            LAT/LON1/LON2/DLON/H
  296  296  302  307  311  312  315  318  324  321  314  303  290  280  270  268
  266  269  271  278  281  284  281  275  265  255  242  232  218  203  185  170
  159  151  152  155  163  168  173  173  175  169  168  163  163  159  160  158
  161  160  169  174  192  203  226  238  253  261  269  272  275  275  276  279
  283  285  287  287  290  288  284  290  296                                   
    37.5-180.0 180.0   5.0 450.0                            LAT/LON1/LON2/DLON/H
  315  314  319  321  321  322  323  329  336  338  335  327  316  302  291  284
  283  284  289  293  299  298  294  285  274  263  251  239  226  210  191  177
  165  162  163  169  176  181  183  182  182  175  172  167  166  163  161  159
  159  160  164  172  187  201  220  234  248  258  269  275  286  289  294  298
  304  307  310  311  315  314  309  313  315                                   
    35.0-180.0 180.0   5.0 450.0                            LAT/LON1/LON2/DLON/H
  336  340  343  341  340  337  338  342  353  358  360  355  345  331  316  307
  303  304  307  312  316  316  308  298  286  276  265  254  239  221  204  189
  180  177  180  184  191  193  195  190  189  180  177  170  170  164  164  158
  160  155  160  162  179  189  212  225  241  252  267  278  292  298  306  312
  323  327  334  336  343  343  339  340  336                                   
    32.5-180.0 180.0   5.0 450.0                            LAT/LON1/LON2/DLON/H
  360  371  372  367  363  359  356  361  372  379  383  380  373  358  343  331
  326  325  328  332  336  333  324  311  299  289  280  270  256  238  220  207
  198  196  198  201  205  206  204  199  195  187  181  175  172  167  163  159
  156  153  151  154  164  180  198  216  233  246  263  277  293  301  311  318
  330  338  348  354  366  369  366  367  360                                   
    30.0-180.0 180.0   5.0 450.0                            LAT/LON1/LON2/DLON/H
  388  407  409  404  402  396  392  394  403  410  416  414  406  392  376  363
  355  352  351  354  355  350  339  327  315  307  297  288  274  256  236  222
  215  213  214  214  215  213  211  203  200  190  184  176  174  166  163  157
  156  146  145  142  154  165  188  204  226  240  260  275  293  302  313  318
  333  340  356  364  381  390  394  390  388                                   
    27.5-180.0 180.0   5.0 450.0                            LAT/LON1/LON2/DLON/H
  417  437  447  450  451  447  442  443  445  450  451  450  442  427  410  395
  385  379  375  373  372  366  354  342  331  323  311  301  286  268  247  233
  225  221  221  218  216  212  208  202  199  190  183  175  171  164  159  154
  147  138  130  129  138  153  171  192  214  234  252  268  285  296  307  313
  327  335  353  366  386  401  408  410  417                                   
    25.0-180.0 180.0   5.0 450.0                            LAT/LON1/LON2/DLON/H
  445  469  485  496  504  503  499  497  496  495  493  489  480  465  448  432
  419  411  401  396  389  380  368  357  345  335  320  305  286  267  245  233
  224  222  218  215  210  208  202  199  195  189  181  173  166  158  152  144
  138  126  120  115  124  138  160  176  201  220  244  257  274  284  298  304
  319  329  350  365  391  407  423  423  445                                   
    22.5-180.0 180.0   5.0 450.0                            LAT/LON1/LON2/DLON/H
  462  488  511  528  543  548  545  543  540  536  530  523  511  496  478  462
  448  436  423  412  401  391  378  368  354  339  319  298  275  253  232  220
  214  209  205  199  195  192  189  186  183  177  170  159  151  141  133  125
  118  108  103   98  106  121  144  169  191  214  234  250  263  275  287  297
  312  325  346  363  387  407  423  432  462                                   
    20.0-180.0 180.0   5.0 450.0                            LAT/LON1/LON2/DLON/H
  472  500  526  550  575  582  584  581  577  569  560  550  540  523  507  490
  476  462  442  428  412  399  386  374  356  334  305  277  250  226  208  200
  195  191  185  181  179  178  175  175  171  166  155  145  137  125  119  109
  106   98   94   91   98  113  137  162  190  208  231  244  262  270  285  295
  312  325  349  365  388  406  424  436  472                                   
    17.5-180.0 180.0   5.0 450.0                            LAT/LON1/LON2/DLON/H
  471  496  525  552  582  595  601  599  595  586  576  566  555  541  527  511
  496  480  458  437  419  403  387  372  349  319  283  251  221  200  185  177
  174  167  164  161  160  161  160  160  155  149  138  128  120  108  101   94
   91   86   86   83   93  108  132  159  187  212  230  248  263  277  289  304
  320  336  358  374  391  409  424  436  471                                   
    15.0-180.0 180.0   5.0 450.0                            LAT/LON1/LON2/DLON/H
  463  485  513  541  574  590  600  601  598  587  580  569  563  551  543  528
  517  497  472  447  422  403  383  362  332  295  254  220  193  177  165  160
  156  152  150  150  149  154  154  154  150  144  134  125  116  104   98   88
   86   81   81   79   90  104  129  151  183  205  231  246  269  282  304  319
  338  353  376  389  404  417  428  439  463                                   
    12.5-180.0 180.0   5.0 450.0                            LAT/LON1/LON2/DLON/H
  456  467  492  513  545  565  577  583  582  575  568  563  558  553  546  537
  526  506  480  452  423  398  373  345  309  268  225  194  171  157  149  146
  143  139  138  141  141  149  149  150  144  137  128  120  111  100   92   84
   82   77   79   78   91  105  128  153  182  209  231  251  272  295  319  340
  361  378  398  411  422  433  434  441  456                                   
    10.0-180.0 180.0   5.0 450.0                            LAT/LON1/LON2/DLON/H
  454  459  477  490  514  530  544  553  555  551  548  547  548  546  545  538
  532  510  486  453  420  389  357  322  279  236  195  171  153  145  139  138
  135  134  136  140  144  151  153  152  145  137  128  119  113   99   94   83
   80   72   71   71   85   98  122  143  175  197  226  245  275  304  336  361
  383  400  422  434  447  447  446  447  454                                   
     7.5-180.0 180.0   5.0 450.0                            LAT/LON1/LON2/DLON/H
  461  462  472  476  487  498  511  519  523  524  525  529  532  535  535  533
  526  509  485  451  414  377  337  294  247  206  170  150  139  135  134  135
