data/unet/pred1490.15i
     1.0            IONOSPHERE MAPS     GNSS                IONEX VERSION / TYPE
pyspatialgeodesy        IME             05-JAN-18 20:20     PGM / RUN BY / DATE 
Map Name                                                    COMMENT             
Predicted global ionosphere maps (GIM).                     DESCRIPTION         
  2015     5    29     0     0     0                        EPOCH OF FIRST MAP  
  2015     5    30     0     0     0                        EPOCH OF LAST MAP   
  7200                                                      INTERVAL            
    13                                                      # OF MAPS IN FILE   
  NONE                                                      MAPPING FUNCTION    
10.0                                                        ELEVATION CUTOFF    
One-way carrier phase leveled to code                       OBSERVABLES USED    
  6371.0                                                    BASE RADIUS         
 2                                                          MAP DIMENSION       
   450.0 450.0   0.0                                        HGT1 / HGT2 / DHGT  
    87.5 -87.5  -2.5                                        LAT1 / LAT2 / DLAT  
  -180.0 180.0   5.0                                        LON1 / LON2 / DLON  
    -1                                                      EXPONENT            
                                                            END OF HEADER       
[from data line 2145]
     6                                                      START OF TEC MAP    
  2015     5    29    10     0     0                        EPOCH OF CURRENT MAP
    87.5-180.0 180.0   5.0 450.0                            LAT/LON1/LON2/DLON/H
  121  145  144  145  143  140  141  141  144  143  147  146  150  148  152  151
  155  154  157  155  157  155  156  153  154  151  152  149  150  147  148  145
  146  143  145  142  143  141  142  140  141  140  141  140  141  141  141  141
  141  140  140  139  139  137  136  135  134  133  131  131  131  130  129  129
  130  130  132  132  134  131  129  112  121                                   
    85.0-180.0 180.0   5.0 450.0                            LAT/LON1/LON2/DLON/H
  140  130  140  141  139  135  139  140  144  143  146  146  150  149  152  151
  155  155  157  157  159  158  159  158  159  158  158  158  158  157  158  156
  156  155  155  152  152  150  149  147  146  146  144  145  144  145  143  144
  143  144  142  142  142  141  140  139  139  137  137  135  136  133  134  131
  133  131  133  131  132  130  134  129  140                                   
    82.5-180.0 180.0   5.0 450.0                            LAT/LON1/LON2/DLON/H
  133  135  141  141  138  137  139  143  145  146  148  150  151  152  153  154
  156  157  158  159  160  160  160  160  160  161  160  161  161  162  160  161
  160  160  158  156  154  152  150  148  147  146  145  145  145  146  146  146
  147  148  148  149  149  151  148  150  149  150  148  149  147  147  144  144
  142  141  140  137  137  138  136  134  133                                   
    80.0-180.0 180.0   5.0 450.0                            LAT/LON1/LON2/DLON/H
  136  135  133  134  132  133  134  139  140  144  145  149  150  153  153  155
  155  157  156  157  157  157  156  155  156  155  157  157  159  159  161  161
  162  160  160  158  157  154  152  149  148  147  146  147  148  150  150  152
  153  156  155  158  156  159  157  159  156  157  154  155  151  152  147  148
  142  143  138  138  133  136  131  134  136                                   
    77.5-180.0 180.0   5.0 450.0                            LAT/LON1/LON2/DLON/H
  134  129  130  130  129  134  135  139  141  145  147  150  152  155  155  157
  157  158  158  157  156  155  153  152  152  152  153  155  157  159  162  164
  165  166  165  164  162  160  158  156  154  154  154  155  158  161  163  167
  169  172  173  174  175  175  175  175  173  173  171  170  167  165  162  160
  155  154  150  145  140  141  134  128  134                                   
    75.0-180.0 180.0   5.0 450.0                            LAT/LON1/LON2/DLON/H
  130  127  125  127  124  128  129  135  137  142  143  148  149  154  153  156
  154  156  153  154  151  150  147  145  144  145  146  149  152  157  162  166
  168  171  171  170  168  165  163  160  158  158  158  161  163  168  171  175
  178  182  182  185  184  185  184  183  181  180  177  176  173  172  168  167
  161  160  154  150  143  145  136  132  130                                   
    72.5-180.0 180.0   5.0 450.0                            LAT/LON1/LON2/DLON/H
  130  123  121  120  119  121  122  126  128  133  136  140  143  145  147  149
  149  150  148  147  143  141  137  135  133  133  135  139  144  151  158  164
  169  173  174  175  172  172  167  166  163  165  165  170  172  178  182  187
  189  193  193  194  193  192  190  188  186  184  182  180  179  177  175  172
  169  166  162  155  149  146  140  130  130                                   
    70.0-180.0 180.0   5.0 450.0                            LAT/LON1/LON2/DLON/H
  131  122  120  116  113  114  114  118  120  125  128  133  135  139  140  144
  143  145  143  143  139  136  132  128  126  125  127  132  138  148  156  165
  171  177  179  181  178  175  171  168  167  168  171  175  181  184  190  193
  195  195  195  193  191  189  187  185  183  182  180  180  179  178  177  176
  173  171  167  162  156  152  143  137  131                                   
    67.5-180.0 180.0   5.0 450.0                            LAT/LON1/LON2/DLON/H
  133  121  117  111  105  104  103  106  108  112  116  119  123  126  129  132
  134  136  135  135  132  129  125  120  117  116  118  124  132  143  153  163
  170  177  180  182  178  177  172  172  171  173  176  182  187  192  195  198
  197  196  192  189  184  181  179  177  177  176  177  177  178  178  180  178
  178  176  174  168  163  155  148  137  133                                   
    65.0-180.0 180.0   5.0 450.0                            LAT/LON1/LON2/DLON/H
  138  127  121  112  104  101   97   99   99  103  105  111  113  118  119  124
  125  130  130  132  129  127  122  120  116  116  118  125  133  145  155  166
  174  181  183  184  182  180  177  176  176  178  184  189  196  198  202  200
  199  192  187  179  174  171  169  169  168  170  171  174  175  177  179  180
  180  181  179  176  171  165  159  148  138                                   
    62.5-180.0 180.0   5.0 450.0                            LAT/LON1/LON2/DLON/H
  147  134  124  114  103   97   91   89   88   90   93   96  100  103  106  110
  113  117  119  121  121  120  116  114  112  112  115  123  132  144  155  165
  173  179  181  183  180  179  177  178  181  184  191  196  203  205  206  202
  198  190  182  174  169  166  164  164  165  166  169  170  173  175  178  180
  182  183  184  181  179  172  166  153  147                                   
    60.0-180.0 180.0   5.0 450.0                            LAT/LON1/LON2/DLON/H
  156  144  133  122  109  101   92   88   84   84   85   88   90   93   95  100
  102  108  110  115  115  116  114  115  114  118  121  130  139  151  160  170
  177  182  183  183  182  181  180  182  186  190  197  203  209  210  209  204
  199  188  180  171  166  162  161  162  163  166  169  173  175  179  180  183
  184  187  187  188  187  181  178  165  156                                   
    57.5-180.0 180.0   5.0 450.0                            LAT/LON1/LON2/DLON/H
  168  156  143  132  116  105   94   86   80   78   77   78   80   82   83   87
   90   94   98  101  104  106  107  109  112  117  123  134  143  154  162  171
  177  181  181  182  182  183  185  187  193  198  206  211  218  217  217  210
  204  195  186  178  173  170  168  169  170  173  176  178  181  182  183  184
  186  187  190  190  192  187  185  171  168                                   
    55.0-180.0 180.0   5.0 450.0                            LAT/LON1/LON2/DLON/H
  178  168  155  145  128  116  101   93   83   78   74   74   72   74   74   77
   79   84   88   94   97  102  105  111  116  125  132  144  153  163  170  178
  182  185  186  186  188  190  191  194  197  204  210  217  221  223  220  216
  209  201  194  187  183  181  179  180  181  186  188  193  191  193  191  192
  189  193  192  196  196  195  197  182  178                                   
    52.5-180.0 180.0   5.0 450.0                            LAT/LON1/LON2/DLON/H
  188  180  166  155  139  124  109   98   88   81   75   72   68   67   66   68
   70   75   79   85   90   95  101  108  117  127  136  148  157  166  172  179
  182  185  185  189  191  195  199  200  205  209  217  221  228  228  227  222
  218  213  206  203  199  198  195  197  196  201  202  203  202  200  197  195
  193  194  195  196  197  199  200  188  188                                   
    50.0-180.0 180.0   5.0 450.0                            LAT/LON1/LON2/DLON/H
  195  185  175  167  154  139  122  111   99   90   84   77   71   67   64   64
   67   71   77   83   88   96  102  112  122  135  143  156  164  173  178  185
  188  192  192  198  201  207  209  213  213  218  223  229  234  235  232  230
  225  223  219  217  215  213  211  210  209  211  212  215  211  211  206  204
  200  201  198  202  202  203  208  193  195                                   
    47.5-180.0 180.0   5.0 450.0                            LAT/LON1/LON2/DLON/H
  199  191  181  175  163  148  135  122  111  102   94   87   77   71   65   64
   65   70   75   82   87   95  103  114  125  138  147  158  165  173  178  185
  188  193  196  203  210  217  222  221  224  226  230  234  239  239  240  236
  235  234  231  231  227  228  223  225  220  224  222  223  220  218  213  209
  205  204  203  203  204  205  206  195  199                                   
    45.0-180.0 180.0   5.0 450.0                            LAT/LON1/LON2/DLON/H
  197  185  177  175  169  160  148  138  127  118  110  100   91   80   74   69
   71   73   80   86   93  101  110  123  134  147  154  164  168  177  182  189
  192  199  203  214  219  229  231  234  234  236  239  243  246  247  246  244
  243  243  240  239  236  234  229  225  220  220  220  222  221  223  220  220
  215  215  211  212  209  207  211  199  197                                   
    42.5-180.0 180.0   5.0 450.0                            LAT/LON1/LON2/DLON/H
  194  182  172  171  168  161  154  148  141  132  123  114  103   92   81   77
   74   78   82   89   95  104  114  127  139  150  155  162  167  173  178  185
  191  200  207  219  230  241  246  248  248  248  251  254  257  257  257  255
  255  254  252  248  244  240  233  231  225  226  224  227  227  230  229  229
  226  224  221  218  214  209  205  199  194                                   
    40.0-180.0 180.0   5.0 450.0                            LAT/LON1/LON2/DLON/H
  188  172  162  163  161  160  156  155  152  148  141  131  120  105   96   87
   86   85   90   95  102  112  123  137  148  158  160  166  167  174  178  185
  191  201  209  226  238  252  257  261  260  262  264  268  272  272  271  271
  271  270  268  264  259  252  246  237  232  229  229  231  236  240  243  245
  243  240  235  230  223  214  212  201  188                                   
    37.5-180.0 180.0   5.0 450.0                            LAT/LON1/LON2/DLON/H
  188  170  155  152  151  151  151  153  154  155  151  143  129  118  106   98
   92   91   93   98  103  113  125  140  153  161  163  166  167  171  175  182
  189  200  212  228  245  259  268  272  273  276  281  287  291  292  292  293
  293  291  290  284  280  273  266  257  253  248  250  249  254  256  261  261
  260  254  249  241  234  221  211  202  188                                   
    35.0-180.0 180.0   5.0 450.0                            LAT/LON1/LON2/DLON/H
  192  167  150  145  141  143  142  149  152  158  157  154  143  131  119  107
  102   97  100  101  108  117  132  149  159  170  169  171  169  173  177  183
  192  204  218  236  251  270  278  286  286  293  297  307  312  316  316  318
  320  320  320  318  312  305  299  288  284  276  276  272  275  276  280  280
  278  273  265  256  246  231  224  210  192                                   
    32.5-180.0 180.0   5.0 450.0                            LAT/LON1/LON2/DLON/H
  198  174  152  141  135  133  134  139  145  153  156  158  148  139  125  115
  107  102  101  101  106  116  132  148  163  172  174  175  172  174  176  183
  191  204  221  239  258  275  288  293  299  303  313  323  334  340  345  348
  353  354  356  356  356  350  344  333  329  317  313  305  305  304  306  304
  299  290  280  267  256  240  227  212  198                                   
    30.0-180.0 180.0   5.0 450.0                            LAT/LON1/LON2/DLON/H
  205  178  159  146  137  134  130  135  138  149  154  158  152  146  134  123
  116  106  105  102  110  119  136  155  170  182  185  184  181  180  181  187
  193  210  224  246  261  283  294  304  310  318  328  341  352  363  368  377
  383  391  395  401  400  395  390  379  376  362  357  345  343  338  335  330
  322  311  296  282  269  251  237  222  205                                   
    27.5-180.0 180.0   5.0 450.0                            LAT/LON1/LON2/DLON/H
  212  192  172  156  145  137  133  133  135  144  150  155  152  149  136  128
  118  110  107  104  111  119  138  154  173  184  189  189  185  184  184  189
  197  213  232  249  268  283  299  306  317  324  337  350  366  376  389  399
  412  421  431  437  440  439  438  431  426  415  407  393  387  379  373  360
  348  329  311  290  277  257  239  220  212                                   
    25.0-180.0 180.0   5.0 450.0                            LAT/LON1/LON2/DLON/H
  223  203  188  172  162  153  144  142  139  145  148  155  152  151  140  133
  124  115  111  109  113  125  141  160  177  191  198  198  195  193  191  197
  203  223  236  259  272  289  298  310  321  332  343  358  371  387  398  418
  430  448  457  470  475  482  482  477  470  454  445  428  421  407  396  377
  361  339  319  299  284  263  247  233  223                                   
    22.5-180.0 180.0   5.0 450.0                            LAT/LON1/LON2/DLON/H
  236  220  206  191  181  170  160  153  149  150  152  155  154  152  142  135
  126  120  115  114  121  130  146  160  175  188  196  199  198  197  197  200
  212  228  249  264  282  291  303  311  324  332  346  358  376  391  411  429
  449  466  483  497  510  517  521  515  507  490  475  459  447  431  413  391
  369  345  321  300  283  267  246  230  236                                   
    20.0-180.0 180.0   5.0 450.0                            LAT/LON1/LON2/DLON/H
  245  234  223  210  203  193  181  173  164  162  158  160  157  157  148  140
  132  124  121  121  125  137  148  163  174  190  198  205  206  208  207  214
  224  242  258  276  289  299  310  318  328  337  348  361  376  394  412  436
  454  477  493  512  523  533  535  531  524  507  494  476  462  442  420  392
  367  342  316  297  281  262  248  241  245                                   
    17.5-180.0 180.0   5.0 450.0                            LAT/LON1/LON2/DLON/H
  252  241  238  229  223  215  205  192  181  173  167  164  160  158  151  143
  133  128  124  127  131  141  150  160  169  183  192  201  208  212  216  224
  238  257  274  289  300  312  321  330  338  345  354  366  379  395  413  432
  452  470  490  504  517  525  527  527  519  511  496  483  468  446  420  392
  363  338  308  290  272  259  246  236  252                                   
    15.0-180.0 180.0   5.0 450.0                            LAT/LON1/LON2/DLON/H
  257  242  239  236  232  228  219  209  194  185  175  171  164  163  154  147
  136  131  126  129  131  141  145  156  162  179  187  202  210  221  226  240
  251  271  284  302  313  327  336  346  349  359  362  374  384  399  410  431
  446  466  479  495  500  508  511  511  512  500  489  475  461  439  412  382
  353  327  301  285  270  254  248  246  257                                   
    12.5-180.0 180.0   5.0 450.0                            LAT/LON1/LON2/DLON/H
  257  239  236  234  234  231  227  218  207  193  185  176  170  165  158  150
  139  131  125  126  125  132  135  143  151  167  177  193  205  222  233  249
  266  285  303  321  331  348  354  366  367  375  375  386  391  404  412  425
  440  452  464  476  481  491  492  501  496  494  478  468  454  433  405  376
  345  321  294  280  263  254  246  240  257                                   
    10.0-180.0 180.0   5.0 450.0                            LAT/LON1/LON2/DLON/H
  256  235  228  228  227  225  220  214  204  194  185  177  171  167  159  153
  142  134  123  123  118  121  123  132  142  159  172  192  210  232  245  265
  281  302  319  337  351  364  376  383  386  388  387  394  399  407  413  424
  434  447  453  463  469  477  485  493  496  485  472  458  445  423  398  367
  337  313  291  278  264  252  247  243  256                                   
     7.5-180.0 180.0   5.0 450.0                            LAT/LON1/LON2/DLON/H
  248  228  222  220  219  216  214  207  204  191  187  176  174  166  161  151
  143  130  121  113  107  106  108  114  129  145  163  187  208  232  249  268
