data/unet/pred2100.15i
     1.0            IONOSPHERE MAPS     GNSS                IONEX VERSION / TYPE
pyspatialgeodesy        IME             05-JAN-18 20:20     PGM / RUN BY / DATE 
Map Name                                                    COMMENT             
Predicted global ionosphere maps (GIM).                     DESCRIPTION         
  2015     7    29     0     0     0                        EPOCH OF FIRST MAP  
  2015     7    30     0     0     0                        EPOCH OF LAST MAP   
  7200                                                      INTERVAL            
    13                                                      # OF MAPS IN FILE   
  NONE                                                      MAPPING FUNCTION    
10.0                                                        ELEVATION CUTOFF    
One-way carrier phase leveled to code                       OBSERVABLES USED    
  6371.0                                                    BASE RADIUS         
 2                                                          MAP DIMENSION       
   450.0 450.0   0.0                                        HGT1 / HGT2 / DHGT  
    87.5 -87.5  -2.5                                        LAT1 / LAT2 / DLAT  
  -180.0 180.0   5.0                                        LON1 / LON2 / DLON  
    -1                                                      EXPONENT            
                                                            END OF HEADER       
[from data line 2145]
     6                                                      START OF TEC MAP    
  2015     7    29    10     0     0                        EPOCH OF CURRENT MAP
    87.5-180.0 180.0   5.0 450.0                            LAT/LON1/LON2/DLON/H
  101  125  122  124  123  123  125  125  127  126  128  128  129  128  128  127
  127  126  126  125  125  123  123  122  121  120  119  118  118  117  117  115
  116  114  114  114  114  113  112  112  112  111  111  111  111  111  111  111
  112  112  112  113  113  113  114  114  115  114  115  115  116  115  116  115
  116  115  117  116  117  116  115  105  101                                   
    85.0-180.0 180.0   5.0 450.0                            LAT/LON1/LON2/DLON/H
  123  111  119  124  123  124  127  130  130  133  133  135  134  136  135  135
  135  135  134  134  134  133  132  132  133  132  131  130  131  130  130  128
  129  126  127  124  126  123  123  121  122  120  120  119  120  119  119  119
  119  119  118  118  118  118  117  116  116  115  114  113  113  112  111  110
  110  110  111  110  112  110  117  114  123                                   
    82.5-180.0 180.0   5.0 450.0                            LAT/LON1/LON2/DLON/H
  112  112  118  119  120  119  125  127  131  131  135  134  137  135  137  136
  136  134  134  133  133  132  132  131  132  131  131  131  132  131  132  131
  133  130  131  129  130  127  127  125  125  123  124  122  123  122  123  122
  122  122  122  121  121  120  119  118  118  115  114  112  111  108  108  105
  106  103  105  103  107  108  114  117  112                                   
    80.0-180.0 180.0   5.0 450.0                            LAT/LON1/LON2/DLON/H
  117  109  109  112  112  114  117  121  123  126  126  129  129  130  129  129
  127  126  124  123  122  120  120  118  120  118  120  119  122  121  125  124
  127  125  127  125  127  123  124  121  122  120  121  119  121  120  122  122
  124  123  124  124  124  123  123  121  120  118  116  114  111  109  106  104
  102  101   99   99  100  100  106  111  117                                   
    77.5-180.0 180.0   5.0 450.0                            LAT/LON1/LON2/DLON/H
  113  107  109  110  111  115  116  120  122  125  125  127  127  127  125  124
  122  120  117  115  113  111  109  108  108  109  109  112  113  117  118  123
  123  126  125  127  125  125  123  123  121  122  121  123  124  126  127  129
  131  132  133  134  134  134  133  132  130  128  125  123  120  118  114  112
  109  107  105  104  104  102  104  101  113                                   
    75.0-180.0 180.0   5.0 450.0                            LAT/LON1/LON2/DLON/H
  109  102  103  106  105  109  109  114  114  118  118  121  119  121  118  118
  114  113  108  107  101  101   97   98   96   99   98  104  104  111  113  119
  120  125  125  128  125  127  123  125  122  124  123  126  127  131  133  136
  138  140  141  142  142  142  140  140  137  136  133  132  127  127  121  121
  115  115  110  110  107  106  107  103  109                                   
    72.5-180.0 180.0   5.0 450.0                            LAT/LON1/LON2/DLON/H
  110  102  100  100   97  100  101  104  105  109  109  112  111  111  110  108
  105  103   99   96   93   90   88   87   86   87   89   93   97  103  108  115
  117  123  124  127  126  126  124  125  123  125  126  130  132  137  140  143
  145  147  148  149  148  148  146  145  143  141  139  137  134  132  129  127
  123  121  118  115  113  108  109  102  110                                   
    70.0-180.0 180.0   5.0 450.0                            LAT/LON1/LON2/DLON/H
  110   99   96   95   92   93   93   96   97  101  101  105  103  106  103  104
  100   99   95   93   89   86   84   83   82   83   84   90   92  102  105  115
  117  125  125  131  128  131  127  130  127  132  132  138  140  145  148  151
  151  153  152  152  149  149  146  146  143  144  141  143  140  141  138  138
  134  134  129  128  122  119  115  109  110                                   
    67.5-180.0 180.0   5.0 450.0                            LAT/LON1/LON2/DLON/H
  112  101   94   91   85   84   84   86   87   90   92   95   96   98   97   98
   96   94   92   89   86   83   80   79   77   79   80   84   88   96  102  110
  114  121  124  128  128  129  129  130  131  134  138  143  147  152  154  156
  154  154  150  148  144  142  139  139  138  139  139  141  142  143  143  143
  142  141  139  135  132  123  119  109  112                                   
    65.0-180.0 180.0   5.0 450.0                            LAT/LON1/LON2/DLON/H
  116  102   94   89   82   80   79   81   82   85   86   90   90   94   93   95
   93   93   90   89   85   84   81   81   80   82   83   88   91  100  103  114
  115  125  125  133  130  135  132  137  137  144  147  154  157  161  161  162
  157  154  148  144  139  137  134  134  133  136  137  141  143  147  148  151
  150  153  149  149  143  136  130  120  116                                   
    62.5-180.0 180.0   5.0 450.0                            LAT/LON1/LON2/DLON/H
  119  107   97   89   81   77   74   75   75   77   78   81   83   86   86   88
   87   87   84   83   81   80   78   79   79   82   83   89   91   99  104  112
  116  123  126  130  132  134  135  139  142  149  154  161  164  168  165  166
  158  154  145  140  134  130  128  127  129  131  133  138  141  146  148  152
  154  156  156  155  152  142  136  124  119                                   
    60.0-180.0 180.0   5.0 450.0                            LAT/LON1/LON2/DLON/H
  125  111   99   92   82   77   72   72   69   72   70   75   74   79   78   81
   80   80   79   79   78   78   78   81   84   88   90   96   98  107  109  118
  121  129  131  137  137  142  141  148  151  159  164  171  174  176  172  168
  160  154  145  139  134  131  128  129  130  134  135  141  144  150  151  156
  157  163  160  163  159  152  144  134  125                                   
    57.5-180.0 180.0   5.0 450.0                            LAT/LON1/LON2/DLON/H
  130  119  107   97   85   77   70   67   64   64   64   65   65   68   68   70
   69   70   70   70   71   73   75   80   85   91   94  100  102  110  112  120
  125  130  135  140  143  146  148  153  158  165  172  178  180  182  177  172
  163  158  149  144  139  135  134  133  135  137  139  143  146  149  152  155
  157  161  163  164  163  155  148  136  130                                   
    55.0-180.0 180.0   5.0 450.0                            LAT/LON1/LON2/DLON/H
  136  124  113  104   91   82   73   69   62   61   56   58   55   58   57   60
   59   62   61   64   65   70   73   82   87   97   99  109  110  119  119  128
  131  139  143  150  152  156  158  165  168  176  182  189  190  190  185  177
  170  162  156  152  149  147  145  145  146  148  148  152  152  156  155  161
  159  166  164  169  166  162  155  146  136                                   
    52.5-180.0 180.0   5.0 450.0                            LAT/LON1/LON2/DLON/H
  142  132  123  111   98   88   77   70   63   58   54   51   48   49   47   50
   50   53   53   56   59   65   71   81   89   98  104  111  115  122  124  132
  137  144  151  156  162  165  169  174  179  185  191  196  198  197  192  185
  176  172  167  166  163  162  159  159  157  158  156  157  157  158  159  161
  163  165  167  169  170  164  157  148  142                                   
    50.0-180.0 180.0   5.0 450.0                            LAT/LON1/LON2/DLON/H
  147  137  131  120  107   95   85   77   67   63   54   51   44   43   41   44
   44   49   49   54   57   65   71   83   91  102  107  118  119  129  129  140
  144  155  160  171  175  182  185  191  193  198  202  208  208  208  202  196
  188  183  180  178  177  175  172  172  169  170  166  169  165  169  166  172
  168  175  172  178  173  170  163  157  147                                   
    47.5-180.0 180.0   5.0 450.0                            LAT/LON1/LON2/DLON/H
  153  144  138  127  112  102   91   83   74   67   60   52   45   42   39   41
   43   46   48   53   56   65   72   83   92  102  108  117  121  128  134  142
  151  160  169  179  187  194  200  202  206  209  213  216  217  216  212  207
  200  198  193  193  187  186  179  179  175  176  173  173  173  172  173  174
  176  178  179  179  178  172  164  158  153                                   
    45.0-180.0 180.0   5.0 450.0                            LAT/LON1/LON2/DLON/H
  155  147  142  132  119  110  100   93   83   79   69   61   52   47   43   45
   46   51   52   59   62   71   78   89   97  107  113  122  125  135  139  152
  158  173  180  196  203  213  218  220  222  224  227  229  229  229  225  220
  213  210  204  203  195  191  183  181  177  180  177  182  178  183  179  186
  183  191  187  189  182  176  168  163  155                                   
    42.5-180.0 180.0   5.0 450.0                            LAT/LON1/LON2/DLON/H
  157  150  142  134  122  114  106  101   94   88   81   72   63   56   52   52
   53   57   60   65   68   76   82   93   99  109  114  122  126  135  143  154
  164  178  190  204  217  226  235  235  238  239  240  241  240  238  236  231
  224  220  214  211  201  195  184  182  179  181  182  184  185  186  188  190
  193  195  195  191  186  176  168  163  157                                   
    40.0-180.0 180.0   5.0 450.0                            LAT/LON1/LON2/DLON/H
  157  146  139  132  123  117  112  110  104  102   94   88   77   70   63   63
   63   67   68   74   77   86   91  102  107  117  120  129  131  142  149  163
  172  189  199  219  230  242  251  253  256  256  258  259  259  257  255  248
  244  237  228  223  211  204  192  188  186  189  189  194  192  198  195  202
  200  207  200  200  188  177  168  162  157                                   
    37.5-180.0 180.0   5.0 450.0                            LAT/LON1/LON2/DLON/H
  159  146  135  128  120  116  113  113  112  113  107  100   91   82   76   73
   72   74   75   79   82   89   95  105  110  120  123  131  137  147  156  169
  179  194  208  224  241  251  264  267  274  272  276  276  279  276  275  268
  262  252  246  237  227  218  208  205  203  205  206  207  207  207  207  207
  210  209  207  198  190  175  167  158  159                                   
    35.0-180.0 180.0   5.0 450.0                            LAT/LON1/LON2/DLON/H
  158  140  129  123  117  114  113  116  118  122  119  115  104   95   88   85
   82   82   81   84   85   94  100  111  118  129  133  143  147  158  165  178
  189  205  217  235  250  262  275  281  287  289  293  298  300  301  301  295
  291  280  274  267  257  249  241  235  232  232  230  229  224  225  219  223
  219  222  212  206  190  175  165  156  158                                   
    32.5-180.0 180.0   5.0 450.0                            LAT/LON1/LON2/DLON/H
  161  141  125  117  112  108  109  113  118  125  124  123  113  104   97   92
   88   86   83   84   85   91   97  109  116  129  136  148  155  165  172  187
  196  213  227  243  260  271  286  294  303  305  314  318  325  326  330  325
  320  310  304  296  290  284  276  271  267  265  260  257  250  245  238  235
  233  227  221  207  193  176  166  155  161                                   
    30.0-180.0 180.0   5.0 450.0                            LAT/LON1/LON2/DLON/H
  165  138  122  115  107  104  104  111  116  126  127  129  122  114  106   99
   95   91   86   85   85   93  100  113  124  138  147  159  165  174  181  193
  206  219  233  249  262  275  289  299  311  320  330  339  348  353  359  357
  353  345  341  337  334  330  325  320  314  306  299  291  283  274  264  257
  250  244  231  218  199  179  170  158  165                                   
    27.5-180.0 180.0   5.0 450.0                            LAT/LON1/LON2/DLON/H
  173  145  129  121  110  105  105  108  113  120  124  126  122  116  108  103
   98   92   87   84   85   91   98  110  121  136  148  162  170  179  185  200
  209  227  238  255  268  280  293  307  320  335  345  358  366  375  380  380
  375  372  369  372  370  374  370  366  356  346  334  324  315  303  291  279
  270  256  244  225  209  190  178  166  173                                   
    25.0-180.0 180.0   5.0 450.0                            LAT/LON1/LON2/DLON/H
  179  149  135  127  116  111  106  107  109  117  120  125  122  119  113  108
  102   96   91   88   90   95  104  116  128  142  154  168  175  183  189  201
  213  229  239  256  265  279  293  307  324  340  353  365  377  386  394  398
  399  400  404  410  416  423  423  419  406  392  376  362  349  334  320  304
  291  276  261  243  223  203  190  179  179                                   
    22.5-180.0 180.0   5.0 450.0                            LAT/LON1/LON2/DLON/H
  186  160  148  141  128  122  115  112  111  116  117  121  119  117  111  107
  102   97   92   90   92   99  106  116  126  139  152  165  173  184  191  205
  217  236  247  265  274  289  300  318  332  351  360  377  385  397  404  410
  412  421  426  440  448  456  455  448  434  418  402  387  373  358  342  324
  310  290  275  254  236  215  203  190  186                                   
    20.0-180.0 180.0   5.0 450.0                            LAT/LON1/LON2/DLON/H
  192  168  158  152  141  136  126  120  115  116  115  119  117  117  113  109
  105  100   97   96  101  106  114  122  132  142  151  163  169  183  191  206
  220  240  251  268  276  289  302  318  337  354  367  381  391  403  410  419
  426  436  447  462  473  481  479  470  457  440  425  411  399  382  365  344
  329  310  292  272  250  229  211  204  192                                   
    17.5-180.0 180.0   5.0 450.0                            LAT/LON1/LON2/DLON/H
  198  177  167  162  153  148  137  131  122  121  118  118  116  115  111  107
  103  101   97   99  103  111  116  125  131  138  146  157  167  181  193  210
  227  247  261  278  287  299  312  329  349  367  380  390  399  406  413  420
  425  439  448  464  472  479  475  467  453  438  426  414  404  390  374  354
  338  316  299  277  258  234  219  206  198                                   
    15.0-180.0 180.0   5.0 450.0                            LAT/LON1/LON2/DLON/H
  201  180  172  169  160  159  148  142  131  129  123  122  119  115  114  108
  106  102  102  103  108  114  121  126  132  137  143  155  165  183  194  216
  234  254  269  283  294  305  318  335  357  374  388  397  404  412  417  426
  430  441  453  463  473  475  471  463  453  442  433  424  415  400  383  362
  346  325  307  285  265  243  225  217  201                                   
    12.5-180.0 180.0   5.0 450.0                            LAT/LON1/LON2/DLON/H
  202  181  174  171  166  164  155  149  137  134  126  124  120  116  112  107
  104  102  100  102  106  113  118  125  129  134  140  155  166  185  201  222
  244  264  279  294  305  314  326  343  366  381  395  399  407  410  415  420
  427  436  445  455  458  460  453  449  439  431  423  415  406  394  378  360
  342  321  304  283  265  242  227  214  202                                   
    10.0-180.0 180.0   5.0 450.0                            LAT/LON1/LON2/DLON/H
  201  179  175  172  168  168  159  155  144  140  131  128  123  118  115  107
  105  100  100  100  105  110  116  122  126  133  141  159  171  192  206  230
  249  268  285  296  312  318  332  347  367  381  393  398  405  411  415  424
  428  440  447  454  456  455  451  447  441  436  430  422  411  396  377  357
  340  321  303  284  265  244  227  218  201                                   
     7.5-180.0 180.0   5.0 450.0                            LAT/LON1/LON2/DLON/H
  201  179  174  170  167  164  158  154  144  140  130  128  121  116  110  104
  101   97   96   95   99  101  108  114  120  131  142  165  176  199  215  239
