data/unet/pred0900.15i
     1.0            IONOSPHERE MAPS     GNSS                IONEX VERSION / TYPE
pyspatialgeodesy        IME             05-JAN-18 20:20     PGM / RUN BY / DATE 
Map Name                                                    COMMENT             
Predicted global ionosphere maps (GIM).                     DESCRIPTION         
  2015     3    31     0     0     0                        EPOCH OF FIRST MAP  
  2015     4     1     0     0     0                        EPOCH OF LAST MAP   
  7200                                                      INTERVAL            
    13                                                      # OF MAPS IN FILE   
  NONE                                                      MAPPING FUNCTION    
10.0                                                        ELEVATION CUTOFF    
One-way carrier phase leveled to code                       OBSERVABLES USED    
  6371.0                                                    BASE RADIUS         
 2                                                          MAP DIMENSION       
   450.0 450.0   0.0                                        HGT1 / HGT2 / DHGT  
    87.5 -87.5  -2.5                                        LAT1 / LAT2 / DLAT  
  -180.0 180.0   5.0                                        LON1 / LON2 / DLON  
    -1                                                      EXPONENT            
                                                            END OF HEADER       
[from data line 3861]
    10                                                      START OF TEC MAP    
  2015     3    31    18     0     0                        EPOCH OF CURRENT MAP
    87.5-180.0 180.0   5.0 450.0                            LAT/LON1/LON2/DLON/H
  231  204  212  213  214  209  214  210  215  212  215  213  216  213  215  212
  214  211  213  211  212  209  211  208  209  207  207  206  206  205  204  204
  203  203  202  202  200  201  199  200  198  199  197  198  197  196  195  195
  195  195  194  195  196  196  198  198  201  201  204  204  208  207  210  209
  212  211  215  212  215  212  217  207  231                                   
    85.0-180.0 180.0   5.0 450.0                            LAT/LON1/LON2/DLON/H
  205  199  206  208  207  207  207  209  208  211  209  212  210  213  210  213
  210  213  210  213  211  213  210  212  210  211  209  210  207  209  205  207
  203  204  201  202  199  199  195  196  193  194  192  193  191  192  190  190
  189  192  189  193  191  196  194  199  198  202  201  204  204  205  204  205
  205  206  205  205  204  199  207  207  205                                   
    82.5-180.0 180.0   5.0 450.0                            LAT/LON1/LON2/DLON/H
  200  188  193  194  195  194  195  196  198  198  200  201  202  203  204  204
  205  206  206  207  207  209  208  209  208  209  208  208  207  206  204  204
  202  201  198  197  193  193  189  189  186  185  183  183  183  182  182  183
  184  185  186  187  190  190  193  193  196  196  197  197  199  198  198  197
  198  198  198  196  195  187  191  186  200                                   
    80.0-180.0 180.0   5.0 450.0                            LAT/LON1/LON2/DLON/H
  183  182  177  181  181  182  182  185  185  189  189  192  193  195  196  198
  199  201  202  204  205  206  206  208  207  208  206  207  204  205  201  201
  197  196  191  191  186  185  180  179  174  173  170  170  170  170  171  172
  174  175  177  179  181  182  183  185  186  186  185  186  185  185  184  184
  182  184  181  182  178  173  173  166  183                                   
    77.5-180.0 180.0   5.0 450.0                            LAT/LON1/LON2/DLON/H
  159  164  162  161  164  165  168  170  174  177  181  185  188  191  194  196
  197  199  201  203  204  205  207  207  209  208  210  208  207  204  202  199
  196  193  189  186  182  179  174  171  165  163  159  159  158  160  161  164
  166  168  171  172  175  175  177  176  178  174  175  172  173  168  169  165
  166  163  163  161  160  154  157  150  159                                   
    75.0-180.0 180.0   5.0 450.0                            LAT/LON1/LON2/DLON/H
  143  153  150  152  156  157  162  164  171  175  181  185  192  194  198  199
  203  204  207  207  209  210  213  214  217  217  218  215  215  209  208  202
  198  194  190  186  183  178  175  167  164  158  157  152  154  153  157  157
  162  163  167  167  170  169  170  167  166  163  160  158  154  152  149  147
  144  145  144  143  142  139  143  140  143                                   
    72.5-180.0 180.0   5.0 450.0                            LAT/LON1/LON2/DLON/H
  133  144  143  146  150  153  159  163  171  175  185  190  198  203  209  211
  214  215  217  218  220  223  226  229  232  232  233  230  227  220  216  208
  203  197  193  189  185  181  176  171  165  160  156  154  153  152  155  155
  159  159  163  162  164  162  161  157  155  150  146  141  139  134  131  127
  127  125  126  126  126  124  132  133  133                                   
    70.0-180.0 180.0   5.0 450.0                            LAT/LON1/LON2/DLON/H
  128  142  142  149  153  158  164  170  178  185  195  202  210  215  221  223
  225  227  228  230  232  237  240  244  247  247  248  243  240  230  225  215
  209  202  198  193  190  185  182  175  172  166  164  157  157  153  155  153
  155  155  157  155  155  152  149  144  139  133  128  122  118  114  111  109
  108  109  109  111  111  112  122  125  128                                   
    67.5-180.0 180.0   5.0 450.0                            LAT/LON1/LON2/DLON/H
  125  139  144  152  159  165  173  180  189  197  207  213  222  227  233  237
  239  241  241  243  245  249  253  256  259  260  261  256  251  242  234  222
  215  208  203  199  194  190  184  180  174  170  164  160  155  152  151  148
  149  147  148  144  143  137  133  127  121  115  109  104  101   98   95   93
   93   94   95   99  100  102  113  116  125                                   
    65.0-180.0 180.0   5.0 450.0                            LAT/LON1/LON2/DLON/H
  124  138  144  156  163  173  182  191  200  208  217  224  233  237  242  245
  247  249  248  251  251  257  260  266  270  271  272  267  264  253  245  233
  224  216  211  206  201  196  190  185  180  174  169  161  156  148  145  140
  138  134  133  128  125  118  114  106  102   94   92   86   85   83   82   80
   80   82   83   87   89   93  105  107  124                                   
    62.5-180.0 180.0   5.0 450.0                            LAT/LON1/LON2/DLON/H
  117  130  142  154  167  178  190  198  207  214  221  229  236  242  247  251
  252  254  253  254  256  259  263  267  270  274  275  273  270  262  255  244
  234  225  219  213  207  201  195  189  182  176  168  162  153  146  139  131
  127  121  118  112  109  102   96   90   85   82   78   76   74   74   71   72
   71   73   72   76   79   83   93   94  117                                   
    60.0-180.0 180.0   5.0 450.0                            LAT/LON1/LON2/DLON/H
  109  126  135  154  166  183  194  207  211  221  225  232  237  239  245  246
  251  253  252  254  253  259  261  266  271  274  279  278  278  272  268  259
  251  241  235  227  219  213  204  198  190  183  174  166  156  146  135  124
  116  109  105   99   96   89   87   80   80   75   75   72   73   71   71   69
   67   68   66   69   69   75   85   83  109                                   
    57.5-180.0 180.0   5.0 450.0                            LAT/LON1/LON2/DLON/H
   98  116  130  149  168  184  199  211  218  227  228  234  234  239  240  243
  246  248  249  248  250  251  256  260  265  271  276  281  281  281  278  275
  267  259  251  241  233  222  215  205  198  191  182  175  164  152  138  123
  113  104  100   94   92   88   86   84   82   82   80   81   77   79   74   74
   70   70   67   67   68   70   77   69   98                                   
    55.0-180.0 180.0   5.0 450.0                            LAT/LON1/LON2/DLON/H
   96  116  130  157  174  196  211  224  233  242  239  242  238  237  239  236
  244  242  246  245  246  249  252  258  264  270  279  284  292  293  296  291
  289  278  272  260  251  238  229  219  211  204  197  189  178  164  148  130
  118  107  104   99   99   97   98   96   98   96   98   95   94   92   87   86
   80   81   77   77   75   74   81   66   96                                   
    52.5-180.0 180.0   5.0 450.0                            LAT/LON1/LON2/DLON/H
   95  118  135  159  183  205  223  239  249  256  254  255  248  249  244  245
  244  244  244  243  244  246  252  257  265  275  283  295  301  312  313  314
  308  301  290  278  266  253  244  234  226  219  212  205  194  179  162  145
  132  122  117  116  115  116  117  120  120  122  119  120  114  113  106  104
   97   96   92   90   86   82   85   75   95                                   
    50.0-180.0 180.0   5.0 450.0                            LAT/LON1/LON2/DLON/H
  112  133  148  178  201  229  247  267  277  283  280  280  271  264  260  253
  258  251  252  248  249  252  258  265  273  282  294  304  318  325  332  328
  327  314  306  293  283  271  261  251  242  236  229  221  212  197  181  164
  153  143  141  138  141  139  144  143  147  147  147  144  141  137  130  128
  121  120  117  116  109  105  110   96  112                                   
    47.5-180.0 180.0   5.0 450.0                            LAT/LON1/LON2/DLON/H
  128  148  165  193  220  248  268  288  300  310  309  310  301  294  286  283
  279  273  265  260  260  263  269  277  285  297  306  320  330  341  343  342
  335  325  313  301  293  282  274  263  255  246  240  232  223  211  196  182
  173  167  164  164  163  164  165  167  168  171  168  169  162  160  153  150
  144  143  141  140  133  126  136  123  128                                   
    45.0-180.0 180.0   5.0 450.0                            LAT/LON1/LON2/DLON/H
  153  176  194  221  246  276  298  318  334  343  347  344  340  330  325  313
  312  297  289  278  277  280  287  294  302  313  325  336  345  348  351  344
  341  326  318  309  303  298  289  278  266  256  249  240  232  219  209  197
  192  187  187  182  183  178  180  180  183  184  186  183  182  178  174  171
  166  165  164  166  162  155  162  144  153                                   
    42.5-180.0 180.0   5.0 450.0                            LAT/LON1/LON2/DLON/H
  172  196  215  237  265  291  314  336  355  370  377  378  375  368  363  357
  345  333  317  307  301  304  309  317  324  336  347  355  359  358  355  349
  339  328  322  317  316  311  304  291  278  263  252  241  232  221  214  208
  206  203  201  197  192  187  183  185  186  190  190  193  191  192  186  184
  178  177  178  179  179  171  180  163  172                                   
    40.0-180.0 180.0   5.0 450.0                            LAT/LON1/LON2/DLON/H
  190  215  233  262  283  311  332  355  380  397  413  414  418  410  404  390
  380  361  348  334  328  329  334  343  351  364  373  378  378  372  365  356
  347  342  341  344  347  347  336  319  298  276  259  242  232  222  220  216
  219  216  214  204  197  186  184  181  184  186  191  191  197  198  195  192
  185  185  182  187  184  180  185  171  190                                   
    37.5-180.0 180.0   5.0 450.0                            LAT/LON1/LON2/DLON/H
  188  212  234  260  290  313  338  364  395  418  436  444  448  445  437  427
  415  400  381  366  358  357  362  368  379  386  397  396  396  386  378  373
  366  370  379  391  406  405  392  367  337  304  273  254  238  231  226  226
  225  222  217  207  198  189  185  181  184  185  188  191  196  198  197  192
  186  179  177  173  172  168  180  170  188                                   
    35.0-180.0 180.0   5.0 450.0                            LAT/LON1/LON2/DLON/H
  185  206  232  266  290  321  343  374  406  431  456  466  475  474  468  457
  444  429  415  399  392  388  391  394  402  412  426  427  426  422  413  417
  418  436  456  477  495  490  469  426  371  335  298  280  258  249  244  242
  239  235  225  215  202  194  186  186  187  192  197  198  202  202  202  194
  187  176  168  162  154  151  156  160  185                                   
    32.5-180.0 180.0   5.0 450.0                            LAT/LON1/LON2/DLON/H
  167  192  219  255  289  315  341  375  412  441  464  482  495  498  497  489
  475  461  449  435  429  421  422  420  430  438  453  458  464  463  464  478
  490  522  550  572  583  574  529  481  414  376  328  313  288  276  266  266
  259  255  240  236  220  222  213  218  217  214  213  212  215  214  214  203
  192  171  159  142  133  127  133  145  167                                   
    30.0-180.0 180.0   5.0 450.0                            LAT/LON1/LON2/DLON/H
  165  182  217  258  291  321  347  385  419  445  470  490  508  521  520  514
  497  487  477  468  462  455  451  449  457  465  486  496  512  526  545  571
  596  630  667  690  689  670  616  554  469  424  376  355  329  326  318  317
  306  294  278  267  255  252  248  250  249  249  248  249  248  243  232  216
  196  176  160  147  135  133  121  139  165                                   
    27.5-180.0 180.0   5.0 450.0                            LAT/LON1/LON2/DLON/H
  163  188  219  262  296  325  354  393  427  456  477  502  522  538  545  541
  527  518  510  501  495  484  478  472  481  494  518  539  571  598  632  669
  707  741  769  771  762  729  663  582  497  455  415  398  378  372  358  357
  341  335  319  310  301  301  296  295  290  291  286  289  291  289  281  263
  245  212  186  157  147  138  126  146  163                                   
    25.0-180.0 180.0   5.0 450.0                            LAT/LON1/LON2/DLON/H
  182  193  232  272  311  335  363  406  439  471  490  516  537  558  564  564
  553  546  543  534  526  515  506  500  508  524  561  597  645  686  730  764
  791  816  826  824  798  759  691  608  519  477  446  429  420  419  414  410
  396  387  376  373  372  371  367  359  348  340  330  314  303  288  281  263
  252  231  216  193  169  157  145  162  182                                   
    22.5-180.0 180.0   5.0 450.0                            LAT/LON1/LON2/DLON/H
  204  214  247  288  322  348  377  416  453  489  510  537  557  578  587  589
  587  582  583  573  562  545  537  528  542  565  614  666  726  762  802  834
  854  872  878  856  820  760  688  604  527  495  467  455  446  440  437  433
  430  431  426  434  426  433  421  427  412  401  376  348  327  301  290  276
  263  248  227  217  203  189  168  176  204                                   
    20.0-180.0 180.0   5.0 450.0                            LAT/LON1/LON2/DLON/H
  219  221  261  296  334  356  385  426  465  506  526  553  573  601  609  621
  625  627  627  613  599  579  570  565  585  621  684  736  785  824  859  885
  899  904  896  862  814  748  675  589  519  486  467  457  446  440  436  436
  437  447  454  466  466  474  475  472  459  447  412  376  344  314  297  281
  270  258  240  221  208  199  187  192  219                                   
    17.5-180.0 180.0   5.0 450.0                            LAT/LON1/LON2/DLON/H
  225  233  268  312  341  367  394  434  479  520  546  572  592  618  630  647
  662  671  676  659  640  620  614  612  641  688  744  788  837  865  897  906
  914  898  879  835  785  721  638  551  488  460  445  435  425  418  421  428
  443  456  472  491  500  516  509  511  489  465  427  384  351  316  303  284
  281  268  257  236  217  201  198  203  225                                   
    15.0-180.0 180.0   5.0 450.0                            LAT/LON1/LON2/DLON/H
  219  224  266  307  353  370  396  433  487  525  556  582  608  637  654  680
  698  718  720  708  689  670  666  674  708  748  793  832  869  897  909  910
  894  870  837  795  750  679  595  505  446  409  397  383  378  375  389  409
  435  453  481  504  519  532  531  520  495  464  430  380  345  309  295  278
  278  267  261  241  223  204  202  203  219                                   
    12.5-180.0 180.0   5.0 450.0                            LAT/LON1/LON2/DLON/H
  202  212  246  292  338  377  402  441  497  538  566  595  625  657  684  714
  742  759  765  750  737  722  723  739  765  794  834  860  892  900  907  887
  862  830  797  761  722  650  574  488  425  380  356  336  336  339  362  394
  428  460  481  513  517  527  511  489  466  434  399  360  325  296  283  272
  272  260  254  232  218  197  193  190  202                                   
    10.0-180.0 180.0   5.0 450.0                            LAT/LON1/LON2/DLON/H
  185  195  232  274  322  364  402  446  506  547  580  611  642  680  715  752
  783  804  805  796  783  774  776  792  811  837  869  894  904  908  896  875
  836  802  769  741  703  645  571  481  409  340  312  288  302  314  351  390
  428  459  492  510  510  509  489  471  441  409  370  338  303  276  262  251
  250  240  234  216  204  189  180  182  185                                   
     7.5-180.0 180.0   5.0 450.0                            LAT/LON1/LON2/DLON/H
  174  181  218  258  312  355  399  453  513  562  593  624  661  703  741  781
  817  838  841  833  823  816  820  837  857  876  900  904  907  895  883  854
