data/unet/pred1130.15i
     1.0            IONOSPHERE MAPS     GNSS                IONEX VERSION / TYPE
pyspatialgeodesy        IME             05-JAN-18 20:20     PGM / RUN BY / DATE 
Map Name                                                    COMMENT             
Predicted global ionosphere maps (GIM).                     DESCRIPTION         
  2015     4    23     0     0     0                        EPOCH OF FIRST MAP  
  2015     4    24     0     0     0                        EPOCH OF LAST MAP   
  7200                                                      INTERVAL            
    13                                                      # OF MAPS IN FILE   
  NONE                                                      MAPPING FUNCTION    
10.0                                                        ELEVATION CUTOFF    
One-way carrier phase leveled to code                       OBSERVABLES USED    
  6371.0                                                    BASE RADIUS         
 2                                                          MAP DIMENSION       
   450.0 450.0   0.0                                        HGT1 / HGT2 / DHGT  
    87.5 -87.5  -2.5                                        LAT1 / LAT2 / DLAT  
  -180.0 180.0   5.0                                        LON1 / LON2 / DLON  
    -1                                                      EXPONENT            
                                                            END OF HEADER       
[from data line 3432]
     9                                                      START OF TEC MAP    
  2015     4    23    16     0     0                        EPOCH OF CURRENT MAP
    87.5-180.0 180.0   5.0 450.0                            LAT/LON1/LON2/DLON/H
  234  242  245  246  247  246  248  249  251  251  253  253  255  254  256  254
  256  254  256  254  255  253  254  252  252  251  251  250  250  249  249  250
  249  251  252  254  254  256  255  257  255  257  254  256  253  256  252  255
  252  255  252  255  252  254  251  253  250  251  249  250  248  248  247  248
  247  248  247  244  241  240  245  236  234                                   
    85.0-180.0 180.0   5.0 450.0                            LAT/LON1/LON2/DLON/H
  236  242  239  247  244  248  247  252  252  256  256  258  259  260  260  260
  260  260  260  260  260  260  258  258  256  257  255  255  254  254  253  253
  253  254  254  255  255  256  256  256  256  255  255  254  254  252  253  250
  251  249  252  248  251  246  250  245  249  243  247  242  246  241  245  241
  245  242  245  242  241  235  239  231  236                                   
    82.5-180.0 180.0   5.0 450.0                            LAT/LON1/LON2/DLON/H
  237  239  236  236  237  239  242  245  247  249  250  252  252  253  253  254
  253  254  253  254  253  253  251  251  249  249  248  249  246  247  245  246
  244  246  244  246  244  246  244  247  244  246  244  246  243  245  243  244
  242  243  242  242  242  241  242  240  241  239  239  238  239  237  239  238
  240  239  241  238  236  229  229  223  237                                   
    80.0-180.0 180.0   5.0 450.0                            LAT/LON1/LON2/DLON/H
  219  219  218  221  221  226  227  232  233  236  236  240  238  241  239  241
  240  241  240  241  240  241  240  240  238  239  238  239  237  238  235  237
  234  237  234  237  234  238  236  238  235  237  234  236  232  234  231  233
  231  233  231  233  232  232  232  231  230  228  228  227  227  225  225  225
  224  225  224  224  219  220  212  210  219                                   
    77.5-180.0 180.0   5.0 450.0                            LAT/LON1/LON2/DLON/H
  206  206  203  203  205  210  215  216  220  220  225  225  228  227  229  228
  229  228  230  229  231  229  232  229  231  228  231  228  231  228  230  228
  231  229  233  232  235  234  236  235  235  235  233  233  231  232  229  231
  229  231  229  231  229  230  228  229  227  226  224  223  221  219  218  216
  214  213  212  210  205  202  201  200  206                                   
    75.0-180.0 180.0   5.0 450.0                            LAT/LON1/LON2/DLON/H
  196  196  196  196  201  203  208  208  212  214  218  218  221  221  223  222
  223  222  224  225  227  228  231  232  232  233  234  234  234  233  233  232
  233  232  235  234  236  237  239  239  240  239  238  237  236  234  233  232
  232  232  233  233  232  232  232  230  230  227  226  223  221  217  215  211
  209  206  206  203  201  199  197  196  196                                   
    72.5-180.0 180.0   5.0 450.0                            LAT/LON1/LON2/DLON/H
  193  194  195  196  198  199  203  203  207  208  211  213  216  216  218  218
  218  219  221  223  226  229  234  236  240  240  245  241  244  241  243  240
  242  241  244  244  247  248  250  251  251  250  248  246  243  242  239  238
  236  236  234  235  233  234  231  231  228  226  223  220  217  213  209  205
  201  200  198  198  196  193  196  194  193                                   
    70.0-180.0 180.0   5.0 450.0                            LAT/LON1/LON2/DLON/H
  181  185  191  194  198  199  203  202  205  206  211  211  215  215  217  216
  218  219  222  225  229  235  241  246  250  254  255  255  253  251  249  248
  247  248  251  252  256  259  261  263  262  262  259  256  253  248  245  242
  239  238  236  234  233  231  229  228  226  222  219  216  212  207  203  197
  193  190  189  189  190  189  191  186  181                                   
    67.5-180.0 180.0   5.0 450.0                            LAT/LON1/LON2/DLON/H
  170  180  186  191  194  198  201  202  204  207  210  214  216  218  217  220
  220  223  226  232  236  243  251  257  262  265  268  264  264  258  257  253
  254  255  259  262  266  269  274  274  275  273  270  264  260  254  249  244
  239  235  231  229  225  224  220  220  215  213  207  204  197  193  186  183
  177  176  172  176  173  176  182  174  170                                   
    65.0-180.0 180.0   5.0 450.0                            LAT/LON1/LON2/DLON/H
  151  164  175  182  192  196  203  203  210  211  218  219  224  223  226  226
  229  231  235  240  247  255  263  270  274  276  275  273  268  264  260  258
  258  260  265  269  276  281  287  289  290  287  283  275  269  260  253  245
  238  233  227  224  218  216  211  209  204  200  193  188  180  175  167  162
  156  155  153  154  153  157  161  156  151                                   
    62.5-180.0 180.0   5.0 450.0                            LAT/LON1/LON2/DLON/H
  132  145  158  170  179  189  196  202  206  212  217  223  226  232  232  236
  235  240  242  249  255  264  271  277  279  279  279  275  272  268  266  263
  264  266  271  277  285  292  299  301  303  299  296  286  278  267  258  248
  238  231  223  218  211  208  201  199  191  189  179  176  164  158  146  141
  133  132  128  130  126  130  136  135  132                                   
    60.0-180.0 180.0   5.0 450.0                            LAT/LON1/LON2/DLON/H
  110  120  137  149  166  177  190  195  205  210  220  224  232  235  239  241
  244  246  250  256  261  268  275  278  281  280  279  275  273  271  269  268
  269  271  277  284  295  302  312  314  317  312  309  297  290  276  267  254
  244  234  225  218  211  206  197  194  185  179  170  164  153  143  132  124
  116  112  108  107  103  106  109  109  110                                   
    57.5-180.0 180.0   5.0 450.0                            LAT/LON1/LON2/DLON/H
   95  103  116  134  149  165  178  188  196  205  212  222  229  236  239  245
  247  254  256  261  263  267  271  273  275  274  275  272  274  273  277  276
  280  281  287  293  304  312  322  324  328  323  319  309  302  290  279  266
  253  242  231  223  215  208  200  196  186  182  170  164  150  140  125  116
  106  103   97   94   86   85   86   88   95                                   
    55.0-180.0 180.0   5.0 450.0                            LAT/LON1/LON2/DLON/H
   85   87  100  113  136  150  168  177  190  200  212  221  230  237  245  250
  256  262  265  269  268  270  271  272  274  273  275  276  280  283  288  292
  294  295  301  307  319  326  336  338  341  335  332  323  317  304  293  281
  268  257  245  235  227  219  212  206  198  192  181  173  159  150  134  123
  113  106   99   95   87   87   83   77   85                                   
    52.5-180.0 180.0   5.0 450.0                            LAT/LON1/LON2/DLON/H
   88   89   98  112  129  149  166  178  187  201  209  220  227  237  243  255
  261  272  274  279  276  276  275  274  276  277  281  284  292  296  306  308
  314  313  319  323  334  341  352  351  354  348  346  336  331  320  308  296
  284  274  261  253  242  235  227  224  215  213  201  194  180  170  155  144
  133  126  119  115  104   97   93   83   88                                   
    50.0-180.0 180.0   5.0 450.0                            LAT/LON1/LON2/DLON/H
  104   97  106  117  136  153  170  180  192  202  213  222  232  241  255  267
  279  290  294  297  294  293  292  291  293  295  299  305  314  321  328  331
  336  335  339  343  352  358  367  366  367  360  358  348  343  332  323  311
  300  289  277  269  259  251  243  238  234  230  225  218  206  198  185  177
  166  157  151  145  136  127  121  108  104                                   
    47.5-180.0 180.0   5.0 450.0                            LAT/LON1/LON2/DLON/H
  134  123  122  132  145  166  181  195  205  215  221  228  236  246  260  277
  292  306  310  315  314  314  316  315  319  321  325  329  339  344  352  353
  359  356  359  360  368  373  381  380  380  374  370  361  352  344  333  322
  310  299  288  279  269  261  252  250  244  244  237  237  227  221  209  203
  194  189  182  179  170  163  155  139  134                                   
    45.0-180.0 180.0   5.0 450.0                            LAT/LON1/LON2/DLON/H
  162  149  146  152  168  184  202  212  226  232  240  243  254  262  280  297
  315  330  337  341  342  345  347  347  349  350  352  356  362  367  374  376
  381  378  380  380  386  391  399  401  401  392  384  370  361  347  339  325
  315  303  291  282  271  261  253  249  247  248  248  247  243  238  231  225
  220  215  213  210  206  199  193  173  162                                   
    42.5-180.0 180.0   5.0 450.0                            LAT/LON1/LON2/DLON/H
  190  178  169  174  186  203  218  236  249  257  262  266  272  281  295  319
  336  356  363  373  376  380  384  387  388  387  387  387  390  392  398  397
  402  398  401  399  406  414  422  423  419  410  397  385  371  357  345  331
  322  307  298  286  275  262  252  245  240  242  241  245  244  243  236  233
  226  224  221  224  222  222  219  200  190                                   
    40.0-180.0 180.0   5.0 450.0                            LAT/LON1/LON2/DLON/H
  207  200  191  190  203  217  240  253  272  278  289  291  299  306  324  345
  367  384  391  403  409  419  424  428  427  424  419  416  416  415  419  421
  426  427  428  432  438  445  450  451  445  433  418  402  387  369  357  340
  329  311  301  287  277  263  250  240  235  230  232  234  238  235  233  229
  228  226  227  228  230  229  230  213  207                                   
    37.5-180.0 180.0   5.0 450.0                            LAT/LON1/LON2/DLON/H
  213  203  196  196  204  219  241  261  282  295  307  315  317  333  347  375
  394  414  422  437  448  460  466  472  467  463  454  452  449  451  456  460
  468  469  473  476  479  480  481  478  466  455  441  426  408  382  365  341
  329  308  300  283  278  263  261  252  246  237  231  231  232  229  226  223
  220  217  215  216  214  220  225  214  213                                   
    35.0-180.0 180.0   5.0 450.0                            LAT/LON1/LON2/DLON/H
  206  205  196  197  204  216  244  263  293  308  327  336  347  359  379  403
  428  445  458  471  483  498  504  513  504  502  492  489  490  498  506  516
  524  529  532  532  532  529  524  517  505  484  463  446  428  407  385  363
  347  329  316  300  287  277  269  262  256  247  242  243  243  241  236  232
  228  218  211  209  206  206  213  202  206                                   
    32.5-180.0 180.0   5.0 450.0                            LAT/LON1/LON2/DLON/H
  198  186  180  181  189  204  231  260  293  319  339  359  370  389  406  431
  452  472  487  502  519  531  539  544  537  534  528  535  541  558  571  586
  596  602  604  605  598  590  576  565  537  513  492  477  463  445  429  415
  398  384  360  346  321  314  297  297  282  276  264  262  252  255  250  252
  251  236  220  209  201  197  198  189  198                                   
    30.0-180.0 180.0   5.0 450.0                            LAT/LON1/LON2/DLON/H
  181  181  170  173  179  196  221  251  292  319  349  372  395  412  435  454
  475  491  509  527  545  560  566  572  565  570  571  588  602  627  646  675
  695  710  708  698  684  667  648  626  592  562  536  517  499  485  471  462
  452  441  420  407  382  376  358  350  332  318  306  299  294  292  284  282
  276  268  249  237  221  205  191  181  181                                   
    27.5-180.0 180.0   5.0 450.0                            LAT/LON1/LON2/DLON/H
  155  172  169  164  166  178  206  240  284  320  354  385  412  439  459  479
  495  513  532  553  574  587  597  601  603  613  630  655  687  721  759  794
  808  814  799  777  744  717  689  665  639  602  578  561  546  534  526  517
  510  502  488  475  456  445  428  415  397  380  369  368  359  356  341  336
  320  309  287  271  250  240  211  171  155                                   
    25.0-180.0 180.0   5.0 450.0                            LAT/LON1/LON2/DLON/H
  160  186  174  171  171  179  201  236  275  314  353  387  420  447  473  494
  513  531  550  576  600  613  628  639  650  675  705  746  781  828  863  903
  914  920  888  864  820  788  751  716  683  657  628  607  587  574  560  551
  544  541  525  517  498  497  481  477  462  458  456  453  455  439  432  411
  392  363  334  300  278  249  234  185  160                                   
    22.5-180.0 180.0   5.0 450.0                            LAT/LON1/LON2/DLON/H
  193  199  182  179  186  198  215  239  269  309  346  380  418  445  475  500
  524  547  572  596  618  631  653  671  703  739  777  822  878  921  960  993
 1006  996  967  921  877  829  796  759  731  697  676  644  622  597  583  569
  563  560  550  542  532  530  529  532  541  547  554  550  541  519  498  478
  457  433  392  359  321  284  259  210  193                                   
    20.0-180.0 180.0   5.0 450.0                            LAT/LON1/LON2/DLON/H
  234  214  202  185  185  195  231  256  286  311  345  378  408  443  472  506
  529  557  581  606  633  651  680  717  754  792  848  908  955 1000 1030 1050
 1054 1036  995  953  896  852  820  788  766  738  719  688  654  623  598  588
  574  574  555  554  542  554  560  581  590  607  602  607  596  568  545  510
  492  462  436  405  364  328  291  253  234                                   
    17.5-180.0 180.0   5.0 450.0                            LAT/LON1/LON2/DLON/H
  261  230  210  200  198  200  219  256  290  325  338  373  396  431  463  494
  531  560  589  616  647  668  709  752  794  844  908  961 1007 1036 1057 1062
 1059 1032  994  941  890  853  826  804  786  761  739  699  665  615  587  565
  551  543  536  532  535  547  577  596  614  619  621  627  617  589  564  532
  512  481  457  425  390  352  318  288  261                                   
    15.0-180.0 180.0   5.0 450.0                            LAT/LON1/LON2/DLON/H
  271  240  220  200  194  203  215  240  277  317  347  370  396  424  455  498
  535  575  605  630  664  692  737  779  828  885  946  987 1021 1036 1041 1031
 1020  995  954  903  863  834  820  804  796  773  744  694  643  592  552  527
  506  501  494  496  498  519  544  575  601  608  622  626  621  580  565  522
  515  470  458  423  392  363  322  303  271                                   
    12.5-180.0 180.0   5.0 450.0                            LAT/LON1/LON2/DLON/H
  268  240  211  200  192  201  217  243  274  310  342  378  389  427  456  497
  536  585  613  649  682  719  768  803  859  914  964  987 1005 1001  992  977
  959  938  896  862  834  819  809  808  800  785  745  684  620  556  513  482
  464  463  458  468  469  495  514  544  567  590  601  604  597  567  538  508
  492  453  432  397  375  351  318  296  268                                   
    10.0-180.0 180.0   5.0 450.0                            LAT/LON1/LON2/DLON/H
  246  221  205  185  182  185  201  231  269  300  335  372  398  426  459  513
  554  605  632  665  711  753  793  829  881  928  963  970  969  952  936  919
  900  875  847  830  815  809  807  807  808  789  746  679  611  545  499  470
  457  461  461  461  453  471  479  511  535  558  573  569  554  520  491  465
  441  415  393  361  345  328  304  275  246                                   
     7.5-180.0 180.0   5.0 450.0                            LAT/LON1/LON2/DLON/H
  218  206  187  174  167  165  184  225  271  312  343  380  413  439  472  527
  570  618  646  681  727  778  817  849  898  929  948  934  922  896  880  864
