data/unet/pred0110.15i
     1.0            IONOSPHERE MAPS     GNSS                IONEX VERSION / TYPE
pyspatialgeodesy        IME             05-JAN-18 20:20     PGM / RUN BY / DATE 
Map Name                                                    COMMENT             
Predicted global ionosphere maps (GIM).                     DESCRIPTION         
  2015     1    11     0     0     0                        EPOCH OF FIRST MAP  
  2015     1    12     0     0     0                        EPOCH OF LAST MAP   
  7200                                                      INTERVAL            
    13                                                      # OF MAPS IN FILE   
  NONE                                                      MAPPING FUNCTION    
10.0                                                        ELEVATION CUTOFF    
One-way carrier phase leveled to code                       OBSERVABLES USED    
  6371.0                                                    BASE RADIUS         
 2                                                          MAP DIMENSION       
   450.0 450.0   0.0                                        HGT1 / HGT2 / DHGT  
    87.5 -87.5  -2.5                                        LAT1 / LAT2 / DLAT  
  -180.0 180.0   5.0                                        LON1 / LON2 / DLON  
    -1                                                      EXPONENT            
                                                            END OF HEADER       
[from data line 858]
     3                                                      START OF TEC MAP    
  2015     1    11     4     0     0                        EPOCH OF CURRENT MAP
    87.5-180.0 180.0   5.0 450.0                            LAT/LON1/LON2/DLON/H
   55   84   78   72   76   69   74   69   74   69   74   70   74   70   74   71
   74   71   74   71   75   72   75   72   75   72   75   71   75   71   74   71
   74   71   73   70   72   69   71   68   69   67   69   67   68   67   68   67
   68   67   68   67   68   68   69   68   70   69   72   70   73   71   74   71
   75   72   77   75   79   74   88   58   55                                   
    85.0-180.0 180.0   5.0 450.0                            LAT/LON1/LON2/DLON/H
   96   86   67   68   69   63   66   63   66   64   67   66   68   67   69   69
   70   69   69   68   69   67   68   66   67   65   66   64   65   64   65   64
   65   64   65   63   64   62   63   62   62   61   62   60   61   59   61   60
   61   60   61   61   63   63   65   65   67   67   69   69   71   71   73   71
   74   72   74   73   73   69   84   98   96                                   
    82.5-180.0 180.0   5.0 450.0                            LAT/LON1/LON2/DLON/H
   95   68   65   67   59   59   56   60   59   62   61   66   64   68   66   70
   67   69   66   68   65   66   63   63   61   61   60   59   59   58   59   59
   60   59   61   61   62   61   63   62   62   60   61   60   59   58   58   57
   57   57   57   58   59   60   62   64   66   69   71   74   75   77   76   79
   77   79   77   78   78   75   83   93   95                                   
    80.0-180.0 180.0   5.0 450.0                            LAT/LON1/LON2/DLON/H
  107   81   75   75   69   68   65   68   67   70   70   75   75   79   78   82
   80   81   78   79   74   74   68   69   64   65   61   63   61   64   63   67
   67   70   71   75   74   77   76   78   75   77   73   74   70   71   68   69
   67   69   68   71   71   76   77   82   84   88   90   93   94   97   96   99
   98  100   97   99   95   90   94  101  107                                   
    77.5-180.0 180.0   5.0 450.0                            LAT/LON1/LON2/DLON/H
  116   83   78   77   69   64   62   63   63   65   67   71   73   77   77   81
   79   79   76   76   71   69   64   63   57   57   55   56   56   59   61   65
   68   72   74   77   78   81   81   82   80   80   78   77   74   72   70   70
   68   69   69   72   72   78   80   86   88   93   96  101  103  106  107  110
  109  111  110  110  107  102  106  105  116                                   
    75.0-180.0 180.0   5.0 450.0                            LAT/LON1/LON2/DLON/H
  120   92   82   77   70   63   61   60   59   61   64   69   72   76   78   79
   79   77   76   72   68   65   60   56   52   51   51   51   53   55   59   63
   67   71   76   79   82   84   85   84   83   81   80   77   75   72   71   68
   67   68   70   73   76   81   85   90   95   99  105  109  113  116  119  121
  122  124  124  124  120  114  116  114  120                                   
    72.5-180.0 180.0   5.0 450.0                            LAT/LON1/LON2/DLON/H
  133   98   90   83   73   64   59   57   56   57   60   65   68   73   74   76
   75   75   71   69   64   61   55   52   50   50   51   52   54   57   60   64
   68   72   76   80   83   84   85   84   83   80   79   75   74   70   71   67
   66   67   70   74   78   84   88   95  100  107  114  119  124  127  131  132
  134  136  137  136  134  128  129  123  133                                   
    70.0-180.0 180.0   5.0 450.0                            LAT/LON1/LON2/DLON/H
  140  112   98   89   79   68   63   57   56   55   58   62   66   70   72   72
   72   69   68   64   61   57   55   52   54   53   56   55   58   58   62   65
   70   72   77   79   82   82   83   81   79   77   75   72   70   67   66   63
   64   66   72   76   83   90   97  106  113  119  125  131  136  140  142  145
  146  147  147  149  146  139  140  134  140                                   
    67.5-180.0 180.0   5.0 450.0                            LAT/LON1/LON2/DLON/H
  151  122  111  100   86   76   66   62   58   58   58   61   63   68   67   69
   66   67   62   62   57   58   56   58   59   61   62   62   62   65   65   68
   69   71   73   76   77   78   78   75   74   71   71   66   66   61   61   58
   61   65   72   82   90  101  109  117  125  131  139  144  152  154  159  158
  159  156  155  155  153  150  149  144  151                                   
    65.0-180.0 180.0   5.0 450.0                            LAT/LON1/LON2/DLON/H
  158  137  120  109   95   83   74   68   62   61   59   62   62   65   64   65
   63   62   60   59   59   59   61   63   67   68   70   69   69   69   67   67
   68   66   69   69   72   71   70   69   68   65   63   59   56   53   53   53
   58   67   78   90  101  112  122  131  140  147  154  162  170  174  176  175
  174  171  166  165  160  156  158  153  158                                   
    62.5-180.0 180.0   5.0 450.0                            LAT/LON1/LON2/DLON/H
  169  147  133  119  101   89   76   72   65   63   60   61   60   61   60   61
   58   59   56   59   58   63   64   68   72   74   75   76   73   73   67   67
   62   61   60   61   62   62   63   61   62   57   57   52   51   47   49   50
   57   71   85  101  114  128  139  149  161  168  177  184  194  196  197  194
  190  184  175  170  165  164  163  160  169                                   
    60.0-180.0 180.0   5.0 450.0                            LAT/LON1/LON2/DLON/H
  175  160  141  127  108   95   82   77   68   68   62   63   60   60   59   59
   60   59   60   59   62   63   68   69   75   74   78   74   73   68   64   60
   57   54   52   53   55   55   55   54   54   50   48   44   44   41   45   48
   59   78   96  114  130  145  159  172  185  193  203  208  218  219  218  215
  209  200  190  184  175  171  172  166  175                                   
    57.5-180.0 180.0   5.0 450.0                            LAT/LON1/LON2/DLON/H
  185  167  149  133  111   97   82   78   69   67   61   61   58   58   57   60
   60   62   61   63   63   66   67   70   72   73   73   69   66   62   57   54
   50   48   47   47   50   51   54   51   54   48   49   43   45   42   47   51
   68   88  110  131  151  167  182  194  208  216  226  233  242  244  242  238
  228  217  202  194  186  185  182  175  185                                   
    55.0-180.0 180.0   5.0 450.0                            LAT/LON1/LON2/DLON/H
  193  176  156  139  115  102   86   79   69   68   61   61   58   58   60   60
   65   64   66   62   66   62   66   63   68   63   66   59   58   52   49   46
   47   46   48   48   52   52   56   53   54   49   49   45   46   44   50   60
   80  105  127  149  172  191  206  218  230  236  247  251  259  260  259  254
  243  230  217  209  200  195  195  183  193                                   
    52.5-180.0 180.0   5.0 450.0                            LAT/LON1/LON2/DLON/H
  204  183  162  143  117  102   87   78   68   66   59   59   56   59   60   64
   66   68   66   65   62   62   61   61   61   58   57   52   49   44   44   42
   46   46   49   51   56   57   61   58   60   55   55   51   53   53   61   76
   99  124  147  169  195  213  229  239  249  256  262  266  270  271  268  263
  251  238  225  218  212  212  208  194  204                                   
    50.0-180.0 180.0   5.0 450.0                            LAT/LON1/LON2/DLON/H
  213  192  171  151  126  112   92   84   69   67   58   57   54   56   61   60
   68   64   67   60   62   55   58   54   57   50   52   43   45   39   42   42
   50   51   57   59   66   64   68   65   68   64   63   60   62   64   75   95
  120  142  166  191  216  234  250  257  268  269  273  272  274  272  266  260
  247  237  230  226  221  218  215  200  213                                   
    47.5-180.0 180.0   5.0 450.0                            LAT/LON1/LON2/DLON/H
  221  202  181  163  135  119  100   88   74   68   59   55   52   55   58   61
   64   63   62   58   57   55   55   56   56   54   52   45   44   40   43   45
   52   56   64   67   72   72   76   73   76   72   72   69   73   78   95  116
  141  162  189  210  235  252  266  275  281  280  276  273  269  265  254  247
  232  226  222  224  223  226  222  207  221                                   
    45.0-180.0 180.0   5.0 450.0                            LAT/LON1/LON2/DLON/H
  231  213  194  177  151  133  112  100   80   74   60   56   51   52   57   55
   63   57   61   55   59   55   60   59   64   59   59   50   49   43   47   49
   59   64   74   76   82   81   84   82   85   83   81   81   84   96  113  134
  157  179  204  224  249  265  279  287  291  285  278  268  260  252  238  227
  216  214  216  221  223  224  224  213  231                                   
    42.5-180.0 180.0   5.0 450.0                            LAT/LON1/LON2/DLON/H
  232  220  203  190  165  145  124  109   90   80   66   60   55   55   56   56
   59   57   58   56   59   62   65   70   75   74   71   64   59   54   52   55
   63   70   79   83   88   86   91   89   92   90   91   91   96  109  127  148
  172  195  217  234  259  274  288  296  298  290  280  266  255  241  225  210
  200  198  201  210  215  223  224  214  232                                   
    40.0-180.0 180.0   5.0 450.0                            LAT/LON1/LON2/DLON/H
  232  219  203  192  172  153  132  118   97   87   73   67   61   59   61   59
   63   60   64   64   71   72   80   84   91   89   86   78   72   63   62   62
   71   76   85   88   92   92   94   96   97   98   97  101  105  121  137  157
  184  203  224  242  267  283  299  307  311  302  292  277  266  248  233  217
  207  202  206  212  217  222  229  217  232                                   
    37.5-180.0 180.0   5.0 450.0                            LAT/LON1/LON2/DLON/H
  229  216  202  194  174  158  137  123  105   95   82   76   71   71   69   68
   70   70   74   77   84   88   93   99  102  103   98   92   84   75   71   70
   75   79   87   89   92   92   97   97  102  103  107  106  116  127  148  166
  195  211  234  252  277  292  310  318  329  324  316  302  290  274  257  242
  228  221  221  224  229  232  232  219  229                                   
    35.0-180.0 180.0   5.0 450.0                            LAT/LON1/LON2/DLON/H
  227  211  195  185  169  154  135  123  103   96   85   84   82   82   81   81
   85   88   94   98  105  104  107  107  110  107  104   98   91   81   78   74
   79   80   87   88   90   92   94   99  102  106  106  109  114  130  147  169
  196  214  239  260  292  313  337  349  361  361  360  353  346  333  315  299
  282  271  265  262  259  252  251  231  227                                   
    32.5-180.0 180.0   5.0 450.0                            LAT/LON1/LON2/DLON/H
  236  212  193  180  160  147  130  118  103   95   87   88   90   92   92   95
  101  108  113  118  119  117  113  112  111  110  107  103   95   87   82   78
   82   81   85   86   89   89   94   98  104  106  109  106  116  124  151  168
  201  220  249  272  306  331  363  386  409  415  419  425  428  422  406  393
  375  358  339  322  309  296  281  259  236                                   
    30.0-180.0 180.0   5.0 450.0                            LAT/LON1/LON2/DLON/H
  263  228  199  174  156  144  128  113   96   88   82   87   93   98  101  107
  114  121  130  131  132  122  116  108  108  105  105  101   97   89   87   86
   89   86   87   85   90   88   91   95  100  105  105  108  110  126  145  170
  203  232  263  290  327  358  395  431  461  479  497  520  528  527  515  506
  491  475  453  428  400  372  335  300  263                                   
    27.5-180.0 180.0   5.0 450.0                            LAT/LON1/LON2/DLON/H
  316  258  224  185  163  141  129  109   95   83   79   85   91  100  104  112
  119  130  136  139  134  124  112  105  102  103  103  102  100   96   97  101
  104  105  101   94   93   89   91   92   99  102  104  106  115  130  156  180
  217  244  282  309  350  386  434  478  516  543  581  612  632  632  624  616
  606  592  566  533  500  467  414  377  316                                   
    25.0-180.0 180.0   5.0 450.0                            LAT/LON1/LON2/DLON/H
  387  321  268  215  179  154  133  110   94   79   77   80   89   97  103  113
  123  132  140  138  132  117  108   99  101  100  104  105  111  113  119  123
  122  117  116  104  104   94   93   91   95  100  101  111  118  144  165  200
  230  263  297  331  373  417  471  522  567  606  654  695  720  728  721  720
  710  703  674  645  607  567  524  471  387                                   
    22.5-180.0 180.0   5.0 450.0                            LAT/LON1/LON2/DLON/H
  484  413  348  270  227  181  163  125  114   90   86   81   86   93   98  110
  117  129  132  132  123  113  104  101  104  108  116  122  131  137  135  128
  121  115  110   95   92   82   87   86   88   91   98  111  130  158  187  216
  252  280  316  350  399  447  508  559  608  652  702  736  763  771  778  782
  781  775  755  725  703  666  627  566  484                                   
    20.0-180.0 180.0   5.0 450.0                            LAT/LON1/LON2/DLON/H
  580  509  436  355  299  257  214  176  142  114   97   88   92   93   97  104
  114  120  124  120  116  107  107  108  120  127  138  146  157  151  148  136
  132  121  115   98   96   81   81   77   85   87   98  115  139  170  199  233
  266  297  330  369  419  470  526  575  618  661  701  729  751  766  779  795
  800  801  791  777  766  741  715  652  580                                   
    17.5-180.0 180.0   5.0 450.0                            LAT/LON1/LON2/DLON/H
  640  587  515  446  370  319  280  234  194  151  130  113  107  104  102  105
  110  116  115  115  113  114  121  133  147  157  166  174  171  165  158  146
  140  128  120  101   94   79   73   66   71   76   89  113  144  181  220  250
  287  312  348  389  440  490  540  575  615  645  674  692  709  724  742  762
  775  782  786  784  793  785  766  703  640                                   
    15.0-180.0 180.0   5.0 450.0                            LAT/LON1/LON2/DLON/H
  664  620  565  505  455  405  356  310  259  212  179  155  136  127  122  120
  120  119  119  118  122  131  149  168  188  196  202  192  190  181  173  165
  157  144  132  113  103   85   78   69   69   74   90  113  147  186  227  261
  295  322  356  402  451  499  538  567  594  614  630  644  657  677  696  717
  732  742  752  763  783  783  782  738  664                                   
    12.5-180.0 180.0   5.0 450.0                            LAT/LON1/LON2/DLON/H
  660  622  579  534  502  472  431  384  328  278  234  208  184  167  154  148
  143  139  137  140  149  167  191  214  231  237  225  213  202  193  184  177
  170  157  144  123  111   98   89   73   66   74   87  109  152  194  236  268
  302  331  366  411  457  502  531  553  571  579  589  594  604  620  635  659
  678  696  710  728  754  771  766  738  660                                   
    10.0-180.0 180.0   5.0 450.0                            LAT/LON1/LON2/DLON/H
  644  608  573  546  522  508  481  444  390  337  298  265  241  223  204  190
  181  173  174  178  194  213  238  259  271  267  248  224  214  199  194  183
  170  160  143  127  113  102   90   73   66   71   85  106  151  195  238  272
  307  336  372  415  457  495  522  541  553  554  558  558  573  584  601  621
  644  665  680  701  723  735  738  726  644                                   
     7.5-180.0 180.0   5.0 450.0                            LAT/LON1/LON2/DLON/H
  616  589  575  538  532  508  502  462  430  386  355  321  296  278  256  240
  230  224  225  233  249  272  292  306  303  289  258  236  220  206  191  178
