data/unet/pred2070.15i
     1.0            IONOSPHERE MAPS     GNSS                IONEX VERSION / TYPE
pyspatialgeodesy        IME             05-JAN-18 20:20     PGM / RUN BY / DATE 
Map Name                                                    COMMENT             
Predicted global ionosphere maps (GIM).                     DESCRIPTION         
  2015     7    26     0     0     0                        EPOCH OF FIRST MAP  
  2015     7    27     0     0     0                        EPOCH OF LAST MAP   
  7200                                                      INTERVAL            
    13                                                      # OF MAPS IN FILE   
  NONE                                                      MAPPING FUNCTION    
10.0                                                        ELEVATION CUTOFF    
One-way carrier phase leveled to code                       OBSERVABLES USED    
  6371.0                                                    BASE RADIUS         
 2                                                          MAP DIMENSION       
   450.0 450.0   0.0                                        HGT1 / HGT2 / DHGT  
    87.5 -87.5  -2.5                                        LAT1 / LAT2 / DLAT  
  -180.0 180.0   5.0                                        LON1 / LON2 / DLON  
    -1                                                      EXPONENT            
                                                            END OF HEADER       
[from data line 3003]
     8                                                      START OF TEC MAP    
  2015     7    26    14     0     0                        EPOCH OF CURRENT MAP
    87.5-180.0 180.0   5.0 450.0                            LAT/LON1/LON2/DLON/H
  117  132  138  137  137  137  137  138  138  138  138  138  138  138  137  137
  136  136  135  134  134  134  133  133  132  133  132  132  132  132  131  131
  130  130  129  129  127  127  126  126  125  126  125  126  125  127  126  128
  127  129  128  130  130  132  132  133  133  134  134  135  135  136  135  136
  136  136  137  137  134  135  145  129  117                                   
    85.0-180.0 180.0   5.0 450.0                            LAT/LON1/LON2/DLON/H
  123  125  121  121  121  121  121  121  121  121  121  121  121  121  121  120
  120  120  120  119  119  119  119  118  118  118  118  117  117  117  116  116
  115  115  114  113  112  111  110  110  110  110  110  110  111  111  112  112
  114  114  115  115  117  117  118  119  120  121  121  121  122  122  122  122
  122  122  122  123  122  121  125  128  123                                   
    82.5-180.0 180.0   5.0 450.0                            LAT/LON1/LON2/DLON/H
  126  117  116  117  117  117  117  117  117  117  117  117  117  116  117  116
  117  115  117  115  117  115  117  115  117  117  118  117  118  118  118  117
  117  115  115  113  112  110  109  108  108  107  108  108  108  109  110  111
  112  114  114  116  116  118  118  119  119  120  119  120  119  120  118  119
  118  119  118  119  118  116  125  114  126                                   
    80.0-180.0 180.0   5.0 450.0                            LAT/LON1/LON2/DLON/H
  119  112  110  115  114  116  115  116  116  117  116  117  116  118  116  118
  115  118  116  118  116  119  116  119  117  121  118  122  119  123  119  122
  118  120  115  117  112  112  108  108  105  106  104  106  106  109  109  112
  112  116  115  118  117  120  118  120  118  120  117  119  116  118  115  116
  113  116  113  115  112  112  110  112  119                                   
    77.5-180.0 180.0   5.0 450.0                            LAT/LON1/LON2/DLON/H
  109  106  105  109  110  112  112  113  113  113  113  113  112  113  112  113
  112  113  113  114  113  115  114  116  115  117  117  120  119  121  121  122
  120  119  117  116  112  110  106  105  101  102  101  103  102  106  107  111
  111  115  115  118  116  118  116  117  115  115  112  113  110  110  108  108
  106  107  105  106  104  102  103  104  109                                   
    75.0-180.0 180.0   5.0 450.0                            LAT/LON1/LON2/DLON/H
  105   98  100  105  108  109  111  112  113  113  114  113  114  112  115  112
  115  113  116  113  116  114  116  114  116  116  118  119  121  123  125  124
  125  123  122  117  114  110  107  103  100   99  100   99  102  105  108  110
  113  114  117  116  118  117  117  115  115  113  112  110  109  107  107  105
  104  103  103  101  101   98   96  102  105                                   
    72.5-180.0 180.0   5.0 450.0                            LAT/LON1/LON2/DLON/H
  101   97   97  102  104  107  108  110  110  111  111  112  112  112  112  113
  113  113  115  114  115  114  114  114  114  115  116  119  120  124  125  127
  126  127  124  121  116  112  107  103  100   99  100  102  104  108  110  114
  114  118  117  119  117  118  115  114  111  110  107  107  104  104  101  102
   99  100   97   98   96   93   94   96  101                                   
    70.0-180.0 180.0   5.0 450.0                            LAT/LON1/LON2/DLON/H
   97   89   91   97  101  103  106  106  108  107  111  109  113  110  114  111
  114  111  114  111  114  111  113  111  112  110  111  113  116  119  123  125
  126  126  124  121  116  111  107  103  101  100  102  105  108  111  115  116
  119  119  121  120  120  116  116  112  111  107  108  105  106  103  103  101
  100   98   98   94   95   89   89   95   97                                   
    67.5-180.0 180.0   5.0 450.0                            LAT/LON1/LON2/DLON/H
   92   88   86   91   95   99  101  103  104  105  107  108  109  110  111  111
  111  111  112  112  113  112  112  110  110  108  108  109  111  116  119  123
  124  126  124  121  117  112  108  105  104  105  107  111  113  117  119  122
  122  124  123  123  119  117  114  113  109  108  106  106  105  105  103  103
  100  100   96   95   91   86   86   89   92                                   
    65.0-180.0 180.0   5.0 450.0                            LAT/LON1/LON2/DLON/H
   87   79   79   84   89   92   95   96  100  100  104  104  108  107  110  108
  110  108  110  108  110  108  109  107  107  104  103  103  105  109  114  118
  122  123  123  120  116  112  109  107  108  109  113  116  121  123  126  126
  127  126  126  122  120  116  115  111  111  108  109  107  110  108  109  105
  105  101   99   93   92   83   82   88   87                                   
    62.5-180.0 180.0   5.0 450.0                            LAT/LON1/LON2/DLON/H
   82   77   74   77   82   86   89   92   94   97   99  102  104  106  107  108
  107  106  106  106  107  107  108  107  107  103  102  102  103  107  111  118
  120  123  123  121  117  114  112  113  114  118  121  126  128  131  130  133
  130  131  127  126  121  120  116  116  114  115  113  115  114  114  112  110
  105  104   97   95   88   78   79   80   82                                   
    60.0-180.0 180.0   5.0 450.0                            LAT/LON1/LON2/DLON/H
   77   69   68   71   77   79   84   85   89   90   95   97  102  103  105  105
  104  103  102  102  104  104  106  106  106  102  101   99  101  104  111  116
  121  123  124  121  119  117  117  118  122  125  130  133  136  136  136  135
  134  132  130  128  124  122  120  119  119  119  119  118  119  117  116  111
  108  102   99   91   87   74   74   77   77                                   
    57.5-180.0 180.0   5.0 450.0                            LAT/LON1/LON2/DLON/H
   73   68   66   68   73   77   79   82   85   88   91   95   98  102  103  105
  102  102  100  101  102  105  107  109  109  107  105  104  104  109  114  121
  125  128  128  126  124  123  124  127  131  136  139  142  141  142  138  139
  135  136  133  133  130  130  128  128  127  127  126  126  124  121  118  113
  107  103   96   90   82   71   70   69   73                                   
    55.0-180.0 180.0   5.0 450.0                            LAT/LON1/LON2/DLON/H
   73   64   63   65   70   73   77   78   82   84   88   91   95   98  101  102
  100  100   97   99  100  104  107  110  111  110  108  107  109  113  120  125
  130  132  133  131  130  129  133  135  140  143  147  147  146  144  141  139
  137  137  136  137  136  137  135  135  133  133  132  129  127  122  118  111
  107  100   96   87   83   69   69   69   73                                   
    52.5-180.0 180.0   5.0 450.0                            LAT/LON1/LON2/DLON/H
   75   69   65   67   73   76   79   81   83   86   88   92   94   98  100  103
  101  101   99  101  102  107  111  115  117  117  116  116  118  123  128  135
  138  141  140  139  138  139  141  145  149  152  153  154  150  149  143  143
  140  144  142  147  145  147  144  145  142  142  138  136  131  125  118  111
  105  100   93   88   81   70   69   68   75                                   
    50.0-180.0 180.0   5.0 450.0                            LAT/LON1/LON2/DLON/H
   80   71   69   71   77   79   82   83   85   87   89   90   94   96   99  102
  102  104  100  104  103  109  112  118  120  122  121  122  125  128  135  139
  145  145  146  144  146  146  150  152  156  158  158  158  154  151  146  146
  146  148  150  153  153  155  153  152  149  148  145  140  135  127  120  112
  107  100   97   89   86   73   74   72   80                                   
    47.5-180.0 180.0   5.0 450.0                            LAT/LON1/LON2/DLON/H
   86   83   77   79   84   86   89   91   92   94   94   96   96  100  102  107
  108  110  108  111  111  115  118  124  126  129  128  131  134  137  142  147
  151  153  153  154  154  156  158  162  163  166  164  163  158  156  152  154
  153  159  158  163  161  164  159  160  155  155  150  147  139  132  123  116
  108  104   98   95   88   81   81   78   86                                   
    45.0-180.0 180.0   5.0 450.0                            LAT/LON1/LON2/DLON/H
   94   87   85   86   90   91   94   95   98   99  101  101  103  103  106  110
  114  117  116  119  116  121  119  127  127  132  132  136  138  141  146  150
  155  156  159  159  163  164  168  171  172  173  170  169  165  164  160  161
  162  165  166  168  168  168  166  163  161  159  156  151  146  137  131  122
  117  111  109  101   99   89   90   88   94                                   
    42.5-180.0 180.0   5.0 450.0                            LAT/LON1/LON2/DLON/H
  101   98   92   94   94   96   99  102  105  110  110  113  111  113  114  120
  123  128  128  129  128  128  128  132  133  137  138  141  144  146  150  155
  159  164  167  171  174  179  180  184  182  183  179  179  175  175  172  173
  172  175  172  175  173  172  168  165  162  161  157  155  150  145  137  130
  123  120  113  112  104  101  101   96  101                                   
    40.0-180.0 180.0   5.0 450.0                            LAT/LON1/LON2/DLON/H
  108  102   99   96   97   96  100  101  107  113  118  120  122  122  125  128
  133  137  137  139  135  136  131  135  134  139  141  145  147  150  154  158
  165  171  178  183  189  192  197  197  197  196  194  192  190  189  186  187
  184  184  181  181  178  176  172  169  165  164  162  161  158  154  148  141
  135  129  127  120  119  109  110  105  108                                   
    37.5-180.0 180.0   5.0 450.0                            LAT/LON1/LON2/DLON/H
  112  108  102   98   94   95   96  100  107  117  123  130  131  135  136  142
  146  151  151  151  147  145  141  142  142  146  148  152  154  156  160  167
  174  185  191  199  205  212  215  218  216  217  213  212  208  207  203  203
  199  197  191  190  185  180  175  170  167  166  163  164  162  161  155  151
  142  139  130  130  123  121  122  111  112                                   
    35.0-180.0 180.0   5.0 450.0                            LAT/LON1/LON2/DLON/H
  117  109  105   97   93   89   91   92  102  111  124  133  139  144  147  152
  156  160  159  159  154  152  146  147  146  151  155  159  162  164  170  176
  188  198  210  218  229  235  241  241  240  240  237  235  230  228  222  221
  216  212  206  200  194  189  181  176  171  169  166  167  165  166  162  157
  149  144  139  133  133  125  126  118  117                                   
    32.5-180.0 180.0   5.0 450.0                            LAT/LON1/LON2/DLON/H
  117  112  105   96   87   84   82   87   95  107  119  133  142  152  156  164
  167  172  169  171  165  161  156  154  155  160  164  169  172  175  180  191
  201  217  229  243  252  259  263  265  264  265  262  260  254  248  242  236
  231  223  216  209  204  194  188  180  174  169  165  165  163  166  161  158
  149  145  136  134  130  129  133  122  117                                   
    30.0-180.0 180.0   5.0 450.0                            LAT/LON1/LON2/DLON/H
  121  111  104   95   88   79   78   77   86   96  114  128  143  152  161  168
  172  176  175  175  170  164  161  157  161  165  172  178  184  188  197  206
  222  238  257  269  280  283  289  289  291  290  289  286  280  273  263  255
  246  237  229  221  216  206  198  189  180  173  168  165  164  164  161  156
  149  142  137  131  132  126  131  127  121                                   
    27.5-180.0 180.0   5.0 450.0                            LAT/LON1/LON2/DLON/H
  123  115  107   96   86   79   73   75   79   91  103  120  137  151  161  171
  176  183  180  183  175  173  167  166  168  174  179  188  194  201  210  224
  240  262  280  295  300  305  306  308  310  312  311  308  300  289  278  266
  257  245  238  229  225  212  205  190  183  171  166  160  158  158  154  151
  142  137  129  126  124  125  132  127  123                                   
    25.0-180.0 180.0   5.0 450.0                            LAT/LON1/LON2/DLON/H
  127  117  109  101   93   83   77   73   77   85   98  113  131  147  159  168
  175  180  182  182  179  174  171  166  169  174  184  194  205  212  225  238
  261  283  304  314  320  320  322  323  326  329  329  324  315  302  289  277
  268  259  252  244  237  228  216  203  190  178  167  160  155  153  150  147
  139  134  127  124  122  123  126  130  127                                   
    22.5-180.0 180.0   5.0 450.0                            LAT/LON1/LON2/DLON/H
  130  122  113  105   97   89   80   78   76   84   92  108  124  140  152  163
  170  179  181  184  180  179  174  173  173  182  188  204  214  224  238  256
  278  300  317  327  327  329  327  332  333  337  336  330  319  304  294  283
  277  269  263  253  248  234  223  206  194  177  166  154  148  142  141  138
  132  129  122  118  117  120  128  126  130                                   
    20.0-180.0 180.0   5.0 450.0                            LAT/LON1/LON2/DLON/H
  132  122  115  110  104   97   90   82   83   83   91  102  117  130  143  154
  163  170  178  180  182  177  176  173  176  183  195  210  224  235  252  269
  290  309  323  329  329  328  328  330  335  336  336  331  322  311  298  294
  286  284  275  271  259  248  230  215  199  185  170  157  146  139  136  134
  129  126  120  117  115  119  121  125  132                                   
    17.5-180.0 180.0   5.0 450.0                            LAT/LON1/LON2/DLON/H
  130  123  115  110  103   99   93   89   85   86   88  101  113  127  135  148
  154  165  169  176  177  178  177  178  181  192  202  221  233  249  267  283
  301  315  325  329  326  326  326  330  332  336  335  333  326  318  308  306
  297  298  288  281  268  251  234  215  200  182  170  153  144  132  132  128
  127  124  119  114  113  114  118  118  130                                   
    15.0-180.0 180.0   5.0 450.0                            LAT/LON1/LON2/DLON/H
  126  114  110  104  100   98   97   93   93   89   92   98  110  120  131  137
  147  154  165  168  177  176  182  183  191  200  215  230  248  263  281  293
  306  316  322  323  323  320  325  325  329  332  333  335  327  328  316  320
  308  311  299  293  274  259  238  221  203  188  173  158  146  137  133  132
  129  127  121  115  111  113  112  113  126                                   
    12.5-180.0 180.0   5.0 450.0                            LAT/LON1/LON2/DLON/H
  117  107   99   94   87   89   90   94   92   93   90   98  105  119  125  134
  139  151  155  165  169  177  182  190  199  212  225  246  264  280  297  306
  317  323  327  327  327  325  330  331  334  336  336  338  332  334  323  327
  315  319  305  297  278  257  237  216  200  183  170  154  145  135  134  132
  132  128  122  114  110  107  106  105  117                                   
    10.0-180.0 180.0   5.0 450.0                            LAT/LON1/LON2/DLON/H
  110   91   86   81   75   80   83   88   91   91   92   95  105  115  125  129
  138  142  154  158  171  175  190  197  213  225  243  261  284  299  315  321
  329  330  334  332  335  332  337  338  339  343  338  343  332  336  325  328
  316  317  306  296  275  257  235  216  197  183  167  155  145  138  136  136
  134  130  125  114  109  105  100   99  110                                   
     7.5-180.0 180.0   5.0 450.0                            LAT/LON1/LON2/DLON/H
  100   84   73   69   62   66   69   78   80   86   84   94   99  114  120  130
  135  145  151  162  169  183  193  211  224  242  258  281  301  316  331  336
