data/unet/pred3340.15i
     1.0            IONOSPHERE MAPS     GNSS                IONEX VERSION / TYPE
pyspatialgeodesy        IME             05-JAN-18 20:20     PGM / RUN BY / DATE 
Map Name                                                    COMMENT             
Predicted global ionosphere maps (GIM).                     DESCRIPTION         
  2015    11    30     0     0     0                        EPOCH OF FIRST MAP  
  2015    12     1     0     0     0                        EPOCH OF LAST MAP   
  7200                                                      INTERVAL            
    13                                                      # OF MAPS IN FILE   
  NONE                                                      MAPPING FUNCTION    
10.0                                                        ELEVATION CUTOFF    
One-way carrier phase leveled to code                       OBSERVABLES USED    
  6371.0                                                    BASE RADIUS         
 2                                                          MAP DIMENSION       
   450.0 450.0   0.0                                        HGT1 / HGT2 / DHGT  
    87.5 -87.5  -2.5                                        LAT1 / LAT2 / DLAT  
  -180.0 180.0   5.0                                        LON1 / LON2 / DLON  
    -1                                                      EXPONENT            
                                                            END OF HEADER       
[from data line 3861]
    10                                                      START OF TEC MAP    
  2015    11    30    18     0     0                        EPOCH OF CURRENT MAP
    87.5-180.0 180.0   5.0 450.0                            LAT/LON1/LON2/DLON/H
  101   64   60   66   65   65   66   67   68   69   70   72   73   73   74   75
   76   77   77   77   78   77   78   77   78   76   78   76   78   76   78   75
   77   75   77   75   77   76   78   76   78   77   78   77   78   77   78   76
   76   74   75   73   73   71   71   69   69   67   66   65   64   64   63   62
   62   61   60   61   64   62   70   91  101                                   
    85.0-180.0 180.0   5.0 450.0                            LAT/LON1/LON2/DLON/H
   51   45   48   51   53   54   54   57   57   60   60   63   63   65   64   67
   65   68   66   68   66   69   67   68   67   68   67   68   66   68   66   69
   66   70   66   70   67   71   69   72   70   73   70   72   70   72   69   70
   68   69   66   65   63   63   60   60   57   57   54   53   51   51   49   49
   47   48   46   47   48   49   62   72   51                                   
    82.5-180.0 180.0   5.0 450.0                            LAT/LON1/LON2/DLON/H
   42   39   40   44   46   48   50   54   56   60   61   65   66   69   69   71
   70   72   70   71   70   70   68   68   65   66   63   64   62   63   60   62
   60   63   61   63   62   64   63   64   64   64   64   63   64   62   62   60
   60   59   58   56   55   54   52   52   49   49   46   46   43   44   41   41
   39   39   37   38   38   36   43   39   42                                   
    80.0-180.0 180.0   5.0 450.0                            LAT/LON1/LON2/DLON/H
   38   39   34   40   41   44   46   52   55   60   64   68   71   74   77   79
   80   80   80   79   78   76   74   71   68   66   64   62   60   60   58   59
   58   61   58   61   60   62   61   63   61   63   61   63   61   63   60   61
   59   60   57   57   55   55   53   52   50   49   48   45   44   42   41   39
   38   37   35   35   34   30   40   30   38                                   
    77.5-180.0 180.0   5.0 450.0                            LAT/LON1/LON2/DLON/H
   32   35   32   34   38   41   46   50   57   61   69   73   79   82   88   90
   92   92   92   90   88   83   81   74   71   65   63   58   58   55   56   55
   56   56   57   56   57   55   57   54   56   54   56   54   55   54   56   55
   56   55   56   54   56   53   54   52   52   50   50   48   48   45   45   42
   42   39   39   36   35   31   35   24   32                                   
    75.0-180.0 180.0   5.0 450.0                            LAT/LON1/LON2/DLON/H
   35   38   30   35   36   42   45   53   59   66   73   79   85   91   97  100
  104  104  105  102  101   95   92   85   79   73   68   63   59   58   57   57
   57   57   57   56   55   54   52   51   50   51   50   51   51   54   53   55
   55   56   56   55   56   55   56   54   54   54   54   52   52   51   50   48
   47   46   44   41   39   34   39   28   35                                   
    72.5-180.0 180.0   5.0 450.0                            LAT/LON1/LON2/DLON/H
   37   36   31   32   34   37   44   50   60   66   76   83   93   98  108  111
  117  117  120  117  116  110  106   97   91   81   77   69   66   63   63   62
   63   62   61   58   55   53   50   47   46   46   46   46   48   50   52   53
   56   56   59   56   59   56   59   55   58   56   58   55   58   55   56   53
   54   51   52   48   47   39   43   30   37                                   
    70.0-180.0 180.0   5.0 450.0                            LAT/LON1/LON2/DLON/H
   42   40   31   36   35   41   45   52   60   68   78   86   97  104  114  120
  127  130  134  133  132  126  121  112  103   93   85   79   73   71   69   69
   68   68   64   61   55   51   45   42   38   39   38   41   42   47   48   51
   53   54   56   55   57   56   57   56   58   58   59   59   60   60   60   59
   59   58   57   55   54   45   50   39   42                                   
    67.5-180.0 180.0   5.0 450.0                            LAT/LON1/LON2/DLON/H
   43   39   34   33   35   36   44   49   60   68   81   89  101  109  121  128
  137  143  149  149  148  141  135  123  114  101   96   85   81   76   75   73
   73   70   67   61   54   48   42   36   32   31   32   34   38   41   46   48
   53   52   56   53   55   53   55   53   56   54   58   56   60   58   61   58
   60   58   59   57   57   49   53   40   43                                   
    65.0-180.0 180.0   5.0 450.0                            LAT/LON1/LON2/DLON/H
   44   41   33   37   36   39   45   52   62   71   84   93  105  114  126  135
  145  153  160  162  161  156  147  136  123  114  104   97   91   87   85   82
   79   76   70   63   54   46   39   32   29   27   29   32   37   40   45   45
   49   48   50   48   49   49   49   50   51   53   54   55   56   58   58   59
   58   59   58   58   57   49   56   48   44                                   
    62.5-180.0 180.0   5.0 450.0                            LAT/LON1/LON2/DLON/H
   43   40   37   37   38   40   48   54   67   77   91  102  113  122  134  144
  156  164  173  174  174  167  160  146  136  122  116  106  101   95   93   88
   85   79   71   62   53   44   37   31   27   26   29   32   37   40   44   44
   46   44   46   42   44   42   45   43   47   46   50   49   53   52   55   53
   55   53   55   54   55   49   55   44   43                                   
    60.0-180.0 180.0   5.0 450.0                            LAT/LON1/LON2/DLON/H
   43   43   39   41   41   46   53   61   75   86  100  111  123  131  143  151
  163  171  180  183  183  176  165  154  141  132  121  115  108  104  101   96
   90   83   73   64   54   44   37   31   29   29   32   35   39   40   43   41
   41   39   37   37   36   37   38   40   41   44   45   46   47   48   49   49
   49   50   50   51   50   45   53   45   43                                   
    57.5-180.0 180.0   5.0 450.0                            LAT/LON1/LON2/DLON/H
   44   45   45   46   47   53   61   72   86   99  112  124  134  143  154  163
  173  181  189  190  189  181  173  159  149  137  132  123  120  113  111  103
   97   87   77   64   55   47   41   36   34   35   38   40   43   43   44   40
   39   34   34   31   33   32   37   37   42   42   46   45   48   47   49   47
   48   47   49   47   48   44   52   38   44                                   
    55.0-180.0 180.0   5.0 450.0                            LAT/LON1/LON2/DLON/H
   48   51   52   54   57   63   72   83   97  111  124  136  146  154  165  172
  182  186  193  191  190  182  174  162  151  143  138  133  128  124  120  113
  104   93   81   70   61   53   48   43   44   43   47   47   48   46   45   40
   38   35   33   32   32   34   36   40   43   47   47   49   48   49   48   48
   48   49   49   49   48   44   54   40   48                                   
    52.5-180.0 180.0   5.0 450.0                            LAT/LON1/LON2/DLON/H
   52   58   60   65   69   77   86   98  112  125  138  149  158  165  176  183
  189  193  195  195  189  183  174  166  157  151  148  143  140  134  130  121
  112   99   87   76   68   62   58   55   55   57   58   59   58   56   52   47
   43   38   37   36   39   39   45   47   54   54   57   55   57   54   55   52
   53   51   52   51   51   48   55   37   52                                   
    50.0-180.0 180.0   5.0 450.0                            LAT/LON1/LON2/DLON/H
   59   67   69   77   81   91   99  113  124  140  150  162  168  176  183  190
  196  195  198  193  191  182  177  168  164  161  158  154  149  144  137  127
  116  104   93   85   77   73   70   68   69   70   72   72   70   66   61   55
   51   48   46   47   49   51   56   60   64   65   66   66   64   64   62   61
   60   60   60   58   57   52   60   44   59                                   
    47.5-180.0 180.0   5.0 450.0                            LAT/LON1/LON2/DLON/H
   64   74   78   87   94  105  114  128  139  153  163  171  179  183  192  196
  202  201  203  200  193  188  181  179  174  175  171  167  162  152  144  131
  120  108   99   93   87   85   83   83   83   84   84   84   82   77   73   67
   64   60   62   60   65   66   73   73   78   76   78   75   75   71   71   68
   68   65   66   63   63   58   62   47   64                                   
    45.0-180.0 180.0   5.0 450.0                            LAT/LON1/LON2/DLON/H
   68   78   83   99  104  118  124  141  150  166  173  183  187  193  199  204
  208  207  209  205  203  197  194  193  191  188  184  178  169  158  147  133
  121  112  104  101   98   97   96   95   94   95   95   94   92   88   85   80
   78   77   76   77   79   82   84   86   87   87   85   83   81   79   77   76
   74   74   73   71   68   61   67   56   68                                   
    42.5-180.0 180.0   5.0 450.0                            LAT/LON1/LON2/DLON/H
   65   77   88  102  113  125  137  152  164  178  188  195  200  201  208  209
  218  216  219  216  214  213  209  210  205  203  196  187  175  160  148  133
  122  114  108  106  105  104  104  102  102  101  102  101  100   98   95   92
   92   91   92   90   93   92   95   93   96   91   91   85   84   81   81   78
   78   74   76   73   71   63   68   59   65                                   
    40.0-180.0 180.0   5.0 450.0                            LAT/LON1/LON2/DLON/H
   63   75   86  107  115  133  142  161  173  191  198  207  209  213  216  219
  224  226  229  229  230  230  229  228  223  218  206  194  176  161  145  132
  122  116  113  112  112  112  111  109  107  106  106  106  105  104  102  101
  101  101  100   98   97   96   96   95   95   92   89   86   84   83   81   80
   78   78   76   75   71   63   68   61   63                                   
    37.5-180.0 180.0   5.0 450.0                            LAT/LON1/LON2/DLON/H
   54   68   83   99  115  129  145  162  181  199  210  217  222  221  229  229
  237  237  241  242  246  245  244  242  236  227  214  196  179  159  146  134
  127  123  120  119  119  119  117  113  110  109  108  109  108  108  107  105
  106  104  102   97   96   92   93   90   92   87   87   82   83   80   81   78
   76   73   72   69   67   60   65   57   54                                   
    35.0-180.0 180.0   5.0 450.0                            LAT/LON1/LON2/DLON/H
   50   62   76   99  110  130  144  168  186  209  220  231  233  236  239  242
  245  248  251  254  257  258  257  255  247  237  220  203  181  166  152  145
  140  137  136  132  132  129  127  121  116  113  113  112  112  110  109  107
  105  102   98   92   89   85   85   83   84   82   81   80   80   80   79   77
   74   72   68   67   62   55   60   51   50                                   
    32.5-180.0 180.0   5.0 450.0                            LAT/LON1/LON2/DLON/H
   44   57   71   89  106  124  144  167  191  213  227  237  245  248  254  254
  258  258  261  263  266  266  265  260  253  242  228  210  193  179  171  166
  164  160  155  150  147  143  138  131  125  122  119  118  117  115  112  108
  104   99   92   85   82   78   79   79   81   79   81   80   82   81   81   77
   73   68   65   62   60   54   56   43   44                                   
    30.0-180.0 180.0   5.0 450.0                            LAT/LON1/LON2/DLON/H
   40   57   70   89  103  122  141  165  189  214  230  244  252  259  263  264
  263  264  264  266  268  268  267  264  256  250  237  227  213  207  201  201
  200  195  188  178  170  161  156  147  141  135  133  129  127  123  118  111
  105   97   88   80   77   76   78   79   81   82   83   84   85   85   84   82
   76   71   65   62   58   52   54   40   40                                   
    27.5-180.0 180.0   5.0 450.0                            LAT/LON1/LON2/DLON/H
   42   58   73   90  104  122  142  165  190  214  232  248  259  267  272  271
  270  268  267  267  267  266  263  260  256  255  252  250  246  244  246  248
  246  237  221  206  194  181  174  165  158  153  148  144  139  133  128  119
  112  101   92   83   80   81   84   87   91   91   92   92   93   91   90   85
   80   73   69   63   61   55   56   41   42                                   
    25.0-180.0 180.0   5.0 450.0                            LAT/LON1/LON2/DLON/H
   52   65   81   99  112  128  146  168  191  215  233  248  262  273  277  277
  273  270  265  262  262  260  259  259  261  270  277  285  287  291  294  295
  291  280  263  238  220  202  193  183  177  172  169  163  157  148  141  131
  123  111  101   92   88   89   93   96  100  102  102  100   99   97   94   90
   84   79   73   67   63   59   59   51   52                                   
    22.5-180.0 180.0   5.0 450.0                            LAT/LON1/LON2/DLON/H
   68   74   91  109  124  139  155  175  198  218  236  251  265  278  283  284
  280  273  267  262  260  257  256  262  271  292  306  321  327  333  338  342
  340  327  303  272  245  223  210  200  193  190  186  181  175  166  159  145
  138  124  116  104  101  100  104  108  112  112  111  108  108  103  100   94
   88   82   78   71   67   64   65   60   68                                   
    20.0-180.0 180.0   5.0 450.0                            LAT/LON1/LON2/DLON/H
   85   85  103  122  136  157  171  190  207  226  242  257  271  285  292  293
  287  279  269  264  262  260  265  275  296  323  346  364  373  381  389  392
  390  371  339  299  266  238  224  212  207  203  201  195  192  182  176  165
  157  143  132  119  113  109  113  116  121  119  118  112  111  106  102   96
   91   85   80   77   71   71   70   69   85                                   
    17.5-180.0 180.0   5.0 450.0                            LAT/LON1/LON2/DLON/H
   92   98  114  136  157  175  190  205  218  232  247  263  281  298  305  310
  302  295  282  276  273  274  281  301  327  361  386  406  415  425  433  432
  427  402  365  319  282  252  233  221  213  211  208  204  200  191  187  175
  170  156  146  132  126  120  123  126  129  128  124  119  116  110  106   97
   92   86   84   77   74   73   76   78   92                                   
    15.0-180.0 180.0   5.0 450.0                            LAT/LON1/LON2/DLON/H
   99  108  126  148  167  192  207  226  227  246  255  274  293  313  327  332
  327  316  305  295  294  297  313  340  374  409  436  446  452  454  458  449
  438  406  368  324  287  256  236  224  217  213  211  207  202  196  191  187
  180  170  158  145  135  131  130  132  134  130  127  119  117  109  106   97
   92   88   83   79   74   78   78   82   99                                   
    12.5-180.0 180.0   5.0 450.0                            LAT/LON1/LON2/DLON/H
   99  116  134  160  185  209  230  242  244  256  262  290  314  334  348  361
  356  350  334  329  324  335  353  389  425  456  475  479  475  469  464  448
  430  400  367  327  294  263  242  230  220  215  209  204  198  192  190  187
  184  176  168  155  146  138  137  137  136  132  126  120  116  109  104   96
   89   84   81   76   74   75   81   83   99                                   
    10.0-180.0 180.0   5.0 450.0                            LAT/LON1/LON2/DLON/H
  102  124  142  167  193  222  244  266  263  280  282  316  335  359  371  387
  391  384  374  364  367  378  406  441  477  496  502  491  482  466  455  432
  413  385  357  325  295  269  249  237  227  219  209  203  194  190  186  188
  186  180  173  163  151  145  141  141  139  133  128  119  115  108  104   94
   87   82   78   75   72   77   79   78  102                                   
     7.5-180.0 180.0   5.0 450.0                            LAT/LON1/LON2/DLON/H
   97  127  147  174  202  232  257  279  293  308  322  345  366  389  402  417
  423  423  411  406  409  426  451  488  513  520  513  495  477  457  441  419
