data/unet/pred3590.15i
     1.0            IONOSPHERE MAPS     GNSS                IONEX VERSION / TYPE
pyspatialgeodesy        IME             05-JAN-18 20:20     PGM / RUN BY / DATE 
Map Name                                                    COMMENT             
Predicted global ionosphere maps (GIM).                     DESCRIPTION         
  2015    12    25     0     0     0                        EPOCH OF FIRST MAP  
  2015    12    26     0     0     0                        EPOCH OF LAST MAP   
  7200                                                      INTERVAL            
    13                                                      # OF MAPS IN FILE   
  NONE                                                      MAPPING FUNCTION    
10.0                                                        ELEVATION CUTOFF    
One-way carrier phase leveled to code                       OBSERVABLES USED    
  6371.0                                                    BASE RADIUS         
 2                                                          MAP DIMENSION       
   450.0 450.0   0.0                                        HGT1 / HGT2 / DHGT  
    87.5 -87.5  -2.5                                        LAT1 / LAT2 / DLAT  
  -180.0 180.0   5.0                                        LON1 / LON2 / DLON  
    -1                                                      EXPONENT            
                                                            END OF HEADER       
     1                                                      START OF TEC MAP    
  2015    12    25     0     0     0                        EPOCH OF CURRENT MAP
    87.5-180.0 180.0   5.0 450.0                            LAT/LON1/LON2/DLON/H
  106   80   74   69   71   68   71   68   72   68   71   67   70   66   70   66
   69   65   69   65   68   64   67   63   66   62   65   62   64   61   63   60
   62   59   62   59   62   59   62   59   63   60   64   62   66   63   67   65
   69   66   71   68   72   69   73   70   73   70   73   70   73   70   73   70
   73   69   73   70   75   72   83   89  106                                   
    85.0-180.0 180.0   5.0 450.0                            LAT/LON1/LON2/DLON/H
   88   56   55   54   55   51   55   52   56   52   56   52   55   51   54   51
   52   49   51   48   49   46   47   44   44   41   42   38   40   35   38   33
   36   32   36   33   36   34   38   36   41   39   45   43   48   47   52   50
   55   53   58   55   59   56   60   56   60   55   59   54   58   53   57   52
   56   52   56   51   56   45   52   79   88                                   
    82.5-180.0 180.0   5.0 450.0                            LAT/LON1/LON2/DLON/H
   78   51   51   54   55   51   55   53   58   54   59   56   59   56   59   57
   58   55   56   54   53   50   49   46   45   40   40   36   35   31   32   28
   29   26   29   27   30   29   34   33   39   38   44   44   49   49   54   54
   57   57   60   59   61   59   61   59   59   56   56   54   54   51   52   50
   52   49   52   50   53   44   52   75   78                                   
    80.0-180.0 180.0   5.0 450.0                            LAT/LON1/LON2/DLON/H
   78   58   58   62   60   60   63   64   66   66   68   69   70   70   72   71
   71   70   70   68   66   64   61   58   55   51   48   45   43   40   38   36
   35   34   35   34   36   37   40   42   46   48   52   55   59   60   64   65
   67   67   68   68   68   67   66   65   63   61   59   57   55   53   53   52
   52   52   54   54   54   50   55   78   78                                   
    77.5-180.0 180.0   5.0 450.0                            LAT/LON1/LON2/DLON/H
   81   59   59   63   62   61   64   65   67   68   71   71   73   73   75   75
   76   74   75   73   72   69   68   64   62   58   56   52   49   46   44   42
   40   38   39   39   40   41   44   45   49   51   56   59   62   65   68   69
   71   71   71   71   70   69   67   65   62   60   56   54   51   50   49   48
   48   49   51   53   54   51   56   76   81                                   
    75.0-180.0 180.0   5.0 450.0                            LAT/LON1/LON2/DLON/H
   81   63   64   69   67   68   70   71   73   75   77   78   79   79   80   80
   79   79   79   79   77   77   75   73   70   68   65   62   59   57   55   52
   50   48   48   47   47   48   50   53   55   58   61   64   67   69   71   72
   73   73   72   71   70   68   65   62   59   56   53   50   48   47   46   46
   47   49   52   55   58   55   60   80   81                                   
    72.5-180.0 180.0   5.0 450.0                            LAT/LON1/LON2/DLON/H
   89   70   74   77   75   75   77   78   79   80   81   81   81   80   79   78
   77   75   76   76   76   75   76   75   73   71   70   67   65   63   61   59
   56   54   52   51   51   51   53   55   57   59   62   64   66   66   68   67
   67   66   66   64   61   59   56   53   50   46   44   42   41   40   41   42
   44   47   52   57   62   62   67   84   89                                   
    70.0-180.0 180.0   5.0 450.0                            LAT/LON1/LON2/DLON/H
   94   82   86   90   87   87   89   89   89   88   88   86   84   81   79   75
   72   70   70   70   71   72   73   72   71   71   69   69   67   67   65   63
   60   58   56   55   53   54   55   56   57   59   61   61   62   61   61   59
   58   56   55   52   50   47   45   42   41   38   37   35   36   36   39   42
   45   50   57   63   70   71   78   93   94                                   
    67.5-180.0 180.0   5.0 450.0                            LAT/LON1/LON2/DLON/H
  107   95  101  104  101  100  101  100   99   98   96   92   87   82   77   71
   66   63   62   62   64   65   67   67   67   67   67   67   66   66   65   63
   60   57   55   52   51   49   51   51   53   53   56   55   56   53   53   49
   48   45   44   41   41   39   39   36   37   34   35   34   37   38   43   45
   51   56   64   71   80   83   89  100  107                                   
    65.0-180.0 180.0   5.0 450.0                            LAT/LON1/LON2/DLON/H
  113  110  115  118  113  112  112  111  109  107  104   98   92   84   76   68
   62   57   56   56   58   59   61   61   61   60   61   61   61   61   60   58
   56   53   49   46   45   44   45   45   47   48   50   49   49   46   44   41
   38   36   35   34   34   33   34   34   35   36   38   39   43   46   51   56
   61   67   74   82   90   94  101  111  113                                   
    62.5-180.0 180.0   5.0 450.0                            LAT/LON1/LON2/DLON/H
  125  120  126  127  122  120  119  119  116  115  111  105   97   87   77   67
   60   54   52   52   53   54   55   55   54   53   53   52   53   52   52   50
   48   43   41   37   36   34   36   36   40   41   44   43   43   40   38   34
   32   29   29   28   30   31   34   34   38   39   44   46   52   55   62   66
   73   77   85   91   99  103  109  117  125                                   
    60.0-180.0 180.0   5.0 450.0                            LAT/LON1/LON2/DLON/H
  126  128  132  132  127  124  122  122  120  119  115  109  101   90   79   68
   60   54   52   50   51   50   51   48   47   44   44   43   44   43   44   41
   39   35   33   29   29   28   30   32   36   38   41   41   40   37   33   29
   27   24   25   25   28   29   33   35   40   44   50   54   62   67   73   78
   85   90   96  102  108  111  118  124  126                                   
    57.5-180.0 180.0   5.0 450.0                            LAT/LON1/LON2/DLON/H
  136  135  138  138  131  128  125  125  123  122  118  114  106   97   85   74
   65   59   56   53   52   50   48   45   42   39   38   37   37   37   37   35
   33   30   27   25   24   25   27   30   34   37   41   42   41   38   34   30
   26   25   24   26   28   31   35   39   45   49   57   63   71   77   85   91
   98  103  109  113  118  121  125  130  136                                   
    55.0-180.0 180.0   5.0 450.0                            LAT/LON1/LON2/DLON/H
  138  141  144  144  137  133  130  127  125  123  121  117  111  102   92   81
   73   66   62   57   55   51   48   43   40   37   36   35   36   36   36   34
   33   30   28   26   27   27   30   33   37   41   44   45   45   41   37   32
   29   27   27   28   31   34   38   42   49   55   64   71   80   87   97  104
  112  117  123  127  130  131  135  138  138                                   
    52.5-180.0 180.0   5.0 450.0                            LAT/LON1/LON2/DLON/H
  152  152  153  154  146  142  137  134  129  127  123  121  115  109  101   92
   83   75   69   63   58   54   49   45   41   39   38   38   39   39   39   38
   37   35   34   34   34   35   37   40   44   48   50   52   51   49   44   40
   36   34   31   33   34   38   41   46   52   59   68   76   86   95  105  114
  123  130  137  142  144  145  146  149  152                                   
    50.0-180.0 180.0   5.0 450.0                            LAT/LON1/LON2/DLON/H
  159  163  167  167  159  155  149  143  137  132  126  123  118  113  107   99
   91   82   74   66   60   54   50   46   44   42   42   43   44   45   45   44
   43   43   44   45   45   46   48   50   52   56   58   59   59   57   54   49
   46   42   40   40   40   42   46   50   57   64   73   82   93  103  115  125
  136  145  153  158  160  158  159  158  159                                   
    47.5-180.0 180.0   5.0 450.0                            LAT/LON1/LON2/DLON/H
  176  177  182  184  177  174  165  158  148  141  133  128  122  119  113  107
   97   88   79   70   62   56   53   50   49   49   49   49   50   51   51   51
   50   52   53   55   57   58   58   59   60   64   64   68   68   68   64   62
   57   54   49   48   47   48   51   55   62   69   78   88  100  111  124  136
  148  159  168  173  175  172  170  169  176                                   
    45.0-180.0 180.0   5.0 450.0                            LAT/LON1/LON2/DLON/H
  185  190  197  198  194  191  183  174  161  151  141  133  128  124  118  111
  102   91   82   72   64   58   55   54   54   55   54   55   54   55   54   53
   54   56   59   63   65   67   67   66   67   69   72   74   77   77   77   74
   71   66   61   58   56   55   58   60   68   75   85   95  109  120  135  147
  161  171  182  187  188  186  182  178  185                                   
    42.5-180.0 180.0   5.0 450.0                            LAT/LON1/LON2/DLON/H
  200  200  207  208  205  204  196  188  174  162  150  142  134  130  123  116
  106   95   85   75   67   63   61   59   59   59   58   56   55   54   53   52
   53   56   61   65   69   71   72   71   71   73   76   80   84   86   86   85
   80   77   70   67   64   62   64   66   74   81   92  103  117  130  144  158
  169  181  191  197  198  194  190  187  200                                   
    40.0-180.0 180.0   5.0 450.0                            LAT/LON1/LON2/DLON/H
  202  205  211  213  211  208  201  193  182  169  156  147  139  134  127  119
  109   98   88   79   73   69   66   64   61   60   56   54   51   50   48   47
   48   52   58   64   70   74   76   75   76   78   82   86   91   93   94   92
   89   85   79   74   72   69   70   72   80   88   99  112  127  140  156  167
  179  188  198  202  202  199  194  189  202                                   
    37.5-180.0 180.0   5.0 450.0                            LAT/LON1/LON2/DLON/H
  207  204  210  210  206  205  197  191  181  171  159  152  143  139  131  124
  114  104   95   88   83   78   73   68   63   58   53   49   46   44   43   42
   43   47   54   62   70   76   78   79   80   83   88   92   95   97   97   96
   93   89   83   79   76   75   75   77   84   93  106  120  138  152  167  177
  186  194  202  205  205  202  196  193  207                                   
    35.0-180.0 180.0   5.0 450.0                            LAT/LON1/LON2/DLON/H
  204  204  208  205  199  194  188  181  174  166  158  152  146  141  134  127
  119  111  105   99   94   88   80   71   62   54   47   42   40   39   40   40
   43   47   54   62   72   79   83   83   86   89   94   97  100   99   99   97
   94   90   85   81   80   79   78   79   87   96  111  126  147  161  176  184
  193  198  206  208  207  205  202  197  204                                   
    32.5-180.0 180.0   5.0 450.0                            LAT/LON1/LON2/DLON/H
  214  210  213  207  195  189  180  175  167  163  156  153  148  145  138  132
  126  121  117  112  106   97   85   72   61   50   43   39   38   41   45   48
   51   56   61   71   78   87   89   91   92   96  100  101  101   99   98   95
   92   89   84   82   80   79   78   80   88   99  116  133  154  169  184  193
  199  204  211  213  213  212  210  212  214                                   
    30.0-180.0 180.0   5.0 450.0                            LAT/LON1/LON2/DLON/H
  231  231  231  220  206  196  186  177  170  163  158  154  151  148  142  137
  132  129  126  122  114  102   88   73   61   51   46   46   50   57   66   69
   73   74   78   85   92   98  100  100  102  103  106  104  103   98   96   91
   89   85   83   81   80   80   80   83   92  105  123  142  165  181  196  205
  211  216  222  224  227  227  228  232  231                                   
    27.5-180.0 180.0   5.0 450.0                            LAT/LON1/LON2/DLON/H
  270  265  267  256  237  228  213  203  188  179  169  164  158  154  147  142
  138  136  133  127  117  104   89   75   65   60   60   67   76   86   98  101
  102  101  101  106  110  114  112  111  110  109  109  106  102   95   92   87
   85   82   81   78   78   78   80   85   96  111  132  154  177  195  211  222
  231  237  242  246  249  253  254  264  270                                   
    25.0-180.0 180.0   5.0 450.0                            LAT/LON1/LON2/DLON/H
  317  323  323  309  292  278  260  241  221  204  189  178  170  163  154  148
  143  140  135  126  115  102   89   79   76   77   84   97  110  123  134  135
  134  131  127  127  126  126  122  117  115  111  110  104   99   90   86   80
   79   76   76   74   73   73   76   83   97  115  139  164  189  210  229  243
  255  265  271  278  285  293  299  309  317                                   
    22.5-180.0 180.0   5.0 450.0                            LAT/LON1/LON2/DLON/H
  372  387  387  379  364  351  328  304  274  247  222  204  190  179  166  158
  149  143  134  123  110   99   92   90   93  104  117  132  148  158  168  165
  161  154  148  141  136  132  125  118  113  110  107  101   95   87   82   77
   75   72   73   69   68   66   73   81  100  124  150  179  205  230  251  268
  285  296  306  314  326  338  345  354  372                                   
    20.0-180.0 180.0   5.0 450.0                            LAT/LON1/LON2/DLON/H
  425  456  464  463  457  440  411  376  338  297  263  234  215  199  184  172
  158  147  134  121  109  102  102  108  121  137  153  172  185  193  199  192
  184  173  161  150  140  132  122  114  110  106  104   97   91   81   79   73
   72   68   68   63   61   60   67   82  106  134  165  196  226  251  274  298
  316  332  343  355  368  384  396  399  425                                   
    17.5-180.0 180.0   5.0 450.0                            LAT/LON1/LON2/DLON/H
  468  500  517  533  538  528  497  458  404  354  308  273  248  226  207  193
  176  159  141  126  115  114  120  135  154  176  194  207  217  218  218  208
  196  182  166  150  135  127  113  107  102  102   99   94   87   81   77   73
   69   67   65   59   55   54   63   78  109  144  177  213  245  273  297  325
  343  359  372  385  401  415  432  437  468                                   
    15.0-180.0 180.0   5.0 450.0                            LAT/LON1/LON2/DLON/H
  498  536  558  579  600  599  579  535  478  409  353  311  284  256  234  215
  196  176  155  140  133  137  150  171  195  215  228  239  240  238  227  214
  198  181  162  146  131  122  109  102   99   99   97   92   89   80   77   70
   67   63   62   55   53   53   62   83  116  153  191  229  261  290  318  346
  365  379  390  405  423  441  463  470  498                                   
    12.5-180.0 180.0   5.0 450.0                            LAT/LON1/LON2/DLON/H
  506  539  563  593  620  630  618  586  528  462  393  345  314  286  264  242
  222  202  183  169  163  172  188  211  234  251  260  258  253  241  228  211
  192  175  153  141  127  122  108  105  102  103   98   95   87   80   75   70
   66   64   64   59   56   57   67   89  125  162  203  241  273  303  332  360
  375  387  397  412  434  453  476  486  506                                   
    10.0-180.0 180.0   5.0 450.0                            LAT/LON1/LON2/DLON/H
  504  534  555  586  619  632  632  606  558  493  428  375  344  315  294  273
  253  234  216  205  202  213  230  256  270  280  273  267  250  237  220  203
  186  166  152  142  134  127  118  114  112  112  109  104   96   85   80   72
   71   66   70   64   63   64   77   97  132  166  209  245  275  304  334  358
  375  387  397  415  437  458  482  489  504                                   
     7.5-180.0 180.0   5.0 450.0                            LAT/LON1/LON2/DLON/H
  493  512  531  562  594  611  616  601  560  508  448  400  366  339  320  298
  282  263  251  241  243  255  272  289  297  293  279  263  244  227  211  198
