data/unet/pred2640.15i
     1.0            IONOSPHERE MAPS     GNSS                IONEX VERSION / TYPE
pyspatialgeodesy        IME             05-JAN-18 20:20     PGM / RUN BY / DATE 
Map Name                                                    COMMENT             
Predicted global ionosphere maps (GIM).                     DESCRIPTION         
  2015     9    21     0     0     0                        EPOCH OF FIRST MAP  
  2015     9    22     0     0     0                        EPOCH OF LAST MAP   
  7200                                                      INTERVAL            
    13                                                      # OF MAPS IN FILE   
  NONE                                                      MAPPING FUNCTION    
10.0                                                        ELEVATION CUTOFF    
One-way carrier phase leveled to code                       OBSERVABLES USED    
  6371.0                                                    BASE RADIUS         
 2                                                          MAP DIMENSION       
   450.0 450.0   0.0                                        HGT1 / HGT2 / DHGT  
    87.5 -87.5  -2.5                                        LAT1 / LAT2 / DLAT  
  -180.0 180.0   5.0                                        LON1 / LON2 / DLON  
    -1                                                      EXPONENT            
                                                            END OF HEADER       
[from data line 429]
     2                                                      START OF TEC MAP    
  2015     9    21     2     0     0                        EPOCH OF CURRENT MAP
    87.5-180.0 180.0   5.0 450.0                            LAT/LON1/LON2/DLON/H
  106   96   89   83   87   80   85   80   86   80   85   79   85   79   83   77
   83   77   81   75   80   74   79   72   78   71   76   69   75   68   73   67
   73   66   72   66   73   66   73   67   75   69   76   72   79   74   81   77
   84   81   87   83   90   87   92   88   94   90   94   90   94   91   93   89
   92   89   92   88   95   89   96  115  106                                   
    85.0-180.0 180.0   5.0 450.0                            LAT/LON1/LON2/DLON/H
   96  105   86   88   88   86   86   86   87   86   86   86   86   85   84   84
   84   83   82   82   81   80   79   78   77   75   74   72   72   70   70   68
   68   67   68   66   68   67   69   68   71   71   73   73   76   76   78   79
   81   82   84   85   87   88   90   90   92   92   93   93   93   93   92   93
   92   92   92   92   92   88   95  105   96                                   
    82.5-180.0 180.0   5.0 450.0                            LAT/LON1/LON2/DLON/H
   99   99   92   94   91   91   91   92   93   93   92   93   92   92   90   90
   88   88   85   85   82   81   78   76   74   72   69   68   66   65   63   64
   63   63   63   64   64   66   66   68   68   70   71   73   74   76   77   79
   81   82   84   85   88   88   91   90   94   91   95   92   96   92   95   91
   94   91   95   92   95   88  102  104   99                                   
    80.0-180.0 180.0   5.0 450.0                            LAT/LON1/LON2/DLON/H
  104  102   98   95  100   95   99   97  102   98  101   98  101   97   98   95
   96   91   92   87   87   82   81   75   75   68   68   63   63   59   60   57
   60   57   60   59   63   62   66   65   68   67   71   71   74   73   78   76
   81   80   85   83   89   87   92   91   96   94   98   96  100   97   99   97
  100   97  100   98   99   92   99  103  104                                   
    77.5-180.0 180.0   5.0 450.0                            LAT/LON1/LON2/DLON/H
  110  110  103  107  102  104  103  107  105  108  105  108  104  105  101  102
   97   98   93   94   88   88   81   81   73   73   65   66   59   61   55   59
   55   59   56   61   58   63   61   66   63   68   66   70   68   72   71   75
   74   78   78   83   83   87   88   93   94   97   98  101  101  102  102  102
  102  102  102  103  101   97  104  104  110                                   
    75.0-180.0 180.0   5.0 450.0                            LAT/LON1/LON2/DLON/H
  113  110  106  108  108  106  108  108  110  110  110  109  107  106  103  100
   98   95   94   91   89   86   83   79   74   70   66   62   58   56   54   54
   54   55   56   58   58   60   60   62   60   63   62   64   63   66   67   69
   70   73   76   78   82   84   89   92   96   98  101  101  103  103  104  103
  104  103  106  106  106  103  109  109  113                                   
    72.5-180.0 180.0   5.0 450.0                            LAT/LON1/LON2/DLON/H
  119  117  113  111  106  107  107  108  108  108  107  105  101  100   95   93
   88   87   85   84   81   81   77   75   69   67   61   59   54   53   51   51
   50   52   52   54   52   53   52   53   51   52   52   54   53   56   57   60
   61   65   68   72   75   80   84   89   93   96   98  100  101  102  102  102
  103  103  106  108  109  107  117  114  119                                   
    70.0-180.0 180.0   5.0 450.0                            LAT/LON1/LON2/DLON/H
  123  120  114  114  112  111  111  112  112  111  109  106  101   97   91   86
   83   80   81   78   79   77   76   72   69   65   62   58   55   53   51   50
   50   50   50   50   48   48   46   46   44   45   45   47   48   50   52   56
   58   62   65   70   74   80   85   91   97   99  103  104  107  105  107  106
  108  108  112  115  117  117  125  123  123                                   
    67.5-180.0 180.0   5.0 450.0                            LAT/LON1/LON2/DLON/H
  129  125  120  116  110  110  110  111  111  111  108  105   96   91   82   77
   71   70   68   69   68   69   67   66   62   61   57   55   52   51   49   48
   46   46   45   44   40   40   37   37   34   35   35   38   39   44   46   51
   53   58   61   67   72   80   85   92   98  102  105  106  108  107  108  108
  109  110  114  118  120  122  129  129  129                                   
    65.0-180.0 180.0   5.0 450.0                            LAT/LON1/LON2/DLON/H
  132  125  119  116  112  109  110  110  112  111  109  103   95   87   78   70
   64   61   62   61   64   62   63   60   59   56   55   52   51   49   48   46
   45   43   41   40   36   35   31   31   29   32   32   37   39   45   47   53
   55   60   64   70   76   83   90   97  103  107  110  111  113  112  114  113
  115  115  119  123  125  128  135  134  132                                   
    62.5-180.0 180.0   5.0 450.0                            LAT/LON1/LON2/DLON/H
  133  128  121  115  107  106  105  109  108  112  108  105   94   87   74   67
   58   57   53   54   52   54   51   51   48   48   46   47   45   45   43   41
   37   35   32   30   27   26   24   24   24   27   30   35   39   45   49   54
   58   62   66   72   79   86   93  101  107  112  115  116  118  117  118  117
  118  118  122  124  127  129  136  137  133                                   
    60.0-180.0 180.0   5.0 450.0                            LAT/LON1/LON2/DLON/H
  134  127  119  114  108  103  103  105  108  109  108  103   96   85   75   65
   59   53   53   50   51   48   48   44   44   41   43   42   43   42   42   39
   36   33   31   29   26   26   24   26   26   31   33   41   45   52   55   62
   63   69   71   78   83   91   98  106  113  117  119  121  122  123  123  123
  123  124  126  128  130  132  138  136  134                                   
    57.5-180.0 180.0   5.0 450.0                            LAT/LON1/LON2/DLON/H
  135  131  122  114  104  101   99  102  103  108  105  104   95   88   76   69
   58   55   49   48   44   42   38   36   33   34   35   37   38   39   37   35
   32   29   27   26   25   26   28   28   33   35   43   46   54   57   65   67
   72   74   78   83   90   98  106  113  120  124  126  126  128  127  130  128
  131  129  132  131  132  132  137  136  135                                   
    55.0-180.0 180.0   5.0 450.0                            LAT/LON1/LON2/DLON/H
  138  133  124  120  112  105  103  103  104  106  105  102   96   88   80   71
   64   58   55   50   47   41   38   34   35   34   38   39   42   41   41   38
   36   33   33   32   34   36   37   39   42   47   50   57   60   66   69   74
   76   81   84   91   96  106  113  121  126  130  131  133  132  134  135  137
  137  138  139  138  137  137  141  136  138                                   
    52.5-180.0 180.0   5.0 450.0                            LAT/LON1/LON2/DLON/H
  141  140  134  127  118  113  108  107  105  105  102  100   94   89   81   76
   67   63   57   53   46   42   36   34   32   35   38   41   43   45   43   42
   39   39   39   42   44   47   51   51   56   55   63   62   69   70   77   77
   85   87   95  101  112  120  128  133  139  139  140  139  140  141  144  146
  147  146  148  144  144  141  145  140  141                                   
    50.0-180.0 180.0   5.0 450.0                            LAT/LON1/LON2/DLON/H
  146  147  141  139  134  126  121  118  111  109  103  100   95   91   85   80
   74   69   65   59   54   48   45   42   42   43   47   48   52   51   53   49
   50   47   52   54   60   62   66   67   69   70   71   74   75   78   80   84
   89   97  104  115  124  134  141  147  151  151  150  149  148  150  153  156
  156  157  156  154  151  149  151  145  146                                   
    47.5-180.0 180.0   5.0 450.0                            LAT/LON1/LON2/DLON/H
  152  154  152  149  144  141  135  128  120  114  108  103   98   95   90   85
   79   75   70   66   60   57   53   53   52   55   56   59   59   61   60   60
   59   62   66   71   77   79   85   81   86   80   85   80   84   82   88   90
  101  108  122  130  142  149  156  161  165  164  161  159  158  158  162  163
  164  163  164  160  160  156  159  152  152                                   
    45.0-180.0 180.0   5.0 450.0                            LAT/LON1/LON2/DLON/H
  154  160  156  158  156  154  148  142  130  123  115  110  104  100   95   90
   84   80   77   75   71   70   68   68   68   69   70   69   70   69   71   69
   71   72   78   82   89   91   95   93   93   92   90   89   87   89   90   99
  106  121  132  146  154  164  168  173  176  174  171  167  166  166  169  170
  169  169  167  165  164  161  164  158  154                                   
    42.5-180.0 180.0   5.0 450.0                            LAT/LON1/LON2/DLON/H
  159  162  159  162  165  164  161  153  143  132  126  120  116  111  106   98
   92   87   85   84   82   83   82   83   81   82   79   79   75   76   75   78
   78   84   88   94   99  101  105  101  104   97  100   92   95   90   96   99
  115  126  142  152  164  172  177  180  185  181  177  172  172  170  174  172
  171  169  169  166  167  166  168  164  159                                   
    40.0-180.0 180.0   5.0 450.0                            LAT/LON1/LON2/DLON/H
  161  164  157  160  164  164  163  159  149  140  135  130  127  121  114  105
   98   93   92   92   92   94   95   96   95   92   89   84   84   81   83   83
   87   89   94   97  102  103  105  105  105  104  101  101   97   99   99  110
  119  137  147  162  169  181  183  189  192  191  185  181  179  178  178  178
  175  174  173  172  172  172  175  171  161                                   
    37.5-180.0 180.0   5.0 450.0                            LAT/LON1/LON2/DLON/H
  168  166  159  159  161  161  162  160  155  148  145  141  139  132  125  114
  106  100   99   99   99  102  102  104  101   98   92   88   83   83   82   86
   87   93   96  100  103  105  109  107  111  108  112  106  109  105  109  114
  128  139  155  165  177  184  190  193  200  197  195  190  190  186  189  183
  185  182  182  181  184  185  186  181  168                                   
    35.0-180.0 180.0   5.0 450.0                            LAT/LON1/LON2/DLON/H
  177  176  164  160  159  158  159  159  156  153  153  151  150  141  132  121
  113  107  104  104  104  105  106  106  105  100   96   89   87   85   86   86
   90   91   93   95   97  100  104  106  109  112  110  113  108  112  110  120
  126  143  152  169  175  189  192  202  205  208  206  205  204  204  202  201
  197  196  194  195  196  200  202  195  177                                   
    32.5-180.0 180.0   5.0 450.0                            LAT/LON1/LON2/DLON/H
  199  193  181  173  167  162  160  160  159  160  159  159  158  149  138  126
  117  109  106  103  101  101  100  101   99   96   91   88   83   85   83   86
   86   90   90   93   94   97  104  106  112  113  118  115  117  113  113  117
  129  139  156  165  179  187  197  205  214  216  217  217  219  216  219  213
  216  211  212  211  215  219  223  217  199                                   
    30.0-180.0 180.0   5.0 450.0                            LAT/LON1/LON2/DLON/H
  231  224  209  194  185  175  170  168  167  166  167  164  162  150  138  126
  116  108  102   98   94   93   92   93   93   92   91   89   88   88   87   88
   88   88   87   88   89   93   99  106  110  116  115  118  112  111  107  114
  121  136  148  166  177  192  200  215  224  231  235  238  241  242  246  244
  244  241  240  239  241  246  251  245  231                                   
    27.5-180.0 180.0   5.0 450.0                            LAT/LON1/LON2/DLON/H
  274  267  254  240  225  212  201  192  186  183  179  174  165  151  136  122
  112  101   93   86   81   78   78   80   83   85   88   88   89   90   89   88
   86   86   85   85   86   91   98  105  113  114  117  114  112  106  103  107
  115  129  146  162  178  192  206  217  233  239  246  251  255  258  266  265
  273  267  270  268  276  277  281  280  274                                   
    25.0-180.0 180.0   5.0 450.0                            LAT/LON1/LON2/DLON/H
  327  325  322  295  280  255  240  221  213  203  195  182  169  151  134  117
  104   94   83   76   69   68   70   75   81   87   91   95   97   97   96   94
   92   91   91   91   92   95  100  106  109  111  110  109  102   97   93   97
  107  122  142  164  180  201  215  230  239  248  257  265  274  281  294  301
  310  310  311  308  312  316  324  319  327                                   
    22.5-180.0 180.0   5.0 450.0                            LAT/LON1/LON2/DLON/H
  374  383  383  365  346  321  296  271  254  237  221  202  181  157  134  116
   99   85   72   63   57   59   64   72   81   89   97   99  103  103  101   99
   97   97  100   99  101  103  107  109  113  109  108  100   94   86   84   87
  100  115  138  161  186  206  227  240  254  260  271  280  290  299  313  323
  335  334  339  338  346  355  356  365  374                                   
    20.0-180.0 180.0   5.0 450.0                            LAT/LON1/LON2/DLON/H
  427  443  445  430  418  393  366  331  307  275  250  223  199  170  146  123
  103   87   72   63   61   66   76   85   95  102  108  112  115  113  114  110
  112  111  115  113  114  113  112  111  109  102   98   91   82   75   74   79
   95  112  141  165  193  219  239  258  271  280  293  304  314  326  342  353
  366  370  374  372  379  390  407  406  427                                   
    17.5-180.0 180.0   5.0 450.0                            LAT/LON1/LON2/DLON/H
  463  477  477  474  471  455  432  398  370  331  296  258  229  197  168  142
  120   98   85   74   75   83   95  104  113  117  124  124  128  127  130  128
  134  134  138  134  133  128  126  120  112  103   96   84   76   67   67   74
   90  110  142  171  204  230  256  273  290  301  316  326  338  348  364  378
  395  403  410  411  416  432  439  448  463                                   
    15.0-180.0 180.0   5.0 450.0                            LAT/LON1/LON2/DLON/H
  502  504  506  504  509  501  488  462  434  396  352  303  261  222  194  170
  146  127  112  106  108  117  127  133  137  137  137  137  140  140  145  146
  151  151  151  147  142  136  129  120  108   97   88   78   69   62   64   68
   89  110  145  178  210  239  266  287  309  327  339  352  360  371  386  404
  420  431  437  439  446  457  473  473  502                                   
    12.5-180.0 180.0   5.0 450.0                            LAT/LON1/LON2/DLON/H
  509  507  503  507  516  515  516  499  484  445  408  354  307  260  227  199
  182  159  151  142  149  155  164  163  162  156  156  152  157  159  165  167
  171  170  167  159  152  144  135  124  109   99   88   77   69   63   63   70
   92  116  153  184  219  246  277  303  328  344  361  370  382  391  406  423
  439  453  458  463  466  479  485  489  509                                   
    10.0-180.0 180.0   5.0 450.0                            LAT/LON1/LON2/DLON/H
  523  513  506  499  517  517  525  519  510  483  449  400  352  302  263  234
  213  202  193  192  196  201  204  198  193  181  176  170  174  176  184  183
  185  178  173  160  151  140  130  116  104   90   84   74   68   60   64   68
   93  118  153  185  216  245  279  306  333  353  371  383  392  407  418  435
  448  461  467  475  479  487  494  495  523                                   
     7.5-180.0 180.0   5.0 450.0                            LAT/LON1/LON2/DLON/H
  518  507  494  495  500  505  511  512  510  492  468  424  387  336  297  267
  249  231  231  230  236  241  239  228  217  204  196  190  193  196  201  199
