data/unet/pred0620.15i
     1.0            IONOSPHERE MAPS     GNSS                IONEX VERSION / TYPE
pyspatialgeodesy        IME             05-JAN-18 20:20     PGM / RUN BY / DATE 
Map Name                                                    COMMENT             
Predicted global ionosphere maps (GIM).                     DESCRIPTION         
  2015     3     3     0     0     0                        EPOCH OF FIRST MAP  
  2015     3     4     0     0     0                        EPOCH OF LAST MAP   
  7200                                                      INTERVAL            
    13                                                      # OF MAPS IN FILE   
  NONE                                                      MAPPING FUNCTION    
10.0                                                        ELEVATION CUTOFF    
One-way carrier phase leveled to code                       OBSERVABLES USED    
  6371.0                                                    BASE RADIUS         
 2                                                          MAP DIMENSION       
   450.0 450.0   0.0                                        HGT1 / HGT2 / DHGT  
    87.5 -87.5  -2.5                                        LAT1 / LAT2 / DLAT  
  -180.0 180.0   5.0                                        LON1 / LON2 / DLON  
    -1                                                      EXPONENT            
                                                            END OF HEADER       
     1                                                      START OF TEC MAP    
  2015     3     3     0     0     0                        EPOCH OF CURRENT MAP
    87.5-180.0 180.0   5.0 450.0                            LAT/LON1/LON2/DLON/H
  160  127  123  119  120  118  121  121  124  123  125  124  127  125  126  123
  124  121  121  117  118  114  114  109  110  105  105  100  101   96   97   92
   94   89   91   86   89   84   88   83   88   84   89   85   91   88   93   90
   96   93   97   95   99   97  100   98  103  102  104  104  107  107  109  109
  112  114  116  119  127  128  130  160  160                                   
    85.0-180.0 180.0   5.0 450.0                            LAT/LON1/LON2/DLON/H
  132  127  125  122  122  119  123  122  127  126  129  128  132  130  132  129
  130  126  126  121  121  115  114  107  105   98   95   88   86   79   78   71
   71   65   65   60   62   58   61   59   63   62   67   67   73   73   79   79
   85   85   89   89   93   93   97   97  101  101  104  105  108  109  111  113
  115  117  120  122  130  126  126  131  132                                   
    82.5-180.0 180.0   5.0 450.0                            LAT/LON1/LON2/DLON/H
  129  127  127  127  125  123  126  127  131  132  135  136  141  140  142  140
  142  138  137  133  131  125  121  113  109  100   95   85   81   72   68   61
   59   53   53   49   51   49   52   52   56   57   62   64   70   72   78   79
   85   86   92   92   97   97  102  101  107  106  111  111  117  116  121  120
  126  126  131  131  138  133  132  135  129                                   
    80.0-180.0 180.0   5.0 450.0                            LAT/LON1/LON2/DLON/H
  134  138  139  139  135  135  136  138  141  143  148  151  156  158  159  160
  160  159  156  153  148  143  137  129  122  113  104   95   87   78   72   65
   62   57   57   55   57   57   61   63   68   70   75   77   83   85   89   90
   95   95   99  100  103  103  107  108  112  113  117  119  124  126  130  132
  137  138  142  142  147  144  143  145  134                                   
    77.5-180.0 180.0   5.0 450.0                            LAT/LON1/LON2/DLON/H
  150  154  153  152  145  143  142  144  146  150  155  161  166  169  172  173
  173  171  169  166  161  156  149  141  133  124  114  105   96   87   81   74
   70   66   65   64   66   67   71   73   77   79   84   86   89   91   93   94
   96   95   97   97   99   99  102  103  107  109  115  118  123  127  132  137
  142  146  150  153  155  154  155  155  150                                   
    75.0-180.0 180.0   5.0 450.0                            LAT/LON1/LON2/DLON/H
  167  173  174  167  159  154  153  153  155  159  165  171  176  178  180  179
  177  174  171  167  163  158  152  146  139  131  122  113  106   98   92   86
   81   78   77   77   78   81   84   86   89   91   93   94   95   96   96   94
   93   92   91   90   90   91   94   97  100  105  111  116  122  127  134  139
  147  152  160  164  168  169  173  176  167                                   
    72.5-180.0 180.0   5.0 450.0                            LAT/LON1/LON2/DLON/H
  194  198  198  191  177  173  168  168  167  170  173  176  179  179  178  174
  170  164  160  157  153  151  148  145  140  135  128  122  115  109  104   99
   95   92   91   90   91   92   95   95   98   97   98   96   96   93   91   87
   85   81   80   76   78   78   82   84   90   95  104  110  119  125  133  140
  149  157  166  173  179  184  191  197  194                                   
    70.0-180.0 180.0   5.0 450.0                            LAT/LON1/LON2/DLON/H
  214  219  222  210  199  192  188  184  183  182  184  184  184  180  175  167
  159  151  147  143  142  141  141  140  138  134  130  124  120  115  111  107
  105  101  100   98  100   99  101  100  101   99   98   93   90   85   81   75
   72   68   67   66   67   68   72   75   82   89   98  107  117  125  134  141
  151  159  169  178  186  194  204  216  214                                   
    67.5-180.0 180.0   5.0 450.0                            LAT/LON1/LON2/DLON/H
  234  237  240  231  218  212  207  202  198  196  195  192  188  180  169  156
  143  134  128  126  125  126  128  130  129  127  124  120  116  113  110  107
  105  103  101  100  100   99   99   98   97   94   91   85   81   72   67   59
   58   54   56   56   59   62   67   71   79   87   97  107  118  126  135  143
  152  160  170  180  190  199  211  225  234                                   
    65.0-180.0 180.0   5.0 450.0                            LAT/LON1/LON2/DLON/H
  248  252  257  245  236  229  224  217  214  211  208  202  195  181  166  149
  133  122  115  112  113  115  118  119  119  117  114  110  107  103  102   99
   99   95   94   91   92   90   90   87   87   82   80   72   69   59   54   47
   47   46   50   52   58   61   68   73   84   92  105  115  127  134  143  149
  157  163  172  181  190  202  216  234  248                                   
    62.5-180.0 180.0   5.0 450.0                            LAT/LON1/LON2/DLON/H
  259  260  262  254  244  239  234  228  225  223  219  212  201  185  166  147
  128  115  107  104  105  106  108  108  107  103   99   94   91   87   86   83
   83   80   79   77   77   76   75   74   72   69   66   60   56   49   44   39
   40   42   47   52   59   64   71   79   89   99  112  124  137  145  152  158
  165  169  175  182  191  202  216  234  259                                   
    60.0-180.0 180.0   5.0 450.0                            LAT/LON1/LON2/DLON/H
  268  271  272  260  254  249  244  238  236  235  231  223  211  192  172  150
  131  117  108  105  104  104  104  102   98   92   86   80   76   72   71   67
   68   64   64   61   63   60   62   59   61   56   57   50   49   41   41   36
   42   41   51   54   65   69   79   85  100  110  127  141  156  165  172  177
  183  184  188  191  195  205  221  240  268                                   
    57.5-180.0 180.0   5.0 450.0                            LAT/LON1/LON2/DLON/H
  284  282  282  274  263  260  253  250  246  247  245  238  225  206  184  163
  141  127  117  112  108  105  102   97   91   83   76   70   66   61   60   57
   56   53   52   51   51   51   51   52   52   51   51   48   45   41   39   41
   43   48   54   60   69   75   83   91  106  120  139  157  174  187  194  200
  206  207  208  208  208  216  229  245  284                                   
    55.0-180.0 180.0   5.0 450.0                            LAT/LON1/LON2/DLON/H
  304  303  303  293  286  280  273  266  262  262  260  254  241  221  201  179
  160  146  135  127  120  113  105   97   89   80   73   66   63   59   58   54
   54   50   50   47   50   49   52   50   54   52   55   50   51   44   47   45
   52   54   64   66   78   81   92   99  115  131  153  173  192  206  218  225
  233  235  237  235  232  237  249  265  304                                   
    52.5-180.0 180.0   5.0 450.0                            LAT/LON1/LON2/DLON/H
  331  332  331  324  313  310  299  291  282  282  278  272  262  245  225  204
  185  170  155  143  131  122  111  102   92   85   78   73   70   68   65   62
   60   56   55   54   55   56   57   57   58   59   59   57   55   53   53   54
   59   63   70   74   82   87   95  104  118  136  159  182  204  222  235  248
  259  266  269  269  267  269  275  287  331                                   
    50.0-180.0 180.0   5.0 450.0                            LAT/LON1/LON2/DLON/H
  361  368  369  363  359  354  343  329  316  308  300  293  283  269  250  229
  210  192  174  158  144  132  121  112  104   97   92   88   87   83   80   75
   72   67   66   65   66   66   68   67   69   69   72   69   70   68   71   70
   75   78   86   89   96  100  108  115  130  147  171  195  217  237  253  269
  284  295  303  307  306  308  318  327  361                                   
    47.5-180.0 180.0   5.0 450.0                            LAT/LON1/LON2/DLON/H
  393  404  408  407  401  400  385  371  350  338  325  317  306  292  277  257
  236  213  191  173  155  144  133  127  120  117  114  112  110  105   99   92
   86   82   79   79   79   79   79   78   79   80   82   81   83   83   86   86
   90   93   98  103  109  114  119  127  140  160  183  207  230  251  271  290
  306  323  333  343  344  351  357  364  393                                   
    45.0-180.0 180.0   5.0 450.0                            LAT/LON1/LON2/DLON/H
  420  436  440  442  442  440  428  414  390  372  354  342  330  317  301  280
  257  229  204  184  168  157  149  145  141  139  137  134  131  122  114  102
   96   89   87   85   86   86   85   84   85   87   90   92   97  100  103  105
  109  112  116  121  126  130  135  142  157  175  199  221  242  263  282  303
  324  344  359  372  379  388  401  399  420                                   
    42.5-180.0 180.0   5.0 450.0                            LAT/LON1/LON2/DLON/H
  438  454  457  462  462  465  453  445  419  401  374  361  348  337  321  300
  275  245  217  197  183  176  170  168  164  162  157  152  144  133  119  107
   97   92   90   91   91   93   91   91   92   96   99  105  111  115  119  121
  123  127  131  136  139  144  147  156  170  190  212  232  253  273  293  314
  338  361  374  392  401  415  423  421  438                                   
    40.0-180.0 180.0   5.0 450.0                            LAT/LON1/LON2/DLON/H
  446  466  466  470  473  477  469  463  442  424  397  381  367  357  341  322
  294  261  234  214  203  198  195  191  186  178  169  159  147  131  117  102
   95   91   92   95   97   98   98   98  101  104  110  117  125  131  134  137
  138  143  146  150  153  156  161  171  187  206  227  247  266  285  305  326
  350  369  385  400  417  428  440  431  446                                   
    37.5-180.0 180.0   5.0 450.0                            LAT/LON1/LON2/DLON/H
  445  459  460  464  468  472  467  464  447  433  406  392  376  369  353  336
  307  280  253  237  228  225  220  213  201  187  170  156  142  127  111  100
   95   99  103  112  113  119  115  119  117  123  126  135  139  146  146  149
  148  152  154  158  159  167  171  184  199  220  241  261  282  300  319  340
  360  379  391  407  423  434  443  435  445                                   
    35.0-180.0 180.0   5.0 450.0                            LAT/LON1/LON2/DLON/H
  446  457  454  453  455  458  453  452  440  429  408  397  385  379  367  352
  327  303  283  269  263  256  246  228  210  187  167  151  140  125  114  105
  107  112  124  133  141  142  143  141  143  144  147  152  155  158  157  158
  155  157  158  159  163  168  175  189  207  229  251  272  293  313  335  357
  376  392  404  420  435  448  458  445  446                                   
    32.5-180.0 180.0   5.0 450.0                            LAT/LON1/LON2/DLON/H
  457  457  453  447  447  447  441  440  429  421  403  398  386  386  374  366
  343  328  310  303  293  284  265  240  211  187  167  157  150  145  137  137
  140  153  164  179  183  187  181  177  170  170  166  169  166  168  162  161
  156  158  155  159  158  165  171  188  207  230  252  274  298  325  349  375
  394  409  419  433  451  463  478  468  457                                   
    30.0-180.0 180.0   5.0 450.0                            LAT/LON1/LON2/DLON/H
  489  482  476  464  462  453  445  435  425  415  401  398  392  393  388  382
  368  356  344  335  323  304  278  244  215  192  181  179  182  183  185  188
  202  216  230  239  235  231  221  213  201  194  186  184  178  176  167  164
  157  155  154  153  153  158  167  182  202  228  253  278  305  339  370  400
  422  437  447  454  471  488  514  521  489                                   
    27.5-180.0 180.0   5.0 450.0                            LAT/LON1/LON2/DLON/H
  541  529  519  515  511  496  477  463  446  435  418  415  406  410  401  400
  384  379  364  355  334  311  278  248  222  211  211  226  239  255  262  274
  289  307  314  311  294  276  255  242  224  212  197  191  181  176  165  160
  149  148  142  142  138  143  152  170  191  219  249  281  313  352  389  426
  450  471  481  489  502  525  554  577  541                                   
    25.0-180.0 180.0   5.0 450.0                            LAT/LON1/LON2/DLON/H
  619  605  594  596  594  574  550  526  502  481  458  444  432  428  419  414
  403  392  379  360  337  306  279  253  244  249  270  301  333  357  368  376
  389  394  392  375  349  318  288  269  244  227  207  198  186  180  168  158
  150  139  134  125  125  127  141  162  185  216  249  290  327  368  410  451
  484  510  528  538  554  585  626  658  619                                   
    22.5-180.0 180.0   5.0 450.0                            LAT/LON1/LON2/DLON/H
  695  699  695  709  708  682  652  622  592  562  527  500  473  462  444  435
  418  406  383  360  329  302  281  275  283  315  355  410  446  475  476  480
  472  465  440  417  376  343  303  278  248  228  206  196  184  180  167  159
  143  133  120  112  107  112  126  149  177  212  249  293  335  376  419  461
  499  533  559  580  604  638  688  725  695                                   
    20.0-180.0 180.0   5.0 450.0                            LAT/LON1/LON2/DLON/H
  776  806  818  837  841  814  780  745  710  670  625  583  541  513  485  466
  443  421  394  362  334  309  304  318  356  406  461  518  552  574  568  554
  533  499  470  427  384  342  302  274  246  223  202  190  182  176  168  154
  142  123  114  100  100  103  119  144  177  219  260  305  348  388  431  473
  514  551  589  615  649  686  750  786  776                                   
    17.5-180.0 180.0   5.0 450.0                            LAT/LON1/LON2/DLON/H
  827  889  927  962  970  941  900  861  823  783  733  680  626  584  540  514
  480  455  418  387  357  348  358  397  448  510  558  606  616  627  603  580
  537  496  451  410  358  321  282  263  238  221  199  189  180  177  168  156
  142  124  112   97   96   96  115  138  178  223  266  312  356  400  441  483
  520  560  600  637  670  710  768  809  827                                   
    15.0-180.0 180.0   5.0 450.0                            LAT/LON1/LON2/DLON/H
  872  954 1005 1040 1056 1033 1004  956  917  877  834  774  716  655  605  565
  527  498  462  434  414  416  443  495  557  610  640  657  647  628  596  549
  501  454  411  363  319  285  260  250  236  221  203  193  186  180  173  159
  145  127  113   99   96   98  119  148  191  238  283  326  373  418  463  499
  537  573  618  651  684  725  783  817  872                                   
    12.5-180.0 180.0   5.0 450.0                            LAT/LON1/LON2/DLON/H
  869  955 1012 1058 1083 1067 1049 1020  980  945  901  844  784  719  667  626
  588  561  529  511  496  512  547  606  648  677  666  646  604  564  515  473
  425  389  346  307  272  255  242  245  237  226  209  198  193  185  177  163
  150  130  117  100  101  100  128  158  202  247  290  334  383  435  479  520
  558  596  636  665  690  725  773  802  869                                   
    10.0-180.0 180.0   5.0 450.0                            LAT/LON1/LON2/DLON/H
  873  942  999 1041 1073 1070 1057 1036 1018  983  947  889  836  770  726  680
  651  626  606  599  602  626  666  707  723  699  654  585  521  462  421  384
  351  321  291  263  248  244  243  248  243  233  216  204  199  190  180  167
  151  134  119  106  104  110  132  163  208  247  293  336  395  445  496  538
  584  625  665  687  709  744  788  793  873                                   
     7.5-180.0 180.0   5.0 450.0                            LAT/LON1/LON2/DLON/H
  842  916  964 1008 1036 1045 1043 1034 1024 1009  973  928  877  823  777  740
  717  697  693  693  702  730  752  766  736  673  582  489  408  354  325  309
