data/unet/pred0080.15i
     1.0            IONOSPHERE MAPS     GNSS                IONEX VERSION / TYPE
pyspatialgeodesy        IME             05-JAN-18 20:20     PGM / RUN BY / DATE 
Map Name                                                    COMMENT             
Predicted global ionosphere maps (GIM).                     DESCRIPTION         
  2015     1     8     0     0     0                        EPOCH OF FIRST MAP  
  2015     1     9     0     0     0                        EPOCH OF LAST MAP   
  7200                                                      INTERVAL            
    13                                                      # OF MAPS IN FILE   
  NONE                                                      MAPPING FUNCTION    
10.0                                                        ELEVATION CUTOFF    
One-way carrier phase leveled to code                       OBSERVABLES USED    
  6371.0                                                    BASE RADIUS         
 2                                                          MAP DIMENSION       
   450.0 450.0   0.0                                        HGT1 / HGT2 / DHGT  
    87.5 -87.5  -2.5                                        LAT1 / LAT2 / DLAT  
  -180.0 180.0   5.0                                        LON1 / LON2 / DLON  
    -1                                                      EXPONENT            
                                                            END OF HEADER       
     1                                                      START OF TEC MAP    
  2015     1     8     0     0     0                        EPOCH OF CURRENT MAP
    87.5-180.0 180.0   5.0 450.0                            LAT/LON1/LON2/DLON/H
  114   89   82   77   80   77   81   80   83   82   84   83   86   84   86   84
   86   84   86   83   85   83   84   81   83   80   81   78   80   77   78   75
   77   74   76   73   76   74   76   74   77   75   78   76   79   78   81   80
   83   83   84   84   85   85   85   85   86   86   85   84   85   83   83   81
   82   80   81   80   86   84   93  102  114                                   
    85.0-180.0 180.0   5.0 450.0                            LAT/LON1/LON2/DLON/H
   96   70   67   66   65   66   69   70   73   74   76   76   79   79   80   79
   81   80   80   78   79   77   76   73   74   70   69   66   67   63   62   58
   59   56   56   54   56   55   57   57   60   61   64   64   69   69   73   73
   78   77   80   79   82   80   82   80   82   80   81   78   79   76   74   72
   70   68   68   67   72   66   68   91   96                                   
    82.5-180.0 180.0   5.0 450.0                            LAT/LON1/LON2/DLON/H
   89   72   72   74   75   74   80   79   84   82   87   85   91   88   93   89
   94   89   93   88   92   86   88   81   83   76   77   70   73   65   66   59
   62   55   59   53   59   55   60   57   65   62   68   67   73   72   78   78
   83   83   87   86   89   87   89   87   89   85   86   83   85   80   81   76
   78   73   77   73   80   71   77   92   89                                   
    80.0-180.0 180.0   5.0 450.0                            LAT/LON1/LON2/DLON/H
   95   86   89   93   92   93   96   98  100  100  102  104  106  107  109  109
  111  110  110  109  109  105  103   99   97   92   89   84   82   77   74   69
   69   64   65   62   65   62   65   63   68   67   72   72   76   76   80   82
   85   87   90   92   93   94   94   95   94   93   91   90   89   89   87   86
   86   86   88   88   91   85   90  102   95                                   
    77.5-180.0 180.0   5.0 450.0                            LAT/LON1/LON2/DLON/H
  109  100  104  107  105  107  111  113  115  117  119  122  125  126  129  130
  133  131  133  131  131  127  125  119  115  109  105  100   96   90   86   81
   79   74   74   70   70   67   68   67   69   69   72   73   75   76   79   82
   86   89   92   96   97   99   98  100   97   97   94   94   92   92   90   92
   92   94   96   97  101   98  103  110  109                                   
    75.0-180.0 180.0   5.0 450.0                            LAT/LON1/LON2/DLON/H
  123  122  126  128  125  128  131  134  136  137  139  140  141  142  143  144
  145  145  146  145  144  141  137  133  128  123  116  112  106  102   97   93
   88   84   82   79   77   75   75   74   75   75   77   77   78   79   81   83
   86   89   92   95   96   97   96   95   93   91   89   87   87   87   89   91
   96  100  106  110  113  114  123  128  123                                   
    72.5-180.0 180.0   5.0 450.0                            LAT/LON1/LON2/DLON/H
  148  147  150  149  147  148  151  152  154  153  153  151  150  147  146  145
  145  145  145  144  143  142  139  135  130  126  120  115  110  106  101   98
   93   90   86   83   81   78   78   76   78   76   78   76   78   76   78   78
   81   82   84   84   85   84   83   81   79   76   75   73   74   76   81   86
   95  103  114  121  129  133  141  147  148                                   
    70.0-180.0 180.0   5.0 450.0                            LAT/LON1/LON2/DLON/H
  165  169  172  170  167  169  170  170  170  169  166  162  157  151  146  142
  140  139  138  138  138  138  136  134  131  127  122  118  113  110  105  101
   96   93   89   86   82   79   78   76   77   77   78   77   77   75   74   73
   73   73   73   73   71   70   68   66   64   60   60   59   63   67   76   84
   96  107  121  132  142  149  161  167  165                                   
    67.5-180.0 180.0   5.0 450.0                            LAT/LON1/LON2/DLON/H
  190  191  193  191  188  188  188  187  185  182  177  171  162  153  143  136
  131  129  126  127  127  128  128  127  125  122  119  115  111  109  104  100
   94   91   87   83   79   75   73   71   73   72   75   74   74   70   68   64
   63   62   62   61   59   57   55   52   51   49   49   51   57   64   75   87
  101  114  130  143  156  166  175  183  190                                   
    65.0-180.0 180.0   5.0 450.0                            LAT/LON1/LON2/DLON/H
  205  206  208  205  201  201  200  199  197  194  188  179  167  155  141  131
  124  120  117  116  116  117  118  118  117  115  111  108  104  101   97   92
   88   84   80   76   71   67   63   64   65   68   70   70   69   66   62   57
   54   53   53   53   51   50   49   47   47   46   48   51   59   68   81   93
  110  123  139  152  166  176  188  198  205                                   
    62.5-180.0 180.0   5.0 450.0                            LAT/LON1/LON2/DLON/H
  221  217  218  215  211  210  208  208  206  203  196  186  172  157  140  127
  118  110  107  104  104  104  104  105  104  102  100   97   94   91   88   85
   81   78   73   68   62   59   56   57   60   63   65   65   64   60   55   49
   46   45   44   45   44   44   45   45   46   47   51   57   67   78   91  105
  120  134  149  163  177  187  196  210  221                                   
    60.0-180.0 180.0   5.0 450.0                            LAT/LON1/LON2/DLON/H
  236  231  231  226  218  217  213  214  212  210  203  193  177  160  142  127
  116  106  100   96   93   91   89   88   87   86   85   83   82   80   78   75
   73   68   64   57   51   48   46   49   52   56   59   60   58   55   49   43
   40   38   38   39   40   41   44   44   48   51   58   66   79   91  106  120
  137  149  164  177  189  198  209  223  236                                   
    57.5-180.0 180.0   5.0 450.0                            LAT/LON1/LON2/DLON/H
  258  246  249  241  231  226  222  221  220  219  212  203  187  171  152  136
  123  112  103   96   89   83   78   76   74   74   73   72   73   72   72   70
   68   65   60   55   49   46   45   48   51   55   58   59   57   53   47   42
   38   35   36   37   39   41   44   46   51   56   65   76   90  104  121  138
  155  170  182  195  206  216  223  239  258                                   
    55.0-180.0 180.0   5.0 450.0                            LAT/LON1/LON2/DLON/H
  288  279  280  267  252  246  236  235  232  231  225  217  202  187  168  151
  136  123  111   99   87   77   70   64   64   63   64   65   66   68   68   68
   68   65   61   56   52   48   46   46   51   52   57   56   56   52   48   41
   38   36   38   39   40   42   45   49   56   64   75   87  104  120  139  157
  177  192  204  217  228  238  247  263  288                                   
    52.5-180.0 180.0   5.0 450.0                            LAT/LON1/LON2/DLON/H
  327  322  323  307  288  275  264  257  253  250  247  238  225  210  191  174
  157  141  126  110   93   79   68   62   59   60   62   64   67   68   69   69
   70   70   68   68   64   62   57   57   58   61   61   61   59   57   52   46
   45   43   45   45   46   47   50   54   63   72   84   98  117  135  156  177
  198  215  230  244  255  265  274  290  327                                   
    50.0-180.0 180.0   5.0 450.0                            LAT/LON1/LON2/DLON/H
  366  371  368  347  328  311  296  284  278  272  267  258  246  231  215  198
  178  159  140  121  101   83   70   62   61   62   66   67   72   72   74   73
   76   79   81   83   83   79   75   71   71   69   70   68   68   64   60   55
   55   53   55   53   53   54   57   63   72   83   94  109  128  148  171  193
  218  239  254  270  280  291  303  318  366                                   
    47.5-180.0 180.0   5.0 450.0                            LAT/LON1/LON2/DLON/H
  398  411  411  394  373  355  335  320  307  298  290  280  269  254  239  220
  199  178  155  134  110   91   77   70   68   69   74   77   81   81   80   80
   83   89   94   99   99   97   92   89   84   83   80   81   78   76   73   70
   69   67   68   64   64   64   68   73   83   93  105  120  141  160  184  207
  234  257  277  292  304  314  325  338  398                                   
    45.0-180.0 180.0   5.0 450.0                            LAT/LON1/LON2/DLON/H
  417  440  444  430  416  398  379  357  344  326  316  301  289  273  258  239
  216  193  167  143  120  102   89   83   82   83   88   87   90   84   84   79
   85   91  100  105  110  106  104   98   95   90   90   89   90   87   87   85
   86   83   84   79   77   77   80   85   96  105  118  132  153  172  197  221
  249  274  292  308  317  328  339  350  417                                   
    42.5-180.0 180.0   5.0 450.0                            LAT/LON1/LON2/DLON/H
  420  443  455  453  447  436  419  397  378  358  341  323  307  287  271  248
  225  199  173  152  130  116  104  100   99   99  102  100   98   93   88   85
   88   95  102  109  112  111  108  103  100   97   97   98   99   99  100  100
  101   98   97   93   91   89   93   97  107  117  130  146  169  189  215  239
  266  289  307  322  331  337  344  353  420                                   
    40.0-180.0 180.0   5.0 450.0                            LAT/LON1/LON2/DLON/H
  410  440  455  463  465  461  450  433  417  393  374  349  330  305  286  260
  233  205  180  160  142  131  123  119  118  115  115  109  107   96   92   87
   90   95  103  109  112  111  109  104  103  101  103  104  107  109  112  113
  114  113  110  107  103  101  105  109  120  130  146  162  188  210  238  267
  292  315  329  338  343  345  349  353  410                                   
    37.5-180.0 180.0   5.0 450.0                            LAT/LON1/LON2/DLON/H
  390  412  435  449  460  466  462  453  437  416  395  369  346  319  297  266
  239  209  186  169  156  149  142  138  134  128  126  121  115  108  103  102
  100  106  109  114  115  114  111  109  107  109  110  113  115  117  119  121
  120  119  116  113  109  109  112  118  131  145  163  184  211  240  274  307
  335  357  366  371  367  362  358  358  390                                   
    35.0-180.0 180.0   5.0 450.0                            LAT/LON1/LON2/DLON/H
  375  396  416  434  450  462  470  466  457  439  420  394  368  340  314  281
  252  220  199  183  171  164  158  151  144  135  134  129  128  126  125  123
  121  120  119  120  121  120  118  117  117  118  119  120  121  122  123  125
  124  122  120  117  113  113  117  125  140  156  179  202  237  274  317  359
  390  410  416  415  410  397  390  376  375                                   
    32.5-180.0 180.0   5.0 450.0                            LAT/LON1/LON2/DLON/H
  368  385  402  414  432  449  461  465  456  442  425  400  378  351  326  295
  266  236  216  202  188  179  168  158  147  142  142  144  149  156  160  163
  158  156  147  144  138  135  132  132  131  131  129  128  125  123  122  122
  121  118  117  113  111  113  118  129  145  168  194  224  265  311  364  413
  446  472  477  478  465  449  435  413  368                                   
    30.0-180.0 180.0   5.0 450.0                            LAT/LON1/LON2/DLON/H
  376  395  406  411  425  441  459  466  464  450  438  414  394  368  343  313
  286  258  239  220  203  188  173  159  151  148  154  164  178  193  204  209
  206  197  186  174  165  158  153  151  148  144  138  132  126  121  121  118
  118  113  113  109  109  111  118  128  148  173  206  241  290  349  405  458
  495  525  539  544  538  518  505  466  376                                   
    27.5-180.0 180.0   5.0 450.0                            LAT/LON1/LON2/DLON/H
  403  426  430  424  429  439  455  465  463  452  437  414  396  371  351  326
  303  281  260  238  214  194  174  161  156  161  177  196  216  240  255  268
  260  251  231  216  200  190  180  173  165  157  146  135  124  118  115  112
  109  104  104  103  105  109  115  128  146  177  215  258  313  372  429  486
  531  567  587  600  599  586  573  530  403                                   
    25.0-180.0 180.0   5.0 450.0                            LAT/LON1/LON2/DLON/H
  446  471  469  462  457  466  473  481  480  467  452  430  412  386  364  338
  317  294  274  245  219  194  178  169  173  190  215  243  278  310  337  348
  340  318  291  262  243  223  210  197  184  169  154  139  125  116  113  106
  104   98  100   98  103  106  114  125  146  179  223  271  331  392  455  520
  576  622  648  669  679  669  651  606  446                                   
    22.5-180.0 180.0   5.0 450.0                            LAT/LON1/LON2/DLON/H
  515  546  541  528  522  512  513  505  499  483  466  444  421  393  370  343
  323  300  276  248  218  196  185  185  202  229  266  308  342  383  404  419
  402  383  342  308  275  251  230  212  192  174  155  138  122  115  108  103
   98   95   96   98  102  107  113  125  146  181  231  280  343  404  473  547
  613  664  699  729  750  748  727  677  515                                   
    20.0-180.0 180.0   5.0 450.0                            LAT/LON1/LON2/DLON/H
  597  638  629  623  615  598  578  562  540  521  501  475  451  417  389  356
  335  305  280  245  220  203  204  218  251  293  345  389  428  458  476  471
  452  414  376  329  295  265  243  216  196  174  155  137  124  112  107   98
   96   92   94   95  102  105  113  125  151  187  243  293  355  417  488  565
  631  688  730  767  800  802  792  736  597                                   
    17.5-180.0 180.0   5.0 450.0                            LAT/LON1/LON2/DLON/H
  673  718  727  718  708  677  653  621  594  564  539  509  481  442  409  370
  344  312  282  250  229  224  241  274  321  373  416  453  476  495  499  488
  457  423  379  338  298  266  235  212  186  170  148  135  120  113  103   98
   94   92   93   95   99  104  115  131  159  199  255  304  363  427  494  564
  626  677  720  756  795  811  806  754  673                                   
    15.0-180.0 180.0   5.0 450.0                            LAT/LON1/LON2/DLON/H
  711  765  782  781  773  744  714  685  652  621  585  551  519  479  443  401
  369  330  303  270  260  267  301  346  401  444  480  501  509  504  499  472
  448  403  365  317  283  247  223  195  175  157  142  127  117  105  100   95
   93   89   92   93   97  103  118  137  172  215  270  318  377  437  499  552
  602  641  679  712  753  773  788  750  711                                   
    12.5-180.0 180.0   5.0 450.0                            LAT/LON1/LON2/DLON/H
  712  766  796  803  803  784  758  727  698  665  630  591  556  514  478  438
  405  366  339  314  313  332  375  430  474  504  517  510  498  470  454  426
  403  364  330  291  259  229  200  180  158  146  130  122  108  101   93   93
   89   90   89   90   93  101  117  143  184  230  282  329  384  441  489  532
  564  591  618  647  683  707  730  710  712                                   
    10.0-180.0 180.0   5.0 450.0                            LAT/LON1/LON2/DLON/H
  695  742  774  789  800  786  769  745  723  701  671  633  593  552  517  483
  452  417  391  372  382  409  458  503  530  536  521  494  461  429  406  380
  359  320  291  256  234  205  183  162  147  134  123  110  101   93   89   88
   86   86   85   86   92  102  120  149  193  240  293  335  391  439  484  510
  534  544  566  588  622  637  670  664  695                                   
     7.5-180.0 180.0   5.0 450.0                            LAT/LON1/LON2/DLON/H
  662  702  736  761  776  775  762  748  731  716  695  665  627  585  550  520
  494  468  445  440  454  490  527  558  560  532  497  450  413  381  358  336
