data/unet/pred2470.15i
     1.0            IONOSPHERE MAPS     GNSS                IONEX VERSION / TYPE
pyspatialgeodesy        IME             05-JAN-18 20:20     PGM / RUN BY / DATE 
Map Name                                                    COMMENT             
Predicted global ionosphere maps (GIM).                     DESCRIPTION         
  2015     9     4     0     0     0                        EPOCH OF FIRST MAP  
  2015     9     5     0     0     0                        EPOCH OF LAST MAP   
  7200                                                      INTERVAL            
    13                                                      # OF MAPS IN FILE   
  NONE                                                      MAPPING FUNCTION    
10.0                                                        ELEVATION CUTOFF    
One-way carrier phase leveled to code                       OBSERVABLES USED    
  6371.0                                                    BASE RADIUS         
 2                                                          MAP DIMENSION       
   450.0 450.0   0.0                                        HGT1 / HGT2 / DHGT  
    87.5 -87.5  -2.5                                        LAT1 / LAT2 / DLAT  
  -180.0 180.0   5.0                                        LON1 / LON2 / DLON  
    -1                                                      EXPONENT            
                                                            END OF HEADER       
[from data line 1716]
     5                                                      START OF TEC MAP    
  2015     9     4     8     0     0                        EPOCH OF CURRENT MAP
    87.5-180.0 180.0   5.0 450.0                            LAT/LON1/LON2/DLON/H
   93  105  107  110  106  105  103  103  103  102  102  101  102  101  101  101
  102  102  103  103  103  104  104  104  104  104  105  103  104  103  104  103
  104  104  105  105  105  105  107  106  107  107  108  108  109  109  110  110
  111  111  111  111  111  110  110  108  109  108  107  106  107  106  105  105
  106  106  107  108  109  108  110   98   93                                   
    85.0-180.0 180.0   5.0 450.0                            LAT/LON1/LON2/DLON/H
   97  106  102  110  106  106  105  108  107  108  105  108  106  108  106  108
  106  108  106  108  106  109  107  109  108  109  109  108  109  108  109  108
  109  109  111  111  112  113  114  114  116  116  117  118  120  120  121  122
  122  123  122  122  122  121  119  119  117  117  114  114  113  113  110  111
  110  110  109  109  109  106  110  100   97                                   
    82.5-180.0 180.0   5.0 450.0                            LAT/LON1/LON2/DLON/H
   99  100   99  103  101  102  103  106  106  107  107  107  108  107  107  106
  105  104  103  102  102  101  100  101   99  100   99  100   98  100   98  101
   99  103  101  106  104  109  108  112  111  116  115  119  119  122  122  124
  125  126  126  126  125  124  122  121  119  117  114  113  111  109  107  107
  105  104  103  102  100   98  100   94   99                                   
    80.0-180.0 180.0   5.0 450.0                            LAT/LON1/LON2/DLON/H
   94   88   91   92   93   94   95   98   99  100  100  101  101  100   98   98
   96   95   93   93   90   90   88   88   87   87   87   87   87   88   88   89
   92   93   95   97  100  102  105  107  111  113  117  118  124  123  129  127
  134  131  135  132  134  130  130  125  124  119  118  113  113  108  107  103
  102   99   98   94   95   89   91   90   94                                   
    77.5-180.0 180.0   5.0 450.0                            LAT/LON1/LON2/DLON/H
   84   84   81   81   83   83   87   87   91   89   92   90   91   88   89   85
   85   81   82   78   78   74   76   73   74   72   74   72   75   75   79   80
   82   85   88   91   95   98  103  106  110  113  118  121  126  129  134  135
  140  139  142  140  141  137  137  132  131  125  124  119  117  112  110  105
  104   99   99   93   93   87   89   79   84                                   
    75.0-180.0 180.0   5.0 450.0                            LAT/LON1/LON2/DLON/H
   85   78   74   74   75   74   78   78   81   81   82   81   81   79   77   76
   73   71   69   67   66   65   64   63   62   62   64   64   67   69   72   74
   77   80   84   88   93   97  102  106  112  116  123  126  135  136  143  142
  148  147  151  148  149  145  144  139  137  132  130  125  123  119  117  111
  109  104  103   98   98   88   89   79   85                                   
    72.5-180.0 180.0   5.0 450.0                            LAT/LON1/LON2/DLON/H
   83   79   70   68   68   65   69   68   72   69   72   69   70   66   66   62
   62   58   58   55   54   53   53   53   53   54   55   57   60   63   67   70
   73   77   80   85   90   95  101  107  113  119  127  133  140  143  149  150
  154  154  156  153  154  150  148  143  141  137  135  130  129  125  123  118
  116  112  111  104  102   96   95   82   83                                   
    70.0-180.0 180.0   5.0 450.0                            LAT/LON1/LON2/DLON/H
   89   77   69   66   65   61   63   62   64   63   64   63   62   61   58   58
   55   54   52   52   50   50   49   50   50   52   53   55   59   62   67   70
   75   78   83   87   93   97  104  109  118  123  133  137  146  146  152  152
  155  154  155  154  153  151  149  146  144  140  139  136  136  132  132  127
  127  122  123  116  116  103  101   88   89                                   
    67.5-180.0 180.0   5.0 450.0                            LAT/LON1/LON2/DLON/H
   92   84   72   66   63   57   59   55   58   56   59   57   58   55   55   53
   52   51   49   48   45   46   44   46   45   49   49   54   56   61   65   69
   73   76   81   86   90   95  102  109  117  124  134  140  146  147  150  149
  151  149  149  146  147  144  144  140  140  136  138  134  136  133  134  131
  132  129  129  124  123  115  110   95   92                                   
    65.0-180.0 180.0   5.0 450.0                            LAT/LON1/LON2/DLON/H
  101   85   76   69   65   57   57   53   55   54   54   54   54   53   52   52
   50   50   48   47   45   45   44   44   44   46   49   53   57   61   66   70
   75   79   85   88   95   98  107  112  122  129  138  143  148  148  148  147
  146  144  141  141  139  138  135  135  133  132  132  132  132  132  133  133
  136  135  137  133  134  123  118  106  101                                   
    62.5-180.0 180.0   5.0 450.0                            LAT/LON1/LON2/DLON/H
  109   98   85   75   68   59   56   51   52   49   51   50   51   50   50   49
   48   47   44   44   40   41   38   40   39   43   45   51   54   59   63   67
   73   76   82   87   93   98  107  114  124  131  139  144  148  147  147  143
  143  138  138  133  135  131  133  129  133  128  131  127  130  127  131  129
  134  134  139  136  137  131  125  114  109                                   
    60.0-180.0 180.0   5.0 450.0                            LAT/LON1/LON2/DLON/H
  120  103   91   82   75   63   59   53   50   48   48   48   48   49   48   49
   47   46   43   42   39   38   36   37   37   40   44   49   53   58   62   66
   71   77   83   88   97  101  111  117  129  135  144  148  152  151  149  146
  143  140  137  135  134  133  133  133  133  131  130  129  128  128  127  129
  131  135  139  139  143  135  132  126  120                                   
    57.5-180.0 180.0   5.0 450.0                            LAT/LON1/LON2/DLON/H
  129  119  105   93   83   71   64   54   50   46   46   45   46   46   47   46
   45   42   40   37   34   33   30   32   32   37   39   46   48   55   58   64
   68   75   83   90   98  105  114  123  132  141  148  154  157  157  156  153
  151  147  146  142  145  142  146  142  145  140  141  135  134  128  129  126
  131  132  139  138  144  139  138  133  129                                   
    55.0-180.0 180.0   5.0 450.0                            LAT/LON1/LON2/DLON/H
  139  126  116  106   95   80   71   59   53   48   46   45   45   45   45   45
   43   40   37   35   32   30   28   29   31   34   39   44   48   53   56   62
   67   77   85   94  104  110  121  128  140  147  156  161  166  166  166  165
  163  161  156  156  156  157  156  157  155  153  149  146  140  137  133  132
  132  136  140  141  147  141  147  146  139                                   
    52.5-180.0 180.0   5.0 450.0                            LAT/LON1/LON2/DLON/H
  148  141  130  119  107   92   81   67   57   50   47   45   45   44   44   42
   41   38   35   32   30   29   28   29   31   36   38   44   46   51   54   61
   67   77   88   99  110  118  127  136  145  155  161  169  173  179  180  181
  181  180  179  177  179  178  179  177  176  172  167  160  155  146  143  138
  138  138  144  142  146  144  152  150  148                                   
    50.0-180.0 180.0   5.0 450.0                            LAT/LON1/LON2/DLON/H
  155  145  139  131  121  103   91   75   64   56   51   48   47   46   45   43
   40   37   34   33   31   31   32   34   36   40   44   48   50   53   56   63
   69   83   95  108  120  128  139  145  157  163  173  178  187  190  194  196
  198  198  196  197  196  195  192  192  187  184  177  172  166  159  154  149
  146  147  148  148  151  148  158  159  155                                   
    47.5-180.0 180.0   5.0 450.0                            LAT/LON1/LON2/DLON/H
  161  152  146  138  129  114  103   85   75   62   58   53   52   49   48   45
   42   40   37   36   37   38   40   43   45   49   50   54   54   57   59   67
   73   89  102  116  128  138  146  156  162  173  178  189  195  204  209  213
  217  217  217  214  212  208  205  200  197  192  188  181  177  169  166  158
  158  154  160  154  155  151  160  157  161                                   
    45.0-180.0 180.0   5.0 450.0                            LAT/LON1/LON2/DLON/H
  161  148  144  140  132  120  108   93   82   70   65   60   59   55   53   49
   47   44   43   45   47   48   51   54   55   58   58   60   60   62   64   71
   80   97  112  126  139  148  158  164  174  180  190  196  206  213  219  226
  227  230  224  224  216  212  203  202  195  193  186  184  179  176  172  169
  165  166  165  162  160  156  161  162  161                                   
    42.5-180.0 180.0   5.0 450.0                            LAT/LON1/LON2/DLON/H
  158  144  140  134  129  120  112   99   91   79   76   69   68   62   59   55
   53   51   53   54   58   60   63   64   66   66   66   66   65   67   69   76
   86  101  118  132  145  154  161  170  176  187  195  205  216  223  233  236
  242  239  237  229  223  213  207  202  199  194  191  187  186  182  182  177
  177  175  178  169  167  157  162  156  158                                   
    40.0-180.0 180.0   5.0 450.0                            LAT/LON1/LON2/DLON/H
  152  134  127  126  121  115  108  100   93   85   81   77   76   71   67   63
   61   60   61   64   68   70   71   74   72   72   70   70   68   71   74   82
   93  109  125  139  153  162  171  177  189  195  208  215  228  236  244  250
  253  250  244  237  228  219  210  207  203  200  196  194  192  190  188  186
  186  186  186  180  177  165  165  161  152                                   
    37.5-180.0 180.0   5.0 450.0                            LAT/LON1/LON2/DLON/H
  147  124  115  109  107  104  103   97   95   89   89   84   84   78   75   69
   68   67   71   73   78   78   80   78   77   75   73   72   70   74   78   85
   97  111  128  141  155  164  173  183  192  204  215  226  239  248  258  263
  269  265  261  252  246  236  232  228  227  222  220  214  211  206  204  199
  200  198  199  191  187  171  168  155  147                                   
    35.0-180.0 180.0   5.0 450.0                            LAT/LON1/LON2/DLON/H
  140  114   99   95   92   91   89   88   87   86   87   86   87   84   80   76
   75   75   78   80   83   84   82   81   77   75   71   71   70   75   81   91
  103  117  131  146  160  169  180  188  203  212  227  236  252  263  276  283
  291  289  287  279  275  265  261  258  256  251  245  239  232  225  218  213
  211  210  209  202  198  182  174  163  140                                   
    32.5-180.0 180.0   5.0 450.0                            LAT/LON1/LON2/DLON/H
  142  113   95   85   82   78   81   79   83   82   88   88   91   87   85   81
   81   80   84   86   88   87   86   82   79   75   71   71   69   76   84   93
  106  117  132  143  158  168  179  191  206  219  233  248  264  278  294  304
  315  319  320  321  318  317  312  310  305  297  289  277  269  257  249  239
  236  230  229  216  211  192  185  163  142                                   
    30.0-180.0 180.0   5.0 450.0                            LAT/LON1/LON2/DLON/H
  146  117   95   82   75   71   71   71   74   74   81   83   87   86   84   83
   83   84   86   88   89   88   85   83   77   74   69   68   69   77   85   98
  109  122  134  148  160  174  186  199  216  227  246  258  277  292  313  324
  341  347  357  359  367  368  373  369  366  356  345  329  315  297  281  267
  257  252  245  235  229  211  197  177  146                                   
    27.5-180.0 180.0   5.0 450.0                            LAT/LON1/LON2/DLON/H
  160  134  107   90   83   75   74   71   73   72   78   80   86   86   86   84
   85   86   89   90   91   90   88   85   80   77   71   70   69   77   88   98
  111  120  132  143  160  172  187  202  220  235  252  268  286  304  324  342
  359  377  388  403  416  428  435  434  430  416  401  382  365  344  328  308
  299  286  281  264  255  232  217  186  160                                   
    25.0-180.0 180.0   5.0 450.0                            LAT/LON1/LON2/DLON/H
  170  153  124  105   94   85   81   77   78   74   78   80   83   85   84   84
   84   86   88   90   91   91   90   87   83   78   72   69   70   79   88  101
  112  123  132  147  163  180  195  211  229  244  265  280  299  318  340  358
  382  403  425  441  464  477  485  485  478  467  452  432  415  391  373  351
  335  322  307  297  281  258  238  211  170                                   
    22.5-180.0 180.0   5.0 450.0                            LAT/LON1/LON2/DLON/H
  191  182  151  130  118  108  105   97   92   87   85   86   87   86   86   84
   86   87   90   90   92   94   94   93   89   83   76   72   72   77   92  100
  114  122  133  145  164  180  198  215  235  252  272  286  307  323  347  370
  397  423  448  471  494  511  517  518  510  501  488  476  459  438  419  394
  379  359  347  330  317  291  264  230  191                                   
    20.0-180.0 180.0   5.0 450.0                            LAT/LON1/LON2/DLON/H
  210  209  177  156  139  126  123  116  111  100   97   93   92   88   86   84
   85   86   88   90   93   94   98   96   93   86   79   73   72   78   88   99
  113  125  136  154  171  191  208  226  245  262  283  296  315  332  356  381
  409  438  467  488  508  520  527  527  522  516  507  502  490  476  455  437
  415  398  381  364  345  317  286  255  210                                   
    17.5-180.0 180.0   5.0 450.0                            LAT/LON1/LON2/DLON/H
  241  232  207  184  167  150  145  136  132  118  109  104   99   94   89   87
   88   87   89   91   94   98  101  100   97   89   83   73   73   74   89   98
  114  126  139  155  176  194  213  231  253  269  291  301  321  337  363  385
  416  442  471  489  504  512  513  514  510  511  508  511  508  500  484  464
  447  426  411  386  369  337  308  271  241                                   
    15.0-180.0 180.0   5.0 450.0                            LAT/LON1/LON2/DLON/H
  261  254  226  205  187  171  159  149  142  131  119  109  104   99   93   89
   90   88   89   91   95   99  103  103   98   91   81   73   69   74   84   98
  113  129  142  163  181  203  221  239  264  279  304  314  335  348  373  393
  421  444  467  480  489  494  493  494  495  498  502  509  514  513  499  485
  469  457  439  418  392  355  323  293  261                                   
    12.5-180.0 180.0   5.0 450.0                            LAT/LON1/LON2/DLON/H
  286  268  244  222  210  192  182  168  161  148  136  121  110  104   97   95
   93   91   91   92   96  100  104  102   99   88   80   70   67   70   83   93
  111  127  144  163  186  206  225  245  269  288  310  325  341  358  378  398
  421  438  454  462  467  469  462  467  466  478  483  498  505  510  502  490
  480  467  453  426  404  368  336  303  286                                   
    10.0-180.0 180.0   5.0 450.0                            LAT/LON1/LON2/DLON/H
  295  279  255  234  216  199  188  176  167  156  145  134  121  112  104  100
   98   95   95   95   97  100  102  102   94   86   75   70   64   71   79   94
  109  130  144  167  184  206  226  248  275  295  323  335  357  370  394  410
  428  438  448  453  451  453  444  452  458  472  481  494  501  506  497  493
  481  476  458  439  412  378  349  321  295                                   
     7.5-180.0 180.0   5.0 450.0                            LAT/LON1/LON2/DLON/H
  311  291  269  245  229  207  196  184  175  163  153  144  134  122  112  107
  104   99   98   96   98   99  101   96   92   80   73   66   64   68   77   89
