data/unet/pred3180.15i
     1.0            IONOSPHERE MAPS     GNSS                IONEX VERSION / TYPE
pyspatialgeodesy        IME             05-JAN-18 20:20     PGM / RUN BY / DATE 
Map Name                                                    COMMENT             
Predicted global ionosphere maps (GIM).                     DESCRIPTION         
  2015    11    14     0     0     0                        EPOCH OF FIRST MAP  
  2015    11    15     0     0     0                        EPOCH OF LAST MAP   
  7200                                                      INTERVAL            
    13                                                      # OF MAPS IN FILE   
  NONE                                                      MAPPING FUNCTION    
10.0                                                        ELEVATION CUTOFF    
One-way carrier phase leveled to code                       OBSERVABLES USED    
  6371.0                                                    BASE RADIUS         
 2                                                          MAP DIMENSION       
   450.0 450.0   0.0                                        HGT1 / HGT2 / DHGT  
    87.5 -87.5  -2.5                                        LAT1 / LAT2 / DLAT  
  -180.0 180.0   5.0                                        LON1 / LON2 / DLON  
    -1                                                      EXPONENT            
                                                            END OF HEADER       
[from data line 1716]
     5                                                      START OF TEC MAP    
  2015    11    14     8     0     0                        EPOCH OF CURRENT MAP
    87.5-180.0 180.0   5.0 450.0                            LAT/LON1/LON2/DLON/H
   30   46   44   43   44   43   45   46   49   49   51   51   52   52   53   51
   53   51   52   50   52   50   52   49   51   50   51   49   50   48   50   47
   49   46   49   46   48   45   48   45   47   45   47   45   46   44   46   44
   45   43   44   41   42   40   41   38   38   36   36   34   34   32   33   31
   33   32   34   34   39   38   43   43   30                                   
    85.0-180.0 180.0   5.0 450.0                            LAT/LON1/LON2/DLON/H
   39   61   53   61   58   59   59   62   62   64   65   65   65   65   64   64
   63   63   62   62   60   61   60   60   59   60   59   60   59   60   59   59
   58   59   57   59   57   59   57   59   57   59   57   59   56   59   56   58
   55   57   54   56   52   54   50   51   47   48   45   45   42   44   41   43
   41   43   42   45   47   47   49   34   39                                   
    82.5-180.0 180.0   5.0 450.0                            LAT/LON1/LON2/DLON/H
   31   49   48   51   48   52   51   58   57   61   59   62   60   61   58   59
   55   56   52   54   50   52   48   51   47   51   47   51   47   51   48   52
   48   53   49   53   50   54   51   54   52   56   54   57   54   57   54   57
   53   55   52   53   49   49   45   45   40   40   34   35   30   32   28   30
   27   30   28   32   32   33   34   23   31                                   
    80.0-180.0 180.0   5.0 450.0                            LAT/LON1/LON2/DLON/H
   31   46   41   41   40   44   45   49   49   53   52   54   51   52   48   49
   44   45   40   42   36   39   35   38   34   38   36   40   38   41   41   43
   43   45   45   46   47   48   49   49   51   52   54   55   57   57   59   57
   59   56   57   54   54   51   49   46   42   40   35   34   29   29   25   26
   23   25   23   24   25   23   29   24   31                                   
    77.5-180.0 180.0   5.0 450.0                            LAT/LON1/LON2/DLON/H
   25   47   40   39   39   40   44   46   49   49   51   49   49   46   45   42
   40   36   35   32   31   29   28   27   28   28   30   31   33   35   37   38
   39   41   42   43   43   46   46   49   50   53   56   60   62   65   67   68
   68   67   67   65   64   62   61   57   54   50   47   42   38   34   31   28
   27   25   26   24   26   22   28   17   25                                   
    75.0-180.0 180.0   5.0 450.0                            LAT/LON1/LON2/DLON/H
   27   41   36   34   37   37   42   43   47   46   48   46   45   43   41   37
   35   32   30   27   26   25   24   23   24   24   26   26   29   30   33   34
   36   37   40   40   42   43   47   48   52   57   63   67   73   77   81   83
   84   84   84   82   80   78   77   73   70   64   60   54   49   43   40   35
   33   30   31   28   29   24   31   20   27                                   
    72.5-180.0 180.0   5.0 450.0                            LAT/LON1/LON2/DLON/H
   32   46   36   34   34   36   39   41   45   44   46   43   44   39   39   34
   33   29   28   25   24   22   22   20   21   21   23   23   25   26   29   30
   33   35   37   39   40   43   45   49   53   59   67   75   82   89   95   98
  100  100  101   98   97   94   92   88   84   79   74   68   62   55   50   45
   41   37   36   34   34   32   36   26   32                                   
    70.0-180.0 180.0   5.0 450.0                            LAT/LON1/LON2/DLON/H
   37   45   37   36   38   38   44   43   48   45   48   44   46   41   42   37
   38   32   34   30   31   27   28   26   28   26   27   27   29   29   32   33
   36   37   41   41   44   46   50   54   61   69   80   88   99  107  115  117
  121  120  122  118  117  113  111  105  102   95   90   84   78   71   66   59
   55   51   49   46   45   39   43   34   37                                   
    67.5-180.0 180.0   5.0 450.0                            LAT/LON1/LON2/DLON/H
   42   53   41   39   38   40   44   45   48   46   48   45   46   43   44   40
   40   36   37   34   34   32   32   31   31   29   29   28   28   29   30   32
   34   37   39   42   44   47   51   58   64   76   87  101  112  123  129  134
  136  137  137  134  130  125  121  116  111  105   98   93   87   80   74   68
   63   59   56   52   51   46   49   41   42                                   
    65.0-180.0 180.0   5.0 450.0                            LAT/LON1/LON2/DLON/H
   43   52   39   40   39   42   47   47   51   48   50   47   49   46   48   46
   47   44   44   42   43   40   40   38   37   34   33   32   31   32   33   35
   38   41   44   47   49   53   58   67   76   90  102  116  128  138  144  148
  150  151  150  147  141  138  133  128  123  117  110  103   97   89   82   75
   70   65   62   60   57   50   53   45   43                                   
    62.5-180.0 180.0   5.0 450.0                            LAT/LON1/LON2/DLON/H
   45   55   40   39   40   41   46   46   49   48   49   47   48   47   49   48
   49   47   47   44   44   42   41   38   37   35   32   31   28   29   29   32
   35   40   43   48   51   56   62   72   83   97  112  125  137  146  152  157
  158  160  157  154  149  145  140  136  131  124  116  108  101   91   83   75
   69   63   60   56   57   49   53   46   45                                   
    60.0-180.0 180.0   5.0 450.0                            LAT/LON1/LON2/DLON/H
   43   50   35   37   37   40   44   44   48   44   47   44   48   47   51   51
   52   51   49   47   45   43   41   39   37   34   31   29   26   26   27   31
   36   42   48   54   60   67   74   86   97  112  125  137  147  154  161  166
  169  169  166  164  159  155  150  147  141  136  126  120  109   99   88   78
   70   63   60   55   55   47   50   45   43                                   
    57.5-180.0 180.0   5.0 450.0                            LAT/LON1/LON2/DLON/H
   43   51   37   35   36   36   41   41   44   42   43   42   45   46   49   51
   52   50   48   45   43   41   39   37   36   33   29   26   23   22   23   27
   34   42   50   58   65   73   82   93  106  120  133  144  153  161  167  173
  176  178  177  176  172  167  161  156  151  145  138  128  118  105   92   79
   70   62   57   53   53   45   50   44   43                                   
    55.0-180.0 180.0   5.0 450.0                            LAT/LON1/LON2/DLON/H
   48   53   36   37   36   36   40   40   42   38   41   38   44   43   49   49
   51   49   46   43   39   37   35   35   33   31   27   23   19   20   21   28
   37   46   57   69   77   86   97  109  121  133  145  153  163  170  179  183
  189  190  193  191  189  182  177  171  165  159  151  145  134  122  104   91
   77   68   62   57   58   49   56   49   48                                   
    52.5-180.0 180.0   5.0 450.0                            LAT/LON1/LON2/DLON/H
   56   66   48   44   43   39   42   39   40   37   37   36   40   42   46   47
   48   45   43   38   37   34   35   34   35   32   29   24   20   18   21   27
   39   50   64   76   86   96  107  119  131  143  153  163  172  181  188  196
  202  207  209  209  206  200  194  188  182  176  168  160  150  138  121  102
   87   75   69   65   64   58   65   58   56                                   
    50.0-180.0 180.0   5.0 450.0                            LAT/LON1/LON2/DLON/H
   72   74   59   55   52   49   49   45   45   39   41   36   43   41   49   46
   50   44   44   39   37   37   36   38   36   36   31   27   22   22   24   33
   45   60   75   89  101  114  125  137  147  157  168  176  188  194  204  209
  221  222  230  227  227  219  212  205  199  191  183  176  167  157  138  121
  104   90   82   77   78   72   79   69   72                                   
    47.5-180.0 180.0   5.0 450.0                            LAT/LON1/LON2/DLON/H
   85   95   82   74   70   62   62   54   52   45   44   40   43   43   47   45
   47   43   43   39   40   39   41   42   42   41   37   32   26   25   27   36
   49   67   82   98  112  125  137  148  158  168  177  188  195  205  212  223
  231  236  241  240  239  234  226  219  211  203  195  187  179  168  153  133
  117  101   94   88   88   85   92   84   85                                   
    45.0-180.0 180.0   5.0 450.0                            LAT/LON1/LON2/DLON/H
   99  107   96   94   83   80   74   68   63   56   54   49   53   48   53   49
   52   47   48   44   47   46   49   48   49   46   42   38   32   30   32   43
   56   76   95  114  128  143  154  165  174  186  194  202  210  217  227  235
  244  246  252  251  249  244  236  228  218  208  198  191  183  175  159  144
  124  111  101   96   96   95  101   93   99                                   
    42.5-180.0 180.0   5.0 450.0                            LAT/LON1/LON2/DLON/H
  103  117  115  111  103   96   91   81   76   67   64   58   58   54   55   51
   53   48   52   50   54   53   56   55   55   52   48   44   37   36   36   47
   61   82  104  122  140  154  167  178  190  199  205  212  219  228  238  243
  248  249  252  252  251  246  239  231  221  209  199  188  182  171  159  142
  126  110  102   94   93   94  103   98  103                                   
    40.0-180.0 180.0   5.0 450.0                            LAT/LON1/LON2/DLON/H
   96  112  108  113  104  104   98   94   85   80   76   70   70   64   66   60
   61   58   61   60   64   62   65   60   60   56   53   48   43   40   43   52
   68   90  114  135  153  170  184  199  208  217  222  227  234  244  251  254
  257  257  257  257  255  253  242  235  224  211  198  187  178  169  154  140
  124  109   98   91   87   86   94   88   96                                   
    37.5-180.0 180.0   5.0 450.0                            LAT/LON1/LON2/DLON/H
   80   98  100  105  101  102  101   99   93   88   85   79   78   72   73   66
   67   63   67   66   72   70   70   66   62   60   55   52   45   45   46   57
   73   95  121  141  164  181  201  213  228  232  240  244  255  262  267  267
  268  265  265  262  262  258  253  245  235  220  206  191  181  165  153  134
  120  103   93   81   74   70   78   74   80                                   
    35.0-180.0 180.0   5.0 450.0                            LAT/LON1/LON2/DLON/H
   63   81   80   85   84   87   91   92   91   91   90   89   89   85   84   78
   77   74   76   77   81   77   76   68   65   60   58   53   51   47   51   60
   78  102  127  151  174  198  216  235  246  255  260  266  279  284  290  289
  289  289  287  287  283  282  275  270  259  242  224  210  194  178  161  142
  124  108   95   80   69   59   62   55   63                                   
    32.5-180.0 180.0   5.0 450.0                            LAT/LON1/LON2/DLON/H
   44   65   63   67   66   72   76   81   83   87   88   92   93   93   91   87
   84   81   83   83   87   83   80   73   66   63   58   58   52   52   54   63
   81  103  132  156  186  208  235  252  268  272  282  287  302  308  317  316
  321  319  321  318  317  315  312  307  300  283  265  246  227  206  189  164
  146  124  110   91   75   59   58   43   44                                   
    30.0-180.0 180.0   5.0 450.0                            LAT/LON1/LON2/DLON/H
   37   45   50   50   51   51   61   62   72   77   85   91   98  100  102   98
   96   92   95   95   97   90   85   75   69   63   61   57   56   52   58   65
   84  108  136  167  194  225  247  272  283  295  304  318  334  340  352  354
  361  363  366  368  367  368  365  363  358  342  323  302  279  254  231  207
  185  159  140  118   98   74   65   44   37                                   
    27.5-180.0 180.0   5.0 450.0                            LAT/LON1/LON2/DLON/H
   48   47   56   56   50   48   48   53   58   67   73   84   91   99  101  103
  102  100  102  101  101   95   88   79   69   67   61   60   56   56   61   67
   88  113  144  173  206  232  262  284  303  317  331  346  365  377  395  398
  409  407  416  412  416  413  418  419  419  407  388  366  342  315  291  261
  236  209  186  158  135  109   83   62   48                                   
    25.0-180.0 180.0   5.0 450.0                            LAT/LON1/LON2/DLON/H
   76   57   60   50   47   40   47   43   49   53   65   76   86   96  101  102
  105  103  106  104  104   95   92   81   76   68   64   58   61   56   66   75
   98  125  154  186  217  252  275  306  322  345  358  379  398  417  432  441
  450  452  457  459  461  466  471  479  480  473  458  436  410  383  357  330
  302  276  249  213  191  160  117   99   76                                   
    22.5-180.0 180.0   5.0 450.0                            LAT/LON1/LON2/DLON/H
  116   99   94   77   64   52   50   47   52   51   57   67   77   86   93   96
   99  100  102  101   99   95   89   84   75   70   64   61   60   60   65   78
  100  125  158  193  228  258  292  318  342  363  384  404  430  450  469  480
  495  502  510  512  512  513  513  522  525  524  511  493  472  446  423  395
  371  344  318  286  256  224  175  146  116                                   
    20.0-180.0 180.0   5.0 450.0                            LAT/LON1/LON2/DLON/H
  169  153  143  116   93   72   64   56   61   57   61   63   73   80   86   89
   92   92   96   93   93   89   87   82   79   73   70   64   65   63   77   89
  112  138  170  204  237  266  295  327  354  376  402  428  455  478  496  515
  529  546  557  562  565  565  560  563  568  564  558  541  523  501  479  452
  428  399  377  345  325  295  239  208  169                                   
    17.5-180.0 180.0   5.0 450.0                            LAT/LON1/LON2/DLON/H
  228  225  218  186  151  117   98   81   80   73   72   68   71   73   78   79
   84   85   86   87   85   82   81   79   78   73   69   65   65   68   78   97
  118  146  177  212  239  268  300  330  358  386  414  441  467  493  509  533
  550  575  588  602  605  604  591  592  586  581  569  558  542  521  502  477
  454  428  406  380  363  343  300  267  228                                   
    15.0-180.0 180.0   5.0 450.0                            LAT/LON1/LON2/DLON/H
  271  275  269  244  209  170  141  118  109   92   92   80   80   73   76   72
   75   74   77   76   77   76   80   79   79   76   73   69   71   74   89  112
  139  170  201  228  256  281  307  338  369  396  426  454  482  501  516  534
  553  577  591  608  613  616  603  598  587  581  569  560  544  529  508  489
  466  439  419  391  379  361  340  304  271                                   
    12.5-180.0 180.0   5.0 450.0                            LAT/LON1/LON2/DLON/H
  295  307  303  282  250  216  189  161  150  127  116  100   94   83   77   71
   69   66   69   69   71   71   75   76   77   75   74   68   72   74   94  124
  150  187  214  245  263  292  316  352  376  410  436  467  487  505  515  531
  551  568  589  601  608  610  596  589  573  565  553  546  535  523  507  489
  465  439  415  389  373  358  350  319  295                                   
    10.0-180.0 180.0   5.0 450.0                            LAT/LON1/LON2/DLON/H
  290  308  310  293  267  240  218  198  185  163  143  117  106   90   82   73
   71   61   65   60   63   59   61   70   74   79   78   74   74   80   95  129
  159  196  226  257  276  308  331  365  391  424  452  480  497  505  514  526
  537  553  570  581  590  590  583  576  561  556  541  537  522  515  498  484
  457  431  405  379  364  349  341  308  290                                   
     7.5-180.0 180.0   5.0 450.0                            LAT/LON1/LON2/DLON/H
  278  289  293  285  268  249  237  224  215  194  175  147  127  102   91   74
   67   60   57   52   45   42   45   56   70   80   81   74   78   85  103  139
