data/unet/pred3360.15i
     1.0            IONOSPHERE MAPS     GNSS                IONEX VERSION / TYPE
pyspatialgeodesy        IME             05-JAN-18 20:20     PGM / RUN BY / DATE 
Map Name                                                    COMMENT             
Predicted global ionosphere maps (GIM).                     DESCRIPTION         
  2015    12     2     0     0     0                        EPOCH OF FIRST MAP  
  2015    12     3     0     0     0                        EPOCH OF LAST MAP   
  7200                                                      INTERVAL            
    13                                                      # OF MAPS IN FILE   
  NONE                                                      MAPPING FUNCTION    
10.0                                                        ELEVATION CUTOFF    
One-way carrier phase leveled to code                       OBSERVABLES USED    
  6371.0                                                    BASE RADIUS         
 2                                                          MAP DIMENSION       
   450.0 450.0   0.0                                        HGT1 / HGT2 / DHGT  
    87.5 -87.5  -2.5                                        LAT1 / LAT2 / DLAT  
  -180.0 180.0   5.0                                        LON1 / LON2 / DLON  
    -1                                                      EXPONENT            
                                                            END OF HEADER       
[from data line 3861]
    10                                                      START OF TEC MAP    
  2015    12     2    18     0     0                        EPOCH OF CURRENT MAP
    87.5-180.0 180.0   5.0 450.0                            LAT/LON1/LON2/DLON/H
   99   61   59   65   61   64   62   66   65   68   67   70   69   71   70   72
   72   73   72   73   73   74   74   74   74   73   74   74   75   74   75   74
   75   74   75   74   74   72   73   72   72   70   70   68   69   66   66   64
   65   63   63   62   61   61   60   60   59   59   58   58   57   58   57   57
   56   57   57   58   61   59   67   90   99                                   
    85.0-180.0 180.0   5.0 450.0                            LAT/LON1/LON2/DLON/H
   48   45   45   51   49   52   50   54   53   57   56   60   58   62   60   64
   61   64   61   64   61   64   61   63   62   63   61   64   62   64   63   65
   64   65   64   66   64   66   64   66   63   64   60   62   59   60   56   57
   54   55   51   52   50   51   48   50   46   48   45   47   44   46   43   45
   42   44   42   45   45   46   58   72   48                                   
    82.5-180.0 180.0   5.0 450.0                            LAT/LON1/LON2/DLON/H
   42   40   39   46   44   48   46   50   50   54   54   58   58   61   60   62
   62   64   62   64   61   63   60   62   58   60   56   59   56   59   55   59
   56   60   58   62   58   62   58   61   57   59   55   57   53   55   51   52
   49   50   47   47   45   46   43   44   41   43   39   42   38   41   37   39
   36   39   36   39   37   36   40   40   42                                   
    80.0-180.0 180.0   5.0 450.0                            LAT/LON1/LON2/DLON/H
   39   39   39   44   45   50   49   54   55   59   61   64   66   68   70   71
   72   72   71   71   69   69   65   65   60   61   56   58   54   57   54   58
   55   59   56   60   57   61   57   60   56   58   53   55   52   53   50   51
   49   51   48   49   47   49   47   48   46   47   45   45   43   44   42   42
   39   40   38   39   36   32   39   33   39                                   
    77.5-180.0 180.0   5.0 450.0                            LAT/LON1/LON2/DLON/H
   34   35   36   40   42   45   47   50   53   57   60   64   67   71   74   76
   77   78   78   76   75   71   69   64   61   56   55   52   50   50   50   51
   50   53   53   55   54   56   55   55   53   52   50   49   48   47   47   45
   46   45   47   46   47   46   47   46   47   46   47   46   45   45   44   43
   41   41   40   38   37   32   35   26   34                                   
    75.0-180.0 180.0   5.0 450.0                            LAT/LON1/LON2/DLON/H
   37   37   37   41   41   47   47   53   56   63   66   73   76   81   84   87
   89   89   89   86   83   78   74   69   64   59   55   51   49   48   46   48
   47   49   49   51   49   52   50   51   48   48   45   45   41   43   41   43
   43   45   45   47   47   49   49   50   50   51   51   50   51   51   50   49
   47   47   44   43   40   34   41   33   37                                   
    72.5-180.0 180.0   5.0 450.0                            LAT/LON1/LON2/DLON/H
   39   40   40   44   45   48   50   54   59   64   69   75   80   86   90   95
   98   99  100   97   94   87   84   77   72   64   61   55   52   49   47   47
   46   48   48   49   48   48   48   46   45   43   41   39   37   37   38   37
   40   41   44   44   48   48   51   49   53   52   54   52   55   53   54   50
   50   48   47   44   42   38   43   33   39                                   
    70.0-180.0 180.0   5.0 450.0                            LAT/LON1/LON2/DLON/H
   44   43   43   47   46   52   52   59   62   70   74   82   86   94   98  103
  106  108  108  107  103   99   94   88   81   73   68   60   56   51   49   47
   46   46   46   45   43   43   41   41   37   38   34   35   31   34   32   36
   36   40   41   44   45   49   49   51   52   54   55   55   56   57   57   55
   53   52   50   48   45   38   47   40   44                                   
    67.5-180.0 180.0   5.0 450.0                            LAT/LON1/LON2/DLON/H
   45   44   45   49   49   53   53   59   63   71   75   84   90   97  103  110
  114  117  120  119  117  112  108  100   93   83   77   69   64   57   54   50
   48   46   46   43   41   37   36   34   32   31   30   31   30   30   31   32
   34   35   39   39   44   44   49   48   52   51   55   53   56   54   56   52
   52   49   49   45   44   40   46   38   45                                   
    65.0-180.0 180.0   5.0 450.0                            LAT/LON1/LON2/DLON/H
   46   44   45   49   48   53   54   61   65   74   80   89   96  103  109  116
  121  126  127  130  127  125  118  113  103   95   88   79   74   67   63   58
   53   50   47   43   38   35   31   30   26   28   26   30   28   31   29   33
   31   35   35   39   39   43   43   46   46   49   50   51   52   53   53   51
   50   49   47   45   43   36   46   41   46                                   
    62.5-180.0 180.0   5.0 450.0                            LAT/LON1/LON2/DLON/H
   43   42   43   48   47   52   53   61   65   75   82   92   99  107  115  123
  129  134  138  140  140  136  131  123  116  105  100   90   84   76   72   64
   60   53   50   42   38   31   29   25   23   24   27   29   31   32   32   32
   32   32   33   34   36   36   40   39   44   43   47   45   49   47   49   46
   47   43   43   41   40   34   42   35   43                                   
    60.0-180.0 180.0   5.0 450.0                            LAT/LON1/LON2/DLON/H
   41   41   41   46   46   52   56   62   70   79   88   97  107  114  123  128
  137  140  146  148  148  144  138  131  121  114  106  101   94   88   82   76
   68   60   53   46   39   33   28   27   24   27   28   33   33   37   34   36
   32   34   32   34   32   35   34   37   37   40   41   42   42   43   43   42
   42   40   41   40   37   31   41   34   41                                   
    57.5-180.0 180.0   5.0 450.0                            LAT/LON1/LON2/DLON/H
   39   41   42   46   46   53   56   66   74   85   96  107  115  122  130  139
  145  150  154  158  155  151  144  136  129  120  117  109  104   97   93   84
   77   65   59   48   42   34   32   29   29   32   35   39   41   41   41   39
   37   34   34   32   32   32   34   34   38   38   41   39   41   38   41   38
   40   39   40   38   37   32   40   28   39                                   
    55.0-180.0 180.0   5.0 450.0                            LAT/LON1/LON2/DLON/H
   43   45   46   50   52   58   64   74   84   96  107  117  127  133  142  146
  155  157  164  164  164  157  150  141  133  128  122  119  113  108  103   96
   87   76   66   57   50   43   41   39   40   42   47   48   50   50   48   46
   41   41   38   37   36   36   36   39   39   42   41   42   40   40   39   39
   41   41   43   42   41   35   45   32   43                                   
    52.5-180.0 180.0   5.0 450.0                            LAT/LON1/LON2/DLON/H
   46   49   50   56   59   68   74   87   97  111  122  133  140  146  153  160
  164  170  172  175  169  165  156  149  142  137  134  129  126  118  114  104
   96   82   74   63   57   51   50   50   52   56   58   61   62   62   58   55
   51   48   47   44   45   44   46   46   49   48   49   45   45   41   43   41
   44   44   48   48   48   43   51   32   46                                   
    50.0-180.0 180.0   5.0 450.0                            LAT/LON1/LON2/DLON/H
   53   56   58   65   69   80   88  100  113  127  139  148  156  159  167  169
  178  178  184  180  179  171  166  157  153  149  146  142  137  130  123  113
  102   90   81   72   68   63   64   64   67   69   73   74   75   73   69   66
   61   60   57   57   56   57   57   58   59   59   56   54   50   48   47   48
   50   52   56   57   56   50   58   41   53                                   
    47.5-180.0 180.0   5.0 450.0                            LAT/LON1/LON2/DLON/H
   56   63   65   73   81   93  103  118  130  145  155  164  170  173  179  182
  188  190  192  191  185  181  174  170  165  164  161  156  149  140  132  120
  108   96   87   80   76   74   75   77   79   81   84   85   84   83   79   77
   74   73   74   73   74   72   74   72   73   70   68   62   58   53   54   52
   57   58   63   64   64   58   63   45   56                                   
    45.0-180.0 180.0   5.0 450.0                            LAT/LON1/LON2/DLON/H
   60   67   70   83   88  105  114  133  145  162  171  179  183  184  190  191
  199  198  203  200  199  191  188  184  182  181  175  168  157  146  135  123
  110  101   92   87   86   85   88   89   91   92   93   92   92   90   87   86
   83   87   85   88   86   87   84   83   81   78   73   68   62   59   57   58
   62   65   69   70   69   62   66   53   60                                   
    42.5-180.0 180.0   5.0 450.0                            LAT/LON1/LON2/DLON/H
   57   66   74   87   98  113  128  146  160  175  186  192  196  196  202  204
  210  210  213  212  207  203  198  198  196  194  188  179  165  151  138  124
  112  103   96   93   91   94   95   97   97   97   97   97   96   95   93   92
   91   94   96   96   96   94   93   89   87   81   77   69   65   61   61   60
   64   65   69   69   69   63   65   49   57                                   
    40.0-180.0 180.0   5.0 450.0                            LAT/LON1/LON2/DLON/H
   57   65   73   93  101  121  132  154  169  187  196  202  206  208  213  214
  219  219  223  221  220  213  213  211  210  206  197  185  167  151  136  124
  113  106  101   99  100  101  104  103  104  101  100   99   99   98   96   96
   94   99   97  101   97   96   91   88   84   80   74   69   64   63   61   63
   65   66   68   68   65   59   61   50   57                                   
    37.5-180.0 180.0   5.0 450.0                            LAT/LON1/LON2/DLON/H
   48   60   72   88  104  121  139  159  178  194  205  211  218  218  225  225
  229  229  232  232  229  226  223  221  217  211  201  188  169  152  139  129
  121  116  111  109  107  110  110  110  107  104  103  102  101  100   98   97
   95   97   96   96   94   90   88   82   81   75   72   65   63   60   62   62
   64   62   64   61   60   55   55   41   48                                   
    35.0-180.0 180.0   5.0 450.0                            LAT/LON1/LON2/DLON/H
   46   57   70   91  102  123  139  163  181  201  212  219  225  228  234  234
  238  236  239  239  238  233  231  227  221  215  202  189  171  156  146  140
  136  131  127  123  123  122  123  120  116  111  109  107  106  104  100   97
   93   94   90   90   84   84   78   75   72   69   65   62   59   60   62   64
   64   62   60   57   54   49   51   38   46                                   
    32.5-180.0 180.0   5.0 450.0                            LAT/LON1/LON2/DLON/H
   35   53   68   86  103  121  141  163  185  204  217  227  235  238  245  243
  244  242  243  245  243  239  234  229  221  215  203  193  178  170  165  164
  162  159  152  147  142  139  137  134  127  121  117  115  112  108  104   98
   92   88   84   81   76   74   70   68   67   65   63   60   59   60   63   64
   64   61   58   54   53   47   49   29   35                                   
    30.0-180.0 180.0   5.0 450.0                            LAT/LON1/LON2/DLON/H
   34   55   70   90  103  122  141  165  186  206  221  232  240  246  252  249
  248  245  245  245  244  239  234  228  221  216  208  202  196  193  197  200
  203  197  191  177  171  162  161  153  148  137  135  128  126  117  113  102
   96   88   83   78   73   73   69   71   69   69   66   64   62   62   64   67
   66   64   59   56   52   48   48   32   34                                   
    27.5-180.0 180.0   5.0 450.0                            LAT/LON1/LON2/DLON/H
   38   58   77   95  109  124  145  166  189  209  225  237  248  254  260  256
  252  247  246  245  242  238  231  226  221  221  219  224  224  233  241  251
  252  249  232  214  198  187  181  174  166  158  152  146  139  129  120  109
  100   91   85   81   75   76   74   77   80   80   81   76   74   70   69   69
   68   66   62   58   58   52   54   33   38                                   
    25.0-180.0 180.0   5.0 450.0                            LAT/LON1/LON2/DLON/H
   49   69   86  104  120  135  153  174  194  212  228  239  251  259  264  260
  254  247  244  240  239  234  230  227  228  235  243  258  269  284  296  310
  309  303  283  255  232  214  207  195  190  177  174  162  157  144  136  122
  112  102   95   90   86   89   88   93   94   96   95   93   88   83   77   74
   70   69   66   64   61   60   57   45   49                                   
    22.5-180.0 180.0   5.0 450.0                            LAT/LON1/LON2/DLON/H
   65   79   96  116  132  143  162  180  203  218  235  246  258  266  271  266
  259  250  244  240  236  233  231  233  241  258  275  299  315  336  350  364
  361  350  327  296  263  239  226  214  205  194  186  176  168  156  147  132
  124  113  107  101   99   99  102  106  108  109  108  108  104   96   89   83
   76   72   69   65   68   63   63   53   65                                   
    20.0-180.0 180.0   5.0 450.0                            LAT/LON1/LON2/DLON/H
   81   87  106  127  143  159  176  196  216  232  246  256  266  273  279  273
  266  255  247  240  238  235  239  250  266  293  314  344  362  387  398  412
  405  389  360  327  291  261  243  229  217  204  196  182  177  164  159  145
  140  128  124  116  115  111  116  116  117  112  111  110  113  108   99   90
   81   76   71   69   67   69   66   61   81                                   
    17.5-180.0 180.0   5.0 450.0                            LAT/LON1/LON2/DLON/H
   90   97  114  138  158  175  194  211  227  242  256  267  280  288  292  287
  278  266  256  248  244  245  254  273  301  328  360  388  414  433  448  453
  446  418  384  346  310  279  255  239  224  210  199  186  176  167  162  155
  150  143  138  130  127  124  126  125  126  122  119  119  117  115  106   95
   84   77   72   67   69   67   66   67   90                                   
    15.0-180.0 180.0   5.0 450.0                            LAT/LON1/LON2/DLON/H
   96  104  123  147  168  194  214  234  248  262  273  285  297  306  311  305
  299  285  276  265  263  267  283  310  340  375  399  429  444  462  469  468
  453  422  385  350  317  285  259  242  227  212  200  184  176  166  165  160
  160  153  150  141  136  132  133  129  129  126  127  126  123  116  108   95
   84   76   70   66   64   66   65   68   96                                   
    12.5-180.0 180.0   5.0 450.0                            LAT/LON1/LON2/DLON/H
   92  106  128  157  183  211  235  254  269  277  287  305  318  325  332  330
  324  312  300  291  290  298  321  351  388  415  442  457  475  480  486  471
  453  416  380  349  318  288  261  243  228  212  197  183  171  164  163  162
  165  162  160  152  146  142  140  136  133  128  124  124  119  116  106   94
   82   72   66   60   61   59   57   66   92                                   
    10.0-180.0 180.0   5.0 450.0                            LAT/LON1/LON2/DLON/H
   90  113  138  165  195  229  253  275  289  305  311  331  342  349  354  355
  356  343  334  326  329  341  367  401  432  457  469  478  481  479  472  452
  426  394  364  340  312  283  260  242  226  212  197  181  171  162  164  164
  170  167  167  161  154  151  146  142  138  131  126  121  120  112  106   92
   80   68   62   56   54   56   57   61   90                                   
     7.5-180.0 180.0   5.0 450.0                            LAT/LON1/LON2/DLON/H
   83  116  144  172  204  240  267  286  306  325  340  358  370  375  381  381
  386  377  368  363  367  383  413  444  474  487  494  489  490  476  465  438
