data/unet/pred2140.15i
     1.0            IONOSPHERE MAPS     GNSS                IONEX VERSION / TYPE
pyspatialgeodesy        IME             05-JAN-18 20:20     PGM / RUN BY / DATE 
Map Name                                                    COMMENT             
Predicted global ionosphere maps (GIM).                     DESCRIPTION         
  2015     8     2     0     0     0                        EPOCH OF FIRST MAP  
  2015     8     3     0     0     0                        EPOCH OF LAST MAP   
  7200                                                      INTERVAL            
    13                                                      # OF MAPS IN FILE   
  NONE                                                      MAPPING FUNCTION    
10.0                                                        ELEVATION CUTOFF    
One-way carrier phase leveled to code                       OBSERVABLES USED    
  6371.0                                                    BASE RADIUS         
 2                                                          MAP DIMENSION       
   450.0 450.0   0.0                                        HGT1 / HGT2 / DHGT  
    87.5 -87.5  -2.5                                        LAT1 / LAT2 / DLAT  
  -180.0 180.0   5.0                                        LON1 / LON2 / DLON  
    -1                                                      EXPONENT            
                                                            END OF HEADER       
[from data line 5148]
    13                                                      START OF TEC MAP    
  2015     8     3     0     0     0                        EPOCH OF CURRENT MAP
    87.5-180.0 180.0   5.0 450.0                            LAT/LON1/LON2/DLON/H
  162  129  129  126  125  122  124  123  125  123  124  122  124  122  122  119
  120  117  118  114  115  111  113  109  111  107  110  106  109  105  108  105
  108  105  108  106  108  106  109  107  109  108  110  108  111  109  111  110
  112  111  112  111  113  112  114  113  115  114  116  115  117  116  117  116
  119  118  120  120  122  122  127  156  162                                   
    85.0-180.0 180.0   5.0 450.0                            LAT/LON1/LON2/DLON/H
  139  136  139  138  138  134  137  136  138  136  138  136  137  135  135  131
  131  127  127  122  123  117  117  112  114  109  110  106  108  104  106  103
  105  103  106  104  107  105  108  106  109  108  111  109  112  111  113  111
  113  113  114  113  116  115  117  117  119  119  120  119  122  121  123  122
  125  125  127  127  131  127  127  128  139                                   
    82.5-180.0 180.0   5.0 450.0                            LAT/LON1/LON2/DLON/H
  145  146  148  148  149  145  150  147  151  148  151  147  150  146  147  141
  143  136  137  129  130  122  123  115  117  110  111  105  107  102  105  100
  104  100  105  102  106  104  109  106  111  109  114  111  115  112  116  114
  117  115  119  116  121  118  123  120  125  122  126  124  128  126  129  127
  131  129  135  134  140  135  138  135  145                                   
    80.0-180.0 180.0   5.0 450.0                            LAT/LON1/LON2/DLON/H
  157  158  158  159  158  158  161  161  163  163  164  163  163  162  160  157
  155  151  148  143  140  134  131  125  122  117  114  110  109  106  106  104
  105  104  107  107  110  110  114  114  117  118  121  120  122  122  124  123
  125  124  127  126  128  127  130  130  132  131  134  133  135  134  136  135
  138  138  142  144  148  147  149  147  157                                   
    77.5-180.0 180.0   5.0 450.0                            LAT/LON1/LON2/DLON/H
  165  165  165  166  164  166  168  170  172  173  173  173  172  171  168  166
  162  159  155  150  146  140  135  129  124  119  115  111  108  106  105  104
  105  106  108  110  112  114  116  118  120  121  123  124  126  126  128  128
  129  129  130  131  132  133  134  135  136  137  138  139  139  139  140  140
  141  142  144  146  149  150  153  151  165                                   
    75.0-180.0 180.0   5.0 450.0                            LAT/LON1/LON2/DLON/H
  167  167  168  170  170  171  174  176  178  180  180  180  179  177  174  170
  167  162  159  154  149  144  139  132  127  121  117  112  109  107  107  106
  108  109  111  113  115  116  119  120  122  123  126  126  128  128  130  130
  132  132  134  134  136  136  138  139  141  141  142  141  142  140  141  140
  142  141  145  146  149  150  154  154  167                                   
    72.5-180.0 180.0   5.0 450.0                            LAT/LON1/LON2/DLON/H
  167  167  168  170  169  172  174  178  180  181  181  180  179  176  172  168
  164  160  156  152  148  143  138  132  127  121  117  112  110  108  108  108
  109  110  113  114  115  115  117  117  118  119  121  121  123  124  126  127
  129  130  132  133  135  136  138  139  141  142  142  142  141  140  139  138
  139  139  141  143  147  150  155  155  167                                   
    70.0-180.0 180.0   5.0 450.0                            LAT/LON1/LON2/DLON/H
  164  165  167  170  170  172  175  179  180  182  181  181  178  175  170  166
  162  159  155  152  148  144  140  134  129  123  119  115  113  111  112  111
  112  112  114  113  113  112  112  111  111  110  113  112  115  116  120  121
  125  126  130  130  134  135  138  139  142  142  143  142  142  139  139  137
  138  137  141  141  146  148  154  155  164                                   
    67.5-180.0 180.0   5.0 450.0                            LAT/LON1/LON2/DLON/H
  164  165  165  168  168  171  174  177  179  181  181  179  176  172  167  163
  159  155  153  150  147  144  140  135  130  124  120  117  115  114  114  113
  113  112  111  109  107  103  102   99   99   97   99   99  102  103  109  111
  116  118  123  124  128  130  134  136  139  140  141  140  141  138  137  135
  136  135  138  139  144  147  153  155  164                                   
    65.0-180.0 180.0   5.0 450.0                            LAT/LON1/LON2/DLON/H
  163  164  166  168  168  169  172  175  177  179  178  178  174  171  165  161
  157  155  152  151  148  146  142  137  133  128  124  121  119  118  118  116
  115  111  109  104   99   94   91   86   86   84   86   86   90   93   99  103
  109  112  117  120  124  127  131  133  138  139  141  141  142  139  138  135
  136  135  139  140  145  147  154  155  163                                   
    62.5-180.0 180.0   5.0 450.0                            LAT/LON1/LON2/DLON/H
  165  166  167  168  166  166  169  171  174  175  176  175  174  170  165  161
  157  155  153  152  151  148  145  140  136  131  127  124  123  121  120  117
  114  109  104   96   91   83   79   74   74   72   76   76   82   84   92   95
  103  107  113  116  122  124  129  132  137  139  143  143  144  142  141  138
  139  139  143  144  149  151  157  159  165                                   
    60.0-180.0 180.0   5.0 450.0                            LAT/LON1/LON2/DLON/H
  167  169  171  170  168  166  166  167  169  171  172  173  172  170  166  163
  159  158  157  157  156  154  150  146  141  137  133  130  128  126  124  119
  114  107  100   91   83   76   71   67   67   66   69   71   76   80   86   91
   98  103  108  113  119  123  128  133  138  143  147  149  150  149  147  145
  146  146  150  151  156  158  165  165  167                                   
    57.5-180.0 180.0   5.0 450.0                            LAT/LON1/LON2/DLON/H
  174  176  177  175  171  167  166  165  166  168  170  171  172  171  168  166
  164  163  163  164  164  162  159  154  149  144  140  136  134  131  127  120
  113  104   95   86   78   71   68   64   66   66   70   71   77   79   85   88
   96   99  107  111  118  123  129  135  143  149  155  157  160  158  158  156
  157  157  161  163  169  170  175  174  174                                   
    55.0-180.0 180.0   5.0 450.0                            LAT/LON1/LON2/DLON/H
  180  184  186  183  178  172  169  165  165  165  167  169  172  172  170  170
  169  171  171  174  173  173  168  164  158  153  147  144  141  136  131  123
  114  104   94   85   78   72   71   69   71   72   75   77   81   83   87   90
   96  100  106  112  119  126  134  142  150  157  164  167  171  170  170  168
  169  170  174  176  181  181  185  181  180                                   
    52.5-180.0 180.0   5.0 450.0                            LAT/LON1/LON2/DLON/H
  192  195  197  193  188  181  177  171  169  168  168  170  173  174  174  174
  175  178  180  184  184  184  179  174  168  162  157  152  148  142  135  125
  115  104   95   87   82   79   79   79   82   83   86   86   90   89   93   93
   99  102  109  115  124  131  140  149  159  167  175  179  183  182  183  182
  184  185  189  191  195  194  194  191  192                                   
    50.0-180.0 180.0   5.0 450.0                            LAT/LON1/LON2/DLON/H
  199  204  206  204  199  192  187  179  176  172  172  173  176  177  176  178
  179  183  186  191  192  192  187  183  176  170  164  159  154  147  139  128
  117  107   99   93   91   89   91   93   95   97   98   98   99   98   99   98
  102  106  113  120  130  138  148  158  169  177  186  190  195  195  196  196
  198  199  203  204  207  202  203  197  199                                   
    47.5-180.0 180.0   5.0 450.0                            LAT/LON1/LON2/DLON/H
  208  211  215  215  212  205  199  191  186  182  180  180  181  182  181  182
  184  188  192  196  198  197  194  190  184  178  172  165  159  151  142  131
  120  111  105  101  101  101  104  106  108  108  109  107  108  105  106  104
  108  111  120  127  138  147  157  167  179  187  195  201  206  208  209  210
  211  212  214  214  215  210  207  204  208                                   
    45.0-180.0 180.0   5.0 450.0                            LAT/LON1/LON2/DLON/H
  210  216  221  224  221  216  211  203  199  193  191  189  190  189  187  187
  189  193  196  200  202  201  199  194  190  184  178  171  164  155  146  135
  126  118  114  112  113  114  117  118  119  118  118  115  114  111  111  110
  113  117  125  133  145  155  165  175  187  196  204  210  215  218  219  220
  222  223  223  222  222  215  210  208  210                                   
    42.5-180.0 180.0   5.0 450.0                            LAT/LON1/LON2/DLON/H
  218  221  227  231  231  228  224  217  213  208  204  203  201  199  195  195
  196  199  203  206  206  205  202  199  194  189  182  175  167  158  149  140
  132  126  123  123  125  126  128  127  127  124  125  121  121  117  118  116
  120  122  131  139  152  162  174  184  196  204  212  218  225  228  230  230
  231  231  230  226  227  219  213  214  218                                   
    40.0-180.0 180.0   5.0 450.0                            LAT/LON1/LON2/DLON/H
  222  226  232  237  238  235  234  229  228  223  220  217  216  212  207  205
  205  207  209  211  211  208  206  201  199  193  187  178  170  160  153  145
  139  135  134  135  137  137  137  134  133  131  130  127  127  124  123  122
  124  127  134  142  154  166  179  190  201  210  217  225  231  236  238  239
  241  239  237  234  234  227  222  225  222                                   
    37.5-180.0 180.0   5.0 450.0                            LAT/LON1/LON2/DLON/H
  233  235  240  243  244  244  243  243  242  241  237  235  232  227  221  218
  217  218  217  217  215  212  208  206  202  198  190  182  173  165  157  151
  146  145  145  146  147  146  145  142  140  138  138  136  136  132  132  129
  131  131  136  142  153  166  181  193  205  214  222  230  239  245  249  250
  251  249  246  244  246  240  237  239  233                                   
    35.0-180.0 180.0   5.0 450.0                            LAT/LON1/LON2/DLON/H
  246  247  252  253  254  254  257  257  260  259  257  254  251  246  239  234
  231  228  227  224  221  215  213  210  208  203  197  187  178  169  162  157
  154  154  155  155  155  153  151  147  148  146  147  145  145  141  139  134
  134  132  135  138  149  161  178  192  206  217  226  236  245  253  258  261
  262  260  257  260  261  262  259  264  246                                   
    32.5-180.0 180.0   5.0 450.0                            LAT/LON1/LON2/DLON/H
  264  263  265  266  267  269  272  274  277  278  276  274  272  266  260  254
  250  244  239  233  228  223  220  218  215  211  204  195  184  176  168  164
  161  161  162  162  161  159  157  156  157  158  160  158  157  151  146  139
  137  131  131  131  141  152  170  187  204  217  229  239  252  262  268  272
  269  268  264  269  276  280  282  288  264                                   
    30.0-180.0 180.0   5.0 450.0                            LAT/LON1/LON2/DLON/H
  284  284  286  285  286  288  291  294  298  298  297  296  294  290  282  277
  270  263  253  244  238  233  231  229  228  222  215  204  193  182  173  167
  164  164  164  165  163  163  161  162  166  169  172  171  166  158  150  143
  136  128  124  123  131  142  161  180  201  217  230  244  257  270  278  282
  280  277  275  280  290  297  309  319  284                                   
    27.5-180.0 180.0   5.0 450.0                            LAT/LON1/LON2/DLON/H
  306  307  312  309  310  311  314  315  319  320  320  318  317  313  308  302
  295  284  272  259  252  246  245  243  241  234  226  213  199  186  175  167
  162  161  161  161  160  161  162  166  172  176  181  177  170  160  151  143
  134  125  119  116  123  136  155  175  198  216  233  247  260  274  282  287
  283  283  281  290  301  315  330  344  306                                   
    25.0-180.0 180.0   5.0 450.0                            LAT/LON1/LON2/DLON/H
  329  335  339  338  340  344  346  347  349  350  348  347  344  340  333  327
  318  306  288  275  265  261  260  258  253  245  235  220  204  189  175  165
  158  156  155  156  154  158  160  167  174  180  182  179  168  159  147  140
  129  121  114  112  118  132  153  175  198  220  237  253  266  280  291  294
  293  291  292  299  312  326  351  366  329                                   
    22.5-180.0 180.0   5.0 450.0                            LAT/LON1/LON2/DLON/H
  350  361  370  373  376  380  383  382  385  384  383  379  376  372  364  356
  346  331  312  294  284  278  277  271  264  250  238  221  204  187  170  158
  150  147  145  145  146  150  154  162  170  175  176  170  158  148  138  130
  123  116  110  109  115  129  150  173  197  220  241  256  271  286  297  303
  302  304  304  312  326  342  367  384  350                                   
    20.0-180.0 180.0   5.0 450.0                            LAT/LON1/LON2/DLON/H
  374  388  397  405  412  421  423  425  427  429  426  424  418  414  402  393
  378  361  338  321  307  301  295  286  272  255  238  219  201  182  163  150
  141  138  135  137  137  144  148  157  161  166  162  157  144  135  125  122
  116  115  108  111  116  130  150  175  199  224  247  263  280  294  308  315
  318  323  325  330  338  350  378  395  374                                   
    17.5-180.0 180.0   5.0 450.0                            LAT/LON1/LON2/DLON/H
  395  409  420  430  441  451  455  460  464  468  467  468  463  460  448  438
  420  400  374  354  337  326  315  297  276  251  231  211  193  174  155  142
  133  129  128  130  131  135  138  143  148  149  145  138  126  119  114  112
  111  110  108  111  117  131  150  174  199  227  250  270  287  306  318  328
  332  339  342  346  351  360  382  398  395                                   
    15.0-180.0 180.0   5.0 450.0                            LAT/LON1/LON2/DLON/H
  411  424  433  443  458  469  477  484  493  500  506  506  505  499  491  479
  461  438  410  389  369  353  333  308  276  246  222  201  184  165  148  135
  128  125  125  127  127  130  130  132  132  131  125  119  111  106  103  105
  105  107  106  111  117  130  149  173  200  229  256  277  300  317  331  338
  345  351  354  357  359  363  387  401  411                                   
    12.5-180.0 180.0   5.0 450.0                            LAT/LON1/LON2/DLON/H
  423  433  441  452  461  475  481  494  503  518  526  532  531  530  521  513
  494  474  446  426  401  379  349  312  273  235  208  188  173  157  144  133
  127  126  128  129  128  126  124  122  119  115  109  104  100   96   96   97
  101  101  102  106  113  126  146  171  199  231  258  283  307  327  339  348
  352  359  364  368  368  372  389  405  423                                   
    10.0-180.0 180.0   5.0 450.0                            LAT/LON1/LON2/DLON/H
  436  443  448  454  465  475  483  494  506  521  535  541  546  545  542  533
  519  499  475  453  424  394  357  313  267  226  197  178  165  151  141  133
  130  132  134  134  130  125  120  115  110  103   98   92   92   89   89   89
   92   92   94   97  105  116  138  162  192  225  256  283  311  331  346  353
  361  368  376  379  379  382  403  417  436                                   
     7.5-180.0 180.0   5.0 450.0                            LAT/LON1/LON2/DLON/H
  449  455  458  464  465  477  478  488  494  508  519  530  537  542  540  537
  526  513  490  469  436  402  357  306  256  213  185  169  159  149  142  137
