data/unet/pred2080.15i
     1.0            IONOSPHERE MAPS     GNSS                IONEX VERSION / TYPE
pyspatialgeodesy        IME             05-JAN-18 20:20     PGM / RUN BY / DATE 
Map Name                                                    COMMENT             
Predicted global ionosphere maps (GIM).                     DESCRIPTION         
  2015     7    27     0     0     0                        EPOCH OF FIRST MAP  
  2015     7    28     0     0     0                        EPOCH OF LAST MAP   
  7200                                                      INTERVAL            
    13                                                      # OF MAPS IN FILE   
  NONE                                                      MAPPING FUNCTION    
10.0                                                        ELEVATION CUTOFF    
One-way carrier phase leveled to code                       OBSERVABLES USED    
  6371.0                                                    BASE RADIUS         
 2                                                          MAP DIMENSION       
   450.0 450.0   0.0                                        HGT1 / HGT2 / DHGT  
    87.5 -87.5  -2.5                                        LAT1 / LAT2 / DLAT  
  -180.0 180.0   5.0                                        LON1 / LON2 / DLON  
    -1                                                      EXPONENT            
                                                            END OF HEADER       
[from data line 2574]
     7                                                      START OF TEC MAP    
  2015     7    27    12     0     0                        EPOCH OF CURRENT MAP
    87.5-180.0 180.0   5.0 450.0                            LAT/LON1/LON2/DLON/H
  121  131  129  129  128  126  126  126  127  125  126  125  126  125  126  125
  126  125  126  125  126  125  126  124  125  124  124  124  124  123  124  123
  123  123  123  123  123  123  123  123  123  123  123  123  123  123  123  123
  124  123  124  124  124  123  124  123  123  123  123  122  123  122  123  122
  124  124  125  125  126  126  137  117  121                                   
    85.0-180.0 180.0   5.0 450.0                            LAT/LON1/LON2/DLON/H
  124  124  125  122  125  122  126  123  125  122  124  122  123  121  122  121
  122  121  121  121  122  122  123  122  123  122  123  122  123  122  123  122
  123  122  123  122  123  121  123  120  121  119  121  118  120  117  120  117
  120  117  120  117  120  118  120  118  120  117  120  117  120  116  119  116
  121  118  122  120  123  123  130  130  124                                   
    82.5-180.0 180.0   5.0 450.0                            LAT/LON1/LON2/DLON/H
  119  123  126  122  125  121  125  121  124  120  123  118  121  116  119  115
  118  115  118  116  119  117  121  118  122  119  123  121  124  122  125  123
  125  123  126  123  126  122  125  120  122  118  121  115  119  114  118  112
  117  112  118  112  118  112  119  112  118  112  116  111  115  110  114  111
  114  112  116  114  118  116  120  117  119                                   
    80.0-180.0 180.0   5.0 450.0                            LAT/LON1/LON2/DLON/H
  112  118  119  120  121  121  121  122  121  121  119  119  117  117  115  115
  113  114  113  114  113  114  115  116  116  118  118  120  120  122  123  124
  124  125  125  125  125  124  125  123  122  121  121  120  120  119  121  120
  121  120  122  121  122  121  122  119  120  116  117  113  113  110  111  109
  110  109  111  111  113  111  110  114  112                                   
    77.5-180.0 180.0   5.0 450.0                            LAT/LON1/LON2/DLON/H
  109  115  115  116  117  120  118  120  117  118  114  115  110  111  107  108
  105  106  105  106  106  107  108  110  110  113  114  117  117  121  121  124
  123  126  125  127  125  126  124  124  121  122  120  121  119  122  121  123
  123  125  125  127  126  127  125  125  122  121  118  116  113  111  109  109
  107  108  106  107  107  107  106  110  109                                   
    75.0-180.0 180.0   5.0 450.0                            LAT/LON1/LON2/DLON/H
  103  108  110  114  114  117  116  117  114  114  110  110  106  106  102  102
   99  100   99  100   99  102  102  105  104  109  109  113  113  119  119  123
  122  127  126  128  126  128  126  126  123  124  122  124  123  126  126  129
  129  132  131  133  132  133  131  130  126  125  120  119  114  112  108  108
  105  106  104  104  104  103  102  109  103                                   
    72.5-180.0 180.0   5.0 450.0                            LAT/LON1/LON2/DLON/H
  100  104  103  106  107  110  109  110  107  107  104  103   99   99   95   96
   92   94   92   93   93   96   96   99   98  103  103  108  108  114  115  120
  120  125  126  128  127  129  126  127  123  126  124  126  125  129  129  133
  131  135  133  137  135  136  133  133  128  127  121  120  114  113  108  107
  104  103  102  100  100   98  101  106  100                                   
    70.0-180.0 180.0   5.0 450.0                            LAT/LON1/LON2/DLON/H
   94   96   96   99  100  102  104  103  102  101   99   98   96   95   93   93
   91   91   91   91   92   93   94   97   97  101  101  106  106  112  112  118
  119  125  126  130  128  131  129  130  127  130  129  132  131  135  135  137
  138  139  140  140  141  139  138  137  133  131  126  124  120  118  114  112
  109  107  106  102  102   99   98  102   94                                   
    67.5-180.0 180.0   5.0 450.0                            LAT/LON1/LON2/DLON/H
   90   91   88   89   88   91   90   92   90   91   90   90   89   90   88   89
   87   88   87   88   88   91   90   94   93   98   96  101  100  106  107  113
  115  122  124  128  128  131  129  131  129  133  132  135  135  138  138  140
  140  142  141  142  142  141  139  138  135  133  129  127  124  121  118  116
  113  111  108  104  103   98   98   98   90                                   
    65.0-180.0 180.0   5.0 450.0                            LAT/LON1/LON2/DLON/H
   87   84   81   80   78   79   81   81   81   82   83   85   85   88   87   89
   88   89   88   88   88   90   91   94   94   98   97  100   99  104  105  111
  113  121  123  128  128  132  131  135  132  138  137  143  141  145  142  145
  144  145  144  145  144  143  141  140  137  136  133  132  130  128  126  124
  121  119  116  112  109  103   98   96   87                                   
    62.5-180.0 180.0   5.0 450.0                            LAT/LON1/LON2/DLON/H
   85   80   75   71   69   69   69   70   71   71   74   77   80   82   84   85
   85   86   83   85   83   87   87   92   92   96   95   97   96  100  101  108
  111  118  121  127  127  131  131  135  136  142  143  148  148  149  148  148
  148  147  147  147  146  145  142  141  137  137  133  135  132  133  129  129
  125  123  120  116  113  104  101   93   85                                   
    60.0-180.0 180.0   5.0 450.0                            LAT/LON1/LON2/DLON/H
   85   76   71   66   63   60   62   61   62   62   65   68   72   77   80   85
   84   86   83   85   82   87   87   94   93   98   97  100   98  102  103  109
  112  120  122  129  129  134  134  140  140  149  149  154  154  154  152  150
  150  149  149  148  149  146  144  142  140  140  138  139  138  138  137  134
  133  130  127  122  118  108  101   92   85                                   
    57.5-180.0 180.0   5.0 450.0                            LAT/LON1/LON2/DLON/H
   86   81   70   64   60   57   54   54   53   54   56   60   64   70   75   79
   81   81   80   80   79   83   85   91   92   97   97   99   98  102  104  110
  113  121  123  130  130  135  136  143  145  153  157  161  163  161  158  155
  154  153  152  152  152  151  147  147  144  144  142  143  143  143  140  139
  135  133  129  125  120  111  104   91   86                                   
    55.0-180.0 180.0   5.0 450.0                            LAT/LON1/LON2/DLON/H
   88   80   72   66   60   57   54   51   50   49   50   52   57   62   68   74
   76   79   77   79   77   84   85   94   95  102  101  105  103  108  108  115
  117  126  128  134  134  142  142  151  152  163  165  171  170  168  163  159
  156  156  156  158  158  157  154  153  151  151  150  151  151  150  147  144
  139  137  133  129  123  115  106   93   88                                   
    52.5-180.0 180.0   5.0 450.0                            LAT/LON1/LON2/DLON/H
   92   88   78   72   67   62   58   54   50   48   47   49   52   57   63   70
   74   75   77   77   78   82   87   94   97  103  103  106  106  110  113  120
  123  131  134  139  141  147  149  156  161  168  174  177  177  173  169  164
  163  162  162  165  165  166  162  161  159  159  158  159  158  157  152  148
  141  138  133  129  124  117  110   96   92                                   
    50.0-180.0 180.0   5.0 450.0                            LAT/LON1/LON2/DLON/H
   97   91   84   81   74   71   67   61   57   52   50   48   50   52   59   65
   71   75   77   80   80   88   91  100  101  108  108  112  111  116  117  125
  128  137  140  147  149  157  159  168  171  181  183  188  185  183  177  174
  170  171  169  173  171  172  169  169  166  167  166  168  167  164  159  152
  145  141  136  132  127  120  112  102   97                                   
    47.5-180.0 180.0   5.0 450.0                            LAT/LON1/LON2/DLON/H
  103  100   92   89   86   82   78   72   66   60   55   52   51   53   57   65
   71   76   80   83   86   91   95  102  105  110  110  113  114  118  121  128
  133  141  147  153  159  165  171  176  181  187  190  193  192  189  185  181
  178  178  177  180  178  178  175  175  175  175  174  176  174  171  164  157
  148  144  138  133  128  124  117  108  103                                   
    45.0-180.0 180.0   5.0 450.0                            LAT/LON1/LON2/DLON/H
  109  104  100  100   95   94   90   85   80   72   67   61   58   55   59   65
   73   79   85   91   94  101  104  110  111  116  115  118  118  122  124  132
  137  147  153  161  169  177  183  191  195  202  203  206  203  202  196  193
  187  188  184  187  182  184  179  180  179  181  180  182  180  177  171  163
  155  149  143  138  133  128  122  114  109                                   
    42.5-180.0 180.0   5.0 450.0                            LAT/LON1/LON2/DLON/H
  113  110  106  106  103  102  100   96   92   85   79   72   65   62   62   69
   76   85   91   98  102  108  110  114  114  116  116  118  119  123  126  133
  140  150  159  169  181  189  199  204  209  213  215  217  215  214  209  206
  200  199  195  195  189  188  184  185  185  186  185  187  184  182  175  168
  158  154  146  141  136  131  127  121  113                                   
    40.0-180.0 180.0   5.0 450.0                            LAT/LON1/LON2/DLON/H
  120  114  110  113  109  110  108  105  102   98   93   84   78   69   69   72
   81   88   98  106  112  117  119  120  120  121  120  123  123  127  130  136
  144  154  166  178  193  204  216  224  228  232  231  233  231  231  225  222
  214  213  204  203  193  193  187  190  190  192  191  191  189  187  181  175
  166  161  153  148  140  135  132  125  120                                   
    37.5-180.0 180.0   5.0 450.0                            LAT/LON1/LON2/DLON/H
  123  118  114  113  112  110  110  107  107  105  101   95   86   79   74   78
   84   94  103  113  119  123  123  122  120  120  121  124  126  129  133  140
  149  161  175  189  206  219  233  241  246  248  246  248  246  248  243  240
  232  227  217  211  202  199  195  198  198  201  197  198  194  191  185  178
  170  165  156  150  143  138  136  130  123                                   
    35.0-180.0 180.0   5.0 450.0                            LAT/LON1/LON2/DLON/H
  128  119  113  113  110  109  107  107  106  108  106  101   95   84   81   80
   87   97  108  119  126  130  130  128  125  125  126  131  135  138  142  149
  160  171  187  202  221  237  253  261  266  267  266  268  265  267  260  259
  251  247  234  227  215  212  208  212  213  214  210  206  202  197  192  184
  177  170  161  155  145  140  139  132  128                                   
    32.5-180.0 180.0   5.0 450.0                            LAT/LON1/LON2/DLON/H
  132  123  116  111  108  103  104   99  102  102  103  100   95   88   82   83
   88   97  107  120  128  133  132  130  126  127  130  135  141  145  151  159
  171  184  201  218  239  255  272  279  281  287  284  290  285  288  281  279
  272  268  259  248  240  235  233  235  236  234  225  220  211  205  196  189
  179  171  163  155  147  143  145  138  132                                   
    30.0-180.0 180.0   5.0 450.0                            LAT/LON1/LON2/DLON/H
  138  127  117  113  109  103  100   95   95   97   98   97   95   87   83   83
   88   97  109  122  131  138  136  136  132  134  137  145  151  157  163  171
  184  197  215  232  257  273  285  294  296  301  302  308  305  307  300  300
  292  291  286  283  276  273  270  270  269  262  249  236  226  215  205  195
  184  176  166  160  150  148  147  141  138                                   
    27.5-180.0 180.0   5.0 450.0                            LAT/LON1/LON2/DLON/H
  147  134  126  119  111  102   98   91   89   89   90   90   89   85   82   83
   86   96  107  122  131  140  139  139  136  138  143  151  160  166  175  184
  198  213  233  252  275  290  298  308  309  318  317  327  324  327  321  321
  317  316  315  311  308  303  301  298  295  286  271  255  240  224  212  198
  187  177  167  160  154  152  154  146  147                                   
    25.0-180.0 180.0   5.0 450.0                            LAT/LON1/LON2/DLON/H
  153  142  133  126  118  108  101   92   85   85   85   85   84   80   79   80
   84   94  106  123  132  143  141  144  141  147  152  162  171  178  188  196
  211  226  251  269  288  300  308  318  323  331  333  340  340  344  340  343
  342  345  347  346  342  339  332  331  322  313  296  278  257  238  222  207
  194  185  173  168  158  158  157  149  153                                   
    22.5-180.0 180.0   5.0 450.0                            LAT/LON1/LON2/DLON/H
  161  149  141  137  127  115  108   97   88   83   80   81   78   77   76   80
   83   93  105  122  133  145  144  147  146  151  157  168  179  188  197  209
  226  245  269  287  300  313  318  329  332  342  343  351  353  358  358  362
  366  371  374  371  367  362  354  346  338  323  308  289  269  247  230  211
  200  187  178  169  161  160  163  154  161                                   
    20.0-180.0 180.0   5.0 450.0                            LAT/LON1/LON2/DLON/H
  164  155  149  145  137  129  119  107   97   89   86   82   81   78   78   80
   85   93  105  122  132  148  145  153  151  160  165  178  190  198  209  220
  243  260  283  298  309  319  329  337  343  350  353  359  364  372  374  380
  386  394  396  393  387  381  371  362  351  335  319  303  281  259  238  220
  207  197  186  178  165  163  163  152  164                                   
    17.5-180.0 180.0   5.0 450.0                            LAT/LON1/LON2/DLON/H
  168  155  151  151  145  136  130  116  107   97   90   86   84   82   82   84
   87   97  107  124  135  148  149  155  155  163  170  185  196  208  221  236
  259  278  296  310  322  334  341  349  353  358  360  367  372  378  383  387
  396  400  405  400  393  385  374  363  351  337  322  304  283  261  242  223
  213  200  192  177  165  159  161  149  168                                   
    15.0-180.0 180.0   5.0 450.0                            LAT/LON1/LON2/DLON/H
  162  153  146  148  142  143  134  125  115  103  100   93   93   88   88   87
   92   96  108  121  133  147  147  159  159  172  180  195  206  220  237  253
  273  291  308  322  335  344  354  361  364  368  370  379  384  394  396  403
  407  412  414  409  398  387  377  365  354  340  324  308  287  267  246  228
  218  208  198  185  169  161  157  143  162                                   
    12.5-180.0 180.0   5.0 450.0                            LAT/LON1/LON2/DLON/H
  162  145  139  142  137  135  133  124  118  108  103  100   97   93   93   90
   95   99  109  122  134  143  149  159  165  177  187  202  213  230  252  269
  288  304  325  338  349  359  368  374  376  378  379  384  390  395  399  401
  407  408  410  403  393  382  370  358  348  336  320  302  281  261  243  227
  220  209  203  184  172  158  158  139  162                                   
    10.0-180.0 180.0   5.0 450.0                            LAT/LON1/LON2/DLON/H
  154  141  129  129  124  126  122  120  114  107  106  102  102   97   96   94
   94   98  108  120  130  143  149  164  171  187  198  212  226  245  267  286
  300  321  337  352  361  370  377  382  381  386  383  391  394  401  402  407
  409  411  409  400  390  377  364  353  343  331  315  299  277  256  237  224
  219  212  205  192  178  167  159  137  154                                   
     7.5-180.0 180.0   5.0 450.0                            LAT/LON1/LON2/DLON/H
  154  133  120  119  111  109  110  107  107  102  100  100   99   97   95   91
   92   96  107  117  129  139  151  163  177  195  207  222  238  257  281  297
