data/unet/pred1150.15i
     1.0            IONOSPHERE MAPS     GNSS                IONEX VERSION / TYPE
pyspatialgeodesy        IME             05-JAN-18 20:20     PGM / RUN BY / DATE 
Map Name                                                    COMMENT             
Predicted global ionosphere maps (GIM).                     DESCRIPTION         
  2015     4    25     0     0     0                        EPOCH OF FIRST MAP  
  2015     4    26     0     0     0                        EPOCH OF LAST MAP   
  7200                                                      INTERVAL            
    13                                                      # OF MAPS IN FILE   
  NONE                                                      MAPPING FUNCTION    
10.0                                                        ELEVATION CUTOFF    
One-way carrier phase leveled to code                       OBSERVABLES USED    
  6371.0                                                    BASE RADIUS         
 2                                                          MAP DIMENSION       
   450.0 450.0   0.0                                        HGT1 / HGT2 / DHGT  
    87.5 -87.5  -2.5                                        LAT1 / LAT2 / DLAT  
  -180.0 180.0   5.0                                        LON1 / LON2 / DLON  
    -1                                                      EXPONENT            
                                                            END OF HEADER       
[from data line 4719]
    12                                                      START OF TEC MAP    
  2015     4    25    22     0     0                        EPOCH OF CURRENT MAP
    87.5-180.0 180.0   5.0 450.0                            LAT/LON1/LON2/DLON/H
  245  238  231  234  233  233  234  235  235  238  238  240  239  241  240  241
  239  240  238  238  236  235  233  232  230  230  228  228  226  226  224  224
  222  222  220  220  218  218  215  216  214  216  214  217  215  218  217  220
  219  222  222  225  224  228  227  230  229  231  230  232  231  233  231  233
  231  233  233  233  230  230  229  223  245                                   
    85.0-180.0 180.0   5.0 450.0                            LAT/LON1/LON2/DLON/H
  251  243  247  249  247  247  249  249  252  252  255  256  258  259  260  260
  260  258  258  255  254  250  249  245  243  239  238  233  233  228  228  224
  224  221  222  219  220  217  219  217  219  218  221  221  224  224  227  229
  232  234  236  238  240  242  244  245  248  248  250  250  251  251  252  251
  252  251  252  250  249  246  242  252  251                                   
    82.5-180.0 180.0   5.0 450.0                            LAT/LON1/LON2/DLON/H
  241  237  241  244  243  246  246  251  252  256  258  262  265  267  269  270
  270  269  267  265  262  258  254  250  245  241  235  232  227  224  219  217
  214  212  210  209  208  208  207  209  208  211  211  215  215  220  221  227
  228  233  235  240  241  246  246  250  251  254  252  255  254  256  253  254
  253  254  253  252  247  246  237  247  241                                   
    80.0-180.0 180.0   5.0 450.0                            LAT/LON1/LON2/DLON/H
  235  230  233  233  235  238  242  244  250  253  260  262  269  270  275  274
  277  272  274  267  267  259  257  249  246  237  235  226  224  215  215  207
  208  201  203  198  201  196  200  197  202  200  205  204  210  210  216  217
  223  223  228  230  234  235  239  240  243  243  245  245  247  246  246  245
  246  245  245  242  240  237  228  234  235                                   
    77.5-180.0 180.0   5.0 450.0                            LAT/LON1/LON2/DLON/H
  229  224  224  223  226  231  237  242  248  254  262  268  274  277  282  281
  283  279  279  274  271  264  262  254  251  244  238  231  226  219  215  210
  207  203  202  199  198  196  197  196  197  197  200  201  204  205  209  211
  214  215  219  220  223  224  227  228  231  231  233  233  235  234  235  235
  237  236  237  234  233  230  221  228  229                                   
    75.0-180.0 180.0   5.0 450.0                            LAT/LON1/LON2/DLON/H
  227  222  223  223  226  231  238  242  252  258  269  274  285  286  293  289
  292  285  287  278  278  269  268  260  258  249  246  237  233  224  221  214
  212  206  206  200  201  196  198  194  196  193  196  194  198  196  200  199
  203  202  206  205  208  207  210  210  213  212  215  216  218  218  220  221
  224  225  228  226  228  225  219  228  227                                   
    72.5-180.0 180.0   5.0 450.0                            LAT/LON1/LON2/DLON/H
  230  229  229  228  232  236  243  249  259  267  279  286  296  296  302  296
  297  289  289  282  281  276  273  268  264  258  253  246  240  233  228  222
  218  214  211  207  204  201  200  197  196  194  193  192  191  191  191  191
  191  191  192  193  193  194  195  197  198  200  202  205  207  209  211  214
  216  220  223  225  226  227  222  232  230                                   
    70.0-180.0 180.0   5.0 450.0                            LAT/LON1/LON2/DLON/H
  239  239  241  241  243  246  253  257  269  277  292  298  310  307  313  303
  304  293  294  285  286  279  280  273  272  263  259  251  247  237  234  226
  224  217  215  208  208  201  201  195  194  188  188  183  183  179  179  176
  177  174  176  175  177  175  179  178  183  184  189  191  197  199  203  206
  211  215  221  222  227  227  227  237  239                                   
    67.5-180.0 180.0   5.0 450.0                            LAT/LON1/LON2/DLON/H
  249  252  254  253  255  256  263  266  277  286  300  307  317  315  318  308
  305  294  292  286  286  282  282  278  275  267  261  254  249  241  236  230
  226  220  215  209  204  200  197  192  189  184  180  176  172  169  165  164
  161  161  160  161  161  163  164  168  171  176  180  186  192  197  202  207
  211  216  221  225  229  234  233  245  249                                   
    65.0-180.0 180.0   5.0 450.0                            LAT/LON1/LON2/DLON/H
  259  260  267  266  267  267  270  273  283  292  307  313  326  322  326  313
  311  298  298  290  292  287  289  282  280  269  264  253  250  241  239  230
  228  218  214  203  200  191  190  183  180  174  170  164  160  155  152  148
  147  146  147  146  148  148  152  155  162  166  175  182  191  196  204  208
  214  217  224  225  231  234  236  249  259                                   
    62.5-180.0 180.0   5.0 450.0                            LAT/LON1/LON2/DLON/H
  261  264  271  270  272  271  274  275  284  293  307  315  327  326  328  319
  315  305  302  296  298  294  294  287  282  270  263  252  248  240  238  231
  227  218  209  199  192  185  181  176  172  167  162  156  150  145  140  138
  135  135  135  137  138  140  144  150  156  165  173  184  194  203  210  214
  218  222  227  228  231  235  235  252  261                                   
    60.0-180.0 180.0   5.0 450.0                            LAT/LON1/LON2/DLON/H
  263  260  270  271  271  271  271  274  280  289  302  313  325  327  332  323
  323  312  313  307  310  305  305  294  288  272  265  252  250  241  241  231
  229  216  208  193  186  176  172  167  164  159  154  148  142  135  131  127
  127  125  127  127  130  131  137  143  152  162  174  186  200  209  218  222
  228  231  234  230  232  231  234  251  263                                   
    57.5-180.0 180.0   5.0 450.0                            LAT/LON1/LON2/DLON/H
  260  258  265  265  266  266  267  270  275  284  296  308  320  327  332  329
  329  323  324  321  323  318  315  302  292  275  267  255  254  246  246  237
  232  218  209  194  183  175  169  166  161  158  152  146  138  133  127  124
  122  122  122  123  125  129  133  142  151  164  177  193  206  218  226  232
  237  239  240  236  234  233  232  254  260                                   
    55.0-180.0 180.0   5.0 450.0                            LAT/LON1/LON2/DLON/H
  265  260  268  267  266  268  268  272  275  284  293  306  317  328  336  337
  340  336  339  336  340  333  330  315  304  285  278  266  269  261  262  248
  242  223  212  196  185  175  171  166  163  160  155  149  142  136  130  126
  124  122  122  121  124  126  132  140  152  164  180  195  212  223  235  242
  248  250  252  246  244  238  241  261  265                                   
    52.5-180.0 180.0   5.0 450.0                            LAT/LON1/LON2/DLON/H
  273  274  277  278  279  279  280  283  285  291  296  307  317  331  339  346
  350  351  352  352  353  348  342  328  316  298  292  282  286  280  281  265
  252  233  219  202  191  182  176  172  169  167  162  158  151  145  139  134
  131  128  126  125  126  129  134  143  154  169  185  202  219  232  245  255
  264  267  270  267  265  259  258  279  273                                   
    50.0-180.0 180.0   5.0 450.0                            LAT/LON1/LON2/DLON/H
  294  292  299  300  303  303  306  307  307  309  309  317  323  336  345  355
  363  365  370  367  370  362  360  344  337  317  316  305  312  303  304  282
  267  241  226  208  197  186  181  177  175  174  170  167  162  158  153  148
  144  139  136  133  132  133  138  145  157  170  188  205  225  239  256  266
  280  289  296  295  295  287  290  306  294                                   
    47.5-180.0 180.0   5.0 450.0                            LAT/LON1/LON2/DLON/H
  317  320  322  325  329  332  335  336  335  332  329  330  334  345  354  367
  374  381  383  383  382  378  375  364  356  341  339  329  331  321  315  292
  272  246  230  213  203  193  186  183  180  180  177  176  172  170  167  164
  160  155  150  146  144  143  146  152  162  175  193  212  234  250  268  282
  298  312  323  325  326  322  322  335  317                                   
    45.0-180.0 180.0   5.0 450.0                            LAT/LON1/LON2/DLON/H
  349  348  350  351  356  362  366  369  368  363  356  354  352  363  368  382
  389  394  399  394  398  391  394  383  383  366  366  348  348  330  320  290
  270  242  229  215  207  198  193  189  187  186  185  186  184  184  183  181
  178  173  170  164  161  156  158  159  168  179  198  218  242  259  279  292
  312  326  342  346  352  350  356  360  349                                   
    42.5-180.0 180.0   5.0 450.0                            LAT/LON1/LON2/DLON/H
  375  379  379  382  385  392  395  401  398  393  383  378  376  383  388  400
  405  411  412  411  412  412  414  410  408  396  387  369  357  334  313  283
  257  237  226  218  214  210  206  202  197  196  195  196  197  199  199  199
  196  192  187  183  179  175  172  171  177  186  206  226  250  269  286  301
  319  336  353  364  373  378  380  384  375                                   
    40.0-180.0 180.0   5.0 450.0                            LAT/LON1/LON2/DLON/H
  405  408  413  414  419  422  426  431  430  424  417  411  408  411  414  422
  426  426  429  426  431  430  437  431  430  412  402  375  359  326  304  271
  251  231  228  224  225  225  225  219  215  208  207  207  209  212  214  213
  208  203  197  195  192  190  184  183  184  194  211  234  258  278  295  309
  324  338  355  368  382  390  401  398  405                                   
    37.5-180.0 180.0   5.0 450.0                            LAT/LON1/LON2/DLON/H
  427  433  441  445  446  449  451  459  455  454  445  443  438  440  439  445
  445  446  446  449  454  459  464  460  452  434  414  387  360  330  303  277
  257  246  244  245  249  249  248  241  237  226  224  220  222  223  223  220
  216  209  203  199  198  196  194  192  194  200  220  243  268  286  302  313
  326  337  353  368  384  399  411  411  427                                   
    35.0-180.0 180.0   5.0 450.0                            LAT/LON1/LON2/DLON/H
  448  459  470  473  477  477  479  484  484  482  477  475  472  470  469  470
  470  468  472  472  481  483  490  482  471  446  425  392  370  338  321  297
  287  278  283  285  288  285  279  267  261  253  250  243  243  239  235  227
  218  209  202  198  195  192  185  183  181  192  206  237  261  286  300  314
  323  335  347  364  380  395  416  418  448                                   
    32.5-180.0 180.0   5.0 450.0                            LAT/LON1/LON2/DLON/H
  465  485  495  504  508  510  509  516  513  516  510  513  508  508  505  506
  503  503  504  508  516  520  523  513  496  469  443  415  392  372  360  351
  343  339  342  342  343  338  329  317  306  297  287  279  273  267  260  248
  236  224  214  207  203  198  191  185  182  186  201  225  255  278  301  313
  327  338  355  367  385  404  421  432  465                                   
    30.0-180.0 180.0   5.0 450.0                            LAT/LON1/LON2/DLON/H
  483  507  522  535  545  548  549  554  554  555  550  551  548  546  544  541
  538  533  536  538  548  548  548  532  514  483  460  435  425  416  420  417
  418  414  417  412  406  394  377  363  350  338  322  308  297  286  275  262
  249  236  223  216  206  202  189  187  175  184  192  218  240  274  291  316
  321  342  348  371  388  410  429  445  483                                   
    27.5-180.0 180.0   5.0 450.0                            LAT/LON1/LON2/DLON/H
  503  537  558  580  594  597  598  603  603  603  595  594  588  589  585  585
  579  574  570  574  579  577  572  555  534  509  487  476  472  484  495  509
  509  510  502  489  463  439  416  401  384  370  351  333  320  306  296  278
  263  244  233  223  217  209  200  193  183  179  188  202  233  258  295  314
  332  345  362  377  398  421  445  470  503                                   
    25.0-180.0 180.0   5.0 450.0                            LAT/LON1/LON2/DLON/H
  527  565  590  619  637  648  648  654  651  650  642  639  633  631  626  622
  613  605  600  598  602  598  595  576  559  537  529  520  535  552  572  587
  587  577  559  537  505  472  440  423  405  394  373  358  340  326  308  292
  272  257  241  232  217  208  196  186  176  170  174  188  215  245  275  306
  325  358  365  395  406  437  456  498  527                                   
    22.5-180.0 180.0   5.0 450.0                            LAT/LON1/LON2/DLON/H
  550  595  627  656  678  692  696  704  705  706  700  697  688  683  675  668
  654  645  633  629  627  624  618  607  591  583  575  578  589  613  635  648
  644  623  595  557  517  471  440  421  409  396  377  364  351  337  321  305
  286  270  253  242  226  217  201  194  180  173  174  184  212  243  284  310
  344  370  396  420  439  467  493  527  550                                   
    20.0-180.0 180.0   5.0 450.0                            LAT/LON1/LON2/DLON/H
  569  617  648  683  705  726  733  752  758  767  762  764  752  745  729  717
  697  681  668  658  653  646  644  632  628  616  617  617  632  651  666  667
  649  615  571  525  477  435  411  402  394  386  369  360  350  344  332  313
  298  282  270  254  241  223  212  196  190  178  181  188  215  250  288  322
  357  388  411  446  464  499  522  556  569                                   
    17.5-180.0 180.0   5.0 450.0                            LAT/LON1/LON2/DLON/H
  581  632  670  700  723  743  758  781  800  817  823  827  821  813  790  771
  741  721  701  690  681  673  669  661  656  649  644  636  636  637  638  626
  597  552  502  450  409  380  369  368  363  359  343  338  332  333  323  317
  300  292  276  265  244  231  210  203  185  185  179  195  220  258  301  337
  379  411  442  464  494  527  560  578  581                                   
    15.0-180.0 180.0   5.0 450.0                            LAT/LON1/LON2/DLON/H
  594  647  676  714  735  758  773  804  824  854  864  874  865  862  842  819
  786  759  736  716  705  695  694  685  685  673  655  631  607  588  560  531
  489  440  394  358  334  326  325  330  330  325  313  313  310  317  314  311
  303  296  283  268  247  229  210  201  188  184  187  203  235  269  319  358
  399  424  456  482  513  551  582  600  594                                   
    12.5-180.0 180.0   5.0 450.0                            LAT/LON1/LON2/DLON/H
  602  656  688  719  744  763  780  806  834  861  883  888  896  894  883  863
  830  802  772  751  733  723  717  708  697  672  638  591  547  503  458  415
  368  331  307  294  290  296  300  308  304  300  286  287  287  299  301  304
  300  295  279  263  237  219  197  191  177  184  186  209  237  280  320  359
  393  424  459  492  526  566  601  610  602                                   
    10.0-180.0 180.0   5.0 450.0                            LAT/LON1/LON2/DLON/H
  611  669  691  731  748  768  781  808  831  866  886  900  910  917  908  895
  862  836  807  783  767  750  743  728  705  668  611  552  487  426  365  313
  278  263  261  266  278  288  297  300  294  283  269  269  272  287  289  292
  287  283  264  247  218  199  182  180  174  184  193  204  239  272  320  357
  391  424  457  496  535  581  616  623  611                                   
     7.5-180.0 180.0   5.0 450.0                            LAT/LON1/LON2/DLON/H
  622  679  704  733  753  771  784  802  823  848  869  880  904  911  914  900
  879  854  833  812  794  778  765  739  704  648  579  505  434  371  309  273
