data/unet/pred2000.15i
     1.0            IONOSPHERE MAPS     GNSS                IONEX VERSION / TYPE
pyspatialgeodesy        IME             05-JAN-18 20:20     PGM / RUN BY / DATE 
Map Name                                                    COMMENT             
Predicted global ionosphere maps (GIM).                     DESCRIPTION         
  2015     7    19     0     0     0                        EPOCH OF FIRST MAP  
  2015     7    20     0     0     0                        EPOCH OF LAST MAP   
  7200                                                      INTERVAL            
    13                                                      # OF MAPS IN FILE   
  NONE                                                      MAPPING FUNCTION    
10.0                                                        ELEVATION CUTOFF    
One-way carrier phase leveled to code                       OBSERVABLES USED    
  6371.0                                                    BASE RADIUS         
 2                                                          MAP DIMENSION       
   450.0 450.0   0.0                                        HGT1 / HGT2 / DHGT  
    87.5 -87.5  -2.5                                        LAT1 / LAT2 / DLAT  
  -180.0 180.0   5.0                                        LON1 / LON2 / DLON  
    -1                                                      EXPONENT            
                                                            END OF HEADER       
[from data line 2574]
     7                                                      START OF TEC MAP    
  2015     7    19    12     0     0                        EPOCH OF CURRENT MAP
    87.5-180.0 180.0   5.0 450.0                            LAT/LON1/LON2/DLON/H
  144  157  155  155  154  153  154  154  156  155  157  156  158  157  159  157
  159  157  159  157  158  156  158  156  157  155  156  155  156  154  155  153
  154  152  153  151  152  150  150  148  149  147  149  147  149  148  149  148
  149  148  148  147  148  147  147  146  147  146  146  145  146  145  145  145
  146  146  147  147  147  148  155  135  144                                   
    85.0-180.0 180.0   5.0 450.0                            LAT/LON1/LON2/DLON/H
  147  150  153  151  152  152  154  154  156  156  157  157  158  157  158  158
  158  158  158  158  158  158  158  157  157  156  157  156  156  155  156  155
  155  154  154  153  152  150  150  148  148  146  147  145  146  145  146  144
  146  145  145  145  145  144  144  143  143  142  142  141  141  140  140  139
  140  140  141  142  141  142  150  149  147                                   
    82.5-180.0 180.0   5.0 450.0                            LAT/LON1/LON2/DLON/H
  142  147  150  145  151  147  153  149  155  151  156  152  157  152  157  152
  157  152  157  153  158  153  157  153  157  153  157  153  157  154  157  154
  157  153  156  152  154  149  151  147  148  144  146  142  145  141  144  140
  144  139  144  138  143  137  142  136  140  134  138  132  135  130  133  129
  132  129  133  130  135  132  138  135  142                                   
    80.0-180.0 180.0   5.0 450.0                            LAT/LON1/LON2/DLON/H
  135  141  140  144  144  146  146  149  148  150  148  150  148  150  148  150
  148  150  148  150  149  151  151  152  151  152  152  153  153  153  154  153
  154  153  154  153  153  151  151  149  148  147  147  145  146  145  146  145
  145  145  145  145  145  145  144  143  142  140  138  137  134  133  130  131
  128  130  128  129  128  128  127  129  135                                   
    77.5-180.0 180.0   5.0 450.0                            LAT/LON1/LON2/DLON/H
  130  135  134  135  138  140  141  142  142  142  142  142  140  140  138  139
  137  140  138  141  141  143  143  145  146  147  147  148  149  149  151  151
  152  153  155  155  155  156  155  155  154  154  153  153  152  153  152  153
  152  153  152  153  152  153  151  150  147  146  143  140  136  134  130  129
  126  125  124  123  121  122  120  122  130                                   
    75.0-180.0 180.0   5.0 450.0                            LAT/LON1/LON2/DLON/H
  122  126  126  131  132  136  135  137  134  136  133  134  130  132  128  130
  128  131  131  134  134  138  138  141  141  143  143  145  144  147  148  151
  151  155  157  160  160  162  162  163  161  162  160  161  159  161  159  162
  160  162  160  162  160  162  159  159  155  154  149  148  142  140  134  133
  127  128  124  122  119  119  117  120  122                                   
    72.5-180.0 180.0   5.0 450.0                            LAT/LON1/LON2/DLON/H
  118  123  118  121  123  125  126  127  126  126  124  123  120  120  117  118
  117  120  121  125  127  130  132  134  134  136  136  138  138  141  143  146
  149  153  157  161  164  166  168  168  168  168  167  167  166  167  166  167
  166  168  167  169  167  168  167  166  163  161  158  155  151  146  141  138
  132  130  126  123  119  117  116  118  118                                   
    70.0-180.0 180.0   5.0 450.0                            LAT/LON1/LON2/DLON/H
  115  116  113  116  117  119  120  120  120  120  119  117  114  114  112  112
  112  114  117  120  124  128  131  132  133  134  134  136  135  138  140  145
  148  155  159  164  168  170  173  173  174  173  173  173  172  172  170  171
  170  171  170  171  171  172  171  171  169  167  165  163  160  157  153  149
  144  141  135  130  126  121  119  119  115                                   
    67.5-180.0 180.0   5.0 450.0                            LAT/LON1/LON2/DLON/H
  116  116  108  108  106  108  109  111  110  111  110  109  107  106  104  105
  105  108  111  115  120  123  127  129  129  131  130  131  131  133  137  141
  147  153  160  165  172  173  178  177  179  178  178  177  176  175  173  173
  171  172  170  172  172  173  173  173  172  171  171  169  169  165  163  159
  154  150  144  138  132  126  123  121  116                                   
    65.0-180.0 180.0   5.0 450.0                            LAT/LON1/LON2/DLON/H
  116  113  105  103   99   99   99  102  102  105  105  106  104  104  104  104
  106  107  112  114  120  123  127  129  131  132  132  133  132  135  136  144
  148  156  162  168  173  175  179  179  182  181  181  180  178  177  174  172
  170  170  169  170  170  172  172  174  173  175  174  175  175  174  173  171
  166  163  156  151  144  136  129  125  116                                   
    62.5-180.0 180.0   5.0 450.0                            LAT/LON1/LON2/DLON/H
  119  114  101   97   91   89   88   90   90   95   95   98   98  100  100  101
  103  105  109  111  116  119  124  127  129  130  131  132  133  134  138  143
  148  155  161  167  173  175  180  180  183  183  184  182  181  178  175  173
  170  169  167  168  169  171  172  174  174  175  178  178  182  180  181  178
  175  171  165  160  152  145  136  129  119                                   
    60.0-180.0 180.0   5.0 450.0                            LAT/LON1/LON2/DLON/H
  119  113  102   93   86   82   81   80   81   84   87   92   94   97   99  101
  103  104  107  109  113  116  122  125  130  132  134  136  137  140  142  149
  152  160  165  170  175  178  182  183  187  187  188  185  184  180  176  171
  169  167  165  167  167  171  171  174  174  177  177  181  184  184  185  184
  181  179  172  167  159  151  140  132  119                                   
    57.5-180.0 180.0   5.0 450.0                            LAT/LON1/LON2/DLON/H
  123  113  101   91   83   77   75   72   72   75   77   84   86   91   93   96
   98  101  103  105  109  112  118  123  128  132  135  138  141  143  147  152
  155  162  166  170  177  179  185  186  191  191  193  191  190  186  182  176
  173  170  169  171  172  175  175  176  176  177  179  181  186  185  188  185
  183  180  174  167  160  154  143  134  123                                   
    55.0-180.0 180.0   5.0 450.0                            LAT/LON1/LON2/DLON/H
  122  112  103   90   82   74   71   66   66   67   69   73   77   84   87   93
   96  100  101  103  106  110  116  122  129  135  139  143  146  151  153  159
  161  167  170  176  181  186  190  193  195  198  199  200  197  193  187  179
  174  172  170  173  174  178  177  179  177  179  179  183  186  188  189  188
  183  181  173  167  160  154  141  134  122                                   
    52.5-180.0 180.0   5.0 450.0                            LAT/LON1/LON2/DLON/H
  126  113  104   95   84   76   70   65   62   61   62   66   68   77   83   90
   94   98  100  102  105  109  115  123  130  137  142  146  150  155  158  163
  164  169  173  178  185  189  194  197  201  203  207  206  206  202  196  187
  182  179  177  180  181  184  185  185  184  183  184  186  190  190  191  187
  182  177  169  161  155  150  140  129  126                                   
    50.0-180.0 180.0   5.0 450.0                            LAT/LON1/LON2/DLON/H
  124  112  108   99   91   80   76   69   65   61   62   62   66   72   79   87
   92   99  101  105  107  113  119  128  133  142  145  152  155  161  164  169
  170  176  179  187  193  200  204  209  210  213  215  216  214  212  203  196
  187  184  180  183  182  188  186  189  187  188  188  191  194  194  192  188
  181  175  166  159  152  147  134  126  124                                   
    47.5-180.0 180.0   5.0 450.0                            LAT/LON1/LON2/DLON/H
  124  114  112  108   98   92   83   76   69   65   63   63   63   70   76   85
   92  100  104  109  112  119  125  134  138  146  149  155  157  164  166  172
  174  180  185  192  202  209  214  219  219  222  223  225  224  224  217  208
  199  193  188  188  187  190  190  191  191  192  193  195  198  197  194  188
  180  172  163  153  147  141  131  119  124                                   
    45.0-180.0 180.0   5.0 450.0                            LAT/LON1/LON2/DLON/H
  122  113  114  112  105  100   94   84   79   73   70   68   67   71   77   85
   94  103  109  116  119  128  134  143  146  154  153  159  160  167  169  176
  178  187  194  206  217  225  229  232  233  233  233  233  232  232  225  219
  205  200  190  189  184  188  186  190  190  194  195  198  200  200  197  192
  182  174  164  155  146  140  127  118  122                                   
    42.5-180.0 180.0   5.0 450.0                            LAT/LON1/LON2/DLON/H
  120  112  114  115  110  108  100   95   87   84   77   77   72   75   77   86
   94  104  112  121  127  136  142  150  152  158  157  161  161  167  171  178
  184  192  205  218  230  240  245  249  248  246  244  244  242  242  236  230
  219  210  200  193  188  187  186  188  189  193  195  200  202  203  199  194
  184  175  165  154  146  138  127  117  120                                   
    40.0-180.0 180.0   5.0 450.0                            LAT/LON1/LON2/DLON/H
  118  110  110  112  111  109  105   99   97   93   90   87   82   82   83   89
   97  108  118  127  135  146  151  160  160  166  162  167  165  173  175  185
  191  203  217  238  251  263  269  272  273  268  266  262  261  258  253  246
  234  223  208  199  190  188  185  188  188  194  197  202  205  205  203  198
  189  182  171  160  149  140  127  118  118                                   
    37.5-180.0 180.0   5.0 450.0                            LAT/LON1/LON2/DLON/H
  117  109  108  109  109  109  104  104   99  101   97   95   88   87   84   91
   96  108  118  130  140  151  159  167  167  171  168  172  171  178  183  192
  203  217  235  256  270  287  294  302  300  297  292  289  287  285  277  269
  255  243  229  216  206  203  198  200  199  203  204  209  210  210  208  202
  194  185  176  163  153  142  131  123  117                                   
    35.0-180.0 180.0   5.0 450.0                            LAT/LON1/LON2/DLON/H
  118  109  104  104  103  101   99   98   99  102  101  100   93   92   87   93
   97  109  121  135  145  160  165  174  173  178  174  179  179  187  190  201
  212  226  247  267  287  303  316  326  327  325  321  315  314  310  306  296
  283  269  254  239  228  221  216  214  214  215  215  217  216  215  211  207
  198  191  180  167  154  147  134  128  118                                   
    32.5-180.0 180.0   5.0 450.0                            LAT/LON1/LON2/DLON/H
  122  113  106  103  102  100   98   98   97  102  100  101   94   93   88   92
   95  108  119  135  147  163  170  180  178  182  181  187  190  198  204  214
  227  242  264  283  307  321  337  345  354  354  354  350  348  345  341  333
  319  306  289  277  264  256  247  243  239  237  233  231  226  224  218  212
  203  194  183  169  158  149  142  133  122                                   
    30.0-180.0 180.0   5.0 450.0                            LAT/LON1/LON2/DLON/H
  129  117  107  101   98   93   93   91   93   96   98   98   93   93   87   92
   95  107  120  136  150  166  174  183  183  186  188  193  200  207  213  220
  233  248  275  299  324  342  359  370  378  382  381  379  377  372  368  362
  351  343  329  321  308  298  286  277  268  258  251  243  237  230  224  217
  207  198  186  172  161  155  147  139  129                                   
    27.5-180.0 180.0   5.0 450.0                            LAT/LON1/LON2/DLON/H
  138  126  117  109  104   99   97   95   92   97   95   97   91   90   87   91
   93  108  119  138  151  169  176  185  184  190  193  203  210  218  225  232
  245  259  288  311  339  356  374  387  394  402  402  403  402  402  399  397
  391  386  377  372  361  351  333  318  301  286  272  260  247  238  230  222
  211  199  187  173  164  159  156  142  138                                   
    25.0-180.0 180.0   5.0 450.0                            LAT/LON1/LON2/DLON/H
  148  138  125  117  109  101  100   93   93   92   92   91   89   87   85   87
   92  107  120  138  152  170  175  185  186  191  198  207  217  225  233  239
  250  269  295  322  345  367  384  398  408  414  419  418  421  420  421  423
  419  422  413  414  401  392  367  351  326  310  287  270  254  240  231  220
  209  195  184  173  163  162  160  149  148                                   
    22.5-180.0 180.0   5.0 450.0                            LAT/LON1/LON2/DLON/H
  153  149  138  130  122  116  112  105  100   97   94   92   87   85   84   87
   94  110  122  142  154  172  176  185  184  193  199  211  222  232  241  248
  267  282  309  329  351  373  386  404  410  420  423  427  430  435  437  443
  443  447  445  445  435  423  397  375  347  323  297  276  256  239  229  216
  206  191  180  169  163  160  164  148  153                                   
    20.0-180.0 180.0   5.0 450.0                            LAT/LON1/LON2/DLON/H
  157  156  152  144  134  129  123  116  109  103   97   91   89   84   85   87
   95  109  122  142  153  169  173  180  183  191  201  212  227  237  247  261
  281  301  316  338  354  373  384  400  409  417  423  425  431  437  440  447
  451  458  457  460  450  438  411  390  359  333  302  276  253  234  221  209
  200  185  176  167  159  159  164  148  157                                   
    17.5-180.0 180.0   5.0 450.0                            LAT/LON1/LON2/DLON/H
  152  160  159  150  144  140  136  127  119  110  102   94   89   86   84   87
   94  108  122  142  152  167  170  176  179  191  199  215  228  242  258  274
  299  315  332  347  361  374  384  397  404  412  416  420  426  435  439  448
  448  454  453  454  446  436  410  389  358  332  304  278  254  233  219  206
  195  183  174  166  159  157  164  142  152                                   
    15.0-180.0 180.0   5.0 450.0                            LAT/LON1/LON2/DLON/H
  156  162  165  155  149  144  143  136  128  119  109  102   95   88   86   86
   93  104  116  138  145  159  161  170  176  187  202  213  231  247  271  294
  314  328  338  350  357  371  379  394  400  408  409  415  418  431  434  442
  442  445  444  445  439  426  404  384  357  335  308  278  251  229  214  202
  192  182  174  165  157  156  163  140  156                                   
    12.5-180.0 180.0   5.0 450.0                            LAT/LON1/LON2/DLON/H
  156  165  162  156  150  144  142  135  129  120  113  107  100   94   88   88
   90  101  114  132  140  151  155  166  174  189  201  219  237  258  287  312
  329  341  349  354  361  369  376  388  393  399  395  402  404  418  420  431
  426  430  425  428  419  408  388  373  350  332  309  280  253  231  215  203
  193  182  176  166  158  156  164  135  156                                   
    10.0-180.0 180.0   5.0 450.0                            LAT/LON1/LON2/DLON/H
  157  160  157  150  143  136  133  127  121  116  113  107  103   95   92   87
   90   94  107  125  131  145  149  163  176  189  208  221  246  269  303  326
  338  350  355  365  368  378  382  393  396  399  392  397  399  412  414  423
  420  420  415  415  405  395  377  366  347  334  310  280  249  226  210  199
  189  180  175  164  157  155  162  137  157                                   
     7.5-180.0 180.0   5.0 450.0                            LAT/LON1/LON2/DLON/H
  157  159  149  141  133  124  120  113  111  106  105  102   99   96   90   88
   87   95  105  121  127  141  146  165  179  198  214  234  257  286  314  335
