data/unet/pred1060.15i
     1.0            IONOSPHERE MAPS     GNSS                IONEX VERSION / TYPE
pyspatialgeodesy        IME             05-JAN-18 20:20     PGM / RUN BY / DATE 
Map Name                                                    COMMENT             
Predicted global ionosphere maps (GIM).                     DESCRIPTION         
  2015     4    16     0     0     0                        EPOCH OF FIRST MAP  
  2015     4    17     0     0     0                        EPOCH OF LAST MAP   
  7200                                                      INTERVAL            
    13                                                      # OF MAPS IN FILE   
  NONE                                                      MAPPING FUNCTION    
10.0                                                        ELEVATION CUTOFF    
One-way carrier phase leveled to code                       OBSERVABLES USED    
  6371.0                                                    BASE RADIUS         
 2                                                          MAP DIMENSION       
   450.0 450.0   0.0                                        HGT1 / HGT2 / DHGT  
    87.5 -87.5  -2.5                                        LAT1 / LAT2 / DLAT  
  -180.0 180.0   5.0                                        LON1 / LON2 / DLON  
    -1                                                      EXPONENT            
                                                            END OF HEADER       
[from data line 2145]
     6                                                      START OF TEC MAP    
  2015     4    16    10     0     0                        EPOCH OF CURRENT MAP
    87.5-180.0 180.0   5.0 450.0                            LAT/LON1/LON2/DLON/H
  132  154  156  157  160  161  164  164  166  165  168  169  172  174  176  178
  179  180  181  182  183  183  184  183  184  182  183  180  181  178  179  177
  177  175  176  174  174  172  171  169  167  165  163  161  158  157  154  152
  149  148  145  144  141  141  139  139  138  138  137  138  136  137  136  138
  138  139  139  141  140  142  140  125  132                                   
    85.0-180.0 180.0   5.0 450.0                            LAT/LON1/LON2/DLON/H
  148  133  138  148  146  154  155  160  161  165  166  171  172  177  177  180
  181  183  183  185  185  186  187  188  188  189  188  189  188  188  186  188
  186  187  185  185  182  182  178  177  172  170  166  163  158  156  150  148
  141  139  133  132  127  126  122  122  118  119  116  117  115  116  114  116
  114  117  116  118  117  120  131  125  148                                   
    82.5-180.0 180.0   5.0 450.0                            LAT/LON1/LON2/DLON/H
  133  128  135  139  146  149  157  158  165  165  171  172  176  176  180  179
  181  181  182  183  183  184  184  185  186  187  188  190  191  192  192  194
  195  196  197  198  198  197  196  193  190  186  182  177  171  167  160  156
  148  144  137  134  129  125  123  119  119  114  115  112  113  109  111  108
  110  107  110  108  113  113  123  125  133                                   
    80.0-180.0 180.0   5.0 450.0                            LAT/LON1/LON2/DLON/H
  132  127  128  132  139  146  152  154  160  161  166  166  169  168  169  167
  167  167  167  166  167  166  168  167  169  169  173  174  178  179  184  186
  191  194  198  200  203  203  204  201  200  195  192  186  182  174  170  163
  158  151  147  142  138  135  132  129  127  124  123  121  120  117  116  113
  112  111  109  109  109  110  118  120  132                                   
    77.5-180.0 180.0   5.0 450.0                            LAT/LON1/LON2/DLON/H
  130  128  128  129  134  143  147  149  154  152  157  153  156  152  153  149
  148  147  146  146  146  146  146  147  148  148  152  154  160  164  170  176
  182  189  195  203  207  211  213  214  212  209  206  202  197  192  187  182
  176  172  168  166  162  160  158  156  154  152  151  149  147  143  141  136
  134  129  125  121  120  118  121  121  130                                   
    75.0-180.0 180.0   5.0 450.0                            LAT/LON1/LON2/DLON/H
  132  131  126  128  130  136  141  141  144  143  144  140  138  135  131  129
  124  126  123  126  125  127  127  127  128  130  133  138  143  151  158  168
  176  186  193  204  208  217  217  223  220  222  217  218  212  210  204  201
  197  194  191  189  187  186  185  185  183  183  181  181  177  175  170  166
  160  157  149  145  136  132  131  129  132                                   
    72.5-180.0 180.0   5.0 450.0                            LAT/LON1/LON2/DLON/H
  135  131  127  131  131  138  137  138  136  132  130  123  119  111  108  104
  102  102  102  106  107  110  112  113  114  116  120  125  132  140  149  160
  169  180  189  201  207  217  219  226  223  228  224  228  223  224  220  221
  216  216  213  214  212  212  211  211  210  210  208  208  205  203  197  193
  185  180  172  164  156  146  140  137  135                                   
    70.0-180.0 180.0   5.0 450.0                            LAT/LON1/LON2/DLON/H
  135  128  125  125  123  129  129  129  127  123  120  111  104   97   93   90
   90   89   92   97  100  105  108  111  113  115  118  123  129  135  145  155
  167  178  188  201  207  218  220  228  227  232  230  235  232  236  232  235
  232  233  231  231  229  229  226  227  225  227  225  227  224  222  217  213
  207  201  192  182  172  160  153  149  135                                   
    67.5-180.0 180.0   5.0 450.0                            LAT/LON1/LON2/DLON/H
  134  123  117  121  121  129  128  129  125  120  113  101   95   86   84   80
   82   84   87   94   97  104  109  113  116  120  124  128  133  140  148  158
  167  179  188  201  207  217  220  228  227  234  233  239  238  244  242  246
  242  245  240  241  236  235  230  230  227  228  226  228  225  225  220  218
  211  207  197  188  177  164  154  150  134                                   
    65.0-180.0 180.0   5.0 450.0                            LAT/LON1/LON2/DLON/H
  132  120  113  113  110  118  118  121  117  115  110   99   93   85   81   80
   82   84   91   96  103  110  115  123  126  131  133  137  140  146  152  161
  170  179  190  201  208  217  220  227  228  234  236  242  243  247  247  251
  248  250  245  245  239  236  230  227  223  222  219  220  219  219  216  215
  211  208  200  191  179  165  157  151  132                                   
    62.5-180.0 180.0   5.0 450.0                            LAT/LON1/LON2/DLON/H
  134  115  105  103   99  110  111  118  116  115  108   99   92   83   80   79
   83   86   91   99  103  110  113  122  126  132  136  142  145  151  155  163
  171  181  190  201  208  217  221  229  232  239  242  248  250  254  252  256
  252  254  246  245  236  233  224  221  215  213  209  209  207  207  205  205
  203  201  195  187  179  166  157  145  134                                   
    60.0-180.0 180.0   5.0 450.0                            LAT/LON1/LON2/DLON/H
  138  119  106   96   90   98   98  107  104  107  103   98   92   86   82   82
   85   86   94   96  105  108  113  120  125  135  139  145  148  152  156  162
  171  181  194  204  214  222  227  234  237  244  249  256  260  263  263  263
  261  257  251  246  240  234  227  220  214  209  206  204  203  202  202  201
  199  198  193  188  180  168  159  148  138                                   
    57.5-180.0 180.0   5.0 450.0                            LAT/LON1/LON2/DLON/H
  147  125  106   92   80   83   82   91   94   99   98   96   89   85   81   81
   83   86   89   93   95   99  102  108  115  125  131  140  144  150  155  163
  170  183  195  209  219  229  234  242  245  253  257  266  270  275  274  274
  269  265  257  253  246  241  234  227  222  217  213  210  210  208  207  205
  203  200  196  190  187  175  169  152  147                                   
    55.0-180.0 180.0   5.0 450.0                            LAT/LON1/LON2/DLON/H
  165  141  122  101   88   81   79   82   84   90   89   90   87   84   82   80
   81   79   84   79   86   82   94   96  109  119  126  138  140  148  151  161
  172  186  202  216  231  241  247  254  258  265  270  279  285  289  292  288
  286  277  273  266  263  256  253  247  243  238  234  232  231  229  227  222
  218  213  207  202  196  186  182  168  165                                   
    52.5-180.0 180.0   5.0 450.0                            LAT/LON1/LON2/DLON/H
  186  161  141  118  100   86   76   76   75   80   81   84   82   82   79   78
   80   80   79   78   75   77   80   90  101  114  122  131  135  144  150  164
  175  191  206  227  241  254  261  270  272  279  283  293  299  305  306  305
  301  295  289  284  280  276  273  270  267  264  260  258  259  256  254  244
  238  228  222  214  211  202  199  182  186                                   
    50.0-180.0 180.0   5.0 450.0                            LAT/LON1/LON2/DLON/H
  210  184  166  143  124  105   92   79   78   75   79   81   82   82   81   80
   83   79   81   71   70   63   75   78  102  110  126  134  136  146  152  168
  181  202  219  241  256  270  277  287  289  296  299  310  317  323  326  324
  322  315  314  307  307  300  300  294  294  290  288  287  288  286  283  269
  261  244  236  226  226  214  216  201  210                                   
    47.5-180.0 180.0   5.0 450.0                            LAT/LON1/LON2/DLON/H
  231  203  189  169  153  129  114   95   86   80   79   80   81   81   81   80
   84   85   84   77   71   71   75   91  103  123  127  138  138  151  158  179
  190  215  232  256  269  285  292  304  304  312  315  324  331  338  341  342
  339  336  332  329  325  320  315  311  309  307  306  306  309  305  302  284
  275  257  247  240  235  228  228  213  231                                   
    45.0-180.0 180.0   5.0 450.0                            LAT/LON1/LON2/DLON/H
  243  213  206  190  178  159  141  117  105   90   89   86   88   87   89   89
   93   92   93   83   81   75   87   93  119  125  142  144  151  157  169  189
  206  233  249  271  283  300  307  318  320  328  330  340  347  357  361  367
  364  365  361  356  350  341  334  327  322  321  317  322  321  321  312  294
  280  262  250  240  235  225  230  217  243                                   
    42.5-180.0 180.0   5.0 450.0                            LAT/LON1/LON2/DLON/H
  240  214  209  204  195  179  165  142  123  107  101   97  100   97  100   99
  101  100  103   94   96   91  101  113  129  147  152  165  162  178  186  212
  223  255  267  289  298  317  322  338  337  348  348  359  366  377  381  388
  387  388  381  376  365  356  344  334  327  325  321  325  323  322  312  294
  277  258  244  230  222  212  219  210  240                                   
    40.0-180.0 180.0   5.0 450.0                            LAT/LON1/LON2/DLON/H
  222  197  199  198  201  192  182  162  147  128  120  115  117  113  114  114
  116  116  117  111  110  107  120  131  150  161  172  181  185  201  208  233
  246  276  288  306  319  335  347  358  366  371  376  383  390  400  405  413
  411  413  404  400  385  376  360  350  338  335  325  328  321  320  305  291
  270  254  232  217  201  189  196  192  222                                   
    37.5-180.0 180.0   5.0 450.0                            LAT/LON1/LON2/DLON/H
  197  175  174  186  186  191  183  174  156  148  138  136  136  134  133  131
  132  127  129  123  124  121  136  144  167  175  187  194  204  222  234  260
  271  300  308  331  342  363  371  392  395  409  406  417  419  430  434  442
  443  441  436  427  414  401  384  370  356  348  338  337  327  325  307  294
  274  252  229  204  183  167  173  172  197                                   
    35.0-180.0 180.0   5.0 450.0                            LAT/LON1/LON2/DLON/H
  174  150  150  162  166  175  173  169  163  157  154  152  152  150  147  145
  142  139  138  131  132  131  143  156  177  188  202  211  221  243  250  275
  293  313  332  349  373  393  409  425  440  445  450  451  458  468  476  486
  489  492  486  480  467  453  434  421  406  394  378  367  355  346  326  314
  289  268  238  214  183  162  162  157  174                                   
    32.5-180.0 180.0   5.0 450.0                            LAT/LON1/LON2/DLON/H
  166  134  134  139  147  155  155  161  155  161  157  165  162  166  161  161
  156  151  145  138  137  136  150  158  181  188  209  218  239  252  270  289
  309  328  348  376  400  427  442  465  473  488  485  495  500  516  529  542
  556  565  571  571  567  558  547  536  522  500  471  447  422  403  376  367
  340  319  287  253  216  187  171  151  166                                   
    30.0-180.0 180.0   5.0 450.0                            LAT/LON1/LON2/DLON/H
  166  142  134  122  130  132  148  142  154  150  159  162  167  166  169  164
  162  152  147  138  139  136  150  154  176  185  208  223  246  266  282  308
  328  346  374  397  438  462  492  506  522  531  534  544  553  578  596  628
  644  660  670  684  687  688  679  660  644  609  578  550  524  497  457  449
  423  411  369  333  291  253  222  183  166                                   
    27.5-180.0 180.0   5.0 450.0                            LAT/LON1/LON2/DLON/H
  201  184  159  134  129  125  133  135  143  146  152  158  162  165  167  165
  165  156  152  144  144  144  156  159  178  186  210  228  258  273  300  319
  347  368  398  435  471  502  527  539  555  567  578  595  613  645  677  705
  733  757  781  797  813  814  814  794  770  733  689  650  614  585  551  544
  526  513  479  430  375  346  306  231  201                                   
    25.0-180.0 180.0   5.0 450.0                            LAT/LON1/LON2/DLON/H
  263  264  227  177  152  132  134  128  140  136  154  152  162  159  164  162
  164  155  152  145  148  146  159  156  177  185  214  230  271  287  320  344
  373  398  441  467  508  531  557  571  586  600  609  635  662  702  736  771
  805  841  870  901  912  922  919  910  889  860  806  770  718  679  644  627
  613  603  555  511  460  430  388  313  263                                   
    22.5-180.0 180.0   5.0 450.0                            LAT/LON1/LON2/DLON/H
  350  329  288  245  218  180  163  146  147  144  151  152  157  155  158  153
  161  151  157  151  158  159  170  169  186  194  222  243  280  306  342  367
  398  432  468  503  536  565  584  602  616  632  646  674  707  745  784  828
  871  911  950  970  988  996  999  990  972  942  905  858  812  763  720  690
  668  649  625  584  535  491  465  381  350                                   
    20.0-180.0 180.0   5.0 450.0                            LAT/LON1/LON2/DLON/H
  418  421  369  321  283  256  232  195  177  158  159  152  158  153  156  153
  157  156  157  157  164  166  174  170  187  188  222  240  293  316  362  384
  423  455  502  531  570  590  615  627  647  659  676  705  736  773  814  858
  901  933  967  982 1002 1012 1017 1009  994  967  933  896  847  808  750  721
  687  677  650  635  601  553  514  454  418                                   
    17.5-180.0 180.0   5.0 450.0                            LAT/LON1/LON2/DLON/H
  466  470  427  400  350  311  280  259  232  201  186  168  165  157  161  154
  162  155  164  162  174  179  185  187  196  205  229  258  303  332  365  395
  428  472  512  551  582  613  628  652  664  685  701  727  751  790  828  871
  905  928  950  963  981  985  995  985  972  943  916  882  846  802  754  716
  683  664  650  632  613  584  549  497  466                                   
    15.0-180.0 180.0   5.0 450.0                            LAT/LON1/LON2/DLON/H
  481  502  462  451  400  361  319  298  282  252  227  200  182  165  166  160
  161  157  162  169  178  181  188  183  192  191  228  261  310  335  373  402
  444  485  526  561  600  623  648  665  684  700  720  744  763  793  825  857
  877  889  899  907  923  928  931  924  912  889  867  842  805  776  719  688
  640  629  604  607  588  585  560  514  481                                   
    12.5-180.0 180.0   5.0 450.0                            LAT/LON1/LON2/DLON/H
  496  521  485  476  439  402  358  331  304  284  259  233  208  189  177  168
  163  155  155  162  173  187  186  189  190  203  237  273  309  337  371  409
  449  487  525  564  594  621  645  671  690  709  729  753  769  796  818  838
  842  841  840  843  847  857  861  860  841  833  811  804  765  742  687  651
  594  567  546  544  549  548  551  522  496                                   
    10.0-180.0 180.0   5.0 450.0                            LAT/LON1/LON2/DLON/H
  502  525  500  491  470  426  387  354  326  302  279  255  234  208  193  180
  171  159  158  155  166  164  172  166  180  192  238  274  307  336  372  414
  446  486  518  557  589  614  640  666  691  710  735  759  773  791  807  812
  809  792  787  781  785  790  798  800  795  786  775  763  731  703  654  615
  549  515  486  491  495  519  537  508  502                                   
     7.5-180.0 180.0   5.0 450.0                            LAT/LON1/LON2/DLON/H
  498  516  486  478  456  438  403  379  354  326  297  272  254  230  209  196
  185  171  164  161  159  160  156  163  172  200  238  276  304  329  369  408
