data/unet/pred3090.15i
     1.0            IONOSPHERE MAPS     GNSS                IONEX VERSION / TYPE
pyspatialgeodesy        IME             05-JAN-18 20:20     PGM / RUN BY / DATE 
Map Name                                                    COMMENT             
Predicted global ionosphere maps (GIM).                     DESCRIPTION         
  2015    11     5     0     0     0                        EPOCH OF FIRST MAP  
  2015    11     6     0     0     0                        EPOCH OF LAST MAP   
  7200                                                      INTERVAL            
    13                                                      # OF MAPS IN FILE   
  NONE                                                      MAPPING FUNCTION    
10.0                                                        ELEVATION CUTOFF    
One-way carrier phase leveled to code                       OBSERVABLES USED    
  6371.0                                                    BASE RADIUS         
 2                                                          MAP DIMENSION       
   450.0 450.0   0.0                                        HGT1 / HGT2 / DHGT  
    87.5 -87.5  -2.5                                        LAT1 / LAT2 / DLAT  
  -180.0 180.0   5.0                                        LON1 / LON2 / DLON  
    -1                                                      EXPONENT            
                                                            END OF HEADER       
[from data line 1716]
     5                                                      START OF TEC MAP    
  2015    11     5     8     0     0                        EPOCH OF CURRENT MAP
    87.5-180.0 180.0   5.0 450.0                            LAT/LON1/LON2/DLON/H
   35   45   46   47   48   47   49   49   50   50   51   50   51   51   52   51
   51   51   52   52   52   53   54   55   55   57   58   59   60   61   62   63
   64   64   65   65   67   66   67   67   67   66   66   65   64   64   62   62
   61   60   59   58   57   56   54   53   52   51   50   49   48   47   46   46
   46   45   45   46   49   45   44   48   35                                   
    85.0-180.0 180.0   5.0 450.0                            LAT/LON1/LON2/DLON/H
   37   58   47   58   53   59   56   64   59   65   60   67   61   67   61   67
   61   67   61   67   62   68   63   70   65   72   68   74   69   75   71   76
   73   78   75   79   76   80   77   81   77   82   76   81   75   79   72   76
   69   72   64   68   60   63   54   59   51   55   47   52   44   49   42   48
   42   48   42   48   45   44   44   37   37                                   
    82.5-180.0 180.0   5.0 450.0                            LAT/LON1/LON2/DLON/H
   39   56   44   49   46   51   51   58   56   60   58   62   59   61   58   61
   56   59   55   59   54   59   55   61   57   63   61   66   64   69   67   72
   70   74   74   78   77   81   80   84   83   86   84   86   84   84   81   80
   76   74   69   67   61   60   53   53   46   46   40   41   35   37   32   34
   30   33   30   33   30   31   33   25   39                                   
    80.0-180.0 180.0   5.0 450.0                            LAT/LON1/LON2/DLON/H
   37   49   42   45   44   49   50   54   55   56   56   57   55   55   52   52
   49   49   46   48   45   48   46   49   49   53   54   56   58   60   62   64
   67   69   73   75   79   81   85   87   91   91   95   93   96   92   93   88
   88   81   80   73   71   65   62   56   53   48   45   41   38   36   33   33
   30   31   29   28   28   23   28   22   37                                   
    77.5-180.0 180.0   5.0 450.0                            LAT/LON1/LON2/DLON/H
   33   50   43   42   45   46   50   50   52   50   52   49   48   45   42   40
   37   36   35   34   34   35   37   39   41   43   46   48   50   52   54   56
   58   61   65   70   73   78   81   87   89   93   95   97   97   97   95   94
   90   87   84   81   77   73   71   66   63   57   55   49   47   41   40   36
   36   33   34   30   32   30   33   19   33                                   
    75.0-180.0 180.0   5.0 450.0                            LAT/LON1/LON2/DLON/H
   38   50   44   47   48   50   52   53   53   52   50   48   45   40   37   33
   30   28   27   27   28   30   32   36   38   43   44   47   46   50   49   51
   52   56   59   64   68   74   80   85   91   95   99  101  104  102  104  101
  101   98   97   93   92   89   88   83   81   76   73   67   64   58   56   51
   49   45   45   42   43   38   41   28   38                                   
    72.5-180.0 180.0   5.0 450.0                            LAT/LON1/LON2/DLON/H
   42   57   50   50   52   52   55   54   54   50   49   45   40   35   30   26
   22   21   20   22   23   27   32   36   41   45   47   49   48   49   47   48
   47   51   52   59   63   72   78   85   91   98  101  106  107  109  108  109
  107  107  107  108  107  106  105  102  100   95   92   85   81   74   71   65
   63   57   58   53   55   50   53   38   42                                   
    70.0-180.0 180.0   5.0 450.0                            LAT/LON1/LON2/DLON/H
   48   58   53   54   56   56   59   58   58   53   51   45   41   34   29   25
   23   22   23   25   29   34   39   46   50   55   56   57   56   54   52   50
   50   50   53   57   64   71   80   87   97  103  110  114  116  117  119  118
  120  119  122  122  125  123  125  120  119  112  110  101   97   88   86   79
   77   72   72   67   68   58   62   50   48                                   
    67.5-180.0 180.0   5.0 450.0                            LAT/LON1/LON2/DLON/H
   48   62   56   55   57   57   60   59   59   54   51   46   40   35   30   28
   24   26   26   31   33   40   47   54   59   63   65   65   62   59   54   52
   49   50   51   58   64   74   83   95  103  111  117  123  123  127  125  129
  127  132  133  138  140  141  142  137  135  127  123  112  106   96   92   85
   83   77   79   74   75   68   71   54   48                                   
    65.0-180.0 180.0   5.0 450.0                            LAT/LON1/LON2/DLON/H
   49   62   54   54   56   56   61   60   61   56   53   48   44   40   37   35
   35   35   37   40   44   51   57   64   69   72   73   71   67   63   58   55
   51   51   54   59   68   78   91  101  111  118  125  130  133  134  135  137
  141  142  149  153  159  157  158  152  150  141  135  122  115  103   96   87
   84   78   79   75   78   69   72   58   49                                   
    62.5-180.0 180.0   5.0 450.0                            LAT/LON1/LON2/DLON/H
   44   60   49   48   51   51   57   57   58   54   52   49   46   45   43   44
   42   44   45   48   50   56   61   67   71   72   72   69   64   59   55   51
   50   51   55   62   73   85   98  109  120  128  134  140  141  143  142  147
  149  155  159  167  170  170  167  163  160  149  141  127  118  104   96   85
   80   73   74   70   74   67   72   52   44                                   
    60.0-180.0 180.0   5.0 450.0                            LAT/LON1/LON2/DLON/H
   43   55   43   43   44   46   52   53   55   51   50   49   48   49   50   52
   52   53   53   55   55   59   61   65   67   67   65   61   56   52   48   47
   47   51   59   69   83   94  110  122  131  138  144  148  151  150  153  156
  165  168  179  183  188  183  180  173  168  159  148  136  124  111  100   87
   79   70   68   66   71   61   65   48   43                                   
    57.5-180.0 180.0   5.0 450.0                            LAT/LON1/LON2/DLON/H
   39   54   41   39   40   41   46   47   48   46   45   46   46   50   52   58
   57   58   56   56   54   56   56   59   57   57   53   50   44   41   40   41
   45   52   64   77   94  108  123  134  143  149  153  158  158  160  161  167
  174  182  191  196  197  193  189  180  176  166  158  145  135  120  109   93
   82   70   67   63   67   61   65   43   39                                   
    55.0-180.0 180.0   5.0 450.0                            LAT/LON1/LON2/DLON/H
   46   53   39   39   39   40   44   45   44   40   40   40   44   49   54   59
   60   60   57   55   51   51   49   50   48   48   42   40   34   32   31   36
   44   55   72   88  108  123  138  149  157  162  165  168  170  171  176  181
  192  198  209  210  212  206  200  191  186  177  168  159  150  138  124  109
   94   81   73   68   72   63   66   50   46                                   
    52.5-180.0 180.0   5.0 450.0                            LAT/LON1/LON2/DLON/H
   54   63   49   46   45   45   46   45   41   37   34   36   38   46   49   57
   57   58   52   51   45   45   41   44   40   40   33   31   25   25   26   33
   46   61   81   98  120  135  148  158  167  170  174  177  180  183  186  195
  205  215  220  223  222  215  210  200  196  186  180  174  168  157  145  127
  112   94   86   78   80   74   78   60   54                                   
    50.0-180.0 180.0   5.0 450.0                            LAT/LON1/LON2/DLON/H
   70   71   56   56   55   55   53   52   45   39   35   34   37   42   47   54
   54   54   50   47   42   40   38   40   38   37   32   29   24   23   27   36
   52   69   93  112  134  147  160  169  177  179  184  187  192  196  203  210
  223  228  234  234  232  225  217  210  203  197  192  190  188  181  169  152
  134  115  103   95   95   86   88   78   70                                   
    47.5-180.0 180.0   5.0 450.0                            LAT/LON1/LON2/DLON/H
   85   89   77   75   72   70   68   63   55   47   39   38   36   43   44   52
   49   52   45   45   39   41   39   43   40   42   36   35   28   28   31   41
   59   81  105  126  146  156  169  175  184  188  193  196  200  207  213  223
  232  240  241  240  237  231  225  216  211  205  203  200  202  196  188  170
  152  130  119  108  107  101  105   91   85                                   
    45.0-180.0 180.0   5.0 450.0                            LAT/LON1/LON2/DLON/H
   97   94   88   88   86   84   79   77   67   60   51   47   45   47   48   52
   51   51   48   47   45   46   46   50   50   50   47   44   40   38   42   52
   72   93  119  138  158  167  178  186  195  199  204  207  213  219  228  234
  242  244  244  241  238  232  225  217  210  205  201  202  203  202  194  180
  161  141  125  117  115  110  111  107   97                                   
    42.5-180.0 180.0   5.0 450.0                            LAT/LON1/LON2/DLON/H
  101  102   98  101   99   97   94   90   82   75   65   62   56   59   56   59
   56   58   53   55   53   57   58   62   62   63   59   56   52   48   52   63
   84  110  134  152  169  176  188  196  206  209  212  215  220  227  234  241
  243  244  241  238  234  228  223  215  209  200  197  193  199  192  189  171
  157  134  123  112  112  106  113  107  101                                   
    40.0-180.0 180.0   5.0 450.0                            LAT/LON1/LON2/DLON/H
   96   96   94   97  100  100   99   98   91   87   81   77   74   73   71   72
   69   69   66   67   67   68   70   71   72   70   69   65   63   59   64   75
  100  121  147  162  178  187  198  208  217  221  224  226  231  236  243  243
  246  242  239  237  232  229  223  217  211  203  195  194  191  185  175  161
  145  128  114  108  107   99  102  100   96                                   
    37.5-180.0 180.0   5.0 450.0                            LAT/LON1/LON2/DLON/H
   83   87   85   89   91   94   97  100   99   97   94   93   89   91   86   88
   83   85   81   83   81   84   84   83   82   77   76   71   71   67   75   88
  111  136  160  174  189  195  210  218  229  232  236  236  240  245  247  248
  247  243  240  237  237  234  237  229  227  216  210  200  195  181  171  152
  140  120  110   99   95   84   92   85   83                                   
    35.0-180.0 180.0   5.0 450.0                            LAT/LON1/LON2/DLON/H
   67   74   63   67   73   81   85   92   94   97   98  101  102  103  102  103
  100  100   98   99   98   97   95   89   84   77   75   72   71   71   77   93
  117  140  163  180  193  205  217  231  241  247  250  251  253  255  257  255
  254  253  250  253  252  258  256  258  253  248  235  228  212  200  182  164
  146  126  108   99   90   75   80   68   67                                   
    32.5-180.0 180.0   5.0 450.0                            LAT/LON1/LON2/DLON/H
   54   67   54   58   60   67   72   79   85   92   96  103  108  112  113  115
  114  114  111  112  109  106  101   90   84   74   73   69   73   71   83   96
  123  145  168  182  201  209  229  240  254  259  264  265  267  268  269  269
  266  269  269  276  282  288  295  296  299  294  285  273  258  239  221  198
  178  148  131  111   99   78   81   65   54                                   
    30.0-180.0 180.0   5.0 450.0                            LAT/LON1/LON2/DLON/H
   52   58   49   46   52   57   61   69   73   82   88   97  104  111  116  119
  120  121  119  118  115  109  102   88   79   71   68   67   69   73   82  101
  122  145  161  182  197  218  234  254  266  277  280  282  286  288  291  291
  294  299  305  317  325  338  346  354  361  362  357  348  330  310  282  255
  224  193  168  149  126   98   86   71   52                                   
    27.5-180.0 180.0   5.0 450.0                            LAT/LON1/LON2/DLON/H
   73   68   64   58   58   56   60   62   66   73   78   88   95  103  110  114
  118  119  120  118  115  108  100   86   77   68   68   65   71   74   88  102
  125  146  164  181  203  220  243  260  278  286  297  298  307  310  318  321
  326  336  345  358  373  387  403  416  430  437  439  434  415  391  360  333
  294  257  226  196  177  143  124  102   73                                   
    25.0-180.0 180.0   5.0 450.0                            LAT/LON1/LON2/DLON/H
  100   97   83   76   72   67   63   63   62   65   67   76   84   93   98  106
  109  114  113  114  110  104   94   86   75   69   65   66   70   76   88  109
  126  152  166  189  203  229  247  270  286  302  313  320  330  334  343  350
  361  376  392  410  430  450  469  492  512  532  541  542  523  490  453  419
  374  339  296  267  238  205  167  144  100                                   
    22.5-180.0 180.0   5.0 450.0                            LAT/LON1/LON2/DLON/H
  148  134  118  114   99   88   81   71   70   66   67   70   75   83   87   93
   98  101  103  104  101   97   89   83   76   71   69   70   75   83   96  113
  134  155  172  189  210  229  253  273  295  308  329  337  352  358  371  381
  397  415  439  460  484  503  523  552  581  611  618  619  604  570  535  494
  459  425  384  353  320  285  247  204  148                                   
    20.0-180.0 180.0   5.0 450.0                            LAT/LON1/LON2/DLON/H
  203  184  169  157  141  126  111   96   87   75   70   70   70   75   77   84
   86   92   92   96   92   92   87   85   78   76   73   75   77   84   97  117
  134  161  175  201  216  240  259  283  305  323  346  363  380  388  405  415
  437  456  486  505  530  546  571  602  626  640  652  660  652  636  600  564
  515  489  452  433  404  371  327  279  203                                   
    17.5-180.0 180.0   5.0 450.0                            LAT/LON1/LON2/DLON/H
  286  259  237  211  188  173  154  135  121  103   95   83   81   77   76   77
   80   84   85   87   86   85   84   83   81   81   79   81   81   89   99  118
  139  162  181  201  227  245  270  292  317  336  366  383  408  417  437  450
  474  493  521  539  559  577  598  626  639  654  666  674  675  661  637  605
  560  528  496  482  466  439  407  353  286                                   
    15.0-180.0 180.0   5.0 450.0                            LAT/LON1/LON2/DLON/H
  340  314  292  253  229  214  189  166  144  126  113  104   95   89   83   81
   80   81   82   84   81   82   82   85   84   83   80   82   83   88  102  122
  144  169  184  214  233  259  279  306  330  357  386  409  431  446  466  478
  500  515  539  547  568  574  599  616  633  637  651  655  658  650  631  613
  568  547  514  506  493  475  441  410  340                                   
    12.5-180.0 180.0   5.0 450.0                            LAT/LON1/LON2/DLON/H
  385  382  344  321  280  261  224  204  179  157  144  127  124  110  103   92
   88   86   86   85   83   84   85   87   86   86   84   83   83   90  100  122
  145  168  190  214  244  265  292  318  344  372  403  424  450  462  483  497
  517  528  543  551  562  568  579  594  609  608  615  616  619  616  604  586
  551  535  509  503  498  487  462  432  385                                   
    10.0-180.0 180.0   5.0 450.0                            LAT/LON1/LON2/DLON/H
  397  402  367  342  313  291  264  235  213  192  172  152  139  128  118  110
  100   97   96   93   91   85   84   86   89   89   86   86   85   91  105  125
  150  175  195  225  247  274  293  323  352  382  413  434  456  473  493  507
  522  531  543  546  552  553  562  574  584  585  584  586  583  577  565  549
  524  510  486  477  470  458  442  424  397                                   
     7.5-180.0 180.0   5.0 450.0                            LAT/LON1/LON2/DLON/H
  382  390  374  364  342  325  296  262  236  215  199  183  165  148  134  124
  111  101   95   88   81   75   74   79   86   93   90   87   84   90  102  124
