data/unet/pred2850.15i
     1.0            IONOSPHERE MAPS     GNSS                IONEX VERSION / TYPE
pyspatialgeodesy        IME             05-JAN-18 20:20     PGM / RUN BY / DATE 
Map Name                                                    COMMENT             
Predicted global ionosphere maps (GIM).                     DESCRIPTION         
  2015    10    12     0     0     0                        EPOCH OF FIRST MAP  
  2015    10    13     0     0     0                        EPOCH OF LAST MAP   
  7200                                                      INTERVAL            
    13                                                      # OF MAPS IN FILE   
  NONE                                                      MAPPING FUNCTION    
10.0                                                        ELEVATION CUTOFF    
One-way carrier phase leveled to code                       OBSERVABLES USED    
  6371.0                                                    BASE RADIUS         
 2                                                          MAP DIMENSION       
   450.0 450.0   0.0                                        HGT1 / HGT2 / DHGT  
    87.5 -87.5  -2.5                                        LAT1 / LAT2 / DLAT  
  -180.0 180.0   5.0                                        LON1 / LON2 / DLON  
    -1                                                      EXPONENT            
                                                            END OF HEADER       
[from data line 3861]
    10                                                      START OF TEC MAP    
  2015    10    12    18     0     0                        EPOCH OF CURRENT MAP
    87.5-180.0 180.0   5.0 450.0                            LAT/LON1/LON2/DLON/H
  113   77   76   79   78   77   77   77   79   79   81   81   83   83   84   84
   86   84   86   84   86   84   85   82   84   81   82   78   80   76   78   74
   76   71   73   70   72   68   70   67   69   67   69   67   69   68   69   68
   70   70   71   71   72   73   74   74   75   75   75   76   76   76   76   76
   75   76   75   76   79   77   84   97  113                                   
    85.0-180.0 180.0   5.0 450.0                            LAT/LON1/LON2/DLON/H
   66   61   63   68   68   70   69   71   71   74   73   76   76   79   78   81
   80   83   82   83   82   83   81   81   79   79   77   76   74   73   70   69
   67   66   64   63   61   61   59   59   58   59   58   59   58   60   59   62
   61   64   63   66   65   68   66   70   68   71   68   71   68   71   67   70
   67   70   67   69   69   66   76   84   66                                   
    82.5-180.0 180.0   5.0 450.0                            LAT/LON1/LON2/DLON/H
   57   51   54   55   56   58   58   61   62   66   67   71   72   76   77   80
   81   84   83   85   83   85   81   82   78   79   74   75   69   70   64   64
   59   60   54   55   50   52   47   49   45   48   45   48   47   50   49   52
   52   56   56   59   60   63   63   65   65   67   66   67   66   67   66   65
   64   64   62   62   61   55   60   57   57                                   
    80.0-180.0 180.0   5.0 450.0                            LAT/LON1/LON2/DLON/H
   48   46   45   49   48   52   52   57   58   63   66   71   74   79   81   85
   87   90   90   92   90   91   87   88   82   83   76   77   70   71   64   65
   58   60   52   54   48   49   43   44   40   42   39   42   40   45   43   49
   48   53   52   57   57   61   61   63   64   66   67   66   67   67   66   65
   64   63   60   59   56   48   55   49   48                                   
    77.5-180.0 180.0   5.0 450.0                            LAT/LON1/LON2/DLON/H
   39   37   38   39   40   42   45   48   52   56   62   67   73   78   84   87
   91   92   96   95   96   94   93   89   86   82   79   75   71   68   65   61
   57   55   51   47   44   41   38   36   33   33   32   33   34   37   39   42
   44   47   50   52   56   57   60   61   64   64   66   66   67   66   66   64
   63   61   59   56   53   44   47   40   39                                   
    75.0-180.0 180.0   5.0 450.0                            LAT/LON1/LON2/DLON/H
   37   36   34   38   37   42   43   49   52   59   64   71   77   84   89   94
   97  100  102  102  101  100   96   94   88   86   80   77   72   70   66   63
   59   56   52   49   44   42   38   35   32   32   31   32   32   36   37   41
   42   46   47   50   51   54   54   56   57   60   60   62   61   63   62   62
   60   60   57   55   51   41   49   45   37                                   
    72.5-180.0 180.0   5.0 450.0                            LAT/LON1/LON2/DLON/H
   37   35   35   37   39   42   45   49   55   60   67   73   81   86   94   97
  103  104  107  106  106  104  102   97   92   86   83   77   74   70   68   64
   61   58   54   51   46   42   38   34   32   30   31   30   33   34   38   39
   42   43   47   46   50   49   52   51   54   53   57   55   60   57   61   57
   60   56   57   53   51   42   48   39   37                                   
    70.0-180.0 180.0   5.0 450.0                            LAT/LON1/LON2/DLON/H
   41   39   38   41   43   48   51   56   61   67   73   80   87   92   99  103
  108  110  112  111  111  107  105  100   94   88   82   79   74   72   69   66
   63   60   56   53   48   45   39   37   34   33   33   34   34   38   39   42
   42   45   44   45   44   45   44   45   45   47   47   49   50   53   53   54
   54   55   54   53   51   41   51   46   41                                   
    67.5-180.0 180.0   5.0 450.0                            LAT/LON1/LON2/DLON/H
   42   40   42   45   47   51   55   60   66   71   79   83   92   94  103  105
  111  111  116  114  114  110  108  102   96   89   84   78   75   71   70   66
   64   61   58   54   49   45   40   37   34   33   34   34   37   37   41   41
   43   42   43   41   40   39   39   38   39   39   42   42   46   46   50   49
   52   50   52   50   50   42   50   42   42                                   
    65.0-180.0 180.0   5.0 450.0                            LAT/LON1/LON2/DLON/H
   43   42   43   48   50   56   60   66   71   77   83   88   94   98  104  108
  113  115  118  119  118  115  112  106   99   92   85   80   75   73   70   67
   64   62   58   55   49   47   41   39   35   36   35   37   38   41   42   44
   42   43   40   39   35   35   32   33   32   35   35   38   39   42   43   45
   45   47   47   47   47   39   50   45   43                                   
    62.5-180.0 180.0   5.0 450.0                            LAT/LON1/LON2/DLON/H
   40   41   43   49   52   57   63   68   74   79   86   89   96   98  106  108
  115  116  122  121  122  119  116  110  102   95   89   83   79   75   72   68
   65   62   59   54   50   45   42   38   37   36   37   38   40   40   42   42
   40   38   35   32   29   27   25   25   26   27   30   32   35   36   39   39
   41   40   41   40   42   35   45   37   40                                   
    60.0-180.0 180.0   5.0 450.0                            LAT/LON1/LON2/DLON/H
   38   40   41   49   52   57   63   69   76   81   87   91   96  101  106  111
  116  120  124  126  126  125  121  117  109  101   93   87   82   79   75   72
   68   65   60   57   51   47   43   40   37   38   37   39   39   41   40   41
   37   36   31   29   24   23   21   22   22   26   27   30   31   34   34   35
   35   36   34   35   34   28   40   34   38                                   
    57.5-180.0 180.0   5.0 450.0                            LAT/LON1/LON2/DLON/H
   33   38   41   47   51   57   63   70   76   81   88   92   98  101  108  112
  118  121  127  129  131  128  126  121  114  107  101   95   90   86   83   79
   74   70   66   61   56   52   48   45   42   41   41   41   41   40   40   38
   35   31   29   24   22   19   20   19   23   23   28   27   31   30   33   31
   31   29   31   29   30   27   33   25   33                                   
    55.0-180.0 180.0   5.0 450.0                            LAT/LON1/LON2/DLON/H
   35   41   41   49   52   59   65   71   78   83   90   94  101  104  111  114
  120  124  130  132  134  133  131  126  122  114  108  102   98   95   92   88
   83   78   74   69   64   60   56   52   49   47   46   44   43   41   40   38
   33   32   28   25   23   21   22   23   24   27   29   30   31   31   31   30
   29   29   27   26   27   23   33   27   35                                   
    52.5-180.0 180.0   5.0 450.0                            LAT/LON1/LON2/DLON/H
   35   43   46   52   56   62   68   74   80   86   93   99  104  108  114  117
  123  125  131  132  136  134  133  129  125  120  116  112  110  107  105  100
   96   90   86   80   75   71   66   63   59   57   55   53   50   46   44   40
   37   33   32   28   28   25   27   27   30   30   34   33   34   32   33   31
   31   29   30   28   30   27   33   25   35                                   
    50.0-180.0 180.0   5.0 450.0                            LAT/LON1/LON2/DLON/H
   46   53   55   65   66   74   76   82   87   94  101  106  112  114  121  122
  127  127  133  134  137  136  136  132  130  125  123  120  118  117  115  111
  106  101   96   91   86   83   79   75   72   68   65   61   57   53   49   45
   42   39   37   36   34   34   34   36   37   39   39   40   38   38   35   36
   35   36   34   34   34   31   42   37   46                                   
    47.5-180.0 180.0   5.0 450.0                            LAT/LON1/LON2/DLON/H
   54   60   67   76   79   84   87   90   95  101  107  113  117  121  125  128
  130  130  134  134  136  135  136  133  130  128  128  126  127  125  125  120
  116  110  107  101   98   94   91   87   83   79   76   72   67   62   57   53
   51   48   48   45   45   44   46   47   48   48   48   47   44   42   42   42
   43   42   44   43   43   41   49   45   54                                   
    45.0-180.0 180.0   5.0 450.0                            LAT/LON1/LON2/DLON/H
   67   75   81   95   98  104  104  106  108  113  119  124  128  130  134  135
  137  136  138  138  140  139  139  137  134  133  132  133  132  133  130  127
  122  117  113  110  106  104  100   97   92   89   85   80   76   71   67   63
   60   59   58   58   56   58   57   58   57   58   56   54   51   51   49   52
   51   56   55   57   54   51   62   61   67                                   
    42.5-180.0 180.0   5.0 450.0                            LAT/LON1/LON2/DLON/H
   74   83   95  106  112  116  119  119  122  125  130  134  137  139  142  143
  144  142  145  143  145  142  144  140  138  136  137  137  138  136  135  130
  127  122  120  117  114  110  107  103   99   94   90   86   82   78   75   72
   71   69   70   69   70   69   70   69   69   67   65   62   60   57   59   59
   62   63   66   66   65   61   69   67   74                                   
    40.0-180.0 180.0   5.0 450.0                            LAT/LON1/LON2/DLON/H
   80   93  103  119  124  133  134  136  136  141  143  148  148  151  153  154
  155  154  155  155  156  155  153  150  146  145  144  145  142  143  139  136
  132  130  126  125  121  118  113  109  103   99   95   91   88   85   83   80
   79   78   78   78   78   78   77   77   75   74   70   69   66   67   66   69
   70   75   74   75   72   67   74   76   80                                   
    37.5-180.0 180.0   5.0 450.0                            LAT/LON1/LON2/DLON/H
   80   91  105  119  129  136  142  144  148  151  156  157  159  160  164  164
  166  164  170  167  169  164  165  158  155  153  154  153  151  149  148  145
  143  142  142  139  134  128  121  115  107  101   97   94   91   89   87   85
   84   83   82   83   83   83   84   83   81   78   77   74   73   71   73   73
   76   77   79   77   74   67   73   70   80                                   
    35.0-180.0 180.0   5.0 450.0                            LAT/LON1/LON2/DLON/H
   77   90  102  118  129  139  147  153  157  164  166  171  170  175  175  179
  179  182  184  187  185  185  179  176  169  170  167  167  163  163  161  161
  161  164  163  160  151  142  132  122  112  105  100   97   95   92   91   87
   85   83   82   81   82   84   84   85   83   82   80   79   76   77   77   78
   78   81   79   78   71   66   71   70   77                                   
    32.5-180.0 180.0   5.0 450.0                            LAT/LON1/LON2/DLON/H
   73   85   97  115  126  137  148  156  164  171  176  180  183  185  189  191
  194  195  200  201  202  199  195  190  186  186  185  185  182  183  184  186
  192  195  197  190  178  162  147  133  120  110  104  100   98   94   92   88
   85   81   79   78   79   82   84   85   84   83   82   81   81   80   80   79
   80   78   77   74   71   63   66   59   73                                   
    30.0-180.0 180.0   5.0 450.0                            LAT/LON1/LON2/DLON/H
   71   84   96  114  126  138  149  159  171  179  185  191  194  200  200  207
  206  211  212  217  214  216  209  208  204  207  208  210  208  212  216  226
  233  242  240  229  211  187  167  147  133  118  112  104  103   98   96   88
   84   79   77   76   77   81   83   86   84   85   82   82   82   82   81   82
   80   80   77   75   68   64   64   60   71                                   
    27.5-180.0 180.0   5.0 450.0                            LAT/LON1/LON2/DLON/H
   70   88   99  117  130  142  154  165  176  186  194  201  208  214  217  221
  222  224  226  227  227  224  222  219  221  224  230  234  238  245  257  270
  283  290  288  271  244  214  186  162  144  129  120  112  110  103  100   91
   85   78   75   74   78   84   88   89   88   87   86   86   85   85   83   83
   82   80   78   74   72   64   66   56   70                                   
    25.0-180.0 180.0   5.0 450.0                            LAT/LON1/LON2/DLON/H
   70   96  107  124  135  152  159  174  185  196  206  214  221  231  236  241
  242  244  245  245  242  240  236  236  238  246  252  262  268  283  297  315
  325  331  326  306  275  237  204  174  155  138  131  123  122  114  112  101
   96   86   83   81   85   92   95   98   95   94   91   90   88   87   85   86
   85   84   82   80   76   74   73   67   70                                   
    22.5-180.0 180.0   5.0 450.0                            LAT/LON1/LON2/DLON/H
   73  105  118  132  145  158  167  182  192  202  213  223  235  246  256  263
  264  267  264  264  257  253  250  251  257  264  275  285  298  313  333  347
  359  358  350  326  294  251  215  183  162  147  139  132  130  125  124  115
  109   99   97   95  100  104  108  107  105  100   98   96   95   93   90   90
   88   89   88   86   84   77   80   72   73                                   
    20.0-180.0 180.0   5.0 450.0                            LAT/LON1/LON2/DLON/H
   85  120  135  149  157  171  178  192  201  213  224  234  249  262  277  284
  290  290  290  286  281  276  273  278  284  296  303  318  328  349  363  374
  380  376  363  336  304  258  221  185  165  150  145  141  142  140  142  133
  129  119  117  113  116  119  120  118  114  109  104  101   99   96   95   95
   94   96   95   95   91   88   93   82   85                                   
    17.5-180.0 180.0   5.0 450.0                            LAT/LON1/LON2/DLON/H
   92  128  144  160  171  182  190  202  211  224  237  249  265  279  297  304
  315  317  317  314  307  302  300  306  314  322  331  343  360  376  390  393
  398  391  375  343  308  263  223  193  172  159  152  150  150  152  156  152
  147  140  136  133  134  134  132  128  121  115  109  106  104  103  100  100
   98  100  100   98   94   88   93   89   92                                   
    15.0-180.0 180.0   5.0 450.0                            LAT/LON1/LON2/DLON/H
  103  139  157  175  187  201  210  224  231  248  257  274  291  308  321  332
  342  347  352  350  346  342  340  347  352  361  362  378  387  400  403  405
  402  393  373  340  305  263  225  197  178  164  160  159  164  169  175  174
  170  163  159  155  153  149  145  138  130  120  114  108  106  104  104  104
  101  105  104  104   98   92   96   89  103                                   
    12.5-180.0 180.0   5.0 450.0                            LAT/LON1/LON2/DLON/H
   98  135  155  176  194  210  224  237  249  263  277  295  316  331  349  358
  371  377  385  386  383  382  381  388  393  397  397  404  411  415  415  410
  404  391  369  337  306  269  235  210  192  176  169  168  174  182  189  193
  190  187  180  177  170  167  157  149  136  126  116  112  108  107  107  105
  102  105  105  102   94   88   87   89   98                                   
    10.0-180.0 180.0   5.0 450.0                            LAT/LON1/LON2/DLON/H
   96  134  154  178  197  219  234  252  262  280  293  316  336  355  370  382
  391  398  404  411  412  416  419  430  436  438  431  434  431  433  426  416
  404  388  366  337  310  281  254  232  213  198  187  186  192  201  207  211
  207  202  195  189  181  175  163  154  139  128  117  111  107  105  106  105
  101  104  101   99   89   81   81   75   96                                   
     7.5-180.0 180.0   5.0 450.0                            LAT/LON1/LON2/DLON/H
   84  125  147  171  197  221  242  259  275  292  311  336  359  378  395  405
  413  425  432  441  445  454  459  469  469  467  456  454  448  444  435  423
