data/unet/pred0600.15i
     1.0            IONOSPHERE MAPS     GNSS                IONEX VERSION / TYPE
pyspatialgeodesy        IME             05-JAN-18 20:20     PGM / RUN BY / DATE 
Map Name                                                    COMMENT             
Predicted global ionosphere maps (GIM).                     DESCRIPTION         
  2015     3     1     0     0     0                        EPOCH OF FIRST MAP  
  2015     3     2     0     0     0                        EPOCH OF LAST MAP   
  7200                                                      INTERVAL            
    13                                                      # OF MAPS IN FILE   
  NONE                                                      MAPPING FUNCTION    
10.0                                                        ELEVATION CUTOFF    
One-way carrier phase leveled to code                       OBSERVABLES USED    
  6371.0                                                    BASE RADIUS         
 2                                                          MAP DIMENSION       
   450.0 450.0   0.0                                        HGT1 / HGT2 / DHGT  
    87.5 -87.5  -2.5                                        LAT1 / LAT2 / DLAT  
  -180.0 180.0   5.0                                        LON1 / LON2 / DLON  
    -1                                                      EXPONENT            
                                                            END OF HEADER       
[from data line 1287]
     4                                                      START OF TEC MAP    
  2015     3     1     6     0     0                        EPOCH OF CURRENT MAP
    87.5-180.0 180.0   5.0 450.0                            LAT/LON1/LON2/DLON/H
  117  148  152  151  151  146  148  144  146  143  145  142  144  141  143  140
  141  140  141  141  142  143  146  146  150  150  154  153  152  151  149  150
  147  149  148  149  148  149  149  150  150  151  151  152  151  154  155  158
  158  162  163  165  166  167  169  168  169  167  169  166  167  164  165  163
  163  162  160  159  159  158  164  136  117                                   
    85.0-180.0 180.0   5.0 450.0                            LAT/LON1/LON2/DLON/H
  142  155  134  143  140  138  139  139  140  139  142  141  142  141  142  141
  140  139  138  137  135  133  134  130  131  128  131  127  127  124  125  123
  124  122  125  123  126  124  128  127  129  130  134  137  137  143  145  153
  153  161  164  169  170  173  176  177  178  178  179  177  177  174  174  169
  169  164  161  158  157  142  165  145  142                                   
    82.5-180.0 180.0   5.0 450.0                            LAT/LON1/LON2/DLON/H
  137  131  117  117  117  115  118  118  120  122  124  126  127  128  129  129
  129  127  128  125  126  121  123  118  120  115  118  114  116  113  115  114
  115  115  117  118  119  122  123  124  126  128  134  137  141  147  155  160
  167  173  181  185  191  193  197  196  198  195  197  193  193  187  186  179
  176  167  161  152  147  138  139  130  137                                   
    80.0-180.0 180.0   5.0 450.0                            LAT/LON1/LON2/DLON/H
  142  135  112  106  107  103  110  106  112  111  117  119  122  126  127  130
  130  130  131  126  125  117  118  110  112  105  109  102  107  101  108  102
  109  105  112  108  116  114  122  120  127  128  138  140  149  155  164  172
  181  190  201  207  215  219  225  226  228  228  228  226  224  219  216  207
  203  190  181  169  159  141  141  133  142                                   
    77.5-180.0 180.0   5.0 450.0                            LAT/LON1/LON2/DLON/H
  135  123  102   99   93   95   96   98  100  103  107  112  114  119  121  124
  123  124  122  120  116  114  109  107  101  100   95   96   93   96   94  100
   97  104  101  109  105  114  111  120  120  128  134  141  151  158  170  178
  194  203  217  224  234  240  248  253  257  259  261  260  260  255  252  243
  235  219  205  188  176  155  147  138  135                                   
    75.0-180.0 180.0   5.0 450.0                            LAT/LON1/LON2/DLON/H
  138  123   98   88   80   78   79   82   81   89   88   99   95  109  104  116
  108  120  111  118  108  109  102   99   94   89   91   85   89   85   93   91
   99   97  104  101  108  105  113  111  120  122  134  139  153  159  175  185
  204  214  232  240  254  262  274  279  284  287  289  286  284  279  274  267
  261  246  231  210  194  170  158  147  138                                   
    72.5-180.0 180.0   5.0 450.0                            LAT/LON1/LON2/DLON/H
  142  124  103   91   80   76   77   76   78   77   83   83   89   90   98   97
  102   99  102   97   95   91   87   84   80   79   79   78   79   82   85   90
   91   97   96  102  100  105  104  111  111  122  129  144  155  169  183  197
  213  227  244  255  270  281  292  300  304  307  306  306  301  296  289  281
  275  266  255  239  222  195  178  158  142                                   
    70.0-180.0 180.0   5.0 450.0                            LAT/LON1/LON2/DLON/H
  152  132  107   94   81   76   72   75   73   79   81   86   86   92   90   95
   89   95   87   94   81   87   77   82   77   78   79   78   82   82   89   88
   93   93   98   97  101   99  105  103  112  116  133  143  165  176  197  209
  227  239  255  265  275  286  294  302  305  308  306  304  300  297  292  286
  280  270  265  252  243  215  195  175  152                                   
    67.5-180.0 180.0   5.0 450.0                            LAT/LON1/LON2/DLON/H
  161  142  121  100   89   81   82   83   86   87   92   92   96   94   99   93
   95   88   90   84   82   79   77   76   74   75   76   79   80   83   85   88
   87   89   88   89   89   91   93   99  103  118  130  152  168  188  203  223
  237  251  263  273  280  288  294  296  300  299  299  292  290  281  280  274
  273  265  263  255  250  227  206  186  161                                   
    65.0-180.0 180.0   5.0 450.0                            LAT/LON1/LON2/DLON/H
  171  154  131  109   96   88   85   84   85   87   91   92   92   95   95   94
   91   89   85   85   80   82   79   80   79   81   83   84   86   86   88   87
   86   86   85   85   85   87   93   98  112  124  146  161  186  198  223  236
  255  264  276  281  285  286  288  292  294  295  294  290  286  281  276  270
  268  260  259  250  249  232  217  199  171                                   
    62.5-180.0 180.0   5.0 450.0                            LAT/LON1/LON2/DLON/H
  183  164  141  121  108   95   92   86   89   87   91   91   91   95   94   96
   94   93   92   87   90   83   87   82   84   82   83   82   82   82   81   79
   76   71   70   66   69   71   80   92  109  129  149  171  189  209  228  250
  264  276  284  286  287  282  286  283  291  287  290  280  281  272  269  261
  257  248  247  241  242  229  216  204  183                                   
    60.0-180.0 180.0   5.0 450.0                            LAT/LON1/LON2/DLON/H
  193  171  146  127  110   97   91   87   90   86   95   89   93   93   96   98
   96   96   94   94   93   92   92   90   89   88   87   86   83   82   79   75
   70   66   62   59   61   67   77   96  117  140  162  181  203  222  244  261
  280  286  294  293  293  291  291  292  294  294  291  287  282  274  269  259
  255  245  242  235  234  225  221  210  193                                   
    57.5-180.0 180.0   5.0 450.0                            LAT/LON1/LON2/DLON/H
  201  176  155  134  116  101   95   88   91   87   95   92   97   98  100  102
  103  102  101   98   98   94   97   90   94   86   87   81   80   75   72   65
   60   54   52   49   54   59   74   93  120  141  166  185  206  232  251  273
  285  299  302  304  302  299  299  299  303  304  303  302  296  292  280  272
  261  250  244  236  234  226  219  212  201                                   
    55.0-180.0 180.0   5.0 450.0                            LAT/LON1/LON2/DLON/H
  214  189  167  147  130  108  100   89   93   85   96   89   98   97  103  103
  104  101  101   99   97   96   98   93   96   89   89   83   78   73   69   64
   59   55   54   51   58   64   82  105  129  154  175  194  214  240  261  283
  297  310  316  319  319  319  317  319  321  322  321  319  314  308  297  286
  275  262  252  243  236  230  227  220  214                                   
    52.5-180.0 180.0   5.0 450.0                            LAT/LON1/LON2/DLON/H
  232  206  190  167  148  122  110   97   94   88   93   90   98   98  105  105
  106  104  104  102  100  100  101   97   97   88   89   79   77   69   67   60
   57   51   54   53   62   70   90  113  140  160  185  203  225  253  273  295
  310  323  331  337  339  340  339  341  341  344  344  343  338  330  318  309
  296  286  272  261  253  241  236  229  232                                   
    50.0-180.0 180.0   5.0 450.0                            LAT/LON1/LON2/DLON/H
  250  225  210  189  172  142  125  104  102   89   96   88  100   98  107  105
  106  103  102   99  101   99  103   97  100   90   92   82   81   74   72   68
   66   63   65   65   74   84  105  128  154  173  195  211  238  261  285  305
  321  336  344  354  355  358  355  358  358  360  360  358  355  347  335  325
  311  297  283  269  261  247  247  240  250                                   
    47.5-180.0 180.0   5.0 450.0                            LAT/LON1/LON2/DLON/H
  268  246  236  212  196  164  144  120  112  100   99   95   99  100  104  103
  102   98   98   97   99  101  103  102  101   96   94   86   85   77   78   71
   72   68   76   77   88   97  119  142  166  185  205  226  252  277  299  319
  336  350  363  369  374  373  374  371  373  371  374  369  368  359  350  339
  326  311  297  283  272  258  251  246  268                                   
    45.0-180.0 180.0   5.0 450.0                            LAT/LON1/LON2/DLON/H
  271  253  246  228  214  183  165  133  126  106  108   98  107  102  109  103
  106  100  101  100  103  104  109  105  109   99  101   93   93   88   87   83
   84   84   90   94  102  113  135  155  182  197  222  242  268  288  311  330
  347  363  373  383  385  386  382  379  377  376  375  370  367  357  348  337
  324  308  294  282  271  252  253  245  271                                   
    42.5-180.0 180.0   5.0 450.0                            LAT/LON1/LON2/DLON/H
  269  252  250  234  224  195  180  152  141  126  122  116  116  115  111  110
  106  104  104  106  110  114  118  118  119  115  113  108  105   99   98   92
   97   96  107  109  119  132  150  174  194  213  237  261  285  306  327  342
  361  371  384  387  392  388  387  381  379  373  371  364  359  350  339  329
  317  303  291  277  268  250  242  235  269                                   
    40.0-180.0 180.0   5.0 450.0                            LAT/LON1/LON2/DLON/H
  253  235  234  225  221  196  190  162  159  135  137  124  129  121  124  116
  118  112  117  117  124  126  133  129  132  124  123  116  113  106  101   98
   99  103  110  119  126  140  164  182  208  227  256  276  301  320  339  354
  368  382  390  400  400  401  393  390  385  380  373  366  359  351  336  329
  313  302  287  277  264  237  233  225  253                                   
    37.5-180.0 180.0   5.0 450.0                            LAT/LON1/LON2/DLON/H
  236  216  211  203  203  182  181  163  161  151  149  144  141  138  133  132
  128  130  131  136  139  143  144  143  142  138  134  129  122  114  104  100
   98  104  109  122  129  149  167  195  215  242  270  291  316  331  351  359
  376  383  396  399  406  405  405  402  402  396  390  384  375  367  353  342
  329  316  301  286  271  240  229  219  236                                   
    35.0-180.0 180.0   5.0 450.0                            LAT/LON1/LON2/DLON/H
  216  196  182  174  178  160  168  150  162  148  159  148  154  144  148  140
  146  143  151  151  159  156  161  154  156  148  147  136  131  116  107   98
   95   97  105  112  125  141  171  196  228  251  282  302  325  341  358  367
  380  392  406  417  425  429  427  429  429  430  427  423  415  407  389  380
  362  355  331  315  289  253  239  230  216                                   
    32.5-180.0 180.0   5.0 450.0                            LAT/LON1/LON2/DLON/H
  213  181  164  153  150  138  142  136  147  146  153  154  155  154  152  154
  156  162  165  170  169  168  164  161  157  155  150  145  136  125  112  104
   97   99  101  112  121  144  169  202  228  260  287  311  333  350  366  374
  390  398  420  430  449  451  460  459  467  471  477  480  476  472  457  444
  426  413  391  371  339  298  263  248  213                                   
    30.0-180.0 180.0   5.0 450.0                            LAT/LON1/LON2/DLON/H
  234  181  157  143  137  122  124  116  131  129  143  143  154  149  158  155
  167  167  178  174  178  167  169  160  164  159  163  153  150  132  124  109
  106   98  103  105  119  135  169  198  233  259  290  314  338  356  373  383
  401  415  439  458  481  489  500  505  521  530  543  551  558  556  544  532
  509  494  468  447  414  361  313  296  234                                   
    27.5-180.0 180.0   5.0 450.0                            LAT/LON1/LON2/DLON/H
  282  209  182  158  145  132  124  118  121  125  132  138  143  146  151  157
  165  173  179  179  174  168  161  161  162  169  169  167  158  147  132  121
  109  107  100  107  115  137  165  204  232  258  287  316  340  362  380  396
  420  441  475  498  528  542  563  569  592  607  629  646  661  670  665  647
  625  602  575  543  509  455  386  364  282                                   
    25.0-180.0 180.0   5.0 450.0                            LAT/LON1/LON2/DLON/H
  361  274  223  193  169  151  137  125  128  123  130  132  141  140  150  151
  165  166  175  167  165  153  156  156  169  172  183  178  179  164  154  136
  130  124  123  114  120  132  162  199  235  260  287  318  343  368  389  415
  445  483  524  560  596  618  631  643  662  684  707  733  752  764  764  748
  731  710  684  656  619  558  496  454  361                                   
    22.5-180.0 180.0   5.0 450.0                            LAT/LON1/LON2/DLON/H
  452  373  316  268  227  204  178  164  151  144  138  139  140  141  143  146
  153  156  159  155  149  145  148  160  174  186  196  195  197  171  149  139
  126  127  116  119  125  133  161  197  234  264  294  326  351  383  404  443
  481  531  579  627  660  681  696  712  726  755  772  802  823  839  838  825
  812  792  775  742  709  666  609  546  452                                   
    20.0-180.0 180.0   5.0 450.0                            LAT/LON1/LON2/DLON/H
  544  474  419  372  326  285  243  221  201  183  172  161  159  151  154  148
  155  149  154  144  143  140  151  164  186  197  211  215  205  180  165  156
  137  130  120  118  130  132  158  193  233  268  300  336  366  401  431  479
  526  579  634  674  707  729  744  755  772  793  817  846  867  879  872  858
  850  835  823  797  767  723  687  641  544                                   
    17.5-180.0 180.0   5.0 450.0                            LAT/LON1/LON2/DLON/H
  620  569  521  473  434  392  346  310  279  253  224  203  188  173  164  156
  153  148  148  140  140  142  159  177  202  211  226  218  205  185  167  154
  137  129  123  114  123  133  160  190  230  269  305  348  380  421  450  509
  557  617  661  702  729  751  762  777  790  812  828  854  869  878  871  862
  857  849  845  830  807  772  739  704  620                                   
    15.0-180.0 180.0   5.0 450.0                            LAT/LON1/LON2/DLON/H
  671  621  587  544  511  472  434  400  366  335  304  269  239  216  202  189
  178  166  160  150  148  151  169  192  217  232  243  229  212  191  171  159
  142  129  118  109  118  131  157  190  231  271  312  358  399  437  475  528
  580  627  671  702  727  747  756  772  782  801  812  831  837  838  834  819
  821  817  824  820  813  786  763  743  671                                   
    12.5-180.0 180.0   5.0 450.0                            LAT/LON1/LON2/DLON/H
  684  657  633  590  560  521  487  463  439  411  375  340  309  274  250  227
  212  194  186  171  172  171  194  210  239  254  252  232  213  185  167  150
  144  128  120  107  113  131  161  190  231  273  317  364  404  446  482  539
  588  627  660  689  708  724  730  749  757  778  785  800  797  798  787  782
  777  785  791  799  795  784  763  750  684                                   
    10.0-180.0 180.0   5.0 450.0                            LAT/LON1/LON2/DLON/H
  687  668  648  616  585  550  519  497  486  468  440  406  370  344  311  282
  257  239  222  211  203  207  221  241  265  273  260  233  203  177  157  143
  135  114  109   93  107  129  158  191  231  272  317  363  410  447  491  538
  584  611  634  655  672  680  689  698  713  728  743  749  755  746  745  735
  741  743  756  760  768  762  750  742  687                                   
     7.5-180.0 180.0   5.0 450.0                            LAT/LON1/LON2/DLON/H
  678  670  656  620  589  551  526  509  503  493  478  451  422  393  368  338
  313  288  271  249  240  229  247  255  280  273  260  222  194  165  145  134
