data/unet/pred0850.15i
     1.0            IONOSPHERE MAPS     GNSS                IONEX VERSION / TYPE
pyspatialgeodesy        IME             05-JAN-18 20:20     PGM / RUN BY / DATE 
Map Name                                                    COMMENT             
Predicted global ionosphere maps (GIM).                     DESCRIPTION         
  2015     3    26     0     0     0                        EPOCH OF FIRST MAP  
  2015     3    27     0     0     0                        EPOCH OF LAST MAP   
  7200                                                      INTERVAL            
    13                                                      # OF MAPS IN FILE   
  NONE                                                      MAPPING FUNCTION    
10.0                                                        ELEVATION CUTOFF    
One-way carrier phase leveled to code                       OBSERVABLES USED    
  6371.0                                                    BASE RADIUS         
 2                                                          MAP DIMENSION       
   450.0 450.0   0.0                                        HGT1 / HGT2 / DHGT  
    87.5 -87.5  -2.5                                        LAT1 / LAT2 / DLAT  
  -180.0 180.0   5.0                                        LON1 / LON2 / DLON  
    -1                                                      EXPONENT            
                                                            END OF HEADER       
[from data line 3003]
     8                                                      START OF TEC MAP    
  2015     3    26    14     0     0                        EPOCH OF CURRENT MAP
    87.5-180.0 180.0   5.0 450.0                            LAT/LON1/LON2/DLON/H
  155  181  190  193  194  198  200  205  207  212  215  216  219  218  222  219
  224  219  226  220  226  219  225  217  222  213  219  209  214  204  208  200
  203  198  198  195  193  192  190  188  186  186  185  184  184  184  185  184
  185  185  187  185  187  186  188  187  187  186  186  185  185  184  183  183
  182  183  183  184  184  186  198  155  155                                   
    85.0-180.0 180.0   5.0 450.0                            LAT/LON1/LON2/DLON/H
  162  173  179  185  189  194  200  203  209  213  218  221  223  227  228  232
  231  235  234  238  236  238  237  237  235  235  232  230  228  225  222  217
  215  210  208  201  198  193  189  185  182  179  178  176  176  175  177  176
  179  177  181  178  182  178  182  177  180  176  177  173  175  171  172  169
  171  169  172  171  175  172  178  162  162                                   
    82.5-180.0 180.0   5.0 450.0                            LAT/LON1/LON2/DLON/H
  149  149  156  163  166  176  181  190  195  203  207  212  216  220  222  226
  228  230  232  234  236  236  238  236  238  236  239  235  238  233  234  229
  226  220  215  207  200  192  185  179  173  170  165  164  161  163  160  164
  161  166  163  168  163  168  163  166  161  163  158  159  155  155  151  152
  149  151  148  152  150  148  158  138  149                                   
    80.0-180.0 180.0   5.0 450.0                            LAT/LON1/LON2/DLON/H
  126  124  129  136  139  147  154  162  169  175  181  187  191  196  198  204
  206  211  213  217  219  222  224  226  228  228  230  231  231  231  229  227
  223  218  211  205  196  189  180  172  164  158  153  151  150  148  150  149
  153  154  157  159  161  162  162  162  161  160  158  156  152  150  146  143
  140  136  134  131  128  125  127  122  126                                   
    77.5-180.0 180.0   5.0 450.0                            LAT/LON1/LON2/DLON/H
  107  108  109  115  118  126  133  142  148  157  160  169  171  177  179  184
  187  192  196  201  204  209  212  217  218  222  224  228  232  232  234  231
  231  224  221  210  204  191  183  170  163  155  152  147  147  145  147  148
  151  155  156  161  160  165  161  167  161  164  157  159  150  150  139  140
  129  129  119  120  110  108  110  108  107                                   
    75.0-180.0 180.0   5.0 450.0                            LAT/LON1/LON2/DLON/H
  104   96   98  102  107  112  119  125  133  138  146  149  155  157  163  165
  171  174  181  184  191  192  200  201  208  211  219  226  232  236  240  238
  239  233  231  219  215  201  194  183  176  168  163  158  156  155  157  158
  162  165  168  170  172  173  173  173  171  170  167  164  160  154  148  140
  134  128  122  114  109  102  105  103  104                                   
    72.5-180.0 180.0   5.0 450.0                            LAT/LON1/LON2/DLON/H
  102   99   95   99  100  106  112  120  123  131  135  141  145  149  154  157
  163  167  173  178  184  190  195  203  207  216  221  232  236  245  246  250
  249  247  245  236  232  220  214  203  196  188  183  178  175  174  174  176
  178  179  180  181  180  180  176  177  172  173  165  166  156  155  144  141
  130  127  118  114  106  101  103  105  102                                   
    70.0-180.0 180.0   5.0 450.0                            LAT/LON1/LON2/DLON/H
  102   94   93   96   98  101  107  111  118  122  130  132  140  140  149  149
  158  160  171  173  183  188  197  202  211  219  229  238  246  255  258  262
  263  261  258  250  247  236  232  221  216  207  205  200  198  197  197  195
  196  193  191  186  181  176  173  167  166  160  158  152  150  144  140  133
  128  121  117  109  106   97  103  102  102                                   
    67.5-180.0 180.0   5.0 450.0                            LAT/LON1/LON2/DLON/H
   98   95   92   96   96  101  105  111  114  121  124  131  135  141  146  152
  157  163  171  180  189  199  208  218  225  235  239  251  253  265  265  271
  269  270  267  262  261  253  249  240  236  230  227  223  221  219  217  213
  210  204  198  188  180  168  161  153  148  145  137  138  129  131  121  121
  113  113  105  105   97   95   98   97   98                                   
    65.0-180.0 180.0   5.0 450.0                            LAT/LON1/LON2/DLON/H
   92   86   85   89   91   95   98  103  107  113  118  126  131  137  142  146
  154  162  173  183  194  204  213  221  230  238  247  252  261  268  273  277
  278  279  280  276  276  269  268  260  259  253  253  249  247  243  239  231
  224  213  202  186  172  156  144  133  127  120  117  112  111  108  104  102
   97   96   93   89   88   85   89   86   92                                   
    62.5-180.0 180.0   5.0 450.0                            LAT/LON1/LON2/DLON/H
   81   75   74   82   84   91   94  100  101  109  113  122  126  135  139  146
  154  164  175  186  197  210  219  230  236  246  250  260  263  275  275  284
  283  288  287  288  288  285  284  280  278  275  272  270  265  260  252  242
  233  218  205  183  169  146  134  118  111  105   97   98   90   93   84   87
   80   83   77   78   73   73   77   72   81                                   
    60.0-180.0 180.0   5.0 450.0                            LAT/LON1/LON2/DLON/H
   68   58   58   65   71   77   81   85   88   96  100  110  116  125  132  139
  148  158  170  184  195  210  218  227  234  240  247  252  262  270  278  285
  292  294  299  298  303  302  304  302  301  299  297  294  288  279  267  253
  242  224  207  184  165  145  128  112  102   92   89   84   82   79   76   74
   69   69   66   63   62   59   62   53   68                                   
    57.5-180.0 180.0   5.0 450.0                            LAT/LON1/LON2/DLON/H
   55   46   44   54   56   66   69   76   79   87   92  102  108  119  125  136
  145  157  167  182  193  209  217  230  232  241  246  256  263  276  283  295
  299  307  307  312  314  319  320  323  321  321  315  312  301  292  277  262
  248  231  215  192  176  155  140  122  111  104   96   94   85   84   73   74
   63   66   58   59   53   54   52   43   55                                   
    55.0-180.0 180.0   5.0 450.0                            LAT/LON1/LON2/DLON/H
   49   41   37   41   45   51   56   60   66   72   80   89   98  108  118  129
  139  153  163  182  191  210  215  227  230  239  246  255  266  278  292  304
  314  319  325  326  332  335  341  342  343  339  335  328  318  306  291  277
  260  243  229  210  193  177  162  146  135  124  119  112  107   99   91   85
   79   76   72   66   63   58   52   41   49                                   
    52.5-180.0 180.0   5.0 450.0                            LAT/LON1/LON2/DLON/H
   65   50   42   47   45   52   52   57   60   69   76   88   96  107  117  132
  142  159  169  188  197  215  220  235  237  250  257  272  284  301  313  328
  337  343  345  348  351  355  359  362  361  357  352  345  332  320  306  293
  278  263  250  233  219  203  190  178  167  158  149  144  135  129  116  109
   96   96   86   85   79   74   68   61   65                                   
    50.0-180.0 180.0   5.0 450.0                            LAT/LON1/LON2/DLON/H
   87   69   59   58   55   54   52   52   55   61   70   80   92  104  115  132
  145  166  179  201  209  229  231  249  251  268  275  291  305  320  335  349
  359  364  368  370  375  377  381  381  380  373  370  361  350  337  323  311
  300  288  275  259  245  231  216  204  194  184  179  173  169  160  153  140
  131  121  116  109  108   97   91   88   87                                   
    47.5-180.0 180.0   5.0 450.0                            LAT/LON1/LON2/DLON/H
  115   95   83   79   73   71   65   63   61   67   74   86   96  109  120  141
  154  180  192  214  223  240  248  269  276  295  304  322  336  351  365  378
  386  390  391  392  395  395  396  395  393  388  382  375  363  351  338  328
  318  308  295  280  263  247  228  217  205  199  193  192  187  183  175  168
  155  149  140  137  133  131  127  128  115                                   
    45.0-180.0 180.0   5.0 450.0                            LAT/LON1/LON2/DLON/H
  138  129  113  104   94   87   78   72   68   71   78   88   97  112  124  147
  164  191  205  228  236  259  267  293  301  321  335  349  363  374  384  396
  401  408  411  416  417  418  416  415  410  406  400  392  382  368  356  344
  334  322  307  289  268  249  227  212  200  195  194  194  195  193  192  184
  177  169  164  159  161  157  157  156  138                                   
    42.5-180.0 180.0   5.0 450.0                            LAT/LON1/LON2/DLON/H
  155  152  139  131  122  110   99   90   83   84   90   99  107  121  134  158
  175  203  217  239  249  273  289  312  325  347  357  373  381  393  397  408
  413  423  429  436  439  439  436  432  426  421  414  406  395  383  368  357
  345  332  312  291  264  236  213  195  183  179  179  185  188  191  189  188
  180  177  169  171  172  175  180  180  155                                   
    40.0-180.0 180.0   5.0 450.0                            LAT/LON1/LON2/DLON/H
  163  165  153  148  138  126  111   99   92   92   98  107  115  131  143  171
  186  214  225  249  259  287  301  327  339  359  371  382  390  397  400  412
  421  438  450  462  466  467  461  457  448  443  435  428  419  406  390  375
  358  338  313  287  255  226  197  175  162  155  159  164  174  177  183  180
  180  171  169  164  169  174  180  181  163                                   
    37.5-180.0 180.0   5.0 450.0                            LAT/LON1/LON2/DLON/H
  159  155  150  148  141  134  121  110  101  102  109  117  126  140  156  179
  198  220  238  257  272  296  315  336  350  368  375  385  389  398  403  420
  438  460  477  490  497  498  494  487  478  468  460  449  439  427  412  395
  376  354  327  299  265  233  204  181  163  152  150  155  162  167  168  171
  165  163  153  155  152  161  174  170  159                                   
    35.0-180.0 180.0   5.0 450.0                            LAT/LON1/LON2/DLON/H
  145  138  131  131  129  125  118  109  104  107  116  128  140  156  169  196
  208  231  241  264  278  305  323  340  352  366  374  383  390  401  416  438
  464  489  513  528  540  543  542  533  521  509  497  483  472  458  444  427
  405  386  359  336  304  271  237  213  196  182  172  166  163  159  162  162
  163  155  149  139  140  140  151  143  145                                   
    32.5-180.0 180.0   5.0 450.0                            LAT/LON1/LON2/DLON/H
  129  123  117  119  118  118  112  108  105  111  118  131  146  163  182  201
  222  236  255  269  292  312  332  347  361  373  380  392  404  424  446  472
  502  530  561  583  599  604  597  585  570  555  539  524  512  500  490  472
  455  435  418  399  370  340  310  284  267  254  251  242  228  210  195  186
  177  168  154  143  132  132  133  129  129                                   
    30.0-180.0 180.0   5.0 450.0                            LAT/LON1/LON2/DLON/H
  108  108  103  105  101  103   97   96   96  104  116  135  153  177  195  217
  231  248  260  283  302  328  344  359  369  382  392  414  430  453  479  509
  546  583  621  648  668  671  664  643  624  603  587  569  559  541  534  517
  510  492  485  472  459  437  417  393  377  358  342  319  289  262  233  229
  216  207  191  168  148  137  131  117  108                                   
    27.5-180.0 180.0   5.0 450.0                            LAT/LON1/LON2/DLON/H
   95  114  105  101  101   99   95   94   91  100  108  127  145  173  196  221
  242  255  278  299  326  346  365  377  390  400  414  431  461  483  522  563
  607  651  691  720  734  731  719  701  678  658  636  625  609  604  596  595
  587  587  587  588  585  569  549  526  507  480  449  416  373  340  296  280
  256  254  244  217  185  164  157  124   95                                   
    25.0-180.0 180.0   5.0 450.0                            LAT/LON1/LON2/DLON/H
   98  117  104   93   90   86   88   86   83   86   97  117  138  168  197  226
  246  269  290  321  348  374  393  402  408  413  432  455  489  528  585  633
  679  720  755  768  778  769  757  737  721  705  690  675  665  655  652  649
  652  660  675  684  687  678  663  635  610  582  550  527  481  431  375  350
  307  296  261  233  204  185  184  143   98                                   
    22.5-180.0 180.0   5.0 450.0                            LAT/LON1/LON2/DLON/H
  132  152  142  120  106   94   86   83   84   87   92  102  126  156  189  223
  254  281  312  343  380  403  425  426  436  439  463  494  543  592  652  702
  745  782  801  808  815  796  784  764  757  744  733  724  713  711  712  718
  729  743  753  762  761  755  733  697  660  631  593  566  529  497  463  421
  381  359  322  290  251  228  216  171  132                                   
    20.0-180.0 180.0   5.0 450.0                            LAT/LON1/LON2/DLON/H
  171  180  153  135  120  117  102   91   87   82   87   98  116  154  190  228
  257  292  325  369  407  438  451  453  459  477  505  544  598  646  705  746
  789  804  819  828  825  813  799  789  791  788  785  778  771  771  776  786
  784  796  792  794  780  771  747  711  687  653  622  597  567  540  504  491
  453  435  392  364  323  294  276  219  171                                   
    17.5-180.0 180.0   5.0 450.0                            LAT/LON1/LON2/DLON/H
  210  205  173  149  139  126  124  111  102   94   90   94  114  149  188  225
  261  298  340  380  429  453  469  471  489  516  546  589  637  699  739  785
  811  821  834  826  826  810  811  810  827  832  837  832  825  824  823  820
  817  808  796  777  756  715  684  649  632  603  591  576  570  551  532  507
  487  464  449  415  375  339  312  258  210                                   
    15.0-180.0 180.0   5.0 450.0                            LAT/LON1/LON2/DLON/H
  235  219  192  168  151  137  127  121  113  100   92   96  109  149  193  231
  271  308  351  401  441  466  474  487  515  546  583  622  679  728  767  797
  814  816  817  807  802  797  803  814  838  849  861  860  855  855  850  846
  825  802  764  731  679  634  606  569  549  539  544  554  559  554  539  518
  496  487  468  438  401  365  329  296  235                                   
    12.5-180.0 180.0   5.0 450.0                            LAT/LON1/LON2/DLON/H
  249  236  207  187  165  149  143  133  123  114  106  103  109  149  190  232
  264  310  351  395  441  454  473  497  534  569  609  663  704  752  784  799
  814  806  808  794  796  792  804  827  855  873  880  881  872  871  866  849
  822  773  718  628  559  499  469  450  443  455  472  512  512  529  492  492
  463  469  449  437  400  370  339  304  249                                   
    10.0-180.0 180.0   5.0 450.0                            LAT/LON1/LON2/DLON/H
  242  233  211  187  171  161  149  140  127  116  115  116  125  163  207  247
  281  320  362  397  431  450  477  511  552  590  642  687  728  763  790  789
  788  787  784  783  782  791  811  832  863  877  885  882  874  874  865  844
  812  748  659  536  466  406  375  347  351  374  412  452  470  483  458  448
  427  425  420  411  394  366  340  304  242                                   
     7.5-180.0 180.0   5.0 450.0                            LAT/LON1/LON2/DLON/H
  225  233  207  185  171  157  158  149  133  120  112  127  134  172  218  255
  287  322  354  381  414  432  473  517  565  619  665  709  747  773  787  778
