data/unet/pred3370.15i
     1.0            IONOSPHERE MAPS     GNSS                IONEX VERSION / TYPE
pyspatialgeodesy        IME             05-JAN-18 20:20     PGM / RUN BY / DATE 
Map Name                                                    COMMENT             
Predicted global ionosphere maps (GIM).                     DESCRIPTION         
  2015    12     3     0     0     0                        EPOCH OF FIRST MAP  
  2015    12     4     0     0     0                        EPOCH OF LAST MAP   
  7200                                                      INTERVAL            
    13                                                      # OF MAPS IN FILE   
  NONE                                                      MAPPING FUNCTION    
10.0                                                        ELEVATION CUTOFF    
One-way carrier phase leveled to code                       OBSERVABLES USED    
  6371.0                                                    BASE RADIUS         
 2                                                          MAP DIMENSION       
   450.0 450.0   0.0                                        HGT1 / HGT2 / DHGT  
    87.5 -87.5  -2.5                                        LAT1 / LAT2 / DLAT  
  -180.0 180.0   5.0                                        LON1 / LON2 / DLON  
    -1                                                      EXPONENT            
                                                            END OF HEADER       
[from data line 5148]
    13                                                      START OF TEC MAP    
  2015    12     4     0     0     0                        EPOCH OF CURRENT MAP
    87.5-180.0 180.0   5.0 450.0                            LAT/LON1/LON2/DLON/H
   97   78   70   65   67   63   66   63   66   62   64   61   63   60   62   59
   62   59   61   58   61   58   61   58   61   58   60   58   60   58   60   58
   60   58   61   59   61   59   61   59   62   59   62   60   63   61   63   61
   64   62   65   63   66   64   67   65   68   65   68   66   69   66   69   65
   69   65   70   67   74   71   79   76   97                                   
    85.0-180.0 180.0   5.0 450.0                            LAT/LON1/LON2/DLON/H
   87   52   54   51   49   44   47   43   45   42   43   40   42   39   41   38
   40   38   39   37   39   36   37   35   36   33   35   32   35   32   35   32
   36   33   37   34   39   35   40   37   41   38   42   40   44   42   47   44
   49   46   51   48   53   50   55   51   56   52   56   52   56   53   56   52
   56   53   57   53   61   50   52   81   87                                   
    82.5-180.0 180.0   5.0 450.0                            LAT/LON1/LON2/DLON/H
   81   57   55   57   52   48   48   47   47   45   45   44   45   44   44   43
   44   42   42   41   40   38   37   35   34   32   31   30   30   29   29   29
   30   31   32   33   35   35   37   38   39   40   41   43   45   46   48   49
   51   51   54   54   56   55   57   56   58   56   59   57   59   57   59   57
   60   58   61   60   63   57   60   81   81                                   
    80.0-180.0 180.0   5.0 450.0                            LAT/LON1/LON2/DLON/H
   83   65   64   64   58   55   53   53   52   50   50   49   50   49   50   49
   50   48   48   47   45   43   41   38   36   33   32   31   30   29   29   30
   31   32   35   37   39   40   42   44   45   46   48   50   51   53   54   55
   56   57   58   58   59   59   60   59   60   60   60   60   61   61   62   62
   63   65   67   69   70   67   68   86   83                                   
    77.5-180.0 180.0   5.0 450.0                            LAT/LON1/LON2/DLON/H
   90   71   70   70   63   59   57   54   52   50   49   48   48   47   48   48
   48   47   47   46   45   42   40   37   34   31   30   28   27   27   28   29
   30   32   34   37   39   41   43   45   46   47   48   50   51   52   53   54
   54   54   54   54   54   53   53   52   52   51   52   51   52   52   54   54
   57   60   65   68   72   70   73   87   90                                   
    75.0-180.0 180.0   5.0 450.0                            LAT/LON1/LON2/DLON/H
   93   80   79   79   71   67   63   60   57   54   52   51   49   49   48   49
   47   48   47   47   44   43   41   38   35   32   31   29   29   28   30   31
   33   35   39   41   43   45   47   48   48   49   49   50   50   51   50   51
   49   49   49   48   47   46   45   45   43   43   42   42   42   43   45   48
   51   57   63   70   75   75   79   93   93                                   
    72.5-180.0 180.0   5.0 450.0                            LAT/LON1/LON2/DLON/H
  106   93   94   91   81   77   71   68   63   60   57   54   52   49   48   46
   45   44   44   43   43   41   40   37   34   32   31   30   29   30   32   33
   35   37   41   43   44   45   47   48   47   47   47   47   46   45   45   44
   43   42   41   40   39   37   37   35   35   34   34   33   34   34   38   40
   46   52   61   70   78   82   86   99  106                                   
    70.0-180.0 180.0   5.0 450.0                            LAT/LON1/LON2/DLON/H
  110  104  107  104   94   88   82   77   72   68   64   60   56   51   47   43
   40   38   39   38   38   37   37   35   34   31   32   31   32   32   35   37
   39   40   44   44   45   45   46   45   44   43   44   42   41   40   40   38
   37   35   35   33   32   30   31   30   30   29   30   29   31   31   35   38
   44   52   63   73   84   90   97  108  110                                   
    67.5-180.0 180.0   5.0 450.0                            LAT/LON1/LON2/DLON/H
  124  118  121  118  107  101   94   89   85   80   75   69   63   55   49   42
   38   35   35   34   35   34   36   34   34   32   33   33   34   35   38   39
   41   41   44   44   43   42   42   41   40   39   40   38   38   36   37   35
   34   32   32   30   30   29   30   29   30   30   32   31   34   35   39   42
   49   56   68   79   92  100  106  115  124                                   
    65.0-180.0 180.0   5.0 450.0                            LAT/LON1/LON2/DLON/H
  128  128  130  127  116  109  103   98   95   91   85   78   70   60   50   42
   36   32   31   31   32   32   34   33   34   33   34   35   36   37   39   40
   41   41   42   40   39   37   37   36   36   35   36   35   35   34   34   33
   32   30   30   29   29   29   30   30   32   33   36   37   40   43   47   51
   58   65   76   87   99  107  116  123  128                                   
    62.5-180.0 180.0   5.0 450.0                            LAT/LON1/LON2/DLON/H
  138  135  136  131  120  113  107  104  102  100   94   87   77   66   54   44
   37   33   32   31   32   33   34   34   34   33   35   35   36   37   38   38
   38   37   37   35   34   32   32   32   32   32   33   34   35   34   34   33
   32   31   31   30   32   30   33   32   36   37   42   45   51   54   60   64
   70   76   86   94  105  113  120  126  138                                   
    60.0-180.0 180.0   5.0 450.0                            LAT/LON1/LON2/DLON/H
  137  137  137  132  122  114  109  107  106  105  100   94   83   71   58   47
   39   34   32   31   31   31   31   31   31   31   32   34   34   36   36   36
   34   33   32   31   29   28   28   28   29   30   33   34   35   35   35   34
   32   31   30   30   32   31   33   34   39   43   49   55   63   68   75   80
   85   90   96  103  112  117  124  128  137                                   
    57.5-180.0 180.0   5.0 450.0                            LAT/LON1/LON2/DLON/H
  143  140  139  135  123  116  111  110  109  109  105   99   88   77   64   54
   46   41   38   36   34   33   31   30   30   30   32   33   35   36   36   35
   33   32   31   30   29   29   29   30   31   33   36   39   39   40   38   37
   35   33   33   32   34   33   36   37   44   49   58   65   75   82   90   95
  101  105  110  114  120  123  126  130  143                                   
    55.0-180.0 180.0   5.0 450.0                            LAT/LON1/LON2/DLON/H
  142  144  144  140  128  120  115  113  111  111  107  102   92   82   71   62
   55   49   44   40   36   32   29   27   27   28   30   33   35   37   37   36
   34   34   34   33   33   33   34   35   36   39   42   45   46   46   44   42
   38   36   35   35   36   36   39   42   49   56   65   75   86   95  104  110
  116  120  124  127  130  131  134  135  142                                   
    52.5-180.0 180.0   5.0 450.0                            LAT/LON1/LON2/DLON/H
  156  154  155  152  140  132  125  121  118  115  110  105   97   89   80   73
   66   59   53   46   40   34   30   28   27   30   33   37   39   42   42   41
   40   41   42   43   43   45   45   46   47   50   53   55   55   54   51   48
   44   41   40   40   42   42   46   48   55   61   72   81   93  103  114  121
  128  133  138  140  142  142  143  146  156                                   
    50.0-180.0 180.0   5.0 450.0                            LAT/LON1/LON2/DLON/H
  165  168  172  169  158  148  140  133  127  121  113  106   99   92   85   79
   72   65   57   49   41   34   29   27   28   31   36   41   44   46   46   46
   47   48   50   53   54   55   55   56   57   60   62   64   63   62   58   54
   50   48   46   47   49   51   54   57   64   70   80   89  101  111  122  130
  139  145  151  154  155  154  156  156  165                                   
    47.5-180.0 180.0   5.0 450.0                            LAT/LON1/LON2/DLON/H
  186  188  193  191  181  174  162  154  143  133  121  112  104   98   92   87
   80   71   62   53   45   38   34   34   35   40   44   49   51   53   53   54
   54   57   60   63   65   67   67   68   68   70   72   73   72   69   66   61
   58   56   56   57   59   61   64   67   73   79   89   97  108  116  127  136
  146  154  161  165  168  168  168  169  186                                   
    45.0-180.0 180.0   5.0 450.0                            LAT/LON1/LON2/DLON/H
  197  202  210  208  200  193  184  174  160  145  130  118  108  102   97   90
   82   72   63   54   48   44   42   42   45   49   53   56   57   58   58   57
   59   62   67   71   73   74   75   74   75   77   79   79   79   77   73   69
   65   64   64   65   68   71   75   77   84   89   98  105  115  122  132  140
  151  160  170  175  179  179  181  180  197                                   
    42.5-180.0 180.0   5.0 450.0                            LAT/LON1/LON2/DLON/H
  208  211  217  216  210  207  200  191  178  161  142  128  117  110  104   96
   86   75   66   59   56   55   56   57   59   62   63   63   62   61   60   61
   62   66   70   75   77   79   79   78   79   81   84   85   85   83   80   76
   74   71   72   73   76   78   83   86   92   98  106  113  121  127  135  142
  152  162  173  179  185  186  186  189  208                                   
    40.0-180.0 180.0   5.0 450.0                            LAT/LON1/LON2/DLON/H
  201  208  214  211  208  206  203  198  188  173  152  137  125  118  109  100
   88   78   70   67   67   70   71   72   73   72   70   67   64   62   61   61
   63   66   71   74   78   79   79   78   80   82   86   88   90   88   85   81
   79   77   77   77   81   83   88   92  101  108  117  123  131  134  140  146
  155  164  174  181  186  187  188  189  201                                   
    37.5-180.0 180.0   5.0 450.0                            LAT/LON1/LON2/DLON/H
  198  200  201  198  193  194  195  197  191  181  163  149  137  129  120  110
   97   87   82   82   85   89   89   88   84   80   74   69   65   62   61   62
   64   66   70   73   76   77   78   78   80   84   89   92   94   93   91   87
   85   82   82   81   85   86   92   97  106  115  126  133  141  144  149  153
  160  168  176  181  184  186  185  188  198                                   
    35.0-180.0 180.0   5.0 450.0                            LAT/LON1/LON2/DLON/H
  188  191  190  181  174  175  180  186  186  181  168  156  146  139  130  119
  108   99   96   98  102  104  102   96   89   81   74   68   65   63   65   65
   68   69   73   74   77   78   79   79   82   86   93   95   98   96   93   88
   85   81   80   78   82   84   90   96  107  118  130  139  149  153  159  161
  169  174  184  185  186  186  189  188  188                                   
    32.5-180.0 180.0   5.0 450.0                            LAT/LON1/LON2/DLON/H
  196  193  188  176  162  162  166  174  179  179  170  163  155  151  142  133
  122  115  113  115  117  115  108   97   87   78   72   68   68   70   73   77
   78   80   80   82   82   84   84   85   87   92   97  100  100   97   93   87
   84   80   78   75   77   78   85   92  105  118  133  144  155  161  167  173
  180  186  194  195  194  195  197  201  196                                   
    30.0-180.0 180.0   5.0 450.0                            LAT/LON1/LON2/DLON/H
  218  216  208  188  170  163  164  170  175  176  171  166  162  158  152  144
  136  129  127  125  123  115  103   90   80   74   72   74   80   86   93   96
   98   97   97   95   96   95   95   94   97   99  104  104  103   97   92   85
   82   76   74   70   70   72   79   88  103  117  135  148  161  168  177  184
  194  200  211  212  211  212  218  225  218                                   
    27.5-180.0 180.0   5.0 450.0                            LAT/LON1/LON2/DLON/H
  271  263  256  232  207  195  185  185  184  183  176  172  166  165  159  155
  147  142  136  130  120  107   91   79   73   74   80   90  101  112  119  125
  124  123  117  115  112  112  109  109  108  109  110  109  104   97   90   83
   78   73   69   64   64   65   74   84  100  116  134  149  164  175  187  198
  210  221  234  236  237  241  252  263  271                                   
    25.0-180.0 180.0   5.0 450.0                            LAT/LON1/LON2/DLON/H
  340  341  334  306  276  252  230  217  207  199  189  178  172  168  165  160
  154  147  138  124  108   90   75   66   69   80   96  113  130  142  151  154
  154  148  141  134  132  129  127  122  120  117  116  110  105   96   89   81
   76   71   66   61   60   64   75   86  102  117  134  151  167  180  195  208
  225  241  259  265  269  281  304  316  340                                   
    22.5-180.0 180.0   5.0 450.0                            LAT/LON1/LON2/DLON/H
  423  433  426  406  374  343  309  279  255  233  212  196  181  175  168  165
  157  149  133  114   92   74   63   64   76   99  122  145  162  176  181  185
  178  170  159  151  145  142  137  132  126  122  117  110  103   93   84   76
   71   65   59   54   55   60   75   91  109  124  142  158  174  188  205  221
  241  260  283  293  303  321  354  367  423                                   
    20.0-180.0 180.0   5.0 450.0                            LAT/LON1/LON2/DLON/H
  500  537  535  520  487  446  399  357  319  283  249  220  199  185  176  169
  161  147  128  103   81   66   65   75  100  128  156  179  196  204  207  203
  195  182  170  159  154  148  143  135  129  122  117  109  102   91   83   76
   71   66   61   58   60   68   81   99  118  133  151  165  181  197  216  236
  261  286  311  326  340  367  409  417  500                                   
    17.5-180.0 180.0   5.0 450.0                            LAT/LON1/LON2/DLON/H
  556  601  612  615  590  548  490  442  392  348  303  262  229  208  191  182
  168  151  127  103   84   78   86  109  138  170  195  212  220  221  216  208
  195  183  168  158  152  147  140  133  125  118  112  105   97   87   79   71
   65   61   59   58   62   73   90  108  129  146  163  178  194  211  233  256
  284  312  339  357  376  405  447  454  556                                   
    15.0-180.0 180.0   5.0 450.0                            LAT/LON1/LON2/DLON/H
  583  639  663  678  667  630  573  519  464  416  364  313  271  239  217  202
  187  166  142  119  109  112  132  158  191  217  232  237  234  223  213  199
  187  173  162  153  148  144  139  130  124  114  109  101   94   85   79   71
   68   65   64   65   70   82   98  118  139  156  173  189  208  227  250  274
  306  336  363  384  405  438  479  482  583                                   
    12.5-180.0 180.0   5.0 450.0                            LAT/LON1/LON2/DLON/H
  573  623  655  684  689  664  619  570  518  471  418  368  319  283  254  235
  216  198  172  156  153  167  192  223  248  263  263  250  235  217  201  188
  173  163  152  147  143  142  136  129  120  112  102   96   88   82   74   70
   68   67   68   69   75   88  106  127  149  167  185  202  223  242  264  286
  318  347  377  398  422  453  488  490  573                                   
    10.0-180.0 180.0   5.0 450.0                            LAT/LON1/LON2/DLON/H
  539  586  620  657  673  659  629  592  553  515  469  422  375  336  304  282
  263  241  220  211  217  237  265  290  303  297  276  248  224  202  187  175
  164  156  148  147  146  146  142  134  125  113  104   95   91   82   78   72
   73   72   73   74   80   92  112  133  154  172  193  212  233  251  272  298
  326  355  385  408  431  457  489  487  539                                   
     7.5-180.0 180.0   5.0 450.0                            LAT/LON1/LON2/DLON/H
  494  528  561  598  619  616  603  583  561  535  500  463  422  388  356  334
  314  295  279  278  292  316  339  349  339  310  272  236  208  190  177  171
