data/unet/pred0450.15i
     1.0            IONOSPHERE MAPS     GNSS                IONEX VERSION / TYPE
pyspatialgeodesy        IME             05-JAN-18 20:20     PGM / RUN BY / DATE 
Map Name                                                    COMMENT             
Predicted global ionosphere maps (GIM).                     DESCRIPTION         
  2015     2    14     0     0     0                        EPOCH OF FIRST MAP  
  2015     2    15     0     0     0                        EPOCH OF LAST MAP   
  7200                                                      INTERVAL            
    13                                                      # OF MAPS IN FILE   
  NONE                                                      MAPPING FUNCTION    
10.0                                                        ELEVATION CUTOFF    
One-way carrier phase leveled to code                       OBSERVABLES USED    
  6371.0                                                    BASE RADIUS         
 2                                                          MAP DIMENSION       
   450.0 450.0   0.0                                        HGT1 / HGT2 / DHGT  
    87.5 -87.5  -2.5                                        LAT1 / LAT2 / DLAT  
  -180.0 180.0   5.0                                        LON1 / LON2 / DLON  
    -1                                                      EXPONENT            
                                                            END OF HEADER       
[from data line 4719]
    12                                                      START OF TEC MAP    
  2015     2    14    22     0     0                        EPOCH OF CURRENT MAP
    87.5-180.0 180.0   5.0 450.0                            LAT/LON1/LON2/DLON/H
  190  176  164  170  169  175  173  178  175  179  177  180  177  178  175  176
  172  173  169  168  165  164  160  159  156  156  153  153  151  151  148  148
  146  146  144  145  143  144  143  144  142  144  142  144  142  145  143  146
  145  147  147  149  149  151  151  153  153  154  154  156  155  157  156  158
  157  159  159  160  159  162  162  173  190                                   
    85.0-180.0 180.0   5.0 450.0                            LAT/LON1/LON2/DLON/H
  176  163  164  171  174  177  182  185  188  191  193  195  195  195  194  193
  192  188  186  181  178  172  169  163  161  156  155  151  149  146  145  142
  141  139  138  136  136  134  134  133  134  132  133  132  133  132  134  132
  135  134  138  137  141  141  144  143  146  145  147  146  147  146  147  146
  147  147  149  148  151  150  153  174  176                                   
    82.5-180.0 180.0   5.0 450.0                            LAT/LON1/LON2/DLON/H
  161  152  154  163  166  172  178  186  191  198  202  207  208  211  209  210
  205  203  195  191  181  176  166  161  153  149  144  140  137  134  131  128
  127  125  125  122  123  120  121  119  120  120  120  121  120  122  121  123
  123  127  128  132  133  137  138  141  141  143  142  143  141  141  139  140
  138  138  137  137  134  135  136  164  161                                   
    80.0-180.0 180.0   5.0 450.0                            LAT/LON1/LON2/DLON/H
  148  140  142  151  155  165  172  184  193  204  212  218  223  224  225  222
  218  210  202  190  180  168  159  149  141  133  127  124  119  117  114  113
  111  110  109  108  108  107  107  106  107  106  108  106  109  107  110  108
  112  112  117  118  124  126  130  131  134  133  134  132  131  130  127  126
  124  124  121  119  116  117  121  145  148                                   
    77.5-180.0 180.0   5.0 450.0                            LAT/LON1/LON2/DLON/H
  138  130  133  140  150  157  172  184  198  210  222  230  236  237  236  231
  223  211  200  185  170  157  145  134  124  117  112  107  104  101  100   99
   98   98   97   98   97   98   97   97   96   97   96   97   96   97   97   96
   97   98  102  105  109  113  117  119  121  121  121  120  118  116  114  112
  110  108  108  104  104  104  112  135  138                                   
    75.0-180.0 180.0   5.0 450.0                            LAT/LON1/LON2/DLON/H
  138  129  134  142  152  163  179  192  210  223  237  246  253  254  250  243
  230  215  199  182  163  148  133  122  112  105   99   97   92   92   90   92
   90   93   91   94   92   93   91   92   91   91   89   89   88   88   87   88
   88   91   93   97   99  103  104  108  106  108  105  105  101  102   98   99
   97   99   99   99  101  105  112  135  138                                   
    72.5-180.0 180.0   5.0 450.0                            LAT/LON1/LON2/DLON/H
  153  144  146  154  165  175  194  209  227  243  257  267  272  272  266  256
  238  219  197  178  156  140  124  112  103   97   92   89   87   86   85   87
   88   91   91   94   93   95   92   93   90   91   87   87   84   85   82   83
   82   85   86   90   91   94   94   96   94   95   91   91   87   88   84   87
   87   92   96  100  108  114  123  147  153                                   
    70.0-180.0 180.0   5.0 450.0                            LAT/LON1/LON2/DLON/H
  178  166  171  178  190  199  217  231  251  266  280  286  288  284  274  262
  241  222  197  177  155  138  122  110  101   94   90   86   83   80   79   81
   81   85   84   88   88   90   89   89   87   87   84   82   80   78   76   74
   75   75   77   78   80   80   82   82   82   81   78   77   74   75   74   79
   82   91   98  108  118  130  139  166  178                                   
    67.5-180.0 180.0   5.0 450.0                            LAT/LON1/LON2/DLON/H
  207  194  202  209  221  227  247  260  279  292  302  308  306  301  287  272
  249  226  201  179  158  142  127  116  107  100   94   88   83   80   78   78
   77   79   78   80   80   82   81   82   80   81   78   77   74   73   69   69
   67   68   67   68   68   69   69   69   68   67   65   64   62   64   65   71
   76   88   99  114  130  146  159  186  207                                   
    65.0-180.0 180.0   5.0 450.0                            LAT/LON1/LON2/DLON/H
  236  222  237  244  256  263  278  289  305  312  321  323  323  315  302  288
  261  240  212  192  169  155  141  130  122  112  106   96   90   82   78   74
   72   70   68   68   68   69   70   71   71   71   71   69   68   66   64   62
   61   60   61   59   60   57   58   56   56   53   52   51   51   52   56   63
   73   86  103  121  142  161  175  205  236                                   
    62.5-180.0 180.0   5.0 450.0                            LAT/LON1/LON2/DLON/H
  255  247  263  274  286  292  303  313  323  332  336  341  337  332  319  305
  282  259  232  209  187  172  159  149  137  126  115  105   95   85   79   72
   68   63   59   57   56   55   56   57   58   60   60   61   59   58   54   53
   51   52   50   51   49   49   47   47   46   45   43   44   43   47   50   58
   70   85  105  127  149  170  186  217  255                                   
    60.0-180.0 180.0   5.0 450.0                            LAT/LON1/LON2/DLON/H
  268  262  281  294  305  312  320  325  337  342  347  348  347  343  331  323
  301  286  258  238  212  198  179  168  155  140  126  112  102   89   83   73
   68   61   54   51   46   46   44   47   48   52   53   56   54   54   50   49
   46   48   45   47   44   45   42   43   42   42   40   40   41   44   48   56
   70   86  106  130  152  173  192  222  268                                   
    57.5-180.0 180.0   5.0 450.0                            LAT/LON1/LON2/DLON/H
  271  272  291  309  320  328  334  341  349  355  355  359  355  355  345  340
  325  312  289  266  242  222  203  187  170  154  138  122  111   98   91   81
   76   66   60   52   48   44   43   43   46   48   52   53   54   51   48   45
   43   43   43   43   43   43   44   44   46   46   46   46   47   49   53   61
   73   90  110  135  156  176  194  225  271                                   
    55.0-180.0 180.0   5.0 450.0                            LAT/LON1/LON2/DLON/H
  275  277  302  320  335  341  347  354  358  361  358  360  359  360  354  355
  344  335  312  293  267  248  223  205  184  166  149  135  122  111  103   96
   87   80   70   64   55   54   49   52   51   57   59   63   61   60   55   53
   48   50   48   50   48   51   50   54   54   57   56   58   57   59   62   71
   83   99  120  142  161  181  199  228  275                                   
    52.5-180.0 180.0   5.0 450.0                            LAT/LON1/LON2/DLON/H
  276  286  312  334  350  359  364  372  372  375  366  367  364  366  365  366
  361  348  330  308  284  262  240  217  197  178  162  149  139  127  122  111
  105   94   88   77   72   66   64   62   65   67   72   73   74   69   66   60
   58   56   57   57   59   60   62   65   68   70   71   71   72   73   76   84
   96  115  134  156  174  192  207  236  276                                   
    50.0-180.0 180.0   5.0 450.0                            LAT/LON1/LON2/DLON/H
  286  297  327  348  364  374  378  387  384  382  369  367  361  365  364  368
  362  354  333  315  290  271  246  226  203  187  172  161  152  141  134  125
  115  106   98   92   84   82   78   79   79   84   87   90   90   86   82   77
   74   73   71   73   72   74   75   79   82   85   85   87   85   88   90  100
  112  133  154  175  191  209  224  249  286                                   
    47.5-180.0 180.0   5.0 450.0                            LAT/LON1/LON2/DLON/H
  296  313  343  362  377  390  398  406  401  396  379  373  366  365  366  366
  362  350  333  312  293  274  254  233  213  195  185  174  165  153  144  131
  122  111  105   98   96   92   93   91   95   97  103  104  105  100   97   91
   88   86   86   86   86   86   88   91   95   96   98   97   97   98  104  114
  130  151  173  197  215  231  243  267  296                                   
    45.0-180.0 180.0   5.0 450.0                            LAT/LON1/LON2/DLON/H
  310  330  356  373  388  402  409  419  412  406  387  379  368  368  363  365
  356  346  328  312  295  281  261  244  222  206  191  181  170  154  143  128
  116  107  102   99   98   99   99  101  102  106  110  114  116  113  110  105
  103  100  100   98   97   95   95   98  100  102  101  101  100  105  110  124
  142  167  191  215  234  253  264  283  310                                   
    42.5-180.0 180.0   5.0 450.0                            LAT/LON1/LON2/DLON/H
  318  342  363  379  393  408  418  428  427  420  403  391  380  374  369  364
  355  341  326  313  301  290  274  256  234  214  197  184  170  152  135  119
  106   97   95   94   98   99  103  104  108  110  117  121  124  121  119  115
  113  109  109  106  104  101  100  100  102  101  101   99  101  104  115  128
  151  176  203  228  251  268  280  298  318                                   
    40.0-180.0 180.0   5.0 450.0                            LAT/LON1/LON2/DLON/H
  326  350  369  383  394  407  416  427  432  430  415  405  390  386  373  371
  357  347  332  324  314  306  289  271  245  223  200  184  166  145  128  110
  100   92   92   95  100  103  106  107  109  112  118  122  126  123  122  118
  117  114  113  109  107  102  100   98   97   97   94   93   94  101  112  130
  153  180  206  231  254  273  287  304  326                                   
    37.5-180.0 180.0   5.0 450.0                            LAT/LON1/LON2/DLON/H
  327  356  371  385  391  402  411  424  433  435  427  416  404  396  385  376
  364  353  344  337  332  325  309  286  258  230  204  185  165  146  129  115
  106  102  103  105  111  112  114  112  113  116  121  125  126  125  121  118
  115  113  110  107  104  101  100   98   96   94   91   90   91   98  112  130
  154  180  204  228  251  271  286  304  327                                   
    35.0-180.0 180.0   5.0 450.0                            LAT/LON1/LON2/DLON/H
  333  360  379  388  390  394  400  412  424  433  429  426  413  408  391  386
  372  366  359  358  352  345  324  300  266  238  208  188  171  156  147  139
  136  134  135  134  136  134  134  128  126  124  127  127  128  123  120  116
  113  111  110  107  105  104  104  103  101   98   93   92   93  101  116  135
  158  180  200  218  239  262  282  302  333                                   
    32.5-180.0 180.0   5.0 450.0                            LAT/LON1/LON2/DLON/H
  338  367  384  392  393  392  395  405  418  429  431  431  423  416  400  393
  382  378  375  376  372  362  340  312  278  250  224  205  192  187  186  188
  188  187  184  178  173  165  164  155  150  144  144  139  135  127  121  113
  111  106  104   99  101  100  104  103  105  102  100   98  100  108  124  145
  166  187  202  216  231  255  275  302  338                                   
    30.0-180.0 180.0   5.0 450.0                            LAT/LON1/LON2/DLON/H
  355  380  398  405  405  398  397  403  412  426  428  433  425  419  400  396
  386  386  384  388  382  372  348  322  293  271  253  242  237  239  247  260
  265  268  256  244  227  207  193  184  182  173  170  161  152  139  129  120
  115  111  108  106  107  107  110  112  114  113  112  111  114  122  139  161
  185  205  219  228  240  262  285  316  355                                   
    27.5-180.0 180.0   5.0 450.0                            LAT/LON1/LON2/DLON/H
  384  405  417  427  426  419  418  424  429  437  440  443  436  428  409  402
  392  394  393  396  390  377  356  334  316  303  296  297  301  319  343  371
  380  377  357  330  295  262  234  214  205  197  189  177  164  147  135  125
  118  113  110  110  113  117  121  121  121  121  119  121  129  142  162  189
  213  235  245  257  265  286  307  341  384                                   
    25.0-180.0 180.0   5.0 450.0                            LAT/LON1/LON2/DLON/H
  424  446  462  467  468  463  462  461  461  463  459  462  449  440  416  410
  397  399  397  399  390  377  362  350  346  350  358  370  394  420  447  465
  479  474  448  404  356  310  273  243  232  224  217  201  185  166  155  144
  138  132  128  131  132  141  140  140  133  130  123  125  132  146  171  201
  231  257  276  291  302  322  350  378  424                                   
    22.5-180.0 180.0   5.0 450.0                            LAT/LON1/LON2/DLON/H
  471  495  514  529  533  530  526  525  520  516  507  500  482  467  440  429
  414  413  408  405  393  381  372  374  386  407  430  460  486  509  537  564
  574  563  519  457  390  345  304  275  261  252  243  232  218  202  188  177
  166  156  150  148  148  151  148  148  144  139  137  134  141  156  186  219
  252  280  301  324  344  367  395  422  471                                   
    20.0-180.0 180.0   5.0 450.0                            LAT/LON1/LON2/DLON/H
  510  542  567  596  608  614  610  606  597  588  571  556  529  507  474  458
  443  439  428  418  404  392  394  408  438  474  512  533  564  585  609  618
  616  590  533  457  381  335  304  282  272  265  260  254  241  226  210  196
  180  171  161  160  159  159  155  150  145  140  137  138  144  161  196  232
  269  300  324  348  372  401  437  461  510                                   
    17.5-180.0 180.0   5.0 450.0                            LAT/LON1/LON2/DLON/H
  539  583  619  657  685  698  697  691  679  669  648  628  594  566  527  504
  486  478  462  445  429  422  430  460  502  553  591  616  627  630  631  627
  606  568  500  423  353  313  285  268  259  258  258  254  248  235  223  209
  195  184  174  172  166  163  153  148  141  138  135  134  144  165  202  244
  285  317  343  367  391  425  463  493  539                                   
    15.0-180.0 180.0   5.0 450.0                            LAT/LON1/LON2/DLON/H
  559  606  651  700  734  760  763  766  753  741  717  698  665  628  588  563
  537  523  503  481  467  462  481  522  573  620  652  652  642  622  601  573
  535  483  413  355  303  272  250  238  236  241  247  249  248  241  232  223
  210  200  189  183  173  167  155  150  141  136  128  130  143  167  207  251
  295  327  354  381  408  445  484  515  559                                   
    12.5-180.0 180.0   5.0 450.0                            LAT/LON1/LON2/DLON/H
  561  615  666  718  755  788  803  808  804  795  778  764  735  697  649  621
  594  582  563  539  524  527  552  595  639  679  690  664  624  575  527  482
  431  380  325  293  261  244  228  222  222  225  234  237  241  238  236  229
  219  211  199  192  179  169  153  144  132  130  126  133  147  174  217  259
  301  331  357  384  413  453  493  526  561                                   
    10.0-180.0 180.0   5.0 450.0                            LAT/LON1/LON2/DLON/H
  561  616  664  716  759  793  813  824  827  824  815  813  792  762  718  685
  651  636  614  596  585  592  616  657  695  713  696  640  575  500  433  377
  323  284  256  249  238  234  230  227  222  224  225  227  230  234  231  230
  225  218  204  192  175  164  150  141  134  130  130  140  155  186  224  264
  300  330  355  383  413  457  499  528  561                                   
     7.5-180.0 180.0   5.0 450.0                            LAT/LON1/LON2/DLON/H
  552  608  655  706  742  773  796  806  816  820  823  829  819  803  766  739
  707  691  669  655  646  658  681  714  732  729  677  598  509  423  349  296
