data/unet/pred0340.15i
     1.0            IONOSPHERE MAPS     GNSS                IONEX VERSION / TYPE
pyspatialgeodesy        IME             05-JAN-18 20:20     PGM / RUN BY / DATE 
Map Name                                                    COMMENT             
Predicted global ionosphere maps (GIM).                     DESCRIPTION         
  2015     2     3     0     0     0                        EPOCH OF FIRST MAP  
  2015     2     4     0     0     0                        EPOCH OF LAST MAP   
  7200                                                      INTERVAL            
    13                                                      # OF MAPS IN FILE   
  NONE                                                      MAPPING FUNCTION    
10.0                                                        ELEVATION CUTOFF    
One-way carrier phase leveled to code                       OBSERVABLES USED    
  6371.0                                                    BASE RADIUS         
 2                                                          MAP DIMENSION       
   450.0 450.0   0.0                                        HGT1 / HGT2 / DHGT  
    87.5 -87.5  -2.5                                        LAT1 / LAT2 / DLAT  
  -180.0 180.0   5.0                                        LON1 / LON2 / DLON  
    -1                                                      EXPONENT            
                                                            END OF HEADER       
[from data line 5148]
    13                                                      START OF TEC MAP    
  2015     2     4     0     0     0                        EPOCH OF CURRENT MAP
    87.5-180.0 180.0   5.0 450.0                            LAT/LON1/LON2/DLON/H
  158  129  131  127  124  119  120  117  118  115  116  112  112  108  108  103
  103   98   99   94   96   91   93   88   90   85   88   83   87   82   85   81
   84   80   84   80   84   81   86   83   87   86   90   88   92   91   95   94
   97   97  101  100  103  104  106  106  108  108  110  109  111  110  112  110
  112  110  111  110  116  114  116  148  158                                   
    85.0-180.0 180.0   5.0 450.0                            LAT/LON1/LON2/DLON/H
  139  136  143  141  139  133  135  131  132  128  129  125  125  120  119  112
  111  104  104   97   97   90   90   83   83   76   77   71   73   67   69   63
   66   62   65   62   66   65   69   69   74   74   79   79   84   84   90   89
   95   95  101  100  105  105  109  108  112  111  115  113  116  114  117  116
  119  118  120  119  125  118  118  122  139                                   
    82.5-180.0 180.0   5.0 450.0                            LAT/LON1/LON2/DLON/H
  154  154  156  155  152  149  150  147  148  145  146  143  143  137  136  129
  126  119  117  110  108  100   98   90   87   79   76   69   67   61   60   54
   55   51   54   52   57   56   63   63   70   70   78   79   86   87   93   94
   99  101  105  106  109  110  113  113  116  115  117  117  118  118  119  119
  122  123  126  127  130  126  127  129  154                                   
    80.0-180.0 180.0   5.0 450.0                            LAT/LON1/LON2/DLON/H
  177  172  173  173  170  171  169  171  169  171  169  169  165  162  158  153
  148  144  139  135  129  124  118  111  104   97   90   83   76   70   66   60
   58   56   56   56   59   61   66   69   74   78   84   87   93   96  101  103
  107  109  112  114  116  117  119  119  120  120  120  120  120  121  121  123
  125  128  131  135  138  137  138  141  177                                   
    77.5-180.0 180.0   5.0 450.0                            LAT/LON1/LON2/DLON/H
  189  183  185  186  186  187  188  189  190  190  191  188  185  180  175  168
  161  154  149  145  140  136  131  125  120  112  106   97   90   82   77   70
   67   64   65   64   68   69   74   77   82   85   90   93   97   99  103  105
  108  108  111  112  113  113  114  114  114  113  114  114  114  114  115  117
  120  124  130  135  141  141  144  149  189                                   
    75.0-180.0 180.0   5.0 450.0                            LAT/LON1/LON2/DLON/H
  199  194  200  202  201  204  205  208  208  210  209  206  201  194  185  175
  165  158  153  150  149  148  147  144  140  134  128  120  112  104   97   91
   87   84   84   83   85   88   91   93   95   97  100  101  102  103  104  104
  104  103  105  104  105  103  105  103  103  102  104  103  104  105  107  110
  115  120  129  135  144  147  152  159  199                                   
    72.5-180.0 180.0   5.0 450.0                            LAT/LON1/LON2/DLON/H
  210  206  213  217  218  221  224  227  229  229  227  220  212  200  187  172
  159  150  146  145  148  151  156  156  157  153  149  142  135  128  121  115
  111  107  106  105  106  107  109  108  109  108  108  106  104  101  101   97
   96   93   94   91   92   89   90   88   90   89   91   92   95   97  101  106
  113  121  131  141  151  157  165  173  210                                   
    70.0-180.0 180.0   5.0 450.0                            LAT/LON1/LON2/DLON/H
  222  220  230  235  235  241  243  248  249  249  244  235  221  203  184  165
  149  138  135  136  142  149  157  162  166  165  163  158  152  147  141  136
  131  128  126  124  123  122  122  119  118  114  111  106  102   95   92   86
   84   80   81   78   79   76   78   76   78   78   82   84   89   93   99  106
  116  125  137  148  160  168  179  191  222                                   
    67.5-180.0 180.0   5.0 450.0                            LAT/LON1/LON2/DLON/H
  238  234  245  251  253  258  265  269  273  270  264  250  232  207  182  159
  140  128  124  125  133  141  151  158  163  165  164  161  158  154  149  145
  141  138  134  131  128  126  124  120  116  111  107  100   93   86   81   74
   71   67   68   66   69   66   69   67   70   70   75   78   85   91   99  109
  120  132  145  158  170  180  192  206  238                                   
    65.0-180.0 180.0   5.0 450.0                            LAT/LON1/LON2/DLON/H
  252  250  262  266  267  274  281  290  293  294  285  272  247  218  186  158
  137  122  116  117  123  130  138  143  149  150  151  149  148  146  144  140
  138  134  131  126  122  118  115  110  106  100   95   88   81   73   68   61
   58   55   57   58   61   60   63   62   65   67   73   79   88   97  107  117
  130  143  157  168  179  191  204  222  252                                   
    62.5-180.0 180.0   5.0 450.0                            LAT/LON1/LON2/DLON/H
  267  261  273  274  276  281  291  302  310  312  308  291  266  234  198  168
  143  126  117  114  117  119  123  125  126  125  125  124  125  124  124  121
  119  115  112  106  103   98   96   92   88   83   78   72   66   60   55   51
   50   49   52   54   59   59   62   61   65   68   76   84   96  107  118  131
  145  158  170  180  191  202  213  232  267                                   
    60.0-180.0 180.0   5.0 450.0                            LAT/LON1/LON2/DLON/H
  281  276  284  284  282  288  295  310  319  329  326  315  289  259  221  189
  161  141  128  120  116  112  109  104  102   98   97   96   98   98   98   97
   96   91   89   84   82   78   76   73   71   67   64   59   56   51   48   44
   46   46   50   52   57   58   61   60   66   71   81   91  106  119  134  147
  162  173  182  192  200  211  222  243  281                                   
    57.5-180.0 180.0   5.0 450.0                            LAT/LON1/LON2/DLON/H
  297  289  297  293  290  292  299  310  324  333  338  330  312  282  250  217
  188  166  149  134  123  110   99   88   80   73   69   68   71   72   74   73
   73   70   68   64   63   61   59   58   56   55   52   51   50   49   47   45
   47   49   53   56   61   62   64   64   70   76   88  101  120  136  154  167
  182  192  200  207  216  224  235  253  297                                   
    55.0-180.0 180.0   5.0 450.0                            LAT/LON1/LON2/DLON/H
  317  315  319  314  308  306  306  317  327  339  344  343  329  307  277  249
  220  196  174  153  134  113   95   77   66   55   52   51   55   57   60   60
   61   59   58   57   57   55   54   53   53   52   52   51   53   51   51   47
   53   53   60   61   66   66   68   68   74   82   94  110  131  151  170  186
  201  212  222  229  235  245  255  274  317                                   
    52.5-180.0 180.0   5.0 450.0                            LAT/LON1/LON2/DLON/H
  343  347  352  346  337  330  326  327  334  340  346  343  338  320  299  275
  252  224  199  174  149  122   98   77   62   51   46   46   49   52   56   57
   58   58   58   59   60   60   58   59   57   58   58   60   62   61   59   58
   61   62   67   70   73   74   74   74   79   87  101  118  143  164  184  201
  219  232  246  254  263  271  283  299  343                                   
    50.0-180.0 180.0   5.0 450.0                            LAT/LON1/LON2/DLON/H
  371  389  393  389  379  368  354  348  346  347  346  345  340  330  314  296
  275  249  220  192  162  133  108   85   70   59   55   55   58   61   62   63
   65   65   68   70   73   74   73   71   71   69   71   72   74   71   71   69
   73   74   79   80   83   83   84   84   89   97  110  129  153  176  195  213
  234  251  267  281  293  306  319  331  371                                   
    47.5-180.0 180.0   5.0 450.0                            LAT/LON1/LON2/DLON/H
  395  420  429  429  420  410  391  377  365  357  351  344  341  332  323  308
  290  262  234  205  175  149  124  105   90   80   75   74   75   75   75   74
   74   75   78   83   86   88   85   84   82   83   83   86   87   85   85   84
   87   87   91   92   95   95   95   95  100  107  122  140  164  185  204  221
  243  262  282  302  322  337  350  358  395                                   
    45.0-180.0 180.0   5.0 450.0                            LAT/LON1/LON2/DLON/H
  411  447  456  460  456  448  429  411  389  374  360  351  344  337  328  316
  296  270  241  213  188  165  146  129  116  107  101   97   93   90   85   82
   81   83   88   93   99   99   99   95   94   93   96   98  100   99   98   97
  101  101  104  105  107  107  108  108  114  121  135  154  175  194  210  226
  248  269  293  319  344  365  382  381  411                                   
    42.5-180.0 180.0   5.0 450.0                            LAT/LON1/LON2/DLON/H
  417  450  464  473  474  471  456  440  415  394  373  359  350  341  332  317
  297  269  244  221  202  187  172  159  146  134  123  115  106   98   90   85
   83   86   91   98  102  105  103  102  100  103  106  110  113  113  112  111
  114  113  116  117  121  121  123  124  132  140  155  171  189  205  217  231
  252  271  297  326  357  376  393  393  417                                   
    40.0-180.0 180.0   5.0 450.0                            LAT/LON1/LON2/DLON/H
  415  451  463  473  479  477  465  452  430  407  382  367  356  347  335  319
  296  271  248  230  218  208  198  185  170  154  138  123  110   98   88   81
   82   85   92   98  105  106  107  104  106  109  116  120  124  123  125  124
  126  126  128  129  132  133  137  142  152  162  177  191  206  218  227  240
  258  277  301  331  360  381  400  393  415                                   
    37.5-180.0 180.0   5.0 450.0                            LAT/LON1/LON2/DLON/H
  409  434  450  459  465  466  457  448  430  410  386  372  362  352  340  321
  299  276  258  245  236  229  219  205  185  162  140  122  106   93   84   78
   80   84   91   99  104  107  106  107  110  118  124  130  133  133  134  133
  134  134  136  136  140  143  151  159  171  184  197  212  223  233  238  249
  264  280  300  326  356  375  391  390  409                                   
    35.0-180.0 180.0   5.0 450.0                            LAT/LON1/LON2/DLON/H
  414  434  441  443  448  446  437  429  415  400  381  371  364  356  344  328
  307  289  275  266  257  247  233  212  187  158  134  115  102   92   88   84
   88   91   98  103  109  109  110  110  118  124  133  136  140  138  139  137
  138  136  137  138  142  146  156  166  182  196  213  227  240  246  253  262
  276  290  306  327  351  371  391  389  414                                   
    32.5-180.0 180.0   5.0 450.0                            LAT/LON1/LON2/DLON/H
  437  440  442  439  437  432  421  412  398  387  372  368  363  360  349  335
  318  305  294  287  274  258  236  207  177  147  125  113  107  106  107  110
  113  116  116  120  121  122  120  122  128  136  141  144  144  141  139  136
  135  133  133  134  139  144  153  165  181  200  220  238  252  262  268  280
  293  305  319  334  356  376  397  401  437                                   
    30.0-180.0 180.0   5.0 450.0                            LAT/LON1/LON2/DLON/H
  493  491  478  466  458  444  425  409  391  376  365  362  362  361  354  343
  330  321  313  304  286  261  230  196  165  140  127  123  129  137  148  154
  161  158  154  151  147  142  141  141  145  149  153  152  149  142  138  132
  130  127  127  128  133  137  146  156  175  196  222  245  264  278  288  306
  322  340  352  364  377  396  424  439  493                                   
    27.5-180.0 180.0   5.0 450.0                            LAT/LON1/LON2/DLON/H
  577  571  546  535  518  496  465  443  415  397  378  374  368  369  359  351
  339  333  324  311  285  253  217  185  158  145  144  157  176  196  213  226
  230  224  207  196  184  174  167  165  165  166  165  160  152  142  135  128
  125  120  119  119  122  128  135  148  167  193  225  256  280  298  314  339
  361  384  397  407  414  436  466  503  577                                   
    25.0-180.0 180.0   5.0 450.0                            LAT/LON1/LON2/DLON/H
  693  696  667  655  632  601  562  523  483  444  417  399  388  380  370  359
  345  336  323  303  273  237  206  181  169  172  187  211  242  269  289  302
  299  291  265  243  224  210  196  191  185  182  176  168  154  142  132  124
  119  114  112  109  110  114  125  139  164  195  232  271  296  322  344  377
  408  436  455  465  478  504  552  593  693                                   
    22.5-180.0 180.0   5.0 450.0                            LAT/LON1/LON2/DLON/H
  790  824  810  803  768  731  684  644  590  541  490  458  428  412  390  373
  351  335  314  288  256  226  204  195  200  220  251  286  320  343  357  366
  360  350  316  285  261  241  221  213  202  195  185  172  156  141  129  121
  112  106  102   99   97  102  115  134  163  200  244  287  321  353  387  429
  464  496  520  538  556  589  644  692  790                                   
    20.0-180.0 180.0   5.0 450.0                            LAT/LON1/LON2/DLON/H
  887  957  963  962  937  897  849  797  738  672  605  547  500  463  433  400
  371  339  309  277  249  228  221  232  257  295  334  369  396  408  414  415
  407  390  354  322  293  270  246  232  217  206  192  179  163  147  133  121
  110  101   94   88   87   94  113  136  170  216  262  309  347  389  436  481
  527  562  598  618  647  682  751  782  887                                   
    17.5-180.0 180.0   5.0 450.0                            LAT/LON1/LON2/DLON/H
  935 1018 1050 1062 1049 1023  982  939  877  811  732  661  593  541  488  443
  397  355  314  283  262  256  269  297  337  382  416  439  447  450  438  435
  420  406  373  339  310  283  259  245  226  214  200  187  172  154  137  122
  109   98   92   83   85   89  112  135  177  226  276  326  372  427  478  530
  576  616  652  682  715  753  811  837  935                                   
    15.0-180.0 180.0   5.0 450.0                            LAT/LON1/LON2/DLON/H
  971 1047 1093 1112 1121 1101 1082 1043 1002  946  869  785  706  632  568  504
  448  390  344  310  297  308  339  386  431  467  484  487  478  457  439  426
  412  394  367  337  312  288  268  252  235  223  210  197  184  165  147  129
  117  104   97   88   87   94  117  144  189  240  291  343  400  457  511  561
  612  653  693  723  760  798  853  861  971                                   
    12.5-180.0 180.0   5.0 450.0                            LAT/LON1/LON2/DLON/H
  936 1025 1074 1103 1121 1124 1116 1098 1067 1020  964  885  803  722  644  577
  510  453  398  367  360  385  426  475  512  528  517  496  457  431  400  390
  376  363  340  320  298  283  268  256  239  231  219  211  196  178  159  142
  131  118  110   95   95   98  123  151  195  243  294  348  410  470  523  580
  630  677  711  747  777  810  849  850  936                                   
    10.0-180.0 180.0   5.0 450.0                            LAT/LON1/LON2/DLON/H
  897  976 1025 1060 1095 1109 1127 1118 1107 1067 1025  964  898  815  741  660
  596  530  479  445  444  467  509  547  568  560  521  468  422  382  355  342
  337  330  319  303  293  281  274  261  249  240  231  220  210  189  173  155
  144  130  118  106  101  105  130  159  202  244  299  352  418  475  530  584
  635  680  718  751  781  811  846  828  897                                   
     7.5-180.0 180.0   5.0 450.0                            LAT/LON1/LON2/DLON/H
  824  902  943  983 1021 1053 1078 1093 1096 1076 1046 1000  950  885  815  742
  676  619  567  541  533  553  577  596  590  558  489  422  367  334  311  309
