data/unet/pred2550.15i
     1.0            IONOSPHERE MAPS     GNSS                IONEX VERSION / TYPE
pyspatialgeodesy        IME             05-JAN-18 20:20     PGM / RUN BY / DATE 
Map Name                                                    COMMENT             
Predicted global ionosphere maps (GIM).                     DESCRIPTION         
  2015     9    12     0     0     0                        EPOCH OF FIRST MAP  
  2015     9    13     0     0     0                        EPOCH OF LAST MAP   
  7200                                                      INTERVAL            
    13                                                      # OF MAPS IN FILE   
  NONE                                                      MAPPING FUNCTION    
10.0                                                        ELEVATION CUTOFF    
One-way carrier phase leveled to code                       OBSERVABLES USED    
  6371.0                                                    BASE RADIUS         
 2                                                          MAP DIMENSION       
   450.0 450.0   0.0                                        HGT1 / HGT2 / DHGT  
    87.5 -87.5  -2.5                                        LAT1 / LAT2 / DLAT  
  -180.0 180.0   5.0                                        LON1 / LON2 / DLON  
    -1                                                      EXPONENT            
                                                            END OF HEADER       
[from data line 3432]
     9                                                      START OF TEC MAP    
  2015     9    12    16     0     0                        EPOCH OF CURRENT MAP
    87.5-180.0 180.0   5.0 450.0                            LAT/LON1/LON2/DLON/H
  101  110  107  108  107  107  107  108  108  109  109  110  110  111  111  112
  112  112  113  112  113  112  112  111  112  110  111  109  110  109  109  108
  108  107  108  107  107  107  107  106  107  106  107  107  107  107  107  107
  107  107  107  107  107  107  107  107  107  107  107  107  107  107  107  107
  107  106  107  106  107  105  108  125  101                                   
    85.0-180.0 180.0   5.0 450.0                            LAT/LON1/LON2/DLON/H
   78   91   85   85   88   87   89   89   91   91   92   93   95   95   97   97
   98   98   99   99   99   99   99   99   98   98   97   97   96   95   94   94
   93   92   92   91   91   90   90   90   91   90   91   90   91   90   91   90
   91   90   91   90   92   90   92   90   92   90   91   90   91   89   91   89
   90   88   89   87   89   85   88   90   78                                   
    82.5-180.0 180.0   5.0 450.0                            LAT/LON1/LON2/DLON/H
   80   75   73   73   74   74   75   76   78   79   80   82   83   85   86   88
   90   90   92   93   94   94   95   94   95   93   94   92   93   90   91   88
   89   86   86   84   85   83   83   82   83   83   83   82   83   83   83   84
   84   84   84   84   84   84   83   83   81   82   79   80   78   78   76   76
   75   74   74   73   74   66   80   71   80                                   
    80.0-180.0 180.0   5.0 450.0                            LAT/LON1/LON2/DLON/H
   70   69   69   68   68   71   70   73   73   76   76   79   79   82   83   87
   87   90   91   94   94   96   95   98   96   98   95   98   94   96   92   94
   90   92   88   90   86   89   85   87   84   87   83   86   83   87   84   87
   84   88   84   87   84   87   82   85   80   82   77   80   75   77   73   74
   71   72   69   69   67   66   69   68   70                                   
    77.5-180.0 180.0   5.0 450.0                            LAT/LON1/LON2/DLON/H
   64   67   67   63   66   65   67   67   68   68   71   72   74   75   80   82
   86   87   93   94   98   99  102  102  103  102  103  102  101   99   98   96
   94   93   92   91   89   89   87   87   86   86   85   86   85   87   86   88
   87   89   88   89   88   87   86   84   82   80   79   77   75   73   72   69
   69   67   68   65   64   58   61   61   64                                   
    75.0-180.0 180.0   5.0 450.0                            LAT/LON1/LON2/DLON/H
   61   65   64   63   65   66   69   67   71   69   72   71   75   75   80   81
   86   89   94   98  102  104  107  107  107  108  106  106  104  103  100   99
   96   95   93   93   91   91   90   89   87   88   86   86   85   87   86   87
   87   89   89   89   88   87   85   83   80   78   76   73   71   70   69   66
   66   65   65   63   63   62   65   63   61                                   
    72.5-180.0 180.0   5.0 450.0                            LAT/LON1/LON2/DLON/H
   60   67   67   64   67   68   69   69   69   68   69   69   72   71   76   77
   84   86   94   97  104  107  112  112  113  112  112  110  108  106  103  101
   98   97   96   96   94   94   92   92   88   88   84   85   82   84   82   85
   84   87   87   88   86   86   83   82   78   76   73   72   69   68   66   65
   64   64   64   62   62   59   60   61   60                                   
    70.0-180.0 180.0   5.0 450.0                            LAT/LON1/LON2/DLON/H
   60   65   65   65   69   68   72   69   72   70   73   70   74   72   77   78
   84   87   95   99  106  111  117  117  117  116  114  113  108  107  103  101
   98   97   96   95   94   93   92   90   87   85   81   80   76   78   76   79
   78   82   81   83   81   81   77   76   72   70   67   66   64   63   63   61
   62   61   62   61   62   60   62   63   60                                   
    67.5-180.0 180.0   5.0 450.0                            LAT/LON1/LON2/DLON/H
   59   65   64   64   67   69   71   71   72   71   73   72   75   73   79   79
   86   88   98  102  111  114  122  122  123  121  119  116  111  109  106  104
  100  100   98   99   96   97   93   92   85   84   78   75   70   70   68   70
   70   73   74   75   74   73   70   68   65   63   61   60   60   59   60   60
   60   60   61   59   60   55   55   60   59                                   
    65.0-180.0 180.0   5.0 450.0                            LAT/LON1/LON2/DLON/H
   56   59   59   61   64   66   71   69   74   72   76   73   78   76   82   82
   90   91  101  104  114  118  127  126  128  125  121  117  112  109  105  103
  100   98   97   96   96   95   93   90   85   81   74   69   63   62   59   60
   60   64   64   66   64   64   61   60   57   56   55   54   55   55   56   56
   57   56   57   54   55   54   54   57   56                                   
    62.5-180.0 180.0   5.0 450.0                            LAT/LON1/LON2/DLON/H
   51   53   53   54   57   60   65   67   70   71   74   75   80   79   85   86
   93   95  105  109  119  121  130  129  131  127  125  120  115  112  109  107
  103  102  100  101   98   99   94   93   86   81   74   68   62   57   55   54
   54   55   56   56   56   54   52   51   50   49   49   50   51   51   52   53
   52   53   52   50   49   44   43   48   51                                   
    60.0-180.0 180.0   5.0 450.0                            LAT/LON1/LON2/DLON/H
   45   43   45   47   51   53   59   59   66   66   73   74   81   81   89   90
   97   99  109  112  121  124  132  133  134  130  128  123  118  114  111  110
  107  105  103  102  101  100   97   95   88   84   75   70   61   57   53   52
   51   51   51   51   49   47   45   44   44   43   44   45   47   48   48   48
   48   46   45   42   42   42   40   40   45                                   
    57.5-180.0 180.0   5.0 450.0                            LAT/LON1/LON2/DLON/H
   41   39   41   41   43   45   49   53   58   61   68   73   80   82   90   91
   98  100  109  112  122  123  132  132  135  130  131  126  124  121  119  117
  115  113  111  110  107  107  104  102   96   92   85   78   70   63   58   55
   53   50   49   47   44   41   39   39   38   39   40   43   43   44   43   44
   42   42   41   38   37   33   30   32   41                                   
    55.0-180.0 180.0   5.0 450.0                            LAT/LON1/LON2/DLON/H
   38   33   35   37   39   39   45   45   53   55   66   69   79   81   90   91
   99  100  110  112  121  123  131  132  136  133  134  129  129  127  127  125
  123  121  118  116  114  113  111  110  105  103   95   90   81   76   69   65
   59   56   52   48   44   41   38   37   37   38   39   41   41   41   41   40
   39   39   37   34   34   35   31   27   38                                   
    52.5-180.0 180.0   5.0 450.0                            LAT/LON1/LON2/DLON/H
   38   34   36   34   37   37   41   44   50   54   63   69   79   82   91   94
  101  101  109  112  120  121  130  130  137  133  137  133  136  134  136  134
  134  130  128  125  124  123  122  121  119  115  111  105   99   91   83   77
   70   64   57   53   47   43   40   39   39   40   40   42   40   40   38   37
   36   36   36   34   34   31   28   25   38                                   
    50.0-180.0 180.0   5.0 450.0                            LAT/LON1/LON2/DLON/H
   40   34   37   36   38   37   44   43   52   54   64   69   78   81   91   93
  101  101  109  111  118  120  130  133  138  138  141  140  143  142  144  143
  141  138  134  133  130  130  129  130  128  127  123  120  114  107   99   92
   84   77   69   63   55   50   46   46   46   46   45   45   43   41   40   38
   39   38   39   37   38   39   36   29   40                                   
    47.5-180.0 180.0   5.0 450.0                            LAT/LON1/LON2/DLON/H
   45   42   43   40   41   42   46   49   56   61   69   75   83   87   95   99
  105  106  111  113  118  121  130  134  143  140  147  145  150  147  151  148
  148  143  141  139  138  139  139  139  139  137  135  132  127  121  112  105
   96   89   81   74   66   61   57   56   55   55   53   53   49   46   43   42
   41   43   44   43   43   41   38   35   45                                   
    45.0-180.0 180.0   5.0 450.0                            LAT/LON1/LON2/DLON/H
   50   47   48   47   48   47   54   54   64   68   76   80   87   90   98  102
  108  110  113  114  120  122  133  138  146  147  150  150  153  153  153  151
  148  145  141  141  141  143  144  144  144  143  142  139  137  130  123  114
  107   99   92   85   79   74   71   69   68   66   64   60   56   52   50   47
   49   49   52   49   51   52   50   46   50                                   
    42.5-180.0 180.0   5.0 450.0                            LAT/LON1/LON2/DLON/H
   54   54   53   51   51   53   60   64   74   80   87   92   98  101  109  115
  120  120  122  122  126  129  138  144  154  153  159  156  159  154  156  151
  150  144  145  144  147  149  151  151  150  148  147  144  141  135  128  121
  114  107  101   95   89   85   82   81   81   78   74   71   65   61   58   57
   56   58   59   58   58   55   54   52   54                                   
    40.0-180.0 180.0   5.0 450.0                            LAT/LON1/LON2/DLON/H
   57   56   55   54   57   58   67   69   82   88   97  100  107  110  118  123
  127  127  128  129  133  137  145  152  158  162  161  164  159  159  154  152
  149  147  148  149  154  156  159  156  156  152  151  148  146  141  135  127
  121  113  107  103   98   96   94   94   93   91   87   83   77   72   68   66
   66   65   67   64   64   64   63   60   57                                   
    37.5-180.0 180.0   5.0 450.0                            LAT/LON1/LON2/DLON/H
   59   58   55   53   54   59   68   76   90   99  108  113  120  124  132  137
  141  141  141  141  145  148  156  162  170  174  177  174  171  163  162  156
  157  154  159  163  168  171  173  170  165  161  158  155  152  147  141  134
  126  120  113  108  103  102  101  103  103   99   95   93   87   84   80   78
   74   74   73   71   67   65   65   61   59                                   
    35.0-180.0 180.0   5.0 450.0                            LAT/LON1/LON2/DLON/H
   59   54   52   49   55   58   70   77   93  103  115  120  129  133  143  146
  151  150  149  149  154  158  166  173  180  185  185  184  177  174  169  168
  171  172  179  183  192  194  196  187  182  174  170  163  161  155  149  140
  132  124  117  110  106  105  105  106  107  105  101   98   93   92   89   85
   83   79   78   72   70   68   69   64   59                                   
    32.5-180.0 180.0   5.0 450.0                            LAT/LON1/LON2/DLON/H
   59   54   48   46   47   53   64   76   93  105  120  128  140  143  153  155
  161  158  160  160  165  169  177  185  195  198  204  200  197  188  189  186
  193  195  205  212  221  224  224  216  205  195  188  183  178  172  162  152
  141  130  121  112  106  103  104  105  108  105  102   99   96   95   93   90
   86   83   80   74   68   66   67   62   59                                   
    30.0-180.0 180.0   5.0 450.0                            LAT/LON1/LON2/DLON/H
   62   53   50   44   50   53   66   74   93  104  121  131  145  149  160  162
  167  166  169  170  176  180  188  193  202  207  214  216  215  215  215  222
  229  241  248  261  264  269  263  254  241  228  220  212  207  198  187  172
  157  141  128  116  109  107  106  109  110  109  105  104   99   99   96   93
   90   87   84   76   72   70   70   65   62                                   
    27.5-180.0 180.0   5.0 450.0                            LAT/LON1/LON2/DLON/H
   67   60   50   49   50   54   64   75   93  105  122  133  148  153  164  165
  171  168  175  175  184  187  196  200  210  216  229  234  243  244  256  261
  278  284  298  303  307  303  297  287  276  263  253  244  236  225  210  192
  172  153  137  123  114  111  112  111  113  109  108  105  104  101  101   99
   96   93   89   82   75   72   71   66   67                                   
    25.0-180.0 180.0   5.0 450.0                            LAT/LON1/LON2/DLON/H
   73   63   59   54   57   58   69   77   94  105  121  134  151  158  170  170
  176  175  182  184  194  197  203  205  213  223  234  249  264  273  286  298
  312  324  335  339  334  332  323  320  305  298  286  277  267  253  234  213
  190  169  150  132  124  117  117  115  115  111  109  110  108  108  105  106
  104  104   99   92   85   81   80   74   73                                   
    22.5-180.0 180.0   5.0 450.0                            LAT/LON1/LON2/DLON/H
   81   73   65   63   64   69   76   86  101  113  127  138  154  160  172  171
  180  177  188  188  203  203  210  211  219  226  245  259  285  292  316  320
  344  349  364  358  357  350  347  344  332  321  306  297  282  268  248  228
  206  185  165  146  138  131  128  124  122  115  113  112  115  111  113  111
  113  110  108  102   95   87   85   75   81                                   
    20.0-180.0 180.0   5.0 450.0                            LAT/LON1/LON2/DLON/H
   91   80   75   70   75   75   83   88  102  113  128  137  154  163  176  178
  187  186  198  201  215  218  222  223  228  238  255  278  301  313  335  345
  367  373  381  374  368  369  365  368  353  344  326  315  300  281  262  244
  224  208  190  174  159  151  144  137  131  122  118  118  119  119  119  121
  122  122  117  112  104   96   95   82   91                                   
    17.5-180.0 180.0   5.0 450.0                            LAT/LON1/LON2/DLON/H
  100   86   80   79   81   83   90   99  110  122  134  146  162  169  184  185
  197  196  210  212  228  230  237  235  241  248  274  292  321  330  358  362
  388  387  399  387  387  385  389  386  375  362  344  328  309  292  275  259
  244  230  213  192  180  170  163  152  143  131  124  121  123  122  126  124
  129  124  125  114  111   97   98   79  100                                   
    15.0-180.0 180.0   5.0 450.0                            LAT/LON1/LON2/DLON/H
  104   89   84   80   85   86   95   99  113  123  136  147  162  175  191  197
  210  213  228  232  246  249  254  256  262  276  297  319  345  361  385  387
  402  400  403  394  393  395  395  396  387  376  358  337  319  301  288  272
  259  247  232  221  206  196  181  169  157  142  132  126  127  127  129  130
  134  131  128  119  109  101   98   81  104                                   
    12.5-180.0 180.0   5.0 450.0                            LAT/LON1/LON2/DLON/H
   99   86   87   82   85   86   97  106  121  133  144  158  172  186  203  212
  228  233  250  254  268  268  277  278  290  299  323  342  372  385  404  405
  416  409  411  401  403  402  405  406  400  388  368  344  327  309  298  285
  273  262  247  236  222  210  195  181  167  150  137  130  130  127  130  129
  135  130  130  116  116  102  100   73   99                                   
    10.0-180.0 180.0   5.0 450.0                            LAT/LON1/LON2/DLON/H
   95   83   82   78   81   81   94  106  124  134  150  160  176  190  209  224
  242  253  268  273  284  287  295  301  312  325  345  370  397  413  427  424
  428  415  411  399  402  398  403  404  401  390  370  348  334  318  309  298
  287  275  258  246  229  218  202  187  171  155  142  133  130  128  128  128
  133  129  127  117  109  101   96   71   95                                   
     7.5-180.0 180.0   5.0 450.0                            LAT/LON1/LON2/DLON/H
   85   76   77   71   75   74   89  106  128  143  159  170  187  205  224  243
  261  276  289  295  302  306  313  321  335  347  371  390  417  428  441  436
