data/unet/pred0240.15i
     1.0            IONOSPHERE MAPS     GNSS                IONEX VERSION / TYPE
pyspatialgeodesy        IME             05-JAN-18 20:20     PGM / RUN BY / DATE 
Map Name                                                    COMMENT             
Predicted global ionosphere maps (GIM).                     DESCRIPTION         
  2015     1    24     0     0     0                        EPOCH OF FIRST MAP  
  2015     1    25     0     0     0                        EPOCH OF LAST MAP   
  7200                                                      INTERVAL            
    13                                                      # OF MAPS IN FILE   
  NONE                                                      MAPPING FUNCTION    
10.0                                                        ELEVATION CUTOFF    
One-way carrier phase leveled to code                       OBSERVABLES USED    
  6371.0                                                    BASE RADIUS         
 2                                                          MAP DIMENSION       
   450.0 450.0   0.0                                        HGT1 / HGT2 / DHGT  
    87.5 -87.5  -2.5                                        LAT1 / LAT2 / DLAT  
  -180.0 180.0   5.0                                        LON1 / LON2 / DLON  
    -1                                                      EXPONENT            
                                                            END OF HEADER       
[from data line 4290]
    11                                                      START OF TEC MAP    
  2015     1    24    20     0     0                        EPOCH OF CURRENT MAP
    87.5-180.0 180.0   5.0 450.0                            LAT/LON1/LON2/DLON/H
  119   87   66   71   69   69   69   70   71   72   73   74   74   76   75   77
   76   78   77   78   77   78   77   77   76   76   75   75   73   74   72   72
   71   71   69   70   68   69   67   67   66   67   65   66   64   66   64   65
   64   66   64   66   65   68   66   69   67   70   68   71   68   71   68   70
   68   70   67   69   69   70   62  115  119                                   
    85.0-180.0 180.0   5.0 450.0                            LAT/LON1/LON2/DLON/H
   54   52   50   54   56   55   56   57   61   61   64   64   67   67   70   69
   72   70   73   70   74   70   74   70   73   70   72   69   71   67   69   65
   67   63   64   61   62   58   60   57   59   56   58   56   59   56   60   57
   61   59   62   61   64   63   65   64   67   65   66   64   65   63   63   60
   60   57   57   55   58   54   52   84   54                                   
    82.5-180.0 180.0   5.0 450.0                            LAT/LON1/LON2/DLON/H
   44   44   42   45   46   47   48   52   56   60   63   67   70   73   75   77
   77   79   79   79   79   79   79   79   78   78   76   76   74   75   72   73
   70   70   66   66   63   62   59   58   57   56   56   55   56   56   57   57
   59   59   60   61   62   64   64   65   65   65   63   64   61   61   58   57
   54   53   50   49   47   45   44   63   44                                   
    80.0-180.0 180.0   5.0 450.0                            LAT/LON1/LON2/DLON/H
   43   36   35   36   39   38   46   48   57   59   68   70   78   79   85   85
   88   87   88   85   86   82   82   79   79   75   76   73   74   71   71   69
   69   66   65   62   61   57   57   53   53   50   51   49   51   50   53   52
   56   55   59   58   62   60   64   62   65   62   64   60   61   56   56   50
   50   45   45   39   40   36   35   50   43                                   
    77.5-180.0 180.0   5.0 450.0                            LAT/LON1/LON2/DLON/H
   37   32   30   32   35   38   44   50   58   64   73   79   86   92   96   99
  100   99   97   93   90   86   83   80   77   75   73   72   71   70   70   70
   68   67   66   64   61   58   54   52   48   47   45   45   45   47   48   51
   52   55   57   59   61   62   64   64   64   64   64   62   60   57   55   51
   48   44   42   38   35   32   31   40   37                                   
    75.0-180.0 180.0   5.0 450.0                            LAT/LON1/LON2/DLON/H
   38   32   32   36   40   44   53   59   69   77   88   96  106  111  116  118
  118  116  112  105   99   92   87   82   77   74   70   70   67   68   66   67
   66   67   65   64   61   60   55   53   48   48   44   44   42   45   45   47
   49   51   54   56   59   60   63   63   64   63   63   62   60   58   55   52
   48   46   43   38   37   32   33   42   38                                   
    72.5-180.0 180.0   5.0 450.0                            LAT/LON1/LON2/DLON/H
   42   41   41   45   50   55   64   72   83   93  106  115  125  132  135  138
  135  133  125  119  108  101   92   86   77   72   67   66   63   64   63   64
   64   65   64   64   61   60   55   54   48   48   42   43   39   42   41   44
   44   48   49   53   55   58   59   60   60   60   59   58   57   55   53   50
   47   45   43   40   38   36   37   41   42                                   
    70.0-180.0 180.0   5.0 450.0                            LAT/LON1/LON2/DLON/H
   52   50   53   56   62   68   79   87  102  111  127  136  147  152  156  155
  153  147  140  130  119  108   99   88   79   71   65   61   58   56   56   56
   57   56   58   56   56   53   50   48   45   44   41   41   39   40   40   41
   42   44   47   48   51   52   54   54   56   55   55   53   53   51   50   48
   46   44   44   40   42   39   43   46   52                                   
    67.5-180.0 180.0   5.0 450.0                            LAT/LON1/LON2/DLON/H
   62   65   67   71   77   83   94  104  119  130  145  155  165  172  174  175
  171  167  157  148  134  124  110   99   86   76   66   59   52   48   46   45
   45   45   46   48   46   47   44   44   40   41   38   40   38   39   37   39
   37   40   39   42   42   44   44   46   46   46   47   46   46   46   45   44
   42   41   41   40   41   42   46   48   62                                   
    65.0-180.0 180.0   5.0 450.0                            LAT/LON1/LON2/DLON/H
   71   73   80   83   92   99  113  123  139  149  166  174  187  191  196  194
  190  184  175  165  150  137  123  109   96   84   71   61   50   44   38   36
   35   33   34   34   34   33   34   34   34   35   36   37   36   38   36   36
   34   35   35   37   36   38   38   38   39   40   41   41   42   42   41   41
   39   38   38   36   40   41   48   53   71                                   
    62.5-180.0 180.0   5.0 450.0                            LAT/LON1/LON2/DLON/H
   74   82   88   97  106  115  126  138  152  165  178  190  199  208  211  213
  208  205  195  185  170  156  142  128  113   98   85   70   58   45   38   31
   28   25   24   23   24   24   25   27   30   31   34   36   36   36   34   33
   29   30   28   29   28   29   28   30   31   33   34   36   37   38   37   36
   34   32   32   31   33   37   46   51   74                                   
    60.0-180.0 180.0   5.0 450.0                            LAT/LON1/LON2/DLON/H
   78   82   96  105  119  128  144  154  171  182  197  207  218  223  227  228
  227  223  212  201  188  172  158  142  128  111   99   82   70   53   45   33
   29   22   20   17   17   17   19   22   27   31   34   37   38   38   35   33
   29   28   27   27   26   28   28   29   30   32   34   36   37   38   38   36
   34   31   30   27   31   32   45   51   78                                   
    57.5-180.0 180.0   5.0 450.0                            LAT/LON1/LON2/DLON/H
   77   88  100  116  130  142  155  168  183  197  210  222  229  236  238  243
  243  241  230  220  206  191  176  159  146  129  117   99   87   67   57   42
   35   26   23   19   18   16   19   22   29   33   39   42   44   41   38   34
   30   28   27   28   28   28   29   30   31   33   36   38   40   41   40   38
   34   30   27   24   26   30   42   47   77                                   
    55.0-180.0 180.0   5.0 450.0                            LAT/LON1/LON2/DLON/H
   82   92  111  127  145  158  175  187  204  216  227  235  242  243  248  250
  253  250  242  231  219  204  190  172  161  145  136  120  108   88   75   58
   49   37   33   27   25   23   25   28   35   40   46   50   51   50   45   42
   37   36   35   36   36   37   37   38   39   42   44   46   47   48   46   43
   39   34   31   26   28   29   44   51   82                                   
    52.5-180.0 180.0   5.0 450.0                            LAT/LON1/LON2/DLON/H
   86  101  118  140  157  174  190  207  224  236  244  248  251  251  255  257
  260  257  250  240  229  216  203  188  176  161  153  138  129  109   95   75
   64   53   46   40   38   34   36   38   45   50   57   60   63   60   57   52
   49   47   48   47   49   49   49   48   50   51   53   54   54   54   52   49
   45   39   36   31   32   34   47   55   86                                   
    50.0-180.0 180.0   5.0 450.0                            LAT/LON1/LON2/DLON/H
   97  110  133  154  174  191  212  228  244  253  258  258  258  254  258  258
  263  258  253  242  233  220  211  195  188  174  168  154  145  126  112   92
   81   66   60   55   52   49   50   52   57   61   67   70   74   72   70   67
   65   64   65   65   65   64   63   63   63   63   64   64   63   62   60   56
   53   47   45   39   42   41   56   66   97                                   
    47.5-180.0 180.0   5.0 450.0                            LAT/LON1/LON2/DLON/H
  107  124  142  167  186  207  227  246  261  269  271  268  265  260  262  261
  264  261  255  246  236  227  217  208  200  191  182  170  159  139  124  106
   91   78   72   66   65   61   64   63   68   70   75   79   82   81   81   79
   79   79   81   80   81   79   77   75   74   73   73   72   70   67   64   60
   57   54   52   49   51   53   64   78  107                                   
    45.0-180.0 180.0   5.0 450.0                            LAT/LON1/LON2/DLON/H
  120  134  157  178  199  219  240  259  274  281  281  276  270  264  263  264
  266  263  258  247  239  230  225  214  210  199  193  178  167  144  129  109
   97   84   78   74   74   73   73   73   75   76   81   84   88   89   91   92
   93   94   96   95   95   92   90   87   85   83   82   79   76   72   69   65
   63   59   60   57   62   65   79   94  120                                   
    42.5-180.0 180.0   5.0 450.0                            LAT/LON1/LON2/DLON/H
  131  146  162  184  204  225  247  268  281  291  288  285  278  272  270  270
  273  269  263  254  246  240  233  228  220  211  200  185  168  145  128  109
   96   85   81   78   80   78   80   78   80   79   83   85   91   93   96   98
  101  102  104  103  103  100   97   93   91   88   86   82   78   74   69   65
   62   60   61   62   69   75   88  106  131                                   
    40.0-180.0 180.0   5.0 450.0                            LAT/LON1/LON2/DLON/H
  140  153  171  189  208  229  249  269  284  293  292  289  283  279  277  278
  281  276  270  260  256  249  245  236  231  215  204  182  164  138  122  101
   92   83   82   83   86   86   86   85   83   82   85   88   93   96  101  103
  107  107  109  107  106  103  102   98   96   91   89   84   81   76   71   65
   63   59   62   63   74   82   99  117  140                                   
    37.5-180.0 180.0   5.0 450.0                            LAT/LON1/LON2/DLON/H
  148  161  171  190  207  225  246  267  282  294  295  295  291  288  287  289
  292  287  282  274  269  265  260  253  241  225  207  184  162  138  121  104
   96   91   94   95   99   96   96   92   90   86   88   89   94   97  102  104
  107  107  108  107  106  104  103  100   97   93   89   84   80   75   69   63
   58   54   55   59   71   84  102  122  148                                   
    35.0-180.0 180.0   5.0 450.0                            LAT/LON1/LON2/DLON/H
  155  168  180  197  210  228  246  264  281  291  297  298  297  295  296  297
  301  297  293  286  283  278  274  261  249  227  209  180  162  137  125  110
  108  108  113  117  117  114  110  106  101   97   95   95   98  100  104  106
  108  106  107  105  105  104  104  102   98   94   90   85   81   75   70   62
   56   50   51   54   70   84  110  130  155                                   
    32.5-180.0 180.0   5.0 450.0                            LAT/LON1/LON2/DLON/H
  160  176  184  201  214  230  246  263  279  291  299  303  305  305  306  308
  310  308  305  300  295  292  282  269  251  232  210  186  170  152  141  134
  135  139  144  146  145  136  131  122  118  111  108  104  105  104  107  106
  107  106  105  104  105  106  106  105  100   95   90   85   81   76   70   63
   55   48   46   50   64   82  110  132  160                                   
    30.0-180.0 180.0   5.0 450.0                            LAT/LON1/LON2/DLON/H
  169  190  204  219  231  246  258  272  286  294  305  308  312  312  313  315
  317  315  311  307  302  295  285  267  250  229  214  191  183  166  162  157
  165  171  179  179  173  163  150  143  135  131  126  123  120  118  117  114
  113  111  110  110  112  113  113  110  104   97   92   86   82   77   73   65
   58   50   48   51   67   83  118  139  169                                   
    27.5-180.0 180.0   5.0 450.0                            LAT/LON1/LON2/DLON/H
  179  208  221  242  256  268  276  287  297  306  315  318  321  321  322  322
  322  320  314  308  300  291  277  262  247  235  224  211  205  195  194  195
  206  213  222  217  205  187  173  161  155  149  146  140  136  132  130  126
  123  122  120  122  121  123  120  116  108   99   92   86   82   78   74   68
   62   57   53   55   67   90  122  148  179                                   
    25.0-180.0 180.0   5.0 450.0                            LAT/LON1/LON2/DLON/H
  196  230  251  273  287  300  308  314  321  322  331  332  334  330  331  329
  328  324  316  307  296  282  269  254  249  241  241  232  234  230  236  238
  250  255  260  251  232  211  192  179  173  169  166  163  156  152  147  144
  140  138  137  137  136  136  129  122  112  101   92   86   81   77   75   71
   68   65   63   64   75   96  135  162  196                                   
    22.5-180.0 180.0   5.0 450.0                            LAT/LON1/LON2/DLON/H
  210  253  274  301  322  339  343  348  348  347  352  353  354  348  344  340
  335  329  319  306  289  274  262  255  257  260  270  272  284  285  296  292
  302  304  305  282  257  230  207  194  185  183  179  176  172  167  163  158
  156  154  154  153  150  146  136  124  111   98   90   82   79   73   73   70
   71   70   71   72   82  106  140  177  210                                   
    20.0-180.0 180.0   5.0 450.0                            LAT/LON1/LON2/DLON/H
  228  271  304  332  359  377  383  385  379  375  372  373  374  368  363  355
  349  340  328  313  293  275  267  266  281  293  316  327  342  341  340  335
  336  335  328  305  270  237  213  197  191  188  187  185  181  179  175  174
  172  171  171  168  163  154  141  126  111   94   86   78   75   70   70   70
   74   77   79   86   92  115  150  189  228                                   
    17.5-180.0 180.0   5.0 450.0                            LAT/LON1/LON2/DLON/H
  238  290  320  357  388  409  415  415  407  402  394  394  393  393  389  382
  374  360  348  332  314  295  292  298  321  341  367  381  398  389  384  367
  363  351  337  309  271  240  213  199  191  190  188  184  182  178  179  179
  183  183  184  177  170  158  143  126  110   93   84   75   70   65   66   67
   75   80   86   92  103  127  157  201  238                                   
    15.0-180.0 180.0   5.0 450.0                            LAT/LON1/LON2/DLON/H
  253  303  340  378  409  433  444  445  434  437  422  430  424  424  419  415
  405  393  378  362  348  332  336  345  371  393  418  430  438  419  405  382
  370  345  326  295  264  233  213  197  191  187  182  179  176  178  179  184
  188  191  189  183  174  160  143  125  109   91   81   72   66   60   61   64
   74   85   93  107  117  141  174  211  253                                   
    12.5-180.0 180.0   5.0 450.0                            LAT/LON1/LON2/DLON/H
  255  313  345  388  424  447  459  459  460  460  459  462  464  462  457  452
  446  432  423  407  397  384  390  402  425  444  464  467  462  442  422  394
  364  337  308  282  254  232  212  204  192  188  178  172  170  168  173  176
  184  185  188  180  172  157  141  126  109   94   81   73   62   58   56   60
   72   84   97  109  126  150  182  223  255                                   
    10.0-180.0 180.0   5.0 450.0                            LAT/LON1/LON2/DLON/H
  267  320  354  396  432  459  474  480  481  487  483  496  494  506  501  502
  496  481  471  456  450  441  446  453  470  490  495  486  477  449  427  387
  356  317  294  270  254  236  224  215  201  191  175  168  164  162  165  169
  173  177  178  174  165  152  138  123  110   95   86   77   67   60   58   61
   74   87  103  117  133  159  194  229  267                                   
     7.5-180.0 180.0   5.0 450.0                            LAT/LON1/LON2/DLON/H
  267  323  354  398  435  463  480  485  493  497  505  516  530  541  544  547
  544  536  529  515  514  498  494  498  515  526  517  500  481  458  427  389
