data/unet/pred2690.15i
     1.0            IONOSPHERE MAPS     GNSS                IONEX VERSION / TYPE
pyspatialgeodesy        IME             05-JAN-18 20:20     PGM / RUN BY / DATE 
Map Name                                                    COMMENT             
Predicted global ionosphere maps (GIM).                     DESCRIPTION         
  2015     9    26     0     0     0                        EPOCH OF FIRST MAP  
  2015     9    27     0     0     0                        EPOCH OF LAST MAP   
  7200                                                      INTERVAL            
    13                                                      # OF MAPS IN FILE   
  NONE                                                      MAPPING FUNCTION    
10.0                                                        ELEVATION CUTOFF    
One-way carrier phase leveled to code                       OBSERVABLES USED    
  6371.0                                                    BASE RADIUS         
 2                                                          MAP DIMENSION       
   450.0 450.0   0.0                                        HGT1 / HGT2 / DHGT  
    87.5 -87.5  -2.5                                        LAT1 / LAT2 / DLAT  
  -180.0 180.0   5.0                                        LON1 / LON2 / DLON  
    -1                                                      EXPONENT            
                                                            END OF HEADER       
[from data line 4719]
    12                                                      START OF TEC MAP    
  2015     9    26    22     0     0                        EPOCH OF CURRENT MAP
    87.5-180.0 180.0   5.0 450.0                            LAT/LON1/LON2/DLON/H
  165  113   94   98   97   97   97   98   99  101  102  103  104  105  105  106
  106  107  107  107  106  107  106  106  104  105  103  104  102  103  101  101
  100  100   98   98   97   97   95   95   93   93   92   92   91   91   89   90
   89   91   90   91   90   91   91   92   92   93   93   93   94   94   94   94
   94   94   94   94   94   94   97  136  165                                   
    85.0-180.0 180.0   5.0 450.0                            LAT/LON1/LON2/DLON/H
   98   85   85   89   89   90   91   93   95   97   99  101  102  104  104  106
  105  106  105  106  103  104  102  103  100  100   98   98   96   96   94   94
   91   91   89   89   87   87   85   84   83   82   81   79   80   79   80   78
   80   79   81   80   82   81   83   83   84   84   84   84   84   85   84   84
   83   84   83   83   84   82   84  111   98                                   
    82.5-180.0 180.0   5.0 450.0                            LAT/LON1/LON2/DLON/H
   86   83   85   86   87   86   91   92   96   97  102  103  107  108  110  111
  112  113  112  112  110  109  107  106  104  102  100   98   96   94   92   91
   89   88   86   85   84   83   82   80   80   78   79   76   78   76   78   76
   78   77   80   77   81   78   82   79   82   79   82   79   82   78   81   78
   80   78   80   77   80   77   82   98   86                                   
    80.0-180.0 180.0   5.0 450.0                            LAT/LON1/LON2/DLON/H
   89   87   83   86   86   89   92   95   99  103  107  112  116  119  122  124
  124  125  124  124  122  120  117  115  112  108  105  103  100   97   95   93
   91   90   88   86   84   82   80   78   76   74   72   70   70   69   69   68
   69   69   70   71   71   72   72   73   73   73   72   73   72   72   71   72
   72   73   73   74   75   76   77   89   89                                   
    77.5-180.0 180.0   5.0 450.0                            LAT/LON1/LON2/DLON/H
   90   91   85   86   88   89   94   96  102  106  113  117  124  126  131  131
  133  132  133  129  128  124  122  117  114  109  106  101   99   95   93   91
   89   87   86   83   82   79   76   73   70   67   65   62   61   60   60   60
   60   61   62   62   63   63   64   65   64   65   64   65   64   65   64   66
   66   69   69   71   73   74   77   90   90                                   
    75.0-180.0 180.0   5.0 450.0                            LAT/LON1/LON2/DLON/H
   95   98   91   95   94   98  100  105  109  116  122  128  132  137  140  142
  142  143  141  139  135  132  127  122  117  112  108  103  100   96   94   92
   90   88   86   84   81   78   74   70   65   61   57   55   52   52   51   52
   51   53   52   54   53   55   54   56   54   56   54   57   56   59   59   63
   63   68   68   73   75   79   83   96   95                                   
    72.5-180.0 180.0   5.0 450.0                            LAT/LON1/LON2/DLON/H
  105  107  101  103  102  104  108  110  115  120  127  132  138  141  145  146
  147  145  145  141  139  134  131  124  120  111  107  101   98   93   91   89
   88   86   84   82   79   76   71   67   62   57   53   50   47   46   45   45
   45   45   45   46   46   46   46   46   47   48   48   50   51   53   56   59
   62   67   70   75   79   84   88  105  105                                   
    70.0-180.0 180.0   5.0 450.0                            LAT/LON1/LON2/DLON/H
  114  115  111  113  112  113  115  119  122  128  134  139  143  146  148  148
  149  148  148  145  144  140  136  129  123  115  109  101   97   92   89   86
   85   83   82   78   76   72   68   62   57   52   47   44   41   40   38   38
   38   38   38   38   37   38   37   38   38   40   41   44   46   50   52   57
   61   67   72   78   84   90   95  113  114                                   
    67.5-180.0 180.0   5.0 450.0                            LAT/LON1/LON2/DLON/H
  122  122  118  119  117  116  120  120  125  129  136  139  143  144  146  145
  146  144  146  144  145  141  140  132  127  117  110  100   94   87   84   80
   78   75   73   71   69   65   61   56   51   47   42   40   37   36   34   35
   33   33   32   32   31   31   30   32   32   35   37   41   43   49   52   57
   61   69   73   81   88   95   99  119  122                                   
    65.0-180.0 180.0   5.0 450.0                            LAT/LON1/LON2/DLON/H
  129  125  125  124  123  122  124  125  129  133  138  141  145  144  146  143
  145  143  147  147  150  148  147  140  134  123  115  104   97   88   83   77
   75   71   68   65   62   59   55   51   47   44   40   38   35   35   33   33
   31   30   29   28   26   26   26   28   29   34   36   41   45   50   55   60
   65   71   77   83   91   96  103  123  129                                   
    62.5-180.0 180.0   5.0 450.0                            LAT/LON1/LON2/DLON/H
  131  126  125  126  124  122  125  125  129  131  137  140  143  142  143  141
  141  142  146  148  153  152  152  146  140  128  120  108  100   90   84   77
   72   67   63   59   56   53   49   47   43   41   38   38   35   35   33   33
   30   30   27   26   23   24   23   27   28   34   35   43   46   54   57   64
   67   74   77   84   90   97  101  124  131                                   
    60.0-180.0 180.0   5.0 450.0                            LAT/LON1/LON2/DLON/H
  132  126  128  129  129  126  129  128  131  133  137  139  142  140  141  139
  141  142  149  152  160  160  161  155  150  138  129  117  110  100   93   84
   79   71   65   60   56   53   49   47   45   44   41   41   39   39   37   35
   33   31   28   26   24   24   24   28   31   36   40   47   52   59   64   69
   74   79   82   86   91   95  102  123  132                                   
    57.5-180.0 180.0   5.0 450.0                            LAT/LON1/LON2/DLON/H
  133  129  128  132  131  129  131  130  132  133  137  138  141  140  141  140
  141  144  150  156  163  166  166  161  155  145  136  127  120  111  104   95
   87   78   70   64   59   55   52   50   49   48   46   47   45   44   41   40
   36   35   31   30   27   28   27   32   34   41   44   52   55   64   67   75
   77   83   85   88   92   95   98  124  133                                   
    55.0-180.0 180.0   5.0 450.0                            LAT/LON1/LON2/DLON/H
  137  133  134  139  140  139  140  138  138  137  139  139  141  140  142  141
  145  148  156  162  170  172  173  168  164  153  149  140  136  127  121  110
  101   89   81   73   67   63   60   60   58   58   56   56   53   52   49   46
   42   40   36   35   32   33   33   37   41   46   50   56   62   69   74   81
   86   90   93   93   97   97  103  129  137                                   
    52.5-180.0 180.0   5.0 450.0                            LAT/LON1/LON2/DLON/H
  145  143  142  149  152  152  152  148  146  143  143  142  144  144  146  147
  150  154  160  167  172  175  175  171  168  161  158  153  149  143  136  126
  115  103   92   83   77   74   71   70   69   68   67   65   63   61   57   54
   49   47   43   41   39   40   40   44   46   52   55   61   64   72   76   85
   91   97  100  102  105  105  107  137  145                                   
    50.0-180.0 180.0   5.0 450.0                            LAT/LON1/LON2/DLON/H
  157  155  158  167  170  171  170  165  161  155  153  150  152  151  154  155
  159  162  168  172  178  179  180  177  177  171  172  166  165  156  149  137
  126  113  103   94   89   86   83   83   81   81   79   78   75   73   68   64
   60   57   53   52   49   50   50   53   56   60   63   67   72   78   84   91
   99  105  111  112  118  116  120  150  157                                   
    47.5-180.0 180.0   5.0 450.0                            LAT/LON1/LON2/DLON/H
  172  172  174  184  189  190  190  183  177  169  165  161  162  162  164  165
  167  169  172  176  180  182  183  182  182  180  179  176  171  163  153  141
  129  117  108  101   98   96   94   94   93   92   90   89   87   83   79   74
   70   67   65   63   60   60   60   63   65   69   70   74   76   83   87   96
  104  113  120  125  131  133  131  165  172                                   
    45.0-180.0 180.0   5.0 450.0                            LAT/LON1/LON2/DLON/H
  187  186  193  202  208  211  210  204  197  188  182  177  177  176  178  178
  180  180  183  184  189  189  192  191  194  190  190  181  174  161  150  136
  125  114  107  104  103  104  103  104  102  101  100   99   96   94   89   86
   82   80   77   75   73   72   71   74   76   78   81   82   87   92   99  106
  116  124  132  137  146  148  150  181  187                                   
    42.5-180.0 180.0   5.0 450.0                            LAT/LON1/LON2/DLON/H
  199  200  205  216  224  229  230  225  218  210  202  197  195  195  194  194
  192  192  192  195  198  201  203  204  205  201  196  184  171  154  141  126
  116  108  105  105  108  111  111  111  110  108  108  106  105  101   98   95
   92   90   88   85   83   81   80   82   82   86   86   91   93  100  106  115
  123  133  141  149  159  164  165  198  199                                   
    40.0-180.0 180.0   5.0 450.0                            LAT/LON1/LON2/DLON/H
  209  209  217  228  236  242  244  243  238  232  225  222  219  218  217  215
  212  210  211  212  218  220  225  224  225  215  206  185  167  145  130  116
  108  104  105  109  114  120  119  119  116  114  112  112  112  109  106  104
  102  100   97   94   90   88   87   88   90   91   95   99  106  112  120  127
  136  142  151  158  170  175  180  210  209                                   
    37.5-180.0 180.0   5.0 450.0                            LAT/LON1/LON2/DLON/H
  215  217  224  236  243  251  255  257  256  253  245  243  240  240  237  234
  230  227  228  232  238  243  246  245  241  228  213  187  164  139  122  109
  105  105  109  117  123  129  128  126  122  118  117  116  116  114  112  109
  107  105  102   98   94   92   90   91   91   95   97  105  111  122  130  139
  145  152  159  167  178  185  190  223  215                                   
    35.0-180.0 180.0   5.0 450.0                            LAT/LON1/LON2/DLON/H
  225  226  235  245  250  258  261  268  267  268  264  264  261  260  257  253
  250  249  253  256  265  265  271  264  260  241  222  192  167  141  127  118
  118  121  128  134  140  142  139  135  127  123  121  119  119  117  115  112
  111  108  105   99   96   92   91   90   93   95  101  108  120  131  142  150
  157  161  168  174  185  193  200  232  225                                   
    32.5-180.0 180.0   5.0 450.0                            LAT/LON1/LON2/DLON/H
  239  241  252  260  262  265  267  274  277  282  281  282  280  279  275  270
  267  267  272  279  285  287  288  280  273  250  230  200  178  155  144  139
  142  146  152  156  156  157  150  145  136  131  126  124  122  118  115  112
  110  105  101   97   92   90   87   88   87   92   95  108  119  136  149  160
  166  172  178  185  196  205  213  248  239                                   
    30.0-180.0 180.0   5.0 450.0                            LAT/LON1/LON2/DLON/H
  259  263  279  284  281  281  278  286  288  295  296  299  299  298  295  289
  288  286  295  296  306  299  302  288  283  260  244  217  200  183  176  172
  177  179  182  179  180  173  165  157  148  141  135  131  127  120  117  112
  110  104  100   94   90   87   86   84   85   86   94  105  122  137  155  166
  176  182  189  196  208  218  227  263  259                                   
    27.5-180.0 180.0   5.0 450.0                            LAT/LON1/LON2/DLON/H
  288  299  316  318  312  305  301  304  305  312  312  318  317  318  314  311
  308  308  312  314  316  311  306  295  287  271  260  244  231  219  215  213
  217  217  215  205  198  186  177  168  160  154  147  142  134  126  119  112
  106  100   93   88   82   80   76   77   74   78   83   99  114  136  153  172
  182  194  203  213  226  238  248  286  288                                   
    25.0-180.0 180.0   5.0 450.0                            LAT/LON1/LON2/DLON/H
  323  338  356  353  348  338  333  331  332  333  335  339  341  342  342  337
  337  331  336  328  328  314  311  296  295  285  286  278  275  266  262  260
  259  258  248  233  214  200  187  174  169  165  161  154  147  135  126  115
  108   98   91   82   77   73   72   70   69   71   79   91  111  132  153  172
  188  202  216  230  247  264  274  309  323                                   
    22.5-180.0 180.0   5.0 450.0                            LAT/LON1/LON2/DLON/H
  359  375  392  391  384  376  370  368  365  369  365  371  369  373  371  369
  364  360  354  345  333  320  311  304  306  307  313  313  316  309  308  301
  295  284  267  249  224  205  189  179  174  176  175  172  162  150  136  123
  110   99   87   79   71   69   66   66   62   67   72   89  104  129  148  174
  191  212  230  249  271  291  306  337  359                                   
    20.0-180.0 180.0   5.0 450.0                            LAT/LON1/LON2/DLON/H
  389  408  425  422  421  414  409  407  402  403  400  403  404  410  408  408
  402  395  383  364  349  329  324  320  329  333  344  348  351  344  338  327
  309  293  269  249  221  202  186  177  178  181  188  185  180  164  151  133
  120  103   93   80   74   68   67   64   64   65   74   87  107  126  149  174
  197  220  243  266  293  319  337  363  389                                   
    17.5-180.0 180.0   5.0 450.0                            LAT/LON1/LON2/DLON/H
  414  435  451  459  455  452  448  444  441  441  437  443  444  451  451  450
  445  437  419  397  373  354  348  349  357  359  364  366  368  359  349  328
  307  285  260  238  214  193  179  175  179  188  195  198  191  180  164  146
  128  111   97   86   78   73   70   70   65   69   74   91  106  130  149  179
  200  228  254  281  311  338  363  387  414                                   
    15.0-180.0 180.0   5.0 450.0                            LAT/LON1/LON2/DLON/H
  431  451  469  478  487  482  478  473  470  474  472  481  483  492  491  491
  485  475  458  432  409  387  384  382  388  383  383  379  377  361  339  313
  285  263  238  220  196  182  173  173  182  192  204  206  204  190  175  154
  138  118  106   92   85   79   78   75   71   72   78   91  109  128  153  180
  205  233  262  289  322  354  382  405  431                                   
    12.5-180.0 180.0   5.0 450.0                            LAT/LON1/LON2/DLON/H
  441  463  481  500  507  508  504  498  499  505  512  519  525  531  530  529
  523  513  496  472  446  425  418  414  413  400  391  380  371  342  316  284
  259  238  218  202  188  179  175  180  189  201  210  215  210  198  183  162
  144  126  112   99   91   86   83   80   76   77   81   94  109  133  157  187
  210  239  268  297  330  363  394  420  441                                   
    10.0-180.0 180.0   5.0 450.0                            LAT/LON1/LON2/DLON/H
  447  468  485  503  522  522  524  521  525  537  545  560  566  572  570  567
  560  545  531  502  485  460  456  448  441  419  401  378  358  323  291  260
  236  215  203  192  187  185  186  192  200  206  216  215  213  196  181  159
  144  125  115  101   96   88   86   82   79   78   81   91  108  131  159  189
  216  243  273  300  334  372  405  429  447                                   
     7.5-180.0 180.0   5.0 450.0                            LAT/LON1/LON2/DLON/H
  452  480  491  516  527  534  536  537  545  559  575  587  596  600  600  599
  591  578  557  529  507  485  480  475  465  435  407  374  344  308  275  246
