data/unet/pred1100.15i
     1.0            IONOSPHERE MAPS     GNSS                IONEX VERSION / TYPE
pyspatialgeodesy        IME             05-JAN-18 20:20     PGM / RUN BY / DATE 
Map Name                                                    COMMENT             
Predicted global ionosphere maps (GIM).                     DESCRIPTION         
  2015     4    20     0     0     0                        EPOCH OF FIRST MAP  
  2015     4    21     0     0     0                        EPOCH OF LAST MAP   
  7200                                                      INTERVAL            
    13                                                      # OF MAPS IN FILE   
  NONE                                                      MAPPING FUNCTION    
10.0                                                        ELEVATION CUTOFF    
One-way carrier phase leveled to code                       OBSERVABLES USED    
  6371.0                                                    BASE RADIUS         
 2                                                          MAP DIMENSION       
   450.0 450.0   0.0                                        HGT1 / HGT2 / DHGT  
    87.5 -87.5  -2.5                                        LAT1 / LAT2 / DLAT  
  -180.0 180.0   5.0                                        LON1 / LON2 / DLON  
    -1                                                      EXPONENT            
                                                            END OF HEADER       
[from data line 2145]
     6                                                      START OF TEC MAP    
  2015     4    20    10     0     0                        EPOCH OF CURRENT MAP
    87.5-180.0 180.0   5.0 450.0                            LAT/LON1/LON2/DLON/H
  172  200  208  216  222  230  233  242  242  250  248  255  250  256  249  255
  248  254  247  253  247  253  247  253  247  252  245  250  241  246  237  242
  233  239  231  238  229  236  228  234  226  231  223  228  219  224  216  219
  212  215  208  210  203  205  199  200  195  194  189  189  187  185  184  183
  184  182  183  181  182  178  185  160  172                                   
    85.0-180.0 180.0   5.0 450.0                            LAT/LON1/LON2/DLON/H
  192  189  201  211  216  222  227  235  237  244  245  250  249  253  251  254
  251  253  251  254  251  254  253  254  254  255  254  255  253  254  251  253
  249  251  248  249  245  247  242  244  238  239  234  233  227  227  221  220
  214  214  207  207  201  200  194  193  189  187  183  181  179  177  175  173
  174  173  174  173  175  170  192  180  192                                   
    82.5-180.0 180.0   5.0 450.0                            LAT/LON1/LON2/DLON/H
  179  183  189  197  204  211  218  222  227  232  235  238  240  241  241  242
  241  243  242  244  242  245  244  246  245  247  247  248  248  249  250  251
  252  252  253  252  253  251  250  247  245  241  238  232  229  222  220  212
  211  203  202  194  193  186  185  179  178  172  170  166  165  162  160  159
  158  158  158  160  162  162  175  184  179                                   
    80.0-180.0 180.0   5.0 450.0                            LAT/LON1/LON2/DLON/H
  176  179  177  189  192  206  206  218  216  226  223  230  224  230  223  226
  219  223  218  222  217  222  219  225  222  228  226  231  230  235  236  241
  242  248  250  254  253  256  253  253  248  247  241  238  231  228  222  219
  213  210  205  202  197  194  188  187  181  179  174  171  168  164  161  158
  156  154  153  153  154  152  170  175  176                                   
    77.5-180.0 180.0   5.0 450.0                            LAT/LON1/LON2/DLON/H
  167  173  172  182  188  198  201  208  210  213  212  214  210  209  204  202
  198  197  194  195  192  195  193  198  196  203  202  209  211  219  221  230
  232  244  246  257  256  264  261  266  260  263  255  256  247  246  240  238
  233  231  227  225  222  218  216  211  209  204  201  197  194  189  185  180
  177  173  168  163  160  153  164  174  167                                   
    75.0-180.0 180.0   5.0 450.0                            LAT/LON1/LON2/DLON/H
  166  164  161  172  176  189  189  200  198  205  200  201  194  192  184  181
  175  174  170  171  168  170  169  174  173  179  180  188  190  201  207  218
  224  236  242  255  257  267  267  273  270  273  268  268  262  262  257  257
  252  253  249  250  245  246  241  241  236  235  229  227  222  218  210  205
  199  193  184  178  169  159  168  168  166                                   
    72.5-180.0 180.0   5.0 450.0                            LAT/LON1/LON2/DLON/H
  162  161  155  164  168  177  181  188  188  191  188  185  178  171  165  158
  153  151  148  148  146  148  147  152  151  159  160  169  173  185  193  207
  214  229  235  251  258  271  273  283  280  287  282  286  279  282  276  279
  275  278  275  277  273  274  270  271  267  265  259  256  251  245  238  231
  221  213  202  191  179  166  165  168  162                                   
    70.0-180.0 180.0   5.0 450.0                            LAT/LON1/LON2/DLON/H
  162  151  145  154  157  167  170  179  179  182  177  174  165  159  152  146
  142  140  138  138  138  140  141  145  145  152  153  161  166  176  186  197
  209  223  234  249  260  274  280  290  291  297  295  297  292  294  291  293
  291  294  292  295  291  292  288  289  284  283  277  275  270  265  256  250
  239  232  216  205  190  173  168  159  162                                   
    67.5-180.0 180.0   5.0 450.0                            LAT/LON1/LON2/DLON/H
  159  146  136  142  146  154  159  166  168  170  166  162  154  147  141  136
  135  132  133  133  134  135  138  142  145  151  154  161  166  174  183  194
  205  220  231  246  258  276  282  295  296  304  302  305  301  304  301  307
  303  308  304  307  302  302  296  295  290  286  280  276  273  267  260  252
  243  234  222  209  195  177  164  156  159                                   
    65.0-180.0 180.0   5.0 450.0                            LAT/LON1/LON2/DLON/H
  155  134  125  131  133  142  146  155  156  160  157  154  147  142  137  134
  133  134  136  137  139  143  145  149  152  159  162  169  172  179  185  195
  206  218  233  247  263  279  291  300  306  311  310  312  310  311  311  313
  313  315  312  311  306  303  296  294  286  285  275  276  267  265  254  249
  237  235  220  215  197  180  164  151  155                                   
    62.5-180.0 180.0   5.0 450.0                            LAT/LON1/LON2/DLON/H
  157  131  117  118  117  125  129  138  140  144  141  141  135  132  129  129
  131  132  138  139  143  143  147  148  155  160  167  172  177  182  188  195
  205  217  233  246  262  279  292  302  307  311  312  314  313  316  314  320
  316  320  315  315  306  302  292  285  278  273  266  262  259  253  248  239
  232  225  216  208  195  177  163  148  157                                   
    60.0-180.0 180.0   5.0 450.0                            LAT/LON1/LON2/DLON/H
  156  123  108  106  104  108  112  120  124  129  130  130  128  127  125  127
  128  133  136  139  140  141  143  145  151  156  166  171  178  182  190  197
  209  219  238  249  271  285  307  312  321  322  323  322  322  321  324  325
  325  326  322  319  312  305  295  288  279  276  268  269  261  260  248  244
  231  228  214  212  195  180  165  150  156                                   
    57.5-180.0 180.0   5.0 450.0                            LAT/LON1/LON2/DLON/H
  164  129  108  100   92   95   95  102  104  112  112  116  113  115  113  117
  119  125  128  130  131  130  132  134  141  148  157  166  172  180  186  196
  207  221  238  253  273  290  309  317  324  325  326  326  326  329  329  333
  330  332  327  325  317  311  302  294  288  282  280  276  278  269  267  253
  247  234  227  214  204  185  174  157  164                                   
    55.0-180.0 180.0   5.0 450.0                            LAT/LON1/LON2/DLON/H
  172  137  113  100   90   87   87   90   94   99  102  105  106  107  107  111
  112  118  118  122  118  119  119  125  132  144  153  164  172  181  187  199
  210  228  245  262  284  303  326  335  348  348  350  348  349  344  350  346
  348  346  344  340  335  329  323  318  313  312  307  311  306  303  295  286
  274  264  246  236  219  199  190  170  172                                   
    52.5-180.0 180.0   5.0 450.0                            LAT/LON1/LON2/DLON/H
  188  156  133  114   98   90   86   86   89   93   95   97   97   98   96  101
  100  108  105  108  102  105  106  116  126  141  152  165  171  182  188  204
  216  238  254  273  291  315  335  348  360  361  363  362  363  362  365  364
  363  362  358  355  351  347  342  339  338  338  338  337  338  331  329  315
  306  288  277  259  243  222  210  191  188                                   
    50.0-180.0 180.0   5.0 450.0                            LAT/LON1/LON2/DLON/H
  207  178  155  132  116  105   96   91   93   94   97   97   97   96   96   97
   97  102   97  101   94   98  101  114  127  144  156  168  176  186  194  210
  223  246  263  283  303  328  355  372  390  392  397  394  397  389  393  385
  389  384  382  379  375  371  367  366  364  369  365  373  366  369  359  354
  337  322  304  288  270  242  230  213  207                                   
    47.5-180.0 180.0   5.0 450.0                            LAT/LON1/LON2/DLON/H
  230  201  183  164  145  128  115  108  103  102  102  102  100   99   95   96
   94   99   94   96   90   96  100  120  135  156  168  180  186  195  202  219
  234  258  273  295  315  341  367  387  404  409  413  415  415  412  411  409
  407  404  400  395  388  385  378  380  376  381  379  382  381  378  372  364
  352  335  319  302  288  266  254  238  230                                   
    45.0-180.0 180.0   5.0 450.0                            LAT/LON1/LON2/DLON/H
  246  217  202  189  176  159  145  133  125  120  118  115  113  108  105  102
  101  103  100  102   96  102  110  129  147  168  180  191  197  204  210  228
  243  266  282  303  322  351  382  409  429  442  446  448  448  441  441  434
  434  428  424  415  405  399  392  392  385  388  381  388  382  386  377  376
  359  349  329  315  298  275  268  258  246                                   
    42.5-180.0 180.0   5.0 450.0                            LAT/LON1/LON2/DLON/H
  253  227  217  209  202  187  173  161  145  141  132  132  125  121  113  112
  107  110  107  111  106  114  121  145  163  186  199  208  211  218  225  245
  259  282  293  318  339  371  403  431  452  464  468  471  469  470  465  465
  457  454  443  434  421  413  402  399  387  388  377  377  372  371  366  360
  350  338  320  308  294  277  278  269  253                                   
    40.0-180.0 180.0   5.0 450.0                            LAT/LON1/LON2/DLON/H
  252  223  220  218  218  209  199  184  171  160  154  149  145  137  132  125
  124  122  122  122  119  124  135  154  175  193  208  215  219  227  235  257
  270  290  303  326  352  384  422  454  481  498  501  505  503  501  499  496
  489  483  473  464  449  439  424  416  403  398  384  380  370  368  361  357
  345  333  315  303  285  268  266  273  252                                   
    37.5-180.0 180.0   5.0 450.0                            LAT/LON1/LON2/DLON/H
  244  217  214  221  220  220  210  199  182  177  165  166  158  156  145  142
  135  136  130  133  127  133  142  163  184  204  216  226  228  241  248  273
  283  307  317  346  372  411  446  479  504  520  525  527  524  526  529  531
  529  524  516  506  491  478  462  450  431  423  404  395  381  372  363  352
  343  324  310  292  273  252  246  251  244                                   
    35.0-180.0 180.0   5.0 450.0                            LAT/LON1/LON2/DLON/H
  228  209  206  216  217  222  214  207  193  187  179  178  175  170  164  157
  152  149  144  142  138  139  149  165  186  204  218  228  235  246  257  275
  290  310  330  355  393  428  470  497  532  541  555  557  559  566  577  591
  598  600  587  579  562  553  534  525  503  496  466  453  426  415  396  388
  367  351  327  305  281  251  236  250  228                                   
    32.5-180.0 180.0   5.0 450.0                            LAT/LON1/LON2/DLON/H
  219  200  199  210  207  213  205  204  191  192  183  190  182  187  176  174
  164  163  154  151  142  143  148  164  183  202  215  230  235  254  258  284
  293  326  345  386  422  469  500  528  556  572  590  600  612  633  658  688
  694  696  684  671  654  644  631  621  602  587  566  546  518  487  453  437
  406  389  350  331  299  270  237  225  219                                   
    30.0-180.0 180.0   5.0 450.0                            LAT/LON1/LON2/DLON/H
  221  208  203  206  208  210  203  199  190  190  188  193  193  194  189  182
  176  170  164  157  148  145  149  160  176  193  209  226  236  252  267  286
  311  337  372  411  458  494  527  554  584  608  636  656  683  706  744  771
  796  806  815  806  798  777  765  749  738  718  694  660  619  584  551  528
  486  452  407  378  345  311  278  251  221                                   
    27.5-180.0 180.0   5.0 450.0                            LAT/LON1/LON2/DLON/H
  245  240  223  220  213  215  202  200  189  193  188  199  197  205  199  195
  186  181  171  164  154  149  151  156  172  190  207  225  239  258  280  309
  338  369  403  441  482  522  551  581  608  638  668  700  727  764  808  845
  882  906  918  913  909  902  901  893  881  862  837  805  764  715  664  617
  572  534  492  455  402  370  336  284  245                                   
    25.0-180.0 180.0   5.0 450.0                            LAT/LON1/LON2/DLON/H
  296  296  269  248  245  235  222  211  200  196  195  199  201  207  204  201
  193  187  181  174  162  155  151  159  168  185  202  220  240  267  296  327
  360  392  427  461  504  542  573  606  632  661  694  723  763  809  860  907
  953  982  997 1000  999  999  997  997  990  979  953  926  877  835  779  742
  682  636  573  526  475  436  401  345  296                                   
    22.5-180.0 180.0   5.0 450.0                            LAT/LON1/LON2/DLON/H
  362  356  327  298  279  268  251  238  217  217  204  210  206  214  211  213
  206  200  196  187  177  165  161  163  175  187  201  217  246  277  301  341
  378  420  455  491  534  570  601  630  654  683  715  746  788  842  899  946
  991 1020 1039 1044 1055 1058 1065 1063 1060 1044 1025  987  945  903  846  796
  747  703  651  591  537  485  455  392  362                                   
    20.0-180.0 180.0   5.0 450.0                            LAT/LON1/LON2/DLON/H
  423  413  390  361  336  311  283  264  253  237  225  224  214  221  215  221
  214  211  208  200  185  175  169  175  183  190  206  226  256  284  319  362
  410  452  490  527  568  599  626  648  671  690  725  751  795  850  906  949
  990 1014 1034 1039 1053 1059 1069 1069 1066 1053 1031 1001  958  918  863  814
  762  729  682  649  594  548  504  458  423                                   
    17.5-180.0 180.0   5.0 450.0                            LAT/LON1/LON2/DLON/H
  467  461  432  409  395  357  321  292  278  264  249  238  223  219  214  214
  206  206  202  200  196  181  182  177  188  193  213  228  259  291  330  385
  433  480  522  561  600  625  648  671  691  710  738  764  803  855  901  932
  961  973  992  997 1011 1015 1026 1025 1025 1011  997  970  934  893  842  790
  747  712  681  651  621  584  544  505  467                                   
    15.0-180.0 180.0   5.0 450.0                            LAT/LON1/LON2/DLON/H
  507  512  481  460  434  412  374  336  301  284  270  255  237  227  213  214
  202  208  192  196  188  183  180  182  181  188  207  238  272  317  360  414
  461  513  554  597  628  647  674  691  716  728  750  772  804  844  879  902
  910  911  916  916  931  937  944  947  943  939  926  905  877  839  786  740
  697  676  650  633  611  598  573  548  507                                   
    12.5-180.0 180.0   5.0 450.0                            LAT/LON1/LON2/DLON/H
  541  552  528  507  475  443  410  368  328  299  281  263  248  232  221  207
  199  197  182  179  181  170  165  155  167  178  215  249  294  344  385  433
  484  526  567  607  630  656  681  711  738  757  770  790  810  837  855  862
  855  847  843  840  844  853  861  868  859  857  844  834  807  775  726  688
  645  627  611  602  594  588  584  579  541                                   
    10.0-180.0 180.0   5.0 450.0                            LAT/LON1/LON2/DLON/H
  558  572  549  539  511  476  431  395  355  325  295  275  264  242  231  220
  211  197  179  178  165  155  145  142  155  180  220  266  317  357  404  454
  496  542  574  603  631  652  687  716  753  775  787  803  818  833  842  830
  816  793  781  779  776  783  784  792  789  792  784  778  756  727  684  645
  602  582  568  575  569  584  582  588  558                                   
     7.5-180.0 180.0   5.0 450.0                            LAT/LON1/LON2/DLON/H
  567  584  570  561  528  494  447  402  365  339  305  287  275  255  237  221
  215  193  180  167  147  135  127  132  154  185  242  294  333  369  414  454
